date,county,fips,population,confirmed_cases,reported_cases,probable_cases,reported_and_probable_cases,reported_deaths
2022-04-13,Alameda,001,1643700,257473,257440,14353,271793,1833
2022-04-13,Alpine,003,1148,124,124,1,125,0
2022-04-13,Amador,005,37829,8527,8490,646,9136,86
2022-04-13,Butte,007,227075,33050,33044,6680,39724,402
2022-04-13,Calaveras,009,45235,7271,7270,358,7628,119
2022-04-13,Colusa,011,21464,3451,3451,1081,4532,21
2022-04-13,Contra Costa,013,1133247,189524,189471,13382,202853,1298
2022-04-13,Del Norte,015,27424,5814,5812,197,6009,50
2022-04-13,El Dorado,017,186661,26795,26794,3218,30012,208
2022-04-13,Fresno,019,978130,231333,231325,23131,254456,2738
2022-04-13,Glenn,021,27897,4987,4989,1577,6566,48
2022-04-13,Humboldt,023,135768,16923,16922,2980,19902,143
2022-04-13,Imperial,025,180216,55355,55353,11315,66668,910
2022-04-13,Inyo,027,18085,4074,4074,494,4568,56
2022-04-13,Kern,029,883053,191918,191859,46348,238207,2249
2022-04-13,Kings,031,150075,51544,51535,3621,55156,443
2022-04-13,Lake,033,64148,10698,10695,903,11598,134
2022-04-13,Lassen,035,31185,8950,8949,895,9844,65
2022-04-13,Los Angeles,037,10098052,2715452,2715722,123958,2839680,31578
2022-04-13,Madera,039,155013,37382,37361,6082,43443,354
2022-04-13,Marin,041,260295,33742,33747,2312,36059,288
2022-04-13,Mariposa,043,17540,2403,2402,203,2605,29
2022-04-13,Mendocino,045,87422,13098,13101,3059,16160,120
2022-04-13,Merced,047,269075,62300,62276,8578,70854,811
2022-04-13,Modoc,049,8938,743,743,253,996,8
2022-04-13,Mono,051,14174,2971,2971,123,3094,6
2022-04-13,Monterey,053,433212,79273,79179,13992,93171,727
2022-04-13,Napa,055,140530,25895,25892,977,26869,143
2022-04-13,Nevada,057,99092,15996,16002,1216,17218,123
2022-04-13,Orange,059,3164182,547795,547783,41686,589469,6935
2022-04-13,Placer,061,380077,62856,62851,7373,70224,615
2022-04-13,Plumas,063,18699,2922,2923,366,3289,13
2022-04-13,Riverside,065,2383286,591693,591659,28227,619886,6437
2022-04-13,Sacramento,067,1510023,277884,277866,26974,304840,2974
2022-04-13,San Benito,069,59416,12926,12927,521,13448,98
2022-04-13,San Bernardino,071,2135413,563673,563709,24802,588511,6905
2022-04-13,San Diego,073,3302833,755585,755584,51882,807466,5223
2022-04-13,San Francisco,075,870044,126585,126608,8468,135076,850
2022-04-13,San Joaquin,077,732212,166681,166654,9306,175960,2219
2022-04-13,San Luis Obispo,079,281455,52655,52660,3816,56476,476
2022-04-13,San Mateo,081,765935,122163,122167,7101,129268,699
2022-04-13,Santa Barbara,083,443738,85952,85938,4858,90796,684
2022-04-13,Santa Clara,085,1922200,314875,314863,12560,327423,2267
2022-04-13,Santa Cruz,087,273765,47771,47765,2141,49906,260
2022-04-13,Shasta,089,179085,30572,30569,6181,36750,551
2022-04-13,Sierra,091,2930,276,276,42,318,4
2022-04-13,Siskiyou,093,43540,4444,4444,2761,7205,80
2022-04-13,Solano,095,438530,81850,81843,5568,87411,448
2022-04-13,Sonoma,097,501317,84031,84033,2557,86590,485
2022-04-13,Stanislaus,099,539301,117562,117573,17361,134934,1577
2022-04-13,Sutter,101,95872,20608,20610,2133,22743,223
2022-04-13,Tehama,103,63373,12057,12062,2629,14691,200
2022-04-13,Trinity,105,12862,1177,1177,292,1469,20
2022-04-13,Tulare,107,460477,105546,105519,28572,134091,1426
2022-04-13,Tuolumne,109,53932,12637,12639,568,13207,180
2022-04-13,Ventura,111,848112,173561,173558,9305,182863,1474
2022-04-13,Yolo,113,214977,36682,36684,3212,39896,311
2022-04-13,Yuba,115,75493,15851,15851,1219,17070,121
2022-04-12,Alameda,001,1643700,257473,257440,14353,271793,1833
2022-04-12,Alpine,003,1148,124,124,1,125,0
2022-04-12,Amador,005,37829,8527,8490,646,9136,86
2022-04-12,Butte,007,227075,33050,33044,6680,39724,402
2022-04-12,Calaveras,009,45235,7271,7270,358,7628,119
2022-04-12,Colusa,011,21464,3451,3451,1081,4532,21
2022-04-12,Contra Costa,013,1133247,189524,189471,13382,202853,1298
2022-04-12,Del Norte,015,27424,5814,5812,197,6009,50
2022-04-12,El Dorado,017,186661,26795,26794,3218,30012,208
2022-04-12,Fresno,019,978130,231333,231325,23131,254456,2738
2022-04-12,Glenn,021,27897,4987,4989,1577,6566,48
2022-04-12,Humboldt,023,135768,16923,16922,2980,19902,143
2022-04-12,Imperial,025,180216,55355,55353,11315,66668,910
2022-04-12,Inyo,027,18085,4074,4074,494,4568,56
2022-04-12,Kern,029,883053,191918,191859,46348,238207,2249
2022-04-12,Kings,031,150075,51544,51535,3621,55156,443
2022-04-12,Lake,033,64148,10698,10695,903,11598,134
2022-04-12,Lassen,035,31185,8950,8949,895,9844,65
2022-04-12,Los Angeles,037,10098052,2715452,2715722,123958,2839680,31578
2022-04-12,Madera,039,155013,37382,37361,6082,43443,354
2022-04-12,Marin,041,260295,33742,33747,2312,36059,288
2022-04-12,Mariposa,043,17540,2403,2402,203,2605,29
2022-04-12,Mendocino,045,87422,13098,13101,3059,16160,120
2022-04-12,Merced,047,269075,62300,62276,8578,70854,811
2022-04-12,Modoc,049,8938,743,743,253,996,8
2022-04-12,Mono,051,14174,2971,2971,123,3094,6
2022-04-12,Monterey,053,433212,79273,79179,13992,93171,727
2022-04-12,Napa,055,140530,25895,25892,977,26869,143
2022-04-12,Nevada,057,99092,15996,16002,1216,17218,123
2022-04-12,Orange,059,3164182,547795,547783,41686,589469,6935
2022-04-12,Placer,061,380077,62856,62851,7373,70224,615
2022-04-12,Plumas,063,18699,2922,2923,366,3289,13
2022-04-12,Riverside,065,2383286,591693,591659,28227,619886,6437
2022-04-12,Sacramento,067,1510023,277884,277866,26974,304840,2974
2022-04-12,San Benito,069,59416,12926,12927,521,13448,98
2022-04-12,San Bernardino,071,2135413,563673,563709,24802,588511,6905
2022-04-12,San Diego,073,3302833,755585,755584,51882,807466,5223
2022-04-12,San Francisco,075,870044,126585,126608,8468,135076,850
2022-04-12,San Joaquin,077,732212,166681,166654,9306,175960,2219
2022-04-12,San Luis Obispo,079,281455,52655,52660,3816,56476,476
2022-04-12,San Mateo,081,765935,122163,122167,7101,129268,699
2022-04-12,Santa Barbara,083,443738,85952,85938,4858,90796,684
2022-04-12,Santa Clara,085,1922200,314875,314863,12560,327423,2267
2022-04-12,Santa Cruz,087,273765,47771,47765,2141,49906,260
2022-04-12,Shasta,089,179085,30572,30569,6181,36750,551
2022-04-12,Sierra,091,2930,276,276,42,318,4
2022-04-12,Siskiyou,093,43540,4444,4444,2761,7205,80
2022-04-12,Solano,095,438530,81850,81843,5568,87411,448
2022-04-12,Sonoma,097,501317,84031,84033,2557,86590,485
2022-04-12,Stanislaus,099,539301,117562,117573,17361,134934,1577
2022-04-12,Sutter,101,95872,20608,20610,2133,22743,223
2022-04-12,Tehama,103,63373,12057,12062,2629,14691,200
2022-04-12,Trinity,105,12862,1177,1177,292,1469,20
2022-04-12,Tulare,107,460477,105546,105519,28572,134091,1426
2022-04-12,Tuolumne,109,53932,12637,12639,568,13207,180
2022-04-12,Ventura,111,848112,173561,173558,9305,182863,1474
2022-04-12,Yolo,113,214977,36682,36684,3212,39896,311
2022-04-12,Yuba,115,75493,15851,15851,1219,17070,121
2022-04-11,Alameda,001,1643700,257473,256649,14353,271002,1826
2022-04-11,Alpine,003,1148,124,124,1,125,0
2022-04-11,Amador,005,37829,8527,8489,646,9135,86
2022-04-11,Butte,007,227075,33050,33031,6680,39711,399
2022-04-11,Calaveras,009,45235,7271,7260,358,7618,119
2022-04-11,Colusa,011,21464,3451,3449,1081,4530,21
2022-04-11,Contra Costa,013,1133247,189524,189154,13382,202536,1296
2022-04-11,Del Norte,015,27424,5814,5811,197,6008,50
2022-04-11,El Dorado,017,186661,26795,26757,3218,29975,207
2022-04-11,Fresno,019,978130,231333,231090,23131,254221,2731
2022-04-11,Glenn,021,27897,4987,4988,1577,6565,47
2022-04-11,Humboldt,023,135768,16923,16913,2980,19893,141
2022-04-11,Imperial,025,180216,55355,55267,11315,66582,910
2022-04-11,Inyo,027,18085,4074,4071,494,4565,56
2022-04-11,Kern,029,883053,191918,191542,46348,237890,2244
2022-04-11,Kings,031,150075,51544,51519,3621,55140,443
2022-04-11,Lake,033,64148,10698,10690,903,11593,134
2022-04-11,Lassen,035,31185,8950,8948,895,9843,65
2022-04-11,Los Angeles,037,10098052,2715452,2709735,123958,2833693,31509
2022-04-11,Madera,039,155013,37382,37356,6082,43438,354
2022-04-11,Marin,041,260295,33742,33648,2312,35960,288
2022-04-11,Mariposa,043,17540,2403,2394,203,2597,29
2022-04-11,Mendocino,045,87422,13098,13087,3059,16146,120
2022-04-11,Merced,047,269075,62300,62231,8578,70809,811
2022-04-11,Modoc,049,8938,743,743,253,996,8
2022-04-11,Mono,051,14174,2971,2967,123,3090,6
2022-04-11,Monterey,053,433212,79273,79103,13992,93095,727
2022-04-11,Napa,055,140530,25895,25824,977,26801,144
2022-04-11,Nevada,057,99092,15996,15976,1216,17192,123
2022-04-11,Orange,059,3164182,547795,546983,41686,588669,6912
2022-04-11,Placer,061,380077,62856,62831,7373,70204,616
2022-04-11,Plumas,063,18699,2922,2887,366,3253,13
2022-04-11,Riverside,065,2383286,591693,591268,28227,619495,6429
2022-04-11,Sacramento,067,1510023,277884,277125,26974,304099,2972
2022-04-11,San Benito,069,59416,12926,12917,521,13438,98
2022-04-11,San Bernardino,071,2135413,563673,562571,24802,587373,6892
2022-04-11,San Diego,073,3302833,755585,754281,51882,806163,5210
2022-04-11,San Francisco,075,870044,126585,125963,8468,134431,844
2022-04-11,San Joaquin,077,732212,166681,166547,9306,175853,2212
2022-04-11,San Luis Obispo,079,281455,52655,52609,3816,56425,476
2022-04-11,San Mateo,081,765935,122163,121514,7101,128615,698
2022-04-11,Santa Barbara,083,443738,85952,85754,4858,90612,680
2022-04-11,Santa Clara,085,1922200,314875,313965,12560,326525,2266
2022-04-11,Santa Cruz,087,273765,47771,47624,2141,49765,259
2022-04-11,Shasta,089,179085,30572,30586,6181,36767,549
2022-04-11,Sierra,091,2930,276,272,42,314,4
2022-04-11,Siskiyou,093,43540,4444,4444,2761,7205,80
2022-04-11,Solano,095,438530,81850,81886,5568,87454,448
2022-04-11,Sonoma,097,501317,84031,83600,2557,86157,485
2022-04-11,Stanislaus,099,539301,117562,117528,17361,134889,1578
2022-04-11,Sutter,101,95872,20608,20591,2133,22724,223
2022-04-11,Tehama,103,63373,12057,12059,2629,14688,201
2022-04-11,Trinity,105,12862,1177,1177,292,1469,20
2022-04-11,Tulare,107,460477,105546,105278,28572,133850,1415
2022-04-11,Tuolumne,109,53932,12637,12632,568,13200,180
2022-04-11,Ventura,111,848112,173561,173343,9305,182648,1467
2022-04-11,Yolo,113,214977,36682,36587,3212,39799,312
2022-04-11,Yuba,115,75493,15851,15848,1219,17067,121
2022-04-10,Alameda,001,1643700,257448,256649,14353,271002,1826
2022-04-10,Alpine,003,1148,124,124,1,125,0
2022-04-10,Amador,005,37829,8527,8489,646,9135,86
2022-04-10,Butte,007,227075,33049,33031,6680,39711,399
2022-04-10,Calaveras,009,45235,7270,7260,358,7618,119
2022-04-10,Colusa,011,21464,3451,3449,1081,4530,21
2022-04-10,Contra Costa,013,1133247,189504,189154,13382,202536,1296
2022-04-10,Del Norte,015,27424,5814,5811,197,6008,50
2022-04-10,El Dorado,017,186661,26793,26757,3218,29975,207
2022-04-10,Fresno,019,978130,231329,231090,23131,254221,2731
2022-04-10,Glenn,021,27897,4987,4988,1577,6565,47
2022-04-10,Humboldt,023,135768,16922,16913,2980,19893,141
2022-04-10,Imperial,025,180216,55354,55267,11315,66582,910
2022-04-10,Inyo,027,18085,4074,4071,494,4565,56
2022-04-10,Kern,029,883053,191917,191542,46348,237890,2244
2022-04-10,Kings,031,150075,51543,51519,3621,55140,443
2022-04-10,Lake,033,64148,10695,10690,903,11593,134
2022-04-10,Lassen,035,31185,8950,8948,895,9843,65
2022-04-10,Los Angeles,037,10098052,2715442,2709735,123958,2833693,31509
2022-04-10,Madera,039,155013,37381,37356,6082,43438,354
2022-04-10,Marin,041,260295,33739,33648,2312,35960,288
2022-04-10,Mariposa,043,17540,2403,2394,203,2597,29
2022-04-10,Mendocino,045,87422,13096,13087,3059,16146,120
2022-04-10,Merced,047,269075,62300,62231,8578,70809,811
2022-04-10,Modoc,049,8938,743,743,253,996,8
2022-04-10,Mono,051,14174,2971,2967,123,3090,6
2022-04-10,Monterey,053,433212,79272,79103,13992,93095,727
2022-04-10,Napa,055,140530,25891,25824,977,26801,144
2022-04-10,Nevada,057,99092,15995,15976,1216,17192,123
2022-04-10,Orange,059,3164182,547757,546983,41686,588669,6912
2022-04-10,Placer,061,380077,62852,62831,7373,70204,616
2022-04-10,Plumas,063,18699,2922,2887,366,3253,13
2022-04-10,Riverside,065,2383286,591679,591268,28227,619495,6429
2022-04-10,Sacramento,067,1510023,277878,277125,26974,304099,2972
2022-04-10,San Benito,069,59416,12924,12917,521,13438,98
2022-04-10,San Bernardino,071,2135413,563613,562571,24802,587373,6892
2022-04-10,San Diego,073,3302833,755544,754281,51882,806163,5210
2022-04-10,San Francisco,075,870044,126556,125963,8468,134431,844
2022-04-10,San Joaquin,077,732212,166678,166547,9306,175853,2212
2022-04-10,San Luis Obispo,079,281455,52649,52609,3816,56425,476
2022-04-10,San Mateo,081,765935,122149,121514,7101,128615,698
2022-04-10,Santa Barbara,083,443738,85948,85754,4858,90612,680
2022-04-10,Santa Clara,085,1922200,314853,313965,12560,326525,2266
2022-04-10,Santa Cruz,087,273765,47747,47624,2141,49765,259
2022-04-10,Shasta,089,179085,30572,30586,6181,36767,549
2022-04-10,Sierra,091,2930,276,272,42,314,4
2022-04-10,Siskiyou,093,43540,4444,4444,2761,7205,80
2022-04-10,Solano,095,438530,81848,81886,5568,87454,448
2022-04-10,Sonoma,097,501317,84019,83600,2557,86157,485
2022-04-10,Stanislaus,099,539301,117560,117528,17361,134889,1578
2022-04-10,Sutter,101,95872,20606,20591,2133,22724,223
2022-04-10,Tehama,103,63373,12057,12059,2629,14688,201
2022-04-10,Trinity,105,12862,1177,1177,292,1469,20
2022-04-10,Tulare,107,460477,105540,105278,28572,133850,1415
2022-04-10,Tuolumne,109,53932,12635,12632,568,13200,180
2022-04-10,Ventura,111,848112,173549,173343,9305,182648,1467
2022-04-10,Yolo,113,214977,36679,36587,3212,39799,312
2022-04-10,Yuba,115,75493,15851,15848,1219,17067,121
2022-04-09,Alameda,001,1643700,257396,256649,14353,271002,1826
2022-04-09,Alpine,003,1148,124,124,1,125,0
2022-04-09,Amador,005,37829,8527,8489,646,9135,86
2022-04-09,Butte,007,227075,33047,33031,6680,39711,399
2022-04-09,Calaveras,009,45235,7269,7260,358,7618,119
2022-04-09,Colusa,011,21464,3451,3449,1081,4530,21
2022-04-09,Contra Costa,013,1133247,189464,189154,13382,202536,1296
2022-04-09,Del Norte,015,27424,5814,5811,197,6008,50
2022-04-09,El Dorado,017,186661,26791,26757,3218,29975,207
2022-04-09,Fresno,019,978130,231322,231090,23131,254221,2731
2022-04-09,Glenn,021,27897,4987,4988,1577,6565,47
2022-04-09,Humboldt,023,135768,16918,16913,2980,19893,141
2022-04-09,Imperial,025,180216,55350,55267,11315,66582,910
2022-04-09,Inyo,027,18085,4074,4071,494,4565,56
2022-04-09,Kern,029,883053,191916,191542,46348,237890,2244
2022-04-09,Kings,031,150075,51539,51519,3621,55140,443
2022-04-09,Lake,033,64148,10695,10690,903,11593,134
2022-04-09,Lassen,035,31185,8950,8948,895,9843,65
2022-04-09,Los Angeles,037,10098052,2715282,2709735,123958,2833693,31509
2022-04-09,Madera,039,155013,37379,37356,6082,43438,354
2022-04-09,Marin,041,260295,33723,33648,2312,35960,288
2022-04-09,Mariposa,043,17540,2403,2394,203,2597,29
2022-04-09,Mendocino,045,87422,13095,13087,3059,16146,120
2022-04-09,Merced,047,269075,62283,62231,8578,70809,811
2022-04-09,Modoc,049,8938,743,743,253,996,8
2022-04-09,Mono,051,14174,2971,2967,123,3090,6
2022-04-09,Monterey,053,433212,79267,79103,13992,93095,727
2022-04-09,Napa,055,140530,25889,25824,977,26801,144
2022-04-09,Nevada,057,99092,15995,15976,1216,17192,123
2022-04-09,Orange,059,3164182,547727,546983,41686,588669,6912
2022-04-09,Placer,061,380077,62852,62831,7373,70204,616
2022-04-09,Plumas,063,18699,2922,2887,366,3253,13
2022-04-09,Riverside,065,2383286,591654,591268,28227,619495,6429
2022-04-09,Sacramento,067,1510023,277867,277125,26974,304099,2972
2022-04-09,San Benito,069,59416,12923,12917,521,13438,98
2022-04-09,San Bernardino,071,2135413,563603,562571,24802,587373,6892
2022-04-09,San Diego,073,3302833,755441,754281,51882,806163,5210
2022-04-09,San Francisco,075,870044,126495,125963,8468,134431,844
2022-04-09,San Joaquin,077,732212,166673,166547,9306,175853,2212
2022-04-09,San Luis Obispo,079,281455,52649,52609,3816,56425,476
2022-04-09,San Mateo,081,765935,122116,121514,7101,128615,698
2022-04-09,Santa Barbara,083,443738,85928,85754,4858,90612,680
2022-04-09,Santa Clara,085,1922200,314765,313965,12560,326525,2266
2022-04-09,Santa Cruz,087,273765,47726,47624,2141,49765,259
2022-04-09,Shasta,089,179085,30572,30586,6181,36767,549
2022-04-09,Sierra,091,2930,276,272,42,314,4
2022-04-09,Siskiyou,093,43540,4443,4444,2761,7205,80
2022-04-09,Solano,095,438530,81836,81886,5568,87454,448
2022-04-09,Sonoma,097,501317,84013,83600,2557,86157,485
2022-04-09,Stanislaus,099,539301,117559,117528,17361,134889,1578
2022-04-09,Sutter,101,95872,20605,20591,2133,22724,223
2022-04-09,Tehama,103,63373,12057,12059,2629,14688,201
2022-04-09,Trinity,105,12862,1177,1177,292,1469,20
2022-04-09,Tulare,107,460477,105539,105278,28572,133850,1415
2022-04-09,Tuolumne,109,53932,12635,12632,568,13200,180
2022-04-09,Ventura,111,848112,173533,173343,9305,182648,1467
2022-04-09,Yolo,113,214977,36677,36587,3212,39799,312
2022-04-09,Yuba,115,75493,15850,15848,1219,17067,121
2022-04-08,Alameda,001,1643700,257287,256649,14353,271002,1826
2022-04-08,Alpine,003,1148,124,124,1,125,0
2022-04-08,Amador,005,37829,8527,8489,646,9135,86
2022-04-08,Butte,007,227075,33046,33031,6680,39711,399
2022-04-08,Calaveras,009,45235,7268,7260,358,7618,119
2022-04-08,Colusa,011,21464,3451,3449,1081,4530,21
2022-04-08,Contra Costa,013,1133247,189425,189154,13382,202536,1296
2022-04-08,Del Norte,015,27424,5813,5811,197,6008,50
2022-04-08,El Dorado,017,186661,26790,26757,3218,29975,207
2022-04-08,Fresno,019,978130,231304,231090,23131,254221,2731
2022-04-08,Glenn,021,27897,4987,4988,1577,6565,47
2022-04-08,Humboldt,023,135768,16916,16913,2980,19893,141
2022-04-08,Imperial,025,180216,55345,55267,11315,66582,910
2022-04-08,Inyo,027,18085,4073,4071,494,4565,56
2022-04-08,Kern,029,883053,191906,191542,46348,237890,2244
2022-04-08,Kings,031,150075,51534,51519,3621,55140,443
2022-04-08,Lake,033,64148,10695,10690,903,11593,134
2022-04-08,Lassen,035,31185,8950,8948,895,9843,65
2022-04-08,Los Angeles,037,10098052,2714842,2709735,123958,2833693,31509
2022-04-08,Madera,039,155013,37379,37356,6082,43438,354
2022-04-08,Marin,041,260295,33710,33648,2312,35960,288
2022-04-08,Mariposa,043,17540,2403,2394,203,2597,29
2022-04-08,Mendocino,045,87422,13094,13087,3059,16146,120
2022-04-08,Merced,047,269075,62277,62231,8578,70809,811
2022-04-08,Modoc,049,8938,743,743,253,996,8
2022-04-08,Mono,051,14174,2970,2967,123,3090,6
2022-04-08,Monterey,053,433212,79260,79103,13992,93095,727
2022-04-08,Napa,055,140530,25885,25824,977,26801,144
2022-04-08,Nevada,057,99092,15994,15976,1216,17192,123
2022-04-08,Orange,059,3164182,547625,546983,41686,588669,6912
2022-04-08,Placer,061,380077,62847,62831,7373,70204,616
2022-04-08,Plumas,063,18699,2922,2887,366,3253,13
2022-04-08,Riverside,065,2383286,591598,591268,28227,619495,6429
2022-04-08,Sacramento,067,1510023,277833,277125,26974,304099,2972
2022-04-08,San Benito,069,59416,12923,12917,521,13438,98
2022-04-08,San Bernardino,071,2135413,563571,562571,24802,587373,6892
2022-04-08,San Diego,073,3302833,755298,754281,51882,806163,5210
2022-04-08,San Francisco,075,870044,126430,125963,8468,134431,844
2022-04-08,San Joaquin,077,732212,166659,166547,9306,175853,2212
2022-04-08,San Luis Obispo,079,281455,52645,52609,3816,56425,476
2022-04-08,San Mateo,081,765935,122051,121514,7101,128615,698
2022-04-08,Santa Barbara,083,443738,85920,85754,4858,90612,680
2022-04-08,Santa Clara,085,1922200,314658,313965,12560,326525,2266
2022-04-08,Santa Cruz,087,273765,47721,47624,2141,49765,259
2022-04-08,Shasta,089,179085,30572,30586,6181,36767,549
2022-04-08,Sierra,091,2930,276,272,42,314,4
2022-04-08,Siskiyou,093,43540,4443,4444,2761,7205,80
2022-04-08,Solano,095,438530,81820,81886,5568,87454,448
2022-04-08,Sonoma,097,501317,83979,83600,2557,86157,485
2022-04-08,Stanislaus,099,539301,117552,117528,17361,134889,1578
2022-04-08,Sutter,101,95872,20605,20591,2133,22724,223
2022-04-08,Tehama,103,63373,12057,12059,2629,14688,201
2022-04-08,Trinity,105,12862,1177,1177,292,1469,20
2022-04-08,Tulare,107,460477,105536,105278,28572,133850,1415
2022-04-08,Tuolumne,109,53932,12633,12632,568,13200,180
2022-04-08,Ventura,111,848112,173509,173343,9305,182648,1467
2022-04-08,Yolo,113,214977,36675,36587,3212,39799,312
2022-04-08,Yuba,115,75493,15850,15848,1219,17067,121
2022-04-07,Alameda,001,1643700,257135,256649,14353,271002,1826
2022-04-07,Alpine,003,1148,124,124,1,125,0
2022-04-07,Amador,005,37829,8527,8489,646,9135,86
2022-04-07,Butte,007,227075,33041,33031,6680,39711,399
2022-04-07,Calaveras,009,45235,7266,7260,358,7618,119
2022-04-07,Colusa,011,21464,3450,3449,1081,4530,21
2022-04-07,Contra Costa,013,1133247,189324,189154,13382,202536,1296
2022-04-07,Del Norte,015,27424,5813,5811,197,6008,50
2022-04-07,El Dorado,017,186661,26783,26757,3218,29975,207
2022-04-07,Fresno,019,978130,231283,231090,23131,254221,2731
2022-04-07,Glenn,021,27897,4985,4988,1577,6565,47
2022-04-07,Humboldt,023,135768,16912,16913,2980,19893,141
2022-04-07,Imperial,025,180216,55343,55267,11315,66582,910
2022-04-07,Inyo,027,18085,4073,4071,494,4565,56
2022-04-07,Kern,029,883053,191887,191542,46348,237890,2244
2022-04-07,Kings,031,150075,51526,51519,3621,55140,443
2022-04-07,Lake,033,64148,10693,10690,903,11593,134
2022-04-07,Lassen,035,31185,8950,8948,895,9843,65
2022-04-07,Los Angeles,037,10098052,2714063,2709735,123958,2833693,31509
2022-04-07,Madera,039,155013,37374,37356,6082,43438,354
2022-04-07,Marin,041,260295,33696,33648,2312,35960,288
2022-04-07,Mariposa,043,17540,2400,2394,203,2597,29
2022-04-07,Mendocino,045,87422,13091,13087,3059,16146,120
2022-04-07,Merced,047,269075,62269,62231,8578,70809,811
2022-04-07,Modoc,049,8938,743,743,253,996,8
2022-04-07,Mono,051,14174,2970,2967,123,3090,6
2022-04-07,Monterey,053,433212,79234,79103,13992,93095,727
2022-04-07,Napa,055,140530,25874,25824,977,26801,144
2022-04-07,Nevada,057,99092,15989,15976,1216,17192,123
2022-04-07,Orange,059,3164182,547478,546983,41686,588669,6912
2022-04-07,Placer,061,380077,62831,62831,7373,70204,616
2022-04-07,Plumas,063,18699,2921,2887,366,3253,13
2022-04-07,Riverside,065,2383286,591519,591268,28227,619495,6429
2022-04-07,Sacramento,067,1510023,277775,277125,26974,304099,2972
2022-04-07,San Benito,069,59416,12922,12917,521,13438,98
2022-04-07,San Bernardino,071,2135413,563461,562571,24802,587373,6892
2022-04-07,San Diego,073,3302833,755048,754281,51882,806163,5210
2022-04-07,San Francisco,075,870044,126306,125963,8468,134431,844
2022-04-07,San Joaquin,077,732212,166635,166547,9306,175853,2212
2022-04-07,San Luis Obispo,079,281455,52628,52609,3816,56425,476
2022-04-07,San Mateo,081,765935,121959,121514,7101,128615,698
2022-04-07,Santa Barbara,083,443738,85878,85754,4858,90612,680
2022-04-07,Santa Clara,085,1922200,314479,313965,12560,326525,2266
2022-04-07,Santa Cruz,087,273765,47703,47624,2141,49765,259
2022-04-07,Shasta,089,179085,30569,30586,6181,36767,549
2022-04-07,Sierra,091,2930,276,272,42,314,4
2022-04-07,Siskiyou,093,43540,4443,4444,2761,7205,80
2022-04-07,Solano,095,438530,81796,81886,5568,87454,448
2022-04-07,Sonoma,097,501317,83944,83600,2557,86157,485
2022-04-07,Stanislaus,099,539301,117536,117528,17361,134889,1578
2022-04-07,Sutter,101,95872,20602,20591,2133,22724,223
2022-04-07,Tehama,103,63373,12054,12059,2629,14688,201
2022-04-07,Trinity,105,12862,1177,1177,292,1469,20
2022-04-07,Tulare,107,460477,105531,105278,28572,133850,1415
2022-04-07,Tuolumne,109,53932,12630,12632,568,13200,180
2022-04-07,Ventura,111,848112,173486,173343,9305,182648,1467
2022-04-07,Yolo,113,214977,36673,36587,3212,39799,312
2022-04-07,Yuba,115,75493,15849,15848,1219,17067,121
2022-04-06,Alameda,001,1643700,256966,256143,14353,270496,1814
2022-04-06,Alpine,003,1148,124,124,1,125,0
2022-04-06,Amador,005,37829,8527,8488,646,9134,86
2022-04-06,Butte,007,227075,33037,32997,6680,39677,396
2022-04-06,Calaveras,009,45235,7264,7258,358,7616,120
2022-04-06,Colusa,011,21464,3450,3447,1081,4528,21
2022-04-06,Contra Costa,013,1133247,189261,188850,13382,202232,1296
2022-04-06,Del Norte,015,27424,5812,5809,197,6006,50
2022-04-06,El Dorado,017,186661,26781,26744,3218,29962,205
2022-04-06,Fresno,019,978130,231248,230942,23131,254073,2725
2022-04-06,Glenn,021,27897,4985,4986,1577,6563,47
2022-04-06,Humboldt,023,135768,16907,16904,2980,19884,140
2022-04-06,Imperial,025,180216,55335,55294,11315,66609,908
2022-04-06,Inyo,027,18085,4072,4068,494,4562,56
2022-04-06,Kern,029,883053,191869,191449,46348,237797,2234
2022-04-06,Kings,031,150075,51525,51491,3621,55112,443
2022-04-06,Lake,033,64148,10691,10679,903,11582,136
2022-04-06,Lassen,035,31185,8950,8945,895,9840,65
2022-04-06,Los Angeles,037,10098052,2713082,2707306,123958,2831264,31465
2022-04-06,Madera,039,155013,37370,37349,6082,43431,354
2022-04-06,Marin,041,260295,33679,33566,2312,35878,288
2022-04-06,Mariposa,043,17540,2399,2392,203,2595,29
2022-04-06,Mendocino,045,87422,13087,13074,3059,16133,119
2022-04-06,Merced,047,269075,62260,62195,8578,70773,810
2022-04-06,Modoc,049,8938,743,741,253,994,8
2022-04-06,Mono,051,14174,2969,2967,123,3090,6
2022-04-06,Monterey,053,433212,79224,79019,13992,93011,727
2022-04-06,Napa,055,140530,25864,25790,977,26767,143
2022-04-06,Nevada,057,99092,15987,15974,1216,17190,123
2022-04-06,Orange,059,3164182,547312,546491,41686,588177,6887
2022-04-06,Placer,061,380077,62821,62787,7373,70160,615
2022-04-06,Plumas,063,18699,2921,2850,366,3216,13
2022-04-06,Riverside,065,2383286,591427,590826,28227,619053,6424
2022-04-06,Sacramento,067,1510023,277698,276567,26974,303541,2953
2022-04-06,San Benito,069,59416,12921,12908,521,13429,98
2022-04-06,San Bernardino,071,2135413,563345,561648,24802,586450,6883
2022-04-06,San Diego,073,3302833,754754,753402,51882,805284,5192
2022-04-06,San Francisco,075,870044,126176,125536,8468,134004,843
2022-04-06,San Joaquin,077,732212,166612,166415,9306,175721,2207
2022-04-06,San Luis Obispo,079,281455,52606,52557,3816,56373,475
2022-04-06,San Mateo,081,765935,121863,121041,7101,128142,693
2022-04-06,Santa Barbara,083,443738,85841,85630,4858,90488,679
2022-04-06,Santa Clara,085,1922200,314302,313278,12560,325838,2265
2022-04-06,Santa Cruz,087,273765,47651,47446,2141,49587,259
2022-04-06,Shasta,089,179085,30568,30565,6181,36746,529
2022-04-06,Sierra,091,2930,276,272,42,314,4
2022-04-06,Siskiyou,093,43540,4443,4442,2761,7203,80
2022-04-06,Solano,095,438530,81764,81789,5568,87357,447
2022-04-06,Sonoma,097,501317,83893,83361,2557,85918,485
2022-04-06,Stanislaus,099,539301,117520,117534,17361,134895,1578
2022-04-06,Sutter,101,95872,20598,20581,2133,22714,222
2022-04-06,Tehama,103,63373,12054,12049,2629,14678,198
2022-04-06,Trinity,105,12862,1177,1173,292,1465,20
2022-04-06,Tulare,107,460477,105526,104826,28572,133398,1414
2022-04-06,Tuolumne,109,53932,12630,12621,568,13189,180
2022-04-06,Ventura,111,848112,173433,173179,9305,182484,1460
2022-04-06,Yolo,113,214977,36667,36393,3212,39605,314
2022-04-06,Yuba,115,75493,15847,15839,1219,17058,121
2022-04-05,Alameda,001,1643700,256792,256143,14346,270489,1814
2022-04-05,Alpine,003,1148,124,124,1,125,0
2022-04-05,Amador,005,37829,8526,8488,646,9134,86
2022-04-05,Butte,007,227075,33031,32997,6677,39674,396
2022-04-05,Calaveras,009,45235,7261,7258,358,7616,120
2022-04-05,Colusa,011,21464,3448,3447,1080,4527,21
2022-04-05,Contra Costa,013,1133247,189182,188850,13381,202231,1296
2022-04-05,Del Norte,015,27424,5810,5809,197,6006,50
2022-04-05,El Dorado,017,186661,26771,26744,3218,29962,205
2022-04-05,Fresno,019,978130,231215,230942,23128,254070,2725
2022-04-05,Glenn,021,27897,4985,4986,1576,6562,47
2022-04-05,Humboldt,023,135768,16902,16904,2980,19884,140
2022-04-05,Imperial,025,180216,55332,55294,11313,66607,908
2022-04-05,Inyo,027,18085,4072,4068,492,4560,56
2022-04-05,Kern,029,883053,191846,191449,46346,237795,2234
2022-04-05,Kings,031,150075,51522,51491,3621,55112,443
2022-04-05,Lake,033,64148,10690,10679,903,11582,136
2022-04-05,Lassen,035,31185,8950,8945,895,9840,65
2022-04-05,Los Angeles,037,10098052,2712018,2707306,123945,2831251,31465
2022-04-05,Madera,039,155013,37366,37349,6081,43430,354
2022-04-05,Marin,041,260295,33652,33566,2302,35868,288
2022-04-05,Mariposa,043,17540,2399,2392,203,2595,29
2022-04-05,Mendocino,045,87422,13082,13074,3057,16131,119
2022-04-05,Merced,047,269075,62251,62195,8575,70770,810
2022-04-05,Modoc,049,8938,743,741,253,994,8
2022-04-05,Mono,051,14174,2968,2967,123,3090,6
2022-04-05,Monterey,053,433212,79208,79019,13974,92993,727
2022-04-05,Napa,055,140530,25855,25790,974,26764,143
2022-04-05,Nevada,057,99092,15980,15974,1216,17190,123
2022-04-05,Orange,059,3164182,547138,546491,41665,588156,6887
2022-04-05,Placer,061,380077,62806,62787,7373,70160,615
2022-04-05,Plumas,063,18699,2921,2850,366,3216,13
2022-04-05,Riverside,065,2383286,591320,590826,28220,619046,6424
2022-04-05,Sacramento,067,1510023,277625,276567,26966,303533,2953
2022-04-05,San Benito,069,59416,12914,12908,521,13429,98
2022-04-05,San Bernardino,071,2135413,563221,561648,24791,586439,6883
2022-04-05,San Diego,073,3302833,754457,753402,51862,805264,5192
2022-04-05,San Francisco,075,870044,126003,125536,8466,134002,843
2022-04-05,San Joaquin,077,732212,166574,166415,9303,175718,2207
2022-04-05,San Luis Obispo,079,281455,52590,52557,3812,56369,475
2022-04-05,San Mateo,081,765935,121755,121041,7089,128130,693
2022-04-05,Santa Barbara,083,443738,85811,85630,4857,90487,679
2022-04-05,Santa Clara,085,1922200,314063,313278,12547,325825,2265
2022-04-05,Santa Cruz,087,273765,47589,47446,2139,49585,259
2022-04-05,Shasta,089,179085,30568,30565,6179,36744,529
2022-04-05,Sierra,091,2930,276,272,42,314,4
2022-04-05,Siskiyou,093,43540,4443,4442,2761,7203,80
2022-04-05,Solano,095,438530,81721,81789,5566,87355,447
2022-04-05,Sonoma,097,501317,83846,83361,2550,85911,485
2022-04-05,Stanislaus,099,539301,117506,117534,17353,134887,1578
2022-04-05,Sutter,101,95872,20594,20581,2132,22713,222
2022-04-05,Tehama,103,63373,12052,12049,2629,14678,198
2022-04-05,Trinity,105,12862,1177,1173,292,1465,20
2022-04-05,Tulare,107,460477,105515,104826,28568,133394,1414
2022-04-05,Tuolumne,109,53932,12628,12621,568,13189,180
2022-04-05,Ventura,111,848112,173389,173179,9301,182480,1460
2022-04-05,Yolo,113,214977,36662,36393,3211,39604,314
2022-04-05,Yuba,115,75493,15845,15839,1219,17058,121
2022-04-04,Alameda,001,1643700,256614,256143,14333,270476,1814
2022-04-04,Alpine,003,1148,124,124,1,125,0
2022-04-04,Amador,005,37829,8525,8488,646,9134,86
2022-04-04,Butte,007,227075,33027,32997,6675,39672,396
2022-04-04,Calaveras,009,45235,7261,7258,358,7616,120
2022-04-04,Colusa,011,21464,3447,3447,1080,4527,21
2022-04-04,Contra Costa,013,1133247,189101,188850,13375,202225,1296
2022-04-04,Del Norte,015,27424,5810,5809,197,6006,50
2022-04-04,El Dorado,017,186661,26767,26744,3218,29962,205
2022-04-04,Fresno,019,978130,231201,230942,23125,254067,2725
2022-04-04,Glenn,021,27897,4984,4986,1576,6562,47
2022-04-04,Humboldt,023,135768,16896,16904,2975,19879,140
2022-04-04,Imperial,025,180216,55329,55294,11308,66602,908
2022-04-04,Inyo,027,18085,4072,4068,491,4559,56
2022-04-04,Kern,029,883053,191828,191449,46339,237788,2234
2022-04-04,Kings,031,150075,51515,51491,3621,55112,443
2022-04-04,Lake,033,64148,10687,10679,902,11581,136
2022-04-04,Lassen,035,31185,8950,8945,895,9840,65
2022-04-04,Los Angeles,037,10098052,2710956,2707306,123913,2831219,31465
2022-04-04,Madera,039,155013,37364,37349,6081,43430,354
2022-04-04,Marin,041,260295,33639,33566,2300,35866,288
2022-04-04,Mariposa,043,17540,2398,2392,203,2595,29
2022-04-04,Mendocino,045,87422,13078,13074,3057,16131,119
2022-04-04,Merced,047,269075,62241,62195,8572,70767,810
2022-04-04,Modoc,049,8938,743,741,253,994,8
2022-04-04,Mono,051,14174,2968,2967,123,3090,6
2022-04-04,Monterey,053,433212,79198,79019,13966,92985,727
2022-04-04,Napa,055,140530,25837,25790,974,26764,143
2022-04-04,Nevada,057,99092,15975,15974,1216,17190,123
2022-04-04,Orange,059,3164182,546980,546491,41644,588135,6887
2022-04-04,Placer,061,380077,62797,62787,7370,70157,615
2022-04-04,Plumas,063,18699,2921,2850,366,3216,13
2022-04-04,Riverside,065,2383286,591241,590826,28204,619030,6424
2022-04-04,Sacramento,067,1510023,277539,276567,26957,303524,2953
2022-04-04,San Benito,069,59416,12912,12908,521,13429,98
2022-04-04,San Bernardino,071,2135413,563096,561648,24785,586433,6883
2022-04-04,San Diego,073,3302833,754150,753402,51836,805238,5192
2022-04-04,San Francisco,075,870044,125830,125536,8463,133999,843
2022-04-04,San Joaquin,077,732212,166549,166415,9298,175713,2207
2022-04-04,San Luis Obispo,079,281455,52567,52557,3810,56367,475
2022-04-04,San Mateo,081,765935,121635,121041,7076,128117,693
2022-04-04,Santa Barbara,083,443738,85770,85630,4856,90486,679
2022-04-04,Santa Clara,085,1922200,313814,313278,12540,325818,2265
2022-04-04,Santa Cruz,087,273765,47542,47446,2138,49584,259
2022-04-04,Shasta,089,179085,30565,30565,6178,36743,529
2022-04-04,Sierra,091,2930,276,272,42,314,4
2022-04-04,Siskiyou,093,43540,4443,4442,2761,7203,80
2022-04-04,Solano,095,438530,81688,81789,5563,87352,447
2022-04-04,Sonoma,097,501317,83803,83361,2549,85910,485
2022-04-04,Stanislaus,099,539301,117486,117534,17344,134878,1578
2022-04-04,Sutter,101,95872,20591,20581,2132,22713,222
2022-04-04,Tehama,103,63373,12050,12049,2629,14678,198
2022-04-04,Trinity,105,12862,1177,1173,292,1465,20
2022-04-04,Tulare,107,460477,105506,104826,28566,133392,1414
2022-04-04,Tuolumne,109,53932,12623,12621,568,13189,180
2022-04-04,Ventura,111,848112,173350,173179,9298,182477,1460
2022-04-04,Yolo,113,214977,36657,36393,3208,39601,314
2022-04-04,Yuba,115,75493,15843,15839,1219,17058,121
2022-04-03,Alameda,001,1643700,256415,255650,14329,269979,1813
2022-04-03,Alpine,003,1148,124,124,1,125,0
2022-04-03,Amador,005,37829,8525,8485,646,9131,86
2022-04-03,Butte,007,227075,33021,32981,6673,39654,396
2022-04-03,Calaveras,009,45235,7261,7254,358,7612,119
2022-04-03,Colusa,011,21464,3447,3445,1080,4525,21
2022-04-03,Contra Costa,013,1133247,189005,188658,13364,202022,1291
2022-04-03,Del Norte,015,27424,5810,5812,197,6009,50
2022-04-03,El Dorado,017,186661,26754,26732,3217,29949,200
2022-04-03,Fresno,019,978130,231172,230559,23121,253680,2722
2022-04-03,Glenn,021,27897,4984,4982,1576,6558,47
2022-04-03,Humboldt,023,135768,16891,16898,2975,19873,140
2022-04-03,Imperial,025,180216,55327,55266,11296,66562,908
2022-04-03,Inyo,027,18085,4070,4063,491,4554,56
2022-04-03,Kern,029,883053,191802,191384,46332,237716,2224
2022-04-03,Kings,031,150075,51509,51470,3618,55088,443
2022-04-03,Lake,033,64148,10686,10674,902,11576,136
2022-04-03,Lassen,035,31185,8949,8943,895,9838,65
2022-04-03,Los Angeles,037,10098052,2709958,2703576,123863,2827439,31410
2022-04-03,Madera,039,155013,37362,37333,6079,43412,354
2022-04-03,Marin,041,260295,33609,33493,2295,35788,287
2022-04-03,Mariposa,043,17540,2397,2391,203,2594,29
2022-04-03,Mendocino,045,87422,13073,13058,3055,16113,119
2022-04-03,Merced,047,269075,62226,62149,8568,70717,808
2022-04-03,Modoc,049,8938,742,741,253,994,8
2022-04-03,Mono,051,14174,2968,2967,123,3090,6
2022-04-03,Monterey,053,433212,79183,78964,13947,92911,726
2022-04-03,Napa,055,140530,25822,25757,973,26730,143
2022-04-03,Nevada,057,99092,15967,15962,1216,17178,123
2022-04-03,Orange,059,3164182,546793,546047,41621,587668,6880
2022-04-03,Placer,061,380077,62772,62740,7367,70107,614
2022-04-03,Plumas,063,18699,2920,2803,366,3169,14
2022-04-03,Riverside,065,2383286,591099,590563,28191,618754,6418
2022-04-03,Sacramento,067,1510023,277462,276218,26944,303162,2950
2022-04-03,San Benito,069,59416,12908,12901,521,13422,98
2022-04-03,San Bernardino,071,2135413,562965,561362,24780,586142,6865
2022-04-03,San Diego,073,3302833,753831,752281,51802,804083,5178
2022-04-03,San Francisco,075,870044,125620,125075,8460,133535,843
2022-04-03,San Joaquin,077,732212,166502,166336,9295,175631,2202
2022-04-03,San Luis Obispo,079,281455,52548,52512,3810,56322,475
2022-04-03,San Mateo,081,765935,121508,120717,7073,127790,693
2022-04-03,Santa Barbara,083,443738,85729,85611,4854,90465,678
2022-04-03,Santa Clara,085,1922200,313536,312517,12529,325046,2258
2022-04-03,Santa Cruz,087,273765,47488,47371,2136,49507,259
2022-04-03,Shasta,089,179085,30556,30556,6177,36733,530
2022-04-03,Sierra,091,2930,276,273,42,315,4
2022-04-03,Siskiyou,093,43540,4443,4439,2761,7200,80
2022-04-03,Solano,095,438530,81651,81848,5558,87406,446
2022-04-03,Sonoma,097,501317,83726,83235,2547,85782,485
2022-04-03,Stanislaus,099,539301,117460,117536,17340,134876,1581
2022-04-03,Sutter,101,95872,20588,20570,2132,22702,222
2022-04-03,Tehama,103,63373,12046,12046,2629,14675,198
2022-04-03,Trinity,105,12862,1177,1173,292,1465,20
2022-04-03,Tulare,107,460477,105499,104736,28553,133289,1410
2022-04-03,Tuolumne,109,53932,12622,12618,568,13186,180
2022-04-03,Ventura,111,848112,173306,173044,9298,182342,1460
2022-04-03,Yolo,113,214977,36641,36347,3208,39555,313
2022-04-03,Yuba,115,75493,15842,15835,1219,17054,120
2022-04-02,Alameda,001,1643700,256339,255650,14328,269978,1813
2022-04-02,Alpine,003,1148,124,124,1,125,0
2022-04-02,Amador,005,37829,8525,8485,646,9131,86
2022-04-02,Butte,007,227075,33017,32981,6673,39654,396
2022-04-02,Calaveras,009,45235,7261,7254,358,7612,119
2022-04-02,Colusa,011,21464,3447,3445,1080,4525,21
2022-04-02,Contra Costa,013,1133247,188958,188658,13363,202021,1291
2022-04-02,Del Norte,015,27424,5809,5812,197,6009,50
2022-04-02,El Dorado,017,186661,26751,26732,3217,29949,200
2022-04-02,Fresno,019,978130,231144,230559,23121,253680,2722
2022-04-02,Glenn,021,27897,4984,4982,1576,6558,47
2022-04-02,Humboldt,023,135768,16889,16898,2975,19873,140
2022-04-02,Imperial,025,180216,55323,55266,11296,66562,908
2022-04-02,Inyo,027,18085,4070,4063,491,4554,56
2022-04-02,Kern,029,883053,191789,191384,46328,237712,2224
2022-04-02,Kings,031,150075,51506,51470,3618,55088,443
2022-04-02,Lake,033,64148,10685,10674,902,11576,136
2022-04-02,Lassen,035,31185,8949,8943,895,9838,65
2022-04-02,Los Angeles,037,10098052,2709581,2703576,123829,2827405,31410
2022-04-02,Madera,039,155013,37359,37333,6079,43412,354
2022-04-02,Marin,041,260295,33587,33493,2293,35786,287
2022-04-02,Mariposa,043,17540,2396,2391,203,2594,29
2022-04-02,Mendocino,045,87422,13072,13058,3055,16113,119
2022-04-02,Merced,047,269075,62223,62149,8568,70717,808
2022-04-02,Modoc,049,8938,742,741,253,994,8
2022-04-02,Mono,051,14174,2968,2967,122,3089,6
2022-04-02,Monterey,053,433212,79174,78964,13944,92908,726
2022-04-02,Napa,055,140530,25816,25757,973,26730,143
2022-04-02,Nevada,057,99092,15964,15962,1215,17177,123
2022-04-02,Orange,059,3164182,546693,546047,41607,587654,6880
2022-04-02,Placer,061,380077,62765,62740,7366,70106,614
2022-04-02,Plumas,063,18699,2920,2803,366,3169,14
2022-04-02,Riverside,065,2383286,591035,590563,28188,618751,6418
2022-04-02,Sacramento,067,1510023,277432,276218,26944,303162,2950
2022-04-02,San Benito,069,59416,12907,12901,521,13422,98
2022-04-02,San Bernardino,071,2135413,562926,561362,24777,586139,6865
2022-04-02,San Diego,073,3302833,753713,752281,51794,804075,5178
2022-04-02,San Francisco,075,870044,125526,125075,8453,133528,843
2022-04-02,San Joaquin,077,732212,166483,166336,9295,175631,2202
2022-04-02,San Luis Obispo,079,281455,52543,52512,3810,56322,475
2022-04-02,San Mateo,081,765935,121427,120717,7065,127782,693
2022-04-02,Santa Barbara,083,443738,85712,85611,4854,90465,678
2022-04-02,Santa Clara,085,1922200,313381,312517,12527,325044,2258
2022-04-02,Santa Cruz,087,273765,47478,47371,2135,49506,259
2022-04-02,Shasta,089,179085,30555,30556,6177,36733,530
2022-04-02,Sierra,091,2930,276,273,42,315,4
2022-04-02,Siskiyou,093,43540,4442,4439,2760,7199,80
2022-04-02,Solano,095,438530,81636,81848,5558,87406,446
2022-04-02,Sonoma,097,501317,83686,83235,2546,85781,485
2022-04-02,Stanislaus,099,539301,117450,117536,17338,134874,1581
2022-04-02,Sutter,101,95872,20583,20570,2132,22702,222
2022-04-02,Tehama,103,63373,12046,12046,2629,14675,198
2022-04-02,Trinity,105,12862,1177,1173,292,1465,20
2022-04-02,Tulare,107,460477,105496,104736,28553,133289,1410
2022-04-02,Tuolumne,109,53932,12620,12618,568,13186,180
2022-04-02,Ventura,111,848112,173269,173044,9298,182342,1460
2022-04-02,Yolo,113,214977,36633,36347,3207,39554,313
2022-04-02,Yuba,115,75493,15841,15835,1219,17054,120
2022-04-01,Alameda,001,1643700,256256,255650,14325,269975,1813
2022-04-01,Alpine,003,1148,124,124,1,125,0
2022-04-01,Amador,005,37829,8525,8485,646,9131,86
2022-04-01,Butte,007,227075,33013,32981,6669,39650,396
2022-04-01,Calaveras,009,45235,7259,7254,358,7612,119
2022-04-01,Colusa,011,21464,3446,3445,1080,4525,21
2022-04-01,Contra Costa,013,1133247,188914,188658,13363,202021,1291
2022-04-01,Del Norte,015,27424,5807,5812,197,6009,50
2022-04-01,El Dorado,017,186661,26748,26732,3217,29949,200
2022-04-01,Fresno,019,978130,231119,230559,23120,253679,2722
2022-04-01,Glenn,021,27897,4984,4982,1576,6558,47
2022-04-01,Humboldt,023,135768,16887,16898,2975,19873,140
2022-04-01,Imperial,025,180216,55322,55266,11296,66562,908
2022-04-01,Inyo,027,18085,4068,4063,490,4553,56
2022-04-01,Kern,029,883053,191779,191384,46326,237710,2224
2022-04-01,Kings,031,150075,51503,51470,3618,55088,443
2022-04-01,Lake,033,64148,10683,10674,902,11576,136
2022-04-01,Lassen,035,31185,8948,8943,895,9838,65
2022-04-01,Los Angeles,037,10098052,2709163,2703576,123794,2827370,31410
2022-04-01,Madera,039,155013,37358,37333,6078,43411,354
2022-04-01,Marin,041,260295,33571,33493,2289,35782,287
2022-04-01,Mariposa,043,17540,2394,2391,203,2594,29
2022-04-01,Mendocino,045,87422,13069,13058,3055,16113,119
2022-04-01,Merced,047,269075,62216,62149,8567,70716,808
2022-04-01,Modoc,049,8938,742,741,253,994,8
2022-04-01,Mono,051,14174,2968,2967,122,3089,6
2022-04-01,Monterey,053,433212,79163,78964,13943,92907,726
2022-04-01,Napa,055,140530,25810,25757,973,26730,143
2022-04-01,Nevada,057,99092,15964,15962,1215,17177,123
2022-04-01,Orange,059,3164182,546593,546047,41598,587645,6880
2022-04-01,Placer,061,380077,62753,62740,7366,70106,614
2022-04-01,Plumas,063,18699,2920,2803,365,3168,14
2022-04-01,Riverside,065,2383286,590978,590563,28181,618744,6418
2022-04-01,Sacramento,067,1510023,277402,276218,26941,303159,2950
2022-04-01,San Benito,069,59416,12906,12901,521,13422,98
2022-04-01,San Bernardino,071,2135413,562881,561362,24772,586134,6865
2022-04-01,San Diego,073,3302833,753575,752281,51781,804062,5178
2022-04-01,San Francisco,075,870044,125430,125075,8444,133519,843
2022-04-01,San Joaquin,077,732212,166465,166336,9295,175631,2202
2022-04-01,San Luis Obispo,079,281455,52537,52512,3809,56321,475
2022-04-01,San Mateo,081,765935,121374,120717,7061,127778,693
2022-04-01,Santa Barbara,083,443738,85692,85611,4853,90464,678
2022-04-01,Santa Clara,085,1922200,313245,312517,12527,325044,2258
2022-04-01,Santa Cruz,087,273765,47466,47371,2134,49505,259
2022-04-01,Shasta,089,179085,30555,30556,6177,36733,530
2022-04-01,Sierra,091,2930,276,273,42,315,4
2022-04-01,Siskiyou,093,43540,4442,4439,2760,7199,80
2022-04-01,Solano,095,438530,81624,81848,5558,87406,446
2022-04-01,Sonoma,097,501317,83645,83235,2544,85779,485
2022-04-01,Stanislaus,099,539301,117441,117536,17335,134871,1581
2022-04-01,Sutter,101,95872,20583,20570,2132,22702,222
2022-04-01,Tehama,103,63373,12045,12046,2629,14675,198
2022-04-01,Trinity,105,12862,1177,1173,292,1465,20
2022-04-01,Tulare,107,460477,105491,104736,28550,133286,1410
2022-04-01,Tuolumne,109,53932,12619,12618,568,13186,180
2022-04-01,Ventura,111,848112,173243,173044,9295,182339,1460
2022-04-01,Yolo,113,214977,36624,36347,3206,39553,313
2022-04-01,Yuba,115,75493,15841,15835,1219,17054,120
2022-03-31,Alameda,001,1643700,256119,255650,14313,269963,1813
2022-03-31,Alpine,003,1148,124,124,1,125,0
2022-03-31,Amador,005,37829,8525,8485,646,9131,86
2022-03-31,Butte,007,227075,33009,32981,6666,39647,396
2022-03-31,Calaveras,009,45235,7258,7254,358,7612,119
2022-03-31,Colusa,011,21464,3445,3445,1080,4525,21
2022-03-31,Contra Costa,013,1133247,188832,188658,13358,202016,1291
2022-03-31,Del Norte,015,27424,5806,5812,197,6009,50
2022-03-31,El Dorado,017,186661,26742,26732,3217,29949,200
2022-03-31,Fresno,019,978130,231085,230559,23097,253656,2722
2022-03-31,Glenn,021,27897,4982,4982,1576,6558,47
2022-03-31,Humboldt,023,135768,16884,16898,2975,19873,140
2022-03-31,Imperial,025,180216,55319,55266,11286,66552,908
2022-03-31,Inyo,027,18085,4067,4063,488,4551,56
2022-03-31,Kern,029,883053,191765,191384,46319,237703,2224
2022-03-31,Kings,031,150075,51494,51470,3618,55088,443
2022-03-31,Lake,033,64148,10683,10674,901,11575,136
2022-03-31,Lassen,035,31185,8946,8943,895,9838,65
2022-03-31,Los Angeles,037,10098052,2708459,2703576,123754,2827330,31410
2022-03-31,Madera,039,155013,37355,37333,6078,43411,354
2022-03-31,Marin,041,260295,33547,33493,2279,35772,287
2022-03-31,Mariposa,043,17540,2393,2391,203,2594,29
2022-03-31,Mendocino,045,87422,13065,13058,3055,16113,119
2022-03-31,Merced,047,269075,62212,62149,8564,70713,808
2022-03-31,Modoc,049,8938,742,741,253,994,8
2022-03-31,Mono,051,14174,2968,2967,122,3089,6
2022-03-31,Monterey,053,433212,79146,78964,13936,92900,726
2022-03-31,Napa,055,140530,25802,25757,971,26728,143
2022-03-31,Nevada,057,99092,15958,15962,1214,17176,123
2022-03-31,Orange,059,3164182,546451,546047,41581,587628,6880
2022-03-31,Placer,061,380077,62735,62740,7365,70105,614
2022-03-31,Plumas,063,18699,2920,2803,364,3167,14
2022-03-31,Riverside,065,2383286,590880,590563,28178,618741,6418
2022-03-31,Sacramento,067,1510023,277338,276218,26932,303150,2950
2022-03-31,San Benito,069,59416,12905,12901,521,13422,98
2022-03-31,San Bernardino,071,2135413,562784,561362,24759,586121,6865
2022-03-31,San Diego,073,3302833,753331,752281,51763,804044,5178
2022-03-31,San Francisco,075,870044,125289,125075,8437,133512,843
2022-03-31,San Joaquin,077,732212,166434,166336,9284,175620,2202
2022-03-31,San Luis Obispo,079,281455,52523,52512,3808,56320,475
2022-03-31,San Mateo,081,765935,121273,120717,7057,127774,693
2022-03-31,Santa Barbara,083,443738,85668,85611,4852,90463,678
2022-03-31,Santa Clara,085,1922200,313034,312517,12515,325032,2258
2022-03-31,Santa Cruz,087,273765,47450,47371,2132,49503,259
2022-03-31,Shasta,089,179085,30550,30556,6177,36733,530
2022-03-31,Sierra,091,2930,273,273,42,315,4
2022-03-31,Siskiyou,093,43540,4440,4439,2760,7199,80
2022-03-31,Solano,095,438530,81600,81848,5555,87403,446
2022-03-31,Sonoma,097,501317,83610,83235,2542,85777,485
2022-03-31,Stanislaus,099,539301,117423,117536,17329,134865,1581
2022-03-31,Sutter,101,95872,20580,20570,2131,22701,222
2022-03-31,Tehama,103,63373,12045,12046,2629,14675,198
2022-03-31,Trinity,105,12862,1177,1173,292,1465,20
2022-03-31,Tulare,107,460477,105481,104736,28543,133279,1410
2022-03-31,Tuolumne,109,53932,12618,12618,568,13186,180
2022-03-31,Ventura,111,848112,173208,173044,9294,182338,1460
2022-03-31,Yolo,113,214977,36613,36347,3206,39553,313
2022-03-31,Yuba,115,75493,15841,15835,1215,17050,120
2022-03-30,Alameda,001,1643700,256006,255467,14305,269772,1812
2022-03-30,Alpine,003,1148,124,124,1,125,0
2022-03-30,Amador,005,37829,8525,8485,646,9131,86
2022-03-30,Butte,007,227075,33003,32968,6660,39628,396
2022-03-30,Calaveras,009,45235,7256,7253,357,7610,119
2022-03-30,Colusa,011,21464,3445,3445,1080,4525,21
2022-03-30,Contra Costa,013,1133247,188772,188496,13348,201844,1291
2022-03-30,Del Norte,015,27424,5804,5808,197,6005,50
2022-03-30,El Dorado,017,186661,26734,26722,3217,29939,200
2022-03-30,Fresno,019,978130,231074,230448,23092,253540,2720
2022-03-30,Glenn,021,27897,4982,4982,1576,6558,47
2022-03-30,Humboldt,023,135768,16881,16894,2975,19869,140
2022-03-30,Imperial,025,180216,55315,55252,11279,66531,908
2022-03-30,Inyo,027,18085,4066,4062,486,4548,56
2022-03-30,Kern,029,883053,191737,191363,46314,237677,2219
2022-03-30,Kings,031,150075,51487,51446,3616,55062,443
2022-03-30,Lake,033,64148,10681,10674,901,11575,136
2022-03-30,Lassen,035,31185,8946,8943,895,9838,65
2022-03-30,Los Angeles,037,10098052,2707660,2702536,123704,2826240,31384
2022-03-30,Madera,039,155013,37350,37330,6077,43407,354
2022-03-30,Marin,041,260295,33528,33453,2263,35716,287
2022-03-30,Mariposa,043,17540,2393,2390,203,2593,27
2022-03-30,Mendocino,045,87422,13061,13055,3052,16107,118
2022-03-30,Merced,047,269075,62205,62136,8558,70694,808
2022-03-30,Modoc,049,8938,742,739,253,992,8
2022-03-30,Mono,051,14174,2967,2967,122,3089,6
2022-03-30,Monterey,053,433212,79130,78911,13931,92842,726
2022-03-30,Napa,055,140530,25790,25745,970,26715,141
2022-03-30,Nevada,057,99092,15955,15960,1212,17172,123
2022-03-30,Orange,059,3164182,546301,545895,41551,587446,6876
2022-03-30,Placer,061,380077,62720,62705,7364,70069,614
2022-03-30,Plumas,063,18699,2920,2762,362,3124,13
2022-03-30,Riverside,065,2383286,590800,590437,28166,618603,6411
2022-03-30,Sacramento,067,1510023,277274,276081,26927,303008,2949
2022-03-30,San Benito,069,59416,12900,12898,521,13419,98
2022-03-30,San Bernardino,071,2135413,562697,561153,24756,585909,6863
2022-03-30,San Diego,073,3302833,753096,751684,51740,803424,5169
2022-03-30,San Francisco,075,870044,125185,124930,8427,133357,841
2022-03-30,San Joaquin,077,732212,166406,166299,9279,175578,2201
2022-03-30,San Luis Obispo,079,281455,52509,52484,3804,56288,475
2022-03-30,San Mateo,081,765935,121171,120548,7057,127605,693
2022-03-30,Santa Barbara,083,443738,85646,85488,4848,90336,677
2022-03-30,Santa Clara,085,1922200,312859,312253,12493,324746,2258
2022-03-30,Santa Cruz,087,273765,47393,47340,2132,49472,259
2022-03-30,Shasta,089,179085,30547,30555,6177,36732,530
2022-03-30,Sierra,091,2930,273,273,42,315,4
2022-03-30,Siskiyou,093,43540,4440,4439,2760,7199,80
2022-03-30,Solano,095,438530,81586,81816,5552,87368,443
2022-03-30,Sonoma,097,501317,83574,83163,2542,85705,485
2022-03-30,Stanislaus,099,539301,117410,117593,17326,134919,1559
2022-03-30,Sutter,101,95872,20575,20565,2131,22696,222
2022-03-30,Tehama,103,63373,12044,12045,2629,14674,198
2022-03-30,Trinity,105,12862,1176,1173,292,1465,20
2022-03-30,Tulare,107,460477,105475,104667,28536,133203,1410
2022-03-30,Tuolumne,109,53932,12616,12616,568,13184,180
2022-03-30,Ventura,111,848112,173168,172984,9287,182271,1460
2022-03-30,Yolo,113,214977,36605,36325,3203,39528,313
2022-03-30,Yuba,115,75493,15839,15830,1215,17045,120
2022-03-29,Alameda,001,1643700,255898,255261,14294,269555,1810
2022-03-29,Alpine,003,1148,124,124,1,125,0
2022-03-29,Amador,005,37829,8525,8483,646,9129,86
2022-03-29,Butte,007,227075,33000,32954,6658,39612,396
2022-03-29,Calaveras,009,45235,7255,7250,356,7606,119
2022-03-29,Colusa,011,21464,3445,3445,1080,4525,21
2022-03-29,Contra Costa,013,1133247,188687,188359,13343,201702,1290
2022-03-29,Del Norte,015,27424,5803,5806,197,6003,50
2022-03-29,El Dorado,017,186661,26731,26706,3217,29923,200
2022-03-29,Fresno,019,978130,231045,230256,23088,253344,2718
2022-03-29,Glenn,021,27897,4981,4983,1576,6559,47
2022-03-29,Humboldt,023,135768,16877,16892,2971,19863,140
2022-03-29,Imperial,025,180216,55299,55233,11273,66506,908
2022-03-29,Inyo,027,18085,4064,4062,485,4547,56
2022-03-29,Kern,029,883053,191706,191338,46307,237645,2220
2022-03-29,Kings,031,150075,51479,51416,3615,55031,443
2022-03-29,Lake,033,64148,10677,10674,901,11575,136
2022-03-29,Lassen,035,31185,8945,8943,895,9838,65
2022-03-29,Los Angeles,037,10098052,2706868,2702005,123668,2825673,31378
2022-03-29,Madera,039,155013,37341,37325,6075,43400,354
2022-03-29,Marin,041,260295,33511,33431,2258,35689,287
2022-03-29,Mariposa,043,17540,2393,2388,202,2590,23
2022-03-29,Mendocino,045,87422,13058,13053,3051,16104,119
2022-03-29,Merced,047,269075,62193,62123,8557,70680,806
2022-03-29,Modoc,049,8938,740,737,253,990,8
2022-03-29,Mono,051,14174,2967,2966,122,3088,5
2022-03-29,Monterey,053,433212,79119,78774,13922,92696,725
2022-03-29,Napa,055,140530,25783,25732,970,26702,141
2022-03-29,Nevada,057,99092,15947,15956,1212,17168,123
2022-03-29,Orange,059,3164182,546157,545832,41536,587368,6871
2022-03-29,Placer,061,380077,62704,62687,7362,70049,614
2022-03-29,Plumas,063,18699,2919,2761,362,3123,13
2022-03-29,Riverside,065,2383286,590699,590359,28161,618520,6403
2022-03-29,Sacramento,067,1510023,277212,276040,26914,302954,2946
2022-03-29,San Benito,069,59416,12898,12892,521,13413,97
2022-03-29,San Bernardino,071,2135413,562586,561026,24747,585773,6860
2022-03-29,San Diego,073,3302833,752858,751240,51722,802962,5159
2022-03-29,San Francisco,075,870044,125035,124789,8421,133210,840
2022-03-29,San Joaquin,077,732212,166372,166241,9272,175513,2198
2022-03-29,San Luis Obispo,079,281455,52493,52455,3798,56253,472
2022-03-29,San Mateo,081,765935,121079,120435,7054,127489,686
2022-03-29,Santa Barbara,083,443738,85624,85464,4848,90312,676
2022-03-29,Santa Clara,085,1922200,312618,312067,12477,324544,2259
2022-03-29,Santa Cruz,087,273765,47373,47323,2131,49454,259
2022-03-29,Shasta,089,179085,30540,30552,6174,36726,529
2022-03-29,Sierra,091,2930,273,273,42,315,4
2022-03-29,Siskiyou,093,43540,4440,4439,2759,7198,80
2022-03-29,Solano,095,438530,81567,81713,5549,87262,441
2022-03-29,Sonoma,097,501317,83542,83130,2535,85665,485
2022-03-29,Stanislaus,099,539301,117391,117683,17322,135005,1559
2022-03-29,Sutter,101,95872,20573,20556,2130,22686,221
2022-03-29,Tehama,103,63373,12042,12045,2629,14674,198
2022-03-29,Trinity,105,12862,1176,1173,292,1465,20
2022-03-29,Tulare,107,460477,105470,104622,28531,133153,1406
2022-03-29,Tuolumne,109,53932,12613,12615,568,13183,180
2022-03-29,Ventura,111,848112,173113,172946,9286,182232,1460
2022-03-29,Yolo,113,214977,36597,36296,3202,39498,313
2022-03-29,Yuba,115,75493,15836,15824,1214,17038,117
2022-03-28,Alameda,001,1643700,255754,255192,14284,269476,1808
2022-03-28,Alpine,003,1148,124,124,1,125,0
2022-03-28,Amador,005,37829,8524,8480,646,9126,86
2022-03-28,Butte,007,227075,32983,32947,6657,39604,392
2022-03-28,Calaveras,009,45235,7255,7247,356,7603,119
2022-03-28,Colusa,011,21464,3445,3445,1080,4525,21
2022-03-28,Contra Costa,013,1133247,188607,188305,13339,201644,1290
2022-03-28,Del Norte,015,27424,5801,5834,197,6031,50
2022-03-28,El Dorado,017,186661,26725,26703,3216,29919,200
2022-03-28,Fresno,019,978130,231022,230144,23071,253215,2717
2022-03-28,Glenn,021,27897,4981,4983,1576,6559,47
2022-03-28,Humboldt,023,135768,16876,16916,2971,19887,140
2022-03-28,Imperial,025,180216,55287,55245,11270,66515,909
2022-03-28,Inyo,027,18085,4063,4062,485,4547,56
2022-03-28,Kern,029,883053,191682,191333,46298,237631,2212
2022-03-28,Kings,031,150075,51466,51405,3615,55020,443
2022-03-28,Lake,033,64148,10676,10673,900,11573,136
2022-03-28,Lassen,035,31185,8945,8946,895,9841,63
2022-03-28,Los Angeles,037,10098052,2706023,2700997,123631,2824628,31349
2022-03-28,Madera,039,155013,37338,37324,6075,43399,354
2022-03-28,Marin,041,260295,33485,33391,2251,35642,287
2022-03-28,Mariposa,043,17540,2392,2388,202,2590,23
2022-03-28,Mendocino,045,87422,13055,13046,3050,16096,118
2022-03-28,Merced,047,269075,62183,62116,8552,70668,805
2022-03-28,Modoc,049,8938,739,736,253,989,7
2022-03-28,Mono,051,14174,2967,2966,122,3088,5
2022-03-28,Monterey,053,433212,79086,78784,13918,92702,724
2022-03-28,Napa,055,140530,25778,25723,969,26692,140
2022-03-28,Nevada,057,99092,15945,15969,1212,17181,123
2022-03-28,Orange,059,3164182,546031,545700,41510,587210,6860
2022-03-28,Placer,061,380077,62684,62687,7360,70047,613
2022-03-28,Plumas,063,18699,2919,2760,362,3122,13
2022-03-28,Riverside,065,2383286,590604,590298,28151,618449,6397
2022-03-28,Sacramento,067,1510023,277143,275889,26904,302793,2946
2022-03-28,San Benito,069,59416,12898,12889,521,13410,97
2022-03-28,San Bernardino,071,2135413,562503,560836,24733,585569,6858
2022-03-28,San Diego,073,3302833,752621,750659,51693,802352,5155
2022-03-28,San Francisco,075,870044,124897,124678,8412,133090,839
2022-03-28,San Joaquin,077,732212,166340,166247,9268,175515,2196
2022-03-28,San Luis Obispo,079,281455,52468,52434,3795,56229,470
2022-03-28,San Mateo,081,765935,120967,120337,7048,127385,686
2022-03-28,Santa Barbara,083,443738,85596,85442,4846,90288,675
2022-03-28,Santa Clara,085,1922200,312382,311953,12468,324421,2257
2022-03-28,Santa Cruz,087,273765,47340,47324,2131,49455,259
2022-03-28,Shasta,089,179085,30539,30550,6173,36723,527
2022-03-28,Sierra,091,2930,273,273,42,315,4
2022-03-28,Siskiyou,093,43540,4439,4438,2759,7197,80
2022-03-28,Solano,095,438530,81545,81704,5544,87248,441
2022-03-28,Sonoma,097,501317,83500,83105,2532,85637,485
2022-03-28,Stanislaus,099,539301,117379,117783,17318,135101,1562
2022-03-28,Sutter,101,95872,20568,20549,2130,22679,221
2022-03-28,Tehama,103,63373,12041,12041,2628,14669,200
2022-03-28,Trinity,105,12862,1176,1173,292,1465,20
2022-03-28,Tulare,107,460477,105457,104576,28525,133101,1404
2022-03-28,Tuolumne,109,53932,12613,12627,568,13195,180
2022-03-28,Ventura,111,848112,173073,172867,9285,182152,1455
2022-03-28,Yolo,113,214977,36588,36282,3200,39482,312
2022-03-28,Yuba,115,75493,15835,15821,1212,17033,117
2022-03-27,Alameda,001,1643700,255579,255132,14274,269406,1809
2022-03-27,Alpine,003,1148,124,124,1,125,0
2022-03-27,Amador,005,37829,8521,8480,646,9126,86
2022-03-27,Butte,007,227075,32970,32943,6650,39593,392
2022-03-27,Calaveras,009,45235,7253,7245,356,7601,119
2022-03-27,Colusa,011,21464,3445,3445,1079,4524,21
2022-03-27,Contra Costa,013,1133247,188496,188251,13321,201572,1290
2022-03-27,Del Norte,015,27424,5800,5836,197,6033,50
2022-03-27,El Dorado,017,186661,26711,26699,3213,29912,200
2022-03-27,Fresno,019,978130,230975,230049,23053,253102,2717
2022-03-27,Glenn,021,27897,4980,4983,1576,6559,47
2022-03-27,Humboldt,023,135768,16872,16920,2971,19891,140
2022-03-27,Imperial,025,180216,55275,55240,11264,66504,909
2022-03-27,Inyo,027,18085,4062,4062,483,4545,56
2022-03-27,Kern,029,883053,191645,191332,46293,237625,2213
2022-03-27,Kings,031,150075,51457,51400,3615,55015,443
2022-03-27,Lake,033,64148,10675,10672,899,11571,136
2022-03-27,Lassen,035,31185,8945,8946,895,9841,63
2022-03-27,Los Angeles,037,10098052,2705259,2700983,123587,2824570,31348
2022-03-27,Madera,039,155013,37334,37323,6073,43396,354
2022-03-27,Marin,041,260295,33448,33391,2243,35634,287
2022-03-27,Mariposa,043,17540,2392,2390,202,2592,23
2022-03-27,Mendocino,045,87422,13048,13046,3048,16094,118
2022-03-27,Merced,047,269075,62173,62110,8550,70660,805
2022-03-27,Modoc,049,8938,738,736,251,987,7
2022-03-27,Mono,051,14174,2967,2966,122,3088,5
2022-03-27,Monterey,053,433212,79064,78778,13906,92684,724
2022-03-27,Napa,055,140530,25764,25723,969,26692,140
2022-03-27,Nevada,057,99092,15941,15967,1210,17177,123
2022-03-27,Orange,059,3164182,545904,545644,41475,587119,6860
2022-03-27,Placer,061,380077,62663,62680,7360,70040,613
2022-03-27,Plumas,063,18699,2918,2760,360,3120,13
2022-03-27,Riverside,065,2383286,590522,590251,28140,618391,6395
2022-03-27,Sacramento,067,1510023,277061,275854,26896,302750,2941
2022-03-27,San Benito,069,59416,12893,12889,520,13409,97
2022-03-27,San Bernardino,071,2135413,562389,560853,24729,585582,6862
2022-03-27,San Diego,073,3302833,752372,750659,51671,802330,5155
2022-03-27,San Francisco,075,870044,124716,124619,8400,133019,839
2022-03-27,San Joaquin,077,732212,166305,166238,9265,175503,2196
2022-03-27,San Luis Obispo,079,281455,52447,52430,3794,56224,470
2022-03-27,San Mateo,081,765935,120863,120324,7044,127368,686
2022-03-27,Santa Barbara,083,443738,85562,85434,4846,90280,675
2022-03-27,Santa Clara,085,1922200,312172,311822,12460,324282,2257
2022-03-27,Santa Cruz,087,273765,47307,47321,2126,49447,259
2022-03-27,Shasta,089,179085,30534,30550,6171,36721,527
2022-03-27,Sierra,091,2930,273,273,42,315,4
2022-03-27,Siskiyou,093,43540,4439,4436,2758,7194,80
2022-03-27,Solano,095,438530,81511,81691,5541,87232,441
2022-03-27,Sonoma,097,501317,83445,83088,2529,85617,485
2022-03-27,Stanislaus,099,539301,117358,117778,17316,135094,1562
2022-03-27,Sutter,101,95872,20562,20545,2130,22675,221
2022-03-27,Tehama,103,63373,12041,12040,2628,14668,200
2022-03-27,Trinity,105,12862,1176,1173,292,1465,20
2022-03-27,Tulare,107,460477,105448,104582,28516,133098,1404
2022-03-27,Tuolumne,109,53932,12611,12628,568,13196,180
2022-03-27,Ventura,111,848112,173027,172831,9283,182114,1455
2022-03-27,Yolo,113,214977,36576,36232,3199,39431,312
2022-03-27,Yuba,115,75493,15832,15821,1205,17026,117
2022-03-26,Alameda,001,1643700,255512,254691,14272,268963,1803
2022-03-26,Alpine,003,1148,124,124,1,125,0
2022-03-26,Amador,005,37829,8521,8476,646,9122,86
2022-03-26,Butte,007,227075,32966,32929,6649,39578,391
2022-03-26,Calaveras,009,45235,7251,7240,356,7596,120
2022-03-26,Colusa,011,21464,3443,3445,1079,4524,21
2022-03-26,Contra Costa,013,1133247,188442,187990,13318,201308,1285
2022-03-26,Del Norte,015,27424,5798,5831,197,6028,50
2022-03-26,El Dorado,017,186661,26703,26674,3211,29885,200
2022-03-26,Fresno,019,978130,230952,229799,23052,252851,2710
2022-03-26,Glenn,021,27897,4980,4978,1576,6554,47
2022-03-26,Humboldt,023,135768,16869,16911,2971,19882,139
2022-03-26,Imperial,025,180216,55269,55230,11263,66493,913
2022-03-26,Inyo,027,18085,4062,4060,482,4542,56
2022-03-26,Kern,029,883053,191631,191288,46288,237576,2201
2022-03-26,Kings,031,150075,51456,51397,3615,55012,444
2022-03-26,Lake,033,64148,10675,10659,899,11558,136
2022-03-26,Lassen,035,31185,8945,8944,895,9839,63
2022-03-26,Los Angeles,037,10098052,2704837,2698028,123552,2821580,31291
2022-03-26,Madera,039,155013,37331,37321,6071,43392,354
2022-03-26,Marin,041,260295,33437,33317,2240,35557,287
2022-03-26,Mariposa,043,17540,2392,2386,202,2588,23
2022-03-26,Mendocino,045,87422,13046,13038,3048,16086,118
2022-03-26,Merced,047,269075,62167,62083,8548,70631,805
2022-03-26,Modoc,049,8938,738,736,251,987,7
2022-03-26,Mono,051,14174,2967,2966,122,3088,5
2022-03-26,Monterey,053,433212,79056,78688,13904,92592,724
2022-03-26,Napa,055,140530,25761,25701,969,26670,139
2022-03-26,Nevada,057,99092,15937,15960,1210,17170,123
2022-03-26,Orange,059,3164182,545828,545294,41461,586755,6853
2022-03-26,Placer,061,380077,62651,62634,7357,69991,613
2022-03-26,Plumas,063,18699,2918,2758,359,3117,13
2022-03-26,Riverside,065,2383286,590456,590060,28138,618198,6397
2022-03-26,Sacramento,067,1510023,277031,275529,26894,302423,2935
2022-03-26,San Benito,069,59416,12893,12885,520,13405,97
2022-03-26,San Bernardino,071,2135413,562339,560742,24725,585467,6840
2022-03-26,San Diego,073,3302833,752249,750170,51663,801833,5146
2022-03-26,San Francisco,075,870044,124612,124265,8392,132657,839
2022-03-26,San Joaquin,077,732212,166285,166079,9264,175343,2195
2022-03-26,San Luis Obispo,079,281455,52441,52369,3794,56163,469
2022-03-26,San Mateo,081,765935,120806,120165,7036,127201,684
2022-03-26,Santa Barbara,083,443738,85541,85477,4845,90322,674
2022-03-26,Santa Clara,085,1922200,312019,311189,12452,323641,2250
2022-03-26,Santa Cruz,087,273765,47296,47329,2126,49455,259
2022-03-26,Shasta,089,179085,30532,30542,6170,36712,527
2022-03-26,Sierra,091,2930,273,273,42,315,4
2022-03-26,Siskiyou,093,43540,4438,4433,2758,7191,80
2022-03-26,Solano,095,438530,81501,81659,5541,87200,441
2022-03-26,Sonoma,097,501317,83416,83113,2527,85640,485
2022-03-26,Stanislaus,099,539301,117351,117962,17315,135277,1565
2022-03-26,Sutter,101,95872,20560,20536,2130,22666,221
2022-03-26,Tehama,103,63373,12041,12036,2627,14663,195
2022-03-26,Trinity,105,12862,1176,1174,292,1466,20
2022-03-26,Tulare,107,460477,105441,104538,28515,133053,1400
2022-03-26,Tuolumne,109,53932,12609,12628,568,13196,180
2022-03-26,Ventura,111,848112,172988,172690,9279,181969,1455
2022-03-26,Yolo,113,214977,36571,36234,3199,39433,311
2022-03-26,Yuba,115,75493,15831,15807,1205,17012,117
2022-03-25,Alameda,001,1643700,255449,254691,14270,268961,1803
2022-03-25,Alpine,003,1148,124,124,1,125,0
2022-03-25,Amador,005,37829,8520,8476,646,9122,86
2022-03-25,Butte,007,227075,32960,32929,6648,39577,391
2022-03-25,Calaveras,009,45235,7250,7240,356,7596,120
2022-03-25,Colusa,011,21464,3443,3445,1079,4524,21
2022-03-25,Contra Costa,013,1133247,188396,187990,13314,201304,1285
2022-03-25,Del Norte,015,27424,5798,5831,197,6028,50
2022-03-25,El Dorado,017,186661,26699,26674,3211,29885,200
2022-03-25,Fresno,019,978130,230923,229799,23043,252842,2710
2022-03-25,Glenn,021,27897,4980,4978,1576,6554,47
2022-03-25,Humboldt,023,135768,16869,16911,2971,19882,139
2022-03-25,Imperial,025,180216,55265,55230,11262,66492,913
2022-03-25,Inyo,027,18085,4061,4060,482,4542,56
2022-03-25,Kern,029,883053,191621,191288,46287,237575,2201
2022-03-25,Kings,031,150075,51455,51397,3615,55012,444
2022-03-25,Lake,033,64148,10675,10659,899,11558,136
2022-03-25,Lassen,035,31185,8944,8944,895,9839,63
2022-03-25,Los Angeles,037,10098052,2704435,2698028,123523,2821551,31291
2022-03-25,Madera,039,155013,37329,37321,6070,43391,354
2022-03-25,Marin,041,260295,33421,33317,2231,35548,287
2022-03-25,Mariposa,043,17540,2392,2386,202,2588,23
2022-03-25,Mendocino,045,87422,13046,13038,3048,16086,118
2022-03-25,Merced,047,269075,62160,62083,8547,70630,805
2022-03-25,Modoc,049,8938,738,736,251,987,7
2022-03-25,Mono,051,14174,2966,2966,122,3088,5
2022-03-25,Monterey,053,433212,79047,78688,13900,92588,724
2022-03-25,Napa,055,140530,25754,25701,969,26670,139
2022-03-25,Nevada,057,99092,15936,15960,1210,17170,123
2022-03-25,Orange,059,3164182,545756,545294,41446,586740,6853
2022-03-25,Placer,061,380077,62645,62634,7355,69989,613
2022-03-25,Plumas,063,18699,2917,2758,359,3117,13
2022-03-25,Riverside,065,2383286,590395,590060,28128,618188,6397
2022-03-25,Sacramento,067,1510023,276991,275529,26892,302421,2935
2022-03-25,San Benito,069,59416,12893,12885,520,13405,97
2022-03-25,San Bernardino,071,2135413,562301,560742,24723,585465,6840
2022-03-25,San Diego,073,3302833,752129,750170,51654,801824,5146
2022-03-25,San Francisco,075,870044,124531,124265,8377,132642,839
2022-03-25,San Joaquin,077,732212,166270,166079,9262,175341,2195
2022-03-25,San Luis Obispo,079,281455,52438,52369,3793,56162,469
2022-03-25,San Mateo,081,765935,120755,120165,7036,127201,684
2022-03-25,Santa Barbara,083,443738,85526,85477,4843,90320,674
2022-03-25,Santa Clara,085,1922200,311868,311189,12448,323637,2250
2022-03-25,Santa Cruz,087,273765,47288,47329,2125,49454,259
2022-03-25,Shasta,089,179085,30530,30542,6169,36711,527
2022-03-25,Sierra,091,2930,273,273,42,315,4
2022-03-25,Siskiyou,093,43540,4436,4433,2756,7189,80
2022-03-25,Solano,095,438530,81486,81659,5539,87198,441
2022-03-25,Sonoma,097,501317,83380,83113,2527,85640,485
2022-03-25,Stanislaus,099,539301,117335,117962,17314,135276,1565
2022-03-25,Sutter,101,95872,20555,20536,2130,22666,221
2022-03-25,Tehama,103,63373,12039,12036,2627,14663,195
2022-03-25,Trinity,105,12862,1176,1174,292,1466,20
2022-03-25,Tulare,107,460477,105436,104538,28511,133049,1400
2022-03-25,Tuolumne,109,53932,12608,12628,568,13196,180
2022-03-25,Ventura,111,848112,172951,172690,9279,181969,1455
2022-03-25,Yolo,113,214977,36558,36234,3199,39433,311
2022-03-25,Yuba,115,75493,15826,15807,1204,17011,117
2022-03-24,Alameda,001,1643700,255345,254691,14254,268945,1803
2022-03-24,Alpine,003,1148,124,124,1,125,0
2022-03-24,Amador,005,37829,8520,8476,646,9122,86
2022-03-24,Butte,007,227075,32953,32929,6648,39577,391
2022-03-24,Calaveras,009,45235,7247,7240,356,7596,120
2022-03-24,Colusa,011,21464,3443,3445,1079,4524,21
2022-03-24,Contra Costa,013,1133247,188316,187990,13313,201303,1285
2022-03-24,Del Norte,015,27424,5794,5831,197,6028,50
2022-03-24,El Dorado,017,186661,26689,26674,3210,29884,200
2022-03-24,Fresno,019,978130,230882,229799,23030,252829,2710
2022-03-24,Glenn,021,27897,4979,4978,1576,6554,47
2022-03-24,Humboldt,023,135768,16864,16911,2969,19880,139
2022-03-24,Imperial,025,180216,55260,55230,11259,66489,913
2022-03-24,Inyo,027,18085,4060,4060,482,4542,56
2022-03-24,Kern,029,883053,191609,191288,46282,237570,2201
2022-03-24,Kings,031,150075,51446,51397,3613,55010,444
2022-03-24,Lake,033,64148,10674,10659,899,11558,136
2022-03-24,Lassen,035,31185,8943,8944,895,9839,63
2022-03-24,Los Angeles,037,10098052,2703881,2698028,123486,2821514,31291
2022-03-24,Madera,039,155013,37327,37321,6069,43390,354
2022-03-24,Marin,041,260295,33397,33317,2220,35537,287
2022-03-24,Mariposa,043,17540,2392,2386,202,2588,23
2022-03-24,Mendocino,045,87422,13041,13038,3045,16083,118
2022-03-24,Merced,047,269075,62154,62083,8546,70629,805
2022-03-24,Modoc,049,8938,738,736,251,987,7
2022-03-24,Mono,051,14174,2966,2966,122,3088,5
2022-03-24,Monterey,053,433212,79019,78688,13885,92573,724
2022-03-24,Napa,055,140530,25745,25701,969,26670,139
2022-03-24,Nevada,057,99092,15932,15960,1209,17169,123
2022-03-24,Orange,059,3164182,545657,545294,41428,586722,6853
2022-03-24,Placer,061,380077,62626,62634,7354,69988,613
2022-03-24,Plumas,063,18699,2917,2758,359,3117,13
2022-03-24,Riverside,065,2383286,590317,590060,28120,618180,6397
2022-03-24,Sacramento,067,1510023,276920,275529,26889,302418,2935
2022-03-24,San Benito,069,59416,12892,12885,519,13404,97
2022-03-24,San Bernardino,071,2135413,562221,560742,24718,585460,6840
2022-03-24,San Diego,073,3302833,751918,750170,51642,801812,5146
2022-03-24,San Francisco,075,870044,124453,124265,8371,132636,839
2022-03-24,San Joaquin,077,732212,166243,166079,9261,175340,2195
2022-03-24,San Luis Obispo,079,281455,52422,52369,3792,56161,469
2022-03-24,San Mateo,081,765935,120705,120165,7031,127196,684
2022-03-24,Santa Barbara,083,443738,85511,85477,4840,90317,674
2022-03-24,Santa Clara,085,1922200,311725,311189,12430,323619,2250
2022-03-24,Santa Cruz,087,273765,47271,47329,2124,49453,259
2022-03-24,Shasta,089,179085,30522,30542,6169,36711,527
2022-03-24,Sierra,091,2930,273,273,42,315,4
2022-03-24,Siskiyou,093,43540,4433,4433,2756,7189,80
2022-03-24,Solano,095,438530,81466,81659,5538,87197,441
2022-03-24,Sonoma,097,501317,83344,83113,2526,85639,485
2022-03-24,Stanislaus,099,539301,117326,117962,17311,135273,1565
2022-03-24,Sutter,101,95872,20550,20536,2130,22666,221
2022-03-24,Tehama,103,63373,12038,12036,2625,14661,195
2022-03-24,Trinity,105,12862,1176,1174,292,1466,20
2022-03-24,Tulare,107,460477,105426,104538,28506,133044,1400
2022-03-24,Tuolumne,109,53932,12606,12628,568,13196,180
2022-03-24,Ventura,111,848112,172908,172690,9278,181968,1455
2022-03-24,Yolo,113,214977,36551,36234,3195,39429,311
2022-03-24,Yuba,115,75493,15821,15807,1201,17008,117
2022-03-23,Alameda,001,1643700,255212,254559,14242,268801,1802
2022-03-23,Alpine,003,1148,124,124,1,125,0
2022-03-23,Amador,005,37829,8520,8475,646,9121,86
2022-03-23,Butte,007,227075,32940,32920,6647,39567,387
2022-03-23,Calaveras,009,45235,7242,7237,356,7593,120
2022-03-23,Colusa,011,21464,3442,3444,1079,4523,21
2022-03-23,Contra Costa,013,1133247,188217,187898,13302,201200,1279
2022-03-23,Del Norte,015,27424,5792,5830,196,6026,50
2022-03-23,El Dorado,017,186661,26683,26670,3210,29880,200
2022-03-23,Fresno,019,978130,230845,229656,23014,252670,2710
2022-03-23,Glenn,021,27897,4979,4975,1576,6551,47
2022-03-23,Humboldt,023,135768,16863,16908,2967,19875,139
2022-03-23,Imperial,025,180216,55255,55211,11247,66458,909
2022-03-23,Inyo,027,18085,4060,4060,482,4542,56
2022-03-23,Kern,029,883053,191592,191241,46277,237518,2196
2022-03-23,Kings,031,150075,51434,51384,3612,54996,442
2022-03-23,Lake,033,64148,10670,10658,898,11556,135
2022-03-23,Lassen,035,31185,8942,8944,894,9838,63
2022-03-23,Los Angeles,037,10098052,2703201,2697227,123457,2820684,31267
2022-03-23,Madera,039,155013,37323,37317,6065,43382,354
2022-03-23,Marin,041,260295,33373,33274,2215,35489,287
2022-03-23,Mariposa,043,17540,2390,2382,201,2583,11
2022-03-23,Mendocino,045,87422,13037,13033,3044,16077,118
2022-03-23,Merced,047,269075,62144,62056,8542,70598,805
2022-03-23,Modoc,049,8938,738,736,251,987,7
2022-03-23,Mono,051,14174,2966,2966,122,3088,5
2022-03-23,Monterey,053,433212,79001,78655,13858,92513,724
2022-03-23,Napa,055,140530,25732,25691,967,26658,139
2022-03-23,Nevada,057,99092,15930,15958,1209,17167,123
2022-03-23,Orange,059,3164182,545531,545158,41415,586573,6852
2022-03-23,Placer,061,380077,62608,62622,7352,69974,613
2022-03-23,Plumas,063,18699,2917,2747,359,3106,13
2022-03-23,Riverside,065,2383286,590243,589947,28115,618062,6388
2022-03-23,Sacramento,067,1510023,276857,275398,26882,302280,2934
2022-03-23,San Benito,069,59416,12891,12884,519,13403,97
2022-03-23,San Bernardino,071,2135413,562149,560550,24712,585262,6828
2022-03-23,San Diego,073,3302833,751722,749871,51620,801491,5143
2022-03-23,San Francisco,075,870044,124338,124110,8365,132475,838
2022-03-23,San Joaquin,077,732212,166208,166041,9256,175297,2187
2022-03-23,San Luis Obispo,079,281455,52405,52344,3787,56131,469
2022-03-23,San Mateo,081,765935,120622,120080,7020,127100,685
2022-03-23,Santa Barbara,083,443738,85492,85464,4839,90303,673
2022-03-23,Santa Clara,085,1922200,311564,310956,12418,323374,2250
2022-03-23,Santa Cruz,087,273765,47250,47314,2118,49432,259
2022-03-23,Shasta,089,179085,30518,30524,6168,36692,526
2022-03-23,Sierra,091,2930,273,273,42,315,4
2022-03-23,Siskiyou,093,43540,4432,4433,2756,7189,80
2022-03-23,Solano,095,438530,81432,81615,5537,87152,441
2022-03-23,Sonoma,097,501317,83311,83074,2524,85598,482
2022-03-23,Stanislaus,099,539301,117307,118041,17308,135349,1568
2022-03-23,Sutter,101,95872,20547,20532,2130,22662,218
2022-03-23,Tehama,103,63373,12036,12035,2625,14660,195
2022-03-23,Trinity,105,12862,1176,1174,292,1466,20
2022-03-23,Tulare,107,460477,105408,104489,28500,132989,1394
2022-03-23,Tuolumne,109,53932,12605,12629,568,13197,180
2022-03-23,Ventura,111,848112,172860,172647,9276,181923,1455
2022-03-23,Yolo,113,214977,36535,36197,3194,39391,308
2022-03-23,Yuba,115,75493,15815,15801,1200,17001,117
2022-03-22,Alameda,001,1643700,255094,254467,13861,268328,1802
2022-03-22,Alpine,003,1148,124,122,1,123,0
2022-03-22,Amador,005,37829,8519,8462,645,9107,86
2022-03-22,Butte,007,227075,32930,32907,6642,39549,387
2022-03-22,Calaveras,009,45235,7240,7237,356,7593,120
2022-03-22,Colusa,011,21464,3441,3445,1079,4524,21
2022-03-22,Contra Costa,013,1133247,188138,187813,13280,201093,1279
2022-03-22,Del Norte,015,27424,5787,5824,196,6020,50
2022-03-22,El Dorado,017,186661,26676,26661,3210,29871,200
2022-03-22,Fresno,019,978130,230798,229551,23006,252557,2708
2022-03-22,Glenn,021,27897,4976,4971,1576,6547,47
2022-03-22,Humboldt,023,135768,16860,16911,2967,19878,139
2022-03-22,Imperial,025,180216,55246,55170,11238,66408,908
2022-03-22,Inyo,027,18085,4060,4060,482,4542,56
2022-03-22,Kern,029,883053,191568,191213,46268,237481,2195
2022-03-22,Kings,031,150075,51422,51369,3611,54980,442
2022-03-22,Lake,033,64148,10668,10657,897,11554,135
2022-03-22,Lassen,035,31185,8942,8940,893,9833,63
2022-03-22,Los Angeles,037,10098052,2702549,2696746,123412,2820158,31250
2022-03-22,Madera,039,155013,37319,37304,6062,43366,354
2022-03-22,Marin,041,260295,33349,33253,2211,35464,287
2022-03-22,Mariposa,043,17540,2388,2382,201,2583,6
2022-03-22,Mendocino,045,87422,13032,13030,3042,16072,118
2022-03-22,Merced,047,269075,62134,62056,8538,70594,805
2022-03-22,Modoc,049,8938,738,735,251,986,7
2022-03-22,Mono,051,14174,2966,2963,122,3085,5
2022-03-22,Monterey,053,433212,78985,78614,13847,92461,724
2022-03-22,Napa,055,140530,25723,25688,966,26654,139
2022-03-22,Nevada,057,99092,15922,15950,1209,17159,123
2022-03-22,Orange,059,3164182,545390,545075,41400,586475,6843
2022-03-22,Placer,061,380077,62596,62604,7350,69954,610
2022-03-22,Plumas,063,18699,2916,2744,359,3103,13
2022-03-22,Riverside,065,2383286,590169,589816,28112,617928,6383
2022-03-22,Sacramento,067,1510023,276783,275374,26870,302244,2927
2022-03-22,San Benito,069,59416,12890,12884,518,13402,97
2022-03-22,San Bernardino,071,2135413,562067,560371,24692,585063,6811
2022-03-22,San Diego,073,3302833,751516,749647,51600,801247,5141
2022-03-22,San Francisco,075,870044,124231,123998,8360,132358,838
2022-03-22,San Joaquin,077,732212,166180,165992,9252,175244,2187
2022-03-22,San Luis Obispo,079,281455,52397,52257,3786,56043,465
2022-03-22,San Mateo,081,765935,120552,119975,7014,126989,686
2022-03-22,Santa Barbara,083,443738,85476,85457,4838,90295,672
2022-03-22,Santa Clara,085,1922200,311393,310787,12408,323195,2249
2022-03-22,Santa Cruz,087,273765,47231,47287,2117,49404,259
2022-03-22,Shasta,089,179085,30512,30528,6167,36695,525
2022-03-22,Sierra,091,2930,273,273,42,315,4
2022-03-22,Siskiyou,093,43540,4432,4429,2755,7184,80
2022-03-22,Solano,095,438530,81408,81587,5536,87123,440
2022-03-22,Sonoma,097,501317,83284,83042,2521,85563,482
2022-03-22,Stanislaus,099,539301,117288,118025,17305,135330,1568
2022-03-22,Sutter,101,95872,20546,20525,2126,22651,218
2022-03-22,Tehama,103,63373,12034,12034,2625,14659,162
2022-03-22,Trinity,105,12862,1176,1174,292,1466,20
2022-03-22,Tulare,107,460477,105396,104431,28489,132920,1391
2022-03-22,Tuolumne,109,53932,12605,12628,568,13196,180
2022-03-22,Ventura,111,848112,172812,172590,9274,181864,1455
2022-03-22,Yolo,113,214977,36517,36184,3193,39377,308
2022-03-22,Yuba,115,75493,15812,15795,1199,16994,117
2022-03-21,Alameda,001,1643700,254877,254354,13853,268207,1799
2022-03-21,Alpine,003,1148,124,122,1,123,0
2022-03-21,Amador,005,37829,8517,8461,644,9105,85
2022-03-21,Butte,007,227075,32919,32895,6638,39533,385
2022-03-21,Calaveras,009,45235,7239,7237,356,7593,119
2022-03-21,Colusa,011,21464,3441,3445,1079,4524,21
2022-03-21,Contra Costa,013,1133247,188072,187509,13262,200771,1276
2022-03-21,Del Norte,015,27424,5786,5824,196,6020,50
2022-03-21,El Dorado,017,186661,26665,26610,3208,29818,199
2022-03-21,Fresno,019,978130,230749,229374,22997,252371,2707
2022-03-21,Glenn,021,27897,4974,4972,1569,6541,46
2022-03-21,Humboldt,023,135768,16850,16912,2954,19866,139
2022-03-21,Imperial,025,180216,55230,55133,11232,66365,908
2022-03-21,Inyo,027,18085,4059,4060,482,4542,56
2022-03-21,Kern,029,883053,191533,191184,46262,237446,2187
2022-03-21,Kings,031,150075,51408,51366,3609,54975,441
2022-03-21,Lake,033,64148,10666,10655,897,11552,135
2022-03-21,Lassen,035,31185,8941,8939,893,9832,63
2022-03-21,Los Angeles,037,10098052,2701709,2694711,123363,2818074,31218
2022-03-21,Madera,039,155013,37312,37288,6058,43346,354
2022-03-21,Marin,041,260295,33306,33242,2207,35449,287
2022-03-21,Mariposa,043,17540,2387,2383,200,2583,6
2022-03-21,Mendocino,045,87422,13024,13028,3040,16068,118
2022-03-21,Merced,047,269075,62120,62048,8533,70581,803
2022-03-21,Modoc,049,8938,736,734,251,985,7
2022-03-21,Mono,051,14174,2966,2962,122,3084,5
2022-03-21,Monterey,053,433212,78937,78572,13832,92404,724
2022-03-21,Napa,055,140530,25715,25684,964,26648,138
2022-03-21,Nevada,057,99092,15918,15963,1208,17171,123
2022-03-21,Orange,059,3164182,545236,544943,41387,586330,6841
2022-03-21,Placer,061,380077,62577,62550,7350,69900,610
2022-03-21,Plumas,063,18699,2916,2744,359,3103,13
2022-03-21,Riverside,065,2383286,590088,589707,28105,617812,6376
2022-03-21,Sacramento,067,1510023,276690,275334,26856,302190,2925
2022-03-21,San Benito,069,59416,12884,12872,518,13390,97
2022-03-21,San Bernardino,071,2135413,561979,560210,24680,584890,6807
2022-03-21,San Diego,073,3302833,751282,748833,51579,800412,5138
2022-03-21,San Francisco,075,870044,124063,123912,8352,132264,835
2022-03-21,San Joaquin,077,732212,166154,165939,9249,175188,2185
2022-03-21,San Luis Obispo,079,281455,52372,52219,3781,56000,463
2022-03-21,San Mateo,081,765935,120392,119899,7012,126911,684
2022-03-21,Santa Barbara,083,443738,85460,85416,4836,90252,672
2022-03-21,Santa Clara,085,1922200,311125,310509,12405,322914,2245
2022-03-21,Santa Cruz,087,273765,47196,47267,2115,49382,259
2022-03-21,Shasta,089,179085,30506,30523,6164,36687,525
2022-03-21,Sierra,091,2930,273,273,42,315,4
2022-03-21,Siskiyou,093,43540,4432,4426,2755,7181,80
2022-03-21,Solano,095,438530,81380,81399,5536,86935,441
2022-03-21,Sonoma,097,501317,83247,82979,2516,85495,482
2022-03-21,Stanislaus,099,539301,117257,118144,17302,135446,1571
2022-03-21,Sutter,101,95872,20543,20523,2112,22635,218
2022-03-21,Tehama,103,63373,12030,12030,2625,14655,160
2022-03-21,Trinity,105,12862,1176,1174,292,1466,20
2022-03-21,Tulare,107,460477,105376,104350,28483,132833,1389
2022-03-21,Tuolumne,109,53932,12605,12620,568,13188,180
2022-03-21,Ventura,111,848112,172743,172537,9270,181807,1452
2022-03-21,Yolo,113,214977,36502,36141,3192,39333,307
2022-03-21,Yuba,115,75493,15809,15790,1198,16988,117
2022-03-20,Alameda,001,1643700,254752,254293,13843,268136,1801
2022-03-20,Alpine,003,1148,122,122,1,123,0
2022-03-20,Amador,005,37829,8514,8460,644,9104,85
2022-03-20,Butte,007,227075,32905,32892,6633,39525,385
2022-03-20,Calaveras,009,45235,7238,7233,353,7586,119
2022-03-20,Colusa,011,21464,3441,3446,1079,4525,21
2022-03-20,Contra Costa,013,1133247,187971,187467,13250,200717,1276
2022-03-20,Del Norte,015,27424,5783,5821,196,6017,50
2022-03-20,El Dorado,017,186661,26658,26608,3208,29816,199
2022-03-20,Fresno,019,978130,230672,229297,22990,252287,2707
2022-03-20,Glenn,021,27897,4972,4972,1569,6541,46
2022-03-20,Humboldt,023,135768,16848,16913,2952,19865,139
2022-03-20,Imperial,025,180216,55219,55133,11228,66361,908
2022-03-20,Inyo,027,18085,4059,4060,482,4542,56
2022-03-20,Kern,029,883053,191488,191170,46257,237427,2187
2022-03-20,Kings,031,150075,51396,51360,3609,54969,441
2022-03-20,Lake,033,64148,10662,10652,897,11549,135
2022-03-20,Lassen,035,31185,8939,8938,893,9831,63
2022-03-20,Los Angeles,037,10098052,2700925,2694698,123316,2818014,31219
2022-03-20,Madera,039,155013,37306,37284,6054,43338,354
2022-03-20,Marin,041,260295,33289,33232,2206,35438,275
2022-03-20,Mariposa,043,17540,2387,2383,200,2583,6
2022-03-20,Mendocino,045,87422,13018,13027,3034,16061,118
2022-03-20,Merced,047,269075,62109,62041,8527,70568,803
2022-03-20,Modoc,049,8938,736,734,251,985,7
2022-03-20,Mono,051,14174,2964,2962,122,3084,5
2022-03-20,Monterey,053,433212,78904,78566,13821,92387,723
2022-03-20,Napa,055,140530,25703,25682,963,26645,138
2022-03-20,Nevada,057,99092,15914,15964,1208,17172,123
2022-03-20,Orange,059,3164182,545116,544862,41369,586231,6841
2022-03-20,Placer,061,380077,62556,62525,7349,69874,610
2022-03-20,Plumas,063,18699,2916,2744,359,3103,13
2022-03-20,Riverside,065,2383286,589991,589657,28100,617757,6376
2022-03-20,Sacramento,067,1510023,276612,275317,26841,302158,2927
2022-03-20,San Benito,069,59416,12884,12869,517,13386,97
2022-03-20,San Bernardino,071,2135413,561900,560220,24673,584893,6805
2022-03-20,San Diego,073,3302833,751038,748833,51548,800381,5138
2022-03-20,San Francisco,075,870044,123910,123858,8339,132197,835
2022-03-20,San Joaquin,077,732212,166122,165927,9245,175172,2185
2022-03-20,San Luis Obispo,079,281455,52348,52217,3778,55995,463
2022-03-20,San Mateo,081,765935,120334,119901,7007,126908,684
2022-03-20,Santa Barbara,083,443738,85433,85412,4834,90246,672
2022-03-20,Santa Clara,085,1922200,310917,310412,12398,322810,2243
2022-03-20,Santa Cruz,087,273765,47170,47265,2114,49379,259
2022-03-20,Shasta,089,179085,30496,30522,6163,36685,525
2022-03-20,Sierra,091,2930,273,273,42,315,4
2022-03-20,Siskiyou,093,43540,4431,4426,2755,7181,80
2022-03-20,Solano,095,438530,81352,81393,5535,86928,441
2022-03-20,Sonoma,097,501317,83205,82965,2515,85480,481
2022-03-20,Stanislaus,099,539301,117232,118146,17298,135444,1572
2022-03-20,Sutter,101,95872,20536,20519,2102,22621,218
2022-03-20,Tehama,103,63373,12027,12030,2625,14655,160
2022-03-20,Trinity,105,12862,1176,1174,292,1466,20
2022-03-20,Tulare,107,460477,105354,104353,28461,132814,1389
2022-03-20,Tuolumne,109,53932,12600,12617,568,13185,180
2022-03-20,Ventura,111,848112,172690,172514,9265,181779,1451
2022-03-20,Yolo,113,214977,36480,36135,3191,39326,307
2022-03-20,Yuba,115,75493,15801,15787,1196,16983,117
2022-03-19,Alameda,001,1643700,254683,253936,13842,267778,1797
2022-03-19,Alpine,003,1148,122,122,1,123,0
2022-03-19,Amador,005,37829,8511,8456,644,9100,85
2022-03-19,Butte,007,227075,32898,32856,6632,39488,385
2022-03-19,Calaveras,009,45235,7237,7229,353,7582,119
2022-03-19,Colusa,011,21464,3439,3445,1079,4524,21
2022-03-19,Contra Costa,013,1133247,187936,187225,13250,200475,1276
2022-03-19,Del Norte,015,27424,5780,5815,196,6011,48
2022-03-19,El Dorado,017,186661,26654,26618,3208,29826,199
2022-03-19,Fresno,019,978130,230648,228965,22990,251955,2694
2022-03-19,Glenn,021,27897,4972,4971,1569,6540,44
2022-03-19,Humboldt,023,135768,16843,16901,2951,19852,138
2022-03-19,Imperial,025,180216,55218,55038,11227,66265,898
2022-03-19,Inyo,027,18085,4059,4061,482,4543,56
2022-03-19,Kern,029,883053,191476,190943,46249,237192,2184
2022-03-19,Kings,031,150075,51391,51334,3609,54943,441
2022-03-19,Lake,033,64148,10662,10641,897,11538,135
2022-03-19,Lassen,035,31185,8939,8925,893,9818,63
2022-03-19,Los Angeles,037,10098052,2700566,2686759,123284,2810043,31133
2022-03-19,Madera,039,155013,37306,37273,6054,43327,354
2022-03-19,Marin,041,260295,33271,33163,2202,35365,272
2022-03-19,Mariposa,043,17540,2386,2378,200,2578,6
2022-03-19,Mendocino,045,87422,13018,13012,3034,16046,117
2022-03-19,Merced,047,269075,62103,61985,8525,70510,800
2022-03-19,Modoc,049,8938,736,734,251,985,7
2022-03-19,Mono,051,14174,2964,2961,122,3083,5
2022-03-19,Monterey,053,433212,78891,78483,13814,92297,720
2022-03-19,Napa,055,140530,25700,25654,963,26617,138
2022-03-19,Nevada,057,99092,15912,15960,1208,17168,123
2022-03-19,Orange,059,3164182,545044,543907,41351,585258,6817
2022-03-19,Placer,061,380077,62541,62483,7349,69832,605
2022-03-19,Plumas,063,18699,2916,2724,359,3083,13
2022-03-19,Riverside,065,2383286,589938,589017,28092,617109,6359
2022-03-19,Sacramento,067,1510023,276574,274855,26836,301691,2913
2022-03-19,San Benito,069,59416,12883,12859,517,13376,97
2022-03-19,San Bernardino,071,2135413,561854,559935,24672,584607,6778
2022-03-19,San Diego,073,3302833,750933,747344,51536,798880,5133
2022-03-19,San Francisco,075,870044,123845,123587,8336,131923,833
2022-03-19,San Joaquin,077,732212,166096,165765,9242,175007,2181
2022-03-19,San Luis Obispo,079,281455,52342,52174,3778,55952,463
2022-03-19,San Mateo,081,765935,120298,119782,7005,126787,667
2022-03-19,Santa Barbara,083,443738,85420,85336,4833,90169,671
2022-03-19,Santa Clara,085,1922200,310802,309918,12390,322308,2225
2022-03-19,Santa Cruz,087,273765,47162,47203,2110,49313,256
2022-03-19,Shasta,089,179085,30492,30495,6163,36658,525
2022-03-19,Sierra,091,2930,273,273,42,315,4
2022-03-19,Siskiyou,093,43540,4430,4422,2755,7177,76
2022-03-19,Solano,095,438530,81343,81340,5532,86872,441
2022-03-19,Sonoma,097,501317,83189,82838,2512,85350,472
2022-03-19,Stanislaus,099,539301,117222,118138,17297,135435,1568
2022-03-19,Sutter,101,95872,20533,20503,2102,22605,218
2022-03-19,Tehama,103,63373,12027,12007,2625,14632,160
2022-03-19,Trinity,105,12862,1176,1173,292,1465,20
2022-03-19,Tulare,107,460477,105345,104290,28456,132746,1384
2022-03-19,Tuolumne,109,53932,12600,12617,568,13185,180
2022-03-19,Ventura,111,848112,172659,172380,9264,181644,1451
2022-03-19,Yolo,113,214977,36471,36086,3191,39277,306
2022-03-19,Yuba,115,75493,15797,15768,1195,16963,117
2022-03-18,Alameda,001,1643700,254621,253936,13838,267774,1797
2022-03-18,Alpine,003,1148,122,122,1,123,0
2022-03-18,Amador,005,37829,8511,8456,644,9100,85
2022-03-18,Butte,007,227075,32893,32856,6629,39485,385
2022-03-18,Calaveras,009,45235,7237,7229,353,7582,119
2022-03-18,Colusa,011,21464,3439,3445,1079,4524,21
2022-03-18,Contra Costa,013,1133247,187904,187225,13248,200473,1276
2022-03-18,Del Norte,015,27424,5778,5815,195,6010,48
2022-03-18,El Dorado,017,186661,26650,26618,3206,29824,199
2022-03-18,Fresno,019,978130,230614,228965,22990,251955,2694
2022-03-18,Glenn,021,27897,4972,4971,1569,6540,44
2022-03-18,Humboldt,023,135768,16840,16901,2950,19851,138
2022-03-18,Imperial,025,180216,55216,55038,11227,66265,898
2022-03-18,Inyo,027,18085,4059,4061,482,4543,56
2022-03-18,Kern,029,883053,191465,190943,46246,237189,2184
2022-03-18,Kings,031,150075,51385,51334,3609,54943,441
2022-03-18,Lake,033,64148,10660,10641,895,11536,135
2022-03-18,Lassen,035,31185,8938,8925,893,9818,63
2022-03-18,Los Angeles,037,10098052,2700229,2686759,123258,2810017,31133
2022-03-18,Madera,039,155013,37301,37273,6054,43327,354
2022-03-18,Marin,041,260295,33257,33163,2202,35365,272
2022-03-18,Mariposa,043,17540,2385,2378,200,2578,6
2022-03-18,Mendocino,045,87422,13012,13012,3034,16046,117
2022-03-18,Merced,047,269075,62093,61985,8525,70510,800
2022-03-18,Modoc,049,8938,736,734,251,985,7
2022-03-18,Mono,051,14174,2963,2961,122,3083,5
2022-03-18,Monterey,053,433212,78872,78483,13810,92293,720
2022-03-18,Napa,055,140530,25697,25654,963,26617,138
2022-03-18,Nevada,057,99092,15909,15960,1207,17167,123
2022-03-18,Orange,059,3164182,544975,543907,41342,585249,6817
2022-03-18,Placer,061,380077,62533,62483,7349,69832,605
2022-03-18,Plumas,063,18699,2916,2724,359,3083,13
2022-03-18,Riverside,065,2383286,589881,589017,28088,617105,6359
2022-03-18,Sacramento,067,1510023,276542,274855,26831,301686,2913
2022-03-18,San Benito,069,59416,12881,12859,517,13376,97
2022-03-18,San Bernardino,071,2135413,561816,559935,24670,584605,6778
2022-03-18,San Diego,073,3302833,750825,747344,51521,798865,5133
2022-03-18,San Francisco,075,870044,123766,123587,8329,131916,833
2022-03-18,San Joaquin,077,732212,166082,165765,9237,175002,2181
2022-03-18,San Luis Obispo,079,281455,52336,52174,3778,55952,463
2022-03-18,San Mateo,081,765935,120261,119782,7002,126784,667
2022-03-18,Santa Barbara,083,443738,85411,85336,4832,90168,671
2022-03-18,Santa Clara,085,1922200,310701,309918,12388,322306,2225
2022-03-18,Santa Cruz,087,273765,47150,47203,2109,49312,256
2022-03-18,Shasta,089,179085,30491,30495,6163,36658,525
2022-03-18,Sierra,091,2930,273,273,42,315,4
2022-03-18,Siskiyou,093,43540,4430,4422,2755,7177,76
2022-03-18,Solano,095,438530,81332,81340,5526,86866,441
2022-03-18,Sonoma,097,501317,83170,82838,2511,85349,472
2022-03-18,Stanislaus,099,539301,117208,118138,17297,135435,1568
2022-03-18,Sutter,101,95872,20529,20503,2102,22605,218
2022-03-18,Tehama,103,63373,12026,12007,2625,14632,160
2022-03-18,Trinity,105,12862,1176,1173,292,1465,20
2022-03-18,Tulare,107,460477,105339,104290,28449,132739,1384
2022-03-18,Tuolumne,109,53932,12599,12617,568,13185,180
2022-03-18,Ventura,111,848112,172639,172380,9260,181640,1451
2022-03-18,Yolo,113,214977,36459,36086,3191,39277,306
2022-03-18,Yuba,115,75493,15795,15768,1195,16963,117
2022-03-17,Alameda,001,1643700,254528,253936,13831,267767,1797
2022-03-17,Alpine,003,1148,122,122,1,123,0
2022-03-17,Amador,005,37829,8504,8456,644,9100,85
2022-03-17,Butte,007,227075,32879,32856,6627,39483,385
2022-03-17,Calaveras,009,45235,7234,7229,353,7582,119
2022-03-17,Colusa,011,21464,3439,3445,1079,4524,21
2022-03-17,Contra Costa,013,1133247,187837,187225,13238,200463,1276
2022-03-17,Del Norte,015,27424,5776,5815,195,6010,48
2022-03-17,El Dorado,017,186661,26643,26618,3206,29824,199
2022-03-17,Fresno,019,978130,230566,228965,22987,251952,2694
2022-03-17,Glenn,021,27897,4972,4971,1569,6540,44
2022-03-17,Humboldt,023,135768,16836,16901,2948,19849,138
2022-03-17,Imperial,025,180216,55205,55038,11225,66263,898
2022-03-17,Inyo,027,18085,4059,4061,482,4543,56
2022-03-17,Kern,029,883053,191435,190943,46243,237186,2184
2022-03-17,Kings,031,150075,51382,51334,3608,54942,441
2022-03-17,Lake,033,64148,10657,10641,895,11536,135
2022-03-17,Lassen,035,31185,8936,8925,893,9818,63
2022-03-17,Los Angeles,037,10098052,2699581,2686759,123222,2809981,31133
2022-03-17,Madera,039,155013,37297,37273,6053,43326,354
2022-03-17,Marin,041,260295,33244,33163,2201,35364,272
2022-03-17,Mariposa,043,17540,2385,2378,200,2578,6
2022-03-17,Mendocino,045,87422,13009,13012,3031,16043,117
2022-03-17,Merced,047,269075,62087,61985,8523,70508,800
2022-03-17,Modoc,049,8938,736,734,251,985,7
2022-03-17,Mono,051,14174,2963,2961,121,3082,5
2022-03-17,Monterey,053,433212,78850,78483,13805,92288,720
2022-03-17,Napa,055,140530,25692,25654,963,26617,138
2022-03-17,Nevada,057,99092,15906,15960,1207,17167,123
2022-03-17,Orange,059,3164182,544882,543907,41331,585238,6817
2022-03-17,Placer,061,380077,62519,62483,7347,69830,605
2022-03-17,Plumas,063,18699,2915,2724,359,3083,13
2022-03-17,Riverside,065,2383286,589801,589017,28081,617098,6359
2022-03-17,Sacramento,067,1510023,276474,274855,26823,301678,2913
2022-03-17,San Benito,069,59416,12880,12859,517,13376,97
2022-03-17,San Bernardino,071,2135413,561752,559935,24667,584602,6778
2022-03-17,San Diego,073,3302833,750647,747344,51508,798852,5133
2022-03-17,San Francisco,075,870044,123686,123587,8324,131911,833
2022-03-17,San Joaquin,077,732212,166059,165765,9236,175001,2181
2022-03-17,San Luis Obispo,079,281455,52323,52174,3776,55950,463
2022-03-17,San Mateo,081,765935,120215,119782,6998,126780,667
2022-03-17,Santa Barbara,083,443738,85395,85336,4832,90168,671
2022-03-17,Santa Clara,085,1922200,310583,309918,12384,322302,2225
2022-03-17,Santa Cruz,087,273765,47133,47203,2107,49310,256
2022-03-17,Shasta,089,179085,30488,30495,6161,36656,525
2022-03-17,Sierra,091,2930,273,273,42,315,4
2022-03-17,Siskiyou,093,43540,4429,4422,2755,7177,76
2022-03-17,Solano,095,438530,81303,81340,5523,86863,441
2022-03-17,Sonoma,097,501317,83140,82838,2509,85347,472
2022-03-17,Stanislaus,099,539301,117195,118138,17293,135431,1568
2022-03-17,Sutter,101,95872,20519,20503,2088,22591,218
2022-03-17,Tehama,103,63373,12026,12007,2624,14631,160
2022-03-17,Trinity,105,12862,1176,1173,292,1465,20
2022-03-17,Tulare,107,460477,105324,104290,28438,132728,1384
2022-03-17,Tuolumne,109,53932,12597,12617,567,13184,180
2022-03-17,Ventura,111,848112,172592,172380,9258,181638,1451
2022-03-17,Yolo,113,214977,36446,36086,3191,39277,306
2022-03-17,Yuba,115,75493,15793,15768,1194,16962,117
2022-03-16,Alameda,001,1643700,254433,253792,13827,267619,1794
2022-03-16,Alpine,003,1148,122,122,1,123,0
2022-03-16,Amador,005,37829,8496,8449,644,9093,85
2022-03-16,Butte,007,227075,32867,32837,6622,39459,385
2022-03-16,Calaveras,009,45235,7232,7229,353,7582,120
2022-03-16,Colusa,011,21464,3439,3445,1078,4523,22
2022-03-16,Contra Costa,013,1133247,187778,187100,13230,200330,1266
2022-03-16,Del Norte,015,27424,5775,5811,193,6004,48
2022-03-16,El Dorado,017,186661,26631,26602,3205,29807,199
2022-03-16,Fresno,019,978130,230518,228786,22975,251761,2689
2022-03-16,Glenn,021,27897,4972,4969,1568,6537,44
2022-03-16,Humboldt,023,135768,16833,16893,2948,19841,138
2022-03-16,Imperial,025,180216,55193,55002,11223,66225,897
2022-03-16,Inyo,027,18085,4058,4061,482,4543,56
2022-03-16,Kern,029,883053,191392,190835,46236,237071,2170
2022-03-16,Kings,031,150075,51367,51321,3608,54929,437
2022-03-16,Lake,033,64148,10655,10633,894,11527,133
2022-03-16,Lassen,035,31185,8933,8924,893,9817,62
2022-03-16,Los Angeles,037,10098052,2698958,2685789,123182,2808971,31102
2022-03-16,Madera,039,155013,37289,37262,6052,43314,354
2022-03-16,Marin,041,260295,33223,33136,2199,35335,272
2022-03-16,Mariposa,043,17540,2383,2376,200,2576,6
2022-03-16,Mendocino,045,87422,13006,13011,3030,16041,117
2022-03-16,Merced,047,269075,62070,61959,8517,70476,798
2022-03-16,Modoc,049,8938,735,734,251,985,7
2022-03-16,Mono,051,14174,2963,2960,121,3081,5
2022-03-16,Monterey,053,433212,78828,78416,13800,92216,720
2022-03-16,Napa,055,140530,25683,25638,962,26600,138
2022-03-16,Nevada,057,99092,15904,15960,1207,17167,123
2022-03-16,Orange,059,3164182,544762,543326,41308,584634,6791
2022-03-16,Placer,061,380077,62504,62435,7345,69780,605
2022-03-16,Plumas,063,18699,2915,2723,359,3082,13
2022-03-16,Riverside,065,2383286,589701,588761,28079,616840,6351
2022-03-16,Sacramento,067,1510023,276406,274709,26817,301526,2910
2022-03-16,San Benito,069,59416,12875,12854,517,13371,97
2022-03-16,San Bernardino,071,2135413,561671,559746,24662,584408,6775
2022-03-16,San Diego,073,3302833,750434,746970,51484,798454,5126
2022-03-16,San Francisco,075,870044,123586,123446,8316,131762,831
2022-03-16,San Joaquin,077,732212,166012,165703,9233,174936,2169
2022-03-16,San Luis Obispo,079,281455,52305,52132,3773,55905,462
2022-03-16,San Mateo,081,765935,120154,119680,6989,126669,660
2022-03-16,Santa Barbara,083,443738,85362,85322,4827,90149,670
2022-03-16,Santa Clara,085,1922200,310399,309689,12369,322058,2224
2022-03-16,Santa Cruz,087,273765,47104,47161,2107,49268,255
2022-03-16,Shasta,089,179085,30479,30489,6157,36646,527
2022-03-16,Sierra,091,2930,273,273,42,315,4
2022-03-16,Siskiyou,093,43540,4426,4419,2753,7172,76
2022-03-16,Solano,095,438530,81280,81277,5521,86798,440
2022-03-16,Sonoma,097,501317,83095,82791,2504,85295,472
2022-03-16,Stanislaus,099,539301,117169,118072,17291,135363,1567
2022-03-16,Sutter,101,95872,20517,20494,2087,22581,218
2022-03-16,Tehama,103,63373,12024,11999,2624,14623,160
2022-03-16,Trinity,105,12862,1176,1173,292,1465,20
2022-03-16,Tulare,107,460477,105310,104217,28430,132647,1377
2022-03-16,Tuolumne,109,53932,12592,12610,567,13177,180
2022-03-16,Ventura,111,848112,172552,172212,9254,181466,1451
2022-03-16,Yolo,113,214977,36424,36079,3189,39268,307
2022-03-16,Yuba,115,75493,15788,15758,1194,16952,117
2022-03-15,Alameda,001,1643700,254305,253694,13817,267511,1793
2022-03-15,Alpine,003,1148,122,122,1,123,0
2022-03-15,Amador,005,37829,8493,8448,644,9092,85
2022-03-15,Butte,007,227075,32854,32822,6620,39442,385
2022-03-15,Calaveras,009,45235,7230,7236,353,7589,118
2022-03-15,Colusa,011,21464,3439,3445,1078,4523,21
2022-03-15,Contra Costa,013,1133247,187699,187021,13221,200242,1265
2022-03-15,Del Norte,015,27424,5772,5806,190,5996,48
2022-03-15,El Dorado,017,186661,26628,26596,3204,29800,199
2022-03-15,Fresno,019,978130,230475,228631,22965,251596,2689
2022-03-15,Glenn,021,27897,4970,4966,1568,6534,44
2022-03-15,Humboldt,023,135768,16827,16889,2947,19836,138
2022-03-15,Imperial,025,180216,55184,54981,11213,66194,896
2022-03-15,Inyo,027,18085,4058,4062,481,4543,56
2022-03-15,Kern,029,883053,191363,190645,46226,236871,2168
2022-03-15,Kings,031,150075,51347,51317,3604,54921,437
2022-03-15,Lake,033,64148,10651,10631,894,11525,131
2022-03-15,Lassen,035,31185,8931,8926,892,9818,62
2022-03-15,Los Angeles,037,10098052,2698295,2685071,123123,2808194,31077
2022-03-15,Madera,039,155013,37279,37258,6051,43309,354
2022-03-15,Marin,041,260295,33199,33111,2198,35309,272
2022-03-15,Mariposa,043,17540,2381,2377,200,2577,6
2022-03-15,Mendocino,045,87422,13001,13005,3029,16034,117
2022-03-15,Merced,047,269075,62051,61916,8507,70423,798
2022-03-15,Modoc,049,8938,735,733,251,984,7
2022-03-15,Mono,051,14174,2963,2961,121,3082,5
2022-03-15,Monterey,053,433212,78796,78400,13792,92192,718
2022-03-15,Napa,055,140530,25675,25657,960,26617,138
2022-03-15,Nevada,057,99092,15902,15960,1205,17165,123
2022-03-15,Orange,059,3164182,544622,543197,41301,584498,6780
2022-03-15,Placer,061,380077,62486,62398,7344,69742,604
2022-03-15,Plumas,063,18699,2915,2722,359,3081,13
2022-03-15,Riverside,065,2383286,589601,588622,28071,616693,6333
2022-03-15,Sacramento,067,1510023,276323,274633,26810,301443,2907
2022-03-15,San Benito,069,59416,12871,12849,517,13366,95
2022-03-15,San Bernardino,071,2135413,561597,559605,24657,584262,6770
2022-03-15,San Diego,073,3302833,750189,746474,51462,797936,5116
2022-03-15,San Francisco,075,870044,123472,123526,8307,131833,831
2022-03-15,San Joaquin,077,732212,165969,165664,9227,174891,2161
2022-03-15,San Luis Obispo,079,281455,52295,52060,3769,55829,458
2022-03-15,San Mateo,081,765935,120104,119586,6983,126569,649
2022-03-15,Santa Barbara,083,443738,85337,85353,4823,90176,668
2022-03-15,Santa Clara,085,1922200,310236,309535,12355,321890,2224
2022-03-15,Santa Cruz,087,273765,47051,47117,2107,49224,255
2022-03-15,Shasta,089,179085,30470,30476,6155,36631,524
2022-03-15,Sierra,091,2930,273,273,42,315,4
2022-03-15,Siskiyou,093,43540,4426,4420,2753,7173,76
2022-03-15,Solano,095,438530,81244,81260,5520,86780,440
2022-03-15,Sonoma,097,501317,83051,82737,2504,85241,472
2022-03-15,Stanislaus,099,539301,117150,118085,17287,135372,1567
2022-03-15,Sutter,101,95872,20514,20480,2077,22557,217
2022-03-15,Tehama,103,63373,12021,11997,2623,14620,160
2022-03-15,Trinity,105,12862,1176,1173,292,1465,20
2022-03-15,Tulare,107,460477,105290,104153,28417,132570,1375
2022-03-15,Tuolumne,109,53932,12588,12602,567,13169,180
2022-03-15,Ventura,111,848112,172507,172150,9250,181400,1451
2022-03-15,Yolo,113,214977,36411,36079,3183,39262,308
2022-03-15,Yuba,115,75493,15779,15756,1194,16950,116
2022-03-14,Alameda,001,1643700,254195,253629,13812,267441,1791
2022-03-14,Alpine,003,1148,122,122,1,123,0
2022-03-14,Amador,005,37829,8488,8448,644,9092,85
2022-03-14,Butte,007,227075,32836,32812,6619,39431,385
2022-03-14,Calaveras,009,45235,7229,7245,353,7598,118
2022-03-14,Colusa,011,21464,3438,3445,1078,4523,21
2022-03-14,Contra Costa,013,1133247,187609,186969,13212,200181,1265
2022-03-14,Del Norte,015,27424,5766,5807,190,5997,48
2022-03-14,El Dorado,017,186661,26623,26570,3204,29774,199
2022-03-14,Fresno,019,978130,230400,228470,22956,251426,2682
2022-03-14,Glenn,021,27897,4968,4966,1567,6533,44
2022-03-14,Humboldt,023,135768,16820,16890,2945,19835,137
2022-03-14,Imperial,025,180216,55172,54933,11208,66141,897
2022-03-14,Inyo,027,18085,4058,4062,481,4543,56
2022-03-14,Kern,029,883053,191329,190526,46215,236741,2166
2022-03-14,Kings,031,150075,51329,51293,3603,54896,437
2022-03-14,Lake,033,64148,10648,10631,894,11525,131
2022-03-14,Lassen,035,31185,8931,8927,891,9818,62
2022-03-14,Los Angeles,037,10098052,2697685,2683369,123054,2806423,31034
2022-03-14,Madera,039,155013,37274,37255,6050,43305,354
2022-03-14,Marin,041,260295,33170,33099,2198,35297,272
2022-03-14,Mariposa,043,17540,2380,2376,200,2576,6
2022-03-14,Mendocino,045,87422,12994,12992,3020,16012,117
2022-03-14,Merced,047,269075,62034,61905,8505,70410,795
2022-03-14,Modoc,049,8938,734,731,251,982,7
2022-03-14,Mono,051,14174,2962,2961,121,3082,5
2022-03-14,Monterey,053,433212,78782,78376,13753,92129,718
2022-03-14,Napa,055,140530,25659,25649,960,26609,138
2022-03-14,Nevada,057,99092,15900,15954,1205,17159,123
2022-03-14,Orange,059,3164182,544488,543099,41292,584391,6775
2022-03-14,Placer,061,380077,62468,62389,7342,69731,601
2022-03-14,Plumas,063,18699,2915,2711,359,3070,13
2022-03-14,Riverside,065,2383286,589464,588531,28061,616592,6332
2022-03-14,Sacramento,067,1510023,276245,274682,26805,301487,2899
2022-03-14,San Benito,069,59416,12866,12846,516,13362,95
2022-03-14,San Bernardino,071,2135413,561515,559505,24651,584156,6767
2022-03-14,San Diego,073,3302833,749880,745515,51435,796950,5108
2022-03-14,San Francisco,075,870044,123382,123575,8301,131876,824
2022-03-14,San Joaquin,077,732212,165932,165662,9226,174888,2142
2022-03-14,San Luis Obispo,079,281455,52268,52046,3766,55812,458
2022-03-14,San Mateo,081,765935,120029,119564,6980,126544,649
2022-03-14,Santa Barbara,083,443738,85300,85396,4822,90218,667
2022-03-14,Santa Clara,085,1922200,310047,309600,12352,321952,2223
2022-03-14,Santa Cruz,087,273765,47012,47107,2104,49211,255
2022-03-14,Shasta,089,179085,30465,30462,6152,36614,520
2022-03-14,Sierra,091,2930,273,273,42,315,4
2022-03-14,Siskiyou,093,43540,4421,4419,2752,7171,76
2022-03-14,Solano,095,438530,81196,81233,5515,86748,440
2022-03-14,Sonoma,097,501317,83019,82731,2501,85232,473
2022-03-14,Stanislaus,099,539301,117112,118088,17284,135372,1567
2022-03-14,Sutter,101,95872,20507,20478,2077,22555,217
2022-03-14,Tehama,103,63373,12019,11996,2623,14619,160
2022-03-14,Trinity,105,12862,1176,1172,292,1464,20
2022-03-14,Tulare,107,460477,105260,104121,28405,132526,1365
2022-03-14,Tuolumne,109,53932,12587,12567,566,13133,180
2022-03-14,Ventura,111,848112,172457,172107,9248,181355,1442
2022-03-14,Yolo,113,214977,36395,36059,3181,39240,308
2022-03-14,Yuba,115,75493,15768,15748,1194,16942,116
2022-03-13,Alameda,001,1643700,254075,253547,13803,267350,1792
2022-03-13,Alpine,003,1148,122,122,1,123,0
2022-03-13,Amador,005,37829,8486,8444,644,9088,85
2022-03-13,Butte,007,227075,32817,32806,6615,39421,384
2022-03-13,Calaveras,009,45235,7224,7253,353,7606,118
2022-03-13,Colusa,011,21464,3438,3444,1076,4520,21
2022-03-13,Contra Costa,013,1133247,187516,186911,13197,200108,1265
2022-03-13,Del Norte,015,27424,5760,5808,190,5998,48
2022-03-13,El Dorado,017,186661,26618,26563,3202,29765,199
2022-03-13,Fresno,019,978130,230322,228421,22943,251364,2683
2022-03-13,Glenn,021,27897,4964,4966,1566,6532,44
2022-03-13,Humboldt,023,135768,16812,16883,2945,19828,137
2022-03-13,Imperial,025,180216,55162,54934,11202,66136,897
2022-03-13,Inyo,027,18085,4058,4062,480,4542,56
2022-03-13,Kern,029,883053,191275,190495,46200,236695,2166
2022-03-13,Kings,031,150075,51321,51273,3602,54875,437
2022-03-13,Lake,033,64148,10645,10626,894,11520,131
2022-03-13,Lassen,035,31185,8930,8929,890,9819,62
2022-03-13,Los Angeles,037,10098052,2696971,2683351,123012,2806363,31034
2022-03-13,Madera,039,155013,37266,37248,6050,43298,354
2022-03-13,Marin,041,260295,33145,33083,2197,35280,272
2022-03-13,Mariposa,043,17540,2378,2376,200,2576,6
2022-03-13,Mendocino,045,87422,12988,12987,3015,16002,117
2022-03-13,Merced,047,269075,62010,61895,8493,70388,795
2022-03-13,Modoc,049,8938,734,731,251,982,7
2022-03-13,Mono,051,14174,2962,2961,121,3082,5
2022-03-13,Monterey,053,433212,78747,78366,13701,92067,718
2022-03-13,Napa,055,140530,25644,25639,959,26598,138
2022-03-13,Nevada,057,99092,15893,15959,1205,17164,123
2022-03-13,Orange,059,3164182,544369,543036,41266,584302,6774
2022-03-13,Placer,061,380077,62441,62372,7339,69711,601
2022-03-13,Plumas,063,18699,2915,2711,359,3070,13
2022-03-13,Riverside,065,2383286,589330,588487,28055,616542,6332
2022-03-13,Sacramento,067,1510023,276143,274715,26793,301508,2899
2022-03-13,San Benito,069,59416,12860,12844,514,13358,95
2022-03-13,San Bernardino,071,2135413,561421,559450,24642,584092,6767
2022-03-13,San Diego,073,3302833,749553,745515,51399,796914,5108
2022-03-13,San Francisco,075,870044,123261,123622,8295,131917,824
2022-03-13,San Joaquin,077,732212,165886,165641,9223,174864,2142
2022-03-13,San Luis Obispo,079,281455,52238,52040,3763,55803,458
2022-03-13,San Mateo,081,765935,119951,119521,6971,126492,649
2022-03-13,Santa Barbara,083,443738,85258,85453,4820,90273,667
2022-03-13,Santa Clara,085,1922200,309877,309493,12343,321836,2225
2022-03-13,Santa Cruz,087,273765,46961,47087,2103,49190,255
2022-03-13,Shasta,089,179085,30447,30457,6150,36607,520
2022-03-13,Sierra,091,2930,273,273,42,315,4
2022-03-13,Siskiyou,093,43540,4421,4418,2752,7170,76
2022-03-13,Solano,095,438530,81160,81217,5511,86728,440
2022-03-13,Sonoma,097,501317,82983,82711,2499,85210,473
2022-03-13,Stanislaus,099,539301,117080,118075,17281,135356,1567
2022-03-13,Sutter,101,95872,20504,20474,2076,22550,217
2022-03-13,Tehama,103,63373,12018,11997,2622,14619,160
2022-03-13,Trinity,105,12862,1176,1172,292,1464,20
2022-03-13,Tulare,107,460477,105222,104119,28392,132511,1365
2022-03-13,Tuolumne,109,53932,12584,12565,566,13131,180
2022-03-13,Ventura,111,848112,172399,172080,9242,181322,1442
2022-03-13,Yolo,113,214977,36379,36019,3177,39196,308
2022-03-13,Yuba,115,75493,15763,15741,1194,16935,116
2022-03-12,Alameda,001,1643700,254012,253079,13798,266877,1783
2022-03-12,Alpine,003,1148,122,122,1,123,0
2022-03-12,Amador,005,37829,8482,8427,644,9071,84
2022-03-12,Butte,007,227075,32813,32774,6613,39387,380
2022-03-12,Calaveras,009,45235,7223,7253,353,7606,118
2022-03-12,Colusa,011,21464,3438,3440,1076,4516,21
2022-03-12,Contra Costa,013,1133247,187474,186618,13196,199814,1256
2022-03-12,Del Norte,015,27424,5759,5791,190,5981,48
2022-03-12,El Dorado,017,186661,26614,26538,3202,29740,199
2022-03-12,Fresno,019,978130,230298,228041,22943,250984,2653
2022-03-12,Glenn,021,27897,4964,4955,1566,6521,44
2022-03-12,Humboldt,023,135768,16808,16862,2944,19806,137
2022-03-12,Imperial,025,180216,55158,54837,11197,66034,896
2022-03-12,Inyo,027,18085,4058,4056,480,4536,56
2022-03-12,Kern,029,883053,191258,190330,46195,236525,2162
2022-03-12,Kings,031,150075,51315,51145,3602,54747,436
2022-03-12,Lake,033,64148,10642,10594,893,11487,131
2022-03-12,Lassen,035,31185,8929,8915,890,9805,62
2022-03-12,Los Angeles,037,10098052,2696654,2678858,122993,2801851,30901
2022-03-12,Madera,039,155013,37262,37223,6050,43273,354
2022-03-12,Marin,041,260295,33120,33015,2196,35211,272
2022-03-12,Mariposa,043,17540,2378,2372,200,2572,6
2022-03-12,Mendocino,045,87422,12984,12965,3015,15980,117
2022-03-12,Merced,047,269075,62005,61840,8492,70332,795
2022-03-12,Modoc,049,8938,734,730,251,981,7
2022-03-12,Mono,051,14174,2962,2960,120,3080,5
2022-03-12,Monterey,053,433212,78739,78285,13699,91984,716
2022-03-12,Napa,055,140530,25634,25584,958,26542,138
2022-03-12,Nevada,057,99092,15886,15947,1205,17152,123
2022-03-12,Orange,059,3164182,544302,542354,41256,583610,6718
2022-03-12,Placer,061,380077,62432,62282,7339,69621,598
2022-03-12,Plumas,063,18699,2915,2707,359,3066,13
2022-03-12,Riverside,065,2383286,589267,588022,28050,616072,6317
2022-03-12,Sacramento,067,1510023,276102,274519,26789,301308,2886
2022-03-12,San Benito,069,59416,12857,12868,514,13382,95
2022-03-12,San Bernardino,071,2135413,561381,559013,24641,583654,6734
2022-03-12,San Diego,073,3302833,749426,744386,51376,795762,5090
2022-03-12,San Francisco,075,870044,123197,123610,8290,131900,823
2022-03-12,San Joaquin,077,732212,165870,165516,9220,174736,2117
2022-03-12,San Luis Obispo,079,281455,52229,51947,3760,55707,457
2022-03-12,San Mateo,081,765935,119914,119288,6970,126258,641
2022-03-12,Santa Barbara,083,443738,85240,85421,4820,90241,664
2022-03-12,Santa Clara,085,1922200,309783,308989,12337,321326,2208
2022-03-12,Santa Cruz,087,273765,46948,46982,2102,49084,254
2022-03-12,Shasta,089,179085,30435,30419,6148,36567,517
2022-03-12,Sierra,091,2930,273,273,42,315,4
2022-03-12,Siskiyou,093,43540,4421,4405,2752,7157,75
2022-03-12,Solano,095,438530,81146,81058,5511,86569,436
2022-03-12,Sonoma,097,501317,82966,82622,2497,85119,473
2022-03-12,Stanislaus,099,539301,117066,117884,17280,135164,1564
2022-03-12,Sutter,101,95872,20502,20429,2076,22505,217
2022-03-12,Tehama,103,63373,12018,11983,2622,14605,159
2022-03-12,Trinity,105,12862,1175,1172,292,1464,20
2022-03-12,Tulare,107,460477,105216,103994,28387,132381,1358
2022-03-12,Tuolumne,109,53932,12583,12476,566,13042,180
2022-03-12,Ventura,111,848112,172374,171932,9239,181171,1442
2022-03-12,Yolo,113,214977,36372,35982,3175,39157,308
2022-03-12,Yuba,115,75493,15763,15722,1194,16916,116
2022-03-11,Alameda,001,1643700,253946,253079,13798,266877,1783
2022-03-11,Alpine,003,1148,122,122,1,123,0
2022-03-11,Amador,005,37829,8480,8427,644,9071,84
2022-03-11,Butte,007,227075,32809,32774,6612,39386,380
2022-03-11,Calaveras,009,45235,7223,7253,353,7606,118
2022-03-11,Colusa,011,21464,3438,3440,1076,4516,21
2022-03-11,Contra Costa,013,1133247,187426,186618,13195,199813,1256
2022-03-11,Del Norte,015,27424,5755,5791,190,5981,48
2022-03-11,El Dorado,017,186661,26609,26538,3202,29740,199
2022-03-11,Fresno,019,978130,230242,228041,22940,250981,2653
2022-03-11,Glenn,021,27897,4964,4955,1566,6521,44
2022-03-11,Humboldt,023,135768,16803,16862,2942,19804,137
2022-03-11,Imperial,025,180216,55151,54837,11196,66033,896
2022-03-11,Inyo,027,18085,4058,4056,480,4536,56
2022-03-11,Kern,029,883053,191237,190330,46190,236520,2162
2022-03-11,Kings,031,150075,51295,51145,3602,54747,436
2022-03-11,Lake,033,64148,10638,10594,893,11487,131
2022-03-11,Lassen,035,31185,8928,8915,890,9805,62
2022-03-11,Los Angeles,037,10098052,2696339,2678858,122969,2801827,30901
2022-03-11,Madera,039,155013,37257,37223,6050,43273,354
2022-03-11,Marin,041,260295,33104,33015,2195,35210,272
2022-03-11,Mariposa,043,17540,2378,2372,200,2572,6
2022-03-11,Mendocino,045,87422,12978,12965,3015,15980,117
2022-03-11,Merced,047,269075,61994,61840,8490,70330,795
2022-03-11,Modoc,049,8938,734,730,251,981,7
2022-03-11,Mono,051,14174,2961,2960,120,3080,5
2022-03-11,Monterey,053,433212,78726,78285,13693,91978,716
2022-03-11,Napa,055,140530,25624,25584,958,26542,138
2022-03-11,Nevada,057,99092,15883,15947,1205,17152,123
2022-03-11,Orange,059,3164182,544231,542354,41241,583595,6718
2022-03-11,Placer,061,380077,62421,62282,7338,69620,598
2022-03-11,Plumas,063,18699,2913,2707,359,3066,13
2022-03-11,Riverside,065,2383286,589194,588022,28046,616068,6317
2022-03-11,Sacramento,067,1510023,276036,274519,26786,301305,2886
2022-03-11,San Benito,069,59416,12856,12868,514,13382,95
2022-03-11,San Bernardino,071,2135413,561325,559013,24635,583648,6734
2022-03-11,San Diego,073,3302833,749260,744386,51364,795750,5090
2022-03-11,San Francisco,075,870044,123147,123610,8286,131896,823
2022-03-11,San Joaquin,077,732212,165837,165516,9217,174733,2117
2022-03-11,San Luis Obispo,079,281455,52221,51947,3759,55706,457
2022-03-11,San Mateo,081,765935,119866,119288,6967,126255,641
2022-03-11,Santa Barbara,083,443738,85220,85421,4819,90240,664
2022-03-11,Santa Clara,085,1922200,309681,308989,12332,321321,2208
2022-03-11,Santa Cruz,087,273765,46933,46982,2102,49084,254
2022-03-11,Shasta,089,179085,30430,30419,6145,36564,517
2022-03-11,Sierra,091,2930,273,273,42,315,4
2022-03-11,Siskiyou,093,43540,4419,4405,2750,7155,75
2022-03-11,Solano,095,438530,81132,81058,5510,86568,436
2022-03-11,Sonoma,097,501317,82941,82622,2495,85117,473
2022-03-11,Stanislaus,099,539301,117052,117884,17279,135163,1564
2022-03-11,Sutter,101,95872,20500,20429,2076,22505,217
2022-03-11,Tehama,103,63373,12016,11983,2622,14605,159
2022-03-11,Trinity,105,12862,1175,1172,292,1464,20
2022-03-11,Tulare,107,460477,105203,103994,28381,132375,1358
2022-03-11,Tuolumne,109,53932,12581,12476,566,13042,180
2022-03-11,Ventura,111,848112,172338,171932,9234,181166,1442
2022-03-11,Yolo,113,214977,36360,35982,3175,39157,308
2022-03-11,Yuba,115,75493,15760,15722,1194,16916,116
2022-03-10,Alameda,001,1643700,253834,253079,13791,266870,1783
2022-03-10,Alpine,003,1148,122,122,1,123,0
2022-03-10,Amador,005,37829,8479,8427,644,9071,84
2022-03-10,Butte,007,227075,32795,32774,6610,39384,380
2022-03-10,Calaveras,009,45235,7222,7253,352,7605,118
2022-03-10,Colusa,011,21464,3438,3440,1076,4516,21
2022-03-10,Contra Costa,013,1133247,187342,186618,13186,199804,1256
2022-03-10,Del Norte,015,27424,5746,5791,190,5981,48
2022-03-10,El Dorado,017,186661,26597,26538,3201,29739,199
2022-03-10,Fresno,019,978130,230167,228041,22931,250972,2653
2022-03-10,Glenn,021,27897,4962,4955,1566,6521,44
2022-03-10,Humboldt,023,135768,16793,16862,2941,19803,137
2022-03-10,Imperial,025,180216,55141,54837,11189,66026,896
2022-03-10,Inyo,027,18085,4057,4056,480,4536,56
2022-03-10,Kern,029,883053,191203,190330,46176,236506,2162
2022-03-10,Kings,031,150075,51266,51145,3601,54746,436
2022-03-10,Lake,033,64148,10628,10594,892,11486,131
2022-03-10,Lassen,035,31185,8928,8915,890,9805,62
2022-03-10,Los Angeles,037,10098052,2695791,2678858,122932,2801790,30901
2022-03-10,Madera,039,155013,37250,37223,6043,43266,354
2022-03-10,Marin,041,260295,33090,33015,2191,35206,272
2022-03-10,Mariposa,043,17540,2378,2372,200,2572,6
2022-03-10,Mendocino,045,87422,12974,12965,3015,15980,117
2022-03-10,Merced,047,269075,61977,61840,8484,70324,795
2022-03-10,Modoc,049,8938,733,730,251,981,7
2022-03-10,Mono,051,14174,2961,2960,120,3080,5
2022-03-10,Monterey,053,433212,78703,78285,13666,91951,716
2022-03-10,Napa,055,140530,25615,25584,957,26541,138
2022-03-10,Nevada,057,99092,15876,15947,1205,17152,123
2022-03-10,Orange,059,3164182,544112,542354,41224,583578,6718
2022-03-10,Placer,061,380077,62400,62282,7333,69615,598
2022-03-10,Plumas,063,18699,2912,2707,359,3066,13
2022-03-10,Riverside,065,2383286,589079,588022,28039,616061,6317
2022-03-10,Sacramento,067,1510023,275956,274519,26780,301299,2886
2022-03-10,San Benito,069,59416,12855,12868,513,13381,95
2022-03-10,San Bernardino,071,2135413,561254,559013,24627,583640,6734
2022-03-10,San Diego,073,3302833,748993,744386,51331,795717,5090
2022-03-10,San Francisco,075,870044,123080,123610,8279,131889,823
2022-03-10,San Joaquin,077,732212,165809,165516,9215,174731,2117
2022-03-10,San Luis Obispo,079,281455,52198,51947,3756,55703,457
2022-03-10,San Mateo,081,765935,119801,119288,6964,126252,641
2022-03-10,Santa Barbara,083,443738,85188,85421,4818,90239,664
2022-03-10,Santa Clara,085,1922200,309551,308989,12322,321311,2208
2022-03-10,Santa Cruz,087,273765,46900,46982,2102,49084,254
2022-03-10,Shasta,089,179085,30424,30419,6143,36562,517
2022-03-10,Sierra,091,2930,273,273,42,315,4
2022-03-10,Siskiyou,093,43540,4419,4405,2750,7155,75
2022-03-10,Solano,095,438530,81097,81058,5509,86567,436
2022-03-10,Sonoma,097,501317,82914,82622,2495,85117,473
2022-03-10,Stanislaus,099,539301,117012,117884,17277,135161,1564
2022-03-10,Sutter,101,95872,20495,20429,2076,22505,217
2022-03-10,Tehama,103,63373,12015,11983,2622,14605,159
2022-03-10,Trinity,105,12862,1175,1172,292,1464,20
2022-03-10,Tulare,107,460477,105182,103994,28375,132369,1358
2022-03-10,Tuolumne,109,53932,12578,12476,566,13042,180
2022-03-10,Ventura,111,848112,172297,171932,9231,181163,1442
2022-03-10,Yolo,113,214977,36346,35982,3174,39156,308
2022-03-10,Yuba,115,75493,15750,15722,1193,16915,116
2022-03-09,Alameda,001,1643700,253710,252893,13784,266677,1781
2022-03-09,Alpine,003,1148,122,125,1,126,0
2022-03-09,Amador,005,37829,8473,8409,644,9053,84
2022-03-09,Butte,007,227075,32786,32767,6605,39372,380
2022-03-09,Calaveras,009,45235,7220,7249,352,7601,117
2022-03-09,Colusa,011,21464,3437,3439,1076,4515,21
2022-03-09,Contra Costa,013,1133247,187248,186483,13172,199655,1256
2022-03-09,Del Norte,015,27424,5742,5765,190,5955,48
2022-03-09,El Dorado,017,186661,26592,26515,3201,29716,198
2022-03-09,Fresno,019,978130,230068,227885,22922,250807,2653
2022-03-09,Glenn,021,27897,4960,4953,1565,6518,44
2022-03-09,Humboldt,023,135768,16788,16854,2938,19792,137
2022-03-09,Imperial,025,180216,55135,54764,11180,65944,894
2022-03-09,Inyo,027,18085,4057,4056,480,4536,56
2022-03-09,Kern,029,883053,191152,190254,46163,236417,2159
2022-03-09,Kings,031,150075,51246,51122,3601,54723,435
2022-03-09,Lake,033,64148,10622,10586,892,11478,130
2022-03-09,Lassen,035,31185,8928,8901,890,9791,62
2022-03-09,Los Angeles,037,10098052,2695150,2677901,122895,2800796,30842
2022-03-09,Madera,039,155013,37243,37207,6042,43249,354
2022-03-09,Marin,041,260295,33071,32967,2190,35157,272
2022-03-09,Mariposa,043,17540,2375,2372,200,2572,6
2022-03-09,Mendocino,045,87422,12970,12957,3010,15967,117
2022-03-09,Merced,047,269075,61960,61792,8478,70270,792
2022-03-09,Modoc,049,8938,732,730,250,980,7
2022-03-09,Mono,051,14174,2961,2962,120,3082,5
2022-03-09,Monterey,053,433212,78679,78258,13617,91875,716
2022-03-09,Napa,055,140530,25594,25561,956,26517,138
2022-03-09,Nevada,057,99092,15867,15938,1204,17142,123
2022-03-09,Orange,059,3164182,543981,542278,41209,583487,6700
2022-03-09,Placer,061,380077,62377,62242,7329,69571,598
2022-03-09,Plumas,063,18699,2911,2708,359,3067,13
2022-03-09,Riverside,065,2383286,588981,587833,28029,615862,6305
2022-03-09,Sacramento,067,1510023,275873,274373,26763,301136,2877
2022-03-09,San Benito,069,59416,12852,12864,513,13377,95
2022-03-09,San Bernardino,071,2135413,561163,558795,24615,583410,6723
2022-03-09,San Diego,073,3302833,748715,743956,51304,795260,5083
2022-03-09,San Francisco,075,870044,122992,123676,8274,131950,812
2022-03-09,San Joaquin,077,732212,165770,165444,9209,174653,2113
2022-03-09,San Luis Obispo,079,281455,52179,51923,3753,55676,457
2022-03-09,San Mateo,081,765935,119743,119194,6952,126146,639
2022-03-09,Santa Barbara,083,443738,85171,85382,4816,90198,661
2022-03-09,Santa Clara,085,1922200,309424,308765,12311,321076,2206
2022-03-09,Santa Cruz,087,273765,46860,46917,2101,49018,254
2022-03-09,Shasta,089,179085,30404,30407,6142,36549,493
2022-03-09,Sierra,091,2930,273,273,42,315,4
2022-03-09,Siskiyou,093,43540,4417,4403,2749,7152,75
2022-03-09,Solano,095,438530,81062,80984,5507,86491,436
2022-03-09,Sonoma,097,501317,82881,82574,2493,85067,473
2022-03-09,Stanislaus,099,539301,116974,117827,17272,135099,1541
2022-03-09,Sutter,101,95872,20484,20409,2072,22481,217
2022-03-09,Tehama,103,63373,12011,11980,2622,14602,159
2022-03-09,Trinity,105,12862,1175,1174,292,1466,20
2022-03-09,Tulare,107,460477,105153,103932,28360,132292,1350
2022-03-09,Tuolumne,109,53932,12576,12444,566,13010,180
2022-03-09,Ventura,111,848112,172248,171852,9228,181080,1448
2022-03-09,Yolo,113,214977,36326,35973,3159,39132,308
2022-03-09,Yuba,115,75493,15745,15714,1192,16906,115
2022-03-08,Alameda,001,1643700,253557,252744,13772,266516,1769
2022-03-08,Alpine,003,1148,122,125,1,126,0
2022-03-08,Amador,005,37829,8459,8407,644,9051,84
2022-03-08,Butte,007,227075,32772,32759,6599,39358,380
2022-03-08,Calaveras,009,45235,7216,7245,352,7597,117
2022-03-08,Colusa,011,21464,3434,3439,1075,4514,21
2022-03-08,Contra Costa,013,1133247,187157,186396,13159,199555,1256
2022-03-08,Del Norte,015,27424,5737,5763,190,5953,48
2022-03-08,El Dorado,017,186661,26582,26503,3195,29698,197
2022-03-08,Fresno,019,978130,229967,227808,22913,250721,2653
2022-03-08,Glenn,021,27897,4959,4944,1564,6508,43
2022-03-08,Humboldt,023,135768,16775,16837,2925,19762,137
2022-03-08,Imperial,025,180216,55118,54721,11173,65894,890
2022-03-08,Inyo,027,18085,4054,4056,480,4536,56
2022-03-08,Kern,029,883053,191089,190208,46148,236356,2154
2022-03-08,Kings,031,150075,51204,51089,3598,54687,434
2022-03-08,Lake,033,64148,10611,10571,892,11463,130
2022-03-08,Lassen,035,31185,8927,8897,890,9787,62
2022-03-08,Los Angeles,037,10098052,2694460,2677166,122858,2800024,30803
2022-03-08,Madera,039,155013,37231,37185,6041,43226,354
2022-03-08,Marin,041,260295,33032,32943,2189,35132,272
2022-03-08,Mariposa,043,17540,2373,2371,200,2571,6
2022-03-08,Mendocino,045,87422,12966,12950,3009,15959,117
2022-03-08,Merced,047,269075,61940,61767,8467,70234,791
2022-03-08,Modoc,049,8938,731,729,250,979,7
2022-03-08,Mono,051,14174,2960,2961,120,3081,5
2022-03-08,Monterey,053,433212,78659,78247,13577,91824,711
2022-03-08,Napa,055,140530,25569,25528,955,26483,137
2022-03-08,Nevada,057,99092,15857,15939,1203,17142,122
2022-03-08,Orange,059,3164182,543834,542164,41188,583352,6692
2022-03-08,Placer,061,380077,62349,62221,7328,69549,594
2022-03-08,Plumas,063,18699,2911,2703,359,3062,13
2022-03-08,Riverside,065,2383286,588872,587686,28020,615706,6294
2022-03-08,Sacramento,067,1510023,275779,274276,26742,301018,2872
2022-03-08,San Benito,069,59416,12849,12855,513,13368,94
2022-03-08,San Bernardino,071,2135413,561074,558512,24605,583117,6715
2022-03-08,San Diego,073,3302833,748358,743604,51288,794892,5077
2022-03-08,San Francisco,075,870044,122902,123675,8269,131944,807
2022-03-08,San Joaquin,077,732212,165735,165381,9206,174587,2104
2022-03-08,San Luis Obispo,079,281455,52153,51900,3750,55650,451
2022-03-08,San Mateo,081,765935,119659,119103,6942,126045,638
2022-03-08,Santa Barbara,083,443738,85139,85363,4816,90179,659
2022-03-08,Santa Clara,085,1922200,309214,308528,12301,320829,2206
2022-03-08,Santa Cruz,087,273765,46823,46875,2100,48975,254
2022-03-08,Shasta,089,179085,30385,30372,6139,36511,493
2022-03-08,Sierra,091,2930,273,273,42,315,4
2022-03-08,Siskiyou,093,43540,4413,4404,2749,7153,74
2022-03-08,Solano,095,438530,81033,80924,5503,86427,434
2022-03-08,Sonoma,097,501317,82830,82571,2492,85063,473
2022-03-08,Stanislaus,099,539301,116930,117782,17263,135045,1541
2022-03-08,Sutter,101,95872,20475,20403,2072,22475,217
2022-03-08,Tehama,103,63373,12007,11972,2621,14593,158
2022-03-08,Trinity,105,12862,1175,1174,292,1466,20
2022-03-08,Tulare,107,460477,105113,103893,28348,132241,1334
2022-03-08,Tuolumne,109,53932,12571,12427,564,12991,180
2022-03-08,Ventura,111,848112,172186,171806,9222,181028,1447
2022-03-08,Yolo,113,214977,36301,35946,3158,39104,306
2022-03-08,Yuba,115,75493,15738,15705,1191,16896,115
2022-03-07,Alameda,001,1643700,253356,252578,13754,266332,1766
2022-03-07,Alpine,003,1148,122,125,1,126,0
2022-03-07,Amador,005,37829,8456,8368,644,9012,84
2022-03-07,Butte,007,227075,32757,32734,6596,39330,378
2022-03-07,Calaveras,009,45235,7212,7242,352,7594,116
2022-03-07,Colusa,011,21464,3432,3437,1075,4512,21
2022-03-07,Contra Costa,013,1133247,187054,186087,13135,199222,1256
2022-03-07,Del Norte,015,27424,5733,5758,190,5948,48
2022-03-07,El Dorado,017,186661,26575,26487,3194,29681,196
2022-03-07,Fresno,019,978130,229878,227670,22891,250561,2653
2022-03-07,Glenn,021,27897,4953,4939,1564,6503,43
2022-03-07,Humboldt,023,135768,16762,16829,2920,19749,137
2022-03-07,Imperial,025,180216,55095,54712,11167,65879,890
2022-03-07,Inyo,027,18085,4052,4054,480,4534,56
2022-03-07,Kern,029,883053,191029,190163,46123,236286,2152
2022-03-07,Kings,031,150075,51174,51065,3592,54657,433
2022-03-07,Lake,033,64148,10601,10562,891,11453,130
2022-03-07,Lassen,035,31185,8926,8896,890,9786,62
2022-03-07,Los Angeles,037,10098052,2693652,2675497,122815,2798312,30759
2022-03-07,Madera,039,155013,37221,37164,6038,43202,354
2022-03-07,Marin,041,260295,32995,32919,2188,35107,272
2022-03-07,Mariposa,043,17540,2372,2369,200,2569,6
2022-03-07,Mendocino,045,87422,12958,12940,3008,15948,117
2022-03-07,Merced,047,269075,61900,61751,8460,70211,791
2022-03-07,Modoc,049,8938,731,729,250,979,7
2022-03-07,Mono,051,14174,2960,2960,120,3080,5
2022-03-07,Monterey,053,433212,78624,78161,13528,91689,706
2022-03-07,Napa,055,140530,25540,25500,955,26455,136
2022-03-07,Nevada,057,99092,15850,15935,1197,17132,122
2022-03-07,Orange,059,3164182,543663,542028,41160,583188,6687
2022-03-07,Placer,061,380077,62319,62215,7326,69541,591
2022-03-07,Plumas,063,18699,2911,2702,359,3061,13
2022-03-07,Riverside,065,2383286,588740,587537,28012,615549,6279
2022-03-07,Sacramento,067,1510023,275678,274079,26730,300809,2866
2022-03-07,San Benito,069,59416,12843,12843,513,13356,94
2022-03-07,San Bernardino,071,2135413,560967,558265,24593,582858,6703
2022-03-07,San Diego,073,3302833,748013,742287,51245,793532,5068
2022-03-07,San Francisco,075,870044,122800,123655,8263,131918,807
2022-03-07,San Joaquin,077,732212,165682,165343,9199,174542,2091
2022-03-07,San Luis Obispo,079,281455,52112,51874,3745,55619,448
2022-03-07,San Mateo,081,765935,119580,119035,6935,125970,630
2022-03-07,Santa Barbara,083,443738,85101,85345,4815,90160,659
2022-03-07,Santa Clara,085,1922200,309020,308517,12295,320812,2202
2022-03-07,Santa Cruz,087,273765,46771,46823,2099,48922,254
2022-03-07,Shasta,089,179085,30374,30352,6136,36488,493
2022-03-07,Sierra,091,2930,273,273,42,315,4
2022-03-07,Siskiyou,093,43540,4409,4398,2748,7146,74
2022-03-07,Solano,095,438530,80969,80886,5501,86387,435
2022-03-07,Sonoma,097,501317,82786,82530,2491,85021,473
2022-03-07,Stanislaus,099,539301,116893,117713,17255,134968,1537
2022-03-07,Sutter,101,95872,20464,20400,2071,22471,217
2022-03-07,Tehama,103,63373,12001,11966,2618,14584,158
2022-03-07,Trinity,105,12862,1173,1173,292,1465,20
2022-03-07,Tulare,107,460477,105074,103834,28336,132170,1316
2022-03-07,Tuolumne,109,53932,12563,12408,563,12971,179
2022-03-07,Ventura,111,848112,172135,171886,9220,181106,1436
2022-03-07,Yolo,113,214977,36277,35934,3153,39087,306
2022-03-07,Yuba,115,75493,15732,15701,1190,16891,115
2022-03-06,Alameda,001,1643700,253170,252460,13745,266205,1766
2022-03-06,Alpine,003,1148,122,125,1,126,0
2022-03-06,Amador,005,37829,8453,8367,642,9009,84
2022-03-06,Butte,007,227075,32748,32714,6592,39306,376
2022-03-06,Calaveras,009,45235,7210,7236,351,7587,116
2022-03-06,Colusa,011,21464,3432,3435,1074,4509,21
2022-03-06,Contra Costa,013,1133247,186933,185974,13111,199085,1256
2022-03-06,Del Norte,015,27424,5718,5744,188,5932,48
2022-03-06,El Dorado,017,186661,26566,26478,3192,29670,196
2022-03-06,Fresno,019,978130,229731,227514,22881,250395,2653
2022-03-06,Glenn,021,27897,4948,4939,1564,6503,43
2022-03-06,Humboldt,023,135768,16750,16813,2917,19730,137
2022-03-06,Imperial,025,180216,55079,54719,11152,65871,890
2022-03-06,Inyo,027,18085,4049,4053,480,4533,56
2022-03-06,Kern,029,883053,190973,190088,46100,236188,2152
2022-03-06,Kings,031,150075,51105,51050,3589,54639,432
2022-03-06,Lake,033,64148,10587,10539,890,11429,130
2022-03-06,Lassen,035,31185,8913,8887,889,9776,62
2022-03-06,Los Angeles,037,10098052,2692721,2675456,122765,2798221,30759
2022-03-06,Madera,039,155013,37192,37135,6030,43165,354
2022-03-06,Marin,041,260295,32969,32879,2187,35066,272
2022-03-06,Mariposa,043,17540,2371,2365,199,2564,6
2022-03-06,Mendocino,045,87422,12946,12923,3004,15927,116
2022-03-06,Merced,047,269075,61867,61722,8443,70165,791
2022-03-06,Modoc,049,8938,731,729,250,979,7
2022-03-06,Mono,051,14174,2960,2959,120,3079,5
2022-03-06,Monterey,053,433212,78577,78154,13496,91650,706
2022-03-06,Napa,055,140530,25505,25457,953,26410,136
2022-03-06,Nevada,057,99092,15839,15924,1196,17120,122
2022-03-06,Orange,059,3164182,543507,541903,41112,583015,6688
2022-03-06,Placer,061,380077,62288,62185,7322,69507,591
2022-03-06,Plumas,063,18699,2906,2704,359,3063,13
2022-03-06,Riverside,065,2383286,588577,587388,27990,615378,6279
2022-03-06,Sacramento,067,1510023,275542,273935,26707,300642,2869
2022-03-06,San Benito,069,59416,12832,12835,512,13347,94
2022-03-06,San Bernardino,071,2135413,560841,558139,24579,582718,6701
2022-03-06,San Diego,073,3302833,747619,742287,51196,793483,5068
2022-03-06,San Francisco,075,870044,122676,123742,8260,132002,806
2022-03-06,San Joaquin,077,732212,165597,165252,9193,174445,2091
2022-03-06,San Luis Obispo,079,281455,52074,51828,3742,55570,448
2022-03-06,San Mateo,081,765935,119500,118916,6926,125842,630
2022-03-06,Santa Barbara,083,443738,85060,85317,4810,90127,659
2022-03-06,Santa Clara,085,1922200,308763,308250,12293,320543,2201
2022-03-06,Santa Cruz,087,273765,46718,46755,2098,48853,254
2022-03-06,Shasta,089,179085,30349,30332,6119,36451,493
2022-03-06,Sierra,091,2930,273,273,42,315,4
2022-03-06,Siskiyou,093,43540,4405,4398,2746,7144,74
2022-03-06,Solano,095,438530,80910,80833,5495,86328,435
2022-03-06,Sonoma,097,501317,82747,82458,2487,84945,473
2022-03-06,Stanislaus,099,539301,116841,117680,17245,134925,1536
2022-03-06,Sutter,101,95872,20447,20390,2067,22457,217
2022-03-06,Tehama,103,63373,11993,11963,2618,14581,158
2022-03-06,Trinity,105,12862,1173,1172,291,1463,20
2022-03-06,Tulare,107,460477,105011,103794,28320,132114,1316
2022-03-06,Tuolumne,109,53932,12558,12379,561,12940,179
2022-03-06,Ventura,111,848112,172065,171819,9218,181037,1436
2022-03-06,Yolo,113,214977,36253,35882,3149,39031,306
2022-03-06,Yuba,115,75493,15727,15694,1189,16883,115
2022-03-05,Alameda,001,1643700,253055,251988,13739,265727,1760
2022-03-05,Alpine,003,1148,122,125,1,126,0
2022-03-05,Amador,005,37829,8450,8344,642,8986,83
2022-03-05,Butte,007,227075,32741,32663,6587,39250,372
2022-03-05,Calaveras,009,45235,7207,7236,351,7587,116
2022-03-05,Colusa,011,21464,3432,3433,1074,4507,21
2022-03-05,Contra Costa,013,1133247,186873,185734,13105,198839,1235
2022-03-05,Del Norte,015,27424,5715,5725,188,5913,48
2022-03-05,El Dorado,017,186661,26559,26446,3189,29635,193
2022-03-05,Fresno,019,978130,229679,227154,22879,250033,2640
2022-03-05,Glenn,021,27897,4947,4927,1564,6491,43
2022-03-05,Humboldt,023,135768,16743,16781,2915,19696,136
2022-03-05,Imperial,025,180216,55069,54650,11150,65800,880
2022-03-05,Inyo,027,18085,4048,4043,479,4522,56
2022-03-05,Kern,029,883053,190941,189817,46082,235899,2141
2022-03-05,Kings,031,150075,51098,50926,3587,54513,431
2022-03-05,Lake,033,64148,10579,10512,889,11401,130
2022-03-05,Lassen,035,31185,8904,8818,889,9707,62
2022-03-05,Los Angeles,037,10098052,2692372,2671564,122731,2794295,30608
2022-03-05,Madera,039,155013,37178,37100,6030,43130,354
2022-03-05,Marin,041,260295,32957,32829,2187,35016,272
2022-03-05,Mariposa,043,17540,2371,2363,199,2562,6
2022-03-05,Mendocino,045,87422,12943,12845,3003,15848,113
2022-03-05,Merced,047,269075,61857,61653,8443,70096,789
2022-03-05,Modoc,049,8938,731,729,250,979,7
2022-03-05,Mono,051,14174,2960,2961,120,3081,5
2022-03-05,Monterey,053,433212,78558,78028,13489,91517,704
2022-03-05,Napa,055,140530,25487,25405,952,26357,134
2022-03-05,Nevada,057,99092,15835,15907,1195,17102,122
2022-03-05,Orange,059,3164182,543382,541463,41099,582562,6638
2022-03-05,Placer,061,380077,62274,62117,7316,69433,591
2022-03-05,Plumas,063,18699,2905,2701,359,3060,13
2022-03-05,Riverside,065,2383286,588486,586785,27986,614771,6239
2022-03-05,Sacramento,067,1510023,275481,273487,26702,300189,2847
2022-03-05,San Benito,069,59416,12830,12820,512,13332,94
2022-03-05,San Bernardino,071,2135413,560785,557421,24573,581994,6641
2022-03-05,San Diego,073,3302833,747421,740747,51182,791929,5045
2022-03-05,San Francisco,075,870044,122611,123537,8255,131792,798
2022-03-05,San Joaquin,077,732212,165555,165085,9186,174271,2069
2022-03-05,San Luis Obispo,079,281455,52067,51739,3739,55478,446
2022-03-05,San Mateo,081,765935,119444,118646,6923,125569,621
2022-03-05,Santa Barbara,083,443738,85045,85249,4810,90059,655
2022-03-05,Santa Clara,085,1922200,308645,307689,12290,319979,2195
2022-03-05,Santa Cruz,087,273765,46698,46622,2098,48720,253
2022-03-05,Shasta,089,179085,30337,30282,6118,36400,492
2022-03-05,Sierra,091,2930,273,273,41,314,4
2022-03-05,Siskiyou,093,43540,4404,4389,2745,7134,74
2022-03-05,Solano,095,438530,80893,80690,5495,86185,435
2022-03-05,Sonoma,097,501317,82724,82313,2487,84800,473
2022-03-05,Stanislaus,099,539301,116816,117501,17243,134744,1531
2022-03-05,Sutter,101,95872,20440,20346,2067,22413,217
2022-03-05,Tehama,103,63373,11991,11939,2618,14557,158
2022-03-05,Trinity,105,12862,1173,1170,291,1461,20
2022-03-05,Tulare,107,460477,104998,103534,28310,131844,1305
2022-03-05,Tuolumne,109,53932,12554,12325,560,12885,178
2022-03-05,Ventura,111,848112,172023,171666,9216,180882,1436
2022-03-05,Yolo,113,214977,36239,35856,3149,39005,306
2022-03-05,Yuba,115,75493,15719,15666,1189,16855,115
2022-03-04,Alameda,001,1643700,252966,251988,13731,265719,1760
2022-03-04,Alpine,003,1148,122,125,1,126,0
2022-03-04,Amador,005,37829,8449,8344,642,8986,83
2022-03-04,Butte,007,227075,32735,32663,6580,39243,372
2022-03-04,Calaveras,009,45235,7206,7236,351,7587,116
2022-03-04,Colusa,011,21464,3430,3433,1074,4507,21
2022-03-04,Contra Costa,013,1133247,186802,185734,13102,198836,1235
2022-03-04,Del Norte,015,27424,5706,5725,188,5913,48
2022-03-04,El Dorado,017,186661,26555,26446,3189,29635,193
2022-03-04,Fresno,019,978130,229615,227154,22873,250027,2640
2022-03-04,Glenn,021,27897,4946,4927,1564,6491,43
2022-03-04,Humboldt,023,135768,16740,16781,2915,19696,136
2022-03-04,Imperial,025,180216,55061,54650,11146,65796,880
2022-03-04,Inyo,027,18085,4048,4043,479,4522,56
2022-03-04,Kern,029,883053,190900,189817,46069,235886,2141
2022-03-04,Kings,031,150075,51085,50926,3587,54513,431
2022-03-04,Lake,033,64148,10578,10512,889,11401,130
2022-03-04,Lassen,035,31185,8902,8818,889,9707,62
2022-03-04,Los Angeles,037,10098052,2691881,2671564,122702,2794266,30608
2022-03-04,Madera,039,155013,37167,37100,6030,43130,354
2022-03-04,Marin,041,260295,32936,32829,2185,35014,272
2022-03-04,Mariposa,043,17540,2366,2363,199,2562,6
2022-03-04,Mendocino,045,87422,12937,12845,3003,15848,113
2022-03-04,Merced,047,269075,61845,61653,8441,70094,789
2022-03-04,Modoc,049,8938,731,729,250,979,7
2022-03-04,Mono,051,14174,2960,2961,120,3081,5
2022-03-04,Monterey,053,433212,78538,78028,13482,91510,704
2022-03-04,Napa,055,140530,25472,25405,951,26356,134
2022-03-04,Nevada,057,99092,15830,15907,1195,17102,122
2022-03-04,Orange,059,3164182,543263,541463,41080,582543,6638
2022-03-04,Placer,061,380077,62265,62117,7312,69429,591
2022-03-04,Plumas,063,18699,2905,2701,358,3059,13
2022-03-04,Riverside,065,2383286,588398,586785,27985,614770,6239
2022-03-04,Sacramento,067,1510023,275411,273487,26698,300185,2847
2022-03-04,San Benito,069,59416,12826,12820,512,13332,94
2022-03-04,San Bernardino,071,2135413,560705,557421,24572,581993,6641
2022-03-04,San Diego,073,3302833,747177,740747,51165,791912,5045
2022-03-04,San Francisco,075,870044,122553,123537,8248,131785,798
2022-03-04,San Joaquin,077,732212,165524,165085,9185,174270,2069
2022-03-04,San Luis Obispo,079,281455,52059,51739,3738,55477,446
2022-03-04,San Mateo,081,765935,119386,118646,6921,125567,621
2022-03-04,Santa Barbara,083,443738,85023,85249,4810,90059,655
2022-03-04,Santa Clara,085,1922200,308497,307689,12287,319976,2195
2022-03-04,Santa Cruz,087,273765,46676,46622,2098,48720,253
2022-03-04,Shasta,089,179085,30328,30282,6115,36397,492
2022-03-04,Sierra,091,2930,273,273,41,314,4
2022-03-04,Siskiyou,093,43540,4402,4389,2741,7130,74
2022-03-04,Solano,095,438530,80860,80690,5492,86182,435
2022-03-04,Sonoma,097,501317,82695,82313,2486,84799,473
2022-03-04,Stanislaus,099,539301,116797,117501,17241,134742,1531
2022-03-04,Sutter,101,95872,20436,20346,2067,22413,217
2022-03-04,Tehama,103,63373,11988,11939,2618,14557,158
2022-03-04,Trinity,105,12862,1173,1170,291,1461,20
2022-03-04,Tulare,107,460477,104980,103534,28305,131839,1305
2022-03-04,Tuolumne,109,53932,12549,12325,560,12885,178
2022-03-04,Ventura,111,848112,171976,171666,9213,180879,1436
2022-03-04,Yolo,113,214977,36222,35856,3149,39005,306
2022-03-04,Yuba,115,75493,15714,15666,1188,16854,115
2022-03-03,Alameda,001,1643700,252846,251988,13719,265707,1760
2022-03-03,Alpine,003,1148,122,125,1,126,0
2022-03-03,Amador,005,37829,8448,8344,642,8986,83
2022-03-03,Butte,007,227075,32718,32663,6574,39237,372
2022-03-03,Calaveras,009,45235,7193,7236,351,7587,116
2022-03-03,Colusa,011,21464,3430,3433,1074,4507,21
2022-03-03,Contra Costa,013,1133247,186727,185734,13089,198823,1235
2022-03-03,Del Norte,015,27424,5699,5725,188,5913,48
2022-03-03,El Dorado,017,186661,26538,26446,3188,29634,193
2022-03-03,Fresno,019,978130,229483,227154,22864,250018,2640
2022-03-03,Glenn,021,27897,4944,4927,1563,6490,43
2022-03-03,Humboldt,023,135768,16726,16781,2914,19695,136
2022-03-03,Imperial,025,180216,55045,54650,11138,65788,880
2022-03-03,Inyo,027,18085,4047,4043,479,4522,56
2022-03-03,Kern,029,883053,190832,189817,46049,235866,2141
2022-03-03,Kings,031,150075,51062,50926,3584,54510,431
2022-03-03,Lake,033,64148,10571,10512,887,11399,130
2022-03-03,Lassen,035,31185,8894,8818,889,9707,62
2022-03-03,Los Angeles,037,10098052,2691161,2671564,122659,2794223,30608
2022-03-03,Madera,039,155013,37150,37100,6025,43125,354
2022-03-03,Marin,041,260295,32909,32829,2185,35014,272
2022-03-03,Mariposa,043,17540,2365,2363,199,2562,6
2022-03-03,Mendocino,045,87422,12926,12845,3000,15845,113
2022-03-03,Merced,047,269075,61828,61653,8435,70088,789
2022-03-03,Modoc,049,8938,731,729,250,979,7
2022-03-03,Mono,051,14174,2959,2961,120,3081,5
2022-03-03,Monterey,053,433212,78510,78028,13464,91492,704
2022-03-03,Napa,055,140530,25449,25405,950,26355,134
2022-03-03,Nevada,057,99092,15825,15907,1190,17097,122
2022-03-03,Orange,059,3164182,543088,541463,41053,582516,6638
2022-03-03,Placer,061,380077,62243,62117,7308,69425,591
2022-03-03,Plumas,063,18699,2904,2701,358,3059,13
2022-03-03,Riverside,065,2383286,588265,586785,27980,614765,6239
2022-03-03,Sacramento,067,1510023,275299,273487,26680,300167,2847
2022-03-03,San Benito,069,59416,12823,12820,512,13332,94
2022-03-03,San Bernardino,071,2135413,560597,557421,24566,581987,6641
2022-03-03,San Diego,073,3302833,746829,740747,51146,791893,5045
2022-03-03,San Francisco,075,870044,122480,123537,8237,131774,798
2022-03-03,San Joaquin,077,732212,165450,165085,9182,174267,2069
2022-03-03,San Luis Obispo,079,281455,52004,51739,3731,55470,446
2022-03-03,San Mateo,081,765935,119311,118646,6911,125557,621
2022-03-03,Santa Barbara,083,443738,85003,85249,4801,90050,655
2022-03-03,Santa Clara,085,1922200,308311,307689,12273,319962,2195
2022-03-03,Santa Cruz,087,273765,46629,46622,2096,48718,253
2022-03-03,Shasta,089,179085,30311,30282,6111,36393,492
2022-03-03,Sierra,091,2930,273,273,41,314,4
2022-03-03,Siskiyou,093,43540,4399,4389,2741,7130,74
2022-03-03,Solano,095,438530,80811,80690,5490,86180,435
2022-03-03,Sonoma,097,501317,82648,82313,2481,84794,473
2022-03-03,Stanislaus,099,539301,116764,117501,17234,134735,1531
2022-03-03,Sutter,101,95872,20427,20346,2067,22413,217
2022-03-03,Tehama,103,63373,11984,11939,2618,14557,158
2022-03-03,Trinity,105,12862,1172,1170,291,1461,20
2022-03-03,Tulare,107,460477,104932,103534,28295,131829,1305
2022-03-03,Tuolumne,109,53932,12539,12325,560,12885,178
2022-03-03,Ventura,111,848112,171923,171666,9211,180877,1436
2022-03-03,Yolo,113,214977,36198,35856,3138,38994,306
2022-03-03,Yuba,115,75493,15708,15666,1183,16849,115
2022-03-02,Alameda,001,1643700,252664,251886,13703,265589,1759
2022-03-02,Alpine,003,1148,122,125,1,126,0
2022-03-02,Amador,005,37829,8436,8341,642,8983,83
2022-03-02,Butte,007,227075,32705,32636,6569,39205,372
2022-03-02,Calaveras,009,45235,7192,7225,351,7576,116
2022-03-02,Colusa,011,21464,3427,3428,1074,4502,21
2022-03-02,Contra Costa,013,1133247,186632,185589,13072,198661,1236
2022-03-02,Del Norte,015,27424,5692,5708,186,5894,47
2022-03-02,El Dorado,017,186661,26524,26433,3185,29618,192
2022-03-02,Fresno,019,978130,229349,226932,22853,249785,2629
2022-03-02,Glenn,021,27897,4944,4922,1562,6484,43
2022-03-02,Humboldt,023,135768,16716,16747,2907,19654,135
2022-03-02,Imperial,025,180216,55019,54629,11129,65758,878
2022-03-02,Inyo,027,18085,4045,4041,478,4519,56
2022-03-02,Kern,029,883053,190766,189656,46029,235685,2136
2022-03-02,Kings,031,150075,51036,50819,3581,54400,431
2022-03-02,Lake,033,64148,10557,10495,885,11380,130
2022-03-02,Lassen,035,31185,8891,8811,888,9699,62
2022-03-02,Los Angeles,037,10098052,2690281,2670287,122614,2792901,30535
2022-03-02,Madera,039,155013,37131,37077,6024,43101,354
2022-03-02,Marin,041,260295,32892,32794,2184,34978,272
2022-03-02,Mariposa,043,17540,2365,2359,199,2558,6
2022-03-02,Mendocino,045,87422,12913,12832,2995,15827,112
2022-03-02,Merced,047,269075,61801,61606,8425,70031,785
2022-03-02,Modoc,049,8938,731,729,250,979,7
2022-03-02,Mono,051,14174,2959,2961,120,3081,5
2022-03-02,Monterey,053,433212,78475,77963,13441,91404,703
2022-03-02,Napa,055,140530,25398,25382,948,26330,134
2022-03-02,Nevada,057,99092,15814,15920,1189,17109,122
2022-03-02,Orange,059,3164182,542886,541230,41023,582253,6623
2022-03-02,Placer,061,380077,62220,62066,7305,69371,589
2022-03-02,Plumas,063,18699,2904,2700,357,3057,13
2022-03-02,Riverside,065,2383286,588113,586513,27969,614482,6229
2022-03-02,Sacramento,067,1510023,275179,273291,26670,299961,2837
2022-03-02,San Benito,069,59416,12812,12814,512,13326,94
2022-03-02,San Bernardino,071,2135413,560494,557082,24561,581643,6619
2022-03-02,San Diego,073,3302833,746463,739803,51099,790902,5034
2022-03-02,San Francisco,075,870044,122384,123442,8235,131677,792
2022-03-02,San Joaquin,077,732212,165387,164968,9176,174144,2063
2022-03-02,San Luis Obispo,079,281455,51966,51686,3726,55412,446
2022-03-02,San Mateo,081,765935,119224,118518,6894,125412,617
2022-03-02,Santa Barbara,083,443738,84978,85183,4800,89983,655
2022-03-02,Santa Clara,085,1922200,308083,307354,12259,319613,2184
2022-03-02,Santa Cruz,087,273765,46560,46534,2095,48629,253
2022-03-02,Shasta,089,179085,30289,30253,6101,36354,490
2022-03-02,Sierra,091,2930,273,273,41,314,4
2022-03-02,Siskiyou,093,43540,4397,4384,2738,7122,74
2022-03-02,Solano,095,438530,80735,80626,5487,86113,433
2022-03-02,Sonoma,097,501317,82601,82208,2477,84685,473
2022-03-02,Stanislaus,099,539301,116727,117411,17206,134617,1519
2022-03-02,Sutter,101,95872,20404,20317,2049,22366,216
2022-03-02,Tehama,103,63373,11979,11930,2617,14547,158
2022-03-02,Trinity,105,12862,1170,1160,291,1451,20
2022-03-02,Tulare,107,460477,104887,103451,28278,131729,1302
2022-03-02,Tuolumne,109,53932,12534,12297,560,12857,179
2022-03-02,Ventura,111,848112,171870,171770,9207,180977,1427
2022-03-02,Yolo,113,214977,36179,35799,3134,38933,305
2022-03-02,Yuba,115,75493,15695,15653,1178,16831,115
2022-03-01,Alameda,001,1643700,252496,251830,13692,265522,1749
2022-03-01,Alpine,003,1148,122,125,1,126,0
2022-03-01,Amador,005,37829,8388,8334,640,8974,83
2022-03-01,Butte,007,227075,32681,32575,6566,39141,372
2022-03-01,Calaveras,009,45235,7189,7223,350,7573,116
2022-03-01,Colusa,011,21464,3426,3423,1074,4497,21
2022-03-01,Contra Costa,013,1133247,186516,185378,13058,198436,1231
2022-03-01,Del Norte,015,27424,5689,5701,184,5885,45
2022-03-01,El Dorado,017,186661,26504,26413,3183,29596,192
2022-03-01,Fresno,019,978130,229202,226594,22840,249434,2628
2022-03-01,Glenn,021,27897,4943,4919,1560,6479,40
2022-03-01,Humboldt,023,135768,16695,16727,2900,19627,135
2022-03-01,Imperial,025,180216,55001,54570,11122,65692,875
2022-03-01,Inyo,027,18085,4041,4041,477,4518,56
2022-03-01,Kern,029,883053,190690,189365,46004,235369,2120
2022-03-01,Kings,031,150075,51014,50763,3577,54340,427
2022-03-01,Lake,033,64148,10545,10471,883,11354,128
2022-03-01,Lassen,035,31185,8887,8801,888,9689,61
2022-03-01,Los Angeles,037,10098052,2689332,2669489,122554,2792043,30486
2022-03-01,Madera,039,155013,37111,37046,6017,43063,354
2022-03-01,Marin,041,260295,32867,32764,2182,34946,272
2022-03-01,Mariposa,043,17540,2364,2357,198,2555,6
2022-03-01,Mendocino,045,87422,12901,12818,2993,15811,112
2022-03-01,Merced,047,269075,61772,61549,8410,69959,781
2022-03-01,Modoc,049,8938,731,729,250,979,7
2022-03-01,Mono,051,14174,2958,2960,120,3080,6
2022-03-01,Monterey,053,433212,78449,77911,13428,91339,696
2022-03-01,Napa,055,140530,25365,25344,948,26292,134
2022-03-01,Nevada,057,99092,15806,15916,1186,17102,121
2022-03-01,Orange,059,3164182,542665,541054,40985,582039,6612
2022-03-01,Placer,061,380077,62189,62021,7299,69320,583
2022-03-01,Plumas,063,18699,2904,2694,357,3051,13
2022-03-01,Riverside,065,2383286,587946,586184,27968,614152,6198
2022-03-01,Sacramento,067,1510023,275049,273089,26656,299745,2831
2022-03-01,San Benito,069,59416,12807,12806,512,13318,94
2022-03-01,San Bernardino,071,2135413,560360,556743,24558,581301,6588
2022-03-01,San Diego,073,3302833,746023,739136,51058,790194,5029
2022-03-01,San Francisco,075,870044,122282,123481,8230,131711,792
2022-03-01,San Joaquin,077,732212,165320,164894,9171,174065,2062
2022-03-01,San Luis Obispo,079,281455,51929,51592,3722,55314,445
2022-03-01,San Mateo,081,765935,119147,118358,6886,125244,613
2022-03-01,Santa Barbara,083,443738,84939,85134,4796,89930,654
2022-03-01,Santa Clara,085,1922200,307831,306978,12246,319224,2190
2022-03-01,Santa Cruz,087,273765,46510,46471,2092,48563,253
2022-03-01,Shasta,089,179085,30259,30227,6098,36325,489
2022-03-01,Sierra,091,2930,273,274,41,315,5
2022-03-01,Siskiyou,093,43540,4393,4384,2733,7117,74
2022-03-01,Solano,095,438530,80664,80556,5484,86040,434
2022-03-01,Sonoma,097,501317,82530,82103,2471,84574,477
2022-03-01,Stanislaus,099,539301,116674,117308,17181,134489,1521
2022-03-01,Sutter,101,95872,20390,20288,2045,22333,217
2022-03-01,Tehama,103,63373,11972,11923,2614,14537,158
2022-03-01,Trinity,105,12862,1169,1159,291,1450,20
2022-03-01,Tulare,107,460477,104806,103371,28258,131629,1302
2022-03-01,Tuolumne,109,53932,12527,12276,558,12834,175
2022-03-01,Ventura,111,848112,171801,171672,9200,180872,1427
2022-03-01,Yolo,113,214977,36152,35801,3130,38931,299
2022-03-01,Yuba,115,75493,15687,15637,1178,16815,116
2022-02-28,Alameda,001,1643700,252280,251714,13678,265392,1742
2022-02-28,Alpine,003,1148,122,125,1,126,0
2022-02-28,Amador,005,37829,8382,8308,639,8947,83
2022-02-28,Butte,007,227075,32657,32550,6561,39111,368
2022-02-28,Calaveras,009,45235,7186,7220,349,7569,110
2022-02-28,Colusa,011,21464,3423,3422,1072,4494,21
2022-02-28,Contra Costa,013,1133247,186410,185272,13038,198310,1231
2022-02-28,Del Norte,015,27424,5685,5699,183,5882,45
2022-02-28,El Dorado,017,186661,26496,26409,3178,29587,191
2022-02-28,Fresno,019,978130,228999,226519,22818,249337,2622
2022-02-28,Glenn,021,27897,4939,4918,1560,6478,40
2022-02-28,Humboldt,023,135768,16680,16717,2896,19613,135
2022-02-28,Imperial,025,180216,54976,54517,11113,65630,875
2022-02-28,Inyo,027,18085,4041,4041,476,4517,56
2022-02-28,Kern,029,883053,190595,189245,45973,235218,2115
2022-02-28,Kings,031,150075,50975,50741,3576,54317,427
2022-02-28,Lake,033,64148,10534,10468,879,11347,128
2022-02-28,Lassen,035,31185,8830,8794,888,9682,55
2022-02-28,Los Angeles,037,10098052,2688161,2666804,122470,2789274,30410
2022-02-28,Madera,039,155013,37084,37023,5999,43022,354
2022-02-28,Marin,041,260295,32841,32775,2182,34957,272
2022-02-28,Mariposa,043,17540,2361,2354,196,2550,6
2022-02-28,Mendocino,045,87422,12893,12800,2985,15785,112
2022-02-28,Merced,047,269075,61728,61519,8392,69911,781
2022-02-28,Modoc,049,8938,731,727,250,977,7
2022-02-28,Mono,051,14174,2958,2961,120,3081,5
2022-02-28,Monterey,053,433212,78382,77865,13406,91271,693
2022-02-28,Napa,055,140530,25341,25317,948,26265,129
2022-02-28,Nevada,057,99092,15800,15908,1180,17088,121
2022-02-28,Orange,059,3164182,542414,540839,40970,581809,6605
2022-02-28,Placer,061,380077,62157,61976,7293,69269,577
2022-02-28,Plumas,063,18699,2904,2691,356,3047,13
2022-02-28,Riverside,065,2383286,587748,585891,27935,613826,6179
2022-02-28,Sacramento,067,1510023,274915,273038,26631,299669,2825
2022-02-28,San Benito,069,59416,12803,12798,512,13310,94
2022-02-28,San Bernardino,071,2135413,560167,556540,24544,581084,6576
2022-02-28,San Diego,073,3302833,745623,737760,51029,788789,5018
2022-02-28,San Francisco,075,870044,122124,123402,8223,131625,792
2022-02-28,San Joaquin,077,732212,165234,164833,9162,173995,2060
2022-02-28,San Luis Obispo,079,281455,51870,51565,3714,55279,440
2022-02-28,San Mateo,081,765935,119044,118301,6880,125181,611
2022-02-28,Santa Barbara,083,443738,84897,85076,4791,89867,653
2022-02-28,Santa Clara,085,1922200,307548,306930,12224,319154,2180
2022-02-28,Santa Cruz,087,273765,46438,46447,2091,48538,253
2022-02-28,Shasta,089,179085,30234,30213,6094,36307,488
2022-02-28,Sierra,091,2930,273,273,41,314,4
2022-02-28,Siskiyou,093,43540,4390,4382,2727,7109,74
2022-02-28,Solano,095,438530,80595,80544,5473,86017,430
2022-02-28,Sonoma,097,501317,82466,82058,2468,84526,477
2022-02-28,Stanislaus,099,539301,116607,117231,17165,134396,1521
2022-02-28,Sutter,101,95872,20377,20285,2042,22327,214
2022-02-28,Tehama,103,63373,11959,11917,2613,14530,158
2022-02-28,Trinity,105,12862,1169,1160,291,1451,20
2022-02-28,Tulare,107,460477,104756,103304,28240,131544,1300
2022-02-28,Tuolumne,109,53932,12516,12247,557,12804,175
2022-02-28,Ventura,111,848112,171717,171614,9199,180813,1423
2022-02-28,Yolo,113,214977,36114,35754,3123,38877,299
2022-02-28,Yuba,115,75493,15673,15625,1177,16802,115
2022-02-27,Alameda,001,1643700,252000,251624,13669,265293,1744
2022-02-27,Alpine,003,1148,122,125,1,126,0
2022-02-27,Amador,005,37829,8378,8305,636,8941,83
2022-02-27,Butte,007,227075,32620,32551,6549,39100,368
2022-02-27,Calaveras,009,45235,7178,7214,349,7563,110
2022-02-27,Colusa,011,21464,3422,3422,1072,4494,21
2022-02-27,Contra Costa,013,1133247,186273,185185,13018,198203,1230
2022-02-27,Del Norte,015,27424,5667,5691,181,5872,45
2022-02-27,El Dorado,017,186661,26477,26410,3176,29586,191
2022-02-27,Fresno,019,978130,228798,226397,22793,249190,2621
2022-02-27,Glenn,021,27897,4937,4915,1560,6475,40
2022-02-27,Humboldt,023,135768,16658,16713,2889,19602,135
2022-02-27,Imperial,025,180216,54926,54509,11092,65601,875
2022-02-27,Inyo,027,18085,4040,4041,472,4513,56
2022-02-27,Kern,029,883053,190474,189219,45933,235152,2115
2022-02-27,Kings,031,150075,50946,50733,3574,54307,428
2022-02-27,Lake,033,64148,10515,10463,879,11342,128
2022-02-27,Lassen,035,31185,8822,8786,888,9674,55
2022-02-27,Los Angeles,037,10098052,2686865,2666789,122386,2789175,30410
2022-02-27,Madera,039,155013,37058,37009,5991,43000,354
2022-02-27,Marin,041,260295,32803,32756,2180,34936,272
2022-02-27,Mariposa,043,17540,2358,2352,196,2548,6
2022-02-27,Mendocino,045,87422,12874,12798,2972,15770,112
2022-02-27,Merced,047,269075,61677,61491,8375,69866,779
2022-02-27,Modoc,049,8938,730,727,250,977,7
2022-02-27,Mono,051,14174,2957,2960,120,3080,5
2022-02-27,Monterey,053,433212,78321,77851,13382,91233,693
2022-02-27,Napa,055,140530,25302,25316,948,26264,129
2022-02-27,Nevada,057,99092,15792,15900,1176,17076,121
2022-02-27,Orange,059,3164182,542170,540659,40940,581599,6605
2022-02-27,Placer,061,380077,62113,61965,7289,69254,577
2022-02-27,Plumas,063,18699,2901,2691,356,3047,13
2022-02-27,Riverside,065,2383286,587508,585833,27909,613742,6179
2022-02-27,Sacramento,067,1510023,274729,272927,26599,299526,2822
2022-02-27,San Benito,069,59416,12796,12798,512,13310,94
2022-02-27,San Bernardino,071,2135413,559986,556457,24534,580991,6572
2022-02-27,San Diego,073,3302833,745138,737760,50986,788746,5018
2022-02-27,San Francisco,075,870044,122001,123327,8211,131538,791
2022-02-27,San Joaquin,077,732212,165128,164814,9158,173972,2060
2022-02-27,San Luis Obispo,079,281455,51777,51564,3707,55271,439
2022-02-27,San Mateo,081,765935,118928,118244,6875,125119,611
2022-02-27,Santa Barbara,083,443738,84857,85050,4787,89837,653
2022-02-27,Santa Clara,085,1922200,307245,306756,12192,318948,2180
2022-02-27,Santa Cruz,087,273765,46377,46411,2090,48501,253
2022-02-27,Shasta,089,179085,30202,30206,6088,36294,488
2022-02-27,Sierra,091,2930,273,273,41,314,4
2022-02-27,Siskiyou,093,43540,4385,4378,2714,7092,74
2022-02-27,Solano,095,438530,80517,80515,5462,85977,430
2022-02-27,Sonoma,097,501317,82381,82041,2462,84503,476
2022-02-27,Stanislaus,099,539301,116538,117200,17148,134348,1522
2022-02-27,Sutter,101,95872,20360,20280,2037,22317,214
2022-02-27,Tehama,103,63373,11946,11915,2612,14527,158
2022-02-27,Trinity,105,12862,1168,1158,291,1449,20
2022-02-27,Tulare,107,460477,104681,103270,28185,131455,1300
2022-02-27,Tuolumne,109,53932,12502,12243,556,12799,175
2022-02-27,Ventura,111,848112,171641,171660,9197,180857,1423
2022-02-27,Yolo,113,214977,36087,35744,3118,38862,299
2022-02-27,Yuba,115,75493,15662,15619,1175,16794,113
2022-02-26,Alameda,001,1643700,251889,250867,13664,264531,1716
2022-02-26,Alpine,003,1148,122,125,1,126,0
2022-02-26,Amador,005,37829,8375,8282,635,8917,83
2022-02-26,Butte,007,227075,32606,32466,6548,39014,368
2022-02-26,Calaveras,009,45235,7177,7192,349,7541,110
2022-02-26,Colusa,011,21464,3422,3414,1072,4486,21
2022-02-26,Contra Costa,013,1133247,186203,184686,12999,197685,1209
2022-02-26,Del Norte,015,27424,5662,5639,181,5820,45
2022-02-26,El Dorado,017,186661,26466,26355,3172,29527,191
2022-02-26,Fresno,019,978130,228708,225679,22793,248472,2597
2022-02-26,Glenn,021,27897,4935,4909,1559,6468,40
2022-02-26,Humboldt,023,135768,16633,16619,2888,19507,133
2022-02-26,Imperial,025,180216,54898,54367,11090,65457,871
2022-02-26,Inyo,027,18085,4039,4034,467,4501,56
2022-02-26,Kern,029,883053,190425,188584,45913,234497,2106
2022-02-26,Kings,031,150075,50933,50579,3574,54153,423
2022-02-26,Lake,033,64148,10509,10383,879,11262,128
2022-02-26,Lassen,035,31185,8821,8761,888,9649,55
2022-02-26,Los Angeles,037,10098052,2686306,2660973,122345,2783318,30202
2022-02-26,Madera,039,155013,37044,36933,5989,42922,330
2022-02-26,Marin,041,260295,32789,32651,2178,34829,267
2022-02-26,Mariposa,043,17540,2357,2332,196,2528,6
2022-02-26,Mendocino,045,87422,12868,12762,2972,15734,111
2022-02-26,Merced,047,269075,61656,61348,8374,69722,775
2022-02-26,Modoc,049,8938,730,726,250,976,7
2022-02-26,Mono,051,14174,2957,2959,119,3078,5
2022-02-26,Monterey,053,433212,78290,77610,13375,90985,692
2022-02-26,Napa,055,140530,25287,25221,947,26168,130
2022-02-26,Nevada,057,99092,15788,15850,1174,17024,121
2022-02-26,Orange,059,3164182,542061,539992,40923,580915,6540
2022-02-26,Placer,061,380077,62094,61803,7286,69089,573
2022-02-26,Plumas,063,18699,2901,2673,356,3029,13
2022-02-26,Riverside,065,2383286,587388,584835,27901,612736,6143
2022-02-26,Sacramento,067,1510023,274635,272339,26586,298925,2793
2022-02-26,San Benito,069,59416,12792,12770,512,13282,92
2022-02-26,San Bernardino,071,2135413,559903,555668,24528,580196,6505
2022-02-26,San Diego,073,3302833,744907,736049,50966,787015,5002
2022-02-26,San Francisco,075,870044,121933,123079,8203,131282,769
2022-02-26,San Joaquin,077,732212,165093,164418,9157,173575,2048
2022-02-26,San Luis Obispo,079,281455,51763,51358,3704,55062,438
2022-02-26,San Mateo,081,765935,118874,117860,6874,124734,603
2022-02-26,Santa Barbara,083,443738,84827,84830,4787,89617,652
2022-02-26,Santa Clara,085,1922200,307092,305895,12190,318085,2166
2022-02-26,Santa Cruz,087,273765,46355,46186,2090,48276,251
2022-02-26,Shasta,089,179085,30194,30108,6082,36190,485
2022-02-26,Sierra,091,2930,273,270,41,311,1
2022-02-26,Siskiyou,093,43540,4385,4359,2712,7071,72
2022-02-26,Solano,095,438530,80483,80225,5459,85684,428
2022-02-26,Sonoma,097,501317,82345,81702,2460,84162,432
2022-02-26,Stanislaus,099,539301,116498,116896,17143,134039,1503
2022-02-26,Sutter,101,95872,20351,20230,2037,22267,214
2022-02-26,Tehama,103,63373,11940,11878,2610,14488,158
2022-02-26,Trinity,105,12862,1167,1156,291,1447,20
2022-02-26,Tulare,107,460477,104644,102983,28170,131153,1295
2022-02-26,Tuolumne,109,53932,12500,12169,556,12725,175
2022-02-26,Ventura,111,848112,171607,171292,9195,180487,1411
2022-02-26,Yolo,113,214977,36066,35615,3115,38730,296
2022-02-26,Yuba,115,75493,15651,15587,1175,16762,113
2022-02-25,Alameda,001,1643700,251763,250867,13654,264521,1716
2022-02-25,Alpine,003,1148,122,125,1,126,0
2022-02-25,Amador,005,37829,8364,8282,635,8917,83
2022-02-25,Butte,007,227075,32594,32466,6546,39012,368
2022-02-25,Calaveras,009,45235,7175,7192,349,7541,110
2022-02-25,Colusa,011,21464,3422,3414,1072,4486,21
2022-02-25,Contra Costa,013,1133247,186117,184686,12977,197663,1209
2022-02-25,Del Norte,015,27424,5652,5639,181,5820,45
2022-02-25,El Dorado,017,186661,26457,26355,3172,29527,191
2022-02-25,Fresno,019,978130,228611,225679,22786,248465,2597
2022-02-25,Glenn,021,27897,4933,4909,1559,6468,40
2022-02-25,Humboldt,023,135768,16622,16619,2888,19507,133
2022-02-25,Imperial,025,180216,54880,54367,11089,65456,871
2022-02-25,Inyo,027,18085,4038,4034,467,4501,56
2022-02-25,Kern,029,883053,190359,188584,45900,234484,2106
2022-02-25,Kings,031,150075,50919,50579,3573,54152,423
2022-02-25,Lake,033,64148,10494,10383,879,11262,128
2022-02-25,Lassen,035,31185,8819,8761,888,9649,55
2022-02-25,Los Angeles,037,10098052,2685715,2660973,122315,2783288,30202
2022-02-25,Madera,039,155013,37024,36933,5988,42921,330
2022-02-25,Marin,041,260295,32775,32651,2178,34829,267
2022-02-25,Mariposa,043,17540,2354,2332,196,2528,6
2022-02-25,Mendocino,045,87422,12866,12762,2972,15734,111
2022-02-25,Merced,047,269075,61624,61348,8370,69718,775
2022-02-25,Modoc,049,8938,730,726,250,976,7
2022-02-25,Mono,051,14174,2956,2959,119,3078,5
2022-02-25,Monterey,053,433212,78263,77610,13369,90979,692
2022-02-25,Napa,055,140530,25278,25221,947,26168,130
2022-02-25,Nevada,057,99092,15777,15850,1171,17021,121
2022-02-25,Orange,059,3164182,541929,539992,40900,580892,6540
2022-02-25,Placer,061,380077,62079,61803,7280,69083,573
2022-02-25,Plumas,063,18699,2899,2673,355,3028,13
2022-02-25,Riverside,065,2383286,587231,584835,27889,612724,6143
2022-02-25,Sacramento,067,1510023,274533,272339,26581,298920,2793
2022-02-25,San Benito,069,59416,12790,12770,512,13282,92
2022-02-25,San Bernardino,071,2135413,559801,555668,24521,580189,6505
2022-02-25,San Diego,073,3302833,744604,736049,50947,786996,5002
2022-02-25,San Francisco,075,870044,121854,123079,8199,131278,769
2022-02-25,San Joaquin,077,732212,165053,164418,9152,173570,2048
2022-02-25,San Luis Obispo,079,281455,51759,51358,3695,55053,438
2022-02-25,San Mateo,081,765935,118813,117860,6870,124730,603
2022-02-25,Santa Barbara,083,443738,84792,84830,4787,89617,652
2022-02-25,Santa Clara,085,1922200,306908,305895,12187,318082,2166
2022-02-25,Santa Cruz,087,273765,46321,46186,2088,48274,251
2022-02-25,Shasta,089,179085,30184,30108,6080,36188,485
2022-02-25,Sierra,091,2930,273,270,41,311,1
2022-02-25,Siskiyou,093,43540,4385,4359,2711,7070,72
2022-02-25,Solano,095,438530,80454,80225,5458,85683,428
2022-02-25,Sonoma,097,501317,82295,81702,2458,84160,432
2022-02-25,Stanislaus,099,539301,116471,116896,17139,134035,1503
2022-02-25,Sutter,101,95872,20342,20230,2037,22267,214
2022-02-25,Tehama,103,63373,11938,11878,2610,14488,158
2022-02-25,Trinity,105,12862,1167,1156,291,1447,20
2022-02-25,Tulare,107,460477,104607,102983,28147,131130,1295
2022-02-25,Tuolumne,109,53932,12498,12169,556,12725,175
2022-02-25,Ventura,111,848112,171557,171292,9195,180487,1411
2022-02-25,Yolo,113,214977,36051,35615,3115,38730,296
2022-02-25,Yuba,115,75493,15643,15587,1175,16762,113
2022-02-24,Alameda,001,1643700,251557,250867,13645,264512,1716
2022-02-24,Alpine,003,1148,122,125,1,126,0
2022-02-24,Amador,005,37829,8359,8282,634,8916,83
2022-02-24,Butte,007,227075,32573,32466,6541,39007,368
2022-02-24,Calaveras,009,45235,7172,7192,347,7539,110
2022-02-24,Colusa,011,21464,3421,3414,1071,4485,21
2022-02-24,Contra Costa,013,1133247,185987,184686,12969,197655,1209
2022-02-24,Del Norte,015,27424,5637,5639,180,5819,45
2022-02-24,El Dorado,017,186661,26443,26355,3172,29527,191
2022-02-24,Fresno,019,978130,228414,225679,22773,248452,2597
2022-02-24,Glenn,021,27897,4931,4909,1558,6467,40
2022-02-24,Humboldt,023,135768,16605,16619,2887,19506,133
2022-02-24,Imperial,025,180216,54842,54367,11070,65437,871
2022-02-24,Inyo,027,18085,4037,4034,466,4500,56
2022-02-24,Kern,029,883053,190214,188584,45866,234450,2106
2022-02-24,Kings,031,150075,50889,50579,3568,54147,423
2022-02-24,Lake,033,64148,10475,10383,879,11262,128
2022-02-24,Lassen,035,31185,8815,8761,887,9648,55
2022-02-24,Los Angeles,037,10098052,2684564,2660973,122259,2783232,30202
2022-02-24,Madera,039,155013,36997,36933,5986,42919,330
2022-02-24,Marin,041,260295,32754,32651,2177,34828,267
2022-02-24,Mariposa,043,17540,2348,2332,195,2527,6
2022-02-24,Mendocino,045,87422,12859,12762,2968,15730,111
2022-02-24,Merced,047,269075,61594,61348,8361,69709,775
2022-02-24,Modoc,049,8938,729,726,250,976,7
2022-02-24,Mono,051,14174,2955,2959,119,3078,5
2022-02-24,Monterey,053,433212,78209,77610,13360,90970,692
2022-02-24,Napa,055,140530,25237,25221,943,26164,130
2022-02-24,Nevada,057,99092,15763,15850,1171,17021,121
2022-02-24,Orange,059,3164182,541684,539992,40866,580858,6540
2022-02-24,Placer,061,380077,62041,61803,7278,69081,573
2022-02-24,Plumas,063,18699,2893,2673,353,3026,13
2022-02-24,Riverside,065,2383286,586978,584835,27862,612697,6143
2022-02-24,Sacramento,067,1510023,274359,272339,26563,298902,2793
2022-02-24,San Benito,069,59416,12779,12770,511,13281,92
2022-02-24,San Bernardino,071,2135413,559612,555668,24511,580179,6505
2022-02-24,San Diego,073,3302833,744168,736049,50904,786953,5002
2022-02-24,San Francisco,075,870044,121733,123079,8192,131271,769
2022-02-24,San Joaquin,077,732212,164920,164418,9147,173565,2048
2022-02-24,San Luis Obispo,079,281455,51713,51358,3693,55051,438
2022-02-24,San Mateo,081,765935,118721,117860,6863,124723,603
2022-02-24,Santa Barbara,083,443738,84729,84830,4786,89616,652
2022-02-24,Santa Clara,085,1922200,306663,305895,12173,318068,2166
2022-02-24,Santa Cruz,087,273765,46239,46186,2086,48272,251
2022-02-24,Shasta,089,179085,30165,30108,6074,36182,485
2022-02-24,Sierra,091,2930,273,270,41,311,1
2022-02-24,Siskiyou,093,43540,4382,4359,2707,7066,72
2022-02-24,Solano,095,438530,80375,80225,5455,85680,428
2022-02-24,Sonoma,097,501317,82241,81702,2453,84155,432
2022-02-24,Stanislaus,099,539301,116393,116896,17129,134025,1503
2022-02-24,Sutter,101,95872,20327,20230,2021,22251,214
2022-02-24,Tehama,103,63373,11932,11878,2609,14487,158
2022-02-24,Trinity,105,12862,1165,1156,291,1447,20
2022-02-24,Tulare,107,460477,104550,102983,28115,131098,1295
2022-02-24,Tuolumne,109,53932,12487,12169,554,12723,175
2022-02-24,Ventura,111,848112,171478,171292,9192,180484,1411
2022-02-24,Yolo,113,214977,36026,35615,3112,38727,296
2022-02-24,Yuba,115,75493,15630,15587,1175,16762,113
2022-02-23,Alameda,001,1643700,251329,247686,13627,261313,1713
2022-02-23,Alpine,003,1148,122,125,1,126,0
2022-02-23,Amador,005,37829,8342,8274,634,8908,79
2022-02-23,Butte,007,227075,32545,32417,6538,38955,367
2022-02-23,Calaveras,009,45235,7162,7182,346,7528,107
2022-02-23,Colusa,011,21464,3417,3411,1071,4482,21
2022-02-23,Contra Costa,013,1133247,185840,184013,12955,196968,1209
2022-02-23,Del Norte,015,27424,5625,5625,179,5804,45
2022-02-23,El Dorado,017,186661,26427,26317,3168,29485,189
2022-02-23,Fresno,019,978130,228220,225308,22750,248058,2596
2022-02-23,Glenn,021,27897,4927,4909,1556,6465,40
2022-02-23,Humboldt,023,135768,16589,16601,2884,19485,132
2022-02-23,Imperial,025,180216,54807,54292,11056,65348,871
2022-02-23,Inyo,027,18085,4036,4031,463,4494,54
2022-02-23,Kern,029,883053,190101,188432,45816,234248,2106
2022-02-23,Kings,031,150075,50856,50416,3566,53982,423
2022-02-23,Lake,033,64148,10457,10368,878,11246,126
2022-02-23,Lassen,035,31185,8799,8749,887,9636,55
2022-02-23,Los Angeles,037,10098052,2683205,2659569,122215,2781784,30167
2022-02-23,Madera,039,155013,36965,36876,5975,42851,330
2022-02-23,Marin,041,260295,32730,32625,2176,34801,267
2022-02-23,Mariposa,043,17540,2343,2325,194,2519,6
2022-02-23,Mendocino,045,87422,12851,12747,2964,15711,111
2022-02-23,Merced,047,269075,61565,61295,8356,69651,772
2022-02-23,Modoc,049,8938,729,723,249,972,7
2022-02-23,Mono,051,14174,2954,2960,119,3079,5
2022-02-23,Monterey,053,433212,78170,77472,13337,90809,691
2022-02-23,Napa,055,140530,25214,25185,938,26123,128
2022-02-23,Nevada,057,99092,15757,15825,1168,16993,121
2022-02-23,Orange,059,3164182,541378,539631,40843,580474,6520
2022-02-23,Placer,061,380077,61994,61758,7270,69028,573
2022-02-23,Plumas,063,18699,2889,2663,353,3016,13
2022-02-23,Riverside,065,2383286,586684,584381,27825,612206,6119
2022-02-23,Sacramento,067,1510023,274197,272057,26540,298597,2796
2022-02-23,San Benito,069,59416,12772,12756,510,13266,92
2022-02-23,San Bernardino,071,2135413,559450,555238,24494,579732,6479
2022-02-23,San Diego,073,3302833,743641,735406,50862,786268,4988
2022-02-23,San Francisco,075,870044,121607,122127,8190,130317,769
2022-02-23,San Joaquin,077,732212,164831,164257,9141,173398,2042
2022-02-23,San Luis Obispo,079,281455,51665,51264,3692,54956,434
2022-02-23,San Mateo,081,765935,118628,117585,6854,124439,603
2022-02-23,Santa Barbara,083,443738,84668,84760,4782,89542,651
2022-02-23,Santa Clara,085,1922200,306404,305484,12164,317648,2157
2022-02-23,Santa Cruz,087,273765,46171,46059,2085,48144,251
2022-02-23,Shasta,089,179085,30138,30066,6071,36137,481
2022-02-23,Sierra,091,2930,273,270,41,311,1
2022-02-23,Siskiyou,093,43540,4379,4356,2705,7061,71
2022-02-23,Solano,095,438530,80284,80103,5453,85556,427
2022-02-23,Sonoma,097,501317,82188,81594,2452,84046,432
2022-02-23,Stanislaus,099,539301,116316,116789,17120,133909,1482
2022-02-23,Sutter,101,95872,20310,20194,2017,22211,213
2022-02-23,Tehama,103,63373,11922,11863,2609,14472,154
2022-02-23,Trinity,105,12862,1165,1156,291,1447,20
2022-02-23,Tulare,107,460477,104484,102812,28086,130898,1290
2022-02-23,Tuolumne,109,53932,12477,12158,553,12711,175
2022-02-23,Ventura,111,848112,171392,171163,9185,180348,1401
2022-02-23,Yolo,113,214977,35988,35590,3105,38695,296
2022-02-23,Yuba,115,75493,15627,15571,1173,16744,113
2022-02-22,Alameda,001,1643700,251091,247434,13612,261046,1706
2022-02-22,Alpine,003,1148,122,124,1,125,0
2022-02-22,Amador,005,37829,8332,8243,634,8877,79
2022-02-22,Butte,007,227075,32510,32359,6533,38892,366
2022-02-22,Calaveras,009,45235,7153,7178,346,7524,107
2022-02-22,Colusa,011,21464,3417,3402,1069,4471,21
2022-02-22,Contra Costa,013,1133247,185685,183812,12936,196748,1201
2022-02-22,Del Norte,015,27424,5617,5611,178,5789,45
2022-02-22,El Dorado,017,186661,26417,26289,3168,29457,189
2022-02-22,Fresno,019,978130,227988,225104,22722,247826,2592
2022-02-22,Glenn,021,27897,4926,4900,1555,6455,40
2022-02-22,Humboldt,023,135768,16568,16559,2879,19438,132
2022-02-22,Imperial,025,180216,54772,54227,11050,65277,864
2022-02-22,Inyo,027,18085,4035,4026,462,4488,54
2022-02-22,Kern,029,883053,189958,188237,45777,234014,2102
2022-02-22,Kings,031,150075,50793,50359,3563,53922,423
2022-02-22,Lake,033,64148,10446,10353,876,11229,126
2022-02-22,Lassen,035,31185,8795,8730,887,9617,55
2022-02-22,Los Angeles,037,10098052,2681743,2658230,122127,2780357,30129
2022-02-22,Madera,039,155013,36932,36833,5965,42798,330
2022-02-22,Marin,041,260295,32705,32591,2175,34766,267
2022-02-22,Mariposa,043,17540,2335,2322,194,2516,6
2022-02-22,Mendocino,045,87422,12837,12714,2954,15668,110
2022-02-22,Merced,047,269075,61505,61241,8349,69590,770
2022-02-22,Modoc,049,8938,726,720,249,969,6
2022-02-22,Mono,051,14174,2954,2961,119,3080,5
2022-02-22,Monterey,053,433212,78116,77359,13316,90675,690
2022-02-22,Napa,055,140530,25185,25151,937,26088,128
2022-02-22,Nevada,057,99092,15741,15815,1167,16982,121
2022-02-22,Orange,059,3164182,541090,539390,40810,580200,6502
2022-02-22,Placer,061,380077,61956,61709,7265,68974,572
2022-02-22,Plumas,063,18699,2884,2659,351,3010,13
2022-02-22,Riverside,065,2383286,586426,583969,27802,611771,6097
2022-02-22,Sacramento,067,1510023,274007,271789,26516,298305,2775
2022-02-22,San Benito,069,59416,12761,12742,509,13251,92
2022-02-22,San Bernardino,071,2135413,559251,554903,24476,579379,6451
2022-02-22,San Diego,073,3302833,743106,734536,50812,785348,4974
2022-02-22,San Francisco,075,870044,121479,121954,8186,130140,769
2022-02-22,San Joaquin,077,732212,164711,164111,9130,173241,2040
2022-02-22,San Luis Obispo,079,281455,51580,51193,3686,54879,431
2022-02-22,San Mateo,081,765935,118533,117418,6849,124267,603
2022-02-22,Santa Barbara,083,443738,84605,84701,4776,89477,650
2022-02-22,Santa Clara,085,1922200,306122,305045,12158,317203,2155
2022-02-22,Santa Cruz,087,273765,46106,45958,2085,48043,251
2022-02-22,Shasta,089,179085,30114,30024,6066,36090,479
2022-02-22,Sierra,091,2930,273,269,40,309,0
2022-02-22,Siskiyou,093,43540,4376,4350,2700,7050,70
2022-02-22,Solano,095,438530,80207,79968,5451,85419,425
2022-02-22,Sonoma,097,501317,82120,81412,2448,83860,431
2022-02-22,Stanislaus,099,539301,116237,116676,17102,133778,1475
2022-02-22,Sutter,101,95872,20294,20164,2014,22178,210
2022-02-22,Tehama,103,63373,11914,11852,2608,14460,152
2022-02-22,Trinity,105,12862,1165,1147,290,1437,20
2022-02-22,Tulare,107,460477,104373,102717,28050,130767,1287
2022-02-22,Tuolumne,109,53932,12457,12136,552,12688,175
2022-02-22,Ventura,111,848112,171308,171064,9179,180243,1401
2022-02-22,Yolo,113,214977,35950,35527,3099,38626,292
2022-02-22,Yuba,115,75493,15617,15550,1172,16722,110
2022-02-21,Alameda,001,1643700,250803,247434,13596,261030,1704
2022-02-21,Alpine,003,1148,122,124,1,125,0
2022-02-21,Amador,005,37829,8326,8246,634,8880,79
2022-02-21,Butte,007,227075,32467,32356,6510,38866,366
2022-02-21,Calaveras,009,45235,7145,7175,346,7521,107
2022-02-21,Colusa,011,21464,3415,3401,1067,4468,21
2022-02-21,Contra Costa,013,1133247,185447,183701,12922,196623,1201
2022-02-21,Del Norte,015,27424,5599,5601,177,5778,45
2022-02-21,El Dorado,017,186661,26391,26273,3163,29436,189
2022-02-21,Fresno,019,978130,227665,224923,22663,247586,2592
2022-02-21,Glenn,021,27897,4922,4897,1555,6452,40
2022-02-21,Humboldt,023,135768,16524,16548,2871,19419,132
2022-02-21,Imperial,025,180216,54717,54208,11032,65240,864
2022-02-21,Inyo,027,18085,4031,4023,462,4485,54
2022-02-21,Kern,029,883053,189765,188188,45725,233913,2102
2022-02-21,Kings,031,150075,50727,50188,3560,53748,422
2022-02-21,Lake,033,64148,10423,10334,874,11208,126
2022-02-21,Lassen,035,31185,8787,8705,882,9587,55
2022-02-21,Los Angeles,037,10098052,2679950,2656873,122032,2778905,30108
2022-02-21,Madera,039,155013,36891,36796,5944,42740,330
2022-02-21,Marin,041,260295,32681,32570,2175,34745,258
2022-02-21,Mariposa,043,17540,2332,2321,194,2515,6
2022-02-21,Mendocino,045,87422,12811,12706,2942,15648,110
2022-02-21,Merced,047,269075,61448,61209,8332,69541,770
2022-02-21,Modoc,049,8938,725,718,249,967,6
2022-02-21,Mono,051,14174,2953,2960,119,3079,5
2022-02-21,Monterey,053,433212,78021,77354,13274,90628,690
2022-02-21,Napa,055,140530,25144,25126,937,26063,128
2022-02-21,Nevada,057,99092,15729,15810,1164,16974,121
2022-02-21,Orange,059,3164182,540741,539068,40785,579853,6502
2022-02-21,Placer,061,380077,61901,61727,7261,68988,572
2022-02-21,Plumas,063,18699,2880,2657,346,3003,13
2022-02-21,Riverside,065,2383286,586054,583712,27753,611465,6097
2022-02-21,Sacramento,067,1510023,273745,271588,26483,298071,2769
2022-02-21,San Benito,069,59416,12748,12731,509,13240,92
2022-02-21,San Bernardino,071,2135413,559014,554662,24454,579116,6441
2022-02-21,San Diego,073,3302833,742476,732298,50741,783039,4974
2022-02-21,San Francisco,075,870044,121297,121865,8182,130047,769
2022-02-21,San Joaquin,077,732212,164568,164036,9119,173155,2040
2022-02-21,San Luis Obispo,079,281455,51487,51184,3679,54863,429
2022-02-21,San Mateo,081,765935,118443,117259,6841,124100,605
2022-02-21,Santa Barbara,083,443738,84530,84626,4768,89394,650
2022-02-21,Santa Clara,085,1922200,305780,304858,12152,317010,2158
2022-02-21,Santa Cruz,087,273765,45981,45941,2084,48025,251
2022-02-21,Shasta,089,179085,30067,30004,6058,36062,479
2022-02-21,Sierra,091,2930,273,269,40,309,0
2022-02-21,Siskiyou,093,43540,4364,4337,2695,7032,70
2022-02-21,Solano,095,438530,80111,79906,5445,85351,425
2022-02-21,Sonoma,097,501317,82008,81361,2442,83803,431
2022-02-21,Stanislaus,099,539301,116127,116597,17078,133675,1475
2022-02-21,Sutter,101,95872,20266,20152,2012,22164,210
2022-02-21,Tehama,103,63373,11901,11842,2607,14449,152
2022-02-21,Trinity,105,12862,1164,1147,290,1437,20
2022-02-21,Tulare,107,460477,104275,102614,27998,130612,1287
2022-02-21,Tuolumne,109,53932,12448,12126,549,12675,175
2022-02-21,Ventura,111,848112,171168,170939,9170,180109,1401
2022-02-21,Yolo,113,214977,35908,35518,3090,38608,292
2022-02-21,Yuba,115,75493,15597,15546,1163,16709,110
2022-02-20,Alameda,001,1643700,250578,246028,13586,259614,1700
2022-02-20,Alpine,003,1148,122,124,1,125,0
2022-02-20,Amador,005,37829,8315,8203,634,8837,79
2022-02-20,Butte,007,227075,32437,32173,6505,38678,364
2022-02-20,Calaveras,009,45235,7142,7136,345,7481,107
2022-02-20,Colusa,011,21464,3412,3389,1066,4455,21
2022-02-20,Contra Costa,013,1133247,185319,182797,12917,195714,1190
2022-02-20,Del Norte,015,27424,5584,5511,177,5688,45
2022-02-20,El Dorado,017,186661,26369,26101,3162,29263,189
2022-02-20,Fresno,019,978130,227473,223594,22650,246244,2544
2022-02-20,Glenn,021,27897,4919,4881,1555,6436,39
2022-02-20,Humboldt,023,135768,16512,16393,2867,19260,132
2022-02-20,Imperial,025,180216,54656,53967,11017,64984,862
2022-02-20,Inyo,027,18085,4030,4018,461,4479,52
2022-02-20,Kern,029,883053,189632,187158,45681,232839,2095
2022-02-20,Kings,031,150075,50699,49724,3556,53280,421
2022-02-20,Lake,033,64148,10390,10184,873,11057,126
2022-02-20,Lassen,035,31185,8775,8640,882,9522,55
2022-02-20,Los Angeles,037,10098052,2678626,2642878,121946,2764824,29842
2022-02-20,Madera,039,155013,36859,36526,5940,42466,330
2022-02-20,Marin,041,260295,32664,32441,2174,34615,258
2022-02-20,Mariposa,043,17540,2326,2310,192,2502,6
2022-02-20,Mendocino,045,87422,12801,12625,2939,15564,110
2022-02-20,Merced,047,269075,61420,60886,8330,69216,769
2022-02-20,Modoc,049,8938,724,714,249,963,6
2022-02-20,Mono,051,14174,2953,2956,119,3075,5
2022-02-20,Monterey,053,433212,77962,76765,13259,90024,682
2022-02-20,Napa,055,140530,25124,24970,935,25905,127
2022-02-20,Nevada,057,99092,15718,15715,1163,16878,121
2022-02-20,Orange,059,3164182,540421,538019,40750,578769,6416
2022-02-20,Placer,061,380077,61869,61417,7253,68670,560
2022-02-20,Plumas,063,18699,2876,2646,344,2990,13
2022-02-20,Riverside,065,2383286,585780,581788,27725,609513,6087
2022-02-20,Sacramento,067,1510023,273565,270080,26457,296537,2747
2022-02-20,San Benito,069,59416,12745,12665,509,13174,92
2022-02-20,San Bernardino,071,2135413,558811,553151,24438,577589,6400
2022-02-20,San Diego,073,3302833,741879,729549,50685,780234,4947
2022-02-20,San Francisco,075,870044,121156,121197,8172,129369,756
2022-02-20,San Joaquin,077,732212,164445,163083,9108,172191,2033
2022-02-20,San Luis Obispo,079,281455,51456,50823,3675,54498,424
2022-02-20,San Mateo,081,765935,118371,116648,6833,123481,598
2022-02-20,Santa Barbara,083,443738,84485,83988,4767,88755,642
2022-02-20,Santa Clara,085,1922200,305500,303077,12144,315221,2138
2022-02-20,Santa Cruz,087,273765,45914,45532,2081,47613,250
2022-02-20,Shasta,089,179085,30035,29847,6051,35898,479
2022-02-20,Sierra,091,2930,273,269,40,309,0
2022-02-20,Siskiyou,093,43540,4358,4307,2694,7001,70
2022-02-20,Solano,095,438530,80035,78914,5441,84355,424
2022-02-20,Sonoma,097,501317,81932,80843,2441,83284,431
2022-02-20,Stanislaus,099,539301,116059,115976,17061,133037,1454
2022-02-20,Sutter,101,95872,20253,20060,2009,22069,210
2022-02-20,Tehama,103,63373,11889,11760,2604,14364,152
2022-02-20,Trinity,105,12862,1163,1130,290,1420,20
2022-02-20,Tulare,107,460477,104184,101996,27971,129967,1286
2022-02-20,Tuolumne,109,53932,12425,12036,548,12584,175
2022-02-20,Ventura,111,848112,171071,170331,9165,179496,1384
2022-02-20,Yolo,113,214977,35882,35363,3087,38450,293
2022-02-20,Yuba,115,75493,15581,15449,1162,16611,112
2022-02-19,Alameda,001,1643700,250407,246028,13584,259612,1700
2022-02-19,Alpine,003,1148,122,124,1,125,0
2022-02-19,Amador,005,37829,8311,8203,634,8837,79
2022-02-19,Butte,007,227075,32413,32173,6502,38675,364
2022-02-19,Calaveras,009,45235,7142,7136,345,7481,107
2022-02-19,Colusa,011,21464,3411,3389,1064,4453,21
2022-02-19,Contra Costa,013,1133247,185222,182797,12916,195713,1190
2022-02-19,Del Norte,015,27424,5574,5511,176,5687,45
2022-02-19,El Dorado,017,186661,26353,26101,3160,29261,189
2022-02-19,Fresno,019,978130,227355,223594,22645,246239,2544
2022-02-19,Glenn,021,27897,4915,4881,1555,6436,39
2022-02-19,Humboldt,023,135768,16497,16393,2867,19260,132
2022-02-19,Imperial,025,180216,54639,53967,11011,64978,862
2022-02-19,Inyo,027,18085,4029,4018,460,4478,52
2022-02-19,Kern,029,883053,189533,187158,45656,232814,2095
2022-02-19,Kings,031,150075,50676,49724,3554,53278,421
2022-02-19,Lake,033,64148,10382,10184,873,11057,126
2022-02-19,Lassen,035,31185,8763,8640,881,9521,55
2022-02-19,Los Angeles,037,10098052,2677845,2642878,121906,2764784,29842
2022-02-19,Madera,039,155013,36837,36526,5939,42465,330
2022-02-19,Marin,041,260295,32641,32441,2173,34614,258
2022-02-19,Mariposa,043,17540,2323,2310,192,2502,6
2022-02-19,Mendocino,045,87422,12791,12625,2939,15564,110
2022-02-19,Merced,047,269075,61374,60886,8326,69212,769
2022-02-19,Modoc,049,8938,724,714,248,962,6
2022-02-19,Mono,051,14174,2952,2956,119,3075,5
2022-02-19,Monterey,053,433212,77872,76765,13248,90013,682
2022-02-19,Napa,055,140530,25114,24970,935,25905,127
2022-02-19,Nevada,057,99092,15710,15715,1163,16878,121
2022-02-19,Orange,059,3164182,540222,538019,40726,578745,6416
2022-02-19,Placer,061,380077,61823,61417,7252,68669,560
2022-02-19,Plumas,063,18699,2875,2646,344,2990,13
2022-02-19,Riverside,065,2383286,585601,581788,27711,609499,6087
2022-02-19,Sacramento,067,1510023,273424,270080,26446,296526,2747
2022-02-19,San Benito,069,59416,12731,12665,508,13173,92
2022-02-19,San Bernardino,071,2135413,558651,553151,24432,577583,6400
2022-02-19,San Diego,073,3302833,741518,729549,50643,780192,4947
2022-02-19,San Francisco,075,870044,121069,121197,8168,129365,756
2022-02-19,San Joaquin,077,732212,164369,163083,9097,172180,2033
2022-02-19,San Luis Obispo,079,281455,51444,50823,3671,54494,424
2022-02-19,San Mateo,081,765935,118331,116648,6831,123479,598
2022-02-19,Santa Barbara,083,443738,84416,83988,4766,88754,642
2022-02-19,Santa Clara,085,1922200,305304,303077,12142,315219,2138
2022-02-19,Santa Cruz,087,273765,45876,45532,2079,47611,250
2022-02-19,Shasta,089,179085,30021,29847,6048,35895,479
2022-02-19,Sierra,091,2930,273,269,40,309,0
2022-02-19,Siskiyou,093,43540,4356,4307,2694,7001,70
2022-02-19,Solano,095,438530,79993,78914,5440,84354,424
2022-02-19,Sonoma,097,501317,81887,80843,2441,83284,431
2022-02-19,Stanislaus,099,539301,115989,115976,17055,133031,1454
2022-02-19,Sutter,101,95872,20245,20060,2009,22069,210
2022-02-19,Tehama,103,63373,11882,11760,2604,14364,152
2022-02-19,Trinity,105,12862,1161,1130,290,1420,20
2022-02-19,Tulare,107,460477,104134,101996,27944,129940,1286
2022-02-19,Tuolumne,109,53932,12417,12036,548,12584,175
2022-02-19,Ventura,111,848112,170996,170331,9162,179493,1384
2022-02-19,Yolo,113,214977,35851,35363,3083,38446,293
2022-02-19,Yuba,115,75493,15572,15449,1162,16611,112
2022-02-18,Alameda,001,1643700,250242,246028,13576,259604,1700
2022-02-18,Alpine,003,1148,121,124,1,125,0
2022-02-18,Amador,005,37829,8303,8203,632,8835,79
2022-02-18,Butte,007,227075,32393,32173,6497,38670,364
2022-02-18,Calaveras,009,45235,7137,7136,344,7480,107
2022-02-18,Colusa,011,21464,3409,3389,1064,4453,21
2022-02-18,Contra Costa,013,1133247,185115,182797,12910,195707,1190
2022-02-18,Del Norte,015,27424,5563,5511,176,5687,45
2022-02-18,El Dorado,017,186661,26342,26101,3159,29260,189
2022-02-18,Fresno,019,978130,227167,223594,22636,246230,2544
2022-02-18,Glenn,021,27897,4914,4881,1554,6435,39
2022-02-18,Humboldt,023,135768,16480,16393,2862,19255,132
2022-02-18,Imperial,025,180216,54616,53967,11000,64967,862
2022-02-18,Inyo,027,18085,4028,4018,460,4478,52
2022-02-18,Kern,029,883053,189418,187158,45611,232769,2095
2022-02-18,Kings,031,150075,50588,49724,3554,53278,421
2022-02-18,Lake,033,64148,10365,10184,871,11055,126
2022-02-18,Lassen,035,31185,8743,8640,880,9520,55
2022-02-18,Los Angeles,037,10098052,2676872,2642878,121851,2764729,29842
2022-02-18,Madera,039,155013,36812,36526,5937,42463,330
2022-02-18,Marin,041,260295,32623,32441,2171,34612,258
2022-02-18,Mariposa,043,17540,2321,2310,192,2502,6
2022-02-18,Mendocino,045,87422,12780,12625,2939,15564,110
2022-02-18,Merced,047,269075,61330,60886,8316,69202,769
2022-02-18,Modoc,049,8938,724,714,248,962,6
2022-02-18,Mono,051,14174,2952,2956,119,3075,5
2022-02-18,Monterey,053,433212,77798,76765,13240,90005,682
2022-02-18,Napa,055,140530,25096,24970,935,25905,127
2022-02-18,Nevada,057,99092,15702,15715,1163,16878,121
2022-02-18,Orange,059,3164182,539989,538019,40687,578706,6416
2022-02-18,Placer,061,380077,61793,61417,7244,68661,560
2022-02-18,Plumas,063,18699,2872,2646,344,2990,13
2022-02-18,Riverside,065,2383286,585419,581788,27702,609490,6087
2022-02-18,Sacramento,067,1510023,273229,270080,26438,296518,2747
2022-02-18,San Benito,069,59416,12723,12665,508,13173,92
2022-02-18,San Bernardino,071,2135413,558472,553151,24427,577578,6400
2022-02-18,San Diego,073,3302833,741086,729549,50620,780169,4947
2022-02-18,San Francisco,075,870044,120982,121197,8160,129357,756
2022-02-18,San Joaquin,077,732212,164302,163083,9089,172172,2033
2022-02-18,San Luis Obispo,079,281455,51428,50823,3668,54491,424
2022-02-18,San Mateo,081,765935,118266,116648,6828,123476,598
2022-02-18,Santa Barbara,083,443738,84376,83988,4764,88752,642
2022-02-18,Santa Clara,085,1922200,305066,303077,12141,315218,2138
2022-02-18,Santa Cruz,087,273765,45842,45532,2078,47610,250
2022-02-18,Shasta,089,179085,30009,29847,6047,35894,479
2022-02-18,Sierra,091,2930,273,269,40,309,0
2022-02-18,Siskiyou,093,43540,4353,4307,2692,6999,70
2022-02-18,Solano,095,438530,79923,78914,5439,84353,424
2022-02-18,Sonoma,097,501317,81830,80843,2440,83283,431
2022-02-18,Stanislaus,099,539301,115939,115976,17041,133017,1454
2022-02-18,Sutter,101,95872,20234,20060,2009,22069,210
2022-02-18,Tehama,103,63373,11871,11760,2604,14364,152
2022-02-18,Trinity,105,12862,1160,1130,289,1419,20
2022-02-18,Tulare,107,460477,104092,101996,27900,129896,1286
2022-02-18,Tuolumne,109,53932,12411,12036,547,12583,175
2022-02-18,Ventura,111,848112,170906,170331,9158,179489,1384
2022-02-18,Yolo,113,214977,35823,35363,3081,38444,293
2022-02-18,Yuba,115,75493,15559,15449,1162,16611,112
2022-02-17,Alameda,001,1643700,249978,246028,13554,259582,1700
2022-02-17,Alpine,003,1148,121,124,1,125,0
2022-02-17,Amador,005,37829,8299,8203,630,8833,79
2022-02-17,Butte,007,227075,32355,32173,6492,38665,364
2022-02-17,Calaveras,009,45235,7128,7136,341,7477,107
2022-02-17,Colusa,011,21464,3406,3389,1064,4453,21
2022-02-17,Contra Costa,013,1133247,184920,182797,12876,195673,1190
2022-02-17,Del Norte,015,27424,5542,5511,176,5687,45
2022-02-17,El Dorado,017,186661,26316,26101,3149,29250,189
2022-02-17,Fresno,019,978130,226877,223594,22609,246203,2544
2022-02-17,Glenn,021,27897,4912,4881,1551,6432,39
2022-02-17,Humboldt,023,135768,16439,16393,2861,19254,132
2022-02-17,Imperial,025,180216,54549,53967,10977,64944,862
2022-02-17,Inyo,027,18085,4027,4018,459,4477,52
2022-02-17,Kern,029,883053,189265,187158,45559,232717,2095
2022-02-17,Kings,031,150075,50523,49724,3548,53272,421
2022-02-17,Lake,033,64148,10335,10184,867,11051,126
2022-02-17,Lassen,035,31185,8733,8640,878,9518,55
2022-02-17,Los Angeles,037,10098052,2675044,2642878,121771,2764649,29842
2022-02-17,Madera,039,155013,36766,36526,5931,42457,330
2022-02-17,Marin,041,260295,32596,32441,2169,34610,258
2022-02-17,Mariposa,043,17540,2318,2310,191,2501,6
2022-02-17,Mendocino,045,87422,12763,12625,2936,15561,110
2022-02-17,Merced,047,269075,61254,60886,8298,69184,769
2022-02-17,Modoc,049,8938,723,714,248,962,6
2022-02-17,Mono,051,14174,2950,2956,119,3075,5
2022-02-17,Monterey,053,433212,77686,76765,13198,89963,682
2022-02-17,Napa,055,140530,25065,24970,933,25903,127
2022-02-17,Nevada,057,99092,15690,15715,1162,16877,121
2022-02-17,Orange,059,3164182,539658,538019,40659,578678,6416
2022-02-17,Placer,061,380077,61752,61417,7236,68653,560
2022-02-17,Plumas,063,18699,2869,2646,344,2990,13
2022-02-17,Riverside,065,2383286,585034,581788,27675,609463,6087
2022-02-17,Sacramento,067,1510023,272938,270080,26390,296470,2747
2022-02-17,San Benito,069,59416,12712,12665,508,13173,92
2022-02-17,San Bernardino,071,2135413,558174,553151,24416,577567,6400
2022-02-17,San Diego,073,3302833,740468,729549,50575,780124,4947
2022-02-17,San Francisco,075,870044,120847,121197,8149,129346,756
2022-02-17,San Joaquin,077,732212,164140,163083,9075,172158,2033
2022-02-17,San Luis Obispo,079,281455,51324,50823,3660,54483,424
2022-02-17,San Mateo,081,765935,118172,116648,6819,123467,598
2022-02-17,Santa Barbara,083,443738,84273,83988,4756,88744,642
2022-02-17,Santa Clara,085,1922200,304702,303077,12126,315203,2138
2022-02-17,Santa Cruz,087,273765,45761,45532,2076,47608,250
2022-02-17,Shasta,089,179085,29981,29847,6044,35891,479
2022-02-17,Sierra,091,2930,273,269,40,309,0
2022-02-17,Siskiyou,093,43540,4344,4307,2688,6995,70
2022-02-17,Solano,095,438530,79842,78914,5432,84346,424
2022-02-17,Sonoma,097,501317,81763,80843,2433,83276,431
2022-02-17,Stanislaus,099,539301,115835,115976,17024,133000,1454
2022-02-17,Sutter,101,95872,20219,20060,2001,22061,210
2022-02-17,Tehama,103,63373,11862,11760,2602,14362,152
2022-02-17,Trinity,105,12862,1158,1130,287,1417,20
2022-02-17,Tulare,107,460477,103976,101996,27872,129868,1286
2022-02-17,Tuolumne,109,53932,12400,12036,547,12583,175
2022-02-17,Ventura,111,848112,170766,170331,9157,179488,1384
2022-02-17,Yolo,113,214977,35785,35363,3080,38443,293
2022-02-17,Yuba,115,75493,15544,15449,1162,16611,112
2022-02-16,Alameda,001,1643700,249662,245662,13515,259177,1691
2022-02-16,Alpine,003,1148,121,124,1,125,0
2022-02-16,Amador,005,37829,8281,8197,628,8825,77
2022-02-16,Butte,007,227075,32313,32095,6480,38575,363
2022-02-16,Calaveras,009,45235,7122,7129,338,7467,107
2022-02-16,Colusa,011,21464,3401,3384,1064,4448,21
2022-02-16,Contra Costa,013,1133247,184681,182423,12838,195261,1179
2022-02-16,Del Norte,015,27424,5520,5473,172,5645,45
2022-02-16,El Dorado,017,186661,26286,26061,3145,29206,189
2022-02-16,Fresno,019,978130,226516,223056,22565,245621,2542
2022-02-16,Glenn,021,27897,4908,4873,1546,6419,39
2022-02-16,Humboldt,023,135768,16414,16342,2850,19192,132
2022-02-16,Imperial,025,180216,54478,53901,10943,64844,861
2022-02-16,Inyo,027,18085,4023,4013,456,4469,52
2022-02-16,Kern,029,883053,189046,186740,45468,232208,2084
2022-02-16,Kings,031,150075,50470,49575,3539,53114,420
2022-02-16,Lake,033,64148,10309,10145,867,11012,125
2022-02-16,Lassen,035,31185,8700,8618,878,9496,55
2022-02-16,Los Angeles,037,10098052,2672956,2640005,121658,2761663,29749
2022-02-16,Madera,039,155013,36698,36382,5916,42298,330
2022-02-16,Marin,041,260295,32560,32381,2166,34547,257
2022-02-16,Mariposa,043,17540,2316,2305,191,2496,6
2022-02-16,Mendocino,045,87422,12741,12605,2926,15531,108
2022-02-16,Merced,047,269075,61188,60776,8265,69041,767
2022-02-16,Modoc,049,8938,723,711,244,955,6
2022-02-16,Mono,051,14174,2948,2953,119,3072,5
2022-02-16,Monterey,053,433212,77536,76624,13157,89781,682
2022-02-16,Napa,055,140530,25026,24897,930,25827,128
2022-02-16,Nevada,057,99092,15673,15677,1158,16835,121
2022-02-16,Orange,059,3164182,539266,537934,40613,578547,6392
2022-02-16,Placer,061,380077,61707,61278,7223,68501,556
2022-02-16,Plumas,063,18699,2866,2644,342,2986,13
2022-02-16,Riverside,065,2383286,584644,580828,27628,608456,6064
2022-02-16,Sacramento,067,1510023,272612,269416,26334,295750,2736
2022-02-16,San Benito,069,59416,12686,12644,508,13152,92
2022-02-16,San Bernardino,071,2135413,557897,552353,24391,576744,6379
2022-02-16,San Diego,073,3302833,739687,728610,50500,779110,4931
2022-02-16,San Francisco,075,870044,120675,120987,8144,129131,756
2022-02-16,San Joaquin,077,732212,163971,162752,9065,171817,2032
2022-02-16,San Luis Obispo,079,281455,51255,50704,3647,54351,425
2022-02-16,San Mateo,081,765935,118055,116438,6801,123239,595
2022-02-16,Santa Barbara,083,443738,84198,83968,4743,88711,642
2022-02-16,Santa Clara,085,1922200,304319,302439,12090,314529,2130
2022-02-16,Santa Cruz,087,273765,45671,45274,2074,47348,250
2022-02-16,Shasta,089,179085,29942,29767,6032,35799,477
2022-02-16,Sierra,091,2930,272,269,40,309,0
2022-02-16,Siskiyou,093,43540,4337,4302,2682,6984,71
2022-02-16,Solano,095,438530,79725,78742,5425,84167,422
2022-02-16,Sonoma,097,501317,81642,80642,2423,83065,431
2022-02-16,Stanislaus,099,539301,115714,115751,16993,132744,1443
2022-02-16,Sutter,101,95872,20202,20020,1998,22018,210
2022-02-16,Tehama,103,63373,11844,11738,2600,14338,152
2022-02-16,Trinity,105,12862,1158,1130,286,1416,20
2022-02-16,Tulare,107,460477,103851,101817,27818,129635,1281
2022-02-16,Tuolumne,109,53932,12388,11991,546,12537,171
2022-02-16,Ventura,111,848112,170631,170117,9149,179266,1372
2022-02-16,Yolo,113,214977,35733,35284,3077,38361,292
2022-02-16,Yuba,115,75493,15522,15405,1159,16564,110
2022-02-15,Alameda,001,1643700,249312,245265,13486,258751,1683
2022-02-15,Alpine,003,1148,121,124,1,125,0
2022-02-15,Amador,005,37829,8270,8183,627,8810,77
2022-02-15,Butte,007,227075,32262,32011,6466,38477,361
2022-02-15,Calaveras,009,45235,7113,7115,338,7453,106
2022-02-15,Colusa,011,21464,3393,3374,1063,4437,21
2022-02-15,Contra Costa,013,1133247,184420,182041,12806,194847,1179
2022-02-15,Del Norte,015,27424,5494,5439,170,5609,45
2022-02-15,El Dorado,017,186661,26266,25988,3140,29128,189
2022-02-15,Fresno,019,978130,226131,222673,22501,245174,2543
2022-02-15,Glenn,021,27897,4899,4862,1545,6407,39
2022-02-15,Humboldt,023,135768,16370,16297,2835,19132,132
2022-02-15,Imperial,025,180216,54415,53813,10924,64737,860
2022-02-15,Inyo,027,18085,4022,4009,455,4464,52
2022-02-15,Kern,029,883053,188826,186324,45377,231701,2072
2022-02-15,Kings,031,150075,50376,49473,3530,53003,418
2022-02-15,Lake,033,64148,10275,10112,861,10973,123
2022-02-15,Lassen,035,31185,8685,8587,876,9463,55
2022-02-15,Los Angeles,037,10098052,2670703,2638266,121524,2759790,29691
2022-02-15,Madera,039,155013,36633,36260,5892,42152,330
2022-02-15,Marin,041,260295,32518,32355,2164,34519,255
2022-02-15,Mariposa,043,17540,2315,2302,191,2493,6
2022-02-15,Mendocino,045,87422,12724,12580,2906,15486,108
2022-02-15,Merced,047,269075,61104,60674,8233,68907,763
2022-02-15,Modoc,049,8938,721,710,241,951,6
2022-02-15,Mono,051,14174,2947,2952,119,3071,5
2022-02-15,Monterey,053,433212,77411,75530,13097,88627,682
2022-02-15,Napa,055,140530,24975,24832,923,25755,127
2022-02-15,Nevada,057,99092,15646,15643,1157,16800,121
2022-02-15,Orange,059,3164182,538813,537478,40568,578046,6374
2022-02-15,Placer,061,380077,61644,61170,7212,68382,554
2022-02-15,Plumas,063,18699,2862,2638,342,2980,13
2022-02-15,Riverside,065,2383286,584148,579940,27568,607508,6049
2022-02-15,Sacramento,067,1510023,272225,268950,26249,295199,2721
2022-02-15,San Benito,069,59416,12667,12616,508,13124,91
2022-02-15,San Bernardino,071,2135413,557528,551803,24368,576171,6372
2022-02-15,San Diego,073,3302833,738702,727486,50411,777897,4914
2022-02-15,San Francisco,075,870044,120503,120759,8132,128891,756
2022-02-15,San Joaquin,077,732212,163754,162518,9051,171569,2021
2022-02-15,San Luis Obispo,079,281455,51152,50534,3632,54166,419
2022-02-15,San Mateo,081,765935,117918,116253,6780,123033,595
2022-02-15,Santa Barbara,083,443738,84062,83734,4729,88463,640
2022-02-15,Santa Clara,085,1922200,303816,301831,12051,313882,2130
2022-02-15,Santa Cruz,087,273765,45566,45171,2069,47240,250
2022-02-15,Shasta,089,179085,29893,29684,6018,35702,477
2022-02-15,Sierra,091,2930,272,269,40,309,0
2022-02-15,Siskiyou,093,43540,4330,4288,2674,6962,70
2022-02-15,Solano,095,438530,79586,78626,5418,84044,426
2022-02-15,Sonoma,097,501317,81522,80433,2418,82851,431
2022-02-15,Stanislaus,099,539301,115574,115549,16958,132507,1429
2022-02-15,Sutter,101,95872,20175,19980,1993,21973,208
2022-02-15,Tehama,103,63373,11827,11717,2598,14315,151
2022-02-15,Trinity,105,12862,1152,1125,283,1408,20
2022-02-15,Tulare,107,460477,103695,101645,27760,129405,1278
2022-02-15,Tuolumne,109,53932,12368,11945,544,12489,171
2022-02-15,Ventura,111,848112,170459,169942,9140,179082,1372
2022-02-15,Yolo,113,214977,35682,35241,3067,38308,289
2022-02-15,Yuba,115,75493,15493,15372,1154,16526,109
2022-02-14,Alameda,001,1643700,248873,244315,13453,257768,1677
2022-02-14,Alpine,003,1148,121,125,1,126,0
2022-02-14,Amador,005,37829,8255,8164,624,8788,77
2022-02-14,Butte,007,227075,32202,31946,6452,38398,360
2022-02-14,Calaveras,009,45235,7101,7097,336,7433,106
2022-02-14,Colusa,011,21464,3390,3367,1059,4426,21
2022-02-14,Contra Costa,013,1133247,184126,181753,12765,194518,1167
2022-02-14,Del Norte,015,27424,5471,5426,169,5595,45
2022-02-14,El Dorado,017,186661,26231,25915,3132,29047,188
2022-02-14,Fresno,019,978130,225645,222360,22415,244775,2538
2022-02-14,Glenn,021,27897,4893,4854,1545,6399,39
2022-02-14,Humboldt,023,135768,16329,16264,2810,19074,132
2022-02-14,Imperial,025,180216,54345,53765,10892,64657,860
2022-02-14,Inyo,027,18085,4021,4010,454,4464,52
2022-02-14,Kern,029,883053,188478,186037,45268,231305,2063
2022-02-14,Kings,031,150075,50271,49395,3520,52915,419
2022-02-14,Lake,033,64148,10240,10090,858,10948,123
2022-02-14,Lassen,035,31185,8674,8539,874,9413,55
2022-02-14,Los Angeles,037,10098052,2668121,2636064,121394,2757458,29650
2022-02-14,Madera,039,155013,36565,36194,5869,42063,330
2022-02-14,Marin,041,260295,32482,32304,2161,34465,255
2022-02-14,Mariposa,043,17540,2309,2295,191,2486,6
2022-02-14,Mendocino,045,87422,12697,12541,2874,15415,108
2022-02-14,Merced,047,269075,61014,60591,8187,68778,758
2022-02-14,Modoc,049,8938,716,707,241,948,6
2022-02-14,Mono,051,14174,2946,2954,119,3073,5
2022-02-14,Monterey,053,433212,77236,75407,13014,88421,678
2022-02-14,Napa,055,140530,24916,24776,923,25699,127
2022-02-14,Nevada,057,99092,15627,15629,1156,16785,121
2022-02-14,Orange,059,3164182,538309,536924,40503,577427,6355
2022-02-14,Placer,061,380077,61571,61123,7197,68320,554
2022-02-14,Plumas,063,18699,2861,2631,340,2971,13
2022-02-14,Riverside,065,2383286,583594,579174,27498,606672,5994
2022-02-14,Sacramento,067,1510023,271773,268547,26135,294682,2717
2022-02-14,San Benito,069,59416,12643,12598,506,13104,91
2022-02-14,San Bernardino,071,2135413,557096,551338,24348,575686,6372
2022-02-14,San Diego,073,3302833,737715,723902,50321,774223,4894
2022-02-14,San Francisco,075,870044,120313,120581,8122,128703,756
2022-02-14,San Joaquin,077,732212,163514,162363,9028,171391,2018
2022-02-14,San Luis Obispo,079,281455,51028,50465,3621,54086,416
2022-02-14,San Mateo,081,765935,117750,116129,6771,122900,592
2022-02-14,Santa Barbara,083,443738,83915,83697,4718,88415,636
2022-02-14,Santa Clara,085,1922200,303265,301319,12027,313346,2127
2022-02-14,Santa Cruz,087,273765,45401,45042,2065,47107,250
2022-02-14,Shasta,089,179085,29808,29595,6000,35595,474
2022-02-14,Sierra,091,2930,272,269,40,309,0
2022-02-14,Siskiyou,093,43540,4317,4278,2660,6938,69
2022-02-14,Solano,095,438530,79400,78533,5407,83940,427
2022-02-14,Sonoma,097,501317,81375,80336,2408,82744,431
2022-02-14,Stanislaus,099,539301,115393,115426,16914,132340,1406
2022-02-14,Sutter,101,95872,20146,19957,1987,21944,209
2022-02-14,Tehama,103,63373,11804,11686,2597,14283,151
2022-02-14,Trinity,105,12862,1149,1123,283,1406,20
2022-02-14,Tulare,107,460477,103486,101448,27658,129106,1276
2022-02-14,Tuolumne,109,53932,12337,11920,541,12461,170
2022-02-14,Ventura,111,848112,170282,169725,9128,178853,1361
2022-02-14,Yolo,113,214977,35621,35112,3057,38169,286
2022-02-14,Yuba,115,75493,15463,15375,1150,16525,108
2022-02-13,Alameda,001,1643700,248369,243681,13420,257101,1677
2022-02-13,Alpine,003,1148,121,125,1,126,0
2022-02-13,Amador,005,37829,8226,8146,621,8767,77
2022-02-13,Butte,007,227075,32126,31865,6429,38294,360
2022-02-13,Calaveras,009,45235,7093,7083,333,7416,106
2022-02-13,Colusa,011,21464,3386,3366,1057,4423,21
2022-02-13,Contra Costa,013,1133247,183741,181313,12700,194013,1159
2022-02-13,Del Norte,015,27424,5439,5379,169,5548,45
2022-02-13,El Dorado,017,186661,26193,25871,3123,28994,188
2022-02-13,Fresno,019,978130,225100,221686,22361,244047,2537
2022-02-13,Glenn,021,27897,4883,4847,1542,6389,39
2022-02-13,Humboldt,023,135768,16282,16210,2783,18993,132
2022-02-13,Imperial,025,180216,54257,53658,10847,64505,860
2022-02-13,Inyo,027,18085,4018,4006,452,4458,52
2022-02-13,Kern,029,883053,188232,185640,45181,230821,2063
2022-02-13,Kings,031,150075,50144,49243,3506,52749,416
2022-02-13,Lake,033,64148,10177,10042,850,10892,123
2022-02-13,Lassen,035,31185,8643,8503,872,9375,55
2022-02-13,Los Angeles,037,10098052,2664954,2631267,121252,2752519,29595
2022-02-13,Madera,039,155013,36446,36054,5840,41894,330
2022-02-13,Marin,041,260295,32410,32222,2154,34376,255
2022-02-13,Mariposa,043,17540,2303,2292,189,2481,6
2022-02-13,Mendocino,045,87422,12666,12521,2832,15353,108
2022-02-13,Merced,047,269075,60869,60460,8133,68593,758
2022-02-13,Modoc,049,8938,714,704,234,938,6
2022-02-13,Mono,051,14174,2944,2949,119,3068,5
2022-02-13,Monterey,053,433212,77028,75295,12941,88236,678
2022-02-13,Napa,055,140530,24838,24743,920,25663,127
2022-02-13,Nevada,057,99092,15592,15590,1149,16739,121
2022-02-13,Orange,059,3164182,537678,536134,40441,576575,6355
2022-02-13,Placer,061,380077,61493,61020,7173,68193,554
2022-02-13,Plumas,063,18699,2853,2626,337,2963,13
2022-02-13,Riverside,065,2383286,582995,578363,27453,605816,5995
2022-02-13,Sacramento,067,1510023,271263,267947,26001,293948,2699
2022-02-13,San Benito,069,59416,12608,12578,505,13083,91
2022-02-13,San Bernardino,071,2135413,556580,550632,24315,574947,6367
2022-02-13,San Diego,073,3302833,736539,723902,50217,774119,4894
2022-02-13,San Francisco,075,870044,120057,120295,8110,128405,756
2022-02-13,San Joaquin,077,732212,163202,162028,8999,171027,2018
2022-02-13,San Luis Obispo,079,281455,50885,50384,3613,53997,415
2022-02-13,San Mateo,081,765935,117526,115876,6746,122622,592
2022-02-13,Santa Barbara,083,443738,83750,83547,4710,88257,635
2022-02-13,Santa Clara,085,1922200,302607,300412,11989,312401,2114
2022-02-13,Santa Cruz,087,273765,45244,44887,2063,46950,240
2022-02-13,Shasta,089,179085,29726,29531,5975,35506,474
2022-02-13,Sierra,091,2930,272,269,40,309,0
2022-02-13,Siskiyou,093,43540,4310,4264,2644,6908,69
2022-02-13,Solano,095,438530,79242,78424,5384,83808,426
2022-02-13,Sonoma,097,501317,81204,80172,2398,82570,431
2022-02-13,Stanislaus,099,539301,115186,115156,16873,132029,1406
2022-02-13,Sutter,101,95872,20105,19900,1987,21887,209
2022-02-13,Tehama,103,63373,11775,11644,2592,14236,151
2022-02-13,Trinity,105,12862,1146,1120,280,1400,20
2022-02-13,Tulare,107,460477,103264,101135,27562,128697,1276
2022-02-13,Tuolumne,109,53932,12312,11891,536,12427,170
2022-02-13,Ventura,111,848112,170087,169422,9108,178530,1361
2022-02-13,Yolo,113,214977,35552,35057,3045,38102,286
2022-02-13,Yuba,115,75493,15429,15346,1148,16494,107
2022-02-12,Alameda,001,1643700,248149,242137,13406,255543,1668
2022-02-12,Alpine,003,1148,121,124,1,125,0
2022-02-12,Amador,005,37829,8220,8091,621,8712,76
2022-02-12,Butte,007,227075,32099,31601,6424,38025,360
2022-02-12,Calaveras,009,45235,7090,7022,332,7354,106
2022-02-12,Colusa,011,21464,3382,3345,1057,4402,21
2022-02-12,Contra Costa,013,1133247,183550,180270,12693,192963,1141
2022-02-12,Del Norte,015,27424,5419,5262,169,5431,45
2022-02-12,El Dorado,017,186661,26177,25692,3123,28815,188
2022-02-12,Fresno,019,978130,224885,219909,22352,242261,2509
2022-02-12,Glenn,021,27897,4882,4818,1541,6359,39
2022-02-12,Humboldt,023,135768,16258,16058,2779,18837,132
2022-02-12,Imperial,025,180216,54214,53304,10836,64140,860
2022-02-12,Inyo,027,18085,4016,3991,452,4443,52
2022-02-12,Kern,029,883053,188125,184639,45144,229783,2037
2022-02-12,Kings,031,150075,50104,48893,3499,52392,415
2022-02-12,Lake,033,64148,10156,9926,845,10771,123
2022-02-12,Lassen,035,31185,8620,8477,871,9348,55
2022-02-12,Los Angeles,037,10098052,2663818,2616426,121175,2737601,29364
2022-02-12,Madera,039,155013,36413,35710,5832,41542,330
2022-02-12,Marin,041,260295,32377,32048,2151,34199,255
2022-02-12,Mariposa,043,17540,2303,2286,189,2475,6
2022-02-12,Mendocino,045,87422,12650,12439,2832,15271,107
2022-02-12,Merced,047,269075,60817,60187,8128,68315,758
2022-02-12,Modoc,049,8938,714,697,234,931,6
2022-02-12,Mono,051,14174,2944,2939,119,3058,5
2022-02-12,Monterey,053,433212,76968,74842,12918,87760,672
2022-02-12,Napa,055,140530,24810,24530,920,25450,124
2022-02-12,Nevada,057,99092,15580,15499,1147,16646,119
2022-02-12,Orange,059,3164182,537390,534503,40405,574908,6305
2022-02-12,Placer,061,380077,61434,60636,7170,67806,554
2022-02-12,Plumas,063,18699,2852,2617,336,2953,13
2022-02-12,Riverside,065,2383286,582637,575566,27429,602995,5961
2022-02-12,Sacramento,067,1510023,271024,266347,25992,292339,2686
2022-02-12,San Benito,069,59416,12595,12526,505,13031,91
2022-02-12,San Bernardino,071,2135413,556346,548822,24302,573124,6360
2022-02-12,San Diego,073,3302833,736016,720287,50170,770457,4854
2022-02-12,San Francisco,075,870044,119936,119113,8099,127212,740
2022-02-12,San Joaquin,077,732212,163074,161234,8994,170228,2014
2022-02-12,San Luis Obispo,079,281455,50849,50064,3609,53673,416
2022-02-12,San Mateo,081,765935,117435,115235,6738,121973,589
2022-02-12,Santa Barbara,083,443738,83662,83390,4700,88090,631
2022-02-12,Santa Clara,085,1922200,302250,298176,11981,310157,2093
2022-02-12,Santa Cruz,087,273765,45207,44447,2061,46508,239
2022-02-12,Shasta,089,179085,29698,29370,5971,35341,473
2022-02-12,Sierra,091,2930,272,268,40,308,0
2022-02-12,Siskiyou,093,43540,4303,4231,2641,6872,68
2022-02-12,Solano,095,438530,79200,77865,5381,83246,424
2022-02-12,Sonoma,097,501317,81099,79533,2396,81929,431
2022-02-12,Stanislaus,099,539301,115063,114531,16860,131391,1406
2022-02-12,Sutter,101,95872,20090,19800,1987,21787,211
2022-02-12,Tehama,103,63373,11761,11580,2592,14172,151
2022-02-12,Trinity,105,12862,1145,1115,280,1395,20
2022-02-12,Tulare,107,460477,103167,100434,27522,127956,1273
2022-02-12,Tuolumne,109,53932,12294,11754,536,12290,125
2022-02-12,Ventura,111,848112,169979,168736,9103,177839,1340
2022-02-12,Yolo,113,214977,35511,34773,3042,37815,286
2022-02-12,Yuba,115,75493,15413,15242,1147,16389,107
2022-02-11,Alameda,001,1643700,247867,242137,13392,255529,1668
2022-02-11,Alpine,003,1148,121,124,1,125,0
2022-02-11,Amador,005,37829,8207,8091,621,8712,76
2022-02-11,Butte,007,227075,32055,31601,6413,38014,360
2022-02-11,Calaveras,009,45235,7087,7022,332,7354,106
2022-02-11,Colusa,011,21464,3380,3345,1056,4401,21
2022-02-11,Contra Costa,013,1133247,183344,180270,12673,192943,1141
2022-02-11,Del Norte,015,27424,5404,5262,168,5430,45
2022-02-11,El Dorado,017,186661,26156,25692,3122,28814,188
2022-02-11,Fresno,019,978130,224589,219909,22340,242249,2509
2022-02-11,Glenn,021,27897,4878,4818,1541,6359,39
2022-02-11,Humboldt,023,135768,16228,16058,2774,18832,132
2022-02-11,Imperial,025,180216,54184,53304,10825,64129,860
2022-02-11,Inyo,027,18085,4013,3991,447,4438,52
2022-02-11,Kern,029,883053,187962,184639,45090,229729,2037
2022-02-11,Kings,031,150075,50065,48893,3498,52391,415
2022-02-11,Lake,033,64148,10131,9926,843,10769,123
2022-02-11,Lassen,035,31185,8580,8477,871,9348,55
2022-02-11,Los Angeles,037,10098052,2662181,2616426,121087,2737513,29364
2022-02-11,Madera,039,155013,36370,35710,5827,41537,330
2022-02-11,Marin,041,260295,32343,32048,2148,34196,255
2022-02-11,Mariposa,043,17540,2298,2286,189,2475,6
2022-02-11,Mendocino,045,87422,12634,12439,2832,15271,107
2022-02-11,Merced,047,269075,60767,60187,8121,68308,758
2022-02-11,Modoc,049,8938,712,697,234,931,6
2022-02-11,Mono,051,14174,2943,2939,119,3058,5
2022-02-11,Monterey,053,433212,76849,74842,12903,87745,672
2022-02-11,Napa,055,140530,24782,24530,920,25450,124
2022-02-11,Nevada,057,99092,15565,15499,1144,16643,119
2022-02-11,Orange,059,3164182,537039,534503,40340,574843,6305
2022-02-11,Placer,061,380077,61382,60636,7168,67804,554
2022-02-11,Plumas,063,18699,2848,2617,334,2951,13
2022-02-11,Riverside,065,2383286,582212,575566,27412,602978,5961
2022-02-11,Sacramento,067,1510023,270762,266347,25979,292326,2686
2022-02-11,San Benito,069,59416,12590,12526,505,13031,91
2022-02-11,San Bernardino,071,2135413,556024,548822,24287,573109,6360
2022-02-11,San Diego,073,3302833,735294,720287,50117,770404,4854
2022-02-11,San Francisco,075,870044,119816,119113,8082,127195,740
2022-02-11,San Joaquin,077,732212,162902,161234,8983,170217,2014
2022-02-11,San Luis Obispo,079,281455,50812,50064,3605,53669,416
2022-02-11,San Mateo,081,765935,117318,115235,6729,121964,589
2022-02-11,Santa Barbara,083,443738,83578,83390,4699,88089,631
2022-02-11,Santa Clara,085,1922200,301810,298176,11962,310138,2093
2022-02-11,Santa Cruz,087,273765,45114,44447,2061,46508,239
2022-02-11,Shasta,089,179085,29667,29370,5963,35333,473
2022-02-11,Sierra,091,2930,271,268,39,307,0
2022-02-11,Siskiyou,093,43540,4292,4231,2635,6866,68
2022-02-11,Solano,095,438530,79070,77865,5376,83241,424
2022-02-11,Sonoma,097,501317,81008,79533,2394,81927,431
2022-02-11,Stanislaus,099,539301,114963,114531,16847,131378,1406
2022-02-11,Sutter,101,95872,20066,19800,1985,21785,211
2022-02-11,Tehama,103,63373,11748,11580,2591,14171,151
2022-02-11,Trinity,105,12862,1144,1115,279,1394,20
2022-02-11,Tulare,107,460477,103050,100434,27467,127901,1273
2022-02-11,Tuolumne,109,53932,12279,11754,534,12288,125
2022-02-11,Ventura,111,848112,169838,168736,9098,177834,1340
2022-02-11,Yolo,113,214977,35478,34773,3040,37813,286
2022-02-11,Yuba,115,75493,15397,15242,1146,16388,107
2022-02-10,Alameda,001,1643700,247331,242137,13346,255483,1668
2022-02-10,Alpine,003,1148,121,124,1,125,0
2022-02-10,Amador,005,37829,8196,8091,614,8705,76
2022-02-10,Butte,007,227075,32002,31601,6401,38002,360
2022-02-10,Calaveras,009,45235,7075,7022,330,7352,106
2022-02-10,Colusa,011,21464,3374,3345,1054,4399,21
2022-02-10,Contra Costa,013,1133247,182972,180270,12608,192878,1141
2022-02-10,Del Norte,015,27424,5374,5262,166,5428,45
2022-02-10,El Dorado,017,186661,26109,25692,3115,28807,188
2022-02-10,Fresno,019,978130,223996,219909,22257,242166,2509
2022-02-10,Glenn,021,27897,4873,4818,1539,6357,39
2022-02-10,Humboldt,023,135768,16177,16058,2752,18810,132
2022-02-10,Imperial,025,180216,54114,53304,10776,64080,860
2022-02-10,Inyo,027,18085,4009,3991,447,4438,52
2022-02-10,Kern,029,883053,187656,184639,44976,229615,2037
2022-02-10,Kings,031,150075,49952,48893,3487,52380,415
2022-02-10,Lake,033,64148,10100,9926,841,10767,123
2022-02-10,Lassen,035,31185,8566,8477,869,9346,55
2022-02-10,Los Angeles,037,10098052,2659026,2616426,120899,2737325,29364
2022-02-10,Madera,039,155013,36271,35710,5794,41504,330
2022-02-10,Marin,041,260295,32285,32048,2136,34184,255
2022-02-10,Mariposa,043,17540,2294,2286,188,2474,6
2022-02-10,Mendocino,045,87422,12614,12439,2807,15246,107
2022-02-10,Merced,047,269075,60640,60187,8066,68253,758
2022-02-10,Modoc,049,8938,711,697,233,930,6
2022-02-10,Mono,051,14174,2941,2939,118,3057,5
2022-02-10,Monterey,053,433212,76664,74842,12814,87656,672
2022-02-10,Napa,055,140530,24715,24530,918,25448,124
2022-02-10,Nevada,057,99092,15539,15499,1143,16642,119
2022-02-10,Orange,059,3164182,536387,534503,40271,574774,6305
2022-02-10,Placer,061,380077,61301,60636,7159,67795,554
2022-02-10,Plumas,063,18699,2845,2617,327,2944,13
2022-02-10,Riverside,065,2383286,581474,575566,27354,602920,5961
2022-02-10,Sacramento,067,1510023,270278,266347,25891,292238,2686
2022-02-10,San Benito,069,59416,12567,12526,503,13029,91
2022-02-10,San Bernardino,071,2135413,555478,548822,24255,573077,6360
2022-02-10,San Diego,073,3302833,734138,720287,49995,770282,4854
2022-02-10,San Francisco,075,870044,119602,119113,8064,127177,740
2022-02-10,San Joaquin,077,732212,162583,161234,8976,170210,2014
2022-02-10,San Luis Obispo,079,281455,50712,50064,3594,53658,416
2022-02-10,San Mateo,081,765935,117092,115235,6712,121947,589
2022-02-10,Santa Barbara,083,443738,83394,83390,4691,88081,631
2022-02-10,Santa Clara,085,1922200,301115,298176,11903,310079,2093
2022-02-10,Santa Cruz,087,273765,44969,44447,2060,46507,239
2022-02-10,Shasta,089,179085,29605,29370,5943,35313,473
2022-02-10,Sierra,091,2930,271,268,39,307,0
2022-02-10,Siskiyou,093,43540,4287,4231,2622,6853,68
2022-02-10,Solano,095,438530,78876,77865,5359,83224,424
2022-02-10,Sonoma,097,501317,80873,79533,2380,81913,431
2022-02-10,Stanislaus,099,539301,114779,114531,16803,131334,1406
2022-02-10,Sutter,101,95872,20027,19800,1970,21770,211
2022-02-10,Tehama,103,63373,11715,11580,2588,14168,151
2022-02-10,Trinity,105,12862,1141,1115,278,1393,20
2022-02-10,Tulare,107,460477,102846,100434,27385,127819,1273
2022-02-10,Tuolumne,109,53932,12257,11754,529,12283,125
2022-02-10,Ventura,111,848112,169558,168736,9084,177820,1340
2022-02-10,Yolo,113,214977,35399,34773,3034,37807,286
2022-02-10,Yuba,115,75493,15367,15242,1140,16382,107
2022-02-09,Alameda,001,1643700,246802,241141,13288,254429,1668
2022-02-09,Alpine,003,1148,120,124,1,125,0
2022-02-09,Amador,005,37829,8182,8069,609,8678,76
2022-02-09,Butte,007,227075,31911,31433,6385,37818,359
2022-02-09,Calaveras,009,45235,7057,7005,326,7331,106
2022-02-09,Colusa,011,21464,3371,3331,1053,4384,21
2022-02-09,Contra Costa,013,1133247,182616,179695,12561,192256,1132
2022-02-09,Del Norte,015,27424,5327,5204,165,5369,45
2022-02-09,El Dorado,017,186661,26073,25572,3104,28676,186
2022-02-09,Fresno,019,978130,223388,218989,22177,241166,2502
2022-02-09,Glenn,021,27897,4862,4804,1538,6342,39
2022-02-09,Humboldt,023,135768,16130,15929,2727,18656,131
2022-02-09,Imperial,025,180216,54012,53102,10702,63804,858
2022-02-09,Inyo,027,18085,4003,3989,446,4435,52
2022-02-09,Kern,029,883053,187281,184068,44861,228929,2021
2022-02-09,Kings,031,150075,49844,48718,3481,52199,410
2022-02-09,Lake,033,64148,10060,9880,836,10716,124
2022-02-09,Lassen,035,31185,8538,8459,868,9327,55
2022-02-09,Los Angeles,037,10098052,2655358,2611611,120764,2732375,29263
2022-02-09,Madera,039,155013,36170,35559,5763,41322,330
2022-02-09,Marin,041,260295,32236,31965,2129,34094,255
2022-02-09,Mariposa,043,17540,2291,2279,188,2467,6
2022-02-09,Mendocino,045,87422,12581,12378,2777,15155,107
2022-02-09,Merced,047,269075,60512,59952,8014,67966,755
2022-02-09,Modoc,049,8938,707,691,232,923,6
2022-02-09,Mono,051,14174,2939,2937,118,3055,5
2022-02-09,Monterey,053,433212,76462,74500,12721,87221,670
2022-02-09,Napa,055,140530,24670,24429,913,25342,123
2022-02-09,Nevada,057,99092,15519,15446,1141,16587,119
2022-02-09,Orange,059,3164182,535755,534316,40191,574507,6263
2022-02-09,Placer,061,380077,61205,60490,7139,67629,553
2022-02-09,Plumas,063,18699,2840,2609,323,2932,13
2022-02-09,Riverside,065,2383286,580727,573907,27307,601214,5911
2022-02-09,Sacramento,067,1510023,269726,265624,25766,291390,2673
2022-02-09,San Benito,069,59416,12544,12492,503,12995,91
2022-02-09,San Bernardino,071,2135413,554868,547768,24225,571993,6349
2022-02-09,San Diego,073,3302833,732762,717896,49887,767783,4832
2022-02-09,San Francisco,075,870044,119352,118550,8053,126603,731
2022-02-09,San Joaquin,077,732212,162281,160618,8966,169584,2014
2022-02-09,San Luis Obispo,079,281455,50570,49833,3589,53422,414
2022-02-09,San Mateo,081,765935,116904,114890,6671,121561,589
2022-02-09,Santa Barbara,083,443738,83216,82830,4685,87515,629
2022-02-09,Santa Clara,085,1922200,300372,297157,11845,309002,2090
2022-02-09,Santa Cruz,087,273765,44785,44200,2053,46253,239
2022-02-09,Shasta,089,179085,29535,29215,5922,35137,471
2022-02-09,Sierra,091,2930,270,268,39,307,0
2022-02-09,Siskiyou,093,43540,4273,4217,2615,6832,68
2022-02-09,Solano,095,438530,78681,77299,5347,82646,423
2022-02-09,Sonoma,097,501317,80700,79165,2374,81539,431
2022-02-09,Stanislaus,099,539301,114530,114039,16521,130560,1406
2022-02-09,Sutter,101,95872,19985,19758,1957,21715,207
2022-02-09,Tehama,103,63373,11690,11542,2584,14126,149
2022-02-09,Trinity,105,12862,1137,1110,277,1387,20
2022-02-09,Tulare,107,460477,102633,100049,27285,127334,1271
2022-02-09,Tuolumne,109,53932,12219,11702,526,12228,95
2022-02-09,Ventura,111,848112,169322,168253,9072,177325,1325
2022-02-09,Yolo,113,214977,35328,34588,3019,37607,285
2022-02-09,Yuba,115,75493,15337,15187,1128,16315,105
2022-02-08,Alameda,001,1643700,246170,240587,13214,253801,1651
2022-02-08,Alpine,003,1148,120,124,1,125,0
2022-02-08,Amador,005,37829,8174,8050,602,8652,76
2022-02-08,Butte,007,227075,31828,31353,6362,37715,359
2022-02-08,Calaveras,009,45235,7041,6981,324,7305,101
2022-02-08,Colusa,011,21464,3362,3320,1052,4372,21
2022-02-08,Contra Costa,013,1133247,182188,179078,12483,191561,1132
2022-02-08,Del Norte,015,27424,5301,5156,160,5316,44
2022-02-08,El Dorado,017,186661,26026,25446,3094,28540,186
2022-02-08,Fresno,019,978130,222654,218416,22072,240488,2502
2022-02-08,Glenn,021,27897,4845,4784,1534,6318,39
2022-02-08,Humboldt,023,135768,16069,15865,2694,18559,130
2022-02-08,Imperial,025,180216,53883,52977,10653,63630,855
2022-02-08,Inyo,027,18085,3998,3983,446,4429,52
2022-02-08,Kern,029,883053,186951,183519,44727,228246,2010
2022-02-08,Kings,031,150075,49696,48479,3469,51948,411
2022-02-08,Lake,033,64148,10030,9806,830,10636,125
2022-02-08,Lassen,035,31185,8529,8423,864,9287,55
2022-02-08,Los Angeles,037,10098052,2651060,2611204,120573,2731777,29259
2022-02-08,Madera,039,155013,36063,35381,5706,41087,330
2022-02-08,Marin,041,260295,32161,31878,2123,34001,255
2022-02-08,Mariposa,043,17540,2289,2266,180,2446,6
2022-02-08,Mendocino,045,87422,12548,12336,2746,15082,107
2022-02-08,Merced,047,269075,60403,59789,7955,67744,751
2022-02-08,Modoc,049,8938,703,684,232,916,6
2022-02-08,Mono,051,14174,2938,2932,118,3050,5
2022-02-08,Monterey,053,433212,76253,74316,12628,86944,670
2022-02-08,Napa,055,140530,24596,24346,906,25252,121
2022-02-08,Nevada,057,99092,15492,15383,1138,16521,117
2022-02-08,Orange,059,3164182,535070,533507,40104,573611,6205
2022-02-08,Placer,061,380077,61096,60301,7126,67427,553
2022-02-08,Plumas,063,18699,2829,2596,318,2914,13
2022-02-08,Riverside,065,2383286,579898,571892,27231,599123,5908
2022-02-08,Sacramento,067,1510023,269092,264479,25592,290071,2664
2022-02-08,San Benito,069,59416,12520,12434,501,12935,91
2022-02-08,San Bernardino,071,2135413,554181,544658,24180,568838,6335
2022-02-08,San Diego,073,3302833,731157,717896,49755,767651,4832
2022-02-08,San Francisco,075,870044,119041,117942,8044,125986,731
2022-02-08,San Joaquin,077,732212,161904,160147,8947,169094,2005
2022-02-08,San Luis Obispo,079,281455,50403,49556,3557,53113,410
2022-02-08,San Mateo,081,765935,116682,114541,6641,121182,589
2022-02-08,Santa Barbara,083,443738,83050,82461,4659,87120,627
2022-02-08,Santa Clara,085,1922200,299495,295679,11796,307475,2091
2022-02-08,Santa Cruz,087,273765,44631,43884,2048,45932,239
2022-02-08,Shasta,089,179085,29449,29084,5893,34977,470
2022-02-08,Sierra,091,2930,270,267,39,306,0
2022-02-08,Siskiyou,093,43540,4263,4191,2605,6796,68
2022-02-08,Solano,095,438530,78449,77031,5333,82364,421
2022-02-08,Sonoma,097,501317,80483,78798,2353,81151,431
2022-02-08,Stanislaus,099,539301,114275,113733,16445,130178,1406
2022-02-08,Sutter,101,95872,19946,19717,1945,21662,203
2022-02-08,Tehama,103,63373,11666,11491,2575,14066,149
2022-02-08,Trinity,105,12862,1131,1110,277,1387,20
2022-02-08,Tulare,107,460477,102347,99694,27149,126843,1267
2022-02-08,Tuolumne,109,53932,12196,11665,524,12189,92
2022-02-08,Ventura,111,848112,169090,167830,9056,176886,1325
2022-02-08,Yolo,113,214977,35249,34462,3006,37468,281
2022-02-08,Yuba,115,75493,15292,15126,1106,16232,107
2022-02-07,Alameda,001,1643700,245466,238678,13146,251824,1643
2022-02-07,Alpine,003,1148,120,124,1,125,0
2022-02-07,Amador,005,37829,8146,7980,594,8574,75
2022-02-07,Butte,007,227075,31742,31184,6335,37519,355
2022-02-07,Calaveras,009,45235,7019,6910,323,7233,100
2022-02-07,Colusa,011,21464,3352,3283,1045,4328,21
2022-02-07,Contra Costa,013,1133247,181726,177767,12414,190181,1130
2022-02-07,Del Norte,015,27424,5262,5093,155,5248,44
2022-02-07,El Dorado,017,186661,25964,25257,3082,28339,185
2022-02-07,Fresno,019,978130,221804,216495,21939,238434,2493
2022-02-07,Glenn,021,27897,4839,4762,1530,6292,39
2022-02-07,Humboldt,023,135768,15995,15764,2669,18433,129
2022-02-07,Imperial,025,180216,53775,52689,10582,63271,853
2022-02-07,Inyo,027,18085,3993,3976,440,4416,51
2022-02-07,Kern,029,883053,186481,182047,44555,226602,1998
2022-02-07,Kings,031,150075,49513,48147,3453,51600,403
2022-02-07,Lake,033,64148,9984,9519,822,10341,125
2022-02-07,Lassen,035,31185,8511,8362,858,9220,55
2022-02-07,Los Angeles,037,10098052,2646631,2607438,120362,2727800,29210
2022-02-07,Madera,039,155013,35937,35083,5657,40740,330
2022-02-07,Marin,041,260295,32094,31670,2112,33782,255
2022-02-07,Mariposa,043,17540,2284,2253,176,2429,6
2022-02-07,Mendocino,045,87422,12490,12237,2708,14945,107
2022-02-07,Merced,047,269075,60277,59472,7863,67335,748
2022-02-07,Modoc,049,8938,699,679,232,911,6
2022-02-07,Mono,051,14174,2936,2917,118,3035,5
2022-02-07,Monterey,053,433212,76000,69433,12521,81954,670
2022-02-07,Napa,055,140530,24510,23237,896,24133,120
2022-02-07,Nevada,057,99092,15458,15268,1132,16400,113
2022-02-07,Orange,059,3164182,534309,531442,40021,571463,6179
2022-02-07,Placer,061,380077,60972,59894,7111,67005,546
2022-02-07,Plumas,063,18699,2819,2573,310,2883,13
2022-02-07,Riverside,065,2383286,578954,568874,27143,596017,5868
2022-02-07,Sacramento,067,1510023,268435,262834,25412,288246,2631
2022-02-07,San Benito,069,59416,12483,12285,499,12784,90
2022-02-07,San Bernardino,071,2135413,553396,542846,24141,566987,6335
2022-02-07,San Diego,073,3302833,729412,716244,49575,765819,4811
2022-02-07,San Francisco,075,870044,118704,113945,8019,121964,727
2022-02-07,San Joaquin,077,732212,161519,159358,8928,168286,1998
2022-02-07,San Luis Obispo,079,281455,50237,48994,3536,52530,406
2022-02-07,San Mateo,081,765935,116395,107060,6612,113672,589
2022-02-07,Santa Barbara,083,443738,82864,81608,4644,86252,624
2022-02-07,Santa Clara,085,1922200,298536,293360,11748,305108,2085
2022-02-07,Santa Cruz,087,273765,44415,43244,2044,45288,239
2022-02-07,Shasta,089,179085,29361,28900,5866,34766,468
2022-02-07,Sierra,091,2930,270,265,39,304,0
2022-02-07,Siskiyou,093,43540,4252,4157,2589,6746,68
2022-02-07,Solano,095,438530,78187,73934,5307,79241,420
2022-02-07,Sonoma,097,501317,80222,78296,2343,80639,431
2022-02-07,Stanislaus,099,539301,114010,113029,16324,129353,1406
2022-02-07,Sutter,101,95872,19914,19599,1917,21516,203
2022-02-07,Tehama,103,63373,11628,11418,2567,13985,146
2022-02-07,Trinity,105,12862,1127,1109,274,1383,20
2022-02-07,Tulare,107,460477,101992,98774,27005,125779,1263
2022-02-07,Tuolumne,109,53932,12148,11578,520,12098,92
2022-02-07,Ventura,111,848112,168773,166904,9043,175947,1324
2022-02-07,Yolo,113,214977,35141,34007,2991,36998,281
2022-02-07,Yuba,115,75493,15246,14998,1099,16097,105
2022-02-06,Alameda,001,1643700,244565,237188,13064,250252,1643
2022-02-06,Alpine,003,1148,120,123,1,124,0
2022-02-06,Amador,005,37829,8117,7922,582,8504,73
2022-02-06,Butte,007,227075,31616,31021,6289,37310,355
2022-02-06,Calaveras,009,45235,6992,6870,318,7188,99
2022-02-06,Colusa,011,21464,3343,3282,1044,4326,21
2022-02-06,Contra Costa,013,1133247,181096,176863,12256,189119,1128
2022-02-06,Del Norte,015,27424,5205,5038,153,5191,44
2022-02-06,El Dorado,017,186661,25900,25165,3070,28235,185
2022-02-06,Fresno,019,978130,220964,214726,21684,236410,2489
2022-02-06,Glenn,021,27897,4826,4738,1520,6258,39
2022-02-06,Humboldt,023,135768,15908,15658,2630,18288,128
2022-02-06,Imperial,025,180216,53584,52396,10530,62926,853
2022-02-06,Inyo,027,18085,3991,3970,437,4407,51
2022-02-06,Kern,029,883053,185932,181188,44312,225500,1996
2022-02-06,Kings,031,150075,49291,47669,3427,51096,401
2022-02-06,Lake,033,64148,9916,9468,804,10272,125
2022-02-06,Lassen,035,31185,8492,8326,853,9179,55
2022-02-06,Los Angeles,037,10098052,2641122,2602620,120095,2722715,29180
2022-02-06,Madera,039,155013,35745,34901,5556,40457,330
2022-02-06,Marin,041,260295,31995,31488,2099,33587,255
2022-02-06,Mariposa,043,17540,2276,2244,165,2409,6
2022-02-06,Mendocino,045,87422,12447,12169,2638,14807,107
2022-02-06,Merced,047,269075,60058,59112,7701,66813,748
2022-02-06,Modoc,049,8938,694,675,231,906,6
2022-02-06,Mono,051,14174,2931,2901,116,3017,5
2022-02-06,Monterey,053,433212,75631,67912,12355,80267,670
2022-02-06,Napa,055,140530,24391,23230,888,24118,120
2022-02-06,Nevada,057,99092,15393,15192,1119,16311,113
2022-02-06,Orange,059,3164182,533358,527906,39918,567824,6171
2022-02-06,Placer,061,380077,60795,59507,7085,66592,544
2022-02-06,Plumas,063,18699,2805,2559,301,2860,13
2022-02-06,Riverside,065,2383286,577807,568276,27064,595340,5865
2022-02-06,Sacramento,067,1510023,267590,261353,25150,286503,2631
2022-02-06,San Benito,069,59416,12429,12186,491,12677,90
2022-02-06,San Bernardino,071,2135413,552441,541103,24071,565174,6334
2022-02-06,San Diego,073,3302833,727324,709938,49336,759274,4786
2022-02-06,San Francisco,075,870044,118322,113115,7993,121108,728
2022-02-06,San Joaquin,077,732212,160953,158510,8898,167408,1997
2022-02-06,San Luis Obispo,079,281455,50013,48843,3479,52322,405
2022-02-06,San Mateo,081,765935,116056,105556,6572,112128,587
2022-02-06,Santa Barbara,083,443738,82547,81118,4605,85723,623
2022-02-06,Santa Clara,085,1922200,297400,291732,11626,303358,2075
2022-02-06,Santa Cruz,087,273765,44101,42952,2029,44981,239
2022-02-06,Shasta,089,179085,29233,28762,5816,34578,468
2022-02-06,Sierra,091,2930,270,265,39,304,0
2022-02-06,Siskiyou,093,43540,4231,4118,2563,6681,68
2022-02-06,Solano,095,438530,77882,73475,5267,78742,419
2022-02-06,Sonoma,097,501317,79883,77887,2329,80216,431
2022-02-06,Stanislaus,099,539301,113606,112521,16180,128701,1406
2022-02-06,Sutter,101,95872,19870,19523,1874,21397,203
2022-02-06,Tehama,103,63373,11588,11366,2546,13912,146
2022-02-06,Trinity,105,12862,1126,1102,273,1375,20
2022-02-06,Tulare,107,460477,101550,98260,26814,125074,1262
2022-02-06,Tuolumne,109,53932,12098,11507,503,12010,92
2022-02-06,Ventura,111,848112,168396,166235,9032,175267,1323
2022-02-06,Yolo,113,214977,35005,33784,2973,36757,281
2022-02-06,Yuba,115,75493,15199,14917,1090,16007,104
2022-02-05,Alameda,001,1643700,244154,235698,13055,248753,1638
2022-02-05,Alpine,003,1148,120,124,1,125,0
2022-02-05,Amador,005,37829,8108,7855,579,8434,71
2022-02-05,Butte,007,227075,31563,30733,6275,37008,355
2022-02-05,Calaveras,009,45235,6976,6789,318,7107,99
2022-02-05,Colusa,011,21464,3336,3234,1042,4276,21
2022-02-05,Contra Costa,013,1133247,180822,175871,12240,188111,1115
2022-02-05,Del Norte,015,27424,5165,4978,151,5129,44
2022-02-05,El Dorado,017,186661,25871,24813,3068,27881,185
2022-02-05,Fresno,019,978130,220618,213539,21668,235207,2477
2022-02-05,Glenn,021,27897,4823,4691,1513,6204,39
2022-02-05,Humboldt,023,135768,15861,15514,2626,18140,127
2022-02-05,Imperial,025,180216,53523,52153,10517,62670,853
2022-02-05,Inyo,027,18085,3988,3948,437,4385,51
2022-02-05,Kern,029,883053,185723,180296,44206,224502,1987
2022-02-05,Kings,031,150075,49207,47538,3420,50958,402
2022-02-05,Lake,033,64148,9898,9289,797,10086,124
2022-02-05,Lassen,035,31185,8482,8288,851,9139,55
2022-02-05,Los Angeles,037,10098052,2638954,2572702,119970,2692672,28947
2022-02-05,Madera,039,155013,35691,34471,5541,40012,329
2022-02-05,Marin,041,260295,31948,31299,2095,33394,255
2022-02-05,Mariposa,043,17540,2275,2222,164,2386,6
2022-02-05,Mendocino,045,87422,12419,12066,2636,14702,107
2022-02-05,Merced,047,269075,59965,58908,7693,66601,744
2022-02-05,Modoc,049,8938,693,664,231,895,6
2022-02-05,Mono,051,14174,2930,2904,116,3020,5
2022-02-05,Monterey,053,433212,75516,67342,12314,79656,666
2022-02-05,Napa,055,140530,24336,22973,887,23860,118
2022-02-05,Nevada,057,99092,15372,15002,1114,16116,113
2022-02-05,Orange,059,3164182,532917,527516,39827,567343,6134
2022-02-05,Placer,061,380077,60669,59043,7071,66114,533
2022-02-05,Plumas,063,18699,2804,2550,300,2850,13
2022-02-05,Riverside,065,2383286,577206,563991,26993,590984,5827
2022-02-05,Sacramento,067,1510023,267202,259437,25114,284551,2610
2022-02-05,San Benito,069,59416,12384,12142,491,12633,90
2022-02-05,San Bernardino,071,2135413,551939,539312,24049,563361,6322
2022-02-05,San Diego,073,3302833,726456,703957,49268,753225,4735
2022-02-05,San Francisco,075,870044,118112,112481,7964,120445,720
2022-02-05,San Joaquin,077,732212,160769,157420,8893,166313,1989
2022-02-05,San Luis Obispo,079,281455,49976,48361,3477,51838,404
2022-02-05,San Mateo,081,765935,115869,104810,6564,111374,587
2022-02-05,Santa Barbara,083,443738,82385,80478,4593,85071,617
2022-02-05,Santa Clara,085,1922200,296736,289262,11610,300872,2067
2022-02-05,Santa Cruz,087,273765,44028,42553,2026,44579,239
2022-02-05,Shasta,089,179085,29191,28604,5806,34410,466
2022-02-05,Sierra,091,2930,270,262,39,301,0
2022-02-05,Siskiyou,093,43540,4224,4106,2550,6656,67
2022-02-05,Solano,095,438530,77807,73112,5259,78371,415
2022-02-05,Sonoma,097,501317,79717,77213,2326,79539,431
2022-02-05,Stanislaus,099,539301,113404,111783,16159,127942,1406
2022-02-05,Sutter,101,95872,19841,19406,1868,21274,203
2022-02-05,Tehama,103,63373,11569,11259,2539,13798,146
2022-02-05,Trinity,105,12862,1124,1085,273,1358,20
2022-02-05,Tulare,107,460477,101387,97414,26730,124144,1254
2022-02-05,Tuolumne,109,53932,12073,11409,500,11909,91
2022-02-05,Ventura,111,848112,168171,165532,9016,174548,1308
2022-02-05,Yolo,113,214977,34923,33614,2960,36574,281
2022-02-05,Yuba,115,75493,15169,14801,1082,15883,105
2022-02-04,Alameda,001,1643700,243670,235698,13045,248743,1638
2022-02-04,Alpine,003,1148,120,124,1,125,0
2022-02-04,Amador,005,37829,8092,7855,575,8430,71
2022-02-04,Butte,007,227075,31503,30733,6265,36998,355
2022-02-04,Calaveras,009,45235,6966,6789,316,7105,99
2022-02-04,Colusa,011,21464,3331,3234,1040,4274,21
2022-02-04,Contra Costa,013,1133247,180494,175871,12211,188082,1115
2022-02-04,Del Norte,015,27424,5144,4978,151,5129,44
2022-02-04,El Dorado,017,186661,25836,24813,3063,27876,185
2022-02-04,Fresno,019,978130,220133,213539,21641,235180,2477
2022-02-04,Glenn,021,27897,4814,4691,1510,6201,39
2022-02-04,Humboldt,023,135768,15836,15514,2623,18137,127
2022-02-04,Imperial,025,180216,53451,52153,10499,62652,853
2022-02-04,Inyo,027,18085,3985,3948,436,4384,51
2022-02-04,Kern,029,883053,185498,180296,44078,224374,1987
2022-02-04,Kings,031,150075,49127,47538,3413,50951,402
2022-02-04,Lake,033,64148,9876,9289,794,10083,124
2022-02-04,Lassen,035,31185,8459,8288,851,9139,55
2022-02-04,Los Angeles,037,10098052,2636321,2572702,119844,2692546,28947
2022-02-04,Madera,039,155013,35605,34471,5533,40004,329
2022-02-04,Marin,041,260295,31883,31299,2086,33385,255
2022-02-04,Mariposa,043,17540,2273,2222,162,2384,6
2022-02-04,Mendocino,045,87422,12388,12066,2634,14700,107
2022-02-04,Merced,047,269075,59886,58908,7683,66591,744
2022-02-04,Modoc,049,8938,693,664,231,895,6
2022-02-04,Mono,051,14174,2928,2904,116,3020,5
2022-02-04,Monterey,053,433212,75325,67342,12275,79617,666
2022-02-04,Napa,055,140530,24289,22973,883,23856,118
2022-02-04,Nevada,057,99092,15338,15002,1110,16112,113
2022-02-04,Orange,059,3164182,532368,527516,39769,567285,6134
2022-02-04,Placer,061,380077,60566,59043,7060,66103,533
2022-02-04,Plumas,063,18699,2798,2550,299,2849,13
2022-02-04,Riverside,065,2383286,576502,563991,26980,590971,5827
2022-02-04,Sacramento,067,1510023,266731,259437,25091,284528,2610
2022-02-04,San Benito,069,59416,12365,12142,489,12631,90
2022-02-04,San Bernardino,071,2135413,551367,539312,24031,563343,6322
2022-02-04,San Diego,073,3302833,725319,703957,49197,753154,4735
2022-02-04,San Francisco,075,870044,117869,112481,7939,120420,720
2022-02-04,San Joaquin,077,732212,160540,157420,8884,166304,1989
2022-02-04,San Luis Obispo,079,281455,49915,48361,3470,51831,404
2022-02-04,San Mateo,081,765935,115641,104810,6549,111359,587
2022-02-04,Santa Barbara,083,443738,82234,80478,4592,85070,617
2022-02-04,Santa Clara,085,1922200,296062,289262,11589,300851,2067
2022-02-04,Santa Cruz,087,273765,43821,42553,2022,44575,239
2022-02-04,Shasta,089,179085,29142,28604,5795,34399,466
2022-02-04,Sierra,091,2930,270,262,39,301,0
2022-02-04,Siskiyou,093,43540,4216,4106,2543,6649,67
2022-02-04,Solano,095,438530,77614,73112,5223,78335,415
2022-02-04,Sonoma,097,501317,79563,77213,2249,79462,431
2022-02-04,Stanislaus,099,539301,113221,111783,16132,127915,1406
2022-02-04,Sutter,101,95872,19817,19406,1861,21267,203
2022-02-04,Tehama,103,63373,11555,11259,2538,13797,146
2022-02-04,Trinity,105,12862,1123,1085,272,1357,20
2022-02-04,Tulare,107,460477,101211,97414,26648,124062,1254
2022-02-04,Tuolumne,109,53932,12060,11409,499,11908,91
2022-02-04,Ventura,111,848112,167902,165532,9008,174540,1308
2022-02-04,Yolo,113,214977,34832,33614,2954,36568,281
2022-02-04,Yuba,115,75493,15151,14801,1082,15883,105
2022-02-03,Alameda,001,1643700,242901,235698,12983,248681,1638
2022-02-03,Alpine,003,1148,120,124,1,125,0
2022-02-03,Amador,005,37829,8072,7855,570,8425,71
2022-02-03,Butte,007,227075,31394,30733,6237,36970,355
2022-02-03,Calaveras,009,45235,6935,6789,312,7101,99
2022-02-03,Colusa,011,21464,3318,3234,1038,4272,21
2022-02-03,Contra Costa,013,1133247,179888,175871,12110,187981,1115
2022-02-03,Del Norte,015,27424,5103,4978,148,5126,44
2022-02-03,El Dorado,017,186661,25763,24813,3057,27870,185
2022-02-03,Fresno,019,978130,219187,213539,21475,235014,2477
2022-02-03,Glenn,021,27897,4796,4691,1492,6183,39
2022-02-03,Humboldt,023,135768,15759,15514,2587,18101,127
2022-02-03,Imperial,025,180216,53312,52153,10449,62602,853
2022-02-03,Inyo,027,18085,3982,3948,432,4380,51
2022-02-03,Kern,029,883053,185036,180296,43862,224158,1987
2022-02-03,Kings,031,150075,48966,47538,3405,50943,402
2022-02-03,Lake,033,64148,9823,9289,788,10077,124
2022-02-03,Lassen,035,31185,8432,8288,850,9138,55
2022-02-03,Los Angeles,037,10098052,2630892,2572702,119576,2692278,28947
2022-02-03,Madera,039,155013,35465,34471,5488,39959,329
2022-02-03,Marin,041,260295,31787,31299,2081,33380,255
2022-02-03,Mariposa,043,17540,2261,2222,159,2381,6
2022-02-03,Mendocino,045,87422,12344,12066,2610,14676,107
2022-02-03,Merced,047,269075,59736,58908,7587,66495,744
2022-02-03,Modoc,049,8938,690,664,231,895,6
2022-02-03,Mono,051,14174,2923,2904,115,3019,5
2022-02-03,Monterey,053,433212,75038,67342,12076,79418,666
2022-02-03,Napa,055,140530,24156,22973,883,23856,118
2022-02-03,Nevada,057,99092,15297,15002,1099,16101,113
2022-02-03,Orange,059,3164182,531443,527516,39676,567192,6134
2022-02-03,Placer,061,380077,60365,59043,7037,66080,533
2022-02-03,Plumas,063,18699,2784,2550,296,2846,13
2022-02-03,Riverside,065,2383286,575297,563991,26909,590900,5827
2022-02-03,Sacramento,067,1510023,265821,259437,24899,284336,2610
2022-02-03,San Benito,069,59416,12338,12142,486,12628,90
2022-02-03,San Bernardino,071,2135413,550357,539312,23993,563305,6322
2022-02-03,San Diego,073,3302833,723305,703957,49033,752990,4735
2022-02-03,San Francisco,075,870044,117535,112481,7908,120389,720
2022-02-03,San Joaquin,077,732212,160056,157420,8855,166275,1989
2022-02-03,San Luis Obispo,079,281455,49716,48361,3453,51814,404
2022-02-03,San Mateo,081,765935,115290,104810,6515,111325,587
2022-02-03,Santa Barbara,083,443738,81873,80478,4563,85041,617
2022-02-03,Santa Clara,085,1922200,294876,289262,11480,300742,2067
2022-02-03,Santa Cruz,087,273765,43482,42553,2015,44568,239
2022-02-03,Shasta,089,179085,29035,28604,5766,34370,466
2022-02-03,Sierra,091,2930,270,262,39,301,0
2022-02-03,Siskiyou,093,43540,4201,4106,2526,6632,67
2022-02-03,Solano,095,438530,77282,73112,5205,78317,415
2022-02-03,Sonoma,097,501317,79265,77213,2242,79455,431
2022-02-03,Stanislaus,099,539301,112848,111783,16049,127832,1406
2022-02-03,Sutter,101,95872,19765,19406,1842,21248,203
2022-02-03,Tehama,103,63373,11524,11259,2529,13788,146
2022-02-03,Trinity,105,12862,1121,1085,271,1356,20
2022-02-03,Tulare,107,460477,100821,97414,26499,123913,1254
2022-02-03,Tuolumne,109,53932,12019,11409,488,11897,91
2022-02-03,Ventura,111,848112,167515,165532,8998,174530,1308
2022-02-03,Yolo,113,214977,34724,33614,2940,36554,281
2022-02-03,Yuba,115,75493,15100,14801,1066,15867,105
2022-02-02,Alameda,001,1643700,241960,234300,12880,247180,1632
2022-02-02,Alpine,003,1148,120,123,1,124,0
2022-02-02,Amador,005,37829,8042,7781,560,8341,71
2022-02-02,Butte,007,227075,31285,30550,6206,36756,355
2022-02-02,Calaveras,009,45235,6906,6753,308,7061,99
2022-02-02,Colusa,011,21464,3303,3211,1037,4248,21
2022-02-02,Contra Costa,013,1133247,179286,174876,12012,186888,1113
2022-02-02,Del Norte,015,27424,5063,4924,143,5067,44
2022-02-02,El Dorado,017,186661,25695,24690,3038,27728,185
2022-02-02,Fresno,019,978130,218161,211976,21354,233330,2463
2022-02-02,Glenn,021,27897,4772,4667,1482,6149,39
2022-02-02,Humboldt,023,135768,15698,15392,2548,17940,127
2022-02-02,Imperial,025,180216,53120,51875,10310,62185,853
2022-02-02,Inyo,027,18085,3976,3944,431,4375,51
2022-02-02,Kern,029,883053,184439,179386,43642,223028,1974
2022-02-02,Kings,031,150075,48778,47061,3379,50440,401
2022-02-02,Lake,033,64148,9764,9235,781,10016,120
2022-02-02,Lassen,035,31185,8415,8258,841,9099,55
2022-02-02,Los Angeles,037,10098052,2624681,2561902,119188,2681090,28850
2022-02-02,Madera,039,155013,35292,34265,5414,39679,329
2022-02-02,Marin,041,260295,31689,31149,2071,33220,255
2022-02-02,Mariposa,043,17540,2250,2215,155,2370,6
2022-02-02,Mendocino,045,87422,12291,11996,2571,14567,105
2022-02-02,Merced,047,269075,59562,58532,7501,66033,744
2022-02-02,Modoc,049,8938,684,662,231,893,6
2022-02-02,Mono,051,14174,2912,2887,115,3002,5
2022-02-02,Monterey,053,433212,74645,66852,11887,78739,666
2022-02-02,Napa,055,140530,24035,22859,869,23728,117
2022-02-02,Nevada,057,99092,15240,14895,1075,15970,112
2022-02-02,Orange,059,3164182,530386,524418,39583,564001,6127
2022-02-02,Placer,061,380077,60170,58654,7006,65660,533
2022-02-02,Plumas,063,18699,2768,2540,292,2832,12
2022-02-02,Riverside,065,2383286,574008,561220,26860,588080,5827
2022-02-02,Sacramento,067,1510023,264872,258078,24688,282766,2602
2022-02-02,San Benito,069,59416,12299,12058,482,12540,90
2022-02-02,San Bernardino,071,2135413,549370,537485,23931,561416,6317
2022-02-02,San Diego,073,3302833,721066,703957,48857,752814,4735
2022-02-02,San Francisco,075,870044,117164,112008,7892,119900,714
2022-02-02,San Joaquin,077,732212,159467,156537,8831,165368,1986
2022-02-02,San Luis Obispo,079,281455,49517,48119,3440,51559,403
2022-02-02,San Mateo,081,765935,114921,104201,6446,110647,587
2022-02-02,Santa Barbara,083,443738,81528,79979,4532,84511,612
2022-02-02,Santa Clara,085,1922200,293717,287443,11364,298807,2051
2022-02-02,Santa Cruz,087,273765,43202,42127,2005,44132,239
2022-02-02,Shasta,089,179085,28935,28429,5721,34150,465
2022-02-02,Sierra,091,2930,270,262,39,301,0
2022-02-02,Siskiyou,093,43540,4191,4078,2499,6577,67
2022-02-02,Solano,095,438530,76928,72711,5182,77893,414
2022-02-02,Sonoma,097,501317,78950,76681,2230,78911,431
2022-02-02,Stanislaus,099,539301,112449,111167,15916,127083,1403
2022-02-02,Sutter,101,95872,19700,19290,1812,21102,203
2022-02-02,Tehama,103,63373,11469,11193,2510,13703,146
2022-02-02,Trinity,105,12862,1118,1074,269,1343,20
2022-02-02,Tulare,107,460477,100439,96820,26334,123154,1249
2022-02-02,Tuolumne,109,53932,11943,11342,485,11827,91
2022-02-02,Ventura,111,848112,167117,164905,8979,173884,1292
2022-02-02,Yolo,113,214977,34604,33332,2918,36250,281
2022-02-02,Yuba,115,75493,15035,14720,1058,15778,104
2022-02-01,Alameda,001,1643700,240886,233782,12774,246556,1620
2022-02-01,Alpine,003,1148,120,123,1,124,0
2022-02-01,Amador,005,37829,7995,7783,554,8337,73
2022-02-01,Butte,007,227075,31146,30496,6167,36663,355
2022-02-01,Calaveras,009,45235,6869,6749,304,7053,98
2022-02-01,Colusa,011,21464,3284,3202,1014,4216,21
2022-02-01,Contra Costa,013,1133247,178549,174379,11870,186249,1115
2022-02-01,Del Norte,015,27424,5016,4907,140,5047,44
2022-02-01,El Dorado,017,186661,25636,24664,3020,27684,184
2022-02-01,Fresno,019,978130,216991,211352,21206,232558,2464
2022-02-01,Glenn,021,27897,4758,4649,1472,6121,39
2022-02-01,Humboldt,023,135768,15617,15354,2518,17872,127
2022-02-01,Imperial,025,180216,52909,51675,10239,61914,846
2022-02-01,Inyo,027,18085,3966,3928,428,4356,51
2022-02-01,Kern,029,883053,183801,178987,43395,222382,1967
2022-02-01,Kings,031,150075,48519,46959,3355,50314,400
2022-02-01,Lake,033,64148,9707,9211,774,9985,119
2022-02-01,Lassen,035,31185,8396,8231,836,9067,55
2022-02-01,Los Angeles,037,10098052,2617513,2548794,118809,2667603,28752
2022-02-01,Madera,039,155013,35067,34124,5332,39456,329
2022-02-01,Marin,041,260295,31567,31099,2055,33154,255
2022-02-01,Mariposa,043,17540,2243,2210,154,2364,6
2022-02-01,Mendocino,045,87422,12229,11978,2534,14512,105
2022-02-01,Merced,047,269075,59377,58362,7376,65738,743
2022-02-01,Modoc,049,8938,677,664,231,895,6
2022-02-01,Mono,051,14174,2906,2888,115,3003,5
2022-02-01,Monterey,053,433212,74224,66553,11687,78240,665
2022-02-01,Napa,055,140530,23938,22795,852,23647,116
2022-02-01,Nevada,057,99092,15177,14863,1062,15925,112
2022-02-01,Orange,059,3164182,529236,523741,39439,563180,6108
2022-02-01,Placer,061,380077,59924,58486,6966,65452,532
2022-02-01,Plumas,063,18699,2753,2526,289,2815,12
2022-02-01,Riverside,065,2383286,572628,560010,26811,586821,5825
2022-02-01,Sacramento,067,1510023,263876,257504,24407,281911,2593
2022-02-01,San Benito,069,59416,12233,12053,479,12532,90
2022-02-01,San Bernardino,071,2135413,548154,536591,23868,560459,6311
2022-02-01,San Diego,073,3302833,718544,701009,48640,749649,4710
2022-02-01,San Francisco,075,870044,116698,111606,7873,119479,713
2022-02-01,San Joaquin,077,732212,158934,156300,8808,165108,1987
2022-02-01,San Luis Obispo,079,281455,49286,47842,3378,51220,403
2022-02-01,San Mateo,081,765935,114450,103868,6404,110272,589
2022-02-01,Santa Barbara,083,443738,81082,79659,4496,84155,608
2022-02-01,Santa Clara,085,1922200,292162,286109,11257,297366,2070
2022-02-01,Santa Cruz,087,273765,42908,41782,1988,43770,239
2022-02-01,Shasta,089,179085,28810,28382,5667,34049,465
2022-02-01,Sierra,091,2930,268,262,39,301,0
2022-02-01,Siskiyou,093,43540,4177,4072,2472,6544,66
2022-02-01,Solano,095,438530,76654,72494,5166,77660,415
2022-02-01,Sonoma,097,501317,78589,76379,2207,78586,431
2022-02-01,Stanislaus,099,539301,112029,110925,15814,126739,1403
2022-02-01,Sutter,101,95872,19632,19256,1778,21034,202
2022-02-01,Tehama,103,63373,11412,11165,2496,13661,146
2022-02-01,Trinity,105,12862,1114,1073,269,1342,19
2022-02-01,Tulare,107,460477,99973,96467,26126,122593,1247
2022-02-01,Tuolumne,109,53932,11894,11318,476,11794,91
2022-02-01,Ventura,111,848112,166615,164721,8956,173677,1293
2022-02-01,Yolo,113,214977,34467,33257,2887,36144,275
2022-02-01,Yuba,115,75493,14975,14693,1051,15744,103
2022-01-31,Alameda,001,1643700,239544,232743,12656,245399,1607
2022-01-31,Alpine,003,1148,119,123,1,124,0
2022-01-31,Amador,005,37829,7942,7682,539,8221,73
2022-01-31,Butte,007,227075,30981,30371,6127,36498,354
2022-01-31,Calaveras,009,45235,6837,6700,293,6993,96
2022-01-31,Colusa,011,21464,3273,3187,1005,4192,21
2022-01-31,Contra Costa,013,1133247,177738,173466,11742,185208,1115
2022-01-31,Del Norte,015,27424,4983,4879,136,5015,43
2022-01-31,El Dorado,017,186661,25534,24545,2990,27535,184
2022-01-31,Fresno,019,978130,215501,210589,21011,231600,2464
2022-01-31,Glenn,021,27897,4722,4641,1460,6101,39
2022-01-31,Humboldt,023,135768,15527,15308,2484,17792,126
2022-01-31,Imperial,025,180216,52694,51472,10116,61588,846
2022-01-31,Inyo,027,18085,3955,3922,422,4344,50
2022-01-31,Kern,029,883053,183019,178375,43067,221442,1967
2022-01-31,Kings,031,150075,48160,46845,3321,50166,398
2022-01-31,Lake,033,64148,9634,9141,762,9903,119
2022-01-31,Lassen,035,31185,8367,8162,830,8992,55
2022-01-31,Los Angeles,037,10098052,2609268,2541189,118399,2659588,28718
2022-01-31,Madera,039,155013,34853,33886,5238,39124,329
2022-01-31,Marin,041,260295,31442,31023,2038,33061,253
2022-01-31,Mariposa,043,17540,2233,2203,145,2348,6
2022-01-31,Mendocino,045,87422,12163,11896,2491,14387,104
2022-01-31,Merced,047,269075,59094,58198,7181,65379,740
2022-01-31,Modoc,049,8938,674,661,231,892,6
2022-01-31,Mono,051,14174,2892,2889,115,3004,5
2022-01-31,Monterey,053,433212,73777,66117,11465,77582,661
2022-01-31,Napa,055,140530,23772,22707,836,23543,113
2022-01-31,Nevada,057,99092,15100,14813,1049,15862,112
2022-01-31,Orange,059,3164182,527912,522358,39301,561659,6098
2022-01-31,Placer,061,380077,59677,58252,6934,65186,523
2022-01-31,Plumas,063,18699,2740,2513,287,2800,12
2022-01-31,Riverside,065,2383286,570810,558166,26744,584910,5785
2022-01-31,Sacramento,067,1510023,262634,256594,24137,280731,2571
2022-01-31,San Benito,069,59416,12173,11976,478,12454,90
2022-01-31,San Bernardino,071,2135413,546540,535276,23785,559061,6302
2022-01-31,San Diego,073,3302833,715617,698571,48381,746952,4686
2022-01-31,San Francisco,075,870044,116288,111119,7840,118959,712
2022-01-31,San Joaquin,077,732212,158177,155736,8774,164510,1985
2022-01-31,San Luis Obispo,079,281455,49032,47656,3319,50975,395
2022-01-31,San Mateo,081,765935,113937,103313,6345,109658,589
2022-01-31,Santa Barbara,083,443738,80577,79267,4454,83721,606
2022-01-31,Santa Clara,085,1922200,290470,284562,11150,295712,2041
2022-01-31,Santa Cruz,087,273765,42538,41630,1981,43611,239
2022-01-31,Shasta,089,179085,28681,28190,5626,33816,462
2022-01-31,Sierra,091,2930,267,261,39,300,0
2022-01-31,Siskiyou,093,43540,4161,4054,2456,6510,66
2022-01-31,Solano,095,438530,75937,72258,5119,77377,414
2022-01-31,Sonoma,097,501317,78132,76199,2179,78378,431
2022-01-31,Stanislaus,099,539301,111493,110493,15648,126141,1403
2022-01-31,Sutter,101,95872,19552,19189,1725,20914,202
2022-01-31,Tehama,103,63373,11350,11112,2466,13578,145
2022-01-31,Trinity,105,12862,1109,1071,266,1337,19
2022-01-31,Tulare,107,460477,99378,96053,25874,121927,1245
2022-01-31,Tuolumne,109,53932,11802,11278,469,11747,91
2022-01-31,Ventura,111,848112,166079,164060,8932,172992,1286
2022-01-31,Yolo,113,214977,34313,33175,2861,36036,274
2022-01-31,Yuba,115,75493,14912,14652,1031,15683,103
2022-01-30,Alameda,001,1643700,238012,231838,12504,244342,1607
2022-01-30,Alpine,003,1148,119,123,1,124,0
2022-01-30,Amador,005,37829,7891,7644,516,8160,73
2022-01-30,Butte,007,227075,30782,30255,6065,36320,354
2022-01-30,Calaveras,009,45235,6783,6676,279,6955,96
2022-01-30,Colusa,011,21464,3251,3168,993,4161,21
2022-01-30,Contra Costa,013,1133247,176765,172902,11536,184438,1102
2022-01-30,Del Norte,015,27424,4942,4833,133,4966,43
2022-01-30,El Dorado,017,186661,25413,24491,2963,27454,184
2022-01-30,Fresno,019,978130,213930,209645,20754,230399,2463
2022-01-30,Glenn,021,27897,4691,4619,1450,6069,39
2022-01-30,Humboldt,023,135768,15414,15247,2427,17674,126
2022-01-30,Imperial,025,180216,52387,51415,9926,61341,846
2022-01-30,Inyo,027,18085,3938,3921,419,4340,50
2022-01-30,Kern,029,883053,182162,177924,42743,220667,1967
2022-01-30,Kings,031,150075,47812,46654,3261,49915,398
2022-01-30,Lake,033,64148,9547,9080,741,9821,119
2022-01-30,Lassen,035,31185,8344,8158,821,8979,55
2022-01-30,Los Angeles,037,10098052,2599132,2530739,117921,2648660,28678
2022-01-30,Madera,039,155013,34556,33752,5045,38797,329
2022-01-30,Marin,041,260295,31295,30875,2024,32899,253
2022-01-30,Mariposa,043,17540,2221,2177,139,2316,6
2022-01-30,Mendocino,045,87422,12090,11860,2385,14245,104
2022-01-30,Merced,047,269075,58732,58006,6887,64893,740
2022-01-30,Modoc,049,8938,671,661,231,892,6
2022-01-30,Mono,051,14174,2886,2888,115,3003,5
2022-01-30,Monterey,053,433212,73190,65996,11176,77172,661
2022-01-30,Napa,055,140530,23604,22588,819,23407,114
2022-01-30,Nevada,057,99092,15012,14741,1032,15773,112
2022-01-30,Orange,059,3164182,526281,521334,39154,560488,6098
2022-01-30,Placer,061,380077,59343,58030,6897,64927,523
2022-01-30,Plumas,063,18699,2718,2510,273,2783,12
2022-01-30,Riverside,065,2383286,568760,557088,26642,583730,5767
2022-01-30,Sacramento,067,1510023,261249,255715,23643,279358,2572
2022-01-30,San Benito,069,59416,12105,11945,473,12418,90
2022-01-30,San Bernardino,071,2135413,544846,534050,23678,557728,6302
2022-01-30,San Diego,073,3302833,712019,687145,47958,735103,4665
2022-01-30,San Francisco,075,870044,115741,110772,7805,118577,712
2022-01-30,San Joaquin,077,732212,157186,155165,8738,163903,1985
2022-01-30,San Luis Obispo,079,281455,48633,47599,3282,50881,394
2022-01-30,San Mateo,081,765935,113366,102979,6296,109275,589
2022-01-30,Santa Barbara,083,443738,79899,79072,4392,83464,606
2022-01-30,Santa Clara,085,1922200,288468,282846,11018,293864,2035
2022-01-30,Santa Cruz,087,273765,42097,41330,1971,43301,239
2022-01-30,Shasta,089,179085,28518,28105,5539,33644,462
2022-01-30,Sierra,091,2930,267,261,39,300,0
2022-01-30,Siskiyou,093,43540,4131,4039,2409,6448,66
2022-01-30,Solano,095,438530,75412,71857,5072,76929,414
2022-01-30,Sonoma,097,501317,77614,75890,2157,78047,431
2022-01-30,Stanislaus,099,539301,110834,110111,15448,125559,1403
2022-01-30,Sutter,101,95872,19459,19108,1625,20733,202
2022-01-30,Tehama,103,63373,11276,11071,2435,13506,145
2022-01-30,Trinity,105,12862,1103,1068,266,1334,19
2022-01-30,Tulare,107,460477,98682,95676,25598,121274,1245
2022-01-30,Tuolumne,109,53932,11694,11242,432,11674,91
2022-01-30,Ventura,111,848112,165497,163521,8902,172423,1286
2022-01-30,Yolo,113,214977,34112,33043,2827,35870,274
2022-01-30,Yuba,115,75493,14822,14584,1011,15595,103
2022-01-29,Alameda,001,1643700,237337,225602,12487,238089,1605
2022-01-29,Alpine,003,1148,119,123,1,124,0
2022-01-29,Amador,005,37829,7869,7505,513,8018,73
2022-01-29,Butte,007,227075,30697,29557,6041,35598,353
2022-01-29,Calaveras,009,45235,6764,6484,279,6763,96
2022-01-29,Colusa,011,21464,3245,3107,989,4096,21
2022-01-29,Contra Costa,013,1133247,176237,168003,11507,179510,1101
2022-01-29,Del Norte,015,27424,4924,4589,130,4719,43
2022-01-29,El Dorado,017,186661,25369,24008,2956,26964,184
2022-01-29,Fresno,019,978130,213470,202691,20720,223411,2457
2022-01-29,Glenn,021,27897,4684,4516,1443,5959,39
2022-01-29,Humboldt,023,135768,15368,14812,2420,17232,126
2022-01-29,Imperial,025,180216,52274,50153,9868,60021,845
2022-01-29,Inyo,027,18085,3936,3895,411,4306,50
2022-01-29,Kern,029,883053,181820,174456,42576,217032,1962
2022-01-29,Kings,031,150075,47697,45047,3254,48301,397
2022-01-29,Lake,033,64148,9514,8747,737,9484,119
2022-01-29,Lassen,035,31185,8326,7961,818,8779,55
2022-01-29,Los Angeles,037,10098052,2595226,2473332,117654,2590986,28467
2022-01-29,Madera,039,155013,34446,32753,5020,37773,329
2022-01-29,Marin,041,260295,31229,30137,2022,32159,253
2022-01-29,Mariposa,043,17540,2219,2117,137,2254,6
2022-01-29,Mendocino,045,87422,12066,11591,2369,13960,104
2022-01-29,Merced,047,269075,58625,56472,6882,63354,735
2022-01-29,Modoc,049,8938,671,654,231,885,6
2022-01-29,Mono,051,14174,2884,2860,115,2975,5
2022-01-29,Monterey,053,433212,73036,64090,11115,75205,658
2022-01-29,Napa,055,140530,23547,22121,817,22938,113
2022-01-29,Nevada,057,99092,14978,14337,1029,15366,112
2022-01-29,Orange,059,3164182,525578,511255,39046,550301,6038
2022-01-29,Placer,061,380077,59149,56562,6881,63443,523
2022-01-29,Plumas,063,18699,2708,2463,269,2732,12
2022-01-29,Riverside,065,2383286,567737,548121,26600,574721,5726
2022-01-29,Sacramento,067,1510023,260637,249130,23588,272718,2558
2022-01-29,San Benito,069,59416,12046,11670,472,12142,90
2022-01-29,San Bernardino,071,2135413,544109,525249,23634,548883,6297
2022-01-29,San Diego,073,3302833,710689,683027,47865,730892,4643
2022-01-29,San Francisco,075,870044,115466,108265,7757,116022,712
2022-01-29,San Joaquin,077,732212,156940,150849,8724,159573,1971
2022-01-29,San Luis Obispo,079,281455,48544,46374,3278,49652,391
2022-01-29,San Mateo,081,765935,113028,100306,6271,106577,586
2022-01-29,Santa Barbara,083,443738,79676,76546,4385,80931,604
2022-01-29,Santa Clara,085,1922200,287517,273879,10990,284869,2019
2022-01-29,Santa Cruz,087,273765,41970,39228,1969,41197,240
2022-01-29,Shasta,089,179085,28461,27504,5525,33029,452
2022-01-29,Sierra,091,2930,267,260,39,299,0
2022-01-29,Siskiyou,093,43540,4121,3987,2402,6389,66
2022-01-29,Solano,095,438530,75268,69862,5060,74922,407
2022-01-29,Sonoma,097,501317,77399,73439,2152,75591,427
2022-01-29,Stanislaus,099,539301,110584,107668,15401,123069,1403
2022-01-29,Sutter,101,95872,19410,18797,1608,20405,202
2022-01-29,Tehama,103,63373,11243,10880,2426,13306,145
2022-01-29,Trinity,105,12862,1100,1033,265,1298,19
2022-01-29,Tulare,107,460477,98433,93154,25523,118677,1237
2022-01-29,Tuolumne,109,53932,11669,10806,424,11230,91
2022-01-29,Ventura,111,848112,165167,160466,8885,169351,1271
2022-01-29,Yolo,113,214977,34002,32123,2811,34934,275
2022-01-29,Yuba,115,75493,14781,14295,1009,15304,103
2022-01-28,Alameda,001,1643700,236395,225602,12469,238071,1605
2022-01-28,Alpine,003,1148,119,123,1,124,0
2022-01-28,Amador,005,37829,7843,7505,512,8017,73
2022-01-28,Butte,007,227075,30619,29557,6022,35579,353
2022-01-28,Calaveras,009,45235,6747,6484,278,6762,96
2022-01-28,Colusa,011,21464,3240,3107,987,4094,21
2022-01-28,Contra Costa,013,1133247,175703,168003,11469,179472,1101
2022-01-28,Del Norte,015,27424,4900,4589,129,4718,43
2022-01-28,El Dorado,017,186661,25326,24008,2949,26957,184
2022-01-28,Fresno,019,978130,212607,202691,20667,223358,2457
2022-01-28,Glenn,021,27897,4671,4516,1441,5957,39
2022-01-28,Humboldt,023,135768,15331,14812,2410,17222,126
2022-01-28,Imperial,025,180216,52147,50153,9832,59985,845
2022-01-28,Inyo,027,18085,3932,3895,408,4303,50
2022-01-28,Kern,029,883053,181407,174456,42416,216872,1962
2022-01-28,Kings,031,150075,47566,45047,3244,48291,397
2022-01-28,Lake,033,64148,9482,8747,735,9482,119
2022-01-28,Lassen,035,31185,8259,7961,816,8777,55
2022-01-28,Los Angeles,037,10098052,2589477,2473332,117439,2590771,28467
2022-01-28,Madera,039,155013,34315,32753,5003,37756,329
2022-01-28,Marin,041,260295,31137,30137,2000,32137,253
2022-01-28,Mariposa,043,17540,2209,2117,135,2252,6
2022-01-28,Mendocino,045,87422,12022,11591,2367,13958,104
2022-01-28,Merced,047,269075,58527,56472,6867,63339,735
2022-01-28,Modoc,049,8938,670,654,231,885,6
2022-01-28,Mono,051,14174,2879,2860,114,2974,5
2022-01-28,Monterey,053,433212,72837,64090,11064,75154,658
2022-01-28,Napa,055,140530,23470,22121,815,22936,113
2022-01-28,Nevada,057,99092,14941,14337,1027,15364,112
2022-01-28,Orange,059,3164182,524503,511255,38956,550211,6038
2022-01-28,Placer,061,380077,58944,56562,6858,63420,523
2022-01-28,Plumas,063,18699,2700,2463,267,2730,12
2022-01-28,Riverside,065,2383286,566409,548121,26559,574680,5726
2022-01-28,Sacramento,067,1510023,259885,249130,23533,272663,2558
2022-01-28,San Benito,069,59416,12024,11670,467,12137,90
2022-01-28,San Bernardino,071,2135413,543075,525249,23598,548847,6297
2022-01-28,San Diego,073,3302833,708862,683027,47792,730819,4643
2022-01-28,San Francisco,075,870044,115104,108265,7708,115973,712
2022-01-28,San Joaquin,077,732212,156648,150849,8714,159563,1971
2022-01-28,San Luis Obispo,079,281455,48460,46374,3270,49644,391
2022-01-28,San Mateo,081,765935,112683,100306,6249,106555,586
2022-01-28,Santa Barbara,083,443738,79428,76546,4383,80929,604
2022-01-28,Santa Clara,085,1922200,286306,273879,10942,284821,2019
2022-01-28,Santa Cruz,087,273765,41789,39228,1956,41184,240
2022-01-28,Shasta,089,179085,28404,27504,5511,33015,452
2022-01-28,Sierra,091,2930,267,260,39,299,0
2022-01-28,Siskiyou,093,43540,4111,3987,2398,6385,66
2022-01-28,Solano,095,438530,74709,69862,4993,74855,407
2022-01-28,Sonoma,097,501317,77196,73439,2145,75584,427
2022-01-28,Stanislaus,099,539301,110309,107668,15358,123026,1403
2022-01-28,Sutter,101,95872,19366,18797,1606,20403,202
2022-01-28,Tehama,103,63373,11211,10880,2419,13299,145
2022-01-28,Trinity,105,12862,1091,1033,265,1298,19
2022-01-28,Tulare,107,460477,98177,93154,25414,118568,1237
2022-01-28,Tuolumne,109,53932,11636,10806,420,11226,91
2022-01-28,Ventura,111,848112,164714,160466,8866,169332,1271
2022-01-28,Yolo,113,214977,33898,32123,2804,34927,275
2022-01-28,Yuba,115,75493,14741,14295,1004,15299,103
2022-01-27,Alameda,001,1643700,234817,225602,12333,237935,1605
2022-01-27,Alpine,003,1148,119,123,1,124,0
2022-01-27,Amador,005,37829,7796,7505,500,8005,73
2022-01-27,Butte,007,227075,30467,29557,5970,35527,353
2022-01-27,Calaveras,009,45235,6722,6484,262,6746,96
2022-01-27,Colusa,011,21464,3226,3107,983,4090,21
2022-01-27,Contra Costa,013,1133247,174682,168003,11291,179294,1101
2022-01-27,Del Norte,015,27424,4856,4589,125,4714,43
2022-01-27,El Dorado,017,186661,25215,24008,2930,26938,184
2022-01-27,Fresno,019,978130,210987,202691,20468,223159,2457
2022-01-27,Glenn,021,27897,4640,4516,1433,5949,39
2022-01-27,Humboldt,023,135768,15241,14812,2373,17185,126
2022-01-27,Imperial,025,180216,51883,50153,9718,59871,845
2022-01-27,Inyo,027,18085,3925,3895,398,4293,50
2022-01-27,Kern,029,883053,180630,174456,42050,216506,1962
2022-01-27,Kings,031,150075,47220,45047,3205,48252,397
2022-01-27,Lake,033,64148,9429,8747,718,9465,119
2022-01-27,Lassen,035,31185,8216,7961,810,8771,55
2022-01-27,Los Angeles,037,10098052,2578315,2473332,116925,2590257,28467
2022-01-27,Madera,039,155013,34100,32753,4896,37649,329
2022-01-27,Marin,041,260295,30975,30137,1985,32122,253
2022-01-27,Mariposa,043,17540,2186,2117,132,2249,6
2022-01-27,Mendocino,045,87422,11971,11591,2318,13909,104
2022-01-27,Merced,047,269075,58266,56472,6702,63174,735
2022-01-27,Modoc,049,8938,668,654,230,884,6
2022-01-27,Mono,051,14174,2874,2860,114,2974,5
2022-01-27,Monterey,053,433212,72222,64090,10805,74895,658
2022-01-27,Napa,055,140530,23311,22121,787,22908,113
2022-01-27,Nevada,057,99092,14868,14337,999,15336,112
2022-01-27,Orange,059,3164182,522775,511255,38819,550074,6038
2022-01-27,Placer,061,380077,58627,56562,6806,63368,523
2022-01-27,Plumas,063,18699,2690,2463,254,2717,12
2022-01-27,Riverside,065,2383286,564242,548121,26488,574609,5726
2022-01-27,Sacramento,067,1510023,258653,249130,23200,272330,2558
2022-01-27,San Benito,069,59416,11966,11670,462,12132,90
2022-01-27,San Bernardino,071,2135413,541232,525249,23498,548747,6297
2022-01-27,San Diego,073,3302833,705488,683027,47443,730470,4643
2022-01-27,San Francisco,075,870044,114601,108265,7647,115912,712
2022-01-27,San Joaquin,077,732212,155782,150849,8665,159514,1971
2022-01-27,San Luis Obispo,079,281455,48186,46374,3232,49606,391
2022-01-27,San Mateo,081,765935,112110,100306,6179,106485,586
2022-01-27,Santa Barbara,083,443738,78949,76546,4327,80873,604
2022-01-27,Santa Clara,085,1922200,284211,273879,10794,284673,2019
2022-01-27,Santa Cruz,087,273765,41139,39228,1935,41163,240
2022-01-27,Shasta,089,179085,28270,27504,5460,32964,452
2022-01-27,Sierra,091,2930,266,260,38,298,0
2022-01-27,Siskiyou,093,43540,4090,3987,2361,6348,66
2022-01-27,Solano,095,438530,74061,69862,4944,74806,407
2022-01-27,Sonoma,097,501317,76731,73439,2134,75573,427
2022-01-27,Stanislaus,099,539301,109779,107668,15215,122883,1403
2022-01-27,Sutter,101,95872,19258,18797,1580,20377,202
2022-01-27,Tehama,103,63373,11159,10880,2403,13283,145
2022-01-27,Trinity,105,12862,1087,1033,264,1297,19
2022-01-27,Tulare,107,460477,97558,93154,25145,118299,1237
2022-01-27,Tuolumne,109,53932,11584,10806,411,11217,91
2022-01-27,Ventura,111,848112,164062,160466,8834,169300,1271
2022-01-27,Yolo,113,214977,33756,32123,2788,34911,275
2022-01-27,Yuba,115,75493,14662,14295,988,15283,103
2022-01-26,Alameda,001,1643700,232935,222680,12160,234840,1596
2022-01-26,Alpine,003,1148,119,123,1,124,0
2022-01-26,Amador,005,37829,7721,7427,486,7913,73
2022-01-26,Butte,007,227075,30269,29229,5915,35144,353
2022-01-26,Calaveras,009,45235,6684,6387,255,6642,96
2022-01-26,Colusa,011,21464,3210,3094,977,4071,21
2022-01-26,Contra Costa,013,1133247,173540,165972,11127,177099,1095
2022-01-26,Del Norte,015,27424,4799,4542,124,4666,43
2022-01-26,El Dorado,017,186661,25093,23819,2907,26726,181
2022-01-26,Fresno,019,978130,209136,199689,20261,219950,2452
2022-01-26,Glenn,021,27897,4607,4472,1428,5900,39
2022-01-26,Humboldt,023,135768,15141,14715,2328,17043,126
2022-01-26,Imperial,025,180216,51522,49477,9558,59035,839
2022-01-26,Inyo,027,18085,3922,3889,367,4256,50
2022-01-26,Kern,029,883053,179716,173052,41705,214757,1953
2022-01-26,Kings,031,150075,46816,44367,3175,47542,396
2022-01-26,Lake,033,64148,9347,8645,708,9353,119
2022-01-26,Lassen,035,31185,8180,7888,810,8698,55
2022-01-26,Los Angeles,037,10098052,2566090,2450620,116477,2567097,28382
2022-01-26,Madera,039,155013,33860,32323,4770,37093,329
2022-01-26,Marin,041,260295,30792,29813,1966,31779,253
2022-01-26,Mariposa,043,17540,2169,2108,125,2233,6
2022-01-26,Mendocino,045,87422,11924,11453,2267,13720,103
2022-01-26,Merced,047,269075,57899,56060,6525,62585,733
2022-01-26,Modoc,049,8938,667,652,229,881,6
2022-01-26,Mono,051,14174,2871,2852,114,2966,4
2022-01-26,Monterey,053,433212,71675,63264,10510,73774,659
2022-01-26,Napa,055,140530,23155,21864,776,22640,112
2022-01-26,Nevada,057,99092,14775,14128,988,15116,112
2022-01-26,Orange,059,3164182,520781,506419,38653,545072,6007
2022-01-26,Placer,061,380077,58293,55892,6742,62634,524
2022-01-26,Plumas,063,18699,2663,2425,252,2677,12
2022-01-26,Riverside,065,2383286,561718,543788,26370,570158,5701
2022-01-26,Sacramento,067,1510023,257072,246416,22854,269270,2559
2022-01-26,San Benito,069,59416,11895,11563,449,12012,90
2022-01-26,San Bernardino,071,2135413,539062,521699,23390,545089,6291
2022-01-26,San Diego,073,3302833,701262,676392,47087,723479,4622
2022-01-26,San Francisco,075,870044,113963,107174,7612,114786,704
2022-01-26,San Joaquin,077,732212,154787,148770,8616,157386,1971
2022-01-26,San Luis Obispo,079,281455,47882,45716,3205,48921,391
2022-01-26,San Mateo,081,765935,111466,99016,6049,105065,586
2022-01-26,Santa Barbara,083,443738,78421,75548,4266,79814,600
2022-01-26,Santa Clara,085,1922200,282082,270470,10616,281086,2015
2022-01-26,Santa Cruz,087,273765,40644,38298,1920,40218,239
2022-01-26,Shasta,089,179085,28122,27255,5411,32666,452
2022-01-26,Sierra,091,2930,265,260,37,297,0
2022-01-26,Siskiyou,093,43540,4074,3971,2336,6307,66
2022-01-26,Solano,095,438530,73361,69150,4884,74034,401
2022-01-26,Sonoma,097,501317,76166,72509,2102,74611,423
2022-01-26,Stanislaus,099,539301,109221,106582,14999,121581,1396
2022-01-26,Sutter,101,95872,19147,18670,1534,20204,202
2022-01-26,Tehama,103,63373,11106,10749,2386,13135,145
2022-01-26,Trinity,105,12862,1082,1008,264,1272,19
2022-01-26,Tulare,107,460477,96820,91904,24895,116799,1234
2022-01-26,Tuolumne,109,53932,11401,10699,400,11099,91
2022-01-26,Ventura,111,848112,163350,159077,8794,167871,1263
2022-01-26,Yolo,113,214977,33539,31913,2749,34662,275
2022-01-26,Yuba,115,75493,14577,14171,966,15137,103
2022-01-25,Alameda,001,1643700,231042,219753,11978,231731,1589
2022-01-25,Alpine,003,1148,119,122,1,123,0
2022-01-25,Amador,005,37829,7644,7352,475,7827,73
2022-01-25,Butte,007,227075,30063,28887,5843,34730,351
2022-01-25,Calaveras,009,45235,6625,6266,241,6507,95
2022-01-25,Colusa,011,21464,3190,3074,975,4049,21
2022-01-25,Contra Costa,013,1133247,172211,163792,10912,174704,1092
2022-01-25,Del Norte,015,27424,4728,4514,118,4632,43
2022-01-25,El Dorado,017,186661,24957,23339,2881,26220,179
2022-01-25,Fresno,019,978130,206993,198262,19986,218248,2434
2022-01-25,Glenn,021,27897,4574,4418,1412,5830,39
2022-01-25,Humboldt,023,135768,15049,14574,2302,16876,126
2022-01-25,Imperial,025,180216,51060,48913,9317,58230,832
2022-01-25,Inyo,027,18085,3907,3857,322,4179,50
2022-01-25,Kern,029,883053,178705,171695,41242,212937,1947
2022-01-25,Kings,031,150075,46341,43853,3130,46983,396
2022-01-25,Lake,033,64148,9268,8543,696,9239,118
2022-01-25,Lassen,035,31185,8149,7834,799,8633,55
2022-01-25,Los Angeles,037,10098052,2551141,2433516,115841,2549357,28293
2022-01-25,Madera,039,155013,33537,31794,4630,36424,329
2022-01-25,Marin,041,260295,30612,29589,1953,31542,253
2022-01-25,Mariposa,043,17540,2157,2069,119,2188,6
2022-01-25,Mendocino,045,87422,11804,11280,2164,13444,103
2022-01-25,Merced,047,269075,57523,55555,6381,61936,733
2022-01-25,Modoc,049,8938,665,652,229,881,6
2022-01-25,Mono,051,14174,2861,2826,113,2939,4
2022-01-25,Monterey,053,433212,71108,62498,10097,72595,654
2022-01-25,Napa,055,140530,22960,21668,740,22408,111
2022-01-25,Nevada,057,99092,14660,13944,964,14908,112
2022-01-25,Orange,059,3164182,518491,504274,38460,542734,5980
2022-01-25,Placer,061,380077,57894,55465,6669,62134,518
2022-01-25,Plumas,063,18699,2638,2397,248,2645,12
2022-01-25,Riverside,065,2383286,558635,540723,26200,566923,5686
2022-01-25,Sacramento,067,1510023,255245,244468,22321,266789,2545
2022-01-25,San Benito,069,59416,11796,11446,445,11891,88
2022-01-25,San Bernardino,071,2135413,536566,519150,23274,542424,6288
2022-01-25,San Diego,073,3302833,696242,670110,46632,716742,4604
2022-01-25,San Francisco,075,870044,113197,106254,7568,113822,703
2022-01-25,San Joaquin,077,732212,153789,147271,8561,155832,1972
2022-01-25,San Luis Obispo,079,281455,47520,45130,3157,48287,391
2022-01-25,San Mateo,081,765935,110673,98010,5937,103947,586
2022-01-25,Santa Barbara,083,443738,77753,74686,4184,78870,594
2022-01-25,Santa Clara,085,1922200,279425,268031,10409,278440,2006
2022-01-25,Santa Cruz,087,273765,39999,37850,1905,39755,237
2022-01-25,Shasta,089,179085,27959,27090,5342,32432,452
2022-01-25,Sierra,091,2930,265,260,33,293,0
2022-01-25,Siskiyou,093,43540,4050,3958,2300,6258,65
2022-01-25,Solano,095,438530,72790,68657,4832,73489,399
2022-01-25,Sonoma,097,501317,75471,71633,2064,73697,423
2022-01-25,Stanislaus,099,539301,108553,105965,14774,120739,1396
2022-01-25,Sutter,101,95872,19044,18508,1492,20000,200
2022-01-25,Tehama,103,63373,11044,10669,2360,13029,145
2022-01-25,Trinity,105,12862,1075,999,262,1261,19
2022-01-25,Tulare,107,460477,95996,91237,24558,115795,1229
2022-01-25,Tuolumne,109,53932,11221,10516,376,10892,91
2022-01-25,Ventura,111,848112,162496,157971,8750,166721,1263
2022-01-25,Yolo,113,214977,33279,31677,2701,34378,274
2022-01-25,Yuba,115,75493,14493,14038,938,14976,103
2022-01-24,Alameda,001,1643700,228605,216252,11705,227957,1581
2022-01-24,Alpine,003,1148,119,120,1,121,0
2022-01-24,Amador,005,37829,7593,7166,437,7603,73
2022-01-24,Butte,007,227075,29831,28607,5779,34386,350
2022-01-24,Calaveras,009,45235,6578,6172,227,6399,95
2022-01-24,Colusa,011,21464,3171,3052,959,4011,21
2022-01-24,Contra Costa,013,1133247,170722,162161,10692,172853,1092
2022-01-24,Del Norte,015,27424,4668,4460,118,4578,43
2022-01-24,El Dorado,017,186661,24789,23128,2851,25979,179
2022-01-24,Fresno,019,978130,204683,196092,19687,215779,2430
2022-01-24,Glenn,021,27897,4532,4367,1402,5769,39
2022-01-24,Humboldt,023,135768,14937,14416,2256,16672,126
2022-01-24,Imperial,025,180216,50521,48228,9009,57237,824
2022-01-24,Inyo,027,18085,3901,3805,297,4102,50
2022-01-24,Kern,029,883053,177395,169892,40762,210654,1946
2022-01-24,Kings,031,150075,45763,43260,3057,46317,396
2022-01-24,Lake,033,64148,9159,8423,681,9104,118
2022-01-24,Lassen,035,31185,8065,7732,780,8512,55
2022-01-24,Los Angeles,037,10098052,2534614,2391045,115068,2506113,28230
2022-01-24,Madera,039,155013,33097,31339,4445,35784,329
2022-01-24,Marin,041,260295,30383,29301,1915,31216,253
2022-01-24,Mariposa,043,17540,2132,2033,115,2148,6
2022-01-24,Mendocino,045,87422,11700,11002,2082,13084,103
2022-01-24,Merced,047,269075,57032,54970,6099,61069,730
2022-01-24,Modoc,049,8938,662,648,228,876,6
2022-01-24,Mono,051,14174,2851,2802,112,2914,4
2022-01-24,Monterey,053,433212,70259,61975,9729,71704,654
2022-01-24,Napa,055,140530,22780,21494,727,22221,111
2022-01-24,Nevada,057,99092,14532,13774,941,14715,112
2022-01-24,Orange,059,3164182,515904,501634,38212,539846,5969
2022-01-24,Placer,061,380077,57412,54933,6621,61554,518
2022-01-24,Plumas,063,18699,2606,2370,234,2604,12
2022-01-24,Riverside,065,2383286,554914,535962,25990,561952,5661
2022-01-24,Sacramento,067,1510023,253017,241522,21755,263277,2526
2022-01-24,San Benito,069,59416,11700,11331,432,11763,88
2022-01-24,San Bernardino,071,2135413,533732,515604,23113,538717,6285
2022-01-24,San Diego,073,3302833,690559,663580,46085,709665,4586
2022-01-24,San Francisco,075,870044,112233,105418,7471,112889,703
2022-01-24,San Joaquin,077,732212,152457,145984,8513,154497,1959
2022-01-24,San Luis Obispo,079,281455,47044,44616,3102,47718,387
2022-01-24,San Mateo,081,765935,109739,96968,5819,102787,586
2022-01-24,Santa Barbara,083,443738,76947,73866,4088,77954,591
2022-01-24,Santa Clara,085,1922200,276494,265341,10199,275540,2006
2022-01-24,Santa Cruz,087,273765,39231,37188,1885,39073,237
2022-01-24,Shasta,089,179085,27771,26871,5252,32123,452
2022-01-24,Sierra,091,2930,265,258,33,291,0
2022-01-24,Siskiyou,093,43540,4040,3934,2261,6195,64
2022-01-24,Solano,095,438530,72107,68094,4753,72847,400
2022-01-24,Sonoma,097,501317,74555,70733,2038,72771,423
2022-01-24,Stanislaus,099,539301,107799,104933,14500,119433,1395
2022-01-24,Sutter,101,95872,18926,18336,1399,19735,200
2022-01-24,Tehama,103,63373,10973,10567,2340,12907,145
2022-01-24,Trinity,105,12862,1067,978,260,1238,19
2022-01-24,Tulare,107,460477,94983,90089,24187,114276,1219
2022-01-24,Tuolumne,109,53932,11101,10374,366,10740,91
2022-01-24,Ventura,111,848112,161472,156551,8705,165256,1261
2022-01-24,Yolo,113,214977,32987,31480,2664,34144,273
2022-01-24,Yuba,115,75493,14386,13862,897,14759,103
2022-01-23,Alameda,001,1643700,225928,214003,11364,225367,1583
2022-01-23,Alpine,003,1148,119,120,1,121,0
2022-01-23,Amador,005,37829,7538,7090,397,7487,73
2022-01-23,Butte,007,227075,29539,28340,5671,34011,350
2022-01-23,Calaveras,009,45235,6513,6095,204,6299,95
2022-01-23,Colusa,011,21464,3145,3040,952,3992,21
2022-01-23,Contra Costa,013,1133247,168860,160798,10318,171116,1092
2022-01-23,Del Norte,015,27424,4601,4419,112,4531,43
2022-01-23,El Dorado,017,186661,24597,22925,2802,25727,179
2022-01-23,Fresno,019,978130,202215,193642,19230,212872,2430
2022-01-23,Glenn,021,27897,4481,4340,1378,5718,39
2022-01-23,Humboldt,023,135768,14818,14296,2174,16470,126
2022-01-23,Imperial,025,180216,49925,47935,8725,56660,824
2022-01-23,Inyo,027,18085,3874,3781,283,4064,50
2022-01-23,Kern,029,883053,176034,168585,40236,208821,1946
2022-01-23,Kings,031,150075,45127,42622,2953,45575,397
2022-01-23,Lake,033,64148,8990,8363,654,9017,118
2022-01-23,Lassen,035,31185,8015,7710,756,8466,55
2022-01-23,Los Angeles,037,10098052,2514279,2390590,113919,2504509,28231
2022-01-23,Madera,039,155013,32732,30962,4203,35165,329
2022-01-23,Marin,041,260295,30129,29025,1877,30902,253
2022-01-23,Mariposa,043,17540,2117,2011,112,2123,6
2022-01-23,Mendocino,045,87422,11575,10889,1955,12844,103
2022-01-23,Merced,047,269075,56487,54644,5650,60294,730
2022-01-23,Modoc,049,8938,660,645,225,870,6
2022-01-23,Mono,051,14174,2843,2788,110,2898,4
2022-01-23,Monterey,053,433212,69436,61522,9285,70807,654
2022-01-23,Napa,055,140530,22517,21281,714,21995,111
2022-01-23,Nevada,057,99092,14369,13629,913,14542,112
2022-01-23,Orange,059,3164182,512806,498968,37922,536890,5970
2022-01-23,Placer,061,380077,56840,54568,6535,61103,518
2022-01-23,Plumas,063,18699,2574,2368,205,2573,12
2022-01-23,Riverside,065,2383286,550489,532273,25684,557957,5661
2022-01-23,Sacramento,067,1510023,250488,239589,20815,260404,2530
2022-01-23,San Benito,069,59416,11577,11225,421,11646,88
2022-01-23,San Bernardino,071,2135413,530397,512657,22856,535513,6281
2022-01-23,San Diego,073,3302833,683892,640215,45290,685505,4566
2022-01-23,San Francisco,075,870044,111150,104485,7363,111848,704
2022-01-23,San Joaquin,077,732212,150838,144621,8437,153058,1959
2022-01-23,San Luis Obispo,079,281455,46350,44183,3022,47205,386
2022-01-23,San Mateo,081,765935,108663,95940,5671,101611,586
2022-01-23,Santa Barbara,083,443738,75818,73041,3960,77001,590
2022-01-23,Santa Clara,085,1922200,273132,261991,9870,271861,2005
2022-01-23,Santa Cruz,087,273765,38715,36547,1854,38401,237
2022-01-23,Shasta,089,179085,27474,26732,5129,31861,452
2022-01-23,Sierra,091,2930,264,252,33,285,0
2022-01-23,Siskiyou,093,43540,4014,3916,2203,6119,64
2022-01-23,Solano,095,438530,71311,67457,4657,72114,400
2022-01-23,Sonoma,097,501317,73594,69791,1991,71782,423
2022-01-23,Stanislaus,099,539301,106935,104067,14221,118288,1395
2022-01-23,Sutter,101,95872,18762,18175,1282,19457,200
2022-01-23,Tehama,103,63373,10872,10481,2308,12789,145
2022-01-23,Trinity,105,12862,1064,961,258,1219,19
2022-01-23,Tulare,107,460477,93828,89120,23754,112874,1219
2022-01-23,Tuolumne,109,53932,10910,10243,348,10591,91
2022-01-23,Ventura,111,848112,160288,155052,8633,163685,1261
2022-01-23,Yolo,113,214977,32621,30908,2622,33530,273
2022-01-23,Yuba,115,75493,14260,13762,842,14604,103
2022-01-22,Alameda,001,1643700,224836,203927,11331,215258,1575
2022-01-22,Alpine,003,1148,118,119,1,120,0
2022-01-22,Amador,005,37829,7505,6845,392,7237,73
2022-01-22,Butte,007,227075,29422,27232,5647,32879,350
2022-01-22,Calaveras,009,45235,6483,5835,203,6038,95
2022-01-22,Colusa,011,21464,3128,2954,949,3903,21
2022-01-22,Contra Costa,013,1133247,167922,154111,10288,164399,1091
2022-01-22,Del Norte,015,27424,4565,4269,108,4377,43
2022-01-22,El Dorado,017,186661,24527,22273,2792,25065,179
2022-01-22,Fresno,019,978130,201398,185292,19178,204470,2429
2022-01-22,Glenn,021,27897,4475,4174,1375,5549,39
2022-01-22,Humboldt,023,135768,14751,13628,2161,15789,125
2022-01-22,Imperial,025,180216,49734,45741,8661,54402,820
2022-01-22,Inyo,027,18085,3870,3706,259,3965,50
2022-01-22,Kern,029,883053,175408,162902,39928,202830,1946
2022-01-22,Kings,031,150075,44921,40580,2941,43521,396
2022-01-22,Lake,033,64148,8956,8056,646,8702,118
2022-01-22,Lassen,035,31185,7982,7545,749,8294,55
2022-01-22,Los Angeles,037,10098052,2506864,2286280,113416,2399696,28038
2022-01-22,Madera,039,155013,32613,29595,4190,33785,329
2022-01-22,Marin,041,260295,30003,27893,1872,29765,253
2022-01-22,Mariposa,043,17540,2113,1920,112,2032,6
2022-01-22,Mendocino,045,87422,11525,10395,1933,12328,103
2022-01-22,Merced,047,269075,56338,53025,5641,58666,727
2022-01-22,Modoc,049,8938,659,639,225,864,6
2022-01-22,Mono,051,14174,2842,2723,106,2829,4
2022-01-22,Monterey,053,433212,69232,59038,9245,68283,651
2022-01-22,Napa,055,140530,22422,20402,704,21106,111
2022-01-22,Nevada,057,99092,14302,12957,905,13862,112
2022-01-22,Orange,059,3164182,511204,480329,37673,518002,5946
2022-01-22,Placer,061,380077,56574,52557,6496,59053,512
2022-01-22,Plumas,063,18699,2556,2289,201,2490,12
2022-01-22,Riverside,065,2383286,548574,513567,25612,539179,5623
2022-01-22,Sacramento,067,1510023,249489,230206,20713,250919,2510
2022-01-22,San Benito,069,59416,11517,10743,416,11159,88
2022-01-22,San Bernardino,071,2135413,528935,495209,22772,517981,6267
2022-01-22,San Diego,073,3302833,681414,628904,45089,673993,4559
2022-01-22,San Francisco,075,870044,110495,100238,7214,107452,702
2022-01-22,San Joaquin,077,732212,150400,138264,8409,146673,1960
2022-01-22,San Luis Obispo,079,281455,46232,42154,3015,45169,385
2022-01-22,San Mateo,081,765935,108095,91440,5606,97046,585
2022-01-22,Santa Barbara,083,443738,75398,69555,3954,73509,589
2022-01-22,Santa Clara,085,1922200,271422,249205,9803,259008,1993
2022-01-22,Santa Cruz,087,273765,38540,33741,1848,35589,237
2022-01-22,Shasta,089,179085,27381,25919,5107,31026,450
2022-01-22,Sierra,091,2930,264,248,32,280,0
2022-01-22,Siskiyou,093,43540,3996,3845,2182,6027,62
2022-01-22,Solano,095,438530,71087,63882,4618,68500,391
2022-01-22,Sonoma,097,501317,73167,66013,1982,67995,422
2022-01-22,Stanislaus,099,539301,106481,100092,14130,114222,1393
2022-01-22,Sutter,101,95872,18694,17616,1269,18885,199
2022-01-22,Tehama,103,63373,10837,10171,2298,12469,142
2022-01-22,Trinity,105,12862,1062,925,258,1183,19
2022-01-22,Tulare,107,460477,93462,85223,23632,108855,1211
2022-01-22,Tuolumne,109,53932,10842,9731,342,10073,91
2022-01-22,Ventura,111,848112,159596,148742,8603,157345,1250
2022-01-22,Yolo,113,214977,32449,30061,2604,32665,273
2022-01-22,Yuba,115,75493,14170,13288,837,14125,103
2022-01-21,Alameda,001,1643700,223261,203927,11301,215228,1575
2022-01-21,Alpine,003,1148,118,119,1,120,0
2022-01-21,Amador,005,37829,7448,6845,389,7234,73
2022-01-21,Butte,007,227075,29293,27232,5605,32837,350
2022-01-21,Calaveras,009,45235,6438,5835,203,6038,95
2022-01-21,Colusa,011,21464,3121,2954,944,3898,21
2022-01-21,Contra Costa,013,1133247,166862,154111,10207,164318,1091
2022-01-21,Del Norte,015,27424,4524,4269,108,4377,43
2022-01-21,El Dorado,017,186661,24444,22273,2775,25048,179
2022-01-21,Fresno,019,978130,200154,185292,19091,204383,2429
2022-01-21,Glenn,021,27897,4457,4174,1370,5544,39
2022-01-21,Humboldt,023,135768,14682,13628,2142,15770,125
2022-01-21,Imperial,025,180216,49540,45741,8583,54324,820
2022-01-21,Inyo,027,18085,3857,3706,253,3959,50
2022-01-21,Kern,029,883053,174685,162902,39554,202456,1946
2022-01-21,Kings,031,150075,44724,40580,2934,43514,396
2022-01-21,Lake,033,64148,8898,8056,633,8689,118
2022-01-21,Lassen,035,31185,7930,7545,745,8290,55
2022-01-21,Los Angeles,037,10098052,2495542,2286280,112962,2399242,28038
2022-01-21,Madera,039,155013,32320,29595,4162,33757,329
2022-01-21,Marin,041,260295,29826,27893,1851,29744,253
2022-01-21,Mariposa,043,17540,2101,1920,111,2031,6
2022-01-21,Mendocino,045,87422,11444,10395,1930,12325,103
2022-01-21,Merced,047,269075,56178,53025,5637,58662,727
2022-01-21,Modoc,049,8938,658,639,225,864,6
2022-01-21,Mono,051,14174,2828,2723,103,2826,4
2022-01-21,Monterey,053,433212,68775,59038,9115,68153,651
2022-01-21,Napa,055,140530,22302,20402,696,21098,111
2022-01-21,Nevada,057,99092,14204,12957,901,13858,112
2022-01-21,Orange,059,3164182,508951,480329,37425,517754,5946
2022-01-21,Placer,061,380077,56180,52557,6433,58990,512
2022-01-21,Plumas,063,18699,2544,2289,196,2485,12
2022-01-21,Riverside,065,2383286,545922,513567,25532,539099,5623
2022-01-21,Sacramento,067,1510023,248102,230206,20613,250819,2510
2022-01-21,San Benito,069,59416,11482,10743,413,11156,88
2022-01-21,San Bernardino,071,2135413,526979,495209,22703,517912,6267
2022-01-21,San Diego,073,3302833,677209,628904,44928,673832,4559
2022-01-21,San Francisco,075,870044,109731,100238,7118,107356,702
2022-01-21,San Joaquin,077,732212,149812,138264,8374,146638,1960
2022-01-21,San Luis Obispo,079,281455,46106,42154,3012,45166,385
2022-01-21,San Mateo,081,765935,107438,91440,5563,97003,585
2022-01-21,Santa Barbara,083,443738,74896,69555,3944,73499,589
2022-01-21,Santa Clara,085,1922200,269570,249205,9696,258901,1993
2022-01-21,Santa Cruz,087,273765,37844,33741,1835,35576,237
2022-01-21,Shasta,089,179085,27293,25919,5060,30979,450
2022-01-21,Sierra,091,2930,262,248,31,279,0
2022-01-21,Siskiyou,093,43540,3989,3845,2163,6008,62
2022-01-21,Solano,095,438530,70675,63882,4536,68418,391
2022-01-21,Sonoma,097,501317,72643,66013,1972,67985,422
2022-01-21,Stanislaus,099,539301,105976,100092,14069,114161,1393
2022-01-21,Sutter,101,95872,18607,17616,1252,18868,199
2022-01-21,Tehama,103,63373,10802,10171,2296,12467,142
2022-01-21,Trinity,105,12862,1056,925,257,1182,19
2022-01-21,Tulare,107,460477,93006,85223,23471,108694,1211
2022-01-21,Tuolumne,109,53932,10760,9731,335,10066,91
2022-01-21,Ventura,111,848112,158787,148742,8574,157316,1250
2022-01-21,Yolo,113,214977,32288,30061,2582,32643,273
2022-01-21,Yuba,115,75493,14098,13288,830,14118,103
2022-01-20,Alameda,001,1643700,220198,203927,11056,214983,1575
2022-01-20,Alpine,003,1148,118,119,1,120,0
2022-01-20,Amador,005,37829,7383,6845,371,7216,73
2022-01-20,Butte,007,227075,29033,27232,5527,32759,350
2022-01-20,Calaveras,009,45235,6333,5835,194,6029,95
2022-01-20,Colusa,011,21464,3090,2954,932,3886,21
2022-01-20,Contra Costa,013,1133247,164889,154111,9939,164050,1091
2022-01-20,Del Norte,015,27424,4484,4269,105,4374,43
2022-01-20,El Dorado,017,186661,24241,22273,2732,25005,179
2022-01-20,Fresno,019,978130,197549,185292,18729,204021,2429
2022-01-20,Glenn,021,27897,4422,4174,1361,5535,39
2022-01-20,Humboldt,023,135768,14553,13628,2090,15718,125
2022-01-20,Imperial,025,180216,49022,45741,8417,54158,820
2022-01-20,Inyo,027,18085,3845,3706,242,3948,50
2022-01-20,Kern,029,883053,173153,162902,39006,201908,1946
2022-01-20,Kings,031,150075,44169,40580,2890,43470,396
2022-01-20,Lake,033,64148,8803,8056,605,8661,118
2022-01-20,Lassen,035,31185,7882,7545,729,8274,55
2022-01-20,Los Angeles,037,10098052,2470792,2286280,111979,2398259,28038
2022-01-20,Madera,039,155013,31928,29595,4036,33631,329
2022-01-20,Marin,041,260295,29531,27893,1814,29707,253
2022-01-20,Mariposa,043,17540,2074,1920,108,2028,6
2022-01-20,Mendocino,045,87422,11347,10395,1852,12247,103
2022-01-20,Merced,047,269075,55749,53025,5409,58434,727
2022-01-20,Modoc,049,8938,656,639,225,864,6
2022-01-20,Mono,051,14174,2820,2723,102,2825,4
2022-01-20,Monterey,053,433212,68017,59038,8690,67728,651
2022-01-20,Napa,055,140530,22036,20402,657,21059,111
2022-01-20,Nevada,057,99092,14056,12957,878,13835,112
2022-01-20,Orange,059,3164182,504988,480329,37052,517381,5946
2022-01-20,Placer,061,380077,55689,52557,6375,58932,512
2022-01-20,Plumas,063,18699,2516,2289,192,2481,12
2022-01-20,Riverside,065,2383286,541354,513567,25292,538859,5623
2022-01-20,Sacramento,067,1510023,245905,230206,19980,250186,2510
2022-01-20,San Benito,069,59416,11370,10743,400,11143,88
2022-01-20,San Bernardino,071,2135413,522966,495209,22424,517633,6267
2022-01-20,San Diego,073,3302833,670108,628904,44237,673141,4559
2022-01-20,San Francisco,075,870044,108569,100238,6976,107214,702
2022-01-20,San Joaquin,077,732212,148157,138264,8276,146540,1960
2022-01-20,San Luis Obispo,079,281455,45597,42154,2978,45132,385
2022-01-20,San Mateo,081,765935,106258,91440,5353,96793,585
2022-01-20,Santa Barbara,083,443738,73998,69555,3831,73386,589
2022-01-20,Santa Clara,085,1922200,266198,249205,9363,258568,1993
2022-01-20,Santa Cruz,087,273765,36991,33741,1812,35553,237
2022-01-20,Shasta,089,179085,27103,25919,4993,30912,450
2022-01-20,Sierra,091,2930,262,248,29,277,0
2022-01-20,Siskiyou,093,43540,3977,3845,2129,5974,62
2022-01-20,Solano,095,438530,69721,63882,4447,68329,391
2022-01-20,Sonoma,097,501317,71605,66013,1925,67938,422
2022-01-20,Stanislaus,099,539301,105021,100092,13862,113954,1393
2022-01-20,Sutter,101,95872,18441,17616,1223,18839,199
2022-01-20,Tehama,103,63373,10727,10171,2278,12449,142
2022-01-20,Trinity,105,12862,1043,925,256,1181,19
2022-01-20,Tulare,107,460477,92016,85223,23170,108393,1211
2022-01-20,Tuolumne,109,53932,10618,9731,323,10054,91
2022-01-20,Ventura,111,848112,157401,148742,8502,157244,1250
2022-01-20,Yolo,113,214977,32011,30061,2549,32610,273
2022-01-20,Yuba,115,75493,13991,13288,797,14085,103
2022-01-19,Alameda,001,1643700,216832,199739,10717,210456,1571
2022-01-19,Alpine,003,1148,117,119,1,120,0
2022-01-19,Amador,005,37829,7302,6789,329,7118,73
2022-01-19,Butte,007,227075,28728,26839,5452,32291,351
2022-01-19,Calaveras,009,45235,6242,5765,185,5950,95
2022-01-19,Colusa,011,21464,3065,2938,924,3862,21
2022-01-19,Contra Costa,013,1133247,162575,151543,9694,161237,1091
2022-01-19,Del Norte,015,27424,4445,4240,104,4344,43
2022-01-19,El Dorado,017,186661,23988,21953,2690,24643,177
2022-01-19,Fresno,019,978130,194647,181526,18416,199942,2430
2022-01-19,Glenn,021,27897,4371,4127,1351,5478,39
2022-01-19,Humboldt,023,135768,14394,13391,2036,15427,125
2022-01-19,Imperial,025,180216,48292,45156,8216,53372,820
2022-01-19,Inyo,027,18085,3822,3680,203,3883,49
2022-01-19,Kern,029,883053,171392,160747,38323,199070,1946
2022-01-19,Kings,031,150075,43470,40027,2811,42838,395
2022-01-19,Lake,033,64148,8677,7972,592,8564,118
2022-01-19,Lassen,035,31185,7827,7507,706,8213,55
2022-01-19,Los Angeles,037,10098052,2442376,2251718,110553,2362271,27934
2022-01-19,Madera,039,155013,31546,29021,3859,32880,329
2022-01-19,Marin,041,260295,29237,27375,1771,29146,251
2022-01-19,Mariposa,043,17540,2049,1896,102,1998,6
2022-01-19,Mendocino,045,87422,11175,10252,1758,12010,103
2022-01-19,Merced,047,269075,55203,52355,5053,57408,724
2022-01-19,Modoc,049,8938,654,635,224,859,6
2022-01-19,Mono,051,14174,2798,2677,100,2777,4
2022-01-19,Monterey,053,433212,67114,58426,8231,66657,651
2022-01-19,Napa,055,140530,21784,20090,629,20719,110
2022-01-19,Nevada,057,99092,13902,12703,848,13551,112
2022-01-19,Orange,059,3164182,500496,468460,36675,505135,5943
2022-01-19,Placer,061,380077,55121,51545,6304,57849,511
2022-01-19,Plumas,063,18699,2477,2239,185,2424,12
2022-01-19,Riverside,065,2383286,535819,503575,25051,528626,5604
2022-01-19,Sacramento,067,1510023,243167,226035,19245,245280,2512
2022-01-19,San Benito,069,59416,11229,10639,388,11027,88
2022-01-19,San Bernardino,071,2135413,518454,487846,22052,509898,6265
2022-01-19,San Diego,073,3302833,661299,614709,43544,658253,4553
2022-01-19,San Francisco,075,870044,107194,98652,6890,105542,694
2022-01-19,San Joaquin,077,732212,146243,135953,8178,144131,1959
2022-01-19,San Luis Obispo,079,281455,44997,41374,2912,44286,382
2022-01-19,San Mateo,081,765935,104888,89715,5086,94801,585
2022-01-19,Santa Barbara,083,443738,72999,68531,3729,72260,586
2022-01-19,Santa Clara,085,1922200,262413,244922,8998,253920,1991
2022-01-19,Santa Cruz,087,273765,35748,33026,1788,34814,237
2022-01-19,Shasta,089,179085,26837,25355,4921,30276,450
2022-01-19,Sierra,091,2930,262,245,28,273,0
2022-01-19,Siskiyou,093,43540,3953,3821,2073,5894,62
2022-01-19,Solano,095,438530,68879,63003,4319,67322,392
2022-01-19,Sonoma,097,501317,70500,64689,1883,66572,420
2022-01-19,Stanislaus,099,539301,103972,98952,13571,112523,1381
2022-01-19,Sutter,101,95872,18271,17436,1131,18567,199
2022-01-19,Tehama,103,63373,10614,10064,2229,12293,142
2022-01-19,Trinity,105,12862,1031,916,255,1171,19
2022-01-19,Tulare,107,460477,90802,83743,22694,106437,1200
2022-01-19,Tuolumne,109,53932,10460,9613,299,9912,91
2022-01-19,Ventura,111,848112,155887,144738,8431,153169,1234
2022-01-19,Yolo,113,214977,31653,29392,2513,31905,273
2022-01-19,Yuba,115,75493,13828,13114,784,13898,104
2022-01-18,Alameda,001,1643700,213472,195728,10400,206128,1566
2022-01-18,Alpine,003,1148,117,118,1,119,0
2022-01-18,Amador,005,37829,7164,6691,292,6983,73
2022-01-18,Butte,007,227075,28335,26514,5374,31888,347
2022-01-18,Calaveras,009,45235,6154,5684,170,5854,94
2022-01-18,Colusa,011,21464,3021,2903,919,3822,21
2022-01-18,Contra Costa,013,1133247,160560,149446,9317,158763,1085
2022-01-18,Del Norte,015,27424,4375,4229,99,4328,43
2022-01-18,El Dorado,017,186661,23605,21707,2644,24351,175
2022-01-18,Fresno,019,978130,191183,178922,18002,196924,2425
2022-01-18,Glenn,021,27897,4338,4070,1339,5409,39
2022-01-18,Humboldt,023,135768,14226,13218,1967,15185,125
2022-01-18,Imperial,025,180216,47597,44742,8038,52780,819
2022-01-18,Inyo,027,18085,3781,3654,192,3846,49
2022-01-18,Kern,029,883053,169367,158864,37563,196427,1943
2022-01-18,Kings,031,150075,42592,39440,2728,42168,392
2022-01-18,Lake,033,64148,8564,7919,572,8491,117
2022-01-18,Lassen,035,31185,7744,7461,667,8128,55
2022-01-18,Los Angeles,037,10098052,2408917,2227360,109115,2336475,27871
2022-01-18,Madera,039,155013,31020,28717,3671,32388,329
2022-01-18,Marin,041,260295,28935,27036,1727,28763,251
2022-01-18,Mariposa,043,17540,2024,1872,98,1970,6
2022-01-18,Mendocino,045,87422,11005,10114,1670,11784,103
2022-01-18,Merced,047,269075,54592,51746,4771,56517,718
2022-01-18,Modoc,049,8938,652,633,219,852,6
2022-01-18,Mono,051,14174,2777,2643,99,2742,4
2022-01-18,Monterey,053,433212,66344,57846,7733,65579,650
2022-01-18,Napa,055,140530,21451,19911,612,20523,109
2022-01-18,Nevada,057,99092,13719,12584,805,13389,111
2022-01-18,Orange,059,3164182,495144,461324,36163,497487,5938
2022-01-18,Placer,061,380077,54478,50983,6229,57212,508
2022-01-18,Plumas,063,18699,2441,2218,179,2397,12
2022-01-18,Riverside,065,2383286,529842,497278,24740,522018,5599
2022-01-18,Sacramento,067,1510023,240236,223745,18251,241996,2496
2022-01-18,San Benito,069,59416,11084,10520,374,10894,88
2022-01-18,San Bernardino,071,2135413,513242,483753,21625,505378,6258
2022-01-18,San Diego,073,3302833,651056,605137,42542,647679,4547
2022-01-18,San Francisco,075,870044,105718,96505,6767,103272,694
2022-01-18,San Joaquin,077,732212,144285,134365,8035,142400,1957
2022-01-18,San Luis Obispo,079,281455,44310,40848,2825,43673,381
2022-01-18,San Mateo,081,765935,103372,88225,4888,93113,585
2022-01-18,Santa Barbara,083,443738,71781,67216,3555,70771,581
2022-01-18,Santa Clara,085,1922200,258227,240281,8593,248874,1986
2022-01-18,Santa Cruz,087,273765,35111,32203,1753,33956,237
2022-01-18,Shasta,089,179085,26555,25162,4825,29987,448
2022-01-18,Sierra,091,2930,258,244,28,272,0
2022-01-18,Siskiyou,093,43540,3919,3799,2019,5818,62
2022-01-18,Solano,095,438530,68029,62204,4210,66414,391
2022-01-18,Sonoma,097,501317,69110,63714,1830,65544,419
2022-01-18,Stanislaus,099,539301,102750,98000,13222,111222,1379
2022-01-18,Sutter,101,95872,18080,17295,1055,18350,198
2022-01-18,Tehama,103,63373,10514,9975,2174,12149,142
2022-01-18,Trinity,105,12862,1018,907,254,1161,19
2022-01-18,Tulare,107,460477,89421,82667,22277,104944,1196
2022-01-18,Tuolumne,109,53932,10291,9528,287,9815,91
2022-01-18,Ventura,111,848112,154177,143384,8358,151742,1233
2022-01-18,Yolo,113,214977,31257,28786,2462,31248,270
2022-01-18,Yuba,115,75493,13667,12971,758,13729,101
2022-01-17,Alameda,001,1643700,208794,193276,9791,203067,1565
2022-01-17,Alpine,003,1148,116,118,0,118,0
2022-01-17,Amador,005,37829,7050,6640,234,6874,73
2022-01-17,Butte,007,227075,27957,26303,5269,31572,348
2022-01-17,Calaveras,009,45235,6022,5584,142,5726,94
2022-01-17,Colusa,011,21464,2998,2905,912,3817,21
2022-01-17,Contra Costa,013,1133247,157799,147993,8826,156819,1086
2022-01-17,Del Norte,015,27424,4322,4209,92,4301,43
2022-01-17,El Dorado,017,186661,23349,21540,2562,24102,175
2022-01-17,Fresno,019,978130,187515,176959,17508,194467,2426
2022-01-17,Glenn,021,27897,4285,4055,1325,5380,39
2022-01-17,Humboldt,023,135768,14020,13120,1803,14923,125
2022-01-17,Imperial,025,180216,46912,44412,7885,52297,821
2022-01-17,Inyo,027,18085,3759,3650,165,3815,49
2022-01-17,Kern,029,883053,166816,157645,36682,194327,1944
2022-01-17,Kings,031,150075,41460,39143,2605,41748,392
2022-01-17,Lake,033,64148,8415,7864,532,8396,117
2022-01-17,Lassen,035,31185,7644,7417,628,8045,55
2022-01-17,Los Angeles,037,10098052,2369682,2205740,107139,2312879,27832
2022-01-17,Madera,039,155013,30358,28568,3484,32052,329
2022-01-17,Marin,041,260295,28528,26633,1671,28304,251
2022-01-17,Mariposa,043,17540,1998,1862,92,1954,6
2022-01-17,Mendocino,045,87422,10782,10030,1528,11558,103
2022-01-17,Merced,047,269075,53914,51227,4208,55435,718
2022-01-17,Modoc,049,8938,648,630,219,849,6
2022-01-17,Mono,051,14174,2753,2642,98,2740,4
2022-01-17,Monterey,053,433212,65231,57318,7306,64624,647
2022-01-17,Napa,055,140530,21107,19647,589,20236,109
2022-01-17,Nevada,057,99092,13531,12414,767,13181,111
2022-01-17,Orange,059,3164182,489182,457418,35689,493107,5933
2022-01-17,Placer,061,380077,53745,50511,6086,56597,508
2022-01-17,Plumas,063,18699,2397,2205,149,2354,12
2022-01-17,Riverside,065,2383286,523034,491322,24283,515605,5600
2022-01-17,Sacramento,067,1510023,236174,221143,16894,238037,2497
2022-01-17,San Benito,069,59416,10916,10432,346,10778,88
2022-01-17,San Bernardino,071,2135413,507058,480243,21089,501332,6259
2022-01-17,San Diego,073,3302833,638838,569241,41347,610588,4545
2022-01-17,San Francisco,075,870044,104081,95292,6567,101859,694
2022-01-17,San Joaquin,077,732212,141407,133414,7874,141288,1958
2022-01-17,San Luis Obispo,079,281455,43478,40425,2723,43148,379
2022-01-17,San Mateo,081,765935,101403,87013,4631,91644,585
2022-01-17,Santa Barbara,083,443738,70459,66704,3354,70058,581
2022-01-17,Santa Clara,085,1922200,253663,237934,8152,246086,1985
2022-01-17,Santa Cruz,087,273765,34355,31714,1715,33429,237
2022-01-17,Shasta,089,179085,26266,25025,4703,29728,448
2022-01-17,Sierra,091,2930,256,242,28,270,0
2022-01-17,Siskiyou,093,43540,3880,3764,1939,5703,62
2022-01-17,Solano,095,438530,66990,61497,3948,65445,391
2022-01-17,Sonoma,097,501317,67597,62763,1768,64531,419
2022-01-17,Stanislaus,099,539301,101437,96951,12749,109700,1379
2022-01-17,Sutter,101,95872,17870,17159,915,18074,198
2022-01-17,Tehama,103,63373,10385,9912,2109,12021,142
2022-01-17,Trinity,105,12862,1005,906,250,1156,19
2022-01-17,Tulare,107,460477,87762,81741,21713,103454,1199
2022-01-17,Tuolumne,109,53932,10156,9416,252,9668,91
2022-01-17,Ventura,111,848112,152059,142070,8247,150317,1234
2022-01-17,Yolo,113,214977,30726,28638,2397,31035,270
2022-01-17,Yuba,115,75493,13469,12871,702,13573,101
2022-01-16,Alameda,001,1643700,205734,190691,9528,200219,1564
2022-01-16,Alpine,003,1148,116,118,0,118,0
2022-01-16,Amador,005,37829,6976,6618,227,6845,73
2022-01-16,Butte,007,227075,27624,26139,5220,31359,348
2022-01-16,Calaveras,009,45235,5921,5537,138,5675,94
2022-01-16,Colusa,011,21464,2981,2886,900,3786,21
2022-01-16,Contra Costa,013,1133247,155888,146307,8624,154931,1086
2022-01-16,Del Norte,015,27424,4279,4177,90,4267,43
2022-01-16,El Dorado,017,186661,23073,21303,2523,23826,175
2022-01-16,Fresno,019,978130,184808,174818,17163,191981,2425
2022-01-16,Glenn,021,27897,4230,4049,1303,5352,39
2022-01-16,Humboldt,023,135768,13872,13075,1784,14859,125
2022-01-16,Imperial,025,180216,46334,44035,7722,51757,821
2022-01-16,Inyo,027,18085,3722,3602,143,3745,49
2022-01-16,Kern,029,883053,165541,156655,35888,192543,1944
2022-01-16,Kings,031,150075,41087,38861,2578,41439,392
2022-01-16,Lake,033,64148,8311,7823,497,8320,117
2022-01-16,Lassen,035,31185,7601,7391,614,8005,55
2022-01-16,Los Angeles,037,10098052,2346476,2174403,105658,2280061,27805
2022-01-16,Madera,039,155013,29986,28313,3434,31747,329
2022-01-16,Marin,041,260295,28233,26292,1657,27949,251
2022-01-16,Mariposa,043,17540,1971,1851,87,1938,6
2022-01-16,Mendocino,045,87422,10636,9992,1411,11403,102
2022-01-16,Merced,047,269075,53327,50882,4186,55068,718
2022-01-16,Modoc,049,8938,645,629,219,848,6
2022-01-16,Mono,051,14174,2749,2614,96,2710,4
2022-01-16,Monterey,053,433212,64478,57012,7161,64173,647
2022-01-16,Napa,055,140530,20841,19521,578,20099,109
2022-01-16,Nevada,057,99092,13314,12307,748,13055,111
2022-01-16,Orange,059,3164182,483775,451962,35139,487101,5932
2022-01-16,Placer,061,380077,53029,50076,5974,56050,508
2022-01-16,Plumas,063,18699,2362,2204,140,2344,12
2022-01-16,Riverside,065,2383286,517553,485191,24053,509244,5600
2022-01-16,Sacramento,067,1510023,233298,218819,16164,234983,2491
2022-01-16,San Benito,069,59416,10760,10377,344,10721,88
2022-01-16,San Bernardino,071,2135413,503308,474425,20847,495272,6259
2022-01-16,San Diego,073,3302833,631234,569241,40929,610170,4545
2022-01-16,San Francisco,075,870044,102536,94139,6427,100566,694
2022-01-16,San Joaquin,077,732212,139622,132214,7784,139998,1958
2022-01-16,San Luis Obispo,079,281455,42819,40113,2684,42797,379
2022-01-16,San Mateo,081,765935,99878,85966,4536,90502,585
2022-01-16,Santa Barbara,083,443738,69437,66111,3315,69426,582
2022-01-16,Santa Clara,085,1922200,249924,234293,7998,242291,1984
2022-01-16,Santa Cruz,087,273765,33737,31469,1692,33161,237
2022-01-16,Shasta,089,179085,26021,24980,4635,29615,449
2022-01-16,Sierra,091,2930,252,238,28,266,0
2022-01-16,Siskiyou,093,43540,3853,3748,1899,5647,62
2022-01-16,Solano,095,438530,66310,60885,3816,64701,391
2022-01-16,Sonoma,097,501317,66525,61842,1748,63590,419
2022-01-16,Stanislaus,099,539301,100371,96370,12609,108979,1379
2022-01-16,Sutter,101,95872,17668,16996,892,17888,198
2022-01-16,Tehama,103,63373,10304,9868,2087,11955,142
2022-01-16,Trinity,105,12862,1001,889,248,1137,19
2022-01-16,Tulare,107,460477,86490,80867,21441,102308,1199
2022-01-16,Tuolumne,109,53932,10050,9369,243,9612,91
2022-01-16,Ventura,111,848112,150484,140715,8175,148890,1234
2022-01-16,Yolo,113,214977,30333,28481,2341,30822,270
2022-01-16,Yuba,115,75493,13293,12760,696,13456,101
2022-01-15,Alameda,001,1643700,204380,177768,9477,187245,1561
2022-01-15,Alpine,003,1148,116,117,0,117,0
2022-01-15,Amador,005,37829,6944,6434,213,6647,72
2022-01-15,Butte,007,227075,27471,25032,5170,30202,348
2022-01-15,Calaveras,009,45235,5889,5258,138,5396,93
2022-01-15,Colusa,011,21464,2968,2796,892,3688,21
2022-01-15,Contra Costa,013,1133247,154675,137643,8571,146214,1082
2022-01-15,Del Norte,015,27424,4264,4065,88,4153,43
2022-01-15,El Dorado,017,186661,22974,20434,2506,22940,175
2022-01-15,Fresno,019,978130,183879,167361,17096,184457,2415
2022-01-15,Glenn,021,27897,4223,3906,1296,5202,39
2022-01-15,Humboldt,023,135768,13769,12419,1768,14187,123
2022-01-15,Imperial,025,180216,46194,42508,7610,50118,817
2022-01-15,Inyo,027,18085,3712,3395,143,3538,49
2022-01-15,Kern,029,883053,164698,150085,35497,185582,1938
2022-01-15,Kings,031,150075,40838,37221,2566,39787,391
2022-01-15,Lake,033,64148,8272,7641,484,8125,117
2022-01-15,Lassen,035,31185,7560,7274,608,7882,55
2022-01-15,Los Angeles,037,10098052,2334912,2047927,104704,2152631,27641
2022-01-15,Madera,039,155013,29839,27294,3412,30706,329
2022-01-15,Marin,041,260295,28047,25248,1650,26898,251
2022-01-15,Mariposa,043,17540,1964,1762,87,1849,6
2022-01-15,Mendocino,045,87422,10563,9534,1406,10940,102
2022-01-15,Merced,047,269075,53162,48904,4175,53079,715
2022-01-15,Modoc,049,8938,643,628,219,847,6
2022-01-15,Mono,051,14174,2744,2508,95,2603,4
2022-01-15,Monterey,053,433212,63969,55315,7093,62408,647
2022-01-15,Napa,055,140530,20720,17648,573,18221,109
2022-01-15,Nevada,057,99092,13256,11773,734,12507,111
2022-01-15,Orange,059,3164182,481176,433141,34863,468004,5914
2022-01-15,Placer,061,380077,52747,47780,5940,53720,501
2022-01-15,Plumas,063,18699,2341,2158,135,2293,12
2022-01-15,Riverside,065,2383286,514879,466381,23919,490300,5578
2022-01-15,Sacramento,067,1510023,232182,208156,16062,224218,2491
2022-01-15,San Benito,069,59416,10661,9868,338,10206,87
2022-01-15,San Bernardino,071,2135413,501077,454395,20702,475097,6233
2022-01-15,San Diego,073,3302833,627462,559385,40681,600066,4540
2022-01-15,San Francisco,075,870044,101535,88004,6290,94294,692
2022-01-15,San Joaquin,077,732212,139061,125136,7692,132828,1954
2022-01-15,San Luis Obispo,079,281455,42630,38231,2671,40902,374
2022-01-15,San Mateo,081,765935,98924,80494,4495,84989,582
2022-01-15,Santa Barbara,083,443738,68838,62312,3304,65616,579
2022-01-15,Santa Clara,085,1922200,247703,218986,7880,226866,1974
2022-01-15,Santa Cruz,087,273765,33392,29414,1684,31098,235
2022-01-15,Shasta,089,179085,25933,24482,4603,29085,445
2022-01-15,Sierra,091,2930,251,232,27,259,0
2022-01-15,Siskiyou,093,43540,3841,3661,1888,5549,62
2022-01-15,Solano,095,438530,66031,58061,3765,61826,389
2022-01-15,Sonoma,097,501317,65941,58181,1742,59923,418
2022-01-15,Stanislaus,099,539301,99788,92986,12510,105496,1379
2022-01-15,Sutter,101,95872,17577,16345,882,17227,197
2022-01-15,Tehama,103,63373,10256,9572,2069,11641,141
2022-01-15,Trinity,105,12862,998,872,248,1120,19
2022-01-15,Tulare,107,460477,86049,77769,21315,99084,1192
2022-01-15,Tuolumne,109,53932,9951,9042,238,9280,91
2022-01-15,Ventura,111,848112,149711,134736,8139,142875,1227
2022-01-15,Yolo,113,214977,30156,27311,2321,29632,270
2022-01-15,Yuba,115,75493,13231,12200,692,12892,101
2022-01-14,Alameda,001,1643700,202335,177768,9423,187191,1561
2022-01-14,Alpine,003,1148,116,117,0,117,0
2022-01-14,Amador,005,37829,6869,6434,204,6638,72
2022-01-14,Butte,007,227075,27285,25032,5142,30174,348
2022-01-14,Calaveras,009,45235,5853,5258,137,5395,93
2022-01-14,Colusa,011,21464,2959,2796,882,3678,21
2022-01-14,Contra Costa,013,1133247,153232,137643,8470,146113,1082
2022-01-14,Del Norte,015,27424,4238,4065,87,4152,43
2022-01-14,El Dorado,017,186661,22821,20434,2488,22922,175
2022-01-14,Fresno,019,978130,182227,167361,17024,184385,2415
2022-01-14,Glenn,021,27897,4201,3906,1287,5193,39
2022-01-14,Humboldt,023,135768,13664,12419,1735,14154,123
2022-01-14,Imperial,025,180216,46023,42508,7590,50098,817
2022-01-14,Inyo,027,18085,3687,3395,139,3534,49
2022-01-14,Kern,029,883053,163702,150085,35060,185145,1938
2022-01-14,Kings,031,150075,40589,37221,2557,39778,391
2022-01-14,Lake,033,64148,8215,7641,471,8112,117
2022-01-14,Lassen,035,31185,7530,7274,596,7870,55
2022-01-14,Los Angeles,037,10098052,2315568,2047927,103688,2151615,27641
2022-01-14,Madera,039,155013,29601,27294,3388,30682,329
2022-01-14,Marin,041,260295,27787,25248,1614,26862,251
2022-01-14,Mariposa,043,17540,1949,1762,87,1849,6
2022-01-14,Mendocino,045,87422,10452,9534,1393,10927,102
2022-01-14,Merced,047,269075,52980,48904,4155,53059,715
2022-01-14,Modoc,049,8938,642,628,219,847,6
2022-01-14,Mono,051,14174,2723,2508,93,2601,4
2022-01-14,Monterey,053,433212,63285,55315,7004,62319,647
2022-01-14,Napa,055,140530,20550,17648,567,18215,109
2022-01-14,Nevada,057,99092,13133,11773,721,12494,111
2022-01-14,Orange,059,3164182,477434,433141,34550,467691,5914
2022-01-14,Placer,061,380077,52314,47780,5855,53635,501
2022-01-14,Plumas,063,18699,2333,2158,128,2286,12
2022-01-14,Riverside,065,2383286,511358,466381,23776,490157,5578
2022-01-14,Sacramento,067,1510023,230340,208156,15909,224065,2491
2022-01-14,San Benito,069,59416,10608,9868,337,10205,87
2022-01-14,San Bernardino,071,2135413,498036,454395,20514,474909,6233
2022-01-14,San Diego,073,3302833,621828,559385,40399,599784,4540
2022-01-14,San Francisco,075,870044,100352,88004,6114,94118,692
2022-01-14,San Joaquin,077,732212,138215,125136,7643,132779,1954
2022-01-14,San Luis Obispo,079,281455,42464,38231,2648,40879,374
2022-01-14,San Mateo,081,765935,97703,80494,4466,84960,582
2022-01-14,Santa Barbara,083,443738,68323,62312,3294,65606,579
2022-01-14,Santa Clara,085,1922200,245100,218986,7775,226761,1974
2022-01-14,Santa Cruz,087,273765,33030,29414,1674,31088,235
2022-01-14,Shasta,089,179085,25818,24482,4569,29051,445
2022-01-14,Sierra,091,2930,249,232,25,257,0
2022-01-14,Siskiyou,093,43540,3830,3661,1875,5536,62
2022-01-14,Solano,095,438530,65183,58061,3674,61735,389
2022-01-14,Sonoma,097,501317,65404,58181,1715,59896,418
2022-01-14,Stanislaus,099,539301,99182,92986,12409,105395,1379
2022-01-14,Sutter,101,95872,17449,16345,873,17218,197
2022-01-14,Tehama,103,63373,10202,9572,2058,11630,141
2022-01-14,Trinity,105,12862,993,872,246,1118,19
2022-01-14,Tulare,107,460477,85519,77769,21140,98909,1192
2022-01-14,Tuolumne,109,53932,9828,9042,233,9275,91
2022-01-14,Ventura,111,848112,148607,134736,8081,142817,1227
2022-01-14,Yolo,113,214977,29921,27311,2293,29604,270
2022-01-14,Yuba,115,75493,13129,12200,687,12887,101
2022-01-13,Alameda,001,1643700,198022,177768,9063,186831,1561
2022-01-13,Alpine,003,1148,115,117,0,117,0
2022-01-13,Amador,005,37829,6810,6434,183,6617,72
2022-01-13,Butte,007,227075,26986,25032,5030,30062,348
2022-01-13,Calaveras,009,45235,5762,5258,133,5391,93
2022-01-13,Colusa,011,21464,2928,2796,872,3668,21
2022-01-13,Contra Costa,013,1133247,150699,137643,8007,145650,1082
2022-01-13,Del Norte,015,27424,4203,4065,86,4151,43
2022-01-13,El Dorado,017,186661,22573,20434,2443,22877,175
2022-01-13,Fresno,019,978130,179429,167361,16662,184023,2415
2022-01-13,Glenn,021,27897,4153,3906,1261,5167,39
2022-01-13,Humboldt,023,135768,13512,12419,1673,14092,123
2022-01-13,Imperial,025,180216,45470,42508,7371,49879,817
2022-01-13,Inyo,027,18085,3631,3395,122,3517,49
2022-01-13,Kern,029,883053,162108,150085,34461,184546,1938
2022-01-13,Kings,031,150075,40105,37221,2512,39733,391
2022-01-13,Lake,033,64148,8115,7641,450,8091,117
2022-01-13,Lassen,035,31185,7502,7274,579,7853,55
2022-01-13,Los Angeles,037,10098052,2279067,2047927,101992,2149919,27641
2022-01-13,Madera,039,155013,29138,27294,3295,30589,329
2022-01-13,Marin,041,260295,27443,25248,1570,26818,251
2022-01-13,Mariposa,043,17540,1926,1762,84,1846,6
2022-01-13,Mendocino,045,87422,10361,9534,1325,10859,102
2022-01-13,Merced,047,269075,52322,48904,3890,52794,715
2022-01-13,Modoc,049,8938,639,628,219,847,6
2022-01-13,Mono,051,14174,2700,2508,90,2598,4
2022-01-13,Monterey,053,433212,62367,55315,6711,62026,647
2022-01-13,Napa,055,140530,20253,17648,557,18205,109
2022-01-13,Nevada,057,99092,12945,11773,691,12464,111
2022-01-13,Orange,059,3164182,470976,433141,34096,467237,5914
2022-01-13,Placer,061,380077,51678,47780,5748,53528,501
2022-01-13,Plumas,063,18699,2313,2158,118,2276,12
2022-01-13,Riverside,065,2383286,505080,466381,23443,489824,5578
2022-01-13,Sacramento,067,1510023,227421,208156,15119,223275,2491
2022-01-13,San Benito,069,59416,10506,9868,329,10197,87
2022-01-13,San Bernardino,071,2135413,492447,454395,20054,474449,6233
2022-01-13,San Diego,073,3302833,613312,559385,39533,598918,4540
2022-01-13,San Francisco,075,870044,98606,88004,5915,93919,692
2022-01-13,San Joaquin,077,732212,136133,125136,7531,132667,1954
2022-01-13,San Luis Obispo,079,281455,41859,38231,2543,40774,374
2022-01-13,San Mateo,081,765935,95918,80494,4226,84720,582
2022-01-13,Santa Barbara,083,443738,67327,62312,3108,65420,579
2022-01-13,Santa Clara,085,1922200,240792,218986,7438,226424,1974
2022-01-13,Santa Cruz,087,273765,32252,29414,1652,31066,235
2022-01-13,Shasta,089,179085,25611,24482,4496,28978,445
2022-01-13,Sierra,091,2930,248,232,25,257,0
2022-01-13,Siskiyou,093,43540,3808,3661,1834,5495,62
2022-01-13,Solano,095,438530,64050,58061,3562,61623,389
2022-01-13,Sonoma,097,501317,64336,58181,1656,59837,418
2022-01-13,Stanislaus,099,539301,98064,92986,12140,105126,1379
2022-01-13,Sutter,101,95872,17249,16345,807,17152,197
2022-01-13,Tehama,103,63373,10103,9572,2012,11584,141
2022-01-13,Trinity,105,12862,985,872,246,1118,19
2022-01-13,Tulare,107,460477,84237,77769,20821,98590,1192
2022-01-13,Tuolumne,109,53932,9687,9042,215,9257,91
2022-01-13,Ventura,111,848112,146820,134736,7997,142733,1227
2022-01-13,Yolo,113,214977,29524,27311,2250,29561,270
2022-01-13,Yuba,115,75493,12992,12200,658,12858,101
2022-01-12,Alameda,001,1643700,193403,173001,8594,181595,1563
2022-01-12,Alpine,003,1148,115,117,0,117,0
2022-01-12,Amador,005,37829,6762,6354,169,6523,71
2022-01-12,Butte,007,227075,26659,24631,4941,29572,348
2022-01-12,Calaveras,009,45235,5683,5151,127,5278,93
2022-01-12,Colusa,011,21464,2888,2772,859,3631,21
2022-01-12,Contra Costa,013,1133247,148152,134579,7640,142219,1077
2022-01-12,Del Norte,015,27424,4176,4019,84,4103,43
2022-01-12,El Dorado,017,186661,22251,20092,2403,22495,175
2022-01-12,Fresno,019,978130,176690,165316,16256,181572,2413
2022-01-12,Glenn,021,27897,4101,3859,1239,5098,39
2022-01-12,Humboldt,023,135768,13340,12081,1592,13673,122
2022-01-12,Imperial,025,180216,44810,41985,7052,49037,814
2022-01-12,Inyo,027,18085,3585,3334,106,3440,49
2022-01-12,Kern,029,883053,159970,148435,33725,182160,1933
2022-01-12,Kings,031,150075,39470,36780,2470,39250,391
2022-01-12,Lake,033,64148,7999,7535,406,7941,117
2022-01-12,Lassen,035,31185,7459,7223,552,7775,55
2022-01-12,Los Angeles,037,10098052,2239342,2005065,99799,2104864,27601
2022-01-12,Madera,039,155013,28820,26952,3206,30158,329
2022-01-12,Marin,041,260295,26954,24704,1519,26223,251
2022-01-12,Mariposa,043,17540,1897,1725,82,1807,6
2022-01-12,Mendocino,045,87422,10197,9379,1225,10604,103
2022-01-12,Merced,047,269075,51621,48441,3615,52056,710
2022-01-12,Modoc,049,8938,637,627,219,846,6
2022-01-12,Mono,051,14174,2664,2466,86,2552,4
2022-01-12,Monterey,053,433212,61404,54524,6345,60869,647
2022-01-12,Napa,055,140530,19995,17347,534,17881,109
2022-01-12,Nevada,057,99092,12728,11552,642,12194,111
2022-01-12,Orange,059,3164182,464195,425737,33496,459233,5912
2022-01-12,Placer,061,380077,51021,47004,5636,52640,501
2022-01-12,Plumas,063,18699,2274,2135,107,2242,12
2022-01-12,Riverside,065,2383286,497872,458881,23099,481980,5565
2022-01-12,Sacramento,067,1510023,224029,204696,14242,218938,2479
2022-01-12,San Benito,069,59416,10375,9737,317,10054,87
2022-01-12,San Bernardino,071,2135413,486312,447869,19444,467313,6222
2022-01-12,San Diego,073,3302833,602815,551669,38672,590341,4529
2022-01-12,San Francisco,075,870044,96742,85700,5798,91498,691
2022-01-12,San Joaquin,077,732212,133841,122850,7413,130263,1948
2022-01-12,San Luis Obispo,079,281455,41126,37727,2460,40187,373
2022-01-12,San Mateo,081,765935,93891,78476,3847,82323,582
2022-01-12,Santa Barbara,083,443738,66184,60815,3003,63818,578
2022-01-12,Santa Clara,085,1922200,236256,213177,7053,220230,1971
2022-01-12,Santa Cruz,087,273765,31606,28463,1603,30066,235
2022-01-12,Shasta,089,179085,25394,24324,4430,28754,446
2022-01-12,Sierra,091,2930,247,228,25,253,0
2022-01-12,Siskiyou,093,43540,3781,3639,1787,5426,62
2022-01-12,Solano,095,438530,63003,57052,3440,60492,386
2022-01-12,Sonoma,097,501317,63048,56394,1573,57967,417
2022-01-12,Stanislaus,099,539301,96831,91738,11819,103557,1373
2022-01-12,Sutter,101,95872,17052,16135,774,16909,197
2022-01-12,Tehama,103,63373,10015,9475,1951,11426,141
2022-01-12,Trinity,105,12862,982,868,245,1113,19
2022-01-12,Tulare,107,460477,83122,76943,20412,97355,1192
2022-01-12,Tuolumne,109,53932,9556,8870,197,9067,91
2022-01-12,Ventura,111,848112,144909,132180,7918,140098,1220
2022-01-12,Yolo,113,214977,29125,26888,2172,29060,270
2022-01-12,Yuba,115,75493,12834,12015,631,12646,101
2022-01-11,Alameda,001,1643700,188883,169181,8196,177377,1561
2022-01-11,Alpine,003,1148,115,116,0,116,0
2022-01-11,Amador,005,37829,6678,6317,154,6471,71
2022-01-11,Butte,007,227075,26266,24479,4851,29330,347
2022-01-11,Calaveras,009,45235,5553,5083,113,5196,93
2022-01-11,Colusa,011,21464,2866,2766,845,3611,21
2022-01-11,Contra Costa,013,1133247,145189,132410,7153,139563,1077
2022-01-11,Del Norte,015,27424,4142,4006,82,4088,43
2022-01-11,El Dorado,017,186661,21902,19842,2331,22173,174
2022-01-11,Fresno,019,978130,173650,163509,15934,179443,2404
2022-01-11,Glenn,021,27897,4039,3844,1193,5037,39
2022-01-11,Humboldt,023,135768,13118,11960,1500,13460,122
2022-01-11,Imperial,025,180216,44197,41444,6841,48285,813
2022-01-11,Inyo,027,18085,3487,3278,99,3377,49
2022-01-11,Kern,029,883053,157706,146942,32893,179835,1929
2022-01-11,Kings,031,150075,38883,36524,2440,38964,389
2022-01-11,Lake,033,64148,7922,7494,390,7884,117
2022-01-11,Lassen,035,31185,7410,7210,538,7748,55
2022-01-11,Los Angeles,037,10098052,2196904,1966319,97602,2063921,27563
2022-01-11,Madera,039,155013,28405,26688,3130,29818,329
2022-01-11,Marin,041,260295,26601,24387,1474,25861,251
2022-01-11,Mariposa,043,17540,1875,1718,79,1797,6
2022-01-11,Mendocino,045,87422,10036,9301,1127,10428,102
2022-01-11,Merced,047,269075,50855,48068,3432,51500,708
2022-01-11,Modoc,049,8938,636,626,218,844,6
2022-01-11,Mono,051,14174,2621,2425,85,2510,4
2022-01-11,Monterey,053,433212,60369,53911,5991,59902,646
2022-01-11,Napa,055,140530,19554,17020,485,17505,109
2022-01-11,Nevada,057,99092,12501,11467,607,12074,110
2022-01-11,Orange,059,3164182,456521,417703,32857,450560,5909
2022-01-11,Placer,061,380077,50270,46459,5493,51952,500
2022-01-11,Plumas,063,18699,2244,2099,100,2199,12
2022-01-11,Riverside,065,2383286,490163,453766,22775,476541,5551
2022-01-11,Sacramento,067,1510023,220062,201058,13207,214265,2489
2022-01-11,San Benito,069,59416,10235,9624,304,9928,83
2022-01-11,San Bernardino,071,2135413,478816,442960,18847,461807,6198
2022-01-11,San Diego,073,3302833,590800,536954,37577,574531,4520
2022-01-11,San Francisco,075,870044,94522,83678,5634,89312,691
2022-01-11,San Joaquin,077,732212,131468,121139,7283,128422,1944
2022-01-11,San Luis Obispo,079,281455,40347,37183,2341,39524,372
2022-01-11,San Mateo,081,765935,91601,76756,3624,80380,582
2022-01-11,Santa Barbara,083,443738,64881,59758,2865,62623,578
2022-01-11,Santa Clara,085,1922200,230817,208425,6593,215018,1971
2022-01-11,Santa Cruz,087,273765,31103,27709,1551,29260,232
2022-01-11,Shasta,089,179085,25140,24132,4335,28467,446
2022-01-11,Sierra,091,2930,245,228,25,253,0
2022-01-11,Siskiyou,093,43540,3756,3621,1737,5358,62
2022-01-11,Solano,095,438530,61598,56349,3283,59632,388
2022-01-11,Sonoma,097,501317,61528,55411,1493,56904,416
2022-01-11,Stanislaus,099,539301,95467,90998,11474,102472,1372
2022-01-11,Sutter,101,95872,16851,15993,718,16711,197
2022-01-11,Tehama,103,63373,9884,9406,1903,11309,140
2022-01-11,Trinity,105,12862,970,858,243,1101,19
2022-01-11,Tulare,107,460477,81816,76267,19998,96265,1188
2022-01-11,Tuolumne,109,53932,9398,8811,190,9001,91
2022-01-11,Ventura,111,848112,142677,129548,7785,137333,1220
2022-01-11,Yolo,113,214977,28574,26482,2110,28592,270
2022-01-11,Yuba,115,75493,12660,11912,610,12522,101
2022-01-10,Alameda,001,1643700,183771,165657,7669,173326,1559
2022-01-10,Alpine,003,1148,115,116,0,116,0
2022-01-10,Amador,005,37829,6574,6279,137,6416,71
2022-01-10,Butte,007,227075,25925,24217,4759,28976,347
2022-01-10,Calaveras,009,45235,5454,5025,107,5132,93
2022-01-10,Colusa,011,21464,2838,2758,835,3593,21
2022-01-10,Contra Costa,013,1133247,142465,129951,6637,136588,1077
2022-01-10,Del Norte,015,27424,4119,3970,82,4052,43
2022-01-10,El Dorado,017,186661,21335,19606,2274,21880,172
2022-01-10,Fresno,019,978130,170600,161593,15561,177154,2404
2022-01-10,Glenn,021,27897,3980,3807,1179,4986,39
2022-01-10,Humboldt,023,135768,12873,11778,1367,13145,121
2022-01-10,Imperial,025,180216,43471,41080,6614,47694,811
2022-01-10,Inyo,027,18085,3433,3227,87,3314,49
2022-01-10,Kern,029,883053,155134,145744,32139,177883,1929
2022-01-10,Kings,031,150075,38252,36286,2404,38690,389
2022-01-10,Lake,033,64148,7833,7416,366,7782,117
2022-01-10,Lassen,035,31185,7373,7192,515,7707,55
2022-01-10,Los Angeles,037,10098052,2151357,1932475,95241,2027716,27546
2022-01-10,Madera,039,155013,27953,26501,3031,29532,328
2022-01-10,Marin,041,260295,26114,24023,1400,25423,251
2022-01-10,Mariposa,043,17540,1835,1684,73,1757,6
2022-01-10,Mendocino,045,87422,9863,9163,1038,10201,101
2022-01-10,Merced,047,269075,50056,47632,3145,50777,707
2022-01-10,Modoc,049,8938,635,622,216,838,6
2022-01-10,Mono,051,14174,2555,2415,80,2495,4
2022-01-10,Monterey,053,433212,59418,53485,5671,59156,645
2022-01-10,Napa,055,140530,19176,16775,470,17245,109
2022-01-10,Nevada,057,99092,12277,11300,569,11869,110
2022-01-10,Orange,059,3164182,447828,406170,32002,438172,5906
2022-01-10,Placer,061,380077,49419,45642,5332,50974,498
2022-01-10,Plumas,063,18699,2211,2086,98,2184,12
2022-01-10,Riverside,065,2383286,481918,445536,22320,467856,5546
2022-01-10,Sacramento,067,1510023,215812,198023,12168,210191,2474
2022-01-10,San Benito,069,59416,10063,9467,294,9761,83
2022-01-10,San Bernardino,071,2135413,470801,437207,18136,455343,6184
2022-01-10,San Diego,073,3302833,578102,530506,36438,566944,4500
2022-01-10,San Francisco,075,870044,92716,82209,5371,87580,690
2022-01-10,San Joaquin,077,732212,128797,119587,7050,126637,1927
2022-01-10,San Luis Obispo,079,281455,39530,36618,2243,38861,371
2022-01-10,San Mateo,081,765935,88961,75210,3368,78578,582
2022-01-10,Santa Barbara,083,443738,63624,58957,2674,61631,578
2022-01-10,Santa Clara,085,1922200,224961,203540,6109,209649,1971
2022-01-10,Santa Cruz,087,273765,30261,26906,1514,28420,232
2022-01-10,Shasta,089,179085,24941,23983,4258,28241,446
2022-01-10,Sierra,091,2930,242,223,25,248,0
2022-01-10,Siskiyou,093,43540,3723,3592,1693,5285,62
2022-01-10,Solano,095,438530,60552,55663,3073,58736,385
2022-01-10,Sonoma,097,501317,59985,54478,1448,55926,412
2022-01-10,Stanislaus,099,539301,94132,89997,11157,101154,1372
2022-01-10,Sutter,101,95872,16605,15823,671,16494,196
2022-01-10,Tehama,103,63373,9772,9360,1847,11207,140
2022-01-10,Trinity,105,12862,966,849,241,1090,19
2022-01-10,Tulare,107,460477,80317,75498,19588,95086,1186
2022-01-10,Tuolumne,109,53932,9272,8685,178,8863,91
2022-01-10,Ventura,111,848112,140076,126240,7645,133885,1217
2022-01-10,Yolo,113,214977,28014,26065,2057,28122,270
2022-01-10,Yuba,115,75493,12410,11776,575,12351,101
2022-01-09,Alameda,001,1643700,179284,162701,6989,169690,1561
2022-01-09,Alpine,003,1148,115,116,0,116,0
2022-01-09,Amador,005,37829,6487,6215,125,6340,71
2022-01-09,Butte,007,227075,25536,24018,4643,28661,347
2022-01-09,Calaveras,009,45235,5324,4976,98,5074,93
2022-01-09,Colusa,011,21464,2811,2750,813,3563,21
2022-01-09,Contra Costa,013,1133247,139626,128050,5981,134031,1077
2022-01-09,Del Norte,015,27424,4079,3950,78,4028,43
2022-01-09,El Dorado,017,186661,20975,19430,2208,21638,172
2022-01-09,Fresno,019,978130,168013,159989,15203,175192,2405
2022-01-09,Glenn,021,27897,3925,3797,1158,4955,39
2022-01-09,Humboldt,023,135768,12629,11582,1244,12826,121
2022-01-09,Imperial,025,180216,42633,40608,6341,46949,811
2022-01-09,Inyo,027,18085,3331,3149,78,3227,49
2022-01-09,Kern,029,883053,152676,144819,31389,176208,1927
2022-01-09,Kings,031,150075,37569,36041,2365,38406,389
2022-01-09,Lake,033,64148,7722,7393,321,7714,117
2022-01-09,Lassen,035,31185,7309,7172,486,7658,55
2022-01-09,Los Angeles,037,10098052,2103288,1887830,92312,1980142,27532
2022-01-09,Madera,039,155013,27568,26325,2931,29256,328
2022-01-09,Marin,041,260295,25662,23708,1308,25016,251
2022-01-09,Mariposa,043,17540,1785,1660,72,1732,6
2022-01-09,Mendocino,045,87422,9654,9097,926,10023,101
2022-01-09,Merced,047,269075,49189,47294,2874,50168,706
2022-01-09,Modoc,049,8938,633,619,216,835,6
2022-01-09,Mono,051,14174,2520,2390,73,2463,4
2022-01-09,Monterey,053,433212,58368,53251,5398,58649,645
2022-01-09,Napa,055,140530,18681,16614,454,17068,109
2022-01-09,Nevada,057,99092,12016,11152,507,11659,110
2022-01-09,Orange,059,3164182,437841,400563,31050,431613,5905
2022-01-09,Placer,061,380077,48437,45081,5185,50266,498
2022-01-09,Plumas,063,18699,2171,2081,77,2158,12
2022-01-09,Riverside,065,2383286,472949,440413,21774,462187,5546
2022-01-09,Sacramento,067,1510023,211213,195444,11044,206488,2475
2022-01-09,San Benito,069,59416,9877,9363,266,9629,83
2022-01-09,San Bernardino,071,2135413,462899,430257,17327,447584,6180
2022-01-09,San Diego,073,3302833,564910,478206,34594,512800,4500
2022-01-09,San Francisco,075,870044,90844,80463,5120,85583,690
2022-01-09,San Joaquin,077,732212,125720,118422,6887,125309,1927
2022-01-09,San Luis Obispo,079,281455,38719,36291,2135,38426,371
2022-01-09,San Mateo,081,765935,86467,73867,3040,76907,582
2022-01-09,Santa Barbara,083,443738,61942,58280,2411,60691,578
2022-01-09,Santa Clara,085,1922200,218857,199889,5561,205450,1976
2022-01-09,Santa Cruz,087,273765,29511,26513,1482,27995,232
2022-01-09,Shasta,089,179085,24707,23926,4170,28096,446
2022-01-09,Sierra,091,2930,239,223,24,247,0
2022-01-09,Siskiyou,093,43540,3695,3580,1632,5212,62
2022-01-09,Solano,095,438530,59391,54985,2786,57771,384
2022-01-09,Sonoma,097,501317,58311,53543,1410,54953,412
2022-01-09,Stanislaus,099,539301,92762,89248,10899,100147,1372
2022-01-09,Sutter,101,95872,16317,15695,593,16288,196
2022-01-09,Tehama,103,63373,9651,9306,1794,11100,140
2022-01-09,Trinity,105,12862,962,848,239,1087,19
2022-01-09,Tulare,107,460477,78917,75085,19201,94286,1186
2022-01-09,Tuolumne,109,53932,9117,8595,159,8754,91
2022-01-09,Ventura,111,848112,137019,124269,7416,131685,1217
2022-01-09,Yolo,113,214977,27407,25632,2013,27645,270
2022-01-09,Yuba,115,75493,12213,11666,544,12210,101
2022-01-08,Alameda,001,1643700,177389,148560,6843,155403,1558
2022-01-08,Alpine,003,1148,115,114,0,114,0
2022-01-08,Amador,005,37829,6454,6091,120,6211,71
2022-01-08,Butte,007,227075,25357,23429,4605,28034,347
2022-01-08,Calaveras,009,45235,5278,4823,94,4917,93
2022-01-08,Colusa,011,21464,2802,2713,810,3523,21
2022-01-08,Contra Costa,013,1133247,138133,119907,5904,125811,1077
2022-01-08,Del Norte,015,27424,4062,3902,78,3980,43
2022-01-08,El Dorado,017,186661,20794,18599,2174,20773,172
2022-01-08,Fresno,019,978130,167124,155394,15103,170497,2393
2022-01-08,Glenn,021,27897,3917,3732,1153,4885,39
2022-01-08,Humboldt,023,135768,12510,11149,1218,12367,121
2022-01-08,Imperial,025,180216,42446,39429,6196,45625,800
2022-01-08,Inyo,027,18085,3317,3020,75,3095,49
2022-01-08,Kern,029,883053,151541,140410,30954,171364,1921
2022-01-08,Kings,031,150075,37331,35275,2347,37622,390
2022-01-08,Lake,033,64148,7682,7209,313,7522,117
2022-01-08,Lassen,035,31185,7283,7127,470,7597,55
2022-01-08,Los Angeles,037,10098052,2084897,1765787,90569,1856356,27476
2022-01-08,Madera,039,155013,27400,25767,2894,28661,328
2022-01-08,Marin,041,260295,25376,22377,1297,23674,251
2022-01-08,Mariposa,043,17540,1775,1588,72,1660,6
2022-01-08,Mendocino,045,87422,9580,8792,924,9716,101
2022-01-08,Merced,047,269075,49018,46094,2852,48946,703
2022-01-08,Modoc,049,8938,633,610,216,826,6
2022-01-08,Mono,051,14174,2509,2240,68,2308,4
2022-01-08,Monterey,053,433212,57987,51721,5306,57027,644
2022-01-08,Napa,055,140530,18527,15819,428,16247,109
2022-01-08,Nevada,057,99092,11934,10765,494,11259,110
2022-01-08,Orange,059,3164182,434044,375124,30192,405316,5903
2022-01-08,Placer,061,380077,47998,43172,5143,48315,495
2022-01-08,Plumas,063,18699,2161,2053,72,2125,12
2022-01-08,Riverside,065,2383286,469435,422591,21500,444091,5535
2022-01-08,Sacramento,067,1510023,209830,185118,10887,196005,2470
2022-01-08,San Benito,069,59416,9713,9016,263,9279,83
2022-01-08,San Bernardino,071,2135413,459649,411724,16934,428658,6122
2022-01-08,San Diego,073,3302833,560022,472273,34079,506352,4495
2022-01-08,San Francisco,075,870044,89637,73660,4837,78497,690
2022-01-08,San Joaquin,077,732212,124754,112514,6791,119305,1916
2022-01-08,San Luis Obispo,079,281455,38515,34489,2092,36581,369
2022-01-08,San Mateo,081,765935,85124,67918,2954,70872,582
2022-01-08,Santa Barbara,083,443738,61249,54617,2377,56994,575
2022-01-08,Santa Clara,085,1922200,215797,183842,5353,189195,1966
2022-01-08,Santa Cruz,087,273765,29086,24678,1461,26139,230
2022-01-08,Shasta,089,179085,24620,23585,4138,27723,445
2022-01-08,Sierra,091,2930,235,215,23,238,0
2022-01-08,Siskiyou,093,43540,3683,3545,1618,5163,62
2022-01-08,Solano,095,438530,58982,52452,2717,55169,383
2022-01-08,Sonoma,097,501317,57789,50130,1376,51506,411
2022-01-08,Stanislaus,099,539301,92123,87049,10792,97841,1372
2022-01-08,Sutter,101,95872,16199,15261,581,15842,195
2022-01-08,Tehama,103,63373,9620,9109,1787,10896,140
2022-01-08,Trinity,105,12862,956,836,239,1075,19
2022-01-08,Tulare,107,460477,78528,73600,19063,92663,1185
2022-01-08,Tuolumne,109,53932,9010,8360,156,8516,91
2022-01-08,Ventura,111,848112,135851,117229,7288,124517,1216
2022-01-08,Yolo,113,214977,27113,24006,1986,25992,270
2022-01-08,Yuba,115,75493,12126,11277,541,11818,101
2022-01-07,Alameda,001,1643700,174689,148560,6732,155292,1558
2022-01-07,Alpine,003,1148,115,114,0,114,0
2022-01-07,Amador,005,37829,6405,6091,118,6209,71
2022-01-07,Butte,007,227075,25153,23429,4573,28002,347
2022-01-07,Calaveras,009,45235,5240,4823,94,4917,93
2022-01-07,Colusa,011,21464,2793,2713,799,3512,21
2022-01-07,Contra Costa,013,1133247,136275,119907,5782,125689,1077
2022-01-07,Del Norte,015,27424,4046,3902,77,3979,43
2022-01-07,El Dorado,017,186661,20633,18599,2160,20759,172
2022-01-07,Fresno,019,978130,165763,155394,15017,170411,2393
2022-01-07,Glenn,021,27897,3897,3732,1150,4882,39
2022-01-07,Humboldt,023,135768,12367,11149,1190,12339,121
2022-01-07,Imperial,025,180216,42286,39429,6111,45540,800
2022-01-07,Inyo,027,18085,3298,3020,73,3093,49
2022-01-07,Kern,029,883053,150569,140410,30509,170919,1921
2022-01-07,Kings,031,150075,37151,35275,2333,37608,390
2022-01-07,Lake,033,64148,7635,7209,287,7496,117
2022-01-07,Lassen,035,31185,7269,7127,467,7594,55
2022-01-07,Los Angeles,037,10098052,2053701,1765787,89108,1854895,27476
2022-01-07,Madera,039,155013,27219,25767,2860,28627,328
2022-01-07,Marin,041,260295,24995,22377,1279,23656,251
2022-01-07,Mariposa,043,17540,1759,1588,72,1660,6
2022-01-07,Mendocino,045,87422,9487,8792,923,9715,101
2022-01-07,Merced,047,269075,48852,46094,2827,48921,703
2022-01-07,Modoc,049,8938,632,610,216,826,6
2022-01-07,Mono,051,14174,2471,2240,62,2302,4
2022-01-07,Monterey,053,433212,57572,51721,5217,56938,644
2022-01-07,Napa,055,140530,18300,15819,407,16226,109
2022-01-07,Nevada,057,99092,11807,10765,473,11238,110
2022-01-07,Orange,059,3164182,429229,375124,29574,404698,5903
2022-01-07,Placer,061,380077,47496,43172,5095,48267,495
2022-01-07,Plumas,063,18699,2152,2053,71,2124,12
2022-01-07,Riverside,065,2383286,465619,422591,21268,443859,5535
2022-01-07,Sacramento,067,1510023,207665,185118,10727,195845,2470
2022-01-07,San Benito,069,59416,9667,9016,262,9278,83
2022-01-07,San Bernardino,071,2135413,455838,411724,16710,428434,6122
2022-01-07,San Diego,073,3302833,552881,472273,33536,505809,4495
2022-01-07,San Francisco,075,870044,88192,73660,4576,78236,690
2022-01-07,San Joaquin,077,732212,123812,112514,6732,119246,1916
2022-01-07,San Luis Obispo,079,281455,38298,34489,2037,36526,369
2022-01-07,San Mateo,081,765935,83699,67918,2895,70813,582
2022-01-07,Santa Barbara,083,443738,60551,54617,2355,56972,575
2022-01-07,Santa Clara,085,1922200,212529,183842,5242,189084,1966
2022-01-07,Santa Cruz,087,273765,28608,24678,1445,26123,230
2022-01-07,Shasta,089,179085,24526,23585,4104,27689,445
2022-01-07,Sierra,091,2930,232,215,23,238,0
2022-01-07,Siskiyou,093,43540,3673,3545,1606,5151,62
2022-01-07,Solano,095,438530,58283,52452,2676,55128,383
2022-01-07,Sonoma,097,501317,57187,50130,1288,51418,411
2022-01-07,Stanislaus,099,539301,91600,87049,10705,97754,1372
2022-01-07,Sutter,101,95872,16049,15261,572,15833,195
2022-01-07,Tehama,103,63373,9584,9109,1775,10884,140
2022-01-07,Trinity,105,12862,949,836,238,1074,19
2022-01-07,Tulare,107,460477,78108,73600,18918,92518,1185
2022-01-07,Tuolumne,109,53932,8922,8360,152,8512,91
2022-01-07,Ventura,111,848112,134227,117229,7160,124389,1216
2022-01-07,Yolo,113,214977,26752,24006,1967,25973,270
2022-01-07,Yuba,115,75493,12022,11277,536,11813,101
2022-01-06,Alameda,001,1643700,169321,148560,6318,154878,1558
2022-01-06,Alpine,003,1148,114,114,0,114,0
2022-01-06,Amador,005,37829,6353,6091,112,6203,71
2022-01-06,Butte,007,227075,24863,23429,4486,27915,347
2022-01-06,Calaveras,009,45235,5119,4823,92,4915,93
2022-01-06,Colusa,011,21464,2771,2713,790,3503,21
2022-01-06,Contra Costa,013,1133247,133424,119907,5368,125275,1077
2022-01-06,Del Norte,015,27424,4012,3902,75,3977,43
2022-01-06,El Dorado,017,186661,20301,18599,2119,20718,172
2022-01-06,Fresno,019,978130,163642,155394,14769,170163,2393
2022-01-06,Glenn,021,27897,3870,3732,1123,4855,39
2022-01-06,Humboldt,023,135768,12142,11149,1151,12300,121
2022-01-06,Imperial,025,180216,41701,39429,5905,45334,800
2022-01-06,Inyo,027,18085,3260,3020,73,3093,49
2022-01-06,Kern,029,883053,148903,140410,29832,170242,1921
2022-01-06,Kings,031,150075,36813,35275,2308,37583,390
2022-01-06,Lake,033,64148,7561,7209,275,7484,117
2022-01-06,Lassen,035,31185,7247,7127,461,7588,55
2022-01-06,Los Angeles,037,10098052,1999536,1765787,86764,1852551,27476
2022-01-06,Madera,039,155013,26912,25767,2804,28571,328
2022-01-06,Marin,041,260295,24589,22377,1246,23623,251
2022-01-06,Mariposa,043,17540,1740,1588,70,1658,6
2022-01-06,Mendocino,045,87422,9393,8792,882,9674,101
2022-01-06,Merced,047,269075,48303,46094,2691,48785,703
2022-01-06,Modoc,049,8938,631,610,216,826,6
2022-01-06,Mono,051,14174,2448,2240,59,2299,4
2022-01-06,Monterey,053,433212,56856,51721,4964,56685,644
2022-01-06,Napa,055,140530,17901,15819,398,16217,109
2022-01-06,Nevada,057,99092,11607,10765,461,11226,110
2022-01-06,Orange,059,3164182,419792,375124,28831,403955,5903
2022-01-06,Placer,061,380077,46751,43172,5012,48184,495
2022-01-06,Plumas,063,18699,2134,2053,64,2117,12
2022-01-06,Riverside,065,2383286,458152,422591,20972,443563,5535
2022-01-06,Sacramento,067,1510023,203774,185118,9971,195089,2470
2022-01-06,San Benito,069,59416,9567,9016,255,9271,83
2022-01-06,San Bernardino,071,2135413,448647,411724,16227,427951,6122
2022-01-06,San Diego,073,3302833,541223,472273,32554,504827,4495
2022-01-06,San Francisco,075,870044,85847,73660,4319,77979,690
2022-01-06,San Joaquin,077,732212,121661,112514,6652,119166,1916
2022-01-06,San Luis Obispo,079,281455,37596,34489,1965,36454,369
2022-01-06,San Mateo,081,765935,81362,67918,2714,70632,582
2022-01-06,Santa Barbara,083,443738,59388,54617,2292,56909,575
2022-01-06,Santa Clara,085,1922200,207593,183842,4854,188696,1966
2022-01-06,Santa Cruz,087,273765,28051,24678,1422,26100,230
2022-01-06,Shasta,089,179085,24382,23585,4054,27639,445
2022-01-06,Sierra,091,2930,229,215,23,238,0
2022-01-06,Siskiyou,093,43540,3657,3545,1560,5105,62
2022-01-06,Solano,095,438530,57271,52452,2501,54953,383
2022-01-06,Sonoma,097,501317,55793,50130,1256,51386,411
2022-01-06,Stanislaus,099,539301,90450,87049,10541,97590,1372
2022-01-06,Sutter,101,95872,15873,15261,551,15812,195
2022-01-06,Tehama,103,63373,9507,9109,1748,10857,140
2022-01-06,Trinity,105,12862,942,836,237,1073,19
2022-01-06,Tulare,107,460477,77422,73600,18741,92341,1185
2022-01-06,Tuolumne,109,53932,8813,8360,146,8506,91
2022-01-06,Ventura,111,848112,131534,117229,7006,124235,1216
2022-01-06,Yolo,113,214977,26225,24006,1923,25929,270
2022-01-06,Yuba,115,75493,11887,11277,519,11796,101
2022-01-05,Alameda,001,1643700,164163,144824,5885,150709,1548
2022-01-05,Alpine,003,1148,114,112,0,112,0
2022-01-05,Amador,005,37829,6309,6012,109,6121,70
2022-01-05,Butte,007,227075,24557,23134,4427,27561,343
2022-01-05,Calaveras,009,45235,5063,4758,90,4848,90
2022-01-05,Colusa,011,21464,2757,2704,779,3483,21
2022-01-05,Contra Costa,013,1133247,130426,117188,4920,122108,1071
2022-01-05,Del Norte,015,27424,3991,3862,73,3935,43
2022-01-05,El Dorado,017,186661,19916,18367,2089,20456,171
2022-01-05,Fresno,019,978130,161631,153033,14524,167557,2377
2022-01-05,Glenn,021,27897,3822,3700,1114,4814,39
2022-01-05,Humboldt,023,135768,11937,10938,1103,12041,120
2022-01-05,Imperial,025,180216,41071,38789,5750,44539,800
2022-01-05,Inyo,027,18085,3177,2939,69,3008,49
2022-01-05,Kern,029,883053,147127,138186,29255,167441,1913
2022-01-05,Kings,031,150075,36471,34893,2289,37182,387
2022-01-05,Lake,033,64148,7480,7129,259,7388,117
2022-01-05,Lassen,035,31185,7228,7077,453,7530,55
2022-01-05,Los Angeles,037,10098052,1943268,1729640,84442,1814082,27443
2022-01-05,Madera,039,155013,26672,25392,2714,28106,327
2022-01-05,Marin,041,260295,24249,21829,1195,23024,251
2022-01-05,Mariposa,043,17540,1714,1564,69,1633,6
2022-01-05,Mendocino,045,87422,9262,8625,847,9472,101
2022-01-05,Merced,047,269075,47728,45721,2559,48280,700
2022-01-05,Modoc,049,8938,628,603,216,819,6
2022-01-05,Mono,051,14174,2428,2201,55,2256,4
2022-01-05,Monterey,053,433212,56043,51241,4765,56006,639
2022-01-05,Napa,055,140530,17538,15494,366,15860,108
2022-01-05,Nevada,057,99092,11407,10624,444,11068,110
2022-01-05,Orange,059,3164182,409756,366139,27773,393912,5869
2022-01-05,Placer,061,380077,45871,42456,4916,47372,492
2022-01-05,Plumas,063,18699,2118,2020,62,2082,12
2022-01-05,Riverside,065,2383286,450697,415253,20617,435870,5502
2022-01-05,Sacramento,067,1510023,199162,181488,9012,190500,2455
2022-01-05,San Benito,069,59416,9373,8829,243,9072,83
2022-01-05,San Bernardino,071,2135413,440497,405323,15687,421010,6085
2022-01-05,San Diego,073,3302833,527622,466602,31592,498194,4495
2022-01-05,San Francisco,075,870044,83272,71405,4180,75585,686
2022-01-05,San Joaquin,077,732212,119132,110497,6574,117071,1903
2022-01-05,San Luis Obispo,079,281455,36799,34066,1888,35954,369
2022-01-05,San Mateo,081,765935,79278,66018,2516,68534,578
2022-01-05,Santa Barbara,083,443738,58082,53082,2211,55293,570
2022-01-05,Santa Clara,085,1922200,201776,178629,4438,183067,1961
2022-01-05,Santa Cruz,087,273765,27299,24394,1399,25793,229
2022-01-05,Shasta,089,179085,24224,23361,4025,27386,441
2022-01-05,Sierra,091,2930,226,210,22,232,0
2022-01-05,Siskiyou,093,43540,3647,3513,1531,5044,60
2022-01-05,Solano,095,438530,56235,51505,2365,53870,380
2022-01-05,Sonoma,097,501317,54530,49120,1094,50214,412
2022-01-05,Stanislaus,099,539301,89463,86248,10388,96636,1360
2022-01-05,Sutter,101,95872,15670,15117,511,15628,193
2022-01-05,Tehama,103,63373,9412,9011,1716,10727,140
2022-01-05,Trinity,105,12862,939,822,235,1057,19
2022-01-05,Tulare,107,460477,76666,72718,18564,91282,1173
2022-01-05,Tuolumne,109,53932,8720,8223,139,8362,90
2022-01-05,Ventura,111,848112,128782,114752,6801,121553,1211
2022-01-05,Yolo,113,214977,25645,23401,1882,25283,269
2022-01-05,Yuba,115,75493,11704,11138,494,11632,100
2022-01-04,Alameda,001,1643700,158598,143360,5474,148834,1532
2022-01-04,Alpine,003,1148,114,113,0,113,0
2022-01-04,Amador,005,37829,6242,6025,104,6129,71
2022-01-04,Butte,007,227075,24260,23094,4360,27454,346
2022-01-04,Calaveras,009,45235,4987,4767,87,4854,93
2022-01-04,Colusa,011,21464,2738,2689,772,3461,21
2022-01-04,Contra Costa,013,1133247,127382,116005,4561,120566,1075
2022-01-04,Del Norte,015,27424,3959,3882,70,3952,43
2022-01-04,El Dorado,017,186661,19553,18339,2067,20406,172
2022-01-04,Fresno,019,978130,159472,153244,14287,167531,2380
2022-01-04,Glenn,021,27897,3792,3705,1100,4805,39
2022-01-04,Humboldt,023,135768,11677,10865,1052,11917,120
2022-01-04,Imperial,025,180216,40466,38596,5482,44078,800
2022-01-04,Inyo,027,18085,3093,2870,68,2938,49
2022-01-04,Kern,029,883053,145200,138245,28667,166912,1916
2022-01-04,Kings,031,150075,36156,34931,2273,37204,388
2022-01-04,Lake,033,64148,7439,7152,249,7401,117
2022-01-04,Lassen,035,31185,7205,7111,449,7560,55
2022-01-04,Los Angeles,037,10098052,1883340,1705253,82118,1787371,27419
2022-01-04,Madera,039,155013,26328,25425,2649,28074,328
2022-01-04,Marin,041,260295,23769,21675,1137,22812,251
2022-01-04,Mariposa,043,17540,1678,1564,68,1632,6
2022-01-04,Mendocino,045,87422,9138,8636,823,9459,101
2022-01-04,Merced,047,269075,47117,45583,2429,48012,700
2022-01-04,Modoc,049,8938,625,611,216,827,6
2022-01-04,Mono,051,14174,2379,2190,45,2235,4
2022-01-04,Monterey,053,433212,55311,51176,4573,55749,643
2022-01-04,Napa,055,140530,17036,15370,336,15706,107
2022-01-04,Nevada,057,99092,11251,10608,432,11040,110
2022-01-04,Orange,059,3164182,398995,362051,26631,388682,5897
2022-01-04,Placer,061,380077,45037,42285,4804,47089,494
2022-01-04,Plumas,063,18699,2097,2014,60,2074,12
2022-01-04,Riverside,065,2383286,442177,413366,20266,433632,5504
2022-01-04,Sacramento,067,1510023,194247,181271,8274,189545,2453
2022-01-04,San Benito,069,59416,9185,8763,235,8998,79
2022-01-04,San Bernardino,071,2135413,431950,404409,15153,419562,6060
2022-01-04,San Diego,073,3302833,511194,458499,30637,489136,4487
2022-01-04,San Francisco,075,870044,80414,70666,4033,74699,688
2022-01-04,San Joaquin,077,732212,116728,110374,6441,116815,1911
2022-01-04,San Luis Obispo,079,281455,35990,33788,1800,35588,371
2022-01-04,San Mateo,081,765935,77036,65157,2327,67484,582
2022-01-04,Santa Barbara,083,443738,56558,52449,2133,54582,574
2022-01-04,Santa Clara,085,1922200,195773,176854,3975,180829,1964
2022-01-04,Santa Cruz,087,273765,26536,23904,1368,25272,228
2022-01-04,Shasta,089,179085,24081,23366,3970,27336,442
2022-01-04,Sierra,091,2930,225,214,22,236,0
2022-01-04,Siskiyou,093,43540,3631,3509,1512,5021,61
2022-01-04,Solano,095,438530,54937,51300,2168,53468,383
2022-01-04,Sonoma,097,501317,52820,48653,971,49624,410
2022-01-04,Stanislaus,099,539301,88406,86107,10232,96339,1361
2022-01-04,Sutter,101,95872,15517,15032,486,15518,193
2022-01-04,Tehama,103,63373,9336,9020,1694,10714,140
2022-01-04,Trinity,105,12862,933,833,231,1064,18
2022-01-04,Tulare,107,460477,75884,72893,18359,91252,1172
2022-01-04,Tuolumne,109,53932,8611,8235,134,8369,91
2022-01-04,Ventura,111,848112,125712,114079,6570,120649,1213
2022-01-04,Yolo,113,214977,25010,22938,1841,24779,270
2022-01-04,Yuba,115,75493,11524,11104,481,11585,101
2022-01-03,Alameda,001,1643700,152572,142090,5033,147123,1529
2022-01-03,Alpine,003,1148,113,113,0,113,0
2022-01-03,Amador,005,37829,6182,6004,99,6103,71
2022-01-03,Butte,007,227075,23962,22924,4309,27233,345
2022-01-03,Calaveras,009,45235,4928,4742,82,4824,93
2022-01-03,Colusa,011,21464,2729,2683,765,3448,21
2022-01-03,Contra Costa,013,1133247,124178,114966,3975,118941,1073
2022-01-03,Del Norte,015,27424,3939,3873,66,3939,43
2022-01-03,El Dorado,017,186661,19159,18183,2041,20224,172
2022-01-03,Fresno,019,978130,157492,152674,14103,166777,2379
2022-01-03,Glenn,021,27897,3763,3703,1065,4768,39
2022-01-03,Humboldt,023,135768,11467,10784,1003,11787,119
2022-01-03,Imperial,025,180216,39835,38411,5307,43718,800
2022-01-03,Inyo,027,18085,3024,2845,64,2909,49
2022-01-03,Kern,029,883053,143205,137773,28071,165844,1916
2022-01-03,Kings,031,150075,35838,34817,2245,37062,387
2022-01-03,Lake,033,64148,7338,7134,231,7365,117
2022-01-03,Lassen,035,31185,7187,7103,447,7550,55
2022-01-03,Los Angeles,037,10098052,1822582,1686203,79359,1765562,27394
2022-01-03,Madera,039,155013,26035,25323,2606,27929,320
2022-01-03,Marin,041,260295,23180,21532,1098,22630,251
2022-01-03,Mariposa,043,17540,1636,1559,68,1627,6
2022-01-03,Mendocino,045,87422,8991,8573,773,9346,101
2022-01-03,Merced,047,269075,46524,45459,2323,47782,696
2022-01-03,Modoc,049,8938,622,602,216,818,6
2022-01-03,Mono,051,14174,2300,2172,40,2212,4
2022-01-03,Monterey,053,433212,54494,51047,4370,55417,644
2022-01-03,Napa,055,140530,16528,15260,303,15563,107
2022-01-03,Nevada,057,99092,11086,10572,422,10994,110
2022-01-03,Orange,059,3164182,387822,358052,25447,383499,5894
2022-01-03,Placer,061,380077,44216,42054,4741,46795,489
2022-01-03,Plumas,063,18699,2079,2005,60,2065,12
2022-01-03,Riverside,065,2383286,433699,410155,19767,429922,5504
2022-01-03,Sacramento,067,1510023,189102,179992,7704,187696,2452
2022-01-03,San Benito,069,59416,9020,8688,228,8916,79
2022-01-03,San Bernardino,071,2135413,423591,401938,14694,416632,6056
2022-01-03,San Diego,073,3302833,495032,451154,29678,480832,4476
2022-01-03,San Francisco,075,870044,77601,69315,3779,73094,686
2022-01-03,San Joaquin,077,732212,114427,109757,6360,116117,1903
2022-01-03,San Luis Obispo,079,281455,35176,33667,1707,35374,367
2022-01-03,San Mateo,081,765935,74386,64470,2170,66640,582
2022-01-03,Santa Barbara,083,443738,55096,51912,2039,53951,571
2022-01-03,Santa Clara,085,1922200,189822,174215,3499,177714,1963
2022-01-03,Santa Cruz,087,273765,25727,23765,1335,25100,228
2022-01-03,Shasta,089,179085,23899,23301,3943,27244,440
2022-01-03,Sierra,091,2930,218,213,21,234,0
2022-01-03,Siskiyou,093,43540,3605,3500,1490,4990,61
2022-01-03,Solano,095,438530,53641,51030,1976,53006,380
2022-01-03,Sonoma,097,501317,51121,48391,874,49265,410
2022-01-03,Stanislaus,099,539301,87412,85793,10066,95859,1332
2022-01-03,Sutter,101,95872,15363,14973,466,15439,193
2022-01-03,Tehama,103,63373,9262,9005,1668,10673,140
2022-01-03,Trinity,105,12862,928,833,230,1063,18
2022-01-03,Tulare,107,460477,75178,72664,18139,90803,1167
2022-01-03,Tuolumne,109,53932,8473,8179,130,8309,91
2022-01-03,Ventura,111,848112,122537,112762,6339,119101,1211
2022-01-03,Yolo,113,214977,24328,22563,1776,24339,270
2022-01-03,Yuba,115,75493,11388,11037,462,11499,99
2022-01-02,Alameda,001,1643700,148145,133486,4543,138029,1528
2022-01-02,Alpine,003,1148,111,113,0,113,0
2022-01-02,Amador,005,37829,6116,5913,94,6007,70
2022-01-02,Butte,007,227075,23623,22469,4251,26720,341
2022-01-02,Calaveras,009,45235,4859,4668,74,4742,93
2022-01-02,Colusa,011,21464,2724,2659,754,3413,21
2022-01-02,Contra Costa,013,1133247,120615,109593,3531,113124,1073
2022-01-02,Del Norte,015,27424,3907,3841,64,3905,43
2022-01-02,El Dorado,017,186661,18821,17621,1989,19610,172
2022-01-02,Fresno,019,978130,155789,149927,13896,163823,2379
2022-01-02,Glenn,021,27897,3743,3663,1056,4719,39
2022-01-02,Humboldt,023,135768,11229,10381,924,11305,119
2022-01-02,Imperial,025,180216,39170,37672,5090,42762,800
2022-01-02,Inyo,027,18085,2954,2726,53,2779,49
2022-01-02,Kern,029,883053,141280,136123,27473,163596,1917
2022-01-02,Kings,031,150075,35520,34318,2210,36528,386
2022-01-02,Lake,033,64148,7266,7060,217,7277,117
2022-01-02,Lassen,035,31185,7171,7089,445,7534,55
2022-01-02,Los Angeles,037,10098052,1771457,1596123,76514,1672637,27371
2022-01-02,Madera,039,155013,25781,25002,2549,27551,320
2022-01-02,Marin,041,260295,22621,20475,1027,21502,249
2022-01-02,Mariposa,043,17540,1606,1509,66,1575,6
2022-01-02,Mendocino,045,87422,8870,8422,755,9177,101
2022-01-02,Merced,047,269075,45991,44769,2227,46996,694
2022-01-02,Modoc,049,8938,620,601,215,816,6
2022-01-02,Mono,051,14174,2272,2101,35,2136,4
2022-01-02,Monterey,053,433212,53880,50251,4161,54412,643
2022-01-02,Napa,055,140530,15986,14439,292,14731,107
2022-01-02,Nevada,057,99092,10902,10299,408,10707,110
2022-01-02,Orange,059,3164182,376826,339526,24287,363813,5890
2022-01-02,Placer,061,380077,43489,40857,4654,45511,489
2022-01-02,Plumas,063,18699,2064,1994,56,2050,12
2022-01-02,Riverside,065,2383286,425373,397124,19245,416369,5501
2022-01-02,Sacramento,067,1510023,185038,173562,6841,180403,2448
2022-01-02,San Benito,069,59416,8837,8320,213,8533,79
2022-01-02,San Bernardino,071,2135413,416019,386278,14147,400425,6051
2022-01-02,San Diego,073,3302833,479987,427087,28514,455601,4469
2022-01-02,San Francisco,075,870044,74653,64498,3539,68037,682
2022-01-02,San Joaquin,077,732212,112563,106640,6256,112896,1902
2022-01-02,San Luis Obispo,079,281455,34442,32342,1624,33966,365
2022-01-02,San Mateo,081,765935,71818,60504,1928,62432,581
2022-01-02,Santa Barbara,083,443738,53662,49555,1976,51531,568
2022-01-02,Santa Clara,085,1922200,183684,164547,3097,167644,1969
2022-01-02,Santa Cruz,087,273765,25056,22980,1302,24282,228
2022-01-02,Shasta,089,179085,23710,23161,3894,27055,435
2022-01-02,Sierra,091,2930,217,206,21,227,0
2022-01-02,Siskiyou,093,43540,3580,3474,1467,4941,61
2022-01-02,Solano,095,438530,52701,48957,1811,50768,379
2022-01-02,Sonoma,097,501317,49796,46040,837,46877,410
2022-01-02,Stanislaus,099,539301,86561,84367,9951,94318,1332
2022-01-02,Sutter,101,95872,15190,14741,448,15189,193
2022-01-02,Tehama,103,63373,9197,8944,1645,10589,139
2022-01-02,Trinity,105,12862,926,832,229,1061,17
2022-01-02,Tulare,107,460477,74518,71941,17946,89887,1160
2022-01-02,Tuolumne,109,53932,8367,8044,125,8169,91
2022-01-02,Ventura,111,848112,119617,107992,6120,114112,1211
2022-01-02,Yolo,113,214977,23680,21747,1708,23455,270
2022-01-02,Yuba,115,75493,11266,10844,445,11289,99
2022-01-01,Alameda,001,1643700,146357,133486,4289,137775,1528
2022-01-01,Alpine,003,1148,111,113,0,113,0
2022-01-01,Amador,005,37829,6081,5913,89,6002,70
2022-01-01,Butte,007,227075,23428,22469,4223,26692,341
2022-01-01,Calaveras,009,45235,4823,4668,72,4740,93
2022-01-01,Colusa,011,21464,2722,2659,744,3403,21
2022-01-01,Contra Costa,013,1133247,119254,109593,3403,112996,1073
2022-01-01,Del Norte,015,27424,3901,3841,64,3905,43
2022-01-01,El Dorado,017,186661,18673,17621,1974,19595,172
2022-01-01,Fresno,019,978130,155135,149927,13831,163758,2379
2022-01-01,Glenn,021,27897,3736,3663,1056,4719,39
2022-01-01,Humboldt,023,135768,11097,10381,904,11285,119
2022-01-01,Imperial,025,180216,39022,37672,5045,42717,800
2022-01-01,Inyo,027,18085,2925,2726,51,2777,49
2022-01-01,Kern,029,883053,140589,136123,27162,163285,1917
2022-01-01,Kings,031,150075,35385,34318,2183,36501,386
2022-01-01,Lake,033,64148,7227,7060,212,7272,117
2022-01-01,Lassen,035,31185,7165,7089,440,7529,55
2022-01-01,Los Angeles,037,10098052,1751353,1596123,74550,1670673,27371
2022-01-01,Madera,039,155013,25699,25002,2535,27537,320
2022-01-01,Marin,041,260295,22311,20475,986,21461,249
2022-01-01,Mariposa,043,17540,1595,1509,66,1575,6
2022-01-01,Mendocino,045,87422,8778,8422,749,9171,101
2022-01-01,Merced,047,269075,45858,44769,2217,46986,694
2022-01-01,Modoc,049,8938,617,601,215,816,6
2022-01-01,Mono,051,14174,2248,2101,30,2131,4
2022-01-01,Monterey,053,433212,53583,50251,4078,54329,643
2022-01-01,Napa,055,140530,15836,14439,277,14716,107
2022-01-01,Nevada,057,99092,10830,10299,401,10700,110
2022-01-01,Orange,059,3164182,372613,339526,23574,363100,5890
2022-01-01,Placer,061,380077,43191,40857,4590,45447,489
2022-01-01,Plumas,063,18699,2052,1994,56,2050,12
2022-01-01,Riverside,065,2383286,421891,397124,19042,416166,5501
2022-01-01,Sacramento,067,1510023,183784,173562,6572,180134,2448
2022-01-01,San Benito,069,59416,8746,8320,213,8533,79
2022-01-01,San Bernardino,071,2135413,412943,386278,13870,400148,6051
2022-01-01,San Diego,073,3302833,474081,427087,28008,455095,4469
2022-01-01,San Francisco,075,870044,73251,64498,3327,67825,682
2022-01-01,San Joaquin,077,732212,111866,106640,6205,112845,1902
2022-01-01,San Luis Obispo,079,281455,34240,32342,1614,33956,365
2022-01-01,San Mateo,081,765935,70351,60504,1777,62281,581
2022-01-01,Santa Barbara,083,443738,52926,49555,1940,51495,568
2022-01-01,Santa Clara,085,1922200,180663,164547,2900,167447,1969
2022-01-01,Santa Cruz,087,273765,24735,22980,1284,24264,228
2022-01-01,Shasta,089,179085,23628,23161,3876,27037,435
2022-01-01,Sierra,091,2930,216,206,21,227,0
2022-01-01,Siskiyou,093,43540,3577,3474,1457,4931,61
2022-01-01,Solano,095,438530,52439,48957,1754,50711,379
2022-01-01,Sonoma,097,501317,49405,46040,806,46846,410
2022-01-01,Stanislaus,099,539301,86159,84367,9889,94256,1332
2022-01-01,Sutter,101,95872,15114,14741,446,15187,193
2022-01-01,Tehama,103,63373,9165,8944,1633,10577,139
2022-01-01,Trinity,105,12862,923,832,229,1061,17
2022-01-01,Tulare,107,460477,74275,71941,17840,89781,1160
2022-01-01,Tuolumne,109,53932,8308,8044,122,8166,91
2022-01-01,Ventura,111,848112,118231,107992,5991,113983,1211
2022-01-01,Yolo,113,214977,23263,21747,1670,23417,270
2022-01-01,Yuba,115,75493,11201,10844,439,11283,99
2021-12-31,Alameda,001,1643700,145627,133486,4193,137679,1528
2021-12-31,Alpine,003,1148,111,113,0,113,0
2021-12-31,Amador,005,37829,6058,5913,88,6001,70
2021-12-31,Butte,007,227075,23327,22469,4193,26662,341
2021-12-31,Calaveras,009,45235,4792,4668,72,4740,93
2021-12-31,Colusa,011,21464,2715,2659,738,3397,21
2021-12-31,Contra Costa,013,1133247,118371,109593,3323,112916,1073
2021-12-31,Del Norte,015,27424,3892,3841,62,3903,43
2021-12-31,El Dorado,017,186661,18598,17621,1956,19577,172
2021-12-31,Fresno,019,978130,154832,149927,13812,163739,2379
2021-12-31,Glenn,021,27897,3735,3663,1054,4717,39
2021-12-31,Humboldt,023,135768,11010,10381,885,11266,119
2021-12-31,Imperial,025,180216,38897,37672,5032,42704,800
2021-12-31,Inyo,027,18085,2899,2726,51,2777,49
2021-12-31,Kern,029,883053,140083,136123,27026,163149,1917
2021-12-31,Kings,031,150075,35280,34318,2173,36491,386
2021-12-31,Lake,033,64148,7204,7060,207,7267,117
2021-12-31,Lassen,035,31185,7152,7089,440,7529,55
2021-12-31,Los Angeles,037,10098052,1740608,1596123,73793,1669916,27371
2021-12-31,Madera,039,155013,25632,25002,2518,27520,320
2021-12-31,Marin,041,260295,22155,20475,955,21430,249
2021-12-31,Mariposa,043,17540,1588,1509,65,1574,6
2021-12-31,Mendocino,045,87422,8745,8422,746,9168,101
2021-12-31,Merced,047,269075,45774,44769,2200,46969,694
2021-12-31,Modoc,049,8938,613,601,213,814,6
2021-12-31,Mono,051,14174,2235,2101,29,2130,4
2021-12-31,Monterey,053,433212,53458,50251,4013,54264,643
2021-12-31,Napa,055,140530,15724,14439,267,14706,107
2021-12-31,Nevada,057,99092,10764,10299,395,10694,110
2021-12-31,Orange,059,3164182,370105,339526,23150,362676,5890
2021-12-31,Placer,061,380077,42955,40857,4524,45381,489
2021-12-31,Plumas,063,18699,2047,1994,56,2050,12
2021-12-31,Riverside,065,2383286,420217,397124,18884,416008,5501
2021-12-31,Sacramento,067,1510023,182938,173562,6469,180031,2448
2021-12-31,San Benito,069,59416,8732,8320,212,8532,79
2021-12-31,San Bernardino,071,2135413,410779,386278,13683,399961,6051
2021-12-31,San Diego,073,3302833,470923,427087,27700,454787,4469
2021-12-31,San Francisco,075,870044,72325,64498,3271,67769,682
2021-12-31,San Joaquin,077,732212,111247,106640,6162,112802,1902
2021-12-31,San Luis Obispo,079,281455,34132,32342,1601,33943,365
2021-12-31,San Mateo,081,765935,69478,60504,1723,62227,581
2021-12-31,Santa Barbara,083,443738,52532,49555,1926,51481,568
2021-12-31,Santa Clara,085,1922200,178733,164547,2758,167305,1969
2021-12-31,Santa Cruz,087,273765,24500,22980,1262,24242,228
2021-12-31,Shasta,089,179085,23564,23161,3855,27016,435
2021-12-31,Sierra,091,2930,216,206,21,227,0
2021-12-31,Siskiyou,093,43540,3570,3474,1446,4920,61
2021-12-31,Solano,095,438530,52281,48957,1728,50685,379
2021-12-31,Sonoma,097,501317,49157,46040,793,46833,410
2021-12-31,Stanislaus,099,539301,85835,84367,9845,94212,1332
2021-12-31,Sutter,101,95872,15053,14741,440,15181,193
2021-12-31,Tehama,103,63373,9133,8944,1624,10568,139
2021-12-31,Trinity,105,12862,922,832,229,1061,17
2021-12-31,Tulare,107,460477,74078,71941,17751,89692,1160
2021-12-31,Tuolumne,109,53932,8264,8044,121,8165,91
2021-12-31,Ventura,111,848112,117258,107992,5909,113901,1211
2021-12-31,Yolo,113,214977,23042,21747,1648,23395,270
2021-12-31,Yuba,115,75493,11144,10844,433,11277,99
2021-12-30,Alameda,001,1643700,144356,133486,4060,137546,1528
2021-12-30,Alpine,003,1148,110,113,0,113,0
2021-12-30,Amador,005,37829,6039,5913,87,6000,70
2021-12-30,Butte,007,227075,23206,22469,4171,26640,341
2021-12-30,Calaveras,009,45235,4773,4668,72,4740,93
2021-12-30,Colusa,011,21464,2714,2659,736,3395,21
2021-12-30,Contra Costa,013,1133247,117285,109593,3212,112805,1073
2021-12-30,Del Norte,015,27424,3881,3841,61,3902,43
2021-12-30,El Dorado,017,186661,18494,17621,1935,19556,172
2021-12-30,Fresno,019,978130,154320,149927,13748,163675,2379
2021-12-30,Glenn,021,27897,3730,3663,1051,4714,39
2021-12-30,Humboldt,023,135768,10942,10381,873,11254,119
2021-12-30,Imperial,025,180216,38729,37672,4916,42588,800
2021-12-30,Inyo,027,18085,2881,2726,49,2775,49
2021-12-30,Kern,029,883053,139549,136123,26724,162847,1917
2021-12-30,Kings,031,150075,35162,34318,2158,36476,386
2021-12-30,Lake,033,64148,7190,7060,202,7262,117
2021-12-30,Lassen,035,31185,7146,7089,440,7529,55
2021-12-30,Los Angeles,037,10098052,1717318,1596123,72539,1668662,27371
2021-12-30,Madera,039,155013,25550,25002,2498,27500,320
2021-12-30,Marin,041,260295,21978,20475,931,21406,249
2021-12-30,Mariposa,043,17540,1582,1509,65,1574,6
2021-12-30,Mendocino,045,87422,8728,8422,735,9157,101
2021-12-30,Merced,047,269075,45672,44769,2186,46955,694
2021-12-30,Modoc,049,8938,612,601,213,814,6
2021-12-30,Mono,051,14174,2231,2101,28,2129,4
2021-12-30,Monterey,053,433212,53153,50251,3952,54203,643
2021-12-30,Napa,055,140530,15580,14439,258,14697,107
2021-12-30,Nevada,057,99092,10702,10299,387,10686,110
2021-12-30,Orange,059,3164182,365016,339526,22593,362119,5890
2021-12-30,Placer,061,380077,42677,40857,4475,45332,489
2021-12-30,Plumas,063,18699,2043,1994,55,2049,12
2021-12-30,Riverside,065,2383286,416947,397124,18728,415852,5501
2021-12-30,Sacramento,067,1510023,181687,173562,6323,179885,2448
2021-12-30,San Benito,069,59416,8686,8320,208,8528,79
2021-12-30,San Bernardino,071,2135413,408306,386278,13534,399812,6051
2021-12-30,San Diego,073,3302833,465789,427087,27205,454292,4469
2021-12-30,San Francisco,075,870044,71219,64498,3199,67697,682
2021-12-30,San Joaquin,077,732212,110656,106640,6125,112765,1902
2021-12-30,San Luis Obispo,079,281455,34012,32342,1587,33929,365
2021-12-30,San Mateo,081,765935,68436,60504,1591,62095,581
2021-12-30,Santa Barbara,083,443738,52053,49555,1906,51461,568
2021-12-30,Santa Clara,085,1922200,176459,164547,2633,167180,1969
2021-12-30,Santa Cruz,087,273765,24262,22980,1227,24207,228
2021-12-30,Shasta,089,179085,23514,23161,3849,27010,435
2021-12-30,Sierra,091,2930,216,206,21,227,0
2021-12-30,Siskiyou,093,43540,3561,3474,1444,4918,61
2021-12-30,Solano,095,438530,51932,48957,1681,50638,379
2021-12-30,Sonoma,097,501317,48825,46040,784,46824,410
2021-12-30,Stanislaus,099,539301,85521,84367,9797,94164,1332
2021-12-30,Sutter,101,95872,14993,14741,439,15180,193
2021-12-30,Tehama,103,63373,9105,8944,1618,10562,139
2021-12-30,Trinity,105,12862,919,832,229,1061,17
2021-12-30,Tulare,107,460477,73898,71941,17668,89609,1160
2021-12-30,Tuolumne,109,53932,8225,8044,120,8164,91
2021-12-30,Ventura,111,848112,116001,107992,5809,113801,1211
2021-12-30,Yolo,113,214977,22910,21747,1621,23368,270
2021-12-30,Yuba,115,75493,11097,10844,431,11275,99
2021-12-29,Alameda,001,1643700,141164,131586,3906,135492,1529
2021-12-29,Alpine,003,1148,110,113,0,113,0
2021-12-29,Amador,005,37829,6016,5905,84,5989,70
2021-12-29,Butte,007,227075,23063,22353,4135,26488,338
2021-12-29,Calaveras,009,45235,4745,4646,70,4716,93
2021-12-29,Colusa,011,21464,2704,2657,731,3388,21
2021-12-29,Contra Costa,013,1133247,115183,108165,3085,111250,1072
2021-12-29,Del Norte,015,27424,3867,3826,59,3885,43
2021-12-29,El Dorado,017,186661,18269,17489,1917,19406,172
2021-12-29,Fresno,019,978130,153211,149318,13645,162963,2364
2021-12-29,Glenn,021,27897,3720,3653,1049,4702,39
2021-12-29,Humboldt,023,135768,10837,10249,852,11101,119
2021-12-29,Imperial,025,180216,38498,37460,4846,42306,800
2021-12-29,Inyo,027,18085,2849,2703,49,2752,49
2021-12-29,Kern,029,883053,138746,135648,26334,161982,1913
2021-12-29,Kings,031,150075,35047,34216,2152,36368,386
2021-12-29,Lake,033,64148,7159,7048,200,7248,117
2021-12-29,Lassen,035,31185,7142,7085,439,7524,55
2021-12-29,Los Angeles,037,10098052,1687391,1576414,70833,1647247,27349
2021-12-29,Madera,039,155013,25446,24923,2487,27410,320
2021-12-29,Marin,041,260295,21622,20025,910,20935,249
2021-12-29,Mariposa,043,17540,1560,1507,65,1572,6
2021-12-29,Mendocino,045,87422,8669,8386,731,9117,99
2021-12-29,Merced,047,269075,45455,44548,2172,46720,693
2021-12-29,Modoc,049,8938,609,600,213,813,6
2021-12-29,Mono,051,14174,2207,2056,27,2083,4
2021-12-29,Monterey,053,433212,52742,50097,3846,53943,641
2021-12-29,Napa,055,140530,15256,14247,239,14486,107
2021-12-29,Nevada,057,99092,10610,10274,386,10660,110
2021-12-29,Orange,059,3164182,357507,334557,21912,356469,5887
2021-12-29,Placer,061,380077,42192,40545,4400,44945,489
2021-12-29,Plumas,063,18699,2031,1990,55,2045,12
2021-12-29,Riverside,065,2383286,411531,392989,18517,411506,5486
2021-12-29,Sacramento,067,1510023,179350,172145,6158,178303,2437
2021-12-29,San Benito,069,59416,8542,8239,207,8446,79
2021-12-29,San Bernardino,071,2135413,403085,382872,13324,396196,6049
2021-12-29,San Diego,073,3302833,454925,421045,26502,447547,4461
2021-12-29,San Francisco,075,870044,69517,63117,3129,66246,684
2021-12-29,San Joaquin,077,732212,109485,106063,6074,112137,1891
2021-12-29,San Luis Obispo,079,281455,33619,31936,1538,33474,365
2021-12-29,San Mateo,081,765935,66810,59478,1481,60959,581
2021-12-29,Santa Barbara,083,443738,51213,49003,1881,50884,568
2021-12-29,Santa Clara,085,1922200,173327,162008,2500,164508,1962
2021-12-29,Santa Cruz,087,273765,23984,22669,1194,23863,228
2021-12-29,Shasta,089,179085,23439,23083,3837,26920,435
2021-12-29,Sierra,091,2930,216,206,21,227,0
2021-12-29,Siskiyou,093,43540,3549,3472,1433,4905,61
2021-12-29,Solano,095,438530,51228,48562,1625,50187,379
2021-12-29,Sonoma,097,501317,48028,45479,760,46239,410
2021-12-29,Stanislaus,099,539301,85039,84083,9745,93828,1332
2021-12-29,Sutter,101,95872,14927,14688,438,15126,193
2021-12-29,Tehama,103,63373,9081,8914,1605,10519,138
2021-12-29,Trinity,105,12862,918,832,229,1061,17
2021-12-29,Tulare,107,460477,73605,71752,17550,89302,1160
2021-12-29,Tuolumne,109,53932,8172,8012,119,8131,91
2021-12-29,Ventura,111,848112,114061,106974,5629,112603,1207
2021-12-29,Yolo,113,214977,22680,21564,1590,23154,270
2021-12-29,Yuba,115,75493,11036,10808,427,11235,99
2021-12-28,Alameda,001,1643700,138024,130427,3743,134170,1522
2021-12-28,Alpine,003,1148,110,113,0,113,0
2021-12-28,Amador,005,37829,5997,5900,83,5983,70
2021-12-28,Butte,007,227075,22923,22285,4118,26403,338
2021-12-28,Calaveras,009,45235,4728,4641,69,4710,91
2021-12-28,Colusa,011,21464,2698,2653,729,3382,21
2021-12-28,Contra Costa,013,1133247,112907,107160,2967,110127,1072
2021-12-28,Del Norte,015,27424,3861,3815,59,3874,43
2021-12-28,El Dorado,017,186661,18044,17419,1906,19325,172
2021-12-28,Fresno,019,978130,152156,148987,13561,162548,2365
2021-12-28,Glenn,021,27897,3694,3639,1047,4686,39
2021-12-28,Humboldt,023,135768,10717,10198,827,11025,119
2021-12-28,Imperial,025,180216,38202,37223,4740,41963,800
2021-12-28,Inyo,027,18085,2791,2676,48,2724,48
2021-12-28,Kern,029,883053,138030,135346,25978,161324,1909
2021-12-28,Kings,031,150075,34911,34165,2137,36302,386
2021-12-28,Lake,033,64148,7140,7044,195,7239,116
2021-12-28,Lassen,035,31185,7134,7083,439,7522,55
2021-12-28,Los Angeles,037,10098052,1655174,1561791,69165,1630956,27323
2021-12-28,Madera,039,155013,25321,24865,2470,27335,320
2021-12-28,Marin,041,260295,21208,19739,880,20619,249
2021-12-28,Mariposa,043,17540,1549,1499,64,1563,6
2021-12-28,Mendocino,045,87422,8609,8366,723,9089,98
2021-12-28,Merced,047,269075,45214,44434,2164,46598,691
2021-12-28,Modoc,049,8938,609,599,212,811,6
2021-12-28,Mono,051,14174,2184,2045,25,2070,4
2021-12-28,Monterey,053,433212,52376,49973,3772,53745,639
2021-12-28,Napa,055,140530,14939,14131,212,14343,107
2021-12-28,Nevada,057,99092,10520,10250,383,10633,110
2021-12-28,Orange,059,3164182,349858,331279,21165,352444,5882
2021-12-28,Placer,061,380077,41722,40410,4330,44740,489
2021-12-28,Plumas,063,18699,2028,1989,55,2044,12
2021-12-28,Riverside,065,2383286,406294,390343,18271,408614,5470
2021-12-28,Sacramento,067,1510023,177062,171290,6027,177317,2426
2021-12-28,San Benito,069,59416,8406,8170,205,8375,79
2021-12-28,San Bernardino,071,2135413,397585,381316,13110,394426,6047
2021-12-28,San Diego,073,3302833,444175,417383,25970,443353,4450
2021-12-28,San Francisco,075,870044,67892,61745,3070,64815,682
2021-12-28,San Joaquin,077,732212,108437,105572,6029,111601,1884
2021-12-28,San Luis Obispo,079,281455,33160,31759,1522,33281,365
2021-12-28,San Mateo,081,765935,65301,58712,1392,60104,582
2021-12-28,Santa Barbara,083,443738,50569,48493,1861,50354,568
2021-12-28,Santa Clara,085,1922200,170192,160811,2404,163215,1962
2021-12-28,Santa Cruz,087,273765,23612,22513,1155,23668,228
2021-12-28,Shasta,089,179085,23367,23035,3832,26867,434
2021-12-28,Sierra,091,2930,213,206,21,227,0
2021-12-28,Siskiyou,093,43540,3540,3468,1428,4896,60
2021-12-28,Solano,095,438530,50305,48318,1571,49889,378
2021-12-28,Sonoma,097,501317,47172,45086,734,45820,410
2021-12-28,Stanislaus,099,539301,84557,83946,9694,93640,1331
2021-12-28,Sutter,101,95872,14877,14662,436,15098,193
2021-12-28,Tehama,103,63373,9064,8893,1603,10496,138
2021-12-28,Trinity,105,12862,916,831,228,1059,17
2021-12-28,Tulare,107,460477,73323,71630,17421,89051,1156
2021-12-28,Tuolumne,109,53932,8129,8006,119,8125,91
2021-12-28,Ventura,111,848112,111951,105883,5498,111381,1207
2021-12-28,Yolo,113,214977,22348,21320,1540,22860,270
2021-12-28,Yuba,115,75493,10981,10778,424,11202,99
2021-12-27,Alameda,001,1643700,135458,129910,3601,133511,1530
2021-12-27,Alpine,003,1148,110,113,0,113,0
2021-12-27,Amador,005,37829,5969,5891,83,5974,70
2021-12-27,Butte,007,227075,22792,22234,4095,26329,335
2021-12-27,Calaveras,009,45235,4706,4630,68,4698,91
2021-12-27,Colusa,011,21464,2687,2652,723,3375,21
2021-12-27,Contra Costa,013,1133247,110755,106692,2886,109578,1071
2021-12-27,Del Norte,015,27424,3852,3802,58,3860,43
2021-12-27,El Dorado,017,186661,17885,17361,1893,19254,172
2021-12-27,Fresno,019,978130,151205,148826,13496,162322,2364
2021-12-27,Glenn,021,27897,3686,3634,1042,4676,39
2021-12-27,Humboldt,023,135768,10601,10164,805,10969,119
2021-12-27,Imperial,025,180216,37965,37180,4639,41819,800
2021-12-27,Inyo,027,18085,2762,2662,46,2708,48
2021-12-27,Kern,029,883053,137380,135119,25675,160794,1907
2021-12-27,Kings,031,150075,34763,34126,2124,36250,382
2021-12-27,Lake,033,64148,7117,7037,185,7222,116
2021-12-27,Lassen,035,31185,7128,7080,439,7519,55
2021-12-27,Los Angeles,037,10098052,1618904,1554074,67409,1621483,27300
2021-12-27,Madera,039,155013,25205,24840,2452,27292,320
2021-12-27,Marin,041,260295,20819,19601,853,20454,249
2021-12-27,Mariposa,043,17540,1534,1495,64,1559,6
2021-12-27,Mendocino,045,87422,8542,8351,718,9069,98
2021-12-27,Merced,047,269075,44983,44383,2147,46530,690
2021-12-27,Modoc,049,8938,607,599,212,811,6
2021-12-27,Mono,051,14174,2121,2026,25,2051,4
2021-12-27,Monterey,053,433212,52080,49918,3719,53637,639
2021-12-27,Napa,055,140530,14670,14083,203,14286,107
2021-12-27,Nevada,057,99092,10451,10239,375,10614,110
2021-12-27,Orange,059,3164182,342410,329222,20358,349580,5875
2021-12-27,Placer,061,380077,41339,40263,4282,44545,489
2021-12-27,Plumas,063,18699,2026,1988,53,2041,12
2021-12-27,Riverside,065,2383286,401718,389096,18006,407102,5470
2021-12-27,Sacramento,067,1510023,175050,170858,5853,176711,2422
2021-12-27,San Benito,069,59416,8290,8133,201,8334,79
2021-12-27,San Bernardino,071,2135413,391936,380526,12917,393443,6047
2021-12-27,San Diego,073,3302833,433960,414968,25496,440464,4445
2021-12-27,San Francisco,075,870044,66133,60920,3005,63925,682
2021-12-27,San Joaquin,077,732212,107523,105413,5982,111395,1876
2021-12-27,San Luis Obispo,079,281455,32716,31671,1500,33171,365
2021-12-27,San Mateo,081,765935,63790,58397,1292,59689,581
2021-12-27,Santa Barbara,083,443738,49789,48209,1841,50050,568
2021-12-27,Santa Clara,085,1922200,167224,159904,2281,162185,1961
2021-12-27,Santa Cruz,087,273765,23322,22456,1137,23593,228
2021-12-27,Shasta,089,179085,23304,23015,3821,26836,432
2021-12-27,Sierra,091,2930,213,206,21,227,0
2021-12-27,Siskiyou,093,43540,3531,3466,1423,4889,60
2021-12-27,Solano,095,438530,49570,48172,1523,49695,378
2021-12-27,Sonoma,097,501317,46600,44990,715,45705,410
2021-12-27,Stanislaus,099,539301,84110,83833,9659,93492,1331
2021-12-27,Sutter,101,95872,14822,14642,431,15073,191
2021-12-27,Tehama,103,63373,9049,8887,1596,10483,136
2021-12-27,Trinity,105,12862,916,827,228,1055,17
2021-12-27,Tulare,107,460477,73057,71562,17323,88885,1146
2021-12-27,Tuolumne,109,53932,8092,7978,118,8096,91
2021-12-27,Ventura,111,848112,109864,105212,5362,110574,1206
2021-12-27,Yolo,113,214977,22053,21300,1505,22805,270
2021-12-27,Yuba,115,75493,10920,10759,423,11182,98
2021-12-26,Alameda,001,1643700,133437,127221,3529,130750,1525
2021-12-26,Alpine,003,1148,110,113,0,113,0
2021-12-26,Amador,005,37829,5953,5861,81,5942,70
2021-12-26,Butte,007,227075,22640,22087,4071,26158,330
2021-12-26,Calaveras,009,45235,4684,4591,68,4659,91
2021-12-26,Colusa,011,21464,2677,2647,717,3364,21
2021-12-26,Contra Costa,013,1133247,108990,105022,2787,107809,1071
2021-12-26,Del Norte,015,27424,3847,3795,58,3853,43
2021-12-26,El Dorado,017,186661,17729,17188,1884,19072,172
2021-12-26,Fresno,019,978130,150505,148027,13428,161455,2358
2021-12-26,Glenn,021,27897,3678,3611,1031,4642,39
2021-12-26,Humboldt,023,135768,10458,10052,782,10834,119
2021-12-26,Imperial,025,180216,37664,36878,4544,41422,800
2021-12-26,Inyo,027,18085,2738,2636,43,2679,47
2021-12-26,Kern,029,883053,136661,134591,25419,160010,1908
2021-12-26,Kings,031,150075,34612,34009,2118,36127,379
2021-12-26,Lake,033,64148,7095,7019,182,7201,116
2021-12-26,Lassen,035,31185,7122,7072,438,7510,55
2021-12-26,Los Angeles,037,10098052,1589067,1515469,65606,1581075,27257
2021-12-26,Madera,039,155013,25086,24741,2437,27178,320
2021-12-26,Marin,041,260295,20440,19085,791,19876,249
2021-12-26,Mariposa,043,17540,1528,1480,64,1544,6
2021-12-26,Mendocino,045,87422,8491,8314,716,9030,98
2021-12-26,Merced,047,269075,44733,44208,2136,46344,690
2021-12-26,Modoc,049,8938,606,597,210,807,6
2021-12-26,Mono,051,14174,2095,2000,25,2025,4
2021-12-26,Monterey,053,433212,51804,49709,3671,53380,638
2021-12-26,Napa,055,140530,14434,13809,198,14007,107
2021-12-26,Nevada,057,99092,10391,10153,368,10521,110
2021-12-26,Orange,059,3164182,336095,322991,19553,342544,5863
2021-12-26,Placer,061,380077,40994,39852,4211,44063,489
2021-12-26,Plumas,063,18699,2019,1987,52,2039,12
2021-12-26,Riverside,065,2383286,397549,384567,17835,402402,5470
2021-12-26,Sacramento,067,1510023,173329,169144,5703,174847,2418
2021-12-26,San Benito,069,59416,8208,7991,197,8188,79
2021-12-26,San Bernardino,071,2135413,387394,376052,12744,388796,6043
2021-12-26,San Diego,073,3302833,424983,406616,25042,431658,4442
2021-12-26,San Francisco,075,870044,64553,58229,2943,61172,682
2021-12-26,San Joaquin,077,732212,106707,104590,5931,110521,1872
2021-12-26,San Luis Obispo,079,281455,32278,31290,1482,32772,365
2021-12-26,San Mateo,081,765935,62390,56973,1244,58217,581
2021-12-26,Santa Barbara,083,443738,49116,47553,1811,49364,567
2021-12-26,Santa Clara,085,1922200,164533,156872,2149,159021,1967
2021-12-26,Santa Cruz,087,273765,23036,22176,1123,23299,228
2021-12-26,Shasta,089,179085,23221,22959,3809,26768,432
2021-12-26,Sierra,091,2930,213,202,21,223,0
2021-12-26,Siskiyou,093,43540,3523,3460,1414,4874,60
2021-12-26,Solano,095,438530,49068,47646,1485,49131,377
2021-12-26,Sonoma,097,501317,46107,44358,682,45040,408
2021-12-26,Stanislaus,099,539301,83738,83368,9623,92991,1331
2021-12-26,Sutter,101,95872,14758,14533,428,14961,191
2021-12-26,Tehama,103,63373,9016,8861,1593,10454,136
2021-12-26,Trinity,105,12862,916,826,227,1053,17
2021-12-26,Tulare,107,460477,72810,71292,17210,88502,1137
2021-12-26,Tuolumne,109,53932,8055,7919,118,8037,91
2021-12-26,Ventura,111,848112,108031,103498,5213,108711,1206
2021-12-26,Yolo,113,214977,21770,21084,1464,22548,270
2021-12-26,Yuba,115,75493,10869,10694,421,11115,98
2021-12-25,Alameda,001,1643700,132395,127221,3466,130687,1525
2021-12-25,Alpine,003,1148,110,113,0,113,0
2021-12-25,Amador,005,37829,5933,5861,81,5942,70
2021-12-25,Butte,007,227075,22544,22087,4055,26142,330
2021-12-25,Calaveras,009,45235,4655,4591,67,4658,91
2021-12-25,Colusa,011,21464,2672,2647,711,3358,21
2021-12-25,Contra Costa,013,1133247,108145,105022,2734,107756,1071
2021-12-25,Del Norte,015,27424,3840,3795,57,3852,43
2021-12-25,El Dorado,017,186661,17676,17188,1873,19061,172
2021-12-25,Fresno,019,978130,150198,148027,13388,161415,2358
2021-12-25,Glenn,021,27897,3668,3611,1027,4638,39
2021-12-25,Humboldt,023,135768,10380,10052,775,10827,119
2021-12-25,Imperial,025,180216,37545,36878,4520,41398,800
2021-12-25,Inyo,027,18085,2718,2636,43,2679,47
2021-12-25,Kern,029,883053,136315,134591,25294,159885,1908
2021-12-25,Kings,031,150075,34523,34009,2111,36120,379
2021-12-25,Lake,033,64148,7083,7019,180,7199,116
2021-12-25,Lassen,035,31185,7120,7072,438,7510,55
2021-12-25,Los Angeles,037,10098052,1576287,1515469,64271,1579740,27257
2021-12-25,Madera,039,155013,25038,24741,2431,27172,320
2021-12-25,Marin,041,260295,20102,19085,742,19827,249
2021-12-25,Mariposa,043,17540,1522,1480,64,1544,6
2021-12-25,Mendocino,045,87422,8453,8314,716,9030,98
2021-12-25,Merced,047,269075,44633,44208,2134,46342,690
2021-12-25,Modoc,049,8938,606,597,210,807,6
2021-12-25,Mono,051,14174,2078,2000,25,2025,4
2021-12-25,Monterey,053,433212,51639,49709,3636,53345,638
2021-12-25,Napa,055,140530,14319,13809,190,13999,107
2021-12-25,Nevada,057,99092,10361,10153,368,10521,110
2021-12-25,Orange,059,3164182,333236,322991,18978,341969,5863
2021-12-25,Placer,061,380077,40810,39852,4175,44027,489
2021-12-25,Plumas,063,18699,2017,1987,52,2039,12
2021-12-25,Riverside,065,2383286,395269,384567,17713,402280,5470
2021-12-25,Sacramento,067,1510023,172520,169144,5595,174739,2418
2021-12-25,San Benito,069,59416,8147,7991,197,8188,79
2021-12-25,San Bernardino,071,2135413,385259,376052,12607,388659,6043
2021-12-25,San Diego,073,3302833,420931,406616,24772,431388,4442
2021-12-25,San Francisco,075,870044,63527,58229,2907,61136,682
2021-12-25,San Joaquin,077,732212,106372,104590,5899,110489,1872
2021-12-25,San Luis Obispo,079,281455,32123,31290,1473,32763,365
2021-12-25,San Mateo,081,765935,61363,56973,1201,58174,581
2021-12-25,Santa Barbara,083,443738,48753,47553,1799,49352,567
2021-12-25,Santa Clara,085,1922200,163050,156872,2081,158953,1967
2021-12-25,Santa Cruz,087,273765,22877,22176,1117,23293,228
2021-12-25,Shasta,089,179085,23190,22959,3803,26762,432
2021-12-25,Sierra,091,2930,213,202,21,223,0
2021-12-25,Siskiyou,093,43540,3520,3460,1408,4868,60
2021-12-25,Solano,095,438530,48946,47646,1467,49113,377
2021-12-25,Sonoma,097,501317,45721,44358,656,45014,408
2021-12-25,Stanislaus,099,539301,83524,83368,9602,92970,1331
2021-12-25,Sutter,101,95872,14717,14533,426,14959,191
2021-12-25,Tehama,103,63373,8996,8861,1589,10450,136
2021-12-25,Trinity,105,12862,915,826,227,1053,17
2021-12-25,Tulare,107,460477,72674,71292,17129,88421,1137
2021-12-25,Tuolumne,109,53932,8024,7919,118,8037,91
2021-12-25,Ventura,111,848112,106861,103498,5104,108602,1206
2021-12-25,Yolo,113,214977,21658,21084,1443,22527,270
2021-12-25,Yuba,115,75493,10843,10694,420,11114,98
2021-12-24,Alameda,001,1643700,131797,127221,3448,130669,1525
2021-12-24,Alpine,003,1148,110,113,0,113,0
2021-12-24,Amador,005,37829,5925,5861,80,5941,70
2021-12-24,Butte,007,227075,22489,22087,4042,26129,330
2021-12-24,Calaveras,009,45235,4649,4591,67,4658,91
2021-12-24,Colusa,011,21464,2670,2647,710,3357,21
2021-12-24,Contra Costa,013,1133247,107833,105022,2701,107723,1071
2021-12-24,Del Norte,015,27424,3833,3795,57,3852,43
2021-12-24,El Dorado,017,186661,17624,17188,1868,19056,172
2021-12-24,Fresno,019,978130,150035,148027,13378,161405,2358
2021-12-24,Glenn,021,27897,3667,3611,1027,4638,39
2021-12-24,Humboldt,023,135768,10324,10052,769,10821,119
2021-12-24,Imperial,025,180216,37462,36878,4516,41394,800
2021-12-24,Inyo,027,18085,2698,2636,43,2679,47
2021-12-24,Kern,029,883053,136191,134591,25252,159843,1908
2021-12-24,Kings,031,150075,34457,34009,2110,36119,379
2021-12-24,Lake,033,64148,7079,7019,180,7199,116
2021-12-24,Lassen,035,31185,7117,7072,438,7510,55
2021-12-24,Los Angeles,037,10098052,1571449,1515469,63748,1579217,27257
2021-12-24,Madera,039,155013,25005,24741,2426,27167,320
2021-12-24,Marin,041,260295,19958,19085,712,19797,249
2021-12-24,Mariposa,043,17540,1520,1480,64,1544,6
2021-12-24,Mendocino,045,87422,8436,8314,716,9030,98
2021-12-24,Merced,047,269075,44583,44208,2132,46340,690
2021-12-24,Modoc,049,8938,606,597,210,807,6
2021-12-24,Mono,051,14174,2065,2000,25,2025,4
2021-12-24,Monterey,053,433212,51542,49709,3611,53320,638
2021-12-24,Napa,055,140530,14253,13809,186,13995,107
2021-12-24,Nevada,057,99092,10334,10153,366,10519,110
2021-12-24,Orange,059,3164182,332189,322991,18820,341811,5863
2021-12-24,Placer,061,380077,40692,39852,4159,44011,489
2021-12-24,Plumas,063,18699,2016,1987,52,2039,12
2021-12-24,Riverside,065,2383286,394282,384567,17622,402189,5470
2021-12-24,Sacramento,067,1510023,172211,169144,5559,174703,2418
2021-12-24,San Benito,069,59416,8138,7991,196,8187,79
2021-12-24,San Bernardino,071,2135413,384180,376052,12539,388591,6043
2021-12-24,San Diego,073,3302833,419840,406616,24643,431259,4442
2021-12-24,San Francisco,075,870044,63017,58229,2889,61118,682
2021-12-24,San Joaquin,077,732212,106181,104590,5892,110482,1872
2021-12-24,San Luis Obispo,079,281455,32061,31290,1463,32753,365
2021-12-24,San Mateo,081,765935,60930,56973,1178,58151,581
2021-12-24,Santa Barbara,083,443738,48548,47553,1792,49345,567
2021-12-24,Santa Clara,085,1922200,162230,156872,2048,158920,1967
2021-12-24,Santa Cruz,087,273765,22794,22176,1114,23290,228
2021-12-24,Shasta,089,179085,23159,22959,3799,26758,432
2021-12-24,Sierra,091,2930,212,202,21,223,0
2021-12-24,Siskiyou,093,43540,3515,3460,1404,4864,60
2021-12-24,Solano,095,438530,48894,47646,1465,49111,377
2021-12-24,Sonoma,097,501317,45557,44358,648,45006,408
2021-12-24,Stanislaus,099,539301,83412,83368,9589,92957,1331
2021-12-24,Sutter,101,95872,14697,14533,423,14956,191
2021-12-24,Tehama,103,63373,8987,8861,1586,10447,136
2021-12-24,Trinity,105,12862,913,826,227,1053,17
2021-12-24,Tulare,107,460477,72608,71292,17085,88377,1137
2021-12-24,Tuolumne,109,53932,7999,7919,118,8037,91
2021-12-24,Ventura,111,848112,106413,103498,5048,108546,1206
2021-12-24,Yolo,113,214977,21585,21084,1425,22509,270
2021-12-24,Yuba,115,75493,10820,10694,419,11113,98
2021-12-23,Alameda,001,1643700,131117,127221,3411,130632,1525
2021-12-23,Alpine,003,1148,110,113,0,113,0
2021-12-23,Amador,005,37829,5913,5861,78,5939,70
2021-12-23,Butte,007,227075,22439,22087,4031,26118,330
2021-12-23,Calaveras,009,45235,4638,4591,67,4658,91
2021-12-23,Colusa,011,21464,2664,2647,706,3353,21
2021-12-23,Contra Costa,013,1133247,107413,105022,2656,107678,1071
2021-12-23,Del Norte,015,27424,3830,3795,57,3852,43
2021-12-23,El Dorado,017,186661,17562,17188,1862,19050,172
2021-12-23,Fresno,019,978130,149830,148027,13360,161387,2358
2021-12-23,Glenn,021,27897,3663,3611,1027,4638,39
2021-12-23,Humboldt,023,135768,10271,10052,766,10818,119
2021-12-23,Imperial,025,180216,37389,36878,4487,41365,800
2021-12-23,Inyo,027,18085,2685,2636,43,2679,47
2021-12-23,Kern,029,883053,136040,134591,25154,159745,1908
2021-12-23,Kings,031,150075,34416,34009,2109,36118,379
2021-12-23,Lake,033,64148,7067,7019,178,7197,116
2021-12-23,Lassen,035,31185,7116,7072,438,7510,55
2021-12-23,Los Angeles,037,10098052,1561939,1515469,62645,1578114,27257
2021-12-23,Madera,039,155013,24973,24741,2423,27164,320
2021-12-23,Marin,041,260295,19824,19085,695,19780,249
2021-12-23,Mariposa,043,17540,1515,1480,64,1544,6
2021-12-23,Mendocino,045,87422,8427,8314,716,9030,98
2021-12-23,Merced,047,269075,44534,44208,2130,46338,690
2021-12-23,Modoc,049,8938,606,597,210,807,6
2021-12-23,Mono,051,14174,2044,2000,24,2024,4
2021-12-23,Monterey,053,433212,51424,49709,3589,53298,638
2021-12-23,Napa,055,140530,14172,13809,181,13990,107
2021-12-23,Nevada,057,99092,10311,10153,365,10518,110
2021-12-23,Orange,059,3164182,330510,322991,18487,341478,5863
2021-12-23,Placer,061,380077,40568,39852,4143,43995,489
2021-12-23,Plumas,063,18699,2016,1987,52,2039,12
2021-12-23,Riverside,065,2383286,393076,384567,17552,402119,5470
2021-12-23,Sacramento,067,1510023,171759,169144,5513,174657,2418
2021-12-23,San Benito,069,59416,8120,7991,194,8185,79
2021-12-23,San Bernardino,071,2135413,383049,376052,12436,388488,6043
2021-12-23,San Diego,073,3302833,418009,406616,24445,431061,4442
2021-12-23,San Francisco,075,870044,62285,58229,2862,61091,682
2021-12-23,San Joaquin,077,732212,105964,104590,5879,110469,1872
2021-12-23,San Luis Obispo,079,281455,31989,31290,1459,32749,365
2021-12-23,San Mateo,081,765935,60373,56973,1157,58130,581
2021-12-23,Santa Barbara,083,443738,48349,47553,1790,49343,567
2021-12-23,Santa Clara,085,1922200,161320,156872,1989,158861,1967
2021-12-23,Santa Cruz,087,273765,22678,22176,1102,23278,228
2021-12-23,Shasta,089,179085,23131,22959,3796,26755,432
2021-12-23,Sierra,091,2930,209,202,21,223,0
2021-12-23,Siskiyou,093,43540,3515,3460,1402,4862,60
2021-12-23,Solano,095,438530,48789,47646,1449,49095,377
2021-12-23,Sonoma,097,501317,45380,44358,645,45003,408
2021-12-23,Stanislaus,099,539301,83284,83368,9575,92943,1331
2021-12-23,Sutter,101,95872,14679,14533,422,14955,191
2021-12-23,Tehama,103,63373,8975,8861,1582,10443,136
2021-12-23,Trinity,105,12862,913,826,227,1053,17
2021-12-23,Tulare,107,460477,72532,71292,17040,88332,1137
2021-12-23,Tuolumne,109,53932,7981,7919,117,8036,91
2021-12-23,Ventura,111,848112,105878,103498,4981,108479,1206
2021-12-23,Yolo,113,214977,21512,21084,1407,22491,270
2021-12-23,Yuba,115,75493,10807,10694,419,11113,98
2021-12-22,Alameda,001,1643700,130205,126533,3326,129859,1522
2021-12-22,Alpine,003,1148,110,112,0,112,0
2021-12-22,Amador,005,37829,5900,5850,77,5927,70
2021-12-22,Butte,007,227075,22389,22070,4020,26090,330
2021-12-22,Calaveras,009,45235,4629,4580,67,4647,91
2021-12-22,Colusa,011,21464,2664,2645,703,3348,21
2021-12-22,Contra Costa,013,1133247,106795,104559,2612,107171,1070
2021-12-22,Del Norte,015,27424,3830,3794,57,3851,43
2021-12-22,El Dorado,017,186661,17502,17140,1853,18993,172
2021-12-22,Fresno,019,978130,149548,147838,13331,161169,2349
2021-12-22,Glenn,021,27897,3658,3604,1027,4631,39
2021-12-22,Humboldt,023,135768,10210,10022,761,10783,119
2021-12-22,Imperial,025,180216,37303,36755,4448,41203,798
2021-12-22,Inyo,027,18085,2667,2632,43,2675,47
2021-12-22,Kern,029,883053,135806,134433,25069,159502,1900
2021-12-22,Kings,031,150075,34366,33953,2102,36055,376
2021-12-22,Lake,033,64148,7060,7008,176,7184,116
2021-12-22,Lassen,035,31185,7111,7069,437,7506,55
2021-12-22,Los Angeles,037,10098052,1548433,1507110,61467,1568577,27234
2021-12-22,Madera,039,155013,24934,24702,2419,27121,320
2021-12-22,Marin,041,260295,19603,18927,672,19599,249
2021-12-22,Mariposa,043,17540,1508,1480,64,1544,6
2021-12-22,Mendocino,045,87422,8418,8299,716,9015,99
2021-12-22,Merced,047,269075,44463,44137,2128,46265,689
2021-12-22,Modoc,049,8938,606,595,210,805,6
2021-12-22,Mono,051,14174,2040,1979,24,2003,4
2021-12-22,Monterey,053,433212,51272,49650,3572,53222,639
2021-12-22,Napa,055,140530,14044,13746,171,13917,107
2021-12-22,Nevada,057,99092,10284,10101,360,10461,110
2021-12-22,Orange,059,3164182,328235,321765,18053,339818,5858
2021-12-22,Placer,061,380077,40387,39758,4106,43864,489
2021-12-22,Plumas,063,18699,2012,1986,52,2038,12
2021-12-22,Riverside,065,2383286,391263,383319,17437,400756,5472
2021-12-22,Sacramento,067,1510023,171104,168695,5444,174139,2422
2021-12-22,San Benito,069,59416,8068,7971,192,8163,79
2021-12-22,San Bernardino,071,2135413,381431,375044,12353,387397,6039
2021-12-22,San Diego,073,3302833,413900,404269,24122,428391,4434
2021-12-22,San Francisco,075,870044,61287,57520,2814,60334,682
2021-12-22,San Joaquin,077,732212,105694,104385,5865,110250,1870
2021-12-22,San Luis Obispo,079,281455,31848,31175,1439,32614,365
2021-12-22,San Mateo,081,765935,59689,56604,1128,57732,581
2021-12-22,Santa Barbara,083,443738,48093,47372,1774,49146,566
2021-12-22,Santa Clara,085,1922200,160203,156258,1947,158205,1954
2021-12-22,Santa Cruz,087,273765,22572,22075,1096,23171,228
2021-12-22,Shasta,089,179085,23103,22937,3791,26728,432
2021-12-22,Sierra,091,2930,209,202,21,223,0
2021-12-22,Siskiyou,093,43540,3512,3458,1399,4857,59
2021-12-22,Solano,095,438530,48558,47531,1435,48966,375
2021-12-22,Sonoma,097,501317,45104,44201,634,44835,408
2021-12-22,Stanislaus,099,539301,83141,83245,9560,92805,1331
2021-12-22,Sutter,101,95872,14644,14513,419,14932,191
2021-12-22,Tehama,103,63373,8962,8853,1579,10432,136
2021-12-22,Trinity,105,12862,913,826,227,1053,17
2021-12-22,Tulare,107,460477,72431,71226,16985,88211,1137
2021-12-22,Tuolumne,109,53932,7960,7903,117,8020,91
2021-12-22,Ventura,111,848112,105272,103089,4874,107963,1206
2021-12-22,Yolo,113,214977,21436,21012,1392,22404,270
2021-12-22,Yuba,115,75493,10790,10681,419,11100,98
2021-12-21,Alameda,001,1643700,129221,126007,3270,129277,1518
2021-12-21,Alpine,003,1148,110,112,0,112,0
2021-12-21,Amador,005,37829,5890,5845,77,5922,70
2021-12-21,Butte,007,227075,22327,22041,4007,26048,330
2021-12-21,Calaveras,009,45235,4616,4575,67,4642,91
2021-12-21,Colusa,011,21464,2662,2643,702,3345,21
2021-12-21,Contra Costa,013,1133247,106154,104255,2547,106802,1068
2021-12-21,Del Norte,015,27424,3829,3793,57,3850,43
2021-12-21,El Dorado,017,186661,17439,17098,1841,18939,172
2021-12-21,Fresno,019,978130,149267,147707,13299,161006,2341
2021-12-21,Glenn,021,27897,3644,3602,1027,4629,39
2021-12-21,Humboldt,023,135768,10145,9989,756,10745,118
2021-12-21,Imperial,025,180216,37204,36580,4404,40984,792
2021-12-21,Inyo,027,18085,2655,2627,43,2670,47
2021-12-21,Kern,029,883053,135597,134321,24963,159284,1892
2021-12-21,Kings,031,150075,34306,33914,2101,36015,376
2021-12-21,Lake,033,64148,7055,7004,174,7178,116
2021-12-21,Lassen,035,31185,7109,7069,437,7506,55
2021-12-21,Los Angeles,037,10098052,1534550,1501169,60428,1561597,27220
2021-12-21,Madera,039,155013,24898,24688,2413,27101,320
2021-12-21,Marin,041,260295,19433,18828,637,19465,249
2021-12-21,Mariposa,043,17540,1507,1480,63,1543,6
2021-12-21,Mendocino,045,87422,8402,8282,714,8996,97
2021-12-21,Merced,047,269075,44391,44096,2125,46221,688
2021-12-21,Modoc,049,8938,604,595,208,803,6
2021-12-21,Mono,051,14174,2020,1979,24,2003,4
2021-12-21,Monterey,053,433212,51183,49586,3555,53141,638
2021-12-21,Napa,055,140530,13943,13703,160,13863,107
2021-12-21,Nevada,057,99092,10255,10095,360,10455,110
2021-12-21,Orange,059,3164182,326115,320705,17598,338303,5855
2021-12-21,Placer,061,380077,40247,39649,4077,43726,487
2021-12-21,Plumas,063,18699,2012,1975,52,2027,12
2021-12-21,Riverside,065,2383286,389543,382415,17316,399731,5465
2021-12-21,Sacramento,067,1510023,170457,168422,5388,173810,2419
2021-12-21,San Benito,069,59416,8031,7950,190,8140,79
2021-12-21,San Bernardino,071,2135413,379848,374219,12245,386464,6026
2021-12-21,San Diego,073,3302833,410175,402386,23796,426182,4424
2021-12-21,San Francisco,075,870044,60329,56950,2780,59730,681
2021-12-21,San Joaquin,077,732212,105405,104238,5846,110084,1870
2021-12-21,San Luis Obispo,079,281455,31684,31103,1427,32530,365
2021-12-21,San Mateo,081,765935,59073,56381,1104,57485,581
2021-12-21,Santa Barbara,083,443738,47865,47194,1759,48953,564
2021-12-21,Santa Clara,085,1922200,159181,155769,1904,157673,1951
2021-12-21,Santa Cruz,087,273765,22456,22028,1085,23113,228
2021-12-21,Shasta,089,179085,23073,22920,3787,26707,429
2021-12-21,Sierra,091,2930,207,201,21,222,0
2021-12-21,Siskiyou,093,43540,3511,3455,1399,4854,59
2021-12-21,Solano,095,438530,48402,47474,1428,48902,372
2021-12-21,Sonoma,097,501317,44881,44051,624,44675,408
2021-12-21,Stanislaus,099,539301,82985,83167,9533,92700,1331
2021-12-21,Sutter,101,95872,14621,14492,418,14910,190
2021-12-21,Tehama,103,63373,8954,8849,1574,10423,136
2021-12-21,Trinity,105,12862,913,826,227,1053,17
2021-12-21,Tulare,107,460477,72340,71166,16942,88108,1137
2021-12-21,Tuolumne,109,53932,7936,7893,117,8010,91
2021-12-21,Ventura,111,848112,104656,102631,4761,107392,1205
2021-12-21,Yolo,113,214977,21326,20944,1388,22332,267
2021-12-21,Yuba,115,75493,10773,10668,419,11087,98
2021-12-20,Alameda,001,1643700,128295,125762,3201,128963,1515
2021-12-20,Alpine,003,1148,110,112,0,112,0
2021-12-20,Amador,005,37829,5876,5838,77,5915,70
2021-12-20,Butte,007,227075,22266,22030,3998,26028,329
2021-12-20,Calaveras,009,45235,4606,4569,67,4636,91
2021-12-20,Colusa,011,21464,2660,2644,702,3346,21
2021-12-20,Contra Costa,013,1133247,105632,104051,2500,106551,1068
2021-12-20,Del Norte,015,27424,3827,3792,57,3849,43
2021-12-20,El Dorado,017,186661,17374,17083,1832,18915,172
2021-12-20,Fresno,019,978130,149028,147605,13273,160878,2341
2021-12-20,Glenn,021,27897,3638,3597,1027,4624,39
2021-12-20,Humboldt,023,135768,10102,9973,753,10726,118
2021-12-20,Imperial,025,180216,37088,36532,4373,40905,792
2021-12-20,Inyo,027,18085,2652,2615,43,2658,47
2021-12-20,Kern,029,883053,135400,134203,24903,159106,1883
2021-12-20,Kings,031,150075,34264,33898,2100,35998,376
2021-12-20,Lake,033,64148,7050,6999,174,7173,116
2021-12-20,Lassen,035,31185,7107,7065,436,7501,55
2021-12-20,Los Angeles,037,10098052,1523082,1495251,59697,1554948,27188
2021-12-20,Madera,039,155013,24869,24668,2409,27077,313
2021-12-20,Marin,041,260295,19219,18747,619,19366,249
2021-12-20,Mariposa,043,17540,1498,1479,63,1542,6
2021-12-20,Mendocino,045,87422,8390,8264,712,8976,96
2021-12-20,Merced,047,269075,44334,44071,2120,46191,687
2021-12-20,Modoc,049,8938,604,595,205,800,6
2021-12-20,Mono,051,14174,1998,1973,24,1997,4
2021-12-20,Monterey,053,433212,51088,49556,3537,53093,636
2021-12-20,Napa,055,140530,13859,13672,150,13822,107
2021-12-20,Nevada,057,99092,10215,10079,359,10438,109
2021-12-20,Orange,059,3164182,324520,320235,17277,337512,5852
2021-12-20,Placer,061,380077,40119,39579,4047,43626,485
2021-12-20,Plumas,063,18699,2010,1971,51,2022,12
2021-12-20,Riverside,065,2383286,388102,381841,17224,399065,5452
2021-12-20,Sacramento,067,1510023,169890,168153,5345,173498,2414
2021-12-20,San Benito,069,59416,7989,7934,188,8122,79
2021-12-20,San Bernardino,071,2135413,378392,373881,12161,386042,6023
2021-12-20,San Diego,073,3302833,406940,401483,23557,425040,4412
2021-12-20,San Francisco,075,870044,59268,56661,2718,59379,681
2021-12-20,San Joaquin,077,732212,105161,104188,5837,110025,1865
2021-12-20,San Luis Obispo,079,281455,31570,31075,1419,32494,365
2021-12-20,San Mateo,081,765935,58527,56247,1085,57332,581
2021-12-20,Santa Barbara,083,443738,47656,47131,1754,48885,562
2021-12-20,Santa Clara,085,1922200,158223,155427,1856,157283,1950
2021-12-20,Santa Cruz,087,273765,22375,21989,1080,23069,227
2021-12-20,Shasta,089,179085,23053,22888,3782,26670,429
2021-12-20,Sierra,091,2930,206,201,21,222,0
2021-12-20,Siskiyou,093,43540,3510,3453,1397,4850,59
2021-12-20,Solano,095,438530,48273,47394,1420,48814,370
2021-12-20,Sonoma,097,501317,44691,43982,616,44598,408
2021-12-20,Stanislaus,099,539301,82861,83110,9506,92616,1331
2021-12-20,Sutter,101,95872,14599,14480,418,14898,190
2021-12-20,Tehama,103,63373,8946,8840,1571,10411,136
2021-12-20,Trinity,105,12862,913,826,227,1053,17
2021-12-20,Tulare,107,460477,72247,71124,16877,88001,1129
2021-12-20,Tuolumne,109,53932,7922,7867,113,7980,91
2021-12-20,Ventura,111,848112,104150,102452,4683,107135,1203
2021-12-20,Yolo,113,214977,21233,20903,1376,22279,267
2021-12-20,Yuba,115,75493,10757,10656,416,11072,97
2021-12-19,Alameda,001,1643700,127421,125464,3154,128618,1519
2021-12-19,Alpine,003,1148,110,112,0,112,0
2021-12-19,Amador,005,37829,5864,5832,76,5908,70
2021-12-19,Butte,007,227075,22214,22022,3992,26014,329
2021-12-19,Calaveras,009,45235,4590,4563,66,4629,91
2021-12-19,Colusa,011,21464,2660,2643,699,3342,21
2021-12-19,Contra Costa,013,1133247,105137,103906,2465,106371,1068
2021-12-19,Del Norte,015,27424,3823,3797,57,3854,43
2021-12-19,El Dorado,017,186661,17318,17067,1830,18897,172
2021-12-19,Fresno,019,978130,148788,147505,13250,160755,2341
2021-12-19,Glenn,021,27897,3634,3596,1026,4622,39
2021-12-19,Humboldt,023,135768,10062,9957,748,10705,118
2021-12-19,Imperial,025,180216,36960,36501,4327,40828,792
2021-12-19,Inyo,027,18085,2643,2613,43,2656,47
2021-12-19,Kern,029,883053,135203,134136,24832,158968,1883
2021-12-19,Kings,031,150075,34204,33874,2096,35970,378
2021-12-19,Lake,033,64148,7041,6999,171,7170,116
2021-12-19,Lassen,035,31185,7103,7065,436,7501,55
2021-12-19,Los Angeles,037,10098052,1514127,1495082,59085,1554167,27189
2021-12-19,Madera,039,155013,24844,24642,2403,27045,313
2021-12-19,Marin,041,260295,19043,18707,596,19303,249
2021-12-19,Mariposa,043,17540,1492,1475,63,1538,6
2021-12-19,Mendocino,045,87422,8373,8257,709,8966,96
2021-12-19,Merced,047,269075,44239,44045,2112,46157,687
2021-12-19,Modoc,049,8938,603,595,205,800,6
2021-12-19,Mono,051,14174,1987,1968,23,1991,4
2021-12-19,Monterey,053,433212,50988,49516,3515,53031,636
2021-12-19,Napa,055,140530,13786,13659,141,13800,107
2021-12-19,Nevada,057,99092,10179,10057,356,10413,109
2021-12-19,Orange,059,3164182,323132,319615,17048,336663,5852
2021-12-19,Placer,061,380077,40000,39525,4030,43555,485
2021-12-19,Plumas,063,18699,2007,1971,51,2022,12
2021-12-19,Riverside,065,2383286,386675,381305,17147,398452,5452
2021-12-19,Sacramento,067,1510023,169395,167933,5316,173249,2415
2021-12-19,San Benito,069,59416,7963,7929,187,8116,79
2021-12-19,San Bernardino,071,2135413,377114,373480,12119,385599,6023
2021-12-19,San Diego,073,3302833,404432,398197,23361,421558,4406
2021-12-19,San Francisco,075,870044,58396,56358,2662,59020,681
2021-12-19,San Joaquin,077,732212,104903,104125,5823,109948,1865
2021-12-19,San Luis Obispo,079,281455,31446,31035,1407,32442,366
2021-12-19,San Mateo,081,765935,58063,56132,1070,57202,581
2021-12-19,Santa Barbara,083,443738,47434,47070,1747,48817,562
2021-12-19,Santa Clara,085,1922200,157330,155049,1828,156877,1950
2021-12-19,Santa Cruz,087,273765,22275,21960,1075,23035,227
2021-12-19,Shasta,089,179085,23017,22875,3778,26653,429
2021-12-19,Sierra,091,2930,205,201,21,222,0
2021-12-19,Siskiyou,093,43540,3507,3452,1397,4849,59
2021-12-19,Solano,095,438530,48154,47341,1414,48755,370
2021-12-19,Sonoma,097,501317,44508,43944,614,44558,408
2021-12-19,Stanislaus,099,539301,82723,83040,9475,92515,1331
2021-12-19,Sutter,101,95872,14559,14475,417,14892,190
2021-12-19,Tehama,103,63373,8938,8840,1571,10411,136
2021-12-19,Trinity,105,12862,913,826,227,1053,17
2021-12-19,Tulare,107,460477,72152,71085,16836,87921,1129
2021-12-19,Tuolumne,109,53932,7905,7865,112,7977,91
2021-12-19,Ventura,111,848112,103570,102170,4618,106788,1203
2021-12-19,Yolo,113,214977,21154,20887,1356,22243,267
2021-12-19,Yuba,115,75493,10740,10646,414,11060,97
2021-12-18,Alameda,001,1643700,127016,124583,3129,127712,1512
2021-12-18,Alpine,003,1148,110,110,0,110,0
2021-12-18,Amador,005,37829,5858,5821,76,5897,69
2021-12-18,Butte,007,227075,22197,21956,3987,25943,328
2021-12-18,Calaveras,009,45235,4583,4534,66,4600,91
2021-12-18,Colusa,011,21464,2658,2635,697,3332,21
2021-12-18,Contra Costa,013,1133247,104923,103380,2451,105831,1065
2021-12-18,Del Norte,015,27424,3820,3791,57,3848,43
2021-12-18,El Dorado,017,186661,17290,16968,1827,18795,171
2021-12-18,Fresno,019,978130,148685,147038,13238,160276,2335
2021-12-18,Glenn,021,27897,3631,3590,1026,4616,39
2021-12-18,Humboldt,023,135768,10046,9889,748,10637,118
2021-12-18,Imperial,025,180216,36888,36280,4315,40595,790
2021-12-18,Inyo,027,18085,2637,2607,43,2650,47
2021-12-18,Kern,029,883053,135113,133754,24785,158539,1873
2021-12-18,Kings,031,150075,34172,33783,2092,35875,374
2021-12-18,Lake,033,64148,7040,6976,171,7147,115
2021-12-18,Lassen,035,31185,7101,7061,435,7496,55
2021-12-18,Los Angeles,037,10098052,1510049,1484840,58768,1543608,27135
2021-12-18,Madera,039,155013,24829,24575,2401,26976,313
2021-12-18,Marin,041,260295,18944,18537,584,19121,249
2021-12-18,Mariposa,043,17540,1491,1468,63,1531,6
2021-12-18,Mendocino,045,87422,8367,8219,709,8928,95
2021-12-18,Merced,047,269075,44205,43929,2111,46040,686
2021-12-18,Modoc,049,8938,601,595,205,800,6
2021-12-18,Mono,051,14174,1985,1956,23,1979,4
2021-12-18,Monterey,053,433212,50931,49343,3510,52853,635
2021-12-18,Napa,055,140530,13760,13581,139,13720,107
2021-12-18,Nevada,057,99092,10157,9991,354,10345,108
2021-12-18,Orange,059,3164182,322470,318149,16909,335058,5844
2021-12-18,Placer,061,380077,39898,39336,4016,43352,485
2021-12-18,Plumas,063,18699,2007,1964,51,2015,13
2021-12-18,Riverside,065,2383286,385983,379354,17105,396459,5439
2021-12-18,Sacramento,067,1510023,169158,167046,5295,172341,2404
2021-12-18,San Benito,069,59416,7948,7894,187,8081,79
2021-12-18,San Bernardino,071,2135413,376467,371658,12091,383749,6017
2021-12-18,San Diego,073,3302833,403478,397130,23309,420439,4399
2021-12-18,San Francisco,075,870044,57902,55562,2631,58193,679
2021-12-18,San Joaquin,077,732212,104815,103698,5813,109511,1858
2021-12-18,San Luis Obispo,079,281455,31403,30873,1401,32274,365
2021-12-18,San Mateo,081,765935,57824,55730,1065,56795,580
2021-12-18,Santa Barbara,083,443738,47338,46776,1745,48521,562
2021-12-18,Santa Clara,085,1922200,156880,154243,1815,156058,1946
2021-12-18,Santa Cruz,087,273765,22223,21805,1073,22878,225
2021-12-18,Shasta,089,179085,22996,22811,3778,26589,429
2021-12-18,Sierra,091,2930,205,199,21,220,0
2021-12-18,Siskiyou,093,43540,3505,3441,1396,4837,58
2021-12-18,Solano,095,438530,48108,47174,1412,48586,369
2021-12-18,Sonoma,097,501317,44397,43658,610,44268,407
2021-12-18,Stanislaus,099,539301,82641,82736,9464,92200,1330
2021-12-18,Sutter,101,95872,14541,14435,417,14852,190
2021-12-18,Tehama,103,63373,8932,8814,1570,10384,136
2021-12-18,Trinity,105,12862,913,823,227,1050,17
2021-12-18,Tulare,107,460477,72114,70922,16811,87733,1120
2021-12-18,Tuolumne,109,53932,7891,7834,112,7946,91
2021-12-18,Ventura,111,848112,103285,101612,4594,106206,1201
2021-12-18,Yolo,113,214977,21114,20793,1350,22143,267
2021-12-18,Yuba,115,75493,10727,10599,414,11013,96
2021-12-17,Alameda,001,1643700,126682,124583,3109,127692,1512
2021-12-17,Alpine,003,1148,110,110,0,110,0
2021-12-17,Amador,005,37829,5851,5821,76,5897,69
2021-12-17,Butte,007,227075,22177,21956,3981,25937,328
2021-12-17,Calaveras,009,45235,4579,4534,66,4600,91
2021-12-17,Colusa,011,21464,2657,2635,696,3331,21
2021-12-17,Contra Costa,013,1133247,104719,103380,2447,105827,1065
2021-12-17,Del Norte,015,27424,3819,3791,57,3848,43
2021-12-17,El Dorado,017,186661,17261,16968,1824,18792,171
2021-12-17,Fresno,019,978130,148580,147038,13238,160276,2335
2021-12-17,Glenn,021,27897,3624,3590,1026,4616,39
2021-12-17,Humboldt,023,135768,10027,9889,746,10635,118
2021-12-17,Imperial,025,180216,36826,36280,4297,40577,790
2021-12-17,Inyo,027,18085,2632,2607,43,2650,47
2021-12-17,Kern,029,883053,135023,133754,24743,158497,1873
2021-12-17,Kings,031,150075,34153,33783,2092,35875,374
2021-12-17,Lake,033,64148,7036,6976,171,7147,115
2021-12-17,Lassen,035,31185,7101,7061,434,7495,55
2021-12-17,Los Angeles,037,10098052,1506106,1484840,58522,1543362,27135
2021-12-17,Madera,039,155013,24813,24575,2396,26971,313
2021-12-17,Marin,041,260295,18868,18537,580,19117,249
2021-12-17,Mariposa,043,17540,1487,1468,63,1531,6
2021-12-17,Mendocino,045,87422,8356,8219,709,8928,95
2021-12-17,Merced,047,269075,44178,43929,2110,46039,686
2021-12-17,Modoc,049,8938,601,595,205,800,6
2021-12-17,Mono,051,14174,1982,1956,23,1979,4
2021-12-17,Monterey,053,433212,50874,49343,3505,52848,635
2021-12-17,Napa,055,140530,13733,13581,138,13719,107
2021-12-17,Nevada,057,99092,10146,9991,354,10345,108
2021-12-17,Orange,059,3164182,321912,318149,16841,334990,5844
2021-12-17,Placer,061,380077,39844,39336,4010,43346,485
2021-12-17,Plumas,063,18699,2006,1964,51,2015,13
2021-12-17,Riverside,065,2383286,385337,379354,17094,396448,5439
2021-12-17,Sacramento,067,1510023,168930,167046,5282,172328,2404
2021-12-17,San Benito,069,59416,7946,7894,187,8081,79
2021-12-17,San Bernardino,071,2135413,375930,371658,12074,383732,6017
2021-12-17,San Diego,073,3302833,402541,397130,23261,420391,4399
2021-12-17,San Francisco,075,870044,57575,55562,2601,58163,679
2021-12-17,San Joaquin,077,732212,104741,103698,5795,109493,1858
2021-12-17,San Luis Obispo,079,281455,31375,30873,1397,32270,365
2021-12-17,San Mateo,081,765935,57635,55730,1058,56788,580
2021-12-17,Santa Barbara,083,443738,47261,46776,1739,48515,562
2021-12-17,Santa Clara,085,1922200,156506,154243,1800,156043,1946
2021-12-17,Santa Cruz,087,273765,22177,21805,1070,22875,225
2021-12-17,Shasta,089,179085,22983,22811,3776,26587,429
2021-12-17,Sierra,091,2930,204,199,21,220,0
2021-12-17,Siskiyou,093,43540,3501,3441,1394,4835,58
2021-12-17,Solano,095,438530,48040,47174,1408,48582,369
2021-12-17,Sonoma,097,501317,44301,43658,607,44265,407
2021-12-17,Stanislaus,099,539301,82590,82736,9458,92194,1330
2021-12-17,Sutter,101,95872,14530,14435,415,14850,190
2021-12-17,Tehama,103,63373,8925,8814,1569,10383,136
2021-12-17,Trinity,105,12862,913,823,227,1050,17
2021-12-17,Tulare,107,460477,72072,70922,16780,87702,1120
2021-12-17,Tuolumne,109,53932,7879,7834,112,7946,91
2021-12-17,Ventura,111,848112,103035,101612,4582,106194,1201
2021-12-17,Yolo,113,214977,21081,20793,1344,22137,267
2021-12-17,Yuba,115,75493,10715,10599,411,11010,96
2021-12-16,Alameda,001,1643700,126309,124583,3096,127679,1512
2021-12-16,Alpine,003,1148,108,110,0,110,0
2021-12-16,Amador,005,37829,5843,5821,76,5897,69
2021-12-16,Butte,007,227075,22158,21956,3978,25934,328
2021-12-16,Calaveras,009,45235,4571,4534,66,4600,91
2021-12-16,Colusa,011,21464,2657,2635,696,3331,21
2021-12-16,Contra Costa,013,1133247,104497,103380,2434,105814,1065
2021-12-16,Del Norte,015,27424,3816,3791,57,3848,43
2021-12-16,El Dorado,017,186661,17226,16968,1819,18787,171
2021-12-16,Fresno,019,978130,148423,147038,13232,160270,2335
2021-12-16,Glenn,021,27897,3623,3590,1026,4616,39
2021-12-16,Humboldt,023,135768,10003,9889,737,10626,118
2021-12-16,Imperial,025,180216,36741,36280,4266,40546,790
2021-12-16,Inyo,027,18085,2628,2607,42,2649,47
2021-12-16,Kern,029,883053,134881,133754,24692,158446,1873
2021-12-16,Kings,031,150075,34129,33783,2091,35874,374
2021-12-16,Lake,033,64148,7032,6976,171,7147,115
2021-12-16,Lassen,035,31185,7098,7061,433,7494,55
2021-12-16,Los Angeles,037,10098052,1501896,1484840,58250,1543090,27135
2021-12-16,Madera,039,155013,24783,24575,2392,26967,313
2021-12-16,Marin,041,260295,18821,18537,572,19109,249
2021-12-16,Mariposa,043,17540,1485,1468,63,1531,6
2021-12-16,Mendocino,045,87422,8345,8219,704,8923,95
2021-12-16,Merced,047,269075,44139,43929,2110,46039,686
2021-12-16,Modoc,049,8938,601,595,205,800,6
2021-12-16,Mono,051,14174,1979,1956,23,1979,4
2021-12-16,Monterey,053,433212,50803,49343,3488,52831,635
2021-12-16,Napa,055,140530,13701,13581,138,13719,107
2021-12-16,Nevada,057,99092,10120,9991,354,10345,108
2021-12-16,Orange,059,3164182,321309,318149,16761,334910,5844
2021-12-16,Placer,061,380077,39767,39336,4005,43341,485
2021-12-16,Plumas,063,18699,2006,1964,51,2015,13
2021-12-16,Riverside,065,2383286,384537,379354,17080,396434,5439
2021-12-16,Sacramento,067,1510023,168644,167046,5257,172303,2404
2021-12-16,San Benito,069,59416,7939,7894,187,8081,79
2021-12-16,San Bernardino,071,2135413,375287,371658,12056,383714,6017
2021-12-16,San Diego,073,3302833,401357,397130,23198,420328,4399
2021-12-16,San Francisco,075,870044,57200,55562,2579,58141,679
2021-12-16,San Joaquin,077,732212,104620,103698,5788,109486,1858
2021-12-16,San Luis Obispo,079,281455,31306,30873,1391,32264,365
2021-12-16,San Mateo,081,765935,57434,55730,1055,56785,580
2021-12-16,Santa Barbara,083,443738,47139,46776,1735,48511,562
2021-12-16,Santa Clara,085,1922200,156178,154243,1790,156033,1946
2021-12-16,Santa Cruz,087,273765,22130,21805,1069,22874,225
2021-12-16,Shasta,089,179085,22953,22811,3774,26585,429
2021-12-16,Sierra,091,2930,204,199,21,220,0
2021-12-16,Siskiyou,093,43540,3500,3441,1390,4831,58
2021-12-16,Solano,095,438530,47972,47174,1401,48575,369
2021-12-16,Sonoma,097,501317,44203,43658,605,44263,407
2021-12-16,Stanislaus,099,539301,82503,82736,9444,92180,1330
2021-12-16,Sutter,101,95872,14517,14435,414,14849,190
2021-12-16,Tehama,103,63373,8918,8814,1568,10382,136
2021-12-16,Trinity,105,12862,913,823,227,1050,17
2021-12-16,Tulare,107,460477,72023,70922,16753,87675,1120
2021-12-16,Tuolumne,109,53932,7860,7834,112,7946,91
2021-12-16,Ventura,111,848112,102767,101612,4575,106187,1201
2021-12-16,Yolo,113,214977,21031,20793,1339,22132,267
2021-12-16,Yuba,115,75493,10700,10599,410,11009,96
2021-12-15,Alameda,001,1643700,125986,124342,3084,127426,1509
2021-12-15,Alpine,003,1148,108,109,0,109,0
2021-12-15,Amador,005,37829,5837,5810,76,5886,69
2021-12-15,Butte,007,227075,22139,21922,3977,25899,327
2021-12-15,Calaveras,009,45235,4565,4523,66,4589,89
2021-12-15,Colusa,011,21464,2656,2632,695,3327,21
2021-12-15,Contra Costa,013,1133247,104273,103236,2431,105667,1064
2021-12-15,Del Norte,015,27424,3815,3789,56,3845,43
2021-12-15,El Dorado,017,186661,17192,16936,1813,18749,171
2021-12-15,Fresno,019,978130,148294,146859,13219,160078,2319
2021-12-15,Glenn,021,27897,3623,3589,1026,4615,39
2021-12-15,Humboldt,023,135768,9983,9854,736,10590,118
2021-12-15,Imperial,025,180216,36663,36187,4222,40409,789
2021-12-15,Inyo,027,18085,2623,2606,42,2648,47
2021-12-15,Kern,029,883053,134741,133590,24645,158235,1866
2021-12-15,Kings,031,150075,34100,33716,2087,35803,374
2021-12-15,Lake,033,64148,7023,6968,170,7138,115
2021-12-15,Lassen,035,31185,7098,7062,433,7495,55
2021-12-15,Los Angeles,037,10098052,1498007,1482735,58056,1540791,27116
2021-12-15,Madera,039,155013,24765,24549,2386,26935,313
2021-12-15,Marin,041,260295,18763,18514,567,19081,249
2021-12-15,Mariposa,043,17540,1482,1463,63,1526,6
2021-12-15,Mendocino,045,87422,8340,8209,701,8910,95
2021-12-15,Merced,047,269075,44097,43890,2098,45988,685
2021-12-15,Modoc,049,8938,601,595,205,800,6
2021-12-15,Mono,051,14174,1975,1955,23,1978,4
2021-12-15,Monterey,053,433212,50748,49279,3467,52746,635
2021-12-15,Napa,055,140530,13672,13557,136,13693,107
2021-12-15,Nevada,057,99092,10099,9958,354,10312,107
2021-12-15,Orange,059,3164182,320733,317808,16719,334527,5838
2021-12-15,Placer,061,380077,39712,39264,3995,43259,485
2021-12-15,Plumas,063,18699,2002,1957,51,2008,12
2021-12-15,Riverside,065,2383286,383821,378769,17069,395838,5438
2021-12-15,Sacramento,067,1510023,168335,166793,5235,172028,2401
2021-12-15,San Benito,069,59416,7924,7877,187,8064,79
2021-12-15,San Bernardino,071,2135413,374752,371122,12025,383147,6013
2021-12-15,San Diego,073,3302833,400169,396546,23129,419675,4395
2021-12-15,San Francisco,075,870044,56882,55414,2561,57975,679
2021-12-15,San Joaquin,077,732212,104462,103579,5778,109357,1853
2021-12-15,San Luis Obispo,079,281455,31258,30784,1384,32168,365
2021-12-15,San Mateo,081,765935,57294,55657,1044,56701,580
2021-12-15,Santa Barbara,083,443738,47058,46681,1733,48414,562
2021-12-15,Santa Clara,085,1922200,155852,153928,1769,155697,1944
2021-12-15,Santa Cruz,087,273765,22090,21753,1062,22815,225
2021-12-15,Shasta,089,179085,22938,22778,3770,26548,427
2021-12-15,Sierra,091,2930,204,199,21,220,0
2021-12-15,Siskiyou,093,43540,3499,3434,1389,4823,58
2021-12-15,Solano,095,438530,47891,47098,1394,48492,367
2021-12-15,Sonoma,097,501317,44118,43580,600,44180,407
2021-12-15,Stanislaus,099,539301,82396,82628,9436,92064,1298
2021-12-15,Sutter,101,95872,14497,14428,413,14841,189
2021-12-15,Tehama,103,63373,8911,8806,1567,10373,136
2021-12-15,Trinity,105,12862,912,822,227,1049,17
2021-12-15,Tulare,107,460477,71970,70846,16723,87569,1120
2021-12-15,Tuolumne,109,53932,7851,7818,111,7929,91
2021-12-15,Ventura,111,848112,102552,101447,4569,106016,1199
2021-12-15,Yolo,113,214977,21002,20749,1333,22082,267
2021-12-15,Yuba,115,75493,10689,10587,409,10996,96
2021-12-14,Alameda,001,1643700,125666,124272,3075,127347,1506
2021-12-14,Alpine,003,1148,107,109,0,109,0
2021-12-14,Amador,005,37829,5831,5808,75,5883,69
2021-12-14,Butte,007,227075,22106,21901,3975,25876,326
2021-12-14,Calaveras,009,45235,4553,4517,66,4583,89
2021-12-14,Colusa,011,21464,2654,2628,695,3323,21
2021-12-14,Contra Costa,013,1133247,104088,103135,2427,105562,1064
2021-12-14,Del Norte,015,27424,3812,3788,56,3844,43
2021-12-14,El Dorado,017,186661,17158,16915,1811,18726,170
2021-12-14,Fresno,019,978130,148127,146756,13213,159969,2316
2021-12-14,Glenn,021,27897,3622,3589,1026,4615,39
2021-12-14,Humboldt,023,135768,9971,9836,728,10564,118
2021-12-14,Imperial,025,180216,36591,36049,4179,40228,789
2021-12-14,Inyo,027,18085,2623,2601,42,2643,46
2021-12-14,Kern,029,883053,134605,133498,24596,158094,1863
2021-12-14,Kings,031,150075,34063,33693,2084,35777,373
2021-12-14,Lake,033,64148,7013,6961,170,7131,115
2021-12-14,Lassen,035,31185,7097,7061,433,7494,55
2021-12-14,Los Angeles,037,10098052,1494366,1481131,57873,1539004,27099
2021-12-14,Madera,039,155013,24739,24535,2378,26913,313
2021-12-14,Marin,041,260295,18715,18491,565,19056,249
2021-12-14,Mariposa,043,17540,1479,1463,62,1525,6
2021-12-14,Mendocino,045,87422,8312,8206,699,8905,95
2021-12-14,Merced,047,269075,44051,43870,2096,45966,684
2021-12-14,Modoc,049,8938,600,595,205,800,6
2021-12-14,Mono,051,14174,1968,1955,23,1978,4
2021-12-14,Monterey,053,433212,50664,49237,3456,52693,635
2021-12-14,Napa,055,140530,13643,13528,136,13664,107
2021-12-14,Nevada,057,99092,10073,9956,353,10309,106
2021-12-14,Orange,059,3164182,320182,317465,16665,334130,5827
2021-12-14,Placer,061,380077,39635,39221,3990,43211,482
2021-12-14,Plumas,063,18699,1998,1950,49,1999,12
2021-12-14,Riverside,065,2383286,383150,378227,17052,395279,5427
2021-12-14,Sacramento,067,1510023,168025,166605,5212,171817,2394
2021-12-14,San Benito,069,59416,7906,7871,187,8058,79
2021-12-14,San Bernardino,071,2135413,374138,370604,11995,382599,6013
2021-12-14,San Diego,073,3302833,399030,395876,23078,418954,4393
2021-12-14,San Francisco,075,870044,56569,55278,2549,57827,679
2021-12-14,San Joaquin,077,732212,104317,103488,5760,109248,1848
2021-12-14,San Luis Obispo,079,281455,31198,30753,1380,32133,363
2021-12-14,San Mateo,081,765935,57129,55601,1037,56638,580
2021-12-14,Santa Barbara,083,443738,46959,46648,1728,48376,560
2021-12-14,Santa Clara,085,1922200,155526,153814,1756,155570,1945
2021-12-14,Santa Cruz,087,273765,22024,21737,1057,22794,225
2021-12-14,Shasta,089,179085,22911,22756,3769,26525,427
2021-12-14,Sierra,091,2930,202,199,21,220,0
2021-12-14,Siskiyou,093,43540,3494,3430,1388,4818,58
2021-12-14,Solano,095,438530,47843,47065,1388,48453,367
2021-12-14,Sonoma,097,501317,44035,43538,598,44136,407
2021-12-14,Stanislaus,099,539301,82310,82581,9422,92003,1293
2021-12-14,Sutter,101,95872,14485,14421,412,14833,189
2021-12-14,Tehama,103,63373,8907,8805,1567,10372,134
2021-12-14,Trinity,105,12862,912,821,227,1048,17
2021-12-14,Tulare,107,460477,71899,70803,16692,87495,1120
2021-12-14,Tuolumne,109,53932,7838,7815,111,7926,91
2021-12-14,Ventura,111,848112,102328,101343,4562,105905,1199
2021-12-14,Yolo,113,214977,20967,20734,1319,22053,267
2021-12-14,Yuba,115,75493,10672,10574,409,10983,92
2021-12-13,Alameda,001,1643700,125384,124174,3059,127233,1501
2021-12-13,Alpine,003,1148,107,109,0,109,0
2021-12-13,Amador,005,37829,5827,5797,75,5872,69
2021-12-13,Butte,007,227075,22083,21889,3971,25860,326
2021-12-13,Calaveras,009,45235,4546,4507,65,4572,89
2021-12-13,Colusa,011,21464,2652,2627,695,3322,21
2021-12-13,Contra Costa,013,1133247,103937,103041,2416,105457,1064
2021-12-13,Del Norte,015,27424,3808,3787,56,3843,42
2021-12-13,El Dorado,017,186661,17135,16896,1809,18705,170
2021-12-13,Fresno,019,978130,147978,146641,13203,159844,2312
2021-12-13,Glenn,021,27897,3617,3589,1024,4613,37
2021-12-13,Humboldt,023,135768,9942,9821,724,10545,118
2021-12-13,Imperial,025,180216,36507,35974,4157,40131,787
2021-12-13,Inyo,027,18085,2622,2592,42,2634,46
2021-12-13,Kern,029,883053,134478,133381,24543,157924,1863
2021-12-13,Kings,031,150075,34020,33680,2079,35759,372
2021-12-13,Lake,033,64148,7011,6958,168,7126,115
2021-12-13,Lassen,035,31185,7096,7057,433,7490,55
2021-12-13,Los Angeles,037,10098052,1491586,1480195,57706,1537901,27085
2021-12-13,Madera,039,155013,24711,24527,2373,26900,311
2021-12-13,Marin,041,260295,18655,18471,562,19033,249
2021-12-13,Mariposa,043,17540,1477,1462,62,1524,6
2021-12-13,Mendocino,045,87422,8299,8196,697,8893,95
2021-12-13,Merced,047,269075,44012,43848,2092,45940,682
2021-12-13,Modoc,049,8938,599,595,205,800,6
2021-12-13,Mono,051,14174,1961,1952,23,1975,4
2021-12-13,Monterey,053,433212,50611,49222,3438,52660,631
2021-12-13,Napa,055,140530,13630,13518,136,13654,107
2021-12-13,Nevada,057,99092,10054,9946,352,10298,106
2021-12-13,Orange,059,3164182,319714,317112,16611,333723,5824
2021-12-13,Placer,061,380077,39574,39168,3979,43147,481
2021-12-13,Plumas,063,18699,1994,1943,49,1992,12
2021-12-13,Riverside,065,2383286,382570,377728,17037,394765,5414
2021-12-13,Sacramento,067,1510023,167746,166439,5178,171617,2392
2021-12-13,San Benito,069,59416,7897,7856,187,8043,79
2021-12-13,San Bernardino,071,2135413,373569,370274,11988,382262,6011
2021-12-13,San Diego,073,3302833,398221,395266,23026,418292,4389
2021-12-13,San Francisco,075,870044,56298,55245,2536,57781,678
2021-12-13,San Joaquin,077,732212,104201,103449,5751,109200,1846
2021-12-13,San Luis Obispo,079,281455,31149,30746,1376,32122,363
2021-12-13,San Mateo,081,765935,56969,55569,1028,56597,580
2021-12-13,Santa Barbara,083,443738,46872,46608,1723,48331,560
2021-12-13,Santa Clara,085,1922200,155261,153672,1745,155417,1944
2021-12-13,Santa Cruz,087,273765,21969,21698,1054,22752,225
2021-12-13,Shasta,089,179085,22890,22731,3767,26498,426
2021-12-13,Sierra,091,2930,202,199,21,220,0
2021-12-13,Siskiyou,093,43540,3490,3426,1385,4811,57
2021-12-13,Solano,095,438530,47769,47045,1383,48428,365
2021-12-13,Sonoma,097,501317,43940,43492,596,44088,407
2021-12-13,Stanislaus,099,539301,82196,82507,9402,91909,1282
2021-12-13,Sutter,101,95872,14478,14408,412,14820,188
2021-12-13,Tehama,103,63373,8894,8800,1567,10367,134
2021-12-13,Trinity,105,12862,912,820,227,1047,17
2021-12-13,Tulare,107,460477,71842,70758,16668,87426,1114
2021-12-13,Tuolumne,109,53932,7827,7804,111,7915,91
2021-12-13,Ventura,111,848112,102104,101180,4551,105731,1197
2021-12-13,Yolo,113,214977,20917,20706,1313,22019,267
2021-12-13,Yuba,115,75493,10655,10570,409,10979,92
2021-12-12,Alameda,001,1643700,125098,124075,3046,127121,1503
2021-12-12,Alpine,003,1148,107,109,0,109,0
2021-12-12,Amador,005,37829,5820,5797,74,5871,69
2021-12-12,Butte,007,227075,22059,21874,3968,25842,326
2021-12-12,Calaveras,009,45235,4536,4501,65,4566,89
2021-12-12,Colusa,011,21464,2647,2627,692,3319,21
2021-12-12,Contra Costa,013,1133247,103750,102976,2414,105390,1065
2021-12-12,Del Norte,015,27424,3805,3793,56,3849,42
2021-12-12,El Dorado,017,186661,17098,16890,1801,18691,170
2021-12-12,Fresno,019,978130,147816,146518,13188,159706,2310
2021-12-12,Glenn,021,27897,3614,3589,1024,4613,37
2021-12-12,Humboldt,023,135768,9918,9804,717,10521,118
2021-12-12,Imperial,025,180216,36373,35926,4123,40049,787
2021-12-12,Inyo,027,18085,2617,2592,42,2634,46
2021-12-12,Kern,029,883053,134312,133314,24502,157816,1861
2021-12-12,Kings,031,150075,33969,33661,2077,35738,372
2021-12-12,Lake,033,64148,7004,6955,166,7121,115
2021-12-12,Lassen,035,31185,7095,7057,433,7490,55
2021-12-12,Los Angeles,037,10098052,1488680,1479054,57521,1536575,27074
2021-12-12,Madera,039,155013,24681,24493,2365,26858,311
2021-12-12,Marin,041,260295,18602,18451,558,19009,249
2021-12-12,Mariposa,043,17540,1476,1461,62,1523,6
2021-12-12,Mendocino,045,87422,8286,8190,696,8886,95
2021-12-12,Merced,047,269075,43978,43821,2085,45906,682
2021-12-12,Modoc,049,8938,599,595,204,799,6
2021-12-12,Mono,051,14174,1957,1947,23,1970,4
2021-12-12,Monterey,053,433212,50558,49192,3410,52602,631
2021-12-12,Napa,055,140530,13587,13508,134,13642,107
2021-12-12,Nevada,057,99092,10027,9938,351,10289,106
2021-12-12,Orange,059,3164182,319210,316918,16547,333465,5825
2021-12-12,Placer,061,380077,39509,39139,3973,43112,481
2021-12-12,Plumas,063,18699,1990,1942,47,1989,12
2021-12-12,Riverside,065,2383286,381898,377467,17011,394478,5414
2021-12-12,Sacramento,067,1510023,167479,166291,5157,171448,2392
2021-12-12,San Benito,069,59416,7877,7853,187,8040,79
2021-12-12,San Bernardino,071,2135413,372938,369977,11963,381940,6011
2021-12-12,San Diego,073,3302833,397321,393307,22988,416295,4378
2021-12-12,San Francisco,075,870044,56044,55180,2524,57704,678
2021-12-12,San Joaquin,077,732212,104062,103405,5741,109146,1846
2021-12-12,San Luis Obispo,079,281455,31096,30719,1374,32093,363
2021-12-12,San Mateo,081,765935,56854,55505,1023,56528,580
2021-12-12,Santa Barbara,083,443738,46796,46586,1721,48307,560
2021-12-12,Santa Clara,085,1922200,154982,153452,1731,155183,1945
2021-12-12,Santa Cruz,087,273765,21920,21671,1052,22723,225
2021-12-12,Shasta,089,179085,22862,22732,3766,26498,426
2021-12-12,Sierra,091,2930,202,199,21,220,0
2021-12-12,Siskiyou,093,43540,3490,3424,1385,4809,57
2021-12-12,Solano,095,438530,47703,47021,1378,48399,365
2021-12-12,Sonoma,097,501317,43846,43424,593,44017,407
2021-12-12,Stanislaus,099,539301,82098,82460,9391,91851,1282
2021-12-12,Sutter,101,95872,14467,14396,412,14808,189
2021-12-12,Tehama,103,63373,8883,8796,1565,10361,134
2021-12-12,Trinity,105,12862,910,820,227,1047,17
2021-12-12,Tulare,107,460477,71763,70733,16626,87359,1115
2021-12-12,Tuolumne,109,53932,7810,7794,111,7905,91
2021-12-12,Ventura,111,848112,101910,101105,4537,105642,1197
2021-12-12,Yolo,113,214977,20866,20685,1302,21987,267
2021-12-12,Yuba,115,75493,10641,10565,406,10971,92
2021-12-11,Alameda,001,1643700,124963,123572,3044,126616,1496
2021-12-11,Alpine,003,1148,107,109,0,109,0
2021-12-11,Amador,005,37829,5815,5787,74,5861,69
2021-12-11,Butte,007,227075,22045,21819,3967,25786,326
2021-12-11,Calaveras,009,45235,4528,4469,64,4533,89
2021-12-11,Colusa,011,21464,2643,2619,691,3310,21
2021-12-11,Contra Costa,013,1133247,103664,102618,2412,105030,1061
2021-12-11,Del Norte,015,27424,3805,3778,56,3834,42
2021-12-11,El Dorado,017,186661,17077,16796,1800,18596,170
2021-12-11,Fresno,019,978130,147729,145988,13182,159170,2294
2021-12-11,Glenn,021,27897,3613,3585,1024,4609,37
2021-12-11,Humboldt,023,135768,9901,9721,714,10435,118
2021-12-11,Imperial,025,180216,36314,35635,4113,39748,782
2021-12-11,Inyo,027,18085,2612,2576,42,2618,46
2021-12-11,Kern,029,883053,134243,132852,24467,157319,1854
2021-12-11,Kings,031,150075,33956,33530,2075,35605,371
2021-12-11,Lake,033,64148,7003,6932,164,7096,114
2021-12-11,Lassen,035,31185,7094,7049,433,7482,55
2021-12-11,Los Angeles,037,10098052,1487464,1474030,57429,1531459,27031
2021-12-11,Madera,039,155013,24675,24417,2364,26781,311
2021-12-11,Marin,041,260295,18568,18339,555,18894,249
2021-12-11,Mariposa,043,17540,1475,1450,62,1512,6
2021-12-11,Mendocino,045,87422,8279,8130,696,8826,95
2021-12-11,Merced,047,269075,43959,43690,2084,45774,681
2021-12-11,Modoc,049,8938,599,594,204,798,6
2021-12-11,Mono,051,14174,1953,1926,23,1949,4
2021-12-11,Monterey,053,433212,50530,49008,3407,52415,631
2021-12-11,Napa,055,140530,13570,13459,134,13593,107
2021-12-11,Nevada,057,99092,10013,9880,351,10231,106
2021-12-11,Orange,059,3164182,318957,315759,16519,332278,5805
2021-12-11,Placer,061,380077,39451,38959,3966,42925,481
2021-12-11,Plumas,063,18699,1984,1934,47,1981,12
2021-12-11,Riverside,065,2383286,381481,375649,16997,392646,5408
2021-12-11,Sacramento,067,1510023,167349,165530,5147,170677,2386
2021-12-11,San Benito,069,59416,7863,7808,187,7995,79
2021-12-11,San Bernardino,071,2135413,372581,368145,11954,380099,6007
2021-12-11,San Diego,073,3302833,396897,392274,22950,415224,4374
2021-12-11,San Francisco,075,870044,55891,54869,2519,57388,678
2021-12-11,San Joaquin,077,732212,104001,103013,5737,108750,1842
2021-12-11,San Luis Obispo,079,281455,31073,30567,1370,31937,362
2021-12-11,San Mateo,081,765935,56776,55284,1021,56305,580
2021-12-11,Santa Barbara,083,443738,46762,46309,1721,48030,559
2021-12-11,Santa Clara,085,1922200,154783,152846,1719,154565,1941
2021-12-11,Santa Cruz,087,273765,21896,21557,1052,22609,225
2021-12-11,Shasta,089,179085,22847,22660,3762,26422,419
2021-12-11,Sierra,091,2930,202,199,21,220,0
2021-12-11,Siskiyou,093,43540,3484,3418,1382,4800,57
2021-12-11,Solano,095,438530,47674,46891,1373,48264,365
2021-12-11,Sonoma,097,501317,43798,43227,593,43820,407
2021-12-11,Stanislaus,099,539301,82048,82133,9382,91515,1264
2021-12-11,Sutter,101,95872,14458,14354,412,14766,187
2021-12-11,Tehama,103,63373,8880,8776,1563,10339,134
2021-12-11,Trinity,105,12862,910,819,227,1046,17
2021-12-11,Tulare,107,460477,71720,70523,16616,87139,1103
2021-12-11,Tuolumne,109,53932,7801,7760,111,7871,91
2021-12-11,Ventura,111,848112,101835,100711,4530,105241,1195
2021-12-11,Yolo,113,214977,20847,20608,1298,21906,267
2021-12-11,Yuba,115,75493,10629,10519,405,10924,92
2021-12-10,Alameda,001,1643700,124839,123572,3037,126609,1496
2021-12-10,Alpine,003,1148,106,109,0,109,0
2021-12-10,Amador,005,37829,5808,5787,74,5861,69
2021-12-10,Butte,007,227075,22032,21819,3965,25784,326
2021-12-10,Calaveras,009,45235,4525,4469,64,4533,89
2021-12-10,Colusa,011,21464,2642,2619,691,3310,21
2021-12-10,Contra Costa,013,1133247,103567,102618,2411,105029,1061
2021-12-10,Del Norte,015,27424,3805,3778,56,3834,42
2021-12-10,El Dorado,017,186661,17064,16796,1800,18596,170
2021-12-10,Fresno,019,978130,147640,145988,13176,159164,2294
2021-12-10,Glenn,021,27897,3613,3585,1024,4609,37
2021-12-10,Humboldt,023,135768,9884,9721,712,10433,118
2021-12-10,Imperial,025,180216,36258,35635,4098,39733,782
2021-12-10,Inyo,027,18085,2609,2576,42,2618,46
2021-12-10,Kern,029,883053,134155,132852,24443,157295,1854
2021-12-10,Kings,031,150075,33941,33530,2073,35603,371
2021-12-10,Lake,033,64148,6996,6932,164,7096,114
2021-12-10,Lassen,035,31185,7093,7049,433,7482,55
2021-12-10,Los Angeles,037,10098052,1486369,1474030,57341,1531371,27031
2021-12-10,Madera,039,155013,24657,24417,2362,26779,311
2021-12-10,Marin,041,260295,18546,18339,555,18894,249
2021-12-10,Mariposa,043,17540,1472,1450,62,1512,6
2021-12-10,Mendocino,045,87422,8272,8130,695,8825,95
2021-12-10,Merced,047,269075,43941,43690,2082,45772,681
2021-12-10,Modoc,049,8938,599,594,204,798,6
2021-12-10,Mono,051,14174,1950,1926,23,1949,4
2021-12-10,Monterey,053,433212,50493,49008,3401,52409,631
2021-12-10,Napa,055,140530,13558,13459,133,13592,107
2021-12-10,Nevada,057,99092,10004,9880,351,10231,106
2021-12-10,Orange,059,3164182,318686,315759,16487,332246,5805
2021-12-10,Placer,061,380077,39408,38959,3963,42922,481
2021-12-10,Plumas,063,18699,1982,1934,47,1981,12
2021-12-10,Riverside,065,2383286,381074,375649,16986,392635,5408
2021-12-10,Sacramento,067,1510023,167195,165530,5145,170675,2386
2021-12-10,San Benito,069,59416,7859,7808,187,7995,79
2021-12-10,San Bernardino,071,2135413,372207,368145,11931,380076,6007
2021-12-10,San Diego,073,3302833,396418,392274,22936,415210,4374
2021-12-10,San Francisco,075,870044,55806,54869,2513,57382,678
2021-12-10,San Joaquin,077,732212,103946,103013,5733,108746,1842
2021-12-10,San Luis Obispo,079,281455,31063,30567,1367,31934,362
2021-12-10,San Mateo,081,765935,56719,55284,1018,56302,580
2021-12-10,Santa Barbara,083,443738,46726,46309,1720,48029,559
2021-12-10,Santa Clara,085,1922200,154612,152846,1706,154552,1941
2021-12-10,Santa Cruz,087,273765,21877,21557,1051,22608,225
2021-12-10,Shasta,089,179085,22836,22660,3759,26419,419
2021-12-10,Sierra,091,2930,202,199,21,220,0
2021-12-10,Siskiyou,093,43540,3477,3418,1382,4800,57
2021-12-10,Solano,095,438530,47632,46891,1369,48260,365
2021-12-10,Sonoma,097,501317,43764,43227,592,43819,407
2021-12-10,Stanislaus,099,539301,81982,82133,9376,91509,1264
2021-12-10,Sutter,101,95872,14449,14354,412,14766,187
2021-12-10,Tehama,103,63373,8878,8776,1561,10337,134
2021-12-10,Trinity,105,12862,910,819,227,1046,17
2021-12-10,Tulare,107,460477,71691,70523,16591,87114,1103
2021-12-10,Tuolumne,109,53932,7795,7760,111,7871,91
2021-12-10,Ventura,111,848112,101731,100711,4527,105238,1195
2021-12-10,Yolo,113,214977,20833,20608,1296,21904,267
2021-12-10,Yuba,115,75493,10617,10519,404,10923,92
2021-12-09,Alameda,001,1643700,124696,123572,3032,126604,1496
2021-12-09,Alpine,003,1148,106,109,0,109,0
2021-12-09,Amador,005,37829,5805,5787,73,5860,69
2021-12-09,Butte,007,227075,22011,21819,3962,25781,326
2021-12-09,Calaveras,009,45235,4516,4469,64,4533,89
2021-12-09,Colusa,011,21464,2640,2619,691,3310,21
2021-12-09,Contra Costa,013,1133247,103447,102618,2405,105023,1061
2021-12-09,Del Norte,015,27424,3804,3778,56,3834,42
2021-12-09,El Dorado,017,186661,17036,16796,1795,18591,170
2021-12-09,Fresno,019,978130,147492,145988,13166,159154,2294
2021-12-09,Glenn,021,27897,3613,3585,1024,4609,37
2021-12-09,Humboldt,023,135768,9862,9721,711,10432,118
2021-12-09,Imperial,025,180216,36188,35635,4068,39703,782
2021-12-09,Inyo,027,18085,2607,2576,42,2618,46
2021-12-09,Kern,029,883053,134029,132852,24410,157262,1854
2021-12-09,Kings,031,150075,33915,33530,2070,35600,371
2021-12-09,Lake,033,64148,6988,6932,164,7096,114
2021-12-09,Lassen,035,31185,7091,7049,433,7482,55
2021-12-09,Los Angeles,037,10098052,1484834,1474030,57255,1531285,27031
2021-12-09,Madera,039,155013,24632,24417,2359,26776,311
2021-12-09,Marin,041,260295,18533,18339,553,18892,249
2021-12-09,Mariposa,043,17540,1471,1450,62,1512,6
2021-12-09,Mendocino,045,87422,8259,8130,692,8822,95
2021-12-09,Merced,047,269075,43902,43690,2071,45761,681
2021-12-09,Modoc,049,8938,599,594,204,798,6
2021-12-09,Mono,051,14174,1946,1926,23,1949,4
2021-12-09,Monterey,053,433212,50445,49008,3390,52398,631
2021-12-09,Napa,055,140530,13538,13459,129,13588,107
2021-12-09,Nevada,057,99092,9985,9880,351,10231,106
2021-12-09,Orange,059,3164182,318356,315759,16448,332207,5805
2021-12-09,Placer,061,380077,39365,38959,3950,42909,481
2021-12-09,Plumas,063,18699,1974,1934,47,1981,12
2021-12-09,Riverside,065,2383286,380525,375649,16970,392619,5408
2021-12-09,Sacramento,067,1510023,166977,165530,5130,170660,2386
2021-12-09,San Benito,069,59416,7847,7808,186,7994,79
2021-12-09,San Bernardino,071,2135413,371706,368145,11911,380056,6007
2021-12-09,San Diego,073,3302833,395772,392274,22906,415180,4374
2021-12-09,San Francisco,075,870044,55721,54869,2506,57375,678
2021-12-09,San Joaquin,077,732212,103854,103013,5727,108740,1842
2021-12-09,San Luis Obispo,079,281455,31035,30567,1365,31932,362
2021-12-09,San Mateo,081,765935,56631,55284,1016,56300,580
2021-12-09,Santa Barbara,083,443738,46646,46309,1713,48022,559
2021-12-09,Santa Clara,085,1922200,154397,152846,1695,154541,1941
2021-12-09,Santa Cruz,087,273765,21849,21557,1051,22608,225
2021-12-09,Shasta,089,179085,22820,22660,3758,26418,419
2021-12-09,Sierra,091,2930,202,199,21,220,0
2021-12-09,Siskiyou,093,43540,3473,3418,1381,4799,57
2021-12-09,Solano,095,438530,47595,46891,1367,48258,365
2021-12-09,Sonoma,097,501317,43707,43227,591,43818,407
2021-12-09,Stanislaus,099,539301,81912,82133,9363,91496,1264
2021-12-09,Sutter,101,95872,14434,14354,412,14766,187
2021-12-09,Tehama,103,63373,8871,8776,1559,10335,134
2021-12-09,Trinity,105,12862,910,819,227,1046,17
2021-12-09,Tulare,107,460477,71634,70523,16562,87085,1103
2021-12-09,Tuolumne,109,53932,7784,7760,111,7871,91
2021-12-09,Ventura,111,848112,101586,100711,4515,105226,1195
2021-12-09,Yolo,113,214977,20810,20608,1288,21896,267
2021-12-09,Yuba,115,75493,10609,10519,401,10920,92
2021-12-08,Alameda,001,1643700,124547,123438,3022,126460,1496
2021-12-08,Alpine,003,1148,106,108,0,108,0
2021-12-08,Amador,005,37829,5800,5781,73,5854,69
2021-12-08,Butte,007,227075,21995,21780,3959,25739,326
2021-12-08,Calaveras,009,45235,4507,4455,64,4519,89
2021-12-08,Colusa,011,21464,2637,2619,690,3309,21
2021-12-08,Contra Costa,013,1133247,103316,102506,2404,104910,1058
2021-12-08,Del Norte,015,27424,3803,3767,56,3823,42
2021-12-08,El Dorado,017,186661,17003,16757,1795,18552,170
2021-12-08,Fresno,019,978130,147336,145830,13154,158984,2293
2021-12-08,Glenn,021,27897,3613,3584,1020,4604,37
2021-12-08,Humboldt,023,135768,9840,9704,709,10413,117
2021-12-08,Imperial,025,180216,36109,35537,4037,39574,782
2021-12-08,Inyo,027,18085,2604,2570,42,2612,46
2021-12-08,Kern,029,883053,133906,132709,24362,157071,1846
2021-12-08,Kings,031,150075,33879,33468,2069,35537,371
2021-12-08,Lake,033,64148,6982,6927,163,7090,114
2021-12-08,Lassen,035,31185,7089,7041,431,7472,55
2021-12-08,Los Angeles,037,10098052,1483308,1472410,57144,1529554,27018
2021-12-08,Madera,039,155013,24611,24396,2352,26748,311
2021-12-08,Marin,041,260295,18512,18305,550,18855,249
2021-12-08,Mariposa,043,17540,1469,1447,62,1509,6
2021-12-08,Mendocino,045,87422,8246,8118,691,8809,95
2021-12-08,Merced,047,269075,43870,43631,2063,45694,680
2021-12-08,Modoc,049,8938,599,594,204,798,6
2021-12-08,Mono,051,14174,1940,1924,23,1947,4
2021-12-08,Monterey,053,433212,50380,48957,3374,52331,631
2021-12-08,Napa,055,140530,13524,13421,129,13550,107
2021-12-08,Nevada,057,99092,9969,9862,351,10213,106
2021-12-08,Orange,059,3164182,318009,315421,16410,331831,5795
2021-12-08,Placer,061,380077,39313,38934,3945,42879,478
2021-12-08,Plumas,063,18699,1972,1924,47,1971,12
2021-12-08,Riverside,065,2383286,380015,375099,16946,392045,5404
2021-12-08,Sacramento,067,1510023,166723,165278,5102,170380,2373
2021-12-08,San Benito,069,59416,7838,7793,186,7979,79
2021-12-08,San Bernardino,071,2135413,371236,367516,11886,379402,6006
2021-12-08,San Diego,073,3302833,395118,391676,22874,414550,4369
2021-12-08,San Francisco,075,870044,55634,54792,2498,57290,677
2021-12-08,San Joaquin,077,732212,103753,102877,5717,108594,1841
2021-12-08,San Luis Obispo,079,281455,30987,30519,1360,31879,361
2021-12-08,San Mateo,081,765935,56561,55220,1010,56230,580
2021-12-08,Santa Barbara,083,443738,46591,46250,1710,47960,558
2021-12-08,Santa Clara,085,1922200,154235,152674,1684,154358,1937
2021-12-08,Santa Cruz,087,273765,21802,21505,1049,22554,224
2021-12-08,Shasta,089,179085,22800,22616,3752,26368,419
2021-12-08,Sierra,091,2930,202,199,21,220,0
2021-12-08,Siskiyou,093,43540,3472,3415,1379,4794,57
2021-12-08,Solano,095,438530,47565,46837,1366,48203,365
2021-12-08,Sonoma,097,501317,43644,43179,590,43769,405
2021-12-08,Stanislaus,099,539301,81829,82038,9351,91389,1264
2021-12-08,Sutter,101,95872,14418,14336,410,14746,187
2021-12-08,Tehama,103,63373,8862,8768,1559,10327,133
2021-12-08,Trinity,105,12862,910,818,227,1045,17
2021-12-08,Tulare,107,460477,71571,70472,16537,87009,1102
2021-12-08,Tuolumne,109,53932,7771,7749,111,7860,91
2021-12-08,Ventura,111,848112,101458,100647,4512,105159,1194
2021-12-08,Yolo,113,214977,20784,20575,1282,21857,267
2021-12-08,Yuba,115,75493,10595,10499,398,10897,92
2021-12-07,Alameda,001,1643700,124377,123325,3013,126338,1497
2021-12-07,Alpine,003,1148,106,108,0,108,0
2021-12-07,Amador,005,37829,5797,5778,72,5850,69
2021-12-07,Butte,007,227075,21971,21761,3954,25715,324
2021-12-07,Calaveras,009,45235,4491,4445,64,4509,88
2021-12-07,Colusa,011,21464,2635,2619,690,3309,21
2021-12-07,Contra Costa,013,1133247,103192,102421,2395,104816,1058
2021-12-07,Del Norte,015,27424,3802,3766,56,3822,42
2021-12-07,El Dorado,017,186661,16979,16742,1792,18534,170
2021-12-07,Fresno,019,978130,147190,145715,13140,158855,2289
2021-12-07,Glenn,021,27897,3612,3579,1020,4599,36
2021-12-07,Humboldt,023,135768,9816,9693,704,10397,117
2021-12-07,Imperial,025,180216,36031,35502,4016,39518,778
2021-12-07,Inyo,027,18085,2601,2567,42,2609,46
2021-12-07,Kern,029,883053,133747,132564,24309,156873,1838
2021-12-07,Kings,031,150075,33847,33441,2066,35507,372
2021-12-07,Lake,033,64148,6977,6925,163,7088,113
2021-12-07,Lassen,035,31185,7088,7040,430,7470,55
2021-12-07,Los Angeles,037,10098052,1481528,1470904,57040,1527944,27007
2021-12-07,Madera,039,155013,24588,24367,2345,26712,311
2021-12-07,Marin,041,260295,18478,18284,544,18828,249
2021-12-07,Mariposa,043,17540,1467,1446,62,1508,6
2021-12-07,Mendocino,045,87422,8228,8107,691,8798,95
2021-12-07,Merced,047,269075,43829,43600,2056,45656,675
2021-12-07,Modoc,049,8938,599,594,203,797,6
2021-12-07,Mono,051,14174,1938,1921,23,1944,4
2021-12-07,Monterey,053,433212,50297,48880,3356,52236,631
2021-12-07,Napa,055,140530,13506,13409,129,13538,107
2021-12-07,Nevada,057,99092,9955,9858,350,10208,105
2021-12-07,Orange,059,3164182,317676,315138,16361,331499,5784
2021-12-07,Placer,061,380077,39237,38860,3941,42801,474
2021-12-07,Plumas,063,18699,1968,1915,47,1962,12
2021-12-07,Riverside,065,2383286,379485,374552,16930,391482,5397
2021-12-07,Sacramento,067,1510023,166477,165148,5088,170236,2375
2021-12-07,San Benito,069,59416,7822,7776,186,7962,78
2021-12-07,San Bernardino,071,2135413,370670,366981,11868,378849,6007
2021-12-07,San Diego,073,3302833,394270,391110,22836,413946,4357
2021-12-07,San Francisco,075,870044,55524,54729,2493,57222,676
2021-12-07,San Joaquin,077,732212,103634,102797,5705,108502,1839
2021-12-07,San Luis Obispo,079,281455,30948,30495,1358,31853,361
2021-12-07,San Mateo,081,765935,56472,55163,1004,56167,580
2021-12-07,Santa Barbara,083,443738,46519,46205,1708,47913,556
2021-12-07,Santa Clara,085,1922200,154049,152465,1675,154140,1941
2021-12-07,Santa Cruz,087,273765,21755,21493,1049,22542,224
2021-12-07,Shasta,089,179085,22778,22594,3749,26343,418
2021-12-07,Sierra,091,2930,202,199,21,220,0
2021-12-07,Siskiyou,093,43540,3470,3412,1379,4791,57
2021-12-07,Solano,095,438530,47525,46812,1364,48176,365
2021-12-07,Sonoma,097,501317,43570,43154,589,43743,405
2021-12-07,Stanislaus,099,539301,81752,81980,9339,91319,1258
2021-12-07,Sutter,101,95872,14410,14322,409,14731,186
2021-12-07,Tehama,103,63373,8854,8765,1558,10323,133
2021-12-07,Trinity,105,12862,910,818,227,1045,17
2021-12-07,Tulare,107,460477,71513,70411,16508,86919,1103
2021-12-07,Tuolumne,109,53932,7763,7743,111,7854,91
2021-12-07,Ventura,111,848112,101362,100569,4502,105071,1194
2021-12-07,Yolo,113,214977,20757,20560,1279,21839,263
2021-12-07,Yuba,115,75493,10578,10491,397,10888,91
2021-12-06,Alameda,001,1643700,124213,123227,3010,126237,1496
2021-12-06,Alpine,003,1148,106,108,0,108,0
2021-12-06,Amador,005,37829,5791,5769,71,5840,67
2021-12-06,Butte,007,227075,21954,21732,3951,25683,321
2021-12-06,Calaveras,009,45235,4484,4443,64,4507,88
2021-12-06,Colusa,011,21464,2634,2615,686,3301,21
2021-12-06,Contra Costa,013,1133247,103071,102327,2391,104718,1058
2021-12-06,Del Norte,015,27424,3800,3744,56,3800,42
2021-12-06,El Dorado,017,186661,16954,16726,1790,18516,168
2021-12-06,Fresno,019,978130,146996,145539,13131,158670,2285
2021-12-06,Glenn,021,27897,3609,3577,1019,4596,36
2021-12-06,Humboldt,023,135768,9796,9671,697,10368,117
2021-12-06,Imperial,025,180216,35950,35453,3998,39451,778
2021-12-06,Inyo,027,18085,2595,2562,41,2603,46
2021-12-06,Kern,029,883053,133561,132366,24251,156617,1835
2021-12-06,Kings,031,150075,33814,33399,2061,35460,368
2021-12-06,Lake,033,64148,6973,6922,163,7085,113
2021-12-06,Lassen,035,31185,7083,7032,428,7460,51
2021-12-06,Los Angeles,037,10098052,1479866,1470059,56948,1527007,26993
2021-12-06,Madera,039,155013,24561,24334,2341,26675,307
2021-12-06,Marin,041,260295,18450,18252,542,18794,249
2021-12-06,Mariposa,043,17540,1464,1443,62,1505,6
2021-12-06,Mendocino,045,87422,8215,8079,687,8766,95
2021-12-06,Merced,047,269075,43789,43549,2046,45595,672
2021-12-06,Modoc,049,8938,599,593,203,796,6
2021-12-06,Mono,051,14174,1933,1913,23,1936,4
2021-12-06,Monterey,053,433212,50219,48831,3336,52167,626
2021-12-06,Napa,055,140530,13483,13387,127,13514,107
2021-12-06,Nevada,057,99092,9927,9847,349,10196,105
2021-12-06,Orange,059,3164182,317297,314859,16318,331177,5771
2021-12-06,Placer,061,380077,39179,38785,3936,42721,473
2021-12-06,Plumas,063,18699,1960,1913,47,1960,10
2021-12-06,Riverside,065,2383286,378967,374116,16916,391032,5388
2021-12-06,Sacramento,067,1510023,166199,164926,5067,169993,2367
2021-12-06,San Benito,069,59416,7806,7755,186,7941,78
2021-12-06,San Bernardino,071,2135413,370120,366606,11841,378447,5998
2021-12-06,San Diego,073,3302833,393420,390389,22791,413180,4352
2021-12-06,San Francisco,075,870044,55417,54659,2488,57147,674
2021-12-06,San Joaquin,077,732212,103507,102728,5698,108426,1837
2021-12-06,San Luis Obispo,079,281455,30910,30464,1356,31820,361
2021-12-06,San Mateo,081,765935,56398,55112,1001,56113,580
2021-12-06,Santa Barbara,083,443738,46426,46146,1707,47853,556
2021-12-06,Santa Clara,085,1922200,153839,152310,1659,153969,1937
2021-12-06,Santa Cruz,087,273765,21720,21450,1046,22496,224
2021-12-06,Shasta,089,179085,22755,22556,3741,26297,416
2021-12-06,Sierra,091,2930,201,198,21,219,0
2021-12-06,Siskiyou,093,43540,3468,3409,1374,4783,57
2021-12-06,Solano,095,438530,47480,46748,1363,48111,360
2021-12-06,Sonoma,097,501317,43501,43114,581,43695,405
2021-12-06,Stanislaus,099,539301,81658,81889,9305,91194,1241
2021-12-06,Sutter,101,95872,14398,14319,409,14728,186
2021-12-06,Tehama,103,63373,8846,8760,1558,10318,133
2021-12-06,Trinity,105,12862,910,815,226,1041,17
2021-12-06,Tulare,107,460477,71437,70285,16469,86754,1101
2021-12-06,Tuolumne,109,53932,7749,7726,111,7837,91
2021-12-06,Ventura,111,848112,101260,100426,4494,104920,1194
2021-12-06,Yolo,113,214977,20733,20548,1278,21826,263
2021-12-06,Yuba,115,75493,10563,10480,392,10872,91
2021-12-05,Alameda,001,1643700,124025,123104,3002,126106,1496
2021-12-05,Alpine,003,1148,105,108,0,108,0
2021-12-05,Amador,005,37829,5788,5761,71,5832,67
2021-12-05,Butte,007,227075,21920,21720,3945,25665,320
2021-12-05,Calaveras,009,45235,4468,4434,64,4498,88
2021-12-05,Colusa,011,21464,2633,2615,685,3300,21
2021-12-05,Contra Costa,013,1133247,102941,102251,2381,104632,1058
2021-12-05,Del Norte,015,27424,3798,3751,56,3807,42
2021-12-05,El Dorado,017,186661,16917,16717,1784,18501,168
2021-12-05,Fresno,019,978130,146822,145452,13112,158564,2284
2021-12-05,Glenn,021,27897,3607,3577,1018,4595,36
2021-12-05,Humboldt,023,135768,9766,9662,694,10356,117
2021-12-05,Imperial,025,180216,35856,35422,3968,39390,778
2021-12-05,Inyo,027,18085,2588,2559,41,2600,46
2021-12-05,Kern,029,883053,133396,132286,24199,156485,1833
2021-12-05,Kings,031,150075,33750,33360,2061,35421,369
2021-12-05,Lake,033,64148,6968,6919,162,7081,113
2021-12-05,Lassen,035,31185,7081,7031,428,7459,51
2021-12-05,Los Angeles,037,10098052,1478028,1468937,56811,1525748,26991
2021-12-05,Madera,039,155013,24520,24311,2338,26649,307
2021-12-05,Marin,041,260295,18403,18216,534,18750,249
2021-12-05,Mariposa,043,17540,1461,1440,61,1501,6
2021-12-05,Mendocino,045,87422,8196,8069,681,8750,95
2021-12-05,Merced,047,269075,43745,43534,2037,45571,672
2021-12-05,Modoc,049,8938,599,593,203,796,6
2021-12-05,Mono,051,14174,1926,1907,23,1930,4
2021-12-05,Monterey,053,433212,50148,48813,3304,52117,626
2021-12-05,Napa,055,140530,13457,13382,124,13506,107
2021-12-05,Nevada,057,99092,9906,9827,349,10176,105
2021-12-05,Orange,059,3164182,316862,314560,16275,330835,5771
2021-12-05,Placer,061,380077,39121,38738,3927,42665,473
2021-12-05,Plumas,063,18699,1956,1913,46,1959,9
2021-12-05,Riverside,065,2383286,378312,373827,16886,390713,5388
2021-12-05,Sacramento,067,1510023,165892,164721,5049,169770,2367
2021-12-05,San Benito,069,59416,7789,7748,185,7933,78
2021-12-05,San Bernardino,071,2135413,369425,366282,11794,378076,5998
2021-12-05,San Diego,073,3302833,392621,387979,22743,410722,4351
2021-12-05,San Francisco,075,870044,55316,54603,2486,57089,674
2021-12-05,San Joaquin,077,732212,103366,102698,5693,108391,1837
2021-12-05,San Luis Obispo,079,281455,30840,30454,1353,31807,360
2021-12-05,San Mateo,081,765935,56309,55050,991,56041,580
2021-12-05,Santa Barbara,083,443738,46343,46097,1699,47796,555
2021-12-05,Santa Clara,085,1922200,153584,152114,1639,153753,1933
2021-12-05,Santa Cruz,087,273765,21670,21424,1046,22470,224
2021-12-05,Shasta,089,179085,22698,22550,3740,26290,416
2021-12-05,Sierra,091,2930,201,198,21,219,0
2021-12-05,Siskiyou,093,43540,3466,3409,1372,4781,57
2021-12-05,Solano,095,438530,47417,46715,1361,48076,360
2021-12-05,Sonoma,097,501317,43424,43038,576,43614,405
2021-12-05,Stanislaus,099,539301,81523,81847,9295,91142,1241
2021-12-05,Sutter,101,95872,14374,14303,404,14707,186
2021-12-05,Tehama,103,63373,8838,8755,1557,10312,133
2021-12-05,Trinity,105,12862,909,815,226,1041,17
2021-12-05,Tulare,107,460477,71357,70254,16421,86675,1102
2021-12-05,Tuolumne,109,53932,7736,7718,111,7829,91
2021-12-05,Ventura,111,848112,101124,100367,4481,104848,1194
2021-12-05,Yolo,113,214977,20691,20512,1276,21788,263
2021-12-05,Yuba,115,75493,10550,10467,385,10852,91
2021-12-04,Alameda,001,1643700,123914,122508,2998,125506,1494
2021-12-04,Alpine,003,1148,105,108,0,108,0
2021-12-04,Amador,005,37829,5785,5729,71,5800,67
2021-12-04,Butte,007,227075,21901,21638,3941,25579,318
2021-12-04,Calaveras,009,45235,4460,4392,63,4455,88
2021-12-04,Colusa,011,21464,2633,2600,683,3283,21
2021-12-04,Contra Costa,013,1133247,102866,101824,2375,104199,1056
2021-12-04,Del Norte,015,27424,3795,3726,56,3782,42
2021-12-04,El Dorado,017,186661,16908,16621,1783,18404,168
2021-12-04,Fresno,019,978130,146734,144734,13107,157841,2270
2021-12-04,Glenn,021,27897,3607,3559,1018,4577,36
2021-12-04,Humboldt,023,135768,9751,9596,690,10286,117
2021-12-04,Imperial,025,180216,35801,35206,3955,39161,776
2021-12-04,Inyo,027,18085,2583,2538,41,2579,46
2021-12-04,Kern,029,883053,133318,131771,24176,155947,1817
2021-12-04,Kings,031,150075,33726,33183,2060,35243,367
2021-12-04,Lake,033,64148,6959,6903,162,7065,113
2021-12-04,Lassen,035,31185,7080,7014,426,7440,51
2021-12-04,Los Angeles,037,10098052,1477159,1463270,56733,1520003,26952
2021-12-04,Madera,039,155013,24506,24188,2334,26522,307
2021-12-04,Marin,041,260295,18381,18075,533,18608,249
2021-12-04,Mariposa,043,17540,1457,1421,61,1482,6
2021-12-04,Mendocino,045,87422,8191,7981,681,8662,91
2021-12-04,Merced,047,269075,43718,43337,2035,45372,671
2021-12-04,Modoc,049,8938,599,591,203,794,6
2021-12-04,Mono,051,14174,1926,1883,23,1906,4
2021-12-04,Monterey,053,433212,50115,48682,3297,51979,626
2021-12-04,Napa,055,140530,13447,13327,123,13450,106
2021-12-04,Nevada,057,99092,9899,9752,349,10101,105
2021-12-04,Orange,059,3164182,316632,313112,16249,329361,5748
2021-12-04,Placer,061,380077,39081,38460,3921,42381,473
2021-12-04,Plumas,063,18699,1953,1903,46,1949,7
2021-12-04,Riverside,065,2383286,377955,371768,16880,388648,5381
2021-12-04,Sacramento,067,1510023,165749,163900,5041,168941,2365
2021-12-04,San Benito,069,59416,7763,7688,185,7873,78
2021-12-04,San Bernardino,071,2135413,369040,364154,11780,375934,5983
2021-12-04,San Diego,073,3302833,392142,386710,22713,409423,4350
2021-12-04,San Francisco,075,870044,55248,54286,2483,56769,674
2021-12-04,San Joaquin,077,732212,103312,102286,5691,107977,1835
2021-12-04,San Luis Obispo,079,281455,30819,30318,1349,31667,360
2021-12-04,San Mateo,081,765935,56258,54774,988,55762,579
2021-12-04,Santa Barbara,083,443738,46298,45774,1699,47473,555
2021-12-04,Santa Clara,085,1922200,153430,151275,1625,152900,1928
2021-12-04,Santa Cruz,087,273765,21644,21286,1045,22331,224
2021-12-04,Shasta,089,179085,22681,22418,3738,26156,414
2021-12-04,Sierra,091,2930,201,196,21,217,0
2021-12-04,Siskiyou,093,43540,3464,3398,1372,4770,57
2021-12-04,Solano,095,438530,47397,46529,1360,47889,360
2021-12-04,Sonoma,097,501317,43378,42778,573,43351,405
2021-12-04,Stanislaus,099,539301,81451,81462,9288,90750,1231
2021-12-04,Sutter,101,95872,14366,14258,403,14661,186
2021-12-04,Tehama,103,63373,8836,8742,1557,10299,131
2021-12-04,Trinity,105,12862,908,801,226,1027,17
2021-12-04,Tulare,107,460477,71319,70014,16393,86407,1100
2021-12-04,Tuolumne,109,53932,7731,7676,111,7787,91
2021-12-04,Ventura,111,848112,101033,99751,4477,104228,1192
2021-12-04,Yolo,113,214977,20668,20442,1273,21715,261
2021-12-04,Yuba,115,75493,10539,10418,384,10802,91
2021-12-03,Alameda,001,1643700,123821,122508,2988,125496,1494
2021-12-03,Alpine,003,1148,105,108,0,108,0
2021-12-03,Amador,005,37829,5780,5729,70,5799,67
2021-12-03,Butte,007,227075,21888,21638,3936,25574,318
2021-12-03,Calaveras,009,45235,4451,4392,63,4455,88
2021-12-03,Colusa,011,21464,2631,2600,683,3283,21
2021-12-03,Contra Costa,013,1133247,102792,101824,2370,104194,1056
2021-12-03,Del Norte,015,27424,3793,3726,56,3782,42
2021-12-03,El Dorado,017,186661,16879,16621,1781,18402,168
2021-12-03,Fresno,019,978130,146621,144734,13105,157839,2270
2021-12-03,Glenn,021,27897,3606,3559,1017,4576,36
2021-12-03,Humboldt,023,135768,9734,9596,688,10284,117
2021-12-03,Imperial,025,180216,35757,35206,3925,39131,776
2021-12-03,Inyo,027,18085,2576,2538,41,2579,46
2021-12-03,Kern,029,883053,133247,131771,24140,155911,1817
2021-12-03,Kings,031,150075,33698,33183,2060,35243,367
2021-12-03,Lake,033,64148,6959,6903,162,7065,113
2021-12-03,Lassen,035,31185,7078,7014,425,7439,51
2021-12-03,Los Angeles,037,10098052,1476217,1463270,56652,1519922,26952
2021-12-03,Madera,039,155013,24480,24188,2330,26518,307
2021-12-03,Marin,041,260295,18349,18075,529,18604,249
2021-12-03,Mariposa,043,17540,1455,1421,61,1482,6
2021-12-03,Mendocino,045,87422,8184,7981,681,8662,91
2021-12-03,Merced,047,269075,43695,43337,2032,45369,671
2021-12-03,Modoc,049,8938,599,591,203,794,6
2021-12-03,Mono,051,14174,1920,1883,23,1906,4
2021-12-03,Monterey,053,433212,50076,48682,3286,51968,626
2021-12-03,Napa,055,140530,13435,13327,123,13450,106
2021-12-03,Nevada,057,99092,9888,9752,349,10101,105
2021-12-03,Orange,059,3164182,316363,313112,16216,329328,5748
2021-12-03,Placer,061,380077,39044,38460,3914,42374,473
2021-12-03,Plumas,063,18699,1950,1903,46,1949,7
2021-12-03,Riverside,065,2383286,377564,371768,16874,388642,5381
2021-12-03,Sacramento,067,1510023,165569,163900,5027,168927,2365
2021-12-03,San Benito,069,59416,7756,7688,185,7873,78
2021-12-03,San Bernardino,071,2135413,368596,364154,11770,375924,5983
2021-12-03,San Diego,073,3302833,391666,386710,22689,409399,4350
2021-12-03,San Francisco,075,870044,55178,54286,2479,56765,674
2021-12-03,San Joaquin,077,732212,103255,102286,5690,107976,1835
2021-12-03,San Luis Obispo,079,281455,30793,30318,1346,31664,360
2021-12-03,San Mateo,081,765935,56195,54774,985,55759,579
2021-12-03,Santa Barbara,083,443738,46262,45774,1699,47473,555
2021-12-03,Santa Clara,085,1922200,153248,151275,1610,152885,1928
2021-12-03,Santa Cruz,087,273765,21617,21286,1045,22331,224
2021-12-03,Shasta,089,179085,22666,22418,3738,26156,414
2021-12-03,Sierra,091,2930,201,196,21,217,0
2021-12-03,Siskiyou,093,43540,3461,3398,1370,4768,57
2021-12-03,Solano,095,438530,47355,46529,1359,47888,360
2021-12-03,Sonoma,097,501317,43342,42778,571,43349,405
2021-12-03,Stanislaus,099,539301,81394,81462,9279,90741,1231
2021-12-03,Sutter,101,95872,14353,14258,401,14659,186
2021-12-03,Tehama,103,63373,8835,8742,1556,10298,131
2021-12-03,Trinity,105,12862,908,801,226,1027,17
2021-12-03,Tulare,107,460477,71280,70014,16360,86374,1100
2021-12-03,Tuolumne,109,53932,7722,7676,111,7787,91
2021-12-03,Ventura,111,848112,100946,99751,4470,104221,1192
2021-12-03,Yolo,113,214977,20651,20442,1272,21714,261
2021-12-03,Yuba,115,75493,10531,10418,384,10802,91
2021-12-02,Alameda,001,1643700,123665,122508,2980,125488,1494
2021-12-02,Alpine,003,1148,105,108,0,108,0
2021-12-02,Amador,005,37829,5775,5729,69,5798,67
2021-12-02,Butte,007,227075,21863,21638,3933,25571,318
2021-12-02,Calaveras,009,45235,4441,4392,62,4454,88
2021-12-02,Colusa,011,21464,2630,2600,683,3283,21
2021-12-02,Contra Costa,013,1133247,102678,101824,2366,104190,1056
2021-12-02,Del Norte,015,27424,3785,3726,56,3782,42
2021-12-02,El Dorado,017,186661,16858,16621,1779,18400,168
2021-12-02,Fresno,019,978130,146455,144734,13095,157829,2270
2021-12-02,Glenn,021,27897,3606,3559,1014,4573,36
2021-12-02,Humboldt,023,135768,9715,9596,686,10282,117
2021-12-02,Imperial,025,180216,35690,35206,3902,39108,776
2021-12-02,Inyo,027,18085,2571,2538,41,2579,46
2021-12-02,Kern,029,883053,133076,131771,24087,155858,1817
2021-12-02,Kings,031,150075,33643,33183,2058,35241,367
2021-12-02,Lake,033,64148,6955,6903,162,7065,113
2021-12-02,Lassen,035,31185,7074,7014,425,7439,51
2021-12-02,Los Angeles,037,10098052,1474705,1463270,56568,1519838,26952
2021-12-02,Madera,039,155013,24443,24188,2321,26509,307
2021-12-02,Marin,041,260295,18319,18075,525,18600,249
2021-12-02,Mariposa,043,17540,1453,1421,61,1482,6
2021-12-02,Mendocino,045,87422,8168,7981,680,8661,91
2021-12-02,Merced,047,269075,43649,43337,2026,45363,671
2021-12-02,Modoc,049,8938,598,591,203,794,6
2021-12-02,Mono,051,14174,1914,1883,23,1906,4
2021-12-02,Monterey,053,433212,50003,48682,3264,51946,626
2021-12-02,Napa,055,140530,13422,13327,123,13450,106
2021-12-02,Nevada,057,99092,9870,9752,348,10100,105
2021-12-02,Orange,059,3164182,316020,313112,16179,329291,5748
2021-12-02,Placer,061,380077,38979,38460,3909,42369,473
2021-12-02,Plumas,063,18699,1948,1903,46,1949,7
2021-12-02,Riverside,065,2383286,377038,371768,16864,388632,5381
2021-12-02,Sacramento,067,1510023,165341,163900,5017,168917,2365
2021-12-02,San Benito,069,59416,7736,7688,185,7873,78
2021-12-02,San Bernardino,071,2135413,368048,364154,11750,375904,5983
2021-12-02,San Diego,073,3302833,391020,386710,22635,409345,4350
2021-12-02,San Francisco,075,870044,55080,54286,2474,56760,674
2021-12-02,San Joaquin,077,732212,103140,102286,5685,107971,1835
2021-12-02,San Luis Obispo,079,281455,30760,30318,1339,31657,360
2021-12-02,San Mateo,081,765935,56114,54774,977,55751,579
2021-12-02,Santa Barbara,083,443738,46181,45774,1696,47470,555
2021-12-02,Santa Clara,085,1922200,153001,151275,1593,152868,1928
2021-12-02,Santa Cruz,087,273765,21565,21286,1044,22330,224
2021-12-02,Shasta,089,179085,22633,22418,3737,26155,414
2021-12-02,Sierra,091,2930,201,196,21,217,0
2021-12-02,Siskiyou,093,43540,3460,3398,1363,4761,57
2021-12-02,Solano,095,438530,47304,46529,1357,47886,360
2021-12-02,Sonoma,097,501317,43269,42778,571,43349,405
2021-12-02,Stanislaus,099,539301,81302,81462,9270,90732,1231
2021-12-02,Sutter,101,95872,14340,14258,398,14656,186
2021-12-02,Tehama,103,63373,8828,8742,1554,10296,131
2021-12-02,Trinity,105,12862,908,801,226,1027,17
2021-12-02,Tulare,107,460477,71192,70014,16308,86322,1100
2021-12-02,Tuolumne,109,53932,7707,7676,110,7786,91
2021-12-02,Ventura,111,848112,100821,99751,4468,104219,1192
2021-12-02,Yolo,113,214977,20627,20442,1268,21710,261
2021-12-02,Yuba,115,75493,10515,10418,381,10799,91
2021-12-01,Alameda,001,1643700,123515,122298,2970,125268,1492
2021-12-01,Alpine,003,1148,105,108,0,108,0
2021-12-01,Amador,005,37829,5768,5723,69,5792,67
2021-12-01,Butte,007,227075,21843,21600,3928,25528,318
2021-12-01,Calaveras,009,45235,4436,4371,62,4433,88
2021-12-01,Colusa,011,21464,2623,2595,680,3275,20
2021-12-01,Contra Costa,013,1133247,102569,101651,2355,104006,1048
2021-12-01,Del Norte,015,27424,3783,3722,56,3778,42
2021-12-01,El Dorado,017,186661,16837,16575,1777,18352,166
2021-12-01,Fresno,019,978130,146249,144507,13086,157593,2264
2021-12-01,Glenn,021,27897,3599,3556,1013,4569,36
2021-12-01,Humboldt,023,135768,9691,9573,681,10254,117
2021-12-01,Imperial,025,180216,35609,35085,3875,38960,776
2021-12-01,Inyo,027,18085,2567,2533,41,2574,46
2021-12-01,Kern,029,883053,132929,131580,24032,155612,1804
2021-12-01,Kings,031,150075,33594,33112,2057,35169,364
2021-12-01,Lake,033,64148,6947,6896,161,7057,112
2021-12-01,Lassen,035,31185,7068,7008,423,7431,51
2021-12-01,Los Angeles,037,10098052,1473116,1461394,56473,1517867,26928
2021-12-01,Madera,039,155013,24411,24134,2312,26446,307
2021-12-01,Marin,041,260295,18282,18038,519,18557,249
2021-12-01,Mariposa,043,17540,1449,1415,61,1476,6
2021-12-01,Mendocino,045,87422,8154,7966,675,8641,90
2021-12-01,Merced,047,269075,43593,43259,2005,45264,670
2021-12-01,Modoc,049,8938,598,576,203,779,5
2021-12-01,Mono,051,14174,1909,1876,23,1899,4
2021-12-01,Monterey,053,433212,49954,48611,3255,51866,626
2021-12-01,Napa,055,140530,13405,13319,120,13439,107
2021-12-01,Nevada,057,99092,9857,9706,348,10054,105
2021-12-01,Orange,059,3164182,315656,312772,16141,328913,5735
2021-12-01,Placer,061,380077,38923,38373,3903,42276,472
2021-12-01,Plumas,063,18699,1944,1893,46,1939,7
2021-12-01,Riverside,065,2383286,376514,371189,16847,388036,5369
2021-12-01,Sacramento,067,1510023,165128,163616,4997,168613,2360
2021-12-01,San Benito,069,59416,7722,7669,185,7854,78
2021-12-01,San Bernardino,071,2135413,367468,363368,11724,375092,5973
2021-12-01,San Diego,073,3302833,390224,386056,22581,408637,4346
2021-12-01,San Francisco,075,870044,54998,54199,2467,56666,672
2021-12-01,San Joaquin,077,732212,103032,102109,5684,107793,1834
2021-12-01,San Luis Obispo,079,281455,30718,30238,1335,31573,360
2021-12-01,San Mateo,081,765935,56033,54711,973,55684,579
2021-12-01,Santa Barbara,083,443738,46111,45681,1694,47375,554
2021-12-01,Santa Clara,085,1922200,152783,150961,1576,152537,1925
2021-12-01,Santa Cruz,087,273765,21535,21191,1043,22234,224
2021-12-01,Shasta,089,179085,22601,22375,3731,26106,410
2021-12-01,Sierra,091,2930,201,195,21,216,0
2021-12-01,Siskiyou,093,43540,3457,3391,1363,4754,55
2021-12-01,Solano,095,438530,47260,46485,1357,47842,360
2021-12-01,Sonoma,097,501317,43194,42713,570,43283,405
2021-12-01,Stanislaus,099,539301,81209,81330,9258,90588,1231
2021-12-01,Sutter,101,95872,14325,14229,397,14626,186
2021-12-01,Tehama,103,63373,8818,8728,1554,10282,130
2021-12-01,Trinity,105,12862,903,801,226,1027,17
2021-12-01,Tulare,107,460477,71113,69953,16268,86221,1098
2021-12-01,Tuolumne,109,53932,7699,7655,110,7765,91
2021-12-01,Ventura,111,848112,100715,99680,4457,104137,1191
2021-12-01,Yolo,113,214977,20599,20393,1268,21661,260
2021-12-01,Yuba,115,75493,10503,10401,380,10781,89
2021-11-30,Alameda,001,1643700,123348,122196,2961,125157,1489
2021-11-30,Alpine,003,1148,105,108,0,108,0
2021-11-30,Amador,005,37829,5760,5716,69,5785,66
2021-11-30,Butte,007,227075,21814,21565,3919,25484,318
2021-11-30,Calaveras,009,45235,4418,4360,62,4422,88
2021-11-30,Colusa,011,21464,2622,2592,680,3272,21
2021-11-30,Contra Costa,013,1133247,102431,101538,2348,103886,1046
2021-11-30,Del Norte,015,27424,3777,3718,56,3774,42
2021-11-30,El Dorado,017,186661,16809,16558,1771,18329,166
2021-11-30,Fresno,019,978130,146051,144384,13077,157461,2259
2021-11-30,Glenn,021,27897,3594,3555,1012,4567,36
2021-11-30,Humboldt,023,135768,9660,9539,675,10214,116
2021-11-30,Imperial,025,180216,35501,34999,3847,38846,773
2021-11-30,Inyo,027,18085,2558,2530,41,2571,46
2021-11-30,Kern,029,883053,132756,131451,23975,155426,1799
2021-11-30,Kings,031,150075,33543,33074,2053,35127,362
2021-11-30,Lake,033,64148,6942,6892,159,7051,110
2021-11-30,Lassen,035,31185,7064,7003,422,7425,51
2021-11-30,Los Angeles,037,10098052,1471330,1460177,56368,1516545,26913
2021-11-30,Madera,039,155013,24377,24108,2307,26415,307
2021-11-30,Marin,041,260295,18238,18010,517,18527,249
2021-11-30,Mariposa,043,17540,1443,1412,61,1473,6
2021-11-30,Mendocino,045,87422,8125,7960,669,8629,89
2021-11-30,Merced,047,269075,43522,43200,1998,45198,668
2021-11-30,Modoc,049,8938,597,576,203,779,5
2021-11-30,Mono,051,14174,1906,1873,23,1896,4
2021-11-30,Monterey,053,433212,49890,48581,3245,51826,626
2021-11-30,Napa,055,140530,13385,13308,120,13428,105
2021-11-30,Nevada,057,99092,9841,9699,347,10046,105
2021-11-30,Orange,059,3164182,315236,312451,16099,328550,5724
2021-11-30,Placer,061,380077,38819,38324,3895,42219,470
2021-11-30,Plumas,063,18699,1939,1887,45,1932,7
2021-11-30,Riverside,065,2383286,375829,370739,16822,387561,5358
2021-11-30,Sacramento,067,1510023,164848,163420,4975,168395,2353
2021-11-30,San Benito,069,59416,7700,7645,184,7829,78
2021-11-30,San Bernardino,071,2135413,366800,363006,11702,374708,5967
2021-11-30,San Diego,073,3302833,389296,385405,22536,407941,4340
2021-11-30,San Francisco,075,870044,54891,54147,2457,56604,672
2021-11-30,San Joaquin,077,732212,102906,101972,5676,107648,1834
2021-11-30,San Luis Obispo,079,281455,30693,30200,1332,31532,360
2021-11-30,San Mateo,081,765935,55930,54656,963,55619,579
2021-11-30,Santa Barbara,083,443738,46015,45628,1688,47316,553
2021-11-30,Santa Clara,085,1922200,152522,150799,1557,152356,1929
2021-11-30,Santa Cruz,087,273765,21476,21169,1039,22208,224
2021-11-30,Shasta,089,179085,22571,22347,3728,26075,401
2021-11-30,Sierra,091,2930,198,195,21,216,0
2021-11-30,Siskiyou,093,43540,3453,3385,1360,4745,55
2021-11-30,Solano,095,438530,47197,46434,1351,47785,358
2021-11-30,Sonoma,097,501317,43115,42663,569,43232,405
2021-11-30,Stanislaus,099,539301,81108,81276,9231,90507,1227
2021-11-30,Sutter,101,95872,14314,14210,394,14604,186
2021-11-30,Tehama,103,63373,8811,8727,1553,10280,130
2021-11-30,Trinity,105,12862,902,799,226,1025,17
2021-11-30,Tulare,107,460477,71026,69900,16219,86119,1099
2021-11-30,Tuolumne,109,53932,7684,7643,110,7753,91
2021-11-30,Ventura,111,848112,100562,99601,4445,104046,1191
2021-11-30,Yolo,113,214977,20557,20376,1262,21638,260
2021-11-30,Yuba,115,75493,10484,10398,375,10773,89
2021-11-29,Alameda,001,1643700,123191,122136,2951,125087,1489
2021-11-29,Alpine,003,1148,105,108,0,108,0
2021-11-29,Amador,005,37829,5753,5706,69,5775,66
2021-11-29,Butte,007,227075,21789,21544,3913,25457,314
2021-11-29,Calaveras,009,45235,4402,4353,62,4415,88
2021-11-29,Colusa,011,21464,2620,2585,677,3262,20
2021-11-29,Contra Costa,013,1133247,102283,101441,2340,103781,1046
2021-11-29,Del Norte,015,27424,3774,3704,56,3760,42
2021-11-29,El Dorado,017,186661,16791,16534,1766,18300,166
2021-11-29,Fresno,019,978130,145848,144282,13059,157341,2254
2021-11-29,Glenn,021,27897,3591,3555,1011,4566,36
2021-11-29,Humboldt,023,135768,9643,9514,668,10182,115
2021-11-29,Imperial,025,180216,35437,34960,3826,38786,773
2021-11-29,Inyo,027,18085,2553,2529,41,2570,46
2021-11-29,Kern,029,883053,132571,131362,23933,155295,1789
2021-11-29,Kings,031,150075,33491,33059,2049,35108,363
2021-11-29,Lake,033,64148,6930,6889,159,7048,110
2021-11-29,Lassen,035,31185,7061,7003,420,7423,51
2021-11-29,Los Angeles,037,10098052,1469483,1459446,56281,1515727,26889
2021-11-29,Madera,039,155013,24341,24069,2299,26368,307
2021-11-29,Marin,041,260295,18191,17980,512,18492,249
2021-11-29,Mariposa,043,17540,1435,1409,61,1470,6
2021-11-29,Mendocino,045,87422,8108,7954,665,8619,89
2021-11-29,Merced,047,269075,43448,43167,1991,45158,667
2021-11-29,Modoc,049,8938,596,569,203,772,5
2021-11-29,Mono,051,14174,1889,1859,23,1882,4
2021-11-29,Monterey,053,433212,49830,48548,3229,51777,626
2021-11-29,Napa,055,140530,13375,13304,120,13424,104
2021-11-29,Nevada,057,99092,9827,9689,347,10036,105
2021-11-29,Orange,059,3164182,314834,312203,16053,328256,5709
2021-11-29,Placer,061,380077,38754,38261,3890,42151,470
2021-11-29,Plumas,063,18699,1936,1884,45,1929,7
2021-11-29,Riverside,065,2383286,375297,370334,16811,387145,5358
2021-11-29,Sacramento,067,1510023,164599,163282,4942,168224,2342
2021-11-29,San Benito,069,59416,7680,7631,183,7814,77
2021-11-29,San Bernardino,071,2135413,366205,362694,11670,374364,5962
2021-11-29,San Diego,073,3302833,388404,384853,22504,407357,4335
2021-11-29,San Francisco,075,870044,54793,54125,2453,56578,669
2021-11-29,San Joaquin,077,732212,102767,101927,5669,107596,1834
2021-11-29,San Luis Obispo,079,281455,30659,30165,1328,31493,359
2021-11-29,San Mateo,081,765935,55828,54622,959,55581,579
2021-11-29,Santa Barbara,083,443738,45918,45576,1684,47260,549
2021-11-29,Santa Clara,085,1922200,152250,150620,1551,152171,1925
2021-11-29,Santa Cruz,087,273765,21439,21149,1038,22187,224
2021-11-29,Shasta,089,179085,22537,22315,3724,26039,399
2021-11-29,Sierra,091,2930,198,195,21,216,0
2021-11-29,Siskiyou,093,43540,3450,3374,1353,4727,55
2021-11-29,Solano,095,438530,47145,46412,1349,47761,357
2021-11-29,Sonoma,097,501317,43039,42624,566,43190,405
2021-11-29,Stanislaus,099,539301,81028,81227,9213,90440,1223
2021-11-29,Sutter,101,95872,14298,14204,391,14595,186
2021-11-29,Tehama,103,63373,8806,8720,1548,10268,130
2021-11-29,Trinity,105,12862,897,798,226,1024,17
2021-11-29,Tulare,107,460477,70947,69850,16184,86034,1096
2021-11-29,Tuolumne,109,53932,7671,7627,110,7737,90
2021-11-29,Ventura,111,848112,100442,99520,4435,103955,1190
2021-11-29,Yolo,113,214977,20513,20344,1259,21603,257
2021-11-29,Yuba,115,75493,10467,10395,374,10769,89
2021-11-28,Alameda,001,1643700,122970,122082,2945,125027,1491
2021-11-28,Alpine,003,1148,105,108,0,108,0
2021-11-28,Amador,005,37829,5743,5703,69,5772,66
2021-11-28,Butte,007,227075,21751,21530,3911,25441,313
2021-11-28,Calaveras,009,45235,4380,4350,62,4412,88
2021-11-28,Colusa,011,21464,2616,2586,676,3262,19
2021-11-28,Contra Costa,013,1133247,102111,101355,2329,103684,1046
2021-11-28,Del Norte,015,27424,3769,3703,56,3759,42
2021-11-28,El Dorado,017,186661,16750,16527,1765,18292,166
2021-11-28,Fresno,019,978130,145604,144164,13036,157200,2252
2021-11-28,Glenn,021,27897,3588,3547,1009,4556,36
2021-11-28,Humboldt,023,135768,9611,9499,664,10163,115
2021-11-28,Imperial,025,180216,35329,34929,3802,38731,773
2021-11-28,Inyo,027,18085,2546,2531,41,2572,46
2021-11-28,Kern,029,883053,132363,131279,23876,155155,1789
2021-11-28,Kings,031,150075,33417,33057,2042,35099,364
2021-11-28,Lake,033,64148,6920,6885,158,7043,110
2021-11-28,Lassen,035,31185,7053,7002,416,7418,51
2021-11-28,Los Angeles,037,10098052,1467317,1458646,56193,1514839,26878
2021-11-28,Madera,039,155013,24293,24055,2292,26347,307
2021-11-28,Marin,041,260295,18142,17962,508,18470,249
2021-11-28,Mariposa,043,17540,1431,1406,61,1467,6
2021-11-28,Mendocino,045,87422,8077,7943,660,8603,89
2021-11-28,Merced,047,269075,43382,43166,1976,45142,667
2021-11-28,Modoc,049,8938,595,569,203,772,5
2021-11-28,Mono,051,14174,1883,1841,23,1864,4
2021-11-28,Monterey,053,433212,49765,48537,3209,51746,626
2021-11-28,Napa,055,140530,13362,13303,120,13423,104
2021-11-28,Nevada,057,99092,9800,9684,346,10030,105
2021-11-28,Orange,059,3164182,314450,312028,16010,328038,5693
2021-11-28,Placer,061,380077,38673,38240,3871,42111,470
2021-11-28,Plumas,063,18699,1930,1884,44,1928,7
2021-11-28,Riverside,065,2383286,374641,370051,16789,386840,5358
2021-11-28,Sacramento,067,1510023,164244,163170,4919,168089,2335
2021-11-28,San Benito,069,59416,7662,7623,182,7805,77
2021-11-28,San Bernardino,071,2135413,365488,362407,11642,374049,5958
2021-11-28,San Diego,073,3302833,387512,383025,22440,405465,4325
2021-11-28,San Francisco,075,870044,54717,54082,2448,56530,669
2021-11-28,San Joaquin,077,732212,102586,101895,5652,107547,1834
2021-11-28,San Luis Obispo,079,281455,30594,30152,1324,31476,358
2021-11-28,San Mateo,081,765935,55733,54567,955,55522,579
2021-11-28,Santa Barbara,083,443738,45839,45551,1673,47224,549
2021-11-28,Santa Clara,085,1922200,151947,150436,1536,151972,1920
2021-11-28,Santa Cruz,087,273765,21368,21110,1037,22147,224
2021-11-28,Shasta,089,179085,22497,22316,3722,26038,400
2021-11-28,Sierra,091,2930,198,195,21,216,0
2021-11-28,Siskiyou,093,43540,3444,3372,1349,4721,55
2021-11-28,Solano,095,438530,47083,46385,1348,47733,356
2021-11-28,Sonoma,097,501317,42953,42583,563,43146,405
2021-11-28,Stanislaus,099,539301,80909,81181,9193,90374,1223
2021-11-28,Sutter,101,95872,14276,14192,385,14577,186
2021-11-28,Tehama,103,63373,8798,8720,1544,10264,130
2021-11-28,Trinity,105,12862,896,797,226,1023,17
2021-11-28,Tulare,107,460477,70851,69833,16129,85962,1095
2021-11-28,Tuolumne,109,53932,7650,7620,110,7730,90
2021-11-28,Ventura,111,848112,100286,99486,4424,103910,1190
2021-11-28,Yolo,113,214977,20471,20333,1258,21591,257
2021-11-28,Yuba,115,75493,10449,10391,372,10763,89
2021-11-27,Alameda,001,1643700,122874,121618,2942,124560,1477
2021-11-27,Alpine,003,1148,105,106,0,106,0
2021-11-27,Amador,005,37829,5742,5670,69,5739,66
2021-11-27,Butte,007,227075,21728,21384,3906,25290,309
2021-11-27,Calaveras,009,45235,4374,4294,62,4356,85
2021-11-27,Colusa,011,21464,2615,2568,674,3242,19
2021-11-27,Contra Costa,013,1133247,102025,100961,2328,103289,1045
2021-11-27,Del Norte,015,27424,3762,3661,56,3717,42
2021-11-27,El Dorado,017,186661,16715,16399,1764,18163,161
2021-11-27,Fresno,019,978130,145494,143386,13031,156417,2246
2021-11-27,Glenn,021,27897,3584,3532,1008,4540,36
2021-11-27,Humboldt,023,135768,9583,9399,662,10061,115
2021-11-27,Imperial,025,180216,35246,34611,3786,38397,769
2021-11-27,Inyo,027,18085,2543,2506,41,2547,45
2021-11-27,Kern,029,883053,132279,130245,23847,154092,1773
2021-11-27,Kings,031,150075,33394,32891,2040,34931,358
2021-11-27,Lake,033,64148,6917,6836,157,6993,110
2021-11-27,Lassen,035,31185,7051,6959,415,7374,47
2021-11-27,Los Angeles,037,10098052,1466311,1454495,56123,1510618,26817
2021-11-27,Madera,039,155013,24273,23880,2288,26168,296
2021-11-27,Marin,041,260295,18104,17857,503,18360,248
2021-11-27,Mariposa,043,17540,1429,1374,61,1435,6
2021-11-27,Mendocino,045,87422,8058,7871,660,8531,89
2021-11-27,Merced,047,269075,43347,42921,1973,44894,664
2021-11-27,Modoc,049,8938,593,551,203,754,5
2021-11-27,Mono,051,14174,1881,1810,23,1833,4
2021-11-27,Monterey,053,433212,49732,48400,3195,51595,625
2021-11-27,Napa,055,140530,13348,13256,120,13376,104
2021-11-27,Nevada,057,99092,9778,9584,345,9929,103
2021-11-27,Orange,059,3164182,314198,310809,15973,326782,5665
2021-11-27,Placer,061,380077,38612,38001,3865,41866,468
2021-11-27,Plumas,063,18699,1926,1860,44,1904,7
2021-11-27,Riverside,065,2383286,374283,367601,16782,384383,5306
2021-11-27,Sacramento,067,1510023,164088,162328,4916,167244,2335
2021-11-27,San Benito,069,59416,7645,7575,182,7757,77
2021-11-27,San Bernardino,071,2135413,365056,360033,11633,371666,5932
2021-11-27,San Diego,073,3302833,387010,382634,22414,405048,4319
2021-11-27,San Francisco,075,870044,54667,53830,2445,56275,669
2021-11-27,San Joaquin,077,732212,102519,101368,5649,107017,1833
2021-11-27,San Luis Obispo,079,281455,30559,29983,1320,31303,358
2021-11-27,San Mateo,081,765935,55676,54360,952,55312,577
2021-11-27,Santa Barbara,083,443738,45785,45318,1671,46989,548
2021-11-27,Santa Clara,085,1922200,151740,149700,1530,151230,1922
2021-11-27,Santa Cruz,087,273765,21328,20929,1034,21963,222
2021-11-27,Shasta,089,179085,22474,22151,3721,25872,396
2021-11-27,Sierra,091,2930,197,194,21,215,0
2021-11-27,Siskiyou,093,43540,3441,3336,1347,4683,54
2021-11-27,Solano,095,438530,47047,46163,1345,47508,356
2021-11-27,Sonoma,097,501317,42888,42368,563,42931,405
2021-11-27,Stanislaus,099,539301,80841,80782,9175,89957,1220
2021-11-27,Sutter,101,95872,14268,14127,384,14511,181
2021-11-27,Tehama,103,63373,8796,8675,1543,10218,129
2021-11-27,Trinity,105,12862,896,789,226,1015,17
2021-11-27,Tulare,107,460477,70799,69377,16113,85490,1082
2021-11-27,Tuolumne,109,53932,7637,7574,110,7684,90
2021-11-27,Ventura,111,848112,100213,99163,4416,103579,1188
2021-11-27,Yolo,113,214977,20450,20237,1249,21486,257
2021-11-27,Yuba,115,75493,10439,10335,372,10707,88
2021-11-26,Alameda,001,1643700,122763,121618,2940,124558,1477
2021-11-26,Alpine,003,1148,105,106,0,106,0
2021-11-26,Amador,005,37829,5738,5670,69,5739,66
2021-11-26,Butte,007,227075,21705,21384,3901,25285,309
2021-11-26,Calaveras,009,45235,4365,4294,62,4356,85
2021-11-26,Colusa,011,21464,2613,2568,673,3241,19
2021-11-26,Contra Costa,013,1133247,101937,100961,2324,103285,1045
2021-11-26,Del Norte,015,27424,3759,3661,56,3717,42
2021-11-26,El Dorado,017,186661,16698,16399,1761,18160,161
2021-11-26,Fresno,019,978130,145362,143386,13020,156406,2246
2021-11-26,Glenn,021,27897,3582,3532,1008,4540,36
2021-11-26,Humboldt,023,135768,9564,9399,658,10057,115
2021-11-26,Imperial,025,180216,35189,34611,3773,38384,769
2021-11-26,Inyo,027,18085,2543,2506,41,2547,45
2021-11-26,Kern,029,883053,132196,130245,23803,154048,1773
2021-11-26,Kings,031,150075,33370,32891,2038,34929,358
2021-11-26,Lake,033,64148,6915,6836,157,6993,110
2021-11-26,Lassen,035,31185,7045,6959,415,7374,47
2021-11-26,Los Angeles,037,10098052,1465467,1454495,56061,1510556,26817
2021-11-26,Madera,039,155013,24246,23880,2286,26166,296
2021-11-26,Marin,041,260295,18075,17857,503,18360,248
2021-11-26,Mariposa,043,17540,1423,1374,60,1434,6
2021-11-26,Mendocino,045,87422,8048,7871,660,8531,89
2021-11-26,Merced,047,269075,43317,42921,1968,44889,664
2021-11-26,Modoc,049,8938,591,551,203,754,5
2021-11-26,Mono,051,14174,1870,1810,23,1833,4
2021-11-26,Monterey,053,433212,49688,48400,3188,51588,625
2021-11-26,Napa,055,140530,13332,13256,120,13376,104
2021-11-26,Nevada,057,99092,9767,9584,345,9929,103
2021-11-26,Orange,059,3164182,313928,310809,15941,326750,5665
2021-11-26,Placer,061,380077,38567,38001,3857,41858,468
2021-11-26,Plumas,063,18699,1921,1860,44,1904,7
2021-11-26,Riverside,065,2383286,373882,367601,16775,384376,5306
2021-11-26,Sacramento,067,1510023,163976,162328,4911,167239,2335
2021-11-26,San Benito,069,59416,7637,7575,182,7757,77
2021-11-26,San Bernardino,071,2135413,364626,360033,11626,371659,5932
2021-11-26,San Diego,073,3302833,386454,382634,22402,405036,4319
2021-11-26,San Francisco,075,870044,54619,53830,2443,56273,669
2021-11-26,San Joaquin,077,732212,102462,101368,5648,107016,1833
2021-11-26,San Luis Obispo,079,281455,30517,29983,1317,31300,358
2021-11-26,San Mateo,081,765935,55613,54360,951,55311,577
2021-11-26,Santa Barbara,083,443738,45738,45318,1670,46988,548
2021-11-26,Santa Clara,085,1922200,151572,149700,1522,151222,1922
2021-11-26,Santa Cruz,087,273765,21288,20929,1034,21963,222
2021-11-26,Shasta,089,179085,22455,22151,3719,25870,396
2021-11-26,Sierra,091,2930,197,194,21,215,0
2021-11-26,Siskiyou,093,43540,3438,3336,1346,4682,54
2021-11-26,Solano,095,438530,47006,46163,1344,47507,356
2021-11-26,Sonoma,097,501317,42837,42368,561,42929,405
2021-11-26,Stanislaus,099,539301,80768,80782,9164,89946,1220
2021-11-26,Sutter,101,95872,14255,14127,383,14510,181
2021-11-26,Tehama,103,63373,8794,8675,1542,10217,129
2021-11-26,Trinity,105,12862,895,789,226,1015,17
2021-11-26,Tulare,107,460477,70753,69377,16081,85458,1082
2021-11-26,Tuolumne,109,53932,7627,7574,110,7684,90
2021-11-26,Ventura,111,848112,100133,99163,4411,103574,1188
2021-11-26,Yolo,113,214977,20431,20237,1241,21478,257
2021-11-26,Yuba,115,75493,10433,10335,372,10707,88
2021-11-25,Alameda,001,1643700,122656,121618,2935,124553,1477
2021-11-25,Alpine,003,1148,105,106,0,106,0
2021-11-25,Amador,005,37829,5730,5670,69,5739,66
2021-11-25,Butte,007,227075,21687,21384,3899,25283,309
2021-11-25,Calaveras,009,45235,4360,4294,62,4356,85
2021-11-25,Colusa,011,21464,2610,2568,671,3239,19
2021-11-25,Contra Costa,013,1133247,101831,100961,2319,103280,1045
2021-11-25,Del Norte,015,27424,3754,3661,56,3717,42
2021-11-25,El Dorado,017,186661,16679,16399,1760,18159,161
2021-11-25,Fresno,019,978130,145228,143386,13012,156398,2246
2021-11-25,Glenn,021,27897,3581,3532,1007,4539,36
2021-11-25,Humboldt,023,135768,9545,9399,655,10054,115
2021-11-25,Imperial,025,180216,35144,34611,3760,38371,769
2021-11-25,Inyo,027,18085,2541,2506,41,2547,45
2021-11-25,Kern,029,883053,132098,130245,23757,154002,1773
2021-11-25,Kings,031,150075,33342,32891,2037,34928,358
2021-11-25,Lake,033,64148,6908,6836,157,6993,110
2021-11-25,Lassen,035,31185,7043,6959,414,7373,47
2021-11-25,Los Angeles,037,10098052,1464498,1454495,56003,1510498,26817
2021-11-25,Madera,039,155013,24211,23880,2285,26165,296
2021-11-25,Marin,041,260295,18048,17857,498,18355,248
2021-11-25,Mariposa,043,17540,1420,1374,60,1434,6
2021-11-25,Mendocino,045,87422,8030,7871,660,8531,89
2021-11-25,Merced,047,269075,43278,42921,1962,44883,664
2021-11-25,Modoc,049,8938,590,551,203,754,5
2021-11-25,Mono,051,14174,1859,1810,23,1833,4
2021-11-25,Monterey,053,433212,49643,48400,3179,51579,625
2021-11-25,Napa,055,140530,13324,13256,120,13376,104
2021-11-25,Nevada,057,99092,9748,9584,342,9926,103
2021-11-25,Orange,059,3164182,313665,310809,15909,326718,5665
2021-11-25,Placer,061,380077,38521,38001,3851,41852,468
2021-11-25,Plumas,063,18699,1919,1860,44,1904,7
2021-11-25,Riverside,065,2383286,373468,367601,16768,384369,5306
2021-11-25,Sacramento,067,1510023,163796,162328,4905,167233,2335
2021-11-25,San Benito,069,59416,7630,7575,182,7757,77
2021-11-25,San Bernardino,071,2135413,364233,360033,11609,371642,5932
2021-11-25,San Diego,073,3302833,386009,382634,22383,405017,4319
2021-11-25,San Francisco,075,870044,54569,53830,2440,56270,669
2021-11-25,San Joaquin,077,732212,102378,101368,5644,107012,1833
2021-11-25,San Luis Obispo,079,281455,30487,29983,1315,31298,358
2021-11-25,San Mateo,081,765935,55564,54360,949,55309,577
2021-11-25,Santa Barbara,083,443738,45699,45318,1668,46986,548
2021-11-25,Santa Clara,085,1922200,151415,149700,1517,151217,1922
2021-11-25,Santa Cruz,087,273765,21255,20929,1034,21963,222
2021-11-25,Shasta,089,179085,22429,22151,3719,25870,396
2021-11-25,Sierra,091,2930,197,194,21,215,0
2021-11-25,Siskiyou,093,43540,3435,3336,1346,4682,54
2021-11-25,Solano,095,438530,46969,46163,1343,47506,356
2021-11-25,Sonoma,097,501317,42780,42368,557,42925,405
2021-11-25,Stanislaus,099,539301,80704,80782,9150,89932,1220
2021-11-25,Sutter,101,95872,14239,14127,382,14509,181
2021-11-25,Tehama,103,63373,8786,8675,1542,10217,129
2021-11-25,Trinity,105,12862,895,789,226,1015,17
2021-11-25,Tulare,107,460477,70686,69377,16054,85431,1082
2021-11-25,Tuolumne,109,53932,7615,7574,110,7684,90
2021-11-25,Ventura,111,848112,100066,99163,4408,103571,1188
2021-11-25,Yolo,113,214977,20401,20237,1236,21473,257
2021-11-25,Yuba,115,75493,10424,10335,371,10706,88
2021-11-24,Alameda,001,1643700,122592,121618,2931,124549,1477
2021-11-24,Alpine,003,1148,105,106,0,106,0
2021-11-24,Amador,005,37829,5720,5670,69,5739,66
2021-11-24,Butte,007,227075,21672,21384,3898,25282,309
2021-11-24,Calaveras,009,45235,4353,4294,62,4356,85
2021-11-24,Colusa,011,21464,2610,2568,670,3238,19
2021-11-24,Contra Costa,013,1133247,101794,100961,2316,103277,1045
2021-11-24,Del Norte,015,27424,3751,3661,56,3717,42
2021-11-24,El Dorado,017,186661,16667,16399,1759,18158,161
2021-11-24,Fresno,019,978130,145174,143386,13012,156398,2246
2021-11-24,Glenn,021,27897,3576,3532,1006,4538,36
2021-11-24,Humboldt,023,135768,9531,9399,655,10054,115
2021-11-24,Imperial,025,180216,35116,34611,3754,38365,769
2021-11-24,Inyo,027,18085,2538,2506,41,2547,45
2021-11-24,Kern,029,883053,132036,130245,23745,153990,1773
2021-11-24,Kings,031,150075,33328,32891,2035,34926,358
2021-11-24,Lake,033,64148,6904,6836,157,6993,110
2021-11-24,Lassen,035,31185,7043,6959,414,7373,47
2021-11-24,Los Angeles,037,10098052,1464013,1454495,55960,1510455,26817
2021-11-24,Madera,039,155013,24188,23880,2279,26159,296
2021-11-24,Marin,041,260295,18036,17857,496,18353,248
2021-11-24,Mariposa,043,17540,1420,1374,60,1434,6
2021-11-24,Mendocino,045,87422,8018,7871,660,8531,89
2021-11-24,Merced,047,269075,43246,42921,1959,44880,664
2021-11-24,Modoc,049,8938,590,551,203,754,5
2021-11-24,Mono,051,14174,1856,1810,23,1833,4
2021-11-24,Monterey,053,433212,49630,48400,3177,51577,625
2021-11-24,Napa,055,140530,13320,13256,120,13376,104
2021-11-24,Nevada,057,99092,9733,9584,342,9926,103
2021-11-24,Orange,059,3164182,313509,310809,15894,326703,5665
2021-11-24,Placer,061,380077,38488,38001,3849,41850,468
2021-11-24,Plumas,063,18699,1917,1860,44,1904,7
2021-11-24,Riverside,065,2383286,373288,367601,16762,384363,5306
2021-11-24,Sacramento,067,1510023,163724,162328,4905,167233,2335
2021-11-24,San Benito,069,59416,7628,7575,182,7757,77
2021-11-24,San Bernardino,071,2135413,364023,360033,11598,371631,5932
2021-11-24,San Diego,073,3302833,385753,382634,22370,405004,4319
2021-11-24,San Francisco,075,870044,54538,53830,2438,56268,669
2021-11-24,San Joaquin,077,732212,102337,101368,5641,107009,1833
2021-11-24,San Luis Obispo,079,281455,30468,29983,1315,31298,358
2021-11-24,San Mateo,081,765935,55535,54360,948,55308,577
2021-11-24,Santa Barbara,083,443738,45672,45318,1668,46986,548
2021-11-24,Santa Clara,085,1922200,151319,149700,1516,151216,1922
2021-11-24,Santa Cruz,087,273765,21232,20929,1033,21962,222
2021-11-24,Shasta,089,179085,22417,22151,3716,25867,396
2021-11-24,Sierra,091,2930,197,194,21,215,0
2021-11-24,Siskiyou,093,43540,3433,3336,1346,4682,54
2021-11-24,Solano,095,438530,46941,46163,1341,47504,356
2021-11-24,Sonoma,097,501317,42749,42368,555,42923,405
2021-11-24,Stanislaus,099,539301,80667,80782,9145,89927,1220
2021-11-24,Sutter,101,95872,14226,14127,380,14507,181
2021-11-24,Tehama,103,63373,8783,8675,1541,10216,129
2021-11-24,Trinity,105,12862,895,789,226,1015,17
2021-11-24,Tulare,107,460477,70662,69377,16035,85412,1082
2021-11-24,Tuolumne,109,53932,7611,7574,110,7684,90
2021-11-24,Ventura,111,848112,100031,99163,4404,103567,1188
2021-11-24,Yolo,113,214977,20393,20237,1235,21472,257
2021-11-24,Yuba,115,75493,10420,10335,370,10705,88
2021-11-23,Alameda,001,1643700,122475,121618,2923,124541,1477
2021-11-23,Alpine,003,1148,105,106,0,106,0
2021-11-23,Amador,005,37829,5713,5670,69,5739,66
2021-11-23,Butte,007,227075,21643,21384,3894,25278,309
2021-11-23,Calaveras,009,45235,4347,4294,61,4355,85
2021-11-23,Colusa,011,21464,2606,2568,668,3236,19
2021-11-23,Contra Costa,013,1133247,101686,100961,2314,103275,1045
2021-11-23,Del Norte,015,27424,3748,3661,56,3717,42
2021-11-23,El Dorado,017,186661,16635,16399,1756,18155,161
2021-11-23,Fresno,019,978130,145039,143386,13002,156388,2246
2021-11-23,Glenn,021,27897,3571,3532,1006,4538,36
2021-11-23,Humboldt,023,135768,9509,9399,652,10051,115
2021-11-23,Imperial,025,180216,35047,34611,3735,38346,769
2021-11-23,Inyo,027,18085,2534,2506,41,2547,45
2021-11-23,Kern,029,883053,131930,130245,23696,153941,1773
2021-11-23,Kings,031,150075,33287,32891,2034,34925,358
2021-11-23,Lake,033,64148,6899,6836,157,6993,110
2021-11-23,Lassen,035,31185,7039,6959,411,7370,47
2021-11-23,Los Angeles,037,10098052,1462999,1454495,55897,1510392,26817
2021-11-23,Madera,039,155013,24162,23880,2277,26157,296
2021-11-23,Marin,041,260295,18005,17857,492,18349,248
2021-11-23,Mariposa,043,17540,1417,1374,60,1434,6
2021-11-23,Mendocino,045,87422,7997,7871,657,8528,89
2021-11-23,Merced,047,269075,43208,42921,1958,44879,664
2021-11-23,Modoc,049,8938,588,551,203,754,5
2021-11-23,Mono,051,14174,1842,1810,23,1833,4
2021-11-23,Monterey,053,433212,49594,48400,3171,51571,625
2021-11-23,Napa,055,140530,13311,13256,120,13376,104
2021-11-23,Nevada,057,99092,9704,9584,341,9925,103
2021-11-23,Orange,059,3164182,313259,310809,15858,326667,5665
2021-11-23,Placer,061,380077,38430,38001,3832,41833,468
2021-11-23,Plumas,063,18699,1913,1860,44,1904,7
2021-11-23,Riverside,065,2383286,372905,367601,16749,384350,5306
2021-11-23,Sacramento,067,1510023,163539,162328,4894,167222,2335
2021-11-23,San Benito,069,59416,7620,7575,180,7755,77
2021-11-23,San Bernardino,071,2135413,363609,360033,11583,371616,5932
2021-11-23,San Diego,073,3302833,385262,382634,22347,404981,4319
2021-11-23,San Francisco,075,870044,54478,53830,2435,56265,669
2021-11-23,San Joaquin,077,732212,102228,101368,5630,106998,1833
2021-11-23,San Luis Obispo,079,281455,30433,29983,1312,31295,358
2021-11-23,San Mateo,081,765935,55485,54360,947,55307,577
2021-11-23,Santa Barbara,083,443738,45619,45318,1668,46986,548
2021-11-23,Santa Clara,085,1922200,151107,149700,1504,151204,1922
2021-11-23,Santa Cruz,087,273765,21194,20929,1033,21962,222
2021-11-23,Shasta,089,179085,22381,22151,3714,25865,396
2021-11-23,Sierra,091,2930,197,194,21,215,0
2021-11-23,Siskiyou,093,43540,3428,3336,1345,4681,54
2021-11-23,Solano,095,438530,46887,46163,1337,47500,356
2021-11-23,Sonoma,097,501317,42698,42368,552,42920,405
2021-11-23,Stanislaus,099,539301,80598,80782,9132,89914,1220
2021-11-23,Sutter,101,95872,14210,14127,379,14506,181
2021-11-23,Tehama,103,63373,8770,8675,1540,10215,129
2021-11-23,Trinity,105,12862,894,789,226,1015,17
2021-11-23,Tulare,107,460477,70615,69377,16005,85382,1082
2021-11-23,Tuolumne,109,53932,7599,7574,110,7684,90
2021-11-23,Ventura,111,848112,99948,99163,4398,103561,1188
2021-11-23,Yolo,113,214977,20372,20237,1227,21464,257
2021-11-23,Yuba,115,75493,10408,10335,370,10705,88
2021-11-22,Alameda,001,1643700,122362,121566,2920,124486,1475
2021-11-22,Alpine,003,1148,105,106,0,106,0
2021-11-22,Amador,005,37829,5700,5670,69,5739,66
2021-11-22,Butte,007,227075,21604,21363,3888,25251,305
2021-11-22,Calaveras,009,45235,4335,4294,61,4355,84
2021-11-22,Colusa,011,21464,2603,2565,668,3233,19
2021-11-22,Contra Costa,013,1133247,101597,100877,2309,103186,1045
2021-11-22,Del Norte,015,27424,3745,3659,56,3715,42
2021-11-22,El Dorado,017,186661,16612,16378,1753,18131,161
2021-11-22,Fresno,019,978130,144905,143290,12995,156285,2243
2021-11-22,Glenn,021,27897,3566,3530,1005,4535,36
2021-11-22,Humboldt,023,135768,9482,9389,647,10036,115
2021-11-22,Imperial,025,180216,34986,34562,3720,38282,766
2021-11-22,Inyo,027,18085,2528,2501,41,2542,44
2021-11-22,Kern,029,883053,131768,130091,23645,153736,1762
2021-11-22,Kings,031,150075,33251,32867,2029,34896,358
2021-11-22,Lake,033,64148,6894,6837,157,6994,110
2021-11-22,Lassen,035,31185,7038,6954,410,7364,47
2021-11-22,Los Angeles,037,10098052,1461927,1453945,55819,1509764,26800
2021-11-22,Madera,039,155013,24128,23872,2270,26142,296
2021-11-22,Marin,041,260295,17974,17842,490,18332,248
2021-11-22,Mariposa,043,17540,1413,1372,60,1432,6
2021-11-22,Mendocino,045,87422,7981,7859,656,8515,89
2021-11-22,Merced,047,269075,43157,42898,1947,44845,660
2021-11-22,Modoc,049,8938,587,551,203,754,5
2021-11-22,Mono,051,14174,1835,1809,23,1832,4
2021-11-22,Monterey,053,433212,49567,48374,3167,51541,611
2021-11-22,Napa,055,140530,13303,13255,119,13374,104
2021-11-22,Nevada,057,99092,9687,9575,339,9914,96
2021-11-22,Orange,059,3164182,313019,310654,15832,326486,5663
2021-11-22,Placer,061,380077,38385,37956,3824,41780,465
2021-11-22,Plumas,063,18699,1910,1858,44,1902,7
2021-11-22,Riverside,065,2383286,372467,367301,16740,384041,5283
2021-11-22,Sacramento,067,1510023,163346,162222,4885,167107,2328
2021-11-22,San Benito,069,59416,7600,7567,180,7747,77
2021-11-22,San Bernardino,071,2135413,363198,359851,11573,371424,5916
2021-11-22,San Diego,073,3302833,384767,382132,22323,404455,4317
2021-11-22,San Francisco,075,870044,54386,53778,2429,56207,669
2021-11-22,San Joaquin,077,732212,102102,101299,5625,106924,1833
2021-11-22,San Luis Obispo,079,281455,30407,29963,1309,31272,358
2021-11-22,San Mateo,081,765935,55428,54330,945,55275,577
2021-11-22,Santa Barbara,083,443738,45543,45279,1668,46947,546
2021-11-22,Santa Clara,085,1922200,150922,149541,1494,151035,1919
2021-11-22,Santa Cruz,087,273765,21153,20891,1033,21924,222
2021-11-22,Shasta,089,179085,22367,22116,3709,25825,393
2021-11-22,Sierra,091,2930,197,193,21,214,0
2021-11-22,Siskiyou,093,43540,3423,3336,1343,4679,54
2021-11-22,Solano,095,438530,46838,46153,1335,47488,356
2021-11-22,Sonoma,097,501317,42636,42344,551,42895,404
2021-11-22,Stanislaus,099,539301,80510,80718,9122,89840,1209
2021-11-22,Sutter,101,95872,14194,14125,377,14502,181
2021-11-22,Tehama,103,63373,8763,8669,1535,10204,127
2021-11-22,Trinity,105,12862,893,785,226,1011,17
2021-11-22,Tulare,107,460477,70552,69314,15968,85282,1075
2021-11-22,Tuolumne,109,53932,7584,7567,110,7677,90
2021-11-22,Ventura,111,848112,99882,99114,4395,103509,1186
2021-11-22,Yolo,113,214977,20349,20227,1225,21452,257
2021-11-22,Yuba,115,75493,10399,10332,369,10701,88
2021-11-21,Alameda,001,1643700,122232,121443,2916,124359,1475
2021-11-21,Alpine,003,1148,103,106,0,106,0
2021-11-21,Amador,005,37829,5695,5662,68,5730,66
2021-11-21,Butte,007,227075,21563,21342,3883,25225,306
2021-11-21,Calaveras,009,45235,4326,4287,61,4348,84
2021-11-21,Colusa,011,21464,2599,2562,667,3229,19
2021-11-21,Contra Costa,013,1133247,101494,100807,2303,103110,1045
2021-11-21,Del Norte,015,27424,3741,3659,56,3715,42
2021-11-21,El Dorado,017,186661,16584,16370,1747,18117,161
2021-11-21,Fresno,019,978130,144737,143203,12977,156180,2242
2021-11-21,Glenn,021,27897,3562,3529,1005,4534,36
2021-11-21,Humboldt,023,135768,9460,9378,646,10024,115
2021-11-21,Imperial,025,180216,34898,34527,3709,38236,766
2021-11-21,Inyo,027,18085,2521,2501,41,2542,44
2021-11-21,Kern,029,883053,131604,130020,23599,153619,1762
2021-11-21,Kings,031,150075,33213,32843,2025,34868,356
2021-11-21,Lake,033,64148,6887,6834,157,6991,110
2021-11-21,Lassen,035,31185,7029,6953,410,7363,47
2021-11-21,Los Angeles,037,10098052,1460858,1453181,55771,1508952,26793
2021-11-21,Madera,039,155013,24102,23856,2265,26121,296
2021-11-21,Marin,041,260295,17945,17829,487,18316,248
2021-11-21,Mariposa,043,17540,1412,1371,59,1430,6
2021-11-21,Mendocino,045,87422,7975,7846,653,8499,89
2021-11-21,Merced,047,269075,43102,42881,1943,44824,660
2021-11-21,Modoc,049,8938,583,551,203,754,5
2021-11-21,Mono,051,14174,1825,1799,22,1821,4
2021-11-21,Monterey,053,433212,49521,48358,3158,51516,611
2021-11-21,Napa,055,140530,13290,13250,119,13369,104
2021-11-21,Nevada,057,99092,9661,9556,338,9894,96
2021-11-21,Orange,059,3164182,312761,310477,15799,326276,5663
2021-11-21,Placer,061,380077,38303,37929,3823,41752,465
2021-11-21,Plumas,063,18699,1909,1858,44,1902,7
2021-11-21,Riverside,065,2383286,371979,367093,16732,383825,5283
2021-11-21,Sacramento,067,1510023,163127,162087,4875,166962,2327
2021-11-21,San Benito,069,59416,7586,7563,179,7742,77
2021-11-21,San Bernardino,071,2135413,362713,359621,11538,371159,5912
2021-11-21,San Diego,073,3302833,384229,380747,22298,403045,4317
2021-11-21,San Francisco,075,870044,54317,53741,2424,56165,669
2021-11-21,San Joaquin,077,732212,101997,101264,5612,106876,1833
2021-11-21,San Luis Obispo,079,281455,30369,29948,1309,31257,358
2021-11-21,San Mateo,081,765935,55376,54290,943,55233,577
2021-11-21,Santa Barbara,083,443738,45482,45237,1665,46902,546
2021-11-21,Santa Clara,085,1922200,150716,149387,1474,150861,1918
2021-11-21,Santa Cruz,087,273765,21109,20866,1031,21897,222
2021-11-21,Shasta,089,179085,22336,22112,3707,25819,393
2021-11-21,Sierra,091,2930,197,193,21,214,0
2021-11-21,Siskiyou,093,43540,3418,3333,1342,4675,54
2021-11-21,Solano,095,438530,46782,46122,1328,47450,356
2021-11-21,Sonoma,097,501317,42576,42298,550,42848,404
2021-11-21,Stanislaus,099,539301,80416,80687,9108,89795,1209
2021-11-21,Sutter,101,95872,14180,14111,377,14488,181
2021-11-21,Tehama,103,63373,8757,8669,1534,10203,127
2021-11-21,Trinity,105,12862,891,784,224,1008,17
2021-11-21,Tulare,107,460477,70468,69285,15928,85213,1075
2021-11-21,Tuolumne,109,53932,7576,7560,109,7669,90
2021-11-21,Ventura,111,848112,99791,99081,4391,103472,1186
2021-11-21,Yolo,113,214977,20321,20209,1222,21431,257
2021-11-21,Yuba,115,75493,10390,10326,369,10695,88
2021-11-20,Alameda,001,1643700,122138,121059,2910,123969,1473
2021-11-20,Alpine,003,1148,103,105,0,105,0
2021-11-20,Amador,005,37829,5689,5652,67,5719,66
2021-11-20,Butte,007,227075,21547,21265,3879,25144,300
2021-11-20,Calaveras,009,45235,4317,4268,61,4329,84
2021-11-20,Colusa,011,21464,2598,2549,666,3215,19
2021-11-20,Contra Costa,013,1133247,101417,100491,2299,102790,1043
2021-11-20,Del Norte,015,27424,3738,3637,56,3693,42
2021-11-20,El Dorado,017,186661,16562,16308,1745,18053,161
2021-11-20,Fresno,019,978130,144666,142579,12970,155549,2233
2021-11-20,Glenn,021,27897,3561,3526,1004,4530,35
2021-11-20,Humboldt,023,135768,9447,9302,644,9946,115
2021-11-20,Imperial,025,180216,34846,34312,3703,38015,766
2021-11-20,Inyo,027,18085,2520,2467,41,2508,44
2021-11-20,Kern,029,883053,131504,129488,23562,153050,1750
2021-11-20,Kings,031,150075,33203,32720,2025,34745,354
2021-11-20,Lake,033,64148,6884,6808,157,6965,110
2021-11-20,Lassen,035,31185,7028,6931,410,7341,47
2021-11-20,Los Angeles,037,10098052,1460240,1448963,55725,1504688,26741
2021-11-20,Madera,039,155013,24090,23720,2262,25982,296
2021-11-20,Marin,041,260295,17930,17774,487,18261,248
2021-11-20,Mariposa,043,17540,1411,1354,59,1413,6
2021-11-20,Mendocino,045,87422,7967,7773,653,8426,89
2021-11-20,Merced,047,269075,43076,42692,1943,44635,656
2021-11-20,Modoc,049,8938,582,550,203,753,5
2021-11-20,Mono,051,14174,1819,1767,22,1789,4
2021-11-20,Monterey,053,433212,49508,48260,3150,51410,609
2021-11-20,Napa,055,140530,13287,13184,119,13303,103
2021-11-20,Nevada,057,99092,9645,9480,338,9818,92
2021-11-20,Orange,059,3164182,312563,309672,15782,325454,5658
2021-11-20,Placer,061,380077,38263,37800,3818,41618,462
2021-11-20,Plumas,063,18699,1905,1841,44,1885,7
2021-11-20,Riverside,065,2383286,371707,365809,16720,382529,5265
2021-11-20,Sacramento,067,1510023,163023,161533,4871,166404,2316
2021-11-20,San Benito,069,59416,7582,7533,179,7712,77
2021-11-20,San Bernardino,071,2135413,362443,358322,11527,369849,5897
2021-11-20,San Diego,073,3302833,383896,380147,22272,402419,4311
2021-11-20,San Francisco,075,870044,54279,53525,2423,55948,669
2021-11-20,San Joaquin,077,732212,101947,100922,5607,106529,1832
2021-11-20,San Luis Obispo,079,281455,30354,29815,1308,31123,355
2021-11-20,San Mateo,081,765935,55342,54132,942,55074,577
2021-11-20,Santa Barbara,083,443738,45450,45074,1665,46739,544
2021-11-20,Santa Clara,085,1922200,150609,148829,1473,150302,1917
2021-11-20,Santa Cruz,087,273765,21091,20756,1031,21787,222
2021-11-20,Shasta,089,179085,22312,21968,3706,25674,383
2021-11-20,Sierra,091,2930,197,191,21,212,0
2021-11-20,Siskiyou,093,43540,3415,3313,1342,4655,54
2021-11-20,Solano,095,438530,46761,46006,1328,47334,356
2021-11-20,Sonoma,097,501317,42545,42151,550,42701,403
2021-11-20,Stanislaus,099,539301,80369,80412,9104,89516,1205
2021-11-20,Sutter,101,95872,14172,14074,377,14451,181
2021-11-20,Tehama,103,63373,8752,8648,1534,10182,125
2021-11-20,Trinity,105,12862,887,771,224,995,17
2021-11-20,Tulare,107,460477,70429,69074,15906,84980,1054
2021-11-20,Tuolumne,109,53932,7567,7511,109,7620,90
2021-11-20,Ventura,111,848112,99742,98893,4384,103277,1186
2021-11-20,Yolo,113,214977,20313,20139,1218,21357,257
2021-11-20,Yuba,115,75493,10384,10290,368,10658,88
2021-11-19,Alameda,001,1643700,122063,121059,2907,123966,1473
2021-11-19,Alpine,003,1148,103,105,0,105,0
2021-11-19,Amador,005,37829,5679,5652,67,5719,66
2021-11-19,Butte,007,227075,21524,21265,3872,25137,300
2021-11-19,Calaveras,009,45235,4310,4268,61,4329,84
2021-11-19,Colusa,011,21464,2596,2549,665,3214,19
2021-11-19,Contra Costa,013,1133247,101361,100491,2294,102785,1043
2021-11-19,Del Norte,015,27424,3733,3637,56,3693,42
2021-11-19,El Dorado,017,186661,16541,16308,1743,18051,161
2021-11-19,Fresno,019,978130,144548,142579,12962,155541,2233
2021-11-19,Glenn,021,27897,3560,3526,1003,4529,35
2021-11-19,Humboldt,023,135768,9434,9302,641,9943,115
2021-11-19,Imperial,025,180216,34808,34312,3696,38008,766
2021-11-19,Inyo,027,18085,2516,2467,41,2508,44
2021-11-19,Kern,029,883053,131400,129488,23519,153007,1750
2021-11-19,Kings,031,150075,33177,32720,2023,34743,354
2021-11-19,Lake,033,64148,6881,6808,157,6965,110
2021-11-19,Lassen,035,31185,7024,6931,409,7340,47
2021-11-19,Los Angeles,037,10098052,1459558,1448963,55670,1504633,26741
2021-11-19,Madera,039,155013,24069,23720,2258,25978,296
2021-11-19,Marin,041,260295,17911,17774,485,18259,248
2021-11-19,Mariposa,043,17540,1409,1354,59,1413,6
2021-11-19,Mendocino,045,87422,7947,7773,653,8426,89
2021-11-19,Merced,047,269075,43050,42692,1942,44634,656
2021-11-19,Modoc,049,8938,581,550,203,753,5
2021-11-19,Mono,051,14174,1808,1767,22,1789,4
2021-11-19,Monterey,053,433212,49486,48260,3150,51410,609
2021-11-19,Napa,055,140530,13277,13184,118,13302,103
2021-11-19,Nevada,057,99092,9632,9480,338,9818,92
2021-11-19,Orange,059,3164182,312410,309672,15757,325429,5658
2021-11-19,Placer,061,380077,38226,37800,3814,41614,462
2021-11-19,Plumas,063,18699,1901,1841,44,1885,7
2021-11-19,Riverside,065,2383286,371433,365809,16716,382525,5265
2021-11-19,Sacramento,067,1510023,162898,161533,4867,166400,2316
2021-11-19,San Benito,069,59416,7576,7533,177,7710,77
2021-11-19,San Bernardino,071,2135413,362125,358322,11518,369840,5897
2021-11-19,San Diego,073,3302833,383495,380147,22246,402393,4311
2021-11-19,San Francisco,075,870044,54241,53525,2423,55948,669
2021-11-19,San Joaquin,077,732212,101889,100922,5603,106525,1832
2021-11-19,San Luis Obispo,079,281455,30336,29815,1306,31121,355
2021-11-19,San Mateo,081,765935,55293,54132,938,55070,577
2021-11-19,Santa Barbara,083,443738,45413,45074,1665,46739,544
2021-11-19,Santa Clara,085,1922200,150461,148829,1470,150299,1917
2021-11-19,Santa Cruz,087,273765,21064,20756,1028,21784,222
2021-11-19,Shasta,089,179085,22300,21968,3705,25673,383
2021-11-19,Sierra,091,2930,197,191,21,212,0
2021-11-19,Siskiyou,093,43540,3412,3313,1342,4655,54
2021-11-19,Solano,095,438530,46731,46006,1324,47330,356
2021-11-19,Sonoma,097,501317,42512,42151,547,42698,403
2021-11-19,Stanislaus,099,539301,80312,80412,9094,89506,1205
2021-11-19,Sutter,101,95872,14170,14074,377,14451,181
2021-11-19,Tehama,103,63373,8749,8648,1534,10182,125
2021-11-19,Trinity,105,12862,885,771,224,995,17
2021-11-19,Tulare,107,460477,70389,69074,15878,84952,1054
2021-11-19,Tuolumne,109,53932,7556,7511,109,7620,90
2021-11-19,Ventura,111,848112,99677,98893,4380,103273,1186
2021-11-19,Yolo,113,214977,20302,20139,1215,21354,257
2021-11-19,Yuba,115,75493,10381,10290,368,10658,88
2021-11-18,Alameda,001,1643700,121939,121059,2900,123959,1473
2021-11-18,Alpine,003,1148,103,105,0,105,0
2021-11-18,Amador,005,37829,5677,5652,67,5719,66
2021-11-18,Butte,007,227075,21507,21265,3865,25130,300
2021-11-18,Calaveras,009,45235,4303,4268,60,4328,84
2021-11-18,Colusa,011,21464,2588,2549,665,3214,19
2021-11-18,Contra Costa,013,1133247,101258,100491,2286,102777,1043
2021-11-18,Del Norte,015,27424,3730,3637,56,3693,42
2021-11-18,El Dorado,017,186661,16522,16308,1740,18048,161
2021-11-18,Fresno,019,978130,144408,142579,12952,155531,2233
2021-11-18,Glenn,021,27897,3559,3526,1002,4528,35
2021-11-18,Humboldt,023,135768,9418,9302,636,9938,115
2021-11-18,Imperial,025,180216,34754,34312,3680,37992,766
2021-11-18,Inyo,027,18085,2508,2467,41,2508,44
2021-11-18,Kern,029,883053,131256,129488,23471,152959,1750
2021-11-18,Kings,031,150075,33140,32720,2020,34740,354
2021-11-18,Lake,033,64148,6876,6808,157,6965,110
2021-11-18,Lassen,035,31185,7021,6931,404,7335,47
2021-11-18,Los Angeles,037,10098052,1458569,1448963,55606,1504569,26741
2021-11-18,Madera,039,155013,24044,23720,2255,25975,296
2021-11-18,Marin,041,260295,17894,17774,481,18255,248
2021-11-18,Mariposa,043,17540,1406,1354,59,1413,6
2021-11-18,Mendocino,045,87422,7925,7773,644,8417,89
2021-11-18,Merced,047,269075,42994,42692,1940,44632,656
2021-11-18,Modoc,049,8938,569,550,203,753,5
2021-11-18,Mono,051,14174,1800,1767,22,1789,4
2021-11-18,Monterey,053,433212,49461,48260,3145,51405,609
2021-11-18,Napa,055,140530,13265,13184,117,13301,103
2021-11-18,Nevada,057,99092,9608,9480,338,9818,92
2021-11-18,Orange,059,3164182,312174,309672,15738,325410,5658
2021-11-18,Placer,061,380077,38183,37800,3803,41603,462
2021-11-18,Plumas,063,18699,1900,1841,44,1885,7
2021-11-18,Riverside,065,2383286,371062,365809,16703,382512,5265
2021-11-18,Sacramento,067,1510023,162671,161533,4852,166385,2316
2021-11-18,San Benito,069,59416,7566,7533,177,7710,77
2021-11-18,San Bernardino,071,2135413,361694,358322,11499,369821,5897
2021-11-18,San Diego,073,3302833,382989,380147,22230,402377,4311
2021-11-18,San Francisco,075,870044,54189,53525,2419,55944,669
2021-11-18,San Joaquin,077,732212,101796,100922,5594,106516,1832
2021-11-18,San Luis Obispo,079,281455,30306,29815,1305,31120,355
2021-11-18,San Mateo,081,765935,55235,54132,935,55067,577
2021-11-18,Santa Barbara,083,443738,45367,45074,1658,46732,544
2021-11-18,Santa Clara,085,1922200,150274,148829,1462,150291,1917
2021-11-18,Santa Cruz,087,273765,21013,20756,1027,21783,222
2021-11-18,Shasta,089,179085,22264,21968,3700,25668,383
2021-11-18,Sierra,091,2930,196,191,21,212,0
2021-11-18,Siskiyou,093,43540,3412,3313,1338,4651,54
2021-11-18,Solano,095,438530,46689,46006,1321,47327,356
2021-11-18,Sonoma,097,501317,42462,42151,545,42696,403
2021-11-18,Stanislaus,099,539301,80245,80412,9086,89498,1205
2021-11-18,Sutter,101,95872,14159,14074,376,14450,181
2021-11-18,Tehama,103,63373,8744,8648,1534,10182,125
2021-11-18,Trinity,105,12862,884,771,224,995,17
2021-11-18,Tulare,107,460477,70316,69074,15829,84903,1054
2021-11-18,Tuolumne,109,53932,7546,7511,109,7620,90
2021-11-18,Ventura,111,848112,99599,98893,4376,103269,1186
2021-11-18,Yolo,113,214977,20285,20139,1210,21349,257
2021-11-18,Yuba,115,75493,10375,10290,368,10658,88
2021-11-17,Alameda,001,1643700,121814,120913,2899,123812,1472
2021-11-17,Alpine,003,1148,103,105,0,105,0
2021-11-17,Amador,005,37829,5670,5646,67,5713,66
2021-11-17,Butte,007,227075,21481,21230,3862,25092,300
2021-11-17,Calaveras,009,45235,4296,4259,60,4319,84
2021-11-17,Colusa,011,21464,2585,2546,664,3210,19
2021-11-17,Contra Costa,013,1133247,101166,100387,2282,102669,1039
2021-11-17,Del Norte,015,27424,3727,3630,56,3686,42
2021-11-17,El Dorado,017,186661,16503,16269,1739,18008,161
2021-11-17,Fresno,019,978130,144226,142366,12940,155306,2230
2021-11-17,Glenn,021,27897,3557,3527,1001,4528,34
2021-11-17,Humboldt,023,135768,9407,9270,633,9903,115
2021-11-17,Imperial,025,180216,34698,34256,3658,37914,766
2021-11-17,Inyo,027,18085,2502,2457,41,2498,44
2021-11-17,Kern,029,883053,131084,129307,23429,152736,1743
2021-11-17,Kings,031,150075,33112,32669,2016,34685,352
2021-11-17,Lake,033,64148,6872,6795,156,6951,110
2021-11-17,Lassen,035,31185,7019,6918,404,7322,47
2021-11-17,Los Angeles,037,10098052,1457468,1447947,55540,1503487,26721
2021-11-17,Madera,039,155013,24010,23673,2253,25926,287
2021-11-17,Marin,041,260295,17875,17757,479,18236,248
2021-11-17,Mariposa,043,17540,1402,1353,59,1412,6
2021-11-17,Mendocino,045,87422,7917,7735,643,8378,89
2021-11-17,Merced,047,269075,42934,42612,1936,44548,654
2021-11-17,Modoc,049,8938,565,540,203,743,5
2021-11-17,Mono,051,14174,1796,1765,22,1787,5
2021-11-17,Monterey,053,433212,49413,48221,3134,51355,609
2021-11-17,Napa,055,140530,13241,13167,117,13284,103
2021-11-17,Nevada,057,99092,9595,9447,338,9785,92
2021-11-17,Orange,059,3164182,311927,309396,15704,325100,5651
2021-11-17,Placer,061,380077,38135,37725,3794,41519,460
2021-11-17,Plumas,063,18699,1896,1833,44,1877,7
2021-11-17,Riverside,065,2383286,370651,365406,16690,382096,5229
2021-11-17,Sacramento,067,1510023,162498,161269,4844,166113,2302
2021-11-17,San Benito,069,59416,7559,7524,177,7701,77
2021-11-17,San Bernardino,071,2135413,361337,357947,11483,369430,5893
2021-11-17,San Diego,073,3302833,382490,379769,22204,401973,4301
2021-11-17,San Francisco,075,870044,54134,53469,2416,55885,667
2021-11-17,San Joaquin,077,732212,101694,100764,5589,106353,1828
2021-11-17,San Luis Obispo,079,281455,30280,29731,1302,31033,354
2021-11-17,San Mateo,081,765935,55167,54092,932,55024,577
2021-11-17,Santa Barbara,083,443738,45329,45000,1658,46658,542
2021-11-17,Santa Clara,085,1922200,150110,148626,1454,150080,1915
2021-11-17,Santa Cruz,087,273765,20978,20700,1027,21727,222
2021-11-17,Shasta,089,179085,22231,21883,3698,25581,382
2021-11-17,Sierra,091,2930,195,189,21,210,0
2021-11-17,Siskiyou,093,43540,3408,3307,1335,4642,54
2021-11-17,Solano,095,438530,46656,45948,1320,47268,353
2021-11-17,Sonoma,097,501317,42414,42093,542,42635,403
2021-11-17,Stanislaus,099,539301,80157,80276,9076,89352,1199
2021-11-17,Sutter,101,95872,14145,14064,374,14438,181
2021-11-17,Tehama,103,63373,8734,8633,1531,10164,125
2021-11-17,Trinity,105,12862,883,765,224,989,17
2021-11-17,Tulare,107,460477,70245,68977,15802,84779,1047
2021-11-17,Tuolumne,109,53932,7529,7485,109,7594,90
2021-11-17,Ventura,111,848112,99538,98812,4370,103182,1183
2021-11-17,Yolo,113,214977,20266,20100,1206,21306,257
2021-11-17,Yuba,115,75493,10363,10275,364,10639,88
2021-11-16,Alameda,001,1643700,121704,120809,2895,123704,1467
2021-11-16,Alpine,003,1148,103,105,0,105,0
2021-11-16,Amador,005,37829,5664,5644,67,5711,66
2021-11-16,Butte,007,227075,21456,21208,3857,25065,297
2021-11-16,Calaveras,009,45235,4287,4249,60,4309,83
2021-11-16,Colusa,011,21464,2579,2538,664,3202,19
2021-11-16,Contra Costa,013,1133247,101043,100320,2279,102599,1038
2021-11-16,Del Norte,015,27424,3721,3630,56,3686,42
2021-11-16,El Dorado,017,186661,16477,16248,1737,17985,159
2021-11-16,Fresno,019,978130,144039,142200,12923,155123,2218
2021-11-16,Glenn,021,27897,3556,3527,998,4525,34
2021-11-16,Humboldt,023,135768,9386,9252,629,9881,115
2021-11-16,Imperial,025,180216,34614,34177,3644,37821,766
2021-11-16,Inyo,027,18085,2495,2449,41,2490,42
2021-11-16,Kern,029,883053,130927,129136,23367,152503,1735
2021-11-16,Kings,031,150075,33062,32614,2009,34623,350
2021-11-16,Lake,033,64148,6867,6789,156,6945,110
2021-11-16,Lassen,035,31185,7009,6915,404,7319,47
2021-11-16,Los Angeles,037,10098052,1456304,1446815,55468,1502283,26703
2021-11-16,Madera,039,155013,23973,23642,2247,25889,287
2021-11-16,Marin,041,260295,17856,17736,478,18214,248
2021-11-16,Mariposa,043,17540,1394,1349,58,1407,6
2021-11-16,Mendocino,045,87422,7875,7723,639,8362,89
2021-11-16,Merced,047,269075,42897,42578,1929,44507,653
2021-11-16,Modoc,049,8938,564,539,202,741,5
2021-11-16,Mono,051,14174,1787,1767,22,1789,4
2021-11-16,Monterey,053,433212,49383,48195,3120,51315,609
2021-11-16,Napa,055,140530,13230,13151,117,13268,103
2021-11-16,Nevada,057,99092,9578,9435,337,9772,92
2021-11-16,Orange,059,3164182,311660,309170,15670,324840,5651
2021-11-16,Placer,061,380077,38093,37676,3788,41464,459
2021-11-16,Plumas,063,18699,1889,1832,44,1876,7
2021-11-16,Riverside,065,2383286,370230,365078,16668,381746,5208
2021-11-16,Sacramento,067,1510023,162319,161102,4831,165933,2299
2021-11-16,San Benito,069,59416,7546,7513,177,7690,77
2021-11-16,San Bernardino,071,2135413,360925,357528,11431,368959,5901
2021-11-16,San Diego,073,3302833,381932,379435,22177,401612,4287
2021-11-16,San Francisco,075,870044,54061,53415,2408,55823,667
2021-11-16,San Joaquin,077,732212,101554,100637,5573,106210,1807
2021-11-16,San Luis Obispo,079,281455,30249,29703,1299,31002,356
2021-11-16,San Mateo,081,765935,55105,54034,930,54964,577
2021-11-16,Santa Barbara,083,443738,45261,44932,1655,46587,539
2021-11-16,Santa Clara,085,1922200,149930,148452,1442,149894,1916
2021-11-16,Santa Cruz,087,273765,20933,20684,1025,21709,222
2021-11-16,Shasta,089,179085,22192,21853,3694,25547,379
2021-11-16,Sierra,091,2930,195,189,21,210,0
2021-11-16,Siskiyou,093,43540,3405,3304,1333,4637,54
2021-11-16,Solano,095,438530,46616,45908,1319,47227,351
2021-11-16,Sonoma,097,501317,42364,42056,541,42597,401
2021-11-16,Stanislaus,099,539301,80061,80214,9052,89266,1196
2021-11-16,Sutter,101,95872,14133,14058,373,14431,181
2021-11-16,Tehama,103,63373,8727,8621,1524,10145,125
2021-11-16,Trinity,105,12862,883,762,223,985,17
2021-11-16,Tulare,107,460477,70165,68881,15764,84645,1039
2021-11-16,Tuolumne,109,53932,7519,7478,109,7587,90
2021-11-16,Ventura,111,848112,99463,98731,4367,103098,1183
2021-11-16,Yolo,113,214977,20227,20077,1204,21281,257
2021-11-16,Yuba,115,75493,10355,10262,362,10624,85
2021-11-15,Alameda,001,1643700,121549,120731,2890,123621,1464
2021-11-15,Alpine,003,1148,103,105,0,105,0
2021-11-15,Amador,005,37829,5660,5637,67,5704,66
2021-11-15,Butte,007,227075,21431,21182,3853,25035,296
2021-11-15,Calaveras,009,45235,4273,4237,60,4297,83
2021-11-15,Colusa,011,21464,2572,2535,661,3196,19
2021-11-15,Contra Costa,013,1133247,100936,100251,2276,102527,1038
2021-11-15,Del Norte,015,27424,3716,3630,55,3685,42
2021-11-15,El Dorado,017,186661,16453,16236,1733,17969,159
2021-11-15,Fresno,019,978130,143815,142015,12904,154919,2210
2021-11-15,Glenn,021,27897,3554,3526,998,4524,34
2021-11-15,Humboldt,023,135768,9363,9230,621,9851,115
2021-11-15,Imperial,025,180216,34541,34130,3628,37758,766
2021-11-15,Inyo,027,18085,2490,2442,41,2483,42
2021-11-15,Kern,029,883053,130719,128928,23296,152224,1730
2021-11-15,Kings,031,150075,33028,32584,2004,34588,348
2021-11-15,Lake,033,64148,6863,6784,156,6940,109
2021-11-15,Lassen,035,31185,6999,6915,402,7317,47
2021-11-15,Los Angeles,037,10098052,1455116,1446114,55402,1501516,26677
2021-11-15,Madera,039,155013,23934,23605,2236,25841,287
2021-11-15,Marin,041,260295,17839,17723,477,18200,248
2021-11-15,Mariposa,043,17540,1393,1347,56,1403,6
2021-11-15,Mendocino,045,87422,7855,7694,633,8327,89
2021-11-15,Merced,047,269075,42838,42552,1919,44471,648
2021-11-15,Modoc,049,8938,563,538,201,739,5
2021-11-15,Mono,051,14174,1782,1763,22,1785,4
2021-11-15,Monterey,053,433212,49350,48154,3114,51268,609
2021-11-15,Napa,055,140530,13222,13143,117,13260,103
2021-11-15,Nevada,057,99092,9549,9420,336,9756,92
2021-11-15,Orange,059,3164182,311383,308859,15646,324505,5646
2021-11-15,Placer,061,380077,38029,37610,3784,41394,452
2021-11-15,Plumas,063,18699,1883,1829,44,1873,7
2021-11-15,Riverside,065,2383286,369784,364750,16649,381399,5199
2021-11-15,Sacramento,067,1510023,162099,160937,4818,165755,2293
2021-11-15,San Benito,069,59416,7541,7511,176,7687,77
2021-11-15,San Bernardino,071,2135413,360510,357306,11411,368717,5898
2021-11-15,San Diego,073,3302833,381382,378845,22152,400997,4284
2021-11-15,San Francisco,075,870044,53993,53374,2405,55779,667
2021-11-15,San Joaquin,077,732212,101400,100587,5562,106149,1799
2021-11-15,San Luis Obispo,079,281455,30206,29669,1287,30956,351
2021-11-15,San Mateo,081,765935,55052,54010,927,54937,576
2021-11-15,Santa Barbara,083,443738,45205,44879,1649,46528,539
2021-11-15,Santa Clara,085,1922200,149711,148313,1435,149748,1914
2021-11-15,Santa Cruz,087,273765,20891,20630,1024,21654,223
2021-11-15,Shasta,089,179085,22146,21779,3689,25468,374
2021-11-15,Sierra,091,2930,195,189,21,210,0
2021-11-15,Siskiyou,093,43540,3398,3302,1331,4633,54
2021-11-15,Solano,095,438530,46577,45885,1314,47199,351
2021-11-15,Sonoma,097,501317,42313,42021,540,42561,401
2021-11-15,Stanislaus,099,539301,79975,80129,9038,89167,1174
2021-11-15,Sutter,101,95872,14120,14043,372,14415,181
2021-11-15,Tehama,103,63373,8722,8615,1523,10138,125
2021-11-15,Trinity,105,12862,881,757,221,978,17
2021-11-15,Tulare,107,460477,70078,68826,15717,84543,1039
2021-11-15,Tuolumne,109,53932,7508,7461,109,7570,90
2021-11-15,Ventura,111,848112,99379,98605,4362,102967,1183
2021-11-15,Yolo,113,214977,20197,20065,1199,21264,255
2021-11-15,Yuba,115,75493,10336,10254,358,10612,85
2021-11-14,Alameda,001,1643700,121374,120629,2886,123515,1461
2021-11-14,Alpine,003,1148,102,105,0,105,0
2021-11-14,Amador,005,37829,5653,5632,66,5698,66
2021-11-14,Butte,007,227075,21401,21146,3844,24990,296
2021-11-14,Calaveras,009,45235,4262,4222,60,4282,83
2021-11-14,Colusa,011,21464,2570,2532,658,3190,19
2021-11-14,Contra Costa,013,1133247,100826,100188,2274,102462,1038
2021-11-14,Del Norte,015,27424,3713,3629,55,3684,42
2021-11-14,El Dorado,017,186661,16412,16212,1728,17940,159
2021-11-14,Fresno,019,978130,143533,141869,12873,154742,2209
2021-11-14,Glenn,021,27897,3552,3521,998,4519,34
2021-11-14,Humboldt,023,135768,9333,9215,611,9826,115
2021-11-14,Imperial,025,180216,34436,34078,3613,37691,766
2021-11-14,Inyo,027,18085,2478,2441,41,2482,42
2021-11-14,Kern,029,883053,130479,128842,23226,152068,1730
2021-11-14,Kings,031,150075,32971,32545,1997,34542,349
2021-11-14,Lake,033,64148,6855,6777,156,6933,109
2021-11-14,Lassen,035,31185,6989,6911,401,7312,47
2021-11-14,Los Angeles,037,10098052,1453755,1445284,55325,1500609,26667
2021-11-14,Madera,039,155013,23884,23566,2227,25793,287
2021-11-14,Marin,041,260295,17824,17712,477,18189,247
2021-11-14,Mariposa,043,17540,1383,1337,52,1389,6
2021-11-14,Mendocino,045,87422,7822,7684,628,8312,89
2021-11-14,Merced,047,269075,42748,42513,1913,44426,648
2021-11-14,Modoc,049,8938,561,538,201,739,5
2021-11-14,Mono,051,14174,1770,1760,22,1782,4
2021-11-14,Monterey,053,433212,49295,48135,3096,51231,609
2021-11-14,Napa,055,140530,13204,13132,117,13249,103
2021-11-14,Nevada,057,99092,9521,9408,336,9744,92
2021-11-14,Orange,059,3164182,311063,308699,15625,324324,5646
2021-11-14,Placer,061,380077,37948,37569,3774,41343,452
2021-11-14,Plumas,063,18699,1880,1829,43,1872,7
2021-11-14,Riverside,065,2383286,369286,364490,16632,381122,5199
2021-11-14,Sacramento,067,1510023,161861,160761,4801,165562,2295
2021-11-14,San Benito,069,59416,7530,7507,175,7682,77
2021-11-14,San Bernardino,071,2135413,359930,357014,11394,368408,5897
2021-11-14,San Diego,073,3302833,380778,377633,22119,399752,4280
2021-11-14,San Francisco,075,870044,53918,53338,2400,55738,667
2021-11-14,San Joaquin,077,732212,101272,100518,5557,106075,1799
2021-11-14,San Luis Obispo,079,281455,30124,29645,1283,30928,352
2021-11-14,San Mateo,081,765935,54998,53978,925,54903,576
2021-11-14,Santa Barbara,083,443738,45126,44842,1646,46488,539
2021-11-14,Santa Clara,085,1922200,149512,148152,1427,149579,1913
2021-11-14,Santa Cruz,087,273765,20837,20609,1022,21631,223
2021-11-14,Shasta,089,179085,22094,21771,3676,25447,373
2021-11-14,Sierra,091,2930,195,189,21,210,0
2021-11-14,Siskiyou,093,43540,3389,3302,1330,4632,54
2021-11-14,Solano,095,438530,46521,45860,1307,47167,351
2021-11-14,Sonoma,097,501317,42247,41974,538,42512,401
2021-11-14,Stanislaus,099,539301,79840,80076,9024,89100,1174
2021-11-14,Sutter,101,95872,14103,14031,367,14398,181
2021-11-14,Tehama,103,63373,8712,8607,1521,10128,125
2021-11-14,Trinity,105,12862,878,754,219,973,17
2021-11-14,Tulare,107,460477,69959,68772,15658,84430,1037
2021-11-14,Tuolumne,109,53932,7490,7439,108,7547,90
2021-11-14,Ventura,111,848112,99264,98550,4361,102911,1183
2021-11-14,Yolo,113,214977,20170,20040,1193,21233,255
2021-11-14,Yuba,115,75493,10329,10238,357,10595,85
2021-11-13,Alameda,001,1643700,121302,120407,2884,123291,1454
2021-11-13,Alpine,003,1148,102,105,0,105,0
2021-11-13,Amador,005,37829,5652,5614,66,5680,66
2021-11-13,Butte,007,227075,21381,21104,3841,24945,296
2021-11-13,Calaveras,009,45235,4251,4203,60,4263,83
2021-11-13,Colusa,011,21464,2568,2522,658,3180,19
2021-11-13,Contra Costa,013,1133247,100752,100004,2268,102272,1028
2021-11-13,Del Norte,015,27424,3713,3629,55,3684,42
2021-11-13,El Dorado,017,186661,16400,16163,1725,17888,159
2021-11-13,Fresno,019,978130,143426,141452,12860,154312,2205
2021-11-13,Glenn,021,27897,3552,3514,997,4511,34
2021-11-13,Humboldt,023,135768,9318,9177,606,9783,115
2021-11-13,Imperial,025,180216,34386,33990,3596,37586,766
2021-11-13,Inyo,027,18085,2472,2436,41,2477,42
2021-11-13,Kern,029,883053,130379,128472,23182,151654,1719
2021-11-13,Kings,031,150075,32954,32452,1996,34448,347
2021-11-13,Lake,033,64148,6850,6769,156,6925,109
2021-11-13,Lassen,035,31185,6984,6897,401,7298,47
2021-11-13,Los Angeles,037,10098052,1453100,1443088,55284,1498372,26649
2021-11-13,Madera,039,155013,23854,23462,2222,25684,287
2021-11-13,Marin,041,260295,17811,17684,475,18159,247
2021-11-13,Mariposa,043,17540,1380,1323,52,1375,6
2021-11-13,Mendocino,045,87422,7803,7652,627,8279,89
2021-11-13,Merced,047,269075,42709,42411,1910,44321,644
2021-11-13,Modoc,049,8938,560,536,201,737,5
2021-11-13,Mono,051,14174,1766,1750,22,1772,4
2021-11-13,Monterey,053,433212,49270,48087,3094,51181,609
2021-11-13,Napa,055,140530,13196,13110,117,13227,103
2021-11-13,Nevada,057,99092,9501,9369,334,9703,92
2021-11-13,Orange,059,3164182,310897,308211,15597,323808,5641
2021-11-13,Placer,061,380077,37898,37453,3771,41224,445
2021-11-13,Plumas,063,18699,1877,1828,43,1871,8
2021-11-13,Riverside,065,2383286,368981,363801,16625,380426,5187
2021-11-13,Sacramento,067,1510023,161726,160397,4788,165185,2291
2021-11-13,San Benito,069,59416,7517,7491,174,7665,77
2021-11-13,San Bernardino,071,2135413,359678,356325,11387,367712,5873
2021-11-13,San Diego,073,3302833,380441,377633,22091,399724,4280
2021-11-13,San Francisco,075,870044,53885,53195,2399,55594,667
2021-11-13,San Joaquin,077,732212,101216,100263,5548,105811,1799
2021-11-13,San Luis Obispo,079,281455,30094,29589,1281,30870,351
2021-11-13,San Mateo,081,765935,54960,53853,924,54777,574
2021-11-13,Santa Barbara,083,443738,45093,44734,1646,46380,537
2021-11-13,Santa Clara,085,1922200,149393,147821,1422,149243,1905
2021-11-13,Santa Cruz,087,273765,20822,20565,1021,21586,223
2021-11-13,Shasta,089,179085,22063,21713,3672,25385,366
2021-11-13,Sierra,091,2930,194,188,21,209,0
2021-11-13,Siskiyou,093,43540,3380,3299,1329,4628,54
2021-11-13,Solano,095,438530,46492,45774,1303,47077,350
2021-11-13,Sonoma,097,501317,42213,41882,537,42419,399
2021-11-13,Stanislaus,099,539301,79766,79872,9010,88882,1174
2021-11-13,Sutter,101,95872,14093,14017,366,14383,181
2021-11-13,Tehama,103,63373,8706,8592,1517,10109,125
2021-11-13,Trinity,105,12862,877,749,219,968,17
2021-11-13,Tulare,107,460477,69893,68619,15635,84254,1033
2021-11-13,Tuolumne,109,53932,7473,7392,108,7500,90
2021-11-13,Ventura,111,848112,99206,98452,4358,102810,1183
2021-11-13,Yolo,113,214977,20155,20009,1188,21197,255
2021-11-13,Yuba,115,75493,10319,10218,355,10573,85
2021-11-12,Alameda,001,1643700,121218,120407,2881,123288,1454
2021-11-12,Alpine,003,1148,102,105,0,105,0
2021-11-12,Amador,005,37829,5646,5614,65,5679,66
2021-11-12,Butte,007,227075,21364,21104,3837,24941,296
2021-11-12,Calaveras,009,45235,4240,4203,60,4263,83
2021-11-12,Colusa,011,21464,2564,2522,657,3179,19
2021-11-12,Contra Costa,013,1133247,100697,100004,2267,102271,1028
2021-11-12,Del Norte,015,27424,3713,3629,55,3684,42
2021-11-12,El Dorado,017,186661,16381,16163,1724,17887,159
2021-11-12,Fresno,019,978130,143284,141452,12849,154301,2205
2021-11-12,Glenn,021,27897,3549,3514,996,4510,34
2021-11-12,Humboldt,023,135768,9311,9177,604,9781,115
2021-11-12,Imperial,025,180216,34361,33990,3586,37576,766
2021-11-12,Inyo,027,18085,2468,2436,41,2477,42
2021-11-12,Kern,029,883053,130242,128472,23150,151622,1719
2021-11-12,Kings,031,150075,32928,32452,1994,34446,347
2021-11-12,Lake,033,64148,6846,6769,156,6925,109
2021-11-12,Lassen,035,31185,6980,6897,400,7297,47
2021-11-12,Los Angeles,037,10098052,1452373,1443088,55239,1498327,26649
2021-11-12,Madera,039,155013,23825,23462,2217,25679,287
2021-11-12,Marin,041,260295,17795,17684,474,18158,247
2021-11-12,Mariposa,043,17540,1373,1323,52,1375,6
2021-11-12,Mendocino,045,87422,7791,7652,624,8276,89
2021-11-12,Merced,047,269075,42680,42411,1908,44319,644
2021-11-12,Modoc,049,8938,559,536,201,737,5
2021-11-12,Mono,051,14174,1764,1750,22,1772,4
2021-11-12,Monterey,053,433212,49238,48087,3088,51175,609
2021-11-12,Napa,055,140530,13187,13110,117,13227,103
2021-11-12,Nevada,057,99092,9487,9369,333,9702,92
2021-11-12,Orange,059,3164182,310710,308211,15579,323790,5641
2021-11-12,Placer,061,380077,37858,37453,3768,41221,445
2021-11-12,Plumas,063,18699,1872,1828,43,1871,8
2021-11-12,Riverside,065,2383286,368715,363801,16621,380422,5187
2021-11-12,Sacramento,067,1510023,161568,160397,4783,165180,2291
2021-11-12,San Benito,069,59416,7517,7491,174,7665,77
2021-11-12,San Bernardino,071,2135413,359374,356325,11376,367701,5873
2021-11-12,San Diego,073,3302833,380066,377633,22069,399702,4280
2021-11-12,San Francisco,075,870044,53850,53195,2395,55590,667
2021-11-12,San Joaquin,077,732212,101170,100263,5542,105805,1799
2021-11-12,San Luis Obispo,079,281455,30065,29589,1280,30869,351
2021-11-12,San Mateo,081,765935,54911,53853,921,54774,574
2021-11-12,Santa Barbara,083,443738,45039,44734,1645,46379,537
2021-11-12,Santa Clara,085,1922200,149251,147821,1417,149238,1905
2021-11-12,Santa Cruz,087,273765,20795,20565,1019,21584,223
2021-11-12,Shasta,089,179085,22031,21713,3669,25382,366
2021-11-12,Sierra,091,2930,193,188,21,209,0
2021-11-12,Siskiyou,093,43540,3379,3299,1327,4626,54
2021-11-12,Solano,095,438530,46465,45774,1299,47073,350
2021-11-12,Sonoma,097,501317,42172,41882,537,42419,399
2021-11-12,Stanislaus,099,539301,79715,79872,9002,88874,1174
2021-11-12,Sutter,101,95872,14086,14017,366,14383,181
2021-11-12,Tehama,103,63373,8702,8592,1516,10108,125
2021-11-12,Trinity,105,12862,870,749,219,968,17
2021-11-12,Tulare,107,460477,69851,68619,15600,84219,1033
2021-11-12,Tuolumne,109,53932,7460,7392,107,7499,90
2021-11-12,Ventura,111,848112,99141,98452,4357,102809,1183
2021-11-12,Yolo,113,214977,20141,20009,1182,21191,255
2021-11-12,Yuba,115,75493,10310,10218,354,10572,85
2021-11-11,Alameda,001,1643700,121103,120147,2873,123020,1453
2021-11-11,Alpine,003,1148,102,105,0,105,0
2021-11-11,Amador,005,37829,5643,5603,64,5667,66
2021-11-11,Butte,007,227075,21321,21047,3832,24879,293
2021-11-11,Calaveras,009,45235,4222,4179,60,4239,83
2021-11-11,Colusa,011,21464,2556,2518,655,3173,19
2021-11-11,Contra Costa,013,1133247,100591,99808,2262,102070,1028
2021-11-11,Del Norte,015,27424,3711,3622,55,3677,42
2021-11-11,El Dorado,017,186661,16347,16085,1721,17806,159
2021-11-11,Fresno,019,978130,143082,140833,12819,153652,2202
2021-11-11,Glenn,021,27897,3547,3503,996,4499,34
2021-11-11,Humboldt,023,135768,9288,9125,601,9726,115
2021-11-11,Imperial,025,180216,34292,33844,3564,37408,766
2021-11-11,Inyo,027,18085,2463,2428,41,2469,42
2021-11-11,Kern,029,883053,130058,128023,23086,151109,1709
2021-11-11,Kings,031,150075,32877,32318,1992,34310,345
2021-11-11,Lake,033,64148,6839,6745,156,6901,107
2021-11-11,Lassen,035,31185,6974,6875,400,7275,47
2021-11-11,Los Angeles,037,10098052,1451288,1440436,55180,1495616,26614
2021-11-11,Madera,039,155013,23778,23316,2209,25525,287
2021-11-11,Marin,041,260295,17785,17639,474,18113,247
2021-11-11,Mariposa,043,17540,1363,1317,52,1369,6
2021-11-11,Mendocino,045,87422,7776,7612,615,8227,89
2021-11-11,Merced,047,269075,42624,42292,1905,44197,643
2021-11-11,Modoc,049,8938,557,536,201,737,5
2021-11-11,Mono,051,14174,1760,1743,22,1765,4
2021-11-11,Monterey,053,433212,49203,48008,3076,51084,609
2021-11-11,Napa,055,140530,13179,13075,117,13192,103
2021-11-11,Nevada,057,99092,9465,9308,333,9641,92
2021-11-11,Orange,059,3164182,310436,307674,15541,323215,5633
2021-11-11,Placer,061,380077,37807,37333,3760,41093,440
2021-11-11,Plumas,063,18699,1868,1814,43,1857,7
2021-11-11,Riverside,065,2383286,368284,362930,16603,379533,5175
2021-11-11,Sacramento,067,1510023,161354,159962,4764,164726,2289
2021-11-11,San Benito,069,59416,7509,7473,174,7647,76
2021-11-11,San Bernardino,071,2135413,358950,355413,11363,366776,5849
2021-11-11,San Diego,073,3302833,379551,376428,22046,398474,4272
2021-11-11,San Francisco,075,870044,53790,53063,2393,55456,666
2021-11-11,San Joaquin,077,732212,101075,99937,5527,105464,1799
2021-11-11,San Luis Obispo,079,281455,30014,29532,1278,30810,351
2021-11-11,San Mateo,081,765935,54860,53722,916,54638,574
2021-11-11,Santa Barbara,083,443738,44981,44603,1642,46245,534
2021-11-11,Santa Clara,085,1922200,149069,147458,1411,148869,1901
2021-11-11,Santa Cruz,087,273765,20750,20479,1019,21498,222
2021-11-11,Shasta,089,179085,21984,21600,3667,25267,364
2021-11-11,Sierra,091,2930,192,186,21,207,0
2021-11-11,Siskiyou,093,43540,3373,3297,1326,4623,53
2021-11-11,Solano,095,438530,46428,45679,1298,46977,350
2021-11-11,Sonoma,097,501317,42135,41774,537,42311,395
2021-11-11,Stanislaus,099,539301,79637,79570,8988,88558,1166
2021-11-11,Sutter,101,95872,14072,13993,365,14358,181
2021-11-11,Tehama,103,63373,8690,8565,1514,10079,125
2021-11-11,Trinity,105,12862,869,748,219,967,17
2021-11-11,Tulare,107,460477,69758,68367,15564,83931,1028
2021-11-11,Tuolumne,109,53932,7447,7354,107,7461,90
2021-11-11,Ventura,111,848112,99063,98297,4350,102647,1182
2021-11-11,Yolo,113,214977,20114,19946,1180,21126,255
2021-11-11,Yuba,115,75493,10294,10191,354,10545,85
2021-11-10,Alameda,001,1643700,120994,120147,2864,123011,1453
2021-11-10,Alpine,003,1148,102,105,0,105,0
2021-11-10,Amador,005,37829,5637,5603,64,5667,66
2021-11-10,Butte,007,227075,21295,21047,3828,24875,293
2021-11-10,Calaveras,009,45235,4211,4179,60,4239,83
2021-11-10,Colusa,011,21464,2550,2518,655,3173,19
2021-11-10,Contra Costa,013,1133247,100507,99808,2258,102066,1028
2021-11-10,Del Norte,015,27424,3710,3622,55,3677,42
2021-11-10,El Dorado,017,186661,16331,16085,1720,17805,159
2021-11-10,Fresno,019,978130,142904,140833,12807,153640,2202
2021-11-10,Glenn,021,27897,3547,3503,995,4498,34
2021-11-10,Humboldt,023,135768,9270,9125,601,9726,115
2021-11-10,Imperial,025,180216,34243,33844,3545,37389,766
2021-11-10,Inyo,027,18085,2456,2428,41,2469,42
2021-11-10,Kern,029,883053,129909,128023,23030,151053,1709
2021-11-10,Kings,031,150075,32844,32318,1990,34308,345
2021-11-10,Lake,033,64148,6829,6745,156,6901,107
2021-11-10,Lassen,035,31185,6969,6875,400,7275,47
2021-11-10,Los Angeles,037,10098052,1450339,1440436,55123,1495559,26614
2021-11-10,Madera,039,155013,23729,23316,2203,25519,287
2021-11-10,Marin,041,260295,17772,17639,472,18111,247
2021-11-10,Mariposa,043,17540,1357,1317,52,1369,6
2021-11-10,Mendocino,045,87422,7764,7612,614,8226,89
2021-11-10,Merced,047,269075,42589,42292,1903,44195,643
2021-11-10,Modoc,049,8938,556,536,200,736,5
2021-11-10,Mono,051,14174,1758,1743,22,1765,4
2021-11-10,Monterey,053,433212,49170,48008,3064,51072,609
2021-11-10,Napa,055,140530,13165,13075,116,13191,103
2021-11-10,Nevada,057,99092,9458,9308,331,9639,92
2021-11-10,Orange,059,3164182,310173,307674,15509,323183,5633
2021-11-10,Placer,061,380077,37762,37333,3753,41086,440
2021-11-10,Plumas,063,18699,1865,1814,42,1856,7
2021-11-10,Riverside,065,2383286,367904,362930,16597,379527,5175
2021-11-10,Sacramento,067,1510023,161200,159962,4754,164716,2289
2021-11-10,San Benito,069,59416,7501,7473,174,7647,76
2021-11-10,San Bernardino,071,2135413,358610,355413,11355,366768,5849
2021-11-10,San Diego,073,3302833,379136,376428,22024,398452,4272
2021-11-10,San Francisco,075,870044,53728,53063,2390,55453,666
2021-11-10,San Joaquin,077,732212,100968,99937,5521,105458,1799
2021-11-10,San Luis Obispo,079,281455,29983,29532,1277,30809,351
2021-11-10,San Mateo,081,765935,54806,53722,915,54637,574
2021-11-10,Santa Barbara,083,443738,44943,44603,1641,46244,534
2021-11-10,Santa Clara,085,1922200,148921,147458,1405,148863,1901
2021-11-10,Santa Cruz,087,273765,20723,20479,1018,21497,222
2021-11-10,Shasta,089,179085,21948,21600,3665,25265,364
2021-11-10,Sierra,091,2930,191,186,21,207,0
2021-11-10,Siskiyou,093,43540,3371,3297,1326,4623,53
2021-11-10,Solano,095,438530,46398,45679,1296,46975,350
2021-11-10,Sonoma,097,501317,42084,41774,537,42311,395
2021-11-10,Stanislaus,099,539301,79536,79570,8972,88542,1166
2021-11-10,Sutter,101,95872,14064,13993,365,14358,181
2021-11-10,Tehama,103,63373,8678,8565,1508,10073,125
2021-11-10,Trinity,105,12862,865,748,218,966,17
2021-11-10,Tulare,107,460477,69697,68367,15523,83890,1028
2021-11-10,Tuolumne,109,53932,7423,7354,107,7461,90
2021-11-10,Ventura,111,848112,98992,98297,4350,102647,1182
2021-11-10,Yolo,113,214977,20096,19946,1179,21125,255
2021-11-10,Yuba,115,75493,10285,10191,354,10545,85
2021-11-09,Alameda,001,1643700,120857,120051,2854,122905,1450
2021-11-09,Alpine,003,1148,102,105,0,105,0
2021-11-09,Amador,005,37829,5633,5596,64,5660,66
2021-11-09,Butte,007,227075,21274,21022,3825,24847,291
2021-11-09,Calaveras,009,45235,4207,4174,60,4234,84
2021-11-09,Colusa,011,21464,2545,2517,654,3171,19
2021-11-09,Contra Costa,013,1133247,100411,99732,2250,101982,1028
2021-11-09,Del Norte,015,27424,3709,3620,55,3675,42
2021-11-09,El Dorado,017,186661,16293,16073,1715,17788,160
2021-11-09,Fresno,019,978130,142663,140666,12792,153458,2188
2021-11-09,Glenn,021,27897,3542,3499,995,4494,34
2021-11-09,Humboldt,023,135768,9250,9112,596,9708,115
2021-11-09,Imperial,025,180216,34190,33751,3531,37282,766
2021-11-09,Inyo,027,18085,2452,2404,41,2445,42
2021-11-09,Kern,029,883053,129665,127901,22967,150868,1694
2021-11-09,Kings,031,150075,32777,32279,1986,34265,344
2021-11-09,Lake,033,64148,6820,6743,156,6899,106
2021-11-09,Lassen,035,31185,6957,6846,400,7246,47
2021-11-09,Los Angeles,037,10098052,1449097,1439125,55063,1494188,26581
2021-11-09,Madera,039,155013,23679,23285,2194,25479,287
2021-11-09,Marin,041,260295,17753,17630,470,18100,247
2021-11-09,Mariposa,043,17540,1349,1317,51,1368,5
2021-11-09,Mendocino,045,87422,7741,7598,608,8206,85
2021-11-09,Merced,047,269075,42548,42251,1899,44150,613
2021-11-09,Modoc,049,8938,555,536,198,734,5
2021-11-09,Mono,051,14174,1753,1738,22,1760,4
2021-11-09,Monterey,053,433212,49134,47975,3039,51014,609
2021-11-09,Napa,055,140530,13147,13051,116,13167,103
2021-11-09,Nevada,057,99092,9439,9288,331,9619,92
2021-11-09,Orange,059,3164182,309888,307412,15481,322893,5621
2021-11-09,Placer,061,380077,37708,37291,3736,41027,440
2021-11-09,Plumas,063,18699,1863,1802,42,1844,7
2021-11-09,Riverside,065,2383286,367439,362557,16582,379139,5160
2021-11-09,Sacramento,067,1510023,160959,159856,4744,164600,2286
2021-11-09,San Benito,069,59416,7490,7471,173,7644,76
2021-11-09,San Bernardino,071,2135413,358162,354972,11338,366310,5839
2021-11-09,San Diego,073,3302833,378629,375997,21998,397995,4272
2021-11-09,San Francisco,075,870044,53652,52996,2383,55379,666
2021-11-09,San Joaquin,077,732212,100792,99848,5508,105356,1794
2021-11-09,San Luis Obispo,079,281455,29939,29488,1276,30764,350
2021-11-09,San Mateo,081,765935,54760,53697,905,54602,574
2021-11-09,Santa Barbara,083,443738,44876,44579,1634,46213,533
2021-11-09,Santa Clara,085,1922200,148714,147281,1398,148679,1901
2021-11-09,Santa Cruz,087,273765,20688,20463,1017,21480,222
2021-11-09,Shasta,089,179085,21893,21558,3660,25218,364
2021-11-09,Sierra,091,2930,191,186,21,207,0
2021-11-09,Siskiyou,093,43540,3369,3295,1324,4619,52
2021-11-09,Solano,095,438530,46344,45639,1295,46934,350
2021-11-09,Sonoma,097,501317,42028,41727,535,42262,395
2021-11-09,Stanislaus,099,539301,79431,79505,8955,88460,1165
2021-11-09,Sutter,101,95872,14049,13988,363,14351,180
2021-11-09,Tehama,103,63373,8660,8555,1506,10061,125
2021-11-09,Trinity,105,12862,864,746,218,964,17
2021-11-09,Tulare,107,460477,69591,68298,15483,83781,1024
2021-11-09,Tuolumne,109,53932,7403,7347,107,7454,90
2021-11-09,Ventura,111,848112,98913,98202,4345,102547,1182
2021-11-09,Yolo,113,214977,20072,19931,1175,21106,255
2021-11-09,Yuba,115,75493,10268,10175,348,10523,85
2021-11-08,Alameda,001,1643700,120714,119983,2848,122831,1447
2021-11-08,Alpine,003,1148,102,105,0,105,0
2021-11-08,Amador,005,37829,5627,5590,64,5654,66
2021-11-08,Butte,007,227075,21246,21000,3817,24817,288
2021-11-08,Calaveras,009,45235,4199,4166,60,4226,82
2021-11-08,Colusa,011,21464,2544,2514,653,3167,19
2021-11-08,Contra Costa,013,1133247,100308,99669,2246,101915,1028
2021-11-08,Del Norte,015,27424,3705,3619,55,3674,42
2021-11-08,El Dorado,017,186661,16274,16055,1710,17765,156
2021-11-08,Fresno,019,978130,142363,140466,12772,153238,2179
2021-11-08,Glenn,021,27897,3539,3496,991,4487,34
2021-11-08,Humboldt,023,135768,9223,9095,586,9681,109
2021-11-08,Imperial,025,180216,34111,33690,3511,37201,766
2021-11-08,Inyo,027,18085,2445,2398,41,2439,41
2021-11-08,Kern,029,883053,129429,127722,22884,150606,1692
2021-11-08,Kings,031,150075,32731,32248,1985,34233,344
2021-11-08,Lake,033,64148,6814,6737,156,6893,106
2021-11-08,Lassen,035,31185,6950,6830,398,7228,46
2021-11-08,Los Angeles,037,10098052,1447754,1438322,55004,1493326,26575
2021-11-08,Madera,039,155013,23630,23253,2182,25435,287
2021-11-08,Marin,041,260295,17736,17617,467,18084,247
2021-11-08,Mariposa,043,17540,1341,1316,50,1366,5
2021-11-08,Mendocino,045,87422,7728,7581,602,8183,85
2021-11-08,Merced,047,269075,42477,42224,1891,44115,607
2021-11-08,Modoc,049,8938,554,529,198,727,5
2021-11-08,Mono,051,14174,1749,1739,22,1761,4
2021-11-08,Monterey,053,433212,49093,47942,3018,50960,602
2021-11-08,Napa,055,140530,13133,13045,116,13161,103
2021-11-08,Nevada,057,99092,9421,9278,329,9607,92
2021-11-08,Orange,059,3164182,309614,307156,15450,322606,5616
2021-11-08,Placer,061,380077,37656,37250,3733,40983,439
2021-11-08,Plumas,063,18699,1862,1788,41,1829,7
2021-11-08,Riverside,065,2383286,366984,362201,16568,378769,5152
2021-11-08,Sacramento,067,1510023,160744,159735,4724,164459,2275
2021-11-08,San Benito,069,59416,7488,7461,173,7634,75
2021-11-08,San Bernardino,071,2135413,357658,354741,11319,366060,5836
2021-11-08,San Diego,073,3302833,378040,375557,21951,397508,4259
2021-11-08,San Francisco,075,870044,53599,52942,2377,55319,666
2021-11-08,San Joaquin,077,732212,100676,99736,5506,105242,1794
2021-11-08,San Luis Obispo,079,281455,29887,29464,1271,30735,350
2021-11-08,San Mateo,081,765935,54686,53658,900,54558,574
2021-11-08,Santa Barbara,083,443738,44822,44548,1633,46181,532
2021-11-08,Santa Clara,085,1922200,148486,147183,1392,148575,1899
2021-11-08,Santa Cruz,087,273765,20659,20435,1017,21452,222
2021-11-08,Shasta,089,179085,21846,21504,3654,25158,354
2021-11-08,Sierra,091,2930,191,183,21,204,0
2021-11-08,Siskiyou,093,43540,3365,3290,1313,4603,50
2021-11-08,Solano,095,438530,46303,45613,1291,46904,350
2021-11-08,Sonoma,097,501317,41960,41669,533,42202,395
2021-11-08,Stanislaus,099,539301,79281,79417,8941,88358,1150
2021-11-08,Sutter,101,95872,14041,13976,359,14335,180
2021-11-08,Tehama,103,63373,8651,8534,1506,10040,123
2021-11-08,Trinity,105,12862,864,743,217,960,13
2021-11-08,Tulare,107,460477,69474,68199,15445,83644,1020
2021-11-08,Tuolumne,109,53932,7384,7328,106,7434,90
2021-11-08,Ventura,111,848112,98820,98144,4343,102487,1182
2021-11-08,Yolo,113,214977,20034,19916,1170,21086,255
2021-11-08,Yuba,115,75493,10257,10172,345,10517,83
2021-11-07,Alameda,001,1643700,120557,119902,2842,122744,1444
2021-11-07,Alpine,003,1148,102,105,0,105,0
2021-11-07,Amador,005,37829,5620,5580,62,5642,66
2021-11-07,Butte,007,227075,21207,20969,3808,24777,288
2021-11-07,Calaveras,009,45235,4172,4158,59,4217,82
2021-11-07,Colusa,011,21464,2538,2511,651,3162,19
2021-11-07,Contra Costa,013,1133247,100196,99596,2237,101833,1028
2021-11-07,Del Norte,015,27424,3703,3617,55,3672,42
2021-11-07,El Dorado,017,186661,16237,16040,1707,17747,156
2021-11-07,Fresno,019,978130,142022,140263,12749,153012,2179
2021-11-07,Glenn,021,27897,3532,3493,990,4483,34
2021-11-07,Humboldt,023,135768,9198,9074,582,9656,109
2021-11-07,Imperial,025,180216,34038,33674,3491,37165,766
2021-11-07,Inyo,027,18085,2432,2394,41,2435,41
2021-11-07,Kern,029,883053,129156,127583,22792,150375,1692
2021-11-07,Kings,031,150075,32641,32221,1981,34202,343
2021-11-07,Lake,033,64148,6798,6734,155,6889,106
2021-11-07,Lassen,035,31185,6941,6819,394,7213,46
2021-11-07,Los Angeles,037,10098052,1446262,1437314,54930,1492244,26573
2021-11-07,Madera,039,155013,23585,23225,2175,25400,287
2021-11-07,Marin,041,260295,17716,17594,466,18060,247
2021-11-07,Mariposa,043,17540,1339,1306,50,1356,5
2021-11-07,Mendocino,045,87422,7699,7567,598,8165,85
2021-11-07,Merced,047,269075,42396,42186,1861,44047,607
2021-11-07,Modoc,049,8938,551,528,197,725,5
2021-11-07,Mono,051,14174,1743,1739,22,1761,4
2021-11-07,Monterey,053,433212,49041,47924,3013,50937,602
2021-11-07,Napa,055,140530,13112,13041,116,13157,103
2021-11-07,Nevada,057,99092,9373,9254,329,9583,92
2021-11-07,Orange,059,3164182,309289,306954,15411,322365,5616
2021-11-07,Placer,061,380077,37580,37202,3718,40920,439
2021-11-07,Plumas,063,18699,1855,1787,40,1827,7
2021-11-07,Riverside,065,2383286,366449,361960,16548,378508,5152
2021-11-07,Sacramento,067,1510023,160513,159549,4706,164255,2277
2021-11-07,San Benito,069,59416,7475,7460,173,7633,75
2021-11-07,San Bernardino,071,2135413,357155,354488,11296,365784,5832
2021-11-07,San Diego,073,3302833,377452,375165,21918,397083,4250
2021-11-07,San Francisco,075,870044,53515,52868,2371,55239,666
2021-11-07,San Joaquin,077,732212,100490,99696,5500,105196,1794
2021-11-07,San Luis Obispo,079,281455,29836,29454,1267,30721,350
2021-11-07,San Mateo,081,765935,54627,53600,898,54498,574
2021-11-07,Santa Barbara,083,443738,44759,44501,1632,46133,532
2021-11-07,Santa Clara,085,1922200,148283,147054,1379,148433,1898
2021-11-07,Santa Cruz,087,273765,20601,20397,1016,21413,222
2021-11-07,Shasta,089,179085,21798,21479,3648,25127,354
2021-11-07,Sierra,091,2930,189,183,21,204,0
2021-11-07,Siskiyou,093,43540,3359,3289,1311,4600,51
2021-11-07,Solano,095,438530,46248,45582,1284,46866,350
2021-11-07,Sonoma,097,501317,41911,41630,533,42163,395
2021-11-07,Stanislaus,099,539301,79126,79351,8921,88272,1150
2021-11-07,Sutter,101,95872,14028,13964,356,14320,180
2021-11-07,Tehama,103,63373,8627,8528,1504,10032,121
2021-11-07,Trinity,105,12862,863,742,216,958,13
2021-11-07,Tulare,107,460477,69321,68145,15402,83547,1020
2021-11-07,Tuolumne,109,53932,7366,7300,104,7404,90
2021-11-07,Ventura,111,848112,98729,98085,4341,102426,1182
2021-11-07,Yolo,113,214977,20013,19899,1165,21064,255
2021-11-07,Yuba,115,75493,10240,10162,340,10502,83
2021-11-06,Alameda,001,1643700,120494,119499,2839,122338,1436
2021-11-06,Alpine,003,1148,102,105,0,105,0
2021-11-06,Amador,005,37829,5614,5557,62,5619,66
2021-11-06,Butte,007,227075,21187,20796,3804,24600,288
2021-11-06,Calaveras,009,45235,4164,4105,59,4164,82
2021-11-06,Colusa,011,21464,2537,2501,650,3151,19
2021-11-06,Contra Costa,013,1133247,100141,99282,2235,101517,1025
2021-11-06,Del Norte,015,27424,3700,3607,55,3662,42
2021-11-06,El Dorado,017,186661,16220,15958,1707,17665,156
2021-11-06,Fresno,019,978130,141904,139249,12746,151995,2170
2021-11-06,Glenn,021,27897,3529,3479,990,4469,33
2021-11-06,Humboldt,023,135768,9186,8972,578,9550,109
2021-11-06,Imperial,025,180216,33992,33471,3484,36955,766
2021-11-06,Inyo,027,18085,2426,2353,41,2394,41
2021-11-06,Kern,029,883053,129023,126848,22739,149587,1684
2021-11-06,Kings,031,150075,32608,32018,1976,33994,342
2021-11-06,Lake,033,64148,6796,6695,155,6850,106
2021-11-06,Lassen,035,31185,6936,6796,393,7189,46
2021-11-06,Los Angeles,037,10098052,1445487,1433081,54887,1487968,26533
2021-11-06,Madera,039,155013,23549,22994,2166,25160,287
2021-11-06,Marin,041,260295,17697,17520,463,17983,247
2021-11-06,Mariposa,043,17540,1337,1282,50,1332,5
2021-11-06,Mendocino,045,87422,7677,7486,598,8084,85
2021-11-06,Merced,047,269075,42372,41958,1853,43811,604
2021-11-06,Modoc,049,8938,550,523,197,720,5
2021-11-06,Mono,051,14174,1741,1725,22,1747,4
2021-11-06,Monterey,053,433212,49009,47830,3003,50833,602
2021-11-06,Napa,055,140530,13102,12950,116,13066,103
2021-11-06,Nevada,057,99092,9351,9169,328,9497,91
2021-11-06,Orange,059,3164182,309082,306049,15385,321434,5611
2021-11-06,Placer,061,380077,37539,36967,3715,40682,438
2021-11-06,Plumas,063,18699,1851,1755,39,1794,7
2021-11-06,Riverside,065,2383286,366131,360584,16539,377123,5138
2021-11-06,Sacramento,067,1510023,160420,158766,4701,163467,2263
2021-11-06,San Benito,069,59416,7468,7429,173,7602,75
2021-11-06,San Bernardino,071,2135413,356884,353142,11292,364434,5813
2021-11-06,San Diego,073,3302833,377105,373423,21900,395323,4246
2021-11-06,San Francisco,075,870044,53461,52556,2368,54924,666
2021-11-06,San Joaquin,077,732212,100433,99372,5499,104871,1782
2021-11-06,San Luis Obispo,079,281455,29807,29335,1263,30598,350
2021-11-06,San Mateo,081,765935,54593,53442,897,54339,574
2021-11-06,Santa Barbara,083,443738,44723,44301,1631,45932,532
2021-11-06,Santa Clara,085,1922200,148138,146519,1374,147893,1894
2021-11-06,Santa Cruz,087,273765,20582,20311,1014,21325,222
2021-11-06,Shasta,089,179085,21779,21281,3643,24924,349
2021-11-06,Sierra,091,2930,189,181,21,202,0
2021-11-06,Siskiyou,093,43540,3359,3279,1309,4588,48
2021-11-06,Solano,095,438530,46218,45465,1283,46748,350
2021-11-06,Sonoma,097,501317,41861,41398,532,41930,395
2021-11-06,Stanislaus,099,539301,79058,78902,8913,87815,1193
2021-11-06,Sutter,101,95872,14024,13908,355,14263,180
2021-11-06,Tehama,103,63373,8616,8474,1502,9976,120
2021-11-06,Trinity,105,12862,860,732,216,948,11
2021-11-06,Tulare,107,460477,69271,67767,15374,83141,1010
2021-11-06,Tuolumne,109,53932,7353,7245,104,7349,90
2021-11-06,Ventura,111,848112,98663,97770,4336,102106,1180
2021-11-06,Yolo,113,214977,19996,19827,1161,20988,255
2021-11-06,Yuba,115,75493,10226,10107,340,10447,83
2021-11-05,Alameda,001,1643700,120412,119499,2837,122336,1436
2021-11-05,Alpine,003,1148,102,105,0,105,0
2021-11-05,Amador,005,37829,5609,5557,62,5619,66
2021-11-05,Butte,007,227075,21174,20796,3803,24599,288
2021-11-05,Calaveras,009,45235,4159,4105,59,4164,82
2021-11-05,Colusa,011,21464,2537,2501,649,3150,19
2021-11-05,Contra Costa,013,1133247,100075,99282,2233,101515,1025
2021-11-05,Del Norte,015,27424,3698,3607,55,3662,42
2021-11-05,El Dorado,017,186661,16202,15958,1701,17659,156
2021-11-05,Fresno,019,978130,141726,139249,12737,151986,2170
2021-11-05,Glenn,021,27897,3529,3479,989,4468,33
2021-11-05,Humboldt,023,135768,9172,8972,578,9550,109
2021-11-05,Imperial,025,180216,33957,33471,3481,36952,766
2021-11-05,Inyo,027,18085,2418,2353,41,2394,41
2021-11-05,Kern,029,883053,128896,126848,22683,149531,1684
2021-11-05,Kings,031,150075,32584,32018,1975,33993,342
2021-11-05,Lake,033,64148,6790,6695,155,6850,106
2021-11-05,Lassen,035,31185,6932,6796,392,7188,46
2021-11-05,Los Angeles,037,10098052,1444668,1433081,54849,1487930,26533
2021-11-05,Madera,039,155013,23511,22994,2165,25159,287
2021-11-05,Marin,041,260295,17675,17520,462,17982,247
2021-11-05,Mariposa,043,17540,1334,1282,49,1331,5
2021-11-05,Mendocino,045,87422,7666,7486,597,8083,85
2021-11-05,Merced,047,269075,42346,41958,1849,43807,604
2021-11-05,Modoc,049,8938,550,523,197,720,5
2021-11-05,Mono,051,14174,1740,1725,22,1747,4
2021-11-05,Monterey,053,433212,48980,47830,3001,50831,602
2021-11-05,Napa,055,140530,13080,12950,116,13066,103
2021-11-05,Nevada,057,99092,9338,9169,328,9497,91
2021-11-05,Orange,059,3164182,308884,306049,15363,321412,5611
2021-11-05,Placer,061,380077,37512,36967,3705,40672,438
2021-11-05,Plumas,063,18699,1843,1755,39,1794,7
2021-11-05,Riverside,065,2383286,365790,360584,16529,377113,5138
2021-11-05,Sacramento,067,1510023,160298,158766,4695,163461,2263
2021-11-05,San Benito,069,59416,7466,7429,172,7601,75
2021-11-05,San Bernardino,071,2135413,356553,353142,11281,364423,5813
2021-11-05,San Diego,073,3302833,376740,373423,21888,395311,4246
2021-11-05,San Francisco,075,870044,53410,52556,2365,54921,666
2021-11-05,San Joaquin,077,732212,100380,99372,5490,104862,1782
2021-11-05,San Luis Obispo,079,281455,29784,29335,1263,30598,350
2021-11-05,San Mateo,081,765935,54552,53442,895,54337,574
2021-11-05,Santa Barbara,083,443738,44678,44301,1630,45931,532
2021-11-05,Santa Clara,085,1922200,148000,146519,1373,147892,1894
2021-11-05,Santa Cruz,087,273765,20558,20311,1013,21324,222
2021-11-05,Shasta,089,179085,21747,21281,3638,24919,349
2021-11-05,Sierra,091,2930,189,181,21,202,0
2021-11-05,Siskiyou,093,43540,3354,3279,1308,4587,48
2021-11-05,Solano,095,438530,46173,45465,1280,46745,350
2021-11-05,Sonoma,097,501317,41821,41398,532,41930,395
2021-11-05,Stanislaus,099,539301,79000,78902,8901,87803,1193
2021-11-05,Sutter,101,95872,14016,13908,354,14262,180
2021-11-05,Tehama,103,63373,8609,8474,1501,9975,120
2021-11-05,Trinity,105,12862,860,732,216,948,11
2021-11-05,Tulare,107,460477,69198,67767,15337,83104,1010
2021-11-05,Tuolumne,109,53932,7336,7245,103,7348,90
2021-11-05,Ventura,111,848112,98623,97770,4333,102103,1180
2021-11-05,Yolo,113,214977,19985,19827,1160,20987,255
2021-11-05,Yuba,115,75493,10213,10107,338,10445,83
2021-11-04,Alameda,001,1643700,120297,119499,2831,122330,1436
2021-11-04,Alpine,003,1148,102,105,0,105,0
2021-11-04,Amador,005,37829,5601,5557,62,5619,66
2021-11-04,Butte,007,227075,21132,20796,3793,24589,288
2021-11-04,Calaveras,009,45235,4145,4105,57,4162,82
2021-11-04,Colusa,011,21464,2531,2501,648,3149,19
2021-11-04,Contra Costa,013,1133247,99983,99282,2228,101510,1025
2021-11-04,Del Norte,015,27424,3695,3607,55,3662,42
2021-11-04,El Dorado,017,186661,16176,15958,1697,17655,156
2021-11-04,Fresno,019,978130,141447,139249,12730,151979,2170
2021-11-04,Glenn,021,27897,3524,3479,988,4467,33
2021-11-04,Humboldt,023,135768,9147,8972,575,9547,109
2021-11-04,Imperial,025,180216,33899,33471,3471,36942,766
2021-11-04,Inyo,027,18085,2410,2353,41,2394,41
2021-11-04,Kern,029,883053,128664,126848,22615,149463,1684
2021-11-04,Kings,031,150075,32505,32018,1967,33985,342
2021-11-04,Lake,033,64148,6780,6695,153,6848,106
2021-11-04,Lassen,035,31185,6922,6796,387,7183,46
2021-11-04,Los Angeles,037,10098052,1443369,1433081,54765,1487846,26533
2021-11-04,Madera,039,155013,23456,22994,2154,25148,287
2021-11-04,Marin,041,260295,17663,17520,460,17980,247
2021-11-04,Mariposa,043,17540,1327,1282,49,1331,5
2021-11-04,Mendocino,045,87422,7653,7486,591,8077,85
2021-11-04,Merced,047,269075,42291,41958,1845,43803,604
2021-11-04,Modoc,049,8938,549,523,197,720,5
2021-11-04,Mono,051,14174,1735,1725,22,1747,4
2021-11-04,Monterey,053,433212,48935,47830,2985,50815,602
2021-11-04,Napa,055,140530,13059,12950,116,13066,103
2021-11-04,Nevada,057,99092,9307,9169,327,9496,91
2021-11-04,Orange,059,3164182,308636,306049,15344,321393,5611
2021-11-04,Placer,061,380077,37441,36967,3696,40663,438
2021-11-04,Plumas,063,18699,1835,1755,35,1790,7
2021-11-04,Riverside,065,2383286,365394,360584,16520,377104,5138
2021-11-04,Sacramento,067,1510023,160064,158766,4674,163440,2263
2021-11-04,San Benito,069,59416,7460,7429,172,7601,75
2021-11-04,San Bernardino,071,2135413,356118,353142,11274,364416,5813
2021-11-04,San Diego,073,3302833,376259,373423,21867,395290,4246
2021-11-04,San Francisco,075,870044,53329,52556,2361,54917,666
2021-11-04,San Joaquin,077,732212,100272,99372,5478,104850,1782
2021-11-04,San Luis Obispo,079,281455,29760,29335,1257,30592,350
2021-11-04,San Mateo,081,765935,54493,53442,889,54331,574
2021-11-04,Santa Barbara,083,443738,44622,44301,1630,45931,532
2021-11-04,Santa Clara,085,1922200,147845,146519,1369,147888,1894
2021-11-04,Santa Cruz,087,273765,20523,20311,1013,21324,222
2021-11-04,Shasta,089,179085,21689,21281,3632,24913,349
2021-11-04,Sierra,091,2930,187,181,21,202,0
2021-11-04,Siskiyou,093,43540,3351,3279,1301,4580,48
2021-11-04,Solano,095,438530,46131,45465,1279,46744,350
2021-11-04,Sonoma,097,501317,41761,41398,532,41930,395
2021-11-04,Stanislaus,099,539301,78862,78902,8895,87797,1193
2021-11-04,Sutter,101,95872,14005,13908,352,14260,180
2021-11-04,Tehama,103,63373,8600,8474,1497,9971,120
2021-11-04,Trinity,105,12862,859,732,216,948,11
2021-11-04,Tulare,107,460477,69082,67767,15291,83058,1010
2021-11-04,Tuolumne,109,53932,7314,7245,101,7346,90
2021-11-04,Ventura,111,848112,98535,97770,4330,102100,1180
2021-11-04,Yolo,113,214977,19959,19827,1154,20981,255
2021-11-04,Yuba,115,75493,10199,10107,336,10443,83
2021-11-03,Alameda,001,1643700,120155,119356,2828,122184,1428
2021-11-03,Alpine,003,1148,102,105,0,105,0
2021-11-03,Amador,005,37829,5595,5545,61,5606,66
2021-11-03,Butte,007,227075,21087,20769,3784,24553,284
2021-11-03,Calaveras,009,45235,4127,4087,56,4143,82
2021-11-03,Colusa,011,21464,2525,2499,648,3147,20
2021-11-03,Contra Costa,013,1133247,99883,99168,2223,101391,1025
2021-11-03,Del Norte,015,27424,3693,3600,54,3654,42
2021-11-03,El Dorado,017,186661,16150,15915,1694,17609,156
2021-11-03,Fresno,019,978130,141083,138873,12709,151582,2166
2021-11-03,Glenn,021,27897,3520,3470,988,4458,33
2021-11-03,Humboldt,023,135768,9129,8949,570,9519,109
2021-11-03,Imperial,025,180216,33828,33402,3461,36863,766
2021-11-03,Inyo,027,18085,2389,2344,41,2385,41
2021-11-03,Kern,029,883053,128403,126523,22513,149036,1681
2021-11-03,Kings,031,150075,32450,31923,1959,33882,341
2021-11-03,Lake,033,64148,6764,6685,153,6838,106
2021-11-03,Lassen,035,31185,6906,6782,381,7163,46
2021-11-03,Los Angeles,037,10098052,1442018,1431209,54681,1485890,26517
2021-11-03,Madera,039,155013,23389,22893,2145,25038,287
2021-11-03,Marin,041,260295,17642,17491,456,17947,247
2021-11-03,Mariposa,043,17540,1317,1276,49,1325,5
2021-11-03,Mendocino,045,87422,7637,7457,583,8040,84
2021-11-03,Merced,047,269075,42230,41849,1835,43684,597
2021-11-03,Modoc,049,8938,549,521,195,716,5
2021-11-03,Mono,051,14174,1731,1719,22,1741,4
2021-11-03,Monterey,053,433212,48885,47794,2972,50766,601
2021-11-03,Napa,055,140530,13047,12937,115,13052,103
2021-11-03,Nevada,057,99092,9280,9131,326,9457,91
2021-11-03,Orange,059,3164182,308324,305661,15311,320972,5607
2021-11-03,Placer,061,380077,37371,36868,3691,40559,438
2021-11-03,Plumas,063,18699,1824,1739,34,1773,7
2021-11-03,Riverside,065,2383286,364936,360060,16516,376576,5131
2021-11-03,Sacramento,067,1510023,159840,158311,4663,162974,2259
2021-11-03,San Benito,069,59416,7452,7419,172,7591,75
2021-11-03,San Bernardino,071,2135413,355644,352225,11254,363479,5813
2021-11-03,San Diego,073,3302833,375748,372951,21844,394795,4241
2021-11-03,San Francisco,075,870044,53235,52493,2356,54849,663
2021-11-03,San Joaquin,077,732212,100160,99188,5467,104655,1776
2021-11-03,San Luis Obispo,079,281455,29718,29276,1251,30527,348
2021-11-03,San Mateo,081,765935,54429,53396,883,54279,571
2021-11-03,Santa Barbara,083,443738,44565,44220,1627,45847,531
2021-11-03,Santa Clara,085,1922200,147675,146259,1362,147621,1897
2021-11-03,Santa Cruz,087,273765,20488,20275,1013,21288,222
2021-11-03,Shasta,089,179085,21631,21215,3625,24840,346
2021-11-03,Sierra,091,2930,185,180,21,201,0
2021-11-03,Siskiyou,093,43540,3347,3276,1299,4575,46
2021-11-03,Solano,095,438530,46104,45411,1277,46688,351
2021-11-03,Sonoma,097,501317,41684,41326,530,41856,395
2021-11-03,Stanislaus,099,539301,78731,78736,8879,87615,1193
2021-11-03,Sutter,101,95872,13992,13876,350,14226,179
2021-11-03,Tehama,103,63373,8587,8438,1497,9935,118
2021-11-03,Trinity,105,12862,858,730,216,946,11
2021-11-03,Tulare,107,460477,68955,67588,15247,82835,1007
2021-11-03,Tuolumne,109,53932,7297,7218,99,7317,90
2021-11-03,Ventura,111,848112,98426,97682,4326,102008,1178
2021-11-03,Yolo,113,214977,19941,19758,1146,20904,250
2021-11-03,Yuba,115,75493,10187,10092,336,10428,83
2021-11-02,Alameda,001,1643700,120009,119241,2822,122063,1425
2021-11-02,Alpine,003,1148,101,105,0,105,0
2021-11-02,Amador,005,37829,5590,5535,61,5596,66
2021-11-02,Butte,007,227075,21043,20744,3773,24517,282
2021-11-02,Calaveras,009,45235,4104,4075,56,4131,82
2021-11-02,Colusa,011,21464,2520,2497,647,3144,19
2021-11-02,Contra Costa,013,1133247,99780,99080,2211,101291,1025
2021-11-02,Del Norte,015,27424,3691,3596,54,3650,42
2021-11-02,El Dorado,017,186661,16121,15883,1694,17577,154
2021-11-02,Fresno,019,978130,140761,138644,12679,151323,2158
2021-11-02,Glenn,021,27897,3512,3469,985,4454,33
2021-11-02,Humboldt,023,135768,9088,8937,569,9506,109
2021-11-02,Imperial,025,180216,33755,33371,3447,36818,766
2021-11-02,Inyo,027,18085,2382,2324,41,2365,41
2021-11-02,Kern,029,883053,128147,126311,22391,148702,1665
2021-11-02,Kings,031,150075,32391,31896,1954,33850,339
2021-11-02,Lake,033,64148,6759,6681,152,6833,106
2021-11-02,Lassen,035,31185,6894,6777,378,7155,45
2021-11-02,Los Angeles,037,10098052,1440566,1429601,54606,1484207,26496
2021-11-02,Madera,039,155013,23308,22837,2134,24971,287
2021-11-02,Marin,041,260295,17614,17482,456,17938,247
2021-11-02,Mariposa,043,17540,1306,1270,48,1318,5
2021-11-02,Mendocino,045,87422,7613,7447,571,8018,84
2021-11-02,Merced,047,269075,42163,41785,1827,43612,596
2021-11-02,Modoc,049,8938,546,520,194,714,5
2021-11-02,Mono,051,14174,1727,1718,22,1740,4
2021-11-02,Monterey,053,433212,48834,47775,2954,50729,599
2021-11-02,Napa,055,140530,13029,12930,115,13045,104
2021-11-02,Nevada,057,99092,9250,9122,325,9447,91
2021-11-02,Orange,059,3164182,308008,305369,15264,320633,5600
2021-11-02,Placer,061,380077,37299,36817,3676,40493,438
2021-11-02,Plumas,063,18699,1813,1721,34,1755,7
2021-11-02,Riverside,065,2383286,364484,359586,16496,376082,5116
2021-11-02,Sacramento,067,1510023,159584,158112,4640,162752,2250
2021-11-02,San Benito,069,59416,7436,7407,172,7579,75
2021-11-02,San Bernardino,071,2135413,355171,351832,11201,363033,5813
2021-11-02,San Diego,073,3302833,375153,372440,21814,394254,4232
2021-11-02,San Francisco,075,870044,53116,52450,2352,54802,663
2021-11-02,San Joaquin,077,732212,100025,99076,5456,104532,1772
2021-11-02,San Luis Obispo,079,281455,29685,29224,1247,30471,348
2021-11-02,San Mateo,081,765935,54357,53351,880,54231,571
2021-11-02,Santa Barbara,083,443738,44509,44177,1623,45800,531
2021-11-02,Santa Clara,085,1922200,147481,146115,1355,147470,1896
2021-11-02,Santa Cruz,087,273765,20455,20266,1012,21278,222
2021-11-02,Shasta,089,179085,21557,21127,3615,24742,344
2021-11-02,Sierra,091,2930,185,180,20,200,0
2021-11-02,Siskiyou,093,43540,3345,3272,1296,4568,46
2021-11-02,Solano,095,438530,46064,45378,1271,46649,350
2021-11-02,Sonoma,097,501317,41604,41288,529,41817,395
2021-11-02,Stanislaus,099,539301,78576,78629,8859,87488,1193
2021-11-02,Sutter,101,95872,13971,13868,350,14218,179
2021-11-02,Tehama,103,63373,8571,8422,1494,9916,116
2021-11-02,Trinity,105,12862,858,729,216,945,11
2021-11-02,Tulare,107,460477,68831,67502,15199,82701,1002
2021-11-02,Tuolumne,109,53932,7276,7204,97,7301,90
2021-11-02,Ventura,111,848112,98321,97574,4322,101896,1178
2021-11-02,Yolo,113,214977,19910,19736,1144,20880,250
2021-11-02,Yuba,115,75493,10164,10080,334,10414,83
2021-11-01,Alameda,001,1643700,119873,119159,2820,121979,1421
2021-11-01,Alpine,003,1148,101,105,0,105,0
2021-11-01,Amador,005,37829,5588,5532,61,5593,64
2021-11-01,Butte,007,227075,20993,20710,3768,24478,281
2021-11-01,Calaveras,009,45235,4094,4059,55,4114,82
2021-11-01,Colusa,011,21464,2518,2494,644,3138,19
2021-11-01,Contra Costa,013,1133247,99656,99011,2202,101213,1025
2021-11-01,Del Norte,015,27424,3689,3594,54,3648,42
2021-11-01,El Dorado,017,186661,16097,15858,1688,17546,154
2021-11-01,Fresno,019,978130,140387,138421,12647,151068,2149
2021-11-01,Glenn,021,27897,3505,3461,983,4444,33
2021-11-01,Humboldt,023,135768,9060,8929,565,9494,108
2021-11-01,Imperial,025,180216,33704,33342,3438,36780,766
2021-11-01,Inyo,027,18085,2370,2307,41,2348,41
2021-11-01,Kern,029,883053,127847,126092,22276,148368,1660
2021-11-01,Kings,031,150075,32338,31866,1952,33818,337
2021-11-01,Lake,033,64148,6748,6676,151,6827,106
2021-11-01,Lassen,035,31185,6879,6775,375,7150,42
2021-11-01,Los Angeles,037,10098052,1439179,1428891,54514,1483405,26483
2021-11-01,Madera,039,155013,23229,22801,2129,24930,283
2021-11-01,Marin,041,260295,17594,17460,455,17915,247
2021-11-01,Mariposa,043,17540,1298,1266,47,1313,5
2021-11-01,Mendocino,045,87422,7580,7422,553,7975,84
2021-11-01,Merced,047,269075,42073,41740,1825,43565,594
2021-11-01,Modoc,049,8938,541,520,192,712,5
2021-11-01,Mono,051,14174,1723,1714,22,1736,3
2021-11-01,Monterey,053,433212,48792,47756,2942,50698,597
2021-11-01,Napa,055,140530,13002,12916,114,13030,101
2021-11-01,Nevada,057,99092,9227,9108,324,9432,91
2021-11-01,Orange,059,3164182,307666,305192,15222,320414,5596
2021-11-01,Placer,061,380077,37216,36747,3664,40411,435
2021-11-01,Plumas,063,18699,1794,1719,34,1753,7
2021-11-01,Riverside,065,2383286,363983,359263,16474,375737,5115
2021-11-01,Sacramento,067,1510023,159311,157893,4616,162509,2239
2021-11-01,San Benito,069,59416,7426,7406,171,7577,73
2021-11-01,San Bernardino,071,2135413,354686,351620,11181,362801,5815
2021-11-01,San Diego,073,3302833,374568,372043,21796,393839,4232
2021-11-01,San Francisco,075,870044,53029,52418,2345,54763,661
2021-11-01,San Joaquin,077,732212,99862,98969,5449,104418,1772
2021-11-01,San Luis Obispo,079,281455,29641,29199,1242,30441,343
2021-11-01,San Mateo,081,765935,54291,53314,876,54190,571
2021-11-01,Santa Barbara,083,443738,44442,44146,1619,45765,529
2021-11-01,Santa Clara,085,1922200,147284,145978,1350,147328,1907
2021-11-01,Santa Cruz,087,273765,20420,20238,1012,21250,221
2021-11-01,Shasta,089,179085,21504,21104,3608,24712,338
2021-11-01,Sierra,091,2930,185,180,20,200,0
2021-11-01,Siskiyou,093,43540,3338,3272,1291,4563,46
2021-11-01,Solano,095,438530,46009,45358,1271,46629,350
2021-11-01,Sonoma,097,501317,41531,41234,529,41763,395
2021-11-01,Stanislaus,099,539301,78447,78534,8844,87378,1193
2021-11-01,Sutter,101,95872,13947,13852,348,14200,179
2021-11-01,Tehama,103,63373,8543,8412,1491,9903,116
2021-11-01,Trinity,105,12862,856,727,216,943,11
2021-11-01,Tulare,107,460477,68686,67388,15146,82534,1002
2021-11-01,Tuolumne,109,53932,7260,7175,96,7271,90
2021-11-01,Ventura,111,848112,98231,97507,4320,101827,1178
2021-11-01,Yolo,113,214977,19890,19708,1137,20845,250
2021-11-01,Yuba,115,75493,10146,10066,332,10398,83
2021-10-31,Alameda,001,1643700,119729,119071,2817,121888,1419
2021-10-31,Alpine,003,1148,101,105,0,105,0
2021-10-31,Amador,005,37829,5577,5518,61,5579,64
2021-10-31,Butte,007,227075,20932,20689,3759,24448,281
2021-10-31,Calaveras,009,45235,4076,4052,54,4106,82
2021-10-31,Colusa,011,21464,2516,2493,641,3134,18
2021-10-31,Contra Costa,013,1133247,99528,98936,2199,101135,1025
2021-10-31,Del Norte,015,27424,3683,3591,54,3645,42
2021-10-31,El Dorado,017,186661,16051,15841,1685,17526,154
2021-10-31,Fresno,019,978130,139982,138165,12614,150779,2147
2021-10-31,Glenn,021,27897,3500,3459,983,4442,33
2021-10-31,Humboldt,023,135768,9013,8919,559,9478,108
2021-10-31,Imperial,025,180216,33629,33334,3426,36760,766
2021-10-31,Inyo,027,18085,2351,2309,41,2350,41
2021-10-31,Kern,029,883053,127477,125917,22151,148068,1666
2021-10-31,Kings,031,150075,32252,31814,1940,33754,338
2021-10-31,Lake,033,64148,6737,6665,149,6814,106
2021-10-31,Lassen,035,31185,6864,6768,370,7138,42
2021-10-31,Los Angeles,037,10098052,1437638,1427933,54431,1482364,26474
2021-10-31,Madera,039,155013,23134,22744,2116,24860,283
2021-10-31,Marin,041,260295,17566,17443,454,17897,247
2021-10-31,Mariposa,043,17540,1292,1257,46,1303,5
2021-10-31,Mendocino,045,87422,7539,7403,536,7939,84
2021-10-31,Merced,047,269075,41979,41699,1805,43504,589
2021-10-31,Modoc,049,8938,535,517,189,706,5
2021-10-31,Mono,051,14174,1719,1711,22,1733,3
2021-10-31,Monterey,053,433212,48751,47744,2924,50668,596
2021-10-31,Napa,055,140530,12985,12906,112,13018,101
2021-10-31,Nevada,057,99092,9190,9084,319,9403,91
2021-10-31,Orange,059,3164182,307317,305032,15139,320171,5596
2021-10-31,Placer,061,380077,37119,36698,3650,40348,435
2021-10-31,Plumas,063,18699,1776,1716,34,1750,7
2021-10-31,Riverside,065,2383286,363404,359005,16460,375465,5104
2021-10-31,Sacramento,067,1510023,158959,157667,4601,162268,2243
2021-10-31,San Benito,069,59416,7417,7397,169,7566,73
2021-10-31,San Bernardino,071,2135413,354152,351411,11167,362578,5810
2021-10-31,San Diego,073,3302833,373997,371603,21766,393369,4218
2021-10-31,San Francisco,075,870044,52920,52370,2339,54709,661
2021-10-31,San Joaquin,077,732212,99698,98893,5435,104328,1772
2021-10-31,San Luis Obispo,079,281455,29587,29176,1241,30417,343
2021-10-31,San Mateo,081,765935,54233,53284,874,54158,571
2021-10-31,Santa Barbara,083,443738,44372,44113,1614,45727,529
2021-10-31,Santa Clara,085,1922200,147069,145829,1336,147165,1908
2021-10-31,Santa Cruz,087,273765,20385,20218,1011,21229,221
2021-10-31,Shasta,089,179085,21421,21086,3596,24682,338
2021-10-31,Sierra,091,2930,185,180,20,200,0
2021-10-31,Siskiyou,093,43540,3332,3271,1290,4561,46
2021-10-31,Solano,095,438530,45961,45310,1264,46574,350
2021-10-31,Sonoma,097,501317,41461,41183,526,41709,395
2021-10-31,Stanislaus,099,539301,78256,78426,8829,87255,1193
2021-10-31,Sutter,101,95872,13928,13838,345,14183,179
2021-10-31,Tehama,103,63373,8512,8391,1487,9878,116
2021-10-31,Trinity,105,12862,856,724,216,940,11
2021-10-31,Tulare,107,460477,68491,67310,15055,82365,1002
2021-10-31,Tuolumne,109,53932,7231,7141,95,7236,90
2021-10-31,Ventura,111,848112,98110,97460,4315,101775,1178
2021-10-31,Yolo,113,214977,19846,19662,1131,20793,250
2021-10-31,Yuba,115,75493,10128,10051,322,10373,83
2021-10-30,Alameda,001,1643700,119669,118632,2815,121447,1419
2021-10-30,Alpine,003,1148,101,105,0,105,0
2021-10-30,Amador,005,37829,5568,5480,60,5540,64
2021-10-30,Butte,007,227075,20917,20516,3753,24269,277
2021-10-30,Calaveras,009,45235,4069,3992,54,4046,82
2021-10-30,Colusa,011,21464,2516,2484,640,3124,19
2021-10-30,Contra Costa,013,1133247,99464,98562,2198,100760,1024
2021-10-30,Del Norte,015,27424,3680,3574,54,3628,42
2021-10-30,El Dorado,017,186661,16035,15752,1680,17432,154
2021-10-30,Fresno,019,978130,139838,136901,12607,149508,2131
2021-10-30,Glenn,021,27897,3496,3442,983,4425,33
2021-10-30,Humboldt,023,135768,8998,8871,557,9428,105
2021-10-30,Imperial,025,180216,33584,33156,3422,36578,766
2021-10-30,Inyo,027,18085,2348,2249,41,2290,41
2021-10-30,Kern,029,883053,127324,124892,22080,146972,1653
2021-10-30,Kings,031,150075,32218,31578,1936,33514,337
2021-10-30,Lake,033,64148,6732,6610,149,6759,106
2021-10-30,Lassen,035,31185,6858,6719,368,7087,42
2021-10-30,Los Angeles,037,10098052,1436917,1424257,54377,1478634,26625
2021-10-30,Madera,039,155013,23090,22524,2111,24635,283
2021-10-30,Marin,041,260295,17551,17380,452,17832,247
2021-10-30,Mariposa,043,17540,1289,1228,46,1274,5
2021-10-30,Mendocino,045,87422,7516,7338,534,7872,84
2021-10-30,Merced,047,269075,41939,41428,1803,43231,586
2021-10-30,Modoc,049,8938,533,513,188,701,5
2021-10-30,Mono,051,14174,1719,1684,22,1706,3
2021-10-30,Monterey,053,433212,48734,47649,2918,50567,588
2021-10-30,Napa,055,140530,12971,12863,111,12974,101
2021-10-30,Nevada,057,99092,9171,9015,319,9334,91
2021-10-30,Orange,059,3164182,307138,304120,15117,319237,5588
2021-10-30,Placer,061,380077,37073,36400,3644,40044,434
2021-10-30,Plumas,063,18699,1771,1695,34,1729,7
2021-10-30,Riverside,065,2383286,363104,357645,16451,374096,5088
2021-10-30,Sacramento,067,1510023,158800,157125,4592,161717,2233
2021-10-30,San Benito,069,59416,7410,7362,169,7531,71
2021-10-30,San Bernardino,071,2135413,353874,350076,11153,361229,5777
2021-10-30,San Diego,073,3302833,373623,370006,21744,391750,4213
2021-10-30,San Francisco,075,870044,52891,52161,2337,54498,661
2021-10-30,San Joaquin,077,732212,99642,98314,5434,103748,1768
2021-10-30,San Luis Obispo,079,281455,29555,29053,1238,30291,341
2021-10-30,San Mateo,081,765935,54193,53083,874,53957,571
2021-10-30,Santa Barbara,083,443738,44337,43972,1613,45585,528
2021-10-30,Santa Clara,085,1922200,146964,145262,1332,146594,1903
2021-10-30,Santa Cruz,087,273765,20367,20134,1009,21143,221
2021-10-30,Shasta,089,179085,21377,20878,3590,24468,332
2021-10-30,Sierra,091,2930,185,175,20,195,0
2021-10-30,Siskiyou,093,43540,3331,3257,1287,4544,46
2021-10-30,Solano,095,438530,45940,45146,1262,46408,346
2021-10-30,Sonoma,097,501317,41422,40924,526,41450,393
2021-10-30,Stanislaus,099,539301,78186,77871,8822,86693,1191
2021-10-30,Sutter,101,95872,13915,13773,345,14118,178
2021-10-30,Tehama,103,63373,8501,8307,1482,9789,114
2021-10-30,Trinity,105,12862,854,708,215,923,11
2021-10-30,Tulare,107,460477,68420,66745,15008,81753,995
2021-10-30,Tuolumne,109,53932,7207,7050,94,7144,90
2021-10-30,Ventura,111,848112,98061,97182,4312,101494,1174
2021-10-30,Yolo,113,214977,19827,19568,1129,20697,250
2021-10-30,Yuba,115,75493,10117,9969,322,10291,82
2021-10-29,Alameda,001,1643700,119590,118632,2810,121442,1419
2021-10-29,Alpine,003,1148,101,105,0,105,0
2021-10-29,Amador,005,37829,5557,5480,60,5540,64
2021-10-29,Butte,007,227075,20893,20516,3743,24259,277
2021-10-29,Calaveras,009,45235,4062,3992,54,4046,82
2021-10-29,Colusa,011,21464,2516,2484,638,3122,19
2021-10-29,Contra Costa,013,1133247,99394,98562,2196,100758,1024
2021-10-29,Del Norte,015,27424,3673,3574,54,3628,42
2021-10-29,El Dorado,017,186661,16021,15752,1680,17432,154
2021-10-29,Fresno,019,978130,139623,136901,12593,149494,2131
2021-10-29,Glenn,021,27897,3495,3442,982,4424,33
2021-10-29,Humboldt,023,135768,8993,8871,556,9427,105
2021-10-29,Imperial,025,180216,33557,33156,3419,36575,766
2021-10-29,Inyo,027,18085,2345,2249,41,2290,41
2021-10-29,Kern,029,883053,127147,124892,21990,146882,1653
2021-10-29,Kings,031,150075,32184,31578,1934,33512,337
2021-10-29,Lake,033,64148,6723,6610,146,6756,106
2021-10-29,Lassen,035,31185,6849,6719,365,7084,42
2021-10-29,Los Angeles,037,10098052,1436072,1424257,54333,1478590,26625
2021-10-29,Madera,039,155013,23038,22524,2106,24630,283
2021-10-29,Marin,041,260295,17535,17380,451,17831,247
2021-10-29,Mariposa,043,17540,1285,1228,46,1274,5
2021-10-29,Mendocino,045,87422,7508,7338,534,7872,84
2021-10-29,Merced,047,269075,41889,41428,1797,43225,586
2021-10-29,Modoc,049,8938,531,513,187,700,5
2021-10-29,Mono,051,14174,1717,1684,22,1706,3
2021-10-29,Monterey,053,433212,48711,47649,2918,50567,588
2021-10-29,Napa,055,140530,12950,12863,111,12974,101
2021-10-29,Nevada,057,99092,9159,9015,319,9334,91
2021-10-29,Orange,059,3164182,306913,304120,15097,319217,5588
2021-10-29,Placer,061,380077,37037,36400,3633,40033,434
2021-10-29,Plumas,063,18699,1765,1695,34,1729,7
2021-10-29,Riverside,065,2383286,362770,357645,16446,374091,5088
2021-10-29,Sacramento,067,1510023,158612,157125,4583,161708,2233
2021-10-29,San Benito,069,59416,7407,7362,169,7531,71
2021-10-29,San Bernardino,071,2135413,353576,350076,11144,361220,5777
2021-10-29,San Diego,073,3302833,373247,370006,21716,391722,4213
2021-10-29,San Francisco,075,870044,52832,52161,2331,54492,661
2021-10-29,San Joaquin,077,732212,99585,98314,5429,103743,1768
2021-10-29,San Luis Obispo,079,281455,29529,29053,1236,30289,341
2021-10-29,San Mateo,081,765935,54150,53083,872,53955,571
2021-10-29,Santa Barbara,083,443738,44297,43972,1610,45582,528
2021-10-29,Santa Clara,085,1922200,146849,145262,1325,146587,1903
2021-10-29,Santa Cruz,087,273765,20360,20134,1008,21142,221
2021-10-29,Shasta,089,179085,21338,20878,3584,24462,332
2021-10-29,Sierra,091,2930,183,175,20,195,0
2021-10-29,Siskiyou,093,43540,3331,3257,1286,4543,46
2021-10-29,Solano,095,438530,45903,45146,1261,46407,346
2021-10-29,Sonoma,097,501317,41401,40924,526,41450,393
2021-10-29,Stanislaus,099,539301,78100,77871,8811,86682,1191
2021-10-29,Sutter,101,95872,13896,13773,345,14118,178
2021-10-29,Tehama,103,63373,8488,8307,1481,9788,114
2021-10-29,Trinity,105,12862,853,708,215,923,11
2021-10-29,Tulare,107,460477,68315,66745,14962,81707,995
2021-10-29,Tuolumne,109,53932,7194,7050,94,7144,90
2021-10-29,Ventura,111,848112,98006,97182,4308,101490,1174
2021-10-29,Yolo,113,214977,19809,19568,1124,20692,250
2021-10-29,Yuba,115,75493,10109,9969,318,10287,82
2021-10-28,Alameda,001,1643700,119464,118632,2803,121435,1419
2021-10-28,Alpine,003,1148,101,105,0,105,0
2021-10-28,Amador,005,37829,5544,5480,60,5540,64
2021-10-28,Butte,007,227075,20850,20516,3734,24250,277
2021-10-28,Calaveras,009,45235,4049,3992,54,4046,82
2021-10-28,Colusa,011,21464,2513,2484,637,3121,19
2021-10-28,Contra Costa,013,1133247,99263,98562,2191,100753,1024
2021-10-28,Del Norte,015,27424,3672,3574,54,3628,42
2021-10-28,El Dorado,017,186661,15995,15752,1677,17429,154
2021-10-28,Fresno,019,978130,139291,136901,12562,149463,2131
2021-10-28,Glenn,021,27897,3492,3442,980,4422,33
2021-10-28,Humboldt,023,135768,8977,8871,551,9422,105
2021-10-28,Imperial,025,180216,33492,33156,3412,36568,766
2021-10-28,Inyo,027,18085,2328,2249,41,2290,41
2021-10-28,Kern,029,883053,126899,124892,21876,146768,1653
2021-10-28,Kings,031,150075,32115,31578,1929,33507,337
2021-10-28,Lake,033,64148,6713,6610,146,6756,106
2021-10-28,Lassen,035,31185,6839,6719,361,7080,42
2021-10-28,Los Angeles,037,10098052,1434935,1424257,54260,1478517,26625
2021-10-28,Madera,039,155013,22984,22524,2095,24619,283
2021-10-28,Marin,041,260295,17517,17380,450,17830,247
2021-10-28,Mariposa,043,17540,1281,1228,46,1274,5
2021-10-28,Mendocino,045,87422,7495,7338,523,7861,84
2021-10-28,Merced,047,269075,41804,41428,1786,43214,586
2021-10-28,Modoc,049,8938,530,513,187,700,5
2021-10-28,Mono,051,14174,1711,1684,22,1706,3
2021-10-28,Monterey,053,433212,48680,47649,2900,50549,588
2021-10-28,Napa,055,140530,12941,12863,110,12973,101
2021-10-28,Nevada,057,99092,9141,9015,319,9334,91
2021-10-28,Orange,059,3164182,306626,304120,15032,319152,5588
2021-10-28,Placer,061,380077,36958,36400,3624,40024,434
2021-10-28,Plumas,063,18699,1757,1695,34,1729,7
2021-10-28,Riverside,065,2383286,362332,357645,16422,374067,5088
2021-10-28,Sacramento,067,1510023,158346,157125,4571,161696,2233
2021-10-28,San Benito,069,59416,7399,7362,169,7531,71
2021-10-28,San Bernardino,071,2135413,353160,350076,11122,361198,5777
2021-10-28,San Diego,073,3302833,372774,370006,21693,391699,4213
2021-10-28,San Francisco,075,870044,52786,52161,2324,54485,661
2021-10-28,San Joaquin,077,732212,99457,98314,5428,103742,1768
2021-10-28,San Luis Obispo,079,281455,29500,29053,1233,30286,341
2021-10-28,San Mateo,081,765935,54105,53083,870,53953,571
2021-10-28,Santa Barbara,083,443738,44258,43972,1608,45580,528
2021-10-28,Santa Clara,085,1922200,146691,145262,1320,146582,1903
2021-10-28,Santa Cruz,087,273765,20336,20134,1008,21142,221
2021-10-28,Shasta,089,179085,21263,20878,3577,24455,332
2021-10-28,Sierra,091,2930,182,175,20,195,0
2021-10-28,Siskiyou,093,43540,3330,3257,1286,4543,46
2021-10-28,Solano,095,438530,45864,45146,1260,46406,346
2021-10-28,Sonoma,097,501317,41333,40924,525,41449,393
2021-10-28,Stanislaus,099,539301,77948,77871,8795,86666,1191
2021-10-28,Sutter,101,95872,13883,13773,341,14114,178
2021-10-28,Tehama,103,63373,8450,8307,1478,9785,114
2021-10-28,Trinity,105,12862,850,708,215,923,11
2021-10-28,Tulare,107,460477,68175,66745,14904,81649,995
2021-10-28,Tuolumne,109,53932,7163,7050,94,7144,90
2021-10-28,Ventura,111,848112,97921,97182,4305,101487,1174
2021-10-28,Yolo,113,214977,19771,19568,1119,20687,250
2021-10-28,Yuba,115,75493,10080,9969,315,10284,82
2021-10-27,Alameda,001,1643700,119341,118487,2801,121288,1414
2021-10-27,Alpine,003,1148,101,105,0,105,0
2021-10-27,Amador,005,37829,5532,5470,59,5529,64
2021-10-27,Butte,007,227075,20806,20446,3720,24166,274
2021-10-27,Calaveras,009,45235,4031,3970,53,4023,82
2021-10-27,Colusa,011,21464,2512,2480,636,3116,18
2021-10-27,Contra Costa,013,1133247,99155,98442,2179,100621,1018
2021-10-27,Del Norte,015,27424,3665,3571,53,3624,42
2021-10-27,El Dorado,017,186661,15964,15723,1672,17395,154
2021-10-27,Fresno,019,978130,138910,136447,12529,148976,2128
2021-10-27,Glenn,021,27897,3489,3435,979,4414,33
2021-10-27,Humboldt,023,135768,8957,8851,549,9400,105
2021-10-27,Imperial,025,180216,33453,33068,3407,36475,766
2021-10-27,Inyo,027,18085,2308,2236,41,2277,41
2021-10-27,Kern,029,883053,126629,124557,21776,146333,1647
2021-10-27,Kings,031,150075,32049,31437,1924,33361,335
2021-10-27,Lake,033,64148,6686,6589,146,6735,105
2021-10-27,Lassen,035,31185,6825,6706,359,7065,42
2021-10-27,Los Angeles,037,10098052,1433703,1422615,54201,1476816,26604
2021-10-27,Madera,039,155013,22899,22413,2071,24484,283
2021-10-27,Marin,041,260295,17502,17362,450,17812,247
2021-10-27,Mariposa,043,17540,1268,1228,46,1274,5
2021-10-27,Mendocino,045,87422,7481,7321,516,7837,84
2021-10-27,Merced,047,269075,41706,41310,1772,43082,583
2021-10-27,Modoc,049,8938,526,513,187,700,5
2021-10-27,Mono,051,14174,1708,1682,22,1704,3
2021-10-27,Monterey,053,433212,48642,47610,2878,50488,588
2021-10-27,Napa,055,140530,12926,12856,109,12965,101
2021-10-27,Nevada,057,99092,9124,8987,318,9305,90
2021-10-27,Orange,059,3164182,306306,303825,14981,318806,5584
2021-10-27,Placer,061,380077,36892,36296,3617,39913,434
2021-10-27,Plumas,063,18699,1749,1686,34,1720,7
2021-10-27,Riverside,065,2383286,361903,357152,16414,373566,5081
2021-10-27,Sacramento,067,1510023,158078,156830,4550,161380,2230
2021-10-27,San Benito,069,59416,7393,7337,169,7506,71
2021-10-27,San Bernardino,071,2135413,352738,349624,11100,360724,5770
2021-10-27,San Diego,073,3302833,372198,369579,21669,391248,4207
2021-10-27,San Francisco,075,870044,52734,52108,2320,54428,655
2021-10-27,San Joaquin,077,732212,99297,98168,5413,103581,1753
2021-10-27,San Luis Obispo,079,281455,29461,29002,1231,30233,341
2021-10-27,San Mateo,081,765935,54050,53032,862,53894,571
2021-10-27,Santa Barbara,083,443738,44205,43901,1605,45506,527
2021-10-27,Santa Clara,085,1922200,146514,145081,1312,146393,1902
2021-10-27,Santa Cruz,087,273765,20309,20091,1006,21097,221
2021-10-27,Shasta,089,179085,21187,20813,3569,24382,331
2021-10-27,Sierra,091,2930,181,176,20,196,0
2021-10-27,Siskiyou,093,43540,3327,3256,1282,4538,46
2021-10-27,Solano,095,438530,45819,45089,1252,46341,346
2021-10-27,Sonoma,097,501317,41257,40829,523,41352,393
2021-10-27,Stanislaus,099,539301,77788,77687,8781,86468,1191
2021-10-27,Sutter,101,95872,13869,13754,341,14095,177
2021-10-27,Tehama,103,63373,8428,8265,1476,9741,113
2021-10-27,Trinity,105,12862,850,706,214,920,11
2021-10-27,Tulare,107,460477,68021,66568,14846,81414,991
2021-10-27,Tuolumne,109,53932,7136,7009,93,7102,90
2021-10-27,Ventura,111,848112,97829,97108,4300,101408,1172
2021-10-27,Yolo,113,214977,19742,19517,1112,20629,250
2021-10-27,Yuba,115,75493,10059,9945,313,10258,82
2021-10-26,Alameda,001,1643700,119204,118360,2798,121158,1407
2021-10-26,Alpine,003,1148,101,105,0,105,0
2021-10-26,Amador,005,37829,5524,5465,58,5523,64
2021-10-26,Butte,007,227075,20748,20387,3703,24090,274
2021-10-26,Calaveras,009,45235,4020,3966,53,4019,81
2021-10-26,Colusa,011,21464,2510,2478,635,3113,18
2021-10-26,Contra Costa,013,1133247,99032,98352,2169,100521,1017
2021-10-26,Del Norte,015,27424,3660,3563,53,3616,42
2021-10-26,El Dorado,017,186661,15936,15690,1663,17353,153
2021-10-26,Fresno,019,978130,138465,136211,12484,148695,2122
2021-10-26,Glenn,021,27897,3474,3431,976,4407,33
2021-10-26,Humboldt,023,135768,8939,8830,543,9373,105
2021-10-26,Imperial,025,180216,33388,33012,3402,36414,766
2021-10-26,Inyo,027,18085,2293,2200,41,2241,41
2021-10-26,Kern,029,883053,126286,124351,21655,146006,1645
2021-10-26,Kings,031,150075,31982,31382,1917,33299,336
2021-10-26,Lake,033,64148,6676,6584,144,6728,105
2021-10-26,Lassen,035,31185,6805,6689,357,7046,42
2021-10-26,Los Angeles,037,10098052,1432354,1421795,54130,1475925,26599
2021-10-26,Madera,039,155013,22809,22363,2060,24423,283
2021-10-26,Marin,041,260295,17485,17354,449,17803,244
2021-10-26,Mariposa,043,17540,1263,1225,45,1270,5
2021-10-26,Mendocino,045,87422,7452,7308,499,7807,83
2021-10-26,Merced,047,269075,41628,41267,1765,43032,583
2021-10-26,Modoc,049,8938,526,513,187,700,5
2021-10-26,Mono,051,14174,1703,1680,22,1702,3
2021-10-26,Monterey,053,433212,48604,47572,2867,50439,588
2021-10-26,Napa,055,140530,12914,12849,109,12958,101
2021-10-26,Nevada,057,99092,9093,8971,317,9288,90
2021-10-26,Orange,059,3164182,306037,303533,14942,318475,5580
2021-10-26,Placer,061,380077,36794,36245,3611,39856,434
2021-10-26,Plumas,063,18699,1740,1645,34,1679,7
2021-10-26,Riverside,065,2383286,361413,356775,16404,373179,5068
2021-10-26,Sacramento,067,1510023,157777,156643,4533,161176,2228
2021-10-26,San Benito,069,59416,7370,7325,169,7494,71
2021-10-26,San Bernardino,071,2135413,352315,349346,11085,360431,5764
2021-10-26,San Diego,073,3302833,371679,369043,21639,390682,4198
2021-10-26,San Francisco,075,870044,52659,52063,2316,54379,655
2021-10-26,San Joaquin,077,732212,99120,98036,5398,103434,1748
2021-10-26,San Luis Obispo,079,281455,29422,28928,1225,30153,337
2021-10-26,San Mateo,081,765935,53978,52974,859,53833,571
2021-10-26,Santa Barbara,083,443738,44159,43835,1604,45439,525
2021-10-26,Santa Clara,085,1922200,146315,144932,1306,146238,1903
2021-10-26,Santa Cruz,087,273765,20278,20067,1005,21072,221
2021-10-26,Shasta,089,179085,21127,20725,3551,24276,330
2021-10-26,Sierra,091,2930,181,169,20,189,0
2021-10-26,Siskiyou,093,43540,3321,3254,1280,4534,46
2021-10-26,Solano,095,438530,45762,45044,1251,46295,344
2021-10-26,Sonoma,097,501317,41175,40794,521,41315,393
2021-10-26,Stanislaus,099,539301,77612,77552,8756,86308,1157
2021-10-26,Sutter,101,95872,13839,13739,340,14079,176
2021-10-26,Tehama,103,63373,8399,8247,1470,9717,112
2021-10-26,Trinity,105,12862,846,705,214,919,11
2021-10-26,Tulare,107,460477,67861,66476,14784,81260,991
2021-10-26,Tuolumne,109,53932,7110,6995,91,7086,90
2021-10-26,Ventura,111,848112,97720,97014,4296,101310,1170
2021-10-26,Yolo,113,214977,19714,19490,1109,20599,248
2021-10-26,Yuba,115,75493,10041,9927,308,10235,82
2021-10-25,Alameda,001,1643700,119055,118319,2796,121115,1404
2021-10-25,Alpine,003,1148,101,105,0,105,0
2021-10-25,Amador,005,37829,5510,5455,58,5513,64
2021-10-25,Butte,007,227075,20674,20331,3695,24026,273
2021-10-25,Calaveras,009,45235,3990,3942,52,3994,82
2021-10-25,Colusa,011,21464,2508,2471,633,3104,18
2021-10-25,Contra Costa,013,1133247,98913,98267,2164,100431,1017
2021-10-25,Del Norte,015,27424,3653,3562,53,3615,42
2021-10-25,El Dorado,017,186661,15901,15663,1661,17324,149
2021-10-25,Fresno,019,978130,138030,135974,12443,148417,2112
2021-10-25,Glenn,021,27897,3472,3421,975,4396,33
2021-10-25,Humboldt,023,135768,8915,8825,538,9363,105
2021-10-25,Imperial,025,180216,33327,32968,3391,36359,766
2021-10-25,Inyo,027,18085,2275,2183,41,2224,41
2021-10-25,Kern,029,883053,125934,124078,21516,145594,1649
2021-10-25,Kings,031,150075,31893,31329,1908,33237,335
2021-10-25,Lake,033,64148,6663,6571,144,6715,105
2021-10-25,Lassen,035,31185,6794,6688,355,7043,42
2021-10-25,Los Angeles,037,10098052,1430990,1421061,54064,1475125,26579
2021-10-25,Madera,039,155013,22755,22325,2052,24377,281
2021-10-25,Marin,041,260295,17463,17334,447,17781,244
2021-10-25,Mariposa,043,17540,1249,1220,45,1265,5
2021-10-25,Mendocino,045,87422,7422,7296,495,7791,82
2021-10-25,Merced,047,269075,41560,41207,1738,42945,583
2021-10-25,Modoc,049,8938,524,512,185,697,5
2021-10-25,Mono,051,14174,1695,1677,22,1699,3
2021-10-25,Monterey,053,433212,48572,47547,2865,50412,587
2021-10-25,Napa,055,140530,12901,12841,109,12950,100
2021-10-25,Nevada,057,99092,9067,8958,317,9275,90
2021-10-25,Orange,059,3164182,305739,303279,14904,318183,5574
2021-10-25,Placer,061,380077,36687,36153,3601,39754,431
2021-10-25,Plumas,063,18699,1728,1641,34,1675,7
2021-10-25,Riverside,065,2383286,360986,356381,16389,372770,5056
2021-10-25,Sacramento,067,1510023,157471,156516,4507,161023,2235
2021-10-25,San Benito,069,59416,7356,7314,168,7482,71
2021-10-25,San Bernardino,071,2135413,351817,349075,11073,360148,5748
2021-10-25,San Diego,073,3302833,371093,368386,21611,389997,4196
2021-10-25,San Francisco,075,870044,52585,52041,2309,54350,649
2021-10-25,San Joaquin,077,732212,98917,97980,5389,103369,1740
2021-10-25,San Luis Obispo,079,281455,29374,28907,1220,30127,336
2021-10-25,San Mateo,081,765935,53917,52927,855,53782,571
2021-10-25,Santa Barbara,083,443738,44100,43775,1604,45379,525
2021-10-25,Santa Clara,085,1922200,146125,144895,1301,146196,1901
2021-10-25,Santa Cruz,087,273765,20250,20053,1004,21057,221
2021-10-25,Shasta,089,179085,21055,20666,3544,24210,326
2021-10-25,Sierra,091,2930,181,168,20,188,0
2021-10-25,Siskiyou,093,43540,3317,3248,1275,4523,46
2021-10-25,Solano,095,438530,45702,45022,1249,46271,344
2021-10-25,Sonoma,097,501317,41102,40746,519,41265,393
2021-10-25,Stanislaus,099,539301,77419,77452,8727,86179,1145
2021-10-25,Sutter,101,95872,13826,13721,337,14058,176
2021-10-25,Tehama,103,63373,8372,8224,1466,9690,111
2021-10-25,Trinity,105,12862,841,699,213,912,11
2021-10-25,Tulare,107,460477,67667,66357,14721,81078,986
2021-10-25,Tuolumne,109,53932,7076,6952,89,7041,90
2021-10-25,Ventura,111,848112,97629,96932,4293,101225,1167
2021-10-25,Yolo,113,214977,19665,19457,1105,20562,248
2021-10-25,Yuba,115,75493,10025,9924,304,10228,82
2021-10-24,Alameda,001,1643700,118922,117816,2791,120607,1397
2021-10-24,Alpine,003,1148,101,105,0,105,0
2021-10-24,Amador,005,37829,5505,5412,58,5470,64
2021-10-24,Butte,007,227075,20605,20101,3683,23784,273
2021-10-24,Calaveras,009,45235,3971,3865,51,3916,81
2021-10-24,Colusa,011,21464,2504,2458,630,3088,18
2021-10-24,Contra Costa,013,1133247,98794,97855,2155,100010,1008
2021-10-24,Del Norte,015,27424,3649,3540,53,3593,42
2021-10-24,El Dorado,017,186661,15865,15540,1657,17197,149
2021-10-24,Fresno,019,978130,137597,134466,12395,146861,2094
2021-10-24,Glenn,021,27897,3465,3399,973,4372,33
2021-10-24,Humboldt,023,135768,8902,8753,532,9285,105
2021-10-24,Imperial,025,180216,33249,32777,3383,36160,766
2021-10-24,Inyo,027,18085,2243,2108,41,2149,41
2021-10-24,Kern,029,883053,125601,122939,21397,144336,1636
2021-10-24,Kings,031,150075,31764,30942,1892,32834,325
2021-10-24,Lake,033,64148,6640,6501,143,6644,105
2021-10-24,Lassen,035,31185,6777,6632,354,6986,27
2021-10-24,Los Angeles,037,10098052,1429550,1415919,53996,1469915,26527
2021-10-24,Madera,039,155013,22678,22062,2038,24100,281
2021-10-24,Marin,041,260295,17447,17264,446,17710,244
2021-10-24,Mariposa,043,17540,1246,1184,45,1229,5
2021-10-24,Mendocino,045,87422,7398,7220,484,7704,82
2021-10-24,Merced,047,269075,41438,40808,1733,42541,581
2021-10-24,Modoc,049,8938,523,507,185,692,5
2021-10-24,Mono,051,14174,1690,1655,22,1677,3
2021-10-24,Monterey,053,433212,48524,47456,2854,50310,586
2021-10-24,Napa,055,140530,12890,12789,109,12898,100
2021-10-24,Nevada,057,99092,9044,8861,314,9175,90
2021-10-24,Orange,059,3164182,305390,302237,14866,317103,5546
2021-10-24,Placer,061,380077,36583,35822,3587,39409,426
2021-10-24,Plumas,063,18699,1718,1623,33,1656,7
2021-10-24,Riverside,065,2383286,360511,354688,16369,371057,5041
2021-10-24,Sacramento,067,1510023,157128,155125,4484,159609,2232
2021-10-24,San Benito,069,59416,7336,7280,168,7448,71
2021-10-24,San Bernardino,071,2135413,351269,347681,11062,358743,5688
2021-10-24,San Diego,073,3302833,370490,366085,21580,387665,4183
2021-10-24,San Francisco,075,870044,52522,51820,2303,54123,649
2021-10-24,San Joaquin,077,732212,98744,97440,5383,102823,1721
2021-10-24,San Luis Obispo,079,281455,29313,28755,1213,29968,333
2021-10-24,San Mateo,081,765935,53845,52719,855,53574,571
2021-10-24,Santa Barbara,083,443738,44034,43552,1602,45154,523
2021-10-24,Santa Clara,085,1922200,145934,144276,1291,145567,1897
2021-10-24,Santa Cruz,087,273765,20212,19967,1003,20970,221
2021-10-24,Shasta,089,179085,20955,20386,3538,23924,321
2021-10-24,Sierra,091,2930,181,168,20,188,0
2021-10-24,Siskiyou,093,43540,3310,3231,1271,4502,46
2021-10-24,Solano,095,438530,45652,44861,1244,46105,341
2021-10-24,Sonoma,097,501317,41018,40476,519,40995,393
2021-10-24,Stanislaus,099,539301,77227,76812,8715,85527,1145
2021-10-24,Sutter,101,95872,13799,13616,329,13945,175
2021-10-24,Tehama,103,63373,8324,8105,1454,9559,110
2021-10-24,Trinity,105,12862,837,696,210,906,11
2021-10-24,Tulare,107,460477,67495,65585,14648,80233,978
2021-10-24,Tuolumne,109,53932,7036,6840,87,6927,90
2021-10-24,Ventura,111,848112,97522,96664,4292,100956,1167
2021-10-24,Yolo,113,214977,19618,19280,1102,20382,248
2021-10-24,Yuba,115,75493,10000,9838,303,10141,82
2021-10-23,Alameda,001,1643700,118834,117816,2786,120602,1397
2021-10-23,Alpine,003,1148,101,105,0,105,0
2021-10-23,Amador,005,37829,5498,5412,58,5470,64
2021-10-23,Butte,007,227075,20570,20101,3674,23775,273
2021-10-23,Calaveras,009,45235,3964,3865,50,3915,81
2021-10-23,Colusa,011,21464,2502,2458,629,3087,18
2021-10-23,Contra Costa,013,1133247,98742,97855,2151,100006,1008
2021-10-23,Del Norte,015,27424,3647,3540,53,3593,42
2021-10-23,El Dorado,017,186661,15839,15540,1655,17195,149
2021-10-23,Fresno,019,978130,137419,134466,12383,146849,2094
2021-10-23,Glenn,021,27897,3463,3399,972,4371,33
2021-10-23,Humboldt,023,135768,8887,8753,527,9280,105
2021-10-23,Imperial,025,180216,33202,32777,3379,36156,766
2021-10-23,Inyo,027,18085,2232,2108,41,2149,41
2021-10-23,Kern,029,883053,125441,122939,21309,144248,1636
2021-10-23,Kings,031,150075,31718,30942,1890,32832,325
2021-10-23,Lake,033,64148,6635,6501,143,6644,105
2021-10-23,Lassen,035,31185,6774,6632,352,6984,27
2021-10-23,Los Angeles,037,10098052,1428874,1415919,53941,1469860,26527
2021-10-23,Madera,039,155013,22629,22062,2029,24091,281
2021-10-23,Marin,041,260295,17430,17264,445,17709,244
2021-10-23,Mariposa,043,17540,1243,1184,44,1228,5
2021-10-23,Mendocino,045,87422,7391,7220,483,7703,82
2021-10-23,Merced,047,269075,41397,40808,1731,42539,581
2021-10-23,Modoc,049,8938,521,507,185,692,5
2021-10-23,Mono,051,14174,1684,1655,22,1677,3
2021-10-23,Monterey,053,433212,48506,47456,2850,50306,586
2021-10-23,Napa,055,140530,12885,12789,109,12898,100
2021-10-23,Nevada,057,99092,9033,8861,312,9173,90
2021-10-23,Orange,059,3164182,305203,302237,14850,317087,5546
2021-10-23,Placer,061,380077,36521,35822,3581,39403,426
2021-10-23,Plumas,063,18699,1717,1623,33,1656,7
2021-10-23,Riverside,065,2383286,360191,354688,16362,371050,5041
2021-10-23,Sacramento,067,1510023,156999,155125,4475,159600,2232
2021-10-23,San Benito,069,59416,7326,7280,168,7448,71
2021-10-23,San Bernardino,071,2135413,351001,347681,11055,358736,5688
2021-10-23,San Diego,073,3302833,370132,366085,21549,387634,4183
2021-10-23,San Francisco,075,870044,52487,51820,2302,54122,649
2021-10-23,San Joaquin,077,732212,98676,97440,5374,102814,1721
2021-10-23,San Luis Obispo,079,281455,29276,28755,1211,29966,333
2021-10-23,San Mateo,081,765935,53807,52719,854,53573,571
2021-10-23,Santa Barbara,083,443738,44003,43552,1600,45152,523
2021-10-23,Santa Clara,085,1922200,145826,144276,1287,145563,1897
2021-10-23,Santa Cruz,087,273765,20200,19967,1003,20970,221
2021-10-23,Shasta,089,179085,20919,20386,3526,23912,321
2021-10-23,Sierra,091,2930,180,168,20,188,0
2021-10-23,Siskiyou,093,43540,3308,3231,1271,4502,46
2021-10-23,Solano,095,438530,45627,44861,1241,46102,341
2021-10-23,Sonoma,097,501317,40978,40476,519,40995,393
2021-10-23,Stanislaus,099,539301,77138,76812,8696,85508,1145
2021-10-23,Sutter,101,95872,13794,13616,328,13944,175
2021-10-23,Tehama,103,63373,8312,8105,1453,9558,110
2021-10-23,Trinity,105,12862,836,696,210,906,11
2021-10-23,Tulare,107,460477,67406,65585,14588,80173,978
2021-10-23,Tuolumne,109,53932,7015,6840,87,6927,90
2021-10-23,Ventura,111,848112,97461,96664,4292,100956,1167
2021-10-23,Yolo,113,214977,19601,19280,1099,20379,248
2021-10-23,Yuba,115,75493,9992,9838,303,10141,82
2021-10-22,Alameda,001,1643700,118747,117816,2783,120599,1397
2021-10-22,Alpine,003,1148,101,105,0,105,0
2021-10-22,Amador,005,37829,5487,5412,58,5470,64
2021-10-22,Butte,007,227075,20538,20101,3670,23771,273
2021-10-22,Calaveras,009,45235,3956,3865,50,3915,81
2021-10-22,Colusa,011,21464,2499,2458,629,3087,18
2021-10-22,Contra Costa,013,1133247,98651,97855,2149,100004,1008
2021-10-22,Del Norte,015,27424,3643,3540,53,3593,42
2021-10-22,El Dorado,017,186661,15826,15540,1653,17193,149
2021-10-22,Fresno,019,978130,137206,134466,12364,146830,2094
2021-10-22,Glenn,021,27897,3453,3399,972,4371,33
2021-10-22,Humboldt,023,135768,8874,8753,526,9279,105
2021-10-22,Imperial,025,180216,33159,32777,3379,36156,766
2021-10-22,Inyo,027,18085,2219,2108,41,2149,41
2021-10-22,Kern,029,883053,125254,122939,21236,144175,1636
2021-10-22,Kings,031,150075,31683,30942,1889,32831,325
2021-10-22,Lake,033,64148,6625,6501,143,6644,105
2021-10-22,Lassen,035,31185,6767,6632,349,6981,27
2021-10-22,Los Angeles,037,10098052,1428121,1415919,53881,1469800,26527
2021-10-22,Madera,039,155013,22580,22062,2016,24078,281
2021-10-22,Marin,041,260295,17418,17264,445,17709,244
2021-10-22,Mariposa,043,17540,1240,1184,44,1228,5
2021-10-22,Mendocino,045,87422,7377,7220,482,7702,82
2021-10-22,Merced,047,269075,41358,40808,1726,42534,581
2021-10-22,Modoc,049,8938,521,507,185,692,5
2021-10-22,Mono,051,14174,1682,1655,22,1677,3
2021-10-22,Monterey,053,433212,48473,47456,2848,50304,586
2021-10-22,Napa,055,140530,12879,12789,109,12898,100
2021-10-22,Nevada,057,99092,9016,8861,311,9172,90
2021-10-22,Orange,059,3164182,304987,302237,14819,317056,5546
2021-10-22,Placer,061,380077,36493,35822,3572,39394,426
2021-10-22,Plumas,063,18699,1711,1623,33,1656,7
2021-10-22,Riverside,065,2383286,359880,354688,16357,371045,5041
2021-10-22,Sacramento,067,1510023,156813,155125,4465,159590,2232
2021-10-22,San Benito,069,59416,7321,7280,168,7448,71
2021-10-22,San Bernardino,071,2135413,350672,347681,11041,358722,5688
2021-10-22,San Diego,073,3302833,369719,366085,21531,387616,4183
2021-10-22,San Francisco,075,870044,52452,51820,2295,54115,649
2021-10-22,San Joaquin,077,732212,98617,97440,5371,102811,1721
2021-10-22,San Luis Obispo,079,281455,29246,28755,1211,29966,333
2021-10-22,San Mateo,081,765935,53758,52719,847,53566,571
2021-10-22,Santa Barbara,083,443738,43962,43552,1600,45152,523
2021-10-22,Santa Clara,085,1922200,145670,144276,1280,145556,1897
2021-10-22,Santa Cruz,087,273765,20178,19967,1003,20970,221
2021-10-22,Shasta,089,179085,20887,20386,3523,23909,321
2021-10-22,Sierra,091,2930,179,168,19,187,0
2021-10-22,Siskiyou,093,43540,3306,3231,1268,4499,46
2021-10-22,Solano,095,438530,45592,44861,1237,46098,341
2021-10-22,Sonoma,097,501317,40921,40476,519,40995,393
2021-10-22,Stanislaus,099,539301,77035,76812,8677,85489,1145
2021-10-22,Sutter,101,95872,13779,13616,328,13944,175
2021-10-22,Tehama,103,63373,8290,8105,1448,9553,110
2021-10-22,Trinity,105,12862,835,696,210,906,11
2021-10-22,Tulare,107,460477,67319,65585,14534,80119,978
2021-10-22,Tuolumne,109,53932,6980,6840,87,6927,90
2021-10-22,Ventura,111,848112,97408,96664,4286,100950,1167
2021-10-22,Yolo,113,214977,19574,19280,1097,20377,248
2021-10-22,Yuba,115,75493,9978,9838,301,10139,82
2021-10-21,Alameda,001,1643700,118632,117816,2778,120594,1397
2021-10-21,Alpine,003,1148,101,105,0,105,0
2021-10-21,Amador,005,37829,5479,5412,58,5470,64
2021-10-21,Butte,007,227075,20455,20101,3657,23758,273
2021-10-21,Calaveras,009,45235,3937,3865,50,3915,81
2021-10-21,Colusa,011,21464,2495,2458,622,3080,18
2021-10-21,Contra Costa,013,1133247,98536,97855,2143,99998,1008
2021-10-21,Del Norte,015,27424,3637,3540,52,3592,42
2021-10-21,El Dorado,017,186661,15798,15540,1646,17186,149
2021-10-21,Fresno,019,978130,136858,134466,12318,146784,2094
2021-10-21,Glenn,021,27897,3449,3399,968,4367,33
2021-10-21,Humboldt,023,135768,8860,8753,522,9275,105
2021-10-21,Imperial,025,180216,33104,32777,3375,36152,766
2021-10-21,Inyo,027,18085,2197,2108,41,2149,41
2021-10-21,Kern,029,883053,125007,122939,21124,144063,1636
2021-10-21,Kings,031,150075,31585,30942,1883,32825,325
2021-10-21,Lake,033,64148,6612,6501,142,6643,105
2021-10-21,Lassen,035,31185,6754,6632,345,6977,27
2021-10-21,Los Angeles,037,10098052,1427008,1415919,53831,1469750,26527
2021-10-21,Madera,039,155013,22522,22062,2005,24067,281
2021-10-21,Marin,041,260295,17400,17264,445,17709,244
2021-10-21,Mariposa,043,17540,1234,1184,43,1227,5
2021-10-21,Mendocino,045,87422,7359,7220,474,7694,82
2021-10-21,Merced,047,269075,41256,40808,1719,42527,581
2021-10-21,Modoc,049,8938,521,507,185,692,5
2021-10-21,Mono,051,14174,1673,1655,22,1677,3
2021-10-21,Monterey,053,433212,48439,47456,2836,50292,586
2021-10-21,Napa,055,140530,12867,12789,109,12898,100
2021-10-21,Nevada,057,99092,8991,8861,311,9172,90
2021-10-21,Orange,059,3164182,304714,302237,14783,317020,5546
2021-10-21,Placer,061,380077,36404,35822,3559,39381,426
2021-10-21,Plumas,063,18699,1697,1623,33,1656,7
2021-10-21,Riverside,065,2383286,359434,354688,16346,371034,5041
2021-10-21,Sacramento,067,1510023,156494,155125,4440,159565,2232
2021-10-21,San Benito,069,59416,7314,7280,166,7446,71
2021-10-21,San Bernardino,071,2135413,350294,347681,11006,358687,5688
2021-10-21,San Diego,073,3302833,369194,366085,21501,387586,4183
2021-10-21,San Francisco,075,870044,52396,51820,2294,54114,649
2021-10-21,San Joaquin,077,732212,98478,97440,5364,102804,1721
2021-10-21,San Luis Obispo,079,281455,29204,28755,1209,29964,333
2021-10-21,San Mateo,081,765935,53712,52719,846,53565,571
2021-10-21,Santa Barbara,083,443738,43896,43552,1598,45150,523
2021-10-21,Santa Clara,085,1922200,145497,144276,1276,145552,1897
2021-10-21,Santa Cruz,087,273765,20154,19967,1001,20968,221
2021-10-21,Shasta,089,179085,20825,20386,3508,23894,321
2021-10-21,Sierra,091,2930,178,168,18,186,0
2021-10-21,Siskiyou,093,43540,3301,3231,1266,4497,46
2021-10-21,Solano,095,438530,45540,44861,1235,46096,341
2021-10-21,Sonoma,097,501317,40852,40476,517,40993,393
2021-10-21,Stanislaus,099,539301,76866,76812,8666,85478,1145
2021-10-21,Sutter,101,95872,13751,13616,324,13940,175
2021-10-21,Tehama,103,63373,8263,8105,1441,9546,110
2021-10-21,Trinity,105,12862,833,696,210,906,11
2021-10-21,Tulare,107,460477,67129,65585,14463,80048,978
2021-10-21,Tuolumne,109,53932,6942,6840,86,6926,90
2021-10-21,Ventura,111,848112,97317,96664,4284,100948,1167
2021-10-21,Yolo,113,214977,19527,19280,1095,20375,248
2021-10-21,Yuba,115,75493,9954,9838,300,10138,82
2021-10-20,Alameda,001,1643700,118507,117654,2777,120431,1390
2021-10-20,Alpine,003,1148,101,103,0,103,0
2021-10-20,Amador,005,37829,5471,5379,58,5437,64
2021-10-20,Butte,007,227075,20401,20021,3642,23663,270
2021-10-20,Calaveras,009,45235,3917,3844,49,3893,81
2021-10-20,Colusa,011,21464,2491,2454,620,3074,18
2021-10-20,Contra Costa,013,1133247,98421,97721,2139,99860,1008
2021-10-20,Del Norte,015,27424,3633,3536,52,3588,42
2021-10-20,El Dorado,017,186661,15768,15502,1643,17145,149
2021-10-20,Fresno,019,978130,136459,134025,12285,146310,2084
2021-10-20,Glenn,021,27897,3441,3382,967,4349,33
2021-10-20,Humboldt,023,135768,8838,8727,520,9247,105
2021-10-20,Imperial,025,180216,33030,32705,3367,36072,766
2021-10-20,Inyo,027,18085,2177,2077,40,2117,40
2021-10-20,Kern,029,883053,124713,122630,21003,143633,1623
2021-10-20,Kings,031,150075,31508,30805,1873,32678,322
2021-10-20,Lake,033,64148,6590,6475,141,6616,104
2021-10-20,Lassen,035,31185,6739,6622,345,6967,27
2021-10-20,Los Angeles,037,10098052,1425893,1414931,53755,1468686,26506
2021-10-20,Madera,039,155013,22452,21983,1996,23979,281
2021-10-20,Marin,041,260295,17379,17250,443,17693,244
2021-10-20,Mariposa,043,17540,1227,1174,43,1217,5
2021-10-20,Mendocino,045,87422,7331,7189,471,7660,82
2021-10-20,Merced,047,269075,41169,40685,1708,42393,581
2021-10-20,Modoc,049,8938,521,504,185,689,5
2021-10-20,Mono,051,14174,1673,1653,22,1675,3
2021-10-20,Monterey,053,433212,48409,47430,2827,50257,587
2021-10-20,Napa,055,140530,12853,12773,108,12881,100
2021-10-20,Nevada,057,99092,8963,8836,311,9147,90
2021-10-20,Orange,059,3164182,304430,301957,14761,316718,5534
2021-10-20,Placer,061,380077,36314,35729,3550,39279,425
2021-10-20,Plumas,063,18699,1690,1604,33,1637,7
2021-10-20,Riverside,065,2383286,358990,354311,16329,370640,5030
2021-10-20,Sacramento,067,1510023,156193,154822,4416,159238,2222
2021-10-20,San Benito,069,59416,7311,7275,164,7439,71
2021-10-20,San Bernardino,071,2135413,349892,347217,10974,358191,5663
2021-10-20,San Diego,073,3302833,368678,365698,21482,387180,4178
2021-10-20,San Francisco,075,870044,52346,51755,2293,54048,646
2021-10-20,San Joaquin,077,732212,98332,97246,5356,102602,1721
2021-10-20,San Luis Obispo,079,281455,29159,28727,1205,29932,332
2021-10-20,San Mateo,081,765935,53641,52663,838,53501,571
2021-10-20,Santa Barbara,083,443738,43833,43489,1597,45086,523
2021-10-20,Santa Clara,085,1922200,145361,144124,1271,145395,1896
2021-10-20,Santa Cruz,087,273765,20141,19951,1001,20952,219
2021-10-20,Shasta,089,179085,20764,20313,3481,23794,320
2021-10-20,Sierra,091,2930,178,168,18,186,0
2021-10-20,Siskiyou,093,43540,3301,3224,1260,4484,46
2021-10-20,Solano,095,438530,45508,44819,1233,46052,341
2021-10-20,Sonoma,097,501317,40805,40404,517,40921,393
2021-10-20,Stanislaus,099,539301,76716,76631,8647,85278,1145
2021-10-20,Sutter,101,95872,13727,13592,318,13910,175
2021-10-20,Tehama,103,63373,8232,8081,1430,9511,110
2021-10-20,Trinity,105,12862,833,693,209,902,11
2021-10-20,Tulare,107,460477,66955,65413,14418,79831,967
2021-10-20,Tuolumne,109,53932,6919,6803,86,6889,89
2021-10-20,Ventura,111,848112,97235,96610,4280,100890,1166
2021-10-20,Yolo,113,214977,19483,19236,1092,20328,248
2021-10-20,Yuba,115,75493,9937,9808,297,10105,82
2021-10-19,Alameda,001,1643700,118385,117542,2771,120313,1383
2021-10-19,Alpine,003,1148,101,103,0,103,0
2021-10-19,Amador,005,37829,5455,5367,58,5425,64
2021-10-19,Butte,007,227075,20348,19974,3634,23608,268
2021-10-19,Calaveras,009,45235,3900,3826,48,3874,80
2021-10-19,Colusa,011,21464,2488,2447,618,3065,18
2021-10-19,Contra Costa,013,1133247,98330,97613,2133,99746,1004
2021-10-19,Del Norte,015,27424,3626,3531,52,3583,42
2021-10-19,El Dorado,017,186661,15743,15478,1638,17116,149
2021-10-19,Fresno,019,978130,136100,133813,12236,146049,2073
2021-10-19,Glenn,021,27897,3438,3380,963,4343,33
2021-10-19,Humboldt,023,135768,8814,8714,514,9228,105
2021-10-19,Imperial,025,180216,32963,32632,3362,35994,764
2021-10-19,Inyo,027,18085,2146,2045,40,2085,40
2021-10-19,Kern,029,883053,124396,122391,20879,143270,1613
2021-10-19,Kings,031,150075,31414,30757,1866,32623,322
2021-10-19,Lake,033,64148,6586,6465,141,6606,104
2021-10-19,Lassen,035,31185,6733,6612,341,6953,27
2021-10-19,Los Angeles,037,10098052,1424653,1413882,53678,1467560,26473
2021-10-19,Madera,039,155013,22389,21950,1988,23938,281
2021-10-19,Marin,041,260295,17365,17241,440,17681,244
2021-10-19,Mariposa,043,17540,1221,1171,41,1212,5
2021-10-19,Mendocino,045,87422,7316,7172,468,7640,82
2021-10-19,Merced,047,269075,41053,40628,1688,42316,580
2021-10-19,Modoc,049,8938,519,502,185,687,5
2021-10-19,Mono,051,14174,1669,1651,22,1673,3
2021-10-19,Monterey,053,433212,48370,47412,2816,50228,583
2021-10-19,Napa,055,140530,12846,12769,108,12877,100
2021-10-19,Nevada,057,99092,8942,8829,310,9139,90
2021-10-19,Orange,059,3164182,304173,301700,14728,316428,5527
2021-10-19,Placer,061,380077,36193,35663,3535,39198,422
2021-10-19,Plumas,063,18699,1672,1586,33,1619,8
2021-10-19,Riverside,065,2383286,358569,353891,16321,370212,5020
2021-10-19,Sacramento,067,1510023,155887,154570,4390,158960,2227
2021-10-19,San Benito,069,59416,7295,7264,164,7428,71
2021-10-19,San Bernardino,071,2135413,349493,346814,10944,357758,5627
2021-10-19,San Diego,073,3302833,368085,365285,21451,386736,4170
2021-10-19,San Francisco,075,870044,52283,51704,2291,53995,645
2021-10-19,San Joaquin,077,732212,98165,97105,5345,102450,1721
2021-10-19,San Luis Obispo,079,281455,29111,28670,1202,29872,332
2021-10-19,San Mateo,081,765935,53583,52617,836,53453,571
2021-10-19,Santa Barbara,083,443738,43766,43413,1595,45008,522
2021-10-19,Santa Clara,085,1922200,145188,143989,1263,145252,1898
2021-10-19,Santa Cruz,087,273765,20117,19895,999,20894,218
2021-10-19,Shasta,089,179085,20687,20209,3473,23682,319
2021-10-19,Sierra,091,2930,175,168,18,186,0
2021-10-19,Siskiyou,093,43540,3297,3216,1255,4471,46
2021-10-19,Solano,095,438530,45466,44782,1227,46009,341
2021-10-19,Sonoma,097,501317,40731,40379,516,40895,392
2021-10-19,Stanislaus,099,539301,76574,76526,8635,85161,1145
2021-10-19,Sutter,101,95872,13703,13569,317,13886,174
2021-10-19,Tehama,103,63373,8202,8057,1414,9471,108
2021-10-19,Trinity,105,12862,826,691,209,900,11
2021-10-19,Tulare,107,460477,66768,65253,14349,79602,958
2021-10-19,Tuolumne,109,53932,6890,6782,85,6867,89
2021-10-19,Ventura,111,848112,97159,96539,4275,100814,1166
2021-10-19,Yolo,113,214977,19438,19206,1087,20293,248
2021-10-19,Yuba,115,75493,9919,9796,296,10092,82
2021-10-18,Alameda,001,1643700,118248,117506,2762,120268,1381
2021-10-18,Alpine,003,1148,101,103,0,103,0
2021-10-18,Amador,005,37829,5444,5345,58,5403,64
2021-10-18,Butte,007,227075,20298,19921,3626,23547,265
2021-10-18,Calaveras,009,45235,3875,3819,47,3866,80
2021-10-18,Colusa,011,21464,2487,2444,616,3060,18
2021-10-18,Contra Costa,013,1133247,98218,97585,2129,99714,995
2021-10-18,Del Norte,015,27424,3619,3529,52,3581,41
2021-10-18,El Dorado,017,186661,15712,15452,1635,17087,149
2021-10-18,Fresno,019,978130,135703,133688,12194,145882,2063
2021-10-18,Glenn,021,27897,3434,3370,958,4328,32
2021-10-18,Humboldt,023,135768,8795,8699,506,9205,104
2021-10-18,Imperial,025,180216,32872,32558,3361,35919,764
2021-10-18,Inyo,027,18085,2128,2020,40,2060,40
2021-10-18,Kern,029,883053,124097,122231,20783,143014,1605
2021-10-18,Kings,031,150075,31299,30698,1853,32551,320
2021-10-18,Lake,033,64148,6567,6455,137,6592,104
2021-10-18,Lassen,035,31185,6713,6607,338,6945,26
2021-10-18,Los Angeles,037,10098052,1423416,1413291,53600,1466891,26446
2021-10-18,Madera,039,155013,22335,21909,1975,23884,277
2021-10-18,Marin,041,260295,17345,17232,437,17669,244
2021-10-18,Mariposa,043,17540,1213,1160,41,1201,5
2021-10-18,Mendocino,045,87422,7297,7156,460,7616,82
2021-10-18,Merced,047,269075,40929,40573,1678,42251,579
2021-10-18,Modoc,049,8938,519,498,185,683,5
2021-10-18,Mono,051,14174,1663,1648,21,1669,3
2021-10-18,Monterey,053,433212,48348,47389,2811,50200,583
2021-10-18,Napa,055,140530,12831,12762,108,12870,100
2021-10-18,Nevada,057,99092,8923,8816,310,9126,90
2021-10-18,Orange,059,3164182,303834,301573,14694,316267,5524
2021-10-18,Placer,061,380077,36116,35598,3531,39129,420
2021-10-18,Plumas,063,18699,1664,1579,33,1612,6
2021-10-18,Riverside,065,2383286,358155,353699,16307,370006,5008
2021-10-18,Sacramento,067,1510023,155582,154428,4358,158786,2203
2021-10-18,San Benito,069,59416,7283,7253,164,7417,71
2021-10-18,San Bernardino,071,2135413,349070,346742,10930,357672,5606
2021-10-18,San Diego,073,3302833,367519,364948,21413,386361,4169
2021-10-18,San Francisco,075,870044,52220,51671,2285,53956,644
2021-10-18,San Joaquin,077,732212,98000,97041,5335,102376,1721
2021-10-18,San Luis Obispo,079,281455,29072,28644,1199,29843,331
2021-10-18,San Mateo,081,765935,53518,52594,835,53429,571
2021-10-18,Santa Barbara,083,443738,43707,43386,1593,44979,522
2021-10-18,Santa Clara,085,1922200,145033,143891,1254,145145,1895
2021-10-18,Santa Cruz,087,273765,20103,19876,997,20873,218
2021-10-18,Shasta,089,179085,20606,20146,3462,23608,313
2021-10-18,Sierra,091,2930,175,166,18,184,0
2021-10-18,Siskiyou,093,43540,3294,3210,1247,4457,42
2021-10-18,Solano,095,438530,45422,44758,1224,45982,339
2021-10-18,Sonoma,097,501317,40667,40349,513,40862,392
2021-10-18,Stanislaus,099,539301,76410,76466,8623,85089,1145
2021-10-18,Sutter,101,95872,13669,13557,315,13872,172
2021-10-18,Tehama,103,63373,8167,8042,1402,9444,107
2021-10-18,Trinity,105,12862,825,688,209,897,11
2021-10-18,Tulare,107,460477,66592,65171,14283,79454,958
2021-10-18,Tuolumne,109,53932,6861,6755,85,6840,89
2021-10-18,Ventura,111,848112,97064,96506,4272,100778,1165
2021-10-18,Yolo,113,214977,19400,19197,1084,20281,248
2021-10-18,Yuba,115,75493,9892,9782,294,10076,82
2021-10-17,Alameda,001,1643700,118097,117423,2757,120180,1376
2021-10-17,Alpine,003,1148,101,103,0,103,0
2021-10-17,Amador,005,37829,5421,5341,57,5398,64
2021-10-17,Butte,007,227075,20213,19897,3617,23514,265
2021-10-17,Calaveras,009,45235,3859,3805,47,3852,80
2021-10-17,Colusa,011,21464,2482,2442,609,3051,18
2021-10-17,Contra Costa,013,1133247,98094,97485,2118,99603,995
2021-10-17,Del Norte,015,27424,3614,3526,52,3578,41
2021-10-17,El Dorado,017,186661,15654,15438,1628,17066,149
2021-10-17,Fresno,019,978130,135234,133429,12155,145584,2063
2021-10-17,Glenn,021,27897,3424,3364,955,4319,32
2021-10-17,Humboldt,023,135768,8775,8690,503,9193,104
2021-10-17,Imperial,025,180216,32790,32520,3354,35874,764
2021-10-17,Inyo,027,18085,2100,2000,40,2040,40
2021-10-17,Kern,029,883053,123748,122085,20683,142768,1603
2021-10-17,Kings,031,150075,31186,30636,1844,32480,315
2021-10-17,Lake,033,64148,6551,6437,136,6573,104
2021-10-17,Lassen,035,31185,6701,6605,334,6939,26
2021-10-17,Los Angeles,037,10098052,1422079,1412371,53524,1465895,26443
2021-10-17,Madera,039,155013,22273,21869,1964,23833,277
2021-10-17,Marin,041,260295,17323,17211,437,17648,243
2021-10-17,Mariposa,043,17540,1206,1150,41,1191,5
2021-10-17,Mendocino,045,87422,7268,7148,454,7602,82
2021-10-17,Merced,047,269075,40801,40531,1664,42195,579
2021-10-17,Modoc,049,8938,516,498,183,681,5
2021-10-17,Mono,051,14174,1661,1640,20,1660,3
2021-10-17,Monterey,053,433212,48306,47369,2801,50170,583
2021-10-17,Napa,055,140530,12816,12753,105,12858,100
2021-10-17,Nevada,057,99092,8906,8794,309,9103,90
2021-10-17,Orange,059,3164182,303519,301414,14661,316075,5524
2021-10-17,Placer,061,380077,36017,35559,3516,39075,420
2021-10-17,Plumas,063,18699,1640,1571,32,1603,6
2021-10-17,Riverside,065,2383286,357671,353500,16293,369793,5008
2021-10-17,Sacramento,067,1510023,155181,154080,4340,158420,2213
2021-10-17,San Benito,069,59416,7274,7250,163,7413,71
2021-10-17,San Bernardino,071,2135413,348641,346524,10910,357434,5597
2021-10-17,San Diego,073,3302833,366911,364675,21385,386060,4163
2021-10-17,San Francisco,075,870044,52147,51625,2275,53900,644
2021-10-17,San Joaquin,077,732212,97827,96950,5326,102276,1721
2021-10-17,San Luis Obispo,079,281455,29019,28604,1191,29795,331
2021-10-17,San Mateo,081,765935,53467,52541,831,53372,571
2021-10-17,Santa Barbara,083,443738,43644,43344,1592,44936,522
2021-10-17,Santa Clara,085,1922200,144857,143768,1245,145013,1895
2021-10-17,Santa Cruz,087,273765,20075,19861,995,20856,218
2021-10-17,Shasta,089,179085,20516,20116,3452,23568,312
2021-10-17,Sierra,091,2930,173,165,18,183,0
2021-10-17,Siskiyou,093,43540,3286,3204,1244,4448,42
2021-10-17,Solano,095,438530,45365,44722,1223,45945,340
2021-10-17,Sonoma,097,501317,40589,40306,512,40818,392
2021-10-17,Stanislaus,099,539301,76212,76354,8610,84964,1145
2021-10-17,Sutter,101,95872,13652,13543,313,13856,172
2021-10-17,Tehama,103,63373,8135,8015,1385,9400,107
2021-10-17,Trinity,105,12862,822,686,208,894,11
2021-10-17,Tulare,107,460477,66407,65057,14209,79266,958
2021-10-17,Tuolumne,109,53932,6826,6735,84,6819,89
2021-10-17,Ventura,111,848112,96963,96458,4269,100727,1165
2021-10-17,Yolo,113,214977,19358,19171,1075,20246,248
2021-10-17,Yuba,115,75493,9866,9771,292,10063,82
2021-10-16,Alameda,001,1643700,118008,117027,2756,119783,1365
2021-10-16,Alpine,003,1148,100,102,0,102,0
2021-10-16,Amador,005,37829,5414,5310,57,5367,64
2021-10-16,Butte,007,227075,20182,19612,3610,23222,260
2021-10-16,Calaveras,009,45235,3852,3771,47,3818,80
2021-10-16,Colusa,011,21464,2478,2431,606,3037,18
2021-10-16,Contra Costa,013,1133247,98002,97107,2111,99218,982
2021-10-16,Del Norte,015,27424,3611,3516,52,3568,41
2021-10-16,El Dorado,017,186661,15632,15315,1626,16941,149
2021-10-16,Fresno,019,978130,135083,132433,12141,144574,2051
2021-10-16,Glenn,021,27897,3418,3331,955,4286,26
2021-10-16,Humboldt,023,135768,8763,8621,498,9119,104
2021-10-16,Imperial,025,180216,32775,32368,3352,35720,764
2021-10-16,Inyo,027,18085,2086,1932,40,1972,39
2021-10-16,Kern,029,883053,123593,121354,20600,141954,1590
2021-10-16,Kings,031,150075,31140,30418,1841,32259,314
2021-10-16,Lake,033,64148,6540,6378,136,6514,104
2021-10-16,Lassen,035,31185,6692,6559,329,6888,26
2021-10-16,Los Angeles,037,10098052,1421429,1409418,53469,1462887,26398
2021-10-16,Madera,039,155013,22229,21707,1960,23667,277
2021-10-16,Marin,041,260295,17314,17148,437,17585,243
2021-10-16,Mariposa,043,17540,1203,1096,41,1137,5
2021-10-16,Mendocino,045,87422,7257,7099,454,7553,82
2021-10-16,Merced,047,269075,40768,40265,1663,41928,577
2021-10-16,Modoc,049,8938,513,492,183,675,5
2021-10-16,Mono,051,14174,1657,1628,20,1648,3
2021-10-16,Monterey,053,433212,48289,47293,2793,50086,582
2021-10-16,Napa,055,140530,12805,12706,105,12811,100
2021-10-16,Nevada,057,99092,8886,8739,309,9048,90
2021-10-16,Orange,059,3164182,303343,300722,14636,315358,5509
2021-10-16,Placer,061,380077,35933,35343,3510,38853,412
2021-10-16,Plumas,063,18699,1635,1542,31,1573,6
2021-10-16,Riverside,065,2383286,357402,352435,16281,368716,4990
2021-10-16,Sacramento,067,1510023,154982,153264,4336,157600,2192
2021-10-16,San Benito,069,59416,7261,7210,162,7372,71
2021-10-16,San Bernardino,071,2135413,348436,345418,10902,356320,5566
2021-10-16,San Diego,073,3302833,366588,363109,21369,384478,4151
2021-10-16,San Francisco,075,870044,52099,51436,2271,53707,645
2021-10-16,San Joaquin,077,732212,97756,96507,5323,101830,1708
2021-10-16,San Luis Obispo,079,281455,28993,28460,1190,29650,329
2021-10-16,San Mateo,081,765935,53418,52399,830,53229,569
2021-10-16,Santa Barbara,083,443738,43608,43175,1591,44766,521
2021-10-16,Santa Clara,085,1922200,144757,143282,1237,144519,1890
2021-10-16,Santa Cruz,087,273765,20060,19794,994,20788,218
2021-10-16,Shasta,089,179085,20466,19932,3441,23373,309
2021-10-16,Sierra,091,2930,171,160,18,178,0
2021-10-16,Siskiyou,093,43540,3284,3173,1237,4410,42
2021-10-16,Solano,095,438530,45339,44585,1219,45804,334
2021-10-16,Sonoma,097,501317,40549,40195,512,40707,390
2021-10-16,Stanislaus,099,539301,76126,75868,8601,84469,1142
2021-10-16,Sutter,101,95872,13633,13471,312,13783,169
2021-10-16,Tehama,103,63373,8122,7907,1380,9287,104
2021-10-16,Trinity,105,12862,822,679,208,887,11
2021-10-16,Tulare,107,460477,66269,64489,14176,78665,951
2021-10-16,Tuolumne,109,53932,6794,6666,84,6750,89
2021-10-16,Ventura,111,848112,96931,96181,4264,100445,1164
2021-10-16,Yolo,113,214977,19331,19078,1069,20147,247
2021-10-16,Yuba,115,75493,9842,9705,289,9994,82
2021-10-15,Alameda,001,1643700,117934,117027,2752,119779,1365
2021-10-15,Alpine,003,1148,100,102,0,102,0
2021-10-15,Amador,005,37829,5390,5310,57,5367,64
2021-10-15,Butte,007,227075,20145,19612,3603,23215,260
2021-10-15,Calaveras,009,45235,3846,3771,47,3818,80
2021-10-15,Colusa,011,21464,2476,2431,603,3034,18
2021-10-15,Contra Costa,013,1133247,97920,97107,2107,99214,982
2021-10-15,Del Norte,015,27424,3609,3516,52,3568,41
2021-10-15,El Dorado,017,186661,15612,15315,1621,16936,149
2021-10-15,Fresno,019,978130,134830,132433,12131,144564,2051
2021-10-15,Glenn,021,27897,3413,3331,954,4285,26
2021-10-15,Humboldt,023,135768,8754,8621,496,9117,104
2021-10-15,Imperial,025,180216,32728,32368,3348,35716,764
2021-10-15,Inyo,027,18085,2068,1932,40,1972,39
2021-10-15,Kern,029,883053,123458,121354,20525,141879,1590
2021-10-15,Kings,031,150075,31085,30418,1837,32255,314
2021-10-15,Lake,033,64148,6531,6378,136,6514,104
2021-10-15,Lassen,035,31185,6680,6559,328,6887,26
2021-10-15,Los Angeles,037,10098052,1420737,1409418,53420,1462838,26398
2021-10-15,Madera,039,155013,22185,21707,1952,23659,277
2021-10-15,Marin,041,260295,17303,17148,437,17585,243
2021-10-15,Mariposa,043,17540,1195,1096,41,1137,5
2021-10-15,Mendocino,045,87422,7242,7099,454,7553,82
2021-10-15,Merced,047,269075,40738,40265,1660,41925,577
2021-10-15,Modoc,049,8938,512,492,183,675,5
2021-10-15,Mono,051,14174,1654,1628,20,1648,3
2021-10-15,Monterey,053,433212,48267,47293,2791,50084,582
2021-10-15,Napa,055,140530,12801,12706,105,12811,100
2021-10-15,Nevada,057,99092,8871,8739,309,9048,90
2021-10-15,Orange,059,3164182,303175,300722,14617,315339,5509
2021-10-15,Placer,061,380077,35879,35343,3504,38847,412
2021-10-15,Plumas,063,18699,1627,1542,31,1573,6
2021-10-15,Riverside,065,2383286,357160,352435,16276,368711,4990
2021-10-15,Sacramento,067,1510023,154797,153264,4326,157590,2192
2021-10-15,San Benito,069,59416,7258,7210,162,7372,71
2021-10-15,San Bernardino,071,2135413,348200,345418,10900,356318,5566
2021-10-15,San Diego,073,3302833,366224,363109,21344,384453,4151
2021-10-15,San Francisco,075,870044,52059,51436,2264,53700,645
2021-10-15,San Joaquin,077,732212,97678,96507,5316,101823,1708
2021-10-15,San Luis Obispo,079,281455,28972,28460,1188,29648,329
2021-10-15,San Mateo,081,765935,53374,52399,829,53228,569
2021-10-15,Santa Barbara,083,443738,43570,43175,1591,44766,521
2021-10-15,Santa Clara,085,1922200,144635,143282,1229,144511,1890
2021-10-15,Santa Cruz,087,273765,20049,19794,994,20788,218
2021-10-15,Shasta,089,179085,20409,19932,3433,23365,309
2021-10-15,Sierra,091,2930,170,160,18,178,0
2021-10-15,Siskiyou,093,43540,3283,3173,1234,4407,42
2021-10-15,Solano,095,438530,45313,44585,1219,45804,334
2021-10-15,Sonoma,097,501317,40515,40195,511,40706,390
2021-10-15,Stanislaus,099,539301,76046,75868,8585,84453,1142
2021-10-15,Sutter,101,95872,13616,13471,310,13781,169
2021-10-15,Tehama,103,63373,8101,7907,1374,9281,104
2021-10-15,Trinity,105,12862,822,679,208,887,11
2021-10-15,Tulare,107,460477,66189,64489,14139,78628,951
2021-10-15,Tuolumne,109,53932,6771,6666,82,6748,89
2021-10-15,Ventura,111,848112,96889,96181,4261,100442,1164
2021-10-15,Yolo,113,214977,19316,19078,1065,20143,247
2021-10-15,Yuba,115,75493,9832,9705,288,9993,82
2021-10-14,Alameda,001,1643700,117823,117027,2747,119774,1365
2021-10-14,Alpine,003,1148,100,102,0,102,0
2021-10-14,Amador,005,37829,5379,5310,57,5367,64
2021-10-14,Butte,007,227075,20093,19612,3598,23210,260
2021-10-14,Calaveras,009,45235,3833,3771,46,3817,80
2021-10-14,Colusa,011,21464,2474,2431,601,3032,18
2021-10-14,Contra Costa,013,1133247,97785,97107,2099,99206,982
2021-10-14,Del Norte,015,27424,3603,3516,52,3568,41
2021-10-14,El Dorado,017,186661,15573,15315,1618,16933,149
2021-10-14,Fresno,019,978130,134539,132433,12099,144532,2051
2021-10-14,Glenn,021,27897,3408,3331,954,4285,26
2021-10-14,Humboldt,023,135768,8737,8621,493,9114,104
2021-10-14,Imperial,025,180216,32665,32368,3341,35709,764
2021-10-14,Inyo,027,18085,2049,1932,40,1972,39
2021-10-14,Kern,029,883053,123188,121354,20425,141779,1590
2021-10-14,Kings,031,150075,31020,30418,1829,32247,314
2021-10-14,Lake,033,64148,6510,6378,135,6513,104
2021-10-14,Lassen,035,31185,6674,6559,327,6886,26
2021-10-14,Los Angeles,037,10098052,1419756,1409418,53369,1462787,26398
2021-10-14,Madera,039,155013,22120,21707,1946,23653,277
2021-10-14,Marin,041,260295,17298,17148,435,17583,243
2021-10-14,Mariposa,043,17540,1182,1096,40,1136,5
2021-10-14,Mendocino,045,87422,7228,7099,452,7551,82
2021-10-14,Merced,047,269075,40649,40265,1647,41912,577
2021-10-14,Modoc,049,8938,512,492,183,675,5
2021-10-14,Mono,051,14174,1647,1628,20,1648,3
2021-10-14,Monterey,053,433212,48241,47293,2786,50079,582
2021-10-14,Napa,055,140530,12786,12706,105,12811,100
2021-10-14,Nevada,057,99092,8844,8739,307,9046,90
2021-10-14,Orange,059,3164182,302967,300722,14600,315322,5509
2021-10-14,Placer,061,380077,35812,35343,3490,38833,412
2021-10-14,Plumas,063,18699,1612,1542,31,1573,6
2021-10-14,Riverside,065,2383286,356762,352435,16265,368700,4990
2021-10-14,Sacramento,067,1510023,154545,153264,4304,157568,2192
2021-10-14,San Benito,069,59416,7247,7210,162,7372,71
2021-10-14,San Bernardino,071,2135413,347841,345418,10894,356312,5566
2021-10-14,San Diego,073,3302833,365776,363109,21317,384426,4151
2021-10-14,San Francisco,075,870044,52003,51436,2260,53696,645
2021-10-14,San Joaquin,077,732212,97549,96507,5307,101814,1708
2021-10-14,San Luis Obispo,079,281455,28928,28460,1184,29644,329
2021-10-14,San Mateo,081,765935,53325,52399,828,53227,569
2021-10-14,Santa Barbara,083,443738,43514,43175,1586,44761,521
2021-10-14,Santa Clara,085,1922200,144494,143282,1223,144505,1890
2021-10-14,Santa Cruz,087,273765,20026,19794,994,20788,218
2021-10-14,Shasta,089,179085,20352,19932,3421,23353,309
2021-10-14,Sierra,091,2930,170,160,18,178,0
2021-10-14,Siskiyou,093,43540,3280,3173,1226,4399,42
2021-10-14,Solano,095,438530,45263,44585,1211,45796,334
2021-10-14,Sonoma,097,501317,40464,40195,508,40703,390
2021-10-14,Stanislaus,099,539301,75900,75868,8572,84440,1142
2021-10-14,Sutter,101,95872,13596,13471,309,13780,169
2021-10-14,Tehama,103,63373,8070,7907,1367,9274,104
2021-10-14,Trinity,105,12862,821,679,207,886,11
2021-10-14,Tulare,107,460477,66005,64489,14092,78581,951
2021-10-14,Tuolumne,109,53932,6740,6666,81,6747,89
2021-10-14,Ventura,111,848112,96821,96181,4255,100436,1164
2021-10-14,Yolo,113,214977,19283,19078,1058,20136,247
2021-10-14,Yuba,115,75493,9818,9705,279,9984,82
2021-10-13,Alameda,001,1643700,117716,116914,2742,119656,1360
2021-10-13,Alpine,003,1148,100,102,0,102,0
2021-10-13,Amador,005,37829,5365,5305,57,5362,63
2021-10-13,Butte,007,227075,20019,19546,3594,23140,257
2021-10-13,Calaveras,009,45235,3812,3756,44,3800,79
2021-10-13,Colusa,011,21464,2467,2430,597,3027,18
2021-10-13,Contra Costa,013,1133247,97669,96975,2098,99073,969
2021-10-13,Del Norte,015,27424,3598,3512,52,3564,39
2021-10-13,El Dorado,017,186661,15549,15302,1613,16915,149
2021-10-13,Fresno,019,978130,134206,132055,12070,144125,2048
2021-10-13,Glenn,021,27897,3403,3327,951,4278,26
2021-10-13,Humboldt,023,135768,8726,8604,489,9093,102
2021-10-13,Imperial,025,180216,32605,32317,3337,35654,762
2021-10-13,Inyo,027,18085,2012,1907,40,1947,39
2021-10-13,Kern,029,883053,122945,120956,20330,141286,1586
2021-10-13,Kings,031,150075,30939,30246,1822,32068,312
2021-10-13,Lake,033,64148,6490,6371,135,6506,103
2021-10-13,Lassen,035,31185,6663,6535,321,6856,25
2021-10-13,Los Angeles,037,10098052,1418701,1408384,53312,1461696,26379
2021-10-13,Madera,039,155013,22067,21609,1931,23540,277
2021-10-13,Marin,041,260295,17274,17137,434,17571,243
2021-10-13,Mariposa,043,17540,1168,1090,40,1130,5
2021-10-13,Mendocino,045,87422,7212,7088,444,7532,82
2021-10-13,Merced,047,269075,40563,40164,1637,41801,577
2021-10-13,Modoc,049,8938,510,490,181,671,5
2021-10-13,Mono,051,14174,1647,1612,20,1632,3
2021-10-13,Monterey,053,433212,48222,47273,2779,50052,582
2021-10-13,Napa,055,140530,12775,12695,103,12798,100
2021-10-13,Nevada,057,99092,8822,8725,307,9032,90
2021-10-13,Orange,059,3164182,302759,300468,14584,315052,5503
2021-10-13,Placer,061,380077,35745,35254,3481,38735,412
2021-10-13,Plumas,063,18699,1598,1514,31,1545,6
2021-10-13,Riverside,065,2383286,356432,352044,16252,368296,4978
2021-10-13,Sacramento,067,1510023,154295,153141,4282,157423,2182
2021-10-13,San Benito,069,59416,7241,7196,161,7357,71
2021-10-13,San Bernardino,071,2135413,347517,344951,10878,355829,5562
2021-10-13,San Diego,073,3302833,365339,362564,21295,383859,4141
2021-10-13,San Francisco,075,870044,51961,51379,2256,53635,644
2021-10-13,San Joaquin,077,732212,97406,96343,5302,101645,1696
2021-10-13,San Luis Obispo,079,281455,28890,28397,1181,29578,330
2021-10-13,San Mateo,081,765935,53273,52352,824,53176,569
2021-10-13,Santa Barbara,083,443738,43462,43109,1586,44695,518
2021-10-13,Santa Clara,085,1922200,144356,143064,1222,144286,1886
2021-10-13,Santa Cruz,087,273765,20000,19763,993,20756,217
2021-10-13,Shasta,089,179085,20282,19802,3400,23202,307
2021-10-13,Sierra,091,2930,170,155,18,173,0
2021-10-13,Siskiyou,093,43540,3272,3173,1225,4398,42
2021-10-13,Solano,095,438530,45224,44558,1208,45766,334
2021-10-13,Sonoma,097,501317,40407,40122,508,40630,390
2021-10-13,Stanislaus,099,539301,75759,75698,8563,84261,1136
2021-10-13,Sutter,101,95872,13566,13458,307,13765,169
2021-10-13,Tehama,103,63373,8032,7849,1361,9210,103
2021-10-13,Trinity,105,12862,818,677,207,884,11
2021-10-13,Tulare,107,460477,65825,64297,14037,78334,945
2021-10-13,Tuolumne,109,53932,6726,6644,80,6724,89
2021-10-13,Ventura,111,848112,96747,96099,4249,100348,1162
2021-10-13,Yolo,113,214977,19254,19023,1056,20079,247
2021-10-13,Yuba,115,75493,9793,9690,265,9955,80
2021-10-12,Alameda,001,1643700,117613,116813,2737,119550,1357
2021-10-12,Alpine,003,1148,100,102,0,102,0
2021-10-12,Amador,005,37829,5354,5301,57,5358,63
2021-10-12,Butte,007,227075,19949,19506,3582,23088,256
2021-10-12,Calaveras,009,45235,3797,3750,44,3794,75
2021-10-12,Colusa,011,21464,2464,2428,595,3023,18
2021-10-12,Contra Costa,013,1133247,97555,96894,2089,98983,960
2021-10-12,Del Norte,015,27424,3592,3511,52,3563,39
2021-10-12,El Dorado,017,186661,15515,15287,1611,16898,148
2021-10-12,Fresno,019,978130,133845,131848,12041,143889,2042
2021-10-12,Glenn,021,27897,3387,3321,950,4271,26
2021-10-12,Humboldt,023,135768,8699,8587,483,9070,102
2021-10-12,Imperial,025,180216,32553,32267,3335,35602,762
2021-10-12,Inyo,027,18085,1980,1889,40,1929,39
2021-10-12,Kern,029,883053,122660,120826,20219,141045,1580
2021-10-12,Kings,031,150075,30865,30200,1811,32011,312
2021-10-12,Lake,033,64148,6475,6372,133,6505,97
2021-10-12,Lassen,035,31185,6653,6526,320,6846,25
2021-10-12,Los Angeles,037,10098052,1417639,1407462,53264,1460726,26362
2021-10-12,Madera,039,155013,21996,21574,1918,23492,277
2021-10-12,Marin,041,260295,17251,17126,434,17560,242
2021-10-12,Mariposa,043,17540,1154,1088,40,1128,5
2021-10-12,Mendocino,045,87422,7183,7077,441,7518,82
2021-10-12,Merced,047,269075,40484,40113,1631,41744,567
2021-10-12,Modoc,049,8938,505,485,180,665,5
2021-10-12,Mono,051,14174,1645,1608,20,1628,3
2021-10-12,Monterey,053,433212,48191,47254,2771,50025,582
2021-10-12,Napa,055,140530,12761,12671,103,12774,97
2021-10-12,Nevada,057,99092,8810,8720,306,9026,89
2021-10-12,Orange,059,3164182,302505,300256,14558,314814,5499
2021-10-12,Placer,061,380077,35682,35214,3473,38687,404
2021-10-12,Plumas,063,18699,1584,1488,30,1518,6
2021-10-12,Riverside,065,2383286,356106,351771,16238,368009,4973
2021-10-12,Sacramento,067,1510023,153991,152935,4257,157192,2170
2021-10-12,San Benito,069,59416,7227,7193,161,7354,71
2021-10-12,San Bernardino,071,2135413,347203,344788,10869,355657,5563
2021-10-12,San Diego,073,3302833,364816,362256,21266,383522,4137
2021-10-12,San Francisco,075,870044,51897,51301,2255,53556,643
2021-10-12,San Joaquin,077,732212,97269,96237,5297,101534,1690
2021-10-12,San Luis Obispo,079,281455,28843,28379,1180,29559,327
2021-10-12,San Mateo,081,765935,53222,52328,823,53151,569
2021-10-12,Santa Barbara,083,443738,43401,43076,1586,44662,515
2021-10-12,Santa Clara,085,1922200,144202,142954,1220,144174,1882
2021-10-12,Santa Cruz,087,273765,19975,19757,993,20750,218
2021-10-12,Shasta,089,179085,20208,19731,3379,23110,304
2021-10-12,Sierra,091,2930,170,153,18,171,0
2021-10-12,Siskiyou,093,43540,3261,3166,1219,4385,42
2021-10-12,Solano,095,438530,45181,44516,1203,45719,329
2021-10-12,Sonoma,097,501317,40365,40105,507,40612,390
2021-10-12,Stanislaus,099,539301,75607,75589,8549,84138,1126
2021-10-12,Sutter,101,95872,13543,13436,303,13739,168
2021-10-12,Tehama,103,63373,7999,7820,1357,9177,103
2021-10-12,Trinity,105,12862,815,676,207,883,11
2021-10-12,Tulare,107,460477,65640,64216,13980,78196,944
2021-10-12,Tuolumne,109,53932,6709,6637,79,6716,89
2021-10-12,Ventura,111,848112,96646,96022,4244,100266,1160
2021-10-12,Yolo,113,214977,19227,18987,1048,20035,247
2021-10-12,Yuba,115,75493,9778,9676,261,9937,70
2021-10-11,Alameda,001,1643700,117472,116759,2736,119495,1358
2021-10-11,Alpine,003,1148,100,102,0,102,0
2021-10-11,Amador,005,37829,5342,5286,57,5343,62
2021-10-11,Butte,007,227075,19890,19452,3577,23029,253
2021-10-11,Calaveras,009,45235,3776,3750,44,3794,75
2021-10-11,Colusa,011,21464,2460,2427,588,3015,18
2021-10-11,Contra Costa,013,1133247,97418,96832,2084,98916,960
2021-10-11,Del Norte,015,27424,3589,3510,48,3558,39
2021-10-11,El Dorado,017,186661,15486,15273,1607,16880,146
2021-10-11,Fresno,019,978130,133516,131703,12007,143710,2036
2021-10-11,Glenn,021,27897,3370,3308,948,4256,26
2021-10-11,Humboldt,023,135768,8674,8571,476,9047,101
2021-10-11,Imperial,025,180216,32503,32207,3329,35536,762
2021-10-11,Inyo,027,18085,1957,1862,39,1901,39
2021-10-11,Kern,029,883053,122424,120684,20123,140807,1575
2021-10-11,Kings,031,150075,30776,30180,1801,31981,309
2021-10-11,Lake,033,64148,6459,6361,129,6490,97
2021-10-11,Lassen,035,31185,6633,6499,317,6816,25
2021-10-11,Los Angeles,037,10098052,1416594,1406826,53213,1460039,26346
2021-10-11,Madera,039,155013,21939,21555,1900,23455,272
2021-10-11,Marin,041,260295,17233,17121,430,17551,242
2021-10-11,Mariposa,043,17540,1124,1083,39,1122,5
2021-10-11,Mendocino,045,87422,7167,7064,437,7501,82
2021-10-11,Merced,047,269075,40368,40064,1606,41670,566
2021-10-11,Modoc,049,8938,502,482,177,659,5
2021-10-11,Mono,051,14174,1635,1604,20,1624,3
2021-10-11,Monterey,053,433212,48162,47241,2764,50005,580
2021-10-11,Napa,055,140530,12738,12654,101,12755,96
2021-10-11,Nevada,057,99092,8790,8716,305,9021,90
2021-10-11,Orange,059,3164182,302277,299941,14529,314470,5499
2021-10-11,Placer,061,380077,35613,35173,3456,38629,404
2021-10-11,Plumas,063,18699,1566,1469,28,1497,6
2021-10-11,Riverside,065,2383286,355763,351444,16233,367677,4973
2021-10-11,Sacramento,067,1510023,153702,152681,4226,156907,2169
2021-10-11,San Benito,069,59416,7206,7184,159,7343,71
2021-10-11,San Bernardino,071,2135413,346814,344594,10861,355455,5549
2021-10-11,San Diego,073,3302833,364295,361712,21234,382946,4124
2021-10-11,San Francisco,075,870044,51826,51275,2251,53526,643
2021-10-11,San Joaquin,077,732212,97115,96152,5286,101438,1681
2021-10-11,San Luis Obispo,079,281455,28796,28355,1175,29530,327
2021-10-11,San Mateo,081,765935,53174,52298,822,53120,569
2021-10-11,Santa Barbara,083,443738,43354,43018,1585,44603,515
2021-10-11,Santa Clara,085,1922200,144040,142836,1216,144052,1882
2021-10-11,Santa Cruz,087,273765,19951,19745,992,20737,217
2021-10-11,Shasta,089,179085,20129,19662,3363,23025,295
2021-10-11,Sierra,091,2930,165,147,17,164,0
2021-10-11,Siskiyou,093,43540,3254,3159,1215,4374,42
2021-10-11,Solano,095,438530,45133,44474,1200,45674,329
2021-10-11,Sonoma,097,501317,40320,40067,507,40574,390
2021-10-11,Stanislaus,099,539301,75435,75478,8528,84006,1118
2021-10-11,Sutter,101,95872,13524,13427,301,13728,165
2021-10-11,Tehama,103,63373,7958,7795,1348,9143,102
2021-10-11,Trinity,105,12862,809,675,206,881,11
2021-10-11,Tulare,107,460477,65459,64094,13913,78007,942
2021-10-11,Tuolumne,109,53932,6671,6602,79,6681,89
2021-10-11,Ventura,111,848112,96549,95876,4237,100113,1160
2021-10-11,Yolo,113,214977,19181,18977,1045,20022,247
2021-10-11,Yuba,115,75493,9761,9657,249,9906,69
2021-10-10,Alameda,001,1643700,117352,116679,2732,119411,1358
2021-10-10,Alpine,003,1148,100,102,0,102,0
2021-10-10,Amador,005,37829,5328,5278,57,5335,62
2021-10-10,Butte,007,227075,19826,19430,3563,22993,253
2021-10-10,Calaveras,009,45235,3764,3747,44,3791,75
2021-10-10,Colusa,011,21464,2459,2425,587,3012,18
2021-10-10,Contra Costa,013,1133247,97319,96760,2078,98838,960
2021-10-10,Del Norte,015,27424,3585,3507,48,3555,39
2021-10-10,El Dorado,017,186661,15455,15250,1601,16851,146
2021-10-10,Fresno,019,978130,133188,131434,11978,143412,2035
2021-10-10,Glenn,021,27897,3366,3297,946,4243,26
2021-10-10,Humboldt,023,135768,8652,8554,472,9026,101
2021-10-10,Imperial,025,180216,32429,32167,3326,35493,762
2021-10-10,Inyo,027,18085,1936,1857,39,1896,39
2021-10-10,Kern,029,883053,122098,120552,20019,140571,1573
2021-10-10,Kings,031,150075,30687,30122,1791,31913,308
2021-10-10,Lake,033,64148,6443,6349,128,6477,97
2021-10-10,Lassen,035,31185,6613,6495,316,6811,26
2021-10-10,Los Angeles,037,10098052,1415415,1406034,53138,1459172,26338
2021-10-10,Madera,039,155013,21893,21486,1891,23377,272
2021-10-10,Marin,041,260295,17216,17112,430,17542,242
2021-10-10,Mariposa,043,17540,1121,1074,39,1113,5
2021-10-10,Mendocino,045,87422,7152,7060,429,7489,81
2021-10-10,Merced,047,269075,40283,40036,1588,41624,566
2021-10-10,Modoc,049,8938,502,482,177,659,5
2021-10-10,Mono,051,14174,1634,1596,20,1616,3
2021-10-10,Monterey,053,433212,48132,47228,2763,49991,580
2021-10-10,Napa,055,140530,12715,12641,101,12742,96
2021-10-10,Nevada,057,99092,8778,8689,305,8994,90
2021-10-10,Orange,059,3164182,302015,299787,14501,314288,5499
2021-10-10,Placer,061,380077,35520,35128,3444,38572,404
2021-10-10,Plumas,063,18699,1550,1468,26,1494,6
2021-10-10,Riverside,065,2383286,355391,351248,16214,367462,4973
2021-10-10,Sacramento,067,1510023,153437,152405,4209,156614,2178
2021-10-10,San Benito,069,59416,7201,7180,158,7338,71
2021-10-10,San Bernardino,071,2135413,346508,344423,10853,355276,5551
2021-10-10,San Diego,073,3302833,363769,361038,21187,382225,4113
2021-10-10,San Francisco,075,870044,51778,51216,2248,53464,643
2021-10-10,San Joaquin,077,732212,96944,96084,5269,101353,1681
2021-10-10,San Luis Obispo,079,281455,28752,28343,1175,29518,326
2021-10-10,San Mateo,081,765935,53132,52273,821,53094,569
2021-10-10,Santa Barbara,083,443738,43307,42987,1584,44571,515
2021-10-10,Santa Clara,085,1922200,143875,142768,1209,143977,1881
2021-10-10,Santa Cruz,087,273765,19931,19727,992,20719,217
2021-10-10,Shasta,089,179085,20041,19635,3354,22989,296
2021-10-10,Sierra,091,2930,163,147,17,164,0
2021-10-10,Siskiyou,093,43540,3240,3155,1208,4363,42
2021-10-10,Solano,095,438530,45077,44431,1200,45631,329
2021-10-10,Sonoma,097,501317,40268,40027,507,40534,390
2021-10-10,Stanislaus,099,539301,75258,75403,8514,83917,1118
2021-10-10,Sutter,101,95872,13500,13412,296,13708,165
2021-10-10,Tehama,103,63373,7920,7764,1339,9103,102
2021-10-10,Trinity,105,12862,808,669,205,874,11
2021-10-10,Tulare,107,460477,65287,63930,13862,77792,940
2021-10-10,Tuolumne,109,53932,6647,6580,78,6658,89
2021-10-10,Ventura,111,848112,96460,95829,4237,100066,1160
2021-10-10,Yolo,113,214977,19149,18952,1040,19992,247
2021-10-10,Yuba,115,75493,9745,9641,244,9885,69
2021-10-09,Alameda,001,1643700,117253,116253,2730,118983,1356
2021-10-09,Alpine,003,1148,99,102,0,102,0
2021-10-09,Amador,005,37829,5326,5237,56,5293,62
2021-10-09,Butte,007,227075,19795,19277,3560,22837,250
2021-10-09,Calaveras,009,45235,3760,3716,44,3760,75
2021-10-09,Colusa,011,21464,2455,2419,586,3005,18
2021-10-09,Contra Costa,013,1133247,97246,96378,2072,98450,958
2021-10-09,Del Norte,015,27424,3584,3495,48,3543,39
2021-10-09,El Dorado,017,186661,15437,15153,1598,16751,144
2021-10-09,Fresno,019,978130,133055,130508,11958,142466,2018
2021-10-09,Glenn,021,27897,3362,3277,943,4220,26
2021-10-09,Humboldt,023,135768,8638,8448,470,8918,97
2021-10-09,Imperial,025,180216,32395,31989,3324,35313,760
2021-10-09,Inyo,027,18085,1927,1808,39,1847,39
2021-10-09,Kern,029,883053,121959,119795,19992,139787,1559
2021-10-09,Kings,031,150075,30638,29894,1789,31683,308
2021-10-09,Lake,033,64148,6424,6283,127,6410,97
2021-10-09,Lassen,035,31185,6608,6442,315,6757,25
2021-10-09,Los Angeles,037,10098052,1414828,1402810,53099,1455909,26280
2021-10-09,Madera,039,155013,21860,21313,1877,23190,271
2021-10-09,Marin,041,260295,17211,17049,428,17477,242
2021-10-09,Mariposa,043,17540,1114,1042,38,1080,5
2021-10-09,Mendocino,045,87422,7145,7011,428,7439,82
2021-10-09,Merced,047,269075,40241,39784,1588,41372,565
2021-10-09,Modoc,049,8938,500,477,176,653,5
2021-10-09,Mono,051,14174,1631,1577,20,1597,3
2021-10-09,Monterey,053,433212,48120,47168,2760,49928,577
2021-10-09,Napa,055,140530,12711,12586,101,12687,96
2021-10-09,Nevada,057,99092,8767,8613,304,8917,90
2021-10-09,Orange,059,3164182,301834,299089,14482,313571,5457
2021-10-09,Placer,061,380077,35482,34877,3437,38314,393
2021-10-09,Plumas,063,18699,1539,1418,26,1444,6
2021-10-09,Riverside,065,2383286,355140,350082,16197,366279,4965
2021-10-09,Sacramento,067,1510023,153227,151566,4196,155762,2160
2021-10-09,San Benito,069,59416,7193,7123,158,7281,71
2021-10-09,San Bernardino,071,2135413,346324,343452,10849,354301,5556
2021-10-09,San Diego,073,3302833,363454,359909,21182,381091,4111
2021-10-09,San Francisco,075,870044,51731,50960,2241,53201,643
2021-10-09,San Joaquin,077,732212,96877,95606,5264,100870,1669
2021-10-09,San Luis Obispo,079,281455,28735,28197,1173,29370,324
2021-10-09,San Mateo,081,765935,53100,52121,820,52941,569
2021-10-09,Santa Barbara,083,443738,43280,42735,1584,44319,514
2021-10-09,Santa Clara,085,1922200,143752,142298,1203,143501,1873
2021-10-09,Santa Cruz,087,273765,19921,19635,991,20626,217
2021-10-09,Shasta,089,179085,19991,19437,3349,22786,290
2021-10-09,Sierra,091,2930,160,141,17,158,0
2021-10-09,Siskiyou,093,43540,3239,3124,1207,4331,42
2021-10-09,Solano,095,438530,45060,44265,1199,45464,329
2021-10-09,Sonoma,097,501317,40224,39848,507,40355,387
2021-10-09,Stanislaus,099,539301,75168,74899,8504,83403,1114
2021-10-09,Sutter,101,95872,13491,13314,294,13608,165
2021-10-09,Tehama,103,63373,7909,7670,1334,9004,99
2021-10-09,Trinity,105,12862,807,660,205,865,11
2021-10-09,Tulare,107,460477,65179,63398,13840,77238,932
2021-10-09,Tuolumne,109,53932,6628,6521,78,6599,89
2021-10-09,Ventura,111,848112,96406,95542,4234,99776,1158
2021-10-09,Yolo,113,214977,19128,18850,1037,19887,247
2021-10-09,Yuba,115,75493,9733,9551,242,9793,69
2021-10-08,Alameda,001,1643700,117171,116253,2727,118980,1356
2021-10-08,Alpine,003,1148,99,102,0,102,0
2021-10-08,Amador,005,37829,5313,5237,56,5293,62
2021-10-08,Butte,007,227075,19766,19277,3556,22833,250
2021-10-08,Calaveras,009,45235,3755,3716,44,3760,75
2021-10-08,Colusa,011,21464,2453,2419,586,3005,18
2021-10-08,Contra Costa,013,1133247,97202,96378,2067,98445,958
2021-10-08,Del Norte,015,27424,3583,3495,48,3543,39
2021-10-08,El Dorado,017,186661,15418,15153,1594,16747,144
2021-10-08,Fresno,019,978130,132859,130508,11934,142442,2018
2021-10-08,Glenn,021,27897,3354,3277,941,4218,26
2021-10-08,Humboldt,023,135768,8627,8448,467,8915,97
2021-10-08,Imperial,025,180216,32365,31989,3320,35309,760
2021-10-08,Inyo,027,18085,1909,1808,39,1847,39
2021-10-08,Kern,029,883053,121822,119795,19950,139745,1559
2021-10-08,Kings,031,150075,30544,29894,1788,31682,308
2021-10-08,Lake,033,64148,6416,6283,127,6410,97
2021-10-08,Lassen,035,31185,6594,6442,312,6754,25
2021-10-08,Los Angeles,037,10098052,1414165,1402810,53063,1455873,26280
2021-10-08,Madera,039,155013,21801,21313,1870,23183,271
2021-10-08,Marin,041,260295,17200,17049,427,17476,242
2021-10-08,Mariposa,043,17540,1107,1042,36,1078,5
2021-10-08,Mendocino,045,87422,7132,7011,428,7439,82
2021-10-08,Merced,047,269075,40209,39784,1585,41369,565
2021-10-08,Modoc,049,8938,498,477,176,653,5
2021-10-08,Mono,051,14174,1628,1577,20,1597,3
2021-10-08,Monterey,053,433212,48093,47168,2758,49926,577
2021-10-08,Napa,055,140530,12695,12586,101,12687,96
2021-10-08,Nevada,057,99092,8754,8613,304,8917,90
2021-10-08,Orange,059,3164182,301687,299089,14462,313551,5457
2021-10-08,Placer,061,380077,35444,34877,3429,38306,393
2021-10-08,Plumas,063,18699,1527,1418,26,1444,6
2021-10-08,Riverside,065,2383286,354871,350082,16186,366268,4965
2021-10-08,Sacramento,067,1510023,153061,151566,4182,155748,2160
2021-10-08,San Benito,069,59416,7189,7123,156,7279,71
2021-10-08,San Bernardino,071,2135413,346119,343452,10841,354293,5556
2021-10-08,San Diego,073,3302833,363119,359909,21164,381073,4111
2021-10-08,San Francisco,075,870044,51684,50960,2232,53192,643
2021-10-08,San Joaquin,077,732212,96808,95606,5258,100864,1669
2021-10-08,San Luis Obispo,079,281455,28708,28197,1172,29369,324
2021-10-08,San Mateo,081,765935,53072,52121,820,52941,569
2021-10-08,Santa Barbara,083,443738,43245,42735,1583,44318,514
2021-10-08,Santa Clara,085,1922200,143639,142298,1198,143496,1873
2021-10-08,Santa Cruz,087,273765,19906,19635,991,20626,217
2021-10-08,Shasta,089,179085,19949,19437,3343,22780,290
2021-10-08,Sierra,091,2930,158,141,15,156,0
2021-10-08,Siskiyou,093,43540,3231,3124,1206,4330,42
2021-10-08,Solano,095,438530,45021,44265,1198,45463,329
2021-10-08,Sonoma,097,501317,40188,39848,507,40355,387
2021-10-08,Stanislaus,099,539301,75099,74899,8495,83394,1114
2021-10-08,Sutter,101,95872,13477,13314,292,13606,165
2021-10-08,Tehama,103,63373,7892,7670,1332,9002,99
2021-10-08,Trinity,105,12862,806,660,205,865,11
2021-10-08,Tulare,107,460477,65061,63398,13808,77206,932
2021-10-08,Tuolumne,109,53932,6605,6521,78,6599,89
2021-10-08,Ventura,111,848112,96355,95542,4228,99770,1158
2021-10-08,Yolo,113,214977,19115,18850,1033,19883,247
2021-10-08,Yuba,115,75493,9713,9551,241,9792,69
2021-10-07,Alameda,001,1643700,117052,116253,2726,118979,1356
2021-10-07,Alpine,003,1148,99,102,0,102,0
2021-10-07,Amador,005,37829,5306,5237,56,5293,62
2021-10-07,Butte,007,227075,19716,19277,3545,22822,250
2021-10-07,Calaveras,009,45235,3743,3716,44,3760,75
2021-10-07,Colusa,011,21464,2450,2419,580,2999,18
2021-10-07,Contra Costa,013,1133247,97079,96378,2063,98441,958
2021-10-07,Del Norte,015,27424,3580,3495,48,3543,39
2021-10-07,El Dorado,017,186661,15382,15153,1590,16743,144
2021-10-07,Fresno,019,978130,132585,130508,11909,142417,2018
2021-10-07,Glenn,021,27897,3347,3277,938,4215,26
2021-10-07,Humboldt,023,135768,8601,8448,464,8912,97
2021-10-07,Imperial,025,180216,32294,31989,3306,35295,760
2021-10-07,Inyo,027,18085,1890,1808,39,1847,39
2021-10-07,Kern,029,883053,121591,119795,19884,139679,1559
2021-10-07,Kings,031,150075,30479,29894,1782,31676,308
2021-10-07,Lake,033,64148,6405,6283,127,6410,97
2021-10-07,Lassen,035,31185,6576,6442,310,6752,25
2021-10-07,Los Angeles,037,10098052,1413204,1402810,53018,1455828,26280
2021-10-07,Madera,039,155013,21728,21313,1855,23168,271
2021-10-07,Marin,041,260295,17182,17049,427,17476,242
2021-10-07,Mariposa,043,17540,1099,1042,36,1078,5
2021-10-07,Mendocino,045,87422,7122,7011,424,7435,82
2021-10-07,Merced,047,269075,40142,39784,1569,41353,565
2021-10-07,Modoc,049,8938,495,477,175,652,5
2021-10-07,Mono,051,14174,1619,1577,20,1597,3
2021-10-07,Monterey,053,433212,48068,47168,2749,49917,577
2021-10-07,Napa,055,140530,12680,12586,101,12687,96
2021-10-07,Nevada,057,99092,8726,8613,304,8917,90
2021-10-07,Orange,059,3164182,301461,299089,14448,313537,5457
2021-10-07,Placer,061,380077,35382,34877,3422,38299,393
2021-10-07,Plumas,063,18699,1510,1418,26,1444,6
2021-10-07,Riverside,065,2383286,354538,350082,16174,366256,4965
2021-10-07,Sacramento,067,1510023,152779,151566,4155,155721,2160
2021-10-07,San Benito,069,59416,7173,7123,154,7277,71
2021-10-07,San Bernardino,071,2135413,345848,343452,10834,354286,5556
2021-10-07,San Diego,073,3302833,362707,359909,21143,381052,4111
2021-10-07,San Francisco,075,870044,51614,50960,2229,53189,643
2021-10-07,San Joaquin,077,732212,96654,95606,5250,100856,1669
2021-10-07,San Luis Obispo,079,281455,28657,28197,1170,29367,324
2021-10-07,San Mateo,081,765935,53032,52121,818,52939,569
2021-10-07,Santa Barbara,083,443738,43176,42735,1577,44312,514
2021-10-07,Santa Clara,085,1922200,143488,142298,1192,143490,1873
2021-10-07,Santa Cruz,087,273765,19886,19635,990,20625,217
2021-10-07,Shasta,089,179085,19860,19437,3328,22765,290
2021-10-07,Sierra,091,2930,158,141,15,156,0
2021-10-07,Siskiyou,093,43540,3227,3124,1201,4325,42
2021-10-07,Solano,095,438530,44976,44265,1194,45459,329
2021-10-07,Sonoma,097,501317,40151,39848,505,40353,387
2021-10-07,Stanislaus,099,539301,74936,74899,8470,83369,1114
2021-10-07,Sutter,101,95872,13455,13314,289,13603,165
2021-10-07,Tehama,103,63373,7859,7670,1326,8996,99
2021-10-07,Trinity,105,12862,804,660,205,865,11
2021-10-07,Tulare,107,460477,64895,63398,13770,77168,932
2021-10-07,Tuolumne,109,53932,6583,6521,78,6599,89
2021-10-07,Ventura,111,848112,96282,95542,4225,99767,1158
2021-10-07,Yolo,113,214977,19082,18850,1028,19878,247
2021-10-07,Yuba,115,75493,9687,9551,234,9785,69
2021-10-06,Alameda,001,1643700,116915,116058,2720,118778,1353
2021-10-06,Alpine,003,1148,99,102,0,102,0
2021-10-06,Amador,005,37829,5303,5205,56,5261,62
2021-10-06,Butte,007,227075,19653,19208,3538,22746,247
2021-10-06,Calaveras,009,45235,3734,3669,44,3713,75
2021-10-06,Colusa,011,21464,2448,2414,573,2987,18
2021-10-06,Contra Costa,013,1133247,96952,96184,2059,98243,953
2021-10-06,Del Norte,015,27424,3577,3490,45,3535,39
2021-10-06,El Dorado,017,186661,15357,15078,1588,16666,140
2021-10-06,Fresno,019,978130,132296,130074,11883,141957,2008
2021-10-06,Glenn,021,27897,3338,3270,936,4206,26
2021-10-06,Humboldt,023,135768,8586,8416,457,8873,94
2021-10-06,Imperial,025,180216,32241,31930,3294,35224,760
2021-10-06,Inyo,027,18085,1875,1806,39,1845,39
2021-10-06,Kern,029,883053,121334,119491,19791,139282,1552
2021-10-06,Kings,031,150075,30413,29785,1774,31559,308
2021-10-06,Lake,033,64148,6391,6271,127,6398,97
2021-10-06,Lassen,035,31185,6559,6429,309,6738,25
2021-10-06,Los Angeles,037,10098052,1412246,1401675,52971,1454646,26252
2021-10-06,Madera,039,155013,21673,21230,1845,23075,269
2021-10-06,Marin,041,260295,17173,17042,424,17466,242
2021-10-06,Mariposa,043,17540,1092,1036,36,1072,5
2021-10-06,Mendocino,045,87422,7113,6986,422,7408,81
2021-10-06,Merced,047,269075,40064,39666,1560,41226,563
2021-10-06,Modoc,049,8938,495,477,173,650,5
2021-10-06,Mono,051,14174,1607,1568,20,1588,3
2021-10-06,Monterey,053,433212,48035,47136,2744,49880,577
2021-10-06,Napa,055,140530,12656,12552,100,12652,96
2021-10-06,Nevada,057,99092,8710,8582,303,8885,90
2021-10-06,Orange,059,3164182,301223,298785,14435,313220,5448
2021-10-06,Placer,061,380077,35331,34764,3415,38179,390
2021-10-06,Plumas,063,18699,1487,1383,26,1409,6
2021-10-06,Riverside,065,2383286,354182,349645,16153,365798,4953
2021-10-06,Sacramento,067,1510023,152526,151164,4124,155288,2141
2021-10-06,San Benito,069,59416,7158,7108,154,7262,69
2021-10-06,San Bernardino,071,2135413,345554,343022,10827,353849,5551
2021-10-06,San Diego,073,3302833,362208,359564,21115,380679,4104
2021-10-06,San Francisco,075,870044,51551,50894,2226,53120,641
2021-10-06,San Joaquin,077,732212,96520,95418,5238,100656,1658
2021-10-06,San Luis Obispo,079,281455,28607,28170,1164,29334,323
2021-10-06,San Mateo,081,765935,52982,52056,813,52869,569
2021-10-06,Santa Barbara,083,443738,43093,42687,1575,44262,513
2021-10-06,Santa Clara,085,1922200,143337,142124,1187,143311,1872
2021-10-06,Santa Cruz,087,273765,19857,19604,988,20592,217
2021-10-06,Shasta,089,179085,19786,19325,3315,22640,287
2021-10-06,Sierra,091,2930,156,138,15,153,0
2021-10-06,Siskiyou,093,43540,3217,3116,1194,4310,42
2021-10-06,Solano,095,438530,44942,44185,1193,45378,328
2021-10-06,Sonoma,097,501317,40101,39787,505,40292,383
2021-10-06,Stanislaus,099,539301,74794,74699,8457,83156,1114
2021-10-06,Sutter,101,95872,13434,13284,287,13571,164
2021-10-06,Tehama,103,63373,7823,7629,1319,8948,99
2021-10-06,Trinity,105,12862,801,656,205,861,11
2021-10-06,Tulare,107,460477,64715,63198,13710,76908,926
2021-10-06,Tuolumne,109,53932,6558,6486,78,6564,89
2021-10-06,Ventura,111,848112,96191,95449,4217,99666,1158
2021-10-06,Yolo,113,214977,19050,18815,1023,19838,247
2021-10-06,Yuba,115,75493,9663,9520,233,9753,69
2021-10-05,Alameda,001,1643700,116770,115968,2715,118683,1350
2021-10-05,Alpine,003,1148,99,102,0,102,0
2021-10-05,Amador,005,37829,5282,5194,55,5249,61
2021-10-05,Butte,007,227075,19605,19137,3528,22665,246
2021-10-05,Calaveras,009,45235,3718,3657,44,3701,73
2021-10-05,Colusa,011,21464,2441,2414,572,2986,18
2021-10-05,Contra Costa,013,1133247,96836,96108,2052,98160,941
2021-10-05,Del Norte,015,27424,3575,3485,44,3529,39
2021-10-05,El Dorado,017,186661,15318,15052,1585,16637,140
2021-10-05,Fresno,019,978130,131957,129957,11848,141805,1987
2021-10-05,Glenn,021,27897,3327,3270,933,4203,26
2021-10-05,Humboldt,023,135768,8554,8398,453,8851,94
2021-10-05,Imperial,025,180216,32193,31909,3288,35197,759
2021-10-05,Inyo,027,18085,1858,1800,39,1839,39
2021-10-05,Kern,029,883053,121068,119260,19689,138949,1540
2021-10-05,Kings,031,150075,30338,29749,1768,31517,301
2021-10-05,Lake,033,64148,6370,6264,126,6390,97
2021-10-05,Lassen,035,31185,6540,6417,307,6724,25
2021-10-05,Los Angeles,037,10098052,1411100,1400300,52919,1453219,26223
2021-10-05,Madera,039,155013,21615,21183,1832,23015,269
2021-10-05,Marin,041,260295,17161,17024,424,17448,242
2021-10-05,Mariposa,043,17540,1073,1033,33,1066,5
2021-10-05,Mendocino,045,87422,7097,6972,415,7387,79
2021-10-05,Merced,047,269075,39998,39608,1551,41159,562
2021-10-05,Modoc,049,8938,491,475,172,647,5
2021-10-05,Mono,051,14174,1599,1565,20,1585,3
2021-10-05,Monterey,053,433212,48018,47087,2734,49821,573
2021-10-05,Napa,055,140530,12632,12533,100,12633,96
2021-10-05,Nevada,057,99092,8680,8576,303,8879,90
2021-10-05,Orange,059,3164182,300946,298589,14403,312992,5441
2021-10-05,Placer,061,380077,35251,34728,3408,38136,382
2021-10-05,Plumas,063,18699,1462,1357,26,1383,6
2021-10-05,Riverside,065,2383286,353822,349365,16138,365503,4942
2021-10-05,Sacramento,067,1510023,152253,151111,4095,155206,2126
2021-10-05,San Benito,069,59416,7140,7103,152,7255,69
2021-10-05,San Bernardino,071,2135413,345225,342711,10820,353531,5557
2021-10-05,San Diego,073,3302833,361624,359194,21088,380282,4092
2021-10-05,San Francisco,075,870044,51454,50826,2223,53049,641
2021-10-05,San Joaquin,077,732212,96367,95276,5211,100487,1651
2021-10-05,San Luis Obispo,079,281455,28563,28113,1162,29275,324
2021-10-05,San Mateo,081,765935,52936,52008,813,52821,569
2021-10-05,Santa Barbara,083,443738,43014,42595,1571,44166,511
2021-10-05,Santa Clara,085,1922200,143179,141971,1180,143151,1873
2021-10-05,Santa Cruz,087,273765,19815,19582,988,20570,216
2021-10-05,Shasta,089,179085,19713,19285,3302,22587,286
2021-10-05,Sierra,091,2930,152,136,15,151,0
2021-10-05,Siskiyou,093,43540,3203,3107,1194,4301,42
2021-10-05,Solano,095,438530,44871,44149,1191,45340,325
2021-10-05,Sonoma,097,501317,40046,39756,500,40256,383
2021-10-05,Stanislaus,099,539301,74632,74599,8440,83039,1114
2021-10-05,Sutter,101,95872,13406,13270,286,13556,164
2021-10-05,Tehama,103,63373,7795,7607,1310,8917,98
2021-10-05,Trinity,105,12862,798,655,205,860,11
2021-10-05,Tulare,107,460477,64508,63093,13656,76749,920
2021-10-05,Tuolumne,109,53932,6543,6473,77,6550,89
2021-10-05,Ventura,111,848112,96085,95351,4216,99567,1155
2021-10-05,Yolo,113,214977,19014,18782,1017,19799,245
2021-10-05,Yuba,115,75493,9631,9504,230,9734,69
2021-10-04,Alameda,001,1643700,116609,115845,2712,118557,1347
2021-10-04,Alpine,003,1148,99,102,0,102,0
2021-10-04,Amador,005,37829,5272,5163,54,5217,61
2021-10-04,Butte,007,227075,19528,19081,3516,22597,245
2021-10-04,Calaveras,009,45235,3709,3641,44,3685,73
2021-10-04,Colusa,011,21464,2440,2414,571,2985,18
2021-10-04,Contra Costa,013,1133247,96694,95958,2047,98005,937
2021-10-04,Del Norte,015,27424,3573,3485,40,3525,39
2021-10-04,El Dorado,017,186661,15270,15031,1578,16609,138
2021-10-04,Fresno,019,978130,131648,129665,11820,141485,1978
2021-10-04,Glenn,021,27897,3321,3270,930,4200,26
2021-10-04,Humboldt,023,135768,8520,8355,445,8800,94
2021-10-04,Imperial,025,180216,32144,31866,3281,35147,757
2021-10-04,Inyo,027,18085,1846,1792,36,1828,39
2021-10-04,Kern,029,883053,120780,118984,19568,138552,1531
2021-10-04,Kings,031,150075,30245,29702,1765,31467,303
2021-10-04,Lake,033,64148,6357,6248,126,6374,97
2021-10-04,Lassen,035,31185,6523,6405,307,6712,25
2021-10-04,Los Angeles,037,10098052,1409987,1399604,52860,1452464,26186
2021-10-04,Madera,039,155013,21551,21126,1820,22946,266
2021-10-04,Marin,041,260295,17145,17008,423,17431,242
2021-10-04,Mariposa,043,17540,1061,1024,33,1057,5
2021-10-04,Mendocino,045,87422,7079,6947,412,7359,79
2021-10-04,Merced,047,269075,39883,39565,1534,41099,558
2021-10-04,Modoc,049,8938,488,473,172,645,5
2021-10-04,Mono,051,14174,1592,1561,20,1581,3
2021-10-04,Monterey,053,433212,47997,47058,2727,49785,571
2021-10-04,Napa,055,140530,12608,12506,100,12606,96
2021-10-04,Nevada,057,99092,8660,8563,303,8866,90
2021-10-04,Orange,059,3164182,300650,298165,14371,312536,5438
2021-10-04,Placer,061,380077,35167,34630,3380,38010,379
2021-10-04,Plumas,063,18699,1440,1329,26,1355,6
2021-10-04,Riverside,065,2383286,353442,348828,16128,364956,4923
2021-10-04,Sacramento,067,1510023,151930,150887,4068,154955,2115
2021-10-04,San Benito,069,59416,7127,7099,152,7251,69
2021-10-04,San Bernardino,071,2135413,344867,342418,10808,353226,5551
2021-10-04,San Diego,073,3302833,361045,358525,21057,379582,4090
2021-10-04,San Francisco,075,870044,51359,50798,2219,53017,638
2021-10-04,San Joaquin,077,732212,96170,95198,5191,100389,1649
2021-10-04,San Luis Obispo,079,281455,28518,28090,1156,29246,323
2021-10-04,San Mateo,081,765935,52876,51958,812,52770,569
2021-10-04,Santa Barbara,083,443738,42930,42585,1570,44155,511
2021-10-04,Santa Clara,085,1922200,143035,141840,1174,143014,1869
2021-10-04,Santa Cruz,087,273765,19786,19559,987,20546,216
2021-10-04,Shasta,089,179085,19606,19170,3288,22458,279
2021-10-04,Sierra,091,2930,145,136,14,150,0
2021-10-04,Siskiyou,093,43540,3194,3103,1179,4282,42
2021-10-04,Solano,095,438530,44812,44092,1187,45279,322
2021-10-04,Sonoma,097,501317,39981,39720,500,40220,381
2021-10-04,Stanislaus,099,539301,74479,74444,8421,82865,1106
2021-10-04,Sutter,101,95872,13377,13261,285,13546,164
2021-10-04,Tehama,103,63373,7754,7585,1304,8889,95
2021-10-04,Trinity,105,12862,797,649,204,853,11
2021-10-04,Tulare,107,460477,64317,62957,13588,76545,920
2021-10-04,Tuolumne,109,53932,6517,6442,77,6519,89
2021-10-04,Ventura,111,848112,95993,95170,4210,99380,1153
2021-10-04,Yolo,113,214977,18970,18761,1012,19773,242
2021-10-04,Yuba,115,75493,9592,9481,228,9709,68
2021-10-03,Alameda,001,1643700,116469,115751,2702,118453,1349
2021-10-03,Alpine,003,1148,99,102,0,102,0
2021-10-03,Amador,005,37829,5254,5160,52,5212,61
2021-10-03,Butte,007,227075,19455,19066,3500,22566,245
2021-10-03,Calaveras,009,45235,3692,3632,44,3676,73
2021-10-03,Colusa,011,21464,2439,2413,568,2981,18
2021-10-03,Contra Costa,013,1133247,96560,95890,2040,97930,937
2021-10-03,Del Norte,015,27424,3567,3483,39,3522,39
2021-10-03,El Dorado,017,186661,15212,15014,1571,16585,139
2021-10-03,Fresno,019,978130,131268,129365,11779,141144,1978
2021-10-03,Glenn,021,27897,3314,3266,923,4189,26
2021-10-03,Humboldt,023,135768,8475,8352,441,8793,94
2021-10-03,Imperial,025,180216,32077,31844,3272,35116,757
2021-10-03,Inyo,027,18085,1825,1788,36,1824,39
2021-10-03,Kern,029,883053,120476,118851,19446,138297,1535
2021-10-03,Kings,031,150075,30144,29623,1758,31381,300
2021-10-03,Lake,033,64148,6331,6239,126,6365,97
2021-10-03,Lassen,035,31185,6501,6400,305,6705,25
2021-10-03,Los Angeles,037,10098052,1408716,1398790,52805,1451595,26179
2021-10-03,Madera,039,155013,21479,21066,1810,22876,266
2021-10-03,Marin,041,260295,17122,16995,418,17413,242
2021-10-03,Mariposa,043,17540,1054,1011,33,1044,5
2021-10-03,Mendocino,045,87422,7059,6939,403,7342,79
2021-10-03,Merced,047,269075,39776,39516,1514,41030,558
2021-10-03,Modoc,049,8938,487,472,171,643,5
2021-10-03,Mono,051,14174,1588,1554,20,1574,3
2021-10-03,Monterey,053,433212,47972,47049,2716,49765,571
2021-10-03,Napa,055,140530,12580,12489,98,12587,96
2021-10-03,Nevada,057,99092,8625,8545,303,8848,90
2021-10-03,Orange,059,3164182,300368,298027,14351,312378,5447
2021-10-03,Placer,061,380077,35028,34596,3363,37959,379
2021-10-03,Plumas,063,18699,1412,1328,26,1354,6
2021-10-03,Riverside,065,2383286,353011,348593,16108,364701,4924
2021-10-03,Sacramento,067,1510023,151640,150664,4040,154704,2120
2021-10-03,San Benito,069,59416,7118,7095,152,7247,69
2021-10-03,San Bernardino,071,2135413,344457,342302,10801,353103,5555
2021-10-03,San Diego,073,3302833,360449,358153,21025,379178,4081
2021-10-03,San Francisco,075,870044,51271,50733,2216,52949,638
2021-10-03,San Joaquin,077,732212,95980,95133,5183,100316,1649
2021-10-03,San Luis Obispo,079,281455,28451,28065,1151,29216,325
2021-10-03,San Mateo,081,765935,52809,51923,811,52734,569
2021-10-03,Santa Barbara,083,443738,42833,42550,1562,44112,511
2021-10-03,Santa Clara,085,1922200,142865,141737,1166,142903,1869
2021-10-03,Santa Cruz,087,273765,19746,19548,985,20533,216
2021-10-03,Shasta,089,179085,19501,19132,3259,22391,279
2021-10-03,Sierra,091,2930,142,136,14,150,0
2021-10-03,Siskiyou,093,43540,3181,3096,1168,4264,42
2021-10-03,Solano,095,438530,44748,44051,1184,45235,322
2021-10-03,Sonoma,097,501317,39914,39679,500,40179,381
2021-10-03,Stanislaus,099,539301,74293,74366,8403,82769,1106
2021-10-03,Sutter,101,95872,13362,13248,281,13529,164
2021-10-03,Tehama,103,63373,7711,7564,1299,8863,94
2021-10-03,Trinity,105,12862,793,647,202,849,11
2021-10-03,Tulare,107,460477,64115,62860,13514,76374,924
2021-10-03,Tuolumne,109,53932,6488,6430,75,6505,89
2021-10-03,Ventura,111,848112,95888,95108,4207,99315,1153
2021-10-03,Yolo,113,214977,18941,18720,1005,19725,242
2021-10-03,Yuba,115,75493,9573,9462,227,9689,68
2021-10-02,Alameda,001,1643700,116363,115185,2698,117883,1343
2021-10-02,Alpine,003,1148,99,102,0,102,0
2021-10-02,Amador,005,37829,5245,5105,52,5157,61
2021-10-02,Butte,007,227075,19424,18911,3493,22404,243
2021-10-02,Calaveras,009,45235,3685,3585,44,3629,72
2021-10-02,Colusa,011,21464,2438,2403,566,2969,18
2021-10-02,Contra Costa,013,1133247,96488,95369,2036,97405,933
2021-10-02,Del Norte,015,27424,3562,3468,39,3507,39
2021-10-02,El Dorado,017,186661,15186,14887,1570,16457,136
2021-10-02,Fresno,019,978130,131097,128450,11766,140216,1964
2021-10-02,Glenn,021,27897,3309,3234,923,4157,26
2021-10-02,Humboldt,023,135768,8456,8244,441,8685,94
2021-10-02,Imperial,025,180216,32043,31674,3268,34942,757
2021-10-02,Inyo,027,18085,1816,1746,36,1782,39
2021-10-02,Kern,029,883053,120343,117962,19364,137326,1524
2021-10-02,Kings,031,150075,30095,29339,1754,31093,301
2021-10-02,Lake,033,64148,6322,6191,126,6317,97
2021-10-02,Lassen,035,31185,6496,6360,305,6665,25
2021-10-02,Los Angeles,037,10098052,1408110,1395070,52768,1447838,26126
2021-10-02,Madera,039,155013,21454,20931,1801,22732,266
2021-10-02,Marin,041,260295,17117,16936,415,17351,242
2021-10-02,Mariposa,043,17540,1052,967,33,1000,5
2021-10-02,Mendocino,045,87422,7049,6869,403,7272,78
2021-10-02,Merced,047,269075,39749,39196,1510,40706,552
2021-10-02,Modoc,049,8938,485,468,171,639,5
2021-10-02,Mono,051,14174,1586,1540,20,1560,3
2021-10-02,Monterey,053,433212,47917,46964,2715,49679,571
2021-10-02,Napa,055,140530,12569,12433,98,12531,96
2021-10-02,Nevada,057,99092,8614,8474,302,8776,87
2021-10-02,Orange,059,3164182,300203,297307,14331,311638,5435
2021-10-02,Placer,061,380077,34962,34377,3354,37731,381
2021-10-02,Plumas,063,18699,1401,1298,26,1324,6
2021-10-02,Riverside,065,2383286,352770,347227,16097,363324,4895
2021-10-02,Sacramento,067,1510023,151466,149897,4032,153929,2099
2021-10-02,San Benito,069,59416,7111,7055,152,7207,69
2021-10-02,San Bernardino,071,2135413,344274,341212,10751,351963,5540
2021-10-02,San Diego,073,3302833,360127,356454,21003,377457,4078
2021-10-02,San Francisco,075,870044,51222,50393,2211,52604,634
2021-10-02,San Joaquin,077,732212,95915,94599,5177,99776,1646
2021-10-02,San Luis Obispo,079,281455,28427,27915,1151,29066,323
2021-10-02,San Mateo,081,765935,52768,51767,807,52574,573
2021-10-02,Santa Barbara,083,443738,42793,42423,1562,43985,508
2021-10-02,Santa Clara,085,1922200,142751,141231,1162,142393,1862
2021-10-02,Santa Cruz,087,273765,19729,19461,984,20445,214
2021-10-02,Shasta,089,179085,19455,18912,3253,22165,270
2021-10-02,Sierra,091,2930,141,131,14,145,0
2021-10-02,Siskiyou,093,43540,3180,3053,1165,4218,42
2021-10-02,Solano,095,438530,44703,43800,1183,44983,321
2021-10-02,Sonoma,097,501317,39880,39497,499,39996,382
2021-10-02,Stanislaus,099,539301,74207,73859,8390,82249,1099
2021-10-02,Sutter,101,95872,13353,13160,280,13440,160
2021-10-02,Tehama,103,63373,7696,7453,1299,8752,93
2021-10-02,Trinity,105,12862,790,625,202,827,10
2021-10-02,Tulare,107,460477,64041,62247,13487,75734,908
2021-10-02,Tuolumne,109,53932,6474,6369,75,6444,89
2021-10-02,Ventura,111,848112,95816,94854,4202,99056,1148
2021-10-02,Yolo,113,214977,18916,18640,1001,19641,242
2021-10-02,Yuba,115,75493,9554,9370,226,9596,66
2021-10-01,Alameda,001,1643700,116288,115185,2692,117877,1343
2021-10-01,Alpine,003,1148,99,102,0,102,0
2021-10-01,Amador,005,37829,5225,5105,52,5157,61
2021-10-01,Butte,007,227075,19383,18911,3487,22398,243
2021-10-01,Calaveras,009,45235,3675,3585,44,3629,72
2021-10-01,Colusa,011,21464,2436,2403,566,2969,18
2021-10-01,Contra Costa,013,1133247,96389,95369,2032,97401,933
2021-10-01,Del Norte,015,27424,3559,3468,38,3506,39
2021-10-01,El Dorado,017,186661,15168,14887,1566,16453,136
2021-10-01,Fresno,019,978130,130909,128450,11755,140205,1964
2021-10-01,Glenn,021,27897,3307,3234,922,4156,26
2021-10-01,Humboldt,023,135768,8440,8244,441,8685,94
2021-10-01,Imperial,025,180216,32025,31674,3258,34932,757
2021-10-01,Inyo,027,18085,1807,1746,36,1782,39
2021-10-01,Kern,029,883053,120191,117962,19306,137268,1524
2021-10-01,Kings,031,150075,30061,29339,1748,31087,301
2021-10-01,Lake,033,64148,6312,6191,126,6317,97
2021-10-01,Lassen,035,31185,6485,6360,303,6663,25
2021-10-01,Los Angeles,037,10098052,1407349,1395070,52723,1447793,26126
2021-10-01,Madera,039,155013,21404,20931,1792,22723,266
2021-10-01,Marin,041,260295,17102,16936,414,17350,242
2021-10-01,Mariposa,043,17540,1045,967,33,1000,5
2021-10-01,Mendocino,045,87422,7037,6869,403,7272,78
2021-10-01,Merced,047,269075,39703,39196,1501,40697,552
2021-10-01,Modoc,049,8938,484,468,171,639,5
2021-10-01,Mono,051,14174,1583,1540,20,1560,3
2021-10-01,Monterey,053,433212,47896,46964,2712,49676,571
2021-10-01,Napa,055,140530,12559,12433,97,12530,96
2021-10-01,Nevada,057,99092,8600,8474,301,8775,87
2021-10-01,Orange,059,3164182,300019,297307,14311,311618,5435
2021-10-01,Placer,061,380077,34928,34377,3350,37727,381
2021-10-01,Plumas,063,18699,1392,1298,26,1324,6
2021-10-01,Riverside,065,2383286,352477,347227,16089,363316,4895
2021-10-01,Sacramento,067,1510023,151313,149897,4021,153918,2099
2021-10-01,San Benito,069,59416,7109,7055,150,7205,69
2021-10-01,San Bernardino,071,2135413,344075,341212,10748,351960,5540
2021-10-01,San Diego,073,3302833,359760,356454,20982,377436,4078
2021-10-01,San Francisco,075,870044,51181,50393,2209,52602,634
2021-10-01,San Joaquin,077,732212,95845,94599,5173,99772,1646
2021-10-01,San Luis Obispo,079,281455,28403,27915,1148,29063,323
2021-10-01,San Mateo,081,765935,52728,51767,804,52571,573
2021-10-01,Santa Barbara,083,443738,42757,42423,1562,43985,508
2021-10-01,Santa Clara,085,1922200,142658,141231,1157,142388,1862
2021-10-01,Santa Cruz,087,273765,19709,19461,983,20444,214
2021-10-01,Shasta,089,179085,19401,18912,3245,22157,270
2021-10-01,Sierra,091,2930,141,131,14,145,0
2021-10-01,Siskiyou,093,43540,3179,3053,1162,4215,42
2021-10-01,Solano,095,438530,44651,43800,1177,44977,321
2021-10-01,Sonoma,097,501317,39848,39497,498,39995,382
2021-10-01,Stanislaus,099,539301,74123,73859,8379,82238,1099
2021-10-01,Sutter,101,95872,13337,13160,278,13438,160
2021-10-01,Tehama,103,63373,7684,7453,1297,8750,93
2021-10-01,Trinity,105,12862,788,625,202,827,10
2021-10-01,Tulare,107,460477,63938,62247,13452,75699,908
2021-10-01,Tuolumne,109,53932,6457,6369,75,6444,89
2021-10-01,Ventura,111,848112,95749,94854,4197,99051,1148
2021-10-01,Yolo,113,214977,18892,18640,997,19637,242
2021-10-01,Yuba,115,75493,9532,9370,226,9596,66
2021-09-30,Alameda,001,1643700,116142,115185,2689,117874,1343
2021-09-30,Alpine,003,1148,99,102,0,102,0
2021-09-30,Amador,005,37829,5213,5105,52,5157,61
2021-09-30,Butte,007,227075,19334,18911,3478,22389,243
2021-09-30,Calaveras,009,45235,3661,3585,44,3629,72
2021-09-30,Colusa,011,21464,2433,2403,565,2968,18
2021-09-30,Contra Costa,013,1133247,96284,95369,2026,97395,933
2021-09-30,Del Norte,015,27424,3555,3468,35,3503,39
2021-09-30,El Dorado,017,186661,15143,14887,1558,16445,136
2021-09-30,Fresno,019,978130,130633,128450,11721,140171,1964
2021-09-30,Glenn,021,27897,3297,3234,920,4154,26
2021-09-30,Humboldt,023,135768,8408,8244,435,8679,94
2021-09-30,Imperial,025,180216,31973,31674,3253,34927,757
2021-09-30,Inyo,027,18085,1797,1746,36,1782,39
2021-09-30,Kern,029,883053,119947,117962,19224,137186,1524
2021-09-30,Kings,031,150075,29971,29339,1744,31083,301
2021-09-30,Lake,033,64148,6294,6191,126,6317,97
2021-09-30,Lassen,035,31185,6471,6360,303,6663,25
2021-09-30,Los Angeles,037,10098052,1406143,1395070,52664,1447734,26126
2021-09-30,Madera,039,155013,21321,20931,1777,22708,266
2021-09-30,Marin,041,260295,17082,16936,413,17349,242
2021-09-30,Mariposa,043,17540,1023,967,33,1000,5
2021-09-30,Mendocino,045,87422,7028,6869,394,7263,78
2021-09-30,Merced,047,269075,39606,39196,1497,40693,552
2021-09-30,Modoc,049,8938,484,468,170,638,5
2021-09-30,Mono,051,14174,1575,1540,20,1560,3
2021-09-30,Monterey,053,433212,47867,46964,2700,49664,571
2021-09-30,Napa,055,140530,12539,12433,97,12530,96
2021-09-30,Nevada,057,99092,8583,8474,300,8774,87
2021-09-30,Orange,059,3164182,299747,297307,14272,311579,5435
2021-09-30,Placer,061,380077,34876,34377,3329,37706,381
2021-09-30,Plumas,063,18699,1374,1298,26,1324,6
2021-09-30,Riverside,065,2383286,352044,347227,16068,363295,4895
2021-09-30,Sacramento,067,1510023,151053,149897,3995,153892,2099
2021-09-30,San Benito,069,59416,7103,7055,150,7205,69
2021-09-30,San Bernardino,071,2135413,343764,341212,10734,351946,5540
2021-09-30,San Diego,073,3302833,359266,356454,20956,377410,4078
2021-09-30,San Francisco,075,870044,51104,50393,2205,52598,634
2021-09-30,San Joaquin,077,732212,95715,94599,5165,99764,1646
2021-09-30,San Luis Obispo,079,281455,28355,27915,1144,29059,323
2021-09-30,San Mateo,081,765935,52679,51767,801,52568,573
2021-09-30,Santa Barbara,083,443738,42701,42423,1561,43984,508
2021-09-30,Santa Clara,085,1922200,142507,141231,1154,142385,1862
2021-09-30,Santa Cruz,087,273765,19669,19461,982,20443,214
2021-09-30,Shasta,089,179085,19339,18912,3230,22142,270
2021-09-30,Sierra,091,2930,140,131,14,145,0
2021-09-30,Siskiyou,093,43540,3171,3053,1157,4210,42
2021-09-30,Solano,095,438530,44597,43800,1174,44974,321
2021-09-30,Sonoma,097,501317,39799,39497,498,39995,382
2021-09-30,Stanislaus,099,539301,73962,73859,8360,82219,1099
2021-09-30,Sutter,101,95872,13316,13160,278,13438,160
2021-09-30,Tehama,103,63373,7647,7453,1286,8739,93
2021-09-30,Trinity,105,12862,784,625,202,827,10
2021-09-30,Tulare,107,460477,63762,62247,13393,75640,908
2021-09-30,Tuolumne,109,53932,6434,6369,75,6444,89
2021-09-30,Ventura,111,848112,95644,94854,4190,99044,1148
2021-09-30,Yolo,113,214977,18853,18640,994,19634,242
2021-09-30,Yuba,115,75493,9509,9370,225,9595,66
2021-09-29,Alameda,001,1643700,115993,114998,2686,117684,1339
2021-09-29,Alpine,003,1148,99,101,0,101,0
2021-09-29,Amador,005,37829,5191,5058,52,5110,61
2021-09-29,Butte,007,227075,19280,18835,3471,22306,242
2021-09-29,Calaveras,009,45235,3644,3553,43,3596,72
2021-09-29,Colusa,011,21464,2431,2401,565,2966,18
2021-09-29,Contra Costa,013,1133247,96170,95213,2018,97231,929
2021-09-29,Del Norte,015,27424,3549,3467,35,3502,39
2021-09-29,El Dorado,017,186661,15109,14834,1551,16385,136
2021-09-29,Fresno,019,978130,130333,128068,11701,139769,1957
2021-09-29,Glenn,021,27897,3292,3213,918,4131,26
2021-09-29,Humboldt,023,135768,8384,8203,434,8637,94
2021-09-29,Imperial,025,180216,31906,31600,3248,34848,757
2021-09-29,Inyo,027,18085,1787,1740,35,1775,39
2021-09-29,Kern,029,883053,119712,117605,19148,136753,1513
2021-09-29,Kings,031,150075,29888,29195,1729,30924,299
2021-09-29,Lake,033,64148,6274,6164,126,6290,97
2021-09-29,Lassen,035,31185,6457,6347,303,6650,25
2021-09-29,Los Angeles,037,10098052,1404932,1393617,52592,1446209,26098
2021-09-29,Madera,039,155013,21276,20818,1761,22579,266
2021-09-29,Marin,041,260295,17064,16921,411,17332,242
2021-09-29,Mariposa,043,17540,1008,963,33,996,5
2021-09-29,Mendocino,045,87422,7016,6821,386,7207,78
2021-09-29,Merced,047,269075,39512,39026,1486,40512,552
2021-09-29,Modoc,049,8938,482,468,170,638,5
2021-09-29,Mono,051,14174,1573,1527,20,1547,3
2021-09-29,Monterey,053,433212,47830,46917,2686,49603,571
2021-09-29,Napa,055,140530,12519,12416,93,12509,96
2021-09-29,Nevada,057,99092,8570,8434,300,8734,87
2021-09-29,Orange,059,3164182,299478,296936,14236,311172,5429
2021-09-29,Placer,061,380077,34813,34271,3306,37577,379
2021-09-29,Plumas,063,18699,1355,1289,26,1315,6
2021-09-29,Riverside,065,2383286,351610,346558,16055,362613,4886
2021-09-29,Sacramento,067,1510023,150801,149686,3985,153671,2099
2021-09-29,San Benito,069,59416,7092,7039,150,7189,69
2021-09-29,San Bernardino,071,2135413,343443,340672,10720,351392,5539
2021-09-29,San Diego,073,3302833,358764,355899,20926,376825,4066
2021-09-29,San Francisco,075,870044,51019,50286,2201,52487,629
2021-09-29,San Joaquin,077,732212,95558,94356,5143,99499,1645
2021-09-29,San Luis Obispo,079,281455,28309,27800,1138,28938,323
2021-09-29,San Mateo,081,765935,52620,51673,799,52472,573
2021-09-29,Santa Barbara,083,443738,42629,42328,1558,43886,507
2021-09-29,Santa Clara,085,1922200,142372,141036,1148,142184,1861
2021-09-29,Santa Cruz,087,273765,19651,19425,981,20406,214
2021-09-29,Shasta,089,179085,19273,18805,3218,22023,271
2021-09-29,Sierra,091,2930,136,130,14,144,0
2021-09-29,Siskiyou,093,43540,3158,3043,1150,4193,42
2021-09-29,Solano,095,438530,44541,43724,1167,44891,321
2021-09-29,Sonoma,097,501317,39738,39426,496,39922,370
2021-09-29,Stanislaus,099,539301,73832,73634,8349,81983,1096
2021-09-29,Sutter,101,95872,13289,13135,275,13410,155
2021-09-29,Tehama,103,63373,7617,7409,1271,8680,88
2021-09-29,Trinity,105,12862,780,616,202,818,10
2021-09-29,Tulare,107,460477,63590,62046,13334,75380,908
2021-09-29,Tuolumne,109,53932,6417,6336,75,6411,89
2021-09-29,Ventura,111,848112,95554,94753,4186,98939,1144
2021-09-29,Yolo,113,214977,18820,18587,989,19576,239
2021-09-29,Yuba,115,75493,9478,9351,221,9572,66
2021-09-28,Alameda,001,1643700,115832,114869,2680,117549,1333
2021-09-28,Alpine,003,1148,99,101,0,101,0
2021-09-28,Amador,005,37829,5169,5049,52,5101,61
2021-09-28,Butte,007,227075,19228,18764,3458,22222,241
2021-09-28,Calaveras,009,45235,3624,3530,43,3573,72
2021-09-28,Colusa,011,21464,2428,2399,563,2962,18
2021-09-28,Contra Costa,013,1133247,96028,95115,2013,97128,929
2021-09-28,Del Norte,015,27424,3546,3462,35,3497,39
2021-09-28,El Dorado,017,186661,15062,14793,1547,16340,133
2021-09-28,Fresno,019,978130,129989,127877,11667,139544,1948
2021-09-28,Glenn,021,27897,3287,3205,917,4122,26
2021-09-28,Humboldt,023,135768,8343,8159,431,8590,91
2021-09-28,Imperial,025,180216,31862,31543,3243,34786,757
2021-09-28,Inyo,027,18085,1773,1708,34,1742,39
2021-09-28,Kern,029,883053,119444,117420,19053,136473,1506
2021-09-28,Kings,031,150075,29787,29141,1721,30862,295
2021-09-28,Lake,033,64148,6259,6155,126,6281,95
2021-09-28,Lassen,035,31185,6451,6340,299,6639,25
2021-09-28,Los Angeles,037,10098052,1403638,1392445,52523,1444968,26068
2021-09-28,Madera,039,155013,21222,20764,1745,22509,266
2021-09-28,Marin,041,260295,17045,16887,409,17296,242
2021-09-28,Mariposa,043,17540,1003,952,33,985,5
2021-09-28,Mendocino,045,87422,6994,6804,384,7188,78
2021-09-28,Merced,047,269075,39424,38953,1473,40426,551
2021-09-28,Modoc,049,8938,481,467,170,637,5
2021-09-28,Mono,051,14174,1563,1527,20,1547,3
2021-09-28,Monterey,053,433212,47793,46859,2677,49536,571
2021-09-28,Napa,055,140530,12502,12388,92,12480,96
2021-09-28,Nevada,057,99092,8547,8409,299,8708,84
2021-09-28,Orange,059,3164182,299225,296596,14208,310804,5421
2021-09-28,Placer,061,380077,34748,34187,3288,37475,370
2021-09-28,Plumas,063,18699,1346,1276,26,1302,6
2021-09-28,Riverside,065,2383286,351151,346096,16034,362130,4874
2021-09-28,Sacramento,067,1510023,150511,149310,3963,153273,2086
2021-09-28,San Benito,069,59416,7075,7028,149,7177,69
2021-09-28,San Bernardino,071,2135413,343094,340342,10703,351045,5540
2021-09-28,San Diego,073,3302833,358203,355373,20895,376268,4054
2021-09-28,San Francisco,075,870044,50918,50234,2200,52434,627
2021-09-28,San Joaquin,077,732212,95404,94194,5130,99324,1639
2021-09-28,San Luis Obispo,079,281455,28274,27755,1133,28888,321
2021-09-28,San Mateo,081,765935,52575,51620,798,52418,571
2021-09-28,Santa Barbara,083,443738,42557,42226,1557,43783,506
2021-09-28,Santa Clara,085,1922200,142211,140886,1139,142025,1858
2021-09-28,Santa Cruz,087,273765,19610,19324,980,20304,214
2021-09-28,Shasta,089,179085,19212,18701,3204,21905,267
2021-09-28,Sierra,091,2930,135,130,13,143,0
2021-09-28,Siskiyou,093,43540,3146,3032,1147,4179,42
2021-09-28,Solano,095,438530,44468,43652,1164,44816,316
2021-09-28,Sonoma,097,501317,39691,39395,495,39890,370
2021-09-28,Stanislaus,099,539301,73660,73528,8337,81865,1094
2021-09-28,Sutter,101,95872,13270,13102,271,13373,155
2021-09-28,Tehama,103,63373,7599,7382,1256,8638,88
2021-09-28,Trinity,105,12862,777,613,202,815,10
2021-09-28,Tulare,107,460477,63430,61916,13275,75191,905
2021-09-28,Tuolumne,109,53932,6391,6308,75,6383,89
2021-09-28,Ventura,111,848112,95428,94632,4183,98815,1143
2021-09-28,Yolo,113,214977,18794,18564,986,19550,239
2021-09-28,Yuba,115,75493,9459,9323,220,9543,66
2021-09-27,Alameda,001,1643700,115642,114731,2671,117402,1327
2021-09-27,Alpine,003,1148,99,101,0,101,0
2021-09-27,Amador,005,37829,5155,5017,52,5069,59
2021-09-27,Butte,007,227075,19171,18687,3442,22129,239
2021-09-27,Calaveras,009,45235,3604,3514,42,3556,70
2021-09-27,Colusa,011,21464,2427,2393,562,2955,18
2021-09-27,Contra Costa,013,1133247,95897,94979,2004,96983,924
2021-09-27,Del Norte,015,27424,3544,3468,33,3501,37
2021-09-27,El Dorado,017,186661,15023,14764,1540,16304,132
2021-09-27,Fresno,019,978130,129670,127475,11635,139110,1942
2021-09-27,Glenn,021,27897,3274,3189,912,4101,26
2021-09-27,Humboldt,023,135768,8303,8118,431,8549,91
2021-09-27,Imperial,025,180216,31799,31491,3235,34726,756
2021-09-27,Inyo,027,18085,1761,1698,34,1732,39
2021-09-27,Kern,029,883053,119168,117064,18955,136019,1503
2021-09-27,Kings,031,150075,29689,28998,1709,30707,297
2021-09-27,Lake,033,64148,6239,6126,124,6250,95
2021-09-27,Lassen,035,31185,6436,6327,295,6622,25
2021-09-27,Los Angeles,037,10098052,1402302,1391538,52454,1443992,26040
2021-09-27,Madera,039,155013,21157,20691,1737,22428,262
2021-09-27,Marin,041,260295,17023,16861,408,17269,242
2021-09-27,Mariposa,043,17540,993,931,33,964,5
2021-09-27,Mendocino,045,87422,6968,6761,377,7138,74
2021-09-27,Merced,047,269075,39325,38840,1467,40307,548
2021-09-27,Modoc,049,8938,480,465,168,633,5
2021-09-27,Mono,051,14174,1551,1525,20,1545,3
2021-09-27,Monterey,053,433212,47750,46811,2665,49476,571
2021-09-27,Napa,055,140530,12478,12354,91,12445,95
2021-09-27,Nevada,057,99092,8524,8379,296,8675,84
2021-09-27,Orange,059,3164182,298920,296334,14177,310511,5409
2021-09-27,Placer,061,380077,34661,34087,3283,37370,370
2021-09-27,Plumas,063,18699,1336,1269,26,1295,6
2021-09-27,Riverside,065,2383286,350709,345529,16024,361553,4864
2021-09-27,Sacramento,067,1510023,150193,149096,3941,153037,2076
2021-09-27,San Benito,069,59416,7058,7017,149,7166,67
2021-09-27,San Bernardino,071,2135413,342679,339952,10678,350630,5544
2021-09-27,San Diego,073,3302833,357545,354755,20870,375625,4054
2021-09-27,San Francisco,075,870044,50834,50157,2196,52353,622
2021-09-27,San Joaquin,077,732212,95220,94085,5127,99212,1633
2021-09-27,San Luis Obispo,079,281455,28219,27674,1130,28804,320
2021-09-27,San Mateo,081,765935,52498,51552,798,52350,571
2021-09-27,Santa Barbara,083,443738,42490,42012,1553,43565,505
2021-09-27,Santa Clara,085,1922200,142029,140802,1129,141931,1853
2021-09-27,Santa Cruz,087,273765,19586,19292,979,20271,214
2021-09-27,Shasta,089,179085,19131,18599,3177,21776,267
2021-09-27,Sierra,091,2930,135,128,13,141,0
2021-09-27,Siskiyou,093,43540,3134,3015,1142,4157,42
2021-09-27,Solano,095,438530,44393,43582,1158,44740,314
2021-09-27,Sonoma,097,501317,39638,39347,495,39842,370
2021-09-27,Stanislaus,099,539301,73509,73370,8317,81687,1091
2021-09-27,Sutter,101,95872,13239,13082,268,13350,155
2021-09-27,Tehama,103,63373,7558,7345,1246,8591,88
2021-09-27,Trinity,105,12862,766,605,201,806,9
2021-09-27,Tulare,107,460477,63230,61708,13204,74912,904
2021-09-27,Tuolumne,109,53932,6370,6264,75,6339,89
2021-09-27,Ventura,111,848112,95302,94477,4179,98656,1138
2021-09-27,Yolo,113,214977,18762,18524,985,19509,239
2021-09-27,Yuba,115,75493,9422,9292,216,9508,64
2021-09-26,Alameda,001,1643700,115445,114601,2664,117265,1326
2021-09-26,Alpine,003,1148,99,101,0,101,0
2021-09-26,Amador,005,37829,5123,5001,51,5052,59
2021-09-26,Butte,007,227075,19095,18634,3425,22059,238
2021-09-26,Calaveras,009,45235,3583,3505,42,3547,70
2021-09-26,Colusa,011,21464,2421,2392,559,2951,18
2021-09-26,Contra Costa,013,1133247,95723,94877,1991,96868,924
2021-09-26,Del Norte,015,27424,3539,3466,32,3498,37
2021-09-26,El Dorado,017,186661,14981,14738,1532,16270,132
2021-09-26,Fresno,019,978130,129313,127235,11591,138826,1939
2021-09-26,Glenn,021,27897,3266,3182,910,4092,26
2021-09-26,Humboldt,023,135768,8268,8098,430,8528,91
2021-09-26,Imperial,025,180216,31738,31462,3233,34695,756
2021-09-26,Inyo,027,18085,1746,1685,34,1719,39
2021-09-26,Kern,029,883053,118831,116927,18845,135772,1502
2021-09-26,Kings,031,150075,29588,28930,1698,30628,293
2021-09-26,Lake,033,64148,6222,6113,124,6237,95
2021-09-26,Lassen,035,31185,6426,6319,290,6609,25
2021-09-26,Los Angeles,037,10098052,1400813,1390577,52383,1442960,26035
2021-09-26,Madera,039,155013,21083,20629,1718,22347,262
2021-09-26,Marin,041,260295,17000,16860,408,17268,242
2021-09-26,Mariposa,043,17540,987,929,33,962,5
2021-09-26,Mendocino,045,87422,6934,6744,360,7104,74
2021-09-26,Merced,047,269075,39164,38717,1462,40179,548
2021-09-26,Modoc,049,8938,480,465,167,632,5
2021-09-26,Mono,051,14174,1547,1516,20,1536,3
2021-09-26,Monterey,053,433212,47703,46792,2651,49443,571
2021-09-26,Napa,055,140530,12454,12340,90,12430,95
2021-09-26,Nevada,057,99092,8493,8356,291,8647,84
2021-09-26,Orange,059,3164182,298582,296085,14145,310230,5409
2021-09-26,Placer,061,380077,34567,34043,3273,37316,370
2021-09-26,Plumas,063,18699,1318,1268,26,1294,6
2021-09-26,Riverside,065,2383286,350176,345257,16010,361267,4864
2021-09-26,Sacramento,067,1510023,149789,148745,3922,152667,2071
2021-09-26,San Benito,069,59416,7041,7012,148,7160,67
2021-09-26,San Bernardino,071,2135413,342224,339771,10663,350434,5545
2021-09-26,San Diego,073,3302833,356903,354414,20829,375243,4051
2021-09-26,San Francisco,075,870044,50708,50092,2186,52278,622
2021-09-26,San Joaquin,077,732212,95016,93935,5113,99048,1633
2021-09-26,San Luis Obispo,079,281455,28145,27624,1125,28749,319
2021-09-26,San Mateo,081,765935,52429,51496,796,52292,571
2021-09-26,Santa Barbara,083,443738,42403,41946,1550,43496,505
2021-09-26,Santa Clara,085,1922200,141829,140667,1125,141792,1852
2021-09-26,Santa Cruz,087,273765,19561,19279,979,20258,214
2021-09-26,Shasta,089,179085,19022,18566,3154,21720,266
2021-09-26,Sierra,091,2930,135,128,13,141,0
2021-09-26,Siskiyou,093,43540,3120,2998,1132,4130,42
2021-09-26,Solano,095,438530,44326,43537,1157,44694,314
2021-09-26,Sonoma,097,501317,39579,39302,495,39797,370
2021-09-26,Stanislaus,099,539301,73309,73243,8289,81532,1091
2021-09-26,Sutter,101,95872,13202,13045,267,13312,155
2021-09-26,Tehama,103,63373,7500,7323,1235,8558,88
2021-09-26,Trinity,105,12862,763,591,201,792,9
2021-09-26,Tulare,107,460477,63009,61560,13125,74685,904
2021-09-26,Tuolumne,109,53932,6342,6236,73,6309,89
2021-09-26,Ventura,111,848112,95189,94391,4172,98563,1138
2021-09-26,Yolo,113,214977,18726,18496,977,19473,239
2021-09-26,Yuba,115,75493,9395,9275,216,9491,64
2021-09-25,Alameda,001,1643700,115365,114014,2661,116675,1324
2021-09-25,Alpine,003,1148,99,101,0,101,0
2021-09-25,Amador,005,37829,5109,4934,51,4985,59
2021-09-25,Butte,007,227075,19066,18396,3416,21812,236
2021-09-25,Calaveras,009,45235,3580,3461,42,3503,70
2021-09-25,Colusa,011,21464,2419,2387,557,2944,16
2021-09-25,Contra Costa,013,1133247,95652,94337,1987,96324,924
2021-09-25,Del Norte,015,27424,3538,3404,32,3436,35
2021-09-25,El Dorado,017,186661,14958,14641,1528,16169,130
2021-09-25,Fresno,019,978130,129169,126299,11573,137872,1927
2021-09-25,Glenn,021,27897,3260,3144,909,4053,25
2021-09-25,Humboldt,023,135768,8249,8014,428,8442,88
2021-09-25,Imperial,025,180216,31711,31280,3233,34513,755
2021-09-25,Inyo,027,18085,1738,1657,34,1691,39
2021-09-25,Kern,029,883053,118676,116021,18777,134798,1485
2021-09-25,Kings,031,150075,29537,28636,1695,30331,293
2021-09-25,Lake,033,64148,6217,6046,122,6168,92
2021-09-25,Lassen,035,31185,6414,6248,289,6537,25
2021-09-25,Los Angeles,037,10098052,1400098,1386417,52344,1438761,25964
2021-09-25,Madera,039,155013,21058,20432,1712,22144,262
2021-09-25,Marin,041,260295,16991,16802,406,17208,242
2021-09-25,Mariposa,043,17540,982,906,33,939,5
2021-09-25,Mendocino,045,87422,6915,6657,359,7016,74
2021-09-25,Merced,047,269075,39118,38393,1460,39853,546
2021-09-25,Modoc,049,8938,480,460,167,627,5
2021-09-25,Mono,051,14174,1544,1501,20,1521,3
2021-09-25,Monterey,053,433212,47673,46653,2649,49302,567
2021-09-25,Napa,055,140530,12434,12266,90,12356,95
2021-09-25,Nevada,057,99092,8476,8285,291,8576,84
2021-09-25,Orange,059,3164182,298409,294514,14127,308641,5374
2021-09-25,Placer,061,380077,34503,33764,3270,37034,367
2021-09-25,Plumas,063,18699,1314,1238,26,1264,6
2021-09-25,Riverside,065,2383286,349853,343463,16002,359465,4843
2021-09-25,Sacramento,067,1510023,149613,147728,3913,151641,2049
2021-09-25,San Benito,069,59416,7036,6965,148,7113,67
2021-09-25,San Bernardino,071,2135413,341991,338413,10649,349062,5540
2021-09-25,San Diego,073,3302833,356553,352017,20803,372820,4039
2021-09-25,San Francisco,075,870044,50664,49840,2185,52025,615
2021-09-25,San Joaquin,077,732212,94930,93273,5111,98384,1628
2021-09-25,San Luis Obispo,079,281455,28107,27447,1121,28568,318
2021-09-25,San Mateo,081,765935,52365,51266,794,52060,568
2021-09-25,Santa Barbara,083,443738,42345,41728,1550,43278,505
2021-09-25,Santa Clara,085,1922200,141723,140023,1123,141146,1844
2021-09-25,Santa Cruz,087,273765,19545,19200,977,20177,214
2021-09-25,Shasta,089,179085,18971,18256,3145,21401,262
2021-09-25,Sierra,091,2930,134,127,13,140,0
2021-09-25,Siskiyou,093,43540,3113,2956,1122,4078,41
2021-09-25,Solano,095,438530,44285,43331,1154,44485,312
2021-09-25,Sonoma,097,501317,39538,39112,495,39607,369
2021-09-25,Stanislaus,099,539301,73201,72628,8275,80903,1091
2021-09-25,Sutter,101,95872,13184,12976,264,13240,154
2021-09-25,Tehama,103,63373,7485,7200,1233,8433,86
2021-09-25,Trinity,105,12862,763,576,201,777,9
2021-09-25,Tulare,107,460477,62927,60909,13080,73989,898
2021-09-25,Tuolumne,109,53932,6330,6168,73,6241,89
2021-09-25,Ventura,111,848112,95122,94059,4168,98227,1129
2021-09-25,Yolo,113,214977,18704,18393,976,19369,239
2021-09-25,Yuba,115,75493,9375,9191,216,9407,61
2021-09-24,Alameda,001,1643700,115259,114014,2657,116671,1324
2021-09-24,Alpine,003,1148,99,101,0,101,0
2021-09-24,Amador,005,37829,5079,4934,51,4985,59
2021-09-24,Butte,007,227075,19014,18396,3407,21803,236
2021-09-24,Calaveras,009,45235,3573,3461,41,3502,70
2021-09-24,Colusa,011,21464,2416,2387,556,2943,16
2021-09-24,Contra Costa,013,1133247,95543,94337,1983,96320,924
2021-09-24,Del Norte,015,27424,3535,3404,32,3436,35
2021-09-24,El Dorado,017,186661,14940,14641,1524,16165,130
2021-09-24,Fresno,019,978130,128970,126299,11561,137860,1927
2021-09-24,Glenn,021,27897,3252,3144,909,4053,25
2021-09-24,Humboldt,023,135768,8230,8014,425,8439,88
2021-09-24,Imperial,025,180216,31673,31280,3230,34510,755
2021-09-24,Inyo,027,18085,1729,1657,34,1691,39
2021-09-24,Kern,029,883053,118540,116021,18711,134732,1485
2021-09-24,Kings,031,150075,29496,28636,1690,30326,293
2021-09-24,Lake,033,64148,6209,6046,122,6168,92
2021-09-24,Lassen,035,31185,6406,6248,288,6536,25
2021-09-24,Los Angeles,037,10098052,1399217,1386417,52301,1438718,25964
2021-09-24,Madera,039,155013,21027,20432,1703,22135,262
2021-09-24,Marin,041,260295,16977,16802,405,17207,242
2021-09-24,Mariposa,043,17540,970,906,33,939,5
2021-09-24,Mendocino,045,87422,6902,6657,359,7016,74
2021-09-24,Merced,047,269075,39074,38393,1460,39853,546
2021-09-24,Modoc,049,8938,480,460,166,626,5
2021-09-24,Mono,051,14174,1539,1501,20,1521,3
2021-09-24,Monterey,053,433212,47652,46653,2641,49294,567
2021-09-24,Napa,055,140530,12415,12266,90,12356,95
2021-09-24,Nevada,057,99092,8462,8285,288,8573,84
2021-09-24,Orange,059,3164182,298201,294514,14109,308623,5374
2021-09-24,Placer,061,380077,34448,33764,3257,37021,367
2021-09-24,Plumas,063,18699,1310,1238,26,1264,6
2021-09-24,Riverside,065,2383286,349519,343463,15993,359456,4843
2021-09-24,Sacramento,067,1510023,149429,147728,3909,151637,2049
2021-09-24,San Benito,069,59416,7030,6965,148,7113,67
2021-09-24,San Bernardino,071,2135413,341724,338413,10639,349052,5540
2021-09-24,San Diego,073,3302833,356199,352017,20788,372805,4039
2021-09-24,San Francisco,075,870044,50600,49840,2177,52017,615
2021-09-24,San Joaquin,077,732212,94817,93273,5109,98382,1628
2021-09-24,San Luis Obispo,079,281455,28076,27447,1116,28563,318
2021-09-24,San Mateo,081,765935,52305,51266,793,52059,568
2021-09-24,Santa Barbara,083,443738,42305,41728,1549,43277,505
2021-09-24,Santa Clara,085,1922200,141611,140023,1122,141145,1844
2021-09-24,Santa Cruz,087,273765,19522,19200,976,20176,214
2021-09-24,Shasta,089,179085,18916,18256,3131,21387,262
2021-09-24,Sierra,091,2930,133,127,13,140,0
2021-09-24,Siskiyou,093,43540,3104,2956,1116,4072,41
2021-09-24,Solano,095,438530,44248,43331,1152,44483,312
2021-09-24,Sonoma,097,501317,39505,39112,495,39607,369
2021-09-24,Stanislaus,099,539301,73085,72628,8260,80888,1091
2021-09-24,Sutter,101,95872,13165,12976,263,13239,154
2021-09-24,Tehama,103,63373,7473,7200,1228,8428,86
2021-09-24,Trinity,105,12862,760,576,201,777,9
2021-09-24,Tulare,107,460477,62836,60909,13038,73947,898
2021-09-24,Tuolumne,109,53932,6301,6168,73,6241,89
2021-09-24,Ventura,111,848112,95044,94059,4161,98220,1129
2021-09-24,Yolo,113,214977,18672,18393,973,19366,239
2021-09-24,Yuba,115,75493,9356,9191,216,9407,61
2021-09-23,Alameda,001,1643700,115100,114014,2651,116665,1324
2021-09-23,Alpine,003,1148,99,101,0,101,0
2021-09-23,Amador,005,37829,5066,4934,51,4985,59
2021-09-23,Butte,007,227075,18952,18396,3383,21779,236
2021-09-23,Calaveras,009,45235,3553,3461,41,3502,70
2021-09-23,Colusa,011,21464,2414,2387,554,2941,16
2021-09-23,Contra Costa,013,1133247,95402,94337,1976,96313,924
2021-09-23,Del Norte,015,27424,3526,3404,31,3435,35
2021-09-23,El Dorado,017,186661,14914,14641,1518,16159,130
2021-09-23,Fresno,019,978130,128674,126299,11542,137841,1927
2021-09-23,Glenn,021,27897,3238,3144,906,4050,25
2021-09-23,Humboldt,023,135768,8204,8014,423,8437,88
2021-09-23,Imperial,025,180216,31637,31280,3230,34510,755
2021-09-23,Inyo,027,18085,1715,1657,34,1691,39
2021-09-23,Kern,029,883053,118281,116021,18630,134651,1485
2021-09-23,Kings,031,150075,29392,28636,1681,30317,293
2021-09-23,Lake,033,64148,6199,6046,122,6168,92
2021-09-23,Lassen,035,31185,6397,6248,283,6531,25
2021-09-23,Los Angeles,037,10098052,1398023,1386417,52236,1438653,25964
2021-09-23,Madera,039,155013,20945,20432,1699,22131,262
2021-09-23,Marin,041,260295,16962,16802,404,17206,242
2021-09-23,Mariposa,043,17540,957,906,33,939,5
2021-09-23,Mendocino,045,87422,6880,6657,354,7011,74
2021-09-23,Merced,047,269075,38971,38393,1453,39846,546
2021-09-23,Modoc,049,8938,479,460,166,626,5
2021-09-23,Mono,051,14174,1536,1501,20,1521,3
2021-09-23,Monterey,053,433212,47603,46653,2627,49280,567
2021-09-23,Napa,055,140530,12398,12266,90,12356,95
2021-09-23,Nevada,057,99092,8435,8285,288,8573,84
2021-09-23,Orange,059,3164182,297904,294514,14085,308599,5374
2021-09-23,Placer,061,380077,34372,33764,3250,37014,367
2021-09-23,Plumas,063,18699,1293,1238,25,1263,6
2021-09-23,Riverside,065,2383286,349066,343463,15986,359449,4843
2021-09-23,Sacramento,067,1510023,149099,147728,3889,151617,2049
2021-09-23,San Benito,069,59416,7019,6965,148,7113,67
2021-09-23,San Bernardino,071,2135413,341361,338413,10623,349036,5540
2021-09-23,San Diego,073,3302833,355735,352017,20749,372766,4039
2021-09-23,San Francisco,075,870044,50527,49840,2175,52015,615
2021-09-23,San Joaquin,077,732212,94644,93273,5094,98367,1628
2021-09-23,San Luis Obispo,079,281455,28033,27447,1114,28561,318
2021-09-23,San Mateo,081,765935,52230,51266,792,52058,568
2021-09-23,Santa Barbara,083,443738,42227,41728,1546,43274,505
2021-09-23,Santa Clara,085,1922200,141461,140023,1115,141138,1844
2021-09-23,Santa Cruz,087,273765,19491,19200,976,20176,214
2021-09-23,Shasta,089,179085,18836,18256,3114,21370,262
2021-09-23,Sierra,091,2930,133,127,13,140,0
2021-09-23,Siskiyou,093,43540,3100,2956,1105,4061,41
2021-09-23,Solano,095,438530,44180,43331,1149,44480,312
2021-09-23,Sonoma,097,501317,39446,39112,492,39604,369
2021-09-23,Stanislaus,099,539301,72932,72628,8228,80856,1091
2021-09-23,Sutter,101,95872,13136,12976,263,13239,154
2021-09-23,Tehama,103,63373,7432,7200,1223,8423,86
2021-09-23,Trinity,105,12862,746,576,200,776,9
2021-09-23,Tulare,107,460477,62659,60909,12983,73892,898
2021-09-23,Tuolumne,109,53932,6276,6168,72,6240,89
2021-09-23,Ventura,111,848112,94941,94059,4154,98213,1129
2021-09-23,Yolo,113,214977,18641,18393,968,19361,239
2021-09-23,Yuba,115,75493,9328,9191,215,9406,61
2021-09-22,Alameda,001,1643700,114946,113862,2647,116509,1322
2021-09-22,Alpine,003,1148,99,100,0,100,0
2021-09-22,Amador,005,37829,5050,4915,51,4966,59
2021-09-22,Butte,007,227075,18893,18337,3368,21705,235
2021-09-22,Calaveras,009,45235,3537,3448,41,3489,70
2021-09-22,Colusa,011,21464,2409,2384,553,2937,16
2021-09-22,Contra Costa,013,1133247,95216,94209,1968,96177,924
2021-09-22,Del Norte,015,27424,3515,3386,30,3416,35
2021-09-22,El Dorado,017,186661,14878,14605,1511,16116,127
2021-09-22,Fresno,019,978130,128417,126006,11528,137534,1908
2021-09-22,Glenn,021,27897,3232,3138,905,4043,25
2021-09-22,Humboldt,023,135768,8181,7998,415,8413,80
2021-09-22,Imperial,025,180216,31585,31243,3223,34466,755
2021-09-22,Inyo,027,18085,1705,1651,34,1685,39
2021-09-22,Kern,029,883053,118040,115757,18508,134265,1477
2021-09-22,Kings,031,150075,29307,28589,1675,30264,292
2021-09-22,Lake,033,64148,6187,6035,122,6157,93
2021-09-22,Lassen,035,31185,6377,6209,279,6488,25
2021-09-22,Los Angeles,037,10098052,1396699,1384719,52180,1436899,25930
2021-09-22,Madera,039,155013,20888,20382,1690,22072,262
2021-09-22,Marin,041,260295,16952,16782,401,17183,242
2021-09-22,Mariposa,043,17540,951,901,33,934,5
2021-09-22,Mendocino,045,87422,6853,6624,348,6972,70
2021-09-22,Merced,047,269075,38839,38305,1451,39756,541
2021-09-22,Modoc,049,8938,476,458,166,624,5
2021-09-22,Mono,051,14174,1527,1496,19,1515,3
2021-09-22,Monterey,053,433212,47552,46615,2620,49235,566
2021-09-22,Napa,055,140530,12375,12248,89,12337,95
2021-09-22,Nevada,057,99092,8412,8273,285,8558,84
2021-09-22,Orange,059,3164182,297628,294214,14068,308282,5366
2021-09-22,Placer,061,380077,34285,33661,3237,36898,367
2021-09-22,Plumas,063,18699,1281,1230,25,1255,6
2021-09-22,Riverside,065,2383286,348531,342946,15961,358907,4830
2021-09-22,Sacramento,067,1510023,148786,147533,3858,151391,2043
2021-09-22,San Benito,069,59416,7008,6961,146,7107,67
2021-09-22,San Bernardino,071,2135413,340966,337938,10614,348552,5528
2021-09-22,San Diego,073,3302833,355275,351132,20726,371858,4027
2021-09-22,San Francisco,075,870044,50442,49734,2170,51904,610
2021-09-22,San Joaquin,077,732212,94412,93010,5068,98078,1626
2021-09-22,San Luis Obispo,079,281455,27985,27398,1111,28509,315
2021-09-22,San Mateo,081,765935,52157,51197,788,51985,568
2021-09-22,Santa Barbara,083,443738,42164,41678,1545,43223,504
2021-09-22,Santa Clara,085,1922200,141298,139803,1108,140911,1844
2021-09-22,Santa Cruz,087,273765,19452,19177,976,20153,214
2021-09-22,Shasta,089,179085,18746,18153,3102,21255,260
2021-09-22,Sierra,091,2930,133,127,13,140,0
2021-09-22,Siskiyou,093,43540,3083,2947,1095,4042,41
2021-09-22,Solano,095,438530,44115,43269,1148,44417,312
2021-09-22,Sonoma,097,501317,39393,39063,491,39554,369
2021-09-22,Stanislaus,099,539301,72767,72355,8209,80564,1091
2021-09-22,Sutter,101,95872,13116,12960,260,13220,153
2021-09-22,Tehama,103,63373,7405,7173,1220,8393,86
2021-09-22,Trinity,105,12862,745,572,200,772,9
2021-09-22,Tulare,107,460477,62450,60776,12912,73688,896
2021-09-22,Tuolumne,109,53932,6255,6155,71,6226,89
2021-09-22,Ventura,111,848112,94836,93978,4148,98126,1122
2021-09-22,Yolo,113,214977,18602,18342,961,19303,239
2021-09-22,Yuba,115,75493,9299,9169,210,9379,61
2021-09-21,Alameda,001,1643700,114790,113765,2647,116412,1321
2021-09-21,Alpine,003,1148,99,100,0,100,0
2021-09-21,Amador,005,37829,5028,4897,51,4948,59
2021-09-21,Butte,007,227075,18797,18229,3331,21560,232
2021-09-21,Calaveras,009,45235,3519,3437,41,3478,70
2021-09-21,Colusa,011,21464,2406,2378,552,2930,16
2021-09-21,Contra Costa,013,1133247,95022,94101,1954,96055,924
2021-09-21,Del Norte,015,27424,3502,3378,30,3408,34
2021-09-21,El Dorado,017,186661,14848,14578,1504,16082,127
2021-09-21,Fresno,019,978130,128067,125789,11505,137294,1892
2021-09-21,Glenn,021,27897,3225,3134,900,4034,25
2021-09-21,Humboldt,023,135768,8149,7955,410,8365,80
2021-09-21,Imperial,025,180216,31528,31185,3221,34406,755
2021-09-21,Inyo,027,18085,1695,1646,34,1680,39
2021-09-21,Kern,029,883053,117747,115534,18394,133928,1467
2021-09-21,Kings,031,150075,29219,28545,1667,30212,291
2021-09-21,Lake,033,64148,6164,6013,122,6135,90
2021-09-21,Lassen,035,31185,6359,6159,275,6434,25
2021-09-21,Los Angeles,037,10098052,1395243,1383277,52124,1435401,25893
2021-09-21,Madera,039,155013,20828,20317,1680,21997,262
2021-09-21,Marin,041,260295,16937,16748,400,17148,242
2021-09-21,Mariposa,043,17540,946,894,32,926,5
2021-09-21,Mendocino,045,87422,6815,6580,337,6917,68
2021-09-21,Merced,047,269075,38718,38225,1447,39672,539
2021-09-21,Modoc,049,8938,473,458,166,624,5
2021-09-21,Mono,051,14174,1525,1495,18,1513,3
2021-09-21,Monterey,053,433212,47484,46583,2608,49191,565
2021-09-21,Napa,055,140530,12354,12238,89,12327,95
2021-09-21,Nevada,057,99092,8385,8259,276,8535,84
2021-09-21,Orange,059,3164182,297297,293898,14038,307936,5357
2021-09-21,Placer,061,380077,34184,33609,3226,36835,365
2021-09-21,Plumas,063,18699,1274,1225,25,1250,5
2021-09-21,Riverside,065,2383286,347971,342460,15937,358397,4817
2021-09-21,Sacramento,067,1510023,148404,147378,3830,151208,2027
2021-09-21,San Benito,069,59416,6997,6950,145,7095,67
2021-09-21,San Bernardino,071,2135413,340523,337387,10597,347984,5520
2021-09-21,San Diego,073,3302833,354658,350265,20701,370966,4021
2021-09-21,San Francisco,075,870044,50346,49653,2166,51819,609
2021-09-21,San Joaquin,077,732212,94178,92762,5057,97819,1621
2021-09-21,San Luis Obispo,079,281455,27926,27318,1107,28425,314
2021-09-21,San Mateo,081,765935,52087,51136,788,51924,568
2021-09-21,Santa Barbara,083,443738,42095,41644,1541,43185,503
2021-09-21,Santa Clara,085,1922200,141081,139657,1104,140761,1843
2021-09-21,Santa Cruz,087,273765,19422,19140,975,20115,212
2021-09-21,Shasta,089,179085,18618,18027,3078,21105,258
2021-09-21,Sierra,091,2930,133,127,13,140,0
2021-09-21,Siskiyou,093,43540,3069,2927,1081,4008,36
2021-09-21,Solano,095,438530,44039,43220,1148,44368,311
2021-09-21,Sonoma,097,501317,39340,39042,491,39533,369
2021-09-21,Stanislaus,099,539301,72584,72211,8187,80398,1091
2021-09-21,Sutter,101,95872,13093,12930,257,13187,153
2021-09-21,Tehama,103,63373,7359,7151,1216,8367,85
2021-09-21,Trinity,105,12862,734,572,198,770,9
2021-09-21,Tulare,107,460477,62236,60607,12851,73458,896
2021-09-21,Tuolumne,109,53932,6223,6139,71,6210,89
2021-09-21,Ventura,111,848112,94731,93818,4140,97958,1120
2021-09-21,Yolo,113,214977,18566,18313,957,19270,239
2021-09-21,Yuba,115,75493,9271,9135,210,9345,61
2021-09-20,Alameda,001,1643700,114607,113637,2643,116280,1320
2021-09-20,Alpine,003,1148,99,100,0,100,0
2021-09-20,Amador,005,37829,5010,4883,50,4933,59
2021-09-20,Butte,007,227075,18715,18135,3315,21450,231
2021-09-20,Calaveras,009,45235,3498,3395,40,3435,66
2021-09-20,Colusa,011,21464,2404,2376,549,2925,16
2021-09-20,Contra Costa,013,1133247,94872,93919,1948,95867,924
2021-09-20,Del Norte,015,27424,3494,3374,29,3403,34
2021-09-20,El Dorado,017,186661,14815,14545,1492,16037,127
2021-09-20,Fresno,019,978130,127655,125287,11481,136768,1889
2021-09-20,Glenn,021,27897,3214,3112,898,4010,25
2021-09-20,Humboldt,023,135768,8113,7938,405,8343,80
2021-09-20,Imperial,025,180216,31446,31146,3220,34366,755
2021-09-20,Inyo,027,18085,1687,1641,33,1674,39
2021-09-20,Kern,029,883053,117407,115271,18262,133533,1459
2021-09-20,Kings,031,150075,29132,28471,1661,30132,285
2021-09-20,Lake,033,64148,6149,5984,121,6105,87
2021-09-20,Lassen,035,31185,6329,6132,275,6407,25
2021-09-20,Los Angeles,037,10098052,1393722,1382206,52044,1434250,25858
2021-09-20,Madera,039,155013,20775,20203,1673,21876,257
2021-09-20,Marin,041,260295,16912,16732,398,17130,242
2021-09-20,Mariposa,043,17540,935,887,32,919,5
2021-09-20,Mendocino,045,87422,6781,6568,331,6899,67
2021-09-20,Merced,047,269075,38607,38144,1437,39581,536
2021-09-20,Modoc,049,8938,472,457,164,621,5
2021-09-20,Mono,051,14174,1519,1480,18,1498,3
2021-09-20,Monterey,053,433212,47442,46506,2590,49096,565
2021-09-20,Napa,055,140530,12329,12209,88,12297,95
2021-09-20,Nevada,057,99092,8365,8228,274,8502,84
2021-09-20,Orange,059,3164182,296954,293642,14011,307653,5354
2021-09-20,Placer,061,380077,34093,33531,3211,36742,364
2021-09-20,Plumas,063,18699,1269,1211,25,1236,5
2021-09-20,Riverside,065,2383286,347471,341961,15924,357885,4802
2021-09-20,Sacramento,067,1510023,148030,147016,3796,150812,2016
2021-09-20,San Benito,069,59416,6988,6947,144,7091,67
2021-09-20,San Bernardino,071,2135413,340129,337059,10581,347640,5507
2021-09-20,San Diego,073,3302833,353978,349579,20667,370246,4009
2021-09-20,San Francisco,075,870044,50239,49559,2165,51724,605
2021-09-20,San Joaquin,077,732212,93935,92614,5044,97658,1615
2021-09-20,San Luis Obispo,079,281455,27850,27259,1099,28358,313
2021-09-20,San Mateo,081,765935,52001,51100,785,51885,567
2021-09-20,Santa Barbara,083,443738,41996,41589,1537,43126,500
2021-09-20,Santa Clara,085,1922200,140880,139578,1102,140680,1841
2021-09-20,Santa Cruz,087,273765,19390,19121,975,20096,211
2021-09-20,Shasta,089,179085,18519,17893,3047,20940,258
2021-09-20,Sierra,091,2930,131,126,13,139,0
2021-09-20,Siskiyou,093,43540,3047,2902,1068,3970,35
2021-09-20,Solano,095,438530,43971,43152,1140,44292,312
2021-09-20,Sonoma,097,501317,39294,38991,491,39482,369
2021-09-20,Stanislaus,099,539301,72384,72031,8168,80199,1091
2021-09-20,Sutter,101,95872,13057,12896,252,13148,153
2021-09-20,Tehama,103,63373,7327,7121,1204,8325,84
2021-09-20,Trinity,105,12862,728,568,197,765,7
2021-09-20,Tulare,107,460477,62034,60302,12795,73097,896
2021-09-20,Tuolumne,109,53932,6197,6113,71,6184,89
2021-09-20,Ventura,111,848112,94618,93700,4133,97833,1120
2021-09-20,Yolo,113,214977,18520,18287,955,19242,239
2021-09-20,Yuba,115,75493,9235,9107,208,9315,61
2021-09-19,Alameda,001,1643700,114391,113446,2638,116084,1320
2021-09-19,Alpine,003,1148,99,100,0,100,0
2021-09-19,Amador,005,37829,4970,4875,49,4924,59
2021-09-19,Butte,007,227075,18622,18063,3288,21351,230
2021-09-19,Calaveras,009,45235,3472,3390,37,3427,66
2021-09-19,Colusa,011,21464,2402,2375,547,2922,16
2021-09-19,Contra Costa,013,1133247,94688,93788,1938,95726,924
2021-09-19,Del Norte,015,27424,3468,3344,28,3372,34
2021-09-19,El Dorado,017,186661,14762,14512,1486,15998,127
2021-09-19,Fresno,019,978130,127251,124985,11445,136430,1888
2021-09-19,Glenn,021,27897,3205,3102,893,3995,25
2021-09-19,Humboldt,023,135768,8068,7914,403,8317,80
2021-09-19,Imperial,025,180216,31377,31122,3217,34339,755
2021-09-19,Inyo,027,18085,1678,1639,33,1672,39
2021-09-19,Kern,029,883053,117094,115074,18156,133230,1459
2021-09-19,Kings,031,150075,29004,28416,1652,30068,284
2021-09-19,Lake,033,64148,6118,5962,121,6083,87
2021-09-19,Lassen,035,31185,6309,6129,269,6398,25
2021-09-19,Los Angeles,037,10098052,1391748,1381200,51945,1433145,25852
2021-09-19,Madera,039,155013,20696,20161,1662,21823,257
2021-09-19,Marin,041,260295,16883,16711,396,17107,242
2021-09-19,Mariposa,043,17540,927,881,32,913,5
2021-09-19,Mendocino,045,87422,6736,6538,325,6863,67
2021-09-19,Merced,047,269075,38450,38068,1429,39497,535
2021-09-19,Modoc,049,8938,469,457,162,619,5
2021-09-19,Mono,051,14174,1514,1480,18,1498,3
2021-09-19,Monterey,053,433212,47387,46486,2587,49073,565
2021-09-19,Napa,055,140530,12308,12190,86,12276,95
2021-09-19,Nevada,057,99092,8337,8203,272,8475,84
2021-09-19,Orange,059,3164182,296586,293258,13989,307247,5354
2021-09-19,Placer,061,380077,33980,33406,3193,36599,364
2021-09-19,Plumas,063,18699,1261,1211,25,1236,5
2021-09-19,Riverside,065,2383286,346878,341566,15915,357481,4804
2021-09-19,Sacramento,067,1510023,147670,146603,3751,150354,2012
2021-09-19,San Benito,069,59416,6969,6942,144,7086,67
2021-09-19,San Bernardino,071,2135413,339637,336688,10570,347258,5506
2021-09-19,San Diego,073,3302833,353261,349225,20633,369858,4006
2021-09-19,San Francisco,075,870044,50131,49458,2156,51614,605
2021-09-19,San Joaquin,077,732212,93638,92467,5033,97500,1615
2021-09-19,San Luis Obispo,079,281455,27748,27208,1090,28298,313
2021-09-19,San Mateo,081,765935,51902,51028,784,51812,567
2021-09-19,Santa Barbara,083,443738,41891,41512,1537,43049,500
2021-09-19,Santa Clara,085,1922200,140693,139410,1097,140507,1841
2021-09-19,Santa Cruz,087,273765,19352,19096,975,20071,211
2021-09-19,Shasta,089,179085,18405,17813,3011,20824,258
2021-09-19,Sierra,091,2930,130,126,13,139,0
2021-09-19,Siskiyou,093,43540,3021,2882,1059,3941,35
2021-09-19,Solano,095,438530,43882,43056,1135,44191,312
2021-09-19,Sonoma,097,501317,39222,38956,487,39443,369
2021-09-19,Stanislaus,099,539301,72141,71830,8144,79974,1091
2021-09-19,Sutter,101,95872,13030,12868,245,13113,153
2021-09-19,Tehama,103,63373,7273,7081,1195,8276,84
2021-09-19,Trinity,105,12862,717,562,195,757,7
2021-09-19,Tulare,107,460477,61773,60160,12702,72862,896
2021-09-19,Tuolumne,109,53932,6155,6097,71,6168,89
2021-09-19,Ventura,111,848112,94456,93491,4124,97615,1120
2021-09-19,Yolo,113,214977,18471,18238,949,19187,239
2021-09-19,Yuba,115,75493,9209,9087,207,9294,61
2021-09-18,Alameda,001,1643700,114291,113300,2637,115937,1320
2021-09-18,Alpine,003,1148,99,100,0,100,0
2021-09-18,Amador,005,37829,4960,4850,49,4899,59
2021-09-18,Butte,007,227075,18585,17961,3274,21235,230
2021-09-18,Calaveras,009,45235,3465,3361,36,3397,66
2021-09-18,Colusa,011,21464,2402,2373,546,2919,16
2021-09-18,Contra Costa,013,1133247,94597,93656,1934,95590,924
2021-09-18,Del Norte,015,27424,3460,3326,26,3352,34
2021-09-18,El Dorado,017,186661,14739,14472,1483,15955,127
2021-09-18,Fresno,019,978130,127109,124771,11427,136198,1889
2021-09-18,Glenn,021,27897,3196,3086,890,3976,25
2021-09-18,Humboldt,023,135768,8054,7881,402,8283,80
2021-09-18,Imperial,025,180216,31353,31096,3216,34312,755
2021-09-18,Inyo,027,18085,1672,1636,33,1669,39
2021-09-18,Kern,029,883053,116940,114781,18092,132873,1459
2021-09-18,Kings,031,150075,28956,28330,1647,29977,285
2021-09-18,Lake,033,64148,6101,5936,121,6057,87
2021-09-18,Lassen,035,31185,6299,6121,267,6388,25
2021-09-18,Los Angeles,037,10098052,1390990,1379880,51893,1431773,25849
2021-09-18,Madera,039,155013,20652,20126,1652,21778,257
2021-09-18,Marin,041,260295,16866,16685,395,17080,242
2021-09-18,Mariposa,043,17540,924,871,32,903,5
2021-09-18,Mendocino,045,87422,6715,6523,325,6848,67
2021-09-18,Merced,047,269075,38413,37977,1423,39400,535
2021-09-18,Modoc,049,8938,469,457,161,618,5
2021-09-18,Mono,051,14174,1511,1480,18,1498,3
2021-09-18,Monterey,053,433212,47349,46466,2584,49050,565
2021-09-18,Napa,055,140530,12296,12168,86,12254,95
2021-09-18,Nevada,057,99092,8320,8183,272,8455,84
2021-09-18,Orange,059,3164182,296391,293005,13975,306980,5354
2021-09-18,Placer,061,380077,33908,33309,3190,36499,364
2021-09-18,Plumas,063,18699,1260,1204,25,1229,5
2021-09-18,Riverside,065,2383286,346493,341136,15900,357036,4802
2021-09-18,Sacramento,067,1510023,147488,146162,3742,149904,2016
2021-09-18,San Benito,069,59416,6964,6937,144,7081,67
2021-09-18,San Bernardino,071,2135413,339365,336380,10557,346937,5501
2021-09-18,San Diego,073,3302833,352864,348848,20620,369468,4006
2021-09-18,San Francisco,075,870044,50068,49359,2151,51510,605
2021-09-18,San Joaquin,077,732212,93529,92242,5021,97263,1615
2021-09-18,San Luis Obispo,079,281455,27711,27181,1087,28268,313
2021-09-18,San Mateo,081,765935,51851,50961,782,51743,567
2021-09-18,Santa Barbara,083,443738,41826,41465,1537,43002,500
2021-09-18,Santa Clara,085,1922200,140573,139233,1094,140327,1841
2021-09-18,Santa Cruz,087,273765,19332,19079,975,20054,211
2021-09-18,Shasta,089,179085,18342,17777,2994,20771,258
2021-09-18,Sierra,091,2930,129,125,13,138,0
2021-09-18,Siskiyou,093,43540,3018,2875,1053,3928,35
2021-09-18,Solano,095,438530,43842,42966,1132,44098,312
2021-09-18,Sonoma,097,501317,39187,38891,485,39376,369
2021-09-18,Stanislaus,099,539301,71995,71587,8119,79706,1091
2021-09-18,Sutter,101,95872,13016,12829,245,13074,153
2021-09-18,Tehama,103,63373,7258,7055,1188,8243,84
2021-09-18,Trinity,105,12862,715,561,195,756,7
2021-09-18,Tulare,107,460477,61697,60003,12650,72653,896
2021-09-18,Tuolumne,109,53932,6140,6069,71,6140,89
2021-09-18,Ventura,111,848112,94388,93424,4119,97543,1120
2021-09-18,Yolo,113,214977,18445,18213,943,19156,239
2021-09-18,Yuba,115,75493,9195,9061,206,9267,61
2021-09-17,Alameda,001,1643700,114165,113070,2635,115705,1320
2021-09-17,Alpine,003,1148,99,99,0,99,0
2021-09-17,Amador,005,37829,4944,4835,48,4883,58
2021-09-17,Butte,007,227075,18534,17870,3265,21135,230
2021-09-17,Calaveras,009,45235,3453,3338,35,3373,66
2021-09-17,Colusa,011,21464,2401,2369,541,2910,16
2021-09-17,Contra Costa,013,1133247,94495,93485,1931,95416,924
2021-09-17,Del Norte,015,27424,3455,3311,24,3335,34
2021-09-17,El Dorado,017,186661,14720,14421,1481,15902,127
2021-09-17,Fresno,019,978130,126890,124296,11413,135709,1882
2021-09-17,Glenn,021,27897,3179,3072,888,3960,25
2021-09-17,Humboldt,023,135768,8033,7850,402,8252,80
2021-09-17,Imperial,025,180216,31327,31031,3214,34245,755
2021-09-17,Inyo,027,18085,1664,1634,33,1667,39
2021-09-17,Kern,029,883053,116749,114303,17995,132298,1456
2021-09-17,Kings,031,150075,28891,28240,1645,29885,281
2021-09-17,Lake,033,64148,6088,5915,121,6036,87
2021-09-17,Lassen,035,31185,6284,6080,265,6345,25
2021-09-17,Los Angeles,037,10098052,1390014,1377905,51826,1429731,25820
2021-09-17,Madera,039,155013,20600,20040,1640,21680,257
2021-09-17,Marin,041,260295,16853,16658,393,17051,242
2021-09-17,Mariposa,043,17540,922,869,32,901,5
2021-09-17,Mendocino,045,87422,6696,6498,325,6823,67
2021-09-17,Merced,047,269075,38366,37803,1421,39224,533
2021-09-17,Modoc,049,8938,469,456,161,617,5
2021-09-17,Mono,051,14174,1507,1457,18,1475,3
2021-09-17,Monterey,053,433212,47326,46421,2583,49004,564
2021-09-17,Napa,055,140530,12275,12153,86,12239,95
2021-09-17,Nevada,057,99092,8305,8157,272,8429,84
2021-09-17,Orange,059,3164182,296172,292685,13957,306642,5346
2021-09-17,Placer,061,380077,33847,33188,3180,36368,362
2021-09-17,Plumas,063,18699,1251,1192,24,1216,5
2021-09-17,Riverside,065,2383286,346092,340445,15889,356334,4792
2021-09-17,Sacramento,067,1510023,147289,145985,3731,149716,1999
2021-09-17,San Benito,069,59416,6961,6929,144,7073,67
2021-09-17,San Bernardino,071,2135413,339009,335810,10550,346360,5488
2021-09-17,San Diego,073,3302833,352429,348098,20603,368701,4002
2021-09-17,San Francisco,075,870044,50016,49249,2146,51395,605
2021-09-17,San Joaquin,077,732212,93391,91977,5010,96987,1610
2021-09-17,San Luis Obispo,079,281455,27677,27102,1076,28178,311
2021-09-17,San Mateo,081,765935,51797,50854,781,51635,564
2021-09-17,Santa Barbara,083,443738,41763,41354,1536,42890,498
2021-09-17,Santa Clara,085,1922200,140424,138939,1093,140032,1838
2021-09-17,Santa Cruz,087,273765,19307,19039,975,20014,211
2021-09-17,Shasta,089,179085,18271,17617,2981,20598,254
2021-09-17,Sierra,091,2930,129,124,13,137,0
2021-09-17,Siskiyou,093,43540,3003,2852,1053,3905,35
2021-09-17,Solano,095,438530,43779,42898,1128,44026,312
2021-09-17,Sonoma,097,501317,39150,38808,484,39292,369
2021-09-17,Stanislaus,099,539301,71888,71408,8101,79509,1091
2021-09-17,Sutter,101,95872,13000,12799,242,13041,153
2021-09-17,Tehama,103,63373,7234,7020,1176,8196,84
2021-09-17,Trinity,105,12862,710,556,194,750,7
2021-09-17,Tulare,107,460477,61582,59689,12616,72305,895
2021-09-17,Tuolumne,109,53932,6121,6047,71,6118,89
2021-09-17,Ventura,111,848112,94276,93273,4117,97390,1116
2021-09-17,Yolo,113,214977,18414,18177,939,19116,239
2021-09-17,Yuba,115,75493,9168,9019,205,9224,61
2021-09-16,Alameda,001,1643700,113986,112770,2632,115402,1318
2021-09-16,Alpine,003,1148,99,99,0,99,0
2021-09-16,Amador,005,37829,4924,4819,48,4867,58
2021-09-16,Butte,007,227075,18460,17750,3249,20999,230
2021-09-16,Calaveras,009,45235,3418,3313,35,3348,66
2021-09-16,Colusa,011,21464,2399,2363,539,2902,16
2021-09-16,Contra Costa,013,1133247,94325,93213,1923,95136,917
2021-09-16,Del Norte,015,27424,3437,3285,24,3309,34
2021-09-16,El Dorado,017,186661,14680,14372,1473,15845,127
2021-09-16,Fresno,019,978130,126534,123853,11372,135225,1868
2021-09-16,Glenn,021,27897,3169,3068,886,3954,24
2021-09-16,Humboldt,023,135768,7999,7809,392,8201,80
2021-09-16,Imperial,025,180216,31284,30966,3206,34172,753
2021-09-16,Inyo,027,18085,1662,1623,33,1656,39
2021-09-16,Kern,029,883053,116478,113828,17927,131755,1448
2021-09-16,Kings,031,150075,28805,28114,1636,29750,280
2021-09-16,Lake,033,64148,6064,5890,118,6008,87
2021-09-16,Lassen,035,31185,6249,6028,260,6288,25
2021-09-16,Los Angeles,037,10098052,1388624,1376277,51760,1428037,25796
2021-09-16,Madera,039,155013,20522,19974,1634,21608,257
2021-09-16,Marin,041,260295,16826,16625,392,17017,242
2021-09-16,Mariposa,043,17540,916,849,32,881,6
2021-09-16,Mendocino,045,87422,6658,6445,314,6759,67
2021-09-16,Merced,047,269075,38259,37675,1418,39093,532
2021-09-16,Modoc,049,8938,467,455,161,616,5
2021-09-16,Mono,051,14174,1501,1449,18,1467,3
2021-09-16,Monterey,053,433212,47272,46342,2577,48919,562
2021-09-16,Napa,055,140530,12250,12115,82,12197,95
2021-09-16,Nevada,057,99092,8277,8121,271,8392,84
2021-09-16,Orange,059,3164182,295826,292183,13937,306120,5340
2021-09-16,Placer,061,380077,33751,33037,3161,36198,354
2021-09-16,Plumas,063,18699,1243,1178,24,1202,5
2021-09-16,Riverside,065,2383286,345560,339770,15875,355645,4786
2021-09-16,Sacramento,067,1510023,146933,145754,3699,149453,1996
2021-09-16,San Benito,069,59416,6948,6913,143,7056,67
2021-09-16,San Bernardino,071,2135413,338581,335129,10543,345672,5474
2021-09-16,San Diego,073,3302833,351804,347472,20567,368039,3994
2021-09-16,San Francisco,075,870044,49931,49133,2137,51270,605
2021-09-16,San Joaquin,077,732212,93152,91650,4965,96615,1608
2021-09-16,San Luis Obispo,079,281455,27604,27044,1072,28116,310
2021-09-16,San Mateo,081,765935,51718,50773,779,51552,564
2021-09-16,Santa Barbara,083,443738,41696,41272,1533,42805,497
2021-09-16,Santa Clara,085,1922200,140268,138685,1089,139774,1835
2021-09-16,Santa Cruz,087,273765,19279,19011,975,19986,211
2021-09-16,Shasta,089,179085,18146,17438,2947,20385,251
2021-09-16,Sierra,091,2930,129,123,13,136,0
2021-09-16,Siskiyou,093,43540,2983,2819,1046,3865,35
2021-09-16,Solano,095,438530,43707,42792,1119,43911,312
2021-09-16,Sonoma,097,501317,39087,38707,483,39190,369
2021-09-16,Stanislaus,099,539301,71655,71105,8085,79190,1091
2021-09-16,Sutter,101,95872,12956,12729,236,12965,152
2021-09-16,Tehama,103,63373,7195,6953,1165,8118,83
2021-09-16,Trinity,105,12862,707,547,193,740,7
2021-09-16,Tulare,107,460477,61360,59459,12542,72001,894
2021-09-16,Tuolumne,109,53932,6101,5999,70,6069,89
2021-09-16,Ventura,111,848112,94137,93087,4113,97200,1110
2021-09-16,Yolo,113,214977,18382,18135,937,19072,239
2021-09-16,Yuba,115,75493,9134,8981,202,9183,61
2021-09-15,Alameda,001,1643700,113814,112498,2624,115122,1317
2021-09-15,Alpine,003,1148,99,99,0,99,0
2021-09-15,Amador,005,37829,4916,4792,48,4840,58
2021-09-15,Butte,007,227075,18361,17664,3230,20894,228
2021-09-15,Calaveras,009,45235,3386,3293,33,3326,66
2021-09-15,Colusa,011,21464,2397,2352,536,2888,16
2021-09-15,Contra Costa,013,1133247,94145,92989,1911,94900,913
2021-09-15,Del Norte,015,27424,3424,3271,22,3293,34
2021-09-15,El Dorado,017,186661,14654,14309,1465,15774,127
2021-09-15,Fresno,019,978130,126157,123370,11325,134695,1867
2021-09-15,Glenn,021,27897,3157,3051,882,3933,20
2021-09-15,Humboldt,023,135768,7964,7754,387,8141,52
2021-09-15,Imperial,025,180216,31229,30891,3201,34092,753
2021-09-15,Inyo,027,18085,1658,1614,33,1647,39
2021-09-15,Kern,029,883053,116131,113546,17828,131374,1434
2021-09-15,Kings,031,150075,28726,27991,1627,29618,279
2021-09-15,Lake,033,64148,6032,5852,117,5969,85
2021-09-15,Lassen,035,31185,6189,6018,255,6273,25
2021-09-15,Los Angeles,037,10098052,1387125,1374307,51691,1425998,25767
2021-09-15,Madera,039,155013,20447,19880,1626,21506,257
2021-09-15,Marin,041,260295,16791,16592,387,16979,242
2021-09-15,Mariposa,043,17540,904,843,32,875,5
2021-09-15,Mendocino,045,87422,6628,6399,309,6708,66
2021-09-15,Merced,047,269075,38151,37508,1416,38924,529
2021-09-15,Modoc,049,8938,467,454,161,615,5
2021-09-15,Mono,051,14174,1495,1445,18,1463,3
2021-09-15,Monterey,053,433212,47202,46317,2565,48882,562
2021-09-15,Napa,055,140530,12229,12082,82,12164,95
2021-09-15,Nevada,057,99092,8255,8081,268,8349,84
2021-09-15,Orange,059,3164182,295504,291834,13918,305752,5328
2021-09-15,Placer,061,380077,33639,32860,3140,36000,352
2021-09-15,Plumas,063,18699,1238,1164,23,1187,5
2021-09-15,Riverside,065,2383286,344977,339077,15851,354928,4769
2021-09-15,Sacramento,067,1510023,146506,145202,3668,148870,1981
2021-09-15,San Benito,069,59416,6945,6902,143,7045,67
2021-09-15,San Bernardino,071,2135413,338122,334556,10529,345085,5470
2021-09-15,San Diego,073,3302833,351176,346933,20540,367473,3983
2021-09-15,San Francisco,075,870044,49820,48999,2132,51131,605
2021-09-15,San Joaquin,077,732212,92875,91322,4922,96244,1607
2021-09-15,San Luis Obispo,079,281455,27521,26943,1066,28009,306
2021-09-15,San Mateo,081,765935,51636,50691,776,51467,564
2021-09-15,Santa Barbara,083,443738,41593,41077,1528,42605,497
2021-09-15,Santa Clara,085,1922200,140095,138410,1084,139494,1833
2021-09-15,Santa Cruz,087,273765,19241,18984,973,19957,210
2021-09-15,Shasta,089,179085,18035,17317,2926,20243,250
2021-09-15,Sierra,091,2930,129,123,13,136,0
2021-09-15,Siskiyou,093,43540,2963,2804,1015,3819,35
2021-09-15,Solano,095,438530,43635,42682,1114,43796,312
2021-09-15,Sonoma,097,501317,39029,38629,482,39111,369
2021-09-15,Stanislaus,099,539301,71434,70852,8064,78916,1091
2021-09-15,Sutter,101,95872,12923,12699,231,12930,151
2021-09-15,Tehama,103,63373,7154,6894,1156,8050,79
2021-09-15,Trinity,105,12862,705,541,191,732,7
2021-09-15,Tulare,107,460477,61101,59149,12481,71630,890
2021-09-15,Tuolumne,109,53932,6075,5969,70,6039,89
2021-09-15,Ventura,111,848112,93996,92960,4106,97066,1109
2021-09-15,Yolo,113,214977,18348,18064,929,18993,239
2021-09-15,Yuba,115,75493,9100,8953,202,9155,61
2021-09-14,Alameda,001,1643700,113606,112329,2618,114947,1316
2021-09-14,Alpine,003,1148,99,98,0,98,0
2021-09-14,Amador,005,37829,4896,4790,48,4838,57
2021-09-14,Butte,007,227075,18229,17516,3207,20723,226
2021-09-14,Calaveras,009,45235,3363,3280,30,3310,66
2021-09-14,Colusa,011,21464,2393,2344,532,2876,16
2021-09-14,Contra Costa,013,1133247,93946,92822,1903,94725,908
2021-09-14,Del Norte,015,27424,3408,3252,21,3273,32
2021-09-14,El Dorado,017,186661,14602,14247,1457,15704,123
2021-09-14,Fresno,019,978130,125682,123151,11276,134427,1856
2021-09-14,Glenn,021,27897,3139,3045,877,3922,20
2021-09-14,Humboldt,023,135768,7930,7717,382,8099,52
2021-09-14,Imperial,025,180216,31179,30845,3196,34041,752
2021-09-14,Inyo,027,18085,1649,1605,32,1637,39
2021-09-14,Kern,029,883053,115751,113250,17702,130952,1428
2021-09-14,Kings,031,150075,28650,27955,1619,29574,278
2021-09-14,Lake,033,64148,6000,5845,117,5962,83
2021-09-14,Lassen,035,31185,6175,5977,250,6227,25
2021-09-14,Los Angeles,037,10098052,1385286,1372831,51608,1424439,25729
2021-09-14,Madera,039,155013,20365,19800,1615,21415,254
2021-09-14,Marin,041,260295,16763,16584,385,16969,242
2021-09-14,Mariposa,043,17540,893,834,31,865,5
2021-09-14,Mendocino,045,87422,6592,6372,297,6669,65
2021-09-14,Merced,047,269075,38001,37430,1412,38842,526
2021-09-14,Modoc,049,8938,466,453,161,614,5
2021-09-14,Mono,051,14174,1491,1440,18,1458,4
2021-09-14,Monterey,053,433212,47160,46224,2553,48777,558
2021-09-14,Napa,055,140530,12196,12070,81,12151,91
2021-09-14,Nevada,057,99092,8221,8056,268,8324,83
2021-09-14,Orange,059,3164182,295111,291423,13894,305317,5319
2021-09-14,Placer,061,380077,33507,32735,3120,35855,350
2021-09-14,Plumas,063,18699,1223,1148,23,1171,5
2021-09-14,Riverside,065,2383286,344337,338534,15820,354354,4748
2021-09-14,Sacramento,067,1510023,146121,145051,3620,148671,1977
2021-09-14,San Benito,069,59416,6935,6887,143,7030,64
2021-09-14,San Bernardino,071,2135413,337628,333968,10503,344471,5465
2021-09-14,San Diego,073,3302833,350507,346204,20493,366697,3966
2021-09-14,San Francisco,075,870044,49685,48998,2130,51128,603
2021-09-14,San Joaquin,077,732212,92636,91128,4912,96040,1596
2021-09-14,San Luis Obispo,079,281455,27448,26845,1061,27906,304
2021-09-14,San Mateo,081,765935,51537,50602,773,51375,564
2021-09-14,Santa Barbara,083,443738,41496,40783,1519,42302,495
2021-09-14,Santa Clara,085,1922200,139860,138321,1081,139402,1828
2021-09-14,Santa Cruz,087,273765,19201,18965,971,19936,210
2021-09-14,Shasta,089,179085,17904,17152,2905,20057,246
2021-09-14,Sierra,091,2930,129,123,13,136,0
2021-09-14,Siskiyou,093,43540,2939,2756,998,3754,35
2021-09-14,Solano,095,438530,43552,42599,1111,43710,307
2021-09-14,Sonoma,097,501317,38960,38595,478,39073,369
2021-09-14,Stanislaus,099,539301,71178,70697,8036,78733,1091
2021-09-14,Sutter,101,95872,12881,12670,224,12894,149
2021-09-14,Tehama,103,63373,7100,6859,1148,8007,80
2021-09-14,Trinity,105,12862,699,538,190,728,7
2021-09-14,Tulare,107,460477,60848,58961,12409,71370,888
2021-09-14,Tuolumne,109,53932,6054,5951,68,6019,89
2021-09-14,Ventura,111,848112,93816,92841,4090,96931,1107
2021-09-14,Yolo,113,214977,18304,18039,924,18963,239
2021-09-14,Yuba,115,75493,9064,8928,202,9130,61
2021-09-13,Alameda,001,1643700,113384,112159,2613,114772,1309
2021-09-13,Alpine,003,1148,98,98,0,98,0
2021-09-13,Amador,005,37829,4878,4761,48,4809,56
2021-09-13,Butte,007,227075,18105,17393,3180,20573,225
2021-09-13,Calaveras,009,45235,3336,3253,28,3281,65
2021-09-13,Colusa,011,21464,2384,2346,527,2873,16
2021-09-13,Contra Costa,013,1133247,93700,92658,1898,94556,908
2021-09-13,Del Norte,015,27424,3372,3232,21,3253,28
2021-09-13,El Dorado,017,186661,14541,14194,1449,15643,119
2021-09-13,Fresno,019,978130,125215,122650,11217,133867,1853
2021-09-13,Glenn,021,27897,3125,3026,869,3895,20
2021-09-13,Humboldt,023,135768,7898,7659,379,8038,52
2021-09-13,Imperial,025,180216,31127,30802,3193,33995,751
2021-09-13,Inyo,027,18085,1642,1602,32,1634,39
2021-09-13,Kern,029,883053,115370,112930,17579,130509,1424
2021-09-13,Kings,031,150075,28540,27858,1607,29465,275
2021-09-13,Lake,033,64148,5978,5809,117,5926,82
2021-09-13,Lassen,035,31185,6140,5953,249,6202,25
2021-09-13,Los Angeles,037,10098052,1383425,1371423,51539,1422962,25703
2021-09-13,Madera,039,155013,20294,19735,1600,21335,252
2021-09-13,Marin,041,260295,16727,16557,384,16941,242
2021-09-13,Mariposa,043,17540,879,825,31,856,5
2021-09-13,Mendocino,045,87422,6557,6323,288,6611,61
2021-09-13,Merced,047,269075,37850,37291,1407,38698,521
2021-09-13,Modoc,049,8938,465,451,161,612,5
2021-09-13,Mono,051,14174,1485,1435,18,1453,3
2021-09-13,Monterey,053,433212,47069,46188,2540,48728,558
2021-09-13,Napa,055,140530,12178,12039,81,12120,91
2021-09-13,Nevada,057,99092,8195,8021,266,8287,83
2021-09-13,Orange,059,3164182,294678,291128,13873,305001,5312
2021-09-13,Placer,061,380077,33342,32617,3103,35720,343
2021-09-13,Plumas,063,18699,1214,1142,23,1165,5
2021-09-13,Riverside,065,2383286,343693,337876,15802,353678,4731
2021-09-13,Sacramento,067,1510023,145634,144537,3586,148123,1956
2021-09-13,San Benito,069,59416,6920,6867,142,7009,64
2021-09-13,San Bernardino,071,2135413,337140,333613,10478,344091,5441
2021-09-13,San Diego,073,3302833,349719,345647,20441,366088,3961
2021-09-13,San Francisco,075,870044,49556,48914,2124,51038,603
2021-09-13,San Joaquin,077,732212,92352,90966,4894,95860,1581
2021-09-13,San Luis Obispo,079,281455,27351,26805,1058,27863,300
2021-09-13,San Mateo,081,765935,51446,50525,768,51293,564
2021-09-13,Santa Barbara,083,443738,41376,40661,1512,42173,494
2021-09-13,Santa Clara,085,1922200,139612,138152,1076,139228,1820
2021-09-13,Santa Cruz,087,273765,19161,18917,970,19887,210
2021-09-13,Shasta,089,179085,17774,17033,2863,19896,243
2021-09-13,Sierra,091,2930,129,123,13,136,0
2021-09-13,Siskiyou,093,43540,2924,2745,986,3731,35
2021-09-13,Solano,095,438530,43448,42501,1108,43609,306
2021-09-13,Sonoma,097,501317,38893,38513,475,38988,368
2021-09-13,Stanislaus,099,539301,70929,70477,8000,78477,1091
2021-09-13,Sutter,101,95872,12823,12624,220,12844,145
2021-09-13,Tehama,103,63373,7037,6803,1136,7939,79
2021-09-13,Trinity,105,12862,697,533,188,721,7
2021-09-13,Tulare,107,460477,60564,58768,12347,71115,887
2021-09-13,Tuolumne,109,53932,6023,5909,68,5977,89
2021-09-13,Ventura,111,848112,93663,92679,4082,96761,1107
2021-09-13,Yolo,113,214977,18260,17974,919,18893,239
2021-09-13,Yuba,115,75493,9019,8884,201,9085,61
2021-09-12,Alameda,001,1643700,113112,111961,2610,114571,1309
2021-09-12,Alpine,003,1148,98,98,0,98,0
2021-09-12,Amador,005,37829,4857,4752,48,4800,56
2021-09-12,Butte,007,227075,17960,17257,3136,20393,221
2021-09-12,Calaveras,009,45235,3309,3236,24,3260,65
2021-09-12,Colusa,011,21464,2381,2344,526,2870,16
2021-09-12,Contra Costa,013,1133247,93433,92498,1886,94384,908
2021-09-12,Del Norte,015,27424,3337,3200,21,3221,28
2021-09-12,El Dorado,017,186661,14468,14167,1433,15600,119
2021-09-12,Fresno,019,978130,124698,122407,11165,133572,1853
2021-09-12,Glenn,021,27897,3108,3016,862,3878,20
2021-09-12,Humboldt,023,135768,7828,7636,368,8004,52
2021-09-12,Imperial,025,180216,31064,30790,3187,33977,751
2021-09-12,Inyo,027,18085,1632,1596,30,1626,39
2021-09-12,Kern,029,883053,114959,112602,17420,130022,1424
2021-09-12,Kings,031,150075,28429,27764,1590,29354,274
2021-09-12,Lake,033,64148,5939,5781,115,5896,82
2021-09-12,Lassen,035,31185,6103,5943,239,6182,25
2021-09-12,Los Angeles,037,10098052,1381368,1365968,51463,1417431,25630
2021-09-12,Madera,039,155013,20207,19691,1587,21278,252
2021-09-12,Marin,041,260295,16704,16526,384,16910,242
2021-09-12,Mariposa,043,17540,868,811,29,840,5
2021-09-12,Mendocino,045,87422,6516,6283,279,6562,61
2021-09-12,Merced,047,269075,37677,37172,1396,38568,521
2021-09-12,Modoc,049,8938,465,451,160,611,5
2021-09-12,Mono,051,14174,1478,1431,18,1449,3
2021-09-12,Monterey,053,433212,46970,46167,2530,48697,558
2021-09-12,Napa,055,140530,12148,12011,81,12092,91
2021-09-12,Nevada,057,99092,8156,7987,264,8251,83
2021-09-12,Orange,059,3164182,294214,290718,13852,304570,5312
2021-09-12,Placer,061,380077,33193,32520,3079,35599,343
2021-09-12,Plumas,063,18699,1195,1138,23,1161,5
2021-09-12,Riverside,065,2383286,343009,337332,15769,353101,4731
2021-09-12,Sacramento,067,1510023,145126,144030,3546,147576,1959
2021-09-12,San Benito,069,59416,6901,6852,141,6993,64
2021-09-12,San Bernardino,071,2135413,336522,333049,10465,343514,5439
2021-09-12,San Diego,073,3302833,348899,345058,20365,365423,3942
2021-09-12,San Francisco,075,870044,49445,48819,2117,50936,603
2021-09-12,San Joaquin,077,732212,92023,90730,4886,95616,1581
2021-09-12,San Luis Obispo,079,281455,27232,26729,1045,27774,299
2021-09-12,San Mateo,081,765935,51338,50432,764,51196,564
2021-09-12,Santa Barbara,083,443738,41265,40600,1504,42104,494
2021-09-12,Santa Clara,085,1922200,139357,137899,1073,138972,1820
2021-09-12,Santa Cruz,087,273765,19129,18892,969,19861,210
2021-09-12,Shasta,089,179085,17609,16957,2805,19762,243
2021-09-12,Sierra,091,2930,129,123,13,136,0
2021-09-12,Siskiyou,093,43540,2896,2730,971,3701,35
2021-09-12,Solano,095,438530,43342,42409,1103,43512,306
2021-09-12,Sonoma,097,501317,38814,38456,473,38929,368
2021-09-12,Stanislaus,099,539301,70635,70184,7961,78145,1091
2021-09-12,Sutter,101,95872,12781,12589,214,12803,145
2021-09-12,Tehama,103,63373,6973,6732,1124,7856,79
2021-09-12,Trinity,105,12862,693,529,186,715,7
2021-09-12,Tulare,107,460477,60210,58582,12287,70869,887
2021-09-12,Tuolumne,109,53932,5990,5888,68,5956,89
2021-09-12,Ventura,111,848112,93546,92496,4076,96572,1107
2021-09-12,Yolo,113,214977,18194,17943,911,18854,239
2021-09-12,Yuba,115,75493,8984,8842,201,9043,61
2021-09-11,Alameda,001,1643700,112984,111715,2608,114323,1309
2021-09-11,Alpine,003,1148,98,98,0,98,0
2021-09-11,Amador,005,37829,4844,4728,47,4775,56
2021-09-11,Butte,007,227075,17878,17218,3109,20327,221
2021-09-11,Calaveras,009,45235,3306,3208,23,3231,65
2021-09-11,Colusa,011,21464,2380,2338,523,2861,16
2021-09-11,Contra Costa,013,1133247,93315,92269,1881,94150,908
2021-09-11,Del Norte,015,27424,3321,3184,21,3205,28
2021-09-11,El Dorado,017,186661,14449,14117,1426,15543,119
2021-09-11,Fresno,019,978130,124518,122224,11141,133365,1853
2021-09-11,Glenn,021,27897,3099,3007,859,3866,20
2021-09-11,Humboldt,023,135768,7806,7615,365,7980,52
2021-09-11,Imperial,025,180216,31039,30760,3183,33943,751
2021-09-11,Inyo,027,18085,1629,1590,30,1620,39
2021-09-11,Kern,029,883053,114708,112205,17304,129509,1424
2021-09-11,Kings,031,150075,28380,27631,1584,29215,275
2021-09-11,Lake,033,64148,5919,5761,115,5876,82
2021-09-11,Lassen,035,31185,6088,5930,235,6165,25
2021-09-11,Los Angeles,037,10098052,1380403,1365831,51398,1417229,25630
2021-09-11,Madera,039,155013,20154,19648,1582,21230,252
2021-09-11,Marin,041,260295,16676,16496,383,16879,242
2021-09-11,Mariposa,043,17540,863,799,29,828,5
2021-09-11,Mendocino,045,87422,6492,6257,279,6536,61
2021-09-11,Merced,047,269075,37623,37042,1393,38435,521
2021-09-11,Modoc,049,8938,465,449,160,609,5
2021-09-11,Mono,051,14174,1472,1431,18,1449,3
2021-09-11,Monterey,053,433212,46933,46140,2528,48668,558
2021-09-11,Napa,055,140530,12125,11991,81,12072,91
2021-09-11,Nevada,057,99092,8141,7967,264,8231,83
2021-09-11,Orange,059,3164182,293913,290429,13835,304264,5306
2021-09-11,Placer,061,380077,33109,32414,3068,35482,344
2021-09-11,Plumas,063,18699,1190,1112,23,1135,5
2021-09-11,Riverside,065,2383286,342570,336585,15755,352340,4731
2021-09-11,Sacramento,067,1510023,144827,143557,3534,147091,1955
2021-09-11,San Benito,069,59416,6888,6844,141,6985,64
2021-09-11,San Bernardino,071,2135413,336182,332512,10451,342963,5430
2021-09-11,San Diego,073,3302833,348409,344355,20341,364696,3942
2021-09-11,San Francisco,075,870044,49390,48660,2112,50772,603
2021-09-11,San Joaquin,077,732212,91878,90482,4879,95361,1581
2021-09-11,San Luis Obispo,079,281455,27186,26651,1044,27695,299
2021-09-11,San Mateo,081,765935,51266,50341,764,51105,564
2021-09-11,Santa Barbara,083,443738,41192,40451,1504,41955,494
2021-09-11,Santa Clara,085,1922200,139207,137659,1070,138729,1820
2021-09-11,Santa Cruz,087,273765,19100,18865,969,19834,210
2021-09-11,Shasta,089,179085,17516,16877,2785,19662,243
2021-09-11,Sierra,091,2930,129,123,13,136,0
2021-09-11,Siskiyou,093,43540,2879,2717,968,3685,35
2021-09-11,Solano,095,438530,43291,42344,1100,43444,306
2021-09-11,Sonoma,097,501317,38767,38399,471,38870,368
2021-09-11,Stanislaus,099,539301,70511,69974,7947,77921,1091
2021-09-11,Sutter,101,95872,12755,12538,211,12749,145
2021-09-11,Tehama,103,63373,6952,6703,1116,7819,79
2021-09-11,Trinity,105,12862,686,526,186,712,7
2021-09-11,Tulare,107,460477,60099,58321,12240,70561,889
2021-09-11,Tuolumne,109,53932,5971,5879,65,5944,89
2021-09-11,Ventura,111,848112,93467,92328,4071,96399,1107
2021-09-11,Yolo,113,214977,18171,17906,906,18812,239
2021-09-11,Yuba,115,75493,8959,8813,201,9014,61
2021-09-10,Alameda,001,1643700,112793,111386,2607,113993,1306
2021-09-10,Alpine,003,1148,97,97,0,97,0
2021-09-10,Amador,005,37829,4832,4706,47,4753,56
2021-09-10,Butte,007,227075,17803,17051,3094,20145,222
2021-09-10,Calaveras,009,45235,3298,3183,23,3206,65
2021-09-10,Colusa,011,21464,2376,2327,520,2847,16
2021-09-10,Contra Costa,013,1133247,93193,92024,1879,93903,908
2021-09-10,Del Norte,015,27424,3306,3128,20,3148,28
2021-09-10,El Dorado,017,186661,14418,14051,1421,15472,119
2021-09-10,Fresno,019,978130,124196,121659,11112,132771,1846
2021-09-10,Glenn,021,27897,3092,2977,859,3836,20
2021-09-10,Humboldt,023,135768,7773,7543,361,7904,52
2021-09-10,Imperial,025,180216,31016,30716,3181,33897,751
2021-09-10,Inyo,027,18085,1625,1590,30,1620,39
2021-09-10,Kern,029,883053,114454,111832,17188,129020,1419
2021-09-10,Kings,031,150075,28306,27473,1575,29048,274
2021-09-10,Lake,033,64148,5903,5713,113,5826,79
2021-09-10,Lassen,035,31185,6080,5914,232,6146,25
2021-09-10,Los Angeles,037,10098052,1379194,1365709,51331,1417040,25630
2021-09-10,Madera,039,155013,20108,19520,1575,21095,252
2021-09-10,Marin,041,260295,16656,16458,380,16838,242
2021-09-10,Mariposa,043,17540,858,795,29,824,5
2021-09-10,Mendocino,045,87422,6460,6184,278,6462,61
2021-09-10,Merced,047,269075,37571,36884,1392,38276,521
2021-09-10,Modoc,049,8938,465,448,160,608,5
2021-09-10,Mono,051,14174,1467,1422,18,1440,3
2021-09-10,Monterey,053,433212,46889,46084,2526,48610,557
2021-09-10,Napa,055,140530,12101,11948,81,12029,90
2021-09-10,Nevada,057,99092,8123,7932,263,8195,83
2021-09-10,Orange,059,3164182,293605,290022,13826,303848,5302
2021-09-10,Placer,061,380077,33008,32264,3055,35319,343
2021-09-10,Plumas,063,18699,1182,1111,23,1134,5
2021-09-10,Riverside,065,2383286,342097,335988,15748,351736,4720
2021-09-10,Sacramento,067,1510023,144484,143244,3526,146770,1950
2021-09-10,San Benito,069,59416,6884,6824,141,6965,64
2021-09-10,San Bernardino,071,2135413,335763,331894,10441,342335,5422
2021-09-10,San Diego,073,3302833,347845,343173,20303,363476,3941
2021-09-10,San Francisco,075,870044,49312,48518,2105,50623,602
2021-09-10,San Joaquin,077,732212,91698,90208,4873,95081,1573
2021-09-10,San Luis Obispo,079,281455,27153,26526,1042,27568,299
2021-09-10,San Mateo,081,765935,51198,50251,763,51014,564
2021-09-10,Santa Barbara,083,443738,41138,40321,1501,41822,492
2021-09-10,Santa Clara,085,1922200,139023,137337,1069,138406,1817
2021-09-10,Santa Cruz,087,273765,19081,18785,968,19753,210
2021-09-10,Shasta,089,179085,17422,16667,2757,19424,242
2021-09-10,Sierra,091,2930,129,117,13,130,0
2021-09-10,Siskiyou,093,43540,2867,2702,964,3666,35
2021-09-10,Solano,095,438530,43217,42230,1093,43323,305
2021-09-10,Sonoma,097,501317,38709,38271,470,38741,368
2021-09-10,Stanislaus,099,539301,70356,69617,7923,77540,1091
2021-09-10,Sutter,101,95872,12721,12468,211,12679,145
2021-09-10,Tehama,103,63373,6919,6652,1110,7762,77
2021-09-10,Trinity,105,12862,682,524,186,710,7
2021-09-10,Tulare,107,460477,59951,57930,12193,70123,883
2021-09-10,Tuolumne,109,53932,5953,5842,64,5906,89
2021-09-10,Ventura,111,848112,93377,92145,4067,96212,1104
2021-09-10,Yolo,113,214977,18146,17825,901,18726,239
2021-09-10,Yuba,115,75493,8940,8760,200,8960,62
2021-09-09,Alameda,001,1643700,112573,111014,2603,113617,1306
2021-09-09,Alpine,003,1148,97,94,0,94,0
2021-09-09,Amador,005,37829,4811,4698,46,4744,56
2021-09-09,Butte,007,227075,17658,16874,3068,19942,221
2021-09-09,Calaveras,009,45235,3268,3165,23,3188,65
2021-09-09,Colusa,011,21464,2369,2321,518,2839,16
2021-09-09,Contra Costa,013,1133247,92983,91687,1874,93561,904
2021-09-09,Del Norte,015,27424,3283,3102,20,3122,28
2021-09-09,El Dorado,017,186661,14361,13970,1411,15381,119
2021-09-09,Fresno,019,978130,123723,121040,11076,132116,1838
2021-09-09,Glenn,021,27897,3080,2947,854,3801,20
2021-09-09,Humboldt,023,135768,7722,7471,355,7826,52
2021-09-09,Imperial,025,180216,30978,30661,3177,33838,751
2021-09-09,Inyo,027,18085,1618,1586,30,1616,39
2021-09-09,Kern,029,883053,114106,111390,17031,128421,1414
2021-09-09,Kings,031,150075,28205,27282,1564,28846,273
2021-09-09,Lake,033,64148,5879,5638,111,5749,79
2021-09-09,Lassen,035,31185,6030,5860,226,6086,25
2021-09-09,Los Angeles,037,10098052,1377329,1363735,51256,1414991,25583
2021-09-09,Madera,039,155013,20035,19401,1562,20963,252
2021-09-09,Marin,041,260295,16633,16416,377,16793,242
2021-09-09,Mariposa,043,17540,845,779,28,807,5
2021-09-09,Mendocino,045,87422,6426,6089,269,6358,61
2021-09-09,Merced,047,269075,37416,36634,1379,38013,516
2021-09-09,Modoc,049,8938,465,448,160,608,5
2021-09-09,Mono,051,14174,1457,1420,18,1438,3
2021-09-09,Monterey,053,433212,46835,45991,2515,48506,556
2021-09-09,Napa,055,140530,12069,11878,81,11959,90
2021-09-09,Nevada,057,99092,8085,7855,263,8118,82
2021-09-09,Orange,059,3164182,293195,289109,13795,302904,5299
2021-09-09,Placer,061,380077,32890,32048,3040,35088,342
2021-09-09,Plumas,063,18699,1172,1098,22,1120,5
2021-09-09,Riverside,065,2383286,341457,334774,15730,350504,4701
2021-09-09,Sacramento,067,1510023,144004,142728,3480,146208,1929
2021-09-09,San Benito,069,59416,6874,6820,140,6960,64
2021-09-09,San Bernardino,071,2135413,335199,331040,10429,341469,5417
2021-09-09,San Diego,073,3302833,347120,342149,20246,362395,3929
2021-09-09,San Francisco,075,870044,49198,48404,2096,50500,597
2021-09-09,San Joaquin,077,732212,91423,89874,4855,94729,1570
2021-09-09,San Luis Obispo,079,281455,27071,26472,1039,27511,296
2021-09-09,San Mateo,081,765935,51076,50143,760,50903,561
2021-09-09,Santa Barbara,083,443738,41032,40180,1497,41677,490
2021-09-09,Santa Clara,085,1922200,138800,137017,1064,138081,1816
2021-09-09,Santa Cruz,087,273765,19035,18728,968,19696,210
2021-09-09,Shasta,089,179085,17276,16401,2715,19116,238
2021-09-09,Sierra,091,2930,129,115,13,128,0
2021-09-09,Siskiyou,093,43540,2844,2683,950,3633,35
2021-09-09,Solano,095,438530,43101,42081,1089,43170,303
2021-09-09,Sonoma,097,501317,38641,38171,469,38640,360
2021-09-09,Stanislaus,099,539301,70079,69178,7890,77068,1074
2021-09-09,Sutter,101,95872,12666,12396,209,12605,144
2021-09-09,Tehama,103,63373,6865,6554,1105,7659,75
2021-09-09,Trinity,105,12862,676,523,184,707,6
2021-09-09,Tulare,107,460477,59709,57564,12133,69697,879
2021-09-09,Tuolumne,109,53932,5925,5802,63,5865,89
2021-09-09,Ventura,111,848112,93234,91610,4058,95668,1098
2021-09-09,Yolo,113,214977,18089,17724,898,18622,239
2021-09-09,Yuba,115,75493,8895,8707,197,8904,55
2021-09-08,Alameda,001,1643700,112319,110781,2600,113381,1305
2021-09-08,Alpine,003,1148,97,94,0,94,0
2021-09-08,Amador,005,37829,4799,4693,46,4739,56
2021-09-08,Butte,007,227075,17525,16775,3051,19826,220
2021-09-08,Calaveras,009,45235,3250,3157,23,3180,63
2021-09-08,Colusa,011,21464,2367,2308,516,2824,16
2021-09-08,Contra Costa,013,1133247,92710,91471,1869,93340,900
2021-09-08,Del Norte,015,27424,3260,3085,20,3105,25
2021-09-08,El Dorado,017,186661,14281,13928,1389,15317,119
2021-09-08,Fresno,019,978130,123232,120644,11014,131658,1831
2021-09-08,Glenn,021,27897,3065,2942,843,3785,20
2021-09-08,Humboldt,023,135768,7678,7438,347,7785,52
2021-09-08,Imperial,025,180216,30945,30609,3164,33773,751
2021-09-08,Inyo,027,18085,1607,1580,30,1610,39
2021-09-08,Kern,029,883053,113709,110933,16891,127824,1409
2021-09-08,Kings,031,150075,28076,27235,1549,28784,267
2021-09-08,Lake,033,64148,5849,5618,109,5727,79
2021-09-08,Lassen,035,31185,6012,5848,219,6067,25
2021-09-08,Los Angeles,037,10098052,1375260,1362029,51168,1413197,25533
2021-09-08,Madera,039,155013,19975,19352,1548,20900,252
2021-09-08,Marin,041,260295,16605,16386,376,16762,242
2021-09-08,Mariposa,043,17540,833,777,27,804,5
2021-09-08,Mendocino,045,87422,6382,6069,260,6329,61
2021-09-08,Merced,047,269075,37255,36500,1367,37867,516
2021-09-08,Modoc,049,8938,465,448,160,608,5
2021-09-08,Mono,051,14174,1451,1418,18,1436,3
2021-09-08,Monterey,053,433212,46786,45959,2509,48468,554
2021-09-08,Napa,055,140530,12034,11842,79,11921,90
2021-09-08,Nevada,057,99092,8049,7843,262,8105,82
2021-09-08,Orange,059,3164182,292787,288511,13771,302282,5290
2021-09-08,Placer,061,380077,32753,31852,3023,34875,337
2021-09-08,Plumas,063,18699,1165,1072,22,1094,5
2021-09-08,Riverside,065,2383286,340698,334037,15705,349742,4683
2021-09-08,Sacramento,067,1510023,143525,142448,3431,145879,1921
2021-09-08,San Benito,069,59416,6856,6800,140,6940,64
2021-09-08,San Bernardino,071,2135413,334595,330279,10413,340692,5411
2021-09-08,San Diego,073,3302833,346195,341437,20197,361634,3926
2021-09-08,San Francisco,075,870044,49059,48263,2092,50355,589
2021-09-08,San Joaquin,077,732212,91144,89631,4831,94462,1561
2021-09-08,San Luis Obispo,079,281455,26977,26303,1034,27337,294
2021-09-08,San Mateo,081,765935,50974,50051,760,50811,561
2021-09-08,Santa Barbara,083,443738,40921,40000,1493,41493,490
2021-09-08,Santa Clara,085,1922200,138566,136836,1060,137896,1810
2021-09-08,Santa Cruz,087,273765,18998,18699,968,19667,210
2021-09-08,Shasta,089,179085,17121,16227,2668,18895,234
2021-09-08,Sierra,091,2930,129,113,13,126,0
2021-09-08,Siskiyou,093,43540,2811,2643,939,3582,35
2021-09-08,Solano,095,438530,43009,41971,1086,43057,302
2021-09-08,Sonoma,097,501317,38558,38075,468,38543,360
2021-09-08,Stanislaus,099,539301,69848,68945,7851,76796,1074
2021-09-08,Sutter,101,95872,12601,12349,206,12555,144
2021-09-08,Tehama,103,63373,6798,6520,1088,7608,75
2021-09-08,Trinity,105,12862,673,520,180,700,6
2021-09-08,Tulare,107,460477,59385,57425,12077,69502,876
2021-09-08,Tuolumne,109,53932,5893,5783,61,5844,89
2021-09-08,Ventura,111,848112,93084,91345,4040,95385,1096
2021-09-08,Yolo,113,214977,18006,17680,893,18573,239
2021-09-08,Yuba,115,75493,8853,8675,195,8870,55
2021-09-07,Alameda,001,1643700,112013,110550,2594,113144,1301
2021-09-07,Alpine,003,1148,96,94,0,94,0
2021-09-07,Amador,005,37829,4772,4679,46,4725,53
2021-09-07,Butte,007,227075,17368,16723,3015,19738,220
2021-09-07,Calaveras,009,45235,3210,3140,21,3161,63
2021-09-07,Colusa,011,21464,2357,2306,515,2821,16
2021-09-07,Contra Costa,013,1133247,92450,91167,1863,93030,891
2021-09-07,Del Norte,015,27424,3246,3081,20,3101,24
2021-09-07,El Dorado,017,186661,14209,13892,1374,15266,119
2021-09-07,Fresno,019,978130,122679,120268,10928,131196,1828
2021-09-07,Glenn,021,27897,3053,2937,836,3773,20
2021-09-07,Humboldt,023,135768,7618,7397,330,7727,52
2021-09-07,Imperial,025,180216,30905,30584,3155,33739,751
2021-09-07,Inyo,027,18085,1601,1579,29,1608,39
2021-09-07,Kern,029,883053,113276,110674,16729,127403,1408
2021-09-07,Kings,031,150075,27952,27169,1531,28700,267
2021-09-07,Lake,033,64148,5806,5597,101,5698,78
2021-09-07,Lassen,035,31185,5994,5842,213,6055,21
2021-09-07,Los Angeles,037,10098052,1373028,1360407,51077,1411484,25486
2021-09-07,Madera,039,155013,19888,19316,1540,20856,249
2021-09-07,Marin,041,260295,16566,16363,376,16739,242
2021-09-07,Mariposa,043,17540,817,771,27,798,5
2021-09-07,Mendocino,045,87422,6322,6036,250,6286,61
2021-09-07,Merced,047,269075,37081,36400,1361,37761,513
2021-09-07,Modoc,049,8938,463,449,160,609,5
2021-09-07,Mono,051,14174,1442,1416,18,1434,3
2021-09-07,Monterey,053,433212,46703,45911,2496,48407,543
2021-09-07,Napa,055,140530,11993,11814,79,11893,90
2021-09-07,Nevada,057,99092,8021,7829,262,8091,82
2021-09-07,Orange,059,3164182,292358,288225,13740,301965,5274
2021-09-07,Placer,061,380077,32600,31710,2995,34705,337
2021-09-07,Plumas,063,18699,1150,1071,22,1093,5
2021-09-07,Riverside,065,2383286,339911,333390,15686,349076,4666
2021-09-07,Sacramento,067,1510023,142984,142364,3385,145749,1905
2021-09-07,San Benito,069,59416,6838,6786,140,6926,64
2021-09-07,San Bernardino,071,2135413,333849,329962,10389,340351,5407
2021-09-07,San Diego,073,3302833,345192,340709,20132,360841,3922
2021-09-07,San Francisco,075,870044,48919,48175,2087,50262,589
2021-09-07,San Joaquin,077,732212,90809,89468,4817,94285,1548
2021-09-07,San Luis Obispo,079,281455,26859,26253,1025,27278,287
2021-09-07,San Mateo,081,765935,50879,49913,759,50672,561
2021-09-07,Santa Barbara,083,443738,40795,39957,1488,41445,489
2021-09-07,Santa Clara,085,1922200,138278,136631,1054,137685,1807
2021-09-07,Santa Cruz,087,273765,18949,18669,966,19635,210
2021-09-07,Shasta,089,179085,16963,16096,2615,18711,226
2021-09-07,Sierra,091,2930,129,111,13,124,0
2021-09-07,Siskiyou,093,43540,2785,2607,922,3529,34
2021-09-07,Solano,095,438530,42879,41862,1082,42944,300
2021-09-07,Sonoma,097,501317,38474,38013,466,38479,358
2021-09-07,Stanislaus,099,539301,69575,68831,7823,76654,1074
2021-09-07,Sutter,101,95872,12527,12310,200,12510,138
2021-09-07,Tehama,103,63373,6746,6482,1068,7550,74
2021-09-07,Trinity,105,12862,667,517,180,697,6
2021-09-07,Tulare,107,460477,59035,57228,11997,69225,874
2021-09-07,Tuolumne,109,53932,5856,5759,61,5820,88
2021-09-07,Ventura,111,848112,92873,91246,4030,95276,1093
2021-09-07,Yolo,113,214977,17937,17653,888,18541,235
2021-09-07,Yuba,115,75493,8810,8642,190,8832,55
2021-09-06,Alameda,001,1643700,111701,110357,2586,112943,1301
2021-09-06,Alpine,003,1148,94,94,0,94,0
2021-09-06,Amador,005,37829,4756,4648,45,4693,53
2021-09-06,Butte,007,227075,17176,16588,2971,19559,218
2021-09-06,Calaveras,009,45235,3189,3122,21,3143,63
2021-09-06,Colusa,011,21464,2350,2306,510,2816,16
2021-09-06,Contra Costa,013,1133247,92156,90971,1853,92824,891
2021-09-06,Del Norte,015,27424,3205,3037,19,3056,24
2021-09-06,El Dorado,017,186661,14140,13848,1358,15206,119
2021-09-06,Fresno,019,978130,122111,119738,10859,130597,1828
2021-09-06,Glenn,021,27897,3024,2912,826,3738,20
2021-09-06,Humboldt,023,135768,7542,7320,312,7632,52
2021-09-06,Imperial,025,180216,30842,30576,3148,33724,751
2021-09-06,Inyo,027,18085,1592,1578,17,1595,39
2021-09-06,Kern,029,883053,112764,110347,16541,126888,1408
2021-09-06,Kings,031,150075,27809,27094,1516,28610,264
2021-09-06,Lake,033,64148,5742,5548,94,5642,78
2021-09-06,Lassen,035,31185,5968,5822,203,6025,21
2021-09-06,Los Angeles,037,10098052,1370652,1359348,50959,1410307,25477
2021-09-06,Madera,039,155013,19785,19191,1516,20707,249
2021-09-06,Marin,041,260295,16526,16356,376,16732,242
2021-09-06,Mariposa,043,17540,805,764,27,791,5
2021-09-06,Mendocino,045,87422,6252,5984,237,6221,61
2021-09-06,Merced,047,269075,36864,36300,1352,37652,513
2021-09-06,Modoc,049,8938,460,449,160,609,5
2021-09-06,Mono,051,14174,1438,1416,18,1434,3
2021-09-06,Monterey,053,433212,46609,45833,2478,48311,541
2021-09-06,Napa,055,140530,11950,11792,78,11870,90
2021-09-06,Nevada,057,99092,7973,7748,260,8008,82
2021-09-06,Orange,059,3164182,291864,287948,13688,301636,5274
2021-09-06,Placer,061,380077,32423,31595,2957,34552,337
2021-09-06,Plumas,063,18699,1129,1068,19,1087,5
2021-09-06,Riverside,065,2383286,339094,333052,15665,348717,4666
2021-09-06,Sacramento,067,1510023,142343,141730,3316,145046,1905
2021-09-06,San Benito,069,59416,6815,6777,137,6914,64
2021-09-06,San Bernardino,071,2135413,332966,329693,10358,340051,5398
2021-09-06,San Diego,073,3302833,344181,340222,20036,360258,3922
2021-09-06,San Francisco,075,870044,48785,48120,2080,50200,589
2021-09-06,San Joaquin,077,732212,90463,89293,4791,94084,1548
2021-09-06,San Luis Obispo,079,281455,26730,26183,1021,27204,286
2021-09-06,San Mateo,081,765935,50750,49859,757,50616,561
2021-09-06,Santa Barbara,083,443738,40665,39876,1479,41355,489
2021-09-06,Santa Clara,085,1922200,137987,136458,1052,137510,1807
2021-09-06,Santa Cruz,087,273765,18897,18615,963,19578,210
2021-09-06,Shasta,089,179085,16783,15985,2560,18545,226
2021-09-06,Sierra,091,2930,129,109,13,122,0
2021-09-06,Siskiyou,093,43540,2741,2595,888,3483,34
2021-09-06,Solano,095,438530,42731,41774,1075,42849,300
2021-09-06,Sonoma,097,501317,38353,37929,465,38394,358
2021-09-06,Stanislaus,099,539301,69233,68596,7779,76375,1074
2021-09-06,Sutter,101,95872,12465,12238,191,12429,138
2021-09-06,Tehama,103,63373,6684,6413,1041,7454,74
2021-09-06,Trinity,105,12862,664,515,178,693,6
2021-09-06,Tulare,107,460477,58676,57068,11918,68986,874
2021-09-06,Tuolumne,109,53932,5820,5697,61,5758,88
2021-09-06,Ventura,111,848112,92697,91132,4018,95150,1093
2021-09-06,Yolo,113,214977,17853,17576,882,18458,235
2021-09-06,Yuba,115,75493,8760,8584,186,8770,55
2021-09-05,Alameda,001,1643700,111511,110173,2583,112756,1301
2021-09-05,Alpine,003,1148,94,94,0,94,0
2021-09-05,Amador,005,37829,4744,4642,45,4687,53
2021-09-05,Butte,007,227075,17086,16504,2943,19447,218
2021-09-05,Calaveras,009,45235,3183,3106,21,3127,63
2021-09-05,Colusa,011,21464,2342,2305,508,2813,16
2021-09-05,Contra Costa,013,1133247,91972,90862,1848,92710,891
2021-09-05,Del Norte,015,27424,3185,3023,19,3042,24
2021-09-05,El Dorado,017,186661,14111,13827,1344,15171,119
2021-09-05,Fresno,019,978130,121814,119384,10822,130206,1828
2021-09-05,Glenn,021,27897,3010,2899,823,3722,20
2021-09-05,Humboldt,023,135768,7509,7312,309,7621,52
2021-09-05,Imperial,025,180216,30813,30548,3146,33694,751
2021-09-05,Inyo,027,18085,1589,1572,17,1589,39
2021-09-05,Kern,029,883053,112464,110073,16381,126454,1408
2021-09-05,Kings,031,150075,27732,26989,1512,28501,264
2021-09-05,Lake,033,64148,5722,5525,94,5619,78
2021-09-05,Lassen,035,31185,5946,5820,199,6019,21
2021-09-05,Los Angeles,037,10098052,1369360,1357748,50887,1408635,25465
2021-09-05,Madera,039,155013,19743,19155,1505,20660,249
2021-09-05,Marin,041,260295,16507,16342,375,16717,242
2021-09-05,Mariposa,043,17540,801,761,27,788,5
2021-09-05,Mendocino,045,87422,6218,5965,237,6202,61
2021-09-05,Merced,047,269075,36788,36243,1351,37594,513
2021-09-05,Modoc,049,8938,460,447,160,607,5
2021-09-05,Mono,051,14174,1438,1416,18,1434,3
2021-09-05,Monterey,053,433212,46581,45795,2469,48264,540
2021-09-05,Napa,055,140530,11925,11770,78,11848,90
2021-09-05,Nevada,057,99092,7951,7722,259,7981,82
2021-09-05,Orange,059,3164182,291576,287614,13671,301285,5274
2021-09-05,Placer,061,380077,32296,31487,2943,34430,337
2021-09-05,Plumas,063,18699,1122,1067,19,1086,5
2021-09-05,Riverside,065,2383286,338642,332604,15653,348257,4654
2021-09-05,Sacramento,067,1510023,141905,141276,3298,144574,1905
2021-09-05,San Benito,069,59416,6814,6764,137,6901,64
2021-09-05,San Bernardino,071,2135413,332584,329062,10343,339405,5392
2021-09-05,San Diego,073,3302833,343627,339427,20000,359427,3914
2021-09-05,San Francisco,075,870044,48707,48035,2075,50110,589
2021-09-05,San Joaquin,077,732212,90297,89121,4774,93895,1548
2021-09-05,San Luis Obispo,079,281455,26681,26098,1020,27118,285
2021-09-05,San Mateo,081,765935,50683,49809,753,50562,561
2021-09-05,Santa Barbara,083,443738,40598,39762,1477,41239,489
2021-09-05,Santa Clara,085,1922200,137777,136146,1050,137196,1807
2021-09-05,Santa Cruz,087,273765,18877,18588,961,19549,210
2021-09-05,Shasta,089,179085,16700,15960,2534,18494,226
2021-09-05,Sierra,091,2930,128,109,13,122,0
2021-09-05,Siskiyou,093,43540,2724,2585,874,3459,34
2021-09-05,Solano,095,438530,42636,41687,1070,42757,300
2021-09-05,Sonoma,097,501317,38268,37881,464,38345,358
2021-09-05,Stanislaus,099,539301,69094,68434,7754,76188,1074
2021-09-05,Sutter,101,95872,12435,12179,185,12364,138
2021-09-05,Tehama,103,63373,6658,6400,1035,7435,74
2021-09-05,Trinity,105,12862,658,505,177,682,6
2021-09-05,Tulare,107,460477,58507,56915,11874,68789,874
2021-09-05,Tuolumne,109,53932,5808,5688,61,5749,88
2021-09-05,Ventura,111,848112,92562,91004,4014,95018,1093
2021-09-05,Yolo,113,214977,17816,17557,876,18433,235
2021-09-05,Yuba,115,75493,8733,8521,184,8705,55
2021-09-04,Alameda,001,1643700,111384,109944,2576,112520,1301
2021-09-04,Alpine,003,1148,94,94,0,94,0
2021-09-04,Amador,005,37829,4726,4637,44,4681,53
2021-09-04,Butte,007,227075,17028,16403,2928,19331,218
2021-09-04,Calaveras,009,45235,3171,3087,20,3107,63
2021-09-04,Colusa,011,21464,2340,2301,508,2809,16
2021-09-04,Contra Costa,013,1133247,91858,90623,1845,92468,891
2021-09-04,Del Norte,015,27424,3174,2984,19,3003,24
2021-09-04,El Dorado,017,186661,14085,13782,1336,15118,119
2021-09-04,Fresno,019,978130,121620,119033,10802,129835,1828
2021-09-04,Glenn,021,27897,3000,2878,819,3697,20
2021-09-04,Humboldt,023,135768,7478,7298,303,7601,52
2021-09-04,Imperial,025,180216,30790,30526,3143,33669,751
2021-09-04,Inyo,027,18085,1587,1571,17,1588,39
2021-09-04,Kern,029,883053,112219,109751,16250,126001,1408
2021-09-04,Kings,031,150075,27644,26896,1506,28402,263
2021-09-04,Lake,033,64148,5704,5507,94,5601,78
2021-09-04,Lassen,035,31185,5931,5814,191,6005,21
2021-09-04,Los Angeles,037,10098052,1368411,1355634,50829,1406463,25454
2021-09-04,Madera,039,155013,19709,19112,1498,20610,249
2021-09-04,Marin,041,260295,16491,16319,374,16693,242
2021-09-04,Mariposa,043,17540,796,759,27,786,5
2021-09-04,Mendocino,045,87422,6182,5933,237,6170,61
2021-09-04,Merced,047,269075,36743,36083,1348,37431,513
2021-09-04,Modoc,049,8938,460,447,160,607,5
2021-09-04,Mono,051,14174,1435,1417,18,1435,3
2021-09-04,Monterey,053,433212,46550,45756,2465,48221,540
2021-09-04,Napa,055,140530,11900,11760,76,11836,90
2021-09-04,Nevada,057,99092,7936,7691,258,7949,82
2021-09-04,Orange,059,3164182,291313,287244,13650,300894,5274
2021-09-04,Placer,061,380077,32192,31374,2926,34300,337
2021-09-04,Plumas,063,18699,1114,1067,19,1086,5
2021-09-04,Riverside,065,2383286,338172,331958,15641,347599,4654
2021-09-04,Sacramento,067,1510023,141612,140735,3290,144025,1896
2021-09-04,San Benito,069,59416,6805,6758,137,6895,64
2021-09-04,San Bernardino,071,2135413,332252,328425,10329,338754,5393
2021-09-04,San Diego,073,3302833,343193,338748,19978,358726,3914
2021-09-04,San Francisco,075,870044,48632,47937,2066,50003,589
2021-09-04,San Joaquin,077,732212,90181,88846,4766,93612,1548
2021-09-04,San Luis Obispo,079,281455,26649,26020,1020,27040,285
2021-09-04,San Mateo,081,765935,50626,49721,753,50474,560
2021-09-04,Santa Barbara,083,443738,40532,39667,1475,41142,489
2021-09-04,Santa Clara,085,1922200,137591,135845,1047,136892,1806
2021-09-04,Santa Cruz,087,273765,18859,18579,957,19536,210
2021-09-04,Shasta,089,179085,16623,15924,2508,18432,226
2021-09-04,Sierra,091,2930,126,108,13,121,0
2021-09-04,Siskiyou,093,43540,2698,2563,863,3426,34
2021-09-04,Solano,095,438530,42563,41614,1068,42682,300
2021-09-04,Sonoma,097,501317,38234,37809,464,38273,358
2021-09-04,Stanislaus,099,539301,68948,68210,7730,75940,1074
2021-09-04,Sutter,101,95872,12394,12137,184,12321,138
2021-09-04,Tehama,103,63373,6633,6367,1017,7384,74
2021-09-04,Trinity,105,12862,656,497,177,674,6
2021-09-04,Tulare,107,460477,58399,56719,11831,68550,874
2021-09-04,Tuolumne,109,53932,5790,5667,59,5726,88
2021-09-04,Ventura,111,848112,92427,90904,4011,94915,1090
2021-09-04,Yolo,113,214977,17782,17522,872,18394,235
2021-09-04,Yuba,115,75493,8705,8475,183,8658,55
2021-09-03,Alameda,001,1643700,111234,109636,2573,112209,1301
2021-09-03,Alpine,003,1148,94,94,0,94,0
2021-09-03,Amador,005,37829,4704,4614,44,4658,53
2021-09-03,Butte,007,227075,16938,16259,2902,19161,215
2021-09-03,Calaveras,009,45235,3161,3069,20,3089,63
2021-09-03,Colusa,011,21464,2335,2295,507,2802,16
2021-09-03,Contra Costa,013,1133247,91707,90299,1842,92141,886
2021-09-03,Del Norte,015,27424,3146,2943,18,2961,24
2021-09-03,El Dorado,017,186661,14052,13710,1332,15042,119
2021-09-03,Fresno,019,978130,121288,118508,10780,129288,1822
2021-09-03,Glenn,021,27897,2991,2867,812,3679,20
2021-09-03,Humboldt,023,135768,7454,7194,298,7492,52
2021-09-03,Imperial,025,180216,30767,30475,3136,33611,751
2021-09-03,Inyo,027,18085,1582,1567,17,1584,39
2021-09-03,Kern,029,883053,112003,109296,16139,125435,1407
2021-09-03,Kings,031,150075,27560,26753,1503,28256,263
2021-09-03,Lake,033,64148,5684,5479,92,5571,78
2021-09-03,Lassen,035,31185,5914,5789,186,5975,21
2021-09-03,Los Angeles,037,10098052,1367078,1351185,50762,1401947,25384
2021-09-03,Madera,039,155013,19624,19021,1492,20513,247
2021-09-03,Marin,041,260295,16469,16293,373,16666,242
2021-09-03,Mariposa,043,17540,789,753,25,778,5
2021-09-03,Mendocino,045,87422,6147,5891,237,6128,61
2021-09-03,Merced,047,269075,36689,35941,1339,37280,512
2021-09-03,Modoc,049,8938,460,445,160,605,5
2021-09-03,Mono,051,14174,1434,1410,18,1428,3
2021-09-03,Monterey,053,433212,46512,45707,2461,48168,540
2021-09-03,Napa,055,140530,11879,11733,76,11809,89
2021-09-03,Nevada,057,99092,7903,7632,258,7890,82
2021-09-03,Orange,059,3164182,290994,286818,13622,300440,5253
2021-09-03,Placer,061,380077,32085,31238,2902,34140,335
2021-09-03,Plumas,063,18699,1103,1057,19,1076,5
2021-09-03,Riverside,065,2383286,337640,331011,15625,346636,4653
2021-09-03,Sacramento,067,1510023,141243,139982,3271,143253,1886
2021-09-03,San Benito,069,59416,6799,6746,137,6883,64
2021-09-03,San Bernardino,071,2135413,331839,327599,10318,337917,5381
2021-09-03,San Diego,073,3302833,342573,337627,19945,357572,3911
2021-09-03,San Francisco,075,870044,48556,47822,2060,49882,589
2021-09-03,San Joaquin,077,732212,90028,88366,4758,93124,1540
2021-09-03,San Luis Obispo,079,281455,26573,25917,1018,26935,283
2021-09-03,San Mateo,081,765935,50532,49617,751,50368,560
2021-09-03,Santa Barbara,083,443738,40465,39507,1472,40979,489
2021-09-03,Santa Clara,085,1922200,137389,135522,1043,136565,1801
2021-09-03,Santa Cruz,087,273765,18834,18532,957,19489,210
2021-09-03,Shasta,089,179085,16548,15778,2484,18262,226
2021-09-03,Sierra,091,2930,124,105,13,118,0
2021-09-03,Siskiyou,093,43540,2686,2529,850,3379,34
2021-09-03,Solano,095,438530,42465,41457,1065,42522,300
2021-09-03,Sonoma,097,501317,38171,37699,464,38163,358
2021-09-03,Stanislaus,099,539301,68776,67887,7704,75591,1074
2021-09-03,Sutter,101,95872,12355,12073,183,12256,139
2021-09-03,Tehama,103,63373,6594,6334,1010,7344,72
2021-09-03,Trinity,105,12862,654,490,172,662,6
2021-09-03,Tulare,107,460477,58272,56401,11778,68179,872
2021-09-03,Tuolumne,109,53932,5748,5630,59,5689,88
2021-09-03,Ventura,111,848112,92293,90742,4007,94749,1088
2021-09-03,Yolo,113,214977,17759,17446,866,18312,235
2021-09-03,Yuba,115,75493,8673,8412,183,8595,55
2021-09-02,Alameda,001,1643700,110975,109377,2570,111947,1301
2021-09-02,Alpine,003,1148,93,92,0,92,0
2021-09-02,Amador,005,37829,4688,4606,44,4650,53
2021-09-02,Butte,007,227075,16812,16154,2883,19037,215
2021-09-02,Calaveras,009,45235,3148,3042,20,3062,62
2021-09-02,Colusa,011,21464,2331,2290,505,2795,16
2021-09-02,Contra Costa,013,1133247,91527,90038,1831,91869,886
2021-09-02,Del Norte,015,27424,3115,2891,18,2909,24
2021-09-02,El Dorado,017,186661,13992,13641,1306,14947,119
2021-09-02,Fresno,019,978130,120801,117974,10737,128711,1804
2021-09-02,Glenn,021,27897,2975,2855,807,3662,20
2021-09-02,Humboldt,023,135768,7407,7141,287,7428,52
2021-09-02,Imperial,025,180216,30723,30449,3131,33580,751
2021-09-02,Inyo,027,18085,1577,1564,16,1580,39
2021-09-02,Kern,029,883053,111590,108930,15995,124925,1404
2021-09-02,Kings,031,150075,27467,26638,1493,28131,263
2021-09-02,Lake,033,64148,5654,5432,88,5520,78
2021-09-02,Lassen,035,31185,5900,5747,179,5926,21
2021-09-02,Los Angeles,037,10098052,1365220,1351105,50666,1401771,25382
2021-09-02,Madera,039,155013,19532,18937,1473,20410,247
2021-09-02,Marin,041,260295,16456,16244,371,16615,242
2021-09-02,Mariposa,043,17540,782,745,22,767,5
2021-09-02,Mendocino,045,87422,6105,5848,234,6082,61
2021-09-02,Merced,047,269075,36526,35820,1332,37152,508
2021-09-02,Modoc,049,8938,460,437,160,597,5
2021-09-02,Mono,051,14174,1434,1409,18,1427,3
2021-09-02,Monterey,053,433212,46447,45648,2446,48094,539
2021-09-02,Napa,055,140530,11850,11684,76,11760,88
2021-09-02,Nevada,057,99092,7851,7575,257,7832,82
2021-09-02,Orange,059,3164182,290533,286326,13589,299915,5240
2021-09-02,Placer,061,380077,31947,31067,2873,33940,330
2021-09-02,Plumas,063,18699,1092,1045,18,1063,5
2021-09-02,Riverside,065,2383286,336924,330190,15600,345790,4644
2021-09-02,Sacramento,067,1510023,140659,139274,3232,142506,1882
2021-09-02,San Benito,069,59416,6794,6734,136,6870,64
2021-09-02,San Bernardino,071,2135413,331233,326940,10245,337185,5369
2021-09-02,San Diego,073,3302833,341607,336382,19892,356274,3909
2021-09-02,San Francisco,075,870044,48448,47674,2056,49730,587
2021-09-02,San Joaquin,077,732212,89743,88056,4734,92790,1540
2021-09-02,San Luis Obispo,079,281455,26488,25851,1013,26864,283
2021-09-02,San Mateo,081,765935,50433,49490,748,50238,558
2021-09-02,Santa Barbara,083,443738,40375,39386,1459,40845,486
2021-09-02,Santa Clara,085,1922200,137088,135216,1037,136253,1799
2021-09-02,Santa Cruz,087,273765,18800,18473,954,19427,210
2021-09-02,Shasta,089,179085,16410,15670,2455,18125,224
2021-09-02,Sierra,091,2930,124,105,13,118,0
2021-09-02,Siskiyou,093,43540,2665,2513,822,3335,34
2021-09-02,Solano,095,438530,42359,41293,1062,42355,294
2021-09-02,Sonoma,097,501317,38090,37558,464,38022,352
2021-09-02,Stanislaus,099,539301,68535,67576,7681,75257,1074
2021-09-02,Sutter,101,95872,12285,11995,179,12174,138
2021-09-02,Tehama,103,63373,6535,6265,991,7256,72
2021-09-02,Trinity,105,12862,650,484,170,654,6
2021-09-02,Tulare,107,460477,58042,56105,11725,67830,872
2021-09-02,Tuolumne,109,53932,5692,5578,59,5637,88
2021-09-02,Ventura,111,848112,92110,90610,4002,94612,1084
2021-09-02,Yolo,113,214977,17690,17357,855,18212,235
2021-09-02,Yuba,115,75493,8613,8363,183,8546,55
2021-09-01,Alameda,001,1643700,110703,109075,2564,111639,1299
2021-09-01,Alpine,003,1148,93,92,0,92,0
2021-09-01,Amador,005,37829,4672,4599,43,4642,53
2021-09-01,Butte,007,227075,16697,16046,2858,18904,215
2021-09-01,Calaveras,009,45235,3136,3023,20,3043,59
2021-09-01,Colusa,011,21464,2326,2281,505,2786,16
2021-09-01,Contra Costa,013,1133247,91300,89834,1824,91658,877
2021-09-01,Del Norte,015,27424,3082,2860,18,2878,24
2021-09-01,El Dorado,017,186661,13936,13577,1279,14856,119
2021-09-01,Fresno,019,978130,120315,117492,10681,128173,1800
2021-09-01,Glenn,021,27897,2950,2846,798,3644,20
2021-09-01,Humboldt,023,135768,7359,7090,280,7370,52
2021-09-01,Imperial,025,180216,30686,30393,3126,33519,750
2021-09-01,Inyo,027,18085,1573,1561,15,1576,39
2021-09-01,Kern,029,883053,111159,108449,15852,124301,1400
2021-09-01,Kings,031,150075,27354,26443,1482,27925,263
2021-09-01,Lake,033,64148,5612,5396,83,5479,77
2021-09-01,Lassen,035,31185,5878,5731,175,5906,21
2021-09-01,Los Angeles,037,10098052,1362961,1348589,50558,1399147,25341
2021-09-01,Madera,039,155013,19454,18852,1458,20310,247
2021-09-01,Marin,041,260295,16434,16224,366,16590,240
2021-09-01,Mariposa,043,17540,774,735,22,757,5
2021-09-01,Mendocino,045,87422,6062,5821,229,6050,59
2021-09-01,Merced,047,269075,36349,35686,1323,37009,500
2021-09-01,Modoc,049,8938,454,436,158,594,5
2021-09-01,Mono,051,14174,1434,1400,18,1418,3
2021-09-01,Monterey,053,433212,46367,45590,2431,48021,539
2021-09-01,Napa,055,140530,11817,11653,76,11729,88
2021-09-01,Nevada,057,99092,7798,7508,256,7764,82
2021-09-01,Orange,059,3164182,290058,285840,13551,299391,5233
2021-09-01,Placer,061,380077,31793,30902,2859,33761,330
2021-09-01,Plumas,063,18699,1084,1033,18,1051,5
2021-09-01,Riverside,065,2383286,336108,329388,15570,344958,4634
2021-09-01,Sacramento,067,1510023,140049,138499,3186,141685,1875
2021-09-01,San Benito,069,59416,6777,6716,136,6852,64
2021-09-01,San Bernardino,071,2135413,330583,326250,10216,336466,5364
2021-09-01,San Diego,073,3302833,340575,335302,19842,355144,3908
2021-09-01,San Francisco,075,870044,48339,47538,2049,49587,584
2021-09-01,San Joaquin,077,732212,89422,87640,4711,92351,1540
2021-09-01,San Luis Obispo,079,281455,26392,25691,1008,26699,283
2021-09-01,San Mateo,081,765935,50315,49394,742,50136,558
2021-09-01,Santa Barbara,083,443738,40258,39263,1443,40706,483
2021-09-01,Santa Clara,085,1922200,136820,134855,1030,135885,1796
2021-09-01,Santa Cruz,087,273765,18752,18453,952,19405,210
2021-09-01,Shasta,089,179085,16278,15552,2414,17966,221
2021-09-01,Sierra,091,2930,123,98,13,111,0
2021-09-01,Siskiyou,093,43540,2635,2482,802,3284,34
2021-09-01,Solano,095,438530,42208,41194,1056,42250,293
2021-09-01,Sonoma,097,501317,37995,37454,463,37917,352
2021-09-01,Stanislaus,099,539301,68250,67287,7650,74937,1075
2021-09-01,Sutter,101,95872,12221,11945,172,12117,136
2021-09-01,Tehama,103,63373,6501,6228,974,7202,72
2021-09-01,Trinity,105,12862,649,482,167,649,5
2021-09-01,Tulare,107,460477,57760,55768,11688,67456,870
2021-09-01,Tuolumne,109,53932,5653,5553,59,5612,88
2021-09-01,Ventura,111,848112,91895,90471,3986,94457,1089
2021-09-01,Yolo,113,214977,17634,17264,849,18113,235
2021-09-01,Yuba,115,75493,8552,8308,183,8491,55
2021-08-31,Alameda,001,1643700,110401,108837,2557,111394,1297
2021-08-31,Alpine,003,1148,91,92,0,92,0
2021-08-31,Amador,005,37829,4651,4555,43,4598,53
2021-08-31,Butte,007,227075,16556,15896,2817,18713,216
2021-08-31,Calaveras,009,45235,3096,3008,20,3028,59
2021-08-31,Colusa,011,21464,2324,2275,503,2778,16
2021-08-31,Contra Costa,013,1133247,91006,89546,1812,91358,871
2021-08-31,Del Norte,015,27424,3046,2830,18,2848,19
2021-08-31,El Dorado,017,186661,13866,13539,1262,14801,119
2021-08-31,Fresno,019,978130,119742,117155,10609,127764,1801
2021-08-31,Glenn,021,27897,2934,2829,783,3612,20
2021-08-31,Humboldt,023,135768,7284,7030,267,7297,52
2021-08-31,Imperial,025,180216,30649,30348,3118,33466,750
2021-08-31,Inyo,027,18085,1569,1550,15,1565,39
2021-08-31,Kern,029,883053,110657,108151,15673,123824,1393
2021-08-31,Kings,031,150075,27213,26405,1468,27873,260
2021-08-31,Lake,033,64148,5568,5359,80,5439,74
2021-08-31,Lassen,035,31185,5852,5702,172,5874,21
2021-08-31,Los Angeles,037,10098052,1360372,1346686,50479,1397165,25303
2021-08-31,Madera,039,155013,19364,18811,1440,20251,247
2021-08-31,Marin,041,260295,16405,16215,363,16578,240
2021-08-31,Mariposa,043,17540,766,732,22,754,5
2021-08-31,Mendocino,045,87422,6020,5777,227,6004,59
2021-08-31,Merced,047,269075,36179,35512,1318,36830,498
2021-08-31,Modoc,049,8938,453,436,158,594,5
2021-08-31,Mono,051,14174,1422,1398,18,1416,3
2021-08-31,Monterey,053,433212,46283,45550,2417,47967,539
2021-08-31,Napa,055,140530,11770,11618,76,11694,88
2021-08-31,Nevada,057,99092,7731,7460,256,7716,82
2021-08-31,Orange,059,3164182,289459,285310,13517,298827,5229
2021-08-31,Placer,061,380077,31604,30745,2821,33566,325
2021-08-31,Plumas,063,18699,1080,1018,17,1035,5
2021-08-31,Riverside,065,2383286,335134,328556,15537,344093,4627
2021-08-31,Sacramento,067,1510023,139364,137879,3154,141033,1863
2021-08-31,San Benito,069,59416,6765,6694,134,6828,64
2021-08-31,San Bernardino,071,2135413,329838,325446,10196,335642,5350
2021-08-31,San Diego,073,3302833,339310,334377,19790,354167,3888
2021-08-31,San Francisco,075,870044,48189,47440,2038,49478,581
2021-08-31,San Joaquin,077,732212,88977,87365,4696,92061,1540
2021-08-31,San Luis Obispo,079,281455,26268,25518,1004,26522,282
2021-08-31,San Mateo,081,765935,50204,49299,742,50041,556
2021-08-31,Santa Barbara,083,443738,40105,39091,1437,40528,481
2021-08-31,Santa Clara,085,1922200,136470,134637,1023,135660,1793
2021-08-31,Santa Cruz,087,273765,18711,18419,949,19368,210
2021-08-31,Shasta,089,179085,16126,15368,2387,17755,220
2021-08-31,Sierra,091,2930,120,95,13,108,0
2021-08-31,Siskiyou,093,43540,2615,2435,786,3221,33
2021-08-31,Solano,095,438530,42069,41067,1049,42116,289
2021-08-31,Sonoma,097,501317,37899,37379,462,37841,352
2021-08-31,Stanislaus,099,539301,67895,67004,7615,74619,1075
2021-08-31,Sutter,101,95872,12155,11901,168,12069,136
2021-08-31,Tehama,103,63373,6441,6169,943,7112,72
2021-08-31,Trinity,105,12862,643,480,167,647,3
2021-08-31,Tulare,107,460477,57427,55567,11617,67184,870
2021-08-31,Tuolumne,109,53932,5617,5516,59,5575,88
2021-08-31,Ventura,111,848112,91678,90292,3974,94266,1081
2021-08-31,Yolo,113,214977,17554,17205,840,18045,234
2021-08-31,Yuba,115,75493,8498,8253,183,8436,54
2021-08-30,Alameda,001,1643700,110075,107734,2546,110280,1296
2021-08-30,Alpine,003,1148,91,92,0,92,0
2021-08-30,Amador,005,37829,4640,4507,43,4550,53
2021-08-30,Butte,007,227075,16405,15719,2784,18503,214
2021-08-30,Calaveras,009,45235,3081,2975,20,2995,59
2021-08-30,Colusa,011,21464,2315,2271,499,2770,16
2021-08-30,Contra Costa,013,1133247,90747,87679,1802,89481,872
2021-08-30,Del Norte,015,27424,3004,2796,17,2813,11
2021-08-30,El Dorado,017,186661,13797,13217,1245,14462,119
2021-08-30,Fresno,019,978130,119174,115867,10546,126413,1790
2021-08-30,Glenn,021,27897,2923,2804,780,3584,20
2021-08-30,Humboldt,023,135768,7231,6930,261,7191,52
2021-08-30,Imperial,025,180216,30611,30311,3113,33424,750
2021-08-30,Inyo,027,18085,1564,1544,15,1559,39
2021-08-30,Kern,029,883053,110178,107615,15509,123124,1389
2021-08-30,Kings,031,150075,27097,26236,1453,27689,259
2021-08-30,Lake,033,64148,5533,5323,77,5400,74
2021-08-30,Lassen,035,31185,5830,5667,166,5833,21
2021-08-30,Los Angeles,037,10098052,1357913,1344949,50392,1395341,25269
2021-08-30,Madera,039,155013,19282,18622,1420,20042,247
2021-08-30,Marin,041,260295,16374,16160,363,16523,240
2021-08-30,Mariposa,043,17540,760,715,21,736,5
2021-08-30,Mendocino,045,87422,5986,5721,223,5944,55
2021-08-30,Merced,047,269075,36051,35335,1314,36649,497
2021-08-30,Modoc,049,8938,451,436,157,593,5
2021-08-30,Mono,051,14174,1421,1390,18,1408,3
2021-08-30,Monterey,053,433212,46221,45463,2400,47863,539
2021-08-30,Napa,055,140530,11721,11579,74,11653,87
2021-08-30,Nevada,057,99092,7672,7356,253,7609,82
2021-08-30,Orange,059,3164182,288878,284750,13468,298218,5223
2021-08-30,Placer,061,380077,31439,29825,2798,32623,319
2021-08-30,Plumas,063,18699,1063,998,17,1015,5
2021-08-30,Riverside,065,2383286,334236,327593,15506,343099,4623
2021-08-30,Sacramento,067,1510023,138709,134571,3108,137679,1847
2021-08-30,San Benito,069,59416,6756,6663,134,6797,64
2021-08-30,San Bernardino,071,2135413,329162,324870,10166,335036,5348
2021-08-30,San Diego,073,3302833,338030,333011,19717,352728,3885
2021-08-30,San Francisco,075,870044,48050,46966,2024,48990,581
2021-08-30,San Joaquin,077,732212,88646,86203,4675,90878,1528
2021-08-30,San Luis Obispo,079,281455,26142,25422,997,26419,280
2021-08-30,San Mateo,081,765935,50080,48839,736,49575,554
2021-08-30,Santa Barbara,083,443738,39954,38998,1432,40430,481
2021-08-30,Santa Clara,085,1922200,136149,133281,1016,134297,1789
2021-08-30,Santa Cruz,087,273765,18656,18326,945,19271,210
2021-08-30,Shasta,089,179085,15997,15238,2344,17582,217
2021-08-30,Sierra,091,2930,118,91,13,104,0
2021-08-30,Siskiyou,093,43540,2602,2411,775,3186,33
2021-08-30,Solano,095,438530,41906,39986,1045,41031,290
2021-08-30,Sonoma,097,501317,37793,36764,462,37226,352
2021-08-30,Stanislaus,099,539301,67556,66173,7584,73757,1074
2021-08-30,Sutter,101,95872,12084,11791,161,11952,136
2021-08-30,Tehama,103,63373,6362,6085,919,7004,71
2021-08-30,Trinity,105,12862,632,468,164,632,3
2021-08-30,Tulare,107,460477,57115,55140,11541,66681,870
2021-08-30,Tuolumne,109,53932,5571,5492,59,5551,74
2021-08-30,Ventura,111,848112,91462,90149,3962,94111,1082
2021-08-30,Yolo,113,214977,17491,17071,836,17907,231
2021-08-30,Yuba,115,75493,8424,8129,182,8311,54
2021-08-29,Alameda,001,1643700,109733,107494,2534,110028,1296
2021-08-29,Alpine,003,1148,91,92,0,92,0
2021-08-29,Amador,005,37829,4626,4501,43,4544,53
2021-08-29,Butte,007,227075,16235,15602,2747,18349,214
2021-08-29,Calaveras,009,45235,3048,2970,20,2990,59
2021-08-29,Colusa,011,21464,2307,2260,493,2753,16
2021-08-29,Contra Costa,013,1133247,90449,87439,1797,89236,872
2021-08-29,Del Norte,015,27424,2961,2752,17,2769,11
2021-08-29,El Dorado,017,186661,13742,13166,1234,14400,119
2021-08-29,Fresno,019,978130,118577,115502,10478,125980,1790
2021-08-29,Glenn,021,27897,2905,2778,773,3551,20
2021-08-29,Humboldt,023,135768,7187,6922,246,7168,52
2021-08-29,Imperial,025,180216,30550,30293,3103,33396,750
2021-08-29,Inyo,027,18085,1554,1543,14,1557,39
2021-08-29,Kern,029,883053,109727,107324,15338,122662,1389
2021-08-29,Kings,031,150075,26945,26143,1438,27581,259
2021-08-29,Lake,033,64148,5493,5293,67,5360,74
2021-08-29,Lassen,035,31185,5807,5666,162,5828,21
2021-08-29,Los Angeles,037,10098052,1355152,1342541,50280,1392821,25263
2021-08-29,Madera,039,155013,19195,18594,1404,19998,247
2021-08-29,Marin,041,260295,16343,16134,361,16495,240
2021-08-29,Mariposa,043,17540,754,709,19,728,5
2021-08-29,Mendocino,045,87422,5928,5689,210,5899,55
2021-08-29,Merced,047,269075,35812,35250,1302,36552,497
2021-08-29,Modoc,049,8938,448,436,157,593,5
2021-08-29,Mono,051,14174,1414,1387,18,1405,3
2021-08-29,Monterey,053,433212,46115,45424,2376,47800,539
2021-08-29,Napa,055,140530,11690,11552,74,11626,87
2021-08-29,Nevada,057,99092,7616,7294,252,7546,82
2021-08-29,Orange,059,3164182,288251,284432,13426,297858,5223
2021-08-29,Placer,061,380077,31266,29674,2757,32431,319
2021-08-29,Plumas,063,18699,1052,996,17,1013,5
2021-08-29,Riverside,065,2383286,333377,326987,15485,342472,4623
2021-08-29,Sacramento,067,1510023,137956,133981,3059,137040,1843
2021-08-29,San Benito,069,59416,6731,6646,134,6780,64
2021-08-29,San Bernardino,071,2135413,328375,324266,10132,334398,5347
2021-08-29,San Diego,073,3302833,336920,332014,19624,351638,3880
2021-08-29,San Francisco,075,870044,47915,46885,2012,48897,581
2021-08-29,San Joaquin,077,732212,88199,85922,4654,90576,1528
2021-08-29,San Luis Obispo,079,281455,25944,25288,989,26277,280
2021-08-29,San Mateo,081,765935,49967,48737,731,49468,554
2021-08-29,Santa Barbara,083,443738,39788,38900,1428,40328,481
2021-08-29,Santa Clara,085,1922200,135795,132979,1010,133989,1789
2021-08-29,Santa Cruz,087,273765,18609,18285,943,19228,210
2021-08-29,Shasta,089,179085,15843,15198,2317,17515,217
2021-08-29,Sierra,091,2930,116,91,13,104,0
2021-08-29,Siskiyou,093,43540,2555,2407,755,3162,33
2021-08-29,Solano,095,438530,41751,39887,1038,40925,290
2021-08-29,Sonoma,097,501317,37657,36650,458,37108,352
2021-08-29,Stanislaus,099,539301,67210,65956,7548,73504,1074
2021-08-29,Sutter,101,95872,12026,11719,154,11873,136
2021-08-29,Tehama,103,63373,6291,6040,896,6936,71
2021-08-29,Trinity,105,12862,629,468,160,628,3
2021-08-29,Tulare,107,460477,56782,54974,11457,66431,870
2021-08-29,Tuolumne,109,53932,5546,5478,58,5536,74
2021-08-29,Ventura,111,848112,91205,90114,3953,94067,1082
2021-08-29,Yolo,113,214977,17392,17015,824,17839,231
2021-08-29,Yuba,115,75493,8360,8042,182,8224,54
2021-08-28,Alameda,001,1643700,109568,107007,2525,109532,1296
2021-08-28,Alpine,003,1148,91,92,0,92,0
2021-08-28,Amador,005,37829,4607,4484,43,4527,53
2021-08-28,Butte,007,227075,16176,15487,2719,18206,214
2021-08-28,Calaveras,009,45235,3038,2926,20,2946,59
2021-08-28,Colusa,011,21464,2303,2252,491,2743,16
2021-08-28,Contra Costa,013,1133247,90237,86938,1794,88732,872
2021-08-28,Del Norte,015,27424,2934,2734,16,2750,11
2021-08-28,El Dorado,017,186661,13702,13089,1228,14317,119
2021-08-28,Fresno,019,978130,118337,115079,10449,125528,1792
2021-08-28,Glenn,021,27897,2896,2773,766,3539,20
2021-08-28,Humboldt,023,135768,7152,6887,241,7128,52
2021-08-28,Imperial,025,180216,30523,30260,3099,33359,750
2021-08-28,Inyo,027,18085,1552,1539,14,1553,39
2021-08-28,Kern,029,883053,109489,107012,15196,122208,1389
2021-08-28,Kings,031,150075,26878,26059,1435,27494,257
2021-08-28,Lake,033,64148,5470,5267,63,5330,74
2021-08-28,Lassen,035,31185,5792,5665,161,5826,21
2021-08-28,Los Angeles,037,10098052,1353942,1337097,50207,1387304,25234
2021-08-28,Madera,039,155013,19144,18553,1389,19942,247
2021-08-28,Marin,041,260295,16328,16106,361,16467,240
2021-08-28,Mariposa,043,17540,752,704,19,723,5
2021-08-28,Mendocino,045,87422,5903,5658,210,5868,55
2021-08-28,Merced,047,269075,35760,35108,1299,36407,497
2021-08-28,Modoc,049,8938,448,436,156,592,5
2021-08-28,Mono,051,14174,1411,1385,18,1403,3
2021-08-28,Monterey,053,433212,46073,45394,2371,47765,539
2021-08-28,Napa,055,140530,11667,11512,73,11585,88
2021-08-28,Nevada,057,99092,7592,7238,250,7488,82
2021-08-28,Orange,059,3164182,287893,283953,13377,297330,5222
2021-08-28,Placer,061,380077,31157,29428,2744,32172,319
2021-08-28,Plumas,063,18699,1045,991,17,1008,5
2021-08-28,Riverside,065,2383286,332789,326222,15475,341697,4623
2021-08-28,Sacramento,067,1510023,137564,132985,3043,136028,1844
2021-08-28,San Benito,069,59416,6724,6636,134,6770,64
2021-08-28,San Bernardino,071,2135413,327927,323672,10124,333796,5348
2021-08-28,San Diego,073,3302833,336334,331330,19590,350920,3880
2021-08-28,San Francisco,075,870044,47843,46654,2005,48659,581
2021-08-28,San Joaquin,077,732212,88030,85481,4645,90126,1527
2021-08-28,San Luis Obispo,079,281455,25878,25138,984,26122,280
2021-08-28,San Mateo,081,765935,49892,48575,727,49302,554
2021-08-28,Santa Barbara,083,443738,39716,38780,1427,40207,481
2021-08-28,Santa Clara,085,1922200,135588,132488,1008,133496,1789
2021-08-28,Santa Cruz,087,273765,18592,18240,940,19180,210
2021-08-28,Shasta,089,179085,15740,15147,2298,17445,217
2021-08-28,Sierra,091,2930,112,91,13,104,0
2021-08-28,Siskiyou,093,43540,2547,2402,744,3146,33
2021-08-28,Solano,095,438530,41702,39610,1037,40647,290
2021-08-28,Sonoma,097,501317,37584,36466,456,36922,352
2021-08-28,Stanislaus,099,539301,67052,65670,7531,73201,1074
2021-08-28,Sutter,101,95872,12005,11669,153,11822,136
2021-08-28,Tehama,103,63373,6266,6004,883,6887,71
2021-08-28,Trinity,105,12862,625,463,159,622,3
2021-08-28,Tulare,107,460477,56652,54746,11415,66161,870
2021-08-28,Tuolumne,109,53932,5530,5469,58,5527,74
2021-08-28,Ventura,111,848112,91087,89934,3951,93885,1081
2021-08-28,Yolo,113,214977,17356,16907,817,17724,231
2021-08-28,Yuba,115,75493,8329,7985,181,8166,55
2021-08-27,Alameda,001,1643700,109358,106622,2522,109144,1296
2021-08-27,Alpine,003,1148,91,92,0,92,0
2021-08-27,Amador,005,37829,4591,4458,42,4500,53
2021-08-27,Butte,007,227075,16096,15277,2700,17977,214
2021-08-27,Calaveras,009,45235,3023,2903,20,2923,59
2021-08-27,Colusa,011,21464,2297,2240,489,2729,16
2021-08-27,Contra Costa,013,1133247,90039,86386,1791,88177,872
2021-08-27,Del Norte,015,27424,2902,2695,16,2711,11
2021-08-27,El Dorado,017,186661,13663,12968,1224,14192,119
2021-08-27,Fresno,019,978130,117903,114481,10426,124907,1774
2021-08-27,Glenn,021,27897,2878,2754,758,3512,20
2021-08-27,Humboldt,023,135768,7119,6782,238,7020,52
2021-08-27,Imperial,025,180216,30503,30201,3095,33296,750
2021-08-27,Inyo,027,18085,1551,1529,14,1543,39
2021-08-27,Kern,029,883053,109195,106570,15086,121656,1385
2021-08-27,Kings,031,150075,26799,25957,1433,27390,257
2021-08-27,Lake,033,64148,5445,5228,62,5290,74
2021-08-27,Lassen,035,31185,5776,5646,156,5802,21
2021-08-27,Los Angeles,037,10098052,1352420,1337006,50140,1387146,25230
2021-08-27,Madera,039,155013,19088,18476,1376,19852,247
2021-08-27,Marin,041,260295,16312,16055,359,16414,240
2021-08-27,Mariposa,043,17540,746,690,19,709,5
2021-08-27,Mendocino,045,87422,5872,5602,209,5811,55
2021-08-27,Merced,047,269075,35706,34906,1290,36196,495
2021-08-27,Modoc,049,8938,448,434,156,590,5
2021-08-27,Mono,051,14174,1406,1385,18,1403,3
2021-08-27,Monterey,053,433212,46024,45337,2363,47700,539
2021-08-27,Napa,055,140530,11633,11460,73,11533,87
2021-08-27,Nevada,057,99092,7552,7169,248,7417,82
2021-08-27,Orange,059,3164182,287532,283407,13338,296745,5206
2021-08-27,Placer,061,380077,31027,29157,2724,31881,320
2021-08-27,Plumas,063,18699,1039,984,17,1001,5
2021-08-27,Riverside,065,2383286,332272,325379,15460,340839,4622
2021-08-27,Sacramento,067,1510023,137129,131921,3030,134951,1838
2021-08-27,San Benito,069,59416,6718,6622,134,6756,64
2021-08-27,San Bernardino,071,2135413,327403,322893,10106,332999,5342
2021-08-27,San Diego,073,3302833,335552,330162,19536,349698,3877
2021-08-27,San Francisco,075,870044,47767,46456,1987,48443,581
2021-08-27,San Joaquin,077,732212,87847,84949,4626,89575,1524
2021-08-27,San Luis Obispo,079,281455,25830,24952,981,25933,280
2021-08-27,San Mateo,081,765935,49817,48424,723,49147,553
2021-08-27,Santa Barbara,083,443738,39624,38675,1425,40100,480
2021-08-27,Santa Clara,085,1922200,135358,132011,1005,133016,1783
2021-08-27,Santa Cruz,087,273765,18553,18163,936,19099,210
2021-08-27,Shasta,089,179085,15660,14996,2282,17278,217
2021-08-27,Sierra,091,2930,111,91,13,104,0
2021-08-27,Siskiyou,093,43540,2532,2358,730,3088,33
2021-08-27,Solano,095,438530,41588,39347,1033,40380,287
2021-08-27,Sonoma,097,501317,37512,36326,455,36781,342
2021-08-27,Stanislaus,099,539301,66842,65167,7493,72660,1061
2021-08-27,Sutter,101,95872,11959,11590,151,11741,135
2021-08-27,Tehama,103,63373,6233,5964,868,6832,71
2021-08-27,Trinity,105,12862,625,458,158,616,3
2021-08-27,Tulare,107,460477,56516,54443,11369,65812,870
2021-08-27,Tuolumne,109,53932,5498,5438,58,5496,74
2021-08-27,Ventura,111,848112,90958,89774,3947,93721,1076
2021-08-27,Yolo,113,214977,17314,16805,812,17617,231
2021-08-27,Yuba,115,75493,8272,7926,181,8107,54
2021-08-26,Alameda,001,1643700,109077,106146,2513,108659,1296
2021-08-26,Alpine,003,1148,91,92,0,92,0
2021-08-26,Amador,005,37829,4576,4442,41,4483,53
2021-08-26,Butte,007,227075,15963,15159,2664,17823,214
2021-08-26,Calaveras,009,45235,3012,2873,20,2893,59
2021-08-26,Colusa,011,21464,2290,2234,485,2719,16
2021-08-26,Contra Costa,013,1133247,89680,85808,1785,87593,866
2021-08-26,Del Norte,015,27424,2866,2625,16,2641,8
2021-08-26,El Dorado,017,186661,13594,12863,1210,14073,118
2021-08-26,Fresno,019,978130,117400,113854,10369,124223,1770
2021-08-26,Glenn,021,27897,2860,2740,748,3488,20
2021-08-26,Humboldt,023,135768,7061,6695,228,6923,53
2021-08-26,Imperial,025,180216,30454,30121,3085,33206,748
2021-08-26,Inyo,027,18085,1541,1521,13,1534,39
2021-08-26,Kern,029,883053,108767,106051,14941,120992,1380
2021-08-26,Kings,031,150075,26676,25838,1425,27263,260
2021-08-26,Lake,033,64148,5399,5196,59,5255,74
2021-08-26,Lassen,035,31185,5764,5626,154,5780,21
2021-08-26,Los Angeles,037,10098052,1350155,1334372,50044,1384416,25199
2021-08-26,Madera,039,155013,19018,18393,1363,19756,247
2021-08-26,Marin,041,260295,16283,15983,356,16339,240
2021-08-26,Mariposa,043,17540,736,677,19,696,5
2021-08-26,Mendocino,045,87422,5834,5533,204,5737,55
2021-08-26,Merced,047,269075,35539,34755,1269,36024,495
2021-08-26,Modoc,049,8938,448,433,156,589,5
2021-08-26,Mono,051,14174,1402,1385,18,1403,3
2021-08-26,Monterey,053,433212,45951,45265,2352,47617,539
2021-08-26,Napa,055,140530,11611,11394,72,11466,87
2021-08-26,Nevada,057,99092,7493,7086,245,7331,80
2021-08-26,Orange,059,3164182,287040,282814,13315,296129,5200
2021-08-26,Placer,061,380077,30859,28898,2698,31596,319
2021-08-26,Plumas,063,18699,1032,971,16,987,5
2021-08-26,Riverside,065,2383286,331480,324486,15439,339925,4615
2021-08-26,Sacramento,067,1510023,136596,130977,2989,133966,1827
2021-08-26,San Benito,069,59416,6708,6604,134,6738,64
2021-08-26,San Bernardino,071,2135413,326745,322100,10082,332182,5339
2021-08-26,San Diego,073,3302833,334525,328276,19471,347747,3869
2021-08-26,San Francisco,075,870044,47640,46288,1982,48270,581
2021-08-26,San Joaquin,077,732212,87469,84429,4603,89032,1513
2021-08-26,San Luis Obispo,079,281455,25681,24831,974,25805,278
2021-08-26,San Mateo,081,765935,49688,48263,721,48984,553
2021-08-26,Santa Barbara,083,443738,39540,38566,1424,39990,479
2021-08-26,Santa Clara,085,1922200,135032,131443,1001,132444,1782
2021-08-26,Santa Cruz,087,273765,18493,18072,934,19006,210
2021-08-26,Shasta,089,179085,15537,14891,2255,17146,217
2021-08-26,Sierra,091,2930,109,90,13,103,0
2021-08-26,Siskiyou,093,43540,2510,2342,716,3058,33
2021-08-26,Solano,095,438530,41439,39027,1025,40052,286
2021-08-26,Sonoma,097,501317,37423,36102,455,36557,337
2021-08-26,Stanislaus,099,539301,66544,64785,7452,72237,1061
2021-08-26,Sutter,101,95872,11899,11499,148,11647,135
2021-08-26,Tehama,103,63373,6175,5913,855,6768,68
2021-08-26,Trinity,105,12862,620,450,156,606,3
2021-08-26,Tulare,107,460477,56259,54157,11323,65480,870
2021-08-26,Tuolumne,109,53932,5478,5387,58,5445,74
2021-08-26,Ventura,111,848112,90772,89595,3938,93533,1080
2021-08-26,Yolo,113,214977,17248,16727,801,17528,231
2021-08-26,Yuba,115,75493,8199,7834,179,8013,54
2021-08-25,Alameda,001,1643700,108748,105636,2505,108141,1296
2021-08-25,Alpine,003,1148,91,92,0,92,0
2021-08-25,Amador,005,37829,4561,4415,41,4456,53
2021-08-25,Butte,007,227075,15857,15039,2622,17661,214
2021-08-25,Calaveras,009,45235,2993,2851,20,2871,59
2021-08-25,Colusa,011,21464,2283,2227,476,2703,16
2021-08-25,Contra Costa,013,1133247,89297,85322,1779,87101,863
2021-08-25,Del Norte,015,27424,2821,2573,16,2589,8
2021-08-25,El Dorado,017,186661,13535,12787,1194,13981,118
2021-08-25,Fresno,019,978130,116862,113384,10325,123709,1761
2021-08-25,Glenn,021,27897,2842,2728,737,3465,20
2021-08-25,Humboldt,023,135768,6992,6653,218,6871,52
2021-08-25,Imperial,025,180216,30417,30085,3078,33163,748
2021-08-25,Inyo,027,18085,1537,1518,13,1531,39
2021-08-25,Kern,029,883053,108336,105687,14785,120472,1379
2021-08-25,Kings,031,150075,26569,25676,1418,27094,258
2021-08-25,Lake,033,64148,5369,5163,56,5219,74
2021-08-25,Lassen,035,31185,5747,5583,153,5736,21
2021-08-25,Los Angeles,037,10098052,1347552,1331400,49956,1381356,25170
2021-08-25,Madera,039,155013,18954,18311,1340,19651,247
2021-08-25,Marin,041,260295,16261,15938,350,16288,240
2021-08-25,Mariposa,043,17540,730,676,19,695,5
2021-08-25,Mendocino,045,87422,5799,5486,198,5684,53
2021-08-25,Merced,047,269075,35407,34600,1257,35857,492
2021-08-25,Modoc,049,8938,448,433,156,589,5
2021-08-25,Mono,051,14174,1398,1382,18,1400,3
2021-08-25,Monterey,053,433212,45877,45196,2337,47533,539
2021-08-25,Napa,055,140530,11577,11348,71,11419,87
2021-08-25,Nevada,057,99092,7427,7000,244,7244,77
2021-08-25,Orange,059,3164182,286515,282061,13282,295343,5193
2021-08-25,Placer,061,380077,30683,28740,2665,31405,319
2021-08-25,Plumas,063,18699,1017,962,16,978,5
2021-08-25,Riverside,065,2383286,330636,323548,15417,338965,4610
2021-08-25,Sacramento,067,1510023,135916,130046,2950,132996,1827
2021-08-25,San Benito,069,59416,6687,6587,133,6720,64
2021-08-25,San Bernardino,071,2135413,326051,321228,10061,331289,5337
2021-08-25,San Diego,073,3302833,333253,327166,19390,346556,3859
2021-08-25,San Francisco,075,870044,47491,46107,1977,48084,578
2021-08-25,San Joaquin,077,732212,87084,84002,4587,88589,1510
2021-08-25,San Luis Obispo,079,281455,25489,24607,970,25577,276
2021-08-25,San Mateo,081,765935,49564,48153,717,48870,553
2021-08-25,Santa Barbara,083,443738,39410,38450,1424,39874,479
2021-08-25,Santa Clara,085,1922200,134663,130995,998,131993,1783
2021-08-25,Santa Cruz,087,273765,18432,17987,931,18918,210
2021-08-25,Shasta,089,179085,15408,14752,2223,16975,217
2021-08-25,Sierra,091,2930,106,90,13,103,0
2021-08-25,Siskiyou,093,43540,2465,2322,697,3019,33
2021-08-25,Solano,095,438530,41268,38848,1013,39861,286
2021-08-25,Sonoma,097,501317,37299,35986,452,36438,336
2021-08-25,Stanislaus,099,539301,66263,64441,7419,71860,1061
2021-08-25,Sutter,101,95872,11831,11451,144,11595,134
2021-08-25,Tehama,103,63373,6116,5861,838,6699,68
2021-08-25,Trinity,105,12862,614,450,155,605,3
2021-08-25,Tulare,107,460477,55974,53877,11253,65130,866
2021-08-25,Tuolumne,109,53932,5452,5354,58,5412,74
2021-08-25,Ventura,111,848112,90589,89379,3924,93303,1068
2021-08-25,Yolo,113,214977,17183,16667,791,17458,231
2021-08-25,Yuba,115,75493,8133,7771,178,7949,54
2021-08-24,Alameda,001,1643700,108419,105319,2495,107814,1296
2021-08-24,Alpine,003,1148,91,92,0,92,0
2021-08-24,Amador,005,37829,4542,4380,41,4421,50
2021-08-24,Butte,007,227075,15702,14964,2588,17552,214
2021-08-24,Calaveras,009,45235,2953,2811,20,2831,59
2021-08-24,Colusa,011,21464,2275,2221,472,2693,16
2021-08-24,Contra Costa,013,1133247,88935,84963,1773,86736,857
2021-08-24,Del Norte,015,27424,2794,2543,16,2559,8
2021-08-24,El Dorado,017,186661,13458,12732,1178,13910,118
2021-08-24,Fresno,019,978130,116258,113024,10265,123289,1761
2021-08-24,Glenn,021,27897,2826,2717,729,3446,20
2021-08-24,Humboldt,023,135768,6929,6585,205,6790,52
2021-08-24,Imperial,025,180216,30356,30045,3070,33115,748
2021-08-24,Inyo,027,18085,1532,1512,13,1525,39
2021-08-24,Kern,029,883053,107872,105399,14618,120017,1375
2021-08-24,Kings,031,150075,26448,25629,1402,27031,258
2021-08-24,Lake,033,64148,5334,5135,56,5191,72
2021-08-24,Lassen,035,31185,5731,5576,151,5727,21
2021-08-24,Los Angeles,037,10098052,1344688,1328777,49854,1378631,25135
2021-08-24,Madera,039,155013,18878,18251,1323,19574,247
2021-08-24,Marin,041,260295,16225,15900,346,16246,240
2021-08-24,Mariposa,043,17540,723,670,19,689,5
2021-08-24,Mendocino,045,87422,5756,5416,191,5607,52
2021-08-24,Merced,047,269075,35239,34490,1246,35736,491
2021-08-24,Modoc,049,8938,448,432,156,588,5
2021-08-24,Mono,051,14174,1396,1382,18,1400,3
2021-08-24,Monterey,053,433212,45811,45126,2318,47444,539
2021-08-24,Napa,055,140530,11544,11299,70,11369,85
2021-08-24,Nevada,057,99092,7357,6981,242,7223,77
2021-08-24,Orange,059,3164182,285916,281461,13256,294717,5187
2021-08-24,Placer,061,380077,30480,28618,2626,31244,318
2021-08-24,Plumas,063,18699,1007,953,16,969,5
2021-08-24,Riverside,065,2383286,329762,322620,15386,338006,4605
2021-08-24,Sacramento,067,1510023,135232,129542,2902,132444,1812
2021-08-24,San Benito,069,59416,6674,6576,133,6709,64
2021-08-24,San Bernardino,071,2135413,325296,320300,10031,330331,5328
2021-08-24,San Diego,073,3302833,331801,325823,19290,345113,3851
2021-08-24,San Francisco,075,870044,47316,46010,1965,47975,574
2021-08-24,San Joaquin,077,732212,86643,83684,4549,88233,1508
2021-08-24,San Luis Obispo,079,281455,25311,24443,959,25402,274
2021-08-24,San Mateo,081,765935,49415,48050,715,48765,553
2021-08-24,Santa Barbara,083,443738,39279,38307,1423,39730,478
2021-08-24,Santa Clara,085,1922200,134239,130763,994,131757,1779
2021-08-24,Santa Cruz,087,273765,18358,17928,925,18853,209
2021-08-24,Shasta,089,179085,15300,14664,2191,16855,217
2021-08-24,Sierra,091,2930,103,90,13,103,0
2021-08-24,Siskiyou,093,43540,2443,2294,682,2976,33
2021-08-24,Solano,095,438530,41059,38724,1001,39725,283
2021-08-24,Sonoma,097,501317,37170,35849,450,36299,336
2021-08-24,Stanislaus,099,539301,65936,64195,7369,71564,1058
2021-08-24,Sutter,101,95872,11764,11384,141,11525,134
2021-08-24,Tehama,103,63373,6070,5826,824,6650,67
2021-08-24,Trinity,105,12862,603,446,147,593,3
2021-08-24,Tulare,107,460477,55622,53702,11163,64865,856
2021-08-24,Tuolumne,109,53932,5421,5287,58,5345,74
2021-08-24,Ventura,111,848112,90404,89167,3913,93080,1068
2021-08-24,Yolo,113,214977,17107,16492,778,17270,231
2021-08-24,Yuba,115,75493,8050,7723,176,7899,54
2021-08-23,Alameda,001,1643700,108017,104922,2483,107405,1294
2021-08-23,Alpine,003,1148,91,91,0,91,0
2021-08-23,Amador,005,37829,4528,4369,41,4410,50
2021-08-23,Butte,007,227075,15556,14847,2553,17400,211
2021-08-23,Calaveras,009,45235,2925,2803,20,2823,59
2021-08-23,Colusa,011,21464,2271,2206,469,2675,16
2021-08-23,Contra Costa,013,1133247,88555,84651,1766,86417,857
2021-08-23,Del Norte,015,27424,2748,2499,16,2515,8
2021-08-23,El Dorado,017,186661,13355,12684,1156,13840,118
2021-08-23,Fresno,019,978130,115698,112445,10215,122660,1759
2021-08-23,Glenn,021,27897,2810,2696,722,3418,20
2021-08-23,Humboldt,023,135768,6855,6498,190,6688,52
2021-08-23,Imperial,025,180216,30305,30011,3067,33078,748
2021-08-23,Inyo,027,18085,1525,1509,13,1522,39
2021-08-23,Kern,029,883053,107417,104995,14462,119457,1375
2021-08-23,Kings,031,150075,26316,25465,1396,26861,257
2021-08-23,Lake,033,64148,5294,5099,54,5153,69
2021-08-23,Lassen,035,31185,5719,5562,151,5713,21
2021-08-23,Los Angeles,037,10098052,1341723,1326412,49729,1376141,25096
2021-08-23,Madera,039,155013,18792,18155,1308,19463,246
2021-08-23,Marin,041,260295,16177,15856,342,16198,240
2021-08-23,Mariposa,043,17540,712,645,19,664,5
2021-08-23,Mendocino,045,87422,5689,5374,184,5558,51
2021-08-23,Merced,047,269075,35057,34322,1241,35563,488
2021-08-23,Modoc,049,8938,445,431,155,586,6
2021-08-23,Mono,051,14174,1392,1384,18,1402,3
2021-08-23,Monterey,053,433212,45712,45047,2307,47354,538
2021-08-23,Napa,055,140530,11506,11257,70,11327,85
2021-08-23,Nevada,057,99092,7277,6930,240,7170,77
2021-08-23,Orange,059,3164182,285280,280891,13221,294112,5181
2021-08-23,Placer,061,380077,30280,28540,2588,31128,314
2021-08-23,Plumas,063,18699,999,934,16,950,5
2021-08-23,Riverside,065,2383286,328850,321650,15360,337010,4598
2021-08-23,Sacramento,067,1510023,134445,128969,2835,131804,1807
2021-08-23,San Benito,069,59416,6656,6562,131,6693,64
2021-08-23,San Bernardino,071,2135413,324491,319577,9992,329569,5324
2021-08-23,San Diego,073,3302833,330357,324536,19177,343713,3848
2021-08-23,San Francisco,075,870044,47162,45945,1956,47901,573
2021-08-23,San Joaquin,077,732212,86209,83466,4516,87982,1499
2021-08-23,San Luis Obispo,079,281455,25129,24317,957,25274,274
2021-08-23,San Mateo,081,765935,49278,47935,712,48647,553
2021-08-23,Santa Barbara,083,443738,39100,38181,1421,39602,478
2021-08-23,Santa Clara,085,1922200,133839,130489,990,131479,1778
2021-08-23,Santa Cruz,087,273765,18301,17871,923,18794,209
2021-08-23,Shasta,089,179085,15174,14537,2152,16689,216
2021-08-23,Sierra,091,2930,103,90,13,103,0
2021-08-23,Siskiyou,093,43540,2422,2274,661,2935,33
2021-08-23,Solano,095,438530,40906,38612,992,39604,283
2021-08-23,Sonoma,097,501317,37050,35769,449,36218,336
2021-08-23,Stanislaus,099,539301,65603,63922,7330,71252,1058
2021-08-23,Sutter,101,95872,11675,11314,133,11447,133
2021-08-23,Tehama,103,63373,6016,5805,806,6611,67
2021-08-23,Trinity,105,12862,600,435,144,579,3
2021-08-23,Tulare,107,460477,55315,53370,11091,64461,856
2021-08-23,Tuolumne,109,53932,5379,5240,58,5298,73
2021-08-23,Ventura,111,848112,90185,88960,3901,92861,1063
2021-08-23,Yolo,113,214977,17020,16445,763,17208,226
2021-08-23,Yuba,115,75493,7979,7653,174,7827,54
2021-08-22,Alameda,001,1643700,107568,104539,2450,106989,1294
2021-08-22,Alpine,003,1148,91,91,0,91,0
2021-08-22,Amador,005,37829,4498,4349,41,4390,50
2021-08-22,Butte,007,227075,15417,14791,2517,17308,211
2021-08-22,Calaveras,009,45235,2890,2771,20,2791,59
2021-08-22,Colusa,011,21464,2263,2201,463,2664,16
2021-08-22,Contra Costa,013,1133247,88013,84371,1752,86123,857
2021-08-22,Del Norte,015,27424,2688,2455,16,2471,8
2021-08-22,El Dorado,017,186661,13251,12629,1136,13765,118
2021-08-22,Fresno,019,978130,115098,112057,10147,122204,1759
2021-08-22,Glenn,021,27897,2782,2678,710,3388,20
2021-08-22,Humboldt,023,135768,6777,6483,171,6654,52
2021-08-22,Imperial,025,180216,30247,29993,3061,33054,748
2021-08-22,Inyo,027,18085,1519,1505,13,1518,39
2021-08-22,Kern,029,883053,106892,104691,14307,118998,1375
2021-08-22,Kings,031,150075,26158,25391,1379,26770,257
2021-08-22,Lake,033,64148,5248,5069,51,5120,69
2021-08-22,Lassen,035,31185,5687,5556,147,5703,21
2021-08-22,Los Angeles,037,10098052,1338417,1324151,49597,1373748,25089
2021-08-22,Madera,039,155013,18673,18120,1293,19413,246
2021-08-22,Marin,041,260295,16125,15822,334,16156,240
2021-08-22,Mariposa,043,17540,702,638,17,655,5
2021-08-22,Mendocino,045,87422,5630,5336,184,5520,51
2021-08-22,Merced,047,269075,34854,34234,1228,35462,488
2021-08-22,Modoc,049,8938,443,431,155,586,6
2021-08-22,Mono,051,14174,1390,1378,18,1396,3
2021-08-22,Monterey,053,433212,45613,45017,2293,47310,538
2021-08-22,Napa,055,140530,11461,11231,70,11301,85
2021-08-22,Nevada,057,99092,7203,6864,238,7102,77
2021-08-22,Orange,059,3164182,284589,280390,13176,293566,5181
2021-08-22,Placer,061,380077,30071,28395,2552,30947,314
2021-08-22,Plumas,063,18699,980,923,15,938,5
2021-08-22,Riverside,065,2383286,327828,320836,15311,336147,4594
2021-08-22,Sacramento,067,1510023,133670,128231,2795,131026,1802
2021-08-22,San Benito,069,59416,6639,6550,131,6681,64
2021-08-22,San Bernardino,071,2135413,323522,318839,9957,328796,5324
2021-08-22,San Diego,073,3302833,329033,323591,19073,342664,3848
2021-08-22,San Francisco,075,870044,46996,45831,1946,47777,573
2021-08-22,San Joaquin,077,732212,85751,83121,4481,87602,1498
2021-08-22,San Luis Obispo,079,281455,24923,24250,950,25200,274
2021-08-22,San Mateo,081,765935,49102,47821,707,48528,553
2021-08-22,Santa Barbara,083,443738,38916,38099,1413,39512,478
2021-08-22,Santa Clara,085,1922200,133422,130189,983,131172,1778
2021-08-22,Santa Cruz,087,273765,18240,17823,918,18741,209
2021-08-22,Shasta,089,179085,15036,14478,2116,16594,216
2021-08-22,Sierra,091,2930,103,87,13,100,0
2021-08-22,Siskiyou,093,43540,2393,2261,643,2904,33
2021-08-22,Solano,095,438530,40707,38489,979,39468,283
2021-08-22,Sonoma,097,501317,36894,35676,446,36122,336
2021-08-22,Stanislaus,099,539301,65252,63683,7240,70923,1058
2021-08-22,Sutter,101,95872,11593,11251,129,11380,133
2021-08-22,Tehama,103,63373,5970,5791,787,6578,67
2021-08-22,Trinity,105,12862,593,433,142,575,3
2021-08-22,Tulare,107,460477,54995,53220,11006,64226,856
2021-08-22,Tuolumne,109,53932,5336,5214,58,5272,73
2021-08-22,Ventura,111,848112,89976,88791,3884,92675,1063
2021-08-22,Yolo,113,214977,16918,16374,754,17128,226
2021-08-22,Yuba,115,75493,7905,7626,173,7799,54
2021-08-21,Alameda,001,1643700,107364,104281,2443,106724,1294
2021-08-21,Alpine,003,1148,91,91,0,91,0
2021-08-21,Amador,005,37829,4488,4338,39,4377,50
2021-08-21,Butte,007,227075,15349,14714,2496,17210,211
2021-08-21,Calaveras,009,45235,2874,2744,20,2764,59
2021-08-21,Colusa,011,21464,2257,2192,459,2651,16
2021-08-21,Contra Costa,013,1133247,87754,84136,1744,85880,857
2021-08-21,Del Norte,015,27424,2665,2409,16,2425,8
2021-08-21,El Dorado,017,186661,13207,12590,1132,13722,118
2021-08-21,Fresno,019,978130,114901,111765,10134,121899,1759
2021-08-21,Glenn,021,27897,2769,2654,702,3356,20
2021-08-21,Humboldt,023,135768,6739,6446,165,6611,52
2021-08-21,Imperial,025,180216,30204,29976,3058,33034,748
2021-08-21,Inyo,027,18085,1516,1500,13,1513,39
2021-08-21,Kern,029,883053,106636,104443,14183,118626,1375
2021-08-21,Kings,031,150075,26087,25313,1374,26687,257
2021-08-21,Lake,033,64148,5228,5055,49,5104,69
2021-08-21,Lassen,035,31185,5673,5553,147,5700,21
2021-08-21,Los Angeles,037,10098052,1337117,1321308,49506,1370814,25080
2021-08-21,Madera,039,155013,18635,18067,1287,19354,246
2021-08-21,Marin,041,260295,16091,15775,332,16107,240
2021-08-21,Mariposa,043,17540,692,634,17,651,5
2021-08-21,Mendocino,045,87422,5584,5307,183,5490,51
2021-08-21,Merced,047,269075,34749,34148,1223,35371,488
2021-08-21,Modoc,049,8938,443,430,155,585,6
2021-08-21,Mono,051,14174,1390,1378,18,1396,3
2021-08-21,Monterey,053,433212,45566,44969,2286,47255,538
2021-08-21,Napa,055,140530,11426,11211,70,11281,85
2021-08-21,Nevada,057,99092,7159,6810,237,7047,77
2021-08-21,Orange,059,3164182,284138,279855,13142,292997,5181
2021-08-21,Placer,061,380077,29933,28289,2527,30816,314
2021-08-21,Plumas,063,18699,976,916,14,930,5
2021-08-21,Riverside,065,2383286,327247,320086,15298,335384,4594
2021-08-21,Sacramento,067,1510023,133175,127751,2783,130534,1809
2021-08-21,San Benito,069,59416,6629,6542,130,6672,64
2021-08-21,San Bernardino,071,2135413,323071,318293,9936,328229,5324
2021-08-21,San Diego,073,3302833,328371,322620,19030,341650,3848
2021-08-21,San Francisco,075,870044,46894,45637,1939,47576,573
2021-08-21,San Joaquin,077,732212,85534,82825,4466,87291,1498
2021-08-21,San Luis Obispo,079,281455,24865,24169,950,25119,273
2021-08-21,San Mateo,081,765935,49005,47685,707,48392,553
2021-08-21,Santa Barbara,083,443738,38834,37951,1409,39360,478
2021-08-21,Santa Clara,085,1922200,133157,129911,979,130890,1778
2021-08-21,Santa Cruz,087,273765,18203,17763,913,18676,209
2021-08-21,Shasta,089,179085,14962,14417,2102,16519,217
2021-08-21,Sierra,091,2930,98,85,13,98,0
2021-08-21,Siskiyou,093,43540,2379,2246,632,2878,33
2021-08-21,Solano,095,438530,40596,38423,969,39392,281
2021-08-21,Sonoma,097,501317,36807,35582,445,36027,336
2021-08-21,Stanislaus,099,539301,65070,63512,7222,70734,1058
2021-08-21,Sutter,101,95872,11548,11204,127,11331,133
2021-08-21,Tehama,103,63373,5945,5757,780,6537,67
2021-08-21,Trinity,105,12862,588,431,140,571,3
2021-08-21,Tulare,107,460477,54852,53045,10962,64007,857
2021-08-21,Tuolumne,109,53932,5305,5193,58,5251,73
2021-08-21,Ventura,111,848112,89832,88558,3869,92427,1063
2021-08-21,Yolo,113,214977,16871,16322,748,17070,226
2021-08-21,Yuba,115,75493,7859,7580,172,7752,54
2021-08-20,Alameda,001,1643700,107118,103812,2435,106247,1294
2021-08-20,Alpine,003,1148,91,91,0,91,0
2021-08-20,Amador,005,37829,4462,4323,39,4362,50
2021-08-20,Butte,007,227075,15276,14617,2474,17091,211
2021-08-20,Calaveras,009,45235,2853,2717,20,2737,59
2021-08-20,Colusa,011,21464,2252,2178,457,2635,16
2021-08-20,Contra Costa,013,1133247,87477,83721,1737,85458,857
2021-08-20,Del Norte,015,27424,2633,2316,16,2332,8
2021-08-20,El Dorado,017,186661,13169,12495,1124,13619,118
2021-08-20,Fresno,019,978130,114548,111315,10102,121417,1759
2021-08-20,Glenn,021,27897,2762,2642,695,3337,20
2021-08-20,Humboldt,023,135768,6688,6349,160,6509,52
2021-08-20,Imperial,025,180216,30181,29934,3058,32992,747
2021-08-20,Inyo,027,18085,1510,1495,13,1508,39
2021-08-20,Kern,029,883053,106352,104048,14055,118103,1373
2021-08-20,Kings,031,150075,26021,25241,1372,26613,256
2021-08-20,Lake,033,64148,5213,5024,46,5070,69
2021-08-20,Lassen,035,31185,5653,5539,147,5686,21
2021-08-20,Los Angeles,037,10098052,1335242,1317541,49407,1366948,25049
2021-08-20,Madera,039,155013,18586,18018,1272,19290,246
2021-08-20,Marin,041,260295,16073,15727,328,16055,240
2021-08-20,Mariposa,043,17540,687,630,17,647,5
2021-08-20,Mendocino,045,87422,5538,5241,182,5423,51
2021-08-20,Merced,047,269075,34684,34035,1214,35249,486
2021-08-20,Modoc,049,8938,443,429,155,584,6
2021-08-20,Mono,051,14174,1389,1368,18,1386,3
2021-08-20,Monterey,053,433212,45528,44890,2279,47169,538
2021-08-20,Napa,055,140530,11394,11152,70,11222,83
2021-08-20,Nevada,057,99092,7116,6753,231,6984,77
2021-08-20,Orange,059,3164182,283693,279193,13121,292314,5179
2021-08-20,Placer,061,380077,29838,28156,2498,30654,313
2021-08-20,Plumas,063,18699,967,908,14,922,5
2021-08-20,Riverside,065,2383286,326550,319072,15267,334339,4594
2021-08-20,Sacramento,067,1510023,132700,127226,2766,129992,1797
2021-08-20,San Benito,069,59416,6615,6508,130,6638,64
2021-08-20,San Bernardino,071,2135413,322458,317372,9907,327279,5322
2021-08-20,San Diego,073,3302833,327461,321102,18961,340063,3846
2021-08-20,San Francisco,075,870044,46797,45432,1924,47356,573
2021-08-20,San Joaquin,077,732212,85304,82419,4448,86867,1496
2021-08-20,San Luis Obispo,079,281455,24787,23986,946,24932,273
2021-08-20,San Mateo,081,765935,48891,47561,704,48265,551
2021-08-20,Santa Barbara,083,443738,38750,37794,1404,39198,477
2021-08-20,Santa Clara,085,1922200,132874,129510,974,130484,1774
2021-08-20,Santa Cruz,087,273765,18163,17701,910,18611,209
2021-08-20,Shasta,089,179085,14883,14277,2083,16360,215
2021-08-20,Sierra,091,2930,97,83,13,96,0
2021-08-20,Siskiyou,093,43540,2363,2226,627,2853,33
2021-08-20,Solano,095,438530,40456,38214,958,39172,277
2021-08-20,Sonoma,097,501317,36738,35416,444,35860,336
2021-08-20,Stanislaus,099,539301,64881,63219,7199,70418,1047
2021-08-20,Sutter,101,95872,11492,11136,126,11262,133
2021-08-20,Tehama,103,63373,5929,5730,768,6498,66
2021-08-20,Trinity,105,12862,588,422,139,561,3
2021-08-20,Tulare,107,460477,54721,52855,10919,63774,856
2021-08-20,Tuolumne,109,53932,5281,5153,57,5210,73
2021-08-20,Ventura,111,848112,89666,88285,3866,92151,1061
2021-08-20,Yolo,113,214977,16817,16236,742,16978,225
2021-08-20,Yuba,115,75493,7818,7523,172,7695,54
2021-08-19,Alameda,001,1643700,106670,103276,2412,105688,1294
2021-08-19,Alpine,003,1148,91,91,0,91,0
2021-08-19,Amador,005,37829,4455,4317,39,4356,50
2021-08-19,Butte,007,227075,15141,14518,2445,16963,211
2021-08-19,Calaveras,009,45235,2833,2673,20,2693,59
2021-08-19,Colusa,011,21464,2243,2167,453,2620,16
2021-08-19,Contra Costa,013,1133247,87035,83296,1723,85019,852
2021-08-19,Del Norte,015,27424,2583,2257,16,2273,8
2021-08-19,El Dorado,017,186661,13084,12410,1104,13514,118
2021-08-19,Fresno,019,978130,114110,110947,10047,120994,1759
2021-08-19,Glenn,021,27897,2744,2629,688,3317,20
2021-08-19,Humboldt,023,135768,6627,6246,154,6400,52
2021-08-19,Imperial,025,180216,30135,29865,3053,32918,747
2021-08-19,Inyo,027,18085,1503,1494,13,1507,39
2021-08-19,Kern,029,883053,105956,103731,13914,117645,1371
2021-08-19,Kings,031,150075,25890,25128,1360,26488,256
2021-08-19,Lake,033,64148,5183,4991,42,5033,69
2021-08-19,Lassen,035,31185,5635,5520,146,5666,21
2021-08-19,Los Angeles,037,10098052,1332262,1314453,49267,1363720,25020
2021-08-19,Madera,039,155013,18524,17947,1257,19204,246
2021-08-19,Marin,041,260295,16040,15672,325,15997,240
2021-08-19,Mariposa,043,17540,672,618,17,635,5
2021-08-19,Mendocino,045,87422,5505,5167,179,5346,51
2021-08-19,Merced,047,269075,34549,33851,1201,35052,486
2021-08-19,Modoc,049,8938,443,427,155,582,6
2021-08-19,Mono,051,14174,1385,1349,18,1367,3
2021-08-19,Monterey,053,433212,45455,44821,2268,47089,538
2021-08-19,Napa,055,140530,11342,11104,70,11174,83
2021-08-19,Nevada,057,99092,7052,6695,229,6924,77
2021-08-19,Orange,059,3164182,283057,278562,13070,291632,5172
2021-08-19,Placer,061,380077,29658,27953,2480,30433,313
2021-08-19,Plumas,063,18699,954,896,14,910,5
2021-08-19,Riverside,065,2383286,325522,318056,15238,333294,4589
2021-08-19,Sacramento,067,1510023,131996,126720,2730,129450,1801
2021-08-19,San Benito,069,59416,6597,6493,128,6621,64
2021-08-19,San Bernardino,071,2135413,321636,316398,9884,326282,5318
2021-08-19,San Diego,073,3302833,326203,319582,18870,338452,3839
2021-08-19,San Francisco,075,870044,46634,45220,1911,47131,571
2021-08-19,San Joaquin,077,732212,84859,82047,4397,86444,1491
2021-08-19,San Luis Obispo,079,281455,24648,23878,939,24817,271
2021-08-19,San Mateo,081,765935,48757,47431,702,48133,551
2021-08-19,Santa Barbara,083,443738,38605,37693,1401,39094,477
2021-08-19,Santa Clara,085,1922200,132484,129133,967,130100,1774
2021-08-19,Santa Cruz,087,273765,18101,17644,903,18547,209
2021-08-19,Shasta,089,179085,14759,14200,2060,16260,214
2021-08-19,Sierra,091,2930,93,83,13,96,0
2021-08-19,Siskiyou,093,43540,2348,2218,615,2833,33
2021-08-19,Solano,095,438530,40298,38025,946,38971,273
2021-08-19,Sonoma,097,501317,36650,35233,443,35676,336
2021-08-19,Stanislaus,099,539301,64539,62928,7155,70083,1047
2021-08-19,Sutter,101,95872,11408,11057,125,11182,133
2021-08-19,Tehama,103,63373,5893,5683,741,6424,66
2021-08-19,Trinity,105,12862,584,414,137,551,3
2021-08-19,Tulare,107,460477,54489,52685,10855,63540,856
2021-08-19,Tuolumne,109,53932,5245,5112,56,5168,64
2021-08-19,Ventura,111,848112,89463,88073,3851,91924,1060
2021-08-19,Yolo,113,214977,16732,16153,734,16887,225
2021-08-19,Yuba,115,75493,7765,7458,171,7629,51
2021-08-18,Alameda,001,1643700,106255,102696,2390,105086,1294
2021-08-18,Alpine,003,1148,90,91,0,91,0
2021-08-18,Amador,005,37829,4438,4279,38,4317,50
2021-08-18,Butte,007,227075,15031,14426,2419,16845,208
2021-08-18,Calaveras,009,45235,2793,2643,19,2662,59
2021-08-18,Colusa,011,21464,2235,2160,449,2609,16
2021-08-18,Contra Costa,013,1133247,86536,82767,1717,84484,851
2021-08-18,Del Norte,015,27424,2526,2219,16,2235,8
2021-08-18,El Dorado,017,186661,12994,12306,1090,13396,118
2021-08-18,Fresno,019,978130,113656,110523,9985,120508,1759
2021-08-18,Glenn,021,27897,2712,2623,680,3303,20
2021-08-18,Humboldt,023,135768,6554,6195,149,6344,52
2021-08-18,Imperial,025,180216,30102,29821,3050,32871,746
2021-08-18,Inyo,027,18085,1500,1494,13,1507,39
2021-08-18,Kern,029,883053,105609,103440,13819,117259,1370
2021-08-18,Kings,031,150075,25781,24984,1352,26336,256
2021-08-18,Lake,033,64148,5142,4957,41,4998,69
2021-08-18,Lassen,035,31185,5616,5506,145,5651,21
2021-08-18,Los Angeles,037,10098052,1329113,1311477,49135,1360612,24984
2021-08-18,Madera,039,155013,18464,17871,1244,19115,246
2021-08-18,Marin,041,260295,16002,15610,322,15932,240
2021-08-18,Mariposa,043,17540,659,615,16,631,5
2021-08-18,Mendocino,045,87422,5454,5129,176,5305,51
2021-08-18,Merced,047,269075,34384,33708,1190,34898,484
2021-08-18,Modoc,049,8938,443,427,154,581,6
2021-08-18,Mono,051,14174,1382,1344,18,1362,3
2021-08-18,Monterey,053,433212,45371,44735,2250,46985,532
2021-08-18,Napa,055,140530,11303,11060,69,11129,83
2021-08-18,Nevada,057,99092,6986,6633,229,6862,76
2021-08-18,Orange,059,3164182,282419,277795,13015,290810,5168
2021-08-18,Placer,061,380077,29432,27741,2452,30193,312
2021-08-18,Plumas,063,18699,945,874,14,888,5
2021-08-18,Riverside,065,2383286,324522,317107,15204,332311,4585
2021-08-18,Sacramento,067,1510023,131236,125599,2699,128298,1781
2021-08-18,San Benito,069,59416,6586,6481,127,6608,64
2021-08-18,San Bernardino,071,2135413,320835,315477,9865,325342,5304
2021-08-18,San Diego,073,3302833,324860,318152,18804,336956,3834
2021-08-18,San Francisco,075,870044,46431,44957,1901,46858,568
2021-08-18,San Joaquin,077,732212,84406,81601,4366,85967,1491
2021-08-18,San Luis Obispo,079,281455,24498,23726,926,24652,270
2021-08-18,San Mateo,081,765935,48591,47255,701,47956,551
2021-08-18,Santa Barbara,083,443738,38473,37599,1395,38994,475
2021-08-18,Santa Clara,085,1922200,132121,128563,964,129527,1773
2021-08-18,Santa Cruz,087,273765,18046,17566,899,18465,209
2021-08-18,Shasta,089,179085,14660,14087,2041,16128,213
2021-08-18,Sierra,091,2930,92,83,13,96,0
2021-08-18,Siskiyou,093,43540,2319,2204,603,2807,33
2021-08-18,Solano,095,438530,40092,37812,931,38743,271
2021-08-18,Sonoma,097,501317,36506,35063,442,35505,333
2021-08-18,Stanislaus,099,539301,64210,62613,7111,69724,1047
2021-08-18,Sutter,101,95872,11336,11004,120,11124,130
2021-08-18,Tehama,103,63373,5858,5653,731,6384,66
2021-08-18,Trinity,105,12862,577,409,134,543,3
2021-08-18,Tulare,107,460477,54249,52486,10786,63272,856
2021-08-18,Tuolumne,109,53932,5209,5081,54,5135,64
2021-08-18,Ventura,111,848112,89231,87835,3841,91676,1055
2021-08-18,Yolo,113,214977,16648,16047,715,16762,225
2021-08-18,Yuba,115,75493,7700,7391,171,7562,51
2021-08-17,Alameda,001,1643700,105852,102379,2374,104753,1290
2021-08-17,Alpine,003,1148,90,91,0,91,0
2021-08-17,Amador,005,37829,4409,4266,38,4304,50
2021-08-17,Butte,007,227075,14924,14357,2385,16742,206
2021-08-17,Calaveras,009,45235,2759,2624,19,2643,59
2021-08-17,Colusa,011,21464,2226,2156,445,2601,16
2021-08-17,Contra Costa,013,1133247,86089,82482,1706,84188,848
2021-08-17,Del Norte,015,27424,2472,2188,16,2204,8
2021-08-17,El Dorado,017,186661,12906,12242,1076,13318,118
2021-08-17,Fresno,019,978130,113173,110263,9920,120183,1755
2021-08-17,Glenn,021,27897,2698,2608,673,3281,20
2021-08-17,Humboldt,023,135768,6475,6155,147,6302,52
2021-08-17,Imperial,025,180216,30051,29768,3046,32814,746
2021-08-17,Inyo,027,18085,1497,1492,13,1505,39
2021-08-17,Kern,029,883053,105213,103048,13695,116743,1367
2021-08-17,Kings,031,150075,25675,24930,1341,26271,254
2021-08-17,Lake,033,64148,5099,4930,35,4965,68
2021-08-17,Lassen,035,31185,5599,5499,143,5642,21
2021-08-17,Los Angeles,037,10098052,1325563,1307999,49003,1357002,24952
2021-08-17,Madera,039,155013,18390,17838,1224,19062,246
2021-08-17,Marin,041,260295,15946,15570,322,15892,240
2021-08-17,Mariposa,043,17540,651,609,15,624,5
2021-08-17,Mendocino,045,87422,5399,5097,176,5273,51
2021-08-17,Merced,047,269075,34234,33508,1180,34688,482
2021-08-17,Modoc,049,8938,440,424,152,576,6
2021-08-17,Mono,051,14174,1377,1341,18,1359,3
2021-08-17,Monterey,053,433212,45288,44672,2240,46912,528
2021-08-17,Napa,055,140530,11262,11007,68,11075,83
2021-08-17,Nevada,057,99092,6911,6605,227,6832,75
2021-08-17,Orange,059,3164182,281771,277121,12979,290100,5164
2021-08-17,Placer,061,380077,29217,27634,2423,30057,312
2021-08-17,Plumas,063,18699,933,860,14,874,5
2021-08-17,Riverside,065,2383286,323510,316051,15161,331212,4582
2021-08-17,Sacramento,067,1510023,130443,125151,2656,127807,1774
2021-08-17,San Benito,069,59416,6567,6470,127,6597,64
2021-08-17,San Bernardino,071,2135413,319899,314402,9825,324227,5302
2021-08-17,San Diego,073,3302833,323247,317058,18707,335765,3824
2021-08-17,San Francisco,075,870044,46231,44820,1895,46715,567
2021-08-17,San Joaquin,077,732212,83937,81300,4333,85633,1489
2021-08-17,San Luis Obispo,079,281455,24342,23556,923,24479,268
2021-08-17,San Mateo,081,765935,48433,47127,696,47823,551
2021-08-17,Santa Barbara,083,443738,38315,37478,1387,38865,475
2021-08-17,Santa Clara,085,1922200,131718,128354,959,129313,1773
2021-08-17,Santa Cruz,087,273765,17960,17528,898,18426,209
2021-08-17,Shasta,089,179085,14528,14012,2022,16034,214
2021-08-17,Sierra,091,2930,91,82,13,95,0
2021-08-17,Siskiyou,093,43540,2303,2183,590,2773,33
2021-08-17,Solano,095,438530,39863,37662,918,38580,269
2021-08-17,Sonoma,097,501317,36358,34943,438,35381,333
2021-08-17,Stanislaus,099,539301,63873,62385,7051,69436,1047
2021-08-17,Sutter,101,95872,11264,10973,120,11093,130
2021-08-17,Tehama,103,63373,5824,5612,709,6321,66
2021-08-17,Trinity,105,12862,572,406,131,537,3
2021-08-17,Tulare,107,460477,53981,52362,10719,63081,856
2021-08-17,Tuolumne,109,53932,5166,5042,53,5095,64
2021-08-17,Ventura,111,848112,88993,87601,3820,91421,1053
2021-08-17,Yolo,113,214977,16559,15975,701,16676,225
2021-08-17,Yuba,115,75493,7629,7355,171,7526,51
2021-08-16,Alameda,001,1643700,105354,102052,2362,104414,1287
2021-08-16,Alpine,003,1148,90,91,0,91,0
2021-08-16,Amador,005,37829,4399,4235,38,4273,50
2021-08-16,Butte,007,227075,14806,14283,2351,16634,206
2021-08-16,Calaveras,009,45235,2700,2609,18,2627,57
2021-08-16,Colusa,011,21464,2215,2147,441,2588,16
2021-08-16,Contra Costa,013,1133247,85546,82070,1696,83766,848
2021-08-16,Del Norte,015,27424,2395,2125,16,2141,8
2021-08-16,El Dorado,017,186661,12804,12139,1063,13202,118
2021-08-16,Fresno,019,978130,112672,109623,9867,119490,1753
2021-08-16,Glenn,021,27897,2679,2593,667,3260,20
2021-08-16,Humboldt,023,135768,6404,6064,125,6189,52
2021-08-16,Imperial,025,180216,30011,29737,3030,32767,746
2021-08-16,Inyo,027,18085,1494,1490,13,1503,39
2021-08-16,Kern,029,883053,104838,102690,13579,116269,1367
2021-08-16,Kings,031,150075,25573,24817,1331,26148,254
2021-08-16,Lake,033,64148,5072,4898,34,4932,68
2021-08-16,Lassen,035,31185,5583,5481,135,5616,21
2021-08-16,Los Angeles,037,10098052,1322182,1305330,48857,1354187,24923
2021-08-16,Madera,039,155013,18315,17756,1203,18959,246
2021-08-16,Marin,041,260295,15887,15497,320,15817,239
2021-08-16,Mariposa,043,17540,634,597,15,612,5
2021-08-16,Mendocino,045,87422,5343,5037,174,5211,49
2021-08-16,Merced,047,269075,34032,33364,1168,34532,481
2021-08-16,Modoc,049,8938,438,421,151,572,5
2021-08-16,Mono,051,14174,1372,1339,18,1357,3
2021-08-16,Monterey,053,433212,45209,44595,2228,46823,527
2021-08-16,Napa,055,140530,11233,10946,68,11014,83
2021-08-16,Nevada,057,99092,6856,6535,226,6761,74
2021-08-16,Orange,059,3164182,280978,275985,12934,288919,5161
2021-08-16,Placer,061,380077,29034,27384,2390,29774,306
2021-08-16,Plumas,063,18699,922,851,14,865,5
2021-08-16,Riverside,065,2383286,322419,314774,15124,329898,4582
2021-08-16,Sacramento,067,1510023,129633,124554,2613,127167,1762
2021-08-16,San Benito,069,59416,6543,6452,127,6579,64
2021-08-16,San Bernardino,071,2135413,318936,313617,9798,323415,5301
2021-08-16,San Diego,073,3302833,321643,315348,18573,333921,3824
2021-08-16,San Francisco,075,870044,46028,44681,1886,46567,567
2021-08-16,San Joaquin,077,732212,83434,81087,4306,85393,1488
2021-08-16,San Luis Obispo,079,281455,24192,23452,915,24367,265
2021-08-16,San Mateo,081,765935,48252,47024,689,47713,548
2021-08-16,Santa Barbara,083,443738,38145,37358,1382,38740,475
2021-08-16,Santa Clara,085,1922200,131253,127978,955,128933,1773
2021-08-16,Santa Cruz,087,273765,17898,17491,892,18383,209
2021-08-16,Shasta,089,179085,14437,13862,2005,15867,211
2021-08-16,Sierra,091,2930,88,82,13,95,0
2021-08-16,Siskiyou,093,43540,2286,2169,570,2739,33
2021-08-16,Solano,095,438530,39582,37436,904,38340,263
2021-08-16,Sonoma,097,501317,36188,34844,436,35280,333
2021-08-16,Stanislaus,099,539301,63534,62033,6999,69032,1039
2021-08-16,Sutter,101,95872,11195,10902,119,11021,130
2021-08-16,Tehama,103,63373,5761,5565,704,6269,66
2021-08-16,Trinity,105,12862,566,400,130,530,3
2021-08-16,Tulare,107,460477,53738,52162,10649,62811,856
2021-08-16,Tuolumne,109,53932,5127,4984,52,5036,64
2021-08-16,Ventura,111,848112,88748,86954,3802,90756,1052
2021-08-16,Yolo,113,214977,16458,15922,693,16615,225
2021-08-16,Yuba,115,75493,7545,7314,170,7484,51
2021-08-15,Alameda,001,1643700,104859,101660,2345,104005,1287
2021-08-15,Alpine,003,1148,90,91,0,91,0
2021-08-15,Amador,005,37829,4371,4231,38,4269,49
2021-08-15,Butte,007,227075,14681,14263,2327,16590,206
2021-08-15,Calaveras,009,45235,2658,2599,18,2617,57
2021-08-15,Colusa,011,21464,2203,2140,431,2571,16
2021-08-15,Contra Costa,013,1133247,85062,81781,1681,83462,848
2021-08-15,Del Norte,015,27424,2328,2060,16,2076,8
2021-08-15,El Dorado,017,186661,12669,12057,1046,13103,118
2021-08-15,Fresno,019,978130,112195,109382,9803,119185,1753
2021-08-15,Glenn,021,27897,2655,2592,655,3247,20
2021-08-15,Humboldt,023,135768,6329,6024,119,6143,52
2021-08-15,Imperial,025,180216,29945,29711,3025,32736,746
2021-08-15,Inyo,027,18085,1493,1489,13,1502,39
2021-08-15,Kern,029,883053,104394,102524,13466,115990,1367
2021-08-15,Kings,031,150075,25428,24736,1321,26057,254
2021-08-15,Lake,033,64148,5013,4886,33,4919,68
2021-08-15,Lassen,035,31185,5566,5482,134,5616,21
2021-08-15,Los Angeles,037,10098052,1318650,1302882,48684,1351566,24918
2021-08-15,Madera,039,155013,18227,17714,1187,18901,246
2021-08-15,Marin,041,260295,15828,15461,318,15779,239
2021-08-15,Mariposa,043,17540,627,591,14,605,5
2021-08-15,Mendocino,045,87422,5287,5022,168,5190,49
2021-08-15,Merced,047,269075,33788,33305,1157,34462,481
2021-08-15,Modoc,049,8938,436,421,151,572,5
2021-08-15,Mono,051,14174,1368,1334,18,1352,3
2021-08-15,Monterey,053,433212,45087,44567,2206,46773,527
2021-08-15,Napa,055,140530,11178,10919,68,10987,83
2021-08-15,Nevada,057,99092,6771,6486,226,6712,74
2021-08-15,Orange,059,3164182,280207,275447,12893,288340,5161
2021-08-15,Placer,061,380077,28812,27220,2342,29562,306
2021-08-15,Plumas,063,18699,910,850,14,864,5
2021-08-15,Riverside,065,2383286,321280,314133,15096,329229,4582
2021-08-15,Sacramento,067,1510023,128816,123924,2581,126505,1761
2021-08-15,San Benito,069,59416,6525,6446,126,6572,64
2021-08-15,San Bernardino,071,2135413,317862,313120,9766,322886,5301
2021-08-15,San Diego,073,3302833,320171,314247,18448,332695,3824
2021-08-15,San Francisco,075,870044,45803,44531,1869,46400,567
2021-08-15,San Joaquin,077,732212,82945,80832,4266,85098,1488
2021-08-15,San Luis Obispo,079,281455,23995,23404,905,24309,265
2021-08-15,San Mateo,081,765935,48065,46897,683,47580,548
2021-08-15,Santa Barbara,083,443738,37974,37276,1375,38651,475
2021-08-15,Santa Clara,085,1922200,130820,127715,949,128664,1773
2021-08-15,Santa Cruz,087,273765,17828,17440,885,18325,209
2021-08-15,Shasta,089,179085,14334,13835,1980,15815,211
2021-08-15,Sierra,091,2930,87,82,12,94,0
2021-08-15,Siskiyou,093,43540,2265,2169,556,2725,33
2021-08-15,Solano,095,438530,39327,37320,893,38213,263
2021-08-15,Sonoma,097,501317,35992,34706,428,35134,333
2021-08-15,Stanislaus,099,539301,63167,61795,6921,68716,1039
2021-08-15,Sutter,101,95872,11104,10863,119,10982,130
2021-08-15,Tehama,103,63373,5713,5550,698,6248,66
2021-08-15,Trinity,105,12862,562,400,129,529,3
2021-08-15,Tulare,107,460477,53480,52046,10589,62635,856
2021-08-15,Tuolumne,109,53932,5089,4934,50,4984,64
2021-08-15,Ventura,111,848112,88443,86797,3788,90585,1052
2021-08-15,Yolo,113,214977,16361,15873,683,16556,225
2021-08-15,Yuba,115,75493,7468,7265,169,7434,51
2021-08-14,Alameda,001,1643700,104641,101305,2341,103646,1287
2021-08-14,Alpine,003,1148,90,91,0,91,0
2021-08-14,Amador,005,37829,4353,4206,38,4244,49
2021-08-14,Butte,007,227075,14644,14192,2311,16503,206
2021-08-14,Calaveras,009,45235,2651,2579,18,2597,57
2021-08-14,Colusa,011,21464,2192,2134,427,2561,16
2021-08-14,Contra Costa,013,1133247,84813,81458,1673,83131,848
2021-08-14,Del Norte,015,27424,2301,2015,16,2031,8
2021-08-14,El Dorado,017,186661,12633,12019,1038,13057,118
2021-08-14,Fresno,019,978130,112034,109056,9774,118830,1753
2021-08-14,Glenn,021,27897,2644,2583,653,3236,20
2021-08-14,Humboldt,023,135768,6275,5998,115,6113,52
2021-08-14,Imperial,025,180216,29918,29671,3025,32696,746
2021-08-14,Inyo,027,18085,1491,1487,13,1500,39
2021-08-14,Kern,029,883053,104199,102306,13370,115676,1367
2021-08-14,Kings,031,150075,25330,24647,1312,25959,254
2021-08-14,Lake,033,64148,4996,4850,32,4882,68
2021-08-14,Lassen,035,31185,5559,5475,133,5608,21
2021-08-14,Los Angeles,037,10098052,1316878,1299346,48545,1347891,24911
2021-08-14,Madera,039,155013,18180,17691,1182,18873,246
2021-08-14,Marin,041,260295,15794,15441,318,15759,239
2021-08-14,Mariposa,043,17540,623,584,14,598,5
2021-08-14,Mendocino,045,87422,5251,4977,165,5142,49
2021-08-14,Merced,047,269075,33724,33234,1151,34385,481
2021-08-14,Modoc,049,8938,436,421,151,572,5
2021-08-14,Mono,051,14174,1363,1332,18,1350,3
2021-08-14,Monterey,053,433212,45043,44514,2203,46717,527
2021-08-14,Napa,055,140530,11148,10878,67,10945,83
2021-08-14,Nevada,057,99092,6736,6419,225,6644,74
2021-08-14,Orange,059,3164182,279773,274732,12865,287597,5161
2021-08-14,Placer,061,380077,28666,27115,2318,29433,306
2021-08-14,Plumas,063,18699,900,849,14,863,5
2021-08-14,Riverside,065,2383286,320565,313264,15075,328339,4582
2021-08-14,Sacramento,067,1510023,128322,123438,2563,126001,1758
2021-08-14,San Benito,069,59416,6512,6428,126,6554,64
2021-08-14,San Bernardino,071,2135413,317313,312142,9745,321887,5301
2021-08-14,San Diego,073,3302833,319501,313589,18380,331969,3824
2021-08-14,San Francisco,075,870044,45673,44353,1850,46203,567
2021-08-14,San Joaquin,077,732212,82729,80585,4251,84836,1488
2021-08-14,San Luis Obispo,079,281455,23934,23328,902,24230,265
2021-08-14,San Mateo,081,765935,47946,46792,679,47471,548
2021-08-14,Santa Barbara,083,443738,37879,37118,1372,38490,475
2021-08-14,Santa Clara,085,1922200,130541,127432,946,128378,1772
2021-08-14,Santa Cruz,087,273765,17789,17384,884,18268,209
2021-08-14,Shasta,089,179085,14259,13813,1959,15772,211
2021-08-14,Sierra,091,2930,86,81,12,93,0
2021-08-14,Siskiyou,093,43540,2255,2160,546,2706,33
2021-08-14,Solano,095,438530,39240,37237,881,38118,263
2021-08-14,Sonoma,097,501317,35869,34606,426,35032,333
2021-08-14,Stanislaus,099,539301,62993,61564,6876,68440,1039
2021-08-14,Sutter,101,95872,11059,10808,118,10926,130
2021-08-14,Tehama,103,63373,5689,5530,694,6224,66
2021-08-14,Trinity,105,12862,556,399,129,528,3
2021-08-14,Tulare,107,460477,53344,51951,10543,62494,856
2021-08-14,Tuolumne,109,53932,5054,4924,50,4974,64
2021-08-14,Ventura,111,848112,88286,86569,3768,90337,1052
2021-08-14,Yolo,113,214977,16316,15815,673,16488,225
2021-08-14,Yuba,115,75493,7419,7223,169,7392,51
2021-08-13,Alameda,001,1643700,104343,100930,2333,103263,1284
2021-08-13,Alpine,003,1148,90,91,0,91,0
2021-08-13,Amador,005,37829,4325,4169,38,4207,49
2021-08-13,Butte,007,227075,14573,14100,2295,16395,206
2021-08-13,Calaveras,009,45235,2644,2564,18,2582,57
2021-08-13,Colusa,011,21464,2185,2123,422,2545,16
2021-08-13,Contra Costa,013,1133247,84501,81046,1665,82711,848
2021-08-13,Del Norte,015,27424,2260,1973,16,1989,8
2021-08-13,El Dorado,017,186661,12594,11951,1026,12977,118
2021-08-13,Fresno,019,978130,111744,108638,9750,118388,1753
2021-08-13,Glenn,021,27897,2633,2574,651,3225,20
2021-08-13,Humboldt,023,135768,6228,5882,112,5994,52
2021-08-13,Imperial,025,180216,29891,29654,3024,32678,745
2021-08-13,Inyo,027,18085,1490,1484,13,1497,39
2021-08-13,Kern,029,883053,103991,102029,13261,115290,1364
2021-08-13,Kings,031,150075,25245,24531,1305,25836,253
2021-08-13,Lake,033,64148,4973,4811,31,4842,68
2021-08-13,Lassen,035,31185,5551,5455,132,5587,21
2021-08-13,Los Angeles,037,10098052,1314563,1295406,48409,1343815,24891
2021-08-13,Madera,039,155013,18131,17614,1173,18787,246
2021-08-13,Marin,041,260295,15764,15380,318,15698,239
2021-08-13,Mariposa,043,17540,617,577,14,591,5
2021-08-13,Mendocino,045,87422,5198,4924,163,5087,49
2021-08-13,Merced,047,269075,33676,33111,1146,34257,480
2021-08-13,Modoc,049,8938,435,421,150,571,5
2021-08-13,Mono,051,14174,1360,1331,18,1349,3
2021-08-13,Monterey,053,433212,44983,44450,2201,46651,527
2021-08-13,Napa,055,140530,11112,10830,67,10897,83
2021-08-13,Nevada,057,99092,6695,6356,224,6580,74
2021-08-13,Orange,059,3164182,279278,274004,12816,286820,5159
2021-08-13,Placer,061,380077,28566,26987,2291,29278,306
2021-08-13,Plumas,063,18699,886,842,14,856,5
2021-08-13,Riverside,065,2383286,319827,312408,15050,327458,4581
2021-08-13,Sacramento,067,1510023,127852,122868,2536,125404,1758
2021-08-13,San Benito,069,59416,6506,6422,124,6546,64
2021-08-13,San Bernardino,071,2135413,316645,311378,9726,321104,5301
2021-08-13,San Diego,073,3302833,318455,312293,18302,330595,3821
2021-08-13,San Francisco,075,870044,45536,44196,1827,46023,567
2021-08-13,San Joaquin,077,732212,82512,80232,4235,84467,1481
2021-08-13,San Luis Obispo,079,281455,23871,23226,899,24125,265
2021-08-13,San Mateo,081,765935,47826,46660,678,47338,548
2021-08-13,Santa Barbara,083,443738,37794,37023,1368,38391,474
2021-08-13,Santa Clara,085,1922200,130254,126958,941,127899,1769
2021-08-13,Santa Cruz,087,273765,17750,17332,877,18209,209
2021-08-13,Shasta,089,179085,14196,13698,1945,15643,211
2021-08-13,Sierra,091,2930,85,81,12,93,0
2021-08-13,Siskiyou,093,43540,2246,2147,542,2689,33
2021-08-13,Solano,095,438530,39106,37104,873,37977,264
2021-08-13,Sonoma,097,501317,35764,34464,426,34890,333
2021-08-13,Stanislaus,099,539301,62823,61294,6834,68128,1039
2021-08-13,Sutter,101,95872,11015,10751,117,10868,130
2021-08-13,Tehama,103,63373,5665,5496,692,6188,66
2021-08-13,Trinity,105,12862,552,392,129,521,3
2021-08-13,Tulare,107,460477,53240,51770,10468,62238,856
2021-08-13,Tuolumne,109,53932,5021,4899,49,4948,64
2021-08-13,Ventura,111,848112,88128,86368,3755,90123,1052
2021-08-13,Yolo,113,214977,16263,15761,663,16424,225
2021-08-13,Yuba,115,75493,7381,7184,169,7353,51
2021-08-12,Alameda,001,1643700,103853,100472,2320,102792,1284
2021-08-12,Alpine,003,1148,90,91,0,91,0
2021-08-12,Amador,005,37829,4295,4161,37,4198,49
2021-08-12,Butte,007,227075,14495,14006,2277,16283,206
2021-08-12,Calaveras,009,45235,2627,2531,18,2549,57
2021-08-12,Colusa,011,21464,2180,2111,421,2532,17
2021-08-12,Contra Costa,013,1133247,84019,80738,1650,82388,846
2021-08-12,Del Norte,015,27424,2188,1923,16,1939,8
2021-08-12,El Dorado,017,186661,12480,11880,1018,12898,118
2021-08-12,Fresno,019,978130,111327,108193,9683,117876,1753
2021-08-12,Glenn,021,27897,2625,2559,645,3204,20
2021-08-12,Humboldt,023,135768,6158,5845,108,5953,52
2021-08-12,Imperial,025,180216,29835,29585,3018,32603,745
2021-08-12,Inyo,027,18085,1488,1483,13,1496,39
2021-08-12,Kern,029,883053,103702,101698,13181,114879,1364
2021-08-12,Kings,031,150075,25145,24423,1296,25719,252
2021-08-12,Lake,033,64148,4947,4774,31,4805,68
2021-08-12,Lassen,035,31185,5529,5428,131,5559,21
2021-08-12,Los Angeles,037,10098052,1311373,1291875,48274,1340149,24874
2021-08-12,Madera,039,155013,18067,17564,1161,18725,246
2021-08-12,Marin,041,260295,15715,15277,314,15591,239
2021-08-12,Mariposa,043,17540,608,568,13,581,5
2021-08-12,Mendocino,045,87422,5168,4873,157,5030,49
2021-08-12,Merced,047,269075,33552,32960,1139,34099,480
2021-08-12,Modoc,049,8938,434,423,150,573,5
2021-08-12,Mono,051,14174,1355,1325,18,1343,3
2021-08-12,Monterey,053,433212,44907,44383,2184,46567,527
2021-08-12,Napa,055,140530,11063,10780,66,10846,83
2021-08-12,Nevada,057,99092,6634,6283,224,6507,74
2021-08-12,Orange,059,3164182,278600,273167,12758,285925,5158
2021-08-12,Placer,061,380077,28366,26856,2268,29124,306
2021-08-12,Plumas,063,18699,878,829,14,843,5
2021-08-12,Riverside,065,2383286,318817,311304,15017,326321,4575
2021-08-12,Sacramento,067,1510023,127080,122222,2506,124728,1758
2021-08-12,San Benito,069,59416,6489,6398,122,6520,64
2021-08-12,San Bernardino,071,2135413,315771,310420,9697,320117,5297
2021-08-12,San Diego,073,3302833,317084,310596,18216,328812,3821
2021-08-12,San Francisco,075,870044,45328,43774,1814,45588,564
2021-08-12,San Joaquin,077,732212,82116,79945,4212,84157,1479
2021-08-12,San Luis Obispo,079,281455,23770,23101,885,23986,264
2021-08-12,San Mateo,081,765935,47682,46435,675,47110,548
2021-08-12,Santa Barbara,083,443738,37655,36881,1360,38241,473
2021-08-12,Santa Clara,085,1922200,129805,126614,935,127549,1769
2021-08-12,Santa Cruz,087,273765,17686,17261,876,18137,209
2021-08-12,Shasta,089,179085,14110,13621,1918,15539,211
2021-08-12,Sierra,091,2930,85,81,12,93,0
2021-08-12,Siskiyou,093,43540,2239,2134,532,2666,33
2021-08-12,Solano,095,438530,38877,36980,864,37844,262
2021-08-12,Sonoma,097,501317,35616,34299,423,34722,333
2021-08-12,Stanislaus,099,539301,62560,61026,6775,67801,1039
2021-08-12,Sutter,101,95872,10954,10695,115,10810,130
2021-08-12,Tehama,103,63373,5635,5462,683,6145,66
2021-08-12,Trinity,105,12862,548,386,128,514,3
2021-08-12,Tulare,107,460477,53094,51632,10419,62051,856
2021-08-12,Tuolumne,109,53932,4974,4845,47,4892,64
2021-08-12,Ventura,111,848112,87892,86106,3731,89837,1052
2021-08-12,Yolo,113,214977,16191,15686,650,16336,224
2021-08-12,Yuba,115,75493,7333,7128,168,7296,51
2021-08-11,Alameda,001,1643700,103339,100040,2316,102356,1281
2021-08-11,Alpine,003,1148,90,91,0,91,0
2021-08-11,Amador,005,37829,4271,4127,37,4164,49
2021-08-11,Butte,007,227075,14391,13905,2252,16157,206
2021-08-11,Calaveras,009,45235,2607,2505,18,2523,57
2021-08-11,Colusa,011,21464,2170,2101,419,2520,16
2021-08-11,Contra Costa,013,1133247,83517,80275,1632,81907,843
2021-08-11,Del Norte,015,27424,2129,1893,16,1909,8
2021-08-11,El Dorado,017,186661,12367,11799,1006,12805,119
2021-08-11,Fresno,019,978130,110871,107773,9636,117409,1751
2021-08-11,Glenn,021,27897,2616,2547,638,3185,20
2021-08-11,Humboldt,023,135768,6111,5765,107,5872,52
2021-08-11,Imperial,025,180216,29792,29565,3014,32579,745
2021-08-11,Inyo,027,18085,1488,1483,13,1496,39
2021-08-11,Kern,029,883053,103388,101448,13071,114519,1363
2021-08-11,Kings,031,150075,25032,24304,1287,25591,250
2021-08-11,Lake,033,64148,4910,4713,30,4743,68
2021-08-11,Lassen,035,31185,5520,5408,129,5537,21
2021-08-11,Los Angeles,037,10098052,1308052,1288238,48086,1336324,24851
2021-08-11,Madera,039,155013,18016,17511,1150,18661,245
2021-08-11,Marin,041,260295,15666,15235,314,15549,239
2021-08-11,Mariposa,043,17540,598,554,12,566,5
2021-08-11,Mendocino,045,87422,5099,4796,148,4944,49
2021-08-11,Merced,047,269075,33419,32802,1135,33937,479
2021-08-11,Modoc,049,8938,434,421,150,571,5
2021-08-11,Mono,051,14174,1350,1320,18,1338,3
2021-08-11,Monterey,053,433212,44808,44314,2166,46480,527
2021-08-11,Napa,055,140530,11022,10732,66,10798,83
2021-08-11,Nevada,057,99092,6580,6172,221,6393,74
2021-08-11,Orange,059,3164182,277743,272212,12711,284923,5155
2021-08-11,Placer,061,380077,28154,26687,2242,28929,305
2021-08-11,Plumas,063,18699,868,824,14,838,5
2021-08-11,Riverside,065,2383286,317824,310265,14982,325247,4570
2021-08-11,Sacramento,067,1510023,126287,121603,2464,124067,1757
2021-08-11,San Benito,069,59416,6476,6381,122,6503,64
2021-08-11,San Bernardino,071,2135413,314878,309498,9675,319173,5296
2021-08-11,San Diego,073,3302833,315611,309406,18115,327521,3818
2021-08-11,San Francisco,075,870044,45104,43555,1806,45361,564
2021-08-11,San Joaquin,077,732212,81708,79641,4184,83825,1478
2021-08-11,San Luis Obispo,079,281455,23666,22920,878,23798,264
2021-08-11,San Mateo,081,765935,47514,46300,672,46972,548
2021-08-11,Santa Barbara,083,443738,37491,36699,1351,38050,472
2021-08-11,Santa Clara,085,1922200,129325,126301,927,127228,1769
2021-08-11,Santa Cruz,087,273765,17620,17191,873,18064,209
2021-08-11,Shasta,089,179085,14036,13546,1902,15448,211
2021-08-11,Sierra,091,2930,84,81,12,93,0
2021-08-11,Siskiyou,093,43540,2225,2124,525,2649,33
2021-08-11,Solano,095,438530,38641,36862,850,37712,262
2021-08-11,Sonoma,097,501317,35439,34188,418,34606,333
2021-08-11,Stanislaus,099,539301,62229,60767,6745,67512,1037
2021-08-11,Sutter,101,95872,10882,10628,115,10743,130
2021-08-11,Tehama,103,63373,5605,5410,666,6076,66
2021-08-11,Trinity,105,12862,546,385,128,513,3
2021-08-11,Tulare,107,460477,52926,51464,10374,61838,854
2021-08-11,Tuolumne,109,53932,4942,4794,47,4841,64
2021-08-11,Ventura,111,848112,87640,85863,3710,89573,1051
2021-08-11,Yolo,113,214977,16116,15593,636,16229,218
2021-08-11,Yuba,115,75493,7274,7063,167,7230,53
2021-08-10,Alameda,001,1643700,102857,99771,2308,102079,1281
2021-08-10,Alpine,003,1148,90,91,0,91,0
2021-08-10,Amador,005,37829,4255,4093,37,4130,49
2021-08-10,Butte,007,227075,14307,13853,2230,16083,205
2021-08-10,Calaveras,009,45235,2583,2491,16,2507,57
2021-08-10,Colusa,011,21464,2157,2088,410,2498,16
2021-08-10,Contra Costa,013,1133247,82973,80018,1622,81640,840
2021-08-10,Del Norte,015,27424,2085,1870,16,1886,8
2021-08-10,El Dorado,017,186661,12268,11734,996,12730,117
2021-08-10,Fresno,019,978130,110417,107616,9579,117195,1747
2021-08-10,Glenn,021,27897,2603,2538,629,3167,20
2021-08-10,Humboldt,023,135768,6057,5718,104,5822,52
2021-08-10,Imperial,025,180216,29757,29522,3008,32530,745
2021-08-10,Inyo,027,18085,1488,1482,13,1495,39
2021-08-10,Kern,029,883053,103059,101254,12975,114229,1359
2021-08-10,Kings,031,150075,24905,24252,1271,25523,251
2021-08-10,Lake,033,64148,4869,4700,30,4730,67
2021-08-10,Lassen,035,31185,5502,5401,129,5530,21
2021-08-10,Los Angeles,037,10098052,1304301,1285140,47922,1333062,24821
2021-08-10,Madera,039,155013,17943,17481,1140,18621,245
2021-08-10,Marin,041,260295,15619,15194,314,15508,239
2021-08-10,Mariposa,043,17540,585,550,12,562,5
2021-08-10,Mendocino,045,87422,5054,4775,144,4919,49
2021-08-10,Merced,047,269075,33271,32721,1127,33848,477
2021-08-10,Modoc,049,8938,433,421,150,571,5
2021-08-10,Mono,051,14174,1345,1320,18,1338,3
2021-08-10,Monterey,053,433212,44746,44259,2151,46410,527
2021-08-10,Napa,055,140530,10966,10703,65,10768,83
2021-08-10,Nevada,057,99092,6515,6151,220,6371,73
2021-08-10,Orange,059,3164182,276863,271688,12663,284351,5155
2021-08-10,Placer,061,380077,27935,26561,2200,28761,305
2021-08-10,Plumas,063,18699,859,816,14,830,5
2021-08-10,Riverside,065,2383286,316709,309529,14956,324485,4564
2021-08-10,Sacramento,067,1510023,125434,121159,2434,123593,1755
2021-08-10,San Benito,069,59416,6462,6371,122,6493,64
2021-08-10,San Bernardino,071,2135413,313956,308672,9658,318330,5295
2021-08-10,San Diego,073,3302833,313953,308288,18039,326327,3815
2021-08-10,San Francisco,075,870044,44851,43389,1791,45180,564
2021-08-10,San Joaquin,077,732212,81310,79391,4167,83558,1478
2021-08-10,San Luis Obispo,079,281455,23540,22776,876,23652,264
2021-08-10,San Mateo,081,765935,47341,46184,670,46854,548
2021-08-10,Santa Barbara,083,443738,37326,36574,1344,37918,472
2021-08-10,Santa Clara,085,1922200,128862,126019,920,126939,1770
2021-08-10,Santa Cruz,087,273765,17537,17142,871,18013,209
2021-08-10,Shasta,089,179085,13958,13461,1878,15339,211
2021-08-10,Sierra,091,2930,84,76,12,88,0
2021-08-10,Siskiyou,093,43540,2216,2088,518,2606,33
2021-08-10,Solano,095,438530,38396,36767,839,37606,262
2021-08-10,Sonoma,097,501317,35294,34054,415,34469,333
2021-08-10,Stanislaus,099,539301,61884,60605,6708,67313,1037
2021-08-10,Sutter,101,95872,10817,10569,115,10684,130
2021-08-10,Tehama,103,63373,5576,5392,661,6053,66
2021-08-10,Trinity,105,12862,546,384,128,512,3
2021-08-10,Tulare,107,460477,52761,51390,10322,61712,854
2021-08-10,Tuolumne,109,53932,4913,4780,45,4825,64
2021-08-10,Ventura,111,848112,87350,85714,3689,89403,1051
2021-08-10,Yolo,113,214977,16029,15568,626,16194,218
2021-08-10,Yuba,115,75493,7224,7028,167,7195,50
2021-08-09,Alameda,001,1643700,102295,99496,2303,101799,1276
2021-08-09,Alpine,003,1148,90,91,0,91,0
2021-08-09,Amador,005,37829,4229,4078,37,4115,48
2021-08-09,Butte,007,227075,14212,13813,2199,16012,205
2021-08-09,Calaveras,009,45235,2556,2472,16,2488,57
2021-08-09,Colusa,011,21464,2147,2075,402,2477,16
2021-08-09,Contra Costa,013,1133247,82428,79740,1610,81350,840
2021-08-09,Del Norte,015,27424,2017,1848,16,1864,8
2021-08-09,El Dorado,017,186661,12160,11672,982,12654,117
2021-08-09,Fresno,019,978130,109923,107310,9540,116850,1747
2021-08-09,Glenn,021,27897,2592,2532,620,3152,20
2021-08-09,Humboldt,023,135768,5966,5632,102,5734,52
2021-08-09,Imperial,025,180216,29713,29512,3002,32514,745
2021-08-09,Inyo,027,18085,1488,1481,13,1494,39
2021-08-09,Kern,029,883053,102748,101069,12889,113958,1359
2021-08-09,Kings,031,150075,24797,24155,1256,25411,250
2021-08-09,Lake,033,64148,4834,4670,28,4698,66
2021-08-09,Lassen,035,31185,5480,5393,128,5521,21
2021-08-09,Los Angeles,037,10098052,1300290,1282891,47728,1330619,24798
2021-08-09,Madera,039,155013,17884,17429,1120,18549,245
2021-08-09,Marin,041,260295,15566,15154,313,15467,239
2021-08-09,Mariposa,043,17540,572,545,12,557,5
2021-08-09,Mendocino,045,87422,5003,4732,136,4868,49
2021-08-09,Merced,047,269075,33125,32666,1120,33786,477
2021-08-09,Modoc,049,8938,433,419,150,569,5
2021-08-09,Mono,051,14174,1342,1337,18,1355,3
2021-08-09,Monterey,053,433212,44673,44190,2135,46325,527
2021-08-09,Napa,055,140530,10919,10679,65,10744,83
2021-08-09,Nevada,057,99092,6444,6088,219,6307,73
2021-08-09,Orange,059,3164182,275826,271036,12611,283647,5153
2021-08-09,Placer,061,380077,27712,26457,2169,28626,305
2021-08-09,Plumas,063,18699,842,803,14,817,5
2021-08-09,Riverside,065,2383286,315632,308678,14936,323614,4562
2021-08-09,Sacramento,067,1510023,124599,120812,2409,123221,1748
2021-08-09,San Benito,069,59416,6442,6359,120,6479,63
2021-08-09,San Bernardino,071,2135413,312972,308038,9634,317672,5295
2021-08-09,San Diego,073,3302833,312291,306855,17943,324798,3811
2021-08-09,San Francisco,075,870044,44606,43261,1773,45034,564
2021-08-09,San Joaquin,077,732212,80926,79198,4149,83347,1469
2021-08-09,San Luis Obispo,079,281455,23401,22695,867,23562,264
2021-08-09,San Mateo,081,765935,47169,46040,666,46706,548
2021-08-09,Santa Barbara,083,443738,37140,36474,1336,37810,470
2021-08-09,Santa Clara,085,1922200,128359,125791,911,126702,2187
2021-08-09,Santa Cruz,087,273765,17476,17082,871,17953,209
2021-08-09,Shasta,089,179085,13841,13397,1867,15264,210
2021-08-09,Sierra,091,2930,83,75,12,87,0
2021-08-09,Siskiyou,093,43540,2204,2047,502,2549,32
2021-08-09,Solano,095,438530,38120,36653,837,37490,262
2021-08-09,Sonoma,097,501317,35113,33933,413,34346,333
2021-08-09,Stanislaus,099,539301,61608,60410,6657,67067,1037
2021-08-09,Sutter,101,95872,10768,10525,112,10637,129
2021-08-09,Tehama,103,63373,5533,5373,659,6032,66
2021-08-09,Trinity,105,12862,544,378,126,504,3
2021-08-09,Tulare,107,460477,52600,51274,10257,61531,854
2021-08-09,Tuolumne,109,53932,4871,4745,45,4790,64
2021-08-09,Ventura,111,848112,87079,85514,3678,89192,1047
2021-08-09,Yolo,113,214977,15950,15521,605,16126,218
2021-08-09,Yuba,115,75493,7165,6994,167,7161,50
2021-08-08,Alameda,001,1643700,101743,99135,2296,101431,1276
2021-08-08,Alpine,003,1148,90,91,0,91,0
2021-08-08,Amador,005,37829,4195,4057,36,4093,48
2021-08-08,Butte,007,227075,14127,13791,2180,15971,205
2021-08-08,Calaveras,009,45235,2526,2462,16,2478,57
2021-08-08,Colusa,011,21464,2130,2070,395,2465,16
2021-08-08,Contra Costa,013,1133247,81900,79454,1603,81057,840
2021-08-08,Del Norte,015,27424,1971,1810,16,1826,8
2021-08-08,El Dorado,017,186661,12041,11631,971,12602,117
2021-08-08,Fresno,019,978130,109481,107078,9503,116581,1747
2021-08-08,Glenn,021,27897,2583,2527,615,3142,20
2021-08-08,Humboldt,023,135768,5878,5571,102,5673,52
2021-08-08,Imperial,025,180216,29689,29485,2991,32476,745
2021-08-08,Inyo,027,18085,1488,1481,13,1494,39
2021-08-08,Kern,029,883053,102428,100909,12777,113686,1359
2021-08-08,Kings,031,150075,24683,24095,1247,25342,250
2021-08-08,Lake,033,64148,4784,4636,27,4663,66
2021-08-08,Lassen,035,31185,5465,5391,127,5518,21
2021-08-08,Los Angeles,037,10098052,1296041,1279982,47542,1327524,24793
2021-08-08,Madera,039,155013,17805,17398,1103,18501,245
2021-08-08,Marin,041,260295,15513,15124,311,15435,239
2021-08-08,Mariposa,043,17540,568,538,12,550,5
2021-08-08,Mendocino,045,87422,4941,4702,123,4825,49
2021-08-08,Merced,047,269075,32978,32634,1111,33745,477
2021-08-08,Modoc,049,8938,432,419,149,568,5
2021-08-08,Mono,051,14174,1338,1336,18,1354,3
2021-08-08,Monterey,053,433212,44603,44171,2124,46295,527
2021-08-08,Napa,055,140530,10883,10668,65,10733,83
2021-08-08,Nevada,057,99092,6360,6009,217,6226,73
2021-08-08,Orange,059,3164182,274913,270532,12572,283104,5153
2021-08-08,Placer,061,380077,27503,26332,2128,28460,305
2021-08-08,Plumas,063,18699,833,803,14,817,5
2021-08-08,Riverside,065,2383286,314511,308042,14912,322954,4562
2021-08-08,Sacramento,067,1510023,123772,120109,2397,122506,1744
2021-08-08,San Benito,069,59416,6425,6350,119,6469,63
2021-08-08,San Bernardino,071,2135413,311826,307378,9604,316982,5295
2021-08-08,San Diego,073,3302833,310947,305983,17848,323831,3811
2021-08-08,San Francisco,075,870044,44346,43098,1750,44848,564
2021-08-08,San Joaquin,077,732212,80476,79002,4133,83135,1469
2021-08-08,San Luis Obispo,079,281455,23227,22668,859,23527,263
2021-08-08,San Mateo,081,765935,46980,45927,663,46590,548
2021-08-08,Santa Barbara,083,443738,36963,36417,1329,37746,470
2021-08-08,Santa Clara,085,1922200,127908,125553,906,126459,2187
2021-08-08,Santa Cruz,087,273765,17402,17035,866,17901,209
2021-08-08,Shasta,089,179085,13755,13381,1856,15237,210
2021-08-08,Sierra,091,2930,83,74,12,86,0
2021-08-08,Siskiyou,093,43540,2188,2041,497,2538,32
2021-08-08,Solano,095,438530,37868,36551,833,37384,262
2021-08-08,Sonoma,097,501317,34869,33805,412,34217,333
2021-08-08,Stanislaus,099,539301,61287,60269,6612,66881,1037
2021-08-08,Sutter,101,95872,10708,10481,111,10592,129
2021-08-08,Tehama,103,63373,5495,5359,656,6015,66
2021-08-08,Trinity,105,12862,539,378,126,504,3
2021-08-08,Tulare,107,460477,52421,51220,10196,61416,854
2021-08-08,Tuolumne,109,53932,4832,4731,45,4776,64
2021-08-08,Ventura,111,848112,86788,85382,3668,89050,1047
2021-08-08,Yolo,113,214977,15857,15477,598,16075,218
2021-08-08,Yuba,115,75493,7126,6967,167,7134,50
2021-08-07,Alameda,001,1643700,101489,98812,2290,101102,1276
2021-08-07,Alpine,003,1148,90,91,0,91,0
2021-08-07,Amador,005,37829,4178,4041,35,4076,48
2021-08-07,Butte,007,227075,14075,13714,2169,15883,205
2021-08-07,Calaveras,009,45235,2516,2446,16,2462,57
2021-08-07,Colusa,011,21464,2125,2067,386,2453,16
2021-08-07,Contra Costa,013,1133247,81603,79168,1600,80768,840
2021-08-07,Del Norte,015,27424,1939,1791,16,1807,8
2021-08-07,El Dorado,017,186661,11991,11575,964,12539,117
2021-08-07,Fresno,019,978130,109279,106861,9477,116338,1747
2021-08-07,Glenn,021,27897,2575,2515,614,3129,20
2021-08-07,Humboldt,023,135768,5828,5510,99,5609,52
2021-08-07,Imperial,025,180216,29670,29470,2991,32461,745
2021-08-07,Inyo,027,18085,1486,1476,13,1489,39
2021-08-07,Kern,029,883053,102270,100693,12722,113415,1359
2021-08-07,Kings,031,150075,24623,24048,1241,25289,250
2021-08-07,Lake,033,64148,4763,4613,27,4640,66
2021-08-07,Lassen,035,31185,5461,5386,127,5513,21
2021-08-07,Los Angeles,037,10098052,1294017,1276853,47394,1324247,24786
2021-08-07,Madera,039,155013,17770,17366,1098,18464,245
2021-08-07,Marin,041,260295,15479,15085,310,15395,239
2021-08-07,Mariposa,043,17540,565,530,12,542,5
2021-08-07,Mendocino,045,87422,4905,4690,121,4811,49
2021-08-07,Merced,047,269075,32914,32569,1108,33677,477
2021-08-07,Modoc,049,8938,432,419,149,568,5
2021-08-07,Mono,051,14174,1335,1329,18,1347,3
2021-08-07,Monterey,053,433212,44551,44124,2119,46243,527
2021-08-07,Napa,055,140530,10862,10658,64,10722,83
2021-08-07,Nevada,057,99092,6310,5967,215,6182,73
2021-08-07,Orange,059,3164182,274320,269900,12541,282441,5153
2021-08-07,Placer,061,380077,27315,26244,2120,28364,305
2021-08-07,Plumas,063,18699,828,801,14,815,5
2021-08-07,Riverside,065,2383286,313839,307326,14905,322231,4562
2021-08-07,Sacramento,067,1510023,123271,119636,2393,122029,1744
2021-08-07,San Benito,069,59416,6415,6332,119,6451,63
2021-08-07,San Bernardino,071,2135413,311239,306663,9587,316250,5295
2021-08-07,San Diego,073,3302833,310193,304974,17813,322787,3811
2021-08-07,San Francisco,075,870044,44175,42926,1732,44658,564
2021-08-07,San Joaquin,077,732212,80312,78769,4119,82888,1469
2021-08-07,San Luis Obispo,079,281455,23158,22579,858,23437,263
2021-08-07,San Mateo,081,765935,46853,45804,661,46465,548
2021-08-07,Santa Barbara,083,443738,36867,36303,1323,37626,470
2021-08-07,Santa Clara,085,1922200,127636,125196,901,126097,2188
2021-08-07,Santa Cruz,087,273765,17359,16994,864,17858,209
2021-08-07,Shasta,089,179085,13700,13361,1848,15209,210
2021-08-07,Sierra,091,2930,83,74,12,86,0
2021-08-07,Siskiyou,093,43540,2176,2039,495,2534,32
2021-08-07,Solano,095,438530,37752,36458,825,37283,262
2021-08-07,Sonoma,097,501317,34747,33716,412,34128,333
2021-08-07,Stanislaus,099,539301,61120,60093,6582,66675,1037
2021-08-07,Sutter,101,95872,10671,10447,111,10558,129
2021-08-07,Tehama,103,63373,5485,5343,651,5994,66
2021-08-07,Trinity,105,12862,535,377,125,502,3
2021-08-07,Tulare,107,460477,52334,51133,10158,61291,854
2021-08-07,Tuolumne,109,53932,4802,4721,45,4766,64
2021-08-07,Ventura,111,848112,86608,85232,3653,88885,1047
2021-08-07,Yolo,113,214977,15813,15423,591,16014,218
2021-08-07,Yuba,115,75493,7101,6937,165,7102,50
2021-08-06,Alameda,001,1643700,101156,98487,2283,100770,1275
2021-08-06,Alpine,003,1148,90,91,0,91,0
2021-08-06,Amador,005,37829,4157,4002,35,4037,48
2021-08-06,Butte,007,227075,14027,13626,2157,15783,205
2021-08-06,Calaveras,009,45235,2504,2419,16,2435,57
2021-08-06,Colusa,011,21464,2119,2045,380,2425,16
2021-08-06,Contra Costa,013,1133247,81308,78796,1594,80390,840
2021-08-06,Del Norte,015,27424,1912,1755,15,1770,8
2021-08-06,El Dorado,017,186661,11942,11498,952,12450,117
2021-08-06,Fresno,019,978130,109015,106542,9450,115992,1747
2021-08-06,Glenn,021,27897,2560,2504,612,3116,20
2021-08-06,Humboldt,023,135768,5777,5421,96,5517,52
2021-08-06,Imperial,025,180216,29659,29404,2987,32391,745
2021-08-06,Inyo,027,18085,1483,1471,13,1484,39
2021-08-06,Kern,029,883053,102093,100427,12637,113064,1359
2021-08-06,Kings,031,150075,24568,23974,1237,25211,250
2021-08-06,Lake,033,64148,4740,4557,27,4584,66
2021-08-06,Lassen,035,31185,5439,5368,127,5495,21
2021-08-06,Los Angeles,037,10098052,1291532,1273081,47244,1320325,24772
2021-08-06,Madera,039,155013,17731,17324,1089,18413,245
2021-08-06,Marin,041,260295,15446,15051,310,15361,239
2021-08-06,Mariposa,043,17540,556,511,12,523,5
2021-08-06,Mendocino,045,87422,4863,4649,120,4769,49
2021-08-06,Merced,047,269075,32854,32456,1105,33561,477
2021-08-06,Modoc,049,8938,432,419,149,568,5
2021-08-06,Mono,051,14174,1334,1328,18,1346,3
2021-08-06,Monterey,053,433212,44483,44058,2106,46164,527
2021-08-06,Napa,055,140530,10835,10620,64,10684,83
2021-08-06,Nevada,057,99092,6254,5874,215,6089,73
2021-08-06,Orange,059,3164182,273755,269077,12524,281601,5151
2021-08-06,Placer,061,380077,27192,26086,2098,28184,305
2021-08-06,Plumas,063,18699,819,795,14,809,5
2021-08-06,Riverside,065,2383286,313129,306304,14894,321198,4562
2021-08-06,Sacramento,067,1510023,122783,119169,2373,121542,1740
2021-08-06,San Benito,069,59416,6398,6315,119,6434,63
2021-08-06,San Bernardino,071,2135413,310540,305806,9579,315385,5286
2021-08-06,San Diego,073,3302833,309153,303691,17764,321455,3810
2021-08-06,San Francisco,075,870044,44018,42659,1714,44373,565
2021-08-06,San Joaquin,077,732212,80164,78405,4107,82512,1469
2021-08-06,San Luis Obispo,079,281455,23090,22472,853,23325,263
2021-08-06,San Mateo,081,765935,46701,45665,656,46321,548
2021-08-06,Santa Barbara,083,443738,36777,36208,1319,37527,470
2021-08-06,Santa Clara,085,1922200,127345,124767,896,125663,2185
2021-08-06,Santa Cruz,087,273765,17317,16924,860,17784,207
2021-08-06,Shasta,089,179085,13634,13284,1842,15126,210
2021-08-06,Sierra,091,2930,83,73,12,85,0
2021-08-06,Siskiyou,093,43540,2166,2030,491,2521,32
2021-08-06,Solano,095,438530,37642,36351,816,37167,262
2021-08-06,Sonoma,097,501317,34660,33594,411,34005,333
2021-08-06,Stanislaus,099,539301,60982,59854,6561,66415,1037
2021-08-06,Sutter,101,95872,10628,10391,111,10502,128
2021-08-06,Tehama,103,63373,5461,5325,650,5975,66
2021-08-06,Trinity,105,12862,534,371,124,495,3
2021-08-06,Tulare,107,460477,52233,51018,10111,61129,854
2021-08-06,Tuolumne,109,53932,4774,4674,45,4719,64
2021-08-06,Ventura,111,848112,86437,85046,3641,88687,1047
2021-08-06,Yolo,113,214977,15760,15299,586,15885,218
2021-08-06,Yuba,115,75493,7078,6904,165,7069,50
2021-08-05,Alameda,001,1643700,100671,98052,2278,100330,1275
2021-08-05,Alpine,003,1148,90,91,0,91,0
2021-08-05,Amador,005,37829,4137,3992,35,4027,48
2021-08-05,Butte,007,227075,13971,13564,2135,15699,206
2021-08-05,Calaveras,009,45235,2483,2397,16,2413,57
2021-08-05,Colusa,011,21464,2107,2036,376,2412,16
2021-08-05,Contra Costa,013,1133247,80881,78514,1587,80101,840
2021-08-05,Del Norte,015,27424,1885,1731,15,1746,8
2021-08-05,El Dorado,017,186661,11858,11408,941,12349,117
2021-08-05,Fresno,019,978130,108645,106219,9413,115632,1747
2021-08-05,Glenn,021,27897,2555,2494,609,3103,20
2021-08-05,Humboldt,023,135768,5702,5328,95,5423,52
2021-08-05,Imperial,025,180216,29628,29383,2983,32366,745
2021-08-05,Inyo,027,18085,1479,1468,13,1481,38
2021-08-05,Kern,029,883053,101871,100091,12552,112643,1358
2021-08-05,Kings,031,150075,24484,23906,1231,25137,249
2021-08-05,Lake,033,64148,4701,4490,25,4515,66
2021-08-05,Lassen,035,31185,5431,5344,127,5471,21
2021-08-05,Los Angeles,037,10098052,1288319,1269445,47112,1316557,24756
2021-08-05,Madera,039,155013,17690,17301,1081,18382,245
2021-08-05,Marin,041,260295,15402,15005,306,15311,239
2021-08-05,Mariposa,043,17540,545,504,11,515,5
2021-08-05,Mendocino,045,87422,4820,4597,111,4708,49
2021-08-05,Merced,047,269075,32786,32381,1094,33475,477
2021-08-05,Modoc,049,8938,431,418,149,567,5
2021-08-05,Mono,051,14174,1326,1309,18,1327,3
2021-08-05,Monterey,053,433212,44426,43992,2088,46080,527
2021-08-05,Napa,055,140530,10799,10591,62,10653,83
2021-08-05,Nevada,057,99092,6172,5778,212,5990,73
2021-08-05,Orange,059,3164182,272974,268329,12499,280828,5149
2021-08-05,Placer,061,380077,26992,25965,2071,28036,305
2021-08-05,Plumas,063,18699,810,787,14,801,5
2021-08-05,Riverside,065,2383286,312212,305415,14867,320282,4562
2021-08-05,Sacramento,067,1510023,122074,118590,2360,120950,1739
2021-08-05,San Benito,069,59416,6380,6305,119,6424,63
2021-08-05,San Bernardino,071,2135413,309703,304956,9558,314514,5284
2021-08-05,San Diego,073,3302833,307880,302220,17682,319902,3806
2021-08-05,San Francisco,075,870044,43808,42301,1705,44006,564
2021-08-05,San Joaquin,077,732212,79803,78151,4089,82240,1468
2021-08-05,San Luis Obispo,079,281455,22975,22362,847,23209,263
2021-08-05,San Mateo,081,765935,46528,45554,654,46208,548
2021-08-05,Santa Barbara,083,443738,36671,36112,1316,37428,470
2021-08-05,Santa Clara,085,1922200,127012,124490,896,125386,2185
2021-08-05,Santa Cruz,087,273765,17274,16867,857,17724,207
2021-08-05,Shasta,089,179085,13576,13217,1834,15051,210
2021-08-05,Sierra,091,2930,78,73,12,85,0
2021-08-05,Siskiyou,093,43540,2145,2024,481,2505,32
2021-08-05,Solano,095,438530,37461,36250,809,37059,262
2021-08-05,Sonoma,097,501317,34525,33455,410,33865,330
2021-08-05,Stanislaus,099,539301,60767,59692,6523,66215,1037
2021-08-05,Sutter,101,95872,10573,10349,111,10460,127
2021-08-05,Tehama,103,63373,5443,5305,646,5951,66
2021-08-05,Trinity,105,12862,528,367,124,491,3
2021-08-05,Tulare,107,460477,52116,50889,10054,60943,854
2021-08-05,Tuolumne,109,53932,4744,4619,45,4664,64
2021-08-05,Ventura,111,848112,86187,84837,3627,88464,1047
2021-08-05,Yolo,113,214977,15694,15250,576,15826,218
2021-08-05,Yuba,115,75493,7035,6872,163,7035,50
2021-08-04,Alameda,001,1643700,100168,97477,2268,99745,1274
2021-08-04,Alpine,003,1148,90,91,0,91,0
2021-08-04,Amador,005,37829,4107,3962,34,3996,48
2021-08-04,Butte,007,227075,13904,13509,2119,15628,205
2021-08-04,Calaveras,009,45235,2458,2374,16,2390,57
2021-08-04,Colusa,011,21464,2095,2025,370,2395,16
2021-08-04,Contra Costa,013,1133247,80365,77966,1582,79548,840
2021-08-04,Del Norte,015,27424,1862,1701,15,1716,8
2021-08-04,El Dorado,017,186661,11780,11319,930,12249,117
2021-08-04,Fresno,019,978130,108278,105899,9372,115271,1747
2021-08-04,Glenn,021,27897,2547,2487,608,3095,20
2021-08-04,Humboldt,023,135768,5626,5271,94,5365,52
2021-08-04,Imperial,025,180216,29580,29375,2980,32355,745
2021-08-04,Inyo,027,18085,1478,1465,13,1478,38
2021-08-04,Kern,029,883053,101621,99868,12467,112335,1358
2021-08-04,Kings,031,150075,24412,23840,1223,25063,250
2021-08-04,Lake,033,64148,4670,4423,20,4443,65
2021-08-04,Lassen,035,31185,5423,5340,127,5467,21
2021-08-04,Los Angeles,037,10098052,1284832,1265788,46954,1312742,24737
2021-08-04,Madera,039,155013,17655,17251,1074,18325,245
2021-08-04,Marin,041,260295,15355,14950,304,15254,239
2021-08-04,Mariposa,043,17540,530,497,11,508,5
2021-08-04,Mendocino,045,87422,4796,4560,107,4667,49
2021-08-04,Merced,047,269075,32649,32274,1089,33363,476
2021-08-04,Modoc,049,8938,431,416,149,565,5
2021-08-04,Mono,051,14174,1322,1307,18,1325,3
2021-08-04,Monterey,053,433212,44361,43926,2077,46003,526
2021-08-04,Napa,055,140530,10762,10544,62,10606,82
2021-08-04,Nevada,057,99092,6108,5702,211,5913,73
2021-08-04,Orange,059,3164182,272101,267199,12462,279661,5146
2021-08-04,Placer,061,380077,26775,25688,2051,27739,305
2021-08-04,Plumas,063,18699,804,784,14,798,5
2021-08-04,Riverside,065,2383286,311287,304272,14841,319113,4562
2021-08-04,Sacramento,067,1510023,121316,117882,2334,120216,1736
2021-08-04,San Benito,069,59416,6365,6300,119,6419,63
2021-08-04,San Bernardino,071,2135413,308847,304164,9541,313705,5285
2021-08-04,San Diego,073,3302833,306366,301100,17616,318716,3805
2021-08-04,San Francisco,075,870044,43554,41913,1692,43605,562
2021-08-04,San Joaquin,077,732212,79446,77846,4077,81923,1466
2021-08-04,San Luis Obispo,079,281455,22867,22245,841,23086,262
2021-08-04,San Mateo,081,765935,46355,45392,653,46045,548
2021-08-04,Santa Barbara,083,443738,36542,36013,1308,37321,470
2021-08-04,Santa Clara,085,1922200,126621,124127,889,125016,2183
2021-08-04,Santa Cruz,087,273765,17213,16820,850,17670,208
2021-08-04,Shasta,089,179085,13524,13134,1823,14957,211
2021-08-04,Sierra,091,2930,78,73,12,85,0
2021-08-04,Siskiyou,093,43540,2125,2010,476,2486,32
2021-08-04,Solano,095,438530,37261,36025,800,36825,262
2021-08-04,Sonoma,097,501317,34353,33311,408,33719,330
2021-08-04,Stanislaus,099,539301,60544,59396,6485,65881,1037
2021-08-04,Sutter,101,95872,10536,10294,111,10405,127
2021-08-04,Tehama,103,63373,5417,5281,641,5922,66
2021-08-04,Trinity,105,12862,526,362,121,483,3
2021-08-04,Tulare,107,460477,52006,50797,10010,60807,855
2021-08-04,Tuolumne,109,53932,4719,4584,45,4629,64
2021-08-04,Ventura,111,848112,85929,84406,3605,88011,1047
2021-08-04,Yolo,113,214977,15615,15189,563,15752,215
2021-08-04,Yuba,115,75493,6995,6827,161,6988,50
2021-08-03,Alameda,001,1643700,99716,97275,2263,99538,1270
2021-08-03,Alpine,003,1148,90,91,0,91,0
2021-08-03,Amador,005,37829,4071,3953,34,3987,48
2021-08-03,Butte,007,227075,13838,13468,2104,15572,205
2021-08-03,Calaveras,009,45235,2436,2356,16,2372,57
2021-08-03,Colusa,011,21464,2082,2023,364,2387,16
2021-08-03,Contra Costa,013,1133247,79881,77739,1575,79314,836
2021-08-03,Del Norte,015,27424,1830,1691,14,1705,8
2021-08-03,El Dorado,017,186661,11690,11255,920,12175,117
2021-08-03,Fresno,019,978130,107915,105732,9340,115072,1746
2021-08-03,Glenn,021,27897,2540,2481,606,3087,20
2021-08-03,Humboldt,023,135768,5561,5199,89,5288,52
2021-08-03,Imperial,025,180216,29558,29333,2971,32304,745
2021-08-03,Inyo,027,18085,1475,1459,13,1472,38
2021-08-03,Kern,029,883053,101360,99708,12388,112096,1358
2021-08-03,Kings,031,150075,24324,23780,1216,24996,249
2021-08-03,Lake,033,64148,4614,4408,16,4424,66
2021-08-03,Lassen,035,31185,5413,5341,127,5468,21
2021-08-03,Los Angeles,037,10098052,1281097,1262678,46782,1309460,24721
2021-08-03,Madera,039,155013,17614,17220,1059,18279,245
2021-08-03,Marin,041,260295,15306,14906,301,15207,243
2021-08-03,Mariposa,043,17540,519,495,11,506,5
2021-08-03,Mendocino,045,87422,4747,4546,106,4652,49
2021-08-03,Merced,047,269075,32566,32197,1087,33284,476
2021-08-03,Modoc,049,8938,431,416,149,565,5
2021-08-03,Mono,051,14174,1317,1303,18,1321,3
2021-08-03,Monterey,053,433212,44298,43872,2064,45936,525
2021-08-03,Napa,055,140530,10719,10527,61,10588,82
2021-08-03,Nevada,057,99092,6027,5685,210,5895,73
2021-08-03,Orange,059,3164182,271362,266649,12432,279081,5146
2021-08-03,Placer,061,380077,26574,25624,2026,27650,305
2021-08-03,Plumas,063,18699,797,779,14,793,5
2021-08-03,Riverside,065,2383286,310363,303499,14814,318313,4562
2021-08-03,Sacramento,067,1510023,120573,117591,2313,119904,1732
2021-08-03,San Benito,069,59416,6349,6284,118,6402,63
2021-08-03,San Bernardino,071,2135413,307928,303386,9521,312907,5265
2021-08-03,San Diego,073,3302833,304933,300189,17506,317695,3803
2021-08-03,San Francisco,075,870044,43271,41758,1672,43430,562
2021-08-03,San Joaquin,077,732212,79097,77615,4056,81671,1461
2021-08-03,San Luis Obispo,079,281455,22727,22166,834,23000,264
2021-08-03,San Mateo,081,765935,46162,45255,648,45903,548
2021-08-03,Santa Barbara,083,443738,36423,35912,1302,37214,469
2021-08-03,Santa Clara,085,1922200,126200,123914,883,124797,2183
2021-08-03,Santa Cruz,087,273765,17146,16778,847,17625,207
2021-08-03,Shasta,089,179085,13451,13091,1812,14903,211
2021-08-03,Sierra,091,2930,78,72,12,84,0
2021-08-03,Siskiyou,093,43540,2114,1998,471,2469,32
2021-08-03,Solano,095,438530,37041,35953,788,36741,261
2021-08-03,Sonoma,097,501317,34171,33243,407,33650,330
2021-08-03,Stanislaus,099,539301,60324,59282,6467,65749,1037
2021-08-03,Sutter,101,95872,10496,10263,110,10373,127
2021-08-03,Tehama,103,63373,5392,5269,636,5905,66
2021-08-03,Trinity,105,12862,523,361,118,479,3
2021-08-03,Tulare,107,460477,51911,50729,9964,60693,854
2021-08-03,Tuolumne,109,53932,4684,4563,45,4608,64
2021-08-03,Ventura,111,848112,85685,84270,3584,87854,1046
2021-08-03,Yolo,113,214977,15524,15149,549,15698,215
2021-08-03,Yuba,115,75493,6958,6781,159,6940,50
2021-08-02,Alameda,001,1643700,99158,96954,2258,99212,1270
2021-08-02,Alpine,003,1148,90,91,0,91,0
2021-08-02,Amador,005,37829,4051,3927,34,3961,48
2021-08-02,Butte,007,227075,13762,13442,2085,15527,205
2021-08-02,Calaveras,009,45235,2410,2347,16,2363,57
2021-08-02,Colusa,011,21464,2070,2019,361,2380,16
2021-08-02,Contra Costa,013,1133247,79371,77516,1561,79077,836
2021-08-02,Del Norte,015,27424,1800,1653,14,1667,8
2021-08-02,El Dorado,017,186661,11587,11226,906,12132,116
2021-08-02,Fresno,019,978130,107572,105471,9302,114773,1744
2021-08-02,Glenn,021,27897,2532,2477,604,3081,20
2021-08-02,Humboldt,023,135768,5478,5161,87,5248,52
2021-08-02,Imperial,025,180216,29525,29302,2966,32268,743
2021-08-02,Inyo,027,18085,1469,1455,13,1468,38
2021-08-02,Kern,029,883053,101105,99556,12295,111851,1357
2021-08-02,Kings,031,150075,24255,23722,1210,24932,249
2021-08-02,Lake,033,64148,4572,4375,16,4391,66
2021-08-02,Lassen,035,31185,5390,5338,125,5463,21
2021-08-02,Los Angeles,037,10098052,1277380,1260807,46575,1307382,24705
2021-08-02,Madera,039,155013,17570,17158,1046,18204,245
2021-08-02,Marin,041,260295,15263,14859,299,15158,239
2021-08-02,Mariposa,043,17540,510,490,11,501,5
2021-08-02,Mendocino,045,87422,4707,4512,103,4615,49
2021-08-02,Merced,047,269075,32468,32163,1080,33243,474
2021-08-02,Modoc,049,8938,431,415,149,564,5
2021-08-02,Mono,051,14174,1310,1296,18,1314,3
2021-08-02,Monterey,053,433212,44238,43842,2056,45898,525
2021-08-02,Napa,055,140530,10676,10490,58,10548,82
2021-08-02,Nevada,057,99092,5956,5611,209,5820,73
2021-08-02,Orange,059,3164182,270448,266050,12386,278436,5146
2021-08-02,Placer,061,380077,26427,25516,1992,27508,306
2021-08-02,Plumas,063,18699,790,762,14,776,5
2021-08-02,Riverside,065,2383286,309425,302756,14799,317555,4562
2021-08-02,Sacramento,067,1510023,119875,117183,2292,119475,1728
2021-08-02,San Benito,069,59416,6330,6276,117,6393,63
2021-08-02,San Bernardino,071,2135413,307052,303000,9489,312489,5253
2021-08-02,San Diego,073,3302833,303453,299021,17426,316447,3798
2021-08-02,San Francisco,075,870044,42977,41553,1648,43201,562
2021-08-02,San Joaquin,077,732212,78754,77447,4029,81476,1461
2021-08-02,San Luis Obispo,079,281455,22633,22093,827,22920,261
2021-08-02,San Mateo,081,765935,45987,45154,635,45789,548
2021-08-02,Santa Barbara,083,443738,36283,35851,1296,37147,469
2021-08-02,Santa Clara,085,1922200,125730,123655,875,124530,2183
2021-08-02,Santa Cruz,087,273765,17089,16746,843,17589,207
2021-08-02,Shasta,089,179085,13388,13049,1798,14847,212
2021-08-02,Sierra,091,2930,78,71,12,83,0
2021-08-02,Siskiyou,093,43540,2103,1992,457,2449,31
2021-08-02,Solano,095,438530,36793,35852,775,36627,260
2021-08-02,Sonoma,097,501317,33944,33132,402,33534,330
2021-08-02,Stanislaus,099,539301,60105,59160,6439,65599,1037
2021-08-02,Sutter,101,95872,10450,10220,110,10330,127
2021-08-02,Tehama,103,63373,5368,5260,633,5893,66
2021-08-02,Trinity,105,12862,518,359,117,476,3
2021-08-02,Tulare,107,460477,51809,50640,9890,60530,854
2021-08-02,Tuolumne,109,53932,4617,4524,45,4569,64
2021-08-02,Ventura,111,848112,85500,84143,3561,87704,1044
2021-08-02,Yolo,113,214977,15426,15072,531,15603,215
2021-08-02,Yuba,115,75493,6916,6743,156,6899,50
2021-08-01,Alameda,001,1643700,98622,96775,2253,99028,1270
2021-08-01,Alpine,003,1148,90,91,0,91,0
2021-08-01,Amador,005,37829,4013,3923,34,3957,48
2021-08-01,Butte,007,227075,13681,13406,2068,15474,205
2021-08-01,Calaveras,009,45235,2386,2341,16,2357,57
2021-08-01,Colusa,011,21464,2059,2014,359,2373,16
2021-08-01,Contra Costa,013,1133247,78935,77360,1553,78913,836
2021-08-01,Del Norte,015,27424,1768,1642,14,1656,8
2021-08-01,El Dorado,017,186661,11486,11189,896,12085,116
2021-08-01,Fresno,019,978130,107247,105339,9255,114594,1744
2021-08-01,Glenn,021,27897,2526,2476,601,3077,20
2021-08-01,Humboldt,023,135768,5401,5118,83,5201,52
2021-08-01,Imperial,025,180216,29490,29297,2962,32259,743
2021-08-01,Inyo,027,18085,1467,1454,13,1467,38
2021-08-01,Kern,029,883053,100828,99396,12221,111617,1357
2021-08-01,Kings,031,150075,24168,23700,1205,24905,249
2021-08-01,Lake,033,64148,4493,4356,16,4372,66
2021-08-01,Lassen,035,31185,5377,5336,123,5459,21
2021-08-01,Los Angeles,037,10098052,1273694,1258461,46352,1304813,24700
2021-08-01,Madera,039,155013,17513,17146,1041,18187,245
2021-08-01,Marin,041,260295,15186,14844,298,15142,239
2021-08-01,Mariposa,043,17540,503,482,11,493,5
2021-08-01,Mendocino,045,87422,4661,4476,99,4575,49
2021-08-01,Merced,047,269075,32377,32144,1074,33218,474
2021-08-01,Modoc,049,8938,429,413,149,562,5
2021-08-01,Mono,051,14174,1307,1294,18,1312,3
2021-08-01,Monterey,053,433212,44189,43808,2043,45851,525
2021-08-01,Napa,055,140530,10628,10473,56,10529,82
2021-08-01,Nevada,057,99092,5869,5561,208,5769,73
2021-08-01,Orange,059,3164182,269635,265467,12343,277810,5146
2021-08-01,Placer,061,380077,26212,25464,1962,27426,306
2021-08-01,Plumas,063,18699,784,761,14,775,5
2021-08-01,Riverside,065,2383286,308492,302256,14781,317037,4562
2021-08-01,Sacramento,067,1510023,119139,116923,2276,119199,1727
2021-08-01,San Benito,069,59416,6313,6271,117,6388,63
2021-08-01,San Bernardino,071,2135413,306116,302542,9478,312020,5248
2021-08-01,San Diego,073,3302833,302266,298002,17362,315364,3798
2021-08-01,San Francisco,075,870044,42639,41432,1635,43067,562
2021-08-01,San Joaquin,077,732212,78388,77338,4002,81340,1461
2021-08-01,San Luis Obispo,079,281455,22530,22083,822,22905,261
2021-08-01,San Mateo,081,765935,45806,45036,627,45663,548
2021-08-01,Santa Barbara,083,443738,36160,35809,1292,37101,469
2021-08-01,Santa Clara,085,1922200,125318,123511,867,124378,2183
2021-08-01,Santa Cruz,087,273765,17010,16709,836,17545,207
2021-08-01,Shasta,089,179085,13317,13036,1789,14825,212
2021-08-01,Sierra,091,2930,76,71,12,83,0
2021-08-01,Siskiyou,093,43540,2097,1989,451,2440,31
2021-08-01,Solano,095,438530,36558,35800,766,36566,260
2021-08-01,Sonoma,097,501317,33752,33076,399,33475,330
2021-08-01,Stanislaus,099,539301,59869,59078,6407,65485,1037
2021-08-01,Sutter,101,95872,10395,10198,107,10305,127
2021-08-01,Tehama,103,63373,5351,5252,629,5881,66
2021-08-01,Trinity,105,12862,515,359,116,475,3
2021-08-01,Tulare,107,460477,51652,50600,9827,60427,854
2021-08-01,Tuolumne,109,53932,4579,4489,45,4534,64
2021-08-01,Ventura,111,848112,85270,84040,3546,87586,1044
2021-08-01,Yolo,113,214977,15354,15042,522,15564,215
2021-08-01,Yuba,115,75493,6879,6721,155,6876,50
2021-07-31,Alameda,001,1643700,98297,95279,2247,97526,1265
2021-07-31,Alpine,003,1148,90,89,0,89,0
2021-07-31,Amador,005,37829,3993,3877,34,3911,48
2021-07-31,Butte,007,227075,13648,13235,2048,15283,205
2021-07-31,Calaveras,009,45235,2377,2294,16,2310,57
2021-07-31,Colusa,011,21464,2053,2006,357,2363,16
2021-07-31,Contra Costa,013,1133247,78656,75866,1551,77417,832
2021-07-31,Del Norte,015,27424,1742,1576,14,1590,8
2021-07-31,El Dorado,017,186661,11433,11017,890,11907,116
2021-07-31,Fresno,019,978130,107088,104639,9241,113880,1744
2021-07-31,Glenn,021,27897,2521,2465,596,3061,20
2021-07-31,Humboldt,023,135768,5346,4978,82,5060,52
2021-07-31,Imperial,025,180216,29473,29164,2959,32123,743
2021-07-31,Inyo,027,18085,1464,1442,13,1455,38
2021-07-31,Kern,029,883053,100663,98903,12162,111065,1357
2021-07-31,Kings,031,150075,24115,23548,1200,24748,248
2021-07-31,Lake,033,64148,4468,4238,16,4254,66
2021-07-31,Lassen,035,31185,5370,5320,123,5443,21
2021-07-31,Los Angeles,037,10098052,1271499,1248545,46205,1294750,24691
2021-07-31,Madera,039,155013,17480,17058,1035,18093,245
2021-07-31,Marin,041,260295,15142,14701,297,14998,239
2021-07-31,Mariposa,043,17540,494,470,11,481,5
2021-07-31,Mendocino,045,87422,4636,4400,96,4496,49
2021-07-31,Merced,047,269075,32329,31959,1069,33028,474
2021-07-31,Modoc,049,8938,429,413,149,562,5
2021-07-31,Mono,051,14174,1305,1287,18,1305,3
2021-07-31,Monterey,053,433212,44149,43720,2033,45753,525
2021-07-31,Napa,055,140530,10608,10401,55,10456,82
2021-07-31,Nevada,057,99092,5830,5373,207,5580,72
2021-07-31,Orange,059,3164182,269061,263446,12324,275770,5144
2021-07-31,Placer,061,380077,26079,25104,1955,27059,306
2021-07-31,Plumas,063,18699,781,743,14,757,5
2021-07-31,Riverside,065,2383286,307876,300315,14771,315086,4554
2021-07-31,Sacramento,067,1510023,118727,115259,2270,117529,1720
2021-07-31,San Benito,069,59416,6302,6251,117,6368,63
2021-07-31,San Bernardino,071,2135413,305547,300726,9475,310201,5240
2021-07-31,San Diego,073,3302833,301597,295054,17316,312370,3798
2021-07-31,San Francisco,075,870044,42415,40412,1615,42027,562
2021-07-31,San Joaquin,077,732212,78223,76575,3989,80564,1443
2021-07-31,San Luis Obispo,079,281455,22476,21922,820,22742,260
2021-07-31,San Mateo,081,765935,45649,44622,622,45244,548
2021-07-31,Santa Barbara,083,443738,36078,35531,1291,36822,467
2021-07-31,Santa Clara,085,1922200,125063,122614,865,123479,2099
2021-07-31,Santa Cruz,087,273765,16971,16576,835,17411,207
2021-07-31,Shasta,089,179085,13280,12918,1781,14699,212
2021-07-31,Sierra,091,2930,76,68,12,80,0
2021-07-31,Siskiyou,093,43540,2088,1976,445,2421,31
2021-07-31,Solano,095,438530,36457,35340,758,36098,263
2021-07-31,Sonoma,097,501317,33627,32601,399,33000,329
2021-07-31,Stanislaus,099,539301,59710,58586,6384,64970,1035
2021-07-31,Sutter,101,95872,10360,10068,106,10174,127
2021-07-31,Tehama,103,63373,5336,5216,626,5842,66
2021-07-31,Trinity,105,12862,514,354,115,469,3
2021-07-31,Tulare,107,460477,51563,50409,9774,60183,854
2021-07-31,Tuolumne,109,53932,4540,4362,45,4407,64
2021-07-31,Ventura,111,848112,85109,83509,3529,87038,1044
2021-07-31,Yolo,113,214977,15306,14863,511,15374,215
2021-07-31,Yuba,115,75493,6856,6615,151,6766,50
2021-07-30,Alameda,001,1643700,97966,95279,2243,97522,1265
2021-07-30,Alpine,003,1148,90,89,0,89,0
2021-07-30,Amador,005,37829,3970,3877,34,3911,48
2021-07-30,Butte,007,227075,13593,13235,2035,15270,205
2021-07-30,Calaveras,009,45235,2367,2294,16,2310,57
2021-07-30,Colusa,011,21464,2049,2006,355,2361,16
2021-07-30,Contra Costa,013,1133247,78413,75866,1547,77413,832
2021-07-30,Del Norte,015,27424,1724,1576,14,1590,8
2021-07-30,El Dorado,017,186661,11400,11017,884,11901,116
2021-07-30,Fresno,019,978130,106894,104639,9229,113868,1744
2021-07-30,Glenn,021,27897,2516,2465,595,3060,20
2021-07-30,Humboldt,023,135768,5282,4978,79,5057,52
2021-07-30,Imperial,025,180216,29459,29164,2956,32120,743
2021-07-30,Inyo,027,18085,1463,1442,13,1455,38
2021-07-30,Kern,029,883053,100538,98903,12115,111018,1357
2021-07-30,Kings,031,150075,24075,23548,1196,24744,248
2021-07-30,Lake,033,64148,4440,4238,16,4254,66
2021-07-30,Lassen,035,31185,5366,5320,123,5443,21
2021-07-30,Los Angeles,037,10098052,1269178,1248545,46054,1294599,24691
2021-07-30,Madera,039,155013,17438,17058,1032,18090,245
2021-07-30,Marin,041,260295,15108,14701,297,14998,239
2021-07-30,Mariposa,043,17540,490,470,11,481,5
2021-07-30,Mendocino,045,87422,4606,4400,95,4495,49
2021-07-30,Merced,047,269075,32288,31959,1065,33024,474
2021-07-30,Modoc,049,8938,427,413,149,562,5
2021-07-30,Mono,051,14174,1300,1287,18,1305,3
2021-07-30,Monterey,053,433212,44115,43720,2024,45744,525
2021-07-30,Napa,055,140530,10586,10401,54,10455,82
2021-07-30,Nevada,057,99092,5773,5373,207,5580,72
2021-07-30,Orange,059,3164182,268435,263446,12298,275744,5144
2021-07-30,Placer,061,380077,25990,25104,1937,27041,306
2021-07-30,Plumas,063,18699,776,743,14,757,5
2021-07-30,Riverside,065,2383286,307239,300315,14761,315076,4554
2021-07-30,Sacramento,067,1510023,118276,115259,2266,117525,1720
2021-07-30,San Benito,069,59416,6295,6251,117,6368,63
2021-07-30,San Bernardino,071,2135413,305033,300726,9469,310195,5240
2021-07-30,San Diego,073,3302833,300827,295054,17258,312312,3798
2021-07-30,San Francisco,075,870044,42201,40412,1600,42012,562
2021-07-30,San Joaquin,077,732212,78069,76575,3984,80559,1443
2021-07-30,San Luis Obispo,079,281455,22438,21922,816,22738,260
2021-07-30,San Mateo,081,765935,45525,44622,609,45231,548
2021-07-30,Santa Barbara,083,443738,36009,35531,1285,36816,467
2021-07-30,Santa Clara,085,1922200,124839,122614,863,123477,2099
2021-07-30,Santa Cruz,087,273765,16945,16576,833,17409,207
2021-07-30,Shasta,089,179085,13232,12918,1781,14699,212
2021-07-30,Sierra,091,2930,75,68,12,80,0
2021-07-30,Siskiyou,093,43540,2079,1976,444,2420,31
2021-07-30,Solano,095,438530,36366,35340,742,36082,263
2021-07-30,Sonoma,097,501317,33532,32601,399,33000,329
2021-07-30,Stanislaus,099,539301,59567,58586,6363,64949,1035
2021-07-30,Sutter,101,95872,10324,10068,106,10174,127
2021-07-30,Tehama,103,63373,5325,5216,626,5842,66
2021-07-30,Trinity,105,12862,514,354,115,469,3
2021-07-30,Tulare,107,460477,51520,50409,9739,60148,854
2021-07-30,Tuolumne,109,53932,4522,4362,45,4407,64
2021-07-30,Ventura,111,848112,84945,83509,3514,87023,1044
2021-07-30,Yolo,113,214977,15245,14863,507,15370,215
2021-07-30,Yuba,115,75493,6820,6615,150,6765,50
2021-07-29,Alameda,001,1643700,97544,95279,2237,97516,1265
2021-07-29,Alpine,003,1148,90,89,0,89,0
2021-07-29,Amador,005,37829,3951,3877,34,3911,48
2021-07-29,Butte,007,227075,13545,13235,2027,15262,205
2021-07-29,Calaveras,009,45235,2354,2294,16,2310,57
2021-07-29,Colusa,011,21464,2042,2006,355,2361,16
2021-07-29,Contra Costa,013,1133247,77975,75866,1543,77409,832
2021-07-29,Del Norte,015,27424,1700,1576,14,1590,8
2021-07-29,El Dorado,017,186661,11336,11017,872,11889,116
2021-07-29,Fresno,019,978130,106631,104639,9201,113840,1744
2021-07-29,Glenn,021,27897,2506,2465,594,3059,20
2021-07-29,Humboldt,023,135768,5222,4978,77,5055,52
2021-07-29,Imperial,025,180216,29413,29164,2954,32118,743
2021-07-29,Inyo,027,18085,1459,1442,13,1455,38
2021-07-29,Kern,029,883053,100332,98903,12037,110940,1357
2021-07-29,Kings,031,150075,24029,23548,1192,24740,248
2021-07-29,Lake,033,64148,4405,4238,16,4254,66
2021-07-29,Lassen,035,31185,5358,5320,120,5440,21
2021-07-29,Los Angeles,037,10098052,1266089,1248545,45871,1294416,24691
2021-07-29,Madera,039,155013,17391,17058,1028,18086,245
2021-07-29,Marin,041,260295,15065,14701,297,14998,239
2021-07-29,Mariposa,043,17540,486,470,11,481,5
2021-07-29,Mendocino,045,87422,4583,4400,93,4493,49
2021-07-29,Merced,047,269075,32233,31959,1065,33024,474
2021-07-29,Modoc,049,8938,427,413,149,562,5
2021-07-29,Mono,051,14174,1298,1287,18,1305,3
2021-07-29,Monterey,053,433212,44066,43720,2014,45734,525
2021-07-29,Napa,055,140530,10554,10401,52,10453,82
2021-07-29,Nevada,057,99092,5721,5373,206,5579,72
2021-07-29,Orange,059,3164182,267722,263446,12266,275712,5144
2021-07-29,Placer,061,380077,25867,25104,1922,27026,306
2021-07-29,Plumas,063,18699,768,743,14,757,5
2021-07-29,Riverside,065,2383286,306534,300315,14737,315052,4554
2021-07-29,Sacramento,067,1510023,117721,115259,2253,117512,1720
2021-07-29,San Benito,069,59416,6284,6251,117,6368,63
2021-07-29,San Bernardino,071,2135413,304394,300726,9459,310185,5240
2021-07-29,San Diego,073,3302833,299768,295054,17192,312246,3798
2021-07-29,San Francisco,075,870044,41954,40412,1579,41991,562
2021-07-29,San Joaquin,077,732212,77813,76575,3976,80551,1443
2021-07-29,San Luis Obispo,079,281455,22384,21922,814,22736,260
2021-07-29,San Mateo,081,765935,45398,44622,599,45221,548
2021-07-29,Santa Barbara,083,443738,35924,35531,1284,36815,467
2021-07-29,Santa Clara,085,1922200,124542,122614,860,123474,2099
2021-07-29,Santa Cruz,087,273765,16892,16576,831,17407,207
2021-07-29,Shasta,089,179085,13178,12918,1772,14690,212
2021-07-29,Sierra,091,2930,75,68,12,80,0
2021-07-29,Siskiyou,093,43540,2074,1976,442,2418,31
2021-07-29,Solano,095,438530,36206,35340,732,36072,263
2021-07-29,Sonoma,097,501317,33357,32601,397,32998,329
2021-07-29,Stanislaus,099,539301,59395,58586,6346,64932,1035
2021-07-29,Sutter,101,95872,10278,10068,105,10173,127
2021-07-29,Tehama,103,63373,5313,5216,620,5836,66
2021-07-29,Trinity,105,12862,512,354,114,468,3
2021-07-29,Tulare,107,460477,51430,50409,9699,60108,854
2021-07-29,Tuolumne,109,53932,4482,4362,44,4406,64
2021-07-29,Ventura,111,848112,84779,83509,3507,87016,1044
2021-07-29,Yolo,113,214977,15177,14863,493,15356,215
2021-07-29,Yuba,115,75493,6772,6615,147,6762,50
2021-07-28,Alameda,001,1643700,97074,94965,2230,97195,1262
2021-07-28,Alpine,003,1148,90,89,0,89,0
2021-07-28,Amador,005,37829,3937,3870,34,3904,48
2021-07-28,Butte,007,227075,13488,13184,2014,15198,205
2021-07-28,Calaveras,009,45235,2336,2289,16,2305,57
2021-07-28,Colusa,011,21464,2038,2001,354,2355,16
2021-07-28,Contra Costa,013,1133247,77489,75487,1535,77022,832
2021-07-28,Del Norte,015,27424,1667,1545,14,1559,8
2021-07-28,El Dorado,017,186661,11287,10967,862,11829,116
2021-07-28,Fresno,019,978130,106383,104458,9181,113639,1744
2021-07-28,Glenn,021,27897,2502,2464,591,3055,20
2021-07-28,Humboldt,023,135768,5171,4946,76,5022,52
2021-07-28,Imperial,025,180216,29366,29096,2954,32050,743
2021-07-28,Inyo,027,18085,1453,1439,12,1451,38
2021-07-28,Kern,029,883053,100175,98781,11990,110771,1352
2021-07-28,Kings,031,150075,23965,23503,1182,24685,248
2021-07-28,Lake,033,64148,4359,4191,15,4206,65
2021-07-28,Lassen,035,31185,5350,5318,120,5438,21
2021-07-28,Los Angeles,037,10098052,1262925,1245485,45699,1291184,24673
2021-07-28,Madera,039,155013,17350,17024,1022,18046,245
2021-07-28,Marin,041,260295,15010,14652,297,14949,239
2021-07-28,Mariposa,043,17540,479,469,11,480,5
2021-07-28,Mendocino,045,87422,4555,4377,93,4470,49
2021-07-28,Merced,047,269075,32177,31886,1061,32947,474
2021-07-28,Modoc,049,8938,425,413,149,562,5
2021-07-28,Mono,051,14174,1297,1286,18,1304,3
2021-07-28,Monterey,053,433212,44019,43668,2004,45672,524
2021-07-28,Napa,055,140530,10514,10376,50,10426,82
2021-07-28,Nevada,057,99092,5667,5320,206,5526,72
2021-07-28,Orange,059,3164182,266930,262735,12236,274971,5143
2021-07-28,Placer,061,380077,25720,24978,1906,26884,306
2021-07-28,Plumas,063,18699,763,754,14,768,5
2021-07-28,Riverside,065,2383286,305766,299611,14718,314329,4554
2021-07-28,Sacramento,067,1510023,117070,114665,2233,116898,1714
2021-07-28,San Benito,069,59416,6273,6236,117,6353,63
2021-07-28,San Bernardino,071,2135413,303764,300121,9447,309568,5236
2021-07-28,San Diego,073,3302833,298482,294176,17129,311305,3798
2021-07-28,San Francisco,075,870044,41619,40144,1553,41697,561
2021-07-28,San Joaquin,077,732212,77562,76312,3946,80258,1443
2021-07-28,San Luis Obispo,079,281455,22325,21865,813,22678,260
2021-07-28,San Mateo,081,765935,45248,44477,590,45067,547
2021-07-28,Santa Barbara,083,443738,35848,35431,1279,36710,467
2021-07-28,Santa Clara,085,1922200,124281,122345,858,123203,2099
2021-07-28,Santa Cruz,087,273765,16854,16551,830,17381,207
2021-07-28,Shasta,089,179085,13134,12882,1762,14644,212
2021-07-28,Sierra,091,2930,71,67,12,79,0
2021-07-28,Siskiyou,093,43540,2065,1971,439,2410,31
2021-07-28,Solano,095,438530,36032,35204,725,35929,262
2021-07-28,Sonoma,097,501317,33214,32434,394,32828,328
2021-07-28,Stanislaus,099,539301,59196,58427,6330,64757,1035
2021-07-28,Sutter,101,95872,10246,10033,104,10137,126
2021-07-28,Tehama,103,63373,5301,5209,617,5826,66
2021-07-28,Trinity,105,12862,511,352,114,466,3
2021-07-28,Tulare,107,460477,51342,50363,9651,60014,854
2021-07-28,Tuolumne,109,53932,4443,4313,44,4357,64
2021-07-28,Ventura,111,848112,84583,83360,3491,86851,1043
2021-07-28,Yolo,113,214977,15105,14801,484,15285,215
2021-07-28,Yuba,115,75493,6739,6591,146,6737,51
2021-07-27,Alameda,001,1643700,96671,94682,2221,96903,1256
2021-07-27,Alpine,003,1148,90,89,0,89,0
2021-07-27,Amador,005,37829,3921,3861,34,3895,48
2021-07-27,Butte,007,227075,13439,13127,2003,15130,205
2021-07-27,Calaveras,009,45235,2325,2280,16,2296,57
2021-07-27,Colusa,011,21464,2030,1999,353,2352,16
2021-07-27,Contra Costa,013,1133247,77001,75227,1531,76758,830
2021-07-27,Del Norte,015,27424,1647,1538,14,1552,8
2021-07-27,El Dorado,017,186661,11227,10941,852,11793,116
2021-07-27,Fresno,019,978130,106088,104288,9158,113446,1746
2021-07-27,Glenn,021,27897,2494,2460,589,3049,20
2021-07-27,Humboldt,023,135768,5117,4925,75,5000,52
2021-07-27,Imperial,025,180216,29321,29048,2953,32001,743
2021-07-27,Inyo,027,18085,1451,1430,12,1442,38
2021-07-27,Kern,029,883053,100005,98724,11934,110658,1352
2021-07-27,Kings,031,150075,23908,23463,1172,24635,248
2021-07-27,Lake,033,64148,4320,4157,15,4172,65
2021-07-27,Lassen,035,31185,5344,5315,120,5435,21
2021-07-27,Los Angeles,037,10098052,1259469,1243336,45528,1288864,24658
2021-07-27,Madera,039,155013,17297,16998,1017,18015,245
2021-07-27,Marin,041,260295,14962,14631,294,14925,239
2021-07-27,Mariposa,043,17540,476,468,11,479,5
2021-07-27,Mendocino,045,87422,4532,4371,93,4464,49
2021-07-27,Merced,047,269075,32110,31825,1058,32883,473
2021-07-27,Modoc,049,8938,424,413,149,562,5
2021-07-27,Mono,051,14174,1293,1288,18,1306,3
2021-07-27,Monterey,053,433212,43979,43646,1993,45639,523
2021-07-27,Napa,055,140530,10484,10354,50,10404,82
2021-07-27,Nevada,057,99092,5590,5305,204,5509,72
2021-07-27,Orange,059,3164182,266186,262193,12211,274404,5143
2021-07-27,Placer,061,380077,25561,24916,1880,26796,306
2021-07-27,Plumas,063,18699,760,752,14,766,5
2021-07-27,Riverside,065,2383286,305035,299160,14699,313859,4554
2021-07-27,Sacramento,067,1510023,116467,114413,2224,116637,1710
2021-07-27,San Benito,069,59416,6264,6229,117,6346,63
2021-07-27,San Bernardino,071,2135413,303057,299593,9425,309018,5236
2021-07-27,San Diego,073,3302833,297388,293408,17056,310464,3798
2021-07-27,San Francisco,075,870044,41260,39939,1535,41474,561
2021-07-27,San Joaquin,077,732212,77299,76166,3926,80092,1442
2021-07-27,San Luis Obispo,079,281455,22270,21803,804,22607,260
2021-07-27,San Mateo,081,765935,45097,44378,587,44965,547
2021-07-27,Santa Barbara,083,443738,35750,35355,1277,36632,467
2021-07-27,Santa Clara,085,1922200,123987,122154,856,123010,2099
2021-07-27,Santa Cruz,087,273765,16808,16523,829,17352,207
2021-07-27,Shasta,089,179085,13083,12846,1749,14595,212
2021-07-27,Sierra,091,2930,71,65,12,77,0
2021-07-27,Siskiyou,093,43540,2060,1964,436,2400,31
2021-07-27,Solano,095,438530,35900,35093,715,35808,261
2021-07-27,Sonoma,097,501317,33069,32367,392,32759,328
2021-07-27,Stanislaus,099,539301,59026,58333,6304,64637,1033
2021-07-27,Sutter,101,95872,10205,9998,104,10102,115
2021-07-27,Tehama,103,63373,5280,5192,615,5807,66
2021-07-27,Trinity,105,12862,510,351,114,465,3
2021-07-27,Tulare,107,460477,51274,50324,9621,59945,854
2021-07-27,Tuolumne,109,53932,4391,4282,44,4326,64
2021-07-27,Ventura,111,848112,84375,83189,3479,86668,1043
2021-07-27,Yolo,113,214977,15031,14759,478,15237,215
2021-07-27,Yuba,115,75493,6717,6564,144,6708,51
2021-07-26,Alameda,001,1643700,96225,94436,2215,96651,1259
2021-07-26,Alpine,003,1148,90,89,0,89,0
2021-07-26,Amador,005,37829,3911,3854,34,3888,48
2021-07-26,Butte,007,227075,13384,13082,1992,15074,203
2021-07-26,Calaveras,009,45235,2320,2276,16,2292,57
2021-07-26,Colusa,011,21464,2023,1996,351,2347,16
2021-07-26,Contra Costa,013,1133247,76501,74854,1524,76378,830
2021-07-26,Del Norte,015,27424,1626,1530,14,1544,8
2021-07-26,El Dorado,017,186661,11163,10899,849,11748,116
2021-07-26,Fresno,019,978130,105884,104143,9134,113277,1742
2021-07-26,Glenn,021,27897,2492,2461,588,3049,20
2021-07-26,Humboldt,023,135768,5078,4906,73,4979,52
2021-07-26,Imperial,025,180216,29281,29034,2952,31986,743
2021-07-26,Inyo,027,18085,1446,1429,12,1441,38
2021-07-26,Kern,029,883053,99839,98633,11869,110502,1351
2021-07-26,Kings,031,150075,23859,23426,1168,24594,247
2021-07-26,Lake,033,64148,4299,4133,15,4148,65
2021-07-26,Lassen,035,31185,5340,5314,120,5434,21
2021-07-26,Los Angeles,037,10098052,1256135,1241527,45357,1286884,24647
2021-07-26,Madera,039,155013,17269,16971,1010,17981,245
2021-07-26,Marin,041,260295,14905,14579,293,14872,239
2021-07-26,Mariposa,043,17540,475,467,11,478,5
2021-07-26,Mendocino,045,87422,4511,4354,93,4447,49
2021-07-26,Merced,047,269075,32019,31774,1054,32828,473
2021-07-26,Modoc,049,8938,424,413,149,562,5
2021-07-26,Mono,051,14174,1292,1286,18,1304,3
2021-07-26,Monterey,053,433212,43936,43595,1980,45575,521
2021-07-26,Napa,055,140530,10461,10332,50,10382,82
2021-07-26,Nevada,057,99092,5504,5280,204,5484,72
2021-07-26,Orange,059,3164182,265548,261803,12190,273993,5142
2021-07-26,Placer,061,380077,25425,24842,1859,26701,304
2021-07-26,Plumas,063,18699,756,750,14,764,5
2021-07-26,Riverside,065,2383286,304341,298626,14685,313311,4553
2021-07-26,Sacramento,067,1510023,115867,113986,2208,116194,1705
2021-07-26,San Benito,069,59416,6258,6222,117,6339,63
2021-07-26,San Bernardino,071,2135413,302444,299238,9413,308651,5237
2021-07-26,San Diego,073,3302833,296272,292688,16982,309670,3793
2021-07-26,San Francisco,075,870044,40906,39800,1509,41309,561
2021-07-26,San Joaquin,077,732212,77064,76033,3922,79955,1440
2021-07-26,San Luis Obispo,079,281455,22221,21752,801,22553,260
2021-07-26,San Mateo,081,765935,44948,44297,578,44875,547
2021-07-26,Santa Barbara,083,443738,35678,35311,1265,36576,467
2021-07-26,Santa Clara,085,1922200,123678,121978,847,122825,2099
2021-07-26,Santa Cruz,087,273765,16768,16493,826,17319,207
2021-07-26,Shasta,089,179085,13034,12819,1736,14555,211
2021-07-26,Sierra,091,2930,70,65,12,77,0
2021-07-26,Siskiyou,093,43540,2057,1962,434,2396,31
2021-07-26,Solano,095,438530,35745,34990,707,35697,259
2021-07-26,Sonoma,097,501317,32934,32283,390,32673,328
2021-07-26,Stanislaus,099,539301,58881,58219,6285,64504,1033
2021-07-26,Sutter,101,95872,10165,9963,101,10064,115
2021-07-26,Tehama,103,63373,5270,5183,611,5794,66
2021-07-26,Trinity,105,12862,510,351,113,464,3
2021-07-26,Tulare,107,460477,51209,50265,9590,59855,854
2021-07-26,Tuolumne,109,53932,4360,4271,44,4315,64
2021-07-26,Ventura,111,848112,84202,83072,3464,86536,1041
2021-07-26,Yolo,113,214977,14970,14727,465,15192,215
2021-07-26,Yuba,115,75493,6683,6538,142,6680,51
2021-07-25,Alameda,001,1643700,95736,94146,2208,96354,1259
2021-07-25,Alpine,003,1148,88,89,0,89,0
2021-07-25,Amador,005,37829,3896,3848,34,3882,48
2021-07-25,Butte,007,227075,13345,13074,1982,15056,203
2021-07-25,Calaveras,009,45235,2311,2275,16,2291,57
2021-07-25,Colusa,011,21464,2014,1996,347,2343,16
2021-07-25,Contra Costa,013,1133247,76017,74634,1510,76144,830
2021-07-25,Del Norte,015,27424,1605,1526,14,1540,8
2021-07-25,El Dorado,017,186661,11105,10878,846,11724,116
2021-07-25,Fresno,019,978130,105643,104019,9118,113137,1742
2021-07-25,Glenn,021,27897,2483,2461,586,3047,20
2021-07-25,Humboldt,023,135768,5019,4892,72,4964,52
2021-07-25,Imperial,025,180216,29244,29037,2950,31987,743
2021-07-25,Inyo,027,18085,1441,1427,12,1439,38
2021-07-25,Kern,029,883053,99667,98503,11798,110301,1351
2021-07-25,Kings,031,150075,23805,23396,1164,24560,247
2021-07-25,Lake,033,64148,4246,4109,14,4123,65
2021-07-25,Lassen,035,31185,5335,5314,120,5434,21
2021-07-25,Los Angeles,037,10098052,1252723,1239596,45181,1284777,24643
2021-07-25,Madera,039,155013,17232,16947,1003,17950,245
2021-07-25,Marin,041,260295,14855,14558,290,14848,239
2021-07-25,Mariposa,043,17540,472,465,11,476,5
2021-07-25,Mendocino,045,87422,4482,4335,91,4426,49
2021-07-25,Merced,047,269075,31946,31760,1052,32812,473
2021-07-25,Modoc,049,8938,424,413,149,562,5
2021-07-25,Mono,051,14174,1289,1286,18,1304,3
2021-07-25,Monterey,053,433212,43897,43590,1972,45562,521
2021-07-25,Napa,055,140530,10425,10316,49,10365,82
2021-07-25,Nevada,057,99092,5439,5256,201,5457,72
2021-07-25,Orange,059,3164182,264840,261351,12167,273518,5142
2021-07-25,Placer,061,380077,25303,24755,1838,26593,304
2021-07-25,Plumas,063,18699,754,750,14,764,5
2021-07-25,Riverside,065,2383286,303577,298181,14667,312848,4553
2021-07-25,Sacramento,067,1510023,115317,113611,2192,115803,1704
2021-07-25,San Benito,069,59416,6251,6217,117,6334,63
2021-07-25,San Bernardino,071,2135413,301790,298982,9407,308389,5237
2021-07-25,San Diego,073,3302833,295200,290626,16913,307539,3793
2021-07-25,San Francisco,075,870044,40569,39663,1484,41147,561
2021-07-25,San Joaquin,077,732212,76809,75926,3903,79829,1440
2021-07-25,San Luis Obispo,079,281455,22148,21741,798,22539,260
2021-07-25,San Mateo,081,765935,44785,44189,572,44761,547
2021-07-25,Santa Barbara,083,443738,35599,35261,1262,36523,467
2021-07-25,Santa Clara,085,1922200,123348,121800,842,122642,2099
2021-07-25,Santa Cruz,087,273765,16721,16474,825,17299,207
2021-07-25,Shasta,089,179085,12987,12815,1731,14546,211
2021-07-25,Sierra,091,2930,70,65,12,77,0
2021-07-25,Siskiyou,093,43540,2049,1963,431,2394,31
2021-07-25,Solano,095,438530,35551,34863,704,35567,259
2021-07-25,Sonoma,097,501317,32809,32202,387,32589,328
2021-07-25,Stanislaus,099,539301,58715,58154,6280,64434,1033
2021-07-25,Sutter,101,95872,10111,9937,99,10036,115
2021-07-25,Tehama,103,63373,5254,5181,610,5791,66
2021-07-25,Trinity,105,12862,508,351,111,462,3
2021-07-25,Tulare,107,460477,51132,50221,9552,59773,854
2021-07-25,Tuolumne,109,53932,4308,4267,44,4311,64
2021-07-25,Ventura,111,848112,83988,82986,3441,86427,1041
2021-07-25,Yolo,113,214977,14909,14693,452,15145,215
2021-07-25,Yuba,115,75493,6650,6519,142,6661,51
2021-07-24,Alameda,001,1643700,95459,93170,2204,95374,1259
2021-07-24,Alpine,003,1148,88,89,0,89,0
2021-07-24,Amador,005,37829,3887,3816,34,3850,48
2021-07-24,Butte,007,227075,13316,12982,1980,14962,203
2021-07-24,Calaveras,009,45235,2307,2267,16,2283,57
2021-07-24,Colusa,011,21464,2013,1992,345,2337,16
2021-07-24,Contra Costa,013,1133247,75791,73682,1507,75189,830
2021-07-24,Del Norte,015,27424,1594,1497,14,1511,8
2021-07-24,El Dorado,017,186661,11071,10773,843,11616,116
2021-07-24,Fresno,019,978130,105525,103637,9108,112745,1736
2021-07-24,Glenn,021,27897,2482,2457,586,3043,20
2021-07-24,Humboldt,023,135768,4984,4780,71,4851,52
2021-07-24,Imperial,025,180216,29224,28996,2950,31946,742
2021-07-24,Inyo,027,18085,1438,1424,12,1436,38
2021-07-24,Kern,029,883053,99588,98261,11776,110037,1350
2021-07-24,Kings,031,150075,23774,23304,1161,24465,246
2021-07-24,Lake,033,64148,4223,3963,14,3977,64
2021-07-24,Lassen,035,31185,5334,5311,120,5431,21
2021-07-24,Los Angeles,037,10098052,1250950,1232164,45061,1277225,24623
2021-07-24,Madera,039,155013,17208,16885,1001,17886,245
2021-07-24,Marin,041,260295,14816,14454,290,14744,238
2021-07-24,Mariposa,043,17540,472,453,11,464,5
2021-07-24,Mendocino,045,87422,4457,4293,91,4384,49
2021-07-24,Merced,047,269075,31924,31661,1051,32712,473
2021-07-24,Modoc,049,8938,424,413,149,562,5
2021-07-24,Mono,051,14174,1287,1284,18,1302,3
2021-07-24,Monterey,053,433212,43872,43525,1965,45490,521
2021-07-24,Napa,055,140530,10409,10230,49,10279,81
2021-07-24,Nevada,057,99092,5407,5183,201,5384,72
2021-07-24,Orange,059,3164182,264376,259973,12155,272128,5141
2021-07-24,Placer,061,380077,25220,24530,1833,26363,303
2021-07-24,Plumas,063,18699,753,737,14,751,4
2021-07-24,Riverside,065,2383286,303109,296912,14657,311569,4552
2021-07-24,Sacramento,067,1510023,115002,112438,2188,114626,1698
2021-07-24,San Benito,069,59416,6247,6200,116,6316,63
2021-07-24,San Bernardino,071,2135413,301400,297899,9398,307297,5236
2021-07-24,San Diego,073,3302833,294734,289368,16885,306253,3788
2021-07-24,San Francisco,075,870044,40404,38954,1467,40421,561
2021-07-24,San Joaquin,077,732212,76681,75461,3892,79353,1436
2021-07-24,San Luis Obispo,079,281455,22117,21616,796,22412,260
2021-07-24,San Mateo,081,765935,44667,43880,566,44446,542
2021-07-24,Santa Barbara,083,443738,35539,35071,1258,36329,465
2021-07-24,Santa Clara,085,1922200,123136,121092,841,121933,2099
2021-07-24,Santa Cruz,087,273765,16698,16416,825,17241,207
2021-07-24,Shasta,089,179085,12959,12759,1728,14487,211
2021-07-24,Sierra,091,2930,69,64,12,76,0
2021-07-24,Siskiyou,093,43540,2049,1951,431,2382,31
2021-07-24,Solano,095,438530,35459,34499,695,35194,259
2021-07-24,Sonoma,097,501317,32685,31928,385,32313,327
2021-07-24,Stanislaus,099,539301,58623,57879,6270,64149,1030
2021-07-24,Sutter,101,95872,10084,9890,99,9989,115
2021-07-24,Tehama,103,63373,5247,5166,608,5774,65
2021-07-24,Trinity,105,12862,508,345,111,456,3
2021-07-24,Tulare,107,460477,51089,50104,9534,59638,854
2021-07-24,Tuolumne,109,53932,4282,4216,44,4260,64
2021-07-24,Ventura,111,848112,83861,82687,3424,86111,1041
2021-07-24,Yolo,113,214977,14871,14557,449,15006,214
2021-07-24,Yuba,115,75493,6631,6449,142,6591,51
2021-07-23,Alameda,001,1643700,95206,93170,2199,95369,1259
2021-07-23,Alpine,003,1148,88,89,0,89,0
2021-07-23,Amador,005,37829,3880,3816,34,3850,48
2021-07-23,Butte,007,227075,13287,12982,1972,14954,203
2021-07-23,Calaveras,009,45235,2296,2267,16,2283,57
2021-07-23,Colusa,011,21464,2012,1992,345,2337,16
2021-07-23,Contra Costa,013,1133247,75533,73682,1497,75179,830
2021-07-23,Del Norte,015,27424,1586,1497,14,1511,8
2021-07-23,El Dorado,017,186661,11042,10773,839,11612,116
2021-07-23,Fresno,019,978130,105394,103637,9098,112735,1736
2021-07-23,Glenn,021,27897,2480,2457,583,3040,20
2021-07-23,Humboldt,023,135768,4962,4780,68,4848,52
2021-07-23,Imperial,025,180216,29212,28996,2950,31946,742
2021-07-23,Inyo,027,18085,1435,1424,12,1436,38
2021-07-23,Kern,029,883053,99505,98261,11750,110011,1350
2021-07-23,Kings,031,150075,23743,23304,1158,24462,246
2021-07-23,Lake,033,64148,4193,3963,14,3977,64
2021-07-23,Lassen,035,31185,5332,5311,120,5431,21
2021-07-23,Los Angeles,037,10098052,1249017,1232164,44974,1277138,24623
2021-07-23,Madera,039,155013,17178,16885,996,17881,245
2021-07-23,Marin,041,260295,14779,14454,288,14742,238
2021-07-23,Mariposa,043,17540,469,453,11,464,5
2021-07-23,Mendocino,045,87422,4444,4293,91,4384,49
2021-07-23,Merced,047,269075,31899,31661,1051,32712,473
2021-07-23,Modoc,049,8938,424,413,149,562,5
2021-07-23,Mono,051,14174,1286,1284,18,1302,3
2021-07-23,Monterey,053,433212,43847,43525,1965,45490,521
2021-07-23,Napa,055,140530,10388,10230,49,10279,81
2021-07-23,Nevada,057,99092,5363,5183,201,5384,72
2021-07-23,Orange,059,3164182,263926,259973,12132,272105,5141
2021-07-23,Placer,061,380077,25140,24530,1817,26347,303
2021-07-23,Plumas,063,18699,751,737,14,751,4
2021-07-23,Riverside,065,2383286,302644,296912,14645,311557,4552
2021-07-23,Sacramento,067,1510023,114649,112438,2186,114624,1698
2021-07-23,San Benito,069,59416,6241,6200,116,6316,63
2021-07-23,San Bernardino,071,2135413,301022,297899,9389,307288,5236
2021-07-23,San Diego,073,3302833,294127,289368,16837,306205,3788
2021-07-23,San Francisco,075,870044,40221,38954,1454,40408,561
2021-07-23,San Joaquin,077,732212,76577,75461,3877,79338,1436
2021-07-23,San Luis Obispo,079,281455,22079,21616,796,22412,260
2021-07-23,San Mateo,081,765935,44562,43880,561,44441,542
2021-07-23,Santa Barbara,083,443738,35473,35071,1257,36328,465
2021-07-23,Santa Clara,085,1922200,122917,121092,838,121930,2099
2021-07-23,Santa Cruz,087,273765,16673,16416,825,17241,207
2021-07-23,Shasta,089,179085,12932,12759,1725,14484,211
2021-07-23,Sierra,091,2930,69,64,12,76,0
2021-07-23,Siskiyou,093,43540,2047,1951,431,2382,31
2021-07-23,Solano,095,438530,35366,34499,691,35190,259
2021-07-23,Sonoma,097,501317,32591,31928,384,32312,327
2021-07-23,Stanislaus,099,539301,58547,57879,6260,64139,1030
2021-07-23,Sutter,101,95872,10055,9890,99,9989,115
2021-07-23,Tehama,103,63373,5238,5166,608,5774,65
2021-07-23,Trinity,105,12862,507,345,110,455,3
2021-07-23,Tulare,107,460477,51044,50104,9509,59613,854
2021-07-23,Tuolumne,109,53932,4260,4216,44,4260,64
2021-07-23,Ventura,111,848112,83699,82687,3406,86093,1041
2021-07-23,Yolo,113,214977,14833,14557,442,14999,214
2021-07-23,Yuba,115,75493,6605,6449,141,6590,51
2021-07-22,Alameda,001,1643700,94856,93170,2194,95364,1259
2021-07-22,Alpine,003,1148,88,89,0,89,0
2021-07-22,Amador,005,37829,3871,3816,34,3850,48
2021-07-22,Butte,007,227075,13253,12982,1963,14945,203
2021-07-22,Calaveras,009,45235,2287,2267,16,2283,57
2021-07-22,Colusa,011,21464,2010,1992,342,2334,16
2021-07-22,Contra Costa,013,1133247,75194,73682,1492,75174,830
2021-07-22,Del Norte,015,27424,1569,1497,14,1511,8
2021-07-22,El Dorado,017,186661,11007,10773,831,11604,116
2021-07-22,Fresno,019,978130,105265,103637,9088,112725,1736
2021-07-22,Glenn,021,27897,2476,2457,583,3040,20
2021-07-22,Humboldt,023,135768,4931,4780,66,4846,52
2021-07-22,Imperial,025,180216,29182,28996,2950,31946,742
2021-07-22,Inyo,027,18085,1433,1424,12,1436,38
2021-07-22,Kern,029,883053,99389,98261,11708,109969,1350
2021-07-22,Kings,031,150075,23704,23304,1156,24460,246
2021-07-22,Lake,033,64148,4142,3963,14,3977,64
2021-07-22,Lassen,035,31185,5329,5311,120,5431,21
2021-07-22,Los Angeles,037,10098052,1246595,1232164,44817,1276981,24623
2021-07-22,Madera,039,155013,17143,16885,994,17879,245
2021-07-22,Marin,041,260295,14738,14454,287,14741,238
2021-07-22,Mariposa,043,17540,462,453,11,464,5
2021-07-22,Mendocino,045,87422,4431,4293,90,4383,49
2021-07-22,Merced,047,269075,31857,31661,1049,32710,473
2021-07-22,Modoc,049,8938,424,413,149,562,5
2021-07-22,Mono,051,14174,1285,1284,18,1302,3
2021-07-22,Monterey,053,433212,43818,43525,1959,45484,521
2021-07-22,Napa,055,140530,10370,10230,49,10279,81
2021-07-22,Nevada,057,99092,5337,5183,200,5383,72
2021-07-22,Orange,059,3164182,263372,259973,12123,272096,5141
2021-07-22,Placer,061,380077,25046,24530,1806,26336,303
2021-07-22,Plumas,063,18699,750,737,14,751,4
2021-07-22,Riverside,065,2383286,302135,296912,14624,311536,4552
2021-07-22,Sacramento,067,1510023,114211,112438,2177,114615,1698
2021-07-22,San Benito,069,59416,6233,6200,116,6316,63
2021-07-22,San Bernardino,071,2135413,300624,297899,9373,307272,5236
2021-07-22,San Diego,073,3302833,293400,289368,16777,306145,3788
2021-07-22,San Francisco,075,870044,40008,38954,1442,40396,561
2021-07-22,San Joaquin,077,732212,76434,75461,3864,79325,1436
2021-07-22,San Luis Obispo,079,281455,22042,21616,792,22408,260
2021-07-22,San Mateo,081,765935,44450,43880,556,44436,542
2021-07-22,Santa Barbara,083,443738,35408,35071,1255,36326,465
2021-07-22,Santa Clara,085,1922200,122675,121092,835,121927,2099
2021-07-22,Santa Cruz,087,273765,16636,16416,825,17241,207
2021-07-22,Shasta,089,179085,12908,12759,1721,14480,211
2021-07-22,Sierra,091,2930,67,64,12,76,0
2021-07-22,Siskiyou,093,43540,2044,1951,431,2382,31
2021-07-22,Solano,095,438530,35216,34499,684,35183,259
2021-07-22,Sonoma,097,501317,32481,31928,382,32310,327
2021-07-22,Stanislaus,099,539301,58419,57879,6248,64127,1030
2021-07-22,Sutter,101,95872,10034,9890,99,9989,115
2021-07-22,Tehama,103,63373,5232,5166,608,5774,65
2021-07-22,Trinity,105,12862,507,345,110,455,3
2021-07-22,Tulare,107,460477,51001,50104,9481,59585,854
2021-07-22,Tuolumne,109,53932,4248,4216,44,4260,64
2021-07-22,Ventura,111,848112,83565,82687,3393,86080,1041
2021-07-22,Yolo,113,214977,14795,14557,441,14998,214
2021-07-22,Yuba,115,75493,6574,6449,138,6587,51
2021-07-21,Alameda,001,1643700,94535,92840,2190,95030,1256
2021-07-21,Alpine,003,1148,88,89,0,89,0
2021-07-21,Amador,005,37829,3858,3813,34,3847,48
2021-07-21,Butte,007,227075,13212,12939,1958,14897,203
2021-07-21,Calaveras,009,45235,2282,2257,16,2273,57
2021-07-21,Colusa,011,21464,2006,1988,341,2329,16
2021-07-21,Contra Costa,013,1133247,74930,73320,1483,74803,827
2021-07-21,Del Norte,015,27424,1559,1492,14,1506,8
2021-07-21,El Dorado,017,186661,10972,10742,827,11569,116
2021-07-21,Fresno,019,978130,105117,103504,9079,112583,1736
2021-07-21,Glenn,021,27897,2474,2455,582,3037,20
2021-07-21,Humboldt,023,135768,4899,4763,64,4827,52
2021-07-21,Imperial,025,180216,29170,28964,2943,31907,742
2021-07-21,Inyo,027,18085,1433,1423,12,1435,38
2021-07-21,Kern,029,883053,99271,98152,11667,109819,1350
2021-07-21,Kings,031,150075,23676,23270,1152,24422,246
2021-07-21,Lake,033,64148,4077,3896,14,3910,64
2021-07-21,Lassen,035,31185,5326,5310,120,5430,21
2021-07-21,Los Angeles,037,10098052,1244091,1229598,44692,1274290,24609
2021-07-21,Madera,039,155013,17119,16858,991,17849,245
2021-07-21,Marin,041,260295,14688,14427,287,14714,238
2021-07-21,Mariposa,043,17540,458,449,11,460,5
2021-07-21,Mendocino,045,87422,4413,4274,90,4364,49
2021-07-21,Merced,047,269075,31818,31607,1044,32651,473
2021-07-21,Modoc,049,8938,424,413,149,562,5
2021-07-21,Mono,051,14174,1282,1282,18,1300,3
2021-07-21,Monterey,053,433212,43788,43502,1955,45457,515
2021-07-21,Napa,055,140530,10344,10209,49,10258,81
2021-07-21,Nevada,057,99092,5302,5152,200,5352,72
2021-07-21,Orange,059,3164182,262820,259615,12092,271707,5139
2021-07-21,Placer,061,380077,24937,24441,1795,26236,303
2021-07-21,Plumas,063,18699,750,736,14,750,4
2021-07-21,Riverside,065,2383286,301622,296419,14607,311026,4552
2021-07-21,Sacramento,067,1510023,113789,112043,2166,114209,1696
2021-07-21,San Benito,069,59416,6223,6196,116,6312,63
2021-07-21,San Bernardino,071,2135413,300178,297519,9365,306884,5230
2021-07-21,San Diego,073,3302833,292548,288682,16713,305395,3787
2021-07-21,San Francisco,075,870044,39784,38699,1437,40136,559
2021-07-21,San Joaquin,077,732212,76245,75288,3852,79140,1434
2021-07-21,San Luis Obispo,079,281455,22005,21579,789,22368,260
2021-07-21,San Mateo,081,765935,44357,43755,552,44307,542
2021-07-21,Santa Barbara,083,443738,35349,34998,1239,36237,465
2021-07-21,Santa Clara,085,1922200,122465,120838,833,121671,2099
2021-07-21,Santa Cruz,087,273765,16602,16407,825,17232,207
2021-07-21,Shasta,089,179085,12875,12751,1718,14469,211
2021-07-21,Sierra,091,2930,67,64,12,76,0
2021-07-21,Siskiyou,093,43540,2042,1943,429,2372,31
2021-07-21,Solano,095,438530,35059,34374,679,35053,258
2021-07-21,Sonoma,097,501317,32365,31789,382,32171,327
2021-07-21,Stanislaus,099,539301,58317,57774,6239,64013,1028
2021-07-21,Sutter,101,95872,10010,9862,99,9961,113
2021-07-21,Tehama,103,63373,5228,5161,608,5769,65
2021-07-21,Trinity,105,12862,505,345,109,454,3
2021-07-21,Tulare,107,460477,50942,50066,9455,59521,854
2021-07-21,Tuolumne,109,53932,4210,4156,44,4200,64
2021-07-21,Ventura,111,848112,83443,82573,3381,85954,1041
2021-07-21,Yolo,113,214977,14752,14525,440,14965,213
2021-07-21,Yuba,115,75493,6546,6425,138,6563,52
2021-07-20,Alameda,001,1643700,94160,92625,2176,94801,1256
2021-07-20,Alpine,003,1148,88,89,0,89,0
2021-07-20,Amador,005,37829,3847,3807,34,3841,48
2021-07-20,Butte,007,227075,13175,12916,1953,14869,203
2021-07-20,Calaveras,009,45235,2277,2249,16,2265,57
2021-07-20,Colusa,011,21464,2006,1985,341,2326,16
2021-07-20,Contra Costa,013,1133247,74645,73143,1465,74608,825
2021-07-20,Del Norte,015,27424,1549,1490,14,1504,8
2021-07-20,El Dorado,017,186661,10932,10727,823,11550,116
2021-07-20,Fresno,019,978130,104981,103438,9060,112498,1736
2021-07-20,Glenn,021,27897,2474,2453,582,3035,20
2021-07-20,Humboldt,023,135768,4854,4735,62,4797,52
2021-07-20,Imperial,025,180216,29150,28933,2943,31876,742
2021-07-20,Inyo,027,18085,1429,1420,12,1432,36
2021-07-20,Kern,029,883053,99161,98082,11640,109722,1350
2021-07-20,Kings,031,150075,23635,23254,1148,24402,246
2021-07-20,Lake,033,64148,4052,3871,14,3885,64
2021-07-20,Lassen,035,31185,5326,5306,120,5426,21
2021-07-20,Los Angeles,037,10098052,1241302,1227404,44536,1271940,24603
2021-07-20,Madera,039,155013,17098,16856,987,17843,245
2021-07-20,Marin,041,260295,14653,14396,284,14680,234
2021-07-20,Mariposa,043,17540,456,448,11,459,5
2021-07-20,Mendocino,045,87422,4396,4259,90,4349,49
2021-07-20,Merced,047,269075,31779,31578,1037,32615,473
2021-07-20,Modoc,049,8938,424,413,149,562,5
2021-07-20,Mono,051,14174,1278,1281,18,1299,3
2021-07-20,Monterey,053,433212,43757,43481,1952,45433,515
2021-07-20,Napa,055,140530,10321,10191,49,10240,81
2021-07-20,Nevada,057,99092,5283,5148,199,5347,72
2021-07-20,Orange,059,3164182,262263,259303,12060,271363,5139
2021-07-20,Placer,061,380077,24845,24408,1771,26179,303
2021-07-20,Plumas,063,18699,748,736,14,750,4
2021-07-20,Riverside,065,2383286,301087,296118,14593,310711,4543
2021-07-20,Sacramento,067,1510023,113349,111796,2136,113932,1695
2021-07-20,San Benito,069,59416,6216,6196,116,6312,63
2021-07-20,San Bernardino,071,2135413,299767,297222,9340,306562,5231
2021-07-20,San Diego,073,3302833,291624,288209,16617,304826,3786
2021-07-20,San Francisco,075,870044,39527,38536,1426,39962,558
2021-07-20,San Joaquin,077,732212,76073,75198,3839,79037,1433
2021-07-20,San Luis Obispo,079,281455,21959,21556,788,22344,259
2021-07-20,San Mateo,081,765935,44240,43670,551,44221,542
2021-07-20,Santa Barbara,083,443738,35278,34935,1233,36168,462
2021-07-20,Santa Clara,085,1922200,122208,120704,831,121535,2098
2021-07-20,Santa Cruz,087,273765,16573,16399,825,17224,207
2021-07-20,Shasta,089,179085,12849,12734,1714,14448,211
2021-07-20,Sierra,091,2930,67,64,12,76,0
2021-07-20,Siskiyou,093,43540,2038,1931,428,2359,31
2021-07-20,Solano,095,438530,34926,34337,672,35009,258
2021-07-20,Sonoma,097,501317,32246,31763,381,32144,326
2021-07-20,Stanislaus,099,539301,58202,57706,6233,63939,1028
2021-07-20,Sutter,101,95872,9983,9854,96,9950,114
2021-07-20,Tehama,103,63373,5226,5153,608,5761,65
2021-07-20,Trinity,105,12862,503,344,108,452,3
2021-07-20,Tulare,107,460477,50900,50047,9438,59485,854
2021-07-20,Tuolumne,109,53932,4191,4156,44,4200,64
2021-07-20,Ventura,111,848112,83290,82504,3364,85868,1041
2021-07-20,Yolo,113,214977,14688,14495,437,14932,213
2021-07-20,Yuba,115,75493,6521,6393,135,6528,52
2021-07-19,Alameda,001,1643700,93787,92357,2160,94517,1256
2021-07-19,Alpine,003,1148,88,89,0,89,0
2021-07-19,Amador,005,37829,3843,3802,34,3836,48
2021-07-19,Butte,007,227075,13132,12901,1947,14848,202
2021-07-19,Calaveras,009,45235,2273,2245,16,2261,57
2021-07-19,Colusa,011,21464,2004,1981,340,2321,16
2021-07-19,Contra Costa,013,1133247,74333,72935,1445,74380,825
2021-07-19,Del Norte,015,27424,1536,1484,14,1498,8
2021-07-19,El Dorado,017,186661,10902,10703,815,11518,114
2021-07-19,Fresno,019,978130,104850,103350,9047,112397,1731
2021-07-19,Glenn,021,27897,2474,2452,581,3033,20
2021-07-19,Humboldt,023,135768,4824,4719,60,4779,52
2021-07-19,Imperial,025,180216,29123,28888,2941,31829,742
2021-07-19,Inyo,027,18085,1428,1417,12,1429,36
2021-07-19,Kern,029,883053,99049,97999,11605,109604,1349
2021-07-19,Kings,031,150075,23605,23221,1142,24363,246
2021-07-19,Lake,033,64148,4016,3848,14,3862,64
2021-07-19,Lassen,035,31185,5325,5305,120,5425,21
2021-07-19,Los Angeles,037,10098052,1238703,1225946,44348,1270294,24600
2021-07-19,Madera,039,155013,17075,16846,984,17830,244
2021-07-19,Marin,041,260295,14618,14369,281,14650,234
2021-07-19,Mariposa,043,17540,450,447,11,458,5
2021-07-19,Mendocino,045,87422,4378,4251,90,4341,49
2021-07-19,Merced,047,269075,31715,31565,1030,32595,472
2021-07-19,Modoc,049,8938,423,413,149,562,5
2021-07-19,Mono,051,14174,1276,1280,18,1298,3
2021-07-19,Monterey,053,433212,43733,43436,1951,45387,515
2021-07-19,Napa,055,140530,10296,10180,47,10227,81
2021-07-19,Nevada,057,99092,5255,5133,198,5331,72
2021-07-19,Orange,059,3164182,261740,258927,12028,270955,5138
2021-07-19,Placer,061,380077,24746,24359,1749,26108,303
2021-07-19,Plumas,063,18699,748,730,14,744,4
2021-07-19,Riverside,065,2383286,300597,295736,14555,310291,4543
2021-07-19,Sacramento,067,1510023,112985,111470,2112,113582,1696
2021-07-19,San Benito,069,59416,6213,6193,116,6309,63
2021-07-19,San Bernardino,071,2135413,299395,296929,9322,306251,5235
2021-07-19,San Diego,073,3302833,290735,287695,16514,304209,3786
2021-07-19,San Francisco,075,870044,39258,38463,1413,39876,560
2021-07-19,San Joaquin,077,732212,75908,75086,3833,78919,1431
2021-07-19,San Luis Obispo,079,281455,21914,21531,784,22315,259
2021-07-19,San Mateo,081,765935,44095,43563,542,44105,542
2021-07-19,Santa Barbara,083,443738,35205,34904,1231,36135,461
2021-07-19,Santa Clara,085,1922200,121950,120554,830,121384,2098
2021-07-19,Santa Cruz,087,273765,16557,16387,825,17212,207
2021-07-19,Shasta,089,179085,12831,12723,1712,14435,209
2021-07-19,Sierra,091,2930,66,64,12,76,0
2021-07-19,Siskiyou,093,43540,2033,1927,426,2353,31
2021-07-19,Solano,095,438530,34753,34262,661,34923,261
2021-07-19,Sonoma,097,501317,32125,31713,380,32093,325
2021-07-19,Stanislaus,099,539301,58101,57644,6223,63867,1027
2021-07-19,Sutter,101,95872,9967,9834,96,9930,114
2021-07-19,Tehama,103,63373,5220,5152,606,5758,65
2021-07-19,Trinity,105,12862,503,344,107,451,3
2021-07-19,Tulare,107,460477,50855,49994,9420,59414,855
2021-07-19,Tuolumne,109,53932,4181,4151,44,4195,64
2021-07-19,Ventura,111,848112,83194,82409,3342,85751,1041
2021-07-19,Yolo,113,214977,14656,14439,435,14874,213
2021-07-19,Yuba,115,75493,6497,6370,135,6505,52
2021-07-18,Alameda,001,1643700,93431,92162,2147,94309,1256
2021-07-18,Alpine,003,1148,88,89,0,89,0
2021-07-18,Amador,005,37829,3832,3799,34,3833,48
2021-07-18,Butte,007,227075,13089,12888,1942,14830,202
2021-07-18,Calaveras,009,45235,2270,2243,16,2259,57
2021-07-18,Colusa,011,21464,2004,1981,339,2320,16
2021-07-18,Contra Costa,013,1133247,74018,72849,1427,74276,825
2021-07-18,Del Norte,015,27424,1527,1482,14,1496,8
2021-07-18,El Dorado,017,186661,10864,10687,807,11494,114
2021-07-18,Fresno,019,978130,104696,103298,9029,112327,1731
2021-07-18,Glenn,021,27897,2473,2452,580,3032,20
2021-07-18,Humboldt,023,135768,4788,4714,60,4774,52
2021-07-18,Imperial,025,180216,29086,28877,2940,31817,742
2021-07-18,Inyo,027,18085,1424,1417,12,1429,36
2021-07-18,Kern,029,883053,98923,97963,11563,109526,1349
2021-07-18,Kings,031,150075,23584,23203,1138,24341,246
2021-07-18,Lake,033,64148,3980,3825,14,3839,64
2021-07-18,Lassen,035,31185,5325,5305,120,5425,21
2021-07-18,Los Angeles,037,10098052,1236019,1224691,44172,1268863,24598
2021-07-18,Madera,039,155013,17050,16838,980,17818,244
2021-07-18,Marin,041,260295,14582,14358,279,14637,234
2021-07-18,Mariposa,043,17540,449,447,11,458,5
2021-07-18,Mendocino,045,87422,4357,4246,90,4336,49
2021-07-18,Merced,047,269075,31684,31537,1028,32565,471
2021-07-18,Modoc,049,8938,423,413,149,562,5
2021-07-18,Mono,051,14174,1275,1280,18,1298,3
2021-07-18,Monterey,053,433212,43715,43422,1942,45364,515
2021-07-18,Napa,055,140530,10279,10174,44,10218,81
2021-07-18,Nevada,057,99092,5229,5124,198,5322,72
2021-07-18,Orange,059,3164182,261255,258724,11998,270722,5138
2021-07-18,Placer,061,380077,24679,24313,1722,26035,303
2021-07-18,Plumas,063,18699,748,730,14,744,4
2021-07-18,Riverside,065,2383286,300105,295522,14513,310035,4543
2021-07-18,Sacramento,067,1510023,112553,111255,2080,113335,1696
2021-07-18,San Benito,069,59416,6205,6191,116,6307,63
2021-07-18,San Bernardino,071,2135413,298921,296739,9307,306046,5233
2021-07-18,San Diego,073,3302833,289919,286287,16431,302718,3786
2021-07-18,San Francisco,075,870044,39026,38367,1402,39769,560
2021-07-18,San Joaquin,077,732212,75731,74997,3820,78817,1431
2021-07-18,San Luis Obispo,079,281455,21879,21527,781,22308,259
2021-07-18,San Mateo,081,765935,43981,43506,536,44042,542
2021-07-18,Santa Barbara,083,443738,35140,34880,1229,36109,461
2021-07-18,Santa Clara,085,1922200,121736,120438,823,121261,2098
2021-07-18,Santa Cruz,087,273765,16525,16372,824,17196,207
2021-07-18,Shasta,089,179085,12806,12714,1708,14422,209
2021-07-18,Sierra,091,2930,66,64,12,76,0
2021-07-18,Siskiyou,093,43540,2027,1927,421,2348,31
2021-07-18,Solano,095,438530,34626,34215,657,34872,261
2021-07-18,Sonoma,097,501317,32020,31675,379,32054,325
2021-07-18,Stanislaus,099,539301,57990,57600,6198,63798,1028
2021-07-18,Sutter,101,95872,9935,9826,96,9922,114
2021-07-18,Tehama,103,63373,5217,5150,605,5755,65
2021-07-18,Trinity,105,12862,503,344,107,451,3
2021-07-18,Tulare,107,460477,50802,49985,9397,59382,855
2021-07-18,Tuolumne,109,53932,4163,4149,44,4193,64
2021-07-18,Ventura,111,848112,83080,82361,3318,85679,1041
2021-07-18,Yolo,113,214977,14597,14425,429,14854,213
2021-07-18,Yuba,115,75493,6456,6357,135,6492,52
2021-07-17,Alameda,001,1643700,93212,91346,2135,93481,1255
2021-07-17,Alpine,003,1148,88,89,0,89,0
2021-07-17,Amador,005,37829,3823,3785,34,3819,48
2021-07-17,Butte,007,227075,13075,12824,1937,14761,202
2021-07-17,Calaveras,009,45235,2263,2237,16,2253,57
2021-07-17,Colusa,011,21464,2001,1976,339,2315,16
2021-07-17,Contra Costa,013,1133247,73836,72254,1414,73668,824
2021-07-17,Del Norte,015,27424,1519,1475,14,1489,8
2021-07-17,El Dorado,017,186661,10837,10622,803,11425,114
2021-07-17,Fresno,019,978130,104624,103055,9015,112070,1730
2021-07-17,Glenn,021,27897,2472,2451,580,3031,20
2021-07-17,Humboldt,023,135768,4775,4654,59,4713,52
2021-07-17,Imperial,025,180216,29070,28840,2940,31780,742
2021-07-17,Inyo,027,18085,1424,1416,12,1428,36
2021-07-17,Kern,029,883053,98866,97796,11526,109322,1348
2021-07-17,Kings,031,150075,23564,23163,1137,24300,246
2021-07-17,Lake,033,64148,3955,3760,14,3774,64
2021-07-17,Lassen,035,31185,5325,5302,120,5422,21
2021-07-17,Los Angeles,037,10098052,1234499,1219733,44028,1263761,24582
2021-07-17,Madera,039,155013,17042,16804,980,17784,240
2021-07-17,Marin,041,260295,14564,14297,277,14574,234
2021-07-17,Mariposa,043,17540,449,445,11,456,5
2021-07-17,Mendocino,045,87422,4345,4209,90,4299,49
2021-07-17,Merced,047,269075,31663,31451,1024,32475,471
2021-07-17,Modoc,049,8938,423,412,149,561,5
2021-07-17,Mono,051,14174,1273,1277,18,1295,3
2021-07-17,Monterey,053,433212,43692,43367,1937,45304,515
2021-07-17,Napa,055,140530,10263,10129,44,10173,81
2021-07-17,Nevada,057,99092,5214,5066,198,5264,72
2021-07-17,Orange,059,3164182,260948,257805,11959,269764,5136
2021-07-17,Placer,061,380077,24612,24169,1708,25877,303
2021-07-17,Plumas,063,18699,743,721,14,735,4
2021-07-17,Riverside,065,2383286,299798,294751,14481,309232,4542
2021-07-17,Sacramento,067,1510023,112317,110432,2058,112490,1694
2021-07-17,San Benito,069,59416,6199,6181,116,6297,63
2021-07-17,San Bernardino,071,2135413,298687,296048,9288,305336,5218
2021-07-17,San Diego,073,3302833,289511,285698,16364,302062,3786
2021-07-17,San Francisco,075,870044,38904,37978,1398,39376,560
2021-07-17,San Joaquin,077,732212,75644,74695,3814,78509,1430
2021-07-17,San Luis Obispo,079,281455,21852,21462,781,22243,258
2021-07-17,San Mateo,081,765935,43910,43324,535,43859,542
2021-07-17,Santa Barbara,083,443738,35099,34769,1226,35995,461
2021-07-17,Santa Clara,085,1922200,121564,119980,820,120800,2097
2021-07-17,Santa Cruz,087,273765,16518,16337,824,17161,207
2021-07-17,Shasta,089,179085,12791,12683,1703,14386,210
2021-07-17,Sierra,091,2930,66,62,12,74,0
2021-07-17,Siskiyou,093,43540,2022,1922,418,2340,29
2021-07-17,Solano,095,438530,34561,34015,649,34664,263
2021-07-17,Sonoma,097,501317,31952,31536,378,31914,322
2021-07-17,Stanislaus,099,539301,57913,57400,6184,63584,1028
2021-07-17,Sutter,101,95872,9925,9778,96,9874,114
2021-07-17,Tehama,103,63373,5214,5145,605,5750,64
2021-07-17,Trinity,105,12862,502,341,107,448,3
2021-07-17,Tulare,107,460477,50781,49937,9385,59322,854
2021-07-17,Tuolumne,109,53932,4153,4131,44,4175,64
2021-07-17,Ventura,111,848112,83012,82125,3307,85432,1041
2021-07-17,Yolo,113,214977,14566,14356,422,14778,213
2021-07-17,Yuba,115,75493,6445,6309,135,6444,52
2021-07-16,Alameda,001,1643700,92971,91346,2123,93469,1255
2021-07-16,Alpine,003,1148,88,89,0,89,0
2021-07-16,Amador,005,37829,3820,3785,34,3819,48
2021-07-16,Butte,007,227075,13050,12824,1934,14758,202
2021-07-16,Calaveras,009,45235,2262,2237,16,2253,57
2021-07-16,Colusa,011,21464,1999,1976,338,2314,16
2021-07-16,Contra Costa,013,1133247,73648,72254,1410,73664,824
2021-07-16,Del Norte,015,27424,1517,1475,14,1489,8
2021-07-16,El Dorado,017,186661,10818,10622,802,11424,114
2021-07-16,Fresno,019,978130,104572,103055,8996,112051,1730
2021-07-16,Glenn,021,27897,2472,2451,580,3031,20
2021-07-16,Humboldt,023,135768,4753,4654,59,4713,52
2021-07-16,Imperial,025,180216,29058,28840,2940,31780,742
2021-07-16,Inyo,027,18085,1422,1416,12,1428,36
2021-07-16,Kern,029,883053,98804,97796,11487,109283,1348
2021-07-16,Kings,031,150075,23539,23163,1135,24298,246
2021-07-16,Lake,033,64148,3928,3760,14,3774,64
2021-07-16,Lassen,035,31185,5324,5302,120,5422,21
2021-07-16,Los Angeles,037,10098052,1233000,1219733,43884,1263617,24582
2021-07-16,Madera,039,155013,17024,16804,980,17784,240
2021-07-16,Marin,041,260295,14540,14297,274,14571,234
2021-07-16,Mariposa,043,17540,449,445,11,456,5
2021-07-16,Mendocino,045,87422,4336,4209,89,4298,49
2021-07-16,Merced,047,269075,31641,31451,1022,32473,471
2021-07-16,Modoc,049,8938,423,412,149,561,5
2021-07-16,Mono,051,14174,1272,1277,18,1295,3
2021-07-16,Monterey,053,433212,43670,43367,1936,45303,515
2021-07-16,Napa,055,140530,10239,10129,43,10172,81
2021-07-16,Nevada,057,99092,5204,5066,198,5264,72
2021-07-16,Orange,059,3164182,260676,257805,11919,269724,5136
2021-07-16,Placer,061,380077,24559,24169,1703,25872,303
2021-07-16,Plumas,063,18699,742,721,14,735,4
2021-07-16,Riverside,065,2383286,299522,294751,14455,309206,4542
2021-07-16,Sacramento,067,1510023,112100,110432,2045,112477,1694
2021-07-16,San Benito,069,59416,6197,6181,116,6297,63
2021-07-16,San Bernardino,071,2135413,298409,296048,9271,305319,5218
2021-07-16,San Diego,073,3302833,289068,285698,16317,302015,3786
2021-07-16,San Francisco,075,870044,38787,37978,1393,39371,560
2021-07-16,San Joaquin,077,732212,75549,74695,3811,78506,1430
2021-07-16,San Luis Obispo,079,281455,21835,21462,781,22243,258
2021-07-16,San Mateo,081,765935,43857,43324,534,43858,542
2021-07-16,Santa Barbara,083,443738,35061,34769,1226,35995,461
2021-07-16,Santa Clara,085,1922200,121417,119980,812,120792,2097
2021-07-16,Santa Cruz,087,273765,16505,16337,824,17161,207
2021-07-16,Shasta,089,179085,12781,12683,1702,14385,210
2021-07-16,Sierra,091,2930,66,62,12,74,0
2021-07-16,Siskiyou,093,43540,2020,1922,416,2338,29
2021-07-16,Solano,095,438530,34494,34015,641,34656,263
2021-07-16,Sonoma,097,501317,31900,31536,375,31911,322
2021-07-16,Stanislaus,099,539301,57864,57400,6173,63573,1028
2021-07-16,Sutter,101,95872,9913,9778,96,9874,114
2021-07-16,Tehama,103,63373,5212,5145,605,5750,64
2021-07-16,Trinity,105,12862,502,341,106,447,3
2021-07-16,Tulare,107,460477,50757,49937,9375,59312,854
2021-07-16,Tuolumne,109,53932,4147,4131,44,4175,64
2021-07-16,Ventura,111,848112,82947,82125,3300,85425,1041
2021-07-16,Yolo,113,214977,14540,14356,418,14774,213
2021-07-16,Yuba,115,75493,6423,6309,134,6443,52
2021-07-15,Alameda,001,1643700,92675,91346,2113,93459,1255
2021-07-15,Alpine,003,1148,88,89,0,89,0
2021-07-15,Amador,005,37829,3817,3785,34,3819,48
2021-07-15,Butte,007,227075,13024,12824,1932,14756,202
2021-07-15,Calaveras,009,45235,2259,2237,16,2253,57
2021-07-15,Colusa,011,21464,1998,1976,337,2313,16
2021-07-15,Contra Costa,013,1133247,73435,72254,1403,73657,824
2021-07-15,Del Norte,015,27424,1514,1475,14,1489,8
2021-07-15,El Dorado,017,186661,10791,10622,800,11422,114
2021-07-15,Fresno,019,978130,104475,103055,8976,112031,1730
2021-07-15,Glenn,021,27897,2472,2451,580,3031,20
2021-07-15,Humboldt,023,135768,4735,4654,58,4712,52
2021-07-15,Imperial,025,180216,29035,28840,2939,31779,742
2021-07-15,Inyo,027,18085,1422,1416,12,1428,36
2021-07-15,Kern,029,883053,98734,97796,11459,109255,1348
2021-07-15,Kings,031,150075,23501,23163,1132,24295,246
2021-07-15,Lake,033,64148,3889,3760,14,3774,64
2021-07-15,Lassen,035,31185,5323,5302,120,5422,21
2021-07-15,Los Angeles,037,10098052,1231025,1219733,43724,1263457,24582
2021-07-15,Madera,039,155013,17002,16804,976,17780,240
2021-07-15,Marin,041,260295,14515,14297,274,14571,234
2021-07-15,Mariposa,043,17540,449,445,11,456,5
2021-07-15,Mendocino,045,87422,4328,4209,88,4297,49
2021-07-15,Merced,047,269075,31611,31451,1022,32473,471
2021-07-15,Modoc,049,8938,423,412,149,561,5
2021-07-15,Mono,051,14174,1272,1277,18,1295,3
2021-07-15,Monterey,053,433212,43641,43367,1933,45300,515
2021-07-15,Napa,055,140530,10214,10129,42,10171,81
2021-07-15,Nevada,057,99092,5187,5066,197,5263,72
2021-07-15,Orange,059,3164182,260325,257805,11888,269693,5136
2021-07-15,Placer,061,380077,24500,24169,1686,25855,303
2021-07-15,Plumas,063,18699,741,721,14,735,4
2021-07-15,Riverside,065,2383286,299200,294751,14440,309191,4542
2021-07-15,Sacramento,067,1510023,111796,110432,2028,112460,1694
2021-07-15,San Benito,069,59416,6195,6181,116,6297,63
2021-07-15,San Bernardino,071,2135413,298104,296048,9256,305304,5218
2021-07-15,San Diego,073,3302833,288432,285698,16240,301938,3786
2021-07-15,San Francisco,075,870044,38635,37978,1385,39363,560
2021-07-15,San Joaquin,077,732212,75432,74695,3806,78501,1430
2021-07-15,San Luis Obispo,079,281455,21803,21462,781,22243,258
2021-07-15,San Mateo,081,765935,43753,43324,529,43853,542
2021-07-15,Santa Barbara,083,443738,35007,34769,1225,35994,461
2021-07-15,Santa Clara,085,1922200,121295,119980,809,120789,2097
2021-07-15,Santa Cruz,087,273765,16492,16337,824,17161,207
2021-07-15,Shasta,089,179085,12773,12683,1698,14381,210
2021-07-15,Sierra,091,2930,66,62,12,74,0
2021-07-15,Siskiyou,093,43540,2019,1922,416,2338,29
2021-07-15,Solano,095,438530,34419,34015,635,34650,263
2021-07-15,Sonoma,097,501317,31839,31536,375,31911,322
2021-07-15,Stanislaus,099,539301,57796,57400,6160,63560,1028
2021-07-15,Sutter,101,95872,9893,9778,95,9873,114
2021-07-15,Tehama,103,63373,5206,5145,604,5749,64
2021-07-15,Trinity,105,12862,502,341,106,447,3
2021-07-15,Tulare,107,460477,50737,49937,9358,59295,854
2021-07-15,Tuolumne,109,53932,4135,4131,44,4175,64
2021-07-15,Ventura,111,848112,82870,82125,3295,85420,1041
2021-07-15,Yolo,113,214977,14513,14356,417,14773,213
2021-07-15,Yuba,115,75493,6408,6309,133,6442,52
2021-07-14,Alameda,001,1643700,92414,91092,2094,93186,1255
2021-07-14,Alpine,003,1148,88,89,0,89,0
2021-07-14,Amador,005,37829,3809,3784,34,3818,48
2021-07-14,Butte,007,227075,12997,12813,1925,14738,202
2021-07-14,Calaveras,009,45235,2253,2234,16,2250,57
2021-07-14,Colusa,011,21464,1995,1974,337,2311,16
2021-07-14,Contra Costa,013,1133247,73210,72091,1390,73481,823
2021-07-14,Del Norte,015,27424,1513,1472,14,1486,8
2021-07-14,El Dorado,017,186661,10765,10598,797,11395,114
2021-07-14,Fresno,019,978130,104395,102966,8965,111931,1728
2021-07-14,Glenn,021,27897,2472,2449,580,3029,20
2021-07-14,Humboldt,023,135768,4712,4644,56,4700,52
2021-07-14,Imperial,025,180216,29006,28822,2939,31761,742
2021-07-14,Inyo,027,18085,1421,1415,12,1427,36
2021-07-14,Kern,029,883053,98670,97736,11434,109170,1346
2021-07-14,Kings,031,150075,23488,23142,1132,24274,246
2021-07-14,Lake,033,64148,3856,3739,14,3753,63
2021-07-14,Lassen,035,31185,5322,5298,120,5418,21
2021-07-14,Los Angeles,037,10098052,1229016,1218265,43579,1261844,24578
2021-07-14,Madera,039,155013,16990,16786,974,17760,240
2021-07-14,Marin,041,260295,14481,14269,272,14541,233
2021-07-14,Mariposa,043,17540,447,445,11,456,5
2021-07-14,Mendocino,045,87422,4315,4193,88,4281,49
2021-07-14,Merced,047,269075,31574,31412,1018,32430,471
2021-07-14,Modoc,049,8938,423,412,149,561,4
2021-07-14,Mono,051,14174,1272,1278,18,1296,3
2021-07-14,Monterey,053,433212,43617,43347,1931,45278,504
2021-07-14,Napa,055,140530,10192,10121,42,10163,81
2021-07-14,Nevada,057,99092,5167,5058,197,5255,72
2021-07-14,Orange,059,3164182,260008,257558,11859,269417,5137
2021-07-14,Placer,061,380077,24447,24125,1674,25799,303
2021-07-14,Plumas,063,18699,734,719,14,733,4
2021-07-14,Riverside,065,2383286,298875,294511,14424,308935,4542
2021-07-14,Sacramento,067,1510023,111468,110193,2004,112197,1688
2021-07-14,San Benito,069,59416,6192,6177,116,6293,63
2021-07-14,San Bernardino,071,2135413,297802,295820,9241,305061,5193
2021-07-14,San Diego,073,3302833,287859,285269,16161,301430,3786
2021-07-14,San Francisco,075,870044,38496,37836,1379,39215,559
2021-07-14,San Joaquin,077,732212,75340,74599,3797,78396,1416
2021-07-14,San Luis Obispo,079,281455,21781,21444,779,22223,258
2021-07-14,San Mateo,081,765935,43656,43249,525,43774,542
2021-07-14,Santa Barbara,083,443738,34967,34719,1223,35942,461
2021-07-14,Santa Clara,085,1922200,121145,119844,806,120650,2098
2021-07-14,Santa Cruz,087,273765,16478,16326,824,17150,207
2021-07-14,Shasta,089,179085,12753,12669,1695,14364,209
2021-07-14,Sierra,091,2930,66,62,12,74,0
2021-07-14,Siskiyou,093,43540,2012,1922,413,2335,29
2021-07-14,Solano,095,438530,34346,33948,635,34583,268
2021-07-14,Sonoma,097,501317,31787,31470,375,31845,322
2021-07-14,Stanislaus,099,539301,57721,57340,6148,63488,1028
2021-07-14,Sutter,101,95872,9870,9766,95,9861,114
2021-07-14,Tehama,103,63373,5204,5142,604,5746,64
2021-07-14,Trinity,105,12862,502,341,106,447,3
2021-07-14,Tulare,107,460477,50720,49908,9344,59252,853
2021-07-14,Tuolumne,109,53932,4132,4128,43,4171,64
2021-07-14,Ventura,111,848112,82776,82041,3284,85325,1040
2021-07-14,Yolo,113,214977,14480,14332,414,14746,213
2021-07-14,Yuba,115,75493,6390,6294,133,6427,52
2021-07-13,Alameda,001,1643700,92150,90874,2084,92958,1255
2021-07-13,Alpine,003,1148,88,89,0,89,0
2021-07-13,Amador,005,37829,3802,3783,34,3817,48
2021-07-13,Butte,007,227075,12983,12802,1924,14726,202
2021-07-13,Calaveras,009,45235,2249,2230,16,2246,57
2021-07-13,Colusa,011,21464,1993,1972,333,2305,16
2021-07-13,Contra Costa,013,1133247,72984,71963,1381,73344,823
2021-07-13,Del Norte,015,27424,1509,1471,14,1485,8
2021-07-13,El Dorado,017,186661,10747,10581,794,11375,114
2021-07-13,Fresno,019,978130,104319,102909,8955,111864,1727
2021-07-13,Glenn,021,27897,2470,2448,580,3028,20
2021-07-13,Humboldt,023,135768,4697,4634,56,4690,51
2021-07-13,Imperial,025,180216,28995,28792,2938,31730,741
2021-07-13,Inyo,027,18085,1420,1415,12,1427,36
2021-07-13,Kern,029,883053,98581,97698,11395,109093,1346
2021-07-13,Kings,031,150075,23470,23132,1132,24264,246
2021-07-13,Lake,033,64148,3829,3719,13,3732,63
2021-07-13,Lassen,035,31185,5320,5292,120,5412,21
2021-07-13,Los Angeles,037,10098052,1227170,1217184,43406,1260590,24569
2021-07-13,Madera,039,155013,16980,16773,970,17743,240
2021-07-13,Marin,041,260295,14452,14254,271,14525,233
2021-07-13,Mariposa,043,17540,446,443,11,454,5
2021-07-13,Mendocino,045,87422,4308,4185,88,4273,49
2021-07-13,Merced,047,269075,31553,31379,1015,32394,471
2021-07-13,Modoc,049,8938,423,411,149,560,4
2021-07-13,Mono,051,14174,1271,1277,18,1295,3
2021-07-13,Monterey,053,433212,43599,43333,1927,45260,504
2021-07-13,Napa,055,140530,10171,10118,42,10160,81
2021-07-13,Nevada,057,99092,5142,5053,197,5250,72
2021-07-13,Orange,059,3164182,259678,257339,11830,269169,5136
2021-07-13,Placer,061,380077,24401,24091,1661,25752,303
2021-07-13,Plumas,063,18699,733,716,14,730,4
2021-07-13,Riverside,065,2383286,298552,294302,14398,308700,4541
2021-07-13,Sacramento,067,1510023,111158,109990,1982,111972,1687
2021-07-13,San Benito,069,59416,6190,6173,116,6289,63
2021-07-13,San Bernardino,071,2135413,297526,295596,9219,304815,5183
2021-07-13,San Diego,073,3302833,287315,284997,16082,301079,3785
2021-07-13,San Francisco,075,870044,38352,37725,1373,39098,559
2021-07-13,San Joaquin,077,732212,75224,74500,3794,78294,1417
2021-07-13,San Luis Obispo,079,281455,21755,21423,776,22199,258
2021-07-13,San Mateo,081,765935,43588,43180,524,43704,542
2021-07-13,Santa Barbara,083,443738,34918,34679,1220,35899,461
2021-07-13,Santa Clara,085,1922200,120991,119727,802,120529,2098
2021-07-13,Santa Cruz,087,273765,16469,16315,822,17137,207
2021-07-13,Shasta,089,179085,12740,12659,1688,14347,209
2021-07-13,Sierra,091,2930,66,62,12,74,0
2021-07-13,Siskiyou,093,43540,2011,1916,411,2327,29
2021-07-13,Solano,095,438530,34282,33918,629,34547,268
2021-07-13,Sonoma,097,501317,31728,31431,375,31806,322
2021-07-13,Stanislaus,099,539301,57652,57282,6134,63416,1028
2021-07-13,Sutter,101,95872,9852,9752,94,9846,114
2021-07-13,Tehama,103,63373,5197,5144,604,5748,64
2021-07-13,Trinity,105,12862,502,341,105,446,3
2021-07-13,Tulare,107,460477,50695,49891,9328,59219,853
2021-07-13,Tuolumne,109,53932,4124,4122,42,4164,64
2021-07-13,Ventura,111,848112,82692,81982,3259,85241,1040
2021-07-13,Yolo,113,214977,14452,14320,407,14727,213
2021-07-13,Yuba,115,75493,6373,6279,133,6412,52
2021-07-12,Alameda,001,1643700,91892,90720,2076,92796,1254
2021-07-12,Alpine,003,1148,88,89,0,89,0
2021-07-12,Amador,005,37829,3795,3781,34,3815,47
2021-07-12,Butte,007,227075,12963,12796,1922,14718,202
2021-07-12,Calaveras,009,45235,2247,2228,16,2244,57
2021-07-12,Colusa,011,21464,1989,1971,332,2303,16
2021-07-12,Contra Costa,013,1133247,72783,71833,1376,73209,823
2021-07-12,Del Norte,015,27424,1506,1469,14,1483,8
2021-07-12,El Dorado,017,186661,10719,10569,792,11361,114
2021-07-12,Fresno,019,978130,104225,102853,8942,111795,1728
2021-07-12,Glenn,021,27897,2470,2446,580,3026,20
2021-07-12,Humboldt,023,135768,4681,4621,56,4677,51
2021-07-12,Imperial,025,180216,28965,28789,2938,31727,741
2021-07-12,Inyo,027,18085,1420,1415,12,1427,36
2021-07-12,Kern,029,883053,98512,97660,11370,109030,1346
2021-07-12,Kings,031,150075,23450,23124,1130,24254,246
2021-07-12,Lake,033,64148,3808,3706,13,3719,63
2021-07-12,Lassen,035,31185,5319,5292,120,5412,21
2021-07-12,Los Angeles,037,10098052,1225385,1216230,43267,1259497,24559
2021-07-12,Madera,039,155013,16969,16772,970,17742,240
2021-07-12,Marin,041,260295,14427,14238,270,14508,233
2021-07-12,Mariposa,043,17540,446,442,11,453,5
2021-07-12,Mendocino,045,87422,4297,4175,88,4263,49
2021-07-12,Merced,047,269075,31522,31374,1014,32388,471
2021-07-12,Modoc,049,8938,422,411,149,560,4
2021-07-12,Mono,051,14174,1269,1275,18,1293,3
2021-07-12,Monterey,053,433212,43578,43315,1923,45238,504
2021-07-12,Napa,055,140530,10153,10104,41,10145,81
2021-07-12,Nevada,057,99092,5119,5046,197,5243,72
2021-07-12,Orange,059,3164182,259324,257171,11805,268976,5136
2021-07-12,Placer,061,380077,24350,24052,1655,25707,302
2021-07-12,Plumas,063,18699,733,716,14,730,4
2021-07-12,Riverside,065,2383286,298244,294108,14368,308476,4541
2021-07-12,Sacramento,067,1510023,110943,109849,1956,111805,1685
2021-07-12,San Benito,069,59416,6187,6166,116,6282,63
2021-07-12,San Bernardino,071,2135413,297255,295447,9205,304652,5171
2021-07-12,San Diego,073,3302833,286850,284648,16006,300654,3785
2021-07-12,San Francisco,075,870044,38205,37656,1370,39026,559
2021-07-12,San Joaquin,077,732212,75130,74424,3784,78208,1415
2021-07-12,San Luis Obispo,079,281455,21736,21408,775,22183,258
2021-07-12,San Mateo,081,765935,43495,43138,517,43655,542
2021-07-12,Santa Barbara,083,443738,34875,34664,1218,35882,461
2021-07-12,Santa Clara,085,1922200,120826,119634,799,120433,2098
2021-07-12,Santa Cruz,087,273765,16444,16310,821,17131,207
2021-07-12,Shasta,089,179085,12733,12648,1685,14333,208
2021-07-12,Sierra,091,2930,66,62,12,74,0
2021-07-12,Siskiyou,093,43540,2006,1916,406,2322,29
2021-07-12,Solano,095,438530,34192,33859,620,34479,268
2021-07-12,Sonoma,097,501317,31680,31377,374,31751,322
2021-07-12,Stanislaus,099,539301,57583,57243,6127,63370,1028
2021-07-12,Sutter,101,95872,9835,9736,93,9829,114
2021-07-12,Tehama,103,63373,5192,5138,603,5741,63
2021-07-12,Trinity,105,12862,498,340,103,443,3
2021-07-12,Tulare,107,460477,50667,49882,9315,59197,853
2021-07-12,Tuolumne,109,53932,4120,4116,42,4158,64
2021-07-12,Ventura,111,848112,82591,81919,3238,85157,1040
2021-07-12,Yolo,113,214977,14424,14303,403,14706,213
2021-07-12,Yuba,115,75493,6358,6266,133,6399,52
2021-07-11,Alameda,001,1643700,91560,90597,2062,92659,1254
2021-07-11,Alpine,003,1148,88,89,0,89,0
2021-07-11,Amador,005,37829,3793,3779,34,3813,47
2021-07-11,Butte,007,227075,12941,12794,1916,14710,202
2021-07-11,Calaveras,009,45235,2244,2226,15,2241,57
2021-07-11,Colusa,011,21464,1988,1971,331,2302,16
2021-07-11,Contra Costa,013,1133247,72573,71744,1369,73113,823
2021-07-11,Del Norte,015,27424,1502,1467,13,1480,8
2021-07-11,El Dorado,017,186661,10690,10554,790,11344,114
2021-07-11,Fresno,019,978130,104130,102813,8922,111735,1728
2021-07-11,Glenn,021,27897,2469,2446,580,3026,20
2021-07-11,Humboldt,023,135768,4668,4611,55,4666,51
2021-07-11,Imperial,025,180216,28947,28787,2937,31724,741
2021-07-11,Inyo,027,18085,1418,1415,12,1427,36
2021-07-11,Kern,029,883053,98439,97637,11354,108991,1346
2021-07-11,Kings,031,150075,23419,23116,1127,24243,246
2021-07-11,Lake,033,64148,3777,3699,13,3712,63
2021-07-11,Lassen,035,31185,5316,5291,120,5411,21
2021-07-11,Los Angeles,037,10098052,1223637,1215182,43109,1258291,24558
2021-07-11,Madera,039,155013,16950,16766,969,17735,240
2021-07-11,Marin,041,260295,14401,14231,270,14501,233
2021-07-11,Mariposa,043,17540,445,442,11,453,5
2021-07-11,Mendocino,045,87422,4277,4167,88,4255,49
2021-07-11,Merced,047,269075,31498,31366,1009,32375,471
2021-07-11,Modoc,049,8938,421,411,149,560,4
2021-07-11,Mono,051,14174,1269,1275,18,1293,3
2021-07-11,Monterey,053,433212,43559,43307,1919,45226,504
2021-07-11,Napa,055,140530,10149,10100,41,10141,81
2021-07-11,Nevada,057,99092,5108,5035,196,5231,72
2021-07-11,Orange,059,3164182,259011,257009,11776,268785,5136
2021-07-11,Placer,061,380077,24293,24017,1643,25660,302
2021-07-11,Plumas,063,18699,733,716,14,730,4
2021-07-11,Riverside,065,2383286,297980,293969,14350,308319,4541
2021-07-11,Sacramento,067,1510023,110664,109696,1946,111642,1685
2021-07-11,San Benito,069,59416,6182,6163,116,6279,63
2021-07-11,San Bernardino,071,2135413,296950,295342,9180,304522,5167
2021-07-11,San Diego,073,3302833,286437,283819,15920,299739,3784
2021-07-11,San Francisco,075,870044,38076,37596,1364,38960,559
2021-07-11,San Joaquin,077,732212,75014,74376,3767,78143,1415
2021-07-11,San Luis Obispo,079,281455,21703,21403,774,22177,258
2021-07-11,San Mateo,081,765935,43416,43107,510,43617,542
2021-07-11,Santa Barbara,083,443738,34828,34646,1218,35864,461
2021-07-11,Santa Clara,085,1922200,120672,119549,798,120347,2098
2021-07-11,Santa Cruz,087,273765,16428,16303,821,17124,207
2021-07-11,Shasta,089,179085,12716,12647,1683,14330,208
2021-07-11,Sierra,091,2930,66,62,12,74,0
2021-07-11,Siskiyou,093,43540,2002,1915,404,2319,29
2021-07-11,Solano,095,438530,34110,33837,616,34453,268
2021-07-11,Sonoma,097,501317,31598,31352,374,31726,322
2021-07-11,Stanislaus,099,539301,57519,57230,6116,63346,1028
2021-07-11,Sutter,101,95872,9821,9728,93,9821,114
2021-07-11,Tehama,103,63373,5189,5138,603,5741,63
2021-07-11,Trinity,105,12862,497,340,103,443,3
2021-07-11,Tulare,107,460477,50642,49877,9296,59173,853
2021-07-11,Tuolumne,109,53932,4114,4116,42,4158,64
2021-07-11,Ventura,111,848112,82519,81875,3218,85093,1040
2021-07-11,Yolo,113,214977,14398,14285,397,14682,213
2021-07-11,Yuba,115,75493,6347,6260,133,6393,52
2021-07-10,Alameda,001,1643700,91409,90090,2058,92148,1252
2021-07-10,Alpine,003,1148,88,89,0,89,0
2021-07-10,Amador,005,37829,3787,3773,34,3807,47
2021-07-10,Butte,007,227075,12930,12764,1913,14677,202
2021-07-10,Calaveras,009,45235,2243,2214,15,2229,57
2021-07-10,Colusa,011,21464,1986,1969,331,2300,16
2021-07-10,Contra Costa,013,1133247,72473,71376,1368,72744,821
2021-07-10,Del Norte,015,27424,1500,1451,13,1464,8
2021-07-10,El Dorado,017,186661,10674,10508,786,11294,114
2021-07-10,Fresno,019,978130,104097,102675,8915,111590,1730
2021-07-10,Glenn,021,27897,2466,2440,579,3019,20
2021-07-10,Humboldt,023,135768,4659,4574,55,4629,51
2021-07-10,Imperial,025,180216,28934,28729,2937,31666,741
2021-07-10,Inyo,027,18085,1417,1415,12,1427,36
2021-07-10,Kern,029,883053,98399,97538,11337,108875,1346
2021-07-10,Kings,031,150075,23412,23090,1126,24216,246
2021-07-10,Lake,033,64148,3760,3667,13,3680,63
2021-07-10,Lassen,035,31185,5316,5290,120,5410,21
2021-07-10,Los Angeles,037,10098052,1222616,1212043,43006,1255049,24542
2021-07-10,Madera,039,155013,16944,16744,966,17710,241
2021-07-10,Marin,041,260295,14387,14194,270,14464,233
2021-07-10,Mariposa,043,17540,445,442,11,453,5
2021-07-10,Mendocino,045,87422,4270,4153,87,4240,49
2021-07-10,Merced,047,269075,31485,31328,1009,32337,470
2021-07-10,Modoc,049,8938,421,410,149,559,4
2021-07-10,Mono,051,14174,1269,1275,18,1293,3
2021-07-10,Monterey,053,433212,43545,43251,1917,45168,499
2021-07-10,Napa,055,140530,10137,10077,41,10118,81
2021-07-10,Nevada,057,99092,5099,5000,196,5196,72
2021-07-10,Orange,059,3164182,258833,256438,11760,268198,5135
2021-07-10,Placer,061,380077,24264,23916,1633,25549,302
2021-07-10,Plumas,063,18699,732,717,14,731,4
2021-07-10,Riverside,065,2383286,297790,293474,14336,307810,4541
2021-07-10,Sacramento,067,1510023,110515,109091,1941,111032,1682
2021-07-10,San Benito,069,59416,6177,6141,116,6257,63
2021-07-10,San Bernardino,071,2135413,296762,294932,9168,304100,5117
2021-07-10,San Diego,073,3302833,286148,283577,15867,299444,3783
2021-07-10,San Francisco,075,870044,37992,37338,1361,38699,559
2021-07-10,San Joaquin,077,732212,74956,74150,3761,77911,1412
2021-07-10,San Luis Obispo,079,281455,21692,21375,773,22148,258
2021-07-10,San Mateo,081,765935,43365,42948,508,43456,542
2021-07-10,Santa Barbara,083,443738,34801,34595,1218,35813,460
2021-07-10,Santa Clara,085,1922200,120569,119330,795,120125,2094
2021-07-10,Santa Cruz,087,273765,16421,16286,821,17107,207
2021-07-10,Shasta,089,179085,12703,12623,1678,14301,206
2021-07-10,Sierra,091,2930,66,61,12,73,0
2021-07-10,Siskiyou,093,43540,2000,1909,401,2310,29
2021-07-10,Solano,095,438530,34069,33678,610,34288,268
2021-07-10,Sonoma,097,501317,31547,31231,374,31605,317
2021-07-10,Stanislaus,099,539301,57482,57104,6106,63210,1026
2021-07-10,Sutter,101,95872,9808,9692,93,9785,114
2021-07-10,Tehama,103,63373,5186,5131,603,5734,63
2021-07-10,Trinity,105,12862,497,341,103,444,3
2021-07-10,Tulare,107,460477,50632,49850,9290,59140,853
2021-07-10,Tuolumne,109,53932,4112,4114,42,4156,64
2021-07-10,Ventura,111,848112,82474,81713,3200,84913,1039
2021-07-10,Yolo,113,214977,14377,14250,394,14644,213
2021-07-10,Yuba,115,75493,6337,6238,133,6371,52
2021-07-09,Alameda,001,1643700,91250,90090,2053,92143,1252
2021-07-09,Alpine,003,1148,88,89,0,89,0
2021-07-09,Amador,005,37829,3786,3773,34,3807,47
2021-07-09,Butte,007,227075,12919,12764,1911,14675,202
2021-07-09,Calaveras,009,45235,2242,2214,15,2229,57
2021-07-09,Colusa,011,21464,1985,1969,331,2300,16
2021-07-09,Contra Costa,013,1133247,72348,71376,1366,72742,821
2021-07-09,Del Norte,015,27424,1495,1451,13,1464,8
2021-07-09,El Dorado,017,186661,10659,10508,785,11293,114
2021-07-09,Fresno,019,978130,104041,102675,8908,111583,1730
2021-07-09,Glenn,021,27897,2465,2440,577,3017,20
2021-07-09,Humboldt,023,135768,4640,4574,55,4629,51
2021-07-09,Imperial,025,180216,28926,28729,2935,31664,741
2021-07-09,Inyo,027,18085,1416,1415,12,1427,36
2021-07-09,Kern,029,883053,98361,97538,11325,108863,1346
2021-07-09,Kings,031,150075,23401,23090,1125,24215,246
2021-07-09,Lake,033,64148,3746,3667,13,3680,63
2021-07-09,Lassen,035,31185,5314,5290,119,5409,21
2021-07-09,Los Angeles,037,10098052,1221611,1212043,42934,1254977,24542
2021-07-09,Madera,039,155013,16934,16744,965,17709,241
2021-07-09,Marin,041,260295,14366,14194,269,14463,233
2021-07-09,Mariposa,043,17540,445,442,11,453,5
2021-07-09,Mendocino,045,87422,4263,4153,87,4240,49
2021-07-09,Merced,047,269075,31470,31328,1009,32337,470
2021-07-09,Modoc,049,8938,421,410,149,559,4
2021-07-09,Mono,051,14174,1269,1275,18,1293,3
2021-07-09,Monterey,053,433212,43536,43251,1917,45168,499
2021-07-09,Napa,055,140530,10130,10077,41,10118,81
2021-07-09,Nevada,057,99092,5090,5000,196,5196,72
2021-07-09,Orange,059,3164182,258628,256438,11746,268184,5135
2021-07-09,Placer,061,380077,24242,23916,1627,25543,302
2021-07-09,Plumas,063,18699,730,717,14,731,4
2021-07-09,Riverside,065,2383286,297604,293474,14323,307797,4541
2021-07-09,Sacramento,067,1510023,110361,109091,1932,111023,1682
2021-07-09,San Benito,069,59416,6175,6141,116,6257,63
2021-07-09,San Bernardino,071,2135413,296610,294932,9161,304093,5117
2021-07-09,San Diego,073,3302833,285860,283577,15819,299396,3783
2021-07-09,San Francisco,075,870044,37912,37338,1354,38692,559
2021-07-09,San Joaquin,077,732212,74882,74150,3754,77904,1412
2021-07-09,San Luis Obispo,079,281455,21680,21375,773,22148,258
2021-07-09,San Mateo,081,765935,43320,42948,504,43452,542
2021-07-09,Santa Barbara,083,443738,34780,34595,1217,35812,460
2021-07-09,Santa Clara,085,1922200,120459,119330,795,120125,2094
2021-07-09,Santa Cruz,087,273765,16418,16286,821,17107,207
2021-07-09,Shasta,089,179085,12697,12623,1673,14296,206
2021-07-09,Sierra,091,2930,66,61,12,73,0
2021-07-09,Siskiyou,093,43540,1998,1909,400,2309,29
2021-07-09,Solano,095,438530,34033,33678,606,34284,268
2021-07-09,Sonoma,097,501317,31511,31231,374,31605,317
2021-07-09,Stanislaus,099,539301,57453,57104,6104,63208,1026
2021-07-09,Sutter,101,95872,9799,9692,93,9785,114
2021-07-09,Tehama,103,63373,5184,5131,603,5734,63
2021-07-09,Trinity,105,12862,496,341,100,441,3
2021-07-09,Tulare,107,460477,50619,49850,9284,59134,853
2021-07-09,Tuolumne,109,53932,4108,4114,42,4156,64
2021-07-09,Ventura,111,848112,82419,81713,3191,84904,1039
2021-07-09,Yolo,113,214977,14362,14250,390,14640,213
2021-07-09,Yuba,115,75493,6324,6238,133,6371,52
2021-07-08,Alameda,001,1643700,91043,90090,2050,92140,1252
2021-07-08,Alpine,003,1148,88,89,0,89,0
2021-07-08,Amador,005,37829,3784,3773,34,3807,47
2021-07-08,Butte,007,227075,12906,12764,1908,14672,202
2021-07-08,Calaveras,009,45235,2240,2214,14,2228,57
2021-07-08,Colusa,011,21464,1985,1969,331,2300,16
2021-07-08,Contra Costa,013,1133247,72219,71376,1361,72737,821
2021-07-08,Del Norte,015,27424,1493,1451,13,1464,8
2021-07-08,El Dorado,017,186661,10642,10508,780,11288,114
2021-07-08,Fresno,019,978130,103979,102675,8897,111572,1730
2021-07-08,Glenn,021,27897,2465,2440,577,3017,20
2021-07-08,Humboldt,023,135768,4625,4574,54,4628,51
2021-07-08,Imperial,025,180216,28914,28729,2933,31662,741
2021-07-08,Inyo,027,18085,1416,1415,12,1427,36
2021-07-08,Kern,029,883053,98313,97538,11310,108848,1346
2021-07-08,Kings,031,150075,23392,23090,1125,24215,246
2021-07-08,Lake,033,64148,3732,3667,13,3680,63
2021-07-08,Lassen,035,31185,5311,5290,119,5409,21
2021-07-08,Los Angeles,037,10098052,1220397,1212043,42837,1254880,24542
2021-07-08,Madera,039,155013,16918,16744,965,17709,241
2021-07-08,Marin,041,260295,14352,14194,269,14463,233
2021-07-08,Mariposa,043,17540,444,442,11,453,5
2021-07-08,Mendocino,045,87422,4260,4153,87,4240,49
2021-07-08,Merced,047,269075,31456,31328,1007,32335,470
2021-07-08,Modoc,049,8938,421,410,149,559,4
2021-07-08,Mono,051,14174,1269,1275,18,1293,3
2021-07-08,Monterey,053,433212,43516,43251,1911,45162,499
2021-07-08,Napa,055,140530,10126,10077,41,10118,81
2021-07-08,Nevada,057,99092,5084,5000,196,5196,72
2021-07-08,Orange,059,3164182,258433,256438,11725,268163,5135
2021-07-08,Placer,061,380077,24203,23916,1619,25535,302
2021-07-08,Plumas,063,18699,729,717,14,731,4
2021-07-08,Riverside,065,2383286,297403,293474,14307,307781,4541
2021-07-08,Sacramento,067,1510023,110139,109091,1925,111016,1682
2021-07-08,San Benito,069,59416,6172,6141,116,6257,63
2021-07-08,San Bernardino,071,2135413,296434,294932,9152,304084,5117
2021-07-08,San Diego,073,3302833,285533,283577,15771,299348,3783
2021-07-08,San Francisco,075,870044,37832,37338,1350,38688,559
2021-07-08,San Joaquin,077,732212,74794,74150,3741,77891,1412
2021-07-08,San Luis Obispo,079,281455,21668,21375,770,22145,258
2021-07-08,San Mateo,081,765935,43270,42948,503,43451,542
2021-07-08,Santa Barbara,083,443738,34753,34595,1215,35810,460
2021-07-08,Santa Clara,085,1922200,120366,119330,794,120124,2094
2021-07-08,Santa Cruz,087,273765,16412,16286,821,17107,207
2021-07-08,Shasta,089,179085,12691,12623,1669,14292,206
2021-07-08,Sierra,091,2930,66,61,12,73,0
2021-07-08,Siskiyou,093,43540,1993,1909,397,2306,29
2021-07-08,Solano,095,438530,33978,33678,600,34278,268
2021-07-08,Sonoma,097,501317,31480,31231,373,31604,317
2021-07-08,Stanislaus,099,539301,57427,57104,6100,63204,1026
2021-07-08,Sutter,101,95872,9784,9692,91,9783,114
2021-07-08,Tehama,103,63373,5181,5131,602,5733,63
2021-07-08,Trinity,105,12862,496,341,100,441,3
2021-07-08,Tulare,107,460477,50601,49850,9276,59126,853
2021-07-08,Tuolumne,109,53932,4106,4114,42,4156,64
2021-07-08,Ventura,111,848112,82354,81713,3175,84888,1039
2021-07-08,Yolo,113,214977,14343,14250,388,14638,213
2021-07-08,Yuba,115,75493,6316,6238,133,6371,52
2021-07-07,Alameda,001,1643700,90858,89995,2044,92039,1253
2021-07-07,Alpine,003,1148,88,89,0,89,0
2021-07-07,Amador,005,37829,3779,3770,34,3804,47
2021-07-07,Butte,007,227075,12893,12750,1903,14653,202
2021-07-07,Calaveras,009,45235,2232,2212,14,2226,57
2021-07-07,Colusa,011,21464,1981,1969,331,2300,16
2021-07-07,Contra Costa,013,1133247,72073,71308,1359,72667,821
2021-07-07,Del Norte,015,27424,1488,1446,13,1459,8
2021-07-07,El Dorado,017,186661,10622,10494,778,11272,114
2021-07-07,Fresno,019,978130,103929,102639,8890,111529,1729
2021-07-07,Glenn,021,27897,2465,2441,577,3018,20
2021-07-07,Humboldt,023,135768,4611,4566,54,4620,51
2021-07-07,Imperial,025,180216,28907,28701,2933,31634,740
2021-07-07,Inyo,027,18085,1415,1415,12,1427,36
2021-07-07,Kern,029,883053,98269,97507,11295,108802,1348
2021-07-07,Kings,031,150075,23379,23085,1122,24207,245
2021-07-07,Lake,033,64148,3713,3660,13,3673,63
2021-07-07,Lassen,035,31185,5311,5286,119,5405,21
2021-07-07,Los Angeles,037,10098052,1219217,1211316,42731,1254047,24531
2021-07-07,Madera,039,155013,16907,16733,963,17696,241
2021-07-07,Marin,041,260295,14333,14183,268,14451,233
2021-07-07,Mariposa,043,17540,442,442,11,453,5
2021-07-07,Mendocino,045,87422,4251,4145,87,4232,49
2021-07-07,Merced,047,269075,31441,31317,1007,32324,470
2021-07-07,Modoc,049,8938,421,410,149,559,4
2021-07-07,Mono,051,14174,1268,1274,18,1292,3
2021-07-07,Monterey,053,433212,43491,43233,1909,45142,494
2021-07-07,Napa,055,140530,10115,10078,41,10119,81
2021-07-07,Nevada,057,99092,5077,4996,196,5192,72
2021-07-07,Orange,059,3164182,258207,256301,11703,268004,5132
2021-07-07,Placer,061,380077,24167,23901,1609,25510,302
2021-07-07,Plumas,063,18699,729,710,14,724,4
2021-07-07,Riverside,065,2383286,297188,293331,14297,307628,4538
2021-07-07,Sacramento,067,1510023,109948,108954,1917,110871,1682
2021-07-07,San Benito,069,59416,6167,6137,116,6253,63
2021-07-07,San Bernardino,071,2135413,296266,294787,9145,303932,5087
2021-07-07,San Diego,073,3302833,285214,283377,15731,299108,3782
2021-07-07,San Francisco,075,870044,37740,37284,1347,38631,558
2021-07-07,San Joaquin,077,732212,74718,74095,3725,77820,1410
2021-07-07,San Luis Obispo,079,281455,21659,21360,768,22128,258
2021-07-07,San Mateo,081,765935,43215,42908,500,43408,542
2021-07-07,Santa Barbara,083,443738,34727,34582,1215,35797,460
2021-07-07,Santa Clara,085,1922200,120268,119250,793,120043,2094
2021-07-07,Santa Cruz,087,273765,16403,16279,820,17099,207
2021-07-07,Shasta,089,179085,12683,12613,1666,14279,206
2021-07-07,Sierra,091,2930,66,60,12,72,0
2021-07-07,Siskiyou,093,43540,1987,1908,393,2301,29
2021-07-07,Solano,095,438530,33929,33659,593,34252,268
2021-07-07,Sonoma,097,501317,31434,31172,373,31545,316
2021-07-07,Stanislaus,099,539301,57395,57102,6095,63197,1028
2021-07-07,Sutter,101,95872,9774,9683,91,9774,114
2021-07-07,Tehama,103,63373,5180,5129,602,5731,63
2021-07-07,Trinity,105,12862,496,341,100,441,3
2021-07-07,Tulare,107,460477,50597,49835,9267,59102,853
2021-07-07,Tuolumne,109,53932,4102,4115,41,4156,64
2021-07-07,Ventura,111,848112,82310,81608,3161,84769,1036
2021-07-07,Yolo,113,214977,14333,14236,385,14621,213
2021-07-07,Yuba,115,75493,6300,6233,133,6366,51
2021-07-06,Alameda,001,1643700,90659,89918,2036,91954,1253
2021-07-06,Alpine,003,1148,88,89,0,89,0
2021-07-06,Amador,005,37829,3778,3768,33,3801,47
2021-07-06,Butte,007,227075,12880,12744,1900,14644,201
2021-07-06,Calaveras,009,45235,2232,2211,14,2225,55
2021-07-06,Colusa,011,21464,1980,1967,328,2295,16
2021-07-06,Contra Costa,013,1133247,71944,71262,1356,72618,820
2021-07-06,Del Norte,015,27424,1484,1445,13,1458,8
2021-07-06,El Dorado,017,186661,10604,10484,777,11261,113
2021-07-06,Fresno,019,978130,103877,102616,8878,111494,1727
2021-07-06,Glenn,021,27897,2464,2438,577,3015,20
2021-07-06,Humboldt,023,135768,4597,4565,53,4618,49
2021-07-06,Imperial,025,180216,28892,28693,2931,31624,739
2021-07-06,Inyo,027,18085,1415,1412,12,1424,36
2021-07-06,Kern,029,883053,98227,97491,11284,108775,1346
2021-07-06,Kings,031,150075,23371,23077,1121,24198,245
2021-07-06,Lake,033,64148,3703,3659,13,3672,63
2021-07-06,Lassen,035,31185,5310,5288,118,5406,21
2021-07-06,Los Angeles,037,10098052,1218000,1210965,42632,1253597,24525
2021-07-06,Madera,039,155013,16895,16730,963,17693,241
2021-07-06,Marin,041,260295,14319,14181,268,14449,233
2021-07-06,Mariposa,043,17540,442,442,11,453,5
2021-07-06,Mendocino,045,87422,4244,4143,87,4230,49
2021-07-06,Merced,047,269075,31424,31317,1006,32323,470
2021-07-06,Modoc,049,8938,421,411,149,560,4
2021-07-06,Mono,051,14174,1267,1274,18,1292,3
2021-07-06,Monterey,053,433212,43469,43224,1908,45132,494
2021-07-06,Napa,055,140530,10104,10081,41,10122,81
2021-07-06,Nevada,057,99092,5068,4988,196,5184,72
2021-07-06,Orange,059,3164182,257963,256227,11686,267913,5129
2021-07-06,Placer,061,380077,24126,23876,1603,25479,302
2021-07-06,Plumas,063,18699,728,708,14,722,4
2021-07-06,Riverside,065,2383286,296985,293227,14279,307506,4539
2021-07-06,Sacramento,067,1510023,109737,108850,1909,110759,1679
2021-07-06,San Benito,069,59416,6163,6137,116,6253,63
2021-07-06,San Bernardino,071,2135413,296087,294712,9132,303844,5056
2021-07-06,San Diego,073,3302833,284859,283278,15672,298950,3782
2021-07-06,San Francisco,075,870044,37623,37251,1346,38597,558
2021-07-06,San Joaquin,077,732212,74648,74019,3713,77732,1410
2021-07-06,San Luis Obispo,079,281455,21642,21354,767,22121,257
2021-07-06,San Mateo,081,765935,43139,42895,500,43395,541
2021-07-06,Santa Barbara,083,443738,34708,34572,1213,35785,460
2021-07-06,Santa Clara,085,1922200,120150,119194,790,119984,2095
2021-07-06,Santa Cruz,087,273765,16398,16274,819,17093,207
2021-07-06,Shasta,089,179085,12673,12606,1664,14270,205
2021-07-06,Sierra,091,2930,65,60,12,72,0
2021-07-06,Siskiyou,093,43540,1984,1905,389,2294,29
2021-07-06,Solano,095,438530,33878,33619,590,34209,268
2021-07-06,Sonoma,097,501317,31371,31130,372,31502,316
2021-07-06,Stanislaus,099,539301,57348,57120,6083,63203,1029
2021-07-06,Sutter,101,95872,9765,9674,90,9764,114
2021-07-06,Tehama,103,63373,5177,5126,601,5727,63
2021-07-06,Trinity,105,12862,496,341,100,441,3
2021-07-06,Tulare,107,460477,50582,49826,9256,59082,853
2021-07-06,Tuolumne,109,53932,4100,4113,41,4154,64
2021-07-06,Ventura,111,848112,82270,81534,3135,84669,1033
2021-07-06,Yolo,113,214977,14311,14227,382,14609,213
2021-07-06,Yuba,115,75493,6289,6231,133,6364,51
2021-07-05,Alameda,001,1643700,90481,89892,2031,91923,1253
2021-07-05,Alpine,003,1148,88,89,0,89,0
2021-07-05,Amador,005,37829,3776,3768,33,3801,47
2021-07-05,Butte,007,227075,12872,12740,1890,14630,201
2021-07-05,Calaveras,009,45235,2228,2211,14,2225,55
2021-07-05,Colusa,011,21464,1978,1966,327,2293,16
2021-07-05,Contra Costa,013,1133247,71816,71235,1356,72591,820
2021-07-05,Del Norte,015,27424,1480,1446,13,1459,8
2021-07-05,El Dorado,017,186661,10579,10481,777,11258,113
2021-07-05,Fresno,019,978130,103819,102592,8863,111455,1727
2021-07-05,Glenn,021,27897,2461,2438,576,3014,20
2021-07-05,Humboldt,023,135768,4583,4563,53,4616,49
2021-07-05,Imperial,025,180216,28873,28689,2930,31619,739
2021-07-05,Inyo,027,18085,1415,1412,12,1424,36
2021-07-05,Kern,029,883053,98180,97479,11263,108742,1346
2021-07-05,Kings,031,150075,23363,23065,1118,24183,245
2021-07-05,Lake,033,64148,3685,3645,13,3658,63
2021-07-05,Lassen,035,31185,5307,5288,117,5405,21
2021-07-05,Los Angeles,037,10098052,1216808,1210653,42529,1253182,24522
2021-07-05,Madera,039,155013,16884,16722,962,17684,241
2021-07-05,Marin,041,260295,14298,14178,268,14446,233
2021-07-05,Mariposa,043,17540,442,441,11,452,5
2021-07-05,Mendocino,045,87422,4239,4139,86,4225,49
2021-07-05,Merced,047,269075,31404,31312,1006,32318,470
2021-07-05,Modoc,049,8938,421,410,149,559,4
2021-07-05,Mono,051,14174,1267,1273,18,1291,3
2021-07-05,Monterey,053,433212,43449,43218,1903,45121,494
2021-07-05,Napa,055,140530,10098,10074,41,10115,81
2021-07-05,Nevada,057,99092,5050,4980,195,5175,72
2021-07-05,Orange,059,3164182,257762,256173,11668,267841,5129
2021-07-05,Placer,061,380077,24079,23867,1595,25462,302
2021-07-05,Plumas,063,18699,727,708,14,722,4
2021-07-05,Riverside,065,2383286,296793,293193,14267,307460,4539
2021-07-05,Sacramento,067,1510023,109554,108758,1900,110658,1679
2021-07-05,San Benito,069,59416,6156,6137,116,6253,63
2021-07-05,San Bernardino,071,2135413,295925,294647,9125,303772,5037
2021-07-05,San Diego,073,3302833,284496,282834,15628,298462,3782
2021-07-05,San Francisco,075,870044,37537,37237,1341,38578,558
2021-07-05,San Joaquin,077,732212,74578,73999,3708,77707,1410
2021-07-05,San Luis Obispo,079,281455,21629,21351,766,22117,257
2021-07-05,San Mateo,081,765935,43087,42876,497,43373,541
2021-07-05,Santa Barbara,083,443738,34688,34569,1213,35782,460
2021-07-05,Santa Clara,085,1922200,120044,119184,788,119972,2095
2021-07-05,Santa Cruz,087,273765,16389,16273,818,17091,208
2021-07-05,Shasta,089,179085,12664,12603,1662,14265,205
2021-07-05,Sierra,091,2930,65,60,12,72,0
2021-07-05,Siskiyou,093,43540,1982,1904,388,2292,29
2021-07-05,Solano,095,438530,33808,33612,584,34196,268
2021-07-05,Sonoma,097,501317,31318,31116,372,31488,316
2021-07-05,Stanislaus,099,539301,57318,57109,6073,63182,1029
2021-07-05,Sutter,101,95872,9753,9667,90,9757,114
2021-07-05,Tehama,103,63373,5176,5125,601,5726,63
2021-07-05,Trinity,105,12862,495,341,99,440,3
2021-07-05,Tulare,107,460477,50564,49818,9253,59071,853
2021-07-05,Tuolumne,109,53932,4096,4112,41,4153,64
2021-07-05,Ventura,111,848112,82219,81519,3116,84635,1033
2021-07-05,Yolo,113,214977,14292,14225,374,14599,213
2021-07-05,Yuba,115,75493,6281,6223,133,6356,51
2021-07-04,Alameda,001,1643700,90316,89683,2028,91711,1253
2021-07-04,Alpine,003,1148,88,89,0,89,0
2021-07-04,Amador,005,37829,3775,3758,33,3791,46
2021-07-04,Butte,007,227075,12862,12684,1890,14574,201
2021-07-04,Calaveras,009,45235,2227,2200,14,2214,55
2021-07-04,Colusa,011,21464,1978,1969,327,2296,15
2021-07-04,Contra Costa,013,1133247,71710,70941,1351,72292,818
2021-07-04,Del Norte,015,27424,1477,1439,13,1452,8
2021-07-04,El Dorado,017,186661,10570,10433,776,11209,113
2021-07-04,Fresno,019,978130,103773,102512,8846,111358,1727
2021-07-04,Glenn,021,27897,2459,2442,575,3017,20
2021-07-04,Humboldt,023,135768,4575,4530,53,4583,49
2021-07-04,Imperial,025,180216,28867,28661,2930,31591,739
2021-07-04,Inyo,027,18085,1415,1412,12,1424,35
2021-07-04,Kern,029,883053,98161,97421,11254,108675,1347
2021-07-04,Kings,031,150075,23355,23051,1118,24169,245
2021-07-04,Lake,033,64148,3675,3623,13,3636,62
2021-07-04,Lassen,035,31185,5306,5277,117,5394,20
2021-07-04,Los Angeles,037,10098052,1215951,1208705,42441,1251146,24506
2021-07-04,Madera,039,155013,16872,16696,960,17656,240
2021-07-04,Marin,041,260295,14283,14143,268,14411,233
2021-07-04,Mariposa,043,17540,442,441,11,452,5
2021-07-04,Mendocino,045,87422,4229,4122,86,4208,49
2021-07-04,Merced,047,269075,31393,31297,1006,32303,469
2021-07-04,Modoc,049,8938,421,410,149,559,4
2021-07-04,Mono,051,14174,1267,1275,18,1293,3
2021-07-04,Monterey,053,433212,43433,43212,1902,45114,492
2021-07-04,Napa,055,140530,10090,10045,40,10085,81
2021-07-04,Nevada,057,99092,5040,4966,195,5161,72
2021-07-04,Orange,059,3164182,257587,255823,11647,267470,5126
2021-07-04,Placer,061,380077,24042,23764,1588,25352,299
2021-07-04,Plumas,063,18699,727,707,14,721,4
2021-07-04,Riverside,065,2383286,296633,293260,14261,307521,4536
2021-07-04,Sacramento,067,1510023,109384,108257,1894,110151,1676
2021-07-04,San Benito,069,59416,6149,6108,116,6224,63
2021-07-04,San Bernardino,071,2135413,295758,294294,9118,303412,5003
2021-07-04,San Diego,073,3302833,284272,282692,15590,298282,3780
2021-07-04,San Francisco,075,870044,37479,37107,1335,38442,558
2021-07-04,San Joaquin,077,732212,74513,73841,3700,77541,1409
2021-07-04,San Luis Obispo,079,281455,21623,21330,765,22095,256
2021-07-04,San Mateo,081,765935,43053,42691,497,43188,541
2021-07-04,Santa Barbara,083,443738,34665,34526,1212,35738,456
2021-07-04,Santa Clara,085,1922200,119954,118966,787,119753,2090
2021-07-04,Santa Cruz,087,273765,16378,16254,818,17072,208
2021-07-04,Shasta,089,179085,12660,12582,1661,14243,204
2021-07-04,Sierra,091,2930,64,60,12,72,0
2021-07-04,Siskiyou,093,43540,1978,1899,387,2286,29
2021-07-04,Solano,095,438530,33767,33486,582,34068,268
2021-07-04,Sonoma,097,501317,31288,31000,371,31371,316
2021-07-04,Stanislaus,099,539301,57304,57018,6067,63085,1018
2021-07-04,Sutter,101,95872,9742,9644,90,9734,114
2021-07-04,Tehama,103,63373,5172,5124,601,5725,63
2021-07-04,Trinity,105,12862,494,341,99,440,3
2021-07-04,Tulare,107,460477,50554,49789,9250,59039,853
2021-07-04,Tuolumne,109,53932,4088,4113,41,4154,64
2021-07-04,Ventura,111,848112,82161,81425,3105,84530,1033
2021-07-04,Yolo,113,214977,14272,14188,371,14559,213
2021-07-04,Yuba,115,75493,6273,6197,133,6330,51
2021-07-03,Alameda,001,1643700,90227,89683,2020,91703,1253
2021-07-03,Alpine,003,1148,88,89,0,89,0
2021-07-03,Amador,005,37829,3775,3758,33,3791,46
2021-07-03,Butte,007,227075,12858,12684,1889,14573,201
2021-07-03,Calaveras,009,45235,2225,2200,14,2214,55
2021-07-03,Colusa,011,21464,1977,1969,327,2296,15
2021-07-03,Contra Costa,013,1133247,71651,70941,1348,72289,818
2021-07-03,Del Norte,015,27424,1474,1439,13,1452,8
2021-07-03,El Dorado,017,186661,10563,10433,774,11207,113
2021-07-03,Fresno,019,978130,103748,102512,8837,111349,1727
2021-07-03,Glenn,021,27897,2459,2442,575,3017,20
2021-07-03,Humboldt,023,135768,4570,4530,53,4583,49
2021-07-03,Imperial,025,180216,28857,28661,2930,31591,739
2021-07-03,Inyo,027,18085,1415,1412,12,1424,35
2021-07-03,Kern,029,883053,98141,97421,11246,108667,1347
2021-07-03,Kings,031,150075,23355,23051,1117,24168,245
2021-07-03,Lake,033,64148,3665,3623,13,3636,62
2021-07-03,Lassen,035,31185,5305,5277,117,5394,20
2021-07-03,Los Angeles,037,10098052,1215523,1208705,42411,1251116,24506
2021-07-03,Madera,039,155013,16863,16696,957,17653,240
2021-07-03,Marin,041,260295,14279,14143,268,14411,233
2021-07-03,Mariposa,043,17540,442,441,11,452,5
2021-07-03,Mendocino,045,87422,4228,4122,86,4208,49
2021-07-03,Merced,047,269075,31380,31297,1005,32302,469
2021-07-03,Modoc,049,8938,420,410,149,559,4
2021-07-03,Mono,051,14174,1266,1275,18,1293,3
2021-07-03,Monterey,053,433212,43421,43212,1899,45111,492
2021-07-03,Napa,055,140530,10085,10045,40,10085,81
2021-07-03,Nevada,057,99092,5026,4966,195,5161,72
2021-07-03,Orange,059,3164182,257503,255823,11640,267463,5126
2021-07-03,Placer,061,380077,24023,23764,1585,25349,299
2021-07-03,Plumas,063,18699,727,707,14,721,4
2021-07-03,Riverside,065,2383286,296541,293260,14257,307517,4536
2021-07-03,Sacramento,067,1510023,109310,108257,1891,110148,1676
2021-07-03,San Benito,069,59416,6142,6108,116,6224,63
2021-07-03,San Bernardino,071,2135413,295668,294294,9115,303409,5003
2021-07-03,San Diego,073,3302833,284141,282692,15571,298263,3780
2021-07-03,San Francisco,075,870044,37438,37107,1332,38439,558
2021-07-03,San Joaquin,077,732212,74477,73841,3695,77536,1409
2021-07-03,San Luis Obispo,079,281455,21611,21330,765,22095,256
2021-07-03,San Mateo,081,765935,43028,42691,496,43187,541
2021-07-03,Santa Barbara,083,443738,34656,34526,1211,35737,456
2021-07-03,Santa Clara,085,1922200,119907,118966,787,119753,2090
2021-07-03,Santa Cruz,087,273765,16371,16254,818,17072,208
2021-07-03,Shasta,089,179085,12656,12582,1659,14241,204
2021-07-03,Sierra,091,2930,64,60,12,72,0
2021-07-03,Siskiyou,093,43540,1977,1899,386,2285,29
2021-07-03,Solano,095,438530,33723,33486,582,34068,268
2021-07-03,Sonoma,097,501317,31254,31000,371,31371,316
2021-07-03,Stanislaus,099,539301,57293,57018,6059,63077,1018
2021-07-03,Sutter,101,95872,9732,9644,90,9734,114
2021-07-03,Tehama,103,63373,5170,5124,601,5725,63
2021-07-03,Trinity,105,12862,494,341,99,440,3
2021-07-03,Tulare,107,460477,50548,49789,9244,59033,853
2021-07-03,Tuolumne,109,53932,4087,4113,41,4154,64
2021-07-03,Ventura,111,848112,82131,81425,3097,84522,1033
2021-07-03,Yolo,113,214977,14262,14188,368,14556,213
2021-07-03,Yuba,115,75493,6267,6197,133,6330,51
2021-07-02,Alameda,001,1643700,90145,89683,2019,91702,1253
2021-07-02,Alpine,003,1148,88,89,0,89,0
2021-07-02,Amador,005,37829,3773,3758,33,3791,46
2021-07-02,Butte,007,227075,12851,12684,1889,14573,201
2021-07-02,Calaveras,009,45235,2223,2200,14,2214,55
2021-07-02,Colusa,011,21464,1976,1969,326,2295,15
2021-07-02,Contra Costa,013,1133247,71581,70941,1344,72285,818
2021-07-02,Del Norte,015,27424,1474,1439,13,1452,8
2021-07-02,El Dorado,017,186661,10555,10433,774,11207,113
2021-07-02,Fresno,019,978130,103719,102512,8831,111343,1727
2021-07-02,Glenn,021,27897,2458,2442,574,3016,20
2021-07-02,Humboldt,023,135768,4567,4530,52,4582,49
2021-07-02,Imperial,025,180216,28851,28661,2929,31590,739
2021-07-02,Inyo,027,18085,1415,1412,12,1424,35
2021-07-02,Kern,029,883053,98123,97421,11237,108658,1347
2021-07-02,Kings,031,150075,23345,23051,1117,24168,245
2021-07-02,Lake,033,64148,3659,3623,13,3636,62
2021-07-02,Lassen,035,31185,5305,5277,117,5394,20
2021-07-02,Los Angeles,037,10098052,1215049,1208705,42373,1251078,24506
2021-07-02,Madera,039,155013,16854,16696,956,17652,240
2021-07-02,Marin,041,260295,14274,14143,268,14411,233
2021-07-02,Mariposa,043,17540,442,441,11,452,5
2021-07-02,Mendocino,045,87422,4224,4122,85,4207,49
2021-07-02,Merced,047,269075,31371,31297,1005,32302,469
2021-07-02,Modoc,049,8938,420,410,149,559,4
2021-07-02,Mono,051,14174,1265,1275,18,1293,3
2021-07-02,Monterey,053,433212,43413,43212,1898,45110,492
2021-07-02,Napa,055,140530,10080,10045,40,10085,81
2021-07-02,Nevada,057,99092,5017,4966,195,5161,72
2021-07-02,Orange,059,3164182,257392,255823,11633,267456,5126
2021-07-02,Placer,061,380077,24006,23764,1578,25342,299
2021-07-02,Plumas,063,18699,727,707,14,721,4
2021-07-02,Riverside,065,2383286,296444,293260,14252,307512,4536
2021-07-02,Sacramento,067,1510023,109232,108257,1890,110147,1676
2021-07-02,San Benito,069,59416,6139,6108,116,6224,63
2021-07-02,San Bernardino,071,2135413,295581,294294,9113,303407,5003
2021-07-02,San Diego,073,3302833,283996,282692,15545,298237,3780
2021-07-02,San Francisco,075,870044,37390,37107,1330,38437,558
2021-07-02,San Joaquin,077,732212,74444,73841,3689,77530,1409
2021-07-02,San Luis Obispo,079,281455,21605,21330,764,22094,256
2021-07-02,San Mateo,081,765935,42992,42691,496,43187,541
2021-07-02,Santa Barbara,083,443738,34646,34526,1211,35737,456
2021-07-02,Santa Clara,085,1922200,119829,118966,787,119753,2090
2021-07-02,Santa Cruz,087,273765,16367,16254,818,17072,208
2021-07-02,Shasta,089,179085,12652,12582,1659,14241,204
2021-07-02,Sierra,091,2930,63,60,12,72,0
2021-07-02,Siskiyou,093,43540,1974,1899,385,2284,29
2021-07-02,Solano,095,438530,33698,33486,582,34068,268
2021-07-02,Sonoma,097,501317,31231,31000,371,31371,316
2021-07-02,Stanislaus,099,539301,57278,57018,6058,63076,1018
2021-07-02,Sutter,101,95872,9727,9644,90,9734,114
2021-07-02,Tehama,103,63373,5168,5124,599,5723,63
2021-07-02,Trinity,105,12862,494,341,99,440,3
2021-07-02,Tulare,107,460477,50538,49789,9236,59025,853
2021-07-02,Tuolumne,109,53932,4084,4113,41,4154,64
2021-07-02,Ventura,111,848112,82088,81425,3089,84514,1033
2021-07-02,Yolo,113,214977,14246,14188,366,14554,213
2021-07-02,Yuba,115,75493,6259,6197,133,6330,51
2021-07-01,Alameda,001,1643700,90044,89683,2017,91700,1253
2021-07-01,Alpine,003,1148,88,89,0,89,0
2021-07-01,Amador,005,37829,3772,3758,33,3791,46
2021-07-01,Butte,007,227075,12839,12684,1887,14571,201
2021-07-01,Calaveras,009,45235,2220,2200,14,2214,55
2021-07-01,Colusa,011,21464,1976,1969,324,2293,15
2021-07-01,Contra Costa,013,1133247,71510,70941,1344,72285,818
2021-07-01,Del Norte,015,27424,1473,1439,13,1452,8
2021-07-01,El Dorado,017,186661,10543,10433,774,11207,113
2021-07-01,Fresno,019,978130,103680,102512,8826,111338,1727
2021-07-01,Glenn,021,27897,2458,2442,574,3016,20
2021-07-01,Humboldt,023,135768,4565,4530,52,4582,49
2021-07-01,Imperial,025,180216,28834,28661,2929,31590,739
2021-07-01,Inyo,027,18085,1415,1412,12,1424,35
2021-07-01,Kern,029,883053,98097,97421,11227,108648,1347
2021-07-01,Kings,031,150075,23331,23051,1117,24168,245
2021-07-01,Lake,033,64148,3656,3623,13,3636,62
2021-07-01,Lassen,035,31185,5303,5277,117,5394,20
2021-07-01,Los Angeles,037,10098052,1214450,1208705,42318,1251023,24506
2021-07-01,Madera,039,155013,16845,16696,955,17651,240
2021-07-01,Marin,041,260295,14270,14143,268,14411,233
2021-07-01,Mariposa,043,17540,442,441,11,452,5
2021-07-01,Mendocino,045,87422,4220,4122,84,4206,49
2021-07-01,Merced,047,269075,31365,31297,1005,32302,469
2021-07-01,Modoc,049,8938,420,410,149,559,4
2021-07-01,Mono,051,14174,1264,1275,18,1293,3
2021-07-01,Monterey,053,433212,43405,43212,1894,45106,492
2021-07-01,Napa,055,140530,10073,10045,40,10085,81
2021-07-01,Nevada,057,99092,5012,4966,195,5161,72
2021-07-01,Orange,059,3164182,257271,255823,11614,267437,5126
2021-07-01,Placer,061,380077,23987,23764,1575,25339,299
2021-07-01,Plumas,063,18699,724,707,12,719,4
2021-07-01,Riverside,065,2383286,296335,293260,14244,307504,4536
2021-07-01,Sacramento,067,1510023,109106,108257,1883,110140,1676
2021-07-01,San Benito,069,59416,6135,6108,116,6224,63
2021-07-01,San Bernardino,071,2135413,295461,294294,9108,303402,5003
2021-07-01,San Diego,073,3302833,283818,282692,15508,298200,3780
2021-07-01,San Francisco,075,870044,37354,37107,1328,38435,558
2021-07-01,San Joaquin,077,732212,74393,73841,3685,77526,1409
2021-07-01,San Luis Obispo,079,281455,21590,21330,763,22093,256
2021-07-01,San Mateo,081,765935,42964,42691,495,43186,541
2021-07-01,Santa Barbara,083,443738,34633,34526,1211,35737,456
2021-07-01,Santa Clara,085,1922200,119780,118966,787,119753,2090
2021-07-01,Santa Cruz,087,273765,16362,16254,818,17072,208
2021-07-01,Shasta,089,179085,12644,12582,1658,14240,204
2021-07-01,Sierra,091,2930,63,60,12,72,0
2021-07-01,Siskiyou,093,43540,1974,1899,385,2284,29
2021-07-01,Solano,095,438530,33657,33486,581,34067,268
2021-07-01,Sonoma,097,501317,31187,31000,371,31371,316
2021-07-01,Stanislaus,099,539301,57263,57018,6054,63072,1018
2021-07-01,Sutter,101,95872,9718,9644,90,9734,114
2021-07-01,Tehama,103,63373,5168,5124,598,5722,63
2021-07-01,Trinity,105,12862,494,341,99,440,3
2021-07-01,Tulare,107,460477,50529,49789,9229,59018,853
2021-07-01,Tuolumne,109,53932,4077,4113,41,4154,64
2021-07-01,Ventura,111,848112,82057,81425,3078,84503,1033
2021-07-01,Yolo,113,214977,14231,14188,364,14552,213
2021-07-01,Yuba,115,75493,6252,6197,133,6330,51
2021-06-30,Alameda,001,1643700,89965,89597,2012,91609,1256
2021-06-30,Alpine,003,1148,88,89,0,89,0
2021-06-30,Amador,005,37829,3770,3756,33,3789,46
2021-06-30,Butte,007,227075,12832,12676,1878,14554,201
2021-06-30,Calaveras,009,45235,2214,2198,14,2212,55
2021-06-30,Colusa,011,21464,1974,1967,321,2288,15
2021-06-30,Contra Costa,013,1133247,71446,70869,1341,72210,818
2021-06-30,Del Norte,015,27424,1468,1435,13,1448,8
2021-06-30,El Dorado,017,186661,10524,10420,774,11194,113
2021-06-30,Fresno,019,978130,103643,102490,8823,111313,1727
2021-06-30,Glenn,021,27897,2456,2440,574,3014,20
2021-06-30,Humboldt,023,135768,4549,4522,50,4572,49
2021-06-30,Imperial,025,180216,28826,28651,2929,31580,739
2021-06-30,Inyo,027,18085,1415,1409,12,1421,35
2021-06-30,Kern,029,883053,98056,97267,11215,108482,1348
2021-06-30,Kings,031,150075,23326,23038,1116,24154,245
2021-06-30,Lake,033,64148,3643,3601,13,3614,56
2021-06-30,Lassen,035,31185,5298,5269,117,5386,20
2021-06-30,Los Angeles,037,10098052,1213780,1208246,42274,1250520,24499
2021-06-30,Madera,039,155013,16837,16688,953,17641,240
2021-06-30,Marin,041,260295,14261,14133,267,14400,232
2021-06-30,Mariposa,043,17540,441,441,11,452,5
2021-06-30,Mendocino,045,87422,4210,4115,84,4199,49
2021-06-30,Merced,047,269075,31355,31286,1005,32291,469
2021-06-30,Modoc,049,8938,420,410,149,559,4
2021-06-30,Mono,051,14174,1264,1275,18,1293,3
2021-06-30,Monterey,053,433212,43400,43209,1892,45101,492
2021-06-30,Napa,055,140530,10065,10039,40,10079,81
2021-06-30,Nevada,057,99092,5001,4958,195,5153,72
2021-06-30,Orange,059,3164182,257142,255764,11604,267368,5125
2021-06-30,Placer,061,380077,23963,23721,1571,25292,299
2021-06-30,Plumas,063,18699,724,705,12,717,4
2021-06-30,Riverside,065,2383286,296221,293280,14234,307514,4535
2021-06-30,Sacramento,067,1510023,108967,108137,1879,110016,1676
2021-06-30,San Benito,069,59416,6131,6105,116,6221,63
2021-06-30,San Bernardino,071,2135413,295302,294211,9103,303314,4975
2021-06-30,San Diego,073,3302833,283682,282583,15480,298063,3780
2021-06-30,San Francisco,075,870044,37305,37065,1323,38388,558
2021-06-30,San Joaquin,077,732212,74331,73777,3684,77461,1409
2021-06-30,San Luis Obispo,079,281455,21577,21326,762,22088,256
2021-06-30,San Mateo,081,765935,42927,42599,494,43093,537
2021-06-30,Santa Barbara,083,443738,34617,34521,1211,35732,456
2021-06-30,Santa Clara,085,1922200,119733,118930,784,119714,2090
2021-06-30,Santa Cruz,087,273765,16356,16250,818,17068,208
2021-06-30,Shasta,089,179085,12638,12564,1658,14222,204
2021-06-30,Sierra,091,2930,63,60,12,72,0
2021-06-30,Siskiyou,093,43540,1972,1900,382,2282,29
2021-06-30,Solano,095,438530,33618,33453,579,34032,268
2021-06-30,Sonoma,097,501317,31157,30947,371,31318,316
2021-06-30,Stanislaus,099,539301,57246,56997,6053,63050,1018
2021-06-30,Sutter,101,95872,9708,9638,90,9728,114
2021-06-30,Tehama,103,63373,5166,5124,598,5722,63
2021-06-30,Trinity,105,12862,494,341,99,440,3
2021-06-30,Tulare,107,460477,50518,49764,9218,58982,853
2021-06-30,Tuolumne,109,53932,4074,4112,41,4153,64
2021-06-30,Ventura,111,848112,82014,81392,3073,84465,1032
2021-06-30,Yolo,113,214977,14225,14178,361,14539,213
2021-06-30,Yuba,115,75493,6245,6191,133,6324,51
2021-06-29,Alameda,001,1643700,89858,89519,2011,91530,1257
2021-06-29,Alpine,003,1148,88,89,0,89,0
2021-06-29,Amador,005,37829,3766,3754,33,3787,46
2021-06-29,Butte,007,227075,12824,12669,1878,14547,201
2021-06-29,Calaveras,009,45235,2208,2198,14,2212,55
2021-06-29,Colusa,011,21464,1972,1967,321,2288,15
2021-06-29,Contra Costa,013,1133247,71372,70775,1340,72115,817
2021-06-29,Del Norte,015,27424,1467,1435,13,1448,8
2021-06-29,El Dorado,017,186661,10511,10403,770,11173,113
2021-06-29,Fresno,019,978130,103610,102464,8820,111284,1725
2021-06-29,Glenn,021,27897,2455,2439,574,3013,20
2021-06-29,Humboldt,023,135768,4545,4514,49,4563,49
2021-06-29,Imperial,025,180216,28817,28645,2927,31572,737
2021-06-29,Inyo,027,18085,1415,1408,12,1420,35
2021-06-29,Kern,029,883053,98035,97173,11209,108382,1347
2021-06-29,Kings,031,150075,23317,23035,1115,24150,245
2021-06-29,Lake,033,64148,3637,3594,13,3607,56
2021-06-29,Lassen,035,31185,5291,5268,117,5385,20
2021-06-29,Los Angeles,037,10098052,1213171,1207895,42243,1250138,24498
2021-06-29,Madera,039,155013,16833,16680,952,17632,240
2021-06-29,Marin,041,260295,14249,14127,267,14394,232
2021-06-29,Mariposa,043,17540,441,441,11,452,5
2021-06-29,Mendocino,045,87422,4206,4107,83,4190,49
2021-06-29,Merced,047,269075,31343,31277,1005,32282,469
2021-06-29,Modoc,049,8938,419,408,149,557,3
2021-06-29,Mono,051,14174,1264,1275,18,1293,3
2021-06-29,Monterey,053,433212,43390,43196,1890,45086,471
2021-06-29,Napa,055,140530,10059,10033,40,10073,81
2021-06-29,Nevada,057,99092,4994,4952,195,5147,72
2021-06-29,Orange,059,3164182,257042,255686,11589,267275,5124
2021-06-29,Placer,061,380077,23943,23693,1569,25262,299
2021-06-29,Plumas,063,18699,724,704,12,716,4
2021-06-29,Riverside,065,2383286,296122,292962,14227,307189,4524
2021-06-29,Sacramento,067,1510023,108814,108067,1876,109943,1677
2021-06-29,San Benito,069,59416,6120,6099,116,6215,63
2021-06-29,San Bernardino,071,2135413,295190,294118,9101,303219,4940
2021-06-29,San Diego,073,3302833,283527,282499,15453,297952,3780
2021-06-29,San Francisco,075,870044,37267,37041,1320,38361,558
2021-06-29,San Joaquin,077,732212,74283,73724,3681,77405,1409
2021-06-29,San Luis Obispo,079,281455,21567,21324,761,22085,256
2021-06-29,San Mateo,081,765935,42893,42540,494,43034,540
2021-06-29,Santa Barbara,083,443738,34607,34507,1210,35717,455
2021-06-29,Santa Clara,085,1922200,119678,118893,783,119676,2090
2021-06-29,Santa Cruz,087,273765,16350,16249,818,17067,208
2021-06-29,Shasta,089,179085,12626,12564,1657,14221,204
2021-06-29,Sierra,091,2930,63,59,12,71,0
2021-06-29,Siskiyou,093,43540,1969,1897,378,2275,29
2021-06-29,Solano,095,438530,33585,33440,577,34017,268
2021-06-29,Sonoma,097,501317,31115,30950,369,31319,316
2021-06-29,Stanislaus,099,539301,57225,56980,6046,63026,1018
2021-06-29,Sutter,101,95872,9697,9634,90,9724,114
2021-06-29,Tehama,103,63373,5166,5124,598,5722,63
2021-06-29,Trinity,105,12862,494,341,99,440,3
2021-06-29,Tulare,107,460477,50505,49751,9213,58964,852
2021-06-29,Tuolumne,109,53932,4072,4111,41,4152,64
2021-06-29,Ventura,111,848112,81976,81363,3067,84430,1032
2021-06-29,Yolo,113,214977,14213,14171,360,14531,213
2021-06-29,Yuba,115,75493,6235,6188,133,6321,51
2021-06-28,Alameda,001,1643700,89765,89638,2008,91646,1259
2021-06-28,Alpine,003,1148,88,89,0,89,0
2021-06-28,Amador,005,37829,3765,3753,33,3786,46
2021-06-28,Butte,007,227075,12815,12697,1876,14573,198
2021-06-28,Calaveras,009,45235,2205,2203,14,2217,55
2021-06-28,Colusa,011,21464,1970,1974,321,2295,15
2021-06-28,Contra Costa,013,1133247,71298,70807,1338,72145,816
2021-06-28,Del Norte,015,27424,1467,1436,13,1449,8
2021-06-28,El Dorado,017,186661,10501,10422,766,11188,115
2021-06-28,Fresno,019,978130,103580,103121,8818,111939,1727
2021-06-28,Glenn,021,27897,2455,2439,574,3013,20
2021-06-28,Humboldt,023,135768,4538,4520,48,4568,49
2021-06-28,Imperial,025,180216,28809,28981,2926,31907,741
2021-06-28,Inyo,027,18085,1412,1407,12,1419,35
2021-06-28,Kern,029,883053,98016,97252,11204,108456,1348
2021-06-28,Kings,031,150075,23311,23134,1115,24249,246
2021-06-28,Lake,033,64148,3629,3591,13,3604,56
2021-06-28,Lassen,035,31185,5289,5268,117,5385,20
2021-06-28,Los Angeles,037,10098052,1212653,1207714,42207,1249921,24496
2021-06-28,Madera,039,155013,16822,16683,951,17634,240
2021-06-28,Marin,041,260295,14234,14186,267,14453,232
2021-06-28,Mariposa,043,17540,441,440,11,451,5
2021-06-28,Mendocino,045,87422,4197,4102,82,4184,49
2021-06-28,Merced,047,269075,31331,31277,1005,32282,469
2021-06-28,Modoc,049,8938,419,411,148,559,3
2021-06-28,Mono,051,14174,1264,1276,18,1294,3
2021-06-28,Monterey,053,433212,43386,43202,1889,45091,462
2021-06-28,Napa,055,140530,10050,10050,39,10089,81
2021-06-28,Nevada,057,99092,4990,4951,195,5146,72
2021-06-28,Orange,059,3164182,256952,255755,11575,267330,5123
2021-06-28,Placer,061,380077,23923,23756,1564,25320,299
2021-06-28,Plumas,063,18699,722,704,12,716,4
2021-06-28,Riverside,065,2383286,295996,292647,14214,306861,4507
2021-06-28,Sacramento,067,1510023,108682,108342,1871,110213,1675
2021-06-28,San Benito,069,59416,6118,6101,116,6217,63
2021-06-28,San Bernardino,071,2135413,295089,294151,9096,303247,4928
2021-06-28,San Diego,073,3302833,283364,282417,15424,297841,3780
2021-06-28,San Francisco,075,870044,37231,37372,1318,38690,559
2021-06-28,San Joaquin,077,732212,74235,73973,3677,77650,1411
2021-06-28,San Luis Obispo,079,281455,21563,21340,760,22100,256
2021-06-28,San Mateo,081,765935,42859,42927,493,43420,540
2021-06-28,Santa Barbara,083,443738,34600,34534,1208,35742,455
2021-06-28,Santa Clara,085,1922200,119614,120377,782,121159,2103
2021-06-28,Santa Cruz,087,273765,16345,16245,818,17063,208
2021-06-28,Shasta,089,179085,12622,12642,1655,14297,203
2021-06-28,Sierra,091,2930,63,58,12,70,0
2021-06-28,Siskiyou,093,43540,1968,1896,378,2274,29
2021-06-28,Solano,095,438530,33549,33524,575,34099,267
2021-06-28,Sonoma,097,501317,31078,31137,368,31505,315
2021-06-28,Stanislaus,099,539301,57207,57047,6042,63089,1018
2021-06-28,Sutter,101,95872,9693,9682,90,9772,114
2021-06-28,Tehama,103,63373,5164,5122,598,5720,63
2021-06-28,Trinity,105,12862,494,341,99,440,3
2021-06-28,Tulare,107,460477,50495,49751,9209,58960,850
2021-06-28,Tuolumne,109,53932,4065,4121,41,4162,64
2021-06-28,Ventura,111,848112,81919,81393,3062,84455,1032
2021-06-28,Yolo,113,214977,14204,14199,357,14556,213
2021-06-28,Yuba,115,75493,6230,6207,133,6340,51
2021-06-27,Alameda,001,1643700,89679,89611,2003,91614,1259
2021-06-27,Alpine,003,1148,88,89,0,89,0
2021-06-27,Amador,005,37829,3764,3752,33,3785,46
2021-06-27,Butte,007,227075,12806,12696,1875,14571,198
2021-06-27,Calaveras,009,45235,2203,2203,14,2217,55
2021-06-27,Colusa,011,21464,1970,1974,321,2295,15
2021-06-27,Contra Costa,013,1133247,71212,70762,1334,72096,816
2021-06-27,Del Norte,015,27424,1464,1436,13,1449,8
2021-06-27,El Dorado,017,186661,10489,10418,763,11181,115
2021-06-27,Fresno,019,978130,103551,103110,8816,111926,1727
2021-06-27,Glenn,021,27897,2454,2439,573,3012,20
2021-06-27,Humboldt,023,135768,4526,4513,45,4558,49
2021-06-27,Imperial,025,180216,28795,28987,2925,31912,741
2021-06-27,Inyo,027,18085,1412,1407,12,1419,35
2021-06-27,Kern,029,883053,97990,97249,11197,108446,1348
2021-06-27,Kings,031,150075,23301,23132,1115,24247,246
2021-06-27,Lake,033,64148,3622,3581,13,3594,56
2021-06-27,Lassen,035,31185,5288,5265,117,5382,20
2021-06-27,Los Angeles,037,10098052,1212108,1207461,42167,1249628,24493
2021-06-27,Madera,039,155013,16814,16680,951,17631,240
2021-06-27,Marin,041,260295,14225,14182,267,14449,232
2021-06-27,Mariposa,043,17540,441,440,11,451,5
2021-06-27,Mendocino,045,87422,4190,4100,82,4182,49
2021-06-27,Merced,047,269075,31319,31266,1005,32271,469
2021-06-27,Modoc,049,8938,419,411,148,559,3
2021-06-27,Mono,051,14174,1264,1279,18,1297,3
2021-06-27,Monterey,053,433212,43373,43199,1889,45088,462
2021-06-27,Napa,055,140530,10044,10046,39,10085,81
2021-06-27,Nevada,057,99092,4984,4946,195,5141,72
2021-06-27,Orange,059,3164182,256838,255710,11564,267274,5123
2021-06-27,Placer,061,380077,23890,23731,1561,25292,299
2021-06-27,Plumas,063,18699,722,704,12,716,4
2021-06-27,Riverside,065,2383286,295893,292641,14207,306848,4507
2021-06-27,Sacramento,067,1510023,108547,108279,1867,110146,1675
2021-06-27,San Benito,069,59416,6112,6101,116,6217,63
2021-06-27,San Bernardino,071,2135413,294976,294115,9094,303209,4927
2021-06-27,San Diego,073,3302833,283224,282359,15398,297757,3780
2021-06-27,San Francisco,075,870044,37194,37360,1317,38677,559
2021-06-27,San Joaquin,077,732212,74199,73960,3675,77635,1411
2021-06-27,San Luis Obispo,079,281455,21556,21340,759,22099,256
2021-06-27,San Mateo,081,765935,42830,42925,490,43415,539
2021-06-27,Santa Barbara,083,443738,34586,34533,1206,35739,455
2021-06-27,Santa Clara,085,1922200,119563,120352,781,121133,2103
2021-06-27,Santa Cruz,087,273765,16336,16241,818,17059,208
2021-06-27,Shasta,089,179085,12616,12640,1654,14294,203
2021-06-27,Sierra,091,2930,63,58,12,70,0
2021-06-27,Siskiyou,093,43540,1966,1896,377,2273,29
2021-06-27,Solano,095,438530,33521,33516,575,34091,267
2021-06-27,Sonoma,097,501317,31040,31129,368,31497,315
2021-06-27,Stanislaus,099,539301,57168,57021,6039,63060,1018
2021-06-27,Sutter,101,95872,9687,9678,90,9768,114
2021-06-27,Tehama,103,63373,5160,5122,598,5720,63
2021-06-27,Trinity,105,12862,494,341,98,439,3
2021-06-27,Tulare,107,460477,50482,49749,9202,58951,850
2021-06-27,Tuolumne,109,53932,4063,4121,41,4162,64
2021-06-27,Ventura,111,848112,81885,81361,3053,84414,1032
2021-06-27,Yolo,113,214977,14189,14194,353,14547,213
2021-06-27,Yuba,115,75493,6224,6205,133,6338,51
2021-06-26,Alameda,001,1643700,89622,89560,2001,91561,1259
2021-06-26,Alpine,003,1148,88,89,0,89,0
2021-06-26,Amador,005,37829,3764,3748,33,3781,46
2021-06-26,Butte,007,227075,12802,12693,1872,14565,198
2021-06-26,Calaveras,009,45235,2201,2202,14,2216,55
2021-06-26,Colusa,011,21464,1970,1973,321,2294,15
2021-06-26,Contra Costa,013,1133247,71169,70712,1333,72045,816
2021-06-26,Del Norte,015,27424,1463,1432,13,1445,8
2021-06-26,El Dorado,017,186661,10481,10414,762,11176,115
2021-06-26,Fresno,019,978130,103531,103091,8814,111905,1727
2021-06-26,Glenn,021,27897,2452,2441,573,3014,20
2021-06-26,Humboldt,023,135768,4523,4509,45,4554,49
2021-06-26,Imperial,025,180216,28791,28970,2925,31895,741
2021-06-26,Inyo,027,18085,1412,1407,12,1419,35
2021-06-26,Kern,029,883053,97964,97239,11188,108427,1348
2021-06-26,Kings,031,150075,23297,23128,1114,24242,246
2021-06-26,Lake,033,64148,3611,3576,13,3589,56
2021-06-26,Lassen,035,31185,5285,5263,117,5380,20
2021-06-26,Los Angeles,037,10098052,1211804,1207198,42132,1249330,24490
2021-06-26,Madera,039,155013,16807,16679,950,17629,240
2021-06-26,Marin,041,260295,14216,14180,267,14447,232
2021-06-26,Mariposa,043,17540,441,440,11,451,5
2021-06-26,Mendocino,045,87422,4188,4096,82,4178,49
2021-06-26,Merced,047,269075,31313,31259,1004,32263,469
2021-06-26,Modoc,049,8938,419,411,148,559,3
2021-06-26,Mono,051,14174,1264,1279,18,1297,3
2021-06-26,Monterey,053,433212,43370,43192,1889,45081,462
2021-06-26,Napa,055,140530,10038,10043,39,10082,81
2021-06-26,Nevada,057,99092,4979,4939,195,5134,72
2021-06-26,Orange,059,3164182,256759,255640,11557,267197,5123
2021-06-26,Placer,061,380077,23876,23702,1559,25261,299
2021-06-26,Plumas,063,18699,722,704,12,716,4
2021-06-26,Riverside,065,2383286,295835,292480,14201,306681,4505
2021-06-26,Sacramento,067,1510023,108476,108179,1865,110044,1675
2021-06-26,San Benito,069,59416,6108,6100,116,6216,63
2021-06-26,San Bernardino,071,2135413,294881,294034,9089,303123,4928
2021-06-26,San Diego,073,3302833,283139,282263,15380,297643,3780
2021-06-26,San Francisco,075,870044,37162,37348,1316,38664,559
2021-06-26,San Joaquin,077,732212,74170,73928,3674,77602,1411
2021-06-26,San Luis Obispo,079,281455,21555,21330,758,22088,256
2021-06-26,San Mateo,081,765935,42810,42898,490,43388,539
2021-06-26,Santa Barbara,083,443738,34577,34525,1206,35731,455
2021-06-26,Santa Clara,085,1922200,119530,120321,781,121102,2103
2021-06-26,Santa Cruz,087,273765,16333,16239,818,17057,208
2021-06-26,Shasta,089,179085,12612,12635,1650,14285,203
2021-06-26,Sierra,091,2930,63,58,12,70,0
2021-06-26,Siskiyou,093,43540,1965,1896,376,2272,29
2021-06-26,Solano,095,438530,33503,33489,573,34062,267
2021-06-26,Sonoma,097,501317,31014,31088,368,31456,315
2021-06-26,Stanislaus,099,539301,57152,57006,6037,63043,1018
2021-06-26,Sutter,101,95872,9686,9669,90,9759,114
2021-06-26,Tehama,103,63373,5160,5119,598,5717,63
2021-06-26,Trinity,105,12862,494,341,98,439,3
2021-06-26,Tulare,107,460477,50476,49745,9202,58947,850
2021-06-26,Tuolumne,109,53932,4063,4121,41,4162,64
2021-06-26,Ventura,111,848112,81861,81352,3052,84404,1032
2021-06-26,Yolo,113,214977,14181,14184,353,14537,213
2021-06-26,Yuba,115,75493,6221,6200,133,6333,51
2021-06-25,Alameda,001,1643700,89556,89453,1998,91451,1271
2021-06-25,Alpine,003,1148,88,89,0,89,0
2021-06-25,Amador,005,37829,3763,3746,33,3779,46
2021-06-25,Butte,007,227075,12797,12682,1869,14551,198
2021-06-25,Calaveras,009,45235,2200,2201,14,2215,55
2021-06-25,Colusa,011,21464,1970,1972,321,2293,15
2021-06-25,Contra Costa,013,1133247,71133,70659,1333,71992,815
2021-06-25,Del Norte,015,27424,1463,1426,13,1439,8
2021-06-25,El Dorado,017,186661,10473,10406,759,11165,115
2021-06-25,Fresno,019,978130,103513,103073,8810,111883,1727
2021-06-25,Glenn,021,27897,2452,2441,573,3014,20
2021-06-25,Humboldt,023,135768,4517,4503,43,4546,49
2021-06-25,Imperial,025,180216,28788,28968,2925,31893,740
2021-06-25,Inyo,027,18085,1411,1406,12,1418,35
2021-06-25,Kern,029,883053,97945,97182,11184,108366,1347
2021-06-25,Kings,031,150075,23291,23118,1114,24232,246
2021-06-25,Lake,033,64148,3605,3571,13,3584,56
2021-06-25,Lassen,035,31185,5284,5259,117,5376,20
2021-06-25,Los Angeles,037,10098052,1211524,1206909,42113,1249022,24483
2021-06-25,Madera,039,155013,16804,16670,950,17620,240
2021-06-25,Marin,041,260295,14213,14179,267,14446,232
2021-06-25,Mariposa,043,17540,441,440,11,451,5
2021-06-25,Mendocino,045,87422,4185,4089,82,4171,49
2021-06-25,Merced,047,269075,31305,31256,1004,32260,467
2021-06-25,Modoc,049,8938,419,411,148,559,3
2021-06-25,Mono,051,14174,1264,1279,18,1297,3
2021-06-25,Monterey,053,433212,43365,43184,1888,45072,462
2021-06-25,Napa,055,140530,10033,10037,39,10076,81
2021-06-25,Nevada,057,99092,4976,4932,195,5127,72
2021-06-25,Orange,059,3164182,256688,255574,11555,267129,5119
2021-06-25,Placer,061,380077,23857,23672,1558,25230,299
2021-06-25,Plumas,063,18699,722,702,11,713,4
2021-06-25,Riverside,065,2383286,295768,291663,14194,305857,4490
2021-06-25,Sacramento,067,1510023,108404,108034,1862,109896,1673
2021-06-25,San Benito,069,59416,6104,6098,116,6214,63
2021-06-25,San Bernardino,071,2135413,294826,293941,9087,303028,4911
2021-06-25,San Diego,073,3302833,283079,282157,15367,297524,3779
2021-06-25,San Francisco,075,870044,37139,37338,1315,38653,559
2021-06-25,San Joaquin,077,732212,74137,73860,3672,77532,1410
2021-06-25,San Luis Obispo,079,281455,21552,21325,757,22082,256
2021-06-25,San Mateo,081,765935,42792,42849,490,43339,537
2021-06-25,Santa Barbara,083,443738,34568,34518,1205,35723,454
2021-06-25,Santa Clara,085,1922200,119510,120272,781,121053,2103
2021-06-25,Santa Cruz,087,273765,16330,16230,816,17046,208
2021-06-25,Shasta,089,179085,12602,12633,1649,14282,202
2021-06-25,Sierra,091,2930,63,58,12,70,0
2021-06-25,Siskiyou,093,43540,1964,1894,376,2270,29
2021-06-25,Solano,095,438530,33483,33449,573,34022,267
2021-06-25,Sonoma,097,501317,30992,31043,368,31411,314
2021-06-25,Stanislaus,099,539301,57136,56973,6030,63003,1018
2021-06-25,Sutter,101,95872,9679,9664,90,9754,114
2021-06-25,Tehama,103,63373,5159,5119,598,5717,63
2021-06-25,Trinity,105,12862,494,338,98,436,3
2021-06-25,Tulare,107,460477,50469,49731,9199,58930,850
2021-06-25,Tuolumne,109,53932,4062,4121,41,4162,64
2021-06-25,Ventura,111,848112,81832,81342,3046,84388,1032
2021-06-25,Yolo,113,214977,14175,14172,353,14525,213
2021-06-25,Yuba,115,75493,6217,6195,133,6328,51
2021-06-24,Alameda,001,1643700,89485,89358,1995,91353,1268
2021-06-24,Alpine,003,1148,88,89,0,89,0
2021-06-24,Amador,005,37829,3759,3745,33,3778,46
2021-06-24,Butte,007,227075,12791,12673,1867,14540,198
2021-06-24,Calaveras,009,45235,2197,2202,14,2216,55
2021-06-24,Colusa,011,21464,1969,1972,321,2293,15
2021-06-24,Contra Costa,013,1133247,71074,70590,1333,71923,813
2021-06-24,Del Norte,015,27424,1462,1421,13,1434,8
2021-06-24,El Dorado,017,186661,10466,10402,759,11161,115
2021-06-24,Fresno,019,978130,103493,103061,8807,111868,1727
2021-06-24,Glenn,021,27897,2451,2439,573,3012,20
2021-06-24,Humboldt,023,135768,4512,4493,43,4536,49
2021-06-24,Imperial,025,180216,28785,28981,2924,31905,740
2021-06-24,Inyo,027,18085,1410,1406,12,1418,35
2021-06-24,Kern,029,883053,97926,97129,11171,108300,1346
2021-06-24,Kings,031,150075,23287,23114,1112,24226,246
2021-06-24,Lake,033,64148,3599,3571,13,3584,56
2021-06-24,Lassen,035,31185,5283,5258,117,5375,20
2021-06-24,Los Angeles,037,10098052,1211200,1206590,42090,1248680,24480
2021-06-24,Madera,039,155013,16793,16662,949,17611,240
2021-06-24,Marin,041,260295,14209,14180,267,14447,232
2021-06-24,Mariposa,043,17540,441,440,11,451,5
2021-06-24,Mendocino,045,87422,4177,4085,82,4167,49
2021-06-24,Merced,047,269075,31295,31248,1003,32251,466
2021-06-24,Modoc,049,8938,419,411,148,559,3
2021-06-24,Mono,051,14174,1264,1276,18,1294,3
2021-06-24,Monterey,053,433212,43358,43180,1888,45068,451
2021-06-24,Napa,055,140530,10031,10036,39,10075,80
2021-06-24,Nevada,057,99092,4974,4927,195,5122,72
2021-06-24,Orange,059,3164182,256624,255520,11547,267067,5117
2021-06-24,Placer,061,380077,23832,23659,1556,25215,299
2021-06-24,Plumas,063,18699,721,702,11,713,4
2021-06-24,Riverside,065,2383286,295688,291067,14183,305250,4473
2021-06-24,Sacramento,067,1510023,108316,107965,1860,109825,1672
2021-06-24,San Benito,069,59416,6101,6098,116,6214,63
2021-06-24,San Bernardino,071,2135413,294757,293895,9082,302977,4898
2021-06-24,San Diego,073,3302833,282974,282053,15355,297408,3778
2021-06-24,San Francisco,075,870044,37117,37320,1313,38633,559
2021-06-24,San Joaquin,077,732212,74089,73814,3672,77486,1408
2021-06-24,San Luis Obispo,079,281455,21546,21326,757,22083,256
2021-06-24,San Mateo,081,765935,42766,42814,489,43303,542
2021-06-24,Santa Barbara,083,443738,34562,34512,1204,35716,454
2021-06-24,Santa Clara,085,1922200,119480,120274,780,121054,2103
2021-06-24,Santa Cruz,087,273765,16329,16227,816,17043,208
2021-06-24,Shasta,089,179085,12597,12629,1645,14274,202
2021-06-24,Sierra,091,2930,63,58,12,70,0
2021-06-24,Siskiyou,093,43540,1964,1892,376,2268,28
2021-06-24,Solano,095,438530,33460,33432,571,34003,267
2021-06-24,Sonoma,097,501317,30963,31020,368,31388,314
2021-06-24,Stanislaus,099,539301,57110,56946,6030,62976,1018
2021-06-24,Sutter,101,95872,9672,9660,90,9750,113
2021-06-24,Tehama,103,63373,5156,5115,598,5713,63
2021-06-24,Trinity,105,12862,493,338,98,436,3
2021-06-24,Tulare,107,460477,50458,49730,9197,58927,850
2021-06-24,Tuolumne,109,53932,4060,4120,41,4161,64
2021-06-24,Ventura,111,848112,81804,81332,3045,84377,1032
2021-06-24,Yolo,113,214977,14166,14169,350,14519,213
2021-06-24,Yuba,115,75493,6212,6195,133,6328,51
2021-06-23,Alameda,001,1643700,89412,89338,1994,91332,1266
2021-06-23,Alpine,003,1148,88,88,0,88,0
2021-06-23,Amador,005,37829,3757,3743,33,3776,46
2021-06-23,Butte,007,227075,12784,12666,1867,14533,198
2021-06-23,Calaveras,009,45235,2196,2199,14,2213,55
2021-06-23,Colusa,011,21464,1968,1972,321,2293,15
2021-06-23,Contra Costa,013,1133247,71009,70526,1332,71858,813
2021-06-23,Del Norte,015,27424,1458,1418,13,1431,8
2021-06-23,El Dorado,017,186661,10457,10395,756,11151,115
2021-06-23,Fresno,019,978130,103464,103020,8805,111825,1724
2021-06-23,Glenn,021,27897,2451,2437,572,3009,20
2021-06-23,Humboldt,023,135768,4503,4490,43,4533,48
2021-06-23,Imperial,025,180216,28778,28908,2924,31832,740
2021-06-23,Inyo,027,18085,1410,1406,12,1418,35
2021-06-23,Kern,029,883053,97898,97078,11158,108236,1345
2021-06-23,Kings,031,150075,23280,23105,1110,24215,245
2021-06-23,Lake,033,64148,3590,3566,13,3579,53
2021-06-23,Lassen,035,31185,5280,5257,117,5374,20
2021-06-23,Los Angeles,037,10098052,1210863,1206358,42080,1248438,24472
2021-06-23,Madera,039,155013,16787,16660,949,17609,240
2021-06-23,Marin,041,260295,14203,14177,267,14444,230
2021-06-23,Mariposa,043,17540,441,439,11,450,5
2021-06-23,Mendocino,045,87422,4173,4078,82,4160,49
2021-06-23,Merced,047,269075,31286,31260,1003,32263,465
2021-06-23,Modoc,049,8938,417,407,148,555,3
2021-06-23,Mono,051,14174,1264,1279,18,1297,3
2021-06-23,Monterey,053,433212,43349,43166,1888,45054,439
2021-06-23,Napa,055,140530,10022,10032,39,10071,80
2021-06-23,Nevada,057,99092,4971,4924,195,5119,72
2021-06-23,Orange,059,3164182,256558,255479,11539,267018,5116
2021-06-23,Placer,061,380077,23803,23630,1551,25181,299
2021-06-23,Plumas,063,18699,720,701,11,712,4
2021-06-23,Riverside,065,2383286,295605,290343,14181,304524,4462
2021-06-23,Sacramento,067,1510023,108224,107868,1855,109723,1671
2021-06-23,San Benito,069,59416,6097,6097,116,6213,63
2021-06-23,San Bernardino,071,2135413,294678,293816,9077,302893,4886
2021-06-23,San Diego,073,3302833,282874,281937,15334,297271,3777
2021-06-23,San Francisco,075,870044,37093,37304,1312,38616,559
2021-06-23,San Joaquin,077,732212,74050,73764,3670,77434,1405
2021-06-23,San Luis Obispo,079,281455,21542,21323,756,22079,257
2021-06-23,San Mateo,081,765935,42750,42756,489,43245,542
2021-06-23,Santa Barbara,083,443738,34552,34505,1204,35709,454
2021-06-23,Santa Clara,085,1922200,119451,120233,780,121013,2098
2021-06-23,Santa Cruz,087,273765,16325,16215,816,17031,209
2021-06-23,Shasta,089,179085,12590,12604,1643,14247,202
2021-06-23,Sierra,091,2930,63,57,12,69,0
2021-06-23,Siskiyou,093,43540,1962,1892,376,2268,28
2021-06-23,Solano,095,438530,33416,33408,571,33979,267
2021-06-23,Sonoma,097,501317,30923,30959,366,31325,314
2021-06-23,Stanislaus,099,539301,57080,56926,6029,62955,1017
2021-06-23,Sutter,101,95872,9666,9653,90,9743,113
2021-06-23,Tehama,103,63373,5156,5119,597,5716,63
2021-06-23,Trinity,105,12862,493,338,98,436,3
2021-06-23,Tulare,107,460477,50451,49711,9193,58904,850
2021-06-23,Tuolumne,109,53932,4057,4120,41,4161,64
2021-06-23,Ventura,111,848112,81781,81312,3042,84354,1032
2021-06-23,Yolo,113,214977,14156,14161,350,14511,212
2021-06-23,Yuba,115,75493,6209,6190,133,6323,51
2021-06-22,Alameda,001,1643700,89345,89308,1994,91302,1263
2021-06-22,Alpine,003,1148,88,88,0,88,0
2021-06-22,Amador,005,37829,3754,3743,33,3776,46
2021-06-22,Butte,007,227075,12780,12662,1864,14526,198
2021-06-22,Calaveras,009,45235,2195,2198,14,2212,55
2021-06-22,Colusa,011,21464,1967,1971,321,2292,15
2021-06-22,Contra Costa,013,1133247,70953,70480,1331,71811,813
2021-06-22,Del Norte,015,27424,1455,1417,13,1430,8
2021-06-22,El Dorado,017,186661,10452,10380,755,11135,113
2021-06-22,Fresno,019,978130,103445,102996,8801,111797,1724
2021-06-22,Glenn,021,27897,2450,2435,570,3005,19
2021-06-22,Humboldt,023,135768,4493,4483,43,4526,42
2021-06-22,Imperial,025,180216,28773,28880,2924,31804,740
2021-06-22,Inyo,027,18085,1410,1405,12,1417,35
2021-06-22,Kern,029,883053,97885,97013,11154,108167,1342
2021-06-22,Kings,031,150075,23272,23098,1109,24207,245
2021-06-22,Lake,033,64148,3588,3564,13,3577,45
2021-06-22,Lassen,035,31185,5275,5254,117,5371,20
2021-06-22,Los Angeles,037,10098052,1210549,1206146,42068,1248214,24461
2021-06-22,Madera,039,155013,16782,16652,949,17601,240
2021-06-22,Marin,041,260295,14201,14174,267,14441,230
2021-06-22,Mariposa,043,17540,441,439,11,450,5
2021-06-22,Mendocino,045,87422,4167,4072,82,4154,49
2021-06-22,Merced,047,269075,31275,31267,1003,32270,464
2021-06-22,Modoc,049,8938,415,405,147,552,3
2021-06-22,Mono,051,14174,1264,1277,18,1295,3
2021-06-22,Monterey,053,433212,43346,43162,1887,45049,427
2021-06-22,Napa,055,140530,10018,10029,39,10068,80
2021-06-22,Nevada,057,99092,4965,4923,195,5118,72
2021-06-22,Orange,059,3164182,256489,255452,11528,266980,5114
2021-06-22,Placer,061,380077,23781,23603,1551,25154,299
2021-06-22,Plumas,063,18699,720,697,11,708,4
2021-06-22,Riverside,065,2383286,295544,289839,14177,304016,4456
2021-06-22,Sacramento,067,1510023,108123,107801,1850,109651,1670
2021-06-22,San Benito,069,59416,6096,6098,116,6214,63
2021-06-22,San Bernardino,071,2135413,294603,293770,9071,302841,4873
2021-06-22,San Diego,073,3302833,282770,281867,15311,297178,3771
2021-06-22,San Francisco,075,870044,37079,37287,1312,38599,556
2021-06-22,San Joaquin,077,732212,74020,73723,3668,77391,1405
2021-06-22,San Luis Obispo,079,281455,21539,21321,755,22076,257
2021-06-22,San Mateo,081,765935,42736,42725,484,43209,542
2021-06-22,Santa Barbara,083,443738,34541,34500,1203,35703,454
2021-06-22,Santa Clara,085,1922200,119419,120194,780,120974,2095
2021-06-22,Santa Cruz,087,273765,16320,16218,816,17034,209
2021-06-22,Shasta,089,179085,12579,12616,1640,14256,202
2021-06-22,Sierra,091,2930,62,57,12,69,0
2021-06-22,Siskiyou,093,43540,1962,1892,376,2268,28
2021-06-22,Solano,095,438530,33398,33397,570,33967,267
2021-06-22,Sonoma,097,501317,30883,30933,366,31299,314
2021-06-22,Stanislaus,099,539301,57064,56915,6027,62942,1017
2021-06-22,Sutter,101,95872,9659,9649,90,9739,113
2021-06-22,Tehama,103,63373,5154,5118,596,5714,63
2021-06-22,Trinity,105,12862,491,337,98,435,3
2021-06-22,Tulare,107,460477,50442,49706,9188,58894,850
2021-06-22,Tuolumne,109,53932,4055,4119,41,4160,64
2021-06-22,Ventura,111,848112,81767,81300,3041,84341,1032
2021-06-22,Yolo,113,214977,14151,14157,348,14505,212
2021-06-22,Yuba,115,75493,6205,6181,133,6314,51
2021-06-21,Alameda,001,1643700,89288,89281,1993,91274,1262
2021-06-21,Alpine,003,1148,88,88,0,88,0
2021-06-21,Amador,005,37829,3748,3742,33,3775,46
2021-06-21,Butte,007,227075,12774,12668,1862,14530,195
2021-06-21,Calaveras,009,45235,2193,2194,14,2208,55
2021-06-21,Colusa,011,21464,1966,1970,320,2290,15
2021-06-21,Contra Costa,013,1133247,70882,70439,1329,71768,813
2021-06-21,Del Norte,015,27424,1451,1416,13,1429,8
2021-06-21,El Dorado,017,186661,10446,10375,754,11129,113
2021-06-21,Fresno,019,978130,103425,102971,8798,111769,1724
2021-06-21,Glenn,021,27897,2449,2433,570,3003,19
2021-06-21,Humboldt,023,135768,4484,4478,42,4520,42
2021-06-21,Imperial,025,180216,28769,28855,2923,31778,740
2021-06-21,Inyo,027,18085,1409,1405,12,1417,35
2021-06-21,Kern,029,883053,97856,96995,11145,108140,1342
2021-06-21,Kings,031,150075,23265,23091,1106,24197,245
2021-06-21,Lake,033,64148,3582,3563,13,3576,45
2021-06-21,Lassen,035,31185,5273,5233,117,5350,19
2021-06-21,Los Angeles,037,10098052,1210257,1205994,42047,1248041,24459
2021-06-21,Madera,039,155013,16773,16647,949,17596,240
2021-06-21,Marin,041,260295,14197,14173,267,14440,230
2021-06-21,Mariposa,043,17540,441,439,11,450,5
2021-06-21,Mendocino,045,87422,4164,4085,82,4167,49
2021-06-21,Merced,047,269075,31265,31264,1002,32266,465
2021-06-21,Modoc,049,8938,415,405,147,552,3
2021-06-21,Mono,051,14174,1264,1277,18,1295,3
2021-06-21,Monterey,053,433212,43343,43157,1887,45044,427
2021-06-21,Napa,055,140530,10013,10028,39,10067,80
2021-06-21,Nevada,057,99092,4961,4921,195,5116,72
2021-06-21,Orange,059,3164182,256417,255400,11521,266921,5113
2021-06-21,Placer,061,380077,23757,23577,1551,25128,298
2021-06-21,Plumas,063,18699,718,697,11,708,4
2021-06-21,Riverside,065,2383286,295468,289797,14172,303969,4456
2021-06-21,Sacramento,067,1510023,108011,107757,1849,109606,1669
2021-06-21,San Benito,069,59416,6092,6098,116,6214,63
2021-06-21,San Bernardino,071,2135413,294516,293736,9067,302803,4850
2021-06-21,San Diego,073,3302833,282665,281811,15291,297102,3771
2021-06-21,San Francisco,075,870044,37063,37275,1311,38586,556
2021-06-21,San Joaquin,077,732212,73979,73687,3667,77354,1405
2021-06-21,San Luis Obispo,079,281455,21530,21316,755,22071,257
2021-06-21,San Mateo,081,765935,42720,42685,483,43168,542
2021-06-21,Santa Barbara,083,443738,34536,34492,1203,35695,455
2021-06-21,Santa Clara,085,1922200,119386,120192,779,120971,2093
2021-06-21,Santa Cruz,087,273765,16318,16212,816,17028,208
2021-06-21,Shasta,089,179085,12566,12617,1637,14254,201
2021-06-21,Sierra,091,2930,62,57,12,69,0
2021-06-21,Siskiyou,093,43540,1962,1892,376,2268,27
2021-06-21,Solano,095,438530,33375,33383,569,33952,266
2021-06-21,Sonoma,097,501317,30860,30912,366,31278,314
2021-06-21,Stanislaus,099,539301,57034,56891,6022,62913,1017
2021-06-21,Sutter,101,95872,9656,9649,90,9739,113
2021-06-21,Tehama,103,63373,5154,5115,595,5710,63
2021-06-21,Trinity,105,12862,491,337,98,435,3
2021-06-21,Tulare,107,460477,50431,49689,9184,58873,849
2021-06-21,Tuolumne,109,53932,4051,4119,41,4160,63
2021-06-21,Ventura,111,848112,81739,81291,3037,84328,1031
2021-06-21,Yolo,113,214977,14145,14165,348,14513,212
2021-06-21,Yuba,115,75493,6204,6172,133,6305,51
2021-06-20,Alameda,001,1643700,89223,89255,1992,91247,1263
2021-06-20,Alpine,003,1148,88,88,0,88,0
2021-06-20,Amador,005,37829,3745,3740,33,3773,46
2021-06-20,Butte,007,227075,12767,12668,1861,14529,194
2021-06-20,Calaveras,009,45235,2192,2193,14,2207,55
2021-06-20,Colusa,011,21464,1966,1970,320,2290,15
2021-06-20,Contra Costa,013,1133247,70826,70401,1327,71728,813
2021-06-20,Del Norte,015,27424,1447,1416,13,1429,8
2021-06-20,El Dorado,017,186661,10432,10372,752,11124,113
2021-06-20,Fresno,019,978130,103384,102947,8795,111742,1724
2021-06-20,Glenn,021,27897,2449,2434,570,3004,19
2021-06-20,Humboldt,023,135768,4478,4472,42,4514,42
2021-06-20,Imperial,025,180216,28760,28855,2922,31777,740
2021-06-20,Inyo,027,18085,1408,1405,12,1417,35
2021-06-20,Kern,029,883053,97835,96985,11134,108119,1342
2021-06-20,Kings,031,150075,23260,23088,1104,24192,245
2021-06-20,Lake,033,64148,3580,3563,13,3576,45
2021-06-20,Lassen,035,31185,5270,5230,117,5347,19
2021-06-20,Los Angeles,037,10098052,1209958,1205874,42039,1247913,24456
2021-06-20,Madera,039,155013,16765,16638,947,17585,240
2021-06-20,Marin,041,260295,14194,14166,267,14433,230
2021-06-20,Mariposa,043,17540,439,439,11,450,5
2021-06-20,Mendocino,045,87422,4157,4080,82,4162,49
2021-06-20,Merced,047,269075,31252,31265,1002,32267,465
2021-06-20,Modoc,049,8938,415,405,147,552,3
2021-06-20,Mono,051,14174,1264,1275,18,1293,3
2021-06-20,Monterey,053,433212,43334,43156,1886,45042,427
2021-06-20,Napa,055,140530,10006,10026,38,10064,80
2021-06-20,Nevada,057,99092,4954,4919,195,5114,72
2021-06-20,Orange,059,3164182,256353,255377,11510,266887,5113
2021-06-20,Placer,061,380077,23723,23562,1547,25109,298
2021-06-20,Plumas,063,18699,717,697,11,708,4
2021-06-20,Riverside,065,2383286,295389,289770,14161,303931,4456
2021-06-20,Sacramento,067,1510023,107900,107700,1846,109546,1669
2021-06-20,San Benito,069,59416,6092,6098,116,6214,63
2021-06-20,San Bernardino,071,2135413,294416,293713,9063,302776,4845
2021-06-20,San Diego,073,3302833,282559,281750,15269,297019,3771
2021-06-20,San Francisco,075,870044,37041,37269,1311,38580,556
2021-06-20,San Joaquin,077,732212,73934,73676,3658,77334,1405
2021-06-20,San Luis Obispo,079,281455,21528,21313,755,22068,257
2021-06-20,San Mateo,081,765935,42690,42681,483,43164,542
2021-06-20,Santa Barbara,083,443738,34527,34487,1203,35690,455
2021-06-20,Santa Clara,085,1922200,119351,120163,779,120942,2093
2021-06-20,Santa Cruz,087,273765,16313,16210,816,17026,208
2021-06-20,Shasta,089,179085,12561,12617,1635,14252,201
2021-06-20,Sierra,091,2930,62,57,12,69,0
2021-06-20,Siskiyou,093,43540,1961,1891,376,2267,27
2021-06-20,Solano,095,438530,33353,33361,567,33928,266
2021-06-20,Sonoma,097,501317,30813,30884,363,31247,314
2021-06-20,Stanislaus,099,539301,57003,56868,6021,62889,1017
2021-06-20,Sutter,101,95872,9653,9645,90,9735,113
2021-06-20,Tehama,103,63373,5150,5115,595,5710,63
2021-06-20,Trinity,105,12862,491,337,98,435,3
2021-06-20,Tulare,107,460477,50422,49685,9182,58867,849
2021-06-20,Tuolumne,109,53932,4048,4117,41,4158,63
2021-06-20,Ventura,111,848112,81723,81282,3035,84317,1031
2021-06-20,Yolo,113,214977,14138,14160,348,14508,212
2021-06-20,Yuba,115,75493,6197,6167,133,6300,51
2021-06-19,Alameda,001,1643700,89188,89202,1992,91194,1263
2021-06-19,Alpine,003,1148,88,88,0,88,0
2021-06-19,Amador,005,37829,3743,3739,33,3772,46
2021-06-19,Butte,007,227075,12763,12659,1861,14520,194
2021-06-19,Calaveras,009,45235,2192,2192,14,2206,55
2021-06-19,Colusa,011,21464,1966,1969,320,2289,15
2021-06-19,Contra Costa,013,1133247,70795,70334,1326,71660,813
2021-06-19,Del Norte,015,27424,1446,1416,13,1429,8
2021-06-19,El Dorado,017,186661,10431,10363,751,11114,113
2021-06-19,Fresno,019,978130,103371,102922,8792,111714,1724
2021-06-19,Glenn,021,27897,2448,2434,569,3003,19
2021-06-19,Humboldt,023,135768,4467,4463,42,4505,42
2021-06-19,Imperial,025,180216,28759,28813,2922,31735,740
2021-06-19,Inyo,027,18085,1408,1405,12,1417,35
2021-06-19,Kern,029,883053,97819,96966,11130,108096,1342
2021-06-19,Kings,031,150075,23257,23086,1104,24190,245
2021-06-19,Lake,033,64148,3576,3563,13,3576,45
2021-06-19,Lassen,035,31185,5269,5225,117,5342,19
2021-06-19,Los Angeles,037,10098052,1209758,1205602,42024,1247626,24454
2021-06-19,Madera,039,155013,16763,16632,947,17579,240
2021-06-19,Marin,041,260295,14186,14152,267,14419,230
2021-06-19,Mariposa,043,17540,439,439,11,450,5
2021-06-19,Mendocino,045,87422,4151,4077,82,4159,49
2021-06-19,Merced,047,269075,31250,31256,1002,32258,465
2021-06-19,Modoc,049,8938,414,402,147,549,3
2021-06-19,Mono,051,14174,1264,1275,18,1293,3
2021-06-19,Monterey,053,433212,43328,43153,1886,45039,427
2021-06-19,Napa,055,140530,10002,10025,38,10063,80
2021-06-19,Nevada,057,99092,4949,4910,195,5105,72
2021-06-19,Orange,059,3164182,256306,255329,11507,266836,5112
2021-06-19,Placer,061,380077,23707,23537,1544,25081,298
2021-06-19,Plumas,063,18699,716,697,11,708,4
2021-06-19,Riverside,065,2383286,295343,289720,14161,303881,4456
2021-06-19,Sacramento,067,1510023,107854,107631,1843,109474,1669
2021-06-19,San Benito,069,59416,6091,6098,116,6214,63
2021-06-19,San Bernardino,071,2135413,294372,293673,9060,302733,4844
2021-06-19,San Diego,073,3302833,282499,281682,15255,296937,3771
2021-06-19,San Francisco,075,870044,37028,37256,1311,38567,556
2021-06-19,San Joaquin,077,732212,73918,73652,3654,77306,1405
2021-06-19,San Luis Obispo,079,281455,21526,21308,755,22063,257
2021-06-19,San Mateo,081,765935,42672,42646,481,43127,542
2021-06-19,Santa Barbara,083,443738,34525,34472,1203,35675,455
2021-06-19,Santa Clara,085,1922200,119328,120110,778,120888,2093
2021-06-19,Santa Cruz,087,273765,16308,16206,816,17022,208
2021-06-19,Shasta,089,179085,12559,12615,1634,14249,201
2021-06-19,Sierra,091,2930,62,57,12,69,0
2021-06-19,Siskiyou,093,43540,1961,1891,375,2266,27
2021-06-19,Solano,095,438530,33343,33341,566,33907,266
2021-06-19,Sonoma,097,501317,30772,30841,362,31203,314
2021-06-19,Stanislaus,099,539301,56984,56847,6018,62865,1017
2021-06-19,Sutter,101,95872,9650,9645,90,9735,113
2021-06-19,Tehama,103,63373,5149,5115,595,5710,63
2021-06-19,Trinity,105,12862,491,337,98,435,3
2021-06-19,Tulare,107,460477,50415,49681,9177,58858,849
2021-06-19,Tuolumne,109,53932,4048,4117,41,4158,63
2021-06-19,Ventura,111,848112,81710,81270,3034,84304,1031
2021-06-19,Yolo,113,214977,14134,14156,347,14503,212
2021-06-19,Yuba,115,75493,6196,6157,133,6290,51
2021-06-18,Alameda,001,1643700,89151,89123,1992,91115,1263
2021-06-18,Alpine,003,1148,88,88,0,88,0
2021-06-18,Amador,005,37829,3743,3739,33,3772,46
2021-06-18,Butte,007,227075,12760,12653,1858,14511,194
2021-06-18,Calaveras,009,45235,2192,2191,14,2205,55
2021-06-18,Colusa,011,21464,1965,1969,320,2289,15
2021-06-18,Contra Costa,013,1133247,70753,70271,1324,71595,813
2021-06-18,Del Norte,015,27424,1446,1415,13,1428,8
2021-06-18,El Dorado,017,186661,10428,10348,749,11097,113
2021-06-18,Fresno,019,978130,103355,102894,8790,111684,1722
2021-06-18,Glenn,021,27897,2447,2430,569,2999,19
2021-06-18,Humboldt,023,135768,4459,4450,42,4492,42
2021-06-18,Imperial,025,180216,28757,28809,2922,31731,740
2021-06-18,Inyo,027,18085,1408,1405,12,1417,35
2021-06-18,Kern,029,883053,97808,96948,11124,108072,1341
2021-06-18,Kings,031,150075,23252,23082,1104,24186,245
2021-06-18,Lake,033,64148,3572,3563,13,3576,45
2021-06-18,Lassen,035,31185,5268,5224,117,5341,19
2021-06-18,Los Angeles,037,10098052,1209601,1205472,42007,1247479,24451
2021-06-18,Madera,039,155013,16757,16625,947,17572,241
2021-06-18,Marin,041,260295,14183,14147,267,14414,230
2021-06-18,Mariposa,043,17540,439,439,11,450,5
2021-06-18,Mendocino,045,87422,4146,4068,82,4150,49
2021-06-18,Merced,047,269075,31248,31262,1002,32264,464
2021-06-18,Modoc,049,8938,414,402,147,549,3
2021-06-18,Mono,051,14174,1263,1275,17,1292,3
2021-06-18,Monterey,053,433212,43325,43148,1886,45034,427
2021-06-18,Napa,055,140530,9998,10021,38,10059,80
2021-06-18,Nevada,057,99092,4941,4903,195,5098,72
2021-06-18,Orange,059,3164182,256269,255274,11504,266778,5108
2021-06-18,Placer,061,380077,23699,23500,1541,25041,298
2021-06-18,Plumas,063,18699,716,697,11,708,4
2021-06-18,Riverside,065,2383286,295295,289676,14160,303836,4457
2021-06-18,Sacramento,067,1510023,107806,107570,1843,109413,1669
2021-06-18,San Benito,069,59416,6090,6097,116,6213,63
2021-06-18,San Bernardino,071,2135413,294327,293629,9056,302685,4826
2021-06-18,San Diego,073,3302833,282423,281608,15244,296852,3771
2021-06-18,San Francisco,075,870044,37019,37246,1311,38557,556
2021-06-18,San Joaquin,077,732212,73900,73623,3652,77275,1403
2021-06-18,San Luis Obispo,079,281455,21522,21301,754,22055,257
2021-06-18,San Mateo,081,765935,42661,42630,480,43110,542
2021-06-18,Santa Barbara,083,443738,34515,34469,1203,35672,455
2021-06-18,Santa Clara,085,1922200,119307,120081,777,120858,2093
2021-06-18,Santa Cruz,087,273765,16304,16202,816,17018,208
2021-06-18,Shasta,089,179085,12555,12607,1632,14239,201
2021-06-18,Sierra,091,2930,61,57,12,69,0
2021-06-18,Siskiyou,093,43540,1961,1890,375,2265,27
2021-06-18,Solano,095,438530,33329,33323,566,33889,266
2021-06-18,Sonoma,097,501317,30754,30816,361,31177,313
2021-06-18,Stanislaus,099,539301,56969,56803,6016,62819,1012
2021-06-18,Sutter,101,95872,9647,9643,90,9733,113
2021-06-18,Tehama,103,63373,5147,5114,595,5709,63
2021-06-18,Trinity,105,12862,491,337,97,434,3
2021-06-18,Tulare,107,460477,50413,49664,9170,58834,849
2021-06-18,Tuolumne,109,53932,4046,4116,41,4157,63
2021-06-18,Ventura,111,848112,81700,81256,3029,84285,1031
2021-06-18,Yolo,113,214977,14131,14148,345,14493,212
2021-06-18,Yuba,115,75493,6190,6150,133,6283,51
2021-06-17,Alameda,001,1643700,89104,89087,1992,91079,1262
2021-06-17,Alpine,003,1148,88,88,0,88,0
2021-06-17,Amador,005,37829,3741,3731,33,3764,46
2021-06-17,Butte,007,227075,12750,12644,1857,14501,194
2021-06-17,Calaveras,009,45235,2191,2189,14,2203,55
2021-06-17,Colusa,011,21464,1964,1969,320,2289,15
2021-06-17,Contra Costa,013,1133247,70714,70190,1320,71510,810
2021-06-17,Del Norte,015,27424,1444,1413,13,1426,8
2021-06-17,El Dorado,017,186661,10418,10341,749,11090,113
2021-06-17,Fresno,019,978130,103329,102867,8786,111653,1722
2021-06-17,Glenn,021,27897,2447,2430,569,2999,19
2021-06-17,Humboldt,023,135768,4450,4438,42,4480,42
2021-06-17,Imperial,025,180216,28749,28801,2922,31723,741
2021-06-17,Inyo,027,18085,1408,1405,12,1417,35
2021-06-17,Kern,029,883053,97793,96840,11118,107958,1340
2021-06-17,Kings,031,150075,23248,23078,1103,24181,245
2021-06-17,Lake,033,64148,3569,3563,9,3572,45
2021-06-17,Lassen,035,31185,5264,5223,117,5340,19
2021-06-17,Los Angeles,037,10098052,1209389,1205301,41978,1247279,24444
2021-06-17,Madera,039,155013,16752,16618,947,17565,241
2021-06-17,Marin,041,260295,14183,14141,267,14408,229
2021-06-17,Mariposa,043,17540,439,439,11,450,5
2021-06-17,Mendocino,045,87422,4139,4054,82,4136,49
2021-06-17,Merced,047,269075,31243,31262,1002,32264,464
2021-06-17,Modoc,049,8938,413,401,147,548,3
2021-06-17,Mono,051,14174,1262,1275,17,1292,3
2021-06-17,Monterey,053,433212,43317,43140,1886,45026,416
2021-06-17,Napa,055,140530,9998,10014,38,10052,80
2021-06-17,Nevada,057,99092,4937,4898,195,5093,72
2021-06-17,Orange,059,3164182,256223,255240,11493,266733,5109
2021-06-17,Placer,061,380077,23683,23461,1539,25000,298
2021-06-17,Plumas,063,18699,715,697,11,708,4
2021-06-17,Riverside,065,2383286,295241,289627,14158,303785,4458
2021-06-17,Sacramento,067,1510023,107742,107492,1841,109333,1666
2021-06-17,San Benito,069,59416,6090,6097,116,6213,63
2021-06-17,San Bernardino,071,2135413,294286,293560,9056,302616,4811
2021-06-17,San Diego,073,3302833,282347,281531,15230,296761,3771
2021-06-17,San Francisco,075,870044,37008,37243,1310,38553,556
2021-06-17,San Joaquin,077,732212,73877,73560,3647,77207,1403
2021-06-17,San Luis Obispo,079,281455,21520,21297,754,22051,257
2021-06-17,San Mateo,081,765935,42655,42615,480,43095,542
2021-06-17,Santa Barbara,083,443738,34509,34466,1203,35669,453
2021-06-17,Santa Clara,085,1922200,119282,120032,776,120808,2093
2021-06-17,Santa Cruz,087,273765,16300,16197,816,17013,208
2021-06-17,Shasta,089,179085,12547,12597,1632,14229,201
2021-06-17,Sierra,091,2930,61,56,12,68,0
2021-06-17,Siskiyou,093,43540,1960,1889,375,2264,27
2021-06-17,Solano,095,438530,33308,33296,565,33861,266
2021-06-17,Sonoma,097,501317,30723,30793,361,31154,323
2021-06-17,Stanislaus,099,539301,56938,56752,6011,62763,1012
2021-06-17,Sutter,101,95872,9644,9629,90,9719,113
2021-06-17,Tehama,103,63373,5146,5112,593,5705,63
2021-06-17,Trinity,105,12862,490,337,97,434,3
2021-06-17,Tulare,107,460477,50408,49649,9162,58811,849
2021-06-17,Tuolumne,109,53932,4045,4116,41,4157,63
2021-06-17,Ventura,111,848112,81691,81248,3026,84274,1030
2021-06-17,Yolo,113,214977,14123,14141,345,14486,212
2021-06-17,Yuba,115,75493,6181,6140,133,6273,51
2021-06-16,Alameda,001,1643700,89055,89045,1991,91036,1265
2021-06-16,Alpine,003,1148,88,88,0,88,0
2021-06-16,Amador,005,37829,3740,3730,33,3763,46
2021-06-16,Butte,007,227075,12748,12635,1855,14490,194
2021-06-16,Calaveras,009,45235,2189,2188,14,2202,55
2021-06-16,Colusa,011,21464,1964,1967,320,2287,15
2021-06-16,Contra Costa,013,1133247,70662,70136,1319,71455,810
2021-06-16,Del Norte,015,27424,1441,1413,13,1426,8
2021-06-16,El Dorado,017,186661,10412,10334,748,11082,113
2021-06-16,Fresno,019,978130,103299,102842,8782,111624,1722
2021-06-16,Glenn,021,27897,2447,2430,569,2999,19
2021-06-16,Humboldt,023,135768,4441,4427,41,4468,42
2021-06-16,Imperial,025,180216,28746,28796,2922,31718,741
2021-06-16,Inyo,027,18085,1407,1405,12,1417,35
2021-06-16,Kern,029,883053,97771,96789,11111,107900,1339
2021-06-16,Kings,031,150075,23247,23072,1102,24174,245
2021-06-16,Lake,033,64148,3569,3562,9,3571,45
2021-06-16,Lassen,035,31185,5261,5216,117,5333,19
2021-06-16,Los Angeles,037,10098052,1209166,1205102,41967,1247069,24439
2021-06-16,Madera,039,155013,16748,16603,947,17550,240
2021-06-16,Marin,041,260295,14181,14137,267,14404,229
2021-06-16,Mariposa,043,17540,439,437,11,448,5
2021-06-16,Mendocino,045,87422,4131,4041,82,4123,49
2021-06-16,Merced,047,269075,31235,31250,1002,32252,463
2021-06-16,Modoc,049,8938,412,383,146,529,3
2021-06-16,Mono,051,14174,1262,1275,17,1292,3
2021-06-16,Monterey,053,433212,43314,43122,1886,45008,416
2021-06-16,Napa,055,140530,9994,10011,38,10049,80
2021-06-16,Nevada,057,99092,4932,4894,195,5089,72
2021-06-16,Orange,059,3164182,256170,255188,11486,266674,5109
2021-06-16,Placer,061,380077,23673,23425,1535,24960,298
2021-06-16,Plumas,063,18699,715,697,11,708,4
2021-06-16,Riverside,065,2383286,295180,289539,14156,303695,4457
2021-06-16,Sacramento,067,1510023,107672,107422,1837,109259,1665
2021-06-16,San Benito,069,59416,6090,6090,116,6206,63
2021-06-16,San Bernardino,071,2135413,294237,293499,9054,302553,4797
2021-06-16,San Diego,073,3302833,282268,281423,15217,296640,3770
2021-06-16,San Francisco,075,870044,36995,37222,1308,38530,555
2021-06-16,San Joaquin,077,732212,73840,73530,3643,77173,1399
2021-06-16,San Luis Obispo,079,281455,21515,21294,754,22048,257
2021-06-16,San Mateo,081,765935,42639,42601,480,43081,542
2021-06-16,Santa Barbara,083,443738,34503,34459,1203,35662,460
2021-06-16,Santa Clara,085,1922200,119250,119982,776,120758,2087
2021-06-16,Santa Cruz,087,273765,16297,16187,816,17003,208
2021-06-16,Shasta,089,179085,12542,12592,1631,14223,200
2021-06-16,Sierra,091,2930,61,56,12,68,0
2021-06-16,Siskiyou,093,43540,1959,1886,375,2261,26
2021-06-16,Solano,095,438530,33280,33276,565,33841,266
2021-06-16,Sonoma,097,501317,30687,30741,361,31102,323
2021-06-16,Stanislaus,099,539301,56906,56738,6009,62747,984
2021-06-16,Sutter,101,95872,9640,9620,90,9710,113
2021-06-16,Tehama,103,63373,5144,5106,593,5699,63
2021-06-16,Trinity,105,12862,489,332,97,429,3
2021-06-16,Tulare,107,460477,50403,49578,9158,58736,849
2021-06-16,Tuolumne,109,53932,4045,4110,41,4151,63
2021-06-16,Ventura,111,848112,81677,81229,3024,84253,1029
2021-06-16,Yolo,113,214977,14114,14135,344,14479,212
2021-06-16,Yuba,115,75493,6171,6134,133,6267,51
2021-06-15,Alameda,001,1643700,89012,89008,1991,90999,1262
2021-06-15,Alpine,003,1148,88,88,0,88,0
2021-06-15,Amador,005,37829,3737,3723,33,3756,46
2021-06-15,Butte,007,227075,12740,12620,1854,14474,194
2021-06-15,Calaveras,009,45235,2188,2188,14,2202,55
2021-06-15,Colusa,011,21464,1964,1967,318,2285,15
2021-06-15,Contra Costa,013,1133247,70600,70101,1319,71420,810
2021-06-15,Del Norte,015,27424,1440,1411,13,1424,8
2021-06-15,El Dorado,017,186661,10403,10330,748,11078,113
2021-06-15,Fresno,019,978130,103268,102828,8781,111609,1722
2021-06-15,Glenn,021,27897,2446,2426,569,2995,19
2021-06-15,Humboldt,023,135768,4432,4414,40,4454,42
2021-06-15,Imperial,025,180216,28740,28789,2922,31711,741
2021-06-15,Inyo,027,18085,1407,1405,12,1417,35
2021-06-15,Kern,029,883053,97743,96782,11103,107885,1338
2021-06-15,Kings,031,150075,23241,23070,1100,24170,245
2021-06-15,Lake,033,64148,3568,3559,9,3568,45
2021-06-15,Lassen,035,31185,5260,5211,117,5328,19
2021-06-15,Los Angeles,037,10098052,1208934,1204926,41959,1246885,24435
2021-06-15,Madera,039,155013,16741,16600,946,17546,240
2021-06-15,Marin,041,260295,14173,14135,267,14402,229
2021-06-15,Mariposa,043,17540,439,437,11,448,5
2021-06-15,Mendocino,045,87422,4124,4034,82,4116,49
2021-06-15,Merced,047,269075,31229,31244,1002,32246,461
2021-06-15,Modoc,049,8938,411,383,146,529,3
2021-06-15,Mono,051,14174,1262,1275,17,1292,3
2021-06-15,Monterey,053,433212,43308,43118,1886,45004,416
2021-06-15,Napa,055,140530,9992,10010,38,10048,80
2021-06-15,Nevada,057,99092,4929,4888,195,5083,72
2021-06-15,Orange,059,3164182,256129,255127,11477,266604,5105
2021-06-15,Placer,061,380077,23651,23396,1534,24930,298
2021-06-15,Plumas,063,18699,714,697,11,708,4
2021-06-15,Riverside,065,2383286,295120,289508,14152,303660,4455
2021-06-15,Sacramento,067,1510023,107597,107370,1831,109201,1662
2021-06-15,San Benito,069,59416,6089,6089,116,6205,63
2021-06-15,San Bernardino,071,2135413,294187,293463,9048,302511,4790
2021-06-15,San Diego,073,3302833,282184,281375,15202,296577,3770
2021-06-15,San Francisco,075,870044,36986,37210,1307,38517,555
2021-06-15,San Joaquin,077,732212,73800,73494,3638,77132,1399
2021-06-15,San Luis Obispo,079,281455,21510,21293,753,22046,257
2021-06-15,San Mateo,081,765935,42625,42593,480,43073,543
2021-06-15,Santa Barbara,083,443738,34498,34451,1203,35654,460
2021-06-15,Santa Clara,085,1922200,119212,119963,776,120739,2086
2021-06-15,Santa Cruz,087,273765,16290,16180,815,16995,208
2021-06-15,Shasta,089,179085,12536,12583,1631,14214,201
2021-06-15,Sierra,091,2930,60,55,12,67,0
2021-06-15,Siskiyou,093,43540,1958,1887,375,2262,26
2021-06-15,Solano,095,438530,33261,33264,565,33829,266
2021-06-15,Sonoma,097,501317,30648,30707,360,31067,323
2021-06-15,Stanislaus,099,539301,56878,56724,6006,62730,979
2021-06-15,Sutter,101,95872,9631,9616,90,9706,113
2021-06-15,Tehama,103,63373,5142,5102,593,5695,63
2021-06-15,Trinity,105,12862,488,332,97,429,3
2021-06-15,Tulare,107,460477,50396,49561,9155,58716,848
2021-06-15,Tuolumne,109,53932,4045,4111,41,4152,63
2021-06-15,Ventura,111,848112,81666,81215,3021,84236,1029
2021-06-15,Yolo,113,214977,14110,14127,342,14469,212
2021-06-15,Yuba,115,75493,6160,6130,133,6263,51
2021-06-14,Alameda,001,1643700,88963,88966,1991,90957,1264
2021-06-14,Alpine,003,1148,88,88,0,88,0
2021-06-14,Amador,005,37829,3736,3722,33,3755,46
2021-06-14,Butte,007,227075,12729,12613,1850,14463,194
2021-06-14,Calaveras,009,45235,2187,2190,14,2204,55
2021-06-14,Colusa,011,21464,1963,1966,318,2284,15
2021-06-14,Contra Costa,013,1133247,70547,70069,1317,71386,810
2021-06-14,Del Norte,015,27424,1440,1411,13,1424,8
2021-06-14,El Dorado,017,186661,10394,10327,747,11074,113
2021-06-14,Fresno,019,978130,103246,102812,8779,111591,1719
2021-06-14,Glenn,021,27897,2446,2426,569,2995,19
2021-06-14,Humboldt,023,135768,4424,4407,39,4446,42
2021-06-14,Imperial,025,180216,28728,28836,2922,31758,741
2021-06-14,Inyo,027,18085,1406,1405,12,1417,35
2021-06-14,Kern,029,883053,97723,96760,11093,107853,1337
2021-06-14,Kings,031,150075,23238,23071,1099,24170,245
2021-06-14,Lake,033,64148,3567,3557,9,3566,45
2021-06-14,Lassen,035,31185,5257,5209,116,5325,19
2021-06-14,Los Angeles,037,10098052,1208699,1204748,41949,1246697,24434
2021-06-14,Madera,039,155013,16735,16597,945,17542,240
2021-06-14,Marin,041,260295,14171,14133,267,14400,229
2021-06-14,Mariposa,043,17540,438,437,11,448,5
2021-06-14,Mendocino,045,87422,4118,4028,82,4110,49
2021-06-14,Merced,047,269075,31220,31241,1001,32242,461
2021-06-14,Modoc,049,8938,402,382,144,526,3
2021-06-14,Mono,051,14174,1262,1275,17,1292,3
2021-06-14,Monterey,053,433212,43305,43110,1886,44996,415
2021-06-14,Napa,055,140530,9988,10000,38,10038,80
2021-06-14,Nevada,057,99092,4922,4885,195,5080,72
2021-06-14,Orange,059,3164182,256091,255069,11473,266542,5103
2021-06-14,Placer,061,380077,23626,23379,1533,24912,298
2021-06-14,Plumas,063,18699,714,696,11,707,4
2021-06-14,Riverside,065,2383286,295066,289476,14152,303628,4453
2021-06-14,Sacramento,067,1510023,107543,107334,1826,109160,1661
2021-06-14,San Benito,069,59416,6089,6087,116,6203,63
2021-06-14,San Bernardino,071,2135413,294131,293446,9044,302490,4790
2021-06-14,San Diego,073,3302833,282078,281314,15182,296496,3770
2021-06-14,San Francisco,075,870044,36973,37206,1307,38513,555
2021-06-14,San Joaquin,077,732212,73771,73453,3638,77091,1398
2021-06-14,San Luis Obispo,079,281455,21508,21302,753,22055,256
2021-06-14,San Mateo,081,765935,42612,42619,479,43098,543
2021-06-14,Santa Barbara,083,443738,34495,34449,1203,35652,460
2021-06-14,Santa Clara,085,1922200,119181,119957,775,120732,2085
2021-06-14,Santa Cruz,087,273765,16288,16175,815,16990,208
2021-06-14,Shasta,089,179085,12525,12561,1628,14189,201
2021-06-14,Sierra,091,2930,59,55,12,67,0
2021-06-14,Siskiyou,093,43540,1958,1886,375,2261,26
2021-06-14,Solano,095,438530,33244,33243,564,33807,266
2021-06-14,Sonoma,097,501317,30616,30679,359,31038,323
2021-06-14,Stanislaus,099,539301,56842,56689,6003,62692,975
2021-06-14,Sutter,101,95872,9628,9607,90,9697,112
2021-06-14,Tehama,103,63373,5140,5102,593,5695,63
2021-06-14,Trinity,105,12862,488,332,97,429,3
2021-06-14,Tulare,107,460477,50391,49538,9152,58690,848
2021-06-14,Tuolumne,109,53932,4042,4108,41,4149,63
2021-06-14,Ventura,111,848112,81656,81209,3021,84230,1028
2021-06-14,Yolo,113,214977,14102,14123,342,14465,212
2021-06-14,Yuba,115,75493,6153,6127,133,6260,50
2021-06-13,Alameda,001,1643700,88906,88947,1990,90937,1264
2021-06-13,Alpine,003,1148,87,88,0,88,0
2021-06-13,Amador,005,37829,3732,3721,33,3754,46
2021-06-13,Butte,007,227075,12718,12586,1847,14433,194
2021-06-13,Calaveras,009,45235,2187,2189,14,2203,55
2021-06-13,Colusa,011,21464,1963,1965,317,2282,15
2021-06-13,Contra Costa,013,1133247,70493,70040,1315,71355,810
2021-06-13,Del Norte,015,27424,1438,1412,13,1425,8
2021-06-13,El Dorado,017,186661,10385,10324,747,11071,113
2021-06-13,Fresno,019,978130,103215,102795,8774,111569,1719
2021-06-13,Glenn,021,27897,2445,2425,567,2992,19
2021-06-13,Humboldt,023,135768,4411,4401,39,4440,42
2021-06-13,Imperial,025,180216,28719,28800,2921,31721,741
2021-06-13,Inyo,027,18085,1406,1405,12,1417,35
2021-06-13,Kern,029,883053,97699,96743,11081,107824,1337
2021-06-13,Kings,031,150075,23233,23069,1098,24167,245
2021-06-13,Lake,033,64148,3567,3556,9,3565,45
2021-06-13,Lassen,035,31185,5252,5209,116,5325,19
2021-06-13,Los Angeles,037,10098052,1208436,1204614,41936,1246550,24433
2021-06-13,Madera,039,155013,16721,16590,945,17535,240
2021-06-13,Marin,041,260295,14165,14126,267,14393,229
2021-06-13,Mariposa,043,17540,438,434,11,445,5
2021-06-13,Mendocino,045,87422,4111,4026,82,4108,49
2021-06-13,Merced,047,269075,31214,31240,1000,32240,461
2021-06-13,Modoc,049,8938,400,382,142,524,3
2021-06-13,Mono,051,14174,1262,1275,17,1292,3
2021-06-13,Monterey,053,433212,43297,43108,1886,44994,415
2021-06-13,Napa,055,140530,9982,9995,38,10033,80
2021-06-13,Nevada,057,99092,4917,4883,195,5078,72
2021-06-13,Orange,059,3164182,256036,255043,11471,266514,5103
2021-06-13,Placer,061,380077,23600,23365,1531,24896,295
2021-06-13,Plumas,063,18699,713,696,11,707,4
2021-06-13,Riverside,065,2383286,294999,289447,14149,303596,4453
2021-06-13,Sacramento,067,1510023,107467,107289,1823,109112,1658
2021-06-13,San Benito,069,59416,6089,6086,116,6202,63
2021-06-13,San Bernardino,071,2135413,294080,293416,9039,302455,4788
2021-06-13,San Diego,073,3302833,281999,281268,15166,296434,3770
2021-06-13,San Francisco,075,870044,36960,37197,1307,38504,555
2021-06-13,San Joaquin,077,732212,73735,73438,3636,77074,1398
2021-06-13,San Luis Obispo,079,281455,21502,21298,752,22050,256
2021-06-13,San Mateo,081,765935,42599,42611,479,43090,542
2021-06-13,Santa Barbara,083,443738,34484,34449,1202,35651,460
2021-06-13,Santa Clara,085,1922200,119157,119946,775,120721,2085
2021-06-13,Santa Cruz,087,273765,16281,16172,815,16987,208
2021-06-13,Shasta,089,179085,12516,12560,1627,14187,201
2021-06-13,Sierra,091,2930,59,55,12,67,0
2021-06-13,Siskiyou,093,43540,1957,1885,375,2260,26
2021-06-13,Solano,095,438530,33223,33234,564,33798,266
2021-06-13,Sonoma,097,501317,30581,30663,357,31020,323
2021-06-13,Stanislaus,099,539301,56816,56671,6002,62673,975
2021-06-13,Sutter,101,95872,9621,9603,90,9693,112
2021-06-13,Tehama,103,63373,5138,5100,593,5693,63
2021-06-13,Trinity,105,12862,487,332,97,429,3
2021-06-13,Tulare,107,460477,50382,49537,9147,58684,848
2021-06-13,Tuolumne,109,53932,4040,4107,40,4147,63
2021-06-13,Ventura,111,848112,81642,81201,3021,84222,1028
2021-06-13,Yolo,113,214977,14094,14120,340,14460,212
2021-06-13,Yuba,115,75493,6146,6125,133,6258,50
2021-06-12,Alameda,001,1643700,88879,88901,1990,90891,1271
2021-06-12,Alpine,003,1148,87,88,0,88,0
2021-06-12,Amador,005,37829,3731,3721,33,3754,46
2021-06-12,Butte,007,227075,12714,12576,1847,14423,194
2021-06-12,Calaveras,009,45235,2187,2189,14,2203,55
2021-06-12,Colusa,011,21464,1963,1965,317,2282,15
2021-06-12,Contra Costa,013,1133247,70462,69989,1312,71301,810
2021-06-12,Del Norte,015,27424,1438,1412,13,1425,8
2021-06-12,El Dorado,017,186661,10380,10320,746,11066,113
2021-06-12,Fresno,019,978130,103205,102783,8773,111556,1720
2021-06-12,Glenn,021,27897,2443,2425,567,2992,19
2021-06-12,Humboldt,023,135768,4403,4396,39,4435,42
2021-06-12,Imperial,025,180216,28716,28799,2921,31720,741
2021-06-12,Inyo,027,18085,1406,1405,12,1417,35
2021-06-12,Kern,029,883053,97684,96731,11077,107808,1337
2021-06-12,Kings,031,150075,23231,23067,1098,24165,245
2021-06-12,Lake,033,64148,3566,3552,9,3561,45
2021-06-12,Lassen,035,31185,5252,5208,116,5324,19
2021-06-12,Los Angeles,037,10098052,1208299,1204439,41929,1246368,24434
2021-06-12,Madera,039,155013,16717,16586,945,17531,240
2021-06-12,Marin,041,260295,14162,14121,267,14388,229
2021-06-12,Mariposa,043,17540,438,434,11,445,5
2021-06-12,Mendocino,045,87422,4108,4024,82,4106,49
2021-06-12,Merced,047,269075,31211,31236,1000,32236,461
2021-06-12,Modoc,049,8938,399,382,142,524,3
2021-06-12,Mono,051,14174,1262,1275,17,1292,3
2021-06-12,Monterey,053,433212,43291,43103,1886,44989,415
2021-06-12,Napa,055,140530,9978,9986,38,10024,80
2021-06-12,Nevada,057,99092,4911,4878,195,5073,72
2021-06-12,Orange,059,3164182,256003,255004,11469,266473,5103
2021-06-12,Placer,061,380077,23581,23345,1531,24876,295
2021-06-12,Plumas,063,18699,713,696,11,707,4
2021-06-12,Riverside,065,2383286,294957,289413,14146,303559,4453
2021-06-12,Sacramento,067,1510023,107407,107199,1820,109019,1658
2021-06-12,San Benito,069,59416,6087,6083,116,6199,63
2021-06-12,San Bernardino,071,2135413,294046,293375,9037,302412,4788
2021-06-12,San Diego,073,3302833,281942,281203,15157,296360,3770
2021-06-12,San Francisco,075,870044,36950,37189,1307,38496,555
2021-06-12,San Joaquin,077,732212,73716,73413,3635,77048,1398
2021-06-12,San Luis Obispo,079,281455,21499,21293,752,22045,256
2021-06-12,San Mateo,081,765935,42594,42604,479,43083,542
2021-06-12,Santa Barbara,083,443738,34479,34450,1202,35652,460
2021-06-12,Santa Clara,085,1922200,119117,119894,775,120669,2085
2021-06-12,Santa Cruz,087,273765,16273,16170,815,16985,208
2021-06-12,Shasta,089,179085,12513,12556,1626,14182,201
2021-06-12,Sierra,091,2930,59,55,12,67,0
2021-06-12,Siskiyou,093,43540,1956,1884,375,2259,25
2021-06-12,Solano,095,438530,33214,33219,564,33783,266
2021-06-12,Sonoma,097,501317,30552,30647,357,31004,323
2021-06-12,Stanislaus,099,539301,56799,56649,6001,62650,974
2021-06-12,Sutter,101,95872,9617,9603,90,9693,112
2021-06-12,Tehama,103,63373,5138,5099,592,5691,63
2021-06-12,Trinity,105,12862,487,332,97,429,3
2021-06-12,Tulare,107,460477,50377,49533,9140,58673,848
2021-06-12,Tuolumne,109,53932,4039,4105,40,4145,63
2021-06-12,Ventura,111,848112,81630,81197,3021,84218,1028
2021-06-12,Yolo,113,214977,14091,14118,338,14456,212
2021-06-12,Yuba,115,75493,6141,6120,133,6253,50
2021-06-11,Alameda,001,1643700,88851,88844,1990,90834,1278
2021-06-11,Alpine,003,1148,87,88,0,88,0
2021-06-11,Amador,005,37829,3731,3710,33,3743,46
2021-06-11,Butte,007,227075,12710,12576,1845,14421,194
2021-06-11,Calaveras,009,45235,2187,2188,14,2202,55
2021-06-11,Colusa,011,21464,1962,1964,317,2281,15
2021-06-11,Contra Costa,013,1133247,70429,69940,1310,71250,808
2021-06-11,Del Norte,015,27424,1438,1409,13,1422,8
2021-06-11,El Dorado,017,186661,10377,10316,746,11062,113
2021-06-11,Fresno,019,978130,103187,102770,8772,111542,1720
2021-06-11,Glenn,021,27897,2443,2425,567,2992,19
2021-06-11,Humboldt,023,135768,4399,4389,39,4428,42
2021-06-11,Imperial,025,180216,28711,28793,2921,31714,741
2021-06-11,Inyo,027,18085,1406,1405,12,1417,35
2021-06-11,Kern,029,883053,97672,96718,11073,107791,1340
2021-06-11,Kings,031,150075,23227,23069,1097,24166,245
2021-06-11,Lake,033,64148,3565,3550,9,3559,45
2021-06-11,Lassen,035,31185,5251,5204,116,5320,18
2021-06-11,Los Angeles,037,10098052,1208152,1204259,41915,1246174,24434
2021-06-11,Madera,039,155013,16714,16582,945,17527,240
2021-06-11,Marin,041,260295,14159,14116,267,14383,229
2021-06-11,Mariposa,043,17540,438,434,11,445,5
2021-06-11,Mendocino,045,87422,4105,4022,82,4104,49
2021-06-11,Merced,047,269075,31206,31231,1000,32231,461
2021-06-11,Modoc,049,8938,399,382,141,523,3
2021-06-11,Mono,051,14174,1262,1274,17,1291,3
2021-06-11,Monterey,053,433212,43287,43097,1886,44983,415
2021-06-11,Napa,055,140530,9975,9977,38,10015,80
2021-06-11,Nevada,057,99092,4909,4873,195,5068,72
2021-06-11,Orange,059,3164182,255969,254975,11466,266441,5101
2021-06-11,Placer,061,380077,23576,23330,1531,24861,294
2021-06-11,Plumas,063,18699,713,696,11,707,4
2021-06-11,Riverside,065,2383286,294919,289376,14141,303517,4451
2021-06-11,Sacramento,067,1510023,107347,107119,1819,108938,1659
2021-06-11,San Benito,069,59416,6086,6082,116,6198,63
2021-06-11,San Bernardino,071,2135413,294010,293335,9033,302368,4788
2021-06-11,San Diego,073,3302833,281902,281144,15150,296294,3768
2021-06-11,San Francisco,075,870044,36945,37177,1307,38484,555
2021-06-11,San Joaquin,077,732212,73699,73347,3632,76979,1397
2021-06-11,San Luis Obispo,079,281455,21498,21288,752,22040,256
2021-06-11,San Mateo,081,765935,42580,42585,479,43064,542
2021-06-11,Santa Barbara,083,443738,34476,34438,1202,35640,460
2021-06-11,Santa Clara,085,1922200,119097,119860,775,120635,2083
2021-06-11,Santa Cruz,087,273765,16265,16164,815,16979,208
2021-06-11,Shasta,089,179085,12505,12550,1624,14174,201
2021-06-11,Sierra,091,2930,59,55,12,67,0
2021-06-11,Siskiyou,093,43540,1955,1882,375,2257,25
2021-06-11,Solano,095,438530,33194,33179,563,33742,266
2021-06-11,Sonoma,097,501317,30534,30624,357,30981,323
2021-06-11,Stanislaus,099,539301,56774,56617,5997,62614,974
2021-06-11,Sutter,101,95872,9614,9600,89,9689,112
2021-06-11,Tehama,103,63373,5137,5099,592,5691,63
2021-06-11,Trinity,105,12862,487,331,97,428,3
2021-06-11,Tulare,107,460477,50371,49516,9139,58655,848
2021-06-11,Tuolumne,109,53932,4036,4104,40,4144,63
2021-06-11,Ventura,111,848112,81620,81189,3021,84210,1026
2021-06-11,Yolo,113,214977,14084,14111,334,14445,212
2021-06-11,Yuba,115,75493,6137,6113,133,6246,50
2021-06-10,Alameda,001,1643700,88807,88806,1989,90795,1275
2021-06-10,Alpine,003,1148,87,88,0,88,0
2021-06-10,Amador,005,37829,3727,3709,33,3742,46
2021-06-10,Butte,007,227075,12693,12565,1845,14410,194
2021-06-10,Calaveras,009,45235,2186,2188,14,2202,55
2021-06-10,Colusa,011,21464,1960,1964,317,2281,15
2021-06-10,Contra Costa,013,1133247,70375,69876,1310,71186,807
2021-06-10,Del Norte,015,27424,1438,1405,13,1418,8
2021-06-10,El Dorado,017,186661,10370,10314,742,11056,113
2021-06-10,Fresno,019,978130,103161,102724,8771,111495,1717
2021-06-10,Glenn,021,27897,2443,2425,567,2992,19
2021-06-10,Humboldt,023,135768,4391,4384,39,4423,42
2021-06-10,Imperial,025,180216,28705,28779,2921,31700,739
2021-06-10,Inyo,027,18085,1406,1405,12,1417,35
2021-06-10,Kern,029,883053,97658,96706,11068,107774,1336
2021-06-10,Kings,031,150075,23226,23067,1097,24164,245
2021-06-10,Lake,033,64148,3560,3550,9,3559,45
2021-06-10,Lassen,035,31185,5249,5201,116,5317,18
2021-06-10,Los Angeles,037,10098052,1207987,1204110,41898,1246008,24440
2021-06-10,Madera,039,155013,16707,16581,944,17525,240
2021-06-10,Marin,041,260295,14156,14118,267,14385,229
2021-06-10,Mariposa,043,17540,436,434,11,445,5
2021-06-10,Mendocino,045,87422,4100,4016,82,4098,48
2021-06-10,Merced,047,269075,31198,31231,997,32228,461
2021-06-10,Modoc,049,8938,398,381,141,522,3
2021-06-10,Mono,051,14174,1261,1274,17,1291,3
2021-06-10,Monterey,053,433212,43281,43090,1886,44976,415
2021-06-10,Napa,055,140530,9974,9974,38,10012,80
2021-06-10,Nevada,057,99092,4904,4866,195,5061,72
2021-06-10,Orange,059,3164182,255939,254950,11459,266409,5097
2021-06-10,Placer,061,380077,23563,23296,1531,24827,293
2021-06-10,Plumas,063,18699,713,696,11,707,4
2021-06-10,Riverside,065,2383286,294877,289335,14136,303471,4450
2021-06-10,Sacramento,067,1510023,107285,107049,1819,108868,1658
2021-06-10,San Benito,069,59416,6086,6079,116,6195,63
2021-06-10,San Bernardino,071,2135413,293969,293281,9030,302311,4782
2021-06-10,San Diego,073,3302833,281844,281052,15133,296185,3766
2021-06-10,San Francisco,075,870044,36935,37159,1305,38464,552
2021-06-10,San Joaquin,077,732212,73665,73276,3631,76907,1393
2021-06-10,San Luis Obispo,079,281455,21495,21280,752,22032,256
2021-06-10,San Mateo,081,765935,42573,42562,479,43041,666
2021-06-10,Santa Barbara,083,443738,34472,34434,1202,35636,460
2021-06-10,Santa Clara,085,1922200,119062,119832,774,120606,2075
2021-06-10,Santa Cruz,087,273765,16264,16159,815,16974,208
2021-06-10,Shasta,089,179085,12495,12536,1623,14159,201
2021-06-10,Sierra,091,2930,58,55,12,67,0
2021-06-10,Siskiyou,093,43540,1955,1881,375,2256,25
2021-06-10,Solano,095,438530,33177,33150,562,33712,265
2021-06-10,Sonoma,097,501317,30499,30571,355,30926,323
2021-06-10,Stanislaus,099,539301,56753,56588,5993,62581,974
2021-06-10,Sutter,101,95872,9607,9594,89,9683,112
2021-06-10,Tehama,103,63373,5137,5096,592,5688,63
2021-06-10,Trinity,105,12862,487,331,97,428,3
2021-06-10,Tulare,107,460477,50363,49503,9139,58642,848
2021-06-10,Tuolumne,109,53932,4036,4100,40,4140,63
2021-06-10,Ventura,111,848112,81609,81172,3020,84192,1026
2021-06-10,Yolo,113,214977,14081,14107,334,14441,212
2021-06-10,Yuba,115,75493,6133,6112,133,6245,50
2021-06-09,Alameda,001,1643700,88764,88762,1988,90750,1271
2021-06-09,Alpine,003,1148,87,88,0,88,0
2021-06-09,Amador,005,37829,3723,3706,33,3739,46
2021-06-09,Butte,007,227075,12687,12555,1843,14398,194
2021-06-09,Calaveras,009,45235,2184,2184,14,2198,55
2021-06-09,Colusa,011,21464,1960,1962,316,2278,15
2021-06-09,Contra Costa,013,1133247,70338,69829,1309,71138,803
2021-06-09,Del Norte,015,27424,1434,1403,13,1416,8
2021-06-09,El Dorado,017,186661,10367,10312,741,11053,113
2021-06-09,Fresno,019,978130,103141,102690,8767,111457,1717
2021-06-09,Glenn,021,27897,2442,2424,567,2991,19
2021-06-09,Humboldt,023,135768,4386,4379,38,4417,42
2021-06-09,Imperial,025,180216,28702,28754,2921,31675,739
2021-06-09,Inyo,027,18085,1406,1405,12,1417,35
2021-06-09,Kern,029,883053,97644,96697,11059,107756,1328
2021-06-09,Kings,031,150075,23224,23061,1097,24158,245
2021-06-09,Lake,033,64148,3557,3541,9,3550,45
2021-06-09,Lassen,035,31185,5248,5200,116,5316,18
2021-06-09,Los Angeles,037,10098052,1207802,1203955,41887,1245842,24432
2021-06-09,Madera,039,155013,16702,16580,944,17524,240
2021-06-09,Marin,041,260295,14151,14114,267,14381,229
2021-06-09,Mariposa,043,17540,436,434,11,445,5
2021-06-09,Mendocino,045,87422,4094,4008,82,4090,47
2021-06-09,Merced,047,269075,31194,31225,997,32222,461
2021-06-09,Modoc,049,8938,396,377,140,517,3
2021-06-09,Mono,051,14174,1261,1274,17,1291,3
2021-06-09,Monterey,053,433212,43274,43082,1886,44968,415
2021-06-09,Napa,055,140530,9968,9971,38,10009,80
2021-06-09,Nevada,057,99092,4894,4863,194,5057,72
2021-06-09,Orange,059,3164182,255895,254893,11455,266348,5080
2021-06-09,Placer,061,380077,23544,23237,1531,24768,293
2021-06-09,Plumas,063,18699,712,697,11,708,4
2021-06-09,Riverside,065,2383286,294831,289299,14134,303433,4450
2021-06-09,Sacramento,067,1510023,107223,106971,1816,108787,1657
2021-06-09,San Benito,069,59416,6082,6078,116,6194,63
2021-06-09,San Bernardino,071,2135413,293927,293222,9030,302252,4782
2021-06-09,San Diego,073,3302833,281780,280941,15121,296062,3765
2021-06-09,San Francisco,075,870044,36922,37143,1304,38447,552
2021-06-09,San Joaquin,077,732212,73639,73232,3630,76862,1392
2021-06-09,San Luis Obispo,079,281455,21494,21259,752,22011,256
2021-06-09,San Mateo,081,765935,42557,42502,477,42979,666
2021-06-09,Santa Barbara,083,443738,34461,34422,1202,35624,460
2021-06-09,Santa Clara,085,1922200,119024,119793,773,120566,2068
2021-06-09,Santa Cruz,087,273765,16261,16155,815,16970,208
2021-06-09,Shasta,089,179085,12485,12521,1621,14142,201
2021-06-09,Sierra,091,2930,57,55,12,67,0
2021-06-09,Siskiyou,093,43540,1954,1871,375,2246,25
2021-06-09,Solano,095,438530,33161,33137,561,33698,264
2021-06-09,Sonoma,097,501317,30477,30540,355,30895,323
2021-06-09,Stanislaus,099,539301,56733,56560,5990,62550,974
2021-06-09,Sutter,101,95872,9598,9586,88,9674,111
2021-06-09,Tehama,103,63373,5136,5093,592,5685,63
2021-06-09,Trinity,105,12862,486,331,97,428,3
2021-06-09,Tulare,107,460477,50359,49496,9137,58633,847
2021-06-09,Tuolumne,109,53932,4033,4100,40,4140,63
2021-06-09,Ventura,111,848112,81599,81154,3019,84173,1026
2021-06-09,Yolo,113,214977,14079,14102,333,14435,212
2021-06-09,Yuba,115,75493,6129,6109,133,6242,50
2021-06-08,Alameda,001,1643700,88716,88731,1988,90719,1267
2021-06-08,Alpine,003,1148,87,88,0,88,0
2021-06-08,Amador,005,37829,3722,3704,33,3737,46
2021-06-08,Butte,007,227075,12681,12540,1841,14381,194
2021-06-08,Calaveras,009,45235,2183,2181,14,2195,55
2021-06-08,Colusa,011,21464,1960,1961,316,2277,15
2021-06-08,Contra Costa,013,1133247,70290,69762,1308,71070,803
2021-06-08,Del Norte,015,27424,1432,1402,13,1415,8
2021-06-08,El Dorado,017,186661,10362,10306,739,11045,113
2021-06-08,Fresno,019,978130,103116,102680,8765,111445,1717
2021-06-08,Glenn,021,27897,2441,2423,567,2990,19
2021-06-08,Humboldt,023,135768,4381,4363,38,4401,42
2021-06-08,Imperial,025,180216,28693,28752,2921,31673,738
2021-06-08,Inyo,027,18085,1406,1405,12,1417,35
2021-06-08,Kern,029,883053,97625,96671,11052,107723,1325
2021-06-08,Kings,031,150075,23223,23036,1097,24133,245
2021-06-08,Lake,033,64148,3556,3540,9,3549,45
2021-06-08,Lassen,035,31185,5248,5200,116,5316,18
2021-06-08,Los Angeles,037,10098052,1207605,1203794,41877,1245671,24426
2021-06-08,Madera,039,155013,16696,16579,943,17522,240
2021-06-08,Marin,041,260295,14149,14111,266,14377,229
2021-06-08,Mariposa,043,17540,436,434,11,445,5
2021-06-08,Mendocino,045,87422,4087,4002,82,4084,47
2021-06-08,Merced,047,269075,31186,31225,997,32222,461
2021-06-08,Modoc,049,8938,390,377,139,516,3
2021-06-08,Mono,051,14174,1261,1274,17,1291,3
2021-06-08,Monterey,053,433212,43268,43078,1885,44963,415
2021-06-08,Napa,055,140530,9964,9962,38,10000,80
2021-06-08,Nevada,057,99092,4889,4861,194,5055,72
2021-06-08,Orange,059,3164182,255853,254852,11448,266300,5078
2021-06-08,Placer,061,380077,23526,23209,1527,24736,293
2021-06-08,Plumas,063,18699,712,692,11,703,4
2021-06-08,Riverside,065,2383286,294795,289268,14126,303394,4452
2021-06-08,Sacramento,067,1510023,107161,106901,1813,108714,1654
2021-06-08,San Benito,069,59416,6080,6076,116,6192,63
2021-06-08,San Bernardino,071,2135413,293878,293186,9026,302212,4778
2021-06-08,San Diego,073,3302833,281717,280879,15112,295991,3764
2021-06-08,San Francisco,075,870044,36907,37134,1303,38437,552
2021-06-08,San Joaquin,077,732212,73595,73186,3625,76811,1390
2021-06-08,San Luis Obispo,079,281455,21488,21251,751,22002,255
2021-06-08,San Mateo,081,765935,42544,42488,477,42965,663
2021-06-08,Santa Barbara,083,443738,34457,34418,1202,35620,459
2021-06-08,Santa Clara,085,1922200,119003,119770,772,120542,2068
2021-06-08,Santa Cruz,087,273765,16258,16160,815,16975,208
2021-06-08,Shasta,089,179085,12470,12498,1621,14119,201
2021-06-08,Sierra,091,2930,57,55,12,67,0
2021-06-08,Siskiyou,093,43540,1952,1870,373,2243,21
2021-06-08,Solano,095,438530,33140,33130,561,33691,259
2021-06-08,Sonoma,097,501317,30450,30523,353,30876,323
2021-06-08,Stanislaus,099,539301,56706,56548,5988,62536,973
2021-06-08,Sutter,101,95872,9595,9581,88,9669,111
2021-06-08,Tehama,103,63373,5133,5093,592,5685,63
2021-06-08,Trinity,105,12862,486,330,96,426,3
2021-06-08,Tulare,107,460477,50347,49485,9132,58617,847
2021-06-08,Tuolumne,109,53932,4030,4099,40,4139,63
2021-06-08,Ventura,111,848112,81583,81142,3018,84160,1026
2021-06-08,Yolo,113,214977,14073,14099,332,14431,212
2021-06-08,Yuba,115,75493,6127,6103,133,6236,50
2021-06-07,Alameda,001,1643700,88659,88688,1988,90676,1267
2021-06-07,Alpine,003,1148,87,88,0,88,0
2021-06-07,Amador,005,37829,3712,3697,33,3730,46
2021-06-07,Butte,007,227075,12674,12533,1840,14373,194
2021-06-07,Calaveras,009,45235,2182,2181,14,2195,55
2021-06-07,Colusa,011,21464,1959,1960,316,2276,15
2021-06-07,Contra Costa,013,1133247,70233,69718,1307,71025,817
2021-06-07,Del Norte,015,27424,1432,1401,13,1414,8
2021-06-07,El Dorado,017,186661,10357,10305,739,11044,113
2021-06-07,Fresno,019,978130,103084,102659,8757,111416,1717
2021-06-07,Glenn,021,27897,2441,2423,567,2990,19
2021-06-07,Humboldt,023,135768,4373,4354,38,4392,42
2021-06-07,Imperial,025,180216,28691,28754,2920,31674,738
2021-06-07,Inyo,027,18085,1406,1404,12,1416,35
2021-06-07,Kern,029,883053,97609,96645,11045,107690,1324
2021-06-07,Kings,031,150075,23219,23023,1097,24120,244
2021-06-07,Lake,033,64148,3554,3540,9,3549,45
2021-06-07,Lassen,035,31185,5243,5198,116,5314,18
2021-06-07,Los Angeles,037,10098052,1207382,1203664,41863,1245527,24413
2021-06-07,Madera,039,155013,16689,16572,943,17515,240
2021-06-07,Marin,041,260295,14145,14108,265,14373,229
2021-06-07,Mariposa,043,17540,436,434,11,445,5
2021-06-07,Mendocino,045,87422,4081,3998,82,4080,47
2021-06-07,Merced,047,269075,31174,31212,996,32208,459
2021-06-07,Modoc,049,8938,389,375,136,511,3
2021-06-07,Mono,051,14174,1261,1275,17,1292,3
2021-06-07,Monterey,053,433212,43261,43077,1885,44962,415
2021-06-07,Napa,055,140530,9956,9962,38,10000,80
2021-06-07,Nevada,057,99092,4887,4860,194,5054,72
2021-06-07,Orange,059,3164182,255813,254808,11441,266249,5073
2021-06-07,Placer,061,380077,23507,23176,1525,24701,293
2021-06-07,Plumas,063,18699,712,692,11,703,4
2021-06-07,Riverside,065,2383286,294752,289232,14122,303354,4451
2021-06-07,Sacramento,067,1510023,107085,106841,1810,108651,1655
2021-06-07,San Benito,069,59416,6079,6074,116,6190,63
2021-06-07,San Bernardino,071,2135413,293840,293129,9025,302154,4775
2021-06-07,San Diego,073,3302833,281635,280808,15099,295907,3764
2021-06-07,San Francisco,075,870044,36891,37122,1303,38425,552
2021-06-07,San Joaquin,077,732212,73550,73130,3618,76748,1388
2021-06-07,San Luis Obispo,079,281455,21475,21252,751,22003,255
2021-06-07,San Mateo,081,765935,42528,42479,477,42956,664
2021-06-07,Santa Barbara,083,443738,34451,34407,1202,35609,459
2021-06-07,Santa Clara,085,1922200,118971,119743,772,120515,2066
2021-06-07,Santa Cruz,087,273765,16256,16159,815,16974,208
2021-06-07,Shasta,089,179085,12456,12483,1616,14099,200
2021-06-07,Sierra,091,2930,57,55,12,67,0
2021-06-07,Siskiyou,093,43540,1952,1869,373,2242,21
2021-06-07,Solano,095,438530,33118,33124,560,33684,258
2021-06-07,Sonoma,097,501317,30414,30504,352,30856,323
2021-06-07,Stanislaus,099,539301,56673,56521,5986,62507,972
2021-06-07,Sutter,101,95872,9591,9571,88,9659,111
2021-06-07,Tehama,103,63373,5129,5092,590,5682,63
2021-06-07,Trinity,105,12862,486,329,96,425,3
2021-06-07,Tulare,107,460477,50341,49471,9132,58603,847
2021-06-07,Tuolumne,109,53932,4029,4098,40,4138,63
2021-06-07,Ventura,111,848112,81566,81137,3017,84154,1025
2021-06-07,Yolo,113,214977,14067,14097,331,14428,211
2021-06-07,Yuba,115,75493,6125,6099,130,6229,49
2021-06-06,Alameda,001,1643700,88620,88636,1987,90623,1267
2021-06-06,Alpine,003,1148,87,88,0,88,0
2021-06-06,Amador,005,37829,3709,3696,33,3729,46
2021-06-06,Butte,007,227075,12663,12527,1839,14366,194
2021-06-06,Calaveras,009,45235,2181,2181,14,2195,55
2021-06-06,Colusa,011,21464,1957,1959,316,2275,15
2021-06-06,Contra Costa,013,1133247,70168,69659,1305,70964,817
2021-06-06,Del Norte,015,27424,1427,1401,13,1414,8
2021-06-06,El Dorado,017,186661,10350,10294,739,11033,113
2021-06-06,Fresno,019,978130,103051,102642,8754,111396,1717
2021-06-06,Glenn,021,27897,2440,2423,567,2990,19
2021-06-06,Humboldt,023,135768,4362,4353,38,4391,42
2021-06-06,Imperial,025,180216,28685,28762,2919,31681,738
2021-06-06,Inyo,027,18085,1405,1404,12,1416,35
2021-06-06,Kern,029,883053,97591,96623,11038,107661,1324
2021-06-06,Kings,031,150075,23213,23021,1097,24118,244
2021-06-06,Lake,033,64148,3554,3535,9,3544,45
2021-06-06,Lassen,035,31185,5241,5191,116,5307,18
2021-06-06,Los Angeles,037,10098052,1207182,1203539,41851,1245390,24410
2021-06-06,Madera,039,155013,16682,16567,943,17510,240
2021-06-06,Marin,041,260295,14139,14106,264,14370,229
2021-06-06,Mariposa,043,17540,435,435,11,446,5
2021-06-06,Mendocino,045,87422,4077,3993,82,4075,47
2021-06-06,Merced,047,269075,31168,31215,995,32210,459
2021-06-06,Modoc,049,8938,389,375,135,510,3
2021-06-06,Mono,051,14174,1261,1275,17,1292,3
2021-06-06,Monterey,053,433212,43256,43078,1885,44963,415
2021-06-06,Napa,055,140530,9950,9963,38,10001,80
2021-06-06,Nevada,057,99092,4880,4854,193,5047,72
2021-06-06,Orange,059,3164182,255777,254782,11436,266218,5073
2021-06-06,Placer,061,380077,23482,23156,1522,24678,293
2021-06-06,Plumas,063,18699,712,692,11,703,4
2021-06-06,Riverside,065,2383286,294713,289201,14116,303317,4451
2021-06-06,Sacramento,067,1510023,106999,106749,1809,108558,1655
2021-06-06,San Benito,069,59416,6073,6074,116,6190,63
2021-06-06,San Bernardino,071,2135413,293784,293117,9016,302133,4773
2021-06-06,San Diego,073,3302833,281555,280743,15082,295825,3764
2021-06-06,San Francisco,075,870044,36878,37118,1301,38419,552
2021-06-06,San Joaquin,077,732212,73518,73105,3614,76719,1388
2021-06-06,San Luis Obispo,079,281455,21472,21246,751,21997,255
2021-06-06,San Mateo,081,765935,42511,42457,477,42934,664
2021-06-06,Santa Barbara,083,443738,34447,34403,1201,35604,459
2021-06-06,Santa Clara,085,1922200,118949,119711,772,120483,2066
2021-06-06,Santa Cruz,087,273765,16255,16158,815,16973,208
2021-06-06,Shasta,089,179085,12441,12478,1612,14090,200
2021-06-06,Sierra,091,2930,57,55,12,67,0
2021-06-06,Siskiyou,093,43540,1949,1869,373,2242,21
2021-06-06,Solano,095,438530,33091,33093,560,33653,258
2021-06-06,Sonoma,097,501317,30383,30478,351,30829,323
2021-06-06,Stanislaus,099,539301,56637,56486,5983,62469,972
2021-06-06,Sutter,101,95872,9584,9567,88,9655,111
2021-06-06,Tehama,103,63373,5119,5092,588,5680,63
2021-06-06,Trinity,105,12862,486,328,96,424,3
2021-06-06,Tulare,107,460477,50333,49466,9127,58593,847
2021-06-06,Tuolumne,109,53932,4027,4097,40,4137,63
2021-06-06,Ventura,111,848112,81555,81130,3014,84144,1025
2021-06-06,Yolo,113,214977,14059,14089,330,14419,210
2021-06-06,Yuba,115,75493,6117,6096,130,6226,49
2021-06-05,Alameda,001,1643700,88587,88612,1987,90599,1268
2021-06-05,Alpine,003,1148,87,88,0,88,0
2021-06-05,Amador,005,37829,3709,3694,33,3727,46
2021-06-05,Butte,007,227075,12657,12514,1838,14352,194
2021-06-05,Calaveras,009,45235,2181,2181,14,2195,55
2021-06-05,Colusa,011,21464,1957,1959,316,2275,15
2021-06-05,Contra Costa,013,1133247,70139,69601,1305,70906,817
2021-06-05,Del Norte,015,27424,1427,1400,13,1413,8
2021-06-05,El Dorado,017,186661,10348,10288,738,11026,113
2021-06-05,Fresno,019,978130,103042,102626,8754,111380,1717
2021-06-05,Glenn,021,27897,2439,2423,567,2990,19
2021-06-05,Humboldt,023,135768,4357,4346,38,4384,42
2021-06-05,Imperial,025,180216,28682,28764,2918,31682,738
2021-06-05,Inyo,027,18085,1405,1405,12,1417,35
2021-06-05,Kern,029,883053,97578,96597,11034,107631,1324
2021-06-05,Kings,031,150075,23210,23017,1097,24114,244
2021-06-05,Lake,033,64148,3551,3534,9,3543,45
2021-06-05,Lassen,035,31185,5240,5191,116,5307,18
2021-06-05,Los Angeles,037,10098052,1207055,1203338,41841,1245179,24411
2021-06-05,Madera,039,155013,16678,16563,943,17506,240
2021-06-05,Marin,041,260295,14137,14101,264,14365,229
2021-06-05,Mariposa,043,17540,435,435,11,446,5
2021-06-05,Mendocino,045,87422,4074,3989,82,4071,47
2021-06-05,Merced,047,269075,31166,31212,994,32206,459
2021-06-05,Modoc,049,8938,389,375,134,509,3
2021-06-05,Mono,051,14174,1261,1274,17,1291,3
2021-06-05,Monterey,053,433212,43252,43071,1884,44955,415
2021-06-05,Napa,055,140530,9945,9960,38,9998,80
2021-06-05,Nevada,057,99092,4878,4849,193,5042,72
2021-06-05,Orange,059,3164182,255753,254752,11433,266185,5069
2021-06-05,Placer,061,380077,23466,23133,1522,24655,293
2021-06-05,Plumas,063,18699,712,692,11,703,4
2021-06-05,Riverside,065,2383286,294678,289157,14112,303269,4451
2021-06-05,Sacramento,067,1510023,106947,106688,1807,108495,1655
2021-06-05,San Benito,069,59416,6071,6074,116,6190,63
2021-06-05,San Bernardino,071,2135413,293751,293081,9014,302095,4772
2021-06-05,San Diego,073,3302833,281514,280676,15069,295745,3764
2021-06-05,San Francisco,075,870044,36869,37111,1301,38412,552
2021-06-05,San Joaquin,077,732212,73502,73078,3608,76686,1388
2021-06-05,San Luis Obispo,079,281455,21469,21236,751,21987,255
2021-06-05,San Mateo,081,765935,42501,42433,477,42910,664
2021-06-05,Santa Barbara,083,443738,34444,34399,1200,35599,459
2021-06-05,Santa Clara,085,1922200,118927,119676,770,120446,2066
2021-06-05,Santa Cruz,087,273765,16255,16154,815,16969,208
2021-06-05,Shasta,089,179085,12431,12472,1611,14083,200
2021-06-05,Sierra,091,2930,57,55,12,67,0
2021-06-05,Siskiyou,093,43540,1949,1867,373,2240,21
2021-06-05,Solano,095,438530,33076,33074,560,33634,257
2021-06-05,Sonoma,097,501317,30356,30450,349,30799,323
2021-06-05,Stanislaus,099,539301,56629,56463,5981,62444,973
2021-06-05,Sutter,101,95872,9581,9559,88,9647,111
2021-06-05,Tehama,103,63373,5118,5092,587,5679,63
2021-06-05,Trinity,105,12862,486,328,96,424,3
2021-06-05,Tulare,107,460477,50327,49463,9127,58590,847
2021-06-05,Tuolumne,109,53932,4025,4098,40,4138,63
2021-06-05,Ventura,111,848112,81546,81119,3012,84131,1025
2021-06-05,Yolo,113,214977,14057,14088,330,14418,210
2021-06-05,Yuba,115,75493,6116,6087,130,6217,49
2021-06-04,Alameda,001,1643700,88560,88585,1984,90569,1263
2021-06-04,Alpine,003,1148,87,88,0,88,0
2021-06-04,Amador,005,37829,3709,3690,33,3723,46
2021-06-04,Butte,007,227075,12646,12494,1835,14329,193
2021-06-04,Calaveras,009,45235,2181,2179,14,2193,55
2021-06-04,Colusa,011,21464,1957,1959,316,2275,15
2021-06-04,Contra Costa,013,1133247,70104,69540,1302,70842,816
2021-06-04,Del Norte,015,27424,1427,1398,13,1411,8
2021-06-04,El Dorado,017,186661,10344,10284,736,11020,112
2021-06-04,Fresno,019,978130,103026,102601,8754,111355,1712
2021-06-04,Glenn,021,27897,2439,2423,566,2989,19
2021-06-04,Humboldt,023,135768,4352,4327,38,4365,42
2021-06-04,Imperial,025,180216,28678,28753,2918,31671,738
2021-06-04,Inyo,027,18085,1405,1404,12,1416,35
2021-06-04,Kern,029,883053,97560,96573,11032,107605,1327
2021-06-04,Kings,031,150075,23209,23002,1097,24099,244
2021-06-04,Lake,033,64148,3549,3528,9,3537,45
2021-06-04,Lassen,035,31185,5240,5180,116,5296,18
2021-06-04,Los Angeles,037,10098052,1206931,1203106,41832,1244938,24400
2021-06-04,Madera,039,155013,16676,16557,943,17500,240
2021-06-04,Marin,041,260295,14136,14099,263,14362,229
2021-06-04,Mariposa,043,17540,435,435,11,446,5
2021-06-04,Mendocino,045,87422,4065,3983,82,4065,47
2021-06-04,Merced,047,269075,31161,31204,993,32197,459
2021-06-04,Modoc,049,8938,387,375,134,509,3
2021-06-04,Mono,051,14174,1261,1275,17,1292,3
2021-06-04,Monterey,053,433212,43248,43068,1884,44952,415
2021-06-04,Napa,055,140530,9941,9958,38,9996,80
2021-06-04,Nevada,057,99092,4874,4844,193,5037,72
2021-06-04,Orange,059,3164182,255716,254730,11430,266160,5059
2021-06-04,Placer,061,380077,23450,23110,1521,24631,293
2021-06-04,Plumas,063,18699,712,691,11,702,4
2021-06-04,Riverside,065,2383286,294652,289098,14108,303206,4452
2021-06-04,Sacramento,067,1510023,106893,106616,1806,108422,1654
2021-06-04,San Benito,069,59416,6069,6073,116,6189,63
2021-06-04,San Bernardino,071,2135413,293728,293056,9012,302068,4768
2021-06-04,San Diego,073,3302833,281471,280556,15062,295618,3763
2021-06-04,San Francisco,075,870044,36864,37079,1300,38379,551
2021-06-04,San Joaquin,077,732212,73483,73039,3606,76645,1388
2021-06-04,San Luis Obispo,079,281455,21466,21234,750,21984,255
2021-06-04,San Mateo,081,765935,42489,42413,477,42890,478
2021-06-04,Santa Barbara,083,443738,34438,34402,1199,35601,459
2021-06-04,Santa Clara,085,1922200,118897,119619,770,120389,2065
2021-06-04,Santa Cruz,087,273765,16253,16150,815,16965,207
2021-06-04,Shasta,089,179085,12425,12458,1606,14064,200
2021-06-04,Sierra,091,2930,57,55,12,67,0
2021-06-04,Siskiyou,093,43540,1948,1865,373,2238,21
2021-06-04,Solano,095,438530,33065,33058,560,33618,256
2021-06-04,Sonoma,097,501317,30335,30411,349,30760,323
2021-06-04,Stanislaus,099,539301,56614,56442,5978,62420,973
2021-06-04,Sutter,101,95872,9576,9554,88,9642,111
2021-06-04,Tehama,103,63373,5113,5090,587,5677,63
2021-06-04,Trinity,105,12862,486,328,96,424,3
2021-06-04,Tulare,107,460477,50318,49452,9125,58577,847
2021-06-04,Tuolumne,109,53932,4024,4095,40,4135,63
2021-06-04,Ventura,111,848112,81539,81104,3010,84114,1023
2021-06-04,Yolo,113,214977,14055,14083,330,14413,210
2021-06-04,Yuba,115,75493,6113,6084,130,6214,49
2021-06-03,Alameda,001,1643700,88522,88555,1981,90536,1257
2021-06-03,Alpine,003,1148,87,88,0,88,0
2021-06-03,Amador,005,37829,3701,3688,33,3721,46
2021-06-03,Butte,007,227075,12642,12478,1834,14312,193
2021-06-03,Calaveras,009,45235,2181,2179,14,2193,55
2021-06-03,Colusa,011,21464,1957,1957,316,2273,15
2021-06-03,Contra Costa,013,1133247,70050,69500,1297,70797,816
2021-06-03,Del Norte,015,27424,1425,1397,13,1410,8
2021-06-03,El Dorado,017,186661,10338,10284,733,11017,112
2021-06-03,Fresno,019,978130,103009,102566,8754,111320,1709
2021-06-03,Glenn,021,27897,2439,2421,566,2987,19
2021-06-03,Humboldt,023,135768,4344,4314,38,4352,42
2021-06-03,Imperial,025,180216,28666,28737,2918,31655,738
2021-06-03,Inyo,027,18085,1405,1404,12,1416,35
2021-06-03,Kern,029,883053,97533,96507,11018,107525,1326
2021-06-03,Kings,031,150075,23205,22982,1097,24079,244
2021-06-03,Lake,033,64148,3547,3526,9,3535,45
2021-06-03,Lassen,035,31185,5231,5177,116,5293,12
2021-06-03,Los Angeles,037,10098052,1206756,1202923,41824,1244747,24386
2021-06-03,Madera,039,155013,16669,16554,943,17497,240
2021-06-03,Marin,041,260295,14131,14095,263,14358,230
2021-06-03,Mariposa,043,17540,435,435,11,446,5
2021-06-03,Mendocino,045,87422,4058,3978,82,4060,47
2021-06-03,Merced,047,269075,31158,31199,993,32192,459
2021-06-03,Modoc,049,8938,386,376,133,509,3
2021-06-03,Mono,051,14174,1261,1275,17,1292,3
2021-06-03,Monterey,053,433212,43245,43063,1884,44947,415
2021-06-03,Napa,055,140530,9934,9957,38,9995,81
2021-06-03,Nevada,057,99092,4870,4837,193,5030,72
2021-06-03,Orange,059,3164182,255688,254676,11420,266096,5056
2021-06-03,Placer,061,380077,23441,23100,1520,24620,293
2021-06-03,Plumas,063,18699,712,691,11,702,4
2021-06-03,Riverside,065,2383286,294597,289035,14104,303139,4447
2021-06-03,Sacramento,067,1510023,106815,106526,1804,108330,1654
2021-06-03,San Benito,069,59416,6069,6073,116,6189,63
2021-06-03,San Bernardino,071,2135413,293696,293021,9012,302033,4762
2021-06-03,San Diego,073,3302833,281408,280430,15052,295482,3761
2021-06-03,San Francisco,075,870044,36858,37072,1300,38372,551
2021-06-03,San Joaquin,077,732212,73455,72989,3602,76591,1388
2021-06-03,San Luis Obispo,079,281455,21461,21224,750,21974,255
2021-06-03,San Mateo,081,765935,42476,42396,477,42873,467
2021-06-03,Santa Barbara,083,443738,34435,34391,1199,35590,459
2021-06-03,Santa Clara,085,1922200,118875,119592,768,120360,2058
2021-06-03,Santa Cruz,087,273765,16251,16144,815,16959,207
2021-06-03,Shasta,089,179085,12410,12441,1603,14044,199
2021-06-03,Sierra,091,2930,57,55,12,67,0
2021-06-03,Siskiyou,093,43540,1948,1862,372,2234,21
2021-06-03,Solano,095,438530,33051,33019,560,33579,256
2021-06-03,Sonoma,097,501317,30313,30383,348,30731,322
2021-06-03,Stanislaus,099,539301,56596,56401,5972,62373,973
2021-06-03,Sutter,101,95872,9567,9539,88,9627,111
2021-06-03,Tehama,103,63373,5113,5087,587,5674,63
2021-06-03,Trinity,105,12862,486,328,96,424,3
2021-06-03,Tulare,107,460477,50315,49442,9121,58563,848
2021-06-03,Tuolumne,109,53932,4022,4095,40,4135,63
2021-06-03,Ventura,111,848112,81527,81078,3008,84086,1023
2021-06-03,Yolo,113,214977,14051,14078,327,14405,210
2021-06-03,Yuba,115,75493,6106,6077,130,6207,49
2021-06-02,Alameda,001,1643700,88477,88525,1979,90504,1254
2021-06-02,Alpine,003,1148,87,88,0,88,0
2021-06-02,Amador,005,37829,3699,3687,33,3720,46
2021-06-02,Butte,007,227075,12622,12432,1831,14263,193
2021-06-02,Calaveras,009,45235,2178,2174,14,2188,55
2021-06-02,Colusa,011,21464,1956,1957,316,2273,15
2021-06-02,Contra Costa,013,1133247,69999,69455,1295,70750,814
2021-06-02,Del Norte,015,27424,1423,1395,13,1408,8
2021-06-02,El Dorado,017,186661,10334,10275,733,11008,110
2021-06-02,Fresno,019,978130,102985,102547,8751,111298,1707
2021-06-02,Glenn,021,27897,2439,2421,566,2987,19
2021-06-02,Humboldt,023,135768,4329,4302,38,4340,42
2021-06-02,Imperial,025,180216,28660,28737,2917,31654,738
2021-06-02,Inyo,027,18085,1404,1403,12,1415,35
2021-06-02,Kern,029,883053,97506,96481,11011,107492,1326
2021-06-02,Kings,031,150075,23203,22981,1097,24078,244
2021-06-02,Lake,033,64148,3542,3522,9,3531,45
2021-06-02,Lassen,035,31185,5230,5177,116,5293,6
2021-06-02,Los Angeles,037,10098052,1206553,1202760,41814,1244574,24375
2021-06-02,Madera,039,155013,16661,16550,943,17493,240
2021-06-02,Marin,041,260295,14129,14091,263,14354,229
2021-06-02,Mariposa,043,17540,435,434,11,445,5
2021-06-02,Mendocino,045,87422,4052,3970,82,4052,47
2021-06-02,Merced,047,269075,31145,31195,992,32187,458
2021-06-02,Modoc,049,8938,385,375,132,507,3
2021-06-02,Mono,051,14174,1261,1275,17,1292,3
2021-06-02,Monterey,053,433212,43243,43056,1884,44940,380
2021-06-02,Napa,055,140530,9933,9953,38,9991,82
2021-06-02,Nevada,057,99092,4867,4833,193,5026,72
2021-06-02,Orange,059,3164182,255640,254637,11415,266052,5055
2021-06-02,Placer,061,380077,23420,23058,1518,24576,293
2021-06-02,Plumas,063,18699,712,690,11,701,4
2021-06-02,Riverside,065,2383286,294538,289012,14094,303106,4445
2021-06-02,Sacramento,067,1510023,106750,106435,1798,108233,1649
2021-06-02,San Benito,069,59416,6068,6073,116,6189,63
2021-06-02,San Bernardino,071,2135413,293648,293004,9007,302011,4760
2021-06-02,San Diego,073,3302833,281328,280347,15031,295378,3760
2021-06-02,San Francisco,075,870044,36838,37050,1299,38349,550
2021-06-02,San Joaquin,077,732212,73424,72893,3599,76492,1387
2021-06-02,San Luis Obispo,079,281455,21454,21214,749,21963,255
2021-06-02,San Mateo,081,765935,42466,42383,476,42859,464
2021-06-02,Santa Barbara,083,443738,34428,34381,1199,35580,456
2021-06-02,Santa Clara,085,1922200,118847,119553,767,120320,2058
2021-06-02,Santa Cruz,087,273765,16248,16144,815,16959,207
2021-06-02,Shasta,089,179085,12392,12426,1598,14024,199
2021-06-02,Sierra,091,2930,57,55,12,67,0
2021-06-02,Siskiyou,093,43540,1948,1861,370,2231,21
2021-06-02,Solano,095,438530,33039,33007,559,33566,256
2021-06-02,Sonoma,097,501317,30294,30359,343,30702,322
2021-06-02,Stanislaus,099,539301,56578,56377,5967,62344,973
2021-06-02,Sutter,101,95872,9564,9533,88,9621,111
2021-06-02,Tehama,103,63373,5110,5081,587,5668,63
2021-06-02,Trinity,105,12862,484,328,96,424,3
2021-06-02,Tulare,107,460477,50306,49434,9117,58551,846
2021-06-02,Tuolumne,109,53932,4021,4095,40,4135,63
2021-06-02,Ventura,111,848112,81502,81033,3008,84041,1020
2021-06-02,Yolo,113,214977,14048,14074,326,14400,210
2021-06-02,Yuba,115,75493,6100,6072,130,6202,48
2021-06-01,Alameda,001,1643700,88442,88472,1977,90449,1253
2021-06-01,Alpine,003,1148,87,88,0,88,0
2021-06-01,Amador,005,37829,3697,3687,33,3720,46
2021-06-01,Butte,007,227075,12608,12427,1830,14257,193
2021-06-01,Calaveras,009,45235,2176,2173,14,2187,55
2021-06-01,Colusa,011,21464,1955,1955,315,2270,15
2021-06-01,Contra Costa,013,1133247,69942,69404,1295,70699,813
2021-06-01,Del Norte,015,27424,1422,1394,13,1407,8
2021-06-01,El Dorado,017,186661,10328,10271,733,11004,110
2021-06-01,Fresno,019,978130,102961,102534,8748,111282,1706
2021-06-01,Glenn,021,27897,2439,2422,566,2988,18
2021-06-01,Humboldt,023,135768,4319,4299,38,4337,42
2021-06-01,Imperial,025,180216,28656,28722,2914,31636,736
2021-06-01,Inyo,027,18085,1404,1403,12,1415,35
2021-06-01,Kern,029,883053,97479,96477,11003,107480,1319
2021-06-01,Kings,031,150075,23199,22977,1097,24074,244
2021-06-01,Lake,033,64148,3541,3523,9,3532,45
2021-06-01,Lassen,035,31185,5223,5172,116,5288,6
2021-06-01,Los Angeles,037,10098052,1206318,1202673,41801,1244474,24367
2021-06-01,Madera,039,155013,16652,16549,942,17491,240
2021-06-01,Marin,041,260295,14127,14081,263,14344,229
2021-06-01,Mariposa,043,17540,435,431,11,442,5
2021-06-01,Mendocino,045,87422,4045,3966,82,4048,47
2021-06-01,Merced,047,269075,31135,31195,992,32187,456
2021-06-01,Modoc,049,8938,383,375,132,507,3
2021-06-01,Mono,051,14174,1261,1275,17,1292,3
2021-06-01,Monterey,053,433212,43237,43051,1884,44935,379
2021-06-01,Napa,055,140530,9931,9949,38,9987,82
2021-06-01,Nevada,057,99092,4862,4825,193,5018,72
2021-06-01,Orange,059,3164182,255604,254603,11407,266010,5051
2021-06-01,Placer,061,380077,23390,23021,1516,24537,293
2021-06-01,Plumas,063,18699,711,690,11,701,4
2021-06-01,Riverside,065,2383286,294486,288996,14088,303084,4442
2021-06-01,Sacramento,067,1510023,106678,106330,1796,108126,1644
2021-06-01,San Benito,069,59416,6067,6073,115,6188,63
2021-06-01,San Bernardino,071,2135413,293623,292990,9006,301996,4758
2021-06-01,San Diego,073,3302833,281224,280305,15014,295319,3756
2021-06-01,San Francisco,075,870044,36822,37031,1299,38330,550
2021-06-01,San Joaquin,077,732212,73392,72858,3597,76455,1383
2021-06-01,San Luis Obispo,079,281455,21449,21217,749,21966,256
2021-06-01,San Mateo,081,765935,42450,42383,475,42858,462
2021-06-01,Santa Barbara,083,443738,34424,34374,1199,35573,456
2021-06-01,Santa Clara,085,1922200,118819,119528,767,120295,2057
2021-06-01,Santa Cruz,087,273765,16244,16143,814,16957,207
2021-06-01,Shasta,089,179085,12383,12409,1593,14002,199
2021-06-01,Sierra,091,2930,57,55,12,67,0
2021-06-01,Siskiyou,093,43540,1941,1860,369,2229,21
2021-06-01,Solano,095,438530,33014,32974,558,33532,256
2021-06-01,Sonoma,097,501317,30255,30324,342,30666,322
2021-06-01,Stanislaus,099,539301,56562,56348,5965,62313,973
2021-06-01,Sutter,101,95872,9557,9528,88,9616,111
2021-06-01,Tehama,103,63373,5108,5079,587,5666,63
2021-06-01,Trinity,105,12862,483,328,95,423,3
2021-06-01,Tulare,107,460477,50298,49419,9113,58532,845
2021-06-01,Tuolumne,109,53932,4021,4094,40,4134,63
2021-06-01,Ventura,111,848112,81486,81018,3007,84025,1021
2021-06-01,Yolo,113,214977,14042,14067,326,14393,210
2021-06-01,Yuba,115,75493,6096,6067,130,6197,48
2021-05-31,Alameda,001,1643700,88405,88458,1973,90431,1253
2021-05-31,Alpine,003,1148,87,88,0,88,0
2021-05-31,Amador,005,37829,3691,3687,33,3720,46
2021-05-31,Butte,007,227075,12595,12429,1830,14259,193
2021-05-31,Calaveras,009,45235,2175,2171,14,2185,55
2021-05-31,Colusa,011,21464,1955,1956,314,2270,15
2021-05-31,Contra Costa,013,1133247,69905,69390,1293,70683,813
2021-05-31,Del Norte,015,27424,1419,1394,13,1407,8
2021-05-31,El Dorado,017,186661,10322,10271,731,11002,110
2021-05-31,Fresno,019,978130,102925,102507,8748,111255,1706
2021-05-31,Glenn,021,27897,2438,2422,565,2987,18
2021-05-31,Humboldt,023,135768,4307,4295,38,4333,42
2021-05-31,Imperial,025,180216,28650,28732,2910,31642,736
2021-05-31,Inyo,027,18085,1403,1403,12,1415,35
2021-05-31,Kern,029,883053,97443,96457,10994,107451,1319
2021-05-31,Kings,031,150075,23195,22977,1097,24074,244
2021-05-31,Lake,033,64148,3536,3523,9,3532,45
2021-05-31,Lassen,035,31185,5221,5172,115,5287,6
2021-05-31,Los Angeles,037,10098052,1206076,1202567,41793,1244360,24364
2021-05-31,Madera,039,155013,16651,16543,941,17484,240
2021-05-31,Marin,041,260295,14125,14080,263,14343,229
2021-05-31,Mariposa,043,17540,435,430,11,441,5
2021-05-31,Mendocino,045,87422,4035,3961,82,4043,47
2021-05-31,Merced,047,269075,31130,31194,992,32186,456
2021-05-31,Modoc,049,8938,382,374,132,506,3
2021-05-31,Mono,051,14174,1261,1275,17,1292,3
2021-05-31,Monterey,053,433212,43233,43051,1884,44935,379
2021-05-31,Napa,055,140530,9924,9948,38,9986,82
2021-05-31,Nevada,057,99092,4852,4823,192,5015,72
2021-05-31,Orange,059,3164182,255576,254572,11400,265972,5051
2021-05-31,Placer,061,380077,23363,23019,1512,24531,293
2021-05-31,Plumas,063,18699,710,690,11,701,4
2021-05-31,Riverside,065,2383286,294429,288970,14076,303046,4442
2021-05-31,Sacramento,067,1510023,106581,106278,1790,108068,1644
2021-05-31,San Benito,069,59416,6067,6072,115,6187,63
2021-05-31,San Bernardino,071,2135413,293575,292973,9005,301978,4758
2021-05-31,San Diego,073,3302833,281120,280254,15002,295256,3756
2021-05-31,San Francisco,075,870044,36807,37022,1298,38320,550
2021-05-31,San Joaquin,077,732212,73343,72856,3591,76447,1383
2021-05-31,San Luis Obispo,079,281455,21441,21215,749,21964,256
2021-05-31,San Mateo,081,765935,42434,42389,475,42864,442
2021-05-31,Santa Barbara,083,443738,34411,34369,1197,35566,456
2021-05-31,Santa Clara,085,1922200,118775,119515,767,120282,2057
2021-05-31,Santa Cruz,087,273765,16241,16139,814,16953,207
2021-05-31,Shasta,089,179085,12367,12408,1590,13998,199
2021-05-31,Sierra,091,2930,57,55,12,67,0
2021-05-31,Siskiyou,093,43540,1940,1856,368,2224,21
2021-05-31,Solano,095,438530,32964,32973,558,33531,256
2021-05-31,Sonoma,097,501317,30212,30314,342,30656,322
2021-05-31,Stanislaus,099,539301,56522,56335,5962,62297,973
2021-05-31,Sutter,101,95872,9538,9523,88,9611,111
2021-05-31,Tehama,103,63373,5105,5076,586,5662,63
2021-05-31,Trinity,105,12862,483,328,95,423,3
2021-05-31,Tulare,107,460477,50287,49404,9108,58512,845
2021-05-31,Tuolumne,109,53932,4019,4095,40,4135,63
2021-05-31,Ventura,111,848112,81471,81017,3004,84021,1021
2021-05-31,Yolo,113,214977,14038,14064,326,14390,210
2021-05-31,Yuba,115,75493,6090,6063,127,6190,48
2021-05-30,Alameda,001,1643700,88382,88429,1973,90402,1253
2021-05-30,Alpine,003,1148,87,88,0,88,0
2021-05-30,Amador,005,37829,3687,3685,33,3718,46
2021-05-30,Butte,007,227075,12585,12427,1828,14255,190
2021-05-30,Calaveras,009,45235,2172,2166,14,2180,55
2021-05-30,Colusa,011,21464,1955,1954,314,2268,15
2021-05-30,Contra Costa,013,1133247,69871,69381,1291,70672,813
2021-05-30,Del Norte,015,27424,1418,1393,13,1406,8
2021-05-30,El Dorado,017,186661,10319,10271,731,11002,110
2021-05-30,Fresno,019,978130,102908,102499,8744,111243,1706
2021-05-30,Glenn,021,27897,2438,2422,564,2986,18
2021-05-30,Humboldt,023,135768,4299,4291,38,4329,42
2021-05-30,Imperial,025,180216,28645,28732,2909,31641,736
2021-05-30,Inyo,027,18085,1403,1403,12,1415,35
2021-05-30,Kern,029,883053,97427,96443,10991,107434,1319
2021-05-30,Kings,031,150075,23194,22974,1096,24070,244
2021-05-30,Lake,033,64148,3536,3517,9,3526,45
2021-05-30,Lassen,035,31185,5219,5171,115,5286,6
2021-05-30,Los Angeles,037,10098052,1205968,1202425,41786,1244211,24360
2021-05-30,Madera,039,155013,16647,16538,941,17479,240
2021-05-30,Marin,041,260295,14121,14083,262,14345,229
2021-05-30,Mariposa,043,17540,435,430,11,441,5
2021-05-30,Mendocino,045,87422,4028,3955,82,4037,47
2021-05-30,Merced,047,269075,31126,31189,991,32180,456
2021-05-30,Modoc,049,8938,382,374,132,506,3
2021-05-30,Mono,051,14174,1261,1275,17,1292,3
2021-05-30,Monterey,053,433212,43230,43049,1884,44933,379
2021-05-30,Napa,055,140530,9923,9948,38,9986,82
2021-05-30,Nevada,057,99092,4846,4818,192,5010,72
2021-05-30,Orange,059,3164182,255553,254559,11399,265958,5051
2021-05-30,Placer,061,380077,23357,23016,1512,24528,293
2021-05-30,Plumas,063,18699,708,690,11,701,4
2021-05-30,Riverside,065,2383286,294408,288961,14074,303035,4442
2021-05-30,Sacramento,067,1510023,106536,106252,1788,108040,1644
2021-05-30,San Benito,069,59416,6067,6072,115,6187,63
2021-05-30,San Bernardino,071,2135413,293549,292981,9004,301985,4758
2021-05-30,San Diego,073,3302833,281064,280209,14997,295206,3756
2021-05-30,San Francisco,075,870044,36788,37016,1298,38314,550
2021-05-30,San Joaquin,077,732212,73326,72853,3590,76443,1383
2021-05-30,San Luis Obispo,079,281455,21432,21211,748,21959,256
2021-05-30,San Mateo,081,765935,42426,42386,475,42861,439
2021-05-30,Santa Barbara,083,443738,34407,34369,1197,35566,456
2021-05-30,Santa Clara,085,1922200,118753,119510,763,120273,2057
2021-05-30,Santa Cruz,087,273765,16239,16140,814,16954,207
2021-05-30,Shasta,089,179085,12365,12408,1587,13995,199
2021-05-30,Sierra,091,2930,57,55,12,67,0
2021-05-30,Siskiyou,093,43540,1940,1856,368,2224,21
2021-05-30,Solano,095,438530,32953,32952,557,33509,256
2021-05-30,Sonoma,097,501317,30195,30310,341,30651,322
2021-05-30,Stanislaus,099,539301,56510,56323,5961,62284,973
2021-05-30,Sutter,101,95872,9537,9519,87,9606,111
2021-05-30,Tehama,103,63373,5105,5073,586,5659,63
2021-05-30,Trinity,105,12862,483,328,95,423,3
2021-05-30,Tulare,107,460477,50280,49397,9099,58496,845
2021-05-30,Tuolumne,109,53932,4019,4094,40,4134,63
2021-05-30,Ventura,111,848112,81467,81012,3003,84015,1021
2021-05-30,Yolo,113,214977,14033,14059,325,14384,210
2021-05-30,Yuba,115,75493,6083,6063,126,6189,48
2021-05-29,Alameda,001,1643700,88359,88433,1971,90404,1253
2021-05-29,Alpine,003,1148,87,88,0,88,0
2021-05-29,Amador,005,37829,3686,3683,33,3716,46
2021-05-29,Butte,007,227075,12579,12425,1828,14253,190
2021-05-29,Calaveras,009,45235,2171,2166,14,2180,55
2021-05-29,Colusa,011,21464,1952,1954,314,2268,15
2021-05-29,Contra Costa,013,1133247,69838,69351,1291,70642,813
2021-05-29,Del Norte,015,27424,1418,1391,13,1404,8
2021-05-29,El Dorado,017,186661,10318,10269,729,10998,110
2021-05-29,Fresno,019,978130,102896,102470,8741,111211,1706
2021-05-29,Glenn,021,27897,2438,2422,563,2985,18
2021-05-29,Humboldt,023,135768,4293,4283,38,4321,42
2021-05-29,Imperial,025,180216,28642,28729,2908,31637,736
2021-05-29,Inyo,027,18085,1403,1404,12,1416,35
2021-05-29,Kern,029,883053,97416,96424,10978,107402,1319
2021-05-29,Kings,031,150075,23193,22970,1095,24065,244
2021-05-29,Lake,033,64148,3536,3515,9,3524,45
2021-05-29,Lassen,035,31185,5219,5171,115,5286,6
2021-05-29,Los Angeles,037,10098052,1205845,1202264,41782,1244046,24359
2021-05-29,Madera,039,155013,16645,16535,941,17476,240
2021-05-29,Marin,041,260295,14117,14071,261,14332,229
2021-05-29,Mariposa,043,17540,434,428,11,439,5
2021-05-29,Mendocino,045,87422,4022,3952,82,4034,47
2021-05-29,Merced,047,269075,31114,31187,991,32178,456
2021-05-29,Modoc,049,8938,382,374,132,506,3
2021-05-29,Mono,051,14174,1261,1275,17,1292,3
2021-05-29,Monterey,053,433212,43228,43042,1884,44926,379
2021-05-29,Napa,055,140530,9920,9948,38,9986,82
2021-05-29,Nevada,057,99092,4845,4816,192,5008,72
2021-05-29,Orange,059,3164182,255531,254537,11389,265926,5049
2021-05-29,Placer,061,380077,23342,23009,1511,24520,293
2021-05-29,Plumas,063,18699,708,689,11,700,4
2021-05-29,Riverside,065,2383286,294388,288908,14073,302981,4442
2021-05-29,Sacramento,067,1510023,106506,106218,1787,108005,1643
2021-05-29,San Benito,069,59416,6066,6072,115,6187,63
2021-05-29,San Bernardino,071,2135413,293517,292961,9003,301964,4757
2021-05-29,San Diego,073,3302833,281005,280151,14992,295143,3756
2021-05-29,San Francisco,075,870044,36779,37008,1298,38306,550
2021-05-29,San Joaquin,077,732212,73310,72827,3588,76415,1383
2021-05-29,San Luis Obispo,079,281455,21430,21201,748,21949,256
2021-05-29,San Mateo,081,765935,42418,42375,474,42849,439
2021-05-29,Santa Barbara,083,443738,34403,34367,1197,35564,456
2021-05-29,Santa Clara,085,1922200,118729,119498,762,120260,2056
2021-05-29,Santa Cruz,087,273765,16238,16137,814,16951,207
2021-05-29,Shasta,089,179085,12357,12401,1586,13987,199
2021-05-29,Sierra,091,2930,57,55,12,67,0
2021-05-29,Siskiyou,093,43540,1935,1856,368,2224,21
2021-05-29,Solano,095,438530,32944,32917,557,33474,256
2021-05-29,Sonoma,097,501317,30172,30298,340,30638,322
2021-05-29,Stanislaus,099,539301,56492,56305,5959,62264,974
2021-05-29,Sutter,101,95872,9533,9516,87,9603,111
2021-05-29,Tehama,103,63373,5104,5070,586,5656,63
2021-05-29,Trinity,105,12862,483,328,95,423,3
2021-05-29,Tulare,107,460477,50270,49392,9095,58487,845
2021-05-29,Tuolumne,109,53932,4019,4093,40,4133,63
2021-05-29,Ventura,111,848112,81459,81008,3003,84011,1021
2021-05-29,Yolo,113,214977,14032,14055,325,14380,210
2021-05-29,Yuba,115,75493,6083,6059,126,6185,48
2021-05-28,Alameda,001,1643700,88335,88391,1967,90358,1261
2021-05-28,Alpine,003,1148,87,88,0,88,0
2021-05-28,Amador,005,37829,3686,3680,33,3713,46
2021-05-28,Butte,007,227075,12576,12407,1827,14234,190
2021-05-28,Calaveras,009,45235,2171,2165,14,2179,55
2021-05-28,Colusa,011,21464,1952,1954,312,2266,15
2021-05-28,Contra Costa,013,1133247,69802,69290,1290,70580,813
2021-05-28,Del Norte,015,27424,1417,1390,13,1403,8
2021-05-28,El Dorado,017,186661,10315,10265,729,10994,110
2021-05-28,Fresno,019,978130,102881,102437,8741,111178,1705
2021-05-28,Glenn,021,27897,2438,2419,563,2982,18
2021-05-28,Humboldt,023,135768,4286,4265,38,4303,42
2021-05-28,Imperial,025,180216,28639,28722,2908,31630,736
2021-05-28,Inyo,027,18085,1403,1404,12,1416,35
2021-05-28,Kern,029,883053,97399,96396,10970,107366,1320
2021-05-28,Kings,031,150075,23191,22962,1095,24057,244
2021-05-28,Lake,033,64148,3534,3515,9,3524,45
2021-05-28,Lassen,035,31185,5219,5169,115,5284,6
2021-05-28,Los Angeles,037,10098052,1205735,1202103,41771,1243874,24357
2021-05-28,Madera,039,155013,16643,16530,941,17471,240
2021-05-28,Marin,041,260295,14116,14063,260,14323,229
2021-05-28,Mariposa,043,17540,434,428,11,439,5
2021-05-28,Mendocino,045,87422,4017,3947,82,4029,47
2021-05-28,Merced,047,269075,31111,31176,991,32167,455
2021-05-28,Modoc,049,8938,382,374,132,506,3
2021-05-28,Mono,051,14174,1261,1274,17,1291,3
2021-05-28,Monterey,053,433212,43227,43036,1884,44920,379
2021-05-28,Napa,055,140530,9920,9941,38,9979,82
2021-05-28,Nevada,057,99092,4843,4813,192,5005,71
2021-05-28,Orange,059,3164182,255511,254494,11387,265881,5047
2021-05-28,Placer,061,380077,23332,22987,1509,24496,293
2021-05-28,Plumas,063,18699,706,688,11,699,4
2021-05-28,Riverside,065,2383286,294366,288872,14071,302943,4442
2021-05-28,Sacramento,067,1510023,106450,106131,1785,107916,1642
2021-05-28,San Benito,069,59416,6066,6074,115,6189,63
2021-05-28,San Bernardino,071,2135413,293494,292905,9003,301908,4757
2021-05-28,San Diego,073,3302833,280942,280043,14981,295024,3756
2021-05-28,San Francisco,075,870044,36773,36987,1298,38285,546
2021-05-28,San Joaquin,077,732212,73280,72793,3586,76379,1383
2021-05-28,San Luis Obispo,079,281455,21425,21190,746,21936,256
2021-05-28,San Mateo,081,765935,42412,42364,474,42838,439
2021-05-28,Santa Barbara,083,443738,34402,34371,1197,35568,455
2021-05-28,Santa Clara,085,1922200,118705,119462,762,120224,2056
2021-05-28,Santa Cruz,087,273765,16237,16129,814,16943,207
2021-05-28,Shasta,089,179085,12348,12383,1584,13967,198
2021-05-28,Sierra,091,2930,57,54,12,66,0
2021-05-28,Siskiyou,093,43540,1933,1850,368,2218,19
2021-05-28,Solano,095,438530,32929,32892,557,33449,256
2021-05-28,Sonoma,097,501317,30153,30270,340,30610,321
2021-05-28,Stanislaus,099,539301,56474,56278,5956,62234,974
2021-05-28,Sutter,101,95872,9529,9511,87,9598,111
2021-05-28,Tehama,103,63373,5098,5064,586,5650,63
2021-05-28,Trinity,105,12862,483,328,95,423,3
2021-05-28,Tulare,107,460477,50265,49375,9086,58461,846
2021-05-28,Tuolumne,109,53932,4019,4090,40,4130,63
2021-05-28,Ventura,111,848112,81448,80985,3002,83987,1021
2021-05-28,Yolo,113,214977,14029,14050,324,14374,210
2021-05-28,Yuba,115,75493,6081,6050,125,6175,48
2021-05-27,Alameda,001,1643700,88300,88342,1966,90308,1274
2021-05-27,Alpine,003,1148,87,88,0,88,0
2021-05-27,Amador,005,37829,3683,3680,33,3713,46
2021-05-27,Butte,007,227075,12570,12401,1826,14227,190
2021-05-27,Calaveras,009,45235,2169,2163,14,2177,55
2021-05-27,Colusa,011,21464,1949,1952,312,2264,15
2021-05-27,Contra Costa,013,1133247,69759,69245,1288,70533,813
2021-05-27,Del Norte,015,27424,1417,1388,13,1401,8
2021-05-27,El Dorado,017,186661,10314,10248,729,10977,112
2021-05-27,Fresno,019,978130,102864,102413,8738,111151,1704
2021-05-27,Glenn,021,27897,2438,2415,563,2978,18
2021-05-27,Humboldt,023,135768,4278,4260,38,4298,42
2021-05-27,Imperial,025,180216,28628,28728,2907,31635,736
2021-05-27,Inyo,027,18085,1403,1404,12,1416,35
2021-05-27,Kern,029,883053,97383,96364,10962,107326,1322
2021-05-27,Kings,031,150075,23188,22953,1095,24048,245
2021-05-27,Lake,033,64148,3529,3509,9,3518,45
2021-05-27,Lassen,035,31185,5218,5170,114,5284,6
2021-05-27,Los Angeles,037,10098052,1205573,1201927,41755,1243682,24348
2021-05-27,Madera,039,155013,16634,16527,941,17468,240
2021-05-27,Marin,041,260295,14112,14061,260,14321,229
2021-05-27,Mariposa,043,17540,432,427,11,438,5
2021-05-27,Mendocino,045,87422,4011,3945,82,4027,47
2021-05-27,Merced,047,269075,31099,31161,991,32152,455
2021-05-27,Modoc,049,8938,381,374,132,506,3
2021-05-27,Mono,051,14174,1261,1276,17,1293,3
2021-05-27,Monterey,053,433212,43221,43032,1884,44916,379
2021-05-27,Napa,055,140530,9919,9934,38,9972,82
2021-05-27,Nevada,057,99092,4839,4807,190,4997,71
2021-05-27,Orange,059,3164182,255474,254438,11383,265821,5059
2021-05-27,Placer,061,380077,23323,22966,1509,24475,293
2021-05-27,Plumas,063,18699,706,687,11,698,4
2021-05-27,Riverside,065,2383286,294330,288835,14066,302901,4443
2021-05-27,Sacramento,067,1510023,106374,106015,1783,107798,1642
2021-05-27,San Benito,069,59416,6065,6074,115,6189,63
2021-05-27,San Bernardino,071,2135413,293458,292755,9001,301756,4756
2021-05-27,San Diego,073,3302833,280868,279960,14967,294927,3756
2021-05-27,San Francisco,075,870044,36767,36980,1295,38275,546
2021-05-27,San Joaquin,077,732212,73248,72714,3582,76296,1388
2021-05-27,San Luis Obispo,079,281455,21420,21171,746,21917,256
2021-05-27,San Mateo,081,765935,42403,42345,474,42819,436
2021-05-27,Santa Barbara,083,443738,34397,34355,1197,35552,456
2021-05-27,Santa Clara,085,1922200,118684,119452,762,120214,2053
2021-05-27,Santa Cruz,087,273765,16234,16134,814,16948,207
2021-05-27,Shasta,089,179085,12337,12380,1584,13964,202
2021-05-27,Sierra,091,2930,57,54,12,66,0
2021-05-27,Siskiyou,093,43540,1930,1846,368,2214,18
2021-05-27,Solano,095,438530,32888,32855,556,33411,257
2021-05-27,Sonoma,097,501317,30126,30253,336,30589,321
2021-05-27,Stanislaus,099,539301,56449,56207,5955,62162,974
2021-05-27,Sutter,101,95872,9525,9501,87,9588,111
2021-05-27,Tehama,103,63373,5095,5064,585,5649,63
2021-05-27,Trinity,105,12862,483,328,95,423,3
2021-05-27,Tulare,107,460477,50251,49366,9077,58443,840
2021-05-27,Tuolumne,109,53932,4018,4090,40,4130,66
2021-05-27,Ventura,111,848112,81435,80965,2999,83964,1023
2021-05-27,Yolo,113,214977,14026,14036,324,14360,213
2021-05-27,Yuba,115,75493,6076,6040,124,6164,48
2021-05-26,Alameda,001,1643700,88271,88297,1966,90263,1266
2021-05-26,Alpine,003,1148,87,88,0,88,0
2021-05-26,Amador,005,37829,3683,3679,33,3712,46
2021-05-26,Butte,007,227075,12561,12332,1825,14157,190
2021-05-26,Calaveras,009,45235,2168,2154,14,2168,55
2021-05-26,Colusa,011,21464,1948,1952,312,2264,15
2021-05-26,Contra Costa,013,1133247,69722,69210,1288,70498,812
2021-05-26,Del Norte,015,27424,1417,1386,12,1398,8
2021-05-26,El Dorado,017,186661,10310,10242,728,10970,112
2021-05-26,Fresno,019,978130,102832,102374,8733,111107,1702
2021-05-26,Glenn,021,27897,2437,2415,563,2978,18
2021-05-26,Humboldt,023,135768,4273,4246,38,4284,42
2021-05-26,Imperial,025,180216,28623,28712,2905,31617,734
2021-05-26,Inyo,027,18085,1403,1403,12,1415,36
2021-05-26,Kern,029,883053,97358,96343,10955,107298,1320
2021-05-26,Kings,031,150075,23184,22950,1094,24044,245
2021-05-26,Lake,033,64148,3528,3508,9,3517,45
2021-05-26,Lassen,035,31185,5217,5164,114,5278,6
2021-05-26,Los Angeles,037,10098052,1205407,1198100,41738,1239838,24221
2021-05-26,Madera,039,155013,16631,16520,941,17461,240
2021-05-26,Marin,041,260295,14109,14061,259,14320,227
2021-05-26,Mariposa,043,17540,432,427,11,438,5
2021-05-26,Mendocino,045,87422,4005,3938,82,4020,47
2021-05-26,Merced,047,269075,31090,31139,991,32130,455
2021-05-26,Modoc,049,8938,381,371,131,502,3
2021-05-26,Mono,051,14174,1261,1274,17,1291,3
2021-05-26,Monterey,053,433212,43215,43018,1883,44901,379
2021-05-26,Napa,055,140530,9912,9932,36,9968,82
2021-05-26,Nevada,057,99092,4834,4803,190,4993,70
2021-05-26,Orange,059,3164182,255438,254368,11380,265748,5058
2021-05-26,Placer,061,380077,23299,22940,1509,24449,293
2021-05-26,Plumas,063,18699,705,685,11,696,4
2021-05-26,Riverside,065,2383286,294284,288782,14059,302841,4443
2021-05-26,Sacramento,067,1510023,106288,105919,1779,107698,1637
2021-05-26,San Benito,069,59416,6065,6074,115,6189,63
2021-05-26,San Bernardino,071,2135413,293423,292662,9000,301662,4755
2021-05-26,San Diego,073,3302833,280793,279859,14957,294816,3755
2021-05-26,San Francisco,075,870044,36755,36954,1295,38249,546
2021-05-26,San Joaquin,077,732212,73206,72681,3579,76260,1388
2021-05-26,San Luis Obispo,079,281455,21414,21163,746,21909,256
2021-05-26,San Mateo,081,765935,42394,42331,474,42805,436
2021-05-26,Santa Barbara,083,443738,34388,34348,1197,35545,459
2021-05-26,Santa Clara,085,1922200,118657,119421,761,120182,2031
2021-05-26,Santa Cruz,087,273765,16233,16139,814,16953,207
2021-05-26,Shasta,089,179085,12323,12357,1581,13938,202
2021-05-26,Sierra,091,2930,57,54,12,66,0
2021-05-26,Siskiyou,093,43540,1928,1847,366,2213,18
2021-05-26,Solano,095,438530,32852,32831,556,33387,257
2021-05-26,Sonoma,097,501317,30100,30230,336,30566,321
2021-05-26,Stanislaus,099,539301,56427,56193,5952,62145,974
2021-05-26,Sutter,101,95872,9520,9495,87,9582,112
2021-05-26,Tehama,103,63373,5094,5054,582,5636,63
2021-05-26,Trinity,105,12862,483,328,95,423,3
2021-05-26,Tulare,107,460477,50244,49352,9073,58425,839
2021-05-26,Tuolumne,109,53932,4014,4088,39,4127,66
2021-05-26,Ventura,111,848112,81412,80944,2997,83941,1023
2021-05-26,Yolo,113,214977,14023,14025,324,14349,213
2021-05-26,Yuba,115,75493,6071,6036,124,6160,49
2021-05-25,Alameda,001,1643700,88240,88237,1966,90203,1263
2021-05-25,Alpine,003,1148,87,88,0,88,0
2021-05-25,Amador,005,37829,3678,3676,33,3709,46
2021-05-25,Butte,007,227075,12550,12295,1824,14119,189
2021-05-25,Calaveras,009,45235,2166,2148,14,2162,55
2021-05-25,Colusa,011,21464,1947,1949,312,2261,15
2021-05-25,Contra Costa,013,1133247,69669,69167,1283,70450,809
2021-05-25,Del Norte,015,27424,1417,1385,12,1397,8
2021-05-25,El Dorado,017,186661,10303,10240,727,10967,112
2021-05-25,Fresno,019,978130,102810,102329,8731,111060,1701
2021-05-25,Glenn,021,27897,2436,2414,562,2976,17
2021-05-25,Humboldt,023,135768,4266,4231,36,4267,42
2021-05-25,Imperial,025,180216,28616,28586,2905,31491,735
2021-05-25,Inyo,027,18085,1403,1402,12,1414,36
2021-05-25,Kern,029,883053,97327,96319,10941,107260,1319
2021-05-25,Kings,031,150075,23177,22944,1094,24038,245
2021-05-25,Lake,033,64148,3527,3508,9,3517,44
2021-05-25,Lassen,035,31185,5213,5164,114,5278,6
2021-05-25,Los Angeles,037,10098052,1205227,1197940,41719,1239659,24212
2021-05-25,Madera,039,155013,16626,16519,940,17459,240
2021-05-25,Marin,041,260295,14103,14053,259,14312,227
2021-05-25,Mariposa,043,17540,431,427,11,438,5
2021-05-25,Mendocino,045,87422,4000,3928,82,4010,47
2021-05-25,Merced,047,269075,31069,31132,991,32123,455
2021-05-25,Modoc,049,8938,380,367,131,498,3
2021-05-25,Mono,051,14174,1261,1274,17,1291,3
2021-05-25,Monterey,053,433212,43211,43012,1882,44894,379
2021-05-25,Napa,055,140530,9910,9926,36,9962,82
2021-05-25,Nevada,057,99092,4828,4795,190,4985,70
2021-05-25,Orange,059,3164182,255409,254321,11379,265700,5057
2021-05-25,Placer,061,380077,23288,22920,1507,24427,292
2021-05-25,Plumas,063,18699,705,684,11,695,4
2021-05-25,Riverside,065,2383286,294245,288725,14056,302781,4443
2021-05-25,Sacramento,067,1510023,106207,105828,1775,107603,1633
2021-05-25,San Benito,069,59416,6065,6073,115,6188,63
2021-05-25,San Bernardino,071,2135413,293363,292485,8998,301483,4755
2021-05-25,San Diego,073,3302833,280713,279786,14952,294738,3753
2021-05-25,San Francisco,075,870044,36732,36939,1295,38234,546
2021-05-25,San Joaquin,077,732212,73164,72628,3576,76204,1387
2021-05-25,San Luis Obispo,079,281455,21411,21153,746,21899,256
2021-05-25,San Mateo,081,765935,42384,42268,474,42742,435
2021-05-25,Santa Barbara,083,443738,34385,34337,1197,35534,459
2021-05-25,Santa Clara,085,1922200,118633,119393,760,120153,2032
2021-05-25,Santa Cruz,087,273765,16228,16141,814,16955,207
2021-05-25,Shasta,089,179085,12314,12328,1579,13907,202
2021-05-25,Sierra,091,2930,56,54,12,66,0
2021-05-25,Siskiyou,093,43540,1927,1845,365,2210,18
2021-05-25,Solano,095,438530,32833,32817,555,33372,256
2021-05-25,Sonoma,097,501317,30071,30207,335,30542,321
2021-05-25,Stanislaus,099,539301,56391,56168,5950,62118,974
2021-05-25,Sutter,101,95872,9516,9495,87,9582,112
2021-05-25,Tehama,103,63373,5092,5048,581,5629,63
2021-05-25,Trinity,105,12862,483,328,94,422,3
2021-05-25,Tulare,107,460477,50234,49326,9065,58391,838
2021-05-25,Tuolumne,109,53932,4014,4084,39,4123,66
2021-05-25,Ventura,111,848112,81394,80905,2997,83902,1022
2021-05-25,Yolo,113,214977,14015,14018,322,14340,213
2021-05-25,Yuba,115,75493,6064,6028,124,6152,49
2021-05-24,Alameda,001,1643700,88198,88182,1965,90147,1263
2021-05-24,Alpine,003,1148,87,88,0,88,0
2021-05-24,Amador,005,37829,3676,3675,33,3708,46
2021-05-24,Butte,007,227075,12537,12279,1821,14100,189
2021-05-24,Calaveras,009,45235,2164,2146,14,2160,54
2021-05-24,Colusa,011,21464,1947,1949,312,2261,15
2021-05-24,Contra Costa,013,1133247,69628,69107,1279,70386,809
2021-05-24,Del Norte,015,27424,1416,1384,12,1396,8
2021-05-24,El Dorado,017,186661,10293,10227,726,10953,112
2021-05-24,Fresno,019,978130,102768,102289,8730,111019,1698
2021-05-24,Glenn,021,27897,2436,2413,562,2975,17
2021-05-24,Humboldt,023,135768,4259,4225,36,4261,42
2021-05-24,Imperial,025,180216,28614,28575,2904,31479,735
2021-05-24,Inyo,027,18085,1403,1402,12,1414,36
2021-05-24,Kern,029,883053,97300,96296,10936,107232,1319
2021-05-24,Kings,031,150075,23173,22940,1094,24034,246
2021-05-24,Lake,033,64148,3525,3506,9,3515,43
2021-05-24,Lassen,035,31185,5209,5163,114,5277,6
2021-05-24,Los Angeles,037,10098052,1205053,1197782,41704,1239486,24201
2021-05-24,Madera,039,155013,16622,16513,939,17452,239
2021-05-24,Marin,041,260295,14101,14051,259,14310,227
2021-05-24,Mariposa,043,17540,430,427,11,438,5
2021-05-24,Mendocino,045,87422,3998,3919,82,4001,47
2021-05-24,Merced,047,269075,31059,31128,990,32118,455
2021-05-24,Modoc,049,8938,380,366,130,496,3
2021-05-24,Mono,051,14174,1261,1270,17,1287,3
2021-05-24,Monterey,053,433212,43206,43005,1881,44886,379
2021-05-24,Napa,055,140530,9910,9924,36,9960,82
2021-05-24,Nevada,057,99092,4825,4790,190,4980,70
2021-05-24,Orange,059,3164182,255375,254287,11369,265656,5056
2021-05-24,Placer,061,380077,23269,22895,1506,24401,292
2021-05-24,Plumas,063,18699,704,683,11,694,4
2021-05-24,Riverside,065,2383286,294188,288669,14046,302715,4442
2021-05-24,Sacramento,067,1510023,106092,105716,1773,107489,1632
2021-05-24,San Benito,069,59416,6065,6072,115,6187,63
2021-05-24,San Bernardino,071,2135413,293323,292343,8997,301340,4747
2021-05-24,San Diego,073,3302833,280604,279715,14942,294657,3749
2021-05-24,San Francisco,075,870044,36712,36934,1293,38227,547
2021-05-24,San Joaquin,077,732212,73132,72586,3575,76161,1371
2021-05-24,San Luis Obispo,079,281455,21393,21146,745,21891,256
2021-05-24,San Mateo,081,765935,42374,42249,474,42723,433
2021-05-24,Santa Barbara,083,443738,34380,34322,1197,35519,459
2021-05-24,Santa Clara,085,1922200,118601,119358,760,120118,2030
2021-05-24,Santa Cruz,087,273765,16223,16135,814,16949,207
2021-05-24,Shasta,089,179085,12297,12315,1576,13891,201
2021-05-24,Sierra,091,2930,56,54,12,66,0
2021-05-24,Siskiyou,093,43540,1924,1840,365,2205,17
2021-05-24,Solano,095,438530,32808,32792,554,33346,254
2021-05-24,Sonoma,097,501317,30056,30187,335,30522,321
2021-05-24,Stanislaus,099,539301,56357,56128,5946,62074,974
2021-05-24,Sutter,101,95872,9510,9486,87,9573,113
2021-05-24,Tehama,103,63373,5089,5043,579,5622,63
2021-05-24,Trinity,105,12862,483,328,94,422,3
2021-05-24,Tulare,107,460477,50227,49318,9061,58379,838
2021-05-24,Tuolumne,109,53932,4014,4083,39,4122,65
2021-05-24,Ventura,111,848112,81381,80876,2995,83871,1022
2021-05-24,Yolo,113,214977,13998,14012,320,14332,213
2021-05-24,Yuba,115,75493,6055,6022,124,6146,49
2021-05-23,Alameda,001,1643700,88134,88157,1962,90119,1263
2021-05-23,Alpine,003,1148,87,88,0,88,0
2021-05-23,Amador,005,37829,3675,3673,33,3706,46
2021-05-23,Butte,007,227075,12523,12271,1820,14091,189
2021-05-23,Calaveras,009,45235,2156,2144,14,2158,54
2021-05-23,Colusa,011,21464,1947,1949,310,2259,15
2021-05-23,Contra Costa,013,1133247,69583,69075,1277,70352,809
2021-05-23,Del Norte,015,27424,1412,1383,12,1395,8
2021-05-23,El Dorado,017,186661,10287,10222,726,10948,112
2021-05-23,Fresno,019,978130,102722,102270,8725,110995,1698
2021-05-23,Glenn,021,27897,2434,2413,562,2975,17
2021-05-23,Humboldt,023,135768,4242,4216,36,4252,42
2021-05-23,Imperial,025,180216,28608,28569,2900,31469,735
2021-05-23,Inyo,027,18085,1403,1402,12,1414,36
2021-05-23,Kern,029,883053,97276,96282,10928,107210,1319
2021-05-23,Kings,031,150075,23160,22939,1092,24031,246
2021-05-23,Lake,033,64148,3522,3504,9,3513,43
2021-05-23,Lassen,035,31185,5205,5163,113,5276,6
2021-05-23,Los Angeles,037,10098052,1204865,1197633,41692,1239325,24197
2021-05-23,Madera,039,155013,16616,16504,939,17443,239
2021-05-23,Marin,041,260295,14092,14048,258,14306,227
2021-05-23,Mariposa,043,17540,430,427,11,438,5
2021-05-23,Mendocino,045,87422,3992,3913,81,3994,47
2021-05-23,Merced,047,269075,31049,31118,990,32108,455
2021-05-23,Modoc,049,8938,376,366,130,496,3
2021-05-23,Mono,051,14174,1260,1270,17,1287,3
2021-05-23,Monterey,053,433212,43196,43003,1881,44884,379
2021-05-23,Napa,055,140530,9906,9923,36,9959,82
2021-05-23,Nevada,057,99092,4815,4790,190,4980,70
2021-05-23,Orange,059,3164182,255337,254277,11363,265640,5050
2021-05-23,Placer,061,380077,23249,22888,1506,24394,292
2021-05-23,Plumas,063,18699,703,683,11,694,4
2021-05-23,Riverside,065,2383286,294120,288641,14042,302683,4442
2021-05-23,Sacramento,067,1510023,105976,105663,1770,107433,1632
2021-05-23,San Benito,069,59416,6064,6072,115,6187,63
2021-05-23,San Bernardino,071,2135413,293272,292327,8996,301323,4747
2021-05-23,San Diego,073,3302833,280514,279690,14931,294621,3751
2021-05-23,San Francisco,075,870044,36701,36927,1292,38219,547
2021-05-23,San Joaquin,077,732212,73083,72571,3572,76143,1371
2021-05-23,San Luis Obispo,079,281455,21383,21141,744,21885,256
2021-05-23,San Mateo,081,765935,42357,42248,474,42722,433
2021-05-23,Santa Barbara,083,443738,34373,34319,1197,35516,459
2021-05-23,Santa Clara,085,1922200,118577,119333,760,120093,2030
2021-05-23,Santa Cruz,087,273765,16220,16130,814,16944,207
2021-05-23,Shasta,089,179085,12280,12313,1572,13885,201
2021-05-23,Sierra,091,2930,56,54,12,66,0
2021-05-23,Siskiyou,093,43540,1919,1826,358,2184,17
2021-05-23,Solano,095,438530,32790,32780,553,33333,254
2021-05-23,Sonoma,097,501317,30027,30168,334,30502,321
2021-05-23,Stanislaus,099,539301,56309,56104,5943,62047,974
2021-05-23,Sutter,101,95872,9501,9479,87,9566,113
2021-05-23,Tehama,103,63373,5082,5041,577,5618,63
2021-05-23,Trinity,105,12862,483,328,94,422,3
2021-05-23,Tulare,107,460477,50213,49310,9057,58367,838
2021-05-23,Tuolumne,109,53932,4011,4081,39,4120,65
2021-05-23,Ventura,111,848112,81351,80872,2994,83866,1022
2021-05-23,Yolo,113,214977,13986,14004,317,14321,213
2021-05-23,Yuba,115,75493,6050,6017,124,6141,49
2021-05-22,Alameda,001,1643700,88108,88101,1962,90063,1263
2021-05-22,Alpine,003,1148,87,88,0,88,0
2021-05-22,Amador,005,37829,3674,3672,33,3705,46
2021-05-22,Butte,007,227075,12511,12265,1819,14084,189
2021-05-22,Calaveras,009,45235,2151,2141,14,2155,54
2021-05-22,Colusa,011,21464,1943,1949,309,2258,15
2021-05-22,Contra Costa,013,1133247,69550,69004,1276,70280,809
2021-05-22,Del Norte,015,27424,1411,1381,12,1393,8
2021-05-22,El Dorado,017,186661,10282,10215,726,10941,112
2021-05-22,Fresno,019,978130,102708,102238,8723,110961,1698
2021-05-22,Glenn,021,27897,2434,2412,562,2974,17
2021-05-22,Humboldt,023,135768,4233,4194,35,4229,42
2021-05-22,Imperial,025,180216,28599,28574,2899,31473,735
2021-05-22,Inyo,027,18085,1403,1402,12,1414,36
2021-05-22,Kern,029,883053,97264,96260,10921,107181,1319
2021-05-22,Kings,031,150075,23160,22936,1092,24028,246
2021-05-22,Lake,033,64148,3519,3502,9,3511,43
2021-05-22,Lassen,035,31185,5205,5163,113,5276,6
2021-05-22,Los Angeles,037,10098052,1204759,1197454,41683,1239137,24192
2021-05-22,Madera,039,155013,16613,16503,939,17442,239
2021-05-22,Marin,041,260295,14089,14043,258,14301,227
2021-05-22,Mariposa,043,17540,430,427,11,438,5
2021-05-22,Mendocino,045,87422,3986,3908,81,3989,47
2021-05-22,Merced,047,269075,31039,31099,990,32089,455
2021-05-22,Modoc,049,8938,376,366,130,496,3
2021-05-22,Mono,051,14174,1258,1270,17,1287,3
2021-05-22,Monterey,053,433212,43190,42998,1881,44879,379
2021-05-22,Napa,055,140530,9904,9918,36,9954,82
2021-05-22,Nevada,057,99092,4808,4787,189,4976,70
2021-05-22,Orange,059,3164182,255316,254238,11357,265595,5048
2021-05-22,Placer,061,380077,23235,22865,1505,24370,292
2021-05-22,Plumas,063,18699,702,683,11,694,4
2021-05-22,Riverside,065,2383286,294088,288580,14041,302621,4442
2021-05-22,Sacramento,067,1510023,105901,105551,1767,107318,1632
2021-05-22,San Benito,069,59416,6064,6071,115,6186,63
2021-05-22,San Bernardino,071,2135413,293247,292292,8996,301288,4747
2021-05-22,San Diego,073,3302833,280455,279614,14923,294537,3751
2021-05-22,San Francisco,075,870044,36691,36906,1290,38196,547
2021-05-22,San Joaquin,077,732212,73061,72528,3569,76097,1371
2021-05-22,San Luis Obispo,079,281455,21375,21134,743,21877,256
2021-05-22,San Mateo,081,765935,42347,42218,474,42692,433
2021-05-22,Santa Barbara,083,443738,34369,34313,1196,35509,459
2021-05-22,Santa Clara,085,1922200,118554,119292,760,120052,2030
2021-05-22,Santa Cruz,087,273765,16220,16125,814,16939,207
2021-05-22,Shasta,089,179085,12273,12307,1569,13876,201
2021-05-22,Sierra,091,2930,56,54,12,66,0
2021-05-22,Siskiyou,093,43540,1918,1824,357,2181,17
2021-05-22,Solano,095,438530,32777,32753,553,33306,254
2021-05-22,Sonoma,097,501317,30015,30154,334,30488,321
2021-05-22,Stanislaus,099,539301,56285,56069,5941,62010,974
2021-05-22,Sutter,101,95872,9496,9476,87,9563,113
2021-05-22,Tehama,103,63373,5081,5036,577,5613,63
2021-05-22,Trinity,105,12862,483,328,94,422,3
2021-05-22,Tulare,107,460477,50207,49299,9052,58351,838
2021-05-22,Tuolumne,109,53932,4011,4078,39,4117,65
2021-05-22,Ventura,111,848112,81347,80859,2994,83853,1022
2021-05-22,Yolo,113,214977,13984,13997,317,14314,213
2021-05-22,Yuba,115,75493,6047,6010,124,6134,49
2021-05-21,Alameda,001,1643700,88082,88041,1961,90002,1263
2021-05-21,Alpine,003,1148,87,88,0,88,0
2021-05-21,Amador,005,37829,3671,3672,33,3705,46
2021-05-21,Butte,007,227075,12504,12236,1817,14053,188
2021-05-21,Calaveras,009,45235,2149,2138,14,2152,54
2021-05-21,Colusa,011,21464,1943,1947,309,2256,15
2021-05-21,Contra Costa,013,1133247,69507,68965,1275,70240,810
2021-05-21,Del Norte,015,27424,1410,1376,12,1388,8
2021-05-21,El Dorado,017,186661,10278,10204,726,10930,112
2021-05-21,Fresno,019,978130,102680,102189,8721,110910,1698
2021-05-21,Glenn,021,27897,2433,2408,562,2970,17
2021-05-21,Humboldt,023,135768,4226,4175,35,4210,42
2021-05-21,Imperial,025,180216,28592,28572,2898,31470,732
2021-05-21,Inyo,027,18085,1403,1402,12,1414,36
2021-05-21,Kern,029,883053,97250,96233,10914,107147,1318
2021-05-21,Kings,031,150075,23160,22927,1092,24019,246
2021-05-21,Lake,033,64148,3517,3500,9,3509,43
2021-05-21,Lassen,035,31185,5204,5161,113,5274,6
2021-05-21,Los Angeles,037,10098052,1204648,1197263,41674,1238937,24180
2021-05-21,Madera,039,155013,16612,16500,938,17438,238
2021-05-21,Marin,041,260295,14084,14042,258,14300,227
2021-05-21,Mariposa,043,17540,429,427,11,438,5
2021-05-21,Mendocino,045,87422,3980,3897,81,3978,47
2021-05-21,Merced,047,269075,31031,31076,990,32066,455
2021-05-21,Modoc,049,8938,376,365,130,495,3
2021-05-21,Mono,051,14174,1258,1269,17,1286,3
2021-05-21,Monterey,053,433212,43188,42995,1881,44876,379
2021-05-21,Napa,055,140530,9900,9913,36,9949,82
2021-05-21,Nevada,057,99092,4807,4779,189,4968,70
2021-05-21,Orange,059,3164182,255297,254171,11355,265526,5042
2021-05-21,Placer,061,380077,23227,22853,1505,24358,292
2021-05-21,Plumas,063,18699,702,683,10,693,4
2021-05-21,Riverside,065,2383286,294061,288499,14034,302533,4442
2021-05-21,Sacramento,067,1510023,105834,105476,1764,107240,1632
2021-05-21,San Benito,069,59416,6064,6068,115,6183,63
2021-05-21,San Bernardino,071,2135413,293215,292205,8993,301198,4744
2021-05-21,San Diego,073,3302833,280384,279554,14913,294467,3748
2021-05-21,San Francisco,075,870044,36685,36879,1290,38169,546
2021-05-21,San Joaquin,077,732212,73041,72467,3567,76034,1371
2021-05-21,San Luis Obispo,079,281455,21369,21128,740,21868,256
2021-05-21,San Mateo,081,765935,42334,42163,473,42636,432
2021-05-21,Santa Barbara,083,443738,34364,34302,1196,35498,459
2021-05-21,Santa Clara,085,1922200,118527,119247,760,120007,2029
2021-05-21,Santa Cruz,087,273765,16216,16120,814,16934,207
2021-05-21,Shasta,089,179085,12256,12289,1567,13856,201
2021-05-21,Sierra,091,2930,56,54,12,66,0
2021-05-21,Siskiyou,093,43540,1917,1815,357,2172,16
2021-05-21,Solano,095,438530,32762,32742,553,33295,254
2021-05-21,Sonoma,097,501317,30002,30126,334,30460,321
2021-05-21,Stanislaus,099,539301,56256,56036,5939,61975,975
2021-05-21,Sutter,101,95872,9494,9470,87,9557,113
2021-05-21,Tehama,103,63373,5075,5030,577,5607,63
2021-05-21,Trinity,105,12862,483,329,93,422,3
2021-05-21,Tulare,107,460477,50202,49271,9050,58321,838
2021-05-21,Tuolumne,109,53932,4009,4079,39,4118,65
2021-05-21,Ventura,111,848112,81339,80821,2991,83812,1021
2021-05-21,Yolo,113,214977,13977,13983,317,14300,213
2021-05-21,Yuba,115,75493,6041,6006,124,6130,49
2021-05-20,Alameda,001,1643700,88038,87975,1960,89935,1264
2021-05-20,Alpine,003,1148,87,88,0,88,0
2021-05-20,Amador,005,37829,3670,3671,33,3704,46
2021-05-20,Butte,007,227075,12497,12220,1814,14034,188
2021-05-20,Calaveras,009,45235,2145,2138,14,2152,54
2021-05-20,Colusa,011,21464,1942,1946,307,2253,15
2021-05-20,Contra Costa,013,1133247,69462,68913,1273,70186,809
2021-05-20,Del Norte,015,27424,1410,1373,12,1385,8
2021-05-20,El Dorado,017,186661,10268,10188,726,10914,112
2021-05-20,Fresno,019,978130,102658,102135,8719,110854,1696
2021-05-20,Glenn,021,27897,2430,2406,562,2968,17
2021-05-20,Humboldt,023,135768,4209,4162,34,4196,42
2021-05-20,Imperial,025,180216,28587,28551,2898,31449,732
2021-05-20,Inyo,027,18085,1403,1402,12,1414,36
2021-05-20,Kern,029,883053,97229,96204,10907,107111,1317
2021-05-20,Kings,031,150075,23158,22922,1092,24014,246
2021-05-20,Lake,033,64148,3514,3500,9,3509,43
2021-05-20,Lassen,035,31185,5202,5160,112,5272,6
2021-05-20,Los Angeles,037,10098052,1204492,1197073,41665,1238738,24168
2021-05-20,Madera,039,155013,16606,16499,936,17435,238
2021-05-20,Marin,041,260295,14080,14036,257,14293,227
2021-05-20,Mariposa,043,17540,429,426,11,437,5
2021-05-20,Mendocino,045,87422,3973,3897,81,3978,47
2021-05-20,Merced,047,269075,31018,31046,989,32035,454
2021-05-20,Modoc,049,8938,376,365,130,495,3
2021-05-20,Mono,051,14174,1257,1269,17,1286,3
2021-05-20,Monterey,053,433212,43182,42984,1880,44864,379
2021-05-20,Napa,055,140530,9897,9913,36,9949,82
2021-05-20,Nevada,057,99092,4806,4775,189,4964,70
2021-05-20,Orange,059,3164182,255254,254127,11352,265479,5038
2021-05-20,Placer,061,380077,23214,22823,1504,24327,292
2021-05-20,Plumas,063,18699,700,682,10,692,4
2021-05-20,Riverside,065,2383286,294013,288453,14029,302482,4442
2021-05-20,Sacramento,067,1510023,105738,105414,1761,107175,1629
2021-05-20,San Benito,069,59416,6063,6067,115,6182,63
2021-05-20,San Bernardino,071,2135413,293169,292153,8992,301145,4728
2021-05-20,San Diego,073,3302833,280296,279490,14901,294391,3749
2021-05-20,San Francisco,075,870044,36676,36860,1290,38150,546
2021-05-20,San Joaquin,077,732212,73003,72388,3565,75953,1371
2021-05-20,San Luis Obispo,079,281455,21357,21095,738,21833,256
2021-05-20,San Mateo,081,765935,42320,42152,471,42623,432
2021-05-20,Santa Barbara,083,443738,34360,34293,1196,35489,459
2021-05-20,Santa Clara,085,1922200,118506,119222,760,119982,2029
2021-05-20,Santa Cruz,087,273765,16211,16119,814,16933,207
2021-05-20,Shasta,089,179085,12243,12266,1564,13830,200
2021-05-20,Sierra,091,2930,56,54,12,66,0
2021-05-20,Siskiyou,093,43540,1910,1811,356,2167,16
2021-05-20,Solano,095,438530,32747,32725,553,33278,253
2021-05-20,Sonoma,097,501317,29985,30107,333,30440,321
2021-05-20,Stanislaus,099,539301,56232,55979,5937,61916,970
2021-05-20,Sutter,101,95872,9490,9467,87,9554,113
2021-05-20,Tehama,103,63373,5073,5029,577,5606,63
2021-05-20,Trinity,105,12862,483,329,92,421,3
2021-05-20,Tulare,107,460477,50191,49217,9047,58264,837
2021-05-20,Tuolumne,109,53932,4008,4077,39,4116,65
2021-05-20,Ventura,111,848112,81328,80800,2991,83791,1019
2021-05-20,Yolo,113,214977,13972,13973,317,14290,211
2021-05-20,Yuba,115,75493,6032,6002,124,6126,49
2021-05-19,Alameda,001,1643700,87998,87889,1958,89847,1260
2021-05-19,Alpine,003,1148,87,88,0,88,0
2021-05-19,Amador,005,37829,3670,3669,33,3702,46
2021-05-19,Butte,007,227075,12487,12198,1814,14012,188
2021-05-19,Calaveras,009,45235,2141,2132,14,2146,54
2021-05-19,Colusa,011,21464,1942,1945,305,2250,15
2021-05-19,Contra Costa,013,1133247,69415,68836,1273,70109,808
2021-05-19,Del Norte,015,27424,1408,1371,12,1383,8
2021-05-19,El Dorado,017,186661,10263,10179,725,10904,112
2021-05-19,Fresno,019,978130,102628,102085,8716,110801,1693
2021-05-19,Glenn,021,27897,2430,2404,562,2966,17
2021-05-19,Humboldt,023,135768,4199,4143,34,4177,42
2021-05-19,Imperial,025,180216,28578,28550,2898,31448,732
2021-05-19,Inyo,027,18085,1403,1402,12,1414,36
2021-05-19,Kern,029,883053,97200,96173,10899,107072,1316
2021-05-19,Kings,031,150075,23152,22919,1092,24011,246
2021-05-19,Lake,033,64148,3514,3497,9,3506,43
2021-05-19,Lassen,035,31185,5201,5157,112,5269,6
2021-05-19,Los Angeles,037,10098052,1204299,1196856,41650,1238506,24143
2021-05-19,Madera,039,155013,16603,16496,936,17432,238
2021-05-19,Marin,041,260295,14076,14033,255,14288,227
2021-05-19,Mariposa,043,17540,429,425,11,436,5
2021-05-19,Mendocino,045,87422,3969,3886,81,3967,47
2021-05-19,Merced,047,269075,31002,31044,989,32033,452
2021-05-19,Modoc,049,8938,376,364,127,491,3
2021-05-19,Mono,051,14174,1257,1266,17,1283,3
2021-05-19,Monterey,053,433212,43177,42973,1879,44852,379
2021-05-19,Napa,055,140530,9894,9906,36,9942,82
2021-05-19,Nevada,057,99092,4804,4769,189,4958,70
2021-05-19,Orange,059,3164182,255217,254087,11342,265429,5035
2021-05-19,Placer,061,380077,23195,22784,1499,24283,291
2021-05-19,Plumas,063,18699,700,682,10,692,4
2021-05-19,Riverside,065,2383286,293966,288398,14027,302425,4442
2021-05-19,Sacramento,067,1510023,105660,105225,1760,106985,1629
2021-05-19,San Benito,069,59416,6062,6064,115,6179,63
2021-05-19,San Bernardino,071,2135413,293125,292078,8989,301067,4725
2021-05-19,San Diego,073,3302833,280212,279345,14880,294225,3746
2021-05-19,San Francisco,075,870044,36663,36835,1289,38124,546
2021-05-19,San Joaquin,077,732212,72960,72338,3560,75898,1369
2021-05-19,San Luis Obispo,079,281455,21349,21085,737,21822,256
2021-05-19,San Mateo,081,765935,42313,42126,471,42597,429
2021-05-19,Santa Barbara,083,443738,34352,34292,1196,35488,459
2021-05-19,Santa Clara,085,1922200,118466,119176,759,119935,2015
2021-05-19,Santa Cruz,087,273765,16207,16121,813,16934,207
2021-05-19,Shasta,089,179085,12225,12233,1560,13793,200
2021-05-19,Sierra,091,2930,56,54,12,66,0
2021-05-19,Siskiyou,093,43540,1907,1803,355,2158,16
2021-05-19,Solano,095,438530,32720,32678,551,33229,253
2021-05-19,Sonoma,097,501317,29970,30080,333,30413,321
2021-05-19,Stanislaus,099,539301,56214,55912,5932,61844,967
2021-05-19,Sutter,101,95872,9483,9459,86,9545,113
2021-05-19,Tehama,103,63373,5064,5026,571,5597,63
2021-05-19,Trinity,105,12862,483,329,92,421,3
2021-05-19,Tulare,107,460477,50178,49163,9042,58205,837
2021-05-19,Tuolumne,109,53932,4008,4074,39,4113,64
2021-05-19,Ventura,111,848112,81312,80747,2990,83737,1019
2021-05-19,Yolo,113,214977,13966,13961,316,14277,211
2021-05-19,Yuba,115,75493,6028,5993,124,6117,49
2021-05-18,Alameda,001,1643700,87924,87816,1958,89774,1254
2021-05-18,Alpine,003,1148,87,88,0,88,0
2021-05-18,Amador,005,37829,3670,3669,33,3702,46
2021-05-18,Butte,007,227075,12474,12164,1812,13976,191
2021-05-18,Calaveras,009,45235,2137,2131,14,2145,54
2021-05-18,Colusa,011,21464,1942,1943,305,2248,14
2021-05-18,Contra Costa,013,1133247,69358,68750,1272,70022,808
2021-05-18,Del Norte,015,27424,1405,1371,12,1383,8
2021-05-18,El Dorado,017,186661,10252,10169,724,10893,112
2021-05-18,Fresno,019,978130,102592,102056,8713,110769,1690
2021-05-18,Glenn,021,27897,2424,2403,561,2964,17
2021-05-18,Humboldt,023,135768,4181,4132,34,4166,42
2021-05-18,Imperial,025,180216,28572,28538,2896,31434,730
2021-05-18,Inyo,027,18085,1403,1401,12,1413,36
2021-05-18,Kern,029,883053,97166,96128,10885,107013,1315
2021-05-18,Kings,031,150075,23146,22916,1092,24008,247
2021-05-18,Lake,033,64148,3512,3495,9,3504,43
2021-05-18,Lassen,035,31185,5200,5157,111,5268,6
2021-05-18,Los Angeles,037,10098052,1204120,1196668,41639,1238307,24133
2021-05-18,Madera,039,155013,16593,16491,935,17426,238
2021-05-18,Marin,041,260295,14073,14026,255,14281,227
2021-05-18,Mariposa,043,17540,429,424,11,435,5
2021-05-18,Mendocino,045,87422,3958,3877,80,3957,47
2021-05-18,Merced,047,269075,30983,31036,989,32025,452
2021-05-18,Modoc,049,8938,375,364,126,490,3
2021-05-18,Mono,051,14174,1256,1265,17,1282,3
2021-05-18,Monterey,053,433212,43171,43001,1879,44880,379
2021-05-18,Napa,055,140530,9894,9905,36,9941,82
2021-05-18,Nevada,057,99092,4797,4762,189,4951,70
2021-05-18,Orange,059,3164182,255176,254041,11332,265373,5031
2021-05-18,Placer,061,380077,23162,22726,1495,24221,291
2021-05-18,Plumas,063,18699,700,682,10,692,4
2021-05-18,Riverside,065,2383286,293911,288354,14020,302374,4438
2021-05-18,Sacramento,067,1510023,105558,105083,1758,106841,1629
2021-05-18,San Benito,069,59416,6061,6065,115,6180,63
2021-05-18,San Bernardino,071,2135413,293067,292014,8984,300998,4722
2021-05-18,San Diego,073,3302833,280104,279254,14871,294125,3742
2021-05-18,San Francisco,075,870044,36643,36818,1289,38107,546
2021-05-18,San Joaquin,077,732212,72913,72282,3556,75838,1368
2021-05-18,San Luis Obispo,079,281455,21339,21080,735,21815,256
2021-05-18,San Mateo,081,765935,42301,42099,470,42569,428
2021-05-18,Santa Barbara,083,443738,34343,34278,1196,35474,459
2021-05-18,Santa Clara,085,1922200,118439,119171,759,119930,2014
2021-05-18,Santa Cruz,087,273765,16199,16137,813,16950,207
2021-05-18,Shasta,089,179085,12207,12197,1554,13751,200
2021-05-18,Sierra,091,2930,56,54,12,66,0
2021-05-18,Siskiyou,093,43540,1906,1799,355,2154,16
2021-05-18,Solano,095,438530,32695,32644,551,33195,253
2021-05-18,Sonoma,097,501317,29950,30054,332,30386,321
2021-05-18,Stanislaus,099,539301,56178,55860,5932,61792,959
2021-05-18,Sutter,101,95872,9475,9453,86,9539,113
2021-05-18,Tehama,103,63373,5057,5020,568,5588,63
2021-05-18,Trinity,105,12862,483,329,91,420,3
2021-05-18,Tulare,107,460477,50170,49142,9037,58179,836
2021-05-18,Tuolumne,109,53932,4006,4073,39,4112,64
2021-05-18,Ventura,111,848112,81296,80726,2987,83713,1017
2021-05-18,Yolo,113,214977,13959,13951,315,14266,211
2021-05-18,Yuba,115,75493,6024,5989,123,6112,49
2021-05-17,Alameda,001,1643700,87871,87766,1955,89721,1253
2021-05-17,Alpine,003,1148,87,88,0,88,0
2021-05-17,Amador,005,37829,3667,3668,33,3701,46
2021-05-17,Butte,007,227075,12466,12144,1812,13956,192
2021-05-17,Calaveras,009,45235,2137,2131,14,2145,53
2021-05-17,Colusa,011,21464,1942,1943,305,2248,14
2021-05-17,Contra Costa,013,1133247,69303,68720,1271,69991,805
2021-05-17,Del Norte,015,27424,1400,1369,12,1381,8
2021-05-17,El Dorado,017,186661,10235,10163,724,10887,112
2021-05-17,Fresno,019,978130,102548,102013,8705,110718,1690
2021-05-17,Glenn,021,27897,2424,2401,561,2962,17
2021-05-17,Humboldt,023,135768,4170,4112,34,4146,42
2021-05-17,Imperial,025,180216,28566,28533,2892,31425,729
2021-05-17,Inyo,027,18085,1403,1401,12,1413,36
2021-05-17,Kern,029,883053,97137,96095,10868,106963,1315
2021-05-17,Kings,031,150075,23143,22918,1092,24010,246
2021-05-17,Lake,033,64148,3507,3489,9,3498,43
2021-05-17,Lassen,035,31185,5197,5156,110,5266,6
2021-05-17,Los Angeles,037,10098052,1203945,1196556,41633,1238189,24123
2021-05-17,Madera,039,155013,16586,16486,935,17421,238
2021-05-17,Marin,041,260295,14067,14021,255,14276,227
2021-05-17,Mariposa,043,17540,428,423,11,434,5
2021-05-17,Mendocino,045,87422,3949,3868,80,3948,46
2021-05-17,Merced,047,269075,30968,31031,989,32020,450
2021-05-17,Modoc,049,8938,374,362,126,488,3
2021-05-17,Mono,051,14174,1252,1265,17,1282,3
2021-05-17,Monterey,053,433212,43164,42995,1879,44874,379
2021-05-17,Napa,055,140530,9893,9894,36,9930,82
2021-05-17,Nevada,057,99092,4793,4761,188,4949,70
2021-05-17,Orange,059,3164182,255129,253993,11325,265318,5031
2021-05-17,Placer,061,380077,23136,22706,1488,24194,289
2021-05-17,Plumas,063,18699,700,682,10,692,4
2021-05-17,Riverside,065,2383286,293842,288304,14016,302320,4433
2021-05-17,Sacramento,067,1510023,105450,105035,1756,106791,1629
2021-05-17,San Benito,069,59416,6058,6067,115,6182,63
2021-05-17,San Bernardino,071,2135413,293018,291989,8976,300965,4724
2021-05-17,San Diego,073,3302833,279972,279146,14849,293995,3742
2021-05-17,San Francisco,075,870044,36631,36816,1287,38103,546
2021-05-17,San Joaquin,077,732212,72875,72234,3553,75787,1359
2021-05-17,San Luis Obispo,079,281455,21330,21079,733,21812,256
2021-05-17,San Mateo,081,765935,42273,42083,470,42553,428
2021-05-17,Santa Barbara,083,443738,34336,34275,1196,35471,459
2021-05-17,Santa Clara,085,1922200,118402,119116,757,119873,2015
2021-05-17,Santa Cruz,087,273765,16196,16151,813,16964,206
2021-05-17,Shasta,089,179085,12185,12163,1553,13716,200
2021-05-17,Sierra,091,2930,56,54,12,66,0
2021-05-17,Siskiyou,093,43540,1897,1795,352,2147,15
2021-05-17,Solano,095,438530,32677,32627,550,33177,253
2021-05-17,Sonoma,097,501317,29927,30043,331,30374,321
2021-05-17,Stanislaus,099,539301,56133,55839,5925,61764,951
2021-05-17,Sutter,101,95872,9468,9447,86,9533,113
2021-05-17,Tehama,103,63373,5053,5016,566,5582,63
2021-05-17,Trinity,105,12862,483,328,91,419,3
2021-05-17,Tulare,107,460477,50148,49107,9031,58138,836
2021-05-17,Tuolumne,109,53932,4006,4071,39,4110,64
2021-05-17,Ventura,111,848112,81276,80699,2987,83686,1017
2021-05-17,Yolo,113,214977,13952,13941,315,14256,211
2021-05-17,Yuba,115,75493,6016,5987,123,6110,49
2021-05-16,Alameda,001,1643700,87807,87743,1955,89698,1253
2021-05-16,Alpine,003,1148,87,88,0,88,0
2021-05-16,Amador,005,37829,3666,3667,33,3700,46
2021-05-16,Butte,007,227075,12452,12140,1812,13952,192
2021-05-16,Calaveras,009,45235,2135,2129,14,2143,53
2021-05-16,Colusa,011,21464,1940,1943,305,2248,14
2021-05-16,Contra Costa,013,1133247,69235,68694,1268,69962,805
2021-05-16,Del Norte,015,27424,1397,1365,12,1377,8
2021-05-16,El Dorado,017,186661,10219,10159,723,10882,112
2021-05-16,Fresno,019,978130,102504,101987,8699,110686,1690
2021-05-16,Glenn,021,27897,2424,2401,560,2961,17
2021-05-16,Humboldt,023,135768,4155,4104,34,4138,42
2021-05-16,Imperial,025,180216,28555,28516,2889,31405,729
2021-05-16,Inyo,027,18085,1403,1401,12,1413,36
2021-05-16,Kern,029,883053,97104,96083,10848,106931,1315
2021-05-16,Kings,031,150075,23139,22918,1089,24007,246
2021-05-16,Lake,033,64148,3504,3489,9,3498,43
2021-05-16,Lassen,035,31185,5196,5156,110,5266,6
2021-05-16,Los Angeles,037,10098052,1203722,1196397,41617,1238014,24120
2021-05-16,Madera,039,155013,16581,16483,932,17415,238
2021-05-16,Marin,041,260295,14064,14015,255,14270,227
2021-05-16,Mariposa,043,17540,428,423,11,434,5
2021-05-16,Mendocino,045,87422,3939,3863,80,3943,46
2021-05-16,Merced,047,269075,30947,31023,987,32010,450
2021-05-16,Modoc,049,8938,374,362,126,488,3
2021-05-16,Mono,051,14174,1252,1265,17,1282,3
2021-05-16,Monterey,053,433212,43159,42991,1879,44870,379
2021-05-16,Napa,055,140530,9890,9891,36,9927,82
2021-05-16,Nevada,057,99092,4789,4755,188,4943,70
2021-05-16,Orange,059,3164182,255097,253962,11322,265284,5031
2021-05-16,Placer,061,380077,23104,22696,1482,24178,289
2021-05-16,Plumas,063,18699,699,682,10,692,4
2021-05-16,Riverside,065,2383286,293766,288259,14008,302267,4433
2021-05-16,Sacramento,067,1510023,105336,105013,1754,106767,1628
2021-05-16,San Benito,069,59416,6057,6067,114,6181,63
2021-05-16,San Bernardino,071,2135413,292946,291940,8974,300914,4724
2021-05-16,San Diego,073,3302833,279854,279099,14836,293935,3742
2021-05-16,San Francisco,075,870044,36609,36808,1286,38094,546
2021-05-16,San Joaquin,077,732212,72826,72218,3548,75766,1359
2021-05-16,San Luis Obispo,079,281455,21322,21072,731,21803,256
2021-05-16,San Mateo,081,765935,42262,42063,469,42532,428
2021-05-16,Santa Barbara,083,443738,34329,34270,1196,35466,459
2021-05-16,Santa Clara,085,1922200,118373,119098,756,119854,2015
2021-05-16,Santa Cruz,087,273765,16194,16143,813,16956,206
2021-05-16,Shasta,089,179085,12169,12156,1549,13705,200
2021-05-16,Sierra,091,2930,56,54,12,66,0
2021-05-16,Siskiyou,093,43540,1893,1790,351,2141,15
2021-05-16,Solano,095,438530,32644,32619,548,33167,253
2021-05-16,Sonoma,097,501317,29908,30033,331,30364,321
2021-05-16,Stanislaus,099,539301,56084,55814,5913,61727,951
2021-05-16,Sutter,101,95872,9461,9445,86,9531,113
2021-05-16,Tehama,103,63373,5049,5013,565,5578,63
2021-05-16,Trinity,105,12862,483,328,91,419,3
2021-05-16,Tulare,107,460477,50131,49091,9028,58119,837
2021-05-16,Tuolumne,109,53932,4002,4070,39,4109,64
2021-05-16,Ventura,111,848112,81245,80689,2987,83676,1017
2021-05-16,Yolo,113,214977,13937,13938,315,14253,211
2021-05-16,Yuba,115,75493,6013,5987,123,6110,49
2021-05-15,Alameda,001,1643700,87781,87677,1954,89631,1252
2021-05-15,Alpine,003,1148,87,88,0,88,0
2021-05-15,Amador,005,37829,3666,3666,33,3699,46
2021-05-15,Butte,007,227075,12445,12095,1811,13906,192
2021-05-15,Calaveras,009,45235,2134,2126,14,2140,53
2021-05-15,Colusa,011,21464,1940,1941,303,2244,14
2021-05-15,Contra Costa,013,1133247,69189,68658,1268,69926,805
2021-05-15,Del Norte,015,27424,1392,1359,12,1371,8
2021-05-15,El Dorado,017,186661,10207,10156,722,10878,112
2021-05-15,Fresno,019,978130,102467,101957,8696,110653,1690
2021-05-15,Glenn,021,27897,2424,2400,560,2960,17
2021-05-15,Humboldt,023,135768,4145,4080,34,4114,42
2021-05-15,Imperial,025,180216,28552,28504,2888,31392,729
2021-05-15,Inyo,027,18085,1403,1402,12,1414,36
2021-05-15,Kern,029,883053,97090,96061,10833,106894,1315
2021-05-15,Kings,031,150075,23138,22913,1089,24002,246
2021-05-15,Lake,033,64148,3503,3485,9,3494,43
2021-05-15,Lassen,035,31185,5193,5156,109,5265,6
2021-05-15,Los Angeles,037,10098052,1203598,1196255,41604,1237859,24115
2021-05-15,Madera,039,155013,16578,16482,932,17414,238
2021-05-15,Marin,041,260295,14060,14012,255,14267,227
2021-05-15,Mariposa,043,17540,428,423,11,434,5
2021-05-15,Mendocino,045,87422,3936,3861,80,3941,46
2021-05-15,Merced,047,269075,30926,31012,987,31999,450
2021-05-15,Modoc,049,8938,374,362,126,488,3
2021-05-15,Mono,051,14174,1252,1265,17,1282,3
2021-05-15,Monterey,053,433212,43155,42982,1879,44861,379
2021-05-15,Napa,055,140530,9887,9887,36,9923,82
2021-05-15,Nevada,057,99092,4788,4755,188,4943,70
2021-05-15,Orange,059,3164182,255070,253919,11315,265234,5030
2021-05-15,Placer,061,380077,23083,22688,1482,24170,289
2021-05-15,Plumas,063,18699,699,681,10,691,4
2021-05-15,Riverside,065,2383286,293724,288203,14003,302206,4433
2021-05-15,Sacramento,067,1510023,105264,104929,1751,106680,1628
2021-05-15,San Benito,069,59416,6057,6066,114,6180,63
2021-05-15,San Bernardino,071,2135413,292904,291892,8972,300864,4724
2021-05-15,San Diego,073,3302833,279783,278991,14821,293812,3737
2021-05-15,San Francisco,075,870044,36593,36795,1284,38079,546
2021-05-15,San Joaquin,077,732212,72800,72197,3546,75743,1359
2021-05-15,San Luis Obispo,079,281455,21319,21061,730,21791,256
2021-05-15,San Mateo,081,765935,42246,42059,469,42528,428
2021-05-15,Santa Barbara,083,443738,34321,34259,1196,35455,459
2021-05-15,Santa Clara,085,1922200,118352,119060,756,119816,2016
2021-05-15,Santa Cruz,087,273765,16190,16137,813,16950,206
2021-05-15,Shasta,089,179085,12157,12152,1546,13698,200
2021-05-15,Sierra,091,2930,56,54,12,66,0
2021-05-15,Siskiyou,093,43540,1887,1788,349,2137,15
2021-05-15,Solano,095,438530,32635,32604,547,33151,253
2021-05-15,Sonoma,097,501317,29889,30020,331,30351,321
2021-05-15,Stanislaus,099,539301,56055,55795,5906,61701,952
2021-05-15,Sutter,101,95872,9459,9436,86,9522,113
2021-05-15,Tehama,103,63373,5045,5012,564,5576,63
2021-05-15,Trinity,105,12862,483,328,91,419,3
2021-05-15,Tulare,107,460477,50121,49080,9024,58104,837
2021-05-15,Tuolumne,109,53932,4000,4064,39,4103,63
2021-05-15,Ventura,111,848112,81234,80662,2987,83649,1017
2021-05-15,Yolo,113,214977,13930,13932,314,14246,211
2021-05-15,Yuba,115,75493,6010,5979,122,6101,49
2021-05-14,Alameda,001,1643700,87747,87621,1951,89572,1249
2021-05-14,Alpine,003,1148,87,88,0,88,0
2021-05-14,Amador,005,37829,3666,3665,33,3698,46
2021-05-14,Butte,007,227075,12436,12076,1808,13884,192
2021-05-14,Calaveras,009,45235,2130,2121,14,2135,53
2021-05-14,Colusa,011,21464,1939,1940,302,2242,14
2021-05-14,Contra Costa,013,1133247,69147,68589,1266,69855,806
2021-05-14,Del Norte,015,27424,1392,1355,12,1367,8
2021-05-14,El Dorado,017,186661,10200,10143,721,10864,113
2021-05-14,Fresno,019,978130,102438,101917,8690,110607,1688
2021-05-14,Glenn,021,27897,2423,2398,560,2958,17
2021-05-14,Humboldt,023,135768,4137,4050,34,4084,37
2021-05-14,Imperial,025,180216,28545,28485,2887,31372,728
2021-05-14,Inyo,027,18085,1403,1400,12,1412,36
2021-05-14,Kern,029,883053,97060,96033,10824,106857,1311
2021-05-14,Kings,031,150075,23137,22910,1089,23999,246
2021-05-14,Lake,033,64148,3499,3483,9,3492,43
2021-05-14,Lassen,035,31185,5193,5154,109,5263,6
2021-05-14,Los Angeles,037,10098052,1203464,1196038,41598,1237636,24101
2021-05-14,Madera,039,155013,16575,16474,932,17406,238
2021-05-14,Marin,041,260295,14056,14010,255,14265,227
2021-05-14,Mariposa,043,17540,428,422,11,433,5
2021-05-14,Mendocino,045,87422,3934,3855,80,3935,46
2021-05-14,Merced,047,269075,30916,31010,987,31997,450
2021-05-14,Modoc,049,8938,374,362,126,488,3
2021-05-14,Mono,051,14174,1251,1265,17,1282,3
2021-05-14,Monterey,053,433212,43150,42973,1879,44852,380
2021-05-14,Napa,055,140530,9884,9883,36,9919,82
2021-05-14,Nevada,057,99092,4783,4745,188,4933,70
2021-05-14,Orange,059,3164182,255036,253855,11308,265163,5028
2021-05-14,Placer,061,380077,23064,22660,1476,24136,287
2021-05-14,Plumas,063,18699,698,680,10,690,4
2021-05-14,Riverside,065,2383286,293674,288140,14000,302140,4433
2021-05-14,Sacramento,067,1510023,105175,104828,1750,106578,1627
2021-05-14,San Benito,069,59416,6057,6064,114,6178,63
2021-05-14,San Bernardino,071,2135413,292856,291834,8972,300806,4721
2021-05-14,San Diego,073,3302833,279710,278853,14810,293663,3732
2021-05-14,San Francisco,075,870044,36584,36771,1280,38051,545
2021-05-14,San Joaquin,077,732212,72768,72160,3539,75699,1359
2021-05-14,San Luis Obispo,079,281455,21315,21051,730,21781,256
2021-05-14,San Mateo,081,765935,42235,42041,469,42510,428
2021-05-14,Santa Barbara,083,443738,34311,34243,1196,35439,456
2021-05-14,Santa Clara,085,1922200,118323,119006,756,119762,2014
2021-05-14,Santa Cruz,087,273765,16185,16130,813,16943,207
2021-05-14,Shasta,089,179085,12151,12130,1541,13671,200
2021-05-14,Sierra,091,2930,56,54,12,66,0
2021-05-14,Siskiyou,093,43540,1880,1779,348,2127,14
2021-05-14,Solano,095,438530,32615,32585,546,33131,252
2021-05-14,Sonoma,097,501317,29871,30007,331,30338,321
2021-05-14,Stanislaus,099,539301,56022,55752,5900,61652,950
2021-05-14,Sutter,101,95872,9450,9433,84,9517,113
2021-05-14,Tehama,103,63373,5038,5005,564,5569,63
2021-05-14,Trinity,105,12862,483,328,91,419,3
2021-05-14,Tulare,107,460477,50104,49060,9019,58079,836
2021-05-14,Tuolumne,109,53932,4000,4060,39,4099,63
2021-05-14,Ventura,111,848112,81220,80628,2987,83615,1014
2021-05-14,Yolo,113,214977,13925,13922,310,14232,210
2021-05-14,Yuba,115,75493,6006,5970,122,6092,47
2021-05-13,Alameda,001,1643700,87702,87557,1950,89507,1250
2021-05-13,Alpine,003,1148,87,88,0,88,0
2021-05-13,Amador,005,37829,3666,3662,33,3695,46
2021-05-13,Butte,007,227075,12423,12051,1807,13858,196
2021-05-13,Calaveras,009,45235,2130,2120,14,2134,53
2021-05-13,Colusa,011,21464,1938,1939,298,2237,14
2021-05-13,Contra Costa,013,1133247,69099,68522,1265,69787,806
2021-05-13,Del Norte,015,27424,1390,1354,12,1366,8
2021-05-13,El Dorado,017,186661,10198,10133,721,10854,112
2021-05-13,Fresno,019,978130,102409,101862,8689,110551,1687
2021-05-13,Glenn,021,27897,2422,2395,560,2955,17
2021-05-13,Humboldt,023,135768,4119,4027,34,4061,37
2021-05-13,Imperial,025,180216,28530,28468,2884,31352,729
2021-05-13,Inyo,027,18085,1403,1400,12,1412,36
2021-05-13,Kern,029,883053,97036,95996,10806,106802,1311
2021-05-13,Kings,031,150075,23136,22904,1089,23993,246
2021-05-13,Lake,033,64148,3497,3479,9,3488,43
2021-05-13,Lassen,035,31185,5193,5152,108,5260,6
2021-05-13,Los Angeles,037,10098052,1203276,1195504,41585,1237089,24083
2021-05-13,Madera,039,155013,16567,16467,932,17399,238
2021-05-13,Marin,041,260295,14051,14004,253,14257,227
2021-05-13,Mariposa,043,17540,428,422,11,433,5
2021-05-13,Mendocino,045,87422,3930,3846,80,3926,46
2021-05-13,Merced,047,269075,30908,30989,987,31976,450
2021-05-13,Modoc,049,8938,374,362,126,488,3
2021-05-13,Mono,051,14174,1251,1265,17,1282,3
2021-05-13,Monterey,053,433212,43135,42966,1879,44845,380
2021-05-13,Napa,055,140530,9877,9877,36,9913,82
2021-05-13,Nevada,057,99092,4779,4743,187,4930,70
2021-05-13,Orange,059,3164182,254991,253778,11306,265084,5026
2021-05-13,Placer,061,380077,23040,22668,1469,24137,288
2021-05-13,Plumas,063,18699,698,680,10,690,4
2021-05-13,Riverside,065,2383286,293608,288067,13995,302062,4433
2021-05-13,Sacramento,067,1510023,105088,104711,1748,106459,1626
2021-05-13,San Benito,069,59416,6055,6062,114,6176,63
2021-05-13,San Bernardino,071,2135413,292790,291765,8972,300737,4722
2021-05-13,San Diego,073,3302833,279596,278592,14793,293385,3729
2021-05-13,San Francisco,075,870044,36560,36741,1278,38019,544
2021-05-13,San Joaquin,077,732212,72726,72096,3535,75631,1357
2021-05-13,San Luis Obispo,079,281455,21300,21043,729,21772,255
2021-05-13,San Mateo,081,765935,42218,42059,469,42528,426
2021-05-13,Santa Barbara,083,443738,34299,34242,1196,35438,456
2021-05-13,Santa Clara,085,1922200,118296,118952,756,119708,2013
2021-05-13,Santa Cruz,087,273765,16179,16129,813,16942,208
2021-05-13,Shasta,089,179085,12131,12111,1537,13648,200
2021-05-13,Sierra,091,2930,56,54,12,66,0
2021-05-13,Siskiyou,093,43540,1873,1769,345,2114,14
2021-05-13,Solano,095,438530,32602,32548,544,33092,252
2021-05-13,Sonoma,097,501317,29846,29991,331,30322,321
2021-05-13,Stanislaus,099,539301,55985,55678,5894,61572,949
2021-05-13,Sutter,101,95872,9445,9431,83,9514,112
2021-05-13,Tehama,103,63373,5033,4997,564,5561,63
2021-05-13,Trinity,105,12862,482,327,90,417,3
2021-05-13,Tulare,107,460477,50078,49032,9011,58043,837
2021-05-13,Tuolumne,109,53932,3999,4059,39,4098,63
2021-05-13,Ventura,111,848112,81190,80615,2986,83601,1012
2021-05-13,Yolo,113,214977,13916,13914,308,14222,210
2021-05-13,Yuba,115,75493,5997,5962,122,6084,47
2021-05-12,Alameda,001,1643700,87669,87482,1948,89430,1261
2021-05-12,Alpine,003,1148,87,88,0,88,0
2021-05-12,Amador,005,37829,3666,3658,33,3691,46
2021-05-12,Butte,007,227075,12413,12026,1807,13833,199
2021-05-12,Calaveras,009,45235,2127,2119,14,2133,53
2021-05-12,Colusa,011,21464,1936,1939,297,2236,14
2021-05-12,Contra Costa,013,1133247,69040,68462,1259,69721,805
2021-05-12,Del Norte,015,27424,1388,1352,12,1364,8
2021-05-12,El Dorado,017,186661,10189,10123,721,10844,112
2021-05-12,Fresno,019,978130,102360,101838,8678,110516,1688
2021-05-12,Glenn,021,27897,2419,2391,560,2951,17
2021-05-12,Humboldt,023,135768,4091,3982,34,4016,37
2021-05-12,Imperial,025,180216,28512,28443,2880,31323,726
2021-05-12,Inyo,027,18085,1403,1400,12,1412,36
2021-05-12,Kern,029,883053,97000,95955,10799,106754,1310
2021-05-12,Kings,031,150075,23134,22896,1089,23985,246
2021-05-12,Lake,033,64148,3495,3476,9,3485,43
2021-05-12,Lassen,035,31185,5191,5151,108,5259,6
2021-05-12,Los Angeles,037,10098052,1203094,1195318,41569,1236887,24067
2021-05-12,Madera,039,155013,16560,16462,931,17393,238
2021-05-12,Marin,041,260295,14046,13997,253,14250,227
2021-05-12,Mariposa,043,17540,428,422,11,433,5
2021-05-12,Mendocino,045,87422,3920,3836,80,3916,46
2021-05-12,Merced,047,269075,30892,30941,987,31928,450
2021-05-12,Modoc,049,8938,373,362,126,488,3
2021-05-12,Mono,051,14174,1251,1265,17,1282,3
2021-05-12,Monterey,053,433212,43123,42950,1878,44828,380
2021-05-12,Napa,055,140530,9871,9870,36,9906,82
2021-05-12,Nevada,057,99092,4775,4738,187,4925,70
2021-05-12,Orange,059,3164182,254940,253587,11303,264890,5024
2021-05-12,Placer,061,380077,23022,22652,1462,24114,288
2021-05-12,Plumas,063,18699,698,681,10,691,4
2021-05-12,Riverside,065,2383286,293538,287830,13991,301821,4431
2021-05-12,Sacramento,067,1510023,104992,104592,1746,106338,1621
2021-05-12,San Benito,069,59416,6055,6062,114,6176,63
2021-05-12,San Bernardino,071,2135413,292742,291505,8967,300472,4715
2021-05-12,San Diego,073,3302833,279492,278402,14772,293174,3729
2021-05-12,San Francisco,075,870044,36541,36720,1277,37997,544
2021-05-12,San Joaquin,077,732212,72672,72043,3531,75574,1356
2021-05-12,San Luis Obispo,079,281455,21290,21021,729,21750,255
2021-05-12,San Mateo,081,765935,42209,42038,467,42505,426
2021-05-12,Santa Barbara,083,443738,34291,34218,1196,35414,456
2021-05-12,Santa Clara,085,1922200,118253,118897,756,119653,2005
2021-05-12,Santa Cruz,087,273765,16173,16123,813,16936,207
2021-05-12,Shasta,089,179085,12111,12092,1535,13627,200
2021-05-12,Sierra,091,2930,56,54,12,66,0
2021-05-12,Siskiyou,093,43540,1869,1760,344,2104,13
2021-05-12,Solano,095,438530,32578,32519,544,33063,252
2021-05-12,Sonoma,097,501317,29834,29976,331,30307,320
2021-05-12,Stanislaus,099,539301,55945,55632,5887,61519,919
2021-05-12,Sutter,101,95872,9442,9427,83,9510,112
2021-05-12,Tehama,103,63373,5028,4989,564,5553,62
2021-05-12,Trinity,105,12862,482,327,90,417,3
2021-05-12,Tulare,107,460477,50062,49001,9003,58004,838
2021-05-12,Tuolumne,109,53932,3998,4056,39,4095,63
2021-05-12,Ventura,111,848112,81171,80577,2986,83563,1010
2021-05-12,Yolo,113,214977,13909,13910,307,14217,210
2021-05-12,Yuba,115,75493,5994,5956,122,6078,47
2021-05-11,Alameda,001,1643700,87605,87413,1944,89357,1290
2021-05-11,Alpine,003,1148,87,88,0,88,0
2021-05-11,Amador,005,37829,3664,3657,33,3690,46
2021-05-11,Butte,007,227075,12398,12008,1804,13812,199
2021-05-11,Calaveras,009,45235,2127,2118,14,2132,52
2021-05-11,Colusa,011,21464,1935,1939,297,2236,14
2021-05-11,Contra Costa,013,1133247,68980,68406,1258,69664,806
2021-05-11,Del Norte,015,27424,1386,1347,12,1359,8
2021-05-11,El Dorado,017,186661,10183,10108,720,10828,112
2021-05-11,Fresno,019,978130,102314,101792,8673,110465,1686
2021-05-11,Glenn,021,27897,2418,2387,559,2946,17
2021-05-11,Humboldt,023,135768,4070,3964,33,3997,37
2021-05-11,Imperial,025,180216,28504,28413,2876,31289,722
2021-05-11,Inyo,027,18085,1402,1402,12,1414,36
2021-05-11,Kern,029,883053,96972,95938,10786,106724,1310
2021-05-11,Kings,031,150075,23126,22887,1089,23976,246
2021-05-11,Lake,033,64148,3495,3473,9,3482,43
2021-05-11,Lassen,035,31185,5189,5148,108,5256,6
2021-05-11,Los Angeles,037,10098052,1202854,1195100,41557,1236657,24048
2021-05-11,Madera,039,155013,16556,16459,930,17389,238
2021-05-11,Marin,041,260295,14039,13987,253,14240,227
2021-05-11,Mariposa,043,17540,428,421,11,432,5
2021-05-11,Mendocino,045,87422,3912,3821,80,3901,46
2021-05-11,Merced,047,269075,30883,30893,987,31880,449
2021-05-11,Modoc,049,8938,373,362,125,487,3
2021-05-11,Mono,051,14174,1251,1265,17,1282,3
2021-05-11,Monterey,053,433212,43115,42934,1877,44811,380
2021-05-11,Napa,055,140530,9864,9870,36,9906,81
2021-05-11,Nevada,057,99092,4771,4737,187,4924,70
2021-05-11,Orange,059,3164182,254877,253545,11295,264840,5017
2021-05-11,Placer,061,380077,23000,22615,1458,24073,287
2021-05-11,Plumas,063,18699,696,679,10,689,4
2021-05-11,Riverside,065,2383286,293476,287757,13986,301743,4429
2021-05-11,Sacramento,067,1510023,104893,104496,1743,106239,1616
2021-05-11,San Benito,069,59416,6052,6058,114,6172,63
2021-05-11,San Bernardino,071,2135413,292682,291421,8965,300386,4707
2021-05-11,San Diego,073,3302833,279357,278308,14753,293061,3725
2021-05-11,San Francisco,075,870044,36521,36707,1277,37984,543
2021-05-11,San Joaquin,077,732212,72624,71999,3528,75527,1356
2021-05-11,San Luis Obispo,079,281455,21283,21008,727,21735,255
2021-05-11,San Mateo,081,765935,42190,41985,466,42451,425
2021-05-11,Santa Barbara,083,443738,34281,34207,1196,35403,456
2021-05-11,Santa Clara,085,1922200,118207,118857,755,119612,2005
2021-05-11,Santa Cruz,087,273765,16169,16113,813,16926,206
2021-05-11,Shasta,089,179085,12088,12050,1529,13579,200
2021-05-11,Sierra,091,2930,56,54,12,66,0
2021-05-11,Siskiyou,093,43540,1859,1756,342,2098,13
2021-05-11,Solano,095,438530,32560,32499,542,33041,250
2021-05-11,Sonoma,097,501317,29819,29966,331,30297,318
2021-05-11,Stanislaus,099,539301,55897,55589,5883,61472,909
2021-05-11,Sutter,101,95872,9435,9417,83,9500,112
2021-05-11,Tehama,103,63373,5024,4985,563,5548,62
2021-05-11,Trinity,105,12862,482,327,89,416,3
2021-05-11,Tulare,107,460477,50035,48974,8989,57963,837
2021-05-11,Tuolumne,109,53932,3997,4056,39,4095,63
2021-05-11,Ventura,111,848112,81147,80544,2983,83527,1008
2021-05-11,Yolo,113,214977,13896,13902,304,14206,210
2021-05-11,Yuba,115,75493,5985,5950,122,6072,46
2021-05-10,Alameda,001,1643700,87535,87366,1943,89309,1284
2021-05-10,Alpine,003,1148,87,88,0,88,0
2021-05-10,Amador,005,37829,3663,3657,33,3690,46
2021-05-10,Butte,007,227075,12382,11993,1800,13793,199
2021-05-10,Calaveras,009,45235,2120,2118,14,2132,52
2021-05-10,Colusa,011,21464,1935,1939,297,2236,14
2021-05-10,Contra Costa,013,1133247,68916,68357,1258,69615,806
2021-05-10,Del Norte,015,27424,1383,1339,12,1351,8
2021-05-10,El Dorado,017,186661,10169,10093,720,10813,113
2021-05-10,Fresno,019,978130,102282,101755,8666,110421,1682
2021-05-10,Glenn,021,27897,2417,2384,557,2941,17
2021-05-10,Humboldt,023,135768,4040,3961,33,3994,36
2021-05-10,Imperial,025,180216,28490,28397,2872,31269,722
2021-05-10,Inyo,027,18085,1402,1401,12,1413,36
2021-05-10,Kern,029,883053,96929,95920,10772,106692,1310
2021-05-10,Kings,031,150075,23115,22884,1088,23972,246
2021-05-10,Lake,033,64148,3487,3471,9,3480,43
2021-05-10,Lassen,035,31185,5185,5148,108,5256,5
2021-05-10,Los Angeles,037,10098052,1202591,1194976,41541,1236517,24030
2021-05-10,Madera,039,155013,16546,16450,930,17380,238
2021-05-10,Marin,041,260295,14036,13981,253,14234,228
2021-05-10,Mariposa,043,17540,427,420,11,431,5
2021-05-10,Mendocino,045,87422,3906,3818,80,3898,46
2021-05-10,Merced,047,269075,30872,30880,987,31867,448
2021-05-10,Modoc,049,8938,373,361,125,486,3
2021-05-10,Mono,051,14174,1251,1265,17,1282,3
2021-05-10,Monterey,053,433212,43109,42927,1872,44799,380
2021-05-10,Napa,055,140530,9862,9860,36,9896,81
2021-05-10,Nevada,057,99092,4764,4735,187,4922,70
2021-05-10,Orange,059,3164182,254823,253484,11289,264773,5008
2021-05-10,Placer,061,380077,22978,22590,1455,24045,286
2021-05-10,Plumas,063,18699,695,679,10,689,4
2021-05-10,Riverside,065,2383286,293407,287689,13980,301669,4427
2021-05-10,Sacramento,067,1510023,104780,104378,1738,106116,1613
2021-05-10,San Benito,069,59416,6051,6058,114,6172,63
2021-05-10,San Bernardino,071,2135413,292630,291360,8964,300324,4707
2021-05-10,San Diego,073,3302833,279192,278183,14726,292909,3725
2021-05-10,San Francisco,075,870044,36502,36683,1277,37960,543
2021-05-10,San Joaquin,077,732212,72587,71954,3513,75467,1356
2021-05-10,San Luis Obispo,079,281455,21265,20993,726,21719,256
2021-05-10,San Mateo,081,765935,42172,41926,466,42392,424
2021-05-10,Santa Barbara,083,443738,34273,34201,1196,35397,456
2021-05-10,Santa Clara,085,1922200,118148,118822,755,119577,2003
2021-05-10,Santa Cruz,087,273765,16164,16114,813,16927,206
2021-05-10,Shasta,089,179085,12074,12036,1525,13561,200
2021-05-10,Sierra,091,2930,56,54,12,66,0
2021-05-10,Siskiyou,093,43540,1849,1752,340,2092,13
2021-05-10,Solano,095,438530,32540,32466,540,33006,250
2021-05-10,Sonoma,097,501317,29804,29955,330,30285,318
2021-05-10,Stanislaus,099,539301,55823,55541,5877,61418,898
2021-05-10,Sutter,101,95872,9429,9412,83,9495,111
2021-05-10,Tehama,103,63373,5020,4980,563,5543,62
2021-05-10,Trinity,105,12862,482,327,87,414,3
2021-05-10,Tulare,107,460477,50011,48956,8983,57939,837
2021-05-10,Tuolumne,109,53932,3993,4054,38,4092,63
2021-05-10,Ventura,111,848112,81131,80501,2981,83482,1008
2021-05-10,Yolo,113,214977,13884,13898,302,14200,209
2021-05-10,Yuba,115,75493,5983,5942,122,6064,46
2021-05-09,Alameda,001,1643700,87464,87292,1940,89232,1284
2021-05-09,Alpine,003,1148,87,88,0,88,0
2021-05-09,Amador,005,37829,3661,3655,33,3688,46
2021-05-09,Butte,007,227075,12363,11985,1796,13781,199
2021-05-09,Calaveras,009,45235,2119,2116,14,2130,52
2021-05-09,Colusa,011,21464,1934,1940,297,2237,14
2021-05-09,Contra Costa,013,1133247,68852,68302,1256,69558,806
2021-05-09,Del Norte,015,27424,1376,1338,12,1350,8
2021-05-09,El Dorado,017,186661,10155,10089,717,10806,113
2021-05-09,Fresno,019,978130,102244,101729,8657,110386,1682
2021-05-09,Glenn,021,27897,2410,2382,554,2936,17
2021-05-09,Humboldt,023,135768,4020,3950,33,3983,36
2021-05-09,Imperial,025,180216,28467,28388,2863,31251,722
2021-05-09,Inyo,027,18085,1402,1401,11,1412,36
2021-05-09,Kern,029,883053,96901,95903,10762,106665,1310
2021-05-09,Kings,031,150075,23106,22878,1088,23966,246
2021-05-09,Lake,033,64148,3483,3471,9,3480,43
2021-05-09,Lassen,035,31185,5183,5147,108,5255,5
2021-05-09,Los Angeles,037,10098052,1202330,1194820,41526,1236346,24026
2021-05-09,Madera,039,155013,16537,16444,924,17368,238
2021-05-09,Marin,041,260295,14025,13979,252,14231,228
2021-05-09,Mariposa,043,17540,424,420,11,431,5
2021-05-09,Mendocino,045,87422,3896,3814,80,3894,46
2021-05-09,Merced,047,269075,30849,30883,987,31870,448
2021-05-09,Modoc,049,8938,373,360,125,485,3
2021-05-09,Mono,051,14174,1251,1264,17,1281,3
2021-05-09,Monterey,053,433212,43091,42918,1872,44790,380
2021-05-09,Napa,055,140530,9851,9857,36,9893,81
2021-05-09,Nevada,057,99092,4757,4727,187,4914,70
2021-05-09,Orange,059,3164182,254769,253451,11281,264732,5008
2021-05-09,Placer,061,380077,22952,22566,1452,24018,286
2021-05-09,Plumas,063,18699,694,679,10,689,4
2021-05-09,Riverside,065,2383286,293327,287644,13974,301618,4427
2021-05-09,Sacramento,067,1510023,104631,104309,1732,106041,1612
2021-05-09,San Benito,069,59416,6049,6056,114,6170,63
2021-05-09,San Bernardino,071,2135413,292547,291337,8958,300295,4707
2021-05-09,San Diego,073,3302833,279025,277950,14704,292654,3725
2021-05-09,San Francisco,075,870044,36476,36669,1275,37944,543
2021-05-09,San Joaquin,077,732212,72541,71927,3512,75439,1356
2021-05-09,San Luis Obispo,079,281455,21254,20999,726,21725,256
2021-05-09,San Mateo,081,765935,42143,41903,466,42369,424
2021-05-09,Santa Barbara,083,443738,34260,34196,1195,35391,456
2021-05-09,Santa Clara,085,1922200,118094,118798,754,119552,2003
2021-05-09,Santa Cruz,087,273765,16158,16094,813,16907,206
2021-05-09,Shasta,089,179085,12044,12034,1520,13554,200
2021-05-09,Sierra,091,2930,56,54,12,66,0
2021-05-09,Siskiyou,093,43540,1843,1741,337,2078,13
2021-05-09,Solano,095,438530,32501,32434,537,32971,250
2021-05-09,Sonoma,097,501317,29790,29953,329,30282,318
2021-05-09,Stanislaus,099,539301,55757,55511,5873,61384,898
2021-05-09,Sutter,101,95872,9423,9413,83,9496,111
2021-05-09,Tehama,103,63373,5015,4979,563,5542,62
2021-05-09,Trinity,105,12862,482,327,87,414,3
2021-05-09,Tulare,107,460477,49984,48948,8978,57926,837
2021-05-09,Tuolumne,109,53932,3992,4053,38,4091,63
2021-05-09,Ventura,111,848112,81116,80487,2980,83467,1008
2021-05-09,Yolo,113,214977,13874,13897,301,14198,209
2021-05-09,Yuba,115,75493,5977,5934,122,6056,46
2021-05-08,Alameda,001,1643700,87422,87213,1936,89149,1284
2021-05-08,Alpine,003,1148,87,88,0,88,0
2021-05-08,Amador,005,37829,3659,3652,33,3685,46
2021-05-08,Butte,007,227075,12351,11962,1795,13757,199
2021-05-08,Calaveras,009,45235,2118,2114,14,2128,52
2021-05-08,Colusa,011,21464,1934,1939,297,2236,14
2021-05-08,Contra Costa,013,1133247,68819,68223,1254,69477,803
2021-05-08,Del Norte,015,27424,1373,1335,12,1347,8
2021-05-08,El Dorado,017,186661,10141,10079,717,10796,113
2021-05-08,Fresno,019,978130,102208,101676,8652,110328,1682
2021-05-08,Glenn,021,27897,2408,2382,552,2934,17
2021-05-08,Humboldt,023,135768,4004,3939,33,3972,36
2021-05-08,Imperial,025,180216,28459,28373,2863,31236,721
2021-05-08,Inyo,027,18085,1402,1402,11,1413,36
2021-05-08,Kern,029,883053,96876,95880,10749,106629,1310
2021-05-08,Kings,031,150075,23103,22872,1087,23959,246
2021-05-08,Lake,033,64148,3482,3470,9,3479,43
2021-05-08,Lassen,035,31185,5182,5145,108,5253,5
2021-05-08,Los Angeles,037,10098052,1202180,1194584,41510,1236094,24022
2021-05-08,Madera,039,155013,16533,16442,924,17366,238
2021-05-08,Marin,041,260295,14022,13974,251,14225,228
2021-05-08,Mariposa,043,17540,424,420,11,431,5
2021-05-08,Mendocino,045,87422,3891,3810,79,3889,46
2021-05-08,Merced,047,269075,30840,30876,987,31863,448
2021-05-08,Modoc,049,8938,373,360,124,484,3
2021-05-08,Mono,051,14174,1251,1262,17,1279,3
2021-05-08,Monterey,053,433212,43086,42914,1871,44785,380
2021-05-08,Napa,055,140530,9844,9853,36,9889,81
2021-05-08,Nevada,057,99092,4754,4716,187,4903,70
2021-05-08,Orange,059,3164182,254735,253412,11278,264690,5006
2021-05-08,Placer,061,380077,22934,22547,1450,23997,286
2021-05-08,Plumas,063,18699,693,679,10,689,4
2021-05-08,Riverside,065,2383286,293284,287574,13972,301546,4427
2021-05-08,Sacramento,067,1510023,104546,104208,1729,105937,1610
2021-05-08,San Benito,069,59416,6048,6048,114,6162,63
2021-05-08,San Bernardino,071,2135413,292504,291296,8958,300254,4707
2021-05-08,San Diego,073,3302833,278941,277760,14686,292446,3725
2021-05-08,San Francisco,075,870044,36453,36642,1275,37917,543
2021-05-08,San Joaquin,077,732212,72512,71869,3503,75372,1356
2021-05-08,San Luis Obispo,079,281455,21243,20992,726,21718,256
2021-05-08,San Mateo,081,765935,42132,41871,466,42337,424
2021-05-08,Santa Barbara,083,443738,34247,34185,1195,35380,456
2021-05-08,Santa Clara,085,1922200,118063,118751,754,119505,2003
2021-05-08,Santa Cruz,087,273765,16155,16089,813,16902,206
2021-05-08,Shasta,089,179085,12034,12030,1516,13546,200
2021-05-08,Sierra,091,2930,56,54,12,66,0
2021-05-08,Siskiyou,093,43540,1842,1741,333,2074,13
2021-05-08,Solano,095,438530,32476,32395,535,32930,249
2021-05-08,Sonoma,097,501317,29777,29942,329,30271,318
2021-05-08,Stanislaus,099,539301,55725,55467,5869,61336,898
2021-05-08,Sutter,101,95872,9420,9413,83,9496,111
2021-05-08,Tehama,103,63373,5013,4977,563,5540,62
2021-05-08,Trinity,105,12862,482,327,87,414,3
2021-05-08,Tulare,107,460477,49970,48929,8968,57897,837
2021-05-08,Tuolumne,109,53932,3991,4050,38,4088,63
2021-05-08,Ventura,111,848112,81105,80481,2977,83458,1008
2021-05-08,Yolo,113,214977,13871,13894,300,14194,209
2021-05-08,Yuba,115,75493,5969,5928,122,6050,46
2021-05-07,Alameda,001,1643700,87368,87128,1935,89063,1280
2021-05-07,Alpine,003,1148,87,88,0,88,0
2021-05-07,Amador,005,37829,3656,3651,33,3684,46
2021-05-07,Butte,007,227075,12331,11943,1792,13735,199
2021-05-07,Calaveras,009,45235,2116,2114,14,2128,52
2021-05-07,Colusa,011,21464,1934,1937,297,2234,14
2021-05-07,Contra Costa,013,1133247,68773,68156,1252,69408,804
2021-05-07,Del Norte,015,27424,1368,1329,12,1341,8
2021-05-07,El Dorado,017,186661,10128,10065,715,10780,112
2021-05-07,Fresno,019,978130,102175,101625,8651,110276,1684
2021-05-07,Glenn,021,27897,2405,2381,551,2932,17
2021-05-07,Humboldt,023,135768,3989,3919,33,3952,36
2021-05-07,Imperial,025,180216,28451,28352,2862,31214,721
2021-05-07,Inyo,027,18085,1402,1402,11,1413,36
2021-05-07,Kern,029,883053,96863,95839,10737,106576,1308
2021-05-07,Kings,031,150075,23102,22857,1086,23943,246
2021-05-07,Lake,033,64148,3480,3467,9,3476,43
2021-05-07,Lassen,035,31185,5181,5144,107,5251,5
2021-05-07,Los Angeles,037,10098052,1202002,1194294,41502,1235796,24008
2021-05-07,Madera,039,155013,16528,16439,923,17362,238
2021-05-07,Marin,041,260295,14018,13968,251,14219,228
2021-05-07,Mariposa,043,17540,423,419,11,430,5
2021-05-07,Mendocino,045,87422,3885,3805,79,3884,46
2021-05-07,Merced,047,269075,30837,30862,987,31849,446
2021-05-07,Modoc,049,8938,373,360,124,484,3
2021-05-07,Mono,051,14174,1250,1261,17,1278,3
2021-05-07,Monterey,053,433212,43080,42909,1869,44778,380
2021-05-07,Napa,055,140530,9843,9849,36,9885,81
2021-05-07,Nevada,057,99092,4750,4704,187,4891,70
2021-05-07,Orange,059,3164182,254695,253338,11269,264607,5000
2021-05-07,Placer,061,380077,22914,22524,1448,23972,286
2021-05-07,Plumas,063,18699,693,678,10,688,4
2021-05-07,Riverside,065,2383286,293226,287479,13971,301450,4426
2021-05-07,Sacramento,067,1510023,104474,104068,1724,105792,1609
2021-05-07,San Benito,069,59416,6047,6048,114,6162,63
2021-05-07,San Bernardino,071,2135413,292462,291185,8953,300138,4697
2021-05-07,San Diego,073,3302833,278856,277534,14671,292205,3718
2021-05-07,San Francisco,075,870044,36440,36616,1274,37890,543
2021-05-07,San Joaquin,077,732212,72472,71804,3501,75305,1351
2021-05-07,San Luis Obispo,079,281455,21236,20979,726,21705,256
2021-05-07,San Mateo,081,765935,42116,41844,466,42310,424
2021-05-07,Santa Barbara,083,443738,34237,34166,1195,35361,453
2021-05-07,Santa Clara,085,1922200,118030,118691,753,119444,2002
2021-05-07,Santa Cruz,087,273765,16152,16074,813,16887,206
2021-05-07,Shasta,089,179085,12012,12005,1514,13519,200
2021-05-07,Sierra,091,2930,56,54,12,66,0
2021-05-07,Siskiyou,093,43540,1839,1723,333,2056,13
2021-05-07,Solano,095,438530,32449,32352,533,32885,249
2021-05-07,Sonoma,097,501317,29759,29925,327,30252,318
2021-05-07,Stanislaus,099,539301,55684,55407,5863,61270,896
2021-05-07,Sutter,101,95872,9420,9407,82,9489,111
2021-05-07,Tehama,103,63373,5006,4974,563,5537,57
2021-05-07,Trinity,105,12862,482,327,87,414,3
2021-05-07,Tulare,107,460477,49953,48913,8963,57876,837
2021-05-07,Tuolumne,109,53932,3989,4048,38,4086,63
2021-05-07,Ventura,111,848112,81081,80444,2977,83421,1008
2021-05-07,Yolo,113,214977,13865,13875,299,14174,209
2021-05-07,Yuba,115,75493,5959,5910,122,6032,46
2021-05-06,Alameda,001,1643700,87291,87028,1932,88960,1278
2021-05-06,Alpine,003,1148,87,88,0,88,0
2021-05-06,Amador,005,37829,3654,3650,33,3683,46
2021-05-06,Butte,007,227075,12311,11929,1787,13716,198
2021-05-06,Calaveras,009,45235,2115,2111,14,2125,52
2021-05-06,Colusa,011,21464,1934,1935,297,2232,14
2021-05-06,Contra Costa,013,1133247,68718,68076,1249,69325,802
2021-05-06,Del Norte,015,27424,1360,1324,12,1336,6
2021-05-06,El Dorado,017,186661,10121,10048,715,10763,112
2021-05-06,Fresno,019,978130,102131,101536,8647,110183,1680
2021-05-06,Glenn,021,27897,2404,2380,550,2930,17
2021-05-06,Humboldt,023,135768,3964,3898,33,3931,36
2021-05-06,Imperial,025,180216,28440,28311,2861,31172,720
2021-05-06,Inyo,027,18085,1402,1401,11,1412,36
2021-05-06,Kern,029,883053,96838,95801,10720,106521,1307
2021-05-06,Kings,031,150075,23095,22848,1085,23933,246
2021-05-06,Lake,033,64148,3479,3465,9,3474,43
2021-05-06,Lassen,035,31185,5180,5143,107,5250,1
2021-05-06,Los Angeles,037,10098052,1201761,1193954,41485,1235439,23991
2021-05-06,Madera,039,155013,16520,16430,923,17353,238
2021-05-06,Marin,041,260295,14014,13956,251,14207,228
2021-05-06,Mariposa,043,17540,422,419,11,430,5
2021-05-06,Mendocino,045,87422,3874,3802,79,3881,46
2021-05-06,Merced,047,269075,30821,30863,986,31849,444
2021-05-06,Modoc,049,8938,373,360,124,484,3
2021-05-06,Mono,051,14174,1248,1261,17,1278,3
2021-05-06,Monterey,053,433212,43065,42899,1869,44768,379
2021-05-06,Napa,055,140530,9837,9843,36,9879,81
2021-05-06,Nevada,057,99092,4749,4687,187,4874,70
2021-05-06,Orange,059,3164182,254627,253286,11263,264549,4991
2021-05-06,Placer,061,380077,22892,22493,1448,23941,286
2021-05-06,Plumas,063,18699,693,678,10,688,4
2021-05-06,Riverside,065,2383286,293153,287399,13966,301365,4422
2021-05-06,Sacramento,067,1510023,104357,103956,1721,105677,1609
2021-05-06,San Benito,069,59416,6046,6045,114,6159,63
2021-05-06,San Bernardino,071,2135413,292392,291085,8952,300037,4683
2021-05-06,San Diego,073,3302833,278731,277324,14648,291972,3716
2021-05-06,San Francisco,075,870044,36425,36599,1274,37873,543
2021-05-06,San Joaquin,077,732212,72417,71729,3498,75227,1350
2021-05-06,San Luis Obispo,079,281455,21224,20965,724,21689,256
2021-05-06,San Mateo,081,765935,42097,41802,465,42267,424
2021-05-06,Santa Barbara,083,443738,34224,34152,1195,35347,453
2021-05-06,Santa Clara,085,1922200,117989,118591,753,119344,2001
2021-05-06,Santa Cruz,087,273765,16145,16050,813,16863,206
2021-05-06,Shasta,089,179085,11990,11983,1508,13491,199
2021-05-06,Sierra,091,2930,56,54,12,66,0
2021-05-06,Siskiyou,093,43540,1829,1711,332,2043,12
2021-05-06,Solano,095,438530,32423,32320,525,32845,249
2021-05-06,Sonoma,097,501317,29751,29911,327,30238,318
2021-05-06,Stanislaus,099,539301,55628,55323,5859,61182,834
2021-05-06,Sutter,101,95872,9414,9396,82,9478,111
2021-05-06,Tehama,103,63373,5001,4970,563,5533,53
2021-05-06,Trinity,105,12862,482,327,87,414,3
2021-05-06,Tulare,107,460477,49928,48890,8948,57838,836
2021-05-06,Tuolumne,109,53932,3985,4047,38,4085,63
2021-05-06,Ventura,111,848112,81050,80411,2974,83385,1005
2021-05-06,Yolo,113,214977,13858,13871,295,14166,209
2021-05-06,Yuba,115,75493,5947,5901,122,6023,46
2021-05-05,Alameda,001,1643700,87229,86950,1930,88880,1278
2021-05-05,Alpine,003,1148,87,88,0,88,0
2021-05-05,Amador,005,37829,3651,3650,33,3683,46
2021-05-05,Butte,007,227075,12293,11907,1784,13691,198
2021-05-05,Calaveras,009,45235,2111,2103,14,2117,52
2021-05-05,Colusa,011,21464,1933,1933,297,2230,14
2021-05-05,Contra Costa,013,1133247,68653,67997,1245,69242,803
2021-05-05,Del Norte,015,27424,1357,1317,12,1329,6
2021-05-05,El Dorado,017,186661,10110,10020,714,10734,111
2021-05-05,Fresno,019,978130,102082,101491,8638,110129,1680
2021-05-05,Glenn,021,27897,2401,2380,549,2929,17
2021-05-05,Humboldt,023,135768,3945,3886,32,3918,36
2021-05-05,Imperial,025,180216,28399,28295,2854,31149,720
2021-05-05,Inyo,027,18085,1401,1401,11,1412,36
2021-05-05,Kern,029,883053,96794,95753,10716,106469,1304
2021-05-05,Kings,031,150075,23089,22840,1084,23924,246
2021-05-05,Lake,033,64148,3476,3458,9,3467,43
2021-05-05,Lassen,035,31185,5180,5143,106,5249,1
2021-05-05,Los Angeles,037,10098052,1201490,1193608,41471,1235079,23977
2021-05-05,Madera,039,155013,16518,16423,923,17346,235
2021-05-05,Marin,041,260295,14006,13950,250,14200,228
2021-05-05,Mariposa,043,17540,422,418,11,429,5
2021-05-05,Mendocino,045,87422,3870,3799,79,3878,46
2021-05-05,Merced,047,269075,30800,30844,986,31830,444
2021-05-05,Modoc,049,8938,372,361,123,484,3
2021-05-05,Mono,051,14174,1248,1260,17,1277,3
2021-05-05,Monterey,053,433212,43051,42870,1866,44736,379
2021-05-05,Napa,055,140530,9831,9833,36,9869,81
2021-05-05,Nevada,057,99092,4746,4666,187,4853,70
2021-05-05,Orange,059,3164182,254569,253237,11258,264495,4978
2021-05-05,Placer,061,380077,22860,22362,1444,23806,287
2021-05-05,Plumas,063,18699,693,677,10,687,4
2021-05-05,Riverside,065,2383286,293058,287353,13956,301309,4414
2021-05-05,Sacramento,067,1510023,104269,103476,1716,105192,1607
2021-05-05,San Benito,069,59416,6037,6046,114,6160,63
2021-05-05,San Bernardino,071,2135413,292317,291008,8948,299956,4677
2021-05-05,San Diego,073,3302833,278594,277098,14628,291726,3716
2021-05-05,San Francisco,075,870044,36411,36577,1273,37850,543
2021-05-05,San Joaquin,077,732212,72364,71638,3495,75133,1345
2021-05-05,San Luis Obispo,079,281455,21216,20958,724,21682,256
2021-05-05,San Mateo,081,765935,42067,41755,464,42219,415
2021-05-05,Santa Barbara,083,443738,34209,34139,1194,35333,453
2021-05-05,Santa Clara,085,1922200,117959,118482,749,119231,1992
2021-05-05,Santa Cruz,087,273765,16139,16013,813,16826,207
2021-05-05,Shasta,089,179085,11974,11939,1504,13443,200
2021-05-05,Sierra,091,2930,56,54,12,66,0
2021-05-05,Siskiyou,093,43540,1812,1706,324,2030,11
2021-05-05,Solano,095,438530,32388,32250,523,32773,249
2021-05-05,Sonoma,097,501317,29738,29879,327,30206,318
2021-05-05,Stanislaus,099,539301,55571,55231,5857,61088,807
2021-05-05,Sutter,101,95872,9408,9387,82,9469,111
2021-05-05,Tehama,103,63373,4997,4968,563,5531,53
2021-05-05,Trinity,105,12862,482,326,87,413,3
2021-05-05,Tulare,107,460477,49904,48875,8941,57816,835
2021-05-05,Tuolumne,109,53932,3982,4040,38,4078,63
2021-05-05,Ventura,111,848112,81022,80372,2970,83342,1005
2021-05-05,Yolo,113,214977,13854,13846,293,14139,209
2021-05-05,Yuba,115,75493,5937,5895,121,6016,44
2021-05-04,Alameda,001,1643700,87137,86894,1930,88824,1277
2021-05-04,Alpine,003,1148,87,88,0,88,0
2021-05-04,Amador,005,37829,3651,3650,33,3683,46
2021-05-04,Butte,007,227075,12269,11883,1783,13666,198
2021-05-04,Calaveras,009,45235,2106,2100,14,2114,52
2021-05-04,Colusa,011,21464,1932,1933,297,2230,14
2021-05-04,Contra Costa,013,1133247,68574,67931,1242,69173,799
2021-05-04,Del Norte,015,27424,1357,1314,12,1326,6
2021-05-04,El Dorado,017,186661,10099,10009,710,10719,110
2021-05-04,Fresno,019,978130,102027,101451,8631,110082,1677
2021-05-04,Glenn,021,27897,2398,2379,546,2925,17
2021-05-04,Humboldt,023,135768,3919,3877,32,3909,36
2021-05-04,Imperial,025,180216,28379,28276,2850,31126,720
2021-05-04,Inyo,027,18085,1401,1399,11,1410,36
2021-05-04,Kern,029,883053,96758,95720,10698,106418,1301
2021-05-04,Kings,031,150075,23075,22822,1081,23903,246
2021-05-04,Lake,033,64148,3475,3454,9,3463,43
2021-05-04,Lassen,035,31185,5179,5142,106,5248,1
2021-05-04,Los Angeles,037,10098052,1201203,1193453,41459,1234912,23957
2021-05-04,Madera,039,155013,16517,16418,923,17341,235
2021-05-04,Marin,041,260295,13998,13935,250,14185,228
2021-05-04,Mariposa,043,17540,422,418,11,429,5
2021-05-04,Mendocino,045,87422,3865,3794,79,3873,46
2021-05-04,Merced,047,269075,30783,30829,986,31815,444
2021-05-04,Modoc,049,8938,371,360,122,482,3
2021-05-04,Mono,051,14174,1248,1260,17,1277,3
2021-05-04,Monterey,053,433212,43039,42845,1865,44710,380
2021-05-04,Napa,055,140530,9822,9824,36,9860,81
2021-05-04,Nevada,057,99092,4739,4656,187,4843,70
2021-05-04,Orange,059,3164182,254502,253177,11248,264425,4977
2021-05-04,Placer,061,380077,22831,22326,1441,23767,287
2021-05-04,Plumas,063,18699,692,675,10,685,4
2021-05-04,Riverside,065,2383286,292974,287285,13949,301234,4411
2021-05-04,Sacramento,067,1510023,104140,103383,1711,105094,1604
2021-05-04,San Benito,069,59416,6036,6039,114,6153,63
2021-05-04,San Bernardino,071,2135413,292240,290934,8941,299875,4668
2021-05-04,San Diego,073,3302833,278428,276879,14611,291490,3713
2021-05-04,San Francisco,075,870044,36393,36550,1273,37823,541
2021-05-04,San Joaquin,077,732212,72303,71582,3490,75072,1342
2021-05-04,San Luis Obispo,079,281455,21210,20923,722,21645,255
2021-05-04,San Mateo,081,765935,42041,41708,464,42172,415
2021-05-04,Santa Barbara,083,443738,34193,34131,1193,35324,453
2021-05-04,Santa Clara,085,1922200,117896,118431,748,119179,1988
2021-05-04,Santa Cruz,087,273765,16133,16005,813,16818,207
2021-05-04,Shasta,089,179085,11954,11923,1498,13421,198
2021-05-04,Sierra,091,2930,56,54,12,66,0
2021-05-04,Siskiyou,093,43540,1805,1694,322,2016,11
2021-05-04,Solano,095,438530,32347,32220,521,32741,249
2021-05-04,Sonoma,097,501317,29718,29867,326,30193,318
2021-05-04,Stanislaus,099,539301,55515,55165,5854,61019,807
2021-05-04,Sutter,101,95872,9403,9375,82,9457,111
2021-05-04,Tehama,103,63373,4994,4959,562,5521,53
2021-05-04,Trinity,105,12862,482,326,87,413,3
2021-05-04,Tulare,107,460477,49877,48857,8932,57789,835
2021-05-04,Tuolumne,109,53932,3980,4041,38,4079,61
2021-05-04,Ventura,111,848112,80993,80351,2968,83319,1005
2021-05-04,Yolo,113,214977,13841,13820,291,14111,208
2021-05-04,Yuba,115,75493,5931,5891,121,6012,44
2021-05-03,Alameda,001,1643700,87061,86845,1924,88769,1272
2021-05-03,Alpine,003,1148,87,88,0,88,0
2021-05-03,Amador,005,37829,3651,3651,33,3684,46
2021-05-03,Butte,007,227075,12259,11864,1780,13644,198
2021-05-03,Calaveras,009,45235,2105,2099,14,2113,50
2021-05-03,Colusa,011,21464,1931,1931,295,2226,14
2021-05-03,Contra Costa,013,1133247,68515,67895,1238,69133,799
2021-05-03,Del Norte,015,27424,1352,1306,11,1317,6
2021-05-03,El Dorado,017,186661,10081,9984,705,10689,110
2021-05-03,Fresno,019,978130,101971,101405,8620,110025,1678
2021-05-03,Glenn,021,27897,2398,2375,545,2920,17
2021-05-03,Humboldt,023,135768,3904,3865,32,3897,36
2021-05-03,Imperial,025,180216,28357,28280,2847,31127,720
2021-05-03,Inyo,027,18085,1400,1398,11,1409,36
2021-05-03,Kern,029,883053,96721,95693,10686,106379,1299
2021-05-03,Kings,031,150075,23066,22821,1081,23902,246
2021-05-03,Lake,033,64148,3473,3446,9,3455,43
2021-05-03,Lassen,035,31185,5178,5142,106,5248,1
2021-05-03,Los Angeles,037,10098052,1200934,1193261,41433,1234694,23942
2021-05-03,Madera,039,155013,16512,16414,922,17336,235
2021-05-03,Marin,041,260295,13992,13927,250,14177,228
2021-05-03,Mariposa,043,17540,422,418,11,429,5
2021-05-03,Mendocino,045,87422,3858,3792,79,3871,46
2021-05-03,Merced,047,269075,30772,30814,984,31798,444
2021-05-03,Modoc,049,8938,371,360,122,482,3
2021-05-03,Mono,051,14174,1248,1259,17,1276,3
2021-05-03,Monterey,053,433212,43027,42837,1863,44700,380
2021-05-03,Napa,055,140530,9817,9815,36,9851,81
2021-05-03,Nevada,057,99092,4731,4650,187,4837,70
2021-05-03,Orange,059,3164182,254443,253107,11239,264346,4968
2021-05-03,Placer,061,380077,22800,22289,1435,23724,287
2021-05-03,Plumas,063,18699,691,675,10,685,4
2021-05-03,Riverside,065,2383286,292900,287233,13948,301181,4412
2021-05-03,Sacramento,067,1510023,103987,103303,1701,105004,1602
2021-05-03,San Benito,069,59416,6035,6038,114,6152,63
2021-05-03,San Bernardino,071,2135413,292172,290886,8938,299824,4659
2021-05-03,San Diego,073,3302833,278265,276693,14586,291279,3712
2021-05-03,San Francisco,075,870044,36367,36538,1273,37811,541
2021-05-03,San Joaquin,077,732212,72253,71504,3487,74991,1325
2021-05-03,San Luis Obispo,079,281455,21194,20915,719,21634,254
2021-05-03,San Mateo,081,765935,42018,41689,463,42152,413
2021-05-03,Santa Barbara,083,443738,34181,34119,1193,35312,453
2021-05-03,Santa Clara,085,1922200,117842,118373,747,119120,1988
2021-05-03,Santa Cruz,087,273765,16130,16000,813,16813,207
2021-05-03,Shasta,089,179085,11931,11890,1493,13383,197
2021-05-03,Sierra,091,2930,56,54,12,66,0
2021-05-03,Siskiyou,093,43540,1799,1683,316,1999,11
2021-05-03,Solano,095,438530,32306,32201,520,32721,249
2021-05-03,Sonoma,097,501317,29706,29855,323,30178,318
2021-05-03,Stanislaus,099,539301,55449,55116,5845,60961,774
2021-05-03,Sutter,101,95872,9391,9370,82,9452,111
2021-05-03,Tehama,103,63373,4985,4952,562,5514,53
2021-05-03,Trinity,105,12862,482,326,87,413,3
2021-05-03,Tulare,107,460477,49860,48844,8922,57766,835
2021-05-03,Tuolumne,109,53932,3979,4038,38,4076,61
2021-05-03,Ventura,111,848112,80971,80291,2968,83259,1005
2021-05-03,Yolo,113,214977,13828,13809,289,14098,208
2021-05-03,Yuba,115,75493,5926,5880,121,6001,44
2021-05-02,Alameda,001,1643700,86976,86784,1923,88707,1272
2021-05-02,Alpine,003,1148,87,88,0,88,0
2021-05-02,Amador,005,37829,3651,3650,33,3683,46
2021-05-02,Butte,007,227075,12235,11859,1777,13636,198
2021-05-02,Calaveras,009,45235,2101,2098,14,2112,50
2021-05-02,Colusa,011,21464,1930,1931,294,2225,14
2021-05-02,Contra Costa,013,1133247,68430,67843,1236,69079,800
2021-05-02,Del Norte,015,27424,1345,1305,11,1316,6
2021-05-02,El Dorado,017,186661,10066,9962,704,10666,110
2021-05-02,Fresno,019,978130,101900,101372,8609,109981,1678
2021-05-02,Glenn,021,27897,2397,2374,543,2917,17
2021-05-02,Humboldt,023,135768,3892,3858,31,3889,36
2021-05-02,Imperial,025,180216,28323,28275,2837,31112,721
2021-05-02,Inyo,027,18085,1398,1398,11,1409,36
2021-05-02,Kern,029,883053,96663,95668,10679,106347,1299
2021-05-02,Kings,031,150075,23048,22816,1080,23896,246
2021-05-02,Lake,033,64148,3471,3443,9,3452,43
2021-05-02,Lassen,035,31185,5177,5142,105,5247,1
2021-05-02,Los Angeles,037,10098052,1200584,1193056,41410,1234466,23943
2021-05-02,Madera,039,155013,16506,16410,922,17332,235
2021-05-02,Marin,041,260295,13982,13917,250,14167,228
2021-05-02,Mariposa,043,17540,422,419,11,430,5
2021-05-02,Mendocino,045,87422,3853,3787,79,3866,46
2021-05-02,Merced,047,269075,30750,30793,982,31775,444
2021-05-02,Modoc,049,8938,370,360,122,482,3
2021-05-02,Mono,051,14174,1247,1259,17,1276,3
2021-05-02,Monterey,053,433212,43013,42837,1862,44699,380
2021-05-02,Napa,055,140530,9813,9805,36,9841,81
2021-05-02,Nevada,057,99092,4715,4635,187,4822,70
2021-05-02,Orange,059,3164182,254369,253025,11225,264250,4968
2021-05-02,Placer,061,380077,22771,22264,1432,23696,287
2021-05-02,Plumas,063,18699,691,675,10,685,4
2021-05-02,Riverside,065,2383286,292800,287197,13938,301135,4412
2021-05-02,Sacramento,067,1510023,103847,103153,1694,104847,1602
2021-05-02,San Benito,069,59416,6030,6037,114,6151,63
2021-05-02,San Bernardino,071,2135413,292073,290859,8936,299795,4655
2021-05-02,San Diego,073,3302833,278068,276521,14559,291080,3712
2021-05-02,San Francisco,075,870044,36341,36522,1273,37795,541
2021-05-02,San Joaquin,077,732212,72189,71447,3480,74927,1325
2021-05-02,San Luis Obispo,079,281455,21173,20910,718,21628,254
2021-05-02,San Mateo,081,765935,42002,41656,462,42118,412
2021-05-02,Santa Barbara,083,443738,34167,34106,1193,35299,453
2021-05-02,Santa Clara,085,1922200,117768,118321,747,119068,1988
2021-05-02,Santa Cruz,087,273765,16125,15995,812,16807,207
2021-05-02,Shasta,089,179085,11915,11885,1485,13370,197
2021-05-02,Sierra,091,2930,56,54,12,66,0
2021-05-02,Siskiyou,093,43540,1788,1661,315,1976,11
2021-05-02,Solano,095,438530,32267,32151,516,32667,249
2021-05-02,Sonoma,097,501317,29684,29842,323,30165,318
2021-05-02,Stanislaus,099,539301,55376,55057,5838,60895,774
2021-05-02,Sutter,101,95872,9384,9363,82,9445,111
2021-05-02,Tehama,103,63373,4980,4950,560,5510,53
2021-05-02,Trinity,105,12862,482,326,87,413,3
2021-05-02,Tulare,107,460477,49842,48834,8914,57748,835
2021-05-02,Tuolumne,109,53932,3976,4038,38,4076,61
2021-05-02,Ventura,111,848112,80934,80284,2967,83251,1005
2021-05-02,Yolo,113,214977,13816,13799,288,14087,208
2021-05-02,Yuba,115,75493,5916,5879,121,6000,44
2021-05-01,Alameda,001,1643700,86933,86704,1920,88624,1270
2021-05-01,Alpine,003,1148,87,88,0,88,0
2021-05-01,Amador,005,37829,3651,3650,33,3683,46
2021-05-01,Butte,007,227075,12221,11845,1772,13617,198
2021-05-01,Calaveras,009,45235,2099,2096,14,2110,50
2021-05-01,Colusa,011,21464,1929,1931,294,2225,14
2021-05-01,Contra Costa,013,1133247,68378,67779,1233,69012,800
2021-05-01,Del Norte,015,27424,1344,1292,11,1303,6
2021-05-01,El Dorado,017,186661,10052,9944,702,10646,110
2021-05-01,Fresno,019,978130,101855,101326,8603,109929,1678
2021-05-01,Glenn,021,27897,2394,2369,542,2911,17
2021-05-01,Humboldt,023,135768,3878,3845,31,3876,36
2021-05-01,Imperial,025,180216,28316,28262,2837,31099,721
2021-05-01,Inyo,027,18085,1398,1397,11,1408,36
2021-05-01,Kern,029,883053,96636,95645,10667,106312,1299
2021-05-01,Kings,031,150075,23045,22797,1079,23876,246
2021-05-01,Lake,033,64148,3469,3441,9,3450,43
2021-05-01,Lassen,035,31185,5175,5142,105,5247,1
2021-05-01,Los Angeles,037,10098052,1200415,1192781,41395,1234176,23946
2021-05-01,Madera,039,155013,16502,16408,922,17330,235
2021-05-01,Marin,041,260295,13975,13902,250,14152,228
2021-05-01,Mariposa,043,17540,422,418,11,429,5
2021-05-01,Mendocino,045,87422,3851,3782,79,3861,46
2021-05-01,Merced,047,269075,30732,30771,982,31753,444
2021-05-01,Modoc,049,8938,370,361,122,483,3
2021-05-01,Mono,051,14174,1247,1258,17,1275,3
2021-05-01,Monterey,053,433212,43007,42828,1862,44690,379
2021-05-01,Napa,055,140530,9810,9800,36,9836,81
2021-05-01,Nevada,057,99092,4710,4625,187,4812,70
2021-05-01,Orange,059,3164182,254326,252969,11214,264183,4964
2021-05-01,Placer,061,380077,22745,22240,1430,23670,287
2021-05-01,Plumas,063,18699,690,675,10,685,4
2021-05-01,Riverside,065,2383286,292761,287129,13936,301065,4412
2021-05-01,Sacramento,067,1510023,103766,103043,1693,104736,1602
2021-05-01,San Benito,069,59416,6027,6030,114,6144,63
2021-05-01,San Bernardino,071,2135413,292030,290802,8934,299736,4652
2021-05-01,San Diego,073,3302833,277944,276367,14538,290905,3706
2021-05-01,San Francisco,075,870044,36326,36496,1273,37769,541
2021-05-01,San Joaquin,077,732212,72140,71389,3478,74867,1325
2021-05-01,San Luis Obispo,079,281455,21168,20896,718,21614,254
2021-05-01,San Mateo,081,765935,41973,41617,461,42078,411
2021-05-01,Santa Barbara,083,443738,34162,34085,1192,35277,453
2021-05-01,Santa Clara,085,1922200,117716,118265,745,119010,1988
2021-05-01,Santa Cruz,087,273765,16122,15984,812,16796,207
2021-05-01,Shasta,089,179085,11895,11878,1477,13355,197
2021-05-01,Sierra,091,2930,56,53,12,65,0
2021-05-01,Siskiyou,093,43540,1780,1653,314,1967,11
2021-05-01,Solano,095,438530,32237,32124,508,32632,249
2021-05-01,Sonoma,097,501317,29681,29835,323,30158,318
2021-05-01,Stanislaus,099,539301,55341,55005,5832,60837,774
2021-05-01,Sutter,101,95872,9381,9358,82,9440,110
2021-05-01,Tehama,103,63373,4979,4950,559,5509,53
2021-05-01,Trinity,105,12862,482,326,86,412,3
2021-05-01,Tulare,107,460477,49835,48818,8908,57726,835
2021-05-01,Tuolumne,109,53932,3970,4035,38,4073,61
2021-05-01,Ventura,111,848112,80916,80268,2967,83235,1005
2021-05-01,Yolo,113,214977,13809,13784,286,14070,208
2021-05-01,Yuba,115,75493,5914,5875,121,5996,44
2021-04-30,Alameda,001,1643700,86872,86602,1917,88519,1268
2021-04-30,Alpine,003,1148,87,88,0,88,0
2021-04-30,Amador,005,37829,3649,3650,33,3683,46
2021-04-30,Butte,007,227075,12202,11812,1768,13580,197
2021-04-30,Calaveras,009,45235,2098,2087,14,2101,50
2021-04-30,Colusa,011,21464,1929,1931,293,2224,14
2021-04-30,Contra Costa,013,1133247,68330,67684,1230,68914,800
2021-04-30,Del Norte,015,27424,1332,1276,11,1287,6
2021-04-30,El Dorado,017,186661,10038,9906,702,10608,110
2021-04-30,Fresno,019,978130,101809,101263,8599,109862,1670
2021-04-30,Glenn,021,27897,2393,2369,542,2911,17
2021-04-30,Humboldt,023,135768,3865,3834,31,3865,36
2021-04-30,Imperial,025,180216,28307,28244,2833,31077,721
2021-04-30,Inyo,027,18085,1398,1397,11,1408,36
2021-04-30,Kern,029,883053,96619,95605,10663,106268,1298
2021-04-30,Kings,031,150075,23042,22793,1078,23871,246
2021-04-30,Lake,033,64148,3465,3440,9,3449,43
2021-04-30,Lassen,035,31185,5174,5140,105,5245,1
2021-04-30,Los Angeles,037,10098052,1200205,1192393,41382,1233775,23919
2021-04-30,Madera,039,155013,16496,16395,922,17317,235
2021-04-30,Marin,041,260295,13967,13895,248,14143,228
2021-04-30,Mariposa,043,17540,422,417,11,428,5
2021-04-30,Mendocino,045,87422,3847,3777,79,3856,46
2021-04-30,Merced,047,269075,30719,30740,981,31721,444
2021-04-30,Modoc,049,8938,369,360,122,482,3
2021-04-30,Mono,051,14174,1247,1258,17,1275,3
2021-04-30,Monterey,053,433212,42993,42810,1861,44671,379
2021-04-30,Napa,055,140530,9806,9792,36,9828,81
2021-04-30,Nevada,057,99092,4702,4608,187,4795,70
2021-04-30,Orange,059,3164182,254269,252883,11208,264091,4956
2021-04-30,Placer,061,380077,22726,22190,1426,23616,287
2021-04-30,Plumas,063,18699,690,677,10,687,4
2021-04-30,Riverside,065,2383286,292703,287030,13929,300959,4412
2021-04-30,Sacramento,067,1510023,103665,102864,1689,104553,1596
2021-04-30,San Benito,069,59416,6023,6024,113,6137,63
2021-04-30,San Bernardino,071,2135413,291969,290704,8933,299637,4640
2021-04-30,San Diego,073,3302833,277849,276157,14527,290684,3702
2021-04-30,San Francisco,075,870044,36315,36453,1272,37725,538
2021-04-30,San Joaquin,077,732212,72088,71311,3475,74786,1306
2021-04-30,San Luis Obispo,079,281455,21162,20884,718,21602,255
2021-04-30,San Mateo,081,765935,41958,41583,460,42043,380
2021-04-30,Santa Barbara,083,443738,34149,34061,1192,35253,451
2021-04-30,Santa Clara,085,1922200,117658,118170,741,118911,1988
2021-04-30,Santa Cruz,087,273765,16117,15975,812,16787,207
2021-04-30,Shasta,089,179085,11874,11848,1474,13322,197
2021-04-30,Sierra,091,2930,56,53,12,65,0
2021-04-30,Siskiyou,093,43540,1769,1628,311,1939,11
2021-04-30,Solano,095,438530,32205,32050,505,32555,249
2021-04-30,Sonoma,097,501317,29671,29816,321,30137,318
2021-04-30,Stanislaus,099,539301,55290,54938,5829,60767,774
2021-04-30,Sutter,101,95872,9379,9353,82,9435,110
2021-04-30,Tehama,103,63373,4977,4944,559,5503,53
2021-04-30,Trinity,105,12862,482,326,86,412,3
2021-04-30,Tulare,107,460477,49825,48797,8892,57689,836
2021-04-30,Tuolumne,109,53932,3969,4033,38,4071,61
2021-04-30,Ventura,111,848112,80876,80232,2962,83194,1004
2021-04-30,Yolo,113,214977,13796,13756,286,14042,208
2021-04-30,Yuba,115,75493,5906,5870,121,5991,44
2021-04-29,Alameda,001,1643700,86806,86490,1916,88406,1263
2021-04-29,Alpine,003,1148,87,88,0,88,0
2021-04-29,Amador,005,37829,3649,3649,33,3682,46
2021-04-29,Butte,007,227075,12187,11787,1766,13553,196
2021-04-29,Calaveras,009,45235,2095,2082,14,2096,50
2021-04-29,Colusa,011,21464,1929,1929,293,2222,14
2021-04-29,Contra Costa,013,1133247,68275,67606,1227,68833,795
2021-04-29,Del Norte,015,27424,1328,1271,11,1282,6
2021-04-29,El Dorado,017,186661,10018,9884,699,10583,107
2021-04-29,Fresno,019,978130,101755,101189,8588,109777,1667
2021-04-29,Glenn,021,27897,2390,2369,542,2911,17
2021-04-29,Humboldt,023,135768,3851,3815,31,3846,36
2021-04-29,Imperial,025,180216,28295,28235,2832,31067,720
2021-04-29,Inyo,027,18085,1398,1396,11,1407,36
2021-04-29,Kern,029,883053,96586,95547,10659,106206,1295
2021-04-29,Kings,031,150075,23032,22777,1073,23850,245
2021-04-29,Lake,033,64148,3457,3438,9,3447,43
2021-04-29,Lassen,035,31185,5174,5140,105,5245,1
2021-04-29,Los Angeles,037,10098052,1199927,1192068,41361,1233429,23899
2021-04-29,Madera,039,155013,16491,16383,921,17304,235
2021-04-29,Marin,041,260295,13963,13884,240,14124,228
2021-04-29,Mariposa,043,17540,421,416,11,427,5
2021-04-29,Mendocino,045,87422,3841,3774,79,3853,46
2021-04-29,Merced,047,269075,30699,30706,981,31687,444
2021-04-29,Modoc,049,8938,369,360,122,482,3
2021-04-29,Mono,051,14174,1245,1259,17,1276,3
2021-04-29,Monterey,053,433212,42976,42797,1860,44657,379
2021-04-29,Napa,055,140530,9792,9789,36,9825,81
2021-04-29,Nevada,057,99092,4691,4590,187,4777,70
2021-04-29,Orange,059,3164182,254199,252823,11193,264016,4934
2021-04-29,Placer,061,380077,22701,22161,1424,23585,286
2021-04-29,Plumas,063,18699,689,676,10,686,4
2021-04-29,Riverside,065,2383286,292635,286947,13926,300873,4409
2021-04-29,Sacramento,067,1510023,103532,102686,1679,104365,1593
2021-04-29,San Benito,069,59416,6022,6023,113,6136,63
2021-04-29,San Bernardino,071,2135413,291897,290606,8928,299534,4609
2021-04-29,San Diego,073,3302833,277699,275961,14510,290471,3700
2021-04-29,San Francisco,075,870044,36289,36412,1272,37684,537
2021-04-29,San Joaquin,077,732212,72022,71225,3470,74695,1301
2021-04-29,San Luis Obispo,079,281455,21151,20876,718,21594,255
2021-04-29,San Mateo,081,765935,41930,41538,459,41997,358
2021-04-29,Santa Barbara,083,443738,34133,34039,1190,35229,448
2021-04-29,Santa Clara,085,1922200,117603,118082,738,118820,1984
2021-04-29,Santa Cruz,087,273765,16111,15961,812,16773,205
2021-04-29,Shasta,089,179085,11843,11836,1466,13302,193
2021-04-29,Sierra,091,2930,56,53,12,65,0
2021-04-29,Siskiyou,093,43540,1760,1615,308,1923,11
2021-04-29,Solano,095,438530,32164,32002,501,32503,248
2021-04-29,Sonoma,097,501317,29656,29785,318,30103,318
2021-04-29,Stanislaus,099,539301,55223,54836,5824,60660,774
2021-04-29,Sutter,101,95872,9372,9346,82,9428,110
2021-04-29,Tehama,103,63373,4969,4939,559,5498,53
2021-04-29,Trinity,105,12862,482,326,86,412,3
2021-04-29,Tulare,107,460477,49807,48785,8880,57665,832
2021-04-29,Tuolumne,109,53932,3968,4030,38,4068,58
2021-04-29,Ventura,111,848112,80842,80188,2960,83148,1002
2021-04-29,Yolo,113,214977,13776,13745,285,14030,205
2021-04-29,Yuba,115,75493,5896,5865,121,5986,44
2021-04-28,Alameda,001,1643700,86734,86390,1912,88302,1260
2021-04-28,Alpine,003,1148,87,88,0,88,0
2021-04-28,Amador,005,37829,3649,3646,33,3679,46
2021-04-28,Butte,007,227075,12167,11762,1761,13523,196
2021-04-28,Calaveras,009,45235,2091,2078,13,2091,50
2021-04-28,Colusa,011,21464,1926,1927,292,2219,14
2021-04-28,Contra Costa,013,1133247,68215,67539,1226,68765,795
2021-04-28,Del Norte,015,27424,1320,1267,11,1278,6
2021-04-28,El Dorado,017,186661,9993,9873,699,10572,107
2021-04-28,Fresno,019,978130,101708,101161,8578,109739,1666
2021-04-28,Glenn,021,27897,2387,2368,542,2910,17
2021-04-28,Humboldt,023,135768,3835,3796,31,3827,36
2021-04-28,Imperial,025,180216,28281,28177,2830,31007,720
2021-04-28,Inyo,027,18085,1398,1396,10,1406,36
2021-04-28,Kern,029,883053,96556,95494,10650,106144,1295
2021-04-28,Kings,031,150075,23020,22767,1071,23838,245
2021-04-28,Lake,033,64148,3454,3433,9,3442,43
2021-04-28,Lassen,035,31185,5174,5138,105,5243,1
2021-04-28,Los Angeles,037,10098052,1199631,1191729,41335,1233064,23858
2021-04-28,Madera,039,155013,16487,16372,921,17293,235
2021-04-28,Marin,041,260295,13952,13866,240,14106,227
2021-04-28,Mariposa,043,17540,418,415,11,426,5
2021-04-28,Mendocino,045,87422,3835,3770,77,3847,46
2021-04-28,Merced,047,269075,30680,30649,981,31630,443
2021-04-28,Modoc,049,8938,369,360,122,482,3
2021-04-28,Mono,051,14174,1245,1258,17,1275,3
2021-04-28,Monterey,053,433212,42971,42776,1860,44636,379
2021-04-28,Napa,055,140530,9781,9777,36,9813,81
2021-04-28,Nevada,057,99092,4671,4570,187,4757,70
2021-04-28,Orange,059,3164182,254119,252747,11180,263927,4931
2021-04-28,Placer,061,380077,22674,22115,1423,23538,285
2021-04-28,Plumas,063,18699,689,676,10,686,4
2021-04-28,Riverside,065,2383286,292579,286868,13920,300788,4407
2021-04-28,Sacramento,067,1510023,103411,102613,1675,104288,1591
2021-04-28,San Benito,069,59416,6020,6021,113,6134,63
2021-04-28,San Bernardino,071,2135413,291818,290548,8918,299466,4582
2021-04-28,San Diego,073,3302833,277544,275821,14496,290317,3698
2021-04-28,San Francisco,075,870044,36259,36382,1271,37653,534
2021-04-28,San Joaquin,077,732212,71942,71171,3462,74633,1301
2021-04-28,San Luis Obispo,079,281455,21143,20851,718,21569,255
2021-04-28,San Mateo,081,765935,41905,41498,457,41955,358
2021-04-28,Santa Barbara,083,443738,34119,34003,1190,35193,448
2021-04-28,Santa Clara,085,1922200,117534,117997,736,118733,1969
2021-04-28,Santa Cruz,087,273765,16107,15943,811,16754,205
2021-04-28,Shasta,089,179085,11827,11815,1459,13274,192
2021-04-28,Sierra,091,2930,56,51,12,63,0
2021-04-28,Siskiyou,093,43540,1747,1603,305,1908,11
2021-04-28,Solano,095,438530,32132,31982,496,32478,248
2021-04-28,Sonoma,097,501317,29642,29773,314,30087,318
2021-04-28,Stanislaus,099,539301,55168,54745,5821,60566,774
2021-04-28,Sutter,101,95872,9367,9343,82,9425,110
2021-04-28,Tehama,103,63373,4964,4930,558,5488,53
2021-04-28,Trinity,105,12862,482,326,86,412,3
2021-04-28,Tulare,107,460477,49789,48754,8865,57619,832
2021-04-28,Tuolumne,109,53932,3965,4029,38,4067,58
2021-04-28,Ventura,111,848112,80807,80172,2958,83130,1000
2021-04-28,Yolo,113,214977,13761,13721,284,14005,205
2021-04-28,Yuba,115,75493,5890,5857,121,5978,44
2021-04-27,Alameda,001,1643700,86643,86301,1906,88207,1260
2021-04-27,Alpine,003,1148,87,88,0,88,0
2021-04-27,Amador,005,37829,3649,3645,33,3678,46
2021-04-27,Butte,007,227075,12142,11738,1755,13493,196
2021-04-27,Calaveras,009,45235,2090,2076,13,2089,50
2021-04-27,Colusa,011,21464,1925,1926,292,2218,14
2021-04-27,Contra Costa,013,1133247,68146,67470,1222,68692,791
2021-04-27,Del Norte,015,27424,1308,1266,11,1277,6
2021-04-27,El Dorado,017,186661,9964,9866,696,10562,106
2021-04-27,Fresno,019,978130,101643,101138,8568,109706,1663
2021-04-27,Glenn,021,27897,2387,2368,542,2910,17
2021-04-27,Humboldt,023,135768,3823,3780,31,3811,35
2021-04-27,Imperial,025,180216,28265,28149,2823,30972,720
2021-04-27,Inyo,027,18085,1398,1396,10,1406,36
2021-04-27,Kern,029,883053,96499,95466,10639,106105,1295
2021-04-27,Kings,031,150075,23005,22759,1069,23828,244
2021-04-27,Lake,033,64148,3453,3431,9,3440,43
2021-04-27,Lassen,035,31185,5174,5137,105,5242,1
2021-04-27,Los Angeles,037,10098052,1199308,1191504,41305,1232809,23825
2021-04-27,Madera,039,155013,16480,16365,921,17286,235
2021-04-27,Marin,041,260295,13930,13855,240,14095,227
2021-04-27,Mariposa,043,17540,417,413,11,424,5
2021-04-27,Mendocino,045,87422,3831,3765,77,3842,46
2021-04-27,Merced,047,269075,30640,30620,981,31601,443
2021-04-27,Modoc,049,8938,368,360,122,482,3
2021-04-27,Mono,051,14174,1245,1257,17,1274,3
2021-04-27,Monterey,053,433212,42953,42752,1857,44609,379
2021-04-27,Napa,055,140530,9774,9774,34,9808,81
2021-04-27,Nevada,057,99092,4656,4557,187,4744,70
2021-04-27,Orange,059,3164182,254050,252667,11175,263842,4925
2021-04-27,Placer,061,380077,22643,22050,1419,23469,285
2021-04-27,Plumas,063,18699,688,675,10,685,4
2021-04-27,Riverside,065,2383286,292503,286820,13916,300736,4405
2021-04-27,Sacramento,067,1510023,103282,102595,1665,104260,1589
2021-04-27,San Benito,069,59416,6015,6016,113,6129,63
2021-04-27,San Bernardino,071,2135413,291750,290461,8913,299374,4575
2021-04-27,San Diego,073,3302833,277387,275685,14476,290161,3692
2021-04-27,San Francisco,075,870044,36231,36358,1270,37628,533
2021-04-27,San Joaquin,077,732212,71889,71104,3456,74560,1301
2021-04-27,San Luis Obispo,079,281455,21136,20841,718,21559,255
2021-04-27,San Mateo,081,765935,41870,41474,456,41930,358
2021-04-27,Santa Barbara,083,443738,34096,33973,1189,35162,448
2021-04-27,Santa Clara,085,1922200,117484,117945,735,118680,1969
2021-04-27,Santa Cruz,087,273765,16100,15905,810,16715,205
2021-04-27,Shasta,089,179085,11799,11802,1452,13254,192
2021-04-27,Sierra,091,2930,56,51,12,63,0
2021-04-27,Siskiyou,093,43540,1732,1597,304,1901,11
2021-04-27,Solano,095,438530,32084,31964,495,32459,248
2021-04-27,Sonoma,097,501317,29624,29761,313,30074,318
2021-04-27,Stanislaus,099,539301,55098,54695,5813,60508,752
2021-04-27,Sutter,101,95872,9362,9342,82,9424,110
2021-04-27,Tehama,103,63373,4961,4922,554,5476,53
2021-04-27,Trinity,105,12862,482,326,86,412,3
2021-04-27,Tulare,107,460477,49773,48744,8856,57600,832
2021-04-27,Tuolumne,109,53932,3962,4028,38,4066,58
2021-04-27,Ventura,111,848112,80778,80152,2956,83108,1000
2021-04-27,Yolo,113,214977,13748,13697,282,13979,205
2021-04-27,Yuba,115,75493,5890,5853,121,5974,44
2021-04-26,Alameda,001,1643700,86550,86230,1903,88133,1256
2021-04-26,Alpine,003,1148,87,88,0,88,0
2021-04-26,Amador,005,37829,3648,3645,33,3678,46
2021-04-26,Butte,007,227075,12118,11720,1751,13471,196
2021-04-26,Calaveras,009,45235,2085,2074,13,2087,50
2021-04-26,Colusa,011,21464,1925,1925,291,2216,14
2021-04-26,Contra Costa,013,1133247,68078,67392,1218,68610,789
2021-04-26,Del Norte,015,27424,1299,1263,11,1274,6
2021-04-26,El Dorado,017,186661,9943,9849,695,10544,106
2021-04-26,Fresno,019,978130,101588,101099,8554,109653,1662
2021-04-26,Glenn,021,27897,2385,2367,542,2909,17
2021-04-26,Humboldt,023,135768,3813,3764,30,3794,35
2021-04-26,Imperial,025,180216,28252,28148,2818,30966,720
2021-04-26,Inyo,027,18085,1397,1396,10,1406,36
2021-04-26,Kern,029,883053,96472,95429,10633,106062,1295
2021-04-26,Kings,031,150075,23002,22756,1066,23822,244
2021-04-26,Lake,033,64148,3448,3428,9,3437,43
2021-04-26,Lassen,035,31185,5174,5138,105,5243,1
2021-04-26,Los Angeles,037,10098052,1198981,1191253,41286,1232539,23802
2021-04-26,Madera,039,155013,16468,16353,920,17273,231
2021-04-26,Marin,041,260295,13915,13849,240,14089,227
2021-04-26,Mariposa,043,17540,416,410,11,421,5
2021-04-26,Mendocino,045,87422,3829,3757,76,3833,46
2021-04-26,Merced,047,269075,30623,30611,978,31589,443
2021-04-26,Modoc,049,8938,368,360,122,482,3
2021-04-26,Mono,051,14174,1245,1258,17,1275,3
2021-04-26,Monterey,053,433212,42937,42740,1856,44596,379
2021-04-26,Napa,055,140530,9762,9769,34,9803,79
2021-04-26,Nevada,057,99092,4635,4548,187,4735,70
2021-04-26,Orange,059,3164182,253966,252592,11164,263756,4919
2021-04-26,Placer,061,380077,22614,22032,1414,23446,285
2021-04-26,Plumas,063,18699,688,670,10,680,4
2021-04-26,Riverside,065,2383286,292441,286724,13908,300632,4401
2021-04-26,Sacramento,067,1510023,103110,102459,1652,104111,1587
2021-04-26,San Benito,069,59416,6013,6013,113,6126,63
2021-04-26,San Bernardino,071,2135413,291699,290394,8912,299306,4572
2021-04-26,San Diego,073,3302833,277213,275541,14448,289989,3692
2021-04-26,San Francisco,075,870044,36203,36330,1269,37599,532
2021-04-26,San Joaquin,077,732212,71823,71050,3448,74498,1301
2021-04-26,San Luis Obispo,079,281455,21128,20830,717,21547,255
2021-04-26,San Mateo,081,765935,41840,41457,456,41913,357
2021-04-26,Santa Barbara,083,443738,34065,33948,1189,35137,448
2021-04-26,Santa Clara,085,1922200,117384,117874,732,118606,1968
2021-04-26,Santa Cruz,087,273765,16091,15877,810,16687,205
2021-04-26,Shasta,089,179085,11782,11787,1446,13233,192
2021-04-26,Sierra,091,2930,55,51,12,63,0
2021-04-26,Siskiyou,093,43540,1722,1592,301,1893,11
2021-04-26,Solano,095,438530,32039,31913,493,32406,247
2021-04-26,Sonoma,097,501317,29601,29755,311,30066,318
2021-04-26,Stanislaus,099,539301,55008,54638,5807,60445,744
2021-04-26,Sutter,101,95872,9357,9328,82,9410,110
2021-04-26,Tehama,103,63373,4956,4920,551,5471,53
2021-04-26,Trinity,105,12862,482,326,86,412,3
2021-04-26,Tulare,107,460477,49753,48735,8847,57582,831
2021-04-26,Tuolumne,109,53932,3961,4024,38,4062,58
2021-04-26,Ventura,111,848112,80753,80137,2953,83090,999
2021-04-26,Yolo,113,214977,13728,13684,279,13963,205
2021-04-26,Yuba,115,75493,5888,5851,121,5972,44
2021-04-25,Alameda,001,1643700,86446,86162,1896,88058,1256
2021-04-25,Alpine,003,1148,87,87,0,87,0
2021-04-25,Amador,005,37829,3647,3643,33,3676,46
2021-04-25,Butte,007,227075,12089,11709,1744,13453,196
2021-04-25,Calaveras,009,45235,2079,2072,12,2084,50
2021-04-25,Colusa,011,21464,1924,1924,291,2215,14
2021-04-25,Contra Costa,013,1133247,67985,67316,1217,68533,789
2021-04-25,Del Norte,015,27424,1293,1259,11,1270,6
2021-04-25,El Dorado,017,186661,9927,9837,693,10530,106
2021-04-25,Fresno,019,978130,101529,101061,8542,109603,1662
2021-04-25,Glenn,021,27897,2385,2366,542,2908,17
2021-04-25,Humboldt,023,135768,3800,3751,30,3781,35
2021-04-25,Imperial,025,180216,28226,28136,2815,30951,720
2021-04-25,Inyo,027,18085,1397,1396,10,1406,36
2021-04-25,Kern,029,883053,96406,95398,10620,106018,1295
2021-04-25,Kings,031,150075,22988,22755,1064,23819,244
2021-04-25,Lake,033,64148,3446,3427,9,3436,43
2021-04-25,Lassen,035,31185,5172,5138,105,5243,1
2021-04-25,Los Angeles,037,10098052,1198647,1190970,41266,1232236,23799
2021-04-25,Madera,039,155013,16456,16346,920,17266,231
2021-04-25,Marin,041,260295,13906,13852,240,14092,227
2021-04-25,Mariposa,043,17540,416,410,11,421,5
2021-04-25,Mendocino,045,87422,3822,3757,76,3833,46
2021-04-25,Merced,047,269075,30588,30586,978,31564,443
2021-04-25,Modoc,049,8938,368,360,122,482,3
2021-04-25,Mono,051,14174,1245,1257,17,1274,3
2021-04-25,Monterey,053,433212,42924,42737,1854,44591,379
2021-04-25,Napa,055,140530,9757,9762,34,9796,79
2021-04-25,Nevada,057,99092,4623,4536,187,4723,70
2021-04-25,Orange,059,3164182,253890,252531,11157,263688,4919
2021-04-25,Placer,061,380077,22567,22011,1406,23417,285
2021-04-25,Plumas,063,18699,687,670,10,680,4
2021-04-25,Riverside,065,2383286,292347,286651,13902,300553,4401
2021-04-25,Sacramento,067,1510023,102942,102319,1642,103961,1587
2021-04-25,San Benito,069,59416,6011,6014,112,6126,63
2021-04-25,San Bernardino,071,2135413,291624,290357,8904,299261,4571
2021-04-25,San Diego,073,3302833,277000,275412,14415,289827,3692
2021-04-25,San Francisco,075,870044,36172,36310,1269,37579,532
2021-04-25,San Joaquin,077,732212,71728,70987,3438,74425,1301
2021-04-25,San Luis Obispo,079,281455,21109,20820,715,21535,255
2021-04-25,San Mateo,081,765935,41805,41465,455,41920,356
2021-04-25,Santa Barbara,083,443738,34039,33931,1189,35120,448
2021-04-25,Santa Clara,085,1922200,117305,117778,730,118508,1968
2021-04-25,Santa Cruz,087,273765,16085,15868,808,16676,205
2021-04-25,Shasta,089,179085,11759,11784,1441,13225,192
2021-04-25,Sierra,091,2930,55,51,12,63,0
2021-04-25,Siskiyou,093,43540,1711,1580,299,1879,11
2021-04-25,Solano,095,438530,31992,31864,485,32349,247
2021-04-25,Sonoma,097,501317,29583,29756,311,30067,318
2021-04-25,Stanislaus,099,539301,54912,54543,5799,60342,744
2021-04-25,Sutter,101,95872,9351,9326,82,9408,110
2021-04-25,Tehama,103,63373,4952,4916,549,5465,53
2021-04-25,Trinity,105,12862,482,326,86,412,3
2021-04-25,Tulare,107,460477,49737,48728,8833,57561,831
2021-04-25,Tuolumne,109,53932,3959,4022,38,4060,58
2021-04-25,Ventura,111,848112,80729,80110,2953,83063,999
2021-04-25,Yolo,113,214977,13705,13667,277,13944,205
2021-04-25,Yuba,115,75493,5885,5849,120,5969,44
2021-04-24,Alameda,001,1643700,86392,86016,1894,87910,1257
2021-04-24,Alpine,003,1148,87,86,0,86,0
2021-04-24,Amador,005,37829,3646,3640,33,3673,46
2021-04-24,Butte,007,227075,12073,11678,1742,13420,196
2021-04-24,Calaveras,009,45235,2075,2067,12,2079,50
2021-04-24,Colusa,011,21464,1923,1921,291,2212,14
2021-04-24,Contra Costa,013,1133247,67915,67222,1215,68437,789
2021-04-24,Del Norte,015,27424,1288,1255,11,1266,6
2021-04-24,El Dorado,017,186661,9916,9814,692,10506,106
2021-04-24,Fresno,019,978130,101498,100991,8536,109527,1662
2021-04-24,Glenn,021,27897,2385,2363,542,2905,17
2021-04-24,Humboldt,023,135768,3786,3722,30,3752,35
2021-04-24,Imperial,025,180216,28219,28124,2814,30938,720
2021-04-24,Inyo,027,18085,1396,1396,10,1406,36
2021-04-24,Kern,029,883053,96387,95365,10610,105975,1295
2021-04-24,Kings,031,150075,22985,22749,1064,23813,244
2021-04-24,Lake,033,64148,3445,3426,9,3435,43
2021-04-24,Lassen,035,31185,5171,5137,105,5242,1
2021-04-24,Los Angeles,037,10098052,1198420,1190603,41250,1231853,23802
2021-04-24,Madera,039,155013,16453,16338,920,17258,231
2021-04-24,Marin,041,260295,13898,13847,240,14087,227
2021-04-24,Mariposa,043,17540,416,409,11,420,5
2021-04-24,Mendocino,045,87422,3820,3754,74,3828,46
2021-04-24,Merced,047,269075,30568,30559,978,31537,443
2021-04-24,Modoc,049,8938,368,360,122,482,3
2021-04-24,Mono,051,14174,1245,1256,17,1273,3
2021-04-24,Monterey,053,433212,42912,42727,1853,44580,379
2021-04-24,Napa,055,140530,9751,9756,34,9790,79
2021-04-24,Nevada,057,99092,4616,4522,187,4709,70
2021-04-24,Orange,059,3164182,253846,252441,11151,263592,4910
2021-04-24,Placer,061,380077,22555,21983,1405,23388,285
2021-04-24,Plumas,063,18699,686,670,10,680,4
2021-04-24,Riverside,065,2383286,292279,286552,13898,300450,4400
2021-04-24,Sacramento,067,1510023,102859,102179,1635,103814,1587
2021-04-24,San Benito,069,59416,6009,6007,112,6119,63
2021-04-24,San Bernardino,071,2135413,291575,290264,8903,299167,4568
2021-04-24,San Diego,073,3302833,276896,275252,14395,289647,3688
2021-04-24,San Francisco,075,870044,36143,36285,1265,37550,532
2021-04-24,San Joaquin,077,732212,71684,70911,3435,74346,1301
2021-04-24,San Luis Obispo,079,281455,21099,20797,714,21511,255
2021-04-24,San Mateo,081,765935,41792,41424,453,41877,355
2021-04-24,Santa Barbara,083,443738,34024,33911,1188,35099,448
2021-04-24,Santa Clara,085,1922200,117250,117674,728,118402,1968
2021-04-24,Santa Cruz,087,273765,16077,15840,808,16648,205
2021-04-24,Shasta,089,179085,11741,11770,1438,13208,192
2021-04-24,Sierra,091,2930,55,51,12,63,0
2021-04-24,Siskiyou,093,43540,1701,1574,298,1872,11
2021-04-24,Solano,095,438530,31969,31821,482,32303,247
2021-04-24,Sonoma,097,501317,29581,29739,311,30050,318
2021-04-24,Stanislaus,099,539301,54863,54455,5796,60251,744
2021-04-24,Sutter,101,95872,9348,9316,82,9398,110
2021-04-24,Tehama,103,63373,4947,4907,549,5456,53
2021-04-24,Trinity,105,12862,482,326,86,412,3
2021-04-24,Tulare,107,460477,49726,48705,8823,57528,830
2021-04-24,Tuolumne,109,53932,3955,4020,38,4058,58
2021-04-24,Ventura,111,848112,80716,80097,2951,83048,999
2021-04-24,Yolo,113,214977,13694,13653,277,13930,205
2021-04-24,Yuba,115,75493,5883,5837,120,5957,44
2021-04-23,Alameda,001,1643700,86318,85935,1891,87826,1256
2021-04-23,Alpine,003,1148,86,86,0,86,0
2021-04-23,Amador,005,37829,3645,3637,33,3670,46
2021-04-23,Butte,007,227075,12052,11672,1737,13409,196
2021-04-23,Calaveras,009,45235,2073,2064,12,2076,50
2021-04-23,Colusa,011,21464,1922,1921,291,2212,14
2021-04-23,Contra Costa,013,1133247,67860,67164,1213,68377,785
2021-04-23,Del Norte,015,27424,1287,1254,11,1265,6
2021-04-23,El Dorado,017,186661,9899,9788,689,10477,106
2021-04-23,Fresno,019,978130,101457,100928,8530,109458,1662
2021-04-23,Glenn,021,27897,2385,2361,541,2902,17
2021-04-23,Humboldt,023,135768,3776,3698,30,3728,35
2021-04-23,Imperial,025,180216,28204,28108,2812,30920,720
2021-04-23,Inyo,027,18085,1396,1395,10,1405,36
2021-04-23,Kern,029,883053,96362,95330,10604,105934,1295
2021-04-23,Kings,031,150075,22982,22735,1064,23799,244
2021-04-23,Lake,033,64148,3443,3425,9,3434,43
2021-04-23,Lassen,035,31185,5171,5141,105,5246,1
2021-04-23,Los Angeles,037,10098052,1198156,1190264,41224,1231488,23785
2021-04-23,Madera,039,155013,16444,16328,920,17248,231
2021-04-23,Marin,041,260295,13893,13838,240,14078,227
2021-04-23,Mariposa,043,17540,415,405,11,416,5
2021-04-23,Mendocino,045,87422,3818,3745,73,3818,46
2021-04-23,Merced,047,269075,30550,30530,978,31508,443
2021-04-23,Modoc,049,8938,368,360,122,482,3
2021-04-23,Mono,051,14174,1243,1256,17,1273,3
2021-04-23,Monterey,053,433212,42906,42722,1853,44575,377
2021-04-23,Napa,055,140530,9746,9752,34,9786,79
2021-04-23,Nevada,057,99092,4607,4510,187,4697,70
2021-04-23,Orange,059,3164182,253802,252399,11144,263543,4904
2021-04-23,Placer,061,380077,22532,21959,1404,23363,282
2021-04-23,Plumas,063,18699,685,670,10,680,4
2021-04-23,Riverside,065,2383286,292220,286456,13893,300349,4399
2021-04-23,Sacramento,067,1510023,102772,102041,1632,103673,1586
2021-04-23,San Benito,069,59416,6007,6005,112,6117,63
2021-04-23,San Bernardino,071,2135413,291524,290189,8902,299091,4568
2021-04-23,San Diego,073,3302833,276758,275097,14372,289469,3684
2021-04-23,San Francisco,075,870044,36126,36252,1264,37516,532
2021-04-23,San Joaquin,077,732212,71628,70840,3432,74272,1295
2021-04-23,San Luis Obispo,079,281455,21090,20781,713,21494,255
2021-04-23,San Mateo,081,765935,41765,41386,453,41839,355
2021-04-23,Santa Barbara,083,443738,34014,33895,1186,35081,447
2021-04-23,Santa Clara,085,1922200,117188,117593,727,118320,1965
2021-04-23,Santa Cruz,087,273765,16070,15802,808,16610,205
2021-04-23,Shasta,089,179085,11734,11759,1437,13196,192
2021-04-23,Sierra,091,2930,55,51,12,63,0
2021-04-23,Siskiyou,093,43540,1689,1567,297,1864,11
2021-04-23,Solano,095,438530,31937,31784,478,32262,247
2021-04-23,Sonoma,097,501317,29567,29727,311,30038,318
2021-04-23,Stanislaus,099,539301,54800,54391,5788,60179,744
2021-04-23,Sutter,101,95872,9346,9312,82,9394,110
2021-04-23,Tehama,103,63373,4944,4906,549,5455,53
2021-04-23,Trinity,105,12862,482,326,86,412,3
2021-04-23,Tulare,107,460477,49709,48694,8815,57509,829
2021-04-23,Tuolumne,109,53932,3954,4020,38,4058,58
2021-04-23,Ventura,111,848112,80697,80095,2951,83046,996
2021-04-23,Yolo,113,214977,13683,13647,276,13923,205
2021-04-23,Yuba,115,75493,5880,5828,120,5948,44
2021-04-22,Alameda,001,1643700,86228,85829,1890,87719,1253
2021-04-22,Alpine,003,1148,86,86,0,86,0
2021-04-22,Amador,005,37829,3644,3633,33,3666,46
2021-04-22,Butte,007,227075,12038,11656,1734,13390,196
2021-04-22,Calaveras,009,45235,2072,2059,12,2071,50
2021-04-22,Colusa,011,21464,1920,1920,289,2209,14
2021-04-22,Contra Costa,013,1133247,67788,67029,1208,68237,782
2021-04-22,Del Norte,015,27424,1282,1252,11,1263,6
2021-04-22,El Dorado,017,186661,9888,9773,686,10459,106
2021-04-22,Fresno,019,978130,101412,100864,8519,109383,1657
2021-04-22,Glenn,021,27897,2384,2361,541,2902,17
2021-04-22,Humboldt,023,135768,3767,3680,30,3710,35
2021-04-22,Imperial,025,180216,28183,28096,2809,30905,720
2021-04-22,Inyo,027,18085,1395,1394,10,1404,36
2021-04-22,Kern,029,883053,96319,95292,10588,105880,1299
2021-04-22,Kings,031,150075,22972,22725,1064,23789,243
2021-04-22,Lake,033,64148,3441,3423,9,3432,43
2021-04-22,Lassen,035,31185,5171,5155,105,5260,1
2021-04-22,Los Angeles,037,10098052,1197836,1189878,41202,1231080,23762
2021-04-22,Madera,039,155013,16425,16316,920,17236,231
2021-04-22,Marin,041,260295,13885,13832,240,14072,227
2021-04-22,Mariposa,043,17540,414,403,11,414,5
2021-04-22,Mendocino,045,87422,3812,3729,73,3802,46
2021-04-22,Merced,047,269075,30515,30490,977,31467,443
2021-04-22,Modoc,049,8938,368,360,122,482,3
2021-04-22,Mono,051,14174,1243,1254,17,1271,3
2021-04-22,Monterey,053,433212,42899,42708,1851,44559,377
2021-04-22,Napa,055,140530,9736,9734,34,9768,79
2021-04-22,Nevada,057,99092,4598,4504,185,4689,70
2021-04-22,Orange,059,3164182,253729,252307,11132,263439,4898
2021-04-22,Placer,061,380077,22502,21916,1400,23316,282
2021-04-22,Plumas,063,18699,684,670,10,680,4
2021-04-22,Riverside,065,2383286,292121,286362,13884,300246,4398
2021-04-22,Sacramento,067,1510023,102623,101870,1623,103493,1585
2021-04-22,San Benito,069,59416,6003,5998,112,6110,63
2021-04-22,San Bernardino,071,2135413,291453,290125,8893,299018,4571
2021-04-22,San Diego,073,3302833,276592,275913,14350,290263,3684
2021-04-22,San Francisco,075,870044,36104,36218,1261,37479,532
2021-04-22,San Joaquin,077,732212,71569,70751,3425,74176,1295
2021-04-22,San Luis Obispo,079,281455,21076,20761,713,21474,255
2021-04-22,San Mateo,081,765935,41738,41345,451,41796,355
2021-04-22,Santa Barbara,083,443738,33991,33870,1185,35055,446
2021-04-22,Santa Clara,085,1922200,117100,117457,723,118180,1954
2021-04-22,Santa Cruz,087,273765,16067,15737,807,16544,205
2021-04-22,Shasta,089,179085,11719,11738,1434,13172,192
2021-04-22,Sierra,091,2930,55,51,12,63,0
2021-04-22,Siskiyou,093,43540,1685,1564,296,1860,11
2021-04-22,Solano,095,438530,31891,31731,475,32206,247
2021-04-22,Sonoma,097,501317,29552,29705,307,30012,318
2021-04-22,Stanislaus,099,539301,54727,54313,5782,60095,744
2021-04-22,Sutter,101,95872,9342,9302,82,9384,110
2021-04-22,Tehama,103,63373,4938,4896,545,5441,53
2021-04-22,Trinity,105,12862,482,326,86,412,3
2021-04-22,Tulare,107,460477,49689,48669,8806,57475,828
2021-04-22,Tuolumne,109,53932,3950,4020,38,4058,58
2021-04-22,Ventura,111,848112,80671,80073,2949,83022,996
2021-04-22,Yolo,113,214977,13662,13616,276,13892,205
2021-04-22,Yuba,115,75493,5870,5825,120,5945,44
2021-04-21,Alameda,001,1643700,86149,85762,1888,87650,1249
2021-04-21,Alpine,003,1148,86,86,0,86,0
2021-04-21,Amador,005,37829,3641,3632,33,3665,46
2021-04-21,Butte,007,227075,12018,11643,1732,13375,196
2021-04-21,Calaveras,009,45235,2065,2057,12,2069,50
2021-04-21,Colusa,011,21464,1918,1920,288,2208,14
2021-04-21,Contra Costa,013,1133247,67722,66981,1207,68188,782
2021-04-21,Del Norte,015,27424,1278,1252,11,1263,6
2021-04-21,El Dorado,017,186661,9871,9760,684,10444,106
2021-04-21,Fresno,019,978130,101356,100838,8512,109350,1654
2021-04-21,Glenn,021,27897,2383,2361,541,2902,17
2021-04-21,Humboldt,023,135768,3748,3642,30,3672,35
2021-04-21,Imperial,025,180216,28171,28052,2807,30859,719
2021-04-21,Inyo,027,18085,1395,1392,10,1402,36
2021-04-21,Kern,029,883053,96273,95257,10578,105835,1297
2021-04-21,Kings,031,150075,22965,22713,1063,23776,243
2021-04-21,Lake,033,64148,3438,3421,9,3430,43
2021-04-21,Lassen,035,31185,5170,5156,105,5261,1
2021-04-21,Los Angeles,037,10098052,1197498,1189530,41181,1230711,23729
2021-04-21,Madera,039,155013,16420,16309,920,17229,231
2021-04-21,Marin,041,260295,13870,13822,240,14062,227
2021-04-21,Mariposa,043,17540,413,402,11,413,5
2021-04-21,Mendocino,045,87422,3810,3729,73,3802,46
2021-04-21,Merced,047,269075,30494,30471,976,31447,442
2021-04-21,Modoc,049,8938,368,360,122,482,3
2021-04-21,Mono,051,14174,1243,1254,17,1271,3
2021-04-21,Monterey,053,433212,42884,42699,1849,44548,377
2021-04-21,Napa,055,140530,9730,9727,34,9761,79
2021-04-21,Nevada,057,99092,4584,4499,185,4684,70
2021-04-21,Orange,059,3164182,253653,252243,11119,263362,4889
2021-04-21,Placer,061,380077,22471,21896,1395,23291,282
2021-04-21,Plumas,063,18699,684,670,10,680,4
2021-04-21,Riverside,065,2383286,292027,286299,13877,300176,4388
2021-04-21,Sacramento,067,1510023,102494,101803,1617,103420,1579
2021-04-21,San Benito,069,59416,6000,5998,112,6110,63
2021-04-21,San Bernardino,071,2135413,291378,290049,8891,298940,4572
2021-04-21,San Diego,073,3302833,276383,275632,14312,289944,3681
2021-04-21,San Francisco,075,870044,36084,36194,1260,37454,529
2021-04-21,San Joaquin,077,732212,71514,70687,3415,74102,1295
2021-04-21,San Luis Obispo,079,281455,21061,20724,712,21436,255
2021-04-21,San Mateo,081,765935,41706,41318,450,41768,355
2021-04-21,Santa Barbara,083,443738,33972,33830,1184,35014,445
2021-04-21,Santa Clara,085,1922200,117022,117318,717,118035,1946
2021-04-21,Santa Cruz,087,273765,16058,15698,807,16505,204
2021-04-21,Shasta,089,179085,11700,11722,1432,13154,192
2021-04-21,Sierra,091,2930,55,51,12,63,0
2021-04-21,Siskiyou,093,43540,1678,1557,296,1853,11
2021-04-21,Solano,095,438530,31852,31712,474,32186,244
2021-04-21,Sonoma,097,501317,29540,29697,305,30002,318
2021-04-21,Stanislaus,099,539301,54666,54290,5776,60066,742
2021-04-21,Sutter,101,95872,9334,9297,82,9379,110
2021-04-21,Tehama,103,63373,4931,4893,544,5437,53
2021-04-21,Trinity,105,12862,482,326,86,412,3
2021-04-21,Tulare,107,460477,49674,48653,8793,57446,828
2021-04-21,Tuolumne,109,53932,3947,4019,38,4057,58
2021-04-21,Ventura,111,848112,80639,80039,2946,82985,996
2021-04-21,Yolo,113,214977,13642,13606,275,13881,200
2021-04-21,Yuba,115,75493,5863,5822,119,5941,44
2021-04-20,Alameda,001,1643700,86054,85652,1886,87538,1248
2021-04-20,Alpine,003,1148,85,85,0,85,0
2021-04-20,Amador,005,37829,3640,3631,33,3664,46
2021-04-20,Butte,007,227075,11999,11619,1730,13349,196
2021-04-20,Calaveras,009,45235,2064,2053,12,2065,50
2021-04-20,Colusa,011,21464,1918,1915,287,2202,14
2021-04-20,Contra Costa,013,1133247,67638,66889,1204,68093,782
2021-04-20,Del Norte,015,27424,1277,1250,11,1261,6
2021-04-20,El Dorado,017,186661,9843,9743,682,10425,106
2021-04-20,Fresno,019,978130,101298,100768,8502,109270,1650
2021-04-20,Glenn,021,27897,2381,2359,540,2899,17
2021-04-20,Humboldt,023,135768,3730,3612,30,3642,35
2021-04-20,Imperial,025,180216,28152,28024,2802,30826,719
2021-04-20,Inyo,027,18085,1395,1393,10,1403,36
2021-04-20,Kern,029,883053,96237,95223,10561,105784,1295
2021-04-20,Kings,031,150075,22959,22693,1060,23753,243
2021-04-20,Lake,033,64148,3436,3418,9,3427,43
2021-04-20,Lassen,035,31185,5170,5155,105,5260,1
2021-04-20,Los Angeles,037,10098052,1197151,1189256,41152,1230408,23694
2021-04-20,Madera,039,155013,16414,16301,920,17221,231
2021-04-20,Marin,041,260295,13856,13807,240,14047,227
2021-04-20,Mariposa,043,17540,412,402,11,413,5
2021-04-20,Mendocino,045,87422,3809,3726,73,3799,46
2021-04-20,Merced,047,269075,30466,30439,976,31415,441
2021-04-20,Modoc,049,8938,368,359,122,481,3
2021-04-20,Mono,051,14174,1242,1254,17,1271,3
2021-04-20,Monterey,053,433212,42873,42663,1846,44509,363
2021-04-20,Napa,055,140530,9726,9711,34,9745,79
2021-04-20,Nevada,057,99092,4566,4485,185,4670,70
2021-04-20,Orange,059,3164182,253563,252134,11107,263241,4887
2021-04-20,Placer,061,380077,22437,21846,1391,23237,282
2021-04-20,Plumas,063,18699,683,670,10,680,4
2021-04-20,Riverside,065,2383286,291930,286194,13872,300066,4388
2021-04-20,Sacramento,067,1510023,102356,101629,1609,103238,1574
2021-04-20,San Benito,069,59416,5997,5988,112,6100,63
2021-04-20,San Bernardino,071,2135413,291298,289905,8889,298794,4569
2021-04-20,San Diego,073,3302833,276152,275369,14279,289648,3674
2021-04-20,San Francisco,075,870044,36065,36117,1259,37376,529
2021-04-20,San Joaquin,077,732212,71441,70590,3406,73996,1289
2021-04-20,San Luis Obispo,079,281455,21038,20691,704,21395,254
2021-04-20,San Mateo,081,765935,41675,41251,450,41701,355
2021-04-20,Santa Barbara,083,443738,33953,33803,1184,34987,445
2021-04-20,Santa Clara,085,1922200,116924,117228,713,117941,1944
2021-04-20,Santa Cruz,087,273765,16046,15647,807,16454,204
2021-04-20,Shasta,089,179085,11684,11677,1429,13106,189
2021-04-20,Sierra,091,2930,55,51,12,63,0
2021-04-20,Siskiyou,093,43540,1670,1551,295,1846,10
2021-04-20,Solano,095,438530,31797,31673,470,32143,243
2021-04-20,Sonoma,097,501317,29531,29676,303,29979,311
2021-04-20,Stanislaus,099,539301,54601,54236,5763,59999,735
2021-04-20,Sutter,101,95872,9330,9279,82,9361,109
2021-04-20,Tehama,103,63373,4926,4887,543,5430,52
2021-04-20,Trinity,105,12862,482,326,86,412,3
2021-04-20,Tulare,107,460477,49651,48650,8785,57435,831
2021-04-20,Tuolumne,109,53932,3947,4014,38,4052,58
2021-04-20,Ventura,111,848112,80611,80018,2944,82962,995
2021-04-20,Yolo,113,214977,13622,13581,274,13855,200
2021-04-20,Yuba,115,75493,5853,5814,119,5933,44
2021-04-19,Alameda,001,1643700,85934,85583,1883,87466,1247
2021-04-19,Alpine,003,1148,85,85,0,85,0
2021-04-19,Amador,005,37829,3639,3629,33,3662,46
2021-04-19,Butte,007,227075,11980,11601,1725,13326,196
2021-04-19,Calaveras,009,45235,2062,2050,12,2062,50
2021-04-19,Colusa,011,21464,1918,1913,286,2199,14
2021-04-19,Contra Costa,013,1133247,67560,66833,1202,68035,782
2021-04-19,Del Norte,015,27424,1275,1247,11,1258,6
2021-04-19,El Dorado,017,186661,9827,9726,677,10403,106
2021-04-19,Fresno,019,978130,101230,100702,8490,109192,1646
2021-04-19,Glenn,021,27897,2381,2358,539,2897,17
2021-04-19,Humboldt,023,135768,3710,3602,28,3630,35
2021-04-19,Imperial,025,180216,28131,27995,2801,30796,719
2021-04-19,Inyo,027,18085,1395,1392,10,1402,36
2021-04-19,Kern,029,883053,96207,95162,10546,105708,1290
2021-04-19,Kings,031,150075,22943,22688,1060,23748,243
2021-04-19,Lake,033,64148,3435,3416,9,3425,43
2021-04-19,Lassen,035,31185,5169,5156,105,5261,1
2021-04-19,Los Angeles,037,10098052,1196774,1188945,41127,1230072,23666
2021-04-19,Madera,039,155013,16403,16289,919,17208,231
2021-04-19,Marin,041,260295,13845,13804,239,14043,226
2021-04-19,Mariposa,043,17540,411,401,11,412,5
2021-04-19,Mendocino,045,87422,3807,3722,73,3795,46
2021-04-19,Merced,047,269075,30437,30422,975,31397,441
2021-04-19,Modoc,049,8938,368,359,122,481,3
2021-04-19,Mono,051,14174,1241,1254,17,1271,3
2021-04-19,Monterey,053,433212,42860,42642,1841,44483,356
2021-04-19,Napa,055,140530,9718,9680,34,9714,79
2021-04-19,Nevada,057,99092,4550,4477,185,4662,70
2021-04-19,Orange,059,3164182,253445,252013,11093,263106,4883
2021-04-19,Placer,061,380077,22414,21814,1387,23201,282
2021-04-19,Plumas,063,18699,683,665,10,675,4
2021-04-19,Riverside,065,2383286,291834,286087,13862,299949,4371
2021-04-19,Sacramento,067,1510023,102221,101482,1599,103081,1572
2021-04-19,San Benito,069,59416,5989,5989,112,6101,63
2021-04-19,San Bernardino,071,2135413,291212,289738,8883,298621,4561
2021-04-19,San Diego,073,3302833,275904,275113,14246,289359,3674
2021-04-19,San Francisco,075,870044,36030,36094,1256,37350,529
2021-04-19,San Joaquin,077,732212,71362,70514,3399,73913,1289
2021-04-19,San Luis Obispo,079,281455,21012,20669,698,21367,254
2021-04-19,San Mateo,081,765935,41642,41226,449,41675,355
2021-04-19,Santa Barbara,083,443738,33939,33786,1184,34970,446
2021-04-19,Santa Clara,085,1922200,116813,117099,709,117808,1944
2021-04-19,Santa Cruz,087,273765,16034,15600,807,16407,204
2021-04-19,Shasta,089,179085,11669,11662,1421,13083,189
2021-04-19,Sierra,091,2930,55,51,12,63,0
2021-04-19,Siskiyou,093,43540,1660,1544,295,1839,10
2021-04-19,Solano,095,438530,31758,31643,465,32108,239
2021-04-19,Sonoma,097,501317,29512,29667,303,29970,311
2021-04-19,Stanislaus,099,539301,54525,54179,5759,59938,728
2021-04-19,Sutter,101,95872,9319,9269,82,9351,109
2021-04-19,Tehama,103,63373,4920,4878,543,5421,52
2021-04-19,Trinity,105,12862,482,326,85,411,3
2021-04-19,Tulare,107,460477,49635,48630,8772,57402,831
2021-04-19,Tuolumne,109,53932,3946,4010,38,4048,58
2021-04-19,Ventura,111,848112,80585,80000,2942,82942,996
2021-04-19,Yolo,113,214977,13610,13572,271,13843,200
2021-04-19,Yuba,115,75493,5846,5804,118,5922,44
2021-04-18,Alameda,001,1643700,85820,85481,1875,87356,1247
2021-04-18,Alpine,003,1148,85,85,0,85,0
2021-04-18,Amador,005,37829,3636,3627,33,3660,46
2021-04-18,Butte,007,227075,11962,11591,1720,13311,196
2021-04-18,Calaveras,009,45235,2054,2047,12,2059,50
2021-04-18,Colusa,011,21464,1914,1912,285,2197,14
2021-04-18,Contra Costa,013,1133247,67457,66750,1198,67948,782
2021-04-18,Del Norte,015,27424,1275,1240,11,1251,6
2021-04-18,El Dorado,017,186661,9804,9710,675,10385,106
2021-04-18,Fresno,019,978130,101172,100621,8484,109105,1646
2021-04-18,Glenn,021,27897,2376,2358,539,2897,17
2021-04-18,Humboldt,023,135768,3682,3590,28,3618,35
2021-04-18,Imperial,025,180216,28116,27991,2793,30784,719
2021-04-18,Inyo,027,18085,1394,1392,10,1402,36
2021-04-18,Kern,029,883053,96171,95129,10530,105659,1290
2021-04-18,Kings,031,150075,22934,22685,1060,23745,243
2021-04-18,Lake,033,64148,3434,3413,9,3422,43
2021-04-18,Lassen,035,31185,5166,5156,105,5261,1
2021-04-18,Los Angeles,037,10098052,1196314,1188620,41104,1229724,23648
2021-04-18,Madera,039,155013,16392,16277,918,17195,231
2021-04-18,Marin,041,260295,13838,13801,238,14039,226
2021-04-18,Mariposa,043,17540,410,400,10,410,5
2021-04-18,Mendocino,045,87422,3804,3722,73,3795,46
2021-04-18,Merced,047,269075,30400,30405,973,31378,441
2021-04-18,Modoc,049,8938,368,359,122,481,3
2021-04-18,Mono,051,14174,1241,1254,17,1271,3
2021-04-18,Monterey,053,433212,42848,42638,1840,44478,356
2021-04-18,Napa,055,140530,9702,9674,34,9708,79
2021-04-18,Nevada,057,99092,4535,4464,185,4649,70
2021-04-18,Orange,059,3164182,253331,251940,11085,263025,4883
2021-04-18,Placer,061,380077,22370,21783,1381,23164,282
2021-04-18,Plumas,063,18699,682,665,10,675,4
2021-04-18,Riverside,065,2383286,291744,286043,13858,299901,4371
2021-04-18,Sacramento,067,1510023,102045,101354,1593,102947,1572
2021-04-18,San Benito,069,59416,5987,5989,112,6101,63
2021-04-18,San Bernardino,071,2135413,291118,289691,8874,298565,4556
2021-04-18,San Diego,073,3302833,275625,274961,14211,289172,3674
2021-04-18,San Francisco,075,870044,35993,36073,1252,37325,525
2021-04-18,San Joaquin,077,732212,71281,70466,3390,73856,1289
2021-04-18,San Luis Obispo,079,281455,20990,20656,692,21348,254
2021-04-18,San Mateo,081,765935,41613,41201,448,41649,352
2021-04-18,Santa Barbara,083,443738,33904,33769,1183,34952,446
2021-04-18,Santa Clara,085,1922200,116645,116996,703,117699,1944
2021-04-18,Santa Cruz,087,273765,16024,15580,806,16386,204
2021-04-18,Shasta,089,179085,11648,11658,1418,13076,189
2021-04-18,Sierra,091,2930,55,51,12,63,0
2021-04-18,Siskiyou,093,43540,1649,1538,293,1831,10
2021-04-18,Solano,095,438530,31708,31606,464,32070,239
2021-04-18,Sonoma,097,501317,29496,29660,301,29961,311
2021-04-18,Stanislaus,099,539301,54443,54132,5752,59884,728
2021-04-18,Sutter,101,95872,9305,9261,82,9343,109
2021-04-18,Tehama,103,63373,4911,4877,542,5419,52
2021-04-18,Trinity,105,12862,482,326,85,411,3
2021-04-18,Tulare,107,460477,49623,48618,8766,57384,829
2021-04-18,Tuolumne,109,53932,3945,4008,37,4045,58
2021-04-18,Ventura,111,848112,80555,79984,2938,82922,996
2021-04-18,Yolo,113,214977,13598,13562,269,13831,200
2021-04-18,Yuba,115,75493,5839,5804,118,5922,44
2021-04-17,Alameda,001,1643700,85747,85367,1871,87238,1247
2021-04-17,Alpine,003,1148,85,85,0,85,0
2021-04-17,Amador,005,37829,3634,3625,33,3658,46
2021-04-17,Butte,007,227075,11942,11573,1716,13289,196
2021-04-17,Calaveras,009,45235,2052,2045,12,2057,50
2021-04-17,Colusa,011,21464,1914,1912,285,2197,14
2021-04-17,Contra Costa,013,1133247,67408,66657,1190,67847,782
2021-04-17,Del Norte,015,27424,1275,1238,11,1249,6
2021-04-17,El Dorado,017,186661,9789,9692,672,10364,106
2021-04-17,Fresno,019,978130,101139,100562,8479,109041,1646
2021-04-17,Glenn,021,27897,2376,2357,539,2896,17
2021-04-17,Humboldt,023,135768,3658,3579,28,3607,35
2021-04-17,Imperial,025,180216,28105,27987,2791,30778,719
2021-04-17,Inyo,027,18085,1391,1392,10,1402,36
2021-04-17,Kern,029,883053,96153,95102,10526,105628,1290
2021-04-17,Kings,031,150075,22929,22678,1059,23737,243
2021-04-17,Lake,033,64148,3433,3409,9,3418,43
2021-04-17,Lassen,035,31185,5166,5154,105,5259,1
2021-04-17,Los Angeles,037,10098052,1196058,1188262,41071,1229333,23653
2021-04-17,Madera,039,155013,16388,16260,917,17177,231
2021-04-17,Marin,041,260295,13834,13797,238,14035,226
2021-04-17,Mariposa,043,17540,409,398,10,408,5
2021-04-17,Mendocino,045,87422,3801,3721,73,3794,46
2021-04-17,Merced,047,269075,30384,30392,972,31364,441
2021-04-17,Modoc,049,8938,368,357,122,479,3
2021-04-17,Mono,051,14174,1241,1253,17,1270,3
2021-04-17,Monterey,053,433212,42839,42630,1838,44468,356
2021-04-17,Napa,055,140530,9698,9666,34,9700,79
2021-04-17,Nevada,057,99092,4527,4457,185,4642,70
2021-04-17,Orange,059,3164182,253262,251873,11073,262946,4878
2021-04-17,Placer,061,380077,22347,21736,1376,23112,282
2021-04-17,Plumas,063,18699,681,666,10,676,4
2021-04-17,Riverside,065,2383286,291675,285963,13850,299813,4371
2021-04-17,Sacramento,067,1510023,101935,101172,1582,102754,1572
2021-04-17,San Benito,069,59416,5981,5986,112,6098,63
2021-04-17,San Bernardino,071,2135413,291063,289624,8871,298495,4555
2021-04-17,San Diego,073,3302833,275478,274812,14177,288989,3674
2021-04-17,San Francisco,075,870044,35972,36032,1249,37281,523
2021-04-17,San Joaquin,077,732212,71241,70372,3380,73752,1288
2021-04-17,San Luis Obispo,079,281455,20977,20642,689,21331,254
2021-04-17,San Mateo,081,765935,41590,41157,448,41605,352
2021-04-17,Santa Barbara,083,443738,33873,33738,1181,34919,446
2021-04-17,Santa Clara,085,1922200,116553,116887,701,117588,1944
2021-04-17,Santa Cruz,087,273765,16018,15571,806,16377,204
2021-04-17,Shasta,089,179085,11633,11647,1417,13064,189
2021-04-17,Sierra,091,2930,55,51,12,63,0
2021-04-17,Siskiyou,093,43540,1644,1539,290,1829,10
2021-04-17,Solano,095,438530,31677,31541,461,32002,239
2021-04-17,Sonoma,097,501317,29489,29637,301,29938,311
2021-04-17,Stanislaus,099,539301,54406,54058,5747,59805,728
2021-04-17,Sutter,101,95872,9299,9252,82,9334,109
2021-04-17,Tehama,103,63373,4905,4875,541,5416,52
2021-04-17,Trinity,105,12862,482,326,85,411,3
2021-04-17,Tulare,107,460477,49611,48603,8762,57365,829
2021-04-17,Tuolumne,109,53932,3943,4005,37,4042,58
2021-04-17,Ventura,111,848112,80534,79964,2938,82902,996
2021-04-17,Yolo,113,214977,13588,13580,269,13849,200
2021-04-17,Yuba,115,75493,5834,5802,117,5919,44
2021-04-16,Alameda,001,1643700,85668,85243,1869,87112,1245
2021-04-16,Alpine,003,1148,85,85,0,85,0
2021-04-16,Amador,005,37829,3629,3621,33,3654,46
2021-04-16,Butte,007,227075,11930,11549,1714,13263,196
2021-04-16,Calaveras,009,45235,2050,2042,12,2054,50
2021-04-16,Colusa,011,21464,1912,1911,285,2196,14
2021-04-16,Contra Costa,013,1133247,67354,66569,1187,67756,782
2021-04-16,Del Norte,015,27424,1274,1237,11,1248,6
2021-04-16,El Dorado,017,186661,9769,9665,668,10333,106
2021-04-16,Fresno,019,978130,101089,100500,8473,108973,1643
2021-04-16,Glenn,021,27897,2376,2355,539,2894,17
2021-04-16,Humboldt,023,135768,3637,3570,27,3597,35
2021-04-16,Imperial,025,180216,28095,27962,2790,30752,719
2021-04-16,Inyo,027,18085,1391,1392,10,1402,36
2021-04-16,Kern,029,883053,96124,95066,10523,105589,1288
2021-04-16,Kings,031,150075,22925,22667,1058,23725,243
2021-04-16,Lake,033,64148,3427,3406,9,3415,43
2021-04-16,Lassen,035,31185,5165,5155,105,5260,1
2021-04-16,Los Angeles,037,10098052,1195757,1187818,41035,1228853,23627
2021-04-16,Madera,039,155013,16382,16250,916,17166,231
2021-04-16,Marin,041,260295,13831,13788,238,14026,226
2021-04-16,Mariposa,043,17540,408,396,9,405,5
2021-04-16,Mendocino,045,87422,3799,3719,73,3792,46
2021-04-16,Merced,047,269075,30369,30355,972,31327,438
2021-04-16,Modoc,049,8938,368,355,122,477,3
2021-04-16,Mono,051,14174,1241,1253,17,1270,3
2021-04-16,Monterey,053,433212,42828,42620,1835,44455,351
2021-04-16,Napa,055,140530,9690,9653,34,9687,79
2021-04-16,Nevada,057,99092,4518,4443,185,4628,70
2021-04-16,Orange,059,3164182,253198,251770,11064,262834,4873
2021-04-16,Placer,061,380077,22320,21680,1371,23051,282
2021-04-16,Plumas,063,18699,680,665,10,675,4
2021-04-16,Riverside,065,2383286,291598,285818,13848,299666,4369
2021-04-16,Sacramento,067,1510023,101838,100993,1577,102570,1572
2021-04-16,San Benito,069,59416,5979,5982,112,6094,63
2021-04-16,San Bernardino,071,2135413,291016,289424,8870,298294,4550
2021-04-16,San Diego,073,3302833,275324,274567,14159,288726,3662
2021-04-16,San Francisco,075,870044,35946,35993,1245,37238,517
2021-04-16,San Joaquin,077,732212,71174,70280,3372,73652,1288
2021-04-16,San Luis Obispo,079,281455,20965,20623,688,21311,253
2021-04-16,San Mateo,081,765935,41561,41107,447,41554,352
2021-04-16,Santa Barbara,083,443738,33855,33703,1181,34884,446
2021-04-16,Santa Clara,085,1922200,116453,116693,698,117391,1941
2021-04-16,Santa Cruz,087,273765,16016,15539,806,16345,204
2021-04-16,Shasta,089,179085,11621,11623,1415,13038,189
2021-04-16,Sierra,091,2930,55,51,12,63,0
2021-04-16,Siskiyou,093,43540,1640,1530,288,1818,10
2021-04-16,Solano,095,438530,31638,31470,458,31928,239
2021-04-16,Sonoma,097,501317,29478,29617,301,29918,311
2021-04-16,Stanislaus,099,539301,54358,53983,5745,59728,728
2021-04-16,Sutter,101,95872,9293,9247,82,9329,109
2021-04-16,Tehama,103,63373,4904,4866,541,5407,52
2021-04-16,Trinity,105,12862,482,326,85,411,3
2021-04-16,Tulare,107,460477,49599,48583,8758,57341,830
2021-04-16,Tuolumne,109,53932,3940,4005,37,4042,58
2021-04-16,Ventura,111,848112,80509,79942,2933,82875,994
2021-04-16,Yolo,113,214977,13575,13559,267,13826,198
2021-04-16,Yuba,115,75493,5831,5795,116,5911,44
2021-04-15,Alameda,001,1643700,85561,85089,1867,86956,1246
2021-04-15,Alpine,003,1148,85,85,0,85,0
2021-04-15,Amador,005,37829,3628,3616,33,3649,46
2021-04-15,Butte,007,227075,11915,11529,1710,13239,196
2021-04-15,Calaveras,009,45235,2049,2039,12,2051,50
2021-04-15,Colusa,011,21464,1910,1909,284,2193,14
2021-04-15,Contra Costa,013,1133247,67280,66480,1183,67663,781
2021-04-15,Del Norte,015,27424,1267,1235,11,1246,6
2021-04-15,El Dorado,017,186661,9756,9639,666,10305,106
2021-04-15,Fresno,019,978130,101027,100431,8467,108898,1642
2021-04-15,Glenn,021,27897,2376,2354,539,2893,17
2021-04-15,Humboldt,023,135768,3616,3561,27,3588,35
2021-04-15,Imperial,025,180216,28067,27920,2787,30707,718
2021-04-15,Inyo,027,18085,1391,1393,10,1403,36
2021-04-15,Kern,029,883053,96091,94989,10509,105498,1289
2021-04-15,Kings,031,150075,22911,22648,1058,23706,242
2021-04-15,Lake,033,64148,3426,3399,9,3408,43
2021-04-15,Lassen,035,31185,5164,5152,105,5257,1
2021-04-15,Los Angeles,037,10098052,1195356,1187274,40999,1228273,23598
2021-04-15,Madera,039,155013,16367,16234,916,17150,231
2021-04-15,Marin,041,260295,13827,13783,237,14020,226
2021-04-15,Mariposa,043,17540,406,395,9,404,5
2021-04-15,Mendocino,045,87422,3798,3714,73,3787,46
2021-04-15,Merced,047,269075,30343,30325,971,31296,437
2021-04-15,Modoc,049,8938,368,355,122,477,3
2021-04-15,Mono,051,14174,1240,1253,17,1270,3
2021-04-15,Monterey,053,433212,42818,42604,1833,44437,347
2021-04-15,Napa,055,140530,9682,9645,34,9679,79
2021-04-15,Nevada,057,99092,4506,4434,184,4618,70
2021-04-15,Orange,059,3164182,253103,251679,11051,262730,4857
2021-04-15,Placer,061,380077,22290,21614,1364,22978,281
2021-04-15,Plumas,063,18699,678,665,10,675,4
2021-04-15,Riverside,065,2383286,291494,285698,13841,299539,4363
2021-04-15,Sacramento,067,1510023,101708,100782,1563,102345,1570
2021-04-15,San Benito,069,59416,5976,5969,111,6080,63
2021-04-15,San Bernardino,071,2135413,290927,289288,8863,298151,4544
2021-04-15,San Diego,073,3302833,275078,274250,14100,288350,3653
2021-04-15,San Francisco,075,870044,35927,35947,1243,37190,510
2021-04-15,San Joaquin,077,732212,71093,70189,3364,73553,1288
2021-04-15,San Luis Obispo,079,281455,20949,20591,685,21276,253
2021-04-15,San Mateo,081,765935,41522,41050,446,41496,352
2021-04-15,Santa Barbara,083,443738,33837,33672,1177,34849,446
2021-04-15,Santa Clara,085,1922200,116347,116602,694,117296,1927
2021-04-15,Santa Cruz,087,273765,16006,15509,806,16315,203
2021-04-15,Shasta,089,179085,11607,11597,1411,13008,191
2021-04-15,Sierra,091,2930,55,51,12,63,0
2021-04-15,Siskiyou,093,43540,1634,1524,287,1811,10
2021-04-15,Solano,095,438530,31600,31394,457,31851,239
2021-04-15,Sonoma,097,501317,29464,29587,301,29888,311
2021-04-15,Stanislaus,099,539301,54304,53918,5736,59654,728
2021-04-15,Sutter,101,95872,9286,9237,82,9319,109
2021-04-15,Tehama,103,63373,4903,4854,540,5394,52
2021-04-15,Trinity,105,12862,482,326,85,411,3
2021-04-15,Tulare,107,460477,49578,48556,8758,57314,829
2021-04-15,Tuolumne,109,53932,3940,4003,37,4040,57
2021-04-15,Ventura,111,848112,80490,79917,2931,82848,989
2021-04-15,Yolo,113,214977,13556,13547,265,13812,198
2021-04-15,Yuba,115,75493,5828,5788,116,5904,44
2021-04-14,Alameda,001,1643700,85464,85009,1866,86875,1247
2021-04-14,Alpine,003,1148,85,85,0,85,0
2021-04-14,Amador,005,37829,3627,3613,33,3646,46
2021-04-14,Butte,007,227075,11902,11513,1709,13222,196
2021-04-14,Calaveras,009,45235,2047,2037,12,2049,50
2021-04-14,Colusa,011,21464,1910,1905,284,2189,14
2021-04-14,Contra Costa,013,1133247,67194,66400,1177,67577,781
2021-04-14,Del Norte,015,27424,1267,1228,11,1239,6
2021-04-14,El Dorado,017,186661,9741,9625,661,10286,106
2021-04-14,Fresno,019,978130,100970,100376,8454,108830,1640
2021-04-14,Glenn,021,27897,2376,2353,539,2892,17
2021-04-14,Humboldt,023,135768,3594,3551,26,3577,35
2021-04-14,Imperial,025,180216,28045,27907,2785,30692,718
2021-04-14,Inyo,027,18085,1391,1392,10,1402,36
2021-04-14,Kern,029,883053,96066,94947,10502,105449,1287
2021-04-14,Kings,031,150075,22902,22641,1056,23697,243
2021-04-14,Lake,033,64148,3421,3396,9,3405,43
2021-04-14,Lassen,035,31185,5163,5151,105,5256,1
2021-04-14,Los Angeles,037,10098052,1194958,1186821,40954,1227775,23579
2021-04-14,Madera,039,155013,16358,16218,916,17134,231
2021-04-14,Marin,041,260295,13825,13768,236,14004,226
2021-04-14,Mariposa,043,17540,405,394,9,403,5
2021-04-14,Mendocino,045,87422,3793,3711,73,3784,46
2021-04-14,Merced,047,269075,30325,30296,971,31267,436
2021-04-14,Modoc,049,8938,368,355,122,477,3
2021-04-14,Mono,051,14174,1240,1252,17,1269,3
2021-04-14,Monterey,053,433212,42802,42595,1829,44424,347
2021-04-14,Napa,055,140530,9671,9643,34,9677,79
2021-04-14,Nevada,057,99092,4499,4421,184,4605,70
2021-04-14,Orange,059,3164182,252998,251568,11031,262599,4849
2021-04-14,Placer,061,380077,22257,21575,1363,22938,280
2021-04-14,Plumas,063,18699,678,665,10,675,4
2021-04-14,Riverside,065,2383286,291384,285583,13835,299418,4358
2021-04-14,Sacramento,067,1510023,101533,100645,1549,102194,1570
2021-04-14,San Benito,069,59416,5974,5960,111,6071,62
2021-04-14,San Bernardino,071,2135413,290860,289078,8860,297938,4523
2021-04-14,San Diego,073,3302833,274867,273969,14071,288040,3648
2021-04-14,San Francisco,075,870044,35889,35898,1242,37140,510
2021-04-14,San Joaquin,077,732212,71023,70095,3358,73453,1288
2021-04-14,San Luis Obispo,079,281455,20926,20561,675,21236,253
2021-04-14,San Mateo,081,765935,41482,40982,443,41425,352
2021-04-14,Santa Barbara,083,443738,33808,33650,1177,34827,445
2021-04-14,Santa Clara,085,1922200,116229,116488,691,117179,1922
2021-04-14,Santa Cruz,087,273765,15996,15481,806,16287,203
2021-04-14,Shasta,089,179085,11581,11581,1409,12990,190
2021-04-14,Sierra,091,2930,55,51,12,63,0
2021-04-14,Siskiyou,093,43540,1626,1518,286,1804,10
2021-04-14,Solano,095,438530,31547,31357,450,31807,239
2021-04-14,Sonoma,097,501317,29456,29572,299,29871,311
2021-04-14,Stanislaus,099,539301,54233,53836,5727,59563,727
2021-04-14,Sutter,101,95872,9278,9230,82,9312,106
2021-04-14,Tehama,103,63373,4897,4853,539,5392,52
2021-04-14,Trinity,105,12862,482,326,85,411,3
2021-04-14,Tulare,107,460477,49552,48527,8755,57282,827
2021-04-14,Tuolumne,109,53932,3939,3997,37,4034,57
2021-04-14,Ventura,111,848112,80454,79891,2929,82820,986
2021-04-14,Yolo,113,214977,13540,13530,263,13793,198
2021-04-14,Yuba,115,75493,5826,5778,116,5894,44
2021-04-13,Alameda,001,1643700,85358,84921,1863,86784,1239
2021-04-13,Alpine,003,1148,85,85,0,85,0
2021-04-13,Amador,005,37829,3624,3609,33,3642,46
2021-04-13,Butte,007,227075,11884,11497,1706,13203,196
2021-04-13,Calaveras,009,45235,2045,2035,12,2047,50
2021-04-13,Colusa,011,21464,1908,1905,282,2187,14
2021-04-13,Contra Costa,013,1133247,67104,66304,1177,67481,778
2021-04-13,Del Norte,015,27424,1262,1221,11,1232,6
2021-04-13,El Dorado,017,186661,9715,9609,658,10267,106
2021-04-13,Fresno,019,978130,100888,100357,8448,108805,1636
2021-04-13,Glenn,021,27897,2375,2351,539,2890,17
2021-04-13,Humboldt,023,135768,3577,3540,26,3566,35
2021-04-13,Imperial,025,180216,28026,27887,2776,30663,718
2021-04-13,Inyo,027,18085,1391,1391,10,1401,36
2021-04-13,Kern,029,883053,96022,94908,10490,105398,1285
2021-04-13,Kings,031,150075,22886,22636,1055,23691,243
2021-04-13,Lake,033,64148,3418,3390,9,3399,43
2021-04-13,Lassen,035,31185,5162,5147,105,5252,1
2021-04-13,Los Angeles,037,10098052,1194503,1186482,40912,1227394,23526
2021-04-13,Madera,039,155013,16348,16207,914,17121,231
2021-04-13,Marin,041,260295,13817,13760,235,13995,224
2021-04-13,Mariposa,043,17540,404,394,6,400,5
2021-04-13,Mendocino,045,87422,3787,3702,73,3775,46
2021-04-13,Merced,047,269075,30294,30276,969,31245,435
2021-04-13,Modoc,049,8938,368,355,122,477,3
2021-04-13,Mono,051,14174,1240,1251,17,1268,3
2021-04-13,Monterey,053,433212,42791,42577,1829,44406,347
2021-04-13,Napa,055,140530,9661,9627,34,9661,79
2021-04-13,Nevada,057,99092,4487,4415,184,4599,69
2021-04-13,Orange,059,3164182,252903,251491,11012,262503,4836
2021-04-13,Placer,061,380077,22220,21534,1360,22894,280
2021-04-13,Plumas,063,18699,677,665,10,675,4
2021-04-13,Riverside,065,2383286,291265,285505,13829,299334,4348
2021-04-13,Sacramento,067,1510023,101358,100551,1544,102095,1569
2021-04-13,San Benito,069,59416,5971,5946,111,6057,62
2021-04-13,San Bernardino,071,2135413,290744,288929,8854,297783,4521
2021-04-13,San Diego,073,3302833,274613,273709,14036,287745,3623
2021-04-13,San Francisco,075,870044,35853,35869,1238,37107,506
2021-04-13,San Joaquin,077,732212,70915,70034,3350,73384,1288
2021-04-13,San Luis Obispo,079,281455,20899,20536,665,21201,253
2021-04-13,San Mateo,081,765935,41437,40955,443,41398,353
2021-04-13,Santa Barbara,083,443738,33786,33613,1174,34787,444
2021-04-13,Santa Clara,085,1922200,116100,116363,690,117053,1923
2021-04-13,Santa Cruz,087,273765,15989,15449,806,16255,203
2021-04-13,Shasta,089,179085,11561,11536,1406,12942,189
2021-04-13,Sierra,091,2930,55,51,12,63,0
2021-04-13,Siskiyou,093,43540,1618,1511,281,1792,10
2021-04-13,Solano,095,438530,31498,31335,446,31781,239
2021-04-13,Sonoma,097,501317,29448,29544,298,29842,311
2021-04-13,Stanislaus,099,539301,54160,53797,5718,59515,722
2021-04-13,Sutter,101,95872,9274,9226,82,9308,106
2021-04-13,Tehama,103,63373,4890,4850,536,5386,52
2021-04-13,Trinity,105,12862,482,326,85,411,3
2021-04-13,Tulare,107,460477,49539,48511,8752,57263,825
2021-04-13,Tuolumne,109,53932,3937,3995,37,4032,57
2021-04-13,Ventura,111,848112,80422,79854,2927,82781,986
2021-04-13,Yolo,113,214977,13528,13516,262,13778,198
2021-04-13,Yuba,115,75493,5817,5776,116,5892,44
2021-04-12,Alameda,001,1643700,85257,84817,1862,86679,1238
2021-04-12,Alpine,003,1148,85,85,0,85,0
2021-04-12,Amador,005,37829,3623,3607,33,3640,46
2021-04-12,Butte,007,227075,11869,11488,1702,13190,193
2021-04-12,Calaveras,009,45235,2044,2033,12,2045,50
2021-04-12,Colusa,011,21464,1906,1904,280,2184,14
2021-04-12,Contra Costa,013,1133247,67022,66176,1177,67353,777
2021-04-12,Del Norte,015,27424,1259,1216,11,1227,6
2021-04-12,El Dorado,017,186661,9698,9588,656,10244,106
2021-04-12,Fresno,019,978130,100827,100277,8424,108701,1633
2021-04-12,Glenn,021,27897,2374,2349,539,2888,17
2021-04-12,Humboldt,023,135768,3563,3533,25,3558,35
2021-04-12,Imperial,025,180216,27996,27851,2770,30621,717
2021-04-12,Inyo,027,18085,1391,1390,10,1400,36
2021-04-12,Kern,029,883053,95985,94861,10479,105340,1283
2021-04-12,Kings,031,150075,22878,22621,1054,23675,241
2021-04-12,Lake,033,64148,3414,3380,9,3389,43
2021-04-12,Lassen,035,31185,5161,5147,105,5252,1
2021-04-12,Los Angeles,037,10098052,1194002,1186145,40872,1227017,23505
2021-04-12,Madera,039,155013,16336,16174,912,17086,231
2021-04-12,Marin,041,260295,13804,13751,233,13984,224
2021-04-12,Mariposa,043,17540,403,394,6,400,5
2021-04-12,Mendocino,045,87422,3786,3699,73,3772,46
2021-04-12,Merced,047,269075,30262,30261,967,31228,435
2021-04-12,Modoc,049,8938,366,352,122,474,3
2021-04-12,Mono,051,14174,1240,1251,17,1268,3
2021-04-12,Monterey,053,433212,42777,42555,1827,44382,346
2021-04-12,Napa,055,140530,9647,9603,34,9637,80
2021-04-12,Nevada,057,99092,4476,4408,184,4592,69
2021-04-12,Orange,059,3164182,252817,251350,10991,262341,4826
2021-04-12,Placer,061,380077,22170,21475,1357,22832,278
2021-04-12,Plumas,063,18699,675,666,10,676,4
2021-04-12,Riverside,065,2383286,291154,285361,13823,299184,4336
2021-04-12,Sacramento,067,1510023,101184,100394,1539,101933,1566
2021-04-12,San Benito,069,59416,5963,5942,110,6052,62
2021-04-12,San Bernardino,071,2135413,290637,288736,8842,297578,4493
2021-04-12,San Diego,073,3302833,274353,273431,14007,287438,3621
2021-04-12,San Francisco,075,870044,35819,35841,1237,37078,506
2021-04-12,San Joaquin,077,732212,70843,69968,3343,73311,1288
2021-04-12,San Luis Obispo,079,281455,20854,20515,652,21167,253
2021-04-12,San Mateo,081,765935,41395,40920,439,41359,353
2021-04-12,Santa Barbara,083,443738,33755,33606,1174,34780,444
2021-04-12,Santa Clara,085,1922200,115972,116252,688,116940,1923
2021-04-12,Santa Cruz,087,273765,15969,15406,806,16212,203
2021-04-12,Shasta,089,179085,11544,11509,1402,12911,189
2021-04-12,Sierra,091,2930,55,51,12,63,0
2021-04-12,Siskiyou,093,43540,1607,1511,278,1789,7
2021-04-12,Solano,095,438530,31456,31305,443,31748,238
2021-04-12,Sonoma,097,501317,29420,29500,298,29798,310
2021-04-12,Stanislaus,099,539301,54094,53722,5711,59433,707
2021-04-12,Sutter,101,95872,9263,9221,82,9303,106
2021-04-12,Tehama,103,63373,4881,4834,532,5366,52
2021-04-12,Trinity,105,12862,482,324,85,409,3
2021-04-12,Tulare,107,460477,49519,48495,8742,57237,824
2021-04-12,Tuolumne,109,53932,3933,3993,37,4030,57
2021-04-12,Ventura,111,848112,80389,79818,2925,82743,985
2021-04-12,Yolo,113,214977,13514,13510,261,13771,198
2021-04-12,Yuba,115,75493,5811,5773,116,5889,43
2021-04-11,Alameda,001,1643700,85120,84756,1856,86612,1238
2021-04-11,Alpine,003,1148,85,85,0,85,0
2021-04-11,Amador,005,37829,3621,3605,33,3638,46
2021-04-11,Butte,007,227075,11834,11487,1698,13185,193
2021-04-11,Calaveras,009,45235,2041,2036,12,2048,50
2021-04-11,Colusa,011,21464,1905,1904,279,2183,14
2021-04-11,Contra Costa,013,1133247,66913,66107,1175,67282,777
2021-04-11,Del Norte,015,27424,1253,1214,11,1225,6
2021-04-11,El Dorado,017,186661,9684,9575,653,10228,106
2021-04-11,Fresno,019,978130,100759,100230,8414,108644,1633
2021-04-11,Glenn,021,27897,2370,2348,539,2887,17
2021-04-11,Humboldt,023,135768,3553,3523,25,3548,35
2021-04-11,Imperial,025,180216,27972,27841,2768,30609,717
2021-04-11,Inyo,027,18085,1391,1390,10,1400,36
2021-04-11,Kern,029,883053,95924,94830,10471,105301,1283
2021-04-11,Kings,031,150075,22869,22618,1051,23669,241
2021-04-11,Lake,033,64148,3410,3377,9,3386,43
2021-04-11,Lassen,035,31185,5157,5147,105,5252,1
2021-04-11,Los Angeles,037,10098052,1193490,1185757,40830,1226587,23503
2021-04-11,Madera,039,155013,16317,16166,911,17077,231
2021-04-11,Marin,041,260295,13797,13741,232,13973,226
2021-04-11,Mariposa,043,17540,403,394,6,400,5
2021-04-11,Mendocino,045,87422,3784,3696,73,3769,46
2021-04-11,Merced,047,269075,30224,30249,966,31215,435
2021-04-11,Modoc,049,8938,365,352,120,472,3
2021-04-11,Mono,051,14174,1239,1250,17,1267,3
2021-04-11,Monterey,053,433212,42770,42547,1820,44367,346
2021-04-11,Napa,055,140530,9636,9592,34,9626,80
2021-04-11,Nevada,057,99092,4462,4394,184,4578,69
2021-04-11,Orange,059,3164182,252690,251233,10980,262213,4826
2021-04-11,Placer,061,380077,22112,21458,1352,22810,278
2021-04-11,Plumas,063,18699,675,666,10,676,4
2021-04-11,Riverside,065,2383286,291021,285269,13813,299082,4336
2021-04-11,Sacramento,067,1510023,101014,100296,1527,101823,1566
2021-04-11,San Benito,069,59416,5955,5941,109,6050,62
2021-04-11,San Bernardino,071,2135413,290528,288686,8836,297522,4492
2021-04-11,San Diego,073,3302833,274055,273287,13948,287235,3621
2021-04-11,San Francisco,075,870044,35783,35815,1234,37049,498
2021-04-11,San Joaquin,077,732212,70757,69939,3332,73271,1288
2021-04-11,San Luis Obispo,079,281455,20828,20501,649,21150,253
2021-04-11,San Mateo,081,765935,41337,40901,438,41339,353
2021-04-11,Santa Barbara,083,443738,33720,33591,1173,34764,444
2021-04-11,Santa Clara,085,1922200,115836,116161,685,116846,1923
2021-04-11,Santa Cruz,087,273765,15957,15382,806,16188,203
2021-04-11,Shasta,089,179085,11500,11504,1401,12905,189
2021-04-11,Sierra,091,2930,55,51,12,63,0
2021-04-11,Siskiyou,093,43540,1600,1509,275,1784,7
2021-04-11,Solano,095,438530,31403,31268,439,31707,238
2021-04-11,Sonoma,097,501317,29394,29496,294,29790,310
2021-04-11,Stanislaus,099,539301,54011,53683,5702,59385,707
2021-04-11,Sutter,101,95872,9254,9222,82,9304,106
2021-04-11,Tehama,103,63373,4878,4832,530,5362,52
2021-04-11,Trinity,105,12862,482,324,85,409,3
2021-04-11,Tulare,107,460477,49505,48479,8735,57214,824
2021-04-11,Tuolumne,109,53932,3931,3993,37,4030,57
2021-04-11,Ventura,111,848112,80341,79800,2919,82719,985
2021-04-11,Yolo,113,214977,13494,13496,259,13755,198
2021-04-11,Yuba,115,75493,5801,5768,116,5884,43
2021-04-10,Alameda,001,1643700,85056,84626,1856,86482,1238
2021-04-10,Alpine,003,1148,85,85,0,85,0
2021-04-10,Amador,005,37829,3619,3603,33,3636,46
2021-04-10,Butte,007,227075,11823,11482,1697,13179,193
2021-04-10,Calaveras,009,45235,2039,2032,12,2044,50
2021-04-10,Colusa,011,21464,1905,1902,279,2181,14
2021-04-10,Contra Costa,013,1133247,66852,66001,1172,67173,778
2021-04-10,Del Norte,015,27424,1250,1212,11,1223,6
2021-04-10,El Dorado,017,186661,9672,9549,650,10199,106
2021-04-10,Fresno,019,978130,100726,100135,8407,108542,1633
2021-04-10,Glenn,021,27897,2370,2343,539,2882,17
2021-04-10,Humboldt,023,135768,3543,3508,25,3533,35
2021-04-10,Imperial,025,180216,27958,27816,2768,30584,717
2021-04-10,Inyo,027,18085,1391,1387,10,1397,36
2021-04-10,Kern,029,883053,95910,94802,10465,105267,1284
2021-04-10,Kings,031,150075,22865,22614,1049,23663,241
2021-04-10,Lake,033,64148,3405,3368,9,3377,43
2021-04-10,Lassen,035,31185,5157,5146,104,5250,1
2021-04-10,Los Angeles,037,10098052,1193217,1185246,40812,1226058,23493
2021-04-10,Madera,039,155013,16309,16143,910,17053,231
2021-04-10,Marin,041,260295,13792,13731,232,13963,226
2021-04-10,Mariposa,043,17540,400,393,6,399,5
2021-04-10,Mendocino,045,87422,3782,3696,73,3769,46
2021-04-10,Merced,047,269075,30204,30225,965,31190,435
2021-04-10,Modoc,049,8938,365,352,120,472,3
2021-04-10,Mono,051,14174,1239,1249,17,1266,3
2021-04-10,Monterey,053,433212,42759,42527,1819,44346,346
2021-04-10,Napa,055,140530,9629,9569,34,9603,79
2021-04-10,Nevada,057,99092,4455,4379,184,4563,69
2021-04-10,Orange,059,3164182,252597,251139,10973,262112,4818
2021-04-10,Placer,061,380077,22081,21402,1346,22748,278
2021-04-10,Plumas,063,18699,675,666,10,676,4
2021-04-10,Riverside,065,2383286,290941,285082,13805,298887,4336
2021-04-10,Sacramento,067,1510023,100911,100048,1525,101573,1566
2021-04-10,San Benito,069,59416,5944,5932,108,6040,62
2021-04-10,San Bernardino,071,2135413,290464,288590,8829,297419,4489
2021-04-10,San Diego,073,3302833,273839,273058,13929,286987,3613
2021-04-10,San Francisco,075,870044,35753,35774,1231,37005,498
2021-04-10,San Joaquin,077,732212,70722,69852,3322,73174,1288
2021-04-10,San Luis Obispo,079,281455,20812,20461,648,21109,253
2021-04-10,San Mateo,081,765935,41304,40878,438,41316,350
2021-04-10,Santa Barbara,083,443738,33692,33541,1171,34712,444
2021-04-10,Santa Clara,085,1922200,115740,116015,684,116699,1923
2021-04-10,Santa Cruz,087,273765,15951,15360,806,16166,203
2021-04-10,Shasta,089,179085,11491,11492,1398,12890,189
2021-04-10,Sierra,091,2930,55,51,12,63,0
2021-04-10,Siskiyou,093,43540,1597,1512,275,1787,7
2021-04-10,Solano,095,438530,31369,31218,435,31653,238
2021-04-10,Sonoma,097,501317,29379,29469,294,29763,310
2021-04-10,Stanislaus,099,539301,53976,53596,5696,59292,707
2021-04-10,Sutter,101,95872,9252,9214,82,9296,106
2021-04-10,Tehama,103,63373,4876,4820,528,5348,52
2021-04-10,Trinity,105,12862,482,324,85,409,3
2021-04-10,Tulare,107,460477,49496,48470,8729,57199,824
2021-04-10,Tuolumne,109,53932,3928,3991,37,4028,57
2021-04-10,Ventura,111,848112,80313,79758,2917,82675,985
2021-04-10,Yolo,113,214977,13486,13494,258,13752,198
2021-04-10,Yuba,115,75493,5798,5757,115,5872,43
2021-04-09,Alameda,001,1643700,84989,84404,1848,86252,1237
2021-04-09,Alpine,003,1148,85,85,0,85,0
2021-04-09,Amador,005,37829,3618,3600,33,3633,46
2021-04-09,Butte,007,227075,11813,11454,1696,13150,193
2021-04-09,Calaveras,009,45235,2038,2028,12,2040,50
2021-04-09,Colusa,011,21464,1905,1898,279,2177,14
2021-04-09,Contra Costa,013,1133247,66759,65857,1166,67023,777
2021-04-09,Del Norte,015,27424,1249,1207,11,1218,6
2021-04-09,El Dorado,017,186661,9649,9528,646,10174,106
2021-04-09,Fresno,019,978130,100692,100027,8402,108429,1630
2021-04-09,Glenn,021,27897,2370,2337,539,2876,17
2021-04-09,Humboldt,023,135768,3534,3496,25,3521,35
2021-04-09,Imperial,025,180216,27943,27764,2766,30530,717
2021-04-09,Inyo,027,18085,1390,1386,10,1396,36
2021-04-09,Kern,029,883053,95872,94675,10463,105138,1282
2021-04-09,Kings,031,150075,22856,22595,1046,23641,242
2021-04-09,Lake,033,64148,3401,3362,9,3371,43
2021-04-09,Lassen,035,31185,5157,5140,104,5244,1
2021-04-09,Los Angeles,037,10098052,1192847,1184501,40783,1225284,23458
2021-04-09,Madera,039,155013,16306,16118,910,17028,231
2021-04-09,Marin,041,260295,13785,13721,232,13953,226
2021-04-09,Mariposa,043,17540,400,393,6,399,5
2021-04-09,Mendocino,045,87422,3780,3693,73,3766,46
2021-04-09,Merced,047,269075,30175,30179,964,31143,435
2021-04-09,Modoc,049,8938,364,352,120,472,3
2021-04-09,Mono,051,14174,1239,1247,17,1264,3
2021-04-09,Monterey,053,433212,42750,42481,1815,44296,344
2021-04-09,Napa,055,140530,9610,9574,34,9608,80
2021-04-09,Nevada,057,99092,4447,4373,184,4557,69
2021-04-09,Orange,059,3164182,252523,250852,10968,261820,4813
2021-04-09,Placer,061,380077,22050,21327,1338,22665,278
2021-04-09,Plumas,063,18699,674,666,10,676,4
2021-04-09,Riverside,065,2383286,290858,284562,13799,298361,4325
2021-04-09,Sacramento,067,1510023,100756,99722,1519,101241,1564
2021-04-09,San Benito,069,59416,5939,5925,107,6032,62
2021-04-09,San Bernardino,071,2135413,290395,288000,8826,296826,4467
2021-04-09,San Diego,073,3302833,273641,272697,13887,286584,3600
2021-04-09,San Francisco,075,870044,35712,35716,1226,36942,497
2021-04-09,San Joaquin,077,732212,70658,69675,3310,72985,1281
2021-04-09,San Luis Obispo,079,281455,20797,20427,648,21075,252
2021-04-09,San Mateo,081,765935,41268,40800,437,41237,350
2021-04-09,Santa Barbara,083,443738,33669,33424,1168,34592,444
2021-04-09,Santa Clara,085,1922200,115656,115749,682,116431,1923
2021-04-09,Santa Cruz,087,273765,15946,15331,806,16137,203
2021-04-09,Shasta,089,179085,11481,11478,1395,12873,188
2021-04-09,Sierra,091,2930,55,51,12,63,0
2021-04-09,Siskiyou,093,43540,1594,1510,274,1784,7
2021-04-09,Solano,095,438530,31336,31166,430,31596,238
2021-04-09,Sonoma,097,501317,29366,29433,294,29727,310
2021-04-09,Stanislaus,099,539301,53921,53504,5687,59191,705
2021-04-09,Sutter,101,95872,9245,9201,82,9283,106
2021-04-09,Tehama,103,63373,4870,4806,528,5334,52
2021-04-09,Trinity,105,12862,481,324,85,409,3
2021-04-09,Tulare,107,460477,49492,48430,8723,57153,824
2021-04-09,Tuolumne,109,53932,3927,3986,37,4023,57
2021-04-09,Ventura,111,848112,80285,79698,2917,82615,987
2021-04-09,Yolo,113,214977,13475,13478,256,13734,198
2021-04-09,Yuba,115,75493,5791,5754,115,5869,43
2021-04-08,Alameda,001,1643700,84883,84213,1845,86058,1232
2021-04-08,Alpine,003,1148,85,85,0,85,0
2021-04-08,Amador,005,37829,3614,3595,33,3628,46
2021-04-08,Butte,007,227075,11802,11414,1695,13109,193
2021-04-08,Calaveras,009,45235,2036,2027,12,2039,50
2021-04-08,Colusa,011,21464,1904,1897,279,2176,14
2021-04-08,Contra Costa,013,1133247,66649,65706,1163,66869,775
2021-04-08,Del Norte,015,27424,1243,1201,11,1212,6
2021-04-08,El Dorado,017,186661,9633,9513,641,10154,106
2021-04-08,Fresno,019,978130,100628,99935,8395,108330,1627
2021-04-08,Glenn,021,27897,2369,2337,539,2876,17
2021-04-08,Humboldt,023,135768,3524,3486,25,3511,35
2021-04-08,Imperial,025,180216,27915,27744,2762,30506,713
2021-04-08,Inyo,027,18085,1389,1386,10,1396,36
2021-04-08,Kern,029,883053,95826,94493,10450,104943,1281
2021-04-08,Kings,031,150075,22849,22589,1044,23633,243
2021-04-08,Lake,033,64148,3394,3360,9,3369,43
2021-04-08,Lassen,035,31185,5156,5136,104,5240,1
2021-04-08,Los Angeles,037,10098052,1192350,1184443,40745,1225188,23416
2021-04-08,Madera,039,155013,16294,16103,910,17013,231
2021-04-08,Marin,041,260295,13778,13704,232,13936,226
2021-04-08,Mariposa,043,17540,399,393,6,399,5
2021-04-08,Mendocino,045,87422,3778,3690,73,3763,45
2021-04-08,Merced,047,269075,30153,30163,964,31127,430
2021-04-08,Modoc,049,8938,364,352,120,472,3
2021-04-08,Mono,051,14174,1237,1247,17,1264,3
2021-04-08,Monterey,053,433212,42728,42437,1810,44247,342
2021-04-08,Napa,055,140530,9593,9569,34,9603,80
2021-04-08,Nevada,057,99092,4436,4367,184,4551,69
2021-04-08,Orange,059,3164182,252413,250529,10953,261482,4797
2021-04-08,Placer,061,380077,22009,21258,1329,22587,277
2021-04-08,Plumas,063,18699,674,665,10,675,4
2021-04-08,Riverside,065,2383286,290744,283853,13794,297647,4296
2021-04-08,Sacramento,067,1510023,100616,99319,1508,100827,1561
2021-04-08,San Benito,069,59416,5936,5914,105,6019,62
2021-04-08,San Bernardino,071,2135413,290297,287190,8823,296013,4445
2021-04-08,San Diego,073,3302833,273411,272495,13851,286346,3592
2021-04-08,San Francisco,075,870044,35689,35657,1225,36882,494
2021-04-08,San Joaquin,077,732212,70586,69479,3304,72783,1279
2021-04-08,San Luis Obispo,079,281455,20778,20402,646,21048,252
2021-04-08,San Mateo,081,765935,41228,40749,437,41186,350
2021-04-08,Santa Barbara,083,443738,33645,33309,1167,34476,444
2021-04-08,Santa Clara,085,1922200,115550,115487,681,116168,1905
2021-04-08,Santa Cruz,087,273765,15939,15296,806,16102,203
2021-04-08,Shasta,089,179085,11471,11466,1391,12857,186
2021-04-08,Sierra,091,2930,55,51,12,63,0
2021-04-08,Siskiyou,093,43540,1591,1511,274,1785,7
2021-04-08,Solano,095,438530,31287,31120,430,31550,238
2021-04-08,Sonoma,097,501317,29346,29410,293,29703,310
2021-04-08,Stanislaus,099,539301,53843,53401,5677,59078,706
2021-04-08,Sutter,101,95872,9241,9195,82,9277,106
2021-04-08,Tehama,103,63373,4866,4802,528,5330,52
2021-04-08,Trinity,105,12862,481,324,85,409,3
2021-04-08,Tulare,107,460477,49479,48409,8713,57122,821
2021-04-08,Tuolumne,109,53932,3927,3986,37,4023,57
2021-04-08,Ventura,111,848112,80248,79626,2913,82539,986
2021-04-08,Yolo,113,214977,13466,13468,255,13723,198
2021-04-08,Yuba,115,75493,5787,5743,115,5858,43
2021-04-07,Alameda,001,1643700,84799,84130,1843,85973,1224
2021-04-07,Alpine,003,1148,85,85,0,85,0
2021-04-07,Amador,005,37829,3611,3590,33,3623,46
2021-04-07,Butte,007,227075,11798,11405,1692,13097,193
2021-04-07,Calaveras,009,45235,2032,2022,12,2034,50
2021-04-07,Colusa,011,21464,1900,1894,278,2172,14
2021-04-07,Contra Costa,013,1133247,66563,65619,1162,66781,775
2021-04-07,Del Norte,015,27424,1241,1198,11,1209,6
2021-04-07,El Dorado,017,186661,9612,9500,636,10136,106
2021-04-07,Fresno,019,978130,100563,99865,8384,108249,1627
2021-04-07,Glenn,021,27897,2367,2337,538,2875,17
2021-04-07,Humboldt,023,135768,3511,3484,25,3509,35
2021-04-07,Imperial,025,180216,27891,27704,2756,30460,713
2021-04-07,Inyo,027,18085,1388,1386,10,1396,36
2021-04-07,Kern,029,883053,95790,94456,10435,104891,1275
2021-04-07,Kings,031,150075,22847,22589,1044,23633,243
2021-04-07,Lake,033,64148,3392,3358,9,3367,43
2021-04-07,Lassen,035,31185,5156,5137,104,5241,1
2021-04-07,Los Angeles,037,10098052,1191915,1183862,40723,1224585,23372
2021-04-07,Madera,039,155013,16275,16090,909,16999,231
2021-04-07,Marin,041,260295,13767,13688,230,13918,225
2021-04-07,Mariposa,043,17540,398,391,6,397,5
2021-04-07,Mendocino,045,87422,3777,3691,73,3764,45
2021-04-07,Merced,047,269075,30129,30132,960,31092,430
2021-04-07,Modoc,049,8938,364,351,120,471,3
2021-04-07,Mono,051,14174,1237,1246,17,1263,3
2021-04-07,Monterey,053,433212,42710,42427,1809,44236,341
2021-04-07,Napa,055,140530,9579,9556,34,9590,80
2021-04-07,Nevada,057,99092,4430,4364,184,4548,69
2021-04-07,Orange,059,3164182,252289,250378,10930,261308,4778
2021-04-07,Placer,061,380077,21964,21227,1321,22548,276
2021-04-07,Plumas,063,18699,674,665,10,675,4
2021-04-07,Riverside,065,2383286,290624,283749,13784,297533,4285
2021-04-07,Sacramento,067,1510023,100448,99202,1502,100704,1544
2021-04-07,San Benito,069,59416,5931,5912,104,6016,62
2021-04-07,San Bernardino,071,2135413,290179,286978,8818,295796,4433
2021-04-07,San Diego,073,3302833,273185,272195,13822,286017,3588
2021-04-07,San Francisco,075,870044,35649,35618,1221,36839,493
2021-04-07,San Joaquin,077,732212,70517,69375,3299,72674,1278
2021-04-07,San Luis Obispo,079,281455,20752,20373,643,21016,252
2021-04-07,San Mateo,081,765935,41184,40693,437,41130,350
2021-04-07,Santa Barbara,083,443738,33619,33289,1164,34453,444
2021-04-07,Santa Clara,085,1922200,115418,115311,679,115990,1900
2021-04-07,Santa Cruz,087,273765,15928,15275,806,16081,203
2021-04-07,Shasta,089,179085,11459,11456,1386,12842,184
2021-04-07,Sierra,091,2930,55,51,12,63,0
2021-04-07,Siskiyou,093,43540,1585,1512,273,1785,7
2021-04-07,Solano,095,438530,31236,31097,429,31526,238
2021-04-07,Sonoma,097,501317,29328,29394,292,29686,310
2021-04-07,Stanislaus,099,539301,53774,53344,5667,59011,686
2021-04-07,Sutter,101,95872,9238,9188,82,9270,106
2021-04-07,Tehama,103,63373,4858,4802,526,5328,52
2021-04-07,Trinity,105,12862,481,322,85,407,3
2021-04-07,Tulare,107,460477,49464,48386,8702,57088,820
2021-04-07,Tuolumne,109,53932,3925,3982,37,4019,57
2021-04-07,Ventura,111,848112,80214,79595,2911,82506,986
2021-04-07,Yolo,113,214977,13451,13450,253,13703,198
2021-04-07,Yuba,115,75493,5783,5737,115,5852,43
2021-04-06,Alameda,001,1643700,84686,84091,1839,85930,1223
2021-04-06,Alpine,003,1148,85,85,0,85,0
2021-04-06,Amador,005,37829,3610,3587,33,3620,45
2021-04-06,Butte,007,227075,11783,11396,1690,13086,193
2021-04-06,Calaveras,009,45235,2029,2021,12,2033,50
2021-04-06,Colusa,011,21464,1898,1894,276,2170,14
2021-04-06,Contra Costa,013,1133247,66485,65575,1161,66736,774
2021-04-06,Del Norte,015,27424,1236,1197,11,1208,6
2021-04-06,El Dorado,017,186661,9582,9489,634,10123,106
2021-04-06,Fresno,019,978130,100499,99814,8378,108192,1626
2021-04-06,Glenn,021,27897,2366,2335,537,2872,17
2021-04-06,Humboldt,023,135768,3502,3477,25,3502,35
2021-04-06,Imperial,025,180216,27857,27661,2746,30407,713
2021-04-06,Inyo,027,18085,1388,1379,10,1389,36
2021-04-06,Kern,029,883053,95746,94422,10429,104851,1259
2021-04-06,Kings,031,150075,22841,22587,1044,23631,240
2021-04-06,Lake,033,64148,3389,3358,9,3367,43
2021-04-06,Lassen,035,31185,5154,5137,104,5241,1
2021-04-06,Los Angeles,037,10098052,1191404,1183499,40683,1224182,23323
2021-04-06,Madera,039,155013,16255,16085,904,16989,230
2021-04-06,Marin,041,260295,13758,13675,227,13902,224
2021-04-06,Mariposa,043,17540,398,390,6,396,5
2021-04-06,Mendocino,045,87422,3775,3686,73,3759,45
2021-04-06,Merced,047,269075,30100,30100,955,31055,430
2021-04-06,Modoc,049,8938,363,351,120,471,3
2021-04-06,Mono,051,14174,1237,1246,17,1263,3
2021-04-06,Monterey,053,433212,42701,42412,1808,44220,341
2021-04-06,Napa,055,140530,9560,9509,34,9543,78
2021-04-06,Nevada,057,99092,4420,4356,182,4538,69
2021-04-06,Orange,059,3164182,252180,250304,10916,261220,4771
2021-04-06,Placer,061,380077,21916,21184,1319,22503,276
2021-04-06,Plumas,063,18699,674,665,10,675,4
2021-04-06,Riverside,065,2383286,290443,283622,13773,297395,4264
2021-04-06,Sacramento,067,1510023,100239,99110,1495,100605,1537
2021-04-06,San Benito,069,59416,5922,5907,104,6011,62
2021-04-06,San Bernardino,071,2135413,290065,286792,8808,295600,4428
2021-04-06,San Diego,073,3302833,272923,271867,13794,285661,3585
2021-04-06,San Francisco,075,870044,35606,35572,1221,36793,488
2021-04-06,San Joaquin,077,732212,70434,69316,3287,72603,1278
2021-04-06,San Luis Obispo,079,281455,20730,20350,640,20990,252
2021-04-06,San Mateo,081,765935,41136,40649,436,41085,350
2021-04-06,Santa Barbara,083,443738,33601,33257,1163,34420,443
2021-04-06,Santa Clara,085,1922200,115247,115184,678,115862,1900
2021-04-06,Santa Cruz,087,273765,15918,15252,806,16058,203
2021-04-06,Shasta,089,179085,11438,11443,1384,12827,184
2021-04-06,Sierra,091,2930,55,51,12,63,0
2021-04-06,Siskiyou,093,43540,1581,1510,272,1782,7
2021-04-06,Solano,095,438530,31189,31078,428,31506,237
2021-04-06,Sonoma,097,501317,29303,29386,290,29676,311
2021-04-06,Stanislaus,099,539301,53717,53304,5661,58965,686
2021-04-06,Sutter,101,95872,9228,9179,82,9261,106
2021-04-06,Tehama,103,63373,4849,4798,526,5324,52
2021-04-06,Trinity,105,12862,481,321,85,406,3
2021-04-06,Tulare,107,460477,49421,48372,8698,57070,819
2021-04-06,Tuolumne,109,53932,3925,3981,37,4018,57
2021-04-06,Ventura,111,848112,80177,79556,2909,82465,983
2021-04-06,Yolo,113,214977,13438,13443,252,13695,198
2021-04-06,Yuba,115,75493,5779,5733,114,5847,43
2021-04-05,Alameda,001,1643700,84570,84007,1835,85842,1219
2021-04-05,Alpine,003,1148,85,85,0,85,0
2021-04-05,Amador,005,37829,3607,3584,33,3617,45
2021-04-05,Butte,007,227075,11768,11384,1689,13073,193
2021-04-05,Calaveras,009,45235,2027,2019,12,2031,50
2021-04-05,Colusa,011,21464,1898,1894,275,2169,14
2021-04-05,Contra Costa,013,1133247,66419,65457,1159,66616,774
2021-04-05,Del Norte,015,27424,1234,1189,11,1200,6
2021-04-05,El Dorado,017,186661,9567,9463,634,10097,106
2021-04-05,Fresno,019,978130,100411,99755,8370,108125,1622
2021-04-05,Glenn,021,27897,2364,2335,537,2872,17
2021-04-05,Humboldt,023,135768,3493,3475,25,3500,35
2021-04-05,Imperial,025,180216,27825,27604,2739,30343,710
2021-04-05,Inyo,027,18085,1385,1377,10,1387,36
2021-04-05,Kern,029,883053,95691,94401,10404,104805,1249
2021-04-05,Kings,031,150075,22837,22580,1044,23624,239
2021-04-05,Lake,033,64148,3381,3359,9,3368,43
2021-04-05,Lassen,035,31185,5154,5138,103,5241,1
2021-04-05,Los Angeles,037,10098052,1190869,1183200,40632,1223832,23302
2021-04-05,Madera,039,155013,16241,16065,903,16968,230
2021-04-05,Marin,041,260295,13744,13666,223,13889,221
2021-04-05,Mariposa,043,17540,398,390,6,396,5
2021-04-05,Mendocino,045,87422,3773,3687,73,3760,45
2021-04-05,Merced,047,269075,30074,30068,953,31021,427
2021-04-05,Modoc,049,8938,361,346,120,466,3
2021-04-05,Mono,051,14174,1237,1246,17,1263,3
2021-04-05,Monterey,053,433212,42688,42396,1804,44200,341
2021-04-05,Napa,055,140530,9537,9492,34,9526,78
2021-04-05,Nevada,057,99092,4409,4346,182,4528,69
2021-04-05,Orange,059,3164182,252065,250177,10892,261069,4759
2021-04-05,Placer,061,380077,21870,21133,1312,22445,276
2021-04-05,Plumas,063,18699,674,666,10,676,4
2021-04-05,Riverside,065,2383286,290306,283549,13761,297310,4237
2021-04-05,Sacramento,067,1510023,100077,98908,1487,100395,1533
2021-04-05,San Benito,069,59416,5916,5904,104,6008,61
2021-04-05,San Bernardino,071,2135413,289955,286597,8805,295402,4425
2021-04-05,San Diego,073,3302833,272674,271655,13753,285408,3583
2021-04-05,San Francisco,075,870044,35575,35538,1221,36759,488
2021-04-05,San Joaquin,077,732212,70345,69214,3278,72492,1268
2021-04-05,San Luis Obispo,079,281455,20693,20333,640,20973,252
2021-04-05,San Mateo,081,765935,41092,40609,435,41044,350
2021-04-05,Santa Barbara,083,443738,33566,33235,1163,34398,443
2021-04-05,Santa Clara,085,1922200,115080,115091,675,115766,1893
2021-04-05,Santa Cruz,087,273765,15911,15228,806,16034,201
2021-04-05,Shasta,089,179085,11417,11435,1381,12816,184
2021-04-05,Sierra,091,2930,55,50,12,62,0
2021-04-05,Siskiyou,093,43540,1578,1509,270,1779,7
2021-04-05,Solano,095,438530,31148,31026,426,31452,237
2021-04-05,Sonoma,097,501317,29271,29361,288,29649,311
2021-04-05,Stanislaus,099,539301,53637,53238,5659,58897,686
2021-04-05,Sutter,101,95872,9221,9169,82,9251,106
2021-04-05,Tehama,103,63373,4843,4794,526,5320,52
2021-04-05,Trinity,105,12862,480,321,85,406,3
2021-04-05,Tulare,107,460477,49409,48356,8691,57047,818
2021-04-05,Tuolumne,109,53932,3924,3980,37,4017,57
2021-04-05,Ventura,111,848112,80146,79549,2906,82455,983
2021-04-05,Yolo,113,214977,13424,13427,251,13678,198
2021-04-05,Yuba,115,75493,5774,5728,113,5841,43
2021-04-04,Alameda,001,1643700,84452,83951,1831,85782,1219
2021-04-04,Alpine,003,1148,85,85,0,85,0
2021-04-04,Amador,005,37829,3601,3582,33,3615,45
2021-04-04,Butte,007,227075,11753,11375,1688,13063,193
2021-04-04,Calaveras,009,45235,2023,2020,12,2032,50
2021-04-04,Colusa,011,21464,1897,1893,275,2168,14
2021-04-04,Contra Costa,013,1133247,66313,65408,1154,66562,774
2021-04-04,Del Norte,015,27424,1226,1186,11,1197,6
2021-04-04,El Dorado,017,186661,9548,9455,630,10085,106
2021-04-04,Fresno,019,978130,100337,99702,8357,108059,1622
2021-04-04,Glenn,021,27897,2361,2335,536,2871,17
2021-04-04,Humboldt,023,135768,3482,3472,25,3497,35
2021-04-04,Imperial,025,180216,27769,27588,2735,30323,710
2021-04-04,Inyo,027,18085,1381,1377,10,1387,36
2021-04-04,Kern,029,883053,95647,94388,10383,104771,1247
2021-04-04,Kings,031,150075,22835,22580,1043,23623,239
2021-04-04,Lake,033,64148,3375,3355,8,3363,43
2021-04-04,Lassen,035,31185,5152,5138,103,5241,1
2021-04-04,Los Angeles,037,10098052,1190326,1182872,40587,1223459,23301
2021-04-04,Madera,039,155013,16215,16052,899,16951,230
2021-04-04,Marin,041,260295,13731,13663,222,13885,221
2021-04-04,Mariposa,043,17540,398,390,6,396,5
2021-04-04,Mendocino,045,87422,3770,3684,73,3757,45
2021-04-04,Merced,047,269075,30031,30048,950,30998,427
2021-04-04,Modoc,049,8938,361,346,120,466,3
2021-04-04,Mono,051,14174,1236,1245,17,1262,3
2021-04-04,Monterey,053,433212,42671,42391,1803,44194,341
2021-04-04,Napa,055,140530,9525,9486,34,9520,78
2021-04-04,Nevada,057,99092,4397,4337,182,4519,69
2021-04-04,Orange,059,3164182,251931,250117,10876,260993,4759
2021-04-04,Placer,061,380077,21825,21104,1294,22398,276
2021-04-04,Plumas,063,18699,674,666,10,676,4
2021-04-04,Riverside,065,2383286,290180,283537,13757,297294,4237
2021-04-04,Sacramento,067,1510023,99878,98821,1477,100298,1531
2021-04-04,San Benito,069,59416,5906,5901,100,6001,61
2021-04-04,San Bernardino,071,2135413,289815,286561,8797,295358,4423
2021-04-04,San Diego,073,3302833,272362,271528,13712,285240,3583
2021-04-04,San Francisco,075,870044,35521,35525,1218,36743,488
2021-04-04,San Joaquin,077,732212,70244,69147,3266,72413,1268
2021-04-04,San Luis Obispo,079,281455,20661,20328,632,20960,252
2021-04-04,San Mateo,081,765935,41049,40587,432,41019,350
2021-04-04,Santa Barbara,083,443738,33530,33213,1163,34376,443
2021-04-04,Santa Clara,085,1922200,114914,114976,668,115644,1893
2021-04-04,Santa Cruz,087,273765,15902,15219,806,16025,201
2021-04-04,Shasta,089,179085,11391,11433,1380,12813,184
2021-04-04,Sierra,091,2930,55,50,12,62,0
2021-04-04,Siskiyou,093,43540,1575,1509,266,1775,7
2021-04-04,Solano,095,438530,31101,31002,424,31426,237
2021-04-04,Sonoma,097,501317,29239,29340,286,29626,311
2021-04-04,Stanislaus,099,539301,53544,53181,5651,58832,686
2021-04-04,Sutter,101,95872,9214,9164,82,9246,106
2021-04-04,Tehama,103,63373,4831,4792,525,5317,52
2021-04-04,Trinity,105,12862,478,321,85,406,3
2021-04-04,Tulare,107,460477,49394,48343,8683,57026,818
2021-04-04,Tuolumne,109,53932,3916,3980,37,4017,57
2021-04-04,Ventura,111,848112,80103,79526,2904,82430,983
2021-04-04,Yolo,113,214977,13403,13425,250,13675,198
2021-04-04,Yuba,115,75493,5767,5722,113,5835,43
2021-04-03,Alameda,001,1643700,84385,83861,1829,85690,1218
2021-04-03,Alpine,003,1148,85,85,0,85,0
2021-04-03,Amador,005,37829,3598,3577,33,3610,45
2021-04-03,Butte,007,227075,11749,11359,1684,13043,193
2021-04-03,Calaveras,009,45235,2020,2019,12,2031,50
2021-04-03,Colusa,011,21464,1897,1891,275,2166,14
2021-04-03,Contra Costa,013,1133247,66241,65338,1154,66492,774
2021-04-03,Del Norte,015,27424,1221,1183,11,1194,6
2021-04-03,El Dorado,017,186661,9539,9448,629,10077,106
2021-04-03,Fresno,019,978130,100280,99602,8351,107953,1622
2021-04-03,Glenn,021,27897,2361,2334,535,2869,17
2021-04-03,Humboldt,023,135768,3480,3467,25,3492,35
2021-04-03,Imperial,025,180216,27753,27572,2731,30303,710
2021-04-03,Inyo,027,18085,1380,1376,10,1386,36
2021-04-03,Kern,029,883053,95621,94369,10367,104736,1243
2021-04-03,Kings,031,150075,22833,22580,1043,23623,239
2021-04-03,Lake,033,64148,3374,3350,8,3358,43
2021-04-03,Lassen,035,31185,5151,5136,103,5239,1
2021-04-03,Los Angeles,037,10098052,1190025,1182402,40569,1222971,23301
2021-04-03,Madera,039,155013,16206,16051,897,16948,230
2021-04-03,Marin,041,260295,13723,13658,221,13879,221
2021-04-03,Mariposa,043,17540,398,390,5,395,5
2021-04-03,Mendocino,045,87422,3769,3684,73,3757,45
2021-04-03,Merced,047,269075,30016,30031,950,30981,427
2021-04-03,Modoc,049,8938,361,346,120,466,3
2021-04-03,Mono,051,14174,1236,1245,17,1262,3
2021-04-03,Monterey,053,433212,42658,42376,1801,44177,341
2021-04-03,Napa,055,140530,9516,9473,34,9507,78
2021-04-03,Nevada,057,99092,4393,4323,182,4505,69
2021-04-03,Orange,059,3164182,251851,249982,10858,260840,4755
2021-04-03,Placer,061,380077,21794,21060,1290,22350,276
2021-04-03,Plumas,063,18699,674,666,10,676,4
2021-04-03,Riverside,065,2383286,290102,283423,13754,297177,4237
2021-04-03,Sacramento,067,1510023,99770,98660,1471,100131,1531
2021-04-03,San Benito,069,59416,5903,5893,99,5992,61
2021-04-03,San Bernardino,071,2135413,289750,286473,8791,295264,4422
2021-04-03,San Diego,073,3302833,272193,271335,13695,285030,3571
2021-04-03,San Francisco,075,870044,35502,35488,1216,36704,489
2021-04-03,San Joaquin,077,732212,70203,69100,3250,72350,1268
2021-04-03,San Luis Obispo,079,281455,20642,20301,632,20933,252
2021-04-03,San Mateo,081,765935,41024,40560,432,40992,350
2021-04-03,Santa Barbara,083,443738,33504,33172,1162,34334,443
2021-04-03,Santa Clara,085,1922200,114806,114865,666,115531,1893
2021-04-03,Santa Cruz,087,273765,15895,15205,806,16011,201
2021-04-03,Shasta,089,179085,11383,11418,1380,12798,184
2021-04-03,Sierra,091,2930,55,50,12,62,0
2021-04-03,Siskiyou,093,43540,1574,1509,266,1775,7
2021-04-03,Solano,095,438530,31080,30970,421,31391,237
2021-04-03,Sonoma,097,501317,29223,29315,285,29600,311
2021-04-03,Stanislaus,099,539301,53509,53137,5645,58782,686
2021-04-03,Sutter,101,95872,9208,9158,82,9240,106
2021-04-03,Tehama,103,63373,4823,4788,525,5313,52
2021-04-03,Trinity,105,12862,478,321,85,406,3
2021-04-03,Tulare,107,460477,49384,48327,8679,57006,818
2021-04-03,Tuolumne,109,53932,3916,3980,37,4017,57
2021-04-03,Ventura,111,848112,80082,79489,2902,82391,983
2021-04-03,Yolo,113,214977,13397,13414,250,13664,198
2021-04-03,Yuba,115,75493,5761,5716,113,5829,43
2021-04-02,Alameda,001,1643700,84311,83776,1826,85602,1217
2021-04-02,Alpine,003,1148,85,85,0,85,0
2021-04-02,Amador,005,37829,3594,3573,32,3605,45
2021-04-02,Butte,007,227075,11740,11350,1684,13034,193
2021-04-02,Calaveras,009,45235,2016,2010,12,2022,50
2021-04-02,Colusa,011,21464,1897,1891,275,2166,14
2021-04-02,Contra Costa,013,1133247,66177,65299,1153,66452,774
2021-04-02,Del Norte,015,27424,1218,1174,11,1185,6
2021-04-02,El Dorado,017,186661,9526,9437,626,10063,106
2021-04-02,Fresno,019,978130,100226,99551,8340,107891,1620
2021-04-02,Glenn,021,27897,2361,2331,535,2866,17
2021-04-02,Humboldt,023,135768,3476,3465,25,3490,35
2021-04-02,Imperial,025,180216,27740,27553,2724,30277,710
2021-04-02,Inyo,027,18085,1380,1377,10,1387,36
2021-04-02,Kern,029,883053,95603,94348,10364,104712,1233
2021-04-02,Kings,031,150075,22833,22571,1040,23611,239
2021-04-02,Lake,033,64148,3372,3348,8,3356,43
2021-04-02,Lassen,035,31185,5151,5134,103,5237,1
2021-04-02,Los Angeles,037,10098052,1189716,1181682,40546,1222228,23264
2021-04-02,Madera,039,155013,16197,16036,896,16932,230
2021-04-02,Marin,041,260295,13715,13649,221,13870,221
2021-04-02,Mariposa,043,17540,396,390,5,395,5
2021-04-02,Mendocino,045,87422,3766,3682,73,3755,45
2021-04-02,Merced,047,269075,29992,29998,950,30948,426
2021-04-02,Modoc,049,8938,358,346,120,466,3
2021-04-02,Mono,051,14174,1236,1246,17,1263,3
2021-04-02,Monterey,053,433212,42648,42359,1798,44157,341
2021-04-02,Napa,055,140530,9501,9453,34,9487,78
2021-04-02,Nevada,057,99092,4389,4323,182,4505,69
2021-04-02,Orange,059,3164182,251755,249891,10845,260736,4748
2021-04-02,Placer,061,380077,21758,21035,1284,22319,275
2021-04-02,Plumas,063,18699,674,666,10,676,4
2021-04-02,Riverside,065,2383286,290016,283328,13745,297073,4213
2021-04-02,Sacramento,067,1510023,99663,98648,1464,100112,1527
2021-04-02,San Benito,069,59416,5901,5888,97,5985,61
2021-04-02,San Bernardino,071,2135413,289677,286308,8787,295095,4417
2021-04-02,San Diego,073,3302833,272007,271036,13669,284705,3568
2021-04-02,San Francisco,075,870044,35467,35451,1214,36665,488
2021-04-02,San Joaquin,077,732212,70138,68996,3235,72231,1268
2021-04-02,San Luis Obispo,079,281455,20625,20271,631,20902,252
2021-04-02,San Mateo,081,765935,40982,40514,432,40946,350
2021-04-02,Santa Barbara,083,443738,33476,33145,1162,34307,443
2021-04-02,Santa Clara,085,1922200,114695,114777,664,115441,1882
2021-04-02,Santa Cruz,087,273765,15887,15216,806,16022,202
2021-04-02,Shasta,089,179085,11378,11377,1372,12749,181
2021-04-02,Sierra,091,2930,55,50,12,62,0
2021-04-02,Siskiyou,093,43540,1574,1508,265,1773,7
2021-04-02,Solano,095,438530,31051,30951,418,31369,237
2021-04-02,Sonoma,097,501317,29202,29288,284,29572,311
2021-04-02,Stanislaus,099,539301,53464,53073,5639,58712,687
2021-04-02,Sutter,101,95872,9200,9131,82,9213,106
2021-04-02,Tehama,103,63373,4816,4775,524,5299,52
2021-04-02,Trinity,105,12862,478,320,85,405,3
2021-04-02,Tulare,107,460477,49378,48306,8673,56979,818
2021-04-02,Tuolumne,109,53932,3913,3980,37,4017,57
2021-04-02,Ventura,111,848112,80054,79434,2900,82334,982
2021-04-02,Yolo,113,214977,13387,13381,250,13631,197
2021-04-02,Yuba,115,75493,5757,5709,113,5822,44
2021-04-01,Alameda,001,1643700,84232,83574,1821,85395,1216
2021-04-01,Alpine,003,1148,85,85,0,85,0
2021-04-01,Amador,005,37829,3590,3558,32,3590,45
2021-04-01,Butte,007,227075,11722,11328,1682,13010,193
2021-04-01,Calaveras,009,45235,2012,2006,12,2018,50
2021-04-01,Colusa,011,21464,1894,1890,275,2165,14
2021-04-01,Contra Costa,013,1133247,66117,65176,1151,66327,771
2021-04-01,Del Norte,015,27424,1213,1138,11,1149,6
2021-04-01,El Dorado,017,186661,9517,9393,622,10015,106
2021-04-01,Fresno,019,978130,100172,99317,8332,107649,1616
2021-04-01,Glenn,021,27897,2361,2322,534,2856,17
2021-04-01,Humboldt,023,135768,3472,3464,25,3489,35
2021-04-01,Imperial,025,180216,27710,27520,2718,30238,710
2021-04-01,Inyo,027,18085,1379,1374,10,1384,36
2021-04-01,Kern,029,883053,95567,94244,10352,104596,1233
2021-04-01,Kings,031,150075,22826,22560,1039,23599,239
2021-04-01,Lake,033,64148,3367,3337,8,3345,43
2021-04-01,Lassen,035,31185,5150,5132,103,5235,1
2021-04-01,Los Angeles,037,10098052,1189225,1181101,40520,1221621,23220
2021-04-01,Madera,039,155013,16181,16023,896,16919,230
2021-04-01,Marin,041,260295,13705,13635,221,13856,221
2021-04-01,Mariposa,043,17540,394,389,5,394,5
2021-04-01,Mendocino,045,87422,3766,3680,73,3753,45
2021-04-01,Merced,047,269075,29958,29820,950,30770,425
2021-04-01,Modoc,049,8938,357,346,120,466,3
2021-04-01,Mono,051,14174,1236,1245,17,1262,3
2021-04-01,Monterey,053,433212,42640,42324,1796,44120,339
2021-04-01,Napa,055,140530,9489,9410,34,9444,78
2021-04-01,Nevada,057,99092,4379,4288,181,4469,68
2021-04-01,Orange,059,3164182,251635,249617,10828,260445,4742
2021-04-01,Placer,061,380077,21719,20909,1272,22181,274
2021-04-01,Plumas,063,18699,674,664,10,674,4
2021-04-01,Riverside,065,2383286,289911,283128,13742,296870,4193
2021-04-01,Sacramento,067,1510023,99519,97952,1450,99402,1521
2021-04-01,San Benito,069,59416,5893,5878,96,5974,61
2021-04-01,San Bernardino,071,2135413,289560,286086,8778,294864,4404
2021-04-01,San Diego,073,3302833,271783,270540,13639,284179,3555
2021-04-01,San Francisco,075,870044,35446,35386,1211,36597,488
2021-04-01,San Joaquin,077,732212,70056,68802,3227,72029,1262
2021-04-01,San Luis Obispo,079,281455,20596,20235,630,20865,252
2021-04-01,San Mateo,081,765935,40941,40454,432,40886,350
2021-04-01,Santa Barbara,083,443738,33430,33096,1157,34253,443
2021-04-01,Santa Clara,085,1922200,114582,114606,663,115269,1874
2021-04-01,Santa Cruz,087,273765,15872,15271,806,16077,202
2021-04-01,Shasta,089,179085,11363,11355,1367,12722,181
2021-04-01,Sierra,091,2930,55,50,12,62,0
2021-04-01,Siskiyou,093,43540,1572,1507,264,1771,7
2021-04-01,Solano,095,438530,31018,30850,415,31265,237
2021-04-01,Sonoma,097,501317,29171,29241,277,29518,311
2021-04-01,Stanislaus,099,539301,53401,52825,5633,58458,687
2021-04-01,Sutter,101,95872,9188,9105,82,9187,106
2021-04-01,Tehama,103,63373,4810,4764,521,5285,52
2021-04-01,Trinity,105,12862,478,319,85,404,3
2021-04-01,Tulare,107,460477,49355,48279,8663,56942,817
2021-04-01,Tuolumne,109,53932,3911,3978,37,4015,57
2021-04-01,Ventura,111,848112,80030,79369,2899,82268,977
2021-04-01,Yolo,113,214977,13374,13342,250,13592,197
2021-04-01,Yuba,115,75493,5752,5694,113,5807,44
2021-03-31,Alameda,001,1643700,84150,83475,1816,85291,1215
2021-03-31,Alpine,003,1148,85,85,0,85,0
2021-03-31,Amador,005,37829,3587,3556,32,3588,45
2021-03-31,Butte,007,227075,11712,11321,1679,13000,193
2021-03-31,Calaveras,009,45235,2010,2005,12,2017,50
2021-03-31,Colusa,011,21464,1894,1890,275,2165,14
2021-03-31,Contra Costa,013,1133247,66032,65109,1150,66259,769
2021-03-31,Del Norte,015,27424,1204,1129,11,1140,6
2021-03-31,El Dorado,017,186661,9500,9390,622,10012,106
2021-03-31,Fresno,019,978130,100079,99240,8315,107555,1616
2021-03-31,Glenn,021,27897,2357,2318,532,2850,17
2021-03-31,Humboldt,023,135768,3466,3460,25,3485,35
2021-03-31,Imperial,025,180216,27690,27506,2714,30220,710
2021-03-31,Inyo,027,18085,1376,1373,9,1382,35
2021-03-31,Kern,029,883053,95524,94205,10342,104547,1229
2021-03-31,Kings,031,150075,22823,22540,1039,23579,239
2021-03-31,Lake,033,64148,3363,3332,8,3340,43
2021-03-31,Lassen,035,31185,5146,5132,103,5235,1
2021-03-31,Los Angeles,037,10098052,1188757,1180538,40480,1221018,23171
2021-03-31,Madera,039,155013,16167,16015,895,16910,229
2021-03-31,Marin,041,260295,13694,13624,221,13845,221
2021-03-31,Mariposa,043,17540,394,389,5,394,5
2021-03-31,Mendocino,045,87422,3760,3675,73,3748,45
2021-03-31,Merced,047,269075,29929,29780,950,30730,423
2021-03-31,Modoc,049,8938,357,346,120,466,3
2021-03-31,Mono,051,14174,1236,1245,17,1262,3
2021-03-31,Monterey,053,433212,42623,42309,1794,44103,338
2021-03-31,Napa,055,140530,9471,9401,34,9435,78
2021-03-31,Nevada,057,99092,4373,4283,181,4464,68
2021-03-31,Orange,059,3164182,251524,249518,10813,260331,4731
2021-03-31,Placer,061,380077,21669,20885,1265,22150,271
2021-03-31,Plumas,063,18699,673,663,10,673,4
2021-03-31,Riverside,065,2383286,289809,283006,13732,296738,4171
2021-03-31,Sacramento,067,1510023,99344,97760,1443,99203,1519
2021-03-31,San Benito,069,59416,5883,5875,96,5971,61
2021-03-31,San Bernardino,071,2135413,289466,285916,8775,294691,4356
2021-03-31,San Diego,073,3302833,271552,270288,13604,283892,3555
2021-03-31,San Francisco,075,870044,35401,35347,1210,36557,474
2021-03-31,San Joaquin,077,732212,69967,68685,3211,71896,1259
2021-03-31,San Luis Obispo,079,281455,20575,20215,629,20844,251
2021-03-31,San Mateo,081,765935,40911,40423,432,40855,350
2021-03-31,Santa Barbara,083,443738,33398,33052,1155,34207,443
2021-03-31,Santa Clara,085,1922200,114455,114499,663,115162,1874
2021-03-31,Santa Cruz,087,273765,15859,15295,805,16100,201
2021-03-31,Shasta,089,179085,11351,11327,1359,12686,179
2021-03-31,Sierra,091,2930,55,50,12,62,0
2021-03-31,Siskiyou,093,43540,1571,1505,264,1769,7
2021-03-31,Solano,095,438530,30972,30824,414,31238,235
2021-03-31,Sonoma,097,501317,29144,29216,277,29493,311
2021-03-31,Stanislaus,099,539301,53333,52782,5621,58403,687
2021-03-31,Sutter,101,95872,9177,9111,82,9193,106
2021-03-31,Tehama,103,63373,4805,4762,518,5280,52
2021-03-31,Trinity,105,12862,478,319,85,404,3
2021-03-31,Tulare,107,460477,49335,48261,8647,56908,816
2021-03-31,Tuolumne,109,53932,3910,3976,37,4013,57
2021-03-31,Ventura,111,848112,79998,79326,2895,82221,969
2021-03-31,Yolo,113,214977,13357,13359,249,13608,197
2021-03-31,Yuba,115,75493,5745,5686,113,5799,44
2021-03-30,Alameda,001,1643700,84050,83395,1813,85208,1211
2021-03-30,Alpine,003,1148,85,85,0,85,0
2021-03-30,Amador,005,37829,3584,3551,32,3583,45
2021-03-30,Butte,007,227075,11700,11296,1676,12972,193
2021-03-30,Calaveras,009,45235,2004,1997,12,2009,50
2021-03-30,Colusa,011,21464,1893,1890,274,2164,14
2021-03-30,Contra Costa,013,1133247,65943,65041,1148,66189,767
2021-03-30,Del Norte,015,27424,1196,1118,10,1128,6
2021-03-30,El Dorado,017,186661,9481,9381,619,10000,105
2021-03-30,Fresno,019,978130,100014,99156,8302,107458,1609
2021-03-30,Glenn,021,27897,2357,2310,531,2841,17
2021-03-30,Humboldt,023,135768,3464,3461,25,3486,35
2021-03-30,Imperial,025,180216,27661,27471,2712,30183,706
2021-03-30,Inyo,027,18085,1376,1374,9,1383,35
2021-03-30,Kern,029,883053,95482,94151,10333,104484,1221
2021-03-30,Kings,031,150075,22819,22530,1037,23567,238
2021-03-30,Lake,033,64148,3357,3330,8,3338,43
2021-03-30,Lassen,035,31185,5146,5132,103,5235,1
2021-03-30,Los Angeles,037,10098052,1188263,1180044,40458,1220502,23136
2021-03-30,Madera,039,155013,16157,16003,891,16894,229
2021-03-30,Marin,041,260295,13685,13611,213,13824,221
2021-03-30,Mariposa,043,17540,394,388,5,393,5
2021-03-30,Mendocino,045,87422,3758,3670,73,3743,45
2021-03-30,Merced,047,269075,29893,29731,950,30681,423
2021-03-30,Modoc,049,8938,356,346,120,466,3
2021-03-30,Mono,051,14174,1235,1245,17,1262,3
2021-03-30,Monterey,053,433212,42597,42308,1791,44099,338
2021-03-30,Napa,055,140530,9456,9391,34,9425,78
2021-03-30,Nevada,057,99092,4361,4266,180,4446,68
2021-03-30,Orange,059,3164182,251395,249412,10786,260198,4727
2021-03-30,Placer,061,380077,21629,20866,1259,22125,271
2021-03-30,Plumas,063,18699,673,661,10,671,4
2021-03-30,Riverside,065,2383286,289684,282930,13723,296653,4154
2021-03-30,Sacramento,067,1510023,99207,97718,1439,99157,1516
2021-03-30,San Benito,069,59416,5877,5870,96,5966,61
2021-03-30,San Bernardino,071,2135413,289358,285758,8766,294524,4343
2021-03-30,San Diego,073,3302833,271313,269998,13566,283564,3555
2021-03-30,San Francisco,075,870044,35351,35325,1209,36534,474
2021-03-30,San Joaquin,077,732212,69879,68613,3201,71814,1232
2021-03-30,San Luis Obispo,079,281455,20555,20194,629,20823,251
2021-03-30,San Mateo,081,765935,40866,40377,432,40809,349
2021-03-30,Santa Barbara,083,443738,33372,33016,1155,34171,441
2021-03-30,Santa Clara,085,1922200,114332,114413,662,115075,1873
2021-03-30,Santa Cruz,087,273765,15853,15278,805,16083,201
2021-03-30,Shasta,089,179085,11343,11316,1358,12674,184
2021-03-30,Sierra,091,2930,55,50,12,62,0
2021-03-30,Siskiyou,093,43540,1570,1501,264,1765,7
2021-03-30,Solano,095,438530,30942,30802,413,31215,232
2021-03-30,Sonoma,097,501317,29112,29198,277,29475,311
2021-03-30,Stanislaus,099,539301,53255,52690,5613,58303,677
2021-03-30,Sutter,101,95872,9173,9107,81,9188,106
2021-03-30,Tehama,103,63373,4796,4748,517,5265,52
2021-03-30,Trinity,105,12862,478,316,85,401,3
2021-03-30,Tulare,107,460477,49320,48249,8638,56887,815
2021-03-30,Tuolumne,109,53932,3905,3972,37,4009,57
2021-03-30,Ventura,111,848112,79954,79282,2892,82174,958
2021-03-30,Yolo,113,214977,13345,13353,249,13602,195
2021-03-30,Yuba,115,75493,5734,5679,107,5786,42
2021-03-29,Alameda,001,1643700,83949,83338,1811,85149,1211
2021-03-29,Alpine,003,1148,85,85,0,85,0
2021-03-29,Amador,005,37829,3578,3549,32,3581,45
2021-03-29,Butte,007,227075,11691,11291,1673,12964,191
2021-03-29,Calaveras,009,45235,2003,1998,12,2010,50
2021-03-29,Colusa,011,21464,1893,1889,273,2162,14
2021-03-29,Contra Costa,013,1133247,65874,64971,1147,66118,767
2021-03-29,Del Norte,015,27424,1191,1116,9,1125,6
2021-03-29,El Dorado,017,186661,9461,9374,613,9987,105
2021-03-29,Fresno,019,978130,99931,99085,8287,107372,1606
2021-03-29,Glenn,021,27897,2350,2310,531,2841,17
2021-03-29,Humboldt,023,135768,3459,3459,25,3484,34
2021-03-29,Imperial,025,180216,27640,27442,2709,30151,704
2021-03-29,Inyo,027,18085,1376,1372,9,1381,35
2021-03-29,Kern,029,883053,95435,94098,10313,104411,1220
2021-03-29,Kings,031,150075,22807,22522,1036,23558,238
2021-03-29,Lake,033,64148,3354,3325,8,3333,43
2021-03-29,Lassen,035,31185,5146,5131,103,5234,1
2021-03-29,Los Angeles,037,10098052,1187768,1179736,40418,1220154,23108
2021-03-29,Madera,039,155013,16137,15987,889,16876,210
2021-03-29,Marin,041,260295,13673,13600,209,13809,220
2021-03-29,Mariposa,043,17540,393,388,5,393,5
2021-03-29,Mendocino,045,87422,3755,3667,73,3740,45
2021-03-29,Merced,047,269075,29869,29699,950,30649,422
2021-03-29,Modoc,049,8938,355,344,120,464,3
2021-03-29,Mono,051,14174,1234,1243,17,1260,3
2021-03-29,Monterey,053,433212,42581,42305,1786,44091,337
2021-03-29,Napa,055,140530,9440,9379,34,9413,78
2021-03-29,Nevada,057,99092,4354,4258,180,4438,68
2021-03-29,Orange,059,3164182,251283,249295,10774,260069,4713
2021-03-29,Placer,061,380077,21594,20827,1252,22079,267
2021-03-29,Plumas,063,18699,672,660,10,670,4
2021-03-29,Riverside,065,2383286,289581,282867,13722,296589,4133
2021-03-29,Sacramento,067,1510023,99013,97577,1431,99008,1514
2021-03-29,San Benito,069,59416,5870,5865,96,5961,61
2021-03-29,San Bernardino,071,2135413,289261,285615,8762,294377,4335
2021-03-29,San Diego,073,3302833,271047,269771,13540,283311,3547
2021-03-29,San Francisco,075,870044,35316,35291,1206,36497,474
2021-03-29,San Joaquin,077,732212,69793,68537,3188,71725,1211
2021-03-29,San Luis Obispo,079,281455,20520,20176,628,20804,250
2021-03-29,San Mateo,081,765935,40824,40357,431,40788,348
2021-03-29,Santa Barbara,083,443738,33338,32983,1154,34137,439
2021-03-29,Santa Clara,085,1922200,114224,114335,657,114992,1871
2021-03-29,Santa Cruz,087,273765,15842,15249,804,16053,201
2021-03-29,Shasta,089,179085,11325,11313,1356,12669,183
2021-03-29,Sierra,091,2930,55,50,12,62,0
2021-03-29,Siskiyou,093,43540,1568,1497,263,1760,6
2021-03-29,Solano,095,438530,30903,30762,411,31173,232
2021-03-29,Sonoma,097,501317,29089,29184,274,29458,310
2021-03-29,Stanislaus,099,539301,53172,52614,5605,58219,677
2021-03-29,Sutter,101,95872,9166,9105,81,9186,106
2021-03-29,Tehama,103,63373,4788,4742,516,5258,52
2021-03-29,Trinity,105,12862,478,314,85,399,3
2021-03-29,Tulare,107,460477,49292,48226,8627,56853,815
2021-03-29,Tuolumne,109,53932,3903,3969,37,4006,57
2021-03-29,Ventura,111,848112,79912,79252,2892,82144,956
2021-03-29,Yolo,113,214977,13327,13346,249,13595,195
2021-03-29,Yuba,115,75493,5727,5671,106,5777,42
2021-03-28,Alameda,001,1643700,83828,83239,1809,85048,1212
2021-03-28,Alpine,003,1148,85,85,0,85,0
2021-03-28,Amador,005,37829,3574,3541,32,3573,45
2021-03-28,Butte,007,227075,11678,11285,1671,12956,191
2021-03-28,Calaveras,009,45235,2001,1995,12,2007,50
2021-03-28,Colusa,011,21464,1892,1889,273,2162,14
2021-03-28,Contra Costa,013,1133247,65800,64878,1143,66021,767
2021-03-28,Del Norte,015,27424,1184,1107,7,1114,6
2021-03-28,El Dorado,017,186661,9446,9371,611,9982,105
2021-03-28,Fresno,019,978130,99849,99004,8275,107279,1606
2021-03-28,Glenn,021,27897,2346,2309,529,2838,17
2021-03-28,Humboldt,023,135768,3456,3452,24,3476,34
2021-03-28,Imperial,025,180216,27613,27426,2706,30132,704
2021-03-28,Inyo,027,18085,1375,1372,9,1381,35
2021-03-28,Kern,029,883053,95390,94084,10302,104386,1219
2021-03-28,Kings,031,150075,22802,22514,1033,23547,238
2021-03-28,Lake,033,64148,3349,3320,8,3328,43
2021-03-28,Lassen,035,31185,5146,5131,102,5233,1
2021-03-28,Los Angeles,037,10098052,1187218,1179316,40359,1219675,23101
2021-03-28,Madera,039,155013,16122,15973,888,16861,210
2021-03-28,Marin,041,260295,13660,13594,207,13801,221
2021-03-28,Mariposa,043,17540,393,388,5,393,5
2021-03-28,Mendocino,045,87422,3753,3666,73,3739,45
2021-03-28,Merced,047,269075,29812,29679,950,30629,422
2021-03-28,Modoc,049,8938,355,344,120,464,3
2021-03-28,Mono,051,14174,1233,1242,17,1259,3
2021-03-28,Monterey,053,433212,42558,42294,1782,44076,337
2021-03-28,Napa,055,140530,9426,9368,34,9402,78
2021-03-28,Nevada,057,99092,4340,4239,180,4419,68
2021-03-28,Orange,059,3164182,251128,249238,10764,260002,4713
2021-03-28,Placer,061,380077,21550,20796,1246,22042,267
2021-03-28,Plumas,063,18699,670,657,10,667,4
2021-03-28,Riverside,065,2383286,289467,282811,13713,296524,4132
2021-03-28,Sacramento,067,1510023,98839,97425,1425,98850,1514
2021-03-28,San Benito,069,59416,5865,5862,96,5958,61
2021-03-28,San Bernardino,071,2135413,289142,285570,8753,294323,4332
2021-03-28,San Diego,073,3302833,270772,269476,13512,282988,3547
2021-03-28,San Francisco,075,870044,35270,35286,1202,36488,474
2021-03-28,San Joaquin,077,732212,69668,68459,3169,71628,1211
2021-03-28,San Luis Obispo,079,281455,20485,20172,625,20797,250
2021-03-28,San Mateo,081,765935,40779,40305,431,40736,348
2021-03-28,Santa Barbara,083,443738,33298,32953,1153,34106,439
2021-03-28,Santa Clara,085,1922200,114124,114232,653,114885,1871
2021-03-28,Santa Cruz,087,273765,15828,15238,803,16041,201
2021-03-28,Shasta,089,179085,11299,11308,1345,12653,183
2021-03-28,Sierra,091,2930,55,50,12,62,0
2021-03-28,Siskiyou,093,43540,1568,1497,262,1759,6
2021-03-28,Solano,095,438530,30866,30719,409,31128,232
2021-03-28,Sonoma,097,501317,29053,29161,272,29433,310
2021-03-28,Stanislaus,099,539301,53084,52567,5590,58157,678
2021-03-28,Sutter,101,95872,9157,9094,81,9175,106
2021-03-28,Tehama,103,63373,4778,4740,514,5254,52
2021-03-28,Trinity,105,12862,476,314,84,398,3
2021-03-28,Tulare,107,460477,49263,48218,8621,56839,815
2021-03-28,Tuolumne,109,53932,3900,3969,36,4005,57
2021-03-28,Ventura,111,848112,79861,79222,2887,82109,956
2021-03-28,Yolo,113,214977,13310,13325,248,13573,194
2021-03-28,Yuba,115,75493,5723,5662,106,5768,42
2021-03-27,Alameda,001,1643700,83757,83169,1805,84974,1211
2021-03-27,Alpine,003,1148,85,85,0,85,0
2021-03-27,Amador,005,37829,3569,3538,32,3570,45
2021-03-27,Butte,007,227075,11671,11278,1670,12948,191
2021-03-27,Calaveras,009,45235,1998,1992,12,2004,50
2021-03-27,Colusa,011,21464,1892,1889,273,2162,14
2021-03-27,Contra Costa,013,1133247,65730,64804,1140,65944,767
2021-03-27,Del Norte,015,27424,1174,1104,7,1111,6
2021-03-27,El Dorado,017,186661,9432,9367,611,9978,105
2021-03-27,Fresno,019,978130,99796,98901,8269,107170,1606
2021-03-27,Glenn,021,27897,2345,2308,529,2837,17
2021-03-27,Humboldt,023,135768,3451,3442,24,3466,34
2021-03-27,Imperial,025,180216,27601,27406,2703,30109,704
2021-03-27,Inyo,027,18085,1373,1372,9,1381,35
2021-03-27,Kern,029,883053,95370,94041,10290,104331,1217
2021-03-27,Kings,031,150075,22799,22502,1033,23535,238
2021-03-27,Lake,033,64148,3347,3317,8,3325,43
2021-03-27,Lassen,035,31185,5146,5129,102,5231,1
2021-03-27,Los Angeles,037,10098052,1186904,1178831,40332,1219163,23103
2021-03-27,Madera,039,155013,16115,15968,886,16854,210
2021-03-27,Marin,041,260295,13655,13579,207,13786,222
2021-03-27,Mariposa,043,17540,393,386,5,391,5
2021-03-27,Mendocino,045,87422,3751,3666,73,3739,45
2021-03-27,Merced,047,269075,29779,29647,948,30595,422
2021-03-27,Modoc,049,8938,355,344,120,464,3
2021-03-27,Mono,051,14174,1231,1241,17,1258,3
2021-03-27,Monterey,053,433212,42548,42271,1782,44053,337
2021-03-27,Napa,055,140530,9414,9360,34,9394,78
2021-03-27,Nevada,057,99092,4330,4231,180,4411,68
2021-03-27,Orange,059,3164182,251035,249160,10748,259908,4698
2021-03-27,Placer,061,380077,21530,20717,1239,21956,267
2021-03-27,Plumas,063,18699,669,655,10,665,4
2021-03-27,Riverside,065,2383286,289405,282707,13705,296412,4132
2021-03-27,Sacramento,067,1510023,98749,97247,1423,98670,1513
2021-03-27,San Benito,069,59416,5863,5862,94,5956,61
2021-03-27,San Bernardino,071,2135413,289080,285480,8751,294231,4325
2021-03-27,San Diego,073,3302833,270601,269271,13490,282761,3540
2021-03-27,San Francisco,075,870044,35246,35244,1200,36444,474
2021-03-27,San Joaquin,077,732212,69608,68365,3161,71526,1211
2021-03-27,San Luis Obispo,079,281455,20474,20153,622,20775,250
2021-03-27,San Mateo,081,765935,40756,40264,431,40695,348
2021-03-27,Santa Barbara,083,443738,33274,32921,1153,34074,439
2021-03-27,Santa Clara,085,1922200,114028,114124,651,114775,1871
2021-03-27,Santa Cruz,087,273765,15822,15215,803,16018,201
2021-03-27,Shasta,089,179085,11288,11288,1343,12631,183
2021-03-27,Sierra,091,2930,55,50,12,62,0
2021-03-27,Siskiyou,093,43540,1568,1497,262,1759,6
2021-03-27,Solano,095,438530,30838,30669,408,31077,232
2021-03-27,Sonoma,097,501317,29038,29133,270,29403,310
2021-03-27,Stanislaus,099,539301,53019,52497,5582,58079,678
2021-03-27,Sutter,101,95872,9149,9093,81,9174,106
2021-03-27,Tehama,103,63373,4772,4738,512,5250,52
2021-03-27,Trinity,105,12862,476,313,84,397,3
2021-03-27,Tulare,107,460477,49247,48203,8613,56816,813
2021-03-27,Tuolumne,109,53932,3897,3968,36,4004,57
2021-03-27,Ventura,111,848112,79834,79184,2885,82069,956
2021-03-27,Yolo,113,214977,13305,13317,247,13564,194
2021-03-27,Yuba,115,75493,5721,5657,106,5763,42
2021-03-26,Alameda,001,1643700,83695,83043,1803,84846,1208
2021-03-26,Alpine,003,1148,85,85,0,85,0
2021-03-26,Amador,005,37829,3564,3532,32,3564,45
2021-03-26,Butte,007,227075,11661,11278,1670,12948,191
2021-03-26,Calaveras,009,45235,1997,1989,12,2001,50
2021-03-26,Colusa,011,21464,1892,1889,273,2162,14
2021-03-26,Contra Costa,013,1133247,65670,64699,1137,65836,761
2021-03-26,Del Norte,015,27424,1171,1101,7,1108,6
2021-03-26,El Dorado,017,186661,9427,9353,611,9964,105
2021-03-26,Fresno,019,978130,99734,98731,8259,106990,1601
2021-03-26,Glenn,021,27897,2345,2307,528,2835,17
2021-03-26,Humboldt,023,135768,3449,3431,24,3455,34
2021-03-26,Imperial,025,180216,27577,27374,2703,30077,701
2021-03-26,Inyo,027,18085,1372,1369,9,1378,35
2021-03-26,Kern,029,883053,95344,93949,10284,104233,1211
2021-03-26,Kings,031,150075,22791,22493,1031,23524,239
2021-03-26,Lake,033,64148,3346,3314,8,3322,43
2021-03-26,Lassen,035,31185,5145,5131,102,5233,1
2021-03-26,Los Angeles,037,10098052,1186568,1178213,40318,1218531,23080
2021-03-26,Madera,039,155013,16105,15952,886,16838,210
2021-03-26,Marin,041,260295,13649,13553,202,13755,221
2021-03-26,Mariposa,043,17540,393,386,5,391,5
2021-03-26,Mendocino,045,87422,3750,3664,73,3737,45
2021-03-26,Merced,047,269075,29756,29613,946,30559,419
2021-03-26,Modoc,049,8938,355,344,120,464,3
2021-03-26,Mono,051,14174,1230,1236,17,1253,3
2021-03-26,Monterey,053,433212,42535,42241,1778,44019,338
2021-03-26,Napa,055,140530,9404,9349,34,9383,78
2021-03-26,Nevada,057,99092,4310,4222,180,4402,83
2021-03-26,Orange,059,3164182,250972,248995,10734,259729,4671
2021-03-26,Placer,061,380077,21504,20679,1238,21917,259
2021-03-26,Plumas,063,18699,668,654,10,664,4
2021-03-26,Riverside,065,2383286,289327,282602,13699,296301,4109
2021-03-26,Sacramento,067,1510023,98649,97040,1418,98458,1509
2021-03-26,San Benito,069,59416,5860,5855,94,5949,61
2021-03-26,San Bernardino,071,2135413,289024,285313,8749,294062,4288
2021-03-26,San Diego,073,3302833,270423,269045,13464,282509,3525
2021-03-26,San Francisco,075,870044,35220,35186,1200,36386,472
2021-03-26,San Joaquin,077,732212,69545,68249,3157,71406,1202
2021-03-26,San Luis Obispo,079,281455,20461,20118,622,20740,250
2021-03-26,San Mateo,081,765935,40721,40199,431,40630,348
2021-03-26,Santa Barbara,083,443738,33244,32895,1152,34047,439
2021-03-26,Santa Clara,085,1922200,113930,113959,650,114609,1868
2021-03-26,Santa Cruz,087,273765,15807,15199,802,16001,201
2021-03-26,Shasta,089,179085,11279,11276,1337,12613,182
2021-03-26,Sierra,091,2930,55,50,12,62,0
2021-03-26,Siskiyou,093,43540,1568,1493,261,1754,6
2021-03-26,Solano,095,438530,30813,30640,408,31048,205
2021-03-26,Sonoma,097,501317,29022,29101,267,29368,310
2021-03-26,Stanislaus,099,539301,52951,52420,5578,57998,678
2021-03-26,Sutter,101,95872,9146,9082,81,9163,104
2021-03-26,Tehama,103,63373,4771,4722,511,5233,51
2021-03-26,Trinity,105,12862,476,311,84,395,3
2021-03-26,Tulare,107,460477,49232,48179,8605,56784,813
2021-03-26,Tuolumne,109,53932,3896,3965,36,4001,57
2021-03-26,Ventura,111,848112,79800,79122,2883,82005,953
2021-03-26,Yolo,113,214977,13298,13299,245,13544,194
2021-03-26,Yuba,115,75493,5711,5653,106,5759,42
2021-03-25,Alameda,001,1643700,83599,82945,1801,84746,1206
2021-03-25,Alpine,003,1148,85,84,0,84,0
2021-03-25,Amador,005,37829,3562,3530,32,3562,45
2021-03-25,Butte,007,227075,11651,11270,1670,12940,188
2021-03-25,Calaveras,009,45235,1996,1982,12,1994,50
2021-03-25,Colusa,011,21464,1892,1888,273,2161,14
2021-03-25,Contra Costa,013,1133247,65603,64606,1133,65739,757
2021-03-25,Del Norte,015,27424,1165,1095,7,1102,6
2021-03-25,El Dorado,017,186661,9417,9331,611,9942,105
2021-03-25,Fresno,019,978130,99616,98602,8246,106848,1593
2021-03-25,Glenn,021,27897,2344,2302,527,2829,17
2021-03-25,Humboldt,023,135768,3444,3423,24,3447,34
2021-03-25,Imperial,025,180216,27561,27352,2701,30053,699
2021-03-25,Inyo,027,18085,1372,1369,9,1378,35
2021-03-25,Kern,029,883053,95312,93857,10279,104136,1206
2021-03-25,Kings,031,150075,22781,22472,1031,23503,237
2021-03-25,Lake,033,64148,3341,3312,8,3320,43
2021-03-25,Lassen,035,31185,5145,5129,102,5231,1
2021-03-25,Los Angeles,037,10098052,1186135,1177490,40283,1217773,23051
2021-03-25,Madera,039,155013,16086,15937,884,16821,210
2021-03-25,Marin,041,260295,13640,13538,199,13737,219
2021-03-25,Mariposa,043,17540,393,386,5,391,5
2021-03-25,Mendocino,045,87422,3749,3664,73,3737,45
2021-03-25,Merced,047,269075,29722,29576,938,30514,416
2021-03-25,Modoc,049,8938,355,343,120,463,3
2021-03-25,Mono,051,14174,1230,1235,17,1252,3
2021-03-25,Monterey,053,433212,42514,42220,1773,43993,336
2021-03-25,Napa,055,140530,9385,9321,34,9355,78
2021-03-25,Nevada,057,99092,4292,4202,178,4380,84
2021-03-25,Orange,059,3164182,250856,248871,10714,259585,4655
2021-03-25,Placer,061,380077,21463,20639,1231,21870,252
2021-03-25,Plumas,063,18699,668,654,10,664,4
2021-03-25,Riverside,065,2383286,289230,282492,13688,296180,4078
2021-03-25,Sacramento,067,1510023,98504,96823,1415,98238,1505
2021-03-25,San Benito,069,59416,5857,5850,94,5944,61
2021-03-25,San Bernardino,071,2135413,288942,285134,8744,293878,4222
2021-03-25,San Diego,073,3302833,270195,268623,13433,282056,3520
2021-03-25,San Francisco,075,870044,35181,35154,1198,36352,468
2021-03-25,San Joaquin,077,732212,69448,68089,3118,71207,1196
2021-03-25,San Luis Obispo,079,281455,20443,20076,622,20698,250
2021-03-25,San Mateo,081,765935,40681,40147,431,40578,348
2021-03-25,Santa Barbara,083,443738,33217,32857,1152,34009,439
2021-03-25,Santa Clara,085,1922200,113826,113877,648,114525,1868
2021-03-25,Santa Cruz,087,273765,15786,15170,802,15972,201
2021-03-25,Shasta,089,179085,11262,11262,1334,12596,181
2021-03-25,Sierra,091,2930,55,50,12,62,0
2021-03-25,Siskiyou,093,43540,1566,1491,260,1751,6
2021-03-25,Solano,095,438530,30752,30583,406,30989,193
2021-03-25,Sonoma,097,501317,28987,29060,263,29323,310
2021-03-25,Stanislaus,099,539301,52884,52321,5571,57892,678
2021-03-25,Sutter,101,95872,9137,9069,81,9150,104
2021-03-25,Tehama,103,63373,4769,4719,510,5229,52
2021-03-25,Trinity,105,12862,476,310,84,394,3
2021-03-25,Tulare,107,460477,49205,48148,8592,56740,811
2021-03-25,Tuolumne,109,53932,3895,3962,36,3998,57
2021-03-25,Ventura,111,848112,79759,79045,2879,81924,952
2021-03-25,Yolo,113,214977,13292,13287,245,13532,194
2021-03-25,Yuba,115,75493,5705,5647,100,5747,42
2021-03-24,Alameda,001,1643700,83505,82871,1798,84669,1199
2021-03-24,Alpine,003,1148,85,84,0,84,0
2021-03-24,Amador,005,37829,3556,3529,32,3561,45
2021-03-24,Butte,007,227075,11641,11252,1666,12918,187
2021-03-24,Calaveras,009,45235,1993,1975,12,1987,50
2021-03-24,Colusa,011,21464,1892,1886,273,2159,14
2021-03-24,Contra Costa,013,1133247,65523,64539,1132,65671,755
2021-03-24,Del Norte,015,27424,1160,1087,7,1094,6
2021-03-24,El Dorado,017,186661,9411,9319,610,9929,105
2021-03-24,Fresno,019,978130,99526,98437,8231,106668,1585
2021-03-24,Glenn,021,27897,2343,2297,526,2823,17
2021-03-24,Humboldt,023,135768,3441,3414,24,3438,34
2021-03-24,Imperial,025,180216,27552,27325,2700,30025,699
2021-03-24,Inyo,027,18085,1372,1368,9,1377,35
2021-03-24,Kern,029,883053,95264,93800,10270,104070,1198
2021-03-24,Kings,031,150075,22766,22456,1029,23485,237
2021-03-24,Lake,033,64148,3337,3307,8,3315,43
2021-03-24,Lassen,035,31185,5143,5130,101,5231,1
2021-03-24,Los Angeles,037,10098052,1185659,1177015,40247,1217262,22993
2021-03-24,Madera,039,155013,16077,15918,883,16801,210
2021-03-24,Marin,041,260295,13626,13526,197,13723,219
2021-03-24,Mariposa,043,17540,393,384,5,389,5
2021-03-24,Mendocino,045,87422,3746,3660,73,3733,45
2021-03-24,Merced,047,269075,29680,29525,938,30463,415
2021-03-24,Modoc,049,8938,354,341,120,461,3
2021-03-24,Mono,051,14174,1229,1243,17,1260,3
2021-03-24,Monterey,053,433212,42492,42201,1770,43971,335
2021-03-24,Napa,055,140530,9365,9310,34,9344,78
2021-03-24,Nevada,057,99092,4278,4191,177,4368,85
2021-03-24,Orange,059,3164182,250741,248775,10696,259471,4638
2021-03-24,Placer,061,380077,21433,20606,1223,21829,250
2021-03-24,Plumas,063,18699,666,652,10,662,4
2021-03-24,Riverside,065,2383286,289146,282410,13685,296095,4058
2021-03-24,Sacramento,067,1510023,98329,96628,1403,98031,1500
2021-03-24,San Benito,069,59416,5856,5847,94,5941,61
2021-03-24,San Bernardino,071,2135413,288856,284983,8742,293725,4170
2021-03-24,San Diego,073,3302833,269980,268413,13405,281818,3509
2021-03-24,San Francisco,075,870044,35153,35103,1195,36298,462
2021-03-24,San Joaquin,077,732212,69377,67978,3106,71084,1196
2021-03-24,San Luis Obispo,079,281455,20413,20021,621,20642,250
2021-03-24,San Mateo,081,765935,40631,40083,431,40514,348
2021-03-24,Santa Barbara,083,443738,33190,32810,1152,33962,438
2021-03-24,Santa Clara,085,1922200,113710,113757,645,114402,1851
2021-03-24,Santa Cruz,087,273765,15772,15138,801,15939,202
2021-03-24,Shasta,089,179085,11243,11243,1332,12575,181
2021-03-24,Sierra,091,2930,55,50,12,62,0
2021-03-24,Siskiyou,093,43540,1564,1490,260,1750,6
2021-03-24,Solano,095,438530,30715,30552,405,30957,178
2021-03-24,Sonoma,097,501317,28967,29034,259,29293,310
2021-03-24,Stanislaus,099,539301,52808,52259,5562,57821,677
2021-03-24,Sutter,101,95872,9121,9049,81,9130,104
2021-03-24,Tehama,103,63373,4763,4719,509,5228,49
2021-03-24,Trinity,105,12862,475,310,84,394,3
2021-03-24,Tulare,107,460477,49194,48109,8579,56688,808
2021-03-24,Tuolumne,109,53932,3894,3961,36,3997,57
2021-03-24,Ventura,111,848112,79707,78993,2872,81865,944
2021-03-24,Yolo,113,214977,13281,13269,245,13514,194
2021-03-24,Yuba,115,75493,5699,5634,97,5731,42
2021-03-23,Alameda,001,1643700,83403,82799,1794,84593,1190
2021-03-23,Alpine,003,1148,85,84,0,84,0
2021-03-23,Amador,005,37829,3550,3524,32,3556,45
2021-03-23,Butte,007,227075,11629,11227,1665,12892,187
2021-03-23,Calaveras,009,45235,1991,1971,12,1983,50
2021-03-23,Colusa,011,21464,1890,1885,272,2157,14
2021-03-23,Contra Costa,013,1133247,65424,64491,1131,65622,750
2021-03-23,Del Norte,015,27424,1155,1082,7,1089,6
2021-03-23,El Dorado,017,186661,9401,9318,608,9926,105
2021-03-23,Fresno,019,978130,99413,98362,8205,106567,1575
2021-03-23,Glenn,021,27897,2338,2293,524,2817,17
2021-03-23,Humboldt,023,135768,3432,3405,24,3429,34
2021-03-23,Imperial,025,180216,27544,27320,2699,30019,699
2021-03-23,Inyo,027,18085,1370,1364,9,1373,35
2021-03-23,Kern,029,883053,95157,93728,10263,103991,1191
2021-03-23,Kings,031,150075,22755,22439,1027,23466,237
2021-03-23,Lake,033,64148,3335,3294,8,3302,43
2021-03-23,Lassen,035,31185,5143,5130,101,5231,1
2021-03-23,Los Angeles,037,10098052,1185139,1176572,40209,1216781,22904
2021-03-23,Madera,039,155013,16061,15908,882,16790,210
2021-03-23,Marin,041,260295,13603,13514,195,13709,221
2021-03-23,Mariposa,043,17540,392,384,5,389,5
2021-03-23,Mendocino,045,87422,3744,3652,73,3725,45
2021-03-23,Merced,047,269075,29647,29485,938,30423,415
2021-03-23,Modoc,049,8938,353,342,120,462,3
2021-03-23,Mono,051,14174,1228,1263,17,1280,3
2021-03-23,Monterey,053,433212,42481,42180,1768,43948,335
2021-03-23,Napa,055,140530,9340,9299,34,9333,78
2021-03-23,Nevada,057,99092,4259,4179,176,4355,89
2021-03-23,Orange,059,3164182,250615,248661,10678,259339,4626
2021-03-23,Placer,061,380077,21398,20567,1219,21786,248
2021-03-23,Plumas,063,18699,666,652,10,662,4
2021-03-23,Riverside,065,2383286,289046,282317,13678,295995,4035
2021-03-23,Sacramento,067,1510023,98137,96521,1397,97918,1496
2021-03-23,San Benito,069,59416,5851,5845,93,5938,61
2021-03-23,San Bernardino,071,2135413,288772,284875,8734,293609,4134
2021-03-23,San Diego,073,3302833,269735,268156,13373,281529,3498
2021-03-23,San Francisco,075,870044,35095,35071,1189,36260,462
2021-03-23,San Joaquin,077,732212,69281,67903,3088,70991,1182
2021-03-23,San Luis Obispo,079,281455,20372,20009,620,20629,250
2021-03-23,San Mateo,081,765935,40575,40032,430,40462,348
2021-03-23,Santa Barbara,083,443738,33152,32771,1151,33922,438
2021-03-23,Santa Clara,085,1922200,113594,113645,642,114287,1848
2021-03-23,Santa Cruz,087,273765,15757,15106,801,15907,201
2021-03-23,Shasta,089,179085,11230,11234,1331,12565,175
2021-03-23,Sierra,091,2930,55,50,12,62,0
2021-03-23,Siskiyou,093,43540,1559,1485,258,1743,6
2021-03-23,Solano,095,438530,30674,30524,404,30928,178
2021-03-23,Sonoma,097,501317,28930,29020,258,29278,310
2021-03-23,Stanislaus,099,539301,52709,52148,5554,57702,677
2021-03-23,Sutter,101,95872,9113,9039,81,9120,104
2021-03-23,Tehama,103,63373,4752,4707,508,5215,46
2021-03-23,Trinity,105,12862,475,310,84,394,3
2021-03-23,Tulare,107,460477,49167,48095,8563,56658,808
2021-03-23,Tuolumne,109,53932,3891,3957,36,3993,57
2021-03-23,Ventura,111,848112,79646,78930,2869,81799,932
2021-03-23,Yolo,113,214977,13270,13255,245,13500,194
2021-03-23,Yuba,115,75493,5694,5628,97,5725,42
2021-03-22,Alameda,001,1643700,83310,82748,1788,84536,1189
2021-03-22,Alpine,003,1148,84,83,0,83,0
2021-03-22,Amador,005,37829,3542,3522,32,3554,44
2021-03-22,Butte,007,227075,11620,11211,1663,12874,185
2021-03-22,Calaveras,009,45235,1987,1963,12,1975,49
2021-03-22,Colusa,011,21464,1888,1885,272,2157,13
2021-03-22,Contra Costa,013,1133247,65329,64432,1129,65561,740
2021-03-22,Del Norte,015,27424,1149,1082,7,1089,6
2021-03-22,El Dorado,017,186661,9385,9310,605,9915,105
2021-03-22,Fresno,019,978130,99315,98276,8192,106468,1556
2021-03-22,Glenn,021,27897,2330,2291,524,2815,17
2021-03-22,Humboldt,023,135768,3427,3403,24,3427,34
2021-03-22,Imperial,025,180216,27529,27302,2695,29997,699
2021-03-22,Inyo,027,18085,1367,1363,9,1372,35
2021-03-22,Kern,029,883053,95086,93675,10246,103921,1178
2021-03-22,Kings,031,150075,22742,22433,1022,23455,236
2021-03-22,Lake,033,64148,3334,3290,8,3298,43
2021-03-22,Lassen,035,31185,5141,5129,101,5230,1
2021-03-22,Los Angeles,037,10098052,1184628,1176205,40176,1216381,22843
2021-03-22,Madera,039,155013,16046,15904,882,16786,210
2021-03-22,Marin,041,260295,13594,13501,194,13695,221
2021-03-22,Mariposa,043,17540,391,381,5,386,5
2021-03-22,Mendocino,045,87422,3742,3653,73,3726,45
2021-03-22,Merced,047,269075,29604,29468,935,30403,413
2021-03-22,Modoc,049,8938,351,342,120,462,3
2021-03-22,Mono,051,14174,1223,1263,17,1280,3
2021-03-22,Monterey,053,433212,42465,42161,1766,43927,335
2021-03-22,Napa,055,140530,9329,9288,34,9322,77
2021-03-22,Nevada,057,99092,4248,4174,172,4346,89
2021-03-22,Orange,059,3164182,250464,248517,10644,259161,4599
2021-03-22,Placer,061,380077,21363,20543,1214,21757,242
2021-03-22,Plumas,063,18699,666,652,10,662,4
2021-03-22,Riverside,065,2383286,288946,282242,13667,295909,4009
2021-03-22,Sacramento,067,1510023,97959,96385,1387,97772,1493
2021-03-22,San Benito,069,59416,5848,5844,92,5936,61
2021-03-22,San Bernardino,071,2135413,288685,284771,8722,293493,4107
2021-03-22,San Diego,073,3302833,269523,267913,13353,281266,3494
2021-03-22,San Francisco,075,870044,35053,35040,1185,36225,462
2021-03-22,San Joaquin,077,732212,69189,67815,3070,70885,1182
2021-03-22,San Luis Obispo,079,281455,20348,20000,619,20619,250
2021-03-22,San Mateo,081,765935,40524,40024,429,40453,348
2021-03-22,Santa Barbara,083,443738,33107,32756,1149,33905,437
2021-03-22,Santa Clara,085,1922200,113474,113575,642,114217,1845
2021-03-22,Santa Cruz,087,273765,15745,15077,800,15877,201
2021-03-22,Shasta,089,179085,11216,11218,1330,12548,150
2021-03-22,Sierra,091,2930,55,50,12,62,0
2021-03-22,Siskiyou,093,43540,1558,1487,257,1744,5
2021-03-22,Solano,095,438530,30634,30490,400,30890,171
2021-03-22,Sonoma,097,501317,28901,29010,254,29264,310
2021-03-22,Stanislaus,099,539301,52625,52083,5549,57632,677
2021-03-22,Sutter,101,95872,9100,9024,81,9105,104
2021-03-22,Tehama,103,63373,4744,4704,508,5212,45
2021-03-22,Trinity,105,12862,475,310,84,394,3
2021-03-22,Tulare,107,460477,49152,48074,8543,56617,807
2021-03-22,Tuolumne,109,53932,3888,3954,36,3990,57
2021-03-22,Ventura,111,848112,79598,78890,2866,81756,927
2021-03-22,Yolo,113,214977,13258,13243,244,13487,190
2021-03-22,Yuba,115,75493,5683,5627,95,5722,42
2021-03-21,Alameda,001,1643700,83219,82684,1785,84469,1187
2021-03-21,Alpine,003,1148,84,83,0,83,0
2021-03-21,Amador,005,37829,3538,3519,32,3551,44
2021-03-21,Butte,007,227075,11604,11208,1658,12866,185
2021-03-21,Calaveras,009,45235,1982,1962,12,1974,49
2021-03-21,Colusa,011,21464,1888,1885,272,2157,13
2021-03-21,Contra Costa,013,1133247,65247,64382,1125,65507,740
2021-03-21,Del Norte,015,27424,1134,1076,7,1083,6
2021-03-21,El Dorado,017,186661,9375,9302,600,9902,105
2021-03-21,Fresno,019,978130,99201,98211,8168,106379,1556
2021-03-21,Glenn,021,27897,2327,2288,523,2811,17
2021-03-21,Humboldt,023,135768,3422,3402,24,3426,34
2021-03-21,Imperial,025,180216,27511,27267,2686,29953,699
2021-03-21,Inyo,027,18085,1367,1363,9,1372,35
2021-03-21,Kern,029,883053,95020,93649,10237,103886,1170
2021-03-21,Kings,031,150075,22725,22422,1021,23443,236
2021-03-21,Lake,033,64148,3330,3286,8,3294,43
2021-03-21,Lassen,035,31185,5141,5129,101,5230,1
2021-03-21,Los Angeles,037,10098052,1184097,1175684,40128,1215812,22834
2021-03-21,Madera,039,155013,16026,15895,880,16775,210
2021-03-21,Marin,041,260295,13578,13495,193,13688,220
2021-03-21,Mariposa,043,17540,391,381,5,386,5
2021-03-21,Mendocino,045,87422,3739,3651,73,3724,45
2021-03-21,Merced,047,269075,29544,29446,929,30375,413
2021-03-21,Modoc,049,8938,351,341,120,461,3
2021-03-21,Mono,051,14174,1218,1263,17,1280,3
2021-03-21,Monterey,053,433212,42440,42153,1763,43916,335
2021-03-21,Napa,055,140530,9309,9282,34,9316,77
2021-03-21,Nevada,057,99092,4235,4169,172,4341,89
2021-03-21,Orange,059,3164182,250330,248442,10618,259060,4598
2021-03-21,Placer,061,380077,21327,20520,1206,21726,242
2021-03-21,Plumas,063,18699,666,653,10,663,4
2021-03-21,Riverside,065,2383286,288839,282187,13656,295843,4009
2021-03-21,Sacramento,067,1510023,97765,96269,1380,97649,1489
2021-03-21,San Benito,069,59416,5842,5842,92,5934,61
2021-03-21,San Bernardino,071,2135413,288596,284732,8716,293448,4094
2021-03-21,San Diego,073,3302833,269263,267724,13327,281051,3494
2021-03-21,San Francisco,075,870044,35007,35012,1178,36190,460
2021-03-21,San Joaquin,077,732212,69067,67729,3052,70781,1182
2021-03-21,San Luis Obispo,079,281455,20316,19979,617,20596,250
2021-03-21,San Mateo,081,765935,40479,39988,428,40416,344
2021-03-21,Santa Barbara,083,443738,33066,32743,1148,33891,437
2021-03-21,Santa Clara,085,1922200,113345,113487,639,114126,1840
2021-03-21,Santa Cruz,087,273765,15738,15064,800,15864,199
2021-03-21,Shasta,089,179085,11196,11215,1329,12544,150
2021-03-21,Sierra,091,2930,55,50,12,62,0
2021-03-21,Siskiyou,093,43540,1558,1486,256,1742,5
2021-03-21,Solano,095,438530,30594,30474,397,30871,171
2021-03-21,Sonoma,097,501317,28872,28986,253,29239,310
2021-03-21,Stanislaus,099,539301,52535,52014,5547,57561,677
2021-03-21,Sutter,101,95872,9087,9021,81,9102,104
2021-03-21,Tehama,103,63373,4740,4701,508,5209,45
2021-03-21,Trinity,105,12862,473,310,84,394,3
2021-03-21,Tulare,107,460477,49136,48060,8531,56591,807
2021-03-21,Tuolumne,109,53932,3886,3953,36,3989,57
2021-03-21,Ventura,111,848112,79534,78863,2861,81724,927
2021-03-21,Yolo,113,214977,13237,13235,244,13479,190
2021-03-21,Yuba,115,75493,5673,5624,95,5719,42
2021-03-20,Alameda,001,1643700,83151,82614,1783,84397,1178
2021-03-20,Alpine,003,1148,84,83,0,83,0
2021-03-20,Amador,005,37829,3536,3518,32,3550,44
2021-03-20,Butte,007,227075,11598,11199,1656,12855,185
2021-03-20,Calaveras,009,45235,1978,1961,12,1973,49
2021-03-20,Colusa,011,21464,1888,1883,272,2155,12
2021-03-20,Contra Costa,013,1133247,65187,64313,1125,65438,713
2021-03-20,Del Norte,015,27424,1133,1075,7,1082,6
2021-03-20,El Dorado,017,186661,9369,9290,600,9890,105
2021-03-20,Fresno,019,978130,99140,98112,8161,106273,1532
2021-03-20,Glenn,021,27897,2326,2288,521,2809,17
2021-03-20,Humboldt,023,135768,3415,3399,24,3423,33
2021-03-20,Imperial,025,180216,27505,27239,2684,29923,695
2021-03-20,Inyo,027,18085,1367,1362,9,1371,35
2021-03-20,Kern,029,883053,94991,93606,10233,103839,1155
2021-03-20,Kings,031,150075,22720,22415,1020,23435,236
2021-03-20,Lake,033,64148,3326,3280,8,3288,43
2021-03-20,Lassen,035,31185,5141,5128,101,5229,1
2021-03-20,Los Angeles,037,10098052,1183795,1175290,40103,1215393,22810
2021-03-20,Madera,039,155013,16018,15891,879,16770,210
2021-03-20,Marin,041,260295,13566,13470,189,13659,220
2021-03-20,Mariposa,043,17540,390,381,5,386,5
2021-03-20,Mendocino,045,87422,3738,3639,73,3712,43
2021-03-20,Merced,047,269075,29513,29411,926,30337,412
2021-03-20,Modoc,049,8938,350,341,120,461,3
2021-03-20,Mono,051,14174,1218,1256,17,1273,3
2021-03-20,Monterey,053,433212,42431,42146,1762,43908,334
2021-03-20,Napa,055,140530,9301,9274,34,9308,77
2021-03-20,Nevada,057,99092,4224,4164,171,4335,89
2021-03-20,Orange,059,3164182,250249,248348,10606,258954,4522
2021-03-20,Placer,061,380077,21304,20505,1204,21709,242
2021-03-20,Plumas,063,18699,663,652,10,662,4
2021-03-20,Riverside,065,2383286,288764,282081,13652,295733,4000
2021-03-20,Sacramento,067,1510023,97654,96126,1377,97503,1488
2021-03-20,San Benito,069,59416,5838,5840,92,5932,61
2021-03-20,San Bernardino,071,2135413,288531,284690,8712,293402,3965
2021-03-20,San Diego,073,3302833,269092,267532,13320,280852,3493
2021-03-20,San Francisco,075,870044,34984,34968,1171,36139,453
2021-03-20,San Joaquin,077,732212,69026,67662,3045,70707,1161
2021-03-20,San Luis Obispo,079,281455,20300,19951,611,20562,250
2021-03-20,San Mateo,081,765935,40445,39958,427,40385,344
2021-03-20,Santa Barbara,083,443738,33042,32723,1147,33870,434
2021-03-20,Santa Clara,085,1922200,113253,113384,638,114022,1799
2021-03-20,Santa Cruz,087,273765,15722,15053,800,15853,199
2021-03-20,Shasta,089,179085,11190,11211,1329,12540,147
2021-03-20,Sierra,091,2930,55,50,12,62,0
2021-03-20,Siskiyou,093,43540,1558,1483,256,1739,5
2021-03-20,Solano,095,438530,30564,30439,397,30836,170
2021-03-20,Sonoma,097,501317,28857,28962,253,29215,309
2021-03-20,Stanislaus,099,539301,52479,51925,5540,57465,673
2021-03-20,Sutter,101,95872,9079,9014,81,9095,103
2021-03-20,Tehama,103,63373,4735,4696,506,5202,33
2021-03-20,Trinity,105,12862,472,310,84,394,3
2021-03-20,Tulare,107,460477,49121,48030,8514,56544,804
2021-03-20,Tuolumne,109,53932,3883,3950,36,3986,57
2021-03-20,Ventura,111,848112,79497,78818,2859,81677,922
2021-03-20,Yolo,113,214977,13233,13226,244,13470,190
2021-03-20,Yuba,115,75493,5670,5621,94,5715,42
2021-03-19,Alameda,001,1643700,83079,82499,1782,84281,1187
2021-03-19,Alpine,003,1148,83,82,0,82,0
2021-03-19,Amador,005,37829,3533,3515,32,3547,44
2021-03-19,Butte,007,227075,11590,11191,1653,12844,185
2021-03-19,Calaveras,009,45235,1977,1957,12,1969,49
2021-03-19,Colusa,011,21464,1887,1883,272,2155,12
2021-03-19,Contra Costa,013,1133247,65128,64195,1122,65317,737
2021-03-19,Del Norte,015,27424,1127,1071,5,1076,6
2021-03-19,El Dorado,017,186661,9360,9274,600,9874,105
2021-03-19,Fresno,019,978130,99056,97969,8147,106116,1527
2021-03-19,Glenn,021,27897,2326,2282,521,2803,17
2021-03-19,Humboldt,023,135768,3406,3388,24,3412,33
2021-03-19,Imperial,025,180216,27493,27218,2680,29898,695
2021-03-19,Inyo,027,18085,1365,1356,9,1365,35
2021-03-19,Kern,029,883053,94958,93534,10220,103754,1152
2021-03-19,Kings,031,150075,22711,22369,1017,23386,235
2021-03-19,Lake,033,64148,3320,3262,8,3270,43
2021-03-19,Lassen,035,31185,5141,5126,101,5227,1
2021-03-19,Los Angeles,037,10098052,1183460,1174818,40086,1214904,22752
2021-03-19,Madera,039,155013,16011,15877,878,16755,210
2021-03-19,Marin,041,260295,13554,13441,189,13630,220
2021-03-19,Mariposa,043,17540,389,380,5,385,5
2021-03-19,Mendocino,045,87422,3737,3639,73,3712,45
2021-03-19,Merced,047,269075,29484,29376,925,30301,412
2021-03-19,Modoc,049,8938,350,341,120,461,3
2021-03-19,Mono,051,14174,1216,1244,17,1261,3
2021-03-19,Monterey,053,433212,42422,42125,1760,43885,335
2021-03-19,Napa,055,140530,9289,9256,34,9290,77
2021-03-19,Nevada,057,99092,4213,4156,171,4327,88
2021-03-19,Orange,059,3164182,250149,248146,10595,258741,4501
2021-03-19,Placer,061,380077,21286,20451,1202,21653,242
2021-03-19,Plumas,063,18699,663,650,10,660,4
2021-03-19,Riverside,065,2383286,288681,281937,13647,295584,3989
2021-03-19,Sacramento,067,1510023,97551,95934,1374,97308,1486
2021-03-19,San Benito,069,59416,5838,5845,92,5937,61
2021-03-19,San Bernardino,071,2135413,288459,284501,8710,293211,4017
2021-03-19,San Diego,073,3302833,268957,267173,13310,280483,3491
2021-03-19,San Francisco,075,870044,34939,34936,1168,36104,461
2021-03-19,San Joaquin,077,732212,68956,67515,3031,70546,1180
2021-03-19,San Luis Obispo,079,281455,20280,19913,609,20522,249
2021-03-19,San Mateo,081,765935,40421,39893,427,40320,344
2021-03-19,Santa Barbara,083,443738,33013,32685,1146,33831,435
2021-03-19,Santa Clara,085,1922200,113178,113232,637,113869,1797
2021-03-19,Santa Cruz,087,273765,15715,15026,800,15826,199
2021-03-19,Shasta,089,179085,11183,11104,1327,12431,103
2021-03-19,Sierra,091,2930,54,49,12,61,0
2021-03-19,Siskiyou,093,43540,1558,1480,255,1735,5
2021-03-19,Solano,095,438530,30534,30395,395,30790,172
2021-03-19,Sonoma,097,501317,28836,28932,251,29183,292
2021-03-19,Stanislaus,099,539301,52421,51755,5537,57292,679
2021-03-19,Sutter,101,95872,9077,9005,81,9086,103
2021-03-19,Tehama,103,63373,4727,4685,506,5191,33
2021-03-19,Trinity,105,12862,472,310,84,394,3
2021-03-19,Tulare,107,460477,49098,47989,8491,56480,805
2021-03-19,Tuolumne,109,53932,3880,3946,36,3982,57
2021-03-19,Ventura,111,848112,79459,78753,2855,81608,920
2021-03-19,Yolo,113,214977,13225,13197,244,13441,189
2021-03-19,Yuba,115,75493,5667,5615,93,5708,42
2021-03-18,Alameda,001,1643700,82998,82419,1779,84198,1189
2021-03-18,Alpine,003,1148,83,82,0,82,0
2021-03-18,Amador,005,37829,3529,3513,32,3545,44
2021-03-18,Butte,007,227075,11579,11179,1651,12830,185
2021-03-18,Calaveras,009,45235,1975,1954,12,1966,49
2021-03-18,Colusa,011,21464,1887,1882,272,2154,12
2021-03-18,Contra Costa,013,1133247,65055,64103,1119,65222,739
2021-03-18,Del Norte,015,27424,1118,1059,5,1064,6
2021-03-18,El Dorado,017,186661,9347,9261,599,9860,105
2021-03-18,Fresno,019,978130,98959,97856,8132,105988,1527
2021-03-18,Glenn,021,27897,2322,2275,520,2795,17
2021-03-18,Humboldt,023,135768,3398,3381,24,3405,34
2021-03-18,Imperial,025,180216,27477,27190,2674,29864,695
2021-03-18,Inyo,027,18085,1362,1354,9,1363,35
2021-03-18,Kern,029,883053,94901,93458,10206,103664,1158
2021-03-18,Kings,031,150075,22704,22354,1016,23370,235
2021-03-18,Lake,033,64148,3317,3260,8,3268,43
2021-03-18,Lassen,035,31185,5140,5126,101,5227,1
2021-03-18,Los Angeles,037,10098052,1183027,1174205,40057,1214262,22689
2021-03-18,Madera,039,155013,15999,15860,875,16735,211
2021-03-18,Marin,041,260295,13536,13435,188,13623,219
2021-03-18,Mariposa,043,17540,387,380,5,385,5
2021-03-18,Mendocino,045,87422,3727,3630,73,3703,45
2021-03-18,Merced,047,269075,29449,29317,925,30242,410
2021-03-18,Modoc,049,8938,350,341,120,461,3
2021-03-18,Mono,051,14174,1212,1215,16,1231,3
2021-03-18,Monterey,053,433212,42410,42105,1760,43865,335
2021-03-18,Napa,055,140530,9280,9243,34,9277,77
2021-03-18,Nevada,057,99092,4206,4154,171,4325,74
2021-03-18,Orange,059,3164182,250045,248050,10583,258633,4514
2021-03-18,Placer,061,380077,21254,20421,1199,21620,243
2021-03-18,Plumas,063,18699,661,648,10,658,4
2021-03-18,Riverside,065,2383286,288600,281789,13640,295429,3957
2021-03-18,Sacramento,067,1510023,97403,95819,1370,97189,1481
2021-03-18,San Benito,069,59416,5836,5842,92,5934,61
2021-03-18,San Bernardino,071,2135413,288378,284294,8680,292974,4076
2021-03-18,San Diego,073,3302833,268805,266752,13300,280052,3478
2021-03-18,San Francisco,075,870044,34900,34904,1167,36071,461
2021-03-18,San Joaquin,077,732212,68856,67301,3019,70320,1169
2021-03-18,San Luis Obispo,079,281455,20251,19894,608,20502,249
2021-03-18,San Mateo,081,765935,40380,39874,427,40301,344
2021-03-18,Santa Barbara,083,443738,32971,32640,1146,33786,434
2021-03-18,Santa Clara,085,1922200,113061,113119,633,113752,1808
2021-03-18,Santa Cruz,087,273765,15705,14998,800,15798,198
2021-03-18,Shasta,089,179085,11169,11059,1325,12384,100
2021-03-18,Sierra,091,2930,54,49,12,61,0
2021-03-18,Siskiyou,093,43540,1555,1480,254,1734,5
2021-03-18,Solano,095,438530,30492,30352,392,30744,172
2021-03-18,Sonoma,097,501317,28814,28915,249,29164,292
2021-03-18,Stanislaus,099,539301,52349,51615,5533,57148,682
2021-03-18,Sutter,101,95872,9065,8999,81,9080,103
2021-03-18,Tehama,103,63373,4721,4683,505,5188,35
2021-03-18,Trinity,105,12862,472,310,84,394,3
2021-03-18,Tulare,107,460477,49079,47964,8476,56440,805
2021-03-18,Tuolumne,109,53932,3880,3942,36,3978,57
2021-03-18,Ventura,111,848112,79402,78697,2855,81552,918
2021-03-18,Yolo,113,214977,13212,13183,244,13427,191
2021-03-18,Yuba,115,75493,5663,5612,93,5705,42
2021-03-17,Alameda,001,1643700,82922,82353,1774,84127,1185
2021-03-17,Alpine,003,1148,83,82,0,82,0
2021-03-17,Amador,005,37829,3527,3511,32,3543,44
2021-03-17,Butte,007,227075,11570,11170,1649,12819,185
2021-03-17,Calaveras,009,45235,1972,1946,12,1958,49
2021-03-17,Colusa,011,21464,1886,1882,272,2154,12
2021-03-17,Contra Costa,013,1133247,64986,64026,1118,65144,737
2021-03-17,Del Norte,015,27424,1114,1053,5,1058,6
2021-03-17,El Dorado,017,186661,9337,9252,599,9851,105
2021-03-17,Fresno,019,978130,98848,97727,8114,105841,1507
2021-03-17,Glenn,021,27897,2315,2269,519,2788,17
2021-03-17,Humboldt,023,135768,3390,3365,24,3389,33
2021-03-17,Imperial,025,180216,27461,27168,2672,29840,691
2021-03-17,Inyo,027,18085,1360,1351,9,1360,35
2021-03-17,Kern,029,883053,94845,93392,10193,103585,1149
2021-03-17,Kings,031,150075,22688,22336,1015,23351,233
2021-03-17,Lake,033,64148,3310,3251,8,3259,43
2021-03-17,Lassen,035,31185,5139,5125,101,5226,1
2021-03-17,Los Angeles,037,10098052,1182574,1173416,40024,1213440,22602
2021-03-17,Madera,039,155013,15992,15835,875,16710,214
2021-03-17,Marin,041,260295,13518,13428,187,13615,218
2021-03-17,Mariposa,043,17540,387,379,5,384,5
2021-03-17,Mendocino,045,87422,3723,3625,73,3698,44
2021-03-17,Merced,047,269075,29421,29250,921,30171,408
2021-03-17,Modoc,049,8938,350,341,120,461,3
2021-03-17,Mono,051,14174,1210,1212,16,1228,3
2021-03-17,Monterey,053,433212,42391,42061,1757,43818,334
2021-03-17,Napa,055,140530,9265,9219,34,9253,76
2021-03-17,Nevada,057,99092,4196,4145,171,4316,74
2021-03-17,Orange,059,3164182,249925,247943,10555,258498,4502
2021-03-17,Placer,061,380077,21227,20369,1197,21566,243
2021-03-17,Plumas,063,18699,660,645,10,655,4
2021-03-17,Riverside,065,2383286,288485,281649,13632,295281,3925
2021-03-17,Sacramento,067,1510023,97275,95650,1365,97015,1477
2021-03-17,San Benito,069,59416,5833,5841,92,5933,61
2021-03-17,San Bernardino,071,2135413,288261,284170,8675,292845,4049
2021-03-17,San Diego,073,3302833,268594,266313,13282,279595,3470
2021-03-17,San Francisco,075,870044,34865,34873,1166,36039,457
2021-03-17,San Joaquin,077,732212,68771,67093,3003,70096,1164
2021-03-17,San Luis Obispo,079,281455,20228,19858,604,20462,249
2021-03-17,San Mateo,081,765935,40350,39838,426,40264,344
2021-03-17,Santa Barbara,083,443738,32951,32585,1145,33730,433
2021-03-17,Santa Clara,085,1922200,112968,112983,632,113615,1805
2021-03-17,Santa Cruz,087,273765,15697,14967,800,15767,199
2021-03-17,Shasta,089,179085,11164,11045,1322,12367,100
2021-03-17,Sierra,091,2930,54,49,12,61,0
2021-03-17,Siskiyou,093,43540,1554,1479,252,1731,5
2021-03-17,Solano,095,438530,30466,30320,390,30710,171
2021-03-17,Sonoma,097,501317,28790,28877,248,29125,292
2021-03-17,Stanislaus,099,539301,52274,51524,5526,57050,682
2021-03-17,Sutter,101,95872,9055,8982,81,9063,103
2021-03-17,Tehama,103,63373,4715,4670,505,5175,34
2021-03-17,Trinity,105,12862,472,308,84,392,3
2021-03-17,Tulare,107,460477,49059,47929,8466,56395,805
2021-03-17,Tuolumne,109,53932,3877,3938,36,3974,57
2021-03-17,Ventura,111,848112,79347,78648,2852,81500,916
2021-03-17,Yolo,113,214977,13195,13169,244,13413,190
2021-03-17,Yuba,115,75493,5660,5603,93,5696,42
2021-03-16,Alameda,001,1643700,82810,82259,1772,84031,1177
2021-03-16,Alpine,003,1148,83,82,0,82,0
2021-03-16,Amador,005,37829,3525,3510,32,3542,44
2021-03-16,Butte,007,227075,11558,11154,1648,12802,184
2021-03-16,Calaveras,009,45235,1967,1945,12,1957,49
2021-03-16,Colusa,011,21464,1885,1882,272,2154,12
2021-03-16,Contra Costa,013,1133247,64903,63951,1115,65066,736
2021-03-16,Del Norte,015,27424,1106,1048,5,1053,6
2021-03-16,El Dorado,017,186661,9321,9249,599,9848,105
2021-03-16,Fresno,019,978130,98710,97638,8092,105730,1498
2021-03-16,Glenn,021,27897,2307,2267,515,2782,17
2021-03-16,Humboldt,023,135768,3386,3351,24,3375,33
2021-03-16,Imperial,025,180216,27450,27143,2670,29813,689
2021-03-16,Inyo,027,18085,1359,1346,9,1355,35
2021-03-16,Kern,029,883053,94779,93340,10178,103518,1144
2021-03-16,Kings,031,150075,22652,22320,1014,23334,233
2021-03-16,Lake,033,64148,3302,3246,8,3254,43
2021-03-16,Lassen,035,31185,5138,5126,101,5227,1
2021-03-16,Los Angeles,037,10098052,1182041,1172676,39986,1212662,22527
2021-03-16,Madera,039,155013,15976,15822,873,16695,214
2021-03-16,Marin,041,260295,13501,13419,187,13606,218
2021-03-16,Mariposa,043,17540,384,379,5,384,5
2021-03-16,Mendocino,045,87422,3718,3623,73,3696,44
2021-03-16,Merced,047,269075,29368,29198,920,30118,407
2021-03-16,Modoc,049,8938,350,341,120,461,3
2021-03-16,Mono,051,14174,1209,1207,16,1223,3
2021-03-16,Monterey,053,433212,42372,42023,1757,43780,334
2021-03-16,Napa,055,140530,9255,9209,34,9243,75
2021-03-16,Nevada,057,99092,4187,4132,170,4302,67
2021-03-16,Orange,059,3164182,249787,247843,10536,258379,4479
2021-03-16,Placer,061,380077,21194,20339,1193,21532,240
2021-03-16,Plumas,063,18699,659,643,10,653,4
2021-03-16,Riverside,065,2383286,288371,281540,13619,295159,3893
2021-03-16,Sacramento,067,1510023,97132,95522,1361,96883,1466
2021-03-16,San Benito,069,59416,5828,5831,92,5923,61
2021-03-16,San Bernardino,071,2135413,288131,283980,8668,292648,4032
2021-03-16,San Diego,073,3302833,268362,265903,13269,279172,3462
2021-03-16,San Francisco,075,870044,34836,34833,1161,35994,456
2021-03-16,San Joaquin,077,732212,68669,66856,2990,69846,1163
2021-03-16,San Luis Obispo,079,281455,20198,19832,602,20434,248
2021-03-16,San Mateo,081,765935,40316,39806,424,40230,344
2021-03-16,Santa Barbara,083,443738,32919,32556,1144,33700,433
2021-03-16,Santa Clara,085,1922200,112850,112845,629,113474,1797
2021-03-16,Santa Cruz,087,273765,15691,14926,800,15726,199
2021-03-16,Shasta,089,179085,11148,11035,1319,12354,100
2021-03-16,Sierra,091,2930,53,49,12,61,0
2021-03-16,Siskiyou,093,43540,1550,1477,252,1729,5
2021-03-16,Solano,095,438530,30432,30298,388,30686,171
2021-03-16,Sonoma,097,501317,28758,28850,246,29096,291
2021-03-16,Stanislaus,099,539301,52194,51410,5519,56929,683
2021-03-16,Sutter,101,95872,9047,8970,81,9051,102
2021-03-16,Tehama,103,63373,4711,4660,504,5164,34
2021-03-16,Trinity,105,12862,472,308,83,391,3
2021-03-16,Tulare,107,460477,49012,47895,8458,56353,803
2021-03-16,Tuolumne,109,53932,3874,3938,36,3974,57
2021-03-16,Ventura,111,848112,79280,78671,2845,81516,916
2021-03-16,Yolo,113,214977,13180,13162,244,13406,190
2021-03-16,Yuba,115,75493,5657,5596,92,5688,42
2021-03-15,Alameda,001,1643700,82722,82159,1772,83931,1167
2021-03-15,Alpine,003,1148,83,82,0,82,0
2021-03-15,Amador,005,37829,3524,3506,32,3538,44
2021-03-15,Butte,007,227075,11545,11141,1644,12785,185
2021-03-15,Calaveras,009,45235,1966,1941,12,1953,49
2021-03-15,Colusa,011,21464,1885,1883,272,2155,12
2021-03-15,Contra Costa,013,1133247,64841,63847,1114,64961,732
2021-03-15,Del Norte,015,27424,1103,1048,5,1053,6
2021-03-15,El Dorado,017,186661,9315,9235,598,9833,103
2021-03-15,Fresno,019,978130,98583,97520,8077,105597,1496
2021-03-15,Glenn,021,27897,2302,2261,512,2773,15
2021-03-15,Humboldt,023,135768,3380,3337,24,3361,32
2021-03-15,Imperial,025,180216,27429,27122,2667,29789,684
2021-03-15,Inyo,027,18085,1359,1346,9,1355,35
2021-03-15,Kern,029,883053,94719,93266,10171,103437,1141
2021-03-15,Kings,031,150075,22635,22294,1009,23303,233
2021-03-15,Lake,033,64148,3290,3237,8,3245,43
2021-03-15,Lassen,035,31185,5138,5125,101,5226,1
2021-03-15,Los Angeles,037,10098052,1181472,1172445,39951,1212396,22477
2021-03-15,Madera,039,155013,15965,15806,871,16677,214
2021-03-15,Marin,041,260295,13495,13408,186,13594,218
2021-03-15,Mariposa,043,17540,384,376,5,381,5
2021-03-15,Mendocino,045,87422,3714,3615,73,3688,44
2021-03-15,Merced,047,269075,29330,29169,918,30087,407
2021-03-15,Modoc,049,8938,350,340,120,460,3
2021-03-15,Mono,051,14174,1208,1206,16,1222,3
2021-03-15,Monterey,053,433212,42344,42011,1754,43765,333
2021-03-15,Napa,055,140530,9244,9196,34,9230,75
2021-03-15,Nevada,057,99092,4182,4123,169,4292,66
2021-03-15,Orange,059,3164182,249674,247697,10515,258212,4481
2021-03-15,Placer,061,380077,21171,20308,1193,21501,238
2021-03-15,Plumas,063,18699,659,642,10,652,4
2021-03-15,Riverside,065,2383286,288218,281367,13609,294976,3856
2021-03-15,Sacramento,067,1510023,96979,95414,1355,96769,1463
2021-03-15,San Benito,069,59416,5825,5831,92,5923,61
2021-03-15,San Bernardino,071,2135413,288038,283815,8660,292475,4004
2021-03-15,San Diego,073,3302833,268113,265646,13253,278899,3452
2021-03-15,San Francisco,075,870044,34801,34820,1157,35977,456
2021-03-15,San Joaquin,077,732212,68565,66622,2977,69599,1140
2021-03-15,San Luis Obispo,079,281455,20167,19813,598,20411,247
2021-03-15,San Mateo,081,765935,40262,39765,424,40189,344
2021-03-15,Santa Barbara,083,443738,32896,32529,1141,33670,431
2021-03-15,Santa Clara,085,1922200,112747,112729,627,113356,1798
2021-03-15,Santa Cruz,087,273765,15685,14899,798,15697,200
2021-03-15,Shasta,089,179085,11132,11019,1314,12333,92
2021-03-15,Sierra,091,2930,53,49,12,61,0
2021-03-15,Siskiyou,093,43540,1550,1475,252,1727,5
2021-03-15,Solano,095,438530,30403,30258,387,30645,171
2021-03-15,Sonoma,097,501317,28740,28814,243,29057,285
2021-03-15,Stanislaus,099,539301,52116,51357,5512,56869,683
2021-03-15,Sutter,101,95872,9041,8962,81,9043,102
2021-03-15,Tehama,103,63373,4701,4650,503,5153,34
2021-03-15,Trinity,105,12862,472,308,83,391,3
2021-03-15,Tulare,107,460477,48982,47857,8443,56300,800
2021-03-15,Tuolumne,109,53932,3872,3937,35,3972,57
2021-03-15,Ventura,111,848112,79226,78626,2844,81470,910
2021-03-15,Yolo,113,214977,13161,13131,242,13373,190
2021-03-15,Yuba,115,75493,5652,5585,91,5676,42
2021-03-14,Alameda,001,1643700,82636,82116,1769,83885,1168
2021-03-14,Alpine,003,1148,83,82,0,82,0
2021-03-14,Amador,005,37829,3519,3504,32,3536,44
2021-03-14,Butte,007,227075,11532,11140,1640,12780,185
2021-03-14,Calaveras,009,45235,1962,1939,12,1951,49
2021-03-14,Colusa,011,21464,1885,1883,272,2155,12
2021-03-14,Contra Costa,013,1133247,64736,63808,1113,64921,731
2021-03-14,Del Norte,015,27424,1089,1048,5,1053,6
2021-03-14,El Dorado,017,186661,9305,9231,598,9829,103
2021-03-14,Fresno,019,978130,98475,97461,8059,105520,1496
2021-03-14,Glenn,021,27897,2297,2260,509,2769,15
2021-03-14,Humboldt,023,135768,3366,3335,24,3359,32
2021-03-14,Imperial,025,180216,27411,27122,2663,29785,685
2021-03-14,Inyo,027,18085,1355,1346,9,1355,35
2021-03-14,Kern,029,883053,94636,93252,10153,103405,1141
2021-03-14,Kings,031,150075,22616,22292,1007,23299,232
2021-03-14,Lake,033,64148,3285,3237,8,3245,43
2021-03-14,Lassen,035,31185,5136,5125,101,5226,1
2021-03-14,Los Angeles,037,10098052,1180902,1172100,39915,1212015,22476
2021-03-14,Madera,039,155013,15940,15804,871,16675,214
2021-03-14,Marin,041,260295,13479,13405,184,13589,218
2021-03-14,Mariposa,043,17540,382,376,5,381,5
2021-03-14,Mendocino,045,87422,3709,3613,73,3686,44
2021-03-14,Merced,047,269075,29262,29149,914,30063,407
2021-03-14,Modoc,049,8938,350,340,120,460,3
2021-03-14,Mono,051,14174,1202,1206,16,1222,3
2021-03-14,Monterey,053,433212,42320,42007,1750,43757,333
2021-03-14,Napa,055,140530,9226,9194,34,9228,75
2021-03-14,Nevada,057,99092,4176,4122,167,4289,66
2021-03-14,Orange,059,3164182,249543,247656,10495,258151,4460
2021-03-14,Placer,061,380077,21136,20288,1185,21473,238
2021-03-14,Plumas,063,18699,657,642,10,652,4
2021-03-14,Riverside,065,2383286,288060,281332,13601,294933,3845
2021-03-14,Sacramento,067,1510023,96801,95343,1350,96693,1462
2021-03-14,San Benito,069,59416,5816,5829,92,5921,61
2021-03-14,San Bernardino,071,2135413,287914,283791,8649,292440,3996
2021-03-14,San Diego,073,3302833,267878,265468,13240,278708,3452
2021-03-14,San Francisco,075,870044,34762,34810,1154,35964,455
2021-03-14,San Joaquin,077,732212,68437,66563,2960,69523,1140
2021-03-14,San Luis Obispo,079,281455,20138,19806,596,20402,247
2021-03-14,San Mateo,081,765935,40223,39744,424,40168,342
2021-03-14,Santa Barbara,083,443738,32852,32514,1139,33653,431
2021-03-14,Santa Clara,085,1922200,112619,112648,626,113274,1796
2021-03-14,Santa Cruz,087,273765,15668,14887,796,15683,200
2021-03-14,Shasta,089,179085,11116,11019,1307,12326,92
2021-03-14,Sierra,091,2930,53,49,12,61,0
2021-03-14,Siskiyou,093,43540,1546,1473,251,1724,5
2021-03-14,Solano,095,438530,30371,30230,382,30612,171
2021-03-14,Sonoma,097,501317,28705,28798,239,29037,284
2021-03-14,Stanislaus,099,539301,51995,51306,5504,56810,690
2021-03-14,Sutter,101,95872,9025,8958,81,9039,102
2021-03-14,Tehama,103,63373,4689,4650,502,5152,34
2021-03-14,Trinity,105,12862,471,308,82,390,3
2021-03-14,Tulare,107,460477,48949,47845,8422,56267,800
2021-03-14,Tuolumne,109,53932,3870,3937,35,3972,57
2021-03-14,Ventura,111,848112,79173,78611,2838,81449,910
2021-03-14,Yolo,113,214977,13139,13128,238,13366,189
2021-03-14,Yuba,115,75493,5642,5583,91,5674,42
2021-03-13,Alameda,001,1643700,82576,82010,1769,83779,1168
2021-03-13,Alpine,003,1148,83,82,0,82,0
2021-03-13,Amador,005,37829,3516,3504,32,3536,44
2021-03-13,Butte,007,227075,11523,11131,1639,12770,185
2021-03-13,Calaveras,009,45235,1962,1939,12,1951,49
2021-03-13,Colusa,011,21464,1885,1882,272,2154,12
2021-03-13,Contra Costa,013,1133247,64675,63689,1113,64802,731
2021-03-13,Del Norte,015,27424,1085,1041,5,1046,6
2021-03-13,El Dorado,017,186661,9297,9221,598,9819,103
2021-03-13,Fresno,019,978130,98416,97324,8039,105363,1495
2021-03-13,Glenn,021,27897,2296,2260,508,2768,15
2021-03-13,Humboldt,023,135768,3359,3325,24,3349,32
2021-03-13,Imperial,025,180216,27406,27099,2658,29757,677
2021-03-13,Inyo,027,18085,1354,1344,9,1353,35
2021-03-13,Kern,029,883053,94597,93197,10147,103344,1140
2021-03-13,Kings,031,150075,22600,22265,1006,23271,232
2021-03-13,Lake,033,64148,3278,3234,7,3241,43
2021-03-13,Lassen,035,31185,5136,5125,101,5226,1
2021-03-13,Los Angeles,037,10098052,1180587,1171505,39871,1211376,22451
2021-03-13,Madera,039,155013,15928,15780,871,16651,214
2021-03-13,Marin,041,260295,13473,13391,182,13573,218
2021-03-13,Mariposa,043,17540,381,376,5,381,5
2021-03-13,Mendocino,045,87422,3705,3611,73,3684,44
2021-03-13,Merced,047,269075,29231,29106,914,30020,406
2021-03-13,Modoc,049,8938,350,340,119,459,3
2021-03-13,Mono,051,14174,1202,1207,16,1223,3
2021-03-13,Monterey,053,433212,42310,41989,1748,43737,332
2021-03-13,Napa,055,140530,9220,9190,34,9224,75
2021-03-13,Nevada,057,99092,4169,4111,166,4277,66
2021-03-13,Orange,059,3164182,249462,247514,10479,257993,4423
2021-03-13,Placer,061,380077,21115,20238,1182,21420,239
2021-03-13,Plumas,063,18699,655,642,10,652,4
2021-03-13,Riverside,065,2383286,287968,281191,13593,294784,3848
2021-03-13,Sacramento,067,1510023,96715,95192,1348,96540,1461
2021-03-13,San Benito,069,59416,5813,5823,92,5915,61
2021-03-13,San Bernardino,071,2135413,287860,283727,8643,292370,3972
2021-03-13,San Diego,073,3302833,267723,265270,13226,278496,3444
2021-03-13,San Francisco,075,870044,34745,34784,1145,35929,455
2021-03-13,San Joaquin,077,732212,68381,66480,2938,69418,1141
2021-03-13,San Luis Obispo,079,281455,20120,19789,595,20384,247
2021-03-13,San Mateo,081,765935,40196,39689,423,40112,341
2021-03-13,Santa Barbara,083,443738,32827,32486,1138,33624,431
2021-03-13,Santa Clara,085,1922200,112534,112531,625,113156,1790
2021-03-13,Santa Cruz,087,273765,15661,14875,796,15671,199
2021-03-13,Shasta,089,179085,11108,11021,1304,12325,108
2021-03-13,Sierra,091,2930,52,49,12,61,0
2021-03-13,Siskiyou,093,43540,1545,1470,251,1721,5
2021-03-13,Solano,095,438530,30354,30198,382,30580,171
2021-03-13,Sonoma,097,501317,28685,28762,235,28997,285
2021-03-13,Stanislaus,099,539301,51944,51257,5499,56756,695
2021-03-13,Sutter,101,95872,9018,8948,81,9029,102
2021-03-13,Tehama,103,63373,4687,4647,502,5149,33
2021-03-13,Trinity,105,12862,471,306,82,388,3
2021-03-13,Tulare,107,460477,48923,47818,8414,56232,798
2021-03-13,Tuolumne,109,53932,3867,3937,35,3972,57
2021-03-13,Ventura,111,848112,79124,78693,2838,81531,906
2021-03-13,Yolo,113,214977,13131,13087,237,13324,189
2021-03-13,Yuba,115,75493,5641,5577,91,5668,42
2021-03-12,Alameda,001,1643700,82500,81898,1768,83666,1164
2021-03-12,Alpine,003,1148,83,82,0,82,0
2021-03-12,Amador,005,37829,3513,3503,32,3535,44
2021-03-12,Butte,007,227075,11513,11126,1637,12763,184
2021-03-12,Calaveras,009,45235,1960,1916,12,1928,49
2021-03-12,Colusa,011,21464,1885,1883,272,2155,12
2021-03-12,Contra Costa,013,1133247,64599,63583,1113,64696,728
2021-03-12,Del Norte,015,27424,1079,1033,5,1038,6
2021-03-12,El Dorado,017,186661,9288,9219,598,9817,103
2021-03-12,Fresno,019,978130,98319,97185,8028,105213,1489
2021-03-12,Glenn,021,27897,2295,2258,507,2765,15
2021-03-12,Humboldt,023,135768,3354,3315,24,3339,32
2021-03-12,Imperial,025,180216,27395,27071,2656,29727,677
2021-03-12,Inyo,027,18085,1352,1339,9,1348,35
2021-03-12,Kern,029,883053,94563,93142,10131,103273,1132
2021-03-12,Kings,031,150075,22581,22233,1006,23239,232
2021-03-12,Lake,033,64148,3272,3226,6,3232,43
2021-03-12,Lassen,035,31185,5136,5125,100,5225,1
2021-03-12,Los Angeles,037,10098052,1180188,1170860,39854,1210714,22409
2021-03-12,Madera,039,155013,15916,15761,868,16629,214
2021-03-12,Marin,041,260295,13466,13375,182,13557,218
2021-03-12,Mariposa,043,17540,379,376,5,381,5
2021-03-12,Mendocino,045,87422,3702,3605,73,3678,43
2021-03-12,Merced,047,269075,29200,29064,914,29978,403
2021-03-12,Modoc,049,8938,350,340,119,459,3
2021-03-12,Mono,051,14174,1201,1206,16,1222,3
2021-03-12,Monterey,053,433212,42296,41964,1743,43707,329
2021-03-12,Napa,055,140530,9211,9180,34,9214,75
2021-03-12,Nevada,057,99092,4159,4101,166,4267,66
2021-03-12,Orange,059,3164182,249369,247388,10468,257856,4401
2021-03-12,Placer,061,380077,21082,20210,1177,21387,239
2021-03-12,Plumas,063,18699,654,641,10,651,4
2021-03-12,Riverside,065,2383286,287869,281037,13585,294622,3854
2021-03-12,Sacramento,067,1510023,96591,95061,1341,96402,1460
2021-03-12,San Benito,069,59416,5810,5817,92,5909,61
2021-03-12,San Bernardino,071,2135413,287803,283558,8638,292196,3917
2021-03-12,San Diego,073,3302833,267560,264886,13218,278104,3434
2021-03-12,San Francisco,075,870044,34724,34758,1142,35900,452
2021-03-12,San Joaquin,077,732212,68310,66482,2929,69411,1144
2021-03-12,San Luis Obispo,079,281455,20106,19769,593,20362,247
2021-03-12,San Mateo,081,765935,40160,39638,421,40059,341
2021-03-12,Santa Barbara,083,443738,32804,32457,1135,33592,429
2021-03-12,Santa Clara,085,1922200,112439,112396,624,113020,1766
2021-03-12,Santa Cruz,087,273765,15649,14846,794,15640,195
2021-03-12,Shasta,089,179085,11099,11143,1302,12445,153
2021-03-12,Sierra,091,2930,52,49,12,61,0
2021-03-12,Siskiyou,093,43540,1545,1468,250,1718,5
2021-03-12,Solano,095,438530,30335,30180,381,30561,171
2021-03-12,Sonoma,097,501317,28658,28714,235,28949,285
2021-03-12,Stanislaus,099,539301,51886,51146,5492,56638,701
2021-03-12,Sutter,101,95872,9012,8940,81,9021,101
2021-03-12,Tehama,103,63373,4683,4638,501,5139,33
2021-03-12,Trinity,105,12862,470,306,81,387,3
2021-03-12,Tulare,107,460477,48898,47772,8408,56180,798
2021-03-12,Tuolumne,109,53932,3866,3936,35,3971,57
2021-03-12,Ventura,111,848112,79081,78698,2834,81532,899
2021-03-12,Yolo,113,214977,13121,13061,230,13291,189
2021-03-12,Yuba,115,75493,5634,5563,90,5653,42
2021-03-11,Alameda,001,1643700,82407,81809,1763,83572,1164
2021-03-11,Alpine,003,1148,83,78,0,78,0
2021-03-11,Amador,005,37829,3512,3498,32,3530,42
2021-03-11,Butte,007,227075,11502,11110,1635,12745,185
2021-03-11,Calaveras,009,45235,1957,1915,12,1927,49
2021-03-11,Colusa,011,21464,1885,1883,272,2155,12
2021-03-11,Contra Costa,013,1133247,64526,63469,1111,64580,728
2021-03-11,Del Norte,015,27424,1074,1027,5,1032,6
2021-03-11,El Dorado,017,186661,9274,9211,598,9809,101
2021-03-11,Fresno,019,978130,98203,97026,7999,105025,1481
2021-03-11,Glenn,021,27897,2292,2255,507,2762,15
2021-03-11,Humboldt,023,135768,3337,3302,24,3326,32
2021-03-11,Imperial,025,180216,27388,27045,2653,29698,675
2021-03-11,Inyo,027,18085,1347,1335,9,1344,35
2021-03-11,Kern,029,883053,94507,93052,10092,103144,1121
2021-03-11,Kings,031,150075,22566,22183,1003,23186,230
2021-03-11,Lake,033,64148,3268,3214,6,3220,42
2021-03-11,Lassen,035,31185,5135,5124,100,5224,1
2021-03-11,Los Angeles,037,10098052,1179656,1170111,39822,1209933,22316
2021-03-11,Madera,039,155013,15905,15725,866,16591,214
2021-03-11,Marin,041,260295,13454,13356,181,13537,217
2021-03-11,Mariposa,043,17540,379,376,5,381,5
2021-03-11,Mendocino,045,87422,3695,3604,73,3677,42
2021-03-11,Merced,047,269075,29151,29001,913,29914,401
2021-03-11,Modoc,049,8938,350,340,119,459,3
2021-03-11,Mono,051,14174,1200,1206,16,1222,3
2021-03-11,Monterey,053,433212,42273,41936,1737,43673,329
2021-03-11,Napa,055,140530,9198,9173,34,9207,75
2021-03-11,Nevada,057,99092,4147,4085,164,4249,66
2021-03-11,Orange,059,3164182,249231,247217,10450,257667,4373
2021-03-11,Placer,061,380077,21039,20178,1173,21351,239
2021-03-11,Plumas,063,18699,653,640,10,650,4
2021-03-11,Riverside,065,2383286,287699,280881,13572,294453,3842
2021-03-11,Sacramento,067,1510023,96450,94912,1338,96250,1455
2021-03-11,San Benito,069,59416,5807,5816,92,5908,61
2021-03-11,San Bernardino,071,2135413,287706,283312,8632,291944,3869
2021-03-11,San Diego,073,3302833,267396,264524,13202,277726,3422
2021-03-11,San Francisco,075,870044,34688,34722,1136,35858,452
2021-03-11,San Joaquin,077,732212,68198,66522,2921,69443,1157
2021-03-11,San Luis Obispo,079,281455,20081,19748,592,20340,247
2021-03-11,San Mateo,081,765935,40123,39590,420,40010,341
2021-03-11,Santa Barbara,083,443738,32777,32408,1130,33538,430
2021-03-11,Santa Clara,085,1922200,112308,112246,621,112867,1765
2021-03-11,Santa Cruz,087,273765,15637,14812,793,15605,193
2021-03-11,Shasta,089,179085,11089,11139,1297,12436,158
2021-03-11,Sierra,091,2930,52,48,12,60,0
2021-03-11,Siskiyou,093,43540,1542,1466,250,1716,5
2021-03-11,Solano,095,438530,30307,30138,380,30518,171
2021-03-11,Sonoma,097,501317,28629,28677,235,28912,285
2021-03-11,Stanislaus,099,539301,51801,51038,5484,56522,707
2021-03-11,Sutter,101,95872,9006,8933,81,9014,101
2021-03-11,Tehama,103,63373,4674,4632,500,5132,33
2021-03-11,Trinity,105,12862,469,304,80,384,3
2021-03-11,Tulare,107,460477,48861,47709,8397,56106,797
2021-03-11,Tuolumne,109,53932,3864,3934,35,3969,57
2021-03-11,Ventura,111,848112,79031,78697,2830,81527,889
2021-03-11,Yolo,113,214977,13104,13041,228,13269,190
2021-03-11,Yuba,115,75493,5630,5553,90,5643,42
2021-03-10,Alameda,001,1643700,82300,81701,1758,83459,1160
2021-03-10,Alpine,003,1148,82,78,0,78,0
2021-03-10,Amador,005,37829,3510,3496,32,3528,42
2021-03-10,Butte,007,227075,11492,11096,1635,12731,185
2021-03-10,Calaveras,009,45235,1951,1913,12,1925,48
2021-03-10,Colusa,011,21464,1885,1882,272,2154,12
2021-03-10,Contra Costa,013,1133247,64427,63372,1107,64479,725
2021-03-10,Del Norte,015,27424,1072,1020,5,1025,5
2021-03-10,El Dorado,017,186661,9261,9203,598,9801,100
2021-03-10,Fresno,019,978130,98096,96866,7983,104849,1471
2021-03-10,Glenn,021,27897,2289,2253,505,2758,15
2021-03-10,Humboldt,023,135768,3327,3296,23,3319,32
2021-03-10,Imperial,025,180216,27373,27051,2653,29704,675
2021-03-10,Inyo,027,18085,1347,1328,9,1337,35
2021-03-10,Kern,029,883053,94441,92965,10071,103036,1102
2021-03-10,Kings,031,150075,22547,22166,1001,23167,226
2021-03-10,Lake,033,64148,3258,3207,6,3213,42
2021-03-10,Lassen,035,31185,5135,5120,100,5220,1
2021-03-10,Los Angeles,037,10098052,1179109,1169079,39795,1208874,22199
2021-03-10,Madera,039,155013,15884,15705,863,16568,212
2021-03-10,Marin,041,260295,13444,13348,180,13528,216
2021-03-10,Mariposa,043,17540,379,376,5,381,5
2021-03-10,Mendocino,045,87422,3690,3602,73,3675,42
2021-03-10,Merced,047,269075,29114,28927,910,29837,401
2021-03-10,Modoc,049,8938,349,338,119,457,3
2021-03-10,Mono,051,14174,1196,1204,16,1220,3
2021-03-10,Monterey,053,433212,42251,41920,1733,43653,329
2021-03-10,Napa,055,140530,9189,9165,34,9199,75
2021-03-10,Nevada,057,99092,4143,4074,164,4238,66
2021-03-10,Orange,059,3164182,249082,247075,10434,257509,4342
2021-03-10,Placer,061,380077,21005,20144,1167,21311,239
2021-03-10,Plumas,063,18699,652,639,10,649,4
2021-03-10,Riverside,065,2383286,287558,280708,13558,294266,3822
2021-03-10,Sacramento,067,1510023,96320,94796,1332,96128,1452
2021-03-10,San Benito,069,59416,5798,5811,92,5903,61
2021-03-10,San Bernardino,071,2135413,287613,283140,8626,291766,3841
2021-03-10,San Diego,073,3302833,267174,264094,13190,277284,3413
2021-03-10,San Francisco,075,870044,34653,34688,1128,35816,450
2021-03-10,San Joaquin,077,732212,68096,66483,2904,69387,1156
2021-03-10,San Luis Obispo,079,281455,20057,19710,588,20298,247
2021-03-10,San Mateo,081,765935,40099,39571,420,39991,338
2021-03-10,Santa Barbara,083,443738,32750,32356,1127,33483,429
2021-03-10,Santa Clara,085,1922200,112201,112103,617,112720,1759
2021-03-10,Santa Cruz,087,273765,15622,14790,792,15582,192
2021-03-10,Shasta,089,179085,11079,11125,1294,12419,155
2021-03-10,Sierra,091,2930,52,48,12,60,0
2021-03-10,Siskiyou,093,43540,1540,1458,250,1708,5
2021-03-10,Solano,095,438530,30277,30111,379,30490,170
2021-03-10,Sonoma,097,501317,28594,28638,234,28872,286
2021-03-10,Stanislaus,099,539301,51712,50968,5465,56433,706
2021-03-10,Sutter,101,95872,8995,8918,81,8999,101
2021-03-10,Tehama,103,63373,4664,4623,500,5123,33
2021-03-10,Trinity,105,12862,469,304,80,384,3
2021-03-10,Tulare,107,460477,48813,47659,8379,56038,793
2021-03-10,Tuolumne,109,53932,3863,3931,35,3966,57
2021-03-10,Ventura,111,848112,78954,78609,2828,81437,878
2021-03-10,Yolo,113,214977,13081,13021,227,13248,189
2021-03-10,Yuba,115,75493,5616,5545,89,5634,42
2021-03-09,Alameda,001,1643700,82213,81618,1758,83376,1151
2021-03-09,Alpine,003,1148,82,78,0,78,0
2021-03-09,Amador,005,37829,3508,3494,32,3526,42
2021-03-09,Butte,007,227075,11479,11092,1633,12725,185
2021-03-09,Calaveras,009,45235,1949,1913,12,1925,48
2021-03-09,Colusa,011,21464,1885,1880,272,2152,11
2021-03-09,Contra Costa,013,1133247,64334,63314,1105,64419,723
2021-03-09,Del Norte,015,27424,1064,1017,5,1022,5
2021-03-09,El Dorado,017,186661,9254,9198,598,9796,98
2021-03-09,Fresno,019,978130,97977,96744,7956,104700,1463
2021-03-09,Glenn,021,27897,2285,2251,503,2754,15
2021-03-09,Humboldt,023,135768,3315,3288,22,3310,32
2021-03-09,Imperial,025,180216,27364,27045,2649,29694,675
2021-03-09,Inyo,027,18085,1345,1324,9,1333,35
2021-03-09,Kern,029,883053,94362,92924,10053,102977,1088
2021-03-09,Kings,031,150075,22522,22143,999,23142,226
2021-03-09,Lake,033,64148,3252,3202,6,3208,42
2021-03-09,Lassen,035,31185,5135,5120,100,5220,1
2021-03-09,Los Angeles,037,10098052,1178511,1167967,39761,1207728,22080
2021-03-09,Madera,039,155013,15873,15701,861,16562,211
2021-03-09,Marin,041,260295,13426,13335,178,13513,214
2021-03-09,Mariposa,043,17540,379,376,5,381,5
2021-03-09,Mendocino,045,87422,3686,3595,73,3668,42
2021-03-09,Merced,047,269075,29052,28876,909,29785,399
2021-03-09,Modoc,049,8938,349,338,118,456,3
2021-03-09,Mono,051,14174,1195,1203,16,1219,3
2021-03-09,Monterey,053,433212,42232,41894,1725,43619,329
2021-03-09,Napa,055,140530,9175,9155,34,9189,75
2021-03-09,Nevada,057,99092,4135,4062,164,4226,66
2021-03-09,Orange,059,3164182,248939,246989,10414,257403,4310
2021-03-09,Placer,061,380077,20963,20122,1162,21284,239
2021-03-09,Plumas,063,18699,649,639,10,649,4
2021-03-09,Riverside,065,2383286,287423,280562,13554,294116,3821
2021-03-09,Sacramento,067,1510023,96152,94720,1326,96046,1442
2021-03-09,San Benito,069,59416,5794,5800,92,5892,61
2021-03-09,San Bernardino,071,2135413,287499,282971,8619,291590,3823
2021-03-09,San Diego,073,3302833,266942,263745,13169,276914,3405
2021-03-09,San Francisco,075,870044,34622,34654,1124,35778,450
2021-03-09,San Joaquin,077,732212,67968,66383,2894,69277,1150
2021-03-09,San Luis Obispo,079,281455,20039,19672,581,20253,245
2021-03-09,San Mateo,081,765935,40052,39535,418,39953,336
2021-03-09,Santa Barbara,083,443738,32709,32314,1125,33439,428
2021-03-09,Santa Clara,085,1922200,112090,111963,612,112575,1756
2021-03-09,Santa Cruz,087,273765,15600,14764,791,15555,188
2021-03-09,Shasta,089,179085,11072,11113,1289,12402,155
2021-03-09,Sierra,091,2930,52,48,12,60,0
2021-03-09,Siskiyou,093,43540,1536,1447,248,1695,5
2021-03-09,Solano,095,438530,30241,30090,377,30467,169
2021-03-09,Sonoma,097,501317,28544,28601,231,28832,284
2021-03-09,Stanislaus,099,539301,51615,50884,5456,56340,703
2021-03-09,Sutter,101,95872,8982,8914,81,8995,101
2021-03-09,Tehama,103,63373,4656,4620,499,5119,33
2021-03-09,Trinity,105,12862,469,304,80,384,3
2021-03-09,Tulare,107,460477,48786,47637,8358,55995,792
2021-03-09,Tuolumne,109,53932,3861,3929,35,3964,56
2021-03-09,Ventura,111,848112,78884,78526,2826,81352,863
2021-03-09,Yolo,113,214977,13070,13015,226,13241,189
2021-03-09,Yuba,115,75493,5609,5539,89,5628,42
2021-03-08,Alameda,001,1643700,82100,81543,1757,83300,1142
2021-03-08,Alpine,003,1148,82,78,0,78,0
2021-03-08,Amador,005,37829,3505,3490,32,3522,42
2021-03-08,Butte,007,227075,11464,11082,1632,12714,185
2021-03-08,Calaveras,009,45235,1945,1909,12,1921,48
2021-03-08,Colusa,011,21464,1885,1877,272,2149,11
2021-03-08,Contra Costa,013,1133247,64239,63240,1105,64345,719
2021-03-08,Del Norte,015,27424,1059,1012,5,1017,5
2021-03-08,El Dorado,017,186661,9251,9188,597,9785,97
2021-03-08,Fresno,019,978130,97878,96665,7935,104600,1442
2021-03-08,Glenn,021,27897,2284,2249,503,2752,15
2021-03-08,Humboldt,023,135768,3301,3278,22,3300,31
2021-03-08,Imperial,025,180216,27357,27033,2645,29678,663
2021-03-08,Inyo,027,18085,1343,1320,9,1329,35
2021-03-08,Kern,029,883053,94295,92857,10033,102890,1087
2021-03-08,Kings,031,150075,22501,22130,997,23127,226
2021-03-08,Lake,033,64148,3240,3195,6,3201,42
2021-03-08,Lassen,035,31185,5135,5119,100,5219,1
2021-03-08,Los Angeles,037,10098052,1177893,1163409,39729,1203138,21868
2021-03-08,Madera,039,155013,15863,15691,859,16550,211
2021-03-08,Marin,041,260295,13406,13328,176,13504,214
2021-03-08,Mariposa,043,17540,379,376,5,381,5
2021-03-08,Mendocino,045,87422,3684,3590,72,3662,42
2021-03-08,Merced,047,269075,28993,28841,908,29749,398
2021-03-08,Modoc,049,8938,349,338,118,456,3
2021-03-08,Mono,051,14174,1194,1200,16,1216,3
2021-03-08,Monterey,053,433212,42211,41863,1724,43587,328
2021-03-08,Napa,055,140530,9172,9146,34,9180,75
2021-03-08,Nevada,057,99092,4127,4059,164,4223,66
2021-03-08,Orange,059,3164182,248765,246900,10382,257282,4243
2021-03-08,Placer,061,380077,20928,20102,1151,21253,239
2021-03-08,Plumas,063,18699,648,635,10,645,4
2021-03-08,Riverside,065,2383286,287271,280463,13544,294007,3783
2021-03-08,Sacramento,067,1510023,95982,94654,1321,95975,1438
2021-03-08,San Benito,069,59416,5791,5797,92,5889,61
2021-03-08,San Bernardino,071,2135413,287390,282894,8612,291506,3811
2021-03-08,San Diego,073,3302833,266701,263272,13154,276426,3390
2021-03-08,San Francisco,075,870044,34595,34634,1120,35754,446
2021-03-08,San Joaquin,077,732212,67851,66307,2885,69192,1139
2021-03-08,San Luis Obispo,079,281455,19996,19656,578,20234,245
2021-03-08,San Mateo,081,765935,40003,39492,416,39908,335
2021-03-08,Santa Barbara,083,443738,32677,32293,1125,33418,427
2021-03-08,Santa Clara,085,1922200,111962,111882,610,112492,1756
2021-03-08,Santa Cruz,087,273765,15580,14729,791,15520,188
2021-03-08,Shasta,089,179085,11064,11088,1284,12372,155
2021-03-08,Sierra,091,2930,52,48,12,60,0
2021-03-08,Siskiyou,093,43540,1535,1440,248,1688,5
2021-03-08,Solano,095,438530,30201,30068,375,30443,169
2021-03-08,Sonoma,097,501317,28500,28571,230,28801,284
2021-03-08,Stanislaus,099,539301,51535,50825,5451,56276,690
2021-03-08,Sutter,101,95872,8979,8905,81,8986,100
2021-03-08,Tehama,103,63373,4653,4615,498,5113,33
2021-03-08,Trinity,105,12862,468,302,80,382,3
2021-03-08,Tulare,107,460477,48745,47587,8333,55920,791
2021-03-08,Tuolumne,109,53932,3860,3921,35,3956,56
2021-03-08,Ventura,111,848112,78813,78526,2818,81344,852
2021-03-08,Yolo,113,214977,13047,13000,225,13225,189
2021-03-08,Yuba,115,75493,5599,5530,89,5619,42
2021-03-07,Alameda,001,1643700,81982,81413,1756,83169,1145
2021-03-07,Alpine,003,1148,82,78,0,78,0
2021-03-07,Amador,005,37829,3502,3489,32,3521,42
2021-03-07,Butte,007,227075,11449,11075,1631,12706,185
2021-03-07,Calaveras,009,45235,1941,1906,12,1918,48
2021-03-07,Colusa,011,21464,1884,1876,272,2148,11
2021-03-07,Contra Costa,013,1133247,64140,63148,1103,64251,719
2021-03-07,Del Norte,015,27424,1054,1010,5,1015,5
2021-03-07,El Dorado,017,186661,9248,9184,596,9780,97
2021-03-07,Fresno,019,978130,97700,96549,7913,104462,1442
2021-03-07,Glenn,021,27897,2282,2244,503,2747,15
2021-03-07,Humboldt,023,135768,3291,3274,22,3296,31
2021-03-07,Imperial,025,180216,27348,27019,2642,29661,658
2021-03-07,Inyo,027,18085,1340,1320,9,1329,35
2021-03-07,Kern,029,883053,94208,92746,10003,102749,1086
2021-03-07,Kings,031,150075,22479,22103,996,23099,224
2021-03-07,Lake,033,64148,3234,3192,6,3198,42
2021-03-07,Lassen,035,31185,5134,5119,100,5219,1
2021-03-07,Los Angeles,037,10098052,1177169,1162749,39692,1202441,21857
2021-03-07,Madera,039,155013,15844,15675,859,16534,211
2021-03-07,Marin,041,260295,13398,13313,174,13487,214
2021-03-07,Mariposa,043,17540,378,376,5,381,5
2021-03-07,Mendocino,045,87422,3680,3581,72,3653,42
2021-03-07,Merced,047,269075,28919,28829,904,29733,399
2021-03-07,Modoc,049,8938,349,338,118,456,3
2021-03-07,Mono,051,14174,1192,1199,16,1215,3
2021-03-07,Monterey,053,433212,42189,41858,1721,43579,328
2021-03-07,Napa,055,140530,9162,9137,34,9171,75
2021-03-07,Nevada,057,99092,4113,4052,163,4215,66
2021-03-07,Orange,059,3164182,248573,246771,10354,257125,4218
2021-03-07,Placer,061,380077,20888,20070,1147,21217,239
2021-03-07,Plumas,063,18699,647,635,10,645,4
2021-03-07,Riverside,065,2383286,287122,280379,13535,293914,3779
2021-03-07,Sacramento,067,1510023,95805,94513,1314,95827,1437
2021-03-07,San Benito,069,59416,5784,5795,92,5887,61
2021-03-07,San Bernardino,071,2135413,287239,282860,8607,291467,3810
2021-03-07,San Diego,073,3302833,266420,262965,13130,276095,3390
2021-03-07,San Francisco,075,870044,34561,34594,1115,35709,445
2021-03-07,San Joaquin,077,732212,67715,66252,2871,69123,1139
2021-03-07,San Luis Obispo,079,281455,19959,19614,576,20190,245
2021-03-07,San Mateo,081,765935,39963,39436,413,39849,329
2021-03-07,Santa Barbara,083,443738,32630,32218,1124,33342,425
2021-03-07,Santa Clara,085,1922200,111817,111745,606,112351,1752
2021-03-07,Santa Cruz,087,273765,15558,14715,790,15505,189
2021-03-07,Shasta,089,179085,11051,11083,1276,12359,156
2021-03-07,Sierra,091,2930,51,48,12,60,0
2021-03-07,Siskiyou,093,43540,1532,1435,244,1679,5
2021-03-07,Solano,095,438530,30164,30027,375,30402,169
2021-03-07,Sonoma,097,501317,28451,28533,228,28761,284
2021-03-07,Stanislaus,099,539301,51403,50783,5434,56217,699
2021-03-07,Sutter,101,95872,8969,8900,81,8981,100
2021-03-07,Tehama,103,63373,4643,4614,495,5109,33
2021-03-07,Trinity,105,12862,468,302,80,382,3
2021-03-07,Tulare,107,460477,48686,47569,8302,55871,790
2021-03-07,Tuolumne,109,53932,3859,3922,34,3956,56
2021-03-07,Ventura,111,848112,78715,78487,2814,81301,851
2021-03-07,Yolo,113,214977,13028,12988,225,13213,189
2021-03-07,Yuba,115,75493,5594,5516,89,5605,42
2021-03-06,Alameda,001,1643700,81927,81310,1755,83065,1143
2021-03-06,Alpine,003,1148,82,78,0,78,0
2021-03-06,Amador,005,37829,3498,3487,32,3519,42
2021-03-06,Butte,007,227075,11446,11065,1630,12695,185
2021-03-06,Calaveras,009,45235,1938,1904,12,1916,48
2021-03-06,Colusa,011,21464,1882,1874,272,2146,11
2021-03-06,Contra Costa,013,1133247,64079,63040,1099,64139,719
2021-03-06,Del Norte,015,27424,1049,1000,5,1005,5
2021-03-06,El Dorado,017,186661,9244,9166,596,9762,97
2021-03-06,Fresno,019,978130,97605,96366,7902,104268,1440
2021-03-06,Glenn,021,27897,2282,2241,503,2744,15
2021-03-06,Humboldt,023,135768,3281,3260,22,3282,31
2021-03-06,Imperial,025,180216,27344,27009,2637,29646,658
2021-03-06,Inyo,027,18085,1337,1312,9,1321,35
2021-03-06,Kern,029,883053,94162,92684,9983,102667,1082
2021-03-06,Kings,031,150075,22464,22094,996,23090,224
2021-03-06,Lake,033,64148,3232,3189,6,3195,42
2021-03-06,Lassen,035,31185,5134,5119,100,5219,1
2021-03-06,Los Angeles,037,10098052,1176731,1161745,39662,1201407,21843
2021-03-06,Madera,039,155013,15835,15646,857,16503,211
2021-03-06,Marin,041,260295,13389,13289,174,13463,213
2021-03-06,Mariposa,043,17540,378,376,5,381,5
2021-03-06,Mendocino,045,87422,3678,3579,72,3651,42
2021-03-06,Merced,047,269075,28877,28771,904,29675,399
2021-03-06,Modoc,049,8938,348,338,118,456,3
2021-03-06,Mono,051,14174,1191,1198,16,1214,3
2021-03-06,Monterey,053,433212,42184,41838,1718,43556,327
2021-03-06,Napa,055,140530,9154,9129,34,9163,75
2021-03-06,Nevada,057,99092,4107,4044,163,4207,66
2021-03-06,Orange,059,3164182,248482,246634,10340,256974,4165
2021-03-06,Placer,061,380077,20865,20030,1145,21175,239
2021-03-06,Plumas,063,18699,647,634,10,644,4
2021-03-06,Riverside,065,2383286,287029,280225,13527,293752,3781
2021-03-06,Sacramento,067,1510023,95717,94332,1305,95637,1436
2021-03-06,San Benito,069,59416,5779,5793,92,5885,61
2021-03-06,San Bernardino,071,2135413,287155,282737,8605,291342,3791
2021-03-06,San Diego,073,3302833,266233,262778,13113,275891,3385
2021-03-06,San Francisco,075,870044,34530,34560,1111,35671,435
2021-03-06,San Joaquin,077,732212,67641,66162,2861,69023,1138
2021-03-06,San Luis Obispo,079,281455,19939,19592,574,20166,245
2021-03-06,San Mateo,081,765935,39938,39384,413,39797,329
2021-03-06,Santa Barbara,083,443738,32599,32176,1123,33299,424
2021-03-06,Santa Clara,085,1922200,111721,111570,604,112174,1749
2021-03-06,Santa Cruz,087,273765,15547,14701,790,15491,188
2021-03-06,Shasta,089,179085,11042,11076,1274,12350,158
2021-03-06,Sierra,091,2930,51,48,12,60,0
2021-03-06,Siskiyou,093,43540,1530,1432,244,1676,5
2021-03-06,Solano,095,438530,30135,30000,374,30374,169
2021-03-06,Sonoma,097,501317,28428,28484,226,28710,284
2021-03-06,Stanislaus,099,539301,51333,50691,5428,56119,711
2021-03-06,Sutter,101,95872,8963,8887,81,8968,100
2021-03-06,Tehama,103,63373,4643,4610,493,5103,33
2021-03-06,Trinity,105,12862,468,302,80,382,3
2021-03-06,Tulare,107,460477,48654,47515,8273,55788,789
2021-03-06,Tuolumne,109,53932,3857,3920,34,3954,56
2021-03-06,Ventura,111,848112,78660,78439,2813,81252,848
2021-03-06,Yolo,113,214977,13022,12951,225,13176,189
2021-03-06,Yuba,115,75493,5585,5504,89,5593,42
2021-03-05,Alameda,001,1643700,81837,81215,1753,82968,1141
2021-03-05,Alpine,003,1148,82,78,0,78,0
2021-03-05,Amador,005,37829,3497,3484,32,3516,42
2021-03-05,Butte,007,227075,11435,11050,1629,12679,185
2021-03-05,Calaveras,009,45235,1934,1902,12,1914,48
2021-03-05,Colusa,011,21464,1882,1874,272,2146,11
2021-03-05,Contra Costa,013,1133247,63999,62886,1096,63982,711
2021-03-05,Del Norte,015,27424,1045,995,5,1000,5
2021-03-05,El Dorado,017,186661,9239,9150,595,9745,97
2021-03-05,Fresno,019,978130,97497,96184,7883,104067,1432
2021-03-05,Glenn,021,27897,2279,2241,502,2743,15
2021-03-05,Humboldt,023,135768,3274,3234,22,3256,31
2021-03-05,Imperial,025,180216,27334,26970,2628,29598,651
2021-03-05,Inyo,027,18085,1333,1309,9,1318,35
2021-03-05,Kern,029,883053,94122,92601,9970,102571,1076
2021-03-05,Kings,031,150075,22446,22063,995,23058,224
2021-03-05,Lake,033,64148,3230,3185,6,3191,42
2021-03-05,Lassen,035,31185,5134,5117,98,5215,1
2021-03-05,Los Angeles,037,10098052,1176242,1160688,39631,1200319,21745
2021-03-05,Madera,039,155013,15825,15624,855,16479,211
2021-03-05,Marin,041,260295,13376,13275,173,13448,215
2021-03-05,Mariposa,043,17540,378,375,5,380,4
2021-03-05,Mendocino,045,87422,3675,3577,72,3649,42
2021-03-05,Merced,047,269075,28844,28734,903,29637,399
2021-03-05,Modoc,049,8938,348,337,118,455,3
2021-03-05,Mono,051,14174,1190,1197,16,1213,3
2021-03-05,Monterey,053,433212,42171,41802,1718,43520,325
2021-03-05,Napa,055,140530,9146,9109,34,9143,75
2021-03-05,Nevada,057,99092,4103,4033,163,4196,66
2021-03-05,Orange,059,3164182,248369,246489,10327,256816,4108
2021-03-05,Placer,061,380077,20839,19973,1141,21114,239
2021-03-05,Plumas,063,18699,647,635,10,645,4
2021-03-05,Riverside,065,2383286,286917,280075,13522,293597,3781
2021-03-05,Sacramento,067,1510023,95621,94182,1298,95480,1430
2021-03-05,San Benito,069,59416,5776,5790,92,5882,61
2021-03-05,San Bernardino,071,2135413,287062,282640,8601,291241,3774
2021-03-05,San Diego,073,3302833,266000,262357,13096,275453,3371
2021-03-05,San Francisco,075,870044,34490,34526,1107,35633,430
2021-03-05,San Joaquin,077,732212,67561,66041,2852,68893,1133
2021-03-05,San Luis Obispo,079,281455,19918,19557,572,20129,244
2021-03-05,San Mateo,081,765935,39906,39305,413,39718,326
2021-03-05,Santa Barbara,083,443738,32562,32139,1118,33257,424
2021-03-05,Santa Clara,085,1922200,111625,111384,604,111988,1745
2021-03-05,Santa Cruz,087,273765,15536,14694,790,15484,188
2021-03-05,Shasta,089,179085,11030,11062,1268,12330,148
2021-03-05,Sierra,091,2930,51,48,12,60,0
2021-03-05,Siskiyou,093,43540,1526,1429,243,1672,5
2021-03-05,Solano,095,438530,30118,29951,372,30323,168
2021-03-05,Sonoma,097,501317,28402,28417,226,28643,279
2021-03-05,Stanislaus,099,539301,51282,50606,5418,56024,721
2021-03-05,Sutter,101,95872,8956,8876,81,8957,100
2021-03-05,Tehama,103,63373,4634,4606,493,5099,33
2021-03-05,Trinity,105,12862,468,302,80,382,3
2021-03-05,Tulare,107,460477,48625,47469,8254,55723,789
2021-03-05,Tuolumne,109,53932,3855,3917,34,3951,56
2021-03-05,Ventura,111,848112,78593,78368,2812,81180,839
2021-03-05,Yolo,113,214977,13010,12920,224,13144,188
2021-03-05,Yuba,115,75493,5573,5496,89,5585,42
2021-03-04,Alameda,001,1643700,81727,81115,1753,82868,1136
2021-03-04,Alpine,003,1148,82,78,0,78,0
2021-03-04,Amador,005,37829,3496,3480,32,3512,42
2021-03-04,Butte,007,227075,11428,11033,1628,12661,185
2021-03-04,Calaveras,009,45235,1933,1896,12,1908,48
2021-03-04,Colusa,011,21464,1880,1873,267,2140,11
2021-03-04,Contra Costa,013,1133247,63900,62789,1094,63883,708
2021-03-04,Del Norte,015,27424,1037,989,5,994,5
2021-03-04,El Dorado,017,186661,9224,9133,595,9728,97
2021-03-04,Fresno,019,978130,97333,96023,7863,103886,1422
2021-03-04,Glenn,021,27897,2272,2236,501,2737,15
2021-03-04,Humboldt,023,135768,3260,3212,22,3234,31
2021-03-04,Imperial,025,180216,27322,26946,2625,29571,646
2021-03-04,Inyo,027,18085,1330,1300,9,1309,35
2021-03-04,Kern,029,883053,94033,92525,9951,102476,1070
2021-03-04,Kings,031,150075,22420,22025,992,23017,224
2021-03-04,Lake,033,64148,3222,3181,6,3187,42
2021-03-04,Lassen,035,31185,5134,5116,98,5214,1
2021-03-04,Los Angeles,037,10098052,1175632,1159405,39583,1198988,21610
2021-03-04,Madera,039,155013,15790,15596,852,16448,208
2021-03-04,Marin,041,260295,13359,13240,170,13410,215
2021-03-04,Mariposa,043,17540,378,376,5,381,4
2021-03-04,Mendocino,045,87422,3672,3569,72,3641,42
2021-03-04,Merced,047,269075,28793,28671,900,29571,396
2021-03-04,Modoc,049,8938,347,336,118,454,3
2021-03-04,Mono,051,14174,1190,1197,16,1213,3
2021-03-04,Monterey,053,433212,42151,41771,1716,43487,325
2021-03-04,Napa,055,140530,9138,9094,34,9128,74
2021-03-04,Nevada,057,99092,4093,4020,163,4183,66
2021-03-04,Orange,059,3164182,248212,246354,10310,256664,4096
2021-03-04,Placer,061,380077,20807,19900,1135,21035,239
2021-03-04,Plumas,063,18699,647,634,10,644,4
2021-03-04,Riverside,065,2383286,286787,279871,13509,293380,3766
2021-03-04,Sacramento,067,1510023,95486,93982,1295,95277,1426
2021-03-04,San Benito,069,59416,5776,5781,92,5873,61
2021-03-04,San Bernardino,071,2135413,286932,282407,8597,291004,3757
2021-03-04,San Diego,073,3302833,265740,261858,13052,274910,3359
2021-03-04,San Francisco,075,870044,34456,34480,1104,35584,426
2021-03-04,San Joaquin,077,732212,67467,65931,2842,68773,1129
2021-03-04,San Luis Obispo,079,281455,19881,19520,570,20090,243
2021-03-04,San Mateo,081,765935,39862,39225,412,39637,322
2021-03-04,Santa Barbara,083,443738,32525,32090,1117,33207,423
2021-03-04,Santa Clara,085,1922200,111491,111194,602,111796,1723
2021-03-04,Santa Cruz,087,273765,15517,14669,790,15459,186
2021-03-04,Shasta,089,179085,11027,11050,1259,12309,150
2021-03-04,Sierra,091,2930,51,48,12,60,0
2021-03-04,Siskiyou,093,43540,1520,1427,243,1670,5
2021-03-04,Solano,095,438530,30091,29905,371,30276,168
2021-03-04,Sonoma,097,501317,28347,28379,225,28604,279
2021-03-04,Stanislaus,099,539301,51193,50521,5410,55931,731
2021-03-04,Sutter,101,95872,8944,8849,81,8930,100
2021-03-04,Tehama,103,63373,4628,4604,493,5097,33
2021-03-04,Trinity,105,12862,468,302,80,382,3
2021-03-04,Tulare,107,460477,48580,47398,8229,55627,784
2021-03-04,Tuolumne,109,53932,3849,3916,34,3950,56
2021-03-04,Ventura,111,848112,78506,78184,2810,80994,831
2021-03-04,Yolo,113,214977,12990,12895,224,13119,189
2021-03-04,Yuba,115,75493,5561,5483,89,5572,41
2021-03-03,Alameda,001,1643700,81606,80972,1752,82724,1127
2021-03-03,Alpine,003,1148,82,77,0,77,0
2021-03-03,Amador,005,37829,3494,3478,31,3509,42
2021-03-03,Butte,007,227075,11421,11014,1627,12641,184
2021-03-03,Calaveras,009,45235,1932,1893,12,1905,48
2021-03-03,Colusa,011,21464,1879,1873,267,2140,11
2021-03-03,Contra Costa,013,1133247,63802,62668,1091,63759,708
2021-03-03,Del Norte,015,27424,1034,988,5,993,5
2021-03-03,El Dorado,017,186661,9214,9121,595,9716,97
2021-03-03,Fresno,019,978130,97189,95893,7845,103738,1415
2021-03-03,Glenn,021,27897,2272,2233,501,2734,15
2021-03-03,Humboldt,023,135768,3249,3196,22,3218,30
2021-03-03,Imperial,025,180216,27305,26939,2620,29559,640
2021-03-03,Inyo,027,18085,1322,1294,9,1303,35
2021-03-03,Kern,029,883053,93957,92434,9934,102368,1063
2021-03-03,Kings,031,150075,22404,22009,991,23000,223
2021-03-03,Lake,033,64148,3215,3175,6,3181,40
2021-03-03,Lassen,035,31185,5134,5115,98,5213,1
2021-03-03,Los Angeles,037,10098052,1174991,1157911,39542,1197453,21500
2021-03-03,Madera,039,155013,15771,15553,846,16399,203
2021-03-03,Marin,041,260295,13346,13216,170,13386,214
2021-03-03,Mariposa,043,17540,377,376,5,381,4
2021-03-03,Mendocino,045,87422,3664,3564,72,3636,42
2021-03-03,Merced,047,269075,28741,28625,900,29525,393
2021-03-03,Modoc,049,8938,347,333,117,450,3
2021-03-03,Mono,051,14174,1190,1191,16,1207,3
2021-03-03,Monterey,053,433212,42118,41731,1713,43444,325
2021-03-03,Napa,055,140530,9130,9090,34,9124,72
2021-03-03,Nevada,057,99092,4083,4009,163,4172,66
2021-03-03,Orange,059,3164182,248067,246120,10295,256415,4072
2021-03-03,Placer,061,380077,20781,19851,1132,20983,239
2021-03-03,Plumas,063,18699,646,631,10,641,4
2021-03-03,Riverside,065,2383286,286654,279626,13503,293129,3735
2021-03-03,Sacramento,067,1510023,95325,93819,1287,95106,1419
2021-03-03,San Benito,069,59416,5775,5774,92,5866,61
2021-03-03,San Bernardino,071,2135413,286790,282138,8590,290728,3664
2021-03-03,San Diego,073,3302833,265476,261350,13021,274371,3342
2021-03-03,San Francisco,075,870044,34424,34443,1101,35544,426
2021-03-03,San Joaquin,077,732212,67355,65855,2835,68690,1115
2021-03-03,San Luis Obispo,079,281455,19855,19479,567,20046,241
2021-03-03,San Mateo,081,765935,39816,39189,411,39600,319
2021-03-03,Santa Barbara,083,443738,32487,32027,1117,33144,421
2021-03-03,Santa Clara,085,1922200,111336,110991,600,111591,1720
2021-03-03,Santa Cruz,087,273765,15506,14645,790,15435,185
2021-03-03,Shasta,089,179085,11017,11023,1252,12275,150
2021-03-03,Sierra,091,2930,51,48,12,60,0
2021-03-03,Siskiyou,093,43540,1518,1424,243,1667,5
2021-03-03,Solano,095,438530,30055,29866,370,30236,167
2021-03-03,Sonoma,097,501317,28308,28307,224,28531,279
2021-03-03,Stanislaus,099,539301,51115,50438,5403,55841,730
2021-03-03,Sutter,101,95872,8935,8840,81,8921,99
2021-03-03,Tehama,103,63373,4625,4601,493,5094,32
2021-03-03,Trinity,105,12862,468,302,80,382,3
2021-03-03,Tulare,107,460477,48529,47348,8198,55546,778
2021-03-03,Tuolumne,109,53932,3847,3914,33,3947,56
2021-03-03,Ventura,111,848112,78423,78057,2804,80861,822
2021-03-03,Yolo,113,214977,12977,12890,224,13114,189
2021-03-03,Yuba,115,75493,5548,5479,89,5568,41
2021-03-02,Alameda,001,1643700,81486,80904,1750,82654,1116
2021-03-02,Alpine,003,1148,82,77,0,77,0
2021-03-02,Amador,005,37829,3492,3474,31,3505,42
2021-03-02,Butte,007,227075,11411,11007,1625,12632,182
2021-03-02,Calaveras,009,45235,1924,1890,12,1902,48
2021-03-02,Colusa,011,21464,1879,1872,266,2138,11
2021-03-02,Contra Costa,013,1133247,63691,62557,1087,63644,694
2021-03-02,Del Norte,015,27424,1027,983,5,988,5
2021-03-02,El Dorado,017,186661,9206,9116,595,9711,98
2021-03-02,Fresno,019,978130,97043,95785,7819,103604,1410
2021-03-02,Glenn,021,27897,2266,2232,500,2732,15
2021-03-02,Humboldt,023,135768,3230,3184,22,3206,30
2021-03-02,Imperial,025,180216,27295,26926,2618,29544,637
2021-03-02,Inyo,027,18085,1318,1292,9,1301,35
2021-03-02,Kern,029,883053,93851,92313,9907,102220,1046
2021-03-02,Kings,031,150075,22352,21999,989,22988,217
2021-03-02,Lake,033,64148,3209,3169,6,3175,40
2021-03-02,Lassen,035,31185,5129,5115,97,5212,1
2021-03-02,Los Angeles,037,10098052,1174355,1156826,39496,1196322,21395
2021-03-02,Madera,039,155013,15751,15523,843,16366,194
2021-03-02,Marin,041,260295,13323,13186,169,13355,214
2021-03-02,Mariposa,043,17540,377,376,5,381,4
2021-03-02,Mendocino,045,87422,3661,3562,71,3633,41
2021-03-02,Merced,047,269075,28684,28598,900,29498,389
2021-03-02,Modoc,049,8938,347,332,117,449,3
2021-03-02,Mono,051,14174,1189,1191,16,1207,3
2021-03-02,Monterey,053,433212,42091,41716,1711,43427,325
2021-03-02,Napa,055,140530,9118,9080,34,9114,71
2021-03-02,Nevada,057,99092,4074,3983,162,4145,66
2021-03-02,Orange,059,3164182,247921,246004,10278,256282,4037
2021-03-02,Placer,061,380077,20728,19828,1129,20957,239
2021-03-02,Plumas,063,18699,643,628,10,638,4
2021-03-02,Riverside,065,2383286,286481,279486,13495,292981,3721
2021-03-02,Sacramento,067,1510023,95158,93690,1286,94976,1411
2021-03-02,San Benito,069,59416,5768,5770,92,5862,60
2021-03-02,San Bernardino,071,2135413,286657,281919,8584,290503,3604
2021-03-02,San Diego,073,3302833,265232,260998,12999,273997,3317
2021-03-02,San Francisco,075,870044,34384,34387,1097,35484,424
2021-03-02,San Joaquin,077,732212,67247,65769,2817,68586,1111
2021-03-02,San Luis Obispo,079,281455,19823,19452,567,20019,241
2021-03-02,San Mateo,081,765935,39764,39148,410,39558,317
2021-03-02,Santa Barbara,083,443738,32438,31964,1113,33077,416
2021-03-02,Santa Clara,085,1922200,111157,110832,599,111431,1706
2021-03-02,Santa Cruz,087,273765,15492,14611,788,15399,185
2021-03-02,Shasta,089,179085,11003,11012,1241,12253,149
2021-03-02,Sierra,091,2930,51,48,12,60,0
2021-03-02,Siskiyou,093,43540,1514,1412,241,1653,5
2021-03-02,Solano,095,438530,30022,29827,368,30195,167
2021-03-02,Sonoma,097,501317,28253,28261,224,28485,279
2021-03-02,Stanislaus,099,539301,51028,50359,5390,55749,724
2021-03-02,Sutter,101,95872,8926,8832,81,8913,99
2021-03-02,Tehama,103,63373,4623,4597,493,5090,32
2021-03-02,Trinity,105,12862,468,301,80,381,3
2021-03-02,Tulare,107,460477,48466,47326,8178,55504,783
2021-03-02,Tuolumne,109,53932,3843,3908,33,3941,53
2021-03-02,Ventura,111,848112,78331,77952,2800,80752,780
2021-03-02,Yolo,113,214977,12960,12867,224,13091,189
2021-03-02,Yuba,115,75493,5540,5475,89,5564,41
2021-03-01,Alameda,001,1643700,81360,80805,1748,82553,1105
2021-03-01,Alpine,003,1148,80,77,0,77,0
2021-03-01,Amador,005,37829,3489,3469,31,3500,42
2021-03-01,Butte,007,227075,11395,10981,1620,12601,180
2021-03-01,Calaveras,009,45235,1920,1885,12,1897,46
2021-03-01,Colusa,011,21464,1878,1871,266,2137,11
2021-03-01,Contra Costa,013,1133247,63581,62458,1086,63544,694
2021-03-01,Del Norte,015,27424,1022,982,5,987,5
2021-03-01,El Dorado,017,186661,9182,9085,595,9680,98
2021-03-01,Fresno,019,978130,96905,95677,7797,103474,1405
2021-03-01,Glenn,021,27897,2261,2232,499,2731,15
2021-03-01,Humboldt,023,135768,3211,3179,22,3201,30
2021-03-01,Imperial,025,180216,27285,26913,2609,29522,636
2021-03-01,Inyo,027,18085,1315,1285,9,1294,35
2021-03-01,Kern,029,883053,93762,92219,9881,102100,1041
2021-03-01,Kings,031,150075,22335,21988,983,22971,217
2021-03-01,Lake,033,64148,3204,3164,6,3170,40
2021-03-01,Lassen,035,31185,5127,5111,97,5208,1
2021-03-01,Los Angeles,037,10098052,1173697,1155984,39454,1195438,21293
2021-03-01,Madera,039,155013,15722,15505,832,16337,194
2021-03-01,Marin,041,260295,13296,13161,168,13329,214
2021-03-01,Mariposa,043,17540,377,375,5,380,4
2021-03-01,Mendocino,045,87422,3654,3561,71,3632,41
2021-03-01,Merced,047,269075,28639,28575,896,29471,385
2021-03-01,Modoc,049,8938,344,331,116,447,3
2021-03-01,Mono,051,14174,1188,1192,16,1208,3
2021-03-01,Monterey,053,433212,42066,41697,1709,43406,324
2021-03-01,Napa,055,140530,9109,9056,34,9090,70
2021-03-01,Nevada,057,99092,4055,3979,162,4141,66
2021-03-01,Orange,059,3164182,247726,245852,10263,256115,3976
2021-03-01,Placer,061,380077,20689,19803,1126,20929,239
2021-03-01,Plumas,063,18699,643,628,10,638,4
2021-03-01,Riverside,065,2383286,286264,279323,13488,292811,3680
2021-03-01,Sacramento,067,1510023,95013,93546,1284,94830,1401
2021-03-01,San Benito,069,59416,5763,5772,92,5864,57
2021-03-01,San Bernardino,071,2135413,286514,281685,8580,290265,3603
2021-03-01,San Diego,073,3302833,264914,260622,12966,273588,3303
2021-03-01,San Francisco,075,870044,34340,34318,1089,35407,424
2021-03-01,San Joaquin,077,732212,67137,65699,2806,68505,1097
2021-03-01,San Luis Obispo,079,281455,19801,19429,565,19994,239
2021-03-01,San Mateo,081,765935,39712,39096,409,39505,314
2021-03-01,Santa Barbara,083,443738,32395,31909,1112,33021,413
2021-03-01,Santa Clara,085,1922200,110999,110684,596,111280,1704
2021-03-01,Santa Cruz,087,273765,15473,14575,787,15362,185
2021-03-01,Shasta,089,179085,10991,10990,1238,12228,149
2021-03-01,Sierra,091,2930,51,48,12,60,0
2021-03-01,Siskiyou,093,43540,1510,1408,239,1647,5
2021-03-01,Solano,095,438530,29979,29779,367,30146,166
2021-03-01,Sonoma,097,501317,28205,28222,222,28444,278
2021-03-01,Stanislaus,099,539301,50953,50293,5384,55677,722
2021-03-01,Sutter,101,95872,8914,8825,81,8906,99
2021-03-01,Tehama,103,63373,4619,4595,493,5088,32
2021-03-01,Trinity,105,12862,468,298,79,377,3
2021-03-01,Tulare,107,460477,48428,47275,8145,55420,781
2021-03-01,Tuolumne,109,53932,3840,3907,33,3940,53
2021-03-01,Ventura,111,848112,78249,77849,2798,80647,775
2021-03-01,Yolo,113,214977,12943,12854,222,13076,188
2021-03-01,Yuba,115,75493,5528,5466,89,5555,41
2021-02-28,Alameda,001,1643700,81239,80727,1746,82473,1105
2021-02-28,Alpine,003,1148,80,77,0,77,0
2021-02-28,Amador,005,37829,3484,3466,30,3496,42
2021-02-28,Butte,007,227075,11380,10970,1620,12590,180
2021-02-28,Calaveras,009,45235,1915,1881,12,1893,46
2021-02-28,Colusa,011,21464,1878,1871,265,2136,11
2021-02-28,Contra Costa,013,1133247,63454,62386,1081,63467,694
2021-02-28,Del Norte,015,27424,1020,981,5,986,5
2021-02-28,El Dorado,017,186661,9171,9082,595,9677,98
2021-02-28,Fresno,019,978130,96723,95548,7763,103311,1405
2021-02-28,Glenn,021,27897,2259,2230,497,2727,15
2021-02-28,Humboldt,023,135768,3188,3179,22,3201,30
2021-02-28,Imperial,025,180216,27258,26909,2602,29511,636
2021-02-28,Inyo,027,18085,1310,1282,9,1291,35
2021-02-28,Kern,029,883053,93647,92169,9860,102029,1012
2021-02-28,Kings,031,150075,22314,21967,982,22949,217
2021-02-28,Lake,033,64148,3199,3164,6,3170,40
2021-02-28,Lassen,035,31185,5126,5106,97,5203,1
2021-02-28,Los Angeles,037,10098052,1172910,1155141,39393,1194534,21261
2021-02-28,Madera,039,155013,15680,15496,829,16325,199
2021-02-28,Marin,041,260295,13273,13152,166,13318,214
2021-02-28,Mariposa,043,17540,377,374,5,379,4
2021-02-28,Mendocino,045,87422,3648,3558,71,3629,41
2021-02-28,Merced,047,269075,28575,28546,895,29441,384
2021-02-28,Modoc,049,8938,344,331,116,447,3
2021-02-28,Mono,051,14174,1185,1192,16,1208,3
2021-02-28,Monterey,053,433212,42034,41683,1708,43391,323
2021-02-28,Napa,055,140530,9090,9053,34,9087,70
2021-02-28,Nevada,057,99092,4042,3972,162,4134,66
2021-02-28,Orange,059,3164182,247527,245706,10256,255962,3970
2021-02-28,Placer,061,380077,20643,19775,1124,20899,239
2021-02-28,Plumas,063,18699,643,628,10,638,4
2021-02-28,Riverside,065,2383286,286031,279214,13477,292691,3661
2021-02-28,Sacramento,067,1510023,94829,93463,1279,94742,1398
2021-02-28,San Benito,069,59416,5752,5772,92,5864,57
2021-02-28,San Bernardino,071,2135413,286373,281620,8568,290188,3595
2021-02-28,San Diego,073,3302833,264617,260353,12932,273285,3303
2021-02-28,San Francisco,075,870044,34298,34291,1083,35374,417
2021-02-28,San Joaquin,077,732212,67029,65662,2797,68459,1097
2021-02-28,San Luis Obispo,079,281455,19765,19422,563,19985,237
2021-02-28,San Mateo,081,765935,39659,39059,408,39467,314
2021-02-28,Santa Barbara,083,443738,32342,31877,1112,32989,413
2021-02-28,Santa Clara,085,1922200,110800,110556,593,111149,1704
2021-02-28,Santa Cruz,087,273765,15444,14571,784,15355,185
2021-02-28,Shasta,089,179085,10970,10990,1234,12224,149
2021-02-28,Sierra,091,2930,51,48,12,60,0
2021-02-28,Siskiyou,093,43540,1502,1408,238,1646,5
2021-02-28,Solano,095,438530,29923,29758,361,30119,166
2021-02-28,Sonoma,097,501317,28142,28193,221,28414,279
2021-02-28,Stanislaus,099,539301,50863,50228,5371,55599,728
2021-02-28,Sutter,101,95872,8899,8825,81,8906,99
2021-02-28,Tehama,103,63373,4612,4590,493,5083,32
2021-02-28,Trinity,105,12862,468,298,79,377,3
2021-02-28,Tulare,107,460477,48366,47258,8114,55372,780
2021-02-28,Tuolumne,109,53932,3835,3905,33,3938,53
2021-02-28,Ventura,111,848112,78138,77749,2795,80544,775
2021-02-28,Yolo,113,214977,12921,12851,222,13073,188
2021-02-28,Yuba,115,75493,5518,5461,89,5550,41
2021-02-27,Alameda,001,1643700,81167,80565,1744,82309,1108
2021-02-27,Alpine,003,1148,80,77,0,77,0
2021-02-27,Amador,005,37829,3482,3463,30,3493,42
2021-02-27,Butte,007,227075,11368,10962,1620,12582,180
2021-02-27,Calaveras,009,45235,1910,1875,12,1887,46
2021-02-27,Colusa,011,21464,1877,1869,265,2134,11
2021-02-27,Contra Costa,013,1133247,63383,62248,1078,63326,693
2021-02-27,Del Norte,015,27424,1018,978,5,983,5
2021-02-27,El Dorado,017,186661,9167,9072,595,9667,98
2021-02-27,Fresno,019,978130,96646,95393,7752,103145,1400
2021-02-27,Glenn,021,27897,2258,2225,496,2721,15
2021-02-27,Humboldt,023,135768,3182,3167,22,3189,30
2021-02-27,Imperial,025,180216,27250,26903,2601,29504,633
2021-02-27,Inyo,027,18085,1307,1275,9,1284,35
2021-02-27,Kern,029,883053,93586,92053,9845,101898,996
2021-02-27,Kings,031,150075,22304,21955,979,22934,216
2021-02-27,Lake,033,64148,3196,3156,6,3162,40
2021-02-27,Lassen,035,31185,5126,5106,97,5203,1
2021-02-27,Los Angeles,037,10098052,1172414,1154275,39366,1193641,21158
2021-02-27,Madera,039,155013,15663,15467,828,16295,199
2021-02-27,Marin,041,260295,13249,13134,166,13300,214
2021-02-27,Mariposa,043,17540,377,374,5,379,4
2021-02-27,Mendocino,045,87422,3645,3555,71,3626,41
2021-02-27,Merced,047,269075,28533,28501,887,29388,384
2021-02-27,Modoc,049,8938,344,331,115,446,3
2021-02-27,Mono,051,14174,1183,1191,16,1207,3
2021-02-27,Monterey,053,433212,42025,41665,1708,43373,322
2021-02-27,Napa,055,140530,9079,9038,34,9072,71
2021-02-27,Nevada,057,99092,4036,3960,162,4122,66
2021-02-27,Orange,059,3164182,247400,245542,10245,255787,3960
2021-02-27,Placer,061,380077,20607,19726,1121,20847,239
2021-02-27,Plumas,063,18699,643,628,10,638,4
2021-02-27,Riverside,065,2383286,285920,279048,13467,292515,3663
2021-02-27,Sacramento,067,1510023,94746,93281,1269,94550,1396
2021-02-27,San Benito,069,59416,5751,5767,91,5858,57
2021-02-27,San Bernardino,071,2135413,286294,281471,8561,290032,3527
2021-02-27,San Diego,073,3302833,264427,260091,12894,272985,3284
2021-02-27,San Francisco,075,870044,34264,34260,1080,35340,413
2021-02-27,San Joaquin,077,732212,66983,65578,2795,68373,1100
2021-02-27,San Luis Obispo,079,281455,19744,19411,562,19973,237
2021-02-27,San Mateo,081,765935,39618,38998,407,39405,313
2021-02-27,Santa Barbara,083,443738,32308,31805,1111,32916,411
2021-02-27,Santa Clara,085,1922200,110652,110361,591,110952,1703
2021-02-27,Santa Cruz,087,273765,15435,14552,783,15335,185
2021-02-27,Shasta,089,179085,10964,10985,1230,12215,149
2021-02-27,Sierra,091,2930,51,48,12,60,0
2021-02-27,Siskiyou,093,43540,1500,1407,237,1644,5
2021-02-27,Solano,095,438530,29895,29718,360,30078,165
2021-02-27,Sonoma,097,501317,28098,28141,215,28356,281
2021-02-27,Stanislaus,099,539301,50808,50147,5361,55508,733
2021-02-27,Sutter,101,95872,8894,8820,81,8901,99
2021-02-27,Tehama,103,63373,4609,4584,493,5077,32
2021-02-27,Trinity,105,12862,468,298,79,377,3
2021-02-27,Tulare,107,460477,48329,47209,8088,55297,770
2021-02-27,Tuolumne,109,53932,3832,3899,33,3932,53
2021-02-27,Ventura,111,848112,78066,77623,2792,80415,771
2021-02-27,Yolo,113,214977,12909,12834,222,13056,188
2021-02-27,Yuba,115,75493,5515,5450,89,5539,39
2021-02-26,Alameda,001,1643700,81072,80387,1739,82126,1106
2021-02-26,Alpine,003,1148,80,77,0,77,0
2021-02-26,Amador,005,37829,3476,3457,30,3487,42
2021-02-26,Butte,007,227075,11357,10941,1620,12561,180
2021-02-26,Calaveras,009,45235,1907,1873,12,1885,46
2021-02-26,Colusa,011,21464,1877,1865,265,2130,11
2021-02-26,Contra Costa,013,1133247,63301,62114,1078,63192,685
2021-02-26,Del Norte,015,27424,1014,968,5,973,5
2021-02-26,El Dorado,017,186661,9162,9038,593,9631,98
2021-02-26,Fresno,019,978130,96543,95202,7744,102946,1391
2021-02-26,Glenn,021,27897,2255,2220,496,2716,15
2021-02-26,Humboldt,023,135768,3176,3152,22,3174,30
2021-02-26,Imperial,025,180216,27242,26888,2599,29487,631
2021-02-26,Inyo,027,18085,1305,1271,9,1280,34
2021-02-26,Kern,029,883053,93507,91884,9829,101713,997
2021-02-26,Kings,031,150075,22288,21917,976,22893,216
2021-02-26,Lake,033,64148,3191,3153,6,3159,40
2021-02-26,Lassen,035,31185,5126,5102,97,5199,1
2021-02-26,Los Angeles,037,10098052,1171839,1153131,39302,1192433,21070
2021-02-26,Madera,039,155013,15647,15436,826,16262,199
2021-02-26,Marin,041,260295,13235,13091,166,13257,214
2021-02-26,Mariposa,043,17540,377,375,5,380,4
2021-02-26,Mendocino,045,87422,3640,3549,71,3620,41
2021-02-26,Merced,047,269075,28498,28455,887,29342,382
2021-02-26,Modoc,049,8938,343,330,115,445,3
2021-02-26,Mono,051,14174,1181,1191,16,1207,3
2021-02-26,Monterey,053,433212,41999,41607,1707,43314,322
2021-02-26,Napa,055,140530,9073,9014,34,9048,70
2021-02-26,Nevada,057,99092,4025,3952,162,4114,66
2021-02-26,Orange,059,3164182,247260,245278,10235,255513,3918
2021-02-26,Placer,061,380077,20581,19712,1115,20827,239
2021-02-26,Plumas,063,18699,643,628,10,638,4
2021-02-26,Riverside,065,2383286,285776,278772,13461,292233,3653
2021-02-26,Sacramento,067,1510023,94623,93180,1266,94446,1390
2021-02-26,San Benito,069,59416,5750,5759,91,5850,57
2021-02-26,San Bernardino,071,2135413,286195,281132,8559,289691,3461
2021-02-26,San Diego,073,3302833,264200,259641,12873,272514,3271
2021-02-26,San Francisco,075,870044,34234,34213,1076,35289,413
2021-02-26,San Joaquin,077,732212,66902,65492,2789,68281,1070
2021-02-26,San Luis Obispo,079,281455,19728,19359,560,19919,234
2021-02-26,San Mateo,081,765935,39572,38922,407,39329,313
2021-02-26,Santa Barbara,083,443738,32264,31724,1110,32834,410
2021-02-26,Santa Clara,085,1922200,110520,110168,589,110757,1700
2021-02-26,Santa Cruz,087,273765,15423,14528,782,15310,185
2021-02-26,Shasta,089,179085,10957,10972,1221,12193,149
2021-02-26,Sierra,091,2930,51,47,12,59,0
2021-02-26,Siskiyou,093,43540,1500,1401,237,1638,5
2021-02-26,Solano,095,438530,29861,29651,359,30010,165
2021-02-26,Sonoma,097,501317,28069,28063,214,28277,280
2021-02-26,Stanislaus,099,539301,50751,50054,5353,55407,737
2021-02-26,Sutter,101,95872,8885,8806,81,8887,99
2021-02-26,Tehama,103,63373,4607,4581,493,5074,32
2021-02-26,Trinity,105,12862,467,298,79,377,3
2021-02-26,Tulare,107,460477,48294,47135,8057,55192,770
2021-02-26,Tuolumne,109,53932,3831,3896,33,3929,53
2021-02-26,Ventura,111,848112,77966,77534,2790,80324,765
2021-02-26,Yolo,113,214977,12902,12816,222,13038,188
2021-02-26,Yuba,115,75493,5510,5438,89,5527,39
2021-02-25,Alameda,001,1643700,80950,80181,1738,81919,1093
2021-02-25,Alpine,003,1148,80,77,0,77,0
2021-02-25,Amador,005,37829,3473,3448,30,3478,41
2021-02-25,Butte,007,227075,11336,10922,1615,12537,178
2021-02-25,Calaveras,009,45235,1899,1868,12,1880,46
2021-02-25,Colusa,011,21464,1874,1863,264,2127,11
2021-02-25,Contra Costa,013,1133247,63199,61910,1078,62988,686
2021-02-25,Del Norte,015,27424,1004,966,5,971,5
2021-02-25,El Dorado,017,186661,9146,9012,593,9605,98
2021-02-25,Fresno,019,978130,96399,95015,7721,102736,1377
2021-02-25,Glenn,021,27897,2252,2219,495,2714,15
2021-02-25,Humboldt,023,135768,3169,3129,22,3151,30
2021-02-25,Imperial,025,180216,27236,26855,2595,29450,628
2021-02-25,Inyo,027,18085,1299,1264,9,1273,33
2021-02-25,Kern,029,883053,93391,91735,9804,101539,992
2021-02-25,Kings,031,150075,22279,21900,973,22873,216
2021-02-25,Lake,033,64148,3182,3141,6,3147,40
2021-02-25,Lassen,035,31185,5125,5097,96,5193,1
2021-02-25,Los Angeles,037,10098052,1171096,1151846,39244,1191090,20931
2021-02-25,Madera,039,155013,15612,15414,822,16236,194
2021-02-25,Marin,041,260295,13211,13067,166,13233,214
2021-02-25,Mariposa,043,17540,377,375,5,380,4
2021-02-25,Mendocino,045,87422,3635,3542,71,3613,41
2021-02-25,Merced,047,269075,28448,28383,886,29269,382
2021-02-25,Modoc,049,8938,343,329,115,444,3
2021-02-25,Mono,051,14174,1180,1190,16,1206,3
2021-02-25,Monterey,053,433212,41974,41564,1702,43266,321
2021-02-25,Napa,055,140530,9047,8998,34,9032,70
2021-02-25,Nevada,057,99092,4008,3940,161,4101,66
2021-02-25,Orange,059,3164182,247088,245000,10225,255225,3882
2021-02-25,Placer,061,380077,20541,19661,1113,20774,239
2021-02-25,Plumas,063,18699,643,626,10,636,4
2021-02-25,Riverside,065,2383286,285588,278544,13440,291984,3646
2021-02-25,Sacramento,067,1510023,94465,92961,1254,94215,1386
2021-02-25,San Benito,069,59416,5745,5752,91,5843,58
2021-02-25,San Bernardino,071,2135413,286061,280946,8551,289497,3409
2021-02-25,San Diego,073,3302833,263906,258979,12843,271822,3260
2021-02-25,San Francisco,075,870044,34191,34138,1073,35211,408
2021-02-25,San Joaquin,077,732212,66818,65389,2777,68166,1047
2021-02-25,San Luis Obispo,079,281455,19707,19335,558,19893,234
2021-02-25,San Mateo,081,765935,39526,38872,407,39279,300
2021-02-25,Santa Barbara,083,443738,32187,31631,1109,32740,408
2021-02-25,Santa Clara,085,1922200,110356,109923,588,110511,1677
2021-02-25,Santa Cruz,087,273765,15404,14492,781,15273,185
2021-02-25,Shasta,089,179085,10945,10947,1216,12163,148
2021-02-25,Sierra,091,2930,51,47,12,59,0
2021-02-25,Siskiyou,093,43540,1496,1390,234,1624,4
2021-02-25,Solano,095,438530,29829,29616,359,29975,161
2021-02-25,Sonoma,097,501317,28015,28004,211,28215,278
2021-02-25,Stanislaus,099,539301,50661,49964,5343,55307,738
2021-02-25,Sutter,101,95872,8871,8789,80,8869,99
2021-02-25,Tehama,103,63373,4603,4578,491,5069,32
2021-02-25,Trinity,105,12862,467,297,79,376,3
2021-02-25,Tulare,107,460477,48244,47052,8031,55083,765
2021-02-25,Tuolumne,109,53932,3828,3894,33,3927,53
2021-02-25,Ventura,111,848112,77861,77395,2784,80179,751
2021-02-25,Yolo,113,214977,12885,12787,222,13009,188
2021-02-25,Yuba,115,75493,5503,5429,89,5518,39
2021-02-24,Alameda,001,1643700,80828,80070,1734,81804,1082
2021-02-24,Alpine,003,1148,79,77,0,77,0
2021-02-24,Amador,005,37829,3468,3444,30,3474,41
2021-02-24,Butte,007,227075,11324,10915,1611,12526,178
2021-02-24,Calaveras,009,45235,1897,1864,12,1876,31
2021-02-24,Colusa,011,21464,1872,1863,264,2127,11
2021-02-24,Contra Costa,013,1133247,63091,61776,1078,62854,663
2021-02-24,Del Norte,015,27424,1003,960,4,964,5
2021-02-24,El Dorado,017,186661,9134,8993,593,9586,98
2021-02-24,Fresno,019,978130,96252,94794,7705,102499,1369
2021-02-24,Glenn,021,27897,2251,2210,495,2705,14
2021-02-24,Humboldt,023,135768,3157,3123,22,3145,29
2021-02-24,Imperial,025,180216,27221,26843,2591,29434,596
2021-02-24,Inyo,027,18085,1294,1253,9,1262,32
2021-02-24,Kern,029,883053,93258,91525,9788,101313,992
2021-02-24,Kings,031,150075,22254,21871,971,22842,216
2021-02-24,Lake,033,64148,3175,3134,6,3140,40
2021-02-24,Lassen,035,31185,5121,5095,95,5190,1
2021-02-24,Los Angeles,037,10098052,1170334,1150322,39200,1189522,20817
2021-02-24,Madera,039,155013,15585,15390,822,16212,194
2021-02-24,Marin,041,260295,13188,13044,165,13209,214
2021-02-24,Mariposa,043,17540,377,374,5,379,4
2021-02-24,Mendocino,045,87422,3628,3540,71,3611,41
2021-02-24,Merced,047,269075,28409,28295,882,29177,383
2021-02-24,Modoc,049,8938,342,329,115,444,3
2021-02-24,Mono,051,14174,1178,1189,16,1205,3
2021-02-24,Monterey,053,433212,41949,41495,1700,43195,320
2021-02-24,Napa,055,140530,9030,8976,33,9009,70
2021-02-24,Nevada,057,99092,3998,3927,161,4088,66
2021-02-24,Orange,059,3164182,246871,244743,10212,254955,3835
2021-02-24,Placer,061,380077,20502,19648,1107,20755,239
2021-02-24,Plumas,063,18699,641,626,10,636,4
2021-02-24,Riverside,065,2383286,285360,278293,13431,291724,3603
2021-02-24,Sacramento,067,1510023,94311,92742,1249,93991,1375
2021-02-24,San Benito,069,59416,5744,5743,91,5834,57
2021-02-24,San Bernardino,071,2135413,285910,280583,8547,289130,3360
2021-02-24,San Diego,073,3302833,263612,258460,12827,271287,3230
2021-02-24,San Francisco,075,870044,34145,34061,1070,35131,406
2021-02-24,San Joaquin,077,732212,66707,65274,2775,68049,1019
2021-02-24,San Luis Obispo,079,281455,19684,19309,556,19865,233
2021-02-24,San Mateo,081,765935,39488,38763,407,39170,300
2021-02-24,Santa Barbara,083,443738,32135,31563,1106,32669,405
2021-02-24,Santa Clara,085,1922200,110205,109671,587,110258,1674
2021-02-24,Santa Cruz,087,273765,15383,14458,781,15239,185
2021-02-24,Shasta,089,179085,10931,10922,1213,12135,148
2021-02-24,Sierra,091,2930,51,47,12,59,0
2021-02-24,Siskiyou,093,43540,1489,1385,230,1615,4
2021-02-24,Solano,095,438530,29790,29577,357,29934,158
2021-02-24,Sonoma,097,501317,27951,27954,207,28161,278
2021-02-24,Stanislaus,099,539301,50590,49851,5335,55186,732
2021-02-24,Sutter,101,95872,8861,8778,80,8858,99
2021-02-24,Tehama,103,63373,4599,4566,491,5057,31
2021-02-24,Trinity,105,12862,467,294,78,372,3
2021-02-24,Tulare,107,460477,48188,46976,8003,54979,759
2021-02-24,Tuolumne,109,53932,3825,3887,33,3920,53
2021-02-24,Ventura,111,848112,77753,77238,2783,80021,718
2021-02-24,Yolo,113,214977,12872,12760,218,12978,188
2021-02-24,Yuba,115,75493,5492,5425,87,5512,39
2021-02-23,Alameda,001,1643700,80689,79948,1731,81679,1070
2021-02-23,Alpine,003,1148,78,77,0,77,0
2021-02-23,Amador,005,37829,3466,3440,30,3470,41
2021-02-23,Butte,007,227075,11309,10887,1607,12494,176
2021-02-23,Calaveras,009,45235,1896,1863,12,1875,21
2021-02-23,Colusa,011,21464,1869,1862,264,2126,11
2021-02-23,Contra Costa,013,1133247,62957,61613,1075,62688,661
2021-02-23,Del Norte,015,27424,1001,953,4,957,3
2021-02-23,El Dorado,017,186661,9121,8969,593,9562,96
2021-02-23,Fresno,019,978130,96091,94741,7691,102432,1356
2021-02-23,Glenn,021,27897,2249,2209,495,2704,14
2021-02-23,Humboldt,023,135768,3140,3108,22,3130,29
2021-02-23,Imperial,025,180216,27201,26816,2586,29402,591
2021-02-23,Inyo,027,18085,1290,1250,9,1259,32
2021-02-23,Kern,029,883053,93119,91390,9760,101150,982
2021-02-23,Kings,031,150075,22239,21839,967,22806,216
2021-02-23,Lake,033,64148,3167,3121,6,3127,40
2021-02-23,Lassen,035,31185,5118,5092,95,5187,1
2021-02-23,Los Angeles,037,10098052,1169465,1148965,39145,1188110,19887
2021-02-23,Madera,039,155013,15571,15352,816,16168,193
2021-02-23,Marin,041,260295,13168,13015,164,13179,214
2021-02-23,Mariposa,043,17540,377,374,5,379,4
2021-02-23,Mendocino,045,87422,3626,3540,70,3610,41
2021-02-23,Merced,047,269075,28324,28209,880,29089,381
2021-02-23,Modoc,049,8938,341,328,114,442,3
2021-02-23,Mono,051,14174,1178,1189,16,1205,3
2021-02-23,Monterey,053,433212,41908,41439,1694,43133,317
2021-02-23,Napa,055,140530,9018,8967,33,9000,70
2021-02-23,Nevada,057,99092,3990,3912,161,4073,66
2021-02-23,Orange,059,3164182,246673,244566,10193,254759,3843
2021-02-23,Placer,061,380077,20477,19608,1103,20711,238
2021-02-23,Plumas,063,18699,640,626,10,636,4
2021-02-23,Riverside,065,2383286,285123,278075,13416,291491,3599
2021-02-23,Sacramento,067,1510023,94154,92632,1243,93875,1370
2021-02-23,San Benito,069,59416,5738,5731,90,5821,57
2021-02-23,San Bernardino,071,2135413,285721,280279,8542,288821,3283
2021-02-23,San Diego,073,3302833,263235,257802,12797,270599,3218
2021-02-23,San Francisco,075,870044,34096,33994,1069,35063,405
2021-02-23,San Joaquin,077,732212,66608,65141,2768,67909,1004
2021-02-23,San Luis Obispo,079,281455,19655,19233,555,19788,230
2021-02-23,San Mateo,081,765935,39427,38662,407,39069,299
2021-02-23,Santa Barbara,083,443738,32080,31483,1104,32587,402
2021-02-23,Santa Clara,085,1922200,110008,109449,584,110033,1661
2021-02-23,Santa Cruz,087,273765,15354,14435,779,15214,178
2021-02-23,Shasta,089,179085,10919,10903,1209,12112,146
2021-02-23,Sierra,091,2930,51,47,12,59,0
2021-02-23,Siskiyou,093,43540,1484,1380,228,1608,4
2021-02-23,Solano,095,438530,29750,29545,354,29899,154
2021-02-23,Sonoma,097,501317,27908,27882,204,28086,278
2021-02-23,Stanislaus,099,539301,50512,49749,5319,55068,722
2021-02-23,Sutter,101,95872,8848,8766,80,8846,98
2021-02-23,Tehama,103,63373,4595,4556,490,5046,30
2021-02-23,Trinity,105,12862,467,292,77,369,3
2021-02-23,Tulare,107,460477,48110,46937,7969,54906,757
2021-02-23,Tuolumne,109,53932,3821,3864,33,3897,53
2021-02-23,Ventura,111,848112,77637,77093,2774,79867,689
2021-02-23,Yolo,113,214977,12843,12729,218,12947,188
2021-02-23,Yuba,115,75493,5479,5417,86,5503,38
2021-02-22,Alameda,001,1643700,80538,79796,1727,81523,1062
2021-02-22,Alpine,003,1148,78,77,0,77,0
2021-02-22,Amador,005,37829,3461,3438,30,3468,39
2021-02-22,Butte,007,227075,11296,10855,1602,12457,176
2021-02-22,Calaveras,009,45235,1894,1862,12,1874,21
2021-02-22,Colusa,011,21464,1869,1860,264,2124,11
2021-02-22,Contra Costa,013,1133247,62822,61478,1074,62552,661
2021-02-22,Del Norte,015,27424,1000,948,4,952,3
2021-02-22,El Dorado,017,186661,9104,8940,593,9533,96
2021-02-22,Fresno,019,978130,95929,94584,7674,102258,1351
2021-02-22,Glenn,021,27897,2244,2207,493,2700,14
2021-02-22,Humboldt,023,135768,3128,3095,22,3117,29
2021-02-22,Imperial,025,180216,27178,26778,2578,29356,590
2021-02-22,Inyo,027,18085,1285,1248,9,1257,32
2021-02-22,Kern,029,883053,93002,91201,9738,100939,982
2021-02-22,Kings,031,150075,22216,21801,964,22765,214
2021-02-22,Lake,033,64148,3161,3107,6,3113,40
2021-02-22,Lassen,035,31185,5118,5088,94,5182,1
2021-02-22,Los Angeles,037,10098052,1168592,1147541,39089,1186630,19730
2021-02-22,Madera,039,155013,15546,15325,812,16137,193
2021-02-22,Marin,041,260295,13144,12991,161,13152,213
2021-02-22,Mariposa,043,17540,376,374,5,379,4
2021-02-22,Mendocino,045,87422,3620,3535,70,3605,41
2021-02-22,Merced,047,269075,28260,28166,878,29044,379
2021-02-22,Modoc,049,8938,341,329,114,443,3
2021-02-22,Mono,051,14174,1174,1189,16,1205,3
2021-02-22,Monterey,053,433212,41858,41397,1688,43085,311
2021-02-22,Napa,055,140530,8991,8950,33,8983,69
2021-02-22,Nevada,057,99092,3981,3900,159,4059,66
2021-02-22,Orange,059,3164182,246437,244118,10175,254293,3843
2021-02-22,Placer,061,380077,20441,19587,1095,20682,238
2021-02-22,Plumas,063,18699,640,625,10,635,4
2021-02-22,Riverside,065,2383286,284859,277730,13408,291138,3567
2021-02-22,Sacramento,067,1510023,93987,92476,1233,93709,1359
2021-02-22,San Benito,069,59416,5736,5723,90,5813,57
2021-02-22,San Bernardino,071,2135413,285539,279984,8529,288513,3259
2021-02-22,San Diego,073,3302833,262825,257348,12764,270112,3189
2021-02-22,San Francisco,075,870044,34036,33947,1064,35011,405
2021-02-22,San Joaquin,077,732212,66509,65060,2755,67815,1001
2021-02-22,San Luis Obispo,079,281455,19618,19198,553,19751,229
2021-02-22,San Mateo,081,765935,39370,38542,404,38946,282
2021-02-22,Santa Barbara,083,443738,32014,31421,1101,32522,399
2021-02-22,Santa Clara,085,1922200,109796,109213,573,109786,1655
2021-02-22,Santa Cruz,087,273765,15328,14417,779,15196,176
2021-02-22,Shasta,089,179085,10904,10872,1204,12076,145
2021-02-22,Sierra,091,2930,51,47,12,59,0
2021-02-22,Siskiyou,093,43540,1478,1373,227,1600,4
2021-02-22,Solano,095,438530,29711,29508,353,29861,150
2021-02-22,Sonoma,097,501317,27863,27845,203,28048,278
2021-02-22,Stanislaus,099,539301,50407,49630,5300,54930,722
2021-02-22,Sutter,101,95872,8840,8698,80,8778,98
2021-02-22,Tehama,103,63373,4586,4550,490,5040,30
2021-02-22,Trinity,105,12862,467,287,76,363,3
2021-02-22,Tulare,107,460477,48048,46879,7937,54816,751
2021-02-22,Tuolumne,109,53932,3817,3856,33,3889,53
2021-02-22,Ventura,111,848112,77509,76947,2769,79716,677
2021-02-22,Yolo,113,214977,12816,12689,218,12907,183
2021-02-22,Yuba,115,75493,5476,5404,85,5489,38
2021-02-21,Alameda,001,1643700,80344,79649,1722,81371,1061
2021-02-21,Alpine,003,1148,78,77,0,77,0
2021-02-21,Amador,005,37829,3453,3435,30,3465,39
2021-02-21,Butte,007,227075,11273,10855,1600,12455,176
2021-02-21,Calaveras,009,45235,1893,1860,12,1872,21
2021-02-21,Colusa,011,21464,1868,1860,260,2120,11
2021-02-21,Contra Costa,013,1133247,62656,61364,1071,62435,661
2021-02-21,Del Norte,015,27424,994,942,4,946,3
2021-02-21,El Dorado,017,186661,9086,8927,592,9519,96
2021-02-21,Fresno,019,978130,95786,94374,7657,102031,1349
2021-02-21,Glenn,021,27897,2242,2201,491,2692,14
2021-02-21,Humboldt,023,135768,3116,3096,22,3118,29
2021-02-21,Imperial,025,180216,27159,26779,2574,29353,590
2021-02-21,Inyo,027,18085,1279,1232,9,1241,32
2021-02-21,Kern,029,883053,92877,91141,9699,100840,980
2021-02-21,Kings,031,150075,22180,21784,962,22746,213
2021-02-21,Lake,033,64148,3153,3100,6,3106,40
2021-02-21,Lassen,035,31185,5110,5077,94,5171,1
2021-02-21,Los Angeles,037,10098052,1167555,1146756,39041,1185797,19711
2021-02-21,Madera,039,155013,15513,15298,809,16107,192
2021-02-21,Marin,041,260295,13114,12968,161,13129,212
2021-02-21,Mariposa,043,17540,376,373,5,378,4
2021-02-21,Mendocino,045,87422,3615,3535,70,3605,41
2021-02-21,Merced,047,269075,28180,28106,866,28972,379
2021-02-21,Modoc,049,8938,338,329,114,443,3
2021-02-21,Mono,051,14174,1174,1189,16,1205,3
2021-02-21,Monterey,053,433212,41801,41373,1680,43053,309
2021-02-21,Napa,055,140530,8977,8929,33,8962,69
2021-02-21,Nevada,057,99092,3968,3895,159,4054,66
2021-02-21,Orange,059,3164182,246136,243985,10158,254143,3801
2021-02-21,Placer,061,380077,20405,19553,1091,20644,238
2021-02-21,Plumas,063,18699,640,625,10,635,4
2021-02-21,Riverside,065,2383286,284623,277555,13395,290950,3564
2021-02-21,Sacramento,067,1510023,93777,92288,1220,93508,1354
2021-02-21,San Benito,069,59416,5726,5716,87,5803,57
2021-02-21,San Bernardino,071,2135413,285292,279870,8515,288385,3247
2021-02-21,San Diego,073,3302833,262391,257027,12718,269745,3190
2021-02-21,San Francisco,075,870044,33972,33891,1060,34951,405
2021-02-21,San Joaquin,077,732212,66360,64997,2743,67740,1001
2021-02-21,San Luis Obispo,079,281455,19585,19178,551,19729,229
2021-02-21,San Mateo,081,765935,39311,38448,400,38848,282
2021-02-21,Santa Barbara,083,443738,31952,31374,1098,32472,399
2021-02-21,Santa Clara,085,1922200,109570,108992,564,109556,1654
2021-02-21,Santa Cruz,087,273765,15305,14401,778,15179,176
2021-02-21,Shasta,089,179085,10889,10867,1199,12066,145
2021-02-21,Sierra,091,2930,51,47,12,59,0
2021-02-21,Siskiyou,093,43540,1472,1371,227,1598,4
2021-02-21,Solano,095,438530,29654,29471,352,29823,150
2021-02-21,Sonoma,097,501317,27796,27793,196,27989,278
2021-02-21,Stanislaus,099,539301,50281,49527,5284,54811,726
2021-02-21,Sutter,101,95872,8822,8687,79,8766,97
2021-02-21,Tehama,103,63373,4574,4547,490,5037,30
2021-02-21,Trinity,105,12862,465,286,76,362,3
2021-02-21,Tulare,107,460477,47980,46830,7902,54732,749
2021-02-21,Tuolumne,109,53932,3803,3828,33,3861,53
2021-02-21,Ventura,111,848112,77361,76862,2755,79617,677
2021-02-21,Yolo,113,214977,12785,12670,218,12888,183
2021-02-21,Yuba,115,75493,5468,5396,84,5480,38
2021-02-20,Alameda,001,1643700,80254,79496,1718,81214,1055
2021-02-20,Alpine,003,1148,78,77,0,77,0
2021-02-20,Amador,005,37829,3451,3432,30,3462,39
2021-02-20,Butte,007,227075,11265,10838,1598,12436,176
2021-02-20,Calaveras,009,45235,1892,1858,12,1870,21
2021-02-20,Colusa,011,21464,1867,1858,260,2118,11
2021-02-20,Contra Costa,013,1133247,62567,61205,1069,62274,663
2021-02-20,Del Norte,015,27424,990,937,4,941,3
2021-02-20,El Dorado,017,186661,9076,8911,592,9503,96
2021-02-20,Fresno,019,978130,95702,94234,7637,101871,1341
2021-02-20,Glenn,021,27897,2238,2199,490,2689,14
2021-02-20,Humboldt,023,135768,3108,3073,22,3095,29
2021-02-20,Imperial,025,180216,27151,26771,2574,29345,590
2021-02-20,Inyo,027,18085,1275,1226,9,1235,32
2021-02-20,Kern,029,883053,92805,91025,9667,100692,968
2021-02-20,Kings,031,150075,22162,21773,961,22734,212
2021-02-20,Lake,033,64148,3146,3089,6,3095,40
2021-02-20,Lassen,035,31185,5108,5067,94,5161,1
2021-02-20,Los Angeles,037,10098052,1166989,1145594,38997,1184591,19630
2021-02-20,Madera,039,155013,15493,15274,808,16082,191
2021-02-20,Marin,041,260295,13093,12945,159,13104,211
2021-02-20,Mariposa,043,17540,376,372,5,377,4
2021-02-20,Mendocino,045,87422,3613,3533,70,3603,40
2021-02-20,Merced,047,269075,28136,28066,864,28930,379
2021-02-20,Modoc,049,8938,338,328,114,442,3
2021-02-20,Mono,051,14174,1173,1187,16,1203,3
2021-02-20,Monterey,053,433212,41781,41313,1678,42991,309
2021-02-20,Napa,055,140530,8968,8910,33,8943,69
2021-02-20,Nevada,057,99092,3958,3887,158,4045,66
2021-02-20,Orange,059,3164182,245967,243761,10145,253906,3755
2021-02-20,Placer,061,380077,20364,19509,1087,20596,236
2021-02-20,Plumas,063,18699,640,626,10,636,4
2021-02-20,Riverside,065,2383286,284468,277267,13385,290652,3559
2021-02-20,Sacramento,067,1510023,93654,92057,1218,93275,1352
2021-02-20,San Benito,069,59416,5714,5709,87,5796,57
2021-02-20,San Bernardino,071,2135413,285191,279608,8510,288118,3203
2021-02-20,San Diego,073,3302833,262149,256510,12689,269199,3188
2021-02-20,San Francisco,075,870044,33930,33820,1051,34871,399
2021-02-20,San Joaquin,077,732212,66287,64916,2738,67654,1001
2021-02-20,San Luis Obispo,079,281455,19561,19138,550,19688,229
2021-02-20,San Mateo,081,765935,39267,38371,399,38770,282
2021-02-20,Santa Barbara,083,443738,31918,31289,1097,32386,396
2021-02-20,Santa Clara,085,1922200,109394,108728,561,109289,1649
2021-02-20,Santa Cruz,087,273765,15294,14378,776,15154,176
2021-02-20,Shasta,089,179085,10875,10850,1194,12044,146
2021-02-20,Sierra,091,2930,51,47,12,59,0
2021-02-20,Siskiyou,093,43540,1469,1366,227,1593,4
2021-02-20,Solano,095,438530,29639,29440,350,29790,150
2021-02-20,Sonoma,097,501317,27767,27703,194,27897,278
2021-02-20,Stanislaus,099,539301,50226,49445,5271,54716,733
2021-02-20,Sutter,101,95872,8816,8681,79,8760,97
2021-02-20,Tehama,103,63373,4573,4545,490,5035,30
2021-02-20,Trinity,105,12862,464,285,75,360,3
2021-02-20,Tulare,107,460477,47944,46769,7880,54649,739
2021-02-20,Tuolumne,109,53932,3798,3823,33,3856,53
2021-02-20,Ventura,111,848112,77265,76757,2752,79509,671
2021-02-20,Yolo,113,214977,12771,12639,217,12856,183
2021-02-20,Yuba,115,75493,5465,5386,84,5470,38
2021-02-19,Alameda,001,1643700,80151,79318,1714,81032,1047
2021-02-19,Alpine,003,1148,78,77,0,77,0
2021-02-19,Amador,005,37829,3447,3427,30,3457,39
2021-02-19,Butte,007,227075,11255,10823,1593,12416,176
2021-02-19,Calaveras,009,45235,1891,1856,12,1868,21
2021-02-19,Colusa,011,21464,1867,1858,260,2118,11
2021-02-19,Contra Costa,013,1133247,62459,61017,1066,62083,651
2021-02-19,Del Norte,015,27424,985,932,4,936,2
2021-02-19,El Dorado,017,186661,9067,8882,591,9473,96
2021-02-19,Fresno,019,978130,95571,93973,7621,101594,1330
2021-02-19,Glenn,021,27897,2233,2199,489,2688,14
2021-02-19,Humboldt,023,135768,3096,3037,22,3059,29
2021-02-19,Imperial,025,180216,27146,26751,2571,29322,589
2021-02-19,Inyo,027,18085,1270,1212,9,1221,32
2021-02-19,Kern,029,883053,92735,90807,9626,100433,963
2021-02-19,Kings,031,150075,22148,21724,959,22683,211
2021-02-19,Lake,033,64148,3140,3078,6,3084,40
2021-02-19,Lassen,035,31185,5107,5057,94,5151,1
2021-02-19,Los Angeles,037,10098052,1166241,1143828,38956,1182784,19498
2021-02-19,Madera,039,155013,15476,15222,806,16028,188
2021-02-19,Marin,041,260295,13069,12919,157,13076,210
2021-02-19,Mariposa,043,17540,376,371,5,376,4
2021-02-19,Mendocino,045,87422,3611,3526,70,3596,39
2021-02-19,Merced,047,269075,28106,27985,861,28846,376
2021-02-19,Modoc,049,8938,338,328,114,442,3
2021-02-19,Mono,051,14174,1173,1186,16,1202,3
2021-02-19,Monterey,053,433212,41753,41209,1674,42883,309
2021-02-19,Napa,055,140530,8955,8899,33,8932,69
2021-02-19,Nevada,057,99092,3952,3863,158,4021,66
2021-02-19,Orange,059,3164182,245786,243397,10132,253529,3715
2021-02-19,Placer,061,380077,20342,19457,1087,20544,236
2021-02-19,Plumas,063,18699,638,624,10,634,4
2021-02-19,Riverside,065,2383286,284297,276941,13368,290309,3541
2021-02-19,Sacramento,067,1510023,93533,91815,1214,93029,1351
2021-02-19,San Benito,069,59416,5709,5699,87,5786,57
2021-02-19,San Bernardino,071,2135413,285064,279209,8505,287714,3117
2021-02-19,San Diego,073,3302833,261858,255799,12666,268465,3169
2021-02-19,San Francisco,075,870044,33882,33746,1045,34791,387
2021-02-19,San Joaquin,077,732212,66215,64774,2729,67503,988
2021-02-19,San Luis Obispo,079,281455,19530,19061,548,19609,230
2021-02-19,San Mateo,081,765935,39209,38256,397,38653,282
2021-02-19,Santa Barbara,083,443738,31854,31204,1096,32300,392
2021-02-19,Santa Clara,085,1922200,109181,108400,559,108959,1634
2021-02-19,Santa Cruz,087,273765,15279,14354,776,15130,176
2021-02-19,Shasta,089,179085,10863,10833,1191,12024,140
2021-02-19,Sierra,091,2930,51,47,12,59,0
2021-02-19,Siskiyou,093,43540,1465,1363,225,1588,4
2021-02-19,Solano,095,438530,29608,29383,349,29732,150
2021-02-19,Sonoma,097,501317,27720,27595,192,27787,280
2021-02-19,Stanislaus,099,539301,50165,49282,5255,54537,739
2021-02-19,Sutter,101,95872,8806,8665,79,8744,96
2021-02-19,Tehama,103,63373,4571,4535,490,5025,30
2021-02-19,Trinity,105,12862,462,282,73,355,3
2021-02-19,Tulare,107,460477,47899,46662,7855,54517,736
2021-02-19,Tuolumne,109,53932,3791,3817,33,3850,52
2021-02-19,Ventura,111,848112,77185,76582,2749,79331,667
2021-02-19,Yolo,113,214977,12755,12606,217,12823,183
2021-02-19,Yuba,115,75493,5455,5376,84,5460,38
2021-02-18,Alameda,001,1643700,80005,79111,1706,80817,1012
2021-02-18,Alpine,003,1148,78,77,0,77,0
2021-02-18,Amador,005,37829,3443,3417,29,3446,38
2021-02-18,Butte,007,227075,11237,10791,1590,12381,175
2021-02-18,Calaveras,009,45235,1886,1873,12,1885,21
2021-02-18,Colusa,011,21464,1865,1856,258,2114,11
2021-02-18,Contra Costa,013,1133247,62348,60868,1064,61932,640
2021-02-18,Del Norte,015,27424,980,929,4,933,2
2021-02-18,El Dorado,017,186661,9052,8850,590,9440,94
2021-02-18,Fresno,019,978130,95401,93734,7596,101330,1323
2021-02-18,Glenn,021,27897,2227,2195,489,2684,14
2021-02-18,Humboldt,023,135768,3084,3023,22,3045,29
2021-02-18,Imperial,025,180216,27120,26731,2566,29297,591
2021-02-18,Inyo,027,18085,1266,1213,8,1221,32
2021-02-18,Kern,029,883053,92577,90655,9595,100250,961
2021-02-18,Kings,031,150075,22124,21648,958,22606,211
2021-02-18,Lake,033,64148,3132,3066,6,3072,40
2021-02-18,Lassen,035,31185,5098,5052,94,5146,1
2021-02-18,Los Angeles,037,10098052,1165281,1141930,38891,1180821,19358
2021-02-18,Madera,039,155013,15454,15175,801,15976,188
2021-02-18,Marin,041,260295,13055,12895,157,13052,209
2021-02-18,Mariposa,043,17540,375,369,5,374,4
2021-02-18,Mendocino,045,87422,3608,3519,69,3588,39
2021-02-18,Merced,047,269075,28057,27870,855,28725,372
2021-02-18,Modoc,049,8938,336,327,113,440,3
2021-02-18,Mono,051,14174,1173,1182,16,1198,3
2021-02-18,Monterey,053,433212,41688,41091,1667,42758,307
2021-02-18,Napa,055,140530,8938,8877,33,8910,68
2021-02-18,Nevada,057,99092,3943,3836,157,3993,66
2021-02-18,Orange,059,3164182,245567,243098,10115,253213,3673
2021-02-18,Placer,061,380077,20315,19429,1086,20515,232
2021-02-18,Plumas,063,18699,638,624,10,634,4
2021-02-18,Riverside,065,2383286,284008,276595,13347,289942,3510
2021-02-18,Sacramento,067,1510023,93371,91476,1208,92684,1334
2021-02-18,San Benito,069,59416,5706,5697,86,5783,58
2021-02-18,San Bernardino,071,2135413,284854,278887,8491,287378,3066
2021-02-18,San Diego,073,3302833,261504,254987,12643,267630,3135
2021-02-18,San Francisco,075,870044,33824,33650,1042,34692,386
2021-02-18,San Joaquin,077,732212,66129,64634,2719,67353,982
2021-02-18,San Luis Obispo,079,281455,19488,18987,545,19532,230
2021-02-18,San Mateo,081,765935,39147,38185,393,38578,282
2021-02-18,Santa Barbara,083,443738,31776,31054,1089,32143,387
2021-02-18,Santa Clara,085,1922200,108954,108210,556,108766,1605
2021-02-18,Santa Cruz,087,273765,15253,14314,776,15090,176
2021-02-18,Shasta,089,179085,10844,10811,1188,11999,139
2021-02-18,Sierra,091,2930,50,47,12,59,0
2021-02-18,Siskiyou,093,43540,1460,1359,224,1583,4
2021-02-18,Solano,095,438530,29581,29349,348,29697,150
2021-02-18,Sonoma,097,501317,27652,27512,191,27703,281
2021-02-18,Stanislaus,099,539301,50067,49150,5240,54390,738
2021-02-18,Sutter,101,95872,8798,8654,79,8733,96
2021-02-18,Tehama,103,63373,4568,4528,489,5017,30
2021-02-18,Trinity,105,12862,461,282,73,355,3
2021-02-18,Tulare,107,460477,47836,46591,7815,54406,728
2021-02-18,Tuolumne,109,53932,3754,3811,33,3844,52
2021-02-18,Ventura,111,848112,77053,76442,2741,79183,659
2021-02-18,Yolo,113,214977,12729,12549,214,12763,183
2021-02-18,Yuba,115,75493,5438,5358,84,5442,38
2021-02-17,Alameda,001,1643700,79843,78895,1704,80599,1002
2021-02-17,Alpine,003,1148,78,77,0,77,0
2021-02-17,Amador,005,37829,3439,3415,29,3444,38
2021-02-17,Butte,007,227075,11219,10770,1587,12357,174
2021-02-17,Calaveras,009,45235,1886,1876,12,1888,21
2021-02-17,Colusa,011,21464,1862,1854,258,2112,10
2021-02-17,Contra Costa,013,1133247,62207,60723,1061,61784,635
2021-02-17,Del Norte,015,27424,973,920,4,924,2
2021-02-17,El Dorado,017,186661,9040,8847,590,9437,94
2021-02-17,Fresno,019,978130,95262,93555,7569,101124,1307
2021-02-17,Glenn,021,27897,2226,2189,488,2677,14
2021-02-17,Humboldt,023,135768,3069,3006,22,3028,29
2021-02-17,Imperial,025,180216,27105,26726,2564,29290,580
2021-02-17,Inyo,027,18085,1258,1197,8,1205,32
2021-02-17,Kern,029,883053,92458,90454,9550,100004,962
2021-02-17,Kings,031,150075,22086,21617,954,22571,211
2021-02-17,Lake,033,64148,3121,3057,2,3059,38
2021-02-17,Lassen,035,31185,5093,5052,93,5145,1
2021-02-17,Los Angeles,037,10098052,1164229,1139786,38827,1178613,19213
2021-02-17,Madera,039,155013,15428,15135,792,15927,177
2021-02-17,Marin,041,260295,13029,12881,157,13038,207
2021-02-17,Mariposa,043,17540,375,368,4,372,4
2021-02-17,Mendocino,045,87422,3606,3494,68,3562,39
2021-02-17,Merced,047,269075,28001,27824,846,28670,372
2021-02-17,Modoc,049,8938,336,327,113,440,3
2021-02-17,Mono,051,14174,1173,1180,16,1196,3
2021-02-17,Monterey,053,433212,41634,41014,1655,42669,304
2021-02-17,Napa,055,140530,8924,8865,33,8898,68
2021-02-17,Nevada,057,99092,3924,3822,154,3976,52
2021-02-17,Orange,059,3164182,245299,242716,10081,252797,3626
2021-02-17,Placer,061,380077,20282,19405,1082,20487,230
2021-02-17,Plumas,063,18699,637,623,10,633,4
2021-02-17,Riverside,065,2383286,283722,276289,13326,289615,3491
2021-02-17,Sacramento,067,1510023,93212,91309,1201,92510,1326
2021-02-17,San Benito,069,59416,5700,5661,86,5747,57
2021-02-17,San Bernardino,071,2135413,284646,278461,8472,286933,3020
2021-02-17,San Diego,073,3302833,261125,254177,12622,266799,3099
2021-02-17,San Francisco,075,870044,33748,33558,1037,34595,379
2021-02-17,San Joaquin,077,732212,66027,64556,2713,67269,979
2021-02-17,San Luis Obispo,079,281455,19443,18964,545,19509,230
2021-02-17,San Mateo,081,765935,39081,38124,392,38516,282
2021-02-17,Santa Barbara,083,443738,31708,30927,1088,32015,384
2021-02-17,Santa Clara,085,1922200,108722,107949,554,108503,1592
2021-02-17,Santa Cruz,087,273765,15220,14268,773,15041,174
2021-02-17,Shasta,089,179085,10824,10770,1187,11957,139
2021-02-17,Sierra,091,2930,50,47,12,59,0
2021-02-17,Siskiyou,093,43540,1454,1352,221,1573,4
2021-02-17,Solano,095,438530,29525,29288,348,29636,149
2021-02-17,Sonoma,097,501317,27578,27408,186,27594,281
2021-02-17,Stanislaus,099,539301,49958,49050,5224,54274,730
2021-02-17,Sutter,101,95872,8788,8681,79,8760,95
2021-02-17,Tehama,103,63373,4564,4511,488,4999,30
2021-02-17,Trinity,105,12862,461,277,71,348,3
2021-02-17,Tulare,107,460477,47771,46495,7788,54283,726
2021-02-17,Tuolumne,109,53932,3745,3806,33,3839,49
2021-02-17,Ventura,111,848112,76927,76234,2735,78969,646
2021-02-17,Yolo,113,214977,12710,12506,212,12718,182
2021-02-17,Yuba,115,75493,5429,5345,84,5429,38
2021-02-16,Alameda,001,1643700,79670,78756,1701,80457,997
2021-02-16,Alpine,003,1148,78,76,0,76,0
2021-02-16,Amador,005,37829,3432,3413,29,3442,39
2021-02-16,Butte,007,227075,11192,10748,1584,12332,164
2021-02-16,Calaveras,009,45235,1884,1872,12,1884,21
2021-02-16,Colusa,011,21464,1859,1852,256,2108,10
2021-02-16,Contra Costa,013,1133247,62059,60564,1056,61620,631
2021-02-16,Del Norte,015,27424,965,913,4,917,2
2021-02-16,El Dorado,017,186661,9030,8836,589,9425,94
2021-02-16,Fresno,019,978130,95098,93363,7539,100902,1293
2021-02-16,Glenn,021,27897,2222,2189,483,2672,14
2021-02-16,Humboldt,023,135768,3046,2994,21,3015,29
2021-02-16,Imperial,025,180216,27092,26711,2560,29271,580
2021-02-16,Inyo,027,18085,1250,1191,8,1199,32
2021-02-16,Kern,029,883053,92323,90267,9521,99788,959
2021-02-16,Kings,031,150075,22040,21583,950,22533,206
2021-02-16,Lake,033,64148,3112,3041,2,3043,38
2021-02-16,Lassen,035,31185,5081,5047,93,5140,1
2021-02-16,Los Angeles,037,10098052,1162976,1138262,38766,1177028,19044
2021-02-16,Madera,039,155013,15389,15120,787,15907,172
2021-02-16,Marin,041,260295,13005,12832,157,12989,205
2021-02-16,Mariposa,043,17540,375,367,4,371,4
2021-02-16,Mendocino,045,87422,3602,3489,68,3557,39
2021-02-16,Merced,047,269075,27921,27724,840,28564,368
2021-02-16,Modoc,049,8938,336,326,113,439,3
2021-02-16,Mono,051,14174,1173,1180,16,1196,3
2021-02-16,Monterey,053,433212,41560,40962,1646,42608,303
2021-02-16,Napa,055,140530,8911,8854,33,8887,66
2021-02-16,Nevada,057,99092,3911,3774,153,3927,47
2021-02-16,Orange,059,3164182,244977,242382,10065,252447,3612
2021-02-16,Placer,061,380077,20249,19367,1079,20446,230
2021-02-16,Plumas,063,18699,637,619,10,629,4
2021-02-16,Riverside,065,2383286,283416,275954,13302,289256,3471
2021-02-16,Sacramento,067,1510023,92958,91246,1195,92441,1305
2021-02-16,San Benito,069,59416,5692,5659,85,5744,56
2021-02-16,San Bernardino,071,2135413,284424,277947,8461,286408,2978
2021-02-16,San Diego,073,3302833,260661,253638,12583,266221,3042
2021-02-16,San Francisco,075,870044,33677,33491,1032,34523,373
2021-02-16,San Joaquin,077,732212,65903,64448,2710,67158,979
2021-02-16,San Luis Obispo,079,281455,19398,18925,542,19467,229
2021-02-16,San Mateo,081,765935,39022,38041,390,38431,277
2021-02-16,Santa Barbara,083,443738,31634,30865,1085,31950,378
2021-02-16,Santa Clara,085,1922200,108470,107754,551,108305,1591
2021-02-16,Santa Cruz,087,273765,15200,14256,772,15028,174
2021-02-16,Shasta,089,179085,10808,10736,1185,11921,139
2021-02-16,Sierra,091,2930,50,47,12,59,0
2021-02-16,Siskiyou,093,43540,1450,1351,221,1572,4
2021-02-16,Solano,095,438530,29485,29246,347,29593,148
2021-02-16,Sonoma,097,501317,27516,27380,180,27560,279
2021-02-16,Stanislaus,099,539301,49837,48927,5210,54137,716
2021-02-16,Sutter,101,95872,8765,8671,79,8750,95
2021-02-16,Tehama,103,63373,4555,4501,487,4988,30
2021-02-16,Trinity,105,12862,457,275,71,346,3
2021-02-16,Tulare,107,460477,47707,46444,7744,54188,716
2021-02-16,Tuolumne,109,53932,3743,3796,33,3829,49
2021-02-16,Ventura,111,848112,76782,76043,2731,78774,631
2021-02-16,Yolo,113,214977,12679,12457,212,12669,175
2021-02-16,Yuba,115,75493,5422,5332,83,5415,38
2021-02-15,Alameda,001,1643700,79472,78647,1690,80337,996
2021-02-15,Alpine,003,1148,78,76,0,76,0
2021-02-15,Amador,005,37829,3428,3409,29,3438,39
2021-02-15,Butte,007,227075,11174,10723,1580,12303,155
2021-02-15,Calaveras,009,45235,1880,1871,12,1883,21
2021-02-15,Colusa,011,21464,1859,1849,252,2101,10
2021-02-15,Contra Costa,013,1133247,61883,60444,1050,61494,631
2021-02-15,Del Norte,015,27424,961,913,4,917,2
2021-02-15,El Dorado,017,186661,9013,8816,589,9405,94
2021-02-15,Fresno,019,978130,94898,93231,7500,100731,1288
2021-02-15,Glenn,021,27897,2220,2185,481,2666,14
2021-02-15,Humboldt,023,135768,3039,2997,21,3018,29
2021-02-15,Imperial,025,180216,27072,26700,2556,29256,580
2021-02-15,Inyo,027,18085,1231,1184,8,1192,32
2021-02-15,Kern,029,883053,92179,90181,9489,99670,959
2021-02-15,Kings,031,150075,21995,21574,946,22520,205
2021-02-15,Lake,033,64148,3098,3030,1,3031,38
2021-02-15,Lassen,035,31185,5079,5047,92,5139,1
2021-02-15,Los Angeles,037,10098052,1161585,1137164,38702,1175866,18925
2021-02-15,Madera,039,155013,15358,15108,785,15893,106
2021-02-15,Marin,041,260295,12985,12810,154,12964,203
2021-02-15,Mariposa,043,17540,373,367,4,371,4
2021-02-15,Mendocino,045,87422,3590,3481,68,3549,39
2021-02-15,Merced,047,269075,27846,27656,833,28489,368
2021-02-15,Modoc,049,8938,336,326,113,439,3
2021-02-15,Mono,051,14174,1170,1178,16,1194,3
2021-02-15,Monterey,053,433212,41499,40911,1633,42544,302
2021-02-15,Napa,055,140530,8897,8837,33,8870,57
2021-02-15,Nevada,057,99092,3894,3767,152,3919,47
2021-02-15,Orange,059,3164182,244657,242176,10037,252213,3586
2021-02-15,Placer,061,380077,20223,19361,1078,20439,230
2021-02-15,Plumas,063,18699,637,620,10,630,4
2021-02-15,Riverside,065,2383286,283059,275771,13284,289055,3468
2021-02-15,Sacramento,067,1510023,92631,91091,1190,92281,1304
2021-02-15,San Benito,069,59416,5683,5649,85,5734,56
2021-02-15,San Bernardino,071,2135413,284167,277869,8453,286322,2945
2021-02-15,San Diego,073,3302833,260146,252940,12552,265492,3037
2021-02-15,San Francisco,075,870044,33603,33454,1026,34480,373
2021-02-15,San Joaquin,077,732212,65739,64382,2703,67085,979
2021-02-15,San Luis Obispo,079,281455,19345,18891,540,19431,227
2021-02-15,San Mateo,081,765935,38944,37969,387,38356,277
2021-02-15,Santa Barbara,083,443738,31531,30810,1082,31892,378
2021-02-15,Santa Clara,085,1922200,108235,107630,549,108179,1588
2021-02-15,Santa Cruz,087,273765,15168,14239,769,15008,175
2021-02-15,Shasta,089,179085,10788,10730,1180,11910,139
2021-02-15,Sierra,091,2930,50,47,12,59,0
2021-02-15,Siskiyou,093,43540,1442,1345,220,1565,4
2021-02-15,Solano,095,438530,29430,29225,347,29572,148
2021-02-15,Sonoma,097,501317,27431,27359,176,27535,276
2021-02-15,Stanislaus,099,539301,49712,48808,5197,54005,716
2021-02-15,Sutter,101,95872,8750,8652,79,8731,95
2021-02-15,Tehama,103,63373,4544,4492,485,4977,30
2021-02-15,Trinity,105,12862,456,274,71,345,3
2021-02-15,Tulare,107,460477,47636,46344,7705,54049,715
2021-02-15,Tuolumne,109,53932,3733,3794,33,3827,49
2021-02-15,Ventura,111,848112,76626,75889,2728,78617,629
2021-02-15,Yolo,113,214977,12642,12412,206,12618,175
2021-02-15,Yuba,115,75493,5405,5320,82,5402,38
2021-02-14,Alameda,001,1643700,79315,78442,1689,80131,995
2021-02-14,Alpine,003,1148,78,76,0,76,0
2021-02-14,Amador,005,37829,3423,3398,29,3427,39
2021-02-14,Butte,007,227075,11150,10717,1575,12292,155
2021-02-14,Calaveras,009,45235,1877,1866,12,1878,21
2021-02-14,Colusa,011,21464,1855,1845,249,2094,10
2021-02-14,Contra Costa,013,1133247,61735,60272,1047,61319,631
2021-02-14,Del Norte,015,27424,957,911,4,915,2
2021-02-14,El Dorado,017,186661,8982,8790,588,9378,94
2021-02-14,Fresno,019,978130,94727,93065,7477,100542,1287
2021-02-14,Glenn,021,27897,2216,2184,481,2665,14
2021-02-14,Humboldt,023,135768,3026,2992,21,3013,29
2021-02-14,Imperial,025,180216,27064,26696,2555,29251,580
2021-02-14,Inyo,027,18085,1225,1177,8,1185,32
2021-02-14,Kern,029,883053,92019,90038,9436,99474,959
2021-02-14,Kings,031,150075,21969,21538,944,22482,205
2021-02-14,Lake,033,64148,3089,3030,1,3031,38
2021-02-14,Lassen,035,31185,5075,5037,92,5129,1
2021-02-14,Los Angeles,037,10098052,1160243,1135450,38616,1174066,18898
2021-02-14,Madera,039,155013,15326,15089,781,15870,106
2021-02-14,Marin,041,260295,12961,12784,154,12938,201
2021-02-14,Mariposa,043,17540,373,365,4,369,4
2021-02-14,Mendocino,045,87422,3584,3475,68,3543,39
2021-02-14,Merced,047,269075,27764,27601,828,28429,368
2021-02-14,Modoc,049,8938,336,326,113,439,3
2021-02-14,Mono,051,14174,1169,1180,16,1196,3
2021-02-14,Monterey,053,433212,41449,40842,1628,42470,302
2021-02-14,Napa,055,140530,8877,8826,33,8859,57
2021-02-14,Nevada,057,99092,3878,3761,152,3913,47
2021-02-14,Orange,059,3164182,244345,241859,10018,251877,3564
2021-02-14,Placer,061,380077,20184,19313,1073,20386,230
2021-02-14,Plumas,063,18699,636,620,10,630,4
2021-02-14,Riverside,065,2383286,282725,275518,13265,288783,3471
2021-02-14,Sacramento,067,1510023,92424,90856,1186,92042,1304
2021-02-14,San Benito,069,59416,5675,5641,84,5725,56
2021-02-14,San Bernardino,071,2135413,283851,277664,8433,286097,2929
2021-02-14,San Diego,073,3302833,259654,252247,12504,264751,3037
2021-02-14,San Francisco,075,870044,33529,33374,1018,34392,372
2021-02-14,San Joaquin,077,732212,65640,64243,2689,66932,979
2021-02-14,San Luis Obispo,079,281455,19307,18868,537,19405,225
2021-02-14,San Mateo,081,765935,38860,37859,387,38246,277
2021-02-14,Santa Barbara,083,443738,31439,30744,1078,31822,377
2021-02-14,Santa Clara,085,1922200,108034,107412,545,107957,1582
2021-02-14,Santa Cruz,087,273765,15140,14225,764,14989,175
2021-02-14,Shasta,089,179085,10757,10720,1175,11895,139
2021-02-14,Sierra,091,2930,50,47,12,59,0
2021-02-14,Siskiyou,093,43540,1438,1340,220,1560,4
2021-02-14,Solano,095,438530,29392,29150,344,29494,148
2021-02-14,Sonoma,097,501317,27357,27266,174,27440,276
2021-02-14,Stanislaus,099,539301,49605,48672,5182,53854,716
2021-02-14,Sutter,101,95872,8727,8642,79,8721,95
2021-02-14,Tehama,103,63373,4536,4490,483,4973,30
2021-02-14,Trinity,105,12862,456,272,71,343,3
2021-02-14,Tulare,107,460477,47551,46263,7656,53919,715
2021-02-14,Tuolumne,109,53932,3732,3764,33,3797,49
2021-02-14,Ventura,111,848112,76451,75742,2717,78459,629
2021-02-14,Yolo,113,214977,12613,12399,205,12604,175
2021-02-14,Yuba,115,75493,5395,5314,82,5396,38
2021-02-13,Alameda,001,1643700,79200,78246,1686,79932,995
2021-02-13,Alpine,003,1148,78,76,0,76,0
2021-02-13,Amador,005,37829,3420,3387,29,3416,38
2021-02-13,Butte,007,227075,11134,10699,1574,12273,155
2021-02-13,Calaveras,009,45235,1873,1863,12,1875,21
2021-02-13,Colusa,011,21464,1855,1837,249,2086,10
2021-02-13,Contra Costa,013,1133247,61615,60100,1047,61147,629
2021-02-13,Del Norte,015,27424,955,908,4,912,2
2021-02-13,El Dorado,017,186661,8971,8758,587,9345,93
2021-02-13,Fresno,019,978130,94613,92807,7455,100262,1287
2021-02-13,Glenn,021,27897,2215,2182,481,2663,14
2021-02-13,Humboldt,023,135768,3013,2974,20,2994,29
2021-02-13,Imperial,025,180216,27057,26680,2553,29233,580
2021-02-13,Inyo,027,18085,1221,1168,8,1176,32
2021-02-13,Kern,029,883053,91930,89915,9410,99325,957
2021-02-13,Kings,031,150075,21954,21513,942,22455,205
2021-02-13,Lake,033,64148,3083,3025,1,3026,37
2021-02-13,Lassen,035,31185,5072,5028,92,5120,1
2021-02-13,Los Angeles,037,10098052,1159384,1133752,38569,1172321,18822
2021-02-13,Madera,039,155013,15317,15053,777,15830,106
2021-02-13,Marin,041,260295,12940,12757,154,12911,201
2021-02-13,Mariposa,043,17540,373,365,4,369,4
2021-02-13,Mendocino,045,87422,3574,3466,68,3534,38
2021-02-13,Merced,047,269075,27720,27541,825,28366,368
2021-02-13,Modoc,049,8938,336,325,113,438,3
2021-02-13,Mono,051,14174,1169,1176,16,1192,3
2021-02-13,Monterey,053,433212,41417,40731,1626,42357,301
2021-02-13,Napa,055,140530,8868,8809,33,8842,57
2021-02-13,Nevada,057,99092,3869,3742,151,3893,47
2021-02-13,Orange,059,3164182,244140,241545,9999,251544,3520
2021-02-13,Placer,061,380077,20164,19214,1073,20287,230
2021-02-13,Plumas,063,18699,636,616,10,626,4
2021-02-13,Riverside,065,2383286,282491,275276,13256,288532,3462
2021-02-13,Sacramento,067,1510023,92257,90401,1183,91584,1302
2021-02-13,San Benito,069,59416,5661,5633,84,5717,56
2021-02-13,San Bernardino,071,2135413,283699,277405,8421,285826,2899
2021-02-13,San Diego,073,3302833,259322,251679,12492,264171,3009
2021-02-13,San Francisco,075,870044,33479,33291,1008,34299,364
2021-02-13,San Joaquin,077,732212,65573,64105,2679,66784,977
2021-02-13,San Luis Obispo,079,281455,19279,18803,531,19334,225
2021-02-13,San Mateo,081,765935,38807,37745,387,38132,277
2021-02-13,Santa Barbara,083,443738,31387,30594,1076,31670,374
2021-02-13,Santa Clara,085,1922200,107849,107125,541,107666,1570
2021-02-13,Santa Cruz,087,273765,15113,14198,763,14961,173
2021-02-13,Shasta,089,179085,10745,10713,1170,11883,139
2021-02-13,Sierra,091,2930,50,47,12,59,0
2021-02-13,Siskiyou,093,43540,1435,1336,220,1556,4
2021-02-13,Solano,095,438530,29355,29084,344,29428,148
2021-02-13,Sonoma,097,501317,27310,27157,172,27329,276
2021-02-13,Stanislaus,099,539301,49536,48568,5176,53744,697
2021-02-13,Sutter,101,95872,8715,8626,79,8705,94
2021-02-13,Tehama,103,63373,4527,4484,482,4966,30
2021-02-13,Trinity,105,12862,455,272,70,342,3
2021-02-13,Tulare,107,460477,47500,46162,7625,53787,709
2021-02-13,Tuolumne,109,53932,3731,3752,33,3785,49
2021-02-13,Ventura,111,848112,76313,75481,2711,78192,618
2021-02-13,Yolo,113,214977,12601,12374,204,12578,175
2021-02-13,Yuba,115,75493,5387,5289,82,5371,38
2021-02-12,Alameda,001,1643700,79064,77958,1680,79638,974
2021-02-12,Alpine,003,1148,78,76,0,76,0
2021-02-12,Amador,005,37829,3416,3381,29,3410,38
2021-02-12,Butte,007,227075,11119,10655,1567,12222,155
2021-02-12,Calaveras,009,45235,1870,1860,12,1872,21
2021-02-12,Colusa,011,21464,1855,1836,249,2085,10
2021-02-12,Contra Costa,013,1133247,61465,59878,1043,60921,620
2021-02-12,Del Norte,015,27424,945,901,4,905,2
2021-02-12,El Dorado,017,186661,8955,8725,584,9309,92
2021-02-12,Fresno,019,978130,94459,92520,7435,99955,1273
2021-02-12,Glenn,021,27897,2212,2175,481,2656,14
2021-02-12,Humboldt,023,135768,3005,2961,20,2981,29
2021-02-12,Imperial,025,180216,27048,26646,2551,29197,585
2021-02-12,Inyo,027,18085,1215,1156,8,1164,32
2021-02-12,Kern,029,883053,91819,89532,9375,98907,949
2021-02-12,Kings,031,150075,21922,21462,937,22399,202
2021-02-12,Lake,033,64148,3079,3012,1,3013,36
2021-02-12,Lassen,035,31185,5070,5015,92,5107,1
2021-02-12,Los Angeles,037,10098052,1158178,1131185,38500,1169685,18637
2021-02-12,Madera,039,155013,15290,15022,774,15796,106
2021-02-12,Marin,041,260295,12914,12720,154,12874,200
2021-02-12,Mariposa,043,17540,372,365,4,369,4
2021-02-12,Mendocino,045,87422,3572,3447,68,3515,38
2021-02-12,Merced,047,269075,27669,27453,822,28275,367
2021-02-12,Modoc,049,8938,336,324,113,437,3
2021-02-12,Mono,051,14174,1168,1172,16,1188,3
2021-02-12,Monterey,053,433212,41370,40633,1617,42250,297
2021-02-12,Napa,055,140530,8856,8785,33,8818,55
2021-02-12,Nevada,057,99092,3864,3728,151,3879,47
2021-02-12,Orange,059,3164182,243902,241075,9985,251060,3505
2021-02-12,Placer,061,380077,20122,19174,1068,20242,230
2021-02-12,Plumas,063,18699,635,614,10,624,4
2021-02-12,Riverside,065,2383286,282214,274792,13238,288030,3438
2021-02-12,Sacramento,067,1510023,92054,90252,1182,91434,1295
2021-02-12,San Benito,069,59416,5645,5622,83,5705,56
2021-02-12,San Bernardino,071,2135413,283506,276890,8410,285300,2827
2021-02-12,San Diego,073,3302833,258939,250788,12466,263254,2979
2021-02-12,San Francisco,075,870044,33419,33179,1004,34183,359
2021-02-12,San Joaquin,077,732212,65479,63966,2671,66637,975
2021-02-12,San Luis Obispo,079,281455,19238,18687,530,19217,224
2021-02-12,San Mateo,081,765935,38735,37560,387,37947,254
2021-02-12,Santa Barbara,083,443738,31316,30454,1071,31525,372
2021-02-12,Santa Clara,085,1922200,107680,106759,538,107297,1543
2021-02-12,Santa Cruz,087,273765,15093,14147,763,14910,170
2021-02-12,Shasta,089,179085,10727,10693,1160,11853,142
2021-02-12,Sierra,091,2930,49,45,12,57,0
2021-02-12,Siskiyou,093,43540,1431,1324,217,1541,4
2021-02-12,Solano,095,438530,29323,28996,341,29337,147
2021-02-12,Sonoma,097,501317,27256,27064,168,27232,275
2021-02-12,Stanislaus,099,539301,49451,48418,5153,53571,697
2021-02-12,Sutter,101,95872,8701,8609,79,8688,93
2021-02-12,Tehama,103,63373,4519,4470,481,4951,27
2021-02-12,Trinity,105,12862,455,269,70,339,3
2021-02-12,Tulare,107,460477,47422,46016,7598,53614,710
2021-02-12,Tuolumne,109,53932,3728,3736,32,3768,49
2021-02-12,Ventura,111,848112,76145,75210,2704,77914,605
2021-02-12,Yolo,113,214977,12581,12340,204,12544,175
2021-02-12,Yuba,115,75493,5379,5274,82,5356,38
2021-02-11,Alameda,001,1643700,78837,77564,1675,79239,960
2021-02-11,Alpine,003,1148,77,76,0,76,0
2021-02-11,Amador,005,37829,3412,3368,29,3397,35
2021-02-11,Butte,007,227075,11095,10624,1565,12189,155
2021-02-11,Calaveras,009,45235,1867,1856,12,1868,21
2021-02-11,Colusa,011,21464,1850,1823,247,2070,10
2021-02-11,Contra Costa,013,1133247,61298,59633,1039,60672,605
2021-02-11,Del Norte,015,27424,940,894,4,898,2
2021-02-11,El Dorado,017,186661,8934,8698,584,9282,92
2021-02-11,Fresno,019,978130,94305,92168,7410,99578,1255
2021-02-11,Glenn,021,27897,2207,2166,480,2646,14
2021-02-11,Humboldt,023,135768,2992,2954,19,2973,29
2021-02-11,Imperial,025,180216,27025,26545,2549,29094,578
2021-02-11,Inyo,027,18085,1206,1144,8,1152,32
2021-02-11,Kern,029,883053,91628,89224,9331,98555,941
2021-02-11,Kings,031,150075,21892,21373,934,22307,202
2021-02-11,Lake,033,64148,3069,3002,1,3003,36
2021-02-11,Lassen,035,31185,5059,5004,89,5093,1
2021-02-11,Los Angeles,037,10098052,1156546,1128437,38431,1166868,18500
2021-02-11,Madera,039,155013,15269,14984,772,15756,106
2021-02-11,Marin,041,260295,12877,12682,154,12836,200
2021-02-11,Mariposa,043,17540,372,361,4,365,4
2021-02-11,Mendocino,045,87422,3565,3420,68,3488,38
2021-02-11,Merced,047,269075,27603,27325,818,28143,363
2021-02-11,Modoc,049,8938,335,317,113,430,3
2021-02-11,Mono,051,14174,1164,1173,16,1189,3
2021-02-11,Monterey,053,433212,41262,40469,1611,42080,295
2021-02-11,Napa,055,140530,8835,8777,33,8810,55
2021-02-11,Nevada,057,99092,3848,3720,151,3871,47
2021-02-11,Orange,059,3164182,243537,240590,9962,250552,3476
2021-02-11,Placer,061,380077,20082,19118,1067,20185,224
2021-02-11,Plumas,063,18699,634,592,10,602,4
2021-02-11,Riverside,065,2383286,281845,274313,13223,287536,3394
2021-02-11,Sacramento,067,1510023,91811,89988,1176,91164,1286
2021-02-11,San Benito,069,59416,5636,5609,83,5692,56
2021-02-11,San Bernardino,071,2135413,283191,276349,8396,284745,2774
2021-02-11,San Diego,073,3302833,258387,249971,12432,262403,2955
2021-02-11,San Francisco,075,870044,33334,33076,995,34071,356
2021-02-11,San Joaquin,077,732212,65310,63719,2661,66380,971
2021-02-11,San Luis Obispo,079,281455,19173,18615,526,19141,219
2021-02-11,San Mateo,081,765935,38644,37439,385,37824,253
2021-02-11,Santa Barbara,083,443738,31220,30375,1066,31441,370
2021-02-11,Santa Clara,085,1922200,107423,106392,532,106924,1507
2021-02-11,Santa Cruz,087,273765,15070,14088,758,14846,165
2021-02-11,Shasta,089,179085,10703,10672,1156,11828,140
2021-02-11,Sierra,091,2930,49,45,12,57,0
2021-02-11,Siskiyou,093,43540,1416,1320,217,1537,4
2021-02-11,Solano,095,438530,29271,28885,341,29226,138
2021-02-11,Sonoma,097,501317,27173,26971,165,27136,272
2021-02-11,Stanislaus,099,539301,49307,48205,5142,53347,697
2021-02-11,Sutter,101,95872,8687,8590,78,8668,93
2021-02-11,Tehama,103,63373,4513,4463,481,4944,26
2021-02-11,Trinity,105,12862,455,269,70,339,3
2021-02-11,Tulare,107,460477,47327,45897,7557,53454,706
2021-02-11,Tuolumne,109,53932,3691,3716,32,3748,48
2021-02-11,Ventura,111,848112,75944,74959,2695,77654,590
2021-02-11,Yolo,113,214977,12558,12303,202,12505,173
2021-02-11,Yuba,115,75493,5365,5261,80,5341,38
2021-02-10,Alameda,001,1643700,78634,77344,1674,79018,944
2021-02-10,Alpine,003,1148,77,76,0,76,0
2021-02-10,Amador,005,37829,3400,3348,29,3377,35
2021-02-10,Butte,007,227075,11069,10594,1564,12158,155
2021-02-10,Calaveras,009,45235,1865,1850,12,1862,21
2021-02-10,Colusa,011,21464,1843,1815,245,2060,10
2021-02-10,Contra Costa,013,1133247,61126,59488,1037,60525,590
2021-02-10,Del Norte,015,27424,934,888,4,892,2
2021-02-10,El Dorado,017,186661,8903,8682,580,9262,87
2021-02-10,Fresno,019,978130,94130,91876,7384,99260,1247
2021-02-10,Glenn,021,27897,2204,2160,477,2637,14
2021-02-10,Humboldt,023,135768,2984,2924,19,2943,29
2021-02-10,Imperial,025,180216,26986,26522,2546,29068,578
2021-02-10,Inyo,027,18085,1194,1138,8,1146,30
2021-02-10,Kern,029,883053,91421,88933,9277,98210,926
2021-02-10,Kings,031,150075,21849,21294,932,22226,197
2021-02-10,Lake,033,64148,3056,2975,1,2976,36
2021-02-10,Lassen,035,31185,5055,4993,89,5082,1
2021-02-10,Los Angeles,037,10098052,1154801,1125437,38302,1163739,18338
2021-02-10,Madera,039,155013,15231,14925,770,15695,105
2021-02-10,Marin,041,260295,12840,12651,154,12805,199
2021-02-10,Mariposa,043,17540,370,360,4,364,4
2021-02-10,Mendocino,045,87422,3550,3395,68,3463,38
2021-02-10,Merced,047,269075,27520,27246,807,28053,359
2021-02-10,Modoc,049,8938,334,315,111,426,3
2021-02-10,Mono,051,14174,1159,1170,16,1186,3
2021-02-10,Monterey,053,433212,41183,40366,1596,41962,288
2021-02-10,Napa,055,140530,8816,8769,33,8802,55
2021-02-10,Nevada,057,99092,3833,3693,149,3842,47
2021-02-10,Orange,059,3164182,243117,239974,9931,249905,3439
2021-02-10,Placer,061,380077,20043,19062,1062,20124,220
2021-02-10,Plumas,063,18699,631,589,10,599,2
2021-02-10,Riverside,065,2383286,281419,273721,13213,286934,3374
2021-02-10,Sacramento,067,1510023,91560,89653,1172,90825,1275
2021-02-10,San Benito,069,59416,5622,5591,83,5674,55
2021-02-10,San Bernardino,071,2135413,282828,275616,8380,283996,2696
2021-02-10,San Diego,073,3302833,257805,248858,12394,261252,2904
2021-02-10,San Francisco,075,870044,33251,32955,992,33947,351
2021-02-10,San Joaquin,077,732212,65169,63484,2647,66131,954
2021-02-10,San Luis Obispo,079,281455,19094,18549,524,19073,216
2021-02-10,San Mateo,081,765935,38554,37323,385,37708,245
2021-02-10,Santa Barbara,083,443738,31128,30216,1061,31277,359
2021-02-10,Santa Clara,085,1922200,107184,106048,529,106577,1489
2021-02-10,Santa Cruz,087,273765,15034,14007,756,14763,165
2021-02-10,Shasta,089,179085,10680,10645,1153,11798,142
2021-02-10,Sierra,091,2930,49,45,12,57,0
2021-02-10,Siskiyou,093,43540,1411,1314,216,1530,4
2021-02-10,Solano,095,438530,29196,28835,339,29174,137
2021-02-10,Sonoma,097,501317,27081,26881,163,27044,271
2021-02-10,Stanislaus,099,539301,49190,48016,5125,53141,696
2021-02-10,Sutter,101,95872,8670,8571,78,8649,93
2021-02-10,Tehama,103,63373,4505,4445,481,4926,23
2021-02-10,Trinity,105,12862,452,268,70,338,3
2021-02-10,Tulare,107,460477,47210,45782,7518,53300,696
2021-02-10,Tuolumne,109,53932,3683,3691,32,3723,48
2021-02-10,Ventura,111,848112,75717,74651,2678,77329,580
2021-02-10,Yolo,113,214977,12534,12276,201,12477,174
2021-02-10,Yuba,115,75493,5347,5241,80,5321,38
2021-02-09,Alameda,001,1643700,78371,77018,1671,78689,936
2021-02-09,Alpine,003,1148,77,76,0,76,0
2021-02-09,Amador,005,37829,3392,3347,29,3376,35
2021-02-09,Butte,007,227075,11042,10563,1562,12125,153
2021-02-09,Calaveras,009,45235,1861,1847,12,1859,21
2021-02-09,Colusa,011,21464,1834,1812,240,2052,10
2021-02-09,Contra Costa,013,1133247,60937,59307,1031,60338,583
2021-02-09,Del Norte,015,27424,928,886,4,890,2
2021-02-09,El Dorado,017,186661,8876,8663,579,9242,87
2021-02-09,Fresno,019,978130,93888,91730,7356,99086,1211
2021-02-09,Glenn,021,27897,2200,2156,476,2632,14
2021-02-09,Humboldt,023,135768,2976,2904,19,2923,29
2021-02-09,Imperial,025,180216,26959,26509,2543,29052,568
2021-02-09,Inyo,027,18085,1186,1137,8,1145,30
2021-02-09,Kern,029,883053,91172,88684,9231,97915,920
2021-02-09,Kings,031,150075,21807,21275,930,22205,196
2021-02-09,Lake,033,64148,3045,2955,1,2956,36
2021-02-09,Lassen,035,31185,5048,4983,89,5072,1
2021-02-09,Los Angeles,037,10098052,1152830,1122745,38216,1160961,18198
2021-02-09,Madera,039,155013,15211,14912,767,15679,105
2021-02-09,Marin,041,260295,12807,12623,153,12776,197
2021-02-09,Mariposa,043,17540,368,355,4,359,4
2021-02-09,Mendocino,045,87422,3532,3369,68,3437,38
2021-02-09,Merced,047,269075,27422,27166,802,27968,354
2021-02-09,Modoc,049,8938,333,316,111,427,3
2021-02-09,Mono,051,14174,1158,1167,16,1183,3
2021-02-09,Monterey,053,433212,41076,40279,1584,41863,285
2021-02-09,Napa,055,140530,8803,8749,33,8782,55
2021-02-09,Nevada,057,99092,3817,3687,149,3836,44
2021-02-09,Orange,059,3164182,242702,239169,9900,249069,3406
2021-02-09,Placer,061,380077,19978,19008,1055,20063,220
2021-02-09,Plumas,063,18699,631,584,10,594,2
2021-02-09,Riverside,065,2383286,280925,273465,13197,286662,3334
2021-02-09,Sacramento,067,1510023,91249,89378,1171,90549,1265
2021-02-09,San Benito,069,59416,5610,5566,82,5648,54
2021-02-09,San Bernardino,071,2135413,282455,274998,8367,283365,2613
2021-02-09,San Diego,073,3302833,257147,248048,12351,260399,2853
2021-02-09,San Francisco,075,870044,33172,32782,982,33764,349
2021-02-09,San Joaquin,077,732212,64995,63341,2642,65983,937
2021-02-09,San Luis Obispo,079,281455,19035,18489,523,19012,216
2021-02-09,San Mateo,081,765935,38423,37227,384,37611,235
2021-02-09,Santa Barbara,083,443738,31017,30118,1055,31173,351
2021-02-09,Santa Clara,085,1922200,106877,105762,526,106288,1463
2021-02-09,Santa Cruz,087,273765,14984,13958,751,14709,162
2021-02-09,Shasta,089,179085,10653,10595,1151,11746,139
2021-02-09,Sierra,091,2930,49,44,12,56,0
2021-02-09,Siskiyou,093,43540,1403,1306,214,1520,4
2021-02-09,Solano,095,438530,29119,28769,336,29105,131
2021-02-09,Sonoma,097,501317,26991,26826,161,26987,267
2021-02-09,Stanislaus,099,539301,49029,47906,5109,53015,679
2021-02-09,Sutter,101,95872,8653,8541,78,8619,92
2021-02-09,Tehama,103,63373,4498,4416,479,4895,22
2021-02-09,Trinity,105,12862,452,266,70,336,3
2021-02-09,Tulare,107,460477,47076,45704,7464,53168,686
2021-02-09,Tuolumne,109,53932,3664,3673,32,3705,48
2021-02-09,Ventura,111,848112,75467,74333,2670,77003,567
2021-02-09,Yolo,113,214977,12493,12220,201,12421,174
2021-02-09,Yuba,115,75493,5338,5235,80,5315,35
2021-02-08,Alameda,001,1643700,78108,76735,1666,78401,924
2021-02-08,Alpine,003,1148,77,73,0,73,0
2021-02-08,Amador,005,37829,3385,3344,28,3372,33
2021-02-08,Butte,007,227075,11020,10524,1559,12083,152
2021-02-08,Calaveras,009,45235,1860,1840,12,1852,21
2021-02-08,Colusa,011,21464,1826,1802,236,2038,10
2021-02-08,Contra Costa,013,1133247,60729,59039,1029,60068,567
2021-02-08,Del Norte,015,27424,925,885,4,889,2
2021-02-08,El Dorado,017,186661,8845,8627,577,9204,86
2021-02-08,Fresno,019,978130,93675,91430,7330,98760,1207
2021-02-08,Glenn,021,27897,2194,2148,474,2622,14
2021-02-08,Humboldt,023,135768,2968,2902,19,2921,29
2021-02-08,Imperial,025,180216,26939,26526,2541,29067,567
2021-02-08,Inyo,027,18085,1173,1126,8,1134,30
2021-02-08,Kern,029,883053,90957,88380,9173,97553,920
2021-02-08,Kings,031,150075,21745,21232,927,22159,195
2021-02-08,Lake,033,64148,3026,2949,1,2950,36
2021-02-08,Lassen,035,31185,5035,4976,89,5065,1
2021-02-08,Los Angeles,037,10098052,1150733,1120179,38096,1158275,17977
2021-02-08,Madera,039,155013,15175,14887,760,15647,93
2021-02-08,Marin,041,260295,12778,12591,153,12744,194
2021-02-08,Mariposa,043,17540,368,355,4,359,4
2021-02-08,Mendocino,045,87422,3518,3355,68,3423,38
2021-02-08,Merced,047,269075,27337,27082,797,27879,346
2021-02-08,Modoc,049,8938,331,318,111,429,3
2021-02-08,Mono,051,14174,1158,1165,16,1181,3
2021-02-08,Monterey,053,433212,40956,40186,1565,41751,283
2021-02-08,Napa,055,140530,8788,8719,33,8752,55
2021-02-08,Nevada,057,99092,3805,3671,149,3820,44
2021-02-08,Orange,059,3164182,242233,238715,9876,248591,3361
2021-02-08,Placer,061,380077,19936,18944,1049,19993,211
2021-02-08,Plumas,063,18699,630,584,10,594,2
2021-02-08,Riverside,065,2383286,280356,272904,13171,286075,3301
2021-02-08,Sacramento,067,1510023,90962,89267,1168,90435,1247
2021-02-08,San Benito,069,59416,5605,5553,81,5634,52
2021-02-08,San Bernardino,071,2135413,282051,274661,8361,283022,2587
2021-02-08,San Diego,073,3302833,256405,247259,12310,259569,2821
2021-02-08,San Francisco,075,870044,33078,32679,974,33653,348
2021-02-08,San Joaquin,077,732212,64834,63148,2632,65780,929
2021-02-08,San Luis Obispo,079,281455,18978,18421,518,18939,214
2021-02-08,San Mateo,081,765935,38314,37084,384,37468,232
2021-02-08,Santa Barbara,083,443738,30902,29978,1048,31026,340
2021-02-08,Santa Clara,085,1922200,106552,105413,518,105931,1456
2021-02-08,Santa Cruz,087,273765,14945,13921,745,14666,161
2021-02-08,Shasta,089,179085,10627,10574,1145,11719,137
2021-02-08,Sierra,091,2930,49,44,12,56,0
2021-02-08,Siskiyou,093,43540,1400,1303,214,1517,4
2021-02-08,Solano,095,438530,29055,28644,334,28978,130
2021-02-08,Sonoma,097,501317,26900,26760,160,26920,259
2021-02-08,Stanislaus,099,539301,48876,47704,5081,52785,679
2021-02-08,Sutter,101,95872,8634,8526,78,8604,92
2021-02-08,Tehama,103,63373,4483,4403,477,4880,22
2021-02-08,Trinity,105,12862,450,266,70,336,3
2021-02-08,Tulare,107,460477,46968,45617,7424,53041,673
2021-02-08,Tuolumne,109,53932,3656,3647,32,3679,48
2021-02-08,Ventura,111,848112,75210,74068,2664,76732,565
2021-02-08,Yolo,113,214977,12461,12169,200,12369,162
2021-02-08,Yuba,115,75493,5322,5215,80,5295,35
2021-02-07,Alameda,001,1643700,77805,76500,1658,78158,924
2021-02-07,Alpine,003,1148,74,72,0,72,0
2021-02-07,Amador,005,37829,3364,3343,28,3371,33
2021-02-07,Butte,007,227075,10987,10513,1549,12062,152
2021-02-07,Calaveras,009,45235,1855,1837,12,1849,21
2021-02-07,Colusa,011,21464,1815,1795,234,2029,10
2021-02-07,Contra Costa,013,1133247,60489,58836,1024,59860,566
2021-02-07,Del Norte,015,27424,921,881,4,885,2
2021-02-07,El Dorado,017,186661,8816,8596,575,9171,86
2021-02-07,Fresno,019,978130,93445,91184,7292,98476,1207
2021-02-07,Glenn,021,27897,2190,2141,471,2612,14
2021-02-07,Humboldt,023,135768,2947,2895,19,2914,28
2021-02-07,Imperial,025,180216,26910,26518,2535,29053,567
2021-02-07,Inyo,027,18085,1162,1124,8,1132,27
2021-02-07,Kern,029,883053,90712,88146,9116,97262,920
2021-02-07,Kings,031,150075,21684,21180,924,22104,192
2021-02-07,Lake,033,64148,3010,2940,1,2941,36
2021-02-07,Lassen,035,31185,5024,4973,89,5062,1
2021-02-07,Los Angeles,037,10098052,1147976,1117551,37968,1155519,17889
2021-02-07,Madera,039,155013,15141,14850,756,15606,93
2021-02-07,Marin,041,260295,12744,12571,151,12722,194
2021-02-07,Mariposa,043,17540,367,355,4,359,4
2021-02-07,Mendocino,045,87422,3501,3348,68,3416,38
2021-02-07,Merced,047,269075,27225,26977,785,27762,346
2021-02-07,Modoc,049,8938,331,317,107,424,3
2021-02-07,Mono,051,14174,1155,1165,16,1181,3
2021-02-07,Monterey,053,433212,40821,40113,1545,41658,283
2021-02-07,Napa,055,140530,8765,8701,33,8734,55
2021-02-07,Nevada,057,99092,3794,3643,149,3792,44
2021-02-07,Orange,059,3164182,241635,238155,9844,247999,3336
2021-02-07,Placer,061,380077,19889,18903,1036,19939,211
2021-02-07,Plumas,063,18699,630,584,10,594,2
2021-02-07,Riverside,065,2383286,279828,272301,13150,285451,3267
2021-02-07,Sacramento,067,1510023,90630,88919,1161,90080,1246
2021-02-07,San Benito,069,59416,5586,5548,80,5628,52
2021-02-07,San Bernardino,071,2135413,281469,274316,8336,282652,2587
2021-02-07,San Diego,073,3302833,255619,246561,12246,258807,2821
2021-02-07,San Francisco,075,870044,32958,32609,962,33571,348
2021-02-07,San Joaquin,077,732212,64560,63051,2617,65668,929
2021-02-07,San Luis Obispo,079,281455,18906,18349,511,18860,214
2021-02-07,San Mateo,081,765935,38180,36984,382,37366,232
2021-02-07,Santa Barbara,083,443738,30762,29815,1037,30852,340
2021-02-07,Santa Clara,085,1922200,106212,105118,508,105626,1450
2021-02-07,Santa Cruz,087,273765,14891,13887,741,14628,161
2021-02-07,Shasta,089,179085,10607,10570,1137,11707,137
2021-02-07,Sierra,091,2930,49,43,12,55,0
2021-02-07,Siskiyou,093,43540,1393,1295,212,1507,4
2021-02-07,Solano,095,438530,28945,28567,333,28900,130
2021-02-07,Sonoma,097,501317,26793,26684,156,26840,257
2021-02-07,Stanislaus,099,539301,48686,47551,5049,52600,679
2021-02-07,Sutter,101,95872,8606,8515,78,8593,92
2021-02-07,Tehama,103,63373,4469,4396,475,4871,22
2021-02-07,Trinity,105,12862,447,264,68,332,3
2021-02-07,Tulare,107,460477,46846,45520,7346,52866,671
2021-02-07,Tuolumne,109,53932,3632,3619,31,3650,48
2021-02-07,Ventura,111,848112,74901,73759,2652,76411,561
2021-02-07,Yolo,113,214977,12416,12135,200,12335,162
2021-02-07,Yuba,115,75493,5307,5198,78,5276,35
2021-02-06,Alameda,001,1643700,77651,76170,1647,77817,922
2021-02-06,Alpine,003,1148,74,72,0,72,0
2021-02-06,Amador,005,37829,3358,3306,28,3334,33
2021-02-06,Butte,007,227075,10970,10480,1545,12025,150
2021-02-06,Calaveras,009,45235,1853,1832,12,1844,21
2021-02-06,Colusa,011,21464,1813,1791,233,2024,10
2021-02-06,Contra Costa,013,1133247,60342,58567,1018,59585,566
2021-02-06,Del Norte,015,27424,917,879,4,883,2
2021-02-06,El Dorado,017,186661,8809,8575,571,9146,86
2021-02-06,Fresno,019,978130,93332,90944,7272,98216,1207
2021-02-06,Glenn,021,27897,2188,2136,470,2606,14
2021-02-06,Humboldt,023,135768,2936,2880,19,2899,28
2021-02-06,Imperial,025,180216,26900,26514,2534,29048,567
2021-02-06,Inyo,027,18085,1159,1113,8,1121,27
2021-02-06,Kern,029,883053,90560,87919,9070,96989,912
2021-02-06,Kings,031,150075,21654,21156,924,22080,190
2021-02-06,Lake,033,64148,3005,2920,1,2921,34
2021-02-06,Lassen,035,31185,5020,4964,88,5052,1
2021-02-06,Los Angeles,037,10098052,1146622,1114718,37870,1152588,17793
2021-02-06,Madera,039,155013,15120,14807,754,15561,93
2021-02-06,Marin,041,260295,12724,12531,151,12682,194
2021-02-06,Mariposa,043,17540,366,355,3,358,4
2021-02-06,Mendocino,045,87422,3483,3316,67,3383,38
2021-02-06,Merced,047,269075,27139,26881,778,27659,346
2021-02-06,Modoc,049,8938,331,313,107,420,3
2021-02-06,Mono,051,14174,1154,1159,16,1175,3
2021-02-06,Monterey,053,433212,40764,39995,1537,41532,282
2021-02-06,Napa,055,140530,8752,8639,33,8672,55
2021-02-06,Nevada,057,99092,3782,3624,149,3773,43
2021-02-06,Orange,059,3164182,241271,237391,9810,247201,3293
2021-02-06,Placer,061,380077,19852,18836,1033,19869,211
2021-02-06,Plumas,063,18699,630,584,10,594,2
2021-02-06,Riverside,065,2383286,279461,271741,13131,284872,3243
2021-02-06,Sacramento,067,1510023,90413,88532,1151,89683,1237
2021-02-06,San Benito,069,59416,5568,5516,80,5596,52
2021-02-06,San Bernardino,071,2135413,281163,273718,8313,282031,2564
2021-02-06,San Diego,073,3302833,255123,245331,12211,257542,2812
2021-02-06,San Francisco,075,870044,32884,32437,952,33389,346
2021-02-06,San Joaquin,077,732212,64481,62840,2606,65446,906
2021-02-06,San Luis Obispo,079,281455,18864,18284,507,18791,214
2021-02-06,San Mateo,081,765935,38112,36824,379,37203,232
2021-02-06,Santa Barbara,083,443738,30686,29645,1035,30680,337
2021-02-06,Santa Clara,085,1922200,105991,104639,503,105142,1439
2021-02-06,Santa Cruz,087,273765,14860,13845,737,14582,161
2021-02-06,Shasta,089,179085,10596,10561,1135,11696,137
2021-02-06,Sierra,091,2930,49,43,12,55,0
2021-02-06,Siskiyou,093,43540,1390,1289,211,1500,4
2021-02-06,Solano,095,438530,28909,28446,332,28778,129
2021-02-06,Sonoma,097,501317,26756,26564,154,26718,257
2021-02-06,Stanislaus,099,539301,48588,47325,5033,52358,679
2021-02-06,Sutter,101,95872,8598,8485,78,8563,92
2021-02-06,Tehama,103,63373,4462,4380,473,4853,22
2021-02-06,Trinity,105,12862,447,263,68,331,3
2021-02-06,Tulare,107,460477,46778,45349,7299,52648,664
2021-02-06,Tuolumne,109,53932,3625,3612,31,3643,48
2021-02-06,Ventura,111,848112,74721,73431,2646,76077,552
2021-02-06,Yolo,113,214977,12393,12061,200,12261,161
2021-02-06,Yuba,115,75493,5297,5177,77,5254,35
2021-02-05,Alameda,001,1643700,77426,75716,1645,77361,916
2021-02-05,Alpine,003,1148,74,72,0,72,0
2021-02-05,Amador,005,37829,3353,3299,27,3326,33
2021-02-05,Butte,007,227075,10952,10421,1539,11960,150
2021-02-05,Calaveras,009,45235,1849,1818,12,1830,21
2021-02-05,Colusa,011,21464,1809,1785,233,2018,10
2021-02-05,Contra Costa,013,1133247,60181,58195,1016,59211,560
2021-02-05,Del Norte,015,27424,916,874,4,878,2
2021-02-05,El Dorado,017,186661,8789,8527,569,9096,86
2021-02-05,Fresno,019,978130,93130,90513,7251,97764,1194
2021-02-05,Glenn,021,27897,2185,2122,464,2586,14
2021-02-05,Humboldt,023,135768,2926,2857,19,2876,28
2021-02-05,Imperial,025,180216,26881,26474,2533,29007,557
2021-02-05,Inyo,027,18085,1155,1104,8,1112,27
2021-02-05,Kern,029,883053,90391,87470,9003,96473,906
2021-02-05,Kings,031,150075,21616,21021,921,21942,190
2021-02-05,Lake,033,64148,2993,2906,1,2907,33
2021-02-05,Lassen,035,31185,5016,4936,88,5024,1
2021-02-05,Los Angeles,037,10098052,1144525,1110384,37735,1148119,17608
2021-02-05,Madera,039,155013,15086,14752,749,15501,95
2021-02-05,Marin,041,260295,12689,12479,151,12630,193
2021-02-05,Mariposa,043,17540,366,352,3,355,4
2021-02-05,Mendocino,045,87422,3469,3272,67,3339,38
2021-02-05,Merced,047,269075,27079,26760,777,27537,345
2021-02-05,Modoc,049,8938,331,312,107,419,3
2021-02-05,Mono,051,14174,1153,1157,16,1173,3
2021-02-05,Monterey,053,433212,40697,39840,1526,41366,281
2021-02-05,Napa,055,140530,8738,8598,33,8631,55
2021-02-05,Nevada,057,99092,3779,3607,149,3756,43
2021-02-05,Orange,059,3164182,240844,236335,9783,246118,3260
2021-02-05,Placer,061,380077,19816,18756,1031,19787,211
2021-02-05,Plumas,063,18699,628,578,10,588,2
2021-02-05,Riverside,065,2383286,279047,270666,13112,283778,3235
2021-02-05,Sacramento,067,1510023,90233,87992,1144,89136,1231
2021-02-05,San Benito,069,59416,5557,5502,80,5582,51
2021-02-05,San Bernardino,071,2135413,280825,272938,8295,281233,2495
2021-02-05,San Diego,073,3302833,254547,244066,12176,256242,2777
2021-02-05,San Francisco,075,870044,32794,32229,941,33170,337
2021-02-05,San Joaquin,077,732212,64331,62565,2598,65163,902
2021-02-05,San Luis Obispo,079,281455,18803,18152,503,18655,213
2021-02-05,San Mateo,081,765935,38028,36582,378,36960,227
2021-02-05,Santa Barbara,083,443738,30589,29455,1022,30477,334
2021-02-05,Santa Clara,085,1922200,105743,104112,501,104613,1421
2021-02-05,Santa Cruz,087,273765,14839,13776,735,14511,161
2021-02-05,Shasta,089,179085,10580,10507,1128,11635,136
2021-02-05,Sierra,091,2930,49,42,12,54,0
2021-02-05,Siskiyou,093,43540,1383,1276,209,1485,4
2021-02-05,Solano,095,438530,28859,28283,332,28615,127
2021-02-05,Sonoma,097,501317,26687,26423,151,26574,252
2021-02-05,Stanislaus,099,539301,48446,47024,5015,52039,678
2021-02-05,Sutter,101,95872,8578,8443,78,8521,92
2021-02-05,Tehama,103,63373,4454,4355,473,4828,22
2021-02-05,Trinity,105,12862,446,260,68,328,3
2021-02-05,Tulare,107,460477,46702,45138,7249,52387,663
2021-02-05,Tuolumne,109,53932,3599,3595,31,3626,45
2021-02-05,Ventura,111,848112,74476,72953,2634,75587,546
2021-02-05,Yolo,113,214977,12374,12025,195,12220,162
2021-02-05,Yuba,115,75493,5280,5145,77,5222,35
2021-02-04,Alameda,001,1643700,77141,75422,1639,77061,899
2021-02-04,Alpine,003,1148,73,72,0,72,0
2021-02-04,Amador,005,37829,3350,3288,27,3315,33
2021-02-04,Butte,007,227075,10919,10386,1531,11917,147
2021-02-04,Calaveras,009,45235,1847,1808,12,1820,21
2021-02-04,Colusa,011,21464,1805,1777,231,2008,10
2021-02-04,Contra Costa,013,1133247,59992,57991,1012,59003,550
2021-02-04,Del Norte,015,27424,910,870,4,874,2
2021-02-04,El Dorado,017,186661,8763,8490,566,9056,86
2021-02-04,Fresno,019,978130,92915,90126,7224,97350,1114
2021-02-04,Glenn,021,27897,2180,2102,463,2565,14
2021-02-04,Humboldt,023,135768,2916,2827,19,2846,28
2021-02-04,Imperial,025,180216,26834,26411,2530,28941,556
2021-02-04,Inyo,027,18085,1143,1084,8,1092,27
2021-02-04,Kern,029,883053,90118,87156,8925,96081,898
2021-02-04,Kings,031,150075,21565,20918,914,21832,187
2021-02-04,Lake,033,64148,2981,2882,1,2883,34
2021-02-04,Lassen,035,31185,5013,4927,88,5015,1
2021-02-04,Los Angeles,037,10098052,1141727,1106323,37608,1143931,17396
2021-02-04,Madera,039,155013,15056,14706,746,15452,95
2021-02-04,Marin,041,260295,12653,12431,151,12582,192
2021-02-04,Mariposa,043,17540,366,348,3,351,4
2021-02-04,Mendocino,045,87422,3451,3240,65,3305,38
2021-02-04,Merced,047,269075,26985,26629,774,27403,345
2021-02-04,Modoc,049,8938,331,309,107,416,3
2021-02-04,Mono,051,14174,1151,1153,16,1169,3
2021-02-04,Monterey,053,433212,40585,39619,1509,41128,279
2021-02-04,Napa,055,140530,8709,8573,33,8606,55
2021-02-04,Nevada,057,99092,3759,3590,148,3738,37
2021-02-04,Orange,059,3164182,240202,235677,9741,245418,3238
2021-02-04,Placer,061,380077,19756,18711,1022,19733,210
2021-02-04,Plumas,063,18699,625,562,10,572,2
2021-02-04,Riverside,065,2383286,278285,269851,13073,282924,3230
2021-02-04,Sacramento,067,1510023,89933,87658,1134,88792,1222
2021-02-04,San Benito,069,59416,5543,5488,79,5567,51
2021-02-04,San Bernardino,071,2135413,280275,272223,8276,280499,2409
2021-02-04,San Diego,073,3302833,253759,242613,12110,254723,2738
2021-02-04,San Francisco,075,870044,32680,32116,932,33048,326
2021-02-04,San Joaquin,077,732212,64106,62374,2590,64964,883
2021-02-04,San Luis Obispo,079,281455,18736,18058,501,18559,211
2021-02-04,San Mateo,081,765935,37908,36437,375,36812,226
2021-02-04,Santa Barbara,083,443738,30454,29344,1005,30349,322
2021-02-04,Santa Clara,085,1922200,105396,103781,498,104279,1404
2021-02-04,Santa Cruz,087,273765,14806,13713,727,14440,156
2021-02-04,Shasta,089,179085,10554,10466,1123,11589,131
2021-02-04,Sierra,091,2930,49,42,12,54,0
2021-02-04,Siskiyou,093,43540,1374,1273,209,1482,4
2021-02-04,Solano,095,438530,28756,28192,331,28523,120
2021-02-04,Sonoma,097,501317,26605,26276,147,26423,249
2021-02-04,Stanislaus,099,539301,48283,46822,4996,51818,678
2021-02-04,Sutter,101,95872,8558,8401,78,8479,92
2021-02-04,Tehama,103,63373,4438,4327,473,4800,21
2021-02-04,Trinity,105,12862,445,260,67,327,3
2021-02-04,Tulare,107,460477,46575,44983,7187,52170,656
2021-02-04,Tuolumne,109,53932,3559,3585,31,3616,45
2021-02-04,Ventura,111,848112,74144,72595,2621,75216,537
2021-02-04,Yolo,113,214977,12340,11982,194,12176,161
2021-02-04,Yuba,115,75493,5254,5135,77,5212,34
2021-02-03,Alameda,001,1643700,76813,74968,1635,76603,880
2021-02-03,Alpine,003,1148,73,72,0,72,0
2021-02-03,Amador,005,37829,3346,3281,27,3308,33
2021-02-03,Butte,007,227075,10883,10355,1524,11879,144
2021-02-03,Calaveras,009,45235,1833,1799,11,1810,21
2021-02-03,Colusa,011,21464,1800,1773,230,2003,10
2021-02-03,Contra Costa,013,1133247,59753,57762,1000,58762,537
2021-02-03,Del Norte,015,27424,905,869,4,873,2
2021-02-03,El Dorado,017,186661,8743,8428,565,8993,86
2021-02-03,Fresno,019,978130,92694,89748,7185,96933,1015
2021-02-03,Glenn,021,27897,2170,2098,461,2559,14
2021-02-03,Humboldt,023,135768,2906,2800,19,2819,27
2021-02-03,Imperial,025,180216,26800,26363,2523,28886,547
2021-02-03,Inyo,027,18085,1133,1071,8,1079,27
2021-02-03,Kern,029,883053,89876,86771,8884,95655,877
2021-02-03,Kings,031,150075,21504,20831,912,21743,172
2021-02-03,Lake,033,64148,2964,2869,1,2870,33
2021-02-03,Lassen,035,31185,5001,4910,88,4998,1
2021-02-03,Los Angeles,037,10098052,1138646,1101890,37484,1139374,17163
2021-02-03,Madera,039,155013,15017,14605,744,15349,94
2021-02-03,Marin,041,260295,12619,12406,151,12557,190
2021-02-03,Mariposa,043,17540,365,347,3,350,4
2021-02-03,Mendocino,045,87422,3425,3236,64,3300,38
2021-02-03,Merced,047,269075,26869,26520,769,27289,343
2021-02-03,Modoc,049,8938,330,308,107,415,3
2021-02-03,Mono,051,14174,1144,1146,16,1162,3
2021-02-03,Monterey,053,433212,40458,39500,1491,40991,279
2021-02-03,Napa,055,140530,8674,8534,33,8567,54
2021-02-03,Nevada,057,99092,3745,3572,148,3720,35
2021-02-03,Orange,059,3164182,239460,234738,9709,244447,3189
2021-02-03,Placer,061,380077,19701,18646,1020,19666,210
2021-02-03,Plumas,063,18699,625,559,10,569,2
2021-02-03,Riverside,065,2383286,277546,269019,13042,282061,3195
2021-02-03,Sacramento,067,1510023,89610,87415,1130,88545,1212
2021-02-03,San Benito,069,59416,5525,5463,76,5539,51
2021-02-03,San Bernardino,071,2135413,279793,271477,8253,279730,2308
2021-02-03,San Diego,073,3302833,252858,241015,12063,253078,2683
2021-02-03,San Francisco,075,870044,32550,31983,927,32910,325
2021-02-03,San Joaquin,077,732212,63878,61976,2580,64556,880
2021-02-03,San Luis Obispo,079,281455,18658,17922,498,18420,206
2021-02-03,San Mateo,081,765935,37770,36227,371,36598,225
2021-02-03,Santa Barbara,083,443738,30305,29121,995,30116,315
2021-02-03,Santa Clara,085,1922200,105078,103278,496,103774,1364
2021-02-03,Santa Cruz,087,273765,14751,13611,721,14332,154
2021-02-03,Shasta,089,179085,10511,10422,1118,11540,130
2021-02-03,Sierra,091,2930,49,42,12,54,0
2021-02-03,Siskiyou,093,43540,1363,1268,208,1476,4
2021-02-03,Solano,095,438530,28634,28057,331,28388,119
2021-02-03,Sonoma,097,501317,26521,26155,146,26301,248
2021-02-03,Stanislaus,099,539301,48107,46598,4977,51575,662
2021-02-03,Sutter,101,95872,8533,8379,78,8457,90
2021-02-03,Tehama,103,63373,4416,4309,470,4779,21
2021-02-03,Trinity,105,12862,445,260,66,326,3
2021-02-03,Tulare,107,460477,46404,44838,7131,51969,640
2021-02-03,Tuolumne,109,53932,3548,3568,31,3599,45
2021-02-03,Ventura,111,848112,73808,72124,2610,74734,526
2021-02-03,Yolo,113,214977,12316,11933,193,12126,161
2021-02-03,Yuba,115,75493,5236,5124,77,5201,34
2021-02-02,Alameda,001,1643700,76469,74642,1623,76265,869
2021-02-02,Alpine,003,1148,73,72,0,72,0
2021-02-02,Amador,005,37829,3315,3275,27,3302,33
2021-02-02,Butte,007,227075,10856,10307,1516,11823,141
2021-02-02,Calaveras,009,45235,1824,1786,11,1797,21
2021-02-02,Colusa,011,21464,1792,1769,225,1994,9
2021-02-02,Contra Costa,013,1133247,59473,57551,996,58547,536
2021-02-02,Del Norte,015,27424,899,868,4,872,2
2021-02-02,El Dorado,017,186661,8703,8405,565,8970,84
2021-02-02,Fresno,019,978130,92393,89542,7149,96691,1009
2021-02-02,Glenn,021,27897,2158,2090,458,2548,14
2021-02-02,Humboldt,023,135768,2894,2784,19,2803,25
2021-02-02,Imperial,025,180216,26748,26317,2517,28834,535
2021-02-02,Inyo,027,18085,1130,1074,8,1082,27
2021-02-02,Kern,029,883053,89574,86485,8808,95293,867
2021-02-02,Kings,031,150075,21426,20785,904,21689,172
2021-02-02,Lake,033,64148,2944,2857,1,2858,33
2021-02-02,Lassen,035,31185,4994,4908,88,4996,1
2021-02-02,Los Angeles,037,10098052,1135263,1097573,37319,1134892,16913
2021-02-02,Madera,039,155013,14966,14595,739,15334,94
2021-02-02,Marin,041,260295,12590,12367,151,12518,189
2021-02-02,Mariposa,043,17540,362,345,3,348,4
2021-02-02,Mendocino,045,87422,3392,3210,64,3274,38
2021-02-02,Merced,047,269075,26771,26427,762,27189,340
2021-02-02,Modoc,049,8938,325,306,107,413,3
2021-02-02,Mono,051,14174,1142,1147,16,1163,3
2021-02-02,Monterey,053,433212,40322,39371,1477,40848,278
2021-02-02,Napa,055,140530,8645,8505,33,8538,53
2021-02-02,Nevada,057,99092,3730,3548,148,3696,20
2021-02-02,Orange,059,3164182,238658,233783,9674,243457,3152
2021-02-02,Placer,061,380077,19643,18615,1016,19631,205
2021-02-02,Plumas,063,18699,625,560,10,570,2
2021-02-02,Riverside,065,2383286,276684,267901,13008,280909,3169
2021-02-02,Sacramento,067,1510023,89320,87107,1119,88226,1202
2021-02-02,San Benito,069,59416,5511,5444,75,5519,50
2021-02-02,San Bernardino,071,2135413,279116,270486,8223,278709,2244
2021-02-02,San Diego,073,3302833,251819,240047,11976,252023,2629
2021-02-02,San Francisco,075,870044,32396,31788,917,32705,324
2021-02-02,San Joaquin,077,732212,63659,61708,2566,64274,878
2021-02-02,San Luis Obispo,079,281455,18564,17811,496,18307,201
2021-02-02,San Mateo,081,765935,37606,36004,365,36369,225
2021-02-02,Santa Barbara,083,443738,30134,28951,988,29939,304
2021-02-02,Santa Clara,085,1922200,104614,102872,491,103363,1349
2021-02-02,Santa Cruz,087,273765,14692,13572,717,14289,150
2021-02-02,Shasta,089,179085,10485,10371,1108,11479,128
2021-02-02,Sierra,091,2930,49,42,12,54,0
2021-02-02,Siskiyou,093,43540,1356,1252,205,1457,4
2021-02-02,Solano,095,438530,28538,27963,327,28290,118
2021-02-02,Sonoma,097,501317,26405,26054,146,26200,247
2021-02-02,Stanislaus,099,539301,47887,46306,4945,51251,641
2021-02-02,Sutter,101,95872,8510,8340,78,8418,89
2021-02-02,Tehama,103,63373,4403,4289,469,4758,21
2021-02-02,Trinity,105,12862,445,260,66,326,3
2021-02-02,Tulare,107,460477,46248,44720,7065,51785,625
2021-02-02,Tuolumne,109,53932,3536,3548,31,3579,39
2021-02-02,Ventura,111,848112,73390,71557,2600,74157,514
2021-02-02,Yolo,113,214977,12270,11886,186,12072,158
2021-02-02,Yuba,115,75493,5218,5111,77,5188,34
2021-02-01,Alameda,001,1643700,76114,74374,1618,75992,858
2021-02-01,Alpine,003,1148,73,72,0,72,0
2021-02-01,Amador,005,37829,3304,3234,27,3261,32
2021-02-01,Butte,007,227075,10814,10263,1512,11775,141
2021-02-01,Calaveras,009,45235,1816,1785,11,1796,21
2021-02-01,Colusa,011,21464,1787,1763,216,1979,9
2021-02-01,Contra Costa,013,1133247,59228,57324,995,58319,531
2021-02-01,Del Norte,015,27424,896,865,4,869,2
2021-02-01,El Dorado,017,186661,8664,8337,565,8902,83
2021-02-01,Fresno,019,978130,92061,89272,7114,96386,994
2021-02-01,Glenn,021,27897,2141,2086,449,2535,14
2021-02-01,Humboldt,023,135768,2872,2773,18,2791,25
2021-02-01,Imperial,025,180216,26705,26224,2515,28739,530
2021-02-01,Inyo,027,18085,1120,1072,8,1080,27
2021-02-01,Kern,029,883053,89177,86170,8739,94909,862
2021-02-01,Kings,031,150075,21335,20746,896,21642,172
2021-02-01,Lake,033,64148,2928,2843,1,2844,33
2021-02-01,Lassen,035,31185,4974,4907,88,4995,1
2021-02-01,Los Angeles,037,10098052,1131441,1094341,37149,1131490,16695
2021-02-01,Madera,039,155013,14931,14572,736,15308,94
2021-02-01,Marin,041,260295,12550,12341,150,12491,188
2021-02-01,Mariposa,043,17540,360,344,3,347,4
2021-02-01,Mendocino,045,87422,3359,3192,64,3256,37
2021-02-01,Merced,047,269075,26645,26282,753,27035,337
2021-02-01,Modoc,049,8938,319,303,103,406,1
2021-02-01,Mono,051,14174,1139,1145,16,1161,3
2021-02-01,Monterey,053,433212,40141,39196,1455,40651,278
2021-02-01,Napa,055,140530,8613,8449,33,8482,52
2021-02-01,Nevada,057,99092,3713,3535,147,3682,20
2021-02-01,Orange,059,3164182,237747,233155,9628,242783,3100
2021-02-01,Placer,061,380077,19577,18574,1009,19583,204
2021-02-01,Plumas,063,18699,623,554,10,564,2
2021-02-01,Riverside,065,2383286,275744,267025,12971,279996,3092
2021-02-01,Sacramento,067,1510023,88919,86856,1108,87964,1193
2021-02-01,San Benito,069,59416,5493,5432,75,5507,48
2021-02-01,San Bernardino,071,2135413,278422,270012,8183,278195,2172
2021-02-01,San Diego,073,3302833,250595,239121,11900,251021,2619
2021-02-01,San Francisco,075,870044,32262,31703,905,32608,324
2021-02-01,San Joaquin,077,732212,63454,61542,2555,64097,877
2021-02-01,San Luis Obispo,079,281455,18444,17690,489,18179,199
2021-02-01,San Mateo,081,765935,37457,35843,365,36208,220
2021-02-01,Santa Barbara,083,443738,29964,28837,980,29817,297
2021-02-01,Santa Clara,085,1922200,104199,102462,490,102952,1343
2021-02-01,Santa Cruz,087,273765,14639,13524,715,14239,149
2021-02-01,Shasta,089,179085,10460,10329,1102,11431,112
2021-02-01,Sierra,091,2930,49,42,12,54,0
2021-02-01,Siskiyou,093,43540,1349,1238,202,1440,4
2021-02-01,Solano,095,438530,28433,27844,326,28170,117
2021-02-01,Sonoma,097,501317,26317,26011,145,26156,243
2021-02-01,Stanislaus,099,539301,47628,46112,4917,51029,642
2021-02-01,Sutter,101,95872,8471,8313,78,8391,89
2021-02-01,Tehama,103,63373,4380,4263,469,4732,21
2021-02-01,Trinity,105,12862,443,260,66,326,3
2021-02-01,Tulare,107,460477,46104,44569,6984,51553,618
2021-02-01,Tuolumne,109,53932,3528,3534,31,3565,39
2021-02-01,Ventura,111,848112,72984,71104,2584,73688,502
2021-02-01,Yolo,113,214977,12225,11824,178,12002,151
2021-02-01,Yuba,115,75493,5204,5084,76,5160,33
2021-01-31,Alameda,001,1643700,75689,73979,1610,75589,857
2021-01-31,Alpine,003,1148,73,72,0,72,0
2021-01-31,Amador,005,37829,3294,3212,25,3237,32
2021-01-31,Butte,007,227075,10772,10215,1501,11716,140
2021-01-31,Calaveras,009,45235,1796,1778,11,1789,21
2021-01-31,Colusa,011,21464,1780,1754,211,1965,9
2021-01-31,Contra Costa,013,1133247,58897,57079,995,58074,531
2021-01-31,Del Norte,015,27424,894,865,4,869,2
2021-01-31,El Dorado,017,186661,8628,8317,563,8880,83
2021-01-31,Fresno,019,978130,91749,88852,7060,95912,994
2021-01-31,Glenn,021,27897,2130,2083,448,2531,14
2021-01-31,Humboldt,023,135768,2856,2767,18,2785,25
2021-01-31,Imperial,025,180216,26633,26206,2506,28712,530
2021-01-31,Inyo,027,18085,1107,1072,8,1080,27
2021-01-31,Kern,029,883053,88681,85872,8653,94525,861
2021-01-31,Kings,031,150075,21250,20709,884,21593,172
2021-01-31,Lake,033,64148,2907,2826,1,2827,33
2021-01-31,Lassen,035,31185,4958,4900,88,4988,1
2021-01-31,Los Angeles,037,10098052,1126816,1090304,36945,1127249,16609
2021-01-31,Madera,039,155013,14877,14496,728,15224,94
2021-01-31,Marin,041,260295,12503,12297,146,12443,185
2021-01-31,Mariposa,043,17540,358,344,3,347,4
2021-01-31,Mendocino,045,87422,3336,3181,63,3244,37
2021-01-31,Merced,047,269075,26501,26222,748,26970,337
2021-01-31,Modoc,049,8938,316,304,101,405,1
2021-01-31,Mono,051,14174,1136,1146,16,1162,3
2021-01-31,Monterey,053,433212,39960,39035,1428,40463,278
2021-01-31,Napa,055,140530,8571,8404,33,8437,52
2021-01-31,Nevada,057,99092,3691,3518,145,3663,20
2021-01-31,Orange,059,3164182,236729,232347,9587,241934,3053
2021-01-31,Placer,061,380077,19500,18506,998,19504,204
2021-01-31,Plumas,063,18699,622,554,10,564,2
2021-01-31,Riverside,065,2383286,274732,266145,12924,279069,3074
2021-01-31,Sacramento,067,1510023,88476,86560,1094,87654,1186
2021-01-31,San Benito,069,59416,5471,5425,73,5498,48
2021-01-31,San Bernardino,071,2135413,277393,269533,8152,277685,2156
2021-01-31,San Diego,073,3302833,249282,238039,11786,249825,2619
2021-01-31,San Francisco,075,870044,32071,31563,894,32457,323
2021-01-31,San Joaquin,077,732212,63052,61379,2545,63924,877
2021-01-31,San Luis Obispo,079,281455,18310,17615,484,18099,199
2021-01-31,San Mateo,081,765935,37267,35659,362,36021,219
2021-01-31,Santa Barbara,083,443738,29720,28570,971,29541,297
2021-01-31,Santa Clara,085,1922200,103651,101986,481,102467,1330
2021-01-31,Santa Cruz,087,273765,14544,13469,701,14170,149
2021-01-31,Shasta,089,179085,10415,10313,1093,11406,112
2021-01-31,Sierra,091,2930,48,43,12,55,0
2021-01-31,Siskiyou,093,43540,1339,1238,202,1440,4
2021-01-31,Solano,095,438530,28303,27678,326,28004,118
2021-01-31,Sonoma,097,501317,26214,25925,144,26069,243
2021-01-31,Stanislaus,099,539301,47342,45971,4880,50851,642
2021-01-31,Sutter,101,95872,8426,8289,78,8367,89
2021-01-31,Tehama,103,63373,4360,4256,468,4724,21
2021-01-31,Trinity,105,12862,441,260,66,326,3
2021-01-31,Tulare,107,460477,45937,44440,6903,51343,618
2021-01-31,Tuolumne,109,53932,3490,3519,31,3550,39
2021-01-31,Ventura,111,848112,72389,70635,2571,73206,502
2021-01-31,Yolo,113,214977,12164,11771,172,11943,151
2021-01-31,Yuba,115,75493,5184,5071,75,5146,33
2021-01-30,Alameda,001,1643700,75484,73622,1605,75227,850
2021-01-30,Alpine,003,1148,73,72,0,72,0
2021-01-30,Amador,005,37829,3290,3181,25,3206,32
2021-01-30,Butte,007,227075,10737,10177,1492,11669,139
2021-01-30,Calaveras,009,45235,1782,1763,11,1774,21
2021-01-30,Colusa,011,21464,1778,1748,211,1959,9
2021-01-30,Contra Costa,013,1133247,58713,56763,991,57754,531
2021-01-30,Del Norte,015,27424,893,865,4,869,2
2021-01-30,El Dorado,017,186661,8608,8299,562,8861,83
2021-01-30,Fresno,019,978130,91569,88476,7040,95516,964
2021-01-30,Glenn,021,27897,2127,2074,446,2520,14
2021-01-30,Humboldt,023,135768,2845,2742,18,2760,24
2021-01-30,Imperial,025,180216,26611,26160,2504,28664,530
2021-01-30,Inyo,027,18085,1103,1068,8,1076,27
2021-01-30,Kern,029,883053,88480,85572,8587,94159,848
2021-01-30,Kings,031,150075,21179,20605,879,21484,169
2021-01-30,Lake,033,64148,2901,2809,1,2810,33
2021-01-30,Lassen,035,31185,4954,4890,88,4978,1
2021-01-30,Los Angeles,037,10098052,1124417,1084763,36802,1121565,16484
2021-01-30,Madera,039,155013,14835,14443,723,15166,94
2021-01-30,Marin,041,260295,12475,12225,145,12370,185
2021-01-30,Mariposa,043,17540,356,344,3,347,4
2021-01-30,Mendocino,045,87422,3322,3153,62,3215,36
2021-01-30,Merced,047,269075,26426,26078,747,26825,335
2021-01-30,Modoc,049,8938,316,303,101,404,1
2021-01-30,Mono,051,14174,1136,1143,16,1159,3
2021-01-30,Monterey,053,433212,39900,38847,1425,40272,277
2021-01-30,Napa,055,140530,8555,8342,33,8375,52
2021-01-30,Nevada,057,99092,3672,3499,145,3644,20
2021-01-30,Orange,059,3164182,236185,231358,9550,240908,3013
2021-01-30,Placer,061,380077,19448,18430,992,19422,205
2021-01-30,Plumas,063,18699,620,554,10,564,2
2021-01-30,Riverside,065,2383286,274133,265137,12893,278030,3061
2021-01-30,Sacramento,067,1510023,88283,86388,1089,87477,1184
2021-01-30,San Benito,069,59416,5453,5401,72,5473,48
2021-01-30,San Bernardino,071,2135413,276973,268660,8133,276793,2122
2021-01-30,San Diego,073,3302833,248517,236765,11741,248506,2603
2021-01-30,San Francisco,075,870044,31970,31427,891,32318,316
2021-01-30,San Joaquin,077,732212,62920,61120,2536,63656,864
2021-01-30,San Luis Obispo,079,281455,18230,17522,482,18004,198
2021-01-30,San Mateo,081,765935,37128,35451,361,35812,219
2021-01-30,Santa Barbara,083,443738,29578,28342,969,29311,296
2021-01-30,Santa Clara,085,1922200,103305,101471,478,101949,1307
2021-01-30,Santa Cruz,087,273765,14504,13383,700,14083,149
2021-01-30,Shasta,089,179085,10396,10283,1090,11373,112
2021-01-30,Sierra,091,2930,48,43,12,55,0
2021-01-30,Siskiyou,093,43540,1336,1236,201,1437,4
2021-01-30,Solano,095,438530,28220,27511,324,27835,118
2021-01-30,Sonoma,097,501317,26166,25810,141,25951,243
2021-01-30,Stanislaus,099,539301,47213,45697,4856,50553,642
2021-01-30,Sutter,101,95872,8410,8226,78,8304,87
2021-01-30,Tehama,103,63373,4346,4229,467,4696,21
2021-01-30,Trinity,105,12862,441,259,66,325,3
2021-01-30,Tulare,107,460477,45801,44203,6866,51069,615
2021-01-30,Tuolumne,109,53932,3486,3508,31,3539,36
2021-01-30,Ventura,111,848112,72076,69931,2557,72488,493
2021-01-30,Yolo,113,214977,12150,11698,171,11869,151
2021-01-30,Yuba,115,75493,5174,5042,74,5116,33
2021-01-29,Alameda,001,1643700,75216,73210,1598,74808,841
2021-01-29,Alpine,003,1148,73,72,0,72,0
2021-01-29,Amador,005,37829,3278,3134,24,3158,32
2021-01-29,Butte,007,227075,10706,10122,1482,11604,138
2021-01-29,Calaveras,009,45235,1772,1757,11,1768,21
2021-01-29,Colusa,011,21464,1774,1734,210,1944,8
2021-01-29,Contra Costa,013,1133247,58541,56318,989,57307,529
2021-01-29,Del Norte,015,27424,892,865,4,869,2
2021-01-29,El Dorado,017,186661,8591,8231,561,8792,83
2021-01-29,Fresno,019,978130,91354,87936,7002,94938,962
2021-01-29,Glenn,021,27897,2122,2061,445,2506,14
2021-01-29,Humboldt,023,135768,2832,2707,18,2725,24
2021-01-29,Imperial,025,180216,26596,26045,2501,28546,521
2021-01-29,Inyo,027,18085,1091,1048,8,1056,27
2021-01-29,Kern,029,883053,88253,85044,8535,93579,836
2021-01-29,Kings,031,150075,21140,20466,874,21340,169
2021-01-29,Lake,033,64148,2892,2792,1,2793,32
2021-01-29,Lassen,035,31185,4951,4874,88,4962,1
2021-01-29,Los Angeles,037,10098052,1120928,1078329,36648,1114977,16190
2021-01-29,Madera,039,155013,14784,14377,723,15100,94
2021-01-29,Marin,041,260295,12432,12145,144,12289,185
2021-01-29,Mariposa,043,17540,355,342,3,345,4
2021-01-29,Mendocino,045,87422,3313,3131,61,3192,36
2021-01-29,Merced,047,269075,26351,25865,743,26608,334
2021-01-29,Modoc,049,8938,315,297,101,398,1
2021-01-29,Mono,051,14174,1134,1139,16,1155,3
2021-01-29,Monterey,053,433212,39780,38539,1417,39956,277
2021-01-29,Napa,055,140530,8524,8276,33,8309,52
2021-01-29,Nevada,057,99092,3663,3487,144,3631,20
2021-01-29,Orange,059,3164182,235507,229917,9512,239429,2967
2021-01-29,Placer,061,380077,19395,18367,988,19355,203
2021-01-29,Plumas,063,18699,619,548,10,558,2
2021-01-29,Riverside,065,2383286,273330,263504,12860,276364,3008
2021-01-29,Sacramento,067,1510023,88028,86320,1085,87405,1169
2021-01-29,San Benito,069,59416,5445,5386,72,5458,48
2021-01-29,San Bernardino,071,2135413,276457,267490,8093,275583,2095
2021-01-29,San Diego,073,3302833,247575,234637,11663,246300,2571
2021-01-29,San Francisco,075,870044,31831,31294,883,32177,307
2021-01-29,San Joaquin,077,732212,62775,60899,2521,63420,858
2021-01-29,San Luis Obispo,079,281455,18170,17440,477,17917,193
2021-01-29,San Mateo,081,765935,36994,35223,358,35581,218
2021-01-29,Santa Barbara,083,443738,29444,28105,963,29068,291
2021-01-29,Santa Clara,085,1922200,102942,101010,476,101486,1273
2021-01-29,Santa Cruz,087,273765,14451,13311,697,14008,148
2021-01-29,Shasta,089,179085,10379,10220,1086,11306,112
2021-01-29,Sierra,091,2930,48,43,12,55,0
2021-01-29,Siskiyou,093,43540,1335,1227,201,1428,4
2021-01-29,Solano,095,438530,28135,27352,322,27674,116
2021-01-29,Sonoma,097,501317,26110,25710,140,25850,243
2021-01-29,Stanislaus,099,539301,47065,45466,4837,50303,642
2021-01-29,Sutter,101,95872,8391,8181,78,8259,87
2021-01-29,Tehama,103,63373,4333,4191,465,4656,20
2021-01-29,Trinity,105,12862,441,260,66,326,3
2021-01-29,Tulare,107,460477,45694,43925,6827,50752,606
2021-01-29,Tuolumne,109,53932,3476,3483,31,3514,36
2021-01-29,Ventura,111,848112,71652,69511,2543,72054,484
2021-01-29,Yolo,113,214977,12112,11612,170,11782,151
2021-01-29,Yuba,115,75493,5158,5018,74,5092,32
2021-01-28,Alameda,001,1643700,74790,72758,1590,74348,833
2021-01-28,Alpine,003,1148,73,72,0,72,0
2021-01-28,Amador,005,37829,3241,3124,24,3148,31
2021-01-28,Butte,007,227075,10666,10037,1471,11508,138
2021-01-28,Calaveras,009,45235,1758,1747,10,1757,21
2021-01-28,Colusa,011,21464,1767,1731,206,1937,8
2021-01-28,Contra Costa,013,1133247,58297,55999,979,56978,525
2021-01-28,Del Norte,015,27424,891,862,4,866,2
2021-01-28,El Dorado,017,186661,8577,8198,556,8754,79
2021-01-28,Fresno,019,978130,91066,87401,6953,94354,949
2021-01-28,Glenn,021,27897,2117,2043,439,2482,14
2021-01-28,Humboldt,023,135768,2815,2686,18,2704,24
2021-01-28,Imperial,025,180216,26551,25984,2494,28478,517
2021-01-28,Inyo,027,18085,1086,1039,8,1047,27
2021-01-28,Kern,029,883053,87922,84708,8451,93159,817
2021-01-28,Kings,031,150075,21080,20328,870,21198,167
2021-01-28,Lake,033,64148,2877,2772,1,2773,32
2021-01-28,Lassen,035,31185,4945,4865,88,4953,1
2021-01-28,Los Angeles,037,10098052,1117019,1072412,36460,1108872,15967
2021-01-28,Madera,039,155013,14728,14301,719,15020,94
2021-01-28,Marin,041,260295,12379,12079,143,12222,183
2021-01-28,Mariposa,043,17540,355,334,3,337,4
2021-01-28,Mendocino,045,87422,3296,3110,61,3171,36
2021-01-28,Merced,047,269075,26226,25620,735,26355,328
2021-01-28,Modoc,049,8938,314,297,101,398,0
2021-01-28,Mono,051,14174,1132,1131,16,1147,3
2021-01-28,Monterey,053,433212,39579,38312,1399,39711,274
2021-01-28,Napa,055,140530,8477,8233,33,8266,50
2021-01-28,Nevada,057,99092,3648,3452,143,3595,19
2021-01-28,Orange,059,3164182,234528,228636,9482,238118,2860
2021-01-28,Placer,061,380077,19334,18246,985,19231,198
2021-01-28,Plumas,063,18699,618,547,10,557,2
2021-01-28,Riverside,065,2383286,272549,262342,12812,275154,2981
2021-01-28,Sacramento,067,1510023,87665,85698,1074,86772,1149
2021-01-28,San Benito,069,59416,5427,5344,71,5415,47
2021-01-28,San Bernardino,071,2135413,275761,266456,8072,274528,2057
2021-01-28,San Diego,073,3302833,246423,232967,11574,244541,2534
2021-01-28,San Francisco,075,870044,31694,31193,867,32060,290
2021-01-28,San Joaquin,077,732212,62510,60627,2506,63133,854
2021-01-28,San Luis Obispo,079,281455,18070,17279,475,17754,189
2021-01-28,San Mateo,081,765935,36825,34931,342,35273,218
2021-01-28,Santa Barbara,083,443738,29220,27674,950,28624,284
2021-01-28,Santa Clara,085,1922200,102474,100470,474,100944,1219
2021-01-28,Santa Cruz,087,273765,14362,13188,691,13879,145
2021-01-28,Shasta,089,179085,10345,10176,1078,11254,110
2021-01-28,Sierra,091,2930,48,43,12,55,0
2021-01-28,Siskiyou,093,43540,1328,1218,199,1417,4
2021-01-28,Solano,095,438530,27975,27163,321,27484,114
2021-01-28,Sonoma,097,501317,26019,25564,140,25704,236
2021-01-28,Stanislaus,099,539301,46848,45162,4815,49977,640
2021-01-28,Sutter,101,95872,8343,8136,78,8214,85
2021-01-28,Tehama,103,63373,4313,4163,462,4625,20
2021-01-28,Trinity,105,12862,439,260,66,326,3
2021-01-28,Tulare,107,460477,45537,43742,6749,50491,595
2021-01-28,Tuolumne,109,53932,3462,3472,31,3503,32
2021-01-28,Ventura,111,848112,71139,68896,2526,71422,475
2021-01-28,Yolo,113,214977,12070,11500,165,11665,151
2021-01-28,Yuba,115,75493,5142,4994,73,5067,32
2021-01-27,Alameda,001,1643700,74366,72188,1582,73770,815
2021-01-27,Alpine,003,1148,73,72,0,72,0
2021-01-27,Amador,005,37829,3225,3116,24,3140,31
2021-01-27,Butte,007,227075,10627,9988,1459,11447,138
2021-01-27,Calaveras,009,45235,1749,1737,10,1747,21
2021-01-27,Colusa,011,21464,1761,1724,204,1928,8
2021-01-27,Contra Costa,013,1133247,57998,55578,976,56554,507
2021-01-27,Del Norte,015,27424,890,859,4,863,2
2021-01-27,El Dorado,017,186661,8551,8141,555,8696,76
2021-01-27,Fresno,019,978130,90775,86886,6911,93797,938
2021-01-27,Glenn,021,27897,2113,2042,438,2480,14
2021-01-27,Humboldt,023,135768,2793,2630,18,2648,24
2021-01-27,Imperial,025,180216,26497,25861,2478,28339,504
2021-01-27,Inyo,027,18085,1082,1023,8,1031,27
2021-01-27,Kern,029,883053,87609,84244,8381,92625,809
2021-01-27,Kings,031,150075,20974,20211,862,21073,167
2021-01-27,Lake,033,64148,2857,2750,1,2751,32
2021-01-27,Lassen,035,31185,4939,4851,88,4939,1
2021-01-27,Los Angeles,037,10098052,1112213,1066569,36249,1102818,15757
2021-01-27,Madera,039,155013,14687,14194,714,14908,86
2021-01-27,Marin,041,260295,12342,12028,142,12170,180
2021-01-27,Mariposa,043,17540,355,333,3,336,4
2021-01-27,Mendocino,045,87422,3276,3095,61,3156,36
2021-01-27,Merced,047,269075,26067,25439,724,26163,315
2021-01-27,Modoc,049,8938,314,297,98,395,0
2021-01-27,Mono,051,14174,1130,1131,16,1147,3
2021-01-27,Monterey,053,433212,39374,38139,1380,39519,268
2021-01-27,Napa,055,140530,8404,8187,33,8220,46
2021-01-27,Nevada,057,99092,3626,3431,143,3574,18
2021-01-27,Orange,059,3164182,233408,227110,9428,236538,2832
2021-01-27,Placer,061,380077,19262,18106,974,19080,198
2021-01-27,Plumas,063,18699,618,544,10,554,2
2021-01-27,Riverside,065,2383286,271348,260796,12760,273556,2931
2021-01-27,Sacramento,067,1510023,87304,85428,1063,86491,1142
2021-01-27,San Benito,069,59416,5412,5284,71,5355,47
2021-01-27,San Bernardino,071,2135413,274907,265153,8041,273194,2019
2021-01-27,San Diego,073,3302833,245094,231478,11469,242947,2465
2021-01-27,San Francisco,075,870044,31550,31082,860,31942,287
2021-01-27,San Joaquin,077,732212,62241,60131,2483,62614,853
2021-01-27,San Luis Obispo,079,281455,17963,17119,471,17590,188
2021-01-27,San Mateo,081,765935,36670,34619,339,34958,216
2021-01-27,Santa Barbara,083,443738,29043,27435,944,28379,282
2021-01-27,Santa Clara,085,1922200,102070,99732,470,100202,1184
2021-01-27,Santa Cruz,087,273765,14292,13111,688,13799,143
2021-01-27,Shasta,089,179085,10311,10106,1072,11178,105
2021-01-27,Sierra,091,2930,48,44,12,56,0
2021-01-27,Siskiyou,093,43540,1322,1214,196,1410,4
2021-01-27,Solano,095,438530,27798,26982,314,27296,112
2021-01-27,Sonoma,097,501317,25920,25361,136,25497,237
2021-01-27,Stanislaus,099,539301,46662,44874,4788,49662,624
2021-01-27,Sutter,101,95872,8298,8093,77,8170,83
2021-01-27,Tehama,103,63373,4288,4133,458,4591,20
2021-01-27,Trinity,105,12862,439,260,66,326,3
2021-01-27,Tulare,107,460477,45349,43462,6678,50140,583
2021-01-27,Tuolumne,109,53932,3452,3464,31,3495,32
2021-01-27,Ventura,111,848112,70665,68291,2501,70792,468
2021-01-27,Yolo,113,214977,12023,11427,161,11588,151
2021-01-27,Yuba,115,75493,5126,4968,73,5041,32
2021-01-26,Alameda,001,1643700,73992,71851,1565,73416,789
2021-01-26,Alpine,003,1148,73,72,0,72,0
2021-01-26,Amador,005,37829,3214,3113,24,3137,31
2021-01-26,Butte,007,227075,10585,9943,1453,11396,136
2021-01-26,Calaveras,009,45235,1739,1723,10,1733,21
2021-01-26,Colusa,011,21464,1754,1719,201,1920,8
2021-01-26,Contra Costa,013,1133247,57717,55337,968,56305,491
2021-01-26,Del Norte,015,27424,889,856,4,860,2
2021-01-26,El Dorado,017,186661,8525,8115,552,8667,71
2021-01-26,Fresno,019,978130,90417,86673,6867,93540,923
2021-01-26,Glenn,021,27897,2103,2034,433,2467,13
2021-01-26,Humboldt,023,135768,2772,2612,17,2629,24
2021-01-26,Imperial,025,180216,26425,25812,2464,28276,498
2021-01-26,Inyo,027,18085,1075,1018,8,1026,27
2021-01-26,Kern,029,883053,87184,83868,8303,92171,790
2021-01-26,Kings,031,150075,20916,20156,857,21013,159
2021-01-26,Lake,033,64148,2848,2748,1,2749,32
2021-01-26,Lassen,035,31185,4933,4844,88,4932,1
2021-01-26,Los Angeles,037,10098052,1106930,1060492,36043,1096535,15458
2021-01-26,Madera,039,155013,14630,14130,708,14838,86
2021-01-26,Marin,041,260295,12297,11993,140,12133,179
2021-01-26,Mariposa,043,17540,353,332,3,335,3
2021-01-26,Mendocino,045,87422,3250,3076,60,3136,36
2021-01-26,Merced,047,269075,25926,25359,717,26076,309
2021-01-26,Modoc,049,8938,307,291,97,388,0
2021-01-26,Mono,051,14174,1128,1120,16,1136,3
2021-01-26,Monterey,053,433212,39180,37963,1359,39322,255
2021-01-26,Napa,055,140530,8347,8145,33,8178,43
2021-01-26,Nevada,057,99092,3619,3410,142,3552,18
2021-01-26,Orange,059,3164182,232285,225987,9383,235370,2760
2021-01-26,Placer,061,380077,19186,18016,972,18988,193
2021-01-26,Plumas,063,18699,616,536,10,546,2
2021-01-26,Riverside,065,2383286,269979,259399,12697,272096,2898
2021-01-26,Sacramento,067,1510023,86946,85062,1056,86118,1127
2021-01-26,San Benito,069,59416,5398,5251,70,5321,45
2021-01-26,San Bernardino,071,2135413,273905,263736,7997,271733,1970
2021-01-26,San Diego,073,3302833,243599,230063,11367,241430,2421
2021-01-26,San Francisco,075,870044,31417,30874,841,31715,286
2021-01-26,San Joaquin,077,732212,61987,59889,2467,62356,847
2021-01-26,San Luis Obispo,079,281455,17882,17016,468,17484,186
2021-01-26,San Mateo,081,765935,36476,34441,328,34769,213
2021-01-26,Santa Barbara,083,443738,28869,27321,932,28253,273
2021-01-26,Santa Clara,085,1922200,101592,99215,466,99681,1171
2021-01-26,Santa Cruz,087,273765,14226,13045,682,13727,134
2021-01-26,Shasta,089,179085,10276,10036,1064,11100,103
2021-01-26,Sierra,091,2930,48,43,12,55,0
2021-01-26,Siskiyou,093,43540,1308,1208,194,1402,4
2021-01-26,Solano,095,438530,27642,26858,308,27166,110
2021-01-26,Sonoma,097,501317,25802,25273,134,25407,236
2021-01-26,Stanislaus,099,539301,46477,44703,4747,49450,599
2021-01-26,Sutter,101,95872,8255,8067,77,8144,83
2021-01-26,Tehama,103,63373,4257,4115,458,4573,20
2021-01-26,Trinity,105,12862,439,260,66,326,3
2021-01-26,Tulare,107,460477,45146,43394,6608,50002,579
2021-01-26,Tuolumne,109,53932,3442,3451,31,3482,30
2021-01-26,Ventura,111,848112,70133,67526,2475,70001,448
2021-01-26,Yolo,113,214977,11978,11361,158,11519,148
2021-01-26,Yuba,115,75493,5101,4944,71,5015,31
2021-01-25,Alameda,001,1643700,73561,71255,1555,72810,780
2021-01-25,Alpine,003,1148,73,72,0,72,0
2021-01-25,Amador,005,37829,3174,3074,24,3098,30
2021-01-25,Butte,007,227075,10519,9865,1445,11310,133
2021-01-25,Calaveras,009,45235,1724,1713,10,1723,21
2021-01-25,Colusa,011,21464,1742,1709,197,1906,8
2021-01-25,Contra Costa,013,1133247,57360,54989,961,55950,488
2021-01-25,Del Norte,015,27424,888,855,4,859,2
2021-01-25,El Dorado,017,186661,8500,8060,552,8612,66
2021-01-25,Fresno,019,978130,90046,86336,6835,93171,913
2021-01-25,Glenn,021,27897,2095,2028,433,2461,13
2021-01-25,Humboldt,023,135768,2738,2587,17,2604,24
2021-01-25,Imperial,025,180216,26375,25745,2456,28201,491
2021-01-25,Inyo,027,18085,1069,1015,8,1023,27
2021-01-25,Kern,029,883053,86788,83401,8216,91617,787
2021-01-25,Kings,031,150075,20796,20067,853,20920,159
2021-01-25,Lake,033,64148,2829,2729,1,2730,32
2021-01-25,Lassen,035,31185,4906,4835,88,4923,1
2021-01-25,Los Angeles,037,10098052,1100974,1055181,35814,1090995,15163
2021-01-25,Madera,039,155013,14576,14068,703,14771,86
2021-01-25,Marin,041,260295,12245,11923,136,12059,177
2021-01-25,Mariposa,043,17540,350,331,3,334,3
2021-01-25,Mendocino,045,87422,3239,3054,60,3114,35
2021-01-25,Merced,047,269075,25787,25181,708,25889,305
2021-01-25,Modoc,049,8938,306,288,93,381,0
2021-01-25,Mono,051,14174,1125,1114,15,1129,3
2021-01-25,Monterey,053,433212,38926,37726,1340,39066,255
2021-01-25,Napa,055,140530,8313,8057,32,8089,43
2021-01-25,Nevada,057,99092,3605,3365,142,3507,18
2021-01-25,Orange,059,3164182,231076,225105,9342,234447,2696
2021-01-25,Placer,061,380077,19099,17936,957,18893,193
2021-01-25,Plumas,063,18699,613,533,10,543,2
2021-01-25,Riverside,065,2383286,268232,258082,12641,270723,2789
2021-01-25,Sacramento,067,1510023,86502,84653,1048,85701,1118
2021-01-25,San Benito,069,59416,5362,5238,69,5307,43
2021-01-25,San Bernardino,071,2135413,272956,263174,7961,271135,1947
2021-01-25,San Diego,073,3302833,241985,228630,11295,239925,2375
2021-01-25,San Francisco,075,870044,31268,30734,818,31552,288
2021-01-25,San Joaquin,077,732212,61692,59291,2442,61733,838
2021-01-25,San Luis Obispo,079,281455,17748,16868,463,17331,179
2021-01-25,San Mateo,081,765935,36242,34187,322,34509,213
2021-01-25,Santa Barbara,083,443738,28634,27065,922,27987,269
2021-01-25,Santa Clara,085,1922200,101022,98647,459,99106,1143
2021-01-25,Santa Cruz,087,273765,14139,12973,677,13650,133
2021-01-25,Shasta,089,179085,10235,9991,1053,11044,103
2021-01-25,Sierra,091,2930,48,42,12,54,0
2021-01-25,Siskiyou,093,43540,1300,1205,191,1396,4
2021-01-25,Solano,095,438530,27473,26648,307,26955,109
2021-01-25,Sonoma,097,501317,25695,25160,132,25292,233
2021-01-25,Stanislaus,099,539301,46231,44293,4703,48996,599
2021-01-25,Sutter,101,95872,8211,8023,77,8100,83
2021-01-25,Tehama,103,63373,4230,4082,454,4536,20
2021-01-25,Trinity,105,12862,439,262,66,328,3
2021-01-25,Tulare,107,460477,44931,43124,6503,49627,578
2021-01-25,Tuolumne,109,53932,3433,3422,31,3453,29
2021-01-25,Ventura,111,848112,69490,66910,2458,69368,439
2021-01-25,Yolo,113,214977,11891,11276,157,11433,140
2021-01-25,Yuba,115,75493,5077,4900,69,4969,31
2021-01-24,Alameda,001,1643700,73054,70823,1544,72367,780
2021-01-24,Alpine,003,1148,73,72,0,72,0
2021-01-24,Amador,005,37829,3141,3054,24,3078,30
2021-01-24,Butte,007,227075,10435,9820,1427,11247,133
2021-01-24,Calaveras,009,45235,1710,1704,10,1714,21
2021-01-24,Colusa,011,21464,1731,1689,191,1880,8
2021-01-24,Contra Costa,013,1133247,56968,54694,948,55642,488
2021-01-24,Del Norte,015,27424,884,855,4,859,2
2021-01-24,El Dorado,017,186661,8465,8003,548,8551,66
2021-01-24,Fresno,019,978130,89609,85808,6796,92604,911
2021-01-24,Glenn,021,27897,2087,2026,431,2457,13
2021-01-24,Humboldt,023,135768,2699,2562,17,2579,24
2021-01-24,Imperial,025,180216,26279,25707,2430,28137,488
2021-01-24,Inyo,027,18085,1053,1007,8,1015,27
2021-01-24,Kern,029,883053,86346,83125,8108,91233,785
2021-01-24,Kings,031,150075,20668,19988,837,20825,159
2021-01-24,Lake,033,64148,2811,2724,0,2724,32
2021-01-24,Lassen,035,31185,4895,4828,85,4913,1
2021-01-24,Los Angeles,037,10098052,1094574,1048757,35503,1084260,15119
2021-01-24,Madera,039,155013,14486,14000,697,14697,86
2021-01-24,Marin,041,260295,12178,11872,134,12006,177
2021-01-24,Mariposa,043,17540,346,322,3,325,3
2021-01-24,Mendocino,045,87422,3218,3037,59,3096,33
2021-01-24,Merced,047,269075,25575,25047,700,25747,305
2021-01-24,Modoc,049,8938,306,285,93,378,0
2021-01-24,Mono,051,14174,1118,1113,15,1128,3
2021-01-24,Monterey,053,433212,38648,37527,1308,38835,254
2021-01-24,Napa,055,140530,8271,8005,32,8037,43
2021-01-24,Nevada,057,99092,3563,3349,140,3489,18
2021-01-24,Orange,059,3164182,229645,223853,9272,233125,2632
2021-01-24,Placer,061,380077,18984,17839,937,18776,193
2021-01-24,Plumas,063,18699,610,532,10,542,2
2021-01-24,Riverside,065,2383286,266590,256767,12564,269331,2761
2021-01-24,Sacramento,067,1510023,85933,84110,1040,85150,1112
2021-01-24,San Benito,069,59416,5320,5223,66,5289,43
2021-01-24,San Bernardino,071,2135413,271631,262370,7907,270277,1935
2021-01-24,San Diego,073,3302833,240291,227193,11164,238357,2375
2021-01-24,San Francisco,075,870044,31081,30559,796,31355,275
2021-01-24,San Joaquin,077,732212,61264,59021,2426,61447,838
2021-01-24,San Luis Obispo,079,281455,17625,16758,461,17219,179
2021-01-24,San Mateo,081,765935,35997,33956,317,34273,213
2021-01-24,Santa Barbara,083,443738,28318,26735,912,27647,269
2021-01-24,Santa Clara,085,1922200,100375,98103,454,98557,1109
2021-01-24,Santa Cruz,087,273765,14053,12905,669,13574,133
2021-01-24,Shasta,089,179085,10164,9978,1044,11022,103
2021-01-24,Sierra,091,2930,47,42,12,54,0
2021-01-24,Siskiyou,093,43540,1293,1195,191,1386,4
2021-01-24,Solano,095,438530,27284,26515,303,26818,109
2021-01-24,Sonoma,097,501317,25532,25045,131,25176,233
2021-01-24,Stanislaus,099,539301,45920,44031,4643,48674,599
2021-01-24,Sutter,101,95872,8142,7980,77,8057,83
2021-01-24,Tehama,103,63373,4191,4062,447,4509,20
2021-01-24,Trinity,105,12862,439,262,66,328,3
2021-01-24,Tulare,107,460477,44712,43006,6410,49416,577
2021-01-24,Tuolumne,109,53932,3423,3416,31,3447,29
2021-01-24,Ventura,111,848112,68776,66347,2433,68780,439
2021-01-24,Yolo,113,214977,11806,11210,153,11363,140
2021-01-24,Yuba,115,75493,5037,4875,68,4943,31
2021-01-23,Alameda,001,1643700,72805,70080,1537,71617,780
2021-01-23,Alpine,003,1148,73,72,0,72,0
2021-01-23,Amador,005,37829,3138,3049,24,3073,30
2021-01-23,Butte,007,227075,10405,9757,1422,11179,133
2021-01-23,Calaveras,009,45235,1707,1695,10,1705,21
2021-01-23,Colusa,011,21464,1727,1672,190,1862,8
2021-01-23,Contra Costa,013,1133247,56754,54162,941,55103,487
2021-01-23,Del Norte,015,27424,883,855,4,859,2
2021-01-23,El Dorado,017,186661,8449,7984,546,8530,66
2021-01-23,Fresno,019,978130,89423,85274,6767,92041,910
2021-01-23,Glenn,021,27897,2084,2015,427,2442,13
2021-01-23,Humboldt,023,135768,2680,2493,16,2509,23
2021-01-23,Imperial,025,180216,26246,25581,2421,28002,487
2021-01-23,Inyo,027,18085,1044,987,8,995,27
2021-01-23,Kern,029,883053,86100,82602,8037,90639,783
2021-01-23,Kings,031,150075,20624,19904,835,20739,159
2021-01-23,Lake,033,64148,2803,2673,0,2673,32
2021-01-23,Lassen,035,31185,4894,4816,82,4898,1
2021-01-23,Los Angeles,037,10098052,1091347,1040961,35347,1076308,15034
2021-01-23,Madera,039,155013,14450,13858,694,14552,86
2021-01-23,Marin,041,260295,12122,11796,132,11928,177
2021-01-23,Mariposa,043,17540,346,323,3,326,3
2021-01-23,Mendocino,045,87422,3204,2991,59,3050,32
2021-01-23,Merced,047,269075,25482,24787,687,25474,303
2021-01-23,Modoc,049,8938,306,285,93,378,0
2021-01-23,Mono,051,14174,1116,1111,15,1126,3
2021-01-23,Monterey,053,433212,38565,37165,1303,38468,253
2021-01-23,Napa,055,140530,8246,7893,32,7925,43
2021-01-23,Nevada,057,99092,3552,3332,139,3471,18
2021-01-23,Orange,059,3164182,228876,221722,9232,230954,2618
2021-01-23,Placer,061,380077,18933,17617,932,18549,193
2021-01-23,Plumas,063,18699,609,528,10,538,2
2021-01-23,Riverside,065,2383286,265690,253636,12511,266147,2733
2021-01-23,Sacramento,067,1510023,85704,83408,1037,84445,1108
2021-01-23,San Benito,069,59416,5296,5166,65,5231,43
2021-01-23,San Bernardino,071,2135413,271086,260381,7875,268256,1922
2021-01-23,San Diego,073,3302833,239230,225556,11092,236648,2344
2021-01-23,San Francisco,075,870044,30976,30308,767,31075,268
2021-01-23,San Joaquin,077,732212,61138,58164,2416,60580,836
2021-01-23,San Luis Obispo,079,281455,17561,16652,458,17110,176
2021-01-23,San Mateo,081,765935,35821,33696,306,34002,213
2021-01-23,Santa Barbara,083,443738,28134,26234,903,27137,264
2021-01-23,Santa Clara,085,1922200,100020,97189,453,97642,1086
2021-01-23,Santa Cruz,087,273765,13995,12771,666,13437,127
2021-01-23,Shasta,089,179085,10134,9951,1043,10994,103
2021-01-23,Sierra,091,2930,47,41,12,53,0
2021-01-23,Siskiyou,093,43540,1283,1190,190,1380,4
2021-01-23,Solano,095,438530,27192,26261,301,26562,107
2021-01-23,Sonoma,097,501317,25452,24790,131,24921,232
2021-01-23,Stanislaus,099,539301,45756,43723,4614,48337,599
2021-01-23,Sutter,101,95872,8124,7943,76,8019,80
2021-01-23,Tehama,103,63373,4172,4006,446,4452,20
2021-01-23,Trinity,105,12862,439,262,66,328,3
2021-01-23,Tulare,107,460477,44559,42661,6350,49011,575
2021-01-23,Tuolumne,109,53932,3416,3407,31,3438,29
2021-01-23,Ventura,111,848112,68328,65581,2410,67991,438
2021-01-23,Yolo,113,214977,11764,11087,149,11236,141
2021-01-23,Yuba,115,75493,5025,4831,67,4898,30
2021-01-22,Alameda,001,1643700,72483,69693,1531,71224,751
2021-01-22,Alpine,003,1148,73,71,0,71,0
2021-01-22,Amador,005,37829,3133,3042,24,3066,30
2021-01-22,Butte,007,227075,10356,9711,1409,11120,133
2021-01-22,Calaveras,009,45235,1698,1672,10,1682,21
2021-01-22,Colusa,011,21464,1725,1668,190,1858,7
2021-01-22,Contra Costa,013,1133247,56516,53887,935,54822,485
2021-01-22,Del Norte,015,27424,882,852,4,856,2
2021-01-22,El Dorado,017,186661,8415,7877,543,8420,64
2021-01-22,Fresno,019,978130,89082,84744,6739,91483,892
2021-01-22,Glenn,021,27897,2079,1985,421,2406,13
2021-01-22,Humboldt,023,135768,2656,2452,16,2468,23
2021-01-22,Imperial,025,180216,26211,25562,2406,27968,474
2021-01-22,Inyo,027,18085,1033,961,8,969,26
2021-01-22,Kern,029,883053,85800,82101,7963,90064,771
2021-01-22,Kings,031,150075,20548,19760,831,20591,159
2021-01-22,Lake,033,64148,2791,2681,0,2681,32
2021-01-22,Lassen,035,31185,4885,4765,81,4846,1
2021-01-22,Los Angeles,037,10098052,1086887,1031177,35157,1066334,14777
2021-01-22,Madera,039,155013,14389,13781,693,14474,86
2021-01-22,Marin,041,260295,12085,11769,130,11899,177
2021-01-22,Mariposa,043,17540,346,323,3,326,3
2021-01-22,Mendocino,045,87422,3179,2994,58,3052,32
2021-01-22,Merced,047,269075,25359,24616,679,25295,290
2021-01-22,Modoc,049,8938,306,285,93,378,0
2021-01-22,Mono,051,14174,1116,1108,15,1123,3
2021-01-22,Monterey,053,433212,38411,36909,1298,38207,253
2021-01-22,Napa,055,140530,8200,7828,32,7860,40
2021-01-22,Nevada,057,99092,3527,3296,138,3434,18
2021-01-22,Orange,059,3164182,227923,220384,9185,229569,2542
2021-01-22,Placer,061,380077,18876,17636,917,18553,193
2021-01-22,Plumas,063,18699,607,522,10,532,2
2021-01-22,Riverside,065,2383286,264539,252440,12445,264885,2710
2021-01-22,Sacramento,067,1510023,85378,82861,1029,83890,1094
2021-01-22,San Benito,069,59416,5270,5143,65,5208,43
2021-01-22,San Bernardino,071,2135413,270264,259121,7842,266963,1849
2021-01-22,San Diego,073,3302833,237990,222576,11027,233603,2301
2021-01-22,San Francisco,075,870044,30863,30027,750,30777,266
2021-01-22,San Joaquin,077,732212,60956,58485,2403,60888,812
2021-01-22,San Luis Obispo,079,281455,17472,16336,455,16791,172
2021-01-22,San Mateo,081,765935,35599,33401,303,33704,211
2021-01-22,Santa Barbara,083,443738,27933,25989,892,26881,256
2021-01-22,Santa Clara,085,1922200,99580,96435,450,96885,1062
2021-01-22,Santa Cruz,087,273765,13937,12687,662,13349,123
2021-01-22,Shasta,089,179085,10115,9866,1041,10907,103
2021-01-22,Sierra,091,2930,47,40,12,52,0
2021-01-22,Siskiyou,093,43540,1279,1182,188,1370,4
2021-01-22,Solano,095,438530,27102,26048,299,26347,107
2021-01-22,Sonoma,097,501317,25367,24659,131,24790,232
2021-01-22,Stanislaus,099,539301,45599,43489,4581,48070,599
2021-01-22,Sutter,101,95872,8099,7878,76,7954,80
2021-01-22,Tehama,103,63373,4154,3993,445,4438,19
2021-01-22,Trinity,105,12862,438,263,66,329,3
2021-01-22,Tulare,107,460477,44379,42307,6280,48587,573
2021-01-22,Tuolumne,109,53932,3388,3379,31,3410,29
2021-01-22,Ventura,111,848112,67821,64404,2392,66796,426
2021-01-22,Yolo,113,214977,11730,11014,141,11155,141
2021-01-22,Yuba,115,75493,5001,4789,65,4854,29
2021-01-21,Alameda,001,1643700,72050,69314,1514,70828,739
2021-01-21,Alpine,003,1148,73,71,0,71,0
2021-01-21,Amador,005,37829,3111,3038,24,3062,29
2021-01-21,Butte,007,227075,10286,9643,1402,11045,130
2021-01-21,Calaveras,009,45235,1691,1647,10,1657,21
2021-01-21,Colusa,011,21464,1718,1662,187,1849,7
2021-01-21,Contra Costa,013,1133247,56098,53595,921,54516,478
2021-01-21,Del Norte,015,27424,880,850,3,853,2
2021-01-21,El Dorado,017,186661,8366,7823,540,8363,58
2021-01-21,Fresno,019,978130,88677,84137,6699,90836,889
2021-01-21,Glenn,021,27897,2072,1964,416,2380,13
2021-01-21,Humboldt,023,135768,2633,2423,16,2439,23
2021-01-21,Imperial,025,180216,26119,25509,2392,27901,463
2021-01-21,Inyo,027,18085,1024,946,8,954,26
2021-01-21,Kern,029,883053,85387,81328,7845,89173,769
2021-01-21,Kings,031,150075,20477,19633,813,20446,158
2021-01-21,Lake,033,64148,2775,2669,0,2669,32
2021-01-21,Lassen,035,31185,4878,4763,81,4844,1
2021-01-21,Los Angeles,037,10098052,1080227,1023055,34838,1057893,14537
2021-01-21,Madera,039,155013,14321,13664,685,14349,86
2021-01-21,Marin,041,260295,12029,11732,128,11860,173
2021-01-21,Mariposa,043,17540,342,322,3,325,3
2021-01-21,Mendocino,045,87422,3156,2967,56,3023,32
2021-01-21,Merced,047,269075,25204,24426,673,25099,245
2021-01-21,Modoc,049,8938,303,284,92,376,0
2021-01-21,Mono,051,14174,1111,1104,15,1119,3
2021-01-21,Monterey,053,433212,38134,36149,1288,37437,253
2021-01-21,Napa,055,140530,8136,7774,32,7806,40
2021-01-21,Nevada,057,99092,3498,3274,137,3411,18
2021-01-21,Orange,059,3164182,226546,218867,9130,227997,2540
2021-01-21,Placer,061,380077,18797,17553,913,18466,190
2021-01-21,Plumas,063,18699,603,518,10,528,2
2021-01-21,Riverside,065,2383286,262812,251007,12365,263372,2676
2021-01-21,Sacramento,067,1510023,84899,82303,1008,83311,1084
2021-01-21,San Benito,069,59416,5239,5100,60,5160,43
2021-01-21,San Bernardino,071,2135413,268915,257754,7777,265531,1832
2021-01-21,San Diego,073,3302833,236215,219729,10921,230650,2222
2021-01-21,San Francisco,075,870044,30686,29801,716,30517,266
2021-01-21,San Joaquin,077,732212,60647,58270,2383,60653,806
2021-01-21,San Luis Obispo,079,281455,17386,16153,447,16600,169
2021-01-21,San Mateo,081,765935,35353,33156,290,33446,210
2021-01-21,Santa Barbara,083,443738,27646,25654,879,26533,253
2021-01-21,Santa Clara,085,1922200,98953,96028,443,96471,1062
2021-01-21,Santa Cruz,087,273765,13852,12548,652,13200,119
2021-01-21,Shasta,089,179085,10072,9795,1026,10821,98
2021-01-21,Sierra,091,2930,47,40,12,52,0
2021-01-21,Siskiyou,093,43540,1276,1178,185,1363,4
2021-01-21,Solano,095,438530,26922,25885,295,26180,106
2021-01-21,Sonoma,097,501317,25229,24440,129,24569,230
2021-01-21,Stanislaus,099,539301,45295,43223,4537,47760,599
2021-01-21,Sutter,101,95872,8065,7822,76,7898,80
2021-01-21,Tehama,103,63373,4118,3938,445,4383,19
2021-01-21,Trinity,105,12862,438,261,66,327,3
2021-01-21,Tulare,107,460477,44168,42082,6204,48286,569
2021-01-21,Tuolumne,109,53932,3378,3365,30,3395,29
2021-01-21,Ventura,111,848112,67129,63995,2371,66366,420
2021-01-21,Yolo,113,214977,11642,10940,133,11073,141
2021-01-21,Yuba,115,75493,4970,4757,64,4821,29
2021-01-20,Alameda,001,1643700,71565,68785,1500,70285,702
2021-01-20,Alpine,003,1148,73,71,0,71,0
2021-01-20,Amador,005,37829,3080,3036,24,3060,29
2021-01-20,Butte,007,227075,10230,9582,1392,10974,130
2021-01-20,Calaveras,009,45235,1669,1637,9,1646,21
2021-01-20,Colusa,011,21464,1701,1630,182,1812,7
2021-01-20,Contra Costa,013,1133247,55649,53108,914,54022,461
2021-01-20,Del Norte,015,27424,879,848,3,851,2
2021-01-20,El Dorado,017,186661,8316,7785,537,8322,53
2021-01-20,Fresno,019,978130,88257,83591,6646,90237,872
2021-01-20,Glenn,021,27897,2054,1955,414,2369,13
2021-01-20,Humboldt,023,135768,2590,2390,16,2406,22
2021-01-20,Imperial,025,180216,26047,25380,2357,27737,461
2021-01-20,Inyo,027,18085,1014,901,8,909,26
2021-01-20,Kern,029,883053,84936,80701,7738,88439,754
2021-01-20,Kings,031,150075,20387,19522,805,20327,146
2021-01-20,Lake,033,64148,2753,2646,0,2646,31
2021-01-20,Lassen,035,31185,4870,4758,79,4837,1
2021-01-20,Los Angeles,037,10098052,1072732,1015608,34551,1050159,14299
2021-01-20,Madera,039,155013,14257,13585,680,14265,86
2021-01-20,Marin,041,260295,11975,11684,126,11810,171
2021-01-20,Mariposa,043,17540,340,322,3,325,3
2021-01-20,Mendocino,045,87422,3141,2957,56,3013,32
2021-01-20,Merced,047,269075,25030,24220,653,24873,243
2021-01-20,Modoc,049,8938,302,282,92,374,0
2021-01-20,Mono,051,14174,1104,1105,14,1119,3
2021-01-20,Monterey,053,433212,37817,35960,1266,37226,249
2021-01-20,Napa,055,140530,8067,7731,31,7762,40
2021-01-20,Nevada,057,99092,3466,3238,137,3375,18
2021-01-20,Orange,059,3164182,225007,216893,9069,225962,2500
2021-01-20,Placer,061,380077,18704,17455,895,18350,186
2021-01-20,Plumas,063,18699,601,512,10,522,2
2021-01-20,Riverside,065,2383286,260767,248686,12278,260964,2615
2021-01-20,Sacramento,067,1510023,84336,81687,997,82684,1072
2021-01-20,San Benito,069,59416,5208,5036,59,5095,35
2021-01-20,San Bernardino,071,2135413,267558,255921,7730,263651,1801
2021-01-20,San Diego,073,3302833,234360,218553,10817,229370,2174
2021-01-20,San Francisco,075,870044,30497,29665,696,30361,262
2021-01-20,San Joaquin,077,732212,60244,58025,2374,60399,783
2021-01-20,San Luis Obispo,079,281455,17205,15936,438,16374,164
2021-01-20,San Mateo,081,765935,35126,32929,289,33218,210
2021-01-20,Santa Barbara,083,443738,27329,25312,867,26179,248
2021-01-20,Santa Clara,085,1922200,98273,94995,441,95436,1040
2021-01-20,Santa Cruz,087,273765,13745,12460,639,13099,107
2021-01-20,Shasta,089,179085,10020,9697,1016,10713,98
2021-01-20,Sierra,091,2930,47,40,12,52,0
2021-01-20,Siskiyou,093,43540,1270,1163,184,1347,4
2021-01-20,Solano,095,438530,26729,25659,291,25950,106
2021-01-20,Sonoma,097,501317,25092,24262,127,24389,223
2021-01-20,Stanislaus,099,539301,45006,42955,4491,47446,585
2021-01-20,Sutter,101,95872,8013,7772,74,7846,80
2021-01-20,Tehama,103,63373,4092,3892,444,4336,19
2021-01-20,Trinity,105,12862,438,260,66,326,3
2021-01-20,Tulare,107,460477,43910,41799,6111,47910,559
2021-01-20,Tuolumne,109,53932,3364,3355,29,3384,29
2021-01-20,Ventura,111,848112,66173,63413,2342,65755,395
2021-01-20,Yolo,113,214977,11571,10852,130,10982,141
2021-01-20,Yuba,115,75493,4943,4729,64,4793,29
2021-01-19,Alameda,001,1643700,70908,68434,1490,69924,680
2021-01-19,Alpine,003,1148,73,71,0,71,0
2021-01-19,Amador,005,37829,3071,3024,24,3048,28
2021-01-19,Butte,007,227075,10164,9528,1378,10906,129
2021-01-19,Calaveras,009,45235,1654,1621,8,1629,21
2021-01-19,Colusa,011,21464,1679,1617,174,1791,7
2021-01-19,Contra Costa,013,1133247,55153,52730,903,53633,448
2021-01-19,Del Norte,015,27424,877,843,3,846,2
2021-01-19,El Dorado,017,186661,8256,7743,529,8272,47
2021-01-19,Fresno,019,978130,87735,83200,6594,89794,857
2021-01-19,Glenn,021,27897,2042,1948,409,2357,13
2021-01-19,Humboldt,023,135768,2566,2359,13,2372,22
2021-01-19,Imperial,025,180216,25965,25333,2339,27672,452
2021-01-19,Inyo,027,18085,1007,891,8,899,26
2021-01-19,Kern,029,883053,84349,80272,7631,87903,742
2021-01-19,Kings,031,150075,20248,19375,794,20169,143
2021-01-19,Lake,033,64148,2738,2625,0,2625,31
2021-01-19,Lassen,035,31185,4863,4753,79,4832,1
2021-01-19,Los Angeles,037,10098052,1064057,1010375,34279,1044654,14014
2021-01-19,Madera,039,155013,14141,13528,673,14201,86
2021-01-19,Marin,041,260295,11917,11654,122,11776,169
2021-01-19,Mariposa,043,17540,340,322,3,325,3
2021-01-19,Mendocino,045,87422,3124,2930,56,2986,32
2021-01-19,Merced,047,269075,24816,24108,647,24755,242
2021-01-19,Modoc,049,8938,301,281,92,373,0
2021-01-19,Mono,051,14174,1103,1106,14,1120,3
2021-01-19,Monterey,053,433212,37499,35840,1245,37085,248
2021-01-19,Napa,055,140530,8008,7672,31,7703,38
2021-01-19,Nevada,057,99092,3448,3216,135,3351,18
2021-01-19,Orange,059,3164182,223271,215244,9000,224244,2468
2021-01-19,Placer,061,380077,18606,17348,885,18233,182
2021-01-19,Plumas,063,18699,594,509,10,519,2
2021-01-19,Riverside,065,2383286,258683,246248,12199,258447,2585
2021-01-19,Sacramento,067,1510023,83798,81183,977,82160,1053
2021-01-19,San Benito,069,59416,5162,4988,58,5046,35
2021-01-19,San Bernardino,071,2135413,265814,253651,7672,261323,1777
2021-01-19,San Diego,073,3302833,231940,216833,10719,227552,2109
2021-01-19,San Francisco,075,870044,30279,29502,665,30167,261
2021-01-19,San Joaquin,077,732212,59860,57655,2361,60016,782
2021-01-19,San Luis Obispo,079,281455,16941,15855,435,16290,161
2021-01-19,San Mateo,081,765935,34841,32730,278,33008,208
2021-01-19,Santa Barbara,083,443738,26945,24991,851,25842,236
2021-01-19,Santa Clara,085,1922200,97496,94483,439,94922,1010
2021-01-19,Santa Cruz,087,273765,13628,12410,631,13041,106
2021-01-19,Shasta,089,179085,9984,9614,1006,10620,93
2021-01-19,Sierra,091,2930,47,40,10,50,0
2021-01-19,Siskiyou,093,43540,1262,1149,183,1332,4
2021-01-19,Solano,095,438530,26483,25520,290,25810,106
2021-01-19,Sonoma,097,501317,24912,24133,125,24258,223
2021-01-19,Stanislaus,099,539301,44655,42723,4435,47158,561
2021-01-19,Sutter,101,95872,7962,7709,68,7777,80
2021-01-19,Tehama,103,63373,4057,3876,442,4318,19
2021-01-19,Trinity,105,12862,437,260,66,326,3
2021-01-19,Tulare,107,460477,43632,41559,6015,47574,549
2021-01-19,Tuolumne,109,53932,3336,3328,29,3357,29
2021-01-19,Ventura,111,848112,65495,62656,2315,64971,383
2021-01-19,Yolo,113,214977,11485,10789,130,10919,134
2021-01-19,Yuba,115,75493,4910,4695,63,4758,29
2021-01-18,Alameda,001,1643700,70264,67938,1472,69410,680
2021-01-18,Alpine,003,1148,73,71,0,71,0
2021-01-18,Amador,005,37829,3057,3016,24,3040,28
2021-01-18,Butte,007,227075,10077,9474,1365,10839,129
2021-01-18,Calaveras,009,45235,1633,1617,7,1624,21
2021-01-18,Colusa,011,21464,1662,1608,169,1777,7
2021-01-18,Contra Costa,013,1133247,54636,52323,895,53218,448
2021-01-18,Del Norte,015,27424,876,840,3,843,2
2021-01-18,El Dorado,017,186661,8187,7707,527,8234,47
2021-01-18,Fresno,019,978130,87123,82485,6527,89012,857
2021-01-18,Glenn,021,27897,2025,1935,405,2340,13
2021-01-18,Humboldt,023,135768,2528,2343,13,2356,22
2021-01-18,Imperial,025,180216,25896,25317,2314,27631,452
2021-01-18,Inyo,027,18085,995,872,8,880,26
2021-01-18,Kern,029,883053,83710,79930,7540,87470,740
2021-01-18,Kings,031,150075,20078,19267,782,20049,141
2021-01-18,Lake,033,64148,2721,2591,0,2591,30
2021-01-18,Lassen,035,31185,4827,4749,78,4827,1
2021-01-18,Los Angeles,037,10098052,1054564,1002614,33988,1036602,13828
2021-01-18,Madera,039,155013,14027,13443,665,14108,85
2021-01-18,Marin,041,260295,11869,11607,120,11727,165
2021-01-18,Mariposa,043,17540,337,320,2,322,3
2021-01-18,Mendocino,045,87422,3101,2919,56,2975,31
2021-01-18,Merced,047,269075,24572,23927,631,24558,242
2021-01-18,Modoc,049,8938,298,281,89,370,0
2021-01-18,Mono,051,14174,1100,1101,14,1115,3
2021-01-18,Monterey,053,433212,37045,35549,1228,36777,247
2021-01-18,Napa,055,140530,7934,7601,31,7632,38
2021-01-18,Nevada,057,99092,3410,3199,134,3333,17
2021-01-18,Orange,059,3164182,221369,213866,8944,222810,2405
2021-01-18,Placer,061,380077,18490,17263,876,18139,182
2021-01-18,Plumas,063,18699,590,506,10,516,2
2021-01-18,Riverside,065,2383286,256362,244151,12105,256256,2568
2021-01-18,Sacramento,067,1510023,83119,80546,961,81507,1046
2021-01-18,San Benito,069,59416,5112,4963,56,5019,35
2021-01-18,San Bernardino,071,2135413,264041,252808,7613,260421,1775
2021-01-18,San Diego,073,3302833,229293,214335,10590,224925,2103
2021-01-18,San Francisco,075,870044,30073,29321,641,29962,259
2021-01-18,San Joaquin,077,732212,59342,57405,2339,59744,782
2021-01-18,San Luis Obispo,079,281455,16754,15742,425,16167,158
2021-01-18,San Mateo,081,765935,34526,32515,259,32774,208
2021-01-18,Santa Barbara,083,443738,26566,24638,837,25475,235
2021-01-18,Santa Clara,085,1922200,96603,93688,435,94123,992
2021-01-18,Santa Cruz,087,273765,13495,12298,618,12916,106
2021-01-18,Shasta,089,179085,9945,9600,996,10596,92
2021-01-18,Sierra,091,2930,46,40,10,50,0
2021-01-18,Siskiyou,093,43540,1250,1144,181,1325,4
2021-01-18,Solano,095,438530,26205,25344,285,25629,105
2021-01-18,Sonoma,097,501317,24643,24068,124,24192,223
2021-01-18,Stanislaus,099,539301,44298,42413,4384,46797,562
2021-01-18,Sutter,101,95872,7904,7680,66,7746,78
2021-01-18,Tehama,103,63373,4013,3854,435,4289,19
2021-01-18,Trinity,105,12862,437,260,66,326,3
2021-01-18,Tulare,107,460477,43343,41196,5903,47099,549
2021-01-18,Tuolumne,109,53932,3313,3318,28,3346,28
2021-01-18,Ventura,111,848112,65065,61859,2292,64151,379
2021-01-18,Yolo,113,214977,11355,10620,127,10747,134
2021-01-18,Yuba,115,75493,4882,4671,61,4732,29
2021-01-17,Alameda,001,1643700,69687,67375,1453,68828,676
2021-01-17,Alpine,003,1148,73,71,0,71,0
2021-01-17,Amador,005,37829,3050,3001,24,3025,28
2021-01-17,Butte,007,227075,10005,9411,1343,10754,129
2021-01-17,Calaveras,009,45235,1620,1608,7,1615,21
2021-01-17,Colusa,011,21464,1648,1588,164,1752,7
2021-01-17,Contra Costa,013,1133247,54145,51932,885,52817,447
2021-01-17,Del Norte,015,27424,876,838,3,841,2
2021-01-17,El Dorado,017,186661,8131,7659,515,8174,47
2021-01-17,Fresno,019,978130,86570,82039,6451,88490,857
2021-01-17,Glenn,021,27897,2015,1924,400,2324,9
2021-01-17,Humboldt,023,135768,2490,2322,11,2333,22
2021-01-17,Imperial,025,180216,25826,25253,2270,27523,451
2021-01-17,Inyo,027,18085,989,864,8,872,26
2021-01-17,Kern,029,883053,83162,79489,7454,86943,738
2021-01-17,Kings,031,150075,19942,19201,768,19969,131
2021-01-17,Lake,033,64148,2705,2572,0,2572,30
2021-01-17,Lassen,035,31185,4819,4740,77,4817,1
2021-01-17,Los Angeles,037,10098052,1047919,993028,33586,1026614,13741
2021-01-17,Madera,039,155013,13935,13328,660,13988,85
2021-01-17,Marin,041,260295,11816,11552,118,11670,164
2021-01-17,Mariposa,043,17540,337,319,2,321,3
2021-01-17,Mendocino,045,87422,3073,2912,55,2967,31
2021-01-17,Merced,047,269075,24357,23800,614,24414,242
2021-01-17,Modoc,049,8938,297,279,89,368,0
2021-01-17,Mono,051,14174,1093,1091,13,1104,3
2021-01-17,Monterey,053,433212,36808,35340,1203,36543,244
2021-01-17,Napa,055,140530,7878,7521,31,7552,38
2021-01-17,Nevada,057,99092,3385,3176,132,3308,17
2021-01-17,Orange,059,3164182,219363,212389,8869,221258,2359
2021-01-17,Placer,061,380077,18385,17194,861,18055,181
2021-01-17,Plumas,063,18699,589,505,9,514,2
2021-01-17,Riverside,065,2383286,254250,242206,11986,254192,2534
2021-01-17,Sacramento,067,1510023,82515,80154,948,81102,1045
2021-01-17,San Benito,069,59416,5074,4941,56,4997,35
2021-01-17,San Bernardino,071,2135413,261917,251487,7524,259011,1775
2021-01-17,San Diego,073,3302833,227099,211785,10483,222268,2103
2021-01-17,San Francisco,075,870044,29888,29139,602,29741,255
2021-01-17,San Joaquin,077,732212,58982,57094,2324,59418,780
2021-01-17,San Luis Obispo,079,281455,16632,15658,416,16074,157
2021-01-17,San Mateo,081,765935,34273,32186,236,32422,208
2021-01-17,Santa Barbara,083,443738,26109,24401,821,25222,235
2021-01-17,Santa Clara,085,1922200,95853,92752,432,93184,976
2021-01-17,Santa Cruz,087,273765,13383,12196,615,12811,106
2021-01-17,Shasta,089,179085,9887,9588,988,10576,92
2021-01-17,Sierra,091,2930,46,38,9,47,0
2021-01-17,Siskiyou,093,43540,1243,1136,178,1314,4
2021-01-17,Solano,095,438530,25975,25216,283,25499,105
2021-01-17,Sonoma,097,501317,24469,23871,124,23995,223
2021-01-17,Stanislaus,099,539301,43978,42221,4327,46548,562
2021-01-17,Sutter,101,95872,7840,7604,65,7669,77
2021-01-17,Tehama,103,63373,3983,3837,430,4267,18
2021-01-17,Trinity,105,12862,437,261,66,327,3
2021-01-17,Tulare,107,460477,43051,41016,5787,46803,549
2021-01-17,Tuolumne,109,53932,3296,3287,28,3315,27
2021-01-17,Ventura,111,848112,64221,61257,2245,63502,376
2021-01-17,Yolo,113,214977,11254,10519,125,10644,134
2021-01-17,Yuba,115,75493,4831,4640,59,4699,28
2021-01-16,Alameda,001,1643700,69361,66583,1440,68023,673
2021-01-16,Alpine,003,1148,73,71,0,71,0
2021-01-16,Amador,005,37829,3047,2986,24,3010,28
2021-01-16,Butte,007,227075,9975,9359,1323,10682,129
2021-01-16,Calaveras,009,45235,1607,1596,7,1603,21
2021-01-16,Colusa,011,21464,1636,1578,164,1742,7
2021-01-16,Contra Costa,013,1133247,53880,51363,878,52241,443
2021-01-16,Del Norte,015,27424,871,833,3,836,2
2021-01-16,El Dorado,017,186661,8109,7575,514,8089,47
2021-01-16,Fresno,019,978130,86296,81294,6398,87692,846
2021-01-16,Glenn,021,27897,2011,1894,397,2291,9
2021-01-16,Humboldt,023,135768,2470,2294,9,2303,22
2021-01-16,Imperial,025,180216,25792,25140,2263,27403,451
2021-01-16,Inyo,027,18085,985,845,8,853,25
2021-01-16,Kern,029,883053,82795,78865,7401,86266,733
2021-01-16,Kings,031,150075,19886,19072,765,19837,131
2021-01-16,Lake,033,64148,2695,2504,0,2504,30
2021-01-16,Lassen,035,31185,4807,4719,77,4796,1
2021-01-16,Los Angeles,037,10098052,1043838,982684,33345,1016029,13654
2021-01-16,Madera,039,155013,13869,13193,656,13849,85
2021-01-16,Marin,041,260295,11774,11482,118,11600,164
2021-01-16,Mariposa,043,17540,336,317,2,319,3
2021-01-16,Mendocino,045,87422,3059,2890,52,2942,31
2021-01-16,Merced,047,269075,24270,23478,600,24078,242
2021-01-16,Modoc,049,8938,297,278,89,367,0
2021-01-16,Mono,051,14174,1091,1079,13,1092,3
2021-01-16,Monterey,053,433212,36699,34972,1185,36157,243
2021-01-16,Napa,055,140530,7839,7356,31,7387,39
2021-01-16,Nevada,057,99092,3352,3144,132,3276,17
2021-01-16,Orange,059,3164182,218324,210111,8812,218923,2312
2021-01-16,Placer,061,380077,18321,16995,859,17854,177
2021-01-16,Plumas,063,18699,587,502,9,511,2
2021-01-16,Riverside,065,2383286,252892,239412,11869,251281,2506
2021-01-16,Sacramento,067,1510023,82139,79122,931,80053,1033
2021-01-16,San Benito,069,59416,5042,4875,56,4931,35
2021-01-16,San Bernardino,071,2135413,261135,249401,7458,256859,1755
2021-01-16,San Diego,073,3302833,225801,209895,10386,220281,2065
2021-01-16,San Francisco,075,870044,29761,28853,571,29424,244
2021-01-16,San Joaquin,077,732212,58735,56642,2293,58935,776
2021-01-16,San Luis Obispo,079,281455,16531,15466,414,15880,152
2021-01-16,San Mateo,081,765935,34109,31805,230,32035,208
2021-01-16,Santa Barbara,083,443738,25912,24088,814,24902,229
2021-01-16,Santa Clara,085,1922200,95386,91584,425,92009,954
2021-01-16,Santa Cruz,087,273765,13324,12026,613,12639,106
2021-01-16,Shasta,089,179085,9854,9547,984,10531,92
2021-01-16,Sierra,091,2930,45,38,9,47,0
2021-01-16,Siskiyou,093,43540,1238,1124,178,1302,4
2021-01-16,Solano,095,438530,25866,24732,277,25009,103
2021-01-16,Sonoma,097,501317,24378,23607,123,23730,223
2021-01-16,Stanislaus,099,539301,43789,41809,4276,46085,562
2021-01-16,Sutter,101,95872,7808,7560,65,7625,76
2021-01-16,Tehama,103,63373,3969,3783,430,4213,18
2021-01-16,Trinity,105,12862,437,261,66,327,3
2021-01-16,Tulare,107,460477,42871,40655,5714,46369,542
2021-01-16,Tuolumne,109,53932,3288,3269,28,3297,27
2021-01-16,Ventura,111,848112,63668,60368,2215,62583,369
2021-01-16,Yolo,113,214977,11205,10406,124,10530,134
2021-01-16,Yuba,115,75493,4800,4602,59,4661,27
2021-01-15,Alameda,001,1643700,68921,65416,1430,66846,672
2021-01-15,Alpine,003,1148,73,71,0,71,0
2021-01-15,Amador,005,37829,3040,2953,24,2977,28
2021-01-15,Butte,007,227075,9937,9233,1306,10539,129
2021-01-15,Calaveras,009,45235,1600,1538,7,1545,21
2021-01-15,Colusa,011,21464,1625,1541,160,1701,7
2021-01-15,Contra Costa,013,1133247,53550,50408,871,51279,428
2021-01-15,Del Norte,015,27424,867,828,2,830,2
2021-01-15,El Dorado,017,186661,8060,7439,505,7944,47
2021-01-15,Fresno,019,978130,85758,79950,6365,86315,832
2021-01-15,Glenn,021,27897,2006,1824,395,2219,9
2021-01-15,Humboldt,023,135768,2443,2218,8,2226,22
2021-01-15,Imperial,025,180216,25758,24944,2257,27201,446
2021-01-15,Inyo,027,18085,967,814,8,822,25
2021-01-15,Kern,029,883053,82383,77873,7336,85209,719
2021-01-15,Kings,031,150075,19777,18661,759,19420,131
2021-01-15,Lake,033,64148,2669,2434,0,2434,28
2021-01-15,Lassen,035,31185,4796,4693,75,4768,1
2021-01-15,Los Angeles,037,10098052,1036792,968979,33054,1002033,13404
2021-01-15,Madera,039,155013,13784,12883,653,13536,85
2021-01-15,Marin,041,260295,11723,11310,118,11428,160
2021-01-15,Mariposa,043,17540,334,307,2,309,3
2021-01-15,Mendocino,045,87422,3048,2835,52,2887,31
2021-01-15,Merced,047,269075,24157,23060,596,23656,239
2021-01-15,Modoc,049,8938,297,278,87,365,0
2021-01-15,Mono,051,14174,1088,1057,13,1070,3
2021-01-15,Monterey,053,433212,36487,34460,1126,35586,243
2021-01-15,Napa,055,140530,7777,7231,31,7262,38
2021-01-15,Nevada,057,99092,3339,3099,129,3228,17
2021-01-15,Orange,059,3164182,216966,207129,8760,215889,2254
2021-01-15,Placer,061,380077,18218,16712,850,17562,173
2021-01-15,Plumas,063,18699,584,499,9,508,2
2021-01-15,Riverside,065,2383286,251035,235235,11791,247026,2458
2021-01-15,Sacramento,067,1510023,81721,80279,923,81202,1023
2021-01-15,San Benito,069,59416,5003,4766,54,4820,35
2021-01-15,San Bernardino,071,2135413,259975,246182,7400,253582,1726
2021-01-15,San Diego,073,3302833,224052,206868,10321,217189,2037
2021-01-15,San Francisco,075,870044,29587,28574,551,29125,242
2021-01-15,San Joaquin,077,732212,58501,55885,2279,58164,748
2021-01-15,San Luis Obispo,079,281455,16398,15129,409,15538,148
2021-01-15,San Mateo,081,765935,33864,31291,226,31517,208
2021-01-15,Santa Barbara,083,443738,25634,23487,804,24291,226
2021-01-15,Santa Clara,085,1922200,94736,90103,420,90523,942
2021-01-15,Santa Cruz,087,273765,13215,11776,599,12375,105
2021-01-15,Shasta,089,179085,9815,9459,976,10435,91
2021-01-15,Sierra,091,2930,44,36,7,43,0
2021-01-15,Siskiyou,093,43540,1234,1119,177,1296,4
2021-01-15,Solano,095,438530,25717,24222,274,24496,103
2021-01-15,Sonoma,097,501317,24246,23204,122,23326,222
2021-01-15,Stanislaus,099,539301,43545,41178,4240,45418,562
2021-01-15,Sutter,101,95872,7761,7484,64,7548,75
2021-01-15,Tehama,103,63373,3948,3714,429,4143,17
2021-01-15,Trinity,105,12862,437,262,66,328,3
2021-01-15,Tulare,107,460477,42626,39951,5630,45581,535
2021-01-15,Tuolumne,109,53932,3272,3231,28,3259,27
2021-01-15,Ventura,111,848112,62923,59061,2182,61243,353
2021-01-15,Yolo,113,214977,11150,10240,123,10363,134
2021-01-15,Yuba,115,75493,4779,4549,59,4608,27
2021-01-14,Alameda,001,1643700,68269,64364,1414,65778,686
2021-01-14,Alpine,003,1148,73,71,0,71,0
2021-01-14,Amador,005,37829,3034,2940,24,2964,28
2021-01-14,Butte,007,227075,9852,9127,1285,10412,129
2021-01-14,Calaveras,009,45235,1583,1513,7,1520,21
2021-01-14,Colusa,011,21464,1610,1535,157,1692,7
2021-01-14,Contra Costa,013,1133247,52996,49545,857,50402,415
2021-01-14,Del Norte,015,27424,861,821,2,823,2
2021-01-14,El Dorado,017,186661,7986,7321,497,7818,45
2021-01-14,Fresno,019,978130,85125,79033,6289,85322,814
2021-01-14,Glenn,021,27897,1994,1798,390,2188,9
2021-01-14,Humboldt,023,135768,2400,2169,8,2177,22
2021-01-14,Imperial,025,180216,25649,24882,2222,27104,447
2021-01-14,Inyo,027,18085,960,790,8,798,25
2021-01-14,Kern,029,883053,81715,77070,7235,84305,705
2021-01-14,Kings,031,150075,19647,18405,755,19160,108
2021-01-14,Lake,033,64148,2626,2378,0,2378,27
2021-01-14,Lassen,035,31185,4786,4673,73,4746,1
2021-01-14,Los Angeles,037,10098052,1026782,954652,32674,987326,13147
2021-01-14,Madera,039,155013,13671,12742,642,13384,85
2021-01-14,Marin,041,260295,11649,11155,117,11272,159
2021-01-14,Mariposa,043,17540,331,302,2,304,3
2021-01-14,Mendocino,045,87422,3034,2801,50,2851,31
2021-01-14,Merced,047,269075,23928,22780,587,23367,239
2021-01-14,Modoc,049,8938,297,273,87,360,0
2021-01-14,Mono,051,14174,1080,1020,13,1033,3
2021-01-14,Monterey,053,433212,36072,34105,1106,35211,242
2021-01-14,Napa,055,140530,7692,7117,31,7148,38
2021-01-14,Nevada,057,99092,3312,3075,127,3202,17
2021-01-14,Orange,059,3164182,215037,204442,8674,213116,2162
2021-01-14,Placer,061,380077,18056,16488,843,17331,169
2021-01-14,Plumas,063,18699,576,496,9,505,2
2021-01-14,Riverside,065,2383286,248387,231684,11692,243376,2357
2021-01-14,Sacramento,067,1510023,81083,79137,899,80036,1007
2021-01-14,San Benito,069,59416,4967,4678,53,4731,35
2021-01-14,San Bernardino,071,2135413,258008,243379,7330,250709,1750
2021-01-14,San Diego,073,3302833,221658,204173,10201,214374,2005
2021-01-14,San Francisco,075,870044,29343,28200,503,28703,238
2021-01-14,San Joaquin,077,732212,57987,55058,2265,57323,739
2021-01-14,San Luis Obispo,079,281455,16237,14851,400,15251,146
2021-01-14,San Mateo,081,765935,33495,30694,217,30911,208
2021-01-14,Santa Barbara,083,443738,25222,23126,778,23904,219
2021-01-14,Santa Clara,085,1922200,93799,88505,413,88918,910
2021-01-14,Santa Cruz,087,273765,13068,11583,583,12166,109
2021-01-14,Shasta,089,179085,9765,9334,960,10294,90
2021-01-14,Sierra,091,2930,44,35,6,41,0
2021-01-14,Siskiyou,093,43540,1222,1108,174,1282,3
2021-01-14,Solano,095,438530,25458,23782,270,24052,103
2021-01-14,Sonoma,097,501317,24006,22910,122,23032,202
2021-01-14,Stanislaus,099,539301,43221,40597,4202,44799,574
2021-01-14,Sutter,101,95872,7702,7416,61,7477,74
2021-01-14,Tehama,103,63373,3920,3664,425,4089,17
2021-01-14,Trinity,105,12862,437,261,65,326,3
2021-01-14,Tulare,107,460477,42242,39565,5521,45086,533
2021-01-14,Tuolumne,109,53932,3251,3215,28,3243,28
2021-01-14,Ventura,111,848112,62051,57941,2144,60085,347
2021-01-14,Yolo,113,214977,11039,10097,117,10214,135
2021-01-14,Yuba,115,75493,4747,4496,59,4555,27
2021-01-13,Alameda,001,1643700,67515,63568,1397,64965,690
2021-01-13,Alpine,003,1148,73,71,0,71,0
2021-01-13,Amador,005,37829,3020,2914,24,2938,26
2021-01-13,Butte,007,227075,9773,9013,1271,10284,126
2021-01-13,Calaveras,009,45235,1561,1493,7,1500,21
2021-01-13,Colusa,011,21464,1598,1524,152,1676,7
2021-01-13,Contra Costa,013,1133247,52417,48877,845,49722,403
2021-01-13,Del Norte,015,27424,857,820,2,822,2
2021-01-13,El Dorado,017,186661,7893,7247,489,7736,43
2021-01-13,Fresno,019,978130,84405,78278,6247,84525,804
2021-01-13,Glenn,021,27897,1979,1792,381,2173,9
2021-01-13,Humboldt,023,135768,2367,2114,8,2122,22
2021-01-13,Imperial,025,180216,25525,24717,2188,26905,463
2021-01-13,Inyo,027,18085,948,785,8,793,25
2021-01-13,Kern,029,883053,81054,76049,7145,83194,704
2021-01-13,Kings,031,150075,19480,18121,733,18854,108
2021-01-13,Lake,033,64148,2582,2305,0,2305,27
2021-01-13,Lassen,035,31185,4779,4663,72,4735,1
2021-01-13,Los Angeles,037,10098052,1016002,937985,32264,970249,12873
2021-01-13,Madera,039,155013,13545,12570,637,13207,85
2021-01-13,Marin,041,260295,11593,11039,117,11156,161
2021-01-13,Mariposa,043,17540,329,304,2,306,3
2021-01-13,Mendocino,045,87422,3014,2790,50,2840,31
2021-01-13,Merced,047,269075,23689,22497,572,23069,241
2021-01-13,Modoc,049,8938,296,274,84,358,0
2021-01-13,Mono,051,14174,1076,1017,13,1030,3
2021-01-13,Monterey,053,433212,35652,33748,1082,34830,241
2021-01-13,Napa,055,140530,7578,7028,31,7059,36
2021-01-13,Nevada,057,99092,3288,3037,124,3161,17
2021-01-13,Orange,059,3164182,212947,201158,8605,209763,2172
2021-01-13,Placer,061,380077,17929,16272,829,17101,172
2021-01-13,Plumas,063,18699,574,490,9,499,2
2021-01-13,Riverside,065,2383286,245237,228192,11575,239767,2278
2021-01-13,Sacramento,067,1510023,80422,78268,892,79160,996
2021-01-13,San Benito,069,59416,4910,4583,52,4635,35
2021-01-13,San Bernardino,071,2135413,255635,240191,7258,247449,1759
2021-01-13,San Diego,073,3302833,219044,201578,10098,211676,1952
2021-01-13,San Francisco,075,870044,29103,27863,481,28344,238
2021-01-13,San Joaquin,077,732212,57363,54373,2235,56608,738
2021-01-13,San Luis Obispo,079,281455,16082,14625,389,15014,140
2021-01-13,San Mateo,081,765935,33154,30195,215,30410,207
2021-01-13,Santa Barbara,083,443738,24788,22714,754,23468,216
2021-01-13,Santa Clara,085,1922200,92823,87187,410,87597,911
2021-01-13,Santa Cruz,087,273765,12895,11423,569,11992,110
2021-01-13,Shasta,089,179085,9701,9180,946,10126,93
2021-01-13,Sierra,091,2930,44,33,6,39,0
2021-01-13,Siskiyou,093,43540,1216,1102,170,1272,3
2021-01-13,Solano,095,438530,25173,23503,269,23772,105
2021-01-13,Sonoma,097,501317,23758,22610,121,22731,206
2021-01-13,Stanislaus,099,539301,42827,40167,4148,44315,574
2021-01-13,Sutter,101,95872,7656,7350,60,7410,73
2021-01-13,Tehama,103,63373,3870,3589,420,4009,17
2021-01-13,Trinity,105,12862,437,260,65,325,3
2021-01-13,Tulare,107,460477,41834,39129,5417,44546,522
2021-01-13,Tuolumne,109,53932,3237,3196,28,3224,28
2021-01-13,Ventura,111,848112,61038,56453,2105,58558,338
2021-01-13,Yolo,113,214977,10939,9933,113,10046,135
2021-01-13,Yuba,115,75493,4705,4448,56,4504,27
2021-01-12,Alameda,001,1643700,66692,62642,1377,64019,677
2021-01-12,Alpine,003,1148,73,71,0,71,0
2021-01-12,Amador,005,37829,3003,2897,24,2921,26
2021-01-12,Butte,007,227075,9687,8883,1254,10137,124
2021-01-12,Calaveras,009,45235,1524,1475,7,1482,21
2021-01-12,Colusa,011,21464,1586,1510,148,1658,7
2021-01-12,Contra Costa,013,1133247,51776,48242,831,49073,399
2021-01-12,Del Norte,015,27424,852,816,2,818,2
2021-01-12,El Dorado,017,186661,7810,7156,478,7634,41
2021-01-12,Fresno,019,978130,83533,77651,6178,83829,796
2021-01-12,Glenn,021,27897,1954,1781,377,2158,9
2021-01-12,Humboldt,023,135768,2313,2077,7,2084,22
2021-01-12,Imperial,025,180216,25435,24566,2147,26713,457
2021-01-12,Inyo,027,18085,931,773,8,781,25
2021-01-12,Kern,029,883053,80349,75320,7047,82367,689
2021-01-12,Kings,031,150075,19268,18072,723,18795,108
2021-01-12,Lake,033,64148,2535,2260,0,2260,27
2021-01-12,Lassen,035,31185,4757,4659,70,4729,1
2021-01-12,Los Angeles,037,10098052,1004359,926295,31850,958145,12610
2021-01-12,Madera,039,155013,13404,12485,628,13113,85
2021-01-12,Marin,041,260295,11484,10960,117,11077,157
2021-01-12,Mariposa,043,17540,326,302,2,304,3
2021-01-12,Mendocino,045,87422,2994,2762,46,2808,31
2021-01-12,Merced,047,269075,23438,22172,550,22722,239
2021-01-12,Modoc,049,8938,294,274,84,358,0
2021-01-12,Mono,051,14174,1066,1008,13,1021,3
2021-01-12,Monterey,053,433212,35155,33381,1062,34443,240
2021-01-12,Napa,055,140530,7495,6936,31,6967,36
2021-01-12,Nevada,057,99092,3260,3014,122,3136,17
2021-01-12,Orange,059,3164182,210656,198260,8518,206778,2142
2021-01-12,Placer,061,380077,17759,16087,823,16910,163
2021-01-12,Plumas,063,18699,568,483,9,492,2
2021-01-12,Riverside,065,2383286,242103,225580,11435,237015,2266
2021-01-12,Sacramento,067,1510023,79682,77201,884,78085,985
2021-01-12,San Benito,069,59416,4842,4515,52,4567,35
2021-01-12,San Bernardino,071,2135413,253065,237008,7189,244197,1739
2021-01-12,San Diego,073,3302833,216130,198317,9981,208298,1898
2021-01-12,San Francisco,075,870044,28826,27531,448,27979,238
2021-01-12,San Joaquin,077,732212,56720,53630,2208,55838,725
2021-01-12,San Luis Obispo,079,281455,15835,14367,380,14747,132
2021-01-12,San Mateo,081,765935,32763,29747,203,29950,206
2021-01-12,Santa Barbara,083,443738,24372,22182,726,22908,209
2021-01-12,Santa Clara,085,1922200,91751,86075,402,86477,904
2021-01-12,Santa Cruz,087,273765,12680,11267,553,11820,110
2021-01-12,Shasta,089,179085,9628,9086,933,10019,84
2021-01-12,Sierra,091,2930,43,33,6,39,0
2021-01-12,Siskiyou,093,43540,1206,1091,164,1255,3
2021-01-12,Solano,095,438530,24870,23160,264,23424,102
2021-01-12,Sonoma,097,501317,23450,22403,121,22524,205
2021-01-12,Stanislaus,099,539301,42386,39615,4114,43729,571
2021-01-12,Sutter,101,95872,7593,7276,59,7335,73
2021-01-12,Tehama,103,63373,3834,3567,416,3983,17
2021-01-12,Trinity,105,12862,437,258,65,323,3
2021-01-12,Tulare,107,460477,41375,38797,5301,44098,509
2021-01-12,Tuolumne,109,53932,3204,3178,28,3206,28
2021-01-12,Ventura,111,848112,60066,55342,2072,57414,324
2021-01-12,Yolo,113,214977,10805,9857,103,9960,133
2021-01-12,Yuba,115,75493,4663,4389,56,4445,27
2021-01-11,Alameda,001,1643700,65830,61949,1360,63309,652
2021-01-11,Alpine,003,1148,73,70,0,70,0
2021-01-11,Amador,005,37829,2989,2867,24,2891,24
2021-01-11,Butte,007,227075,9574,8757,1236,9993,119
2021-01-11,Calaveras,009,45235,1505,1460,7,1467,21
2021-01-11,Colusa,011,21464,1568,1494,144,1638,7
2021-01-11,Contra Costa,013,1133247,51097,47728,822,48550,398
2021-01-11,Del Norte,015,27424,848,810,2,812,2
2021-01-11,El Dorado,017,186661,7716,6987,470,7457,36
2021-01-11,Fresno,019,978130,82653,76581,6101,82682,775
2021-01-11,Glenn,021,27897,1926,1763,371,2134,9
2021-01-11,Humboldt,023,135768,2274,2069,7,2076,22
2021-01-11,Imperial,025,180216,25320,24418,2110,26528,453
2021-01-11,Inyo,027,18085,913,763,8,771,25
2021-01-11,Kern,029,883053,79493,74489,6945,81434,682
2021-01-11,Kings,031,150075,19005,17909,715,18624,108
2021-01-11,Lake,033,64148,2483,2205,0,2205,26
2021-01-11,Lassen,035,31185,4734,4647,69,4716,1
2021-01-11,Los Angeles,037,10098052,991142,914434,31378,945812,12304
2021-01-11,Madera,039,155013,13271,12366,617,12983,85
2021-01-11,Marin,041,260295,11388,10814,114,10928,156
2021-01-11,Mariposa,043,17540,319,296,2,298,3
2021-01-11,Mendocino,045,87422,2966,2728,46,2774,31
2021-01-11,Merced,047,269075,23115,21884,536,22420,238
2021-01-11,Modoc,049,8938,293,271,83,354,0
2021-01-11,Mono,051,14174,1060,1006,13,1019,3
2021-01-11,Monterey,053,433212,34617,32858,999,33857,239
2021-01-11,Napa,055,140530,7393,6822,31,6853,36
2021-01-11,Nevada,057,99092,3232,2980,122,3102,17
2021-01-11,Orange,059,3164182,208075,196340,8417,204757,2113
2021-01-11,Placer,061,380077,17579,15919,813,16732,163
2021-01-11,Plumas,063,18699,564,477,9,486,2
2021-01-11,Riverside,065,2383286,238584,222907,11288,234195,2222
2021-01-11,Sacramento,067,1510023,78754,76009,868,76877,974
2021-01-11,San Benito,069,59416,4767,4482,45,4527,34
2021-01-11,San Bernardino,071,2135413,250229,235543,7090,242633,1739
2021-01-11,San Diego,073,3302833,212861,194793,9821,204614,1857
2021-01-11,San Francisco,075,870044,28551,27264,427,27691,238
2021-01-11,San Joaquin,077,732212,56110,53002,2178,55180,725
2021-01-11,San Luis Obispo,079,281455,15465,14213,372,14585,126
2021-01-11,San Mateo,081,765935,32318,29355,191,29546,206
2021-01-11,Santa Barbara,083,443738,23928,21740,709,22449,200
2021-01-11,Santa Clara,085,1922200,90548,84851,393,85244,877
2021-01-11,Santa Cruz,087,273765,12500,11093,529,11622,106
2021-01-11,Shasta,089,179085,9530,8977,920,9897,81
2021-01-11,Sierra,091,2930,41,33,6,39,0
2021-01-11,Siskiyou,093,43540,1197,1087,162,1249,3
2021-01-11,Solano,095,438530,24548,22893,259,23152,101
2021-01-11,Sonoma,097,501317,23203,22191,121,22312,205
2021-01-11,Stanislaus,099,539301,41894,39149,4063,43212,571
2021-01-11,Sutter,101,95872,7534,7204,58,7262,71
2021-01-11,Tehama,103,63373,3770,3524,395,3919,17
2021-01-11,Trinity,105,12862,437,256,65,321,2
2021-01-11,Tulare,107,460477,40960,38380,5222,43602,497
2021-01-11,Tuolumne,109,53932,3193,3165,28,3193,27
2021-01-11,Ventura,111,848112,58929,54202,2049,56251,320
2021-01-11,Yolo,113,214977,10594,9699,101,9800,129
2021-01-11,Yuba,115,75493,4625,4349,49,4398,27
2021-01-10,Alameda,001,1643700,64838,61111,1332,62443,650
2021-01-10,Alpine,003,1148,73,70,0,70,0
2021-01-10,Amador,005,37829,2965,2861,24,2885,24
2021-01-10,Butte,007,227075,9455,8665,1210,9875,119
2021-01-10,Calaveras,009,45235,1481,1449,7,1456,21
2021-01-10,Colusa,011,21464,1544,1478,143,1621,7
2021-01-10,Contra Costa,013,1133247,50310,47109,804,47913,398
2021-01-10,Del Norte,015,27424,845,809,2,811,2
2021-01-10,El Dorado,017,186661,7629,6904,452,7356,36
2021-01-10,Fresno,019,978130,81842,75621,5978,81599,775
2021-01-10,Glenn,021,27897,1907,1746,363,2109,9
2021-01-10,Humboldt,023,135768,2213,2049,7,2056,22
2021-01-10,Imperial,025,180216,25157,24233,2059,26292,453
2021-01-10,Inyo,027,18085,885,748,8,756,25
2021-01-10,Kern,029,883053,78666,73712,6813,80525,679
2021-01-10,Kings,031,150075,18786,17812,708,18520,108
2021-01-10,Lake,033,64148,2430,2174,0,2174,26
2021-01-10,Lassen,035,31185,4712,4642,69,4711,1
2021-01-10,Los Angeles,037,10098052,976552,901783,30750,932533,12170
2021-01-10,Madera,039,155013,13082,12179,602,12781,85
2021-01-10,Marin,041,260295,11267,10737,112,10849,155
2021-01-10,Mariposa,043,17540,319,291,2,293,3
2021-01-10,Mendocino,045,87422,2935,2706,42,2748,31
2021-01-10,Merced,047,269075,22842,21691,526,22217,238
2021-01-10,Modoc,049,8938,293,271,81,352,0
2021-01-10,Mono,051,14174,1042,965,13,978,3
2021-01-10,Monterey,053,433212,34177,32571,967,33538,237
2021-01-10,Napa,055,140530,7289,6687,29,6716,36
2021-01-10,Nevada,057,99092,3213,2959,118,3077,17
2021-01-10,Orange,059,3164182,205310,193766,8293,202059,2104
2021-01-10,Placer,061,380077,17393,15779,793,16572,163
2021-01-10,Plumas,063,18699,554,477,9,486,2
2021-01-10,Riverside,065,2383286,235210,219486,11098,230584,2216
2021-01-10,Sacramento,067,1510023,77792,75394,840,76234,965
2021-01-10,San Benito,069,59416,4668,4434,44,4478,34
2021-01-10,San Bernardino,071,2135413,246641,232171,6986,239157,1736
2021-01-10,San Diego,073,3302833,209195,191886,9654,201540,1857
2021-01-10,San Francisco,075,870044,28167,27054,396,27450,238
2021-01-10,San Joaquin,077,732212,55251,52535,2144,54679,725
2021-01-10,San Luis Obispo,079,281455,15135,13968,360,14328,122
2021-01-10,San Mateo,081,765935,31826,28972,177,29149,206
2021-01-10,Santa Barbara,083,443738,23376,21290,688,21978,200
2021-01-10,Santa Clara,085,1922200,89373,83779,384,84163,858
2021-01-10,Santa Cruz,087,273765,12287,10951,508,11459,106
2021-01-10,Shasta,089,179085,9418,8936,905,9841,81
2021-01-10,Sierra,091,2930,40,32,6,38,0
2021-01-10,Siskiyou,093,43540,1191,1075,159,1234,3
2021-01-10,Solano,095,438530,24147,22621,256,22877,101
2021-01-10,Sonoma,097,501317,22928,21925,120,22045,204
2021-01-10,Stanislaus,099,539301,41328,38809,3983,42792,571
2021-01-10,Sutter,101,95872,7473,7133,55,7188,71
2021-01-10,Tehama,103,63373,3696,3504,382,3886,17
2021-01-10,Trinity,105,12862,437,253,63,316,2
2021-01-10,Tulare,107,460477,40543,38012,5100,43112,497
2021-01-10,Tuolumne,109,53932,3159,3143,27,3170,27
2021-01-10,Ventura,111,848112,57660,53095,2005,55100,319
2021-01-10,Yolo,113,214977,10442,9610,100,9710,129
2021-01-10,Yuba,115,75493,4573,4300,46,4346,27
2021-01-09,Alameda,001,1643700,64313,60125,1316,61441,649
2021-01-09,Alpine,003,1148,73,70,0,70,0
2021-01-09,Amador,005,37829,2958,2809,24,2833,24
2021-01-09,Butte,007,227075,9374,8552,1186,9738,118
2021-01-09,Calaveras,009,45235,1472,1425,7,1432,21
2021-01-09,Colusa,011,21464,1538,1468,142,1610,7
2021-01-09,Contra Costa,013,1133247,49958,46406,789,47195,393
2021-01-09,Del Norte,015,27424,843,802,2,804,2
2021-01-09,El Dorado,017,186661,7597,6800,449,7249,36
2021-01-09,Fresno,019,978130,81433,74816,5938,80754,773
2021-01-09,Glenn,021,27897,1891,1707,359,2066,9
2021-01-09,Humboldt,023,135768,2195,2026,7,2033,22
2021-01-09,Imperial,025,180216,25089,24028,2045,26073,448
2021-01-09,Inyo,027,18085,875,734,8,742,25
2021-01-09,Kern,029,883053,78202,73015,6737,79752,677
2021-01-09,Kings,031,150075,18691,17679,704,18383,108
2021-01-09,Lake,033,64148,2395,2144,0,2144,26
2021-01-09,Lassen,035,31185,4700,4613,68,4681,1
2021-01-09,Los Angeles,037,10098052,970984,887949,30309,918258,12011
2021-01-09,Madera,039,155013,12991,12063,597,12660,85
2021-01-09,Marin,041,260295,11204,10634,111,10745,154
2021-01-09,Mariposa,043,17540,316,287,2,289,3
2021-01-09,Mendocino,045,87422,2917,2664,42,2706,31
2021-01-09,Merced,047,269075,22701,21357,516,21873,237
2021-01-09,Modoc,049,8938,293,271,80,351,0
2021-01-09,Mono,051,14174,1037,964,13,977,3
2021-01-09,Monterey,053,433212,34029,31948,958,32906,235
2021-01-09,Napa,055,140530,7219,6594,26,6620,36
2021-01-09,Nevada,057,99092,3191,2932,115,3047,17
2021-01-09,Orange,059,3164182,203803,191004,8200,199204,2034
2021-01-09,Placer,061,380077,17285,15609,791,16400,162
2021-01-09,Plumas,063,18699,552,477,9,486,2
2021-01-09,Riverside,065,2383286,233457,216076,10961,227037,2201
2021-01-09,Sacramento,067,1510023,77267,74482,835,75317,953
2021-01-09,San Benito,069,59416,4618,4335,44,4379,34
2021-01-09,San Bernardino,071,2135413,245454,228857,6917,235774,1714
2021-01-09,San Diego,073,3302833,207502,188598,9534,198132,1824
2021-01-09,San Francisco,075,870044,27992,26708,353,27061,235
2021-01-09,San Joaquin,077,732212,54902,51927,2124,54051,724
2021-01-09,San Luis Obispo,079,281455,15011,13647,349,13996,121
2021-01-09,San Mateo,081,765935,31529,28512,170,28682,205
2021-01-09,Santa Barbara,083,443738,23167,20971,679,21650,197
2021-01-09,Santa Clara,085,1922200,88531,82269,372,82641,808
2021-01-09,Santa Cruz,087,273765,12191,10717,503,11220,107
2021-01-09,Shasta,089,179085,9385,8893,901,9794,81
2021-01-09,Sierra,091,2930,38,32,6,38,0
2021-01-09,Siskiyou,093,43540,1187,1062,155,1217,3
2021-01-09,Solano,095,438530,23989,22226,255,22481,101
2021-01-09,Sonoma,097,501317,22806,21393,120,21513,202
2021-01-09,Stanislaus,099,539301,41032,38403,3945,42348,567
2021-01-09,Sutter,101,95872,7437,7072,54,7126,69
2021-01-09,Tehama,103,63373,3666,3451,371,3822,15
2021-01-09,Trinity,105,12862,437,252,63,315,2
2021-01-09,Tulare,107,460477,40288,37684,5034,42718,496
2021-01-09,Tuolumne,109,53932,3151,3117,26,3143,26
2021-01-09,Ventura,111,848112,56831,51988,1979,53967,306
2021-01-09,Yolo,113,214977,10370,9524,97,9621,129
2021-01-09,Yuba,115,75493,4545,4265,46,4311,27
2021-01-08,Alameda,001,1643700,63756,59172,1306,60478,646
2021-01-08,Alpine,003,1148,73,70,0,70,0
2021-01-08,Amador,005,37829,2951,2792,24,2816,24
2021-01-08,Butte,007,227075,9314,8430,1171,9601,115
2021-01-08,Calaveras,009,45235,1458,1385,7,1392,21
2021-01-08,Colusa,011,21464,1525,1448,141,1589,7
2021-01-08,Contra Costa,013,1133247,49434,45667,785,46452,381
2021-01-08,Del Norte,015,27424,841,795,2,797,2
2021-01-08,El Dorado,017,186661,7527,6690,437,7127,36
2021-01-08,Fresno,019,978130,80618,73689,5877,79566,771
2021-01-08,Glenn,021,27897,1876,1680,354,2034,9
2021-01-08,Humboldt,023,135768,2171,1988,7,1995,22
2021-01-08,Imperial,025,180216,25023,23751,2030,25781,446
2021-01-08,Inyo,027,18085,861,682,8,690,24
2021-01-08,Kern,029,883053,77639,71978,6664,78642,674
2021-01-08,Kings,031,150075,18563,17441,699,18140,108
2021-01-08,Lake,033,64148,2370,2098,0,2098,26
2021-01-08,Lassen,035,31185,4692,4598,66,4664,1
2021-01-08,Los Angeles,037,10098052,960189,871188,29877,901065,11796
2021-01-08,Madera,039,155013,12840,11846,588,12434,85
2021-01-08,Marin,041,260295,11111,10531,110,10641,153
2021-01-08,Mariposa,043,17540,315,273,2,275,3
2021-01-08,Mendocino,045,87422,2898,2634,39,2673,31
2021-01-08,Merced,047,269075,22506,20862,510,21372,236
2021-01-08,Modoc,049,8938,293,266,80,346,0
2021-01-08,Mono,051,14174,1027,951,13,964,3
2021-01-08,Monterey,053,433212,33771,31543,947,32490,224
2021-01-08,Napa,055,140530,7149,6544,26,6570,32
2021-01-08,Nevada,057,99092,3169,2888,115,3003,17
2021-01-08,Orange,059,3164182,201812,186608,8113,194721,1991
2021-01-08,Placer,061,380077,17154,15401,784,16185,161
2021-01-08,Plumas,063,18699,546,465,9,474,2
2021-01-08,Riverside,065,2383286,231057,212122,10830,222952,2184
2021-01-08,Sacramento,067,1510023,76685,73245,829,74074,939
2021-01-08,San Benito,069,59416,4580,4225,43,4268,33
2021-01-08,San Bernardino,071,2135413,243569,224267,6846,231113,1703
2021-01-08,San Diego,073,3302833,204966,185060,9440,194500,1771
2021-01-08,San Francisco,075,870044,27743,26378,329,26707,207
2021-01-08,San Joaquin,077,732212,54566,50990,2095,53085,710
2021-01-08,San Luis Obispo,079,281455,14877,13286,337,13623,119
2021-01-08,San Mateo,081,765935,31180,28072,167,28239,204
2021-01-08,Santa Barbara,083,443738,22885,20461,670,21131,189
2021-01-08,Santa Clara,085,1922200,87509,80561,369,80930,789
2021-01-08,Santa Cruz,087,273765,12050,10486,494,10980,106
2021-01-08,Shasta,089,179085,9335,8772,886,9658,81
2021-01-08,Sierra,091,2930,38,31,6,37,0
2021-01-08,Siskiyou,093,43540,1184,1027,154,1181,3
2021-01-08,Solano,095,438530,23818,21832,252,22084,100
2021-01-08,Sonoma,097,501317,22665,21178,120,21298,201
2021-01-08,Stanislaus,099,539301,40734,37858,3908,41766,566
2021-01-08,Sutter,101,95872,7387,6982,54,7036,68
2021-01-08,Tehama,103,63373,3643,3406,366,3772,15
2021-01-08,Trinity,105,12862,437,247,63,310,2
2021-01-08,Tulare,107,460477,40016,36946,4933,41879,491
2021-01-08,Tuolumne,109,53932,3143,3099,26,3125,19
2021-01-08,Ventura,111,848112,55965,50553,1955,52508,294
2021-01-08,Yolo,113,214977,10281,9391,93,9484,129
2021-01-08,Yuba,115,75493,4503,4195,45,4240,26
2021-01-07,Alameda,001,1643700,62884,57921,1279,59200,632
2021-01-07,Alpine,003,1148,71,70,0,70,0
2021-01-07,Amador,005,37829,2938,2740,23,2763,24
2021-01-07,Butte,007,227075,9217,8278,1144,9422,112
2021-01-07,Calaveras,009,45235,1441,1342,6,1348,21
2021-01-07,Colusa,011,21464,1513,1420,134,1554,7
2021-01-07,Contra Costa,013,1133247,48652,44756,768,45524,376
2021-01-07,Del Norte,015,27424,839,791,2,793,2
2021-01-07,El Dorado,017,186661,7426,6545,425,6970,36
2021-01-07,Fresno,019,978130,79661,72557,5778,78335,765
2021-01-07,Glenn,021,27897,1858,1639,343,1982,9
2021-01-07,Humboldt,023,135768,2144,1954,7,1961,22
2021-01-07,Imperial,025,180216,24831,23608,1978,25586,431
2021-01-07,Inyo,027,18085,848,656,8,664,20
2021-01-07,Kern,029,883053,76782,70953,6513,77466,660
2021-01-07,Kings,031,150075,18435,17238,690,17928,108
2021-01-07,Lake,033,64148,2315,2054,0,2054,26
2021-01-07,Lassen,035,31185,4687,4581,64,4645,1
2021-01-07,Los Angeles,037,10098052,945291,853187,29333,882520,11480
2021-01-07,Madera,039,155013,12683,11644,577,12221,76
2021-01-07,Marin,041,260295,11021,10364,108,10472,153
2021-01-07,Mariposa,043,17540,313,264,2,266,3
2021-01-07,Mendocino,045,87422,2843,2585,34,2619,30
2021-01-07,Merced,047,269075,22185,20510,495,21005,234
2021-01-07,Modoc,049,8938,293,265,80,345,0
2021-01-07,Mono,051,14174,1016,905,13,918,3
2021-01-07,Monterey,053,433212,33252,30903,922,31825,222
2021-01-07,Napa,055,140530,7039,6408,26,6434,32
2021-01-07,Nevada,057,99092,3135,2847,110,2957,17
2021-01-07,Orange,059,3164182,198969,181922,8015,189937,1974
2021-01-07,Placer,061,380077,16975,15155,755,15910,144
2021-01-07,Plumas,063,18699,544,454,9,463,2
2021-01-07,Riverside,065,2383286,227602,208177,10675,218852,2156
2021-01-07,Sacramento,067,1510023,75781,72342,808,73150,919
2021-01-07,San Benito,069,59416,4519,4112,39,4151,33
2021-01-07,San Bernardino,071,2135413,240028,219691,6764,226455,1666
2021-01-07,San Diego,073,3302833,201660,180510,9261,189771,1738
2021-01-07,San Francisco,075,870044,27410,25885,314,26199,202
2021-01-07,San Joaquin,077,732212,53881,50156,2064,52220,689
2021-01-07,San Luis Obispo,079,281455,14638,12810,324,13134,118
2021-01-07,San Mateo,081,765935,30670,27494,163,27657,201
2021-01-07,Santa Barbara,083,443738,22460,19931,657,20588,187
2021-01-07,Santa Clara,085,1922200,86294,78808,366,79174,775
2021-01-07,Santa Cruz,087,273765,11841,10228,487,10715,104
2021-01-07,Shasta,089,179085,9248,8612,878,9490,81
2021-01-07,Sierra,091,2930,38,31,6,37,0
2021-01-07,Siskiyou,093,43540,1179,1010,152,1162,3
2021-01-07,Solano,095,438530,23426,21384,248,21632,100
2021-01-07,Sonoma,097,501317,22401,20857,119,20976,200
2021-01-07,Stanislaus,099,539301,40310,37296,3857,41153,553
2021-01-07,Sutter,101,95872,7327,6890,53,6943,65
2021-01-07,Tehama,103,63373,3620,3330,359,3689,15
2021-01-07,Trinity,105,12862,437,247,63,310,2
2021-01-07,Tulare,107,460477,39615,36397,4798,41195,482
2021-01-07,Tuolumne,109,53932,3123,3068,25,3093,14
2021-01-07,Ventura,111,848112,54804,49083,1927,51010,288
2021-01-07,Yolo,113,214977,10143,9207,91,9298,128
2021-01-07,Yuba,115,75493,4461,4128,45,4173,25
2021-01-06,Alameda,001,1643700,62029,57081,1248,58329,616
2021-01-06,Alpine,003,1148,71,70,0,70,0
2021-01-06,Amador,005,37829,2917,2717,22,2739,24
2021-01-06,Butte,007,227075,9104,8147,1126,9273,110
2021-01-06,Calaveras,009,45235,1418,1321,6,1327,21
2021-01-06,Colusa,011,21464,1492,1385,129,1514,7
2021-01-06,Contra Costa,013,1133247,47846,44054,752,44806,358
2021-01-06,Del Norte,015,27424,833,780,2,782,2
2021-01-06,El Dorado,017,186661,7314,6397,412,6809,35
2021-01-06,Fresno,019,978130,78818,71404,5674,77078,752
2021-01-06,Glenn,021,27897,1832,1622,338,1960,9
2021-01-06,Humboldt,023,135768,2118,1912,7,1919,22
2021-01-06,Imperial,025,180216,24581,23400,1935,25335,431
2021-01-06,Inyo,027,18085,832,630,8,638,20
2021-01-06,Kern,029,883053,75839,69893,6382,76275,646
2021-01-06,Kings,031,150075,18237,17019,670,17689,108
2021-01-06,Lake,033,64148,2278,2033,0,2033,26
2021-01-06,Lassen,035,31185,4675,4560,60,4620,1
2021-01-06,Los Angeles,037,10098052,929351,835052,28634,863686,11285
2021-01-06,Madera,039,155013,12547,11407,571,11978,67
2021-01-06,Marin,041,260295,10892,10282,107,10389,153
2021-01-06,Mariposa,043,17540,310,259,2,261,3
2021-01-06,Mendocino,045,87422,2813,2561,34,2595,30
2021-01-06,Merced,047,269075,21847,20258,480,20738,232
2021-01-06,Modoc,049,8938,293,263,80,343,0
2021-01-06,Mono,051,14174,985,905,13,918,3
2021-01-06,Monterey,053,433212,32656,30387,889,31276,222
2021-01-06,Napa,055,140530,6909,6342,26,6368,32
2021-01-06,Nevada,057,99092,3115,2805,109,2914,15
2021-01-06,Orange,059,3164182,195515,177686,7873,185559,1935
2021-01-06,Placer,061,380077,16787,14940,737,15677,134
2021-01-06,Plumas,063,18699,536,445,9,454,2
2021-01-06,Riverside,065,2383286,223572,203714,10488,214202,2121
2021-01-06,Sacramento,067,1510023,74758,71572,791,72363,909
2021-01-06,San Benito,069,59416,4443,4031,38,4069,32
2021-01-06,San Bernardino,071,2135413,236304,215286,6656,221942,1634
2021-01-06,San Diego,073,3302833,198162,176660,9091,185751,1691
2021-01-06,San Francisco,075,870044,27039,25424,306,25730,199
2021-01-06,San Joaquin,077,732212,53122,49286,2022,51308,673
2021-01-06,San Luis Obispo,079,281455,14245,12305,317,12622,115
2021-01-06,San Mateo,081,765935,30246,27050,160,27210,200
2021-01-06,Santa Barbara,083,443738,21972,19453,647,20100,177
2021-01-06,Santa Clara,085,1922200,84887,77485,359,77844,746
2021-01-06,Santa Cruz,087,273765,11621,9954,469,10423,97
2021-01-06,Shasta,089,179085,9177,8482,871,9353,78
2021-01-06,Sierra,091,2930,37,31,6,37,0
2021-01-06,Siskiyou,093,43540,1167,998,148,1146,3
2021-01-06,Solano,095,438530,23040,21102,245,21347,99
2021-01-06,Sonoma,097,501317,22095,20558,119,20677,196
2021-01-06,Stanislaus,099,539301,39723,36751,3795,40546,553
2021-01-06,Sutter,101,95872,7245,6839,52,6891,59
2021-01-06,Tehama,103,63373,3592,3306,353,3659,15
2021-01-06,Trinity,105,12862,437,246,63,309,2
2021-01-06,Tulare,107,460477,39058,35882,4701,40583,465
2021-01-06,Tuolumne,109,53932,3103,3008,25,3033,14
2021-01-06,Ventura,111,848112,53560,47428,1903,49331,280
2021-01-06,Yolo,113,214977,9981,9083,88,9171,127
2021-01-06,Yuba,115,75493,4412,4097,45,4142,25
2021-01-05,Alameda,001,1643700,60908,56432,1213,57645,602
2021-01-05,Alpine,003,1148,71,70,0,70,0
2021-01-05,Amador,005,37829,2877,2695,22,2717,24
2021-01-05,Butte,007,227075,8964,8008,1100,9108,107
2021-01-05,Calaveras,009,45235,1372,1292,6,1298,21
2021-01-05,Colusa,011,21464,1467,1376,123,1499,7
2021-01-05,Contra Costa,013,1133247,46960,43442,741,44183,353
2021-01-05,Del Norte,015,27424,826,770,2,772,2
2021-01-05,El Dorado,017,186661,7196,6270,391,6661,32
2021-01-05,Fresno,019,978130,77595,70971,5580,76551,741
2021-01-05,Glenn,021,27897,1809,1608,324,1932,9
2021-01-05,Humboldt,023,135768,2082,1884,7,1891,22
2021-01-05,Imperial,025,180216,24408,23165,1890,25055,421
2021-01-05,Inyo,027,18085,818,627,8,635,20
2021-01-05,Kern,029,883053,74762,68257,6243,74500,624
2021-01-05,Kings,031,150075,18038,16860,647,17507,108
2021-01-05,Lake,033,64148,2231,2015,0,2015,25
2021-01-05,Lassen,035,31185,4660,4554,56,4610,1
2021-01-05,Los Angeles,037,10098052,910627,823783,27959,851742,11028
2021-01-05,Madera,039,155013,12371,11359,558,11917,67
2021-01-05,Marin,041,260295,10738,10214,105,10319,151
2021-01-05,Mariposa,043,17540,304,257,2,259,3
2021-01-05,Mendocino,045,87422,2777,2501,34,2535,30
2021-01-05,Merced,047,269075,21495,20051,469,20520,230
2021-01-05,Modoc,049,8938,293,254,80,334,0
2021-01-05,Mono,051,14174,979,896,13,909,3
2021-01-05,Monterey,053,433212,32090,30045,855,30900,213
2021-01-05,Napa,055,140530,6822,6264,26,6290,29
2021-01-05,Nevada,057,99092,3087,2781,107,2888,15
2021-01-05,Orange,059,3164182,191877,174869,7677,182546,1918
2021-01-05,Placer,061,380077,16564,14723,714,15437,133
2021-01-05,Plumas,063,18699,529,428,9,437,2
2021-01-05,Riverside,065,2383286,219437,200439,10315,210754,2069
2021-01-05,Sacramento,067,1510023,73831,70677,765,71442,888
2021-01-05,San Benito,069,59416,4341,3961,36,3997,28
2021-01-05,San Bernardino,071,2135413,232367,212522,6542,219064,1615
2021-01-05,San Diego,073,3302833,194023,172845,8877,181722,1654
2021-01-05,San Francisco,075,870044,26675,24989,288,25277,196
2021-01-05,San Joaquin,077,732212,52247,48969,1973,50942,663
2021-01-05,San Luis Obispo,079,281455,13846,12027,307,12334,106
2021-01-05,San Mateo,081,765935,29762,26486,158,26644,198
2021-01-05,Santa Barbara,083,443738,21528,19063,637,19700,172
2021-01-05,Santa Clara,085,1922200,83352,76355,346,76701,729
2021-01-05,Santa Cruz,087,273765,11348,9753,445,10198,93
2021-01-05,Shasta,089,179085,9070,8345,853,9198,73
2021-01-05,Sierra,091,2930,37,31,6,37,0
2021-01-05,Siskiyou,093,43540,1155,985,146,1131,3
2021-01-05,Solano,095,438530,22633,20860,240,21100,97
2021-01-05,Sonoma,097,501317,21733,20247,118,20365,194
2021-01-05,Stanislaus,099,539301,39176,36363,3747,40110,553
2021-01-05,Sutter,101,95872,7147,6769,51,6820,59
2021-01-05,Tehama,103,63373,3535,3255,348,3603,9
2021-01-05,Trinity,105,12862,437,246,63,309,2
2021-01-05,Tulare,107,460477,38436,35585,4555,40140,455
2021-01-05,Tuolumne,109,53932,3079,2996,20,3016,13
2021-01-05,Ventura,111,848112,52313,46456,1881,48337,264
2021-01-05,Yolo,113,214977,9805,8980,87,9067,127
2021-01-05,Yuba,115,75493,4353,4053,44,4097,21
2021-01-04,Alameda,001,1643700,59668,55899,1180,57079,583
2021-01-04,Alpine,003,1148,71,68,0,68,0
2021-01-04,Amador,005,37829,2837,2596,22,2618,24
2021-01-04,Butte,007,227075,8805,7893,1076,8969,105
2021-01-04,Calaveras,009,45235,1331,1276,5,1281,21
2021-01-04,Colusa,011,21464,1442,1368,109,1477,7
2021-01-04,Contra Costa,013,1133247,46108,43019,715,43734,353
2021-01-04,Del Norte,015,27424,817,770,2,772,2
2021-01-04,El Dorado,017,186661,7062,6152,375,6527,27
2021-01-04,Fresno,019,978130,76326,69871,5483,75354,726
2021-01-04,Glenn,021,27897,1776,1590,319,1909,9
2021-01-04,Humboldt,023,135768,2046,1845,7,1852,22
2021-01-04,Imperial,025,180216,24255,23035,1837,24872,420
2021-01-04,Inyo,027,18085,791,623,8,631,20
2021-01-04,Kern,029,883053,73677,67418,6046,73464,623
2021-01-04,Kings,031,150075,17761,16801,622,17423,108
2021-01-04,Lake,033,64148,2192,1984,0,1984,25
2021-01-04,Lassen,035,31185,4638,4550,55,4605,1
2021-01-04,Los Angeles,037,10098052,890522,813022,27085,840107,10790
2021-01-04,Madera,039,155013,12151,11204,536,11740,67
2021-01-04,Marin,041,260295,10602,10115,102,10217,151
2021-01-04,Mariposa,043,17540,298,253,2,255,3
2021-01-04,Mendocino,045,87422,2737,2460,30,2490,28
2021-01-04,Merced,047,269075,21079,19804,450,20254,230
2021-01-04,Modoc,049,8938,277,250,78,328,0
2021-01-04,Mono,051,14174,968,895,13,908,3
2021-01-04,Monterey,053,433212,31461,29659,832,30491,212
2021-01-04,Napa,055,140530,6681,6187,26,6213,29
2021-01-04,Nevada,057,99092,3049,2765,104,2869,15
2021-01-04,Orange,059,3164182,187987,172458,7550,180008,1918
2021-01-04,Placer,061,380077,16305,14622,701,15323,133
2021-01-04,Plumas,063,18699,519,419,9,428,1
2021-01-04,Riverside,065,2383286,214890,196809,10124,206933,2066
2021-01-04,Sacramento,067,1510023,72770,70164,755,70919,870
2021-01-04,San Benito,069,59416,4228,3914,36,3950,28
2021-01-04,San Bernardino,071,2135413,228136,210868,6391,217259,1615
2021-01-04,San Diego,073,3302833,189449,171031,8681,179712,1598
2021-01-04,San Francisco,075,870044,26289,24753,282,25035,191
2021-01-04,San Joaquin,077,732212,51347,48644,1932,50576,661
2021-01-04,San Luis Obispo,079,281455,13360,11945,299,12244,96
2021-01-04,San Mateo,081,765935,29198,26150,153,26303,198
2021-01-04,Santa Barbara,083,443738,21007,18735,606,19341,165
2021-01-04,Santa Clara,085,1922200,81605,75297,338,75635,727
2021-01-04,Santa Cruz,087,273765,11060,9680,428,10108,85
2021-01-04,Shasta,089,179085,8965,8224,836,9060,72
2021-01-04,Sierra,091,2930,36,30,6,36,0
2021-01-04,Siskiyou,093,43540,1138,980,143,1123,3
2021-01-04,Solano,095,438530,22130,20588,233,20821,97
2021-01-04,Sonoma,097,501317,21393,20210,117,20327,194
2021-01-04,Stanislaus,099,539301,38613,36141,3692,39833,553
2021-01-04,Sutter,101,95872,7049,6712,50,6762,56
2021-01-04,Tehama,103,63373,3461,3190,343,3533,9
2021-01-04,Trinity,105,12862,434,245,63,308,2
2021-01-04,Tulare,107,460477,37877,35060,4452,39512,455
2021-01-04,Tuolumne,109,53932,3054,2987,20,3007,13
2021-01-04,Ventura,111,848112,50812,45014,1861,46875,255
2021-01-04,Yolo,113,214977,9608,8834,81,8915,121
2021-01-04,Yuba,115,75493,4295,4023,44,4067,21
2021-01-03,Alameda,001,1643700,58416,55082,1150,56232,580
2021-01-03,Alpine,003,1148,69,68,0,68,0
2021-01-03,Amador,005,37829,2773,2565,22,2587,24
2021-01-03,Butte,007,227075,8613,7837,1023,8860,105
2021-01-03,Calaveras,009,45235,1293,1249,3,1252,21
2021-01-03,Colusa,011,21464,1413,1337,103,1440,7
2021-01-03,Contra Costa,013,1133247,45220,42432,690,43122,352
2021-01-03,Del Norte,015,27424,804,768,2,770,2
2021-01-03,El Dorado,017,186661,6934,6034,358,6392,27
2021-01-03,Fresno,019,978130,75175,69326,5363,74689,719
2021-01-03,Glenn,021,27897,1750,1581,313,1894,9
2021-01-03,Humboldt,023,135768,2009,1833,7,1840,21
2021-01-03,Imperial,025,180216,23994,22951,1758,24709,419
2021-01-03,Inyo,027,18085,774,615,8,623,20
2021-01-03,Kern,029,883053,72419,66895,5869,72764,609
2021-01-03,Kings,031,150075,17485,16593,592,17185,108
2021-01-03,Lake,033,64148,2139,1976,0,1976,24
2021-01-03,Lassen,035,31185,4605,4531,54,4585,1
2021-01-03,Los Angeles,037,10098052,868500,792168,26017,818185,10633
2021-01-03,Madera,039,155013,11929,11152,513,11665,67
2021-01-03,Marin,041,260295,10453,10034,98,10132,150
2021-01-03,Mariposa,043,17540,291,248,2,250,3
2021-01-03,Mendocino,045,87422,2697,2445,29,2474,24
2021-01-03,Merced,047,269075,20612,19600,424,20024,230
2021-01-03,Modoc,049,8938,273,245,77,322,0
2021-01-03,Mono,051,14174,943,893,13,906,3
2021-01-03,Monterey,053,433212,30881,29357,799,30156,191
2021-01-03,Napa,055,140530,6580,6094,26,6120,29
2021-01-03,Nevada,057,99092,2988,2742,101,2843,15
2021-01-03,Orange,059,3164182,183797,169881,7357,177238,1919
2021-01-03,Placer,061,380077,16056,14319,677,14996,133
2021-01-03,Plumas,063,18699,506,416,9,425,1
2021-01-03,Riverside,065,2383286,210016,195048,9877,204925,2005
2021-01-03,Sacramento,067,1510023,71563,68558,734,69292,859
2021-01-03,San Benito,069,59416,4131,3882,35,3917,28
2021-01-03,San Bernardino,071,2135413,222869,208294,6218,214512,1592
2021-01-03,San Diego,073,3302833,184189,168018,8453,176471,1592
2021-01-03,San Francisco,075,870044,25792,24588,265,24853,193
2021-01-03,San Joaquin,077,732212,50222,47899,1874,49773,661
2021-01-03,San Luis Obispo,079,281455,12890,11636,290,11926,95
2021-01-03,San Mateo,081,765935,28605,25770,146,25916,196
2021-01-03,Santa Barbara,083,443738,20276,18267,589,18856,164
2021-01-03,Santa Clara,085,1922200,80053,74534,332,74866,720
2021-01-03,Santa Cruz,087,273765,10756,9528,412,9940,84
2021-01-03,Shasta,089,179085,8839,8192,796,8988,72
2021-01-03,Sierra,091,2930,36,30,6,36,0
2021-01-03,Siskiyou,093,43540,1105,976,134,1110,3
2021-01-03,Solano,095,438530,21598,20105,227,20332,97
2021-01-03,Sonoma,097,501317,21005,19982,113,20095,193
2021-01-03,Stanislaus,099,539301,37919,35762,3610,39372,553
2021-01-03,Sutter,101,95872,6952,6664,49,6713,53
2021-01-03,Tehama,103,63373,3405,3176,335,3511,9
2021-01-03,Trinity,105,12862,429,243,61,304,2
2021-01-03,Tulare,107,460477,37315,34747,4304,39051,455
2021-01-03,Tuolumne,109,53932,2994,2978,17,2995,13
2021-01-03,Ventura,111,848112,48989,43748,1843,45591,254
2021-01-03,Yolo,113,214977,9450,8674,77,8751,121
2021-01-03,Yuba,115,75493,4241,3966,43,4009,20
2021-01-02,Alameda,001,1643700,57787,54518,1121,55639,581
2021-01-02,Alpine,003,1148,69,68,0,68,0
2021-01-02,Amador,005,37829,2754,2540,22,2562,24
2021-01-02,Butte,007,227075,8506,7750,1004,8754,105
2021-01-02,Calaveras,009,45235,1273,1230,3,1233,21
2021-01-02,Colusa,011,21464,1403,1332,102,1434,7
2021-01-02,Contra Costa,013,1133247,44697,41993,679,42672,352
2021-01-02,Del Norte,015,27424,802,764,2,766,2
2021-01-02,El Dorado,017,186661,6879,5959,354,6313,27
2021-01-02,Fresno,019,978130,74632,68740,5253,73993,717
2021-01-02,Glenn,021,27897,1733,1546,312,1858,9
2021-01-02,Humboldt,023,135768,1982,1815,7,1822,21
2021-01-02,Imperial,025,180216,23913,22867,1721,24588,420
2021-01-02,Inyo,027,18085,761,609,8,617,20
2021-01-02,Kern,029,883053,71699,66457,5757,72214,610
2021-01-02,Kings,031,150075,17391,16515,588,17103,108
2021-01-02,Lake,033,64148,2101,1925,0,1925,24
2021-01-02,Lassen,035,31185,4594,4457,53,4510,1
2021-01-02,Los Angeles,037,10098052,860140,791892,25316,817208,10633
2021-01-02,Madera,039,155013,11818,11039,502,11541,67
2021-01-02,Marin,041,260295,10407,9924,95,10019,151
2021-01-02,Mariposa,043,17540,284,243,2,245,3
2021-01-02,Mendocino,045,87422,2654,2428,28,2456,24
2021-01-02,Merced,047,269075,20470,19395,408,19803,230
2021-01-02,Modoc,049,8938,272,245,77,322,0
2021-01-02,Mono,051,14174,932,884,13,897,3
2021-01-02,Monterey,053,433212,30678,28991,788,29779,191
2021-01-02,Napa,055,140530,6521,5994,26,6020,29
2021-01-02,Nevada,057,99092,2959,2706,97,2803,15
2021-01-02,Orange,059,3164182,181593,168457,7208,175665,1918
2021-01-02,Placer,061,380077,15883,14182,668,14850,133
2021-01-02,Plumas,063,18699,503,413,9,422,1
2021-01-02,Riverside,065,2383286,207380,192069,9652,201721,2008
2021-01-02,Sacramento,067,1510023,70923,67810,717,68527,858
2021-01-02,San Benito,069,59416,4048,3829,35,3864,28
2021-01-02,San Bernardino,071,2135413,221249,206939,6093,213032,1597
2021-01-02,San Diego,073,3302833,181590,164498,8256,172754,1592
2021-01-02,San Francisco,075,870044,25533,24414,258,24672,194
2021-01-02,San Joaquin,077,732212,49844,47310,1844,49154,662
2021-01-02,San Luis Obispo,079,281455,12754,11467,284,11751,95
2021-01-02,San Mateo,081,765935,28269,25483,138,25621,196
2021-01-02,Santa Barbara,083,443738,19987,18135,586,18721,164
2021-01-02,Santa Clara,085,1922200,78889,73662,325,73987,720
2021-01-02,Santa Cruz,087,273765,10601,9340,403,9743,85
2021-01-02,Shasta,089,179085,8773,8154,785,8939,72
2021-01-02,Sierra,091,2930,36,28,6,34,0
2021-01-02,Siskiyou,093,43540,1094,949,132,1081,3
2021-01-02,Solano,095,438530,21402,19805,217,20022,97
2021-01-02,Sonoma,097,501317,20839,19761,113,19874,194
2021-01-02,Stanislaus,099,539301,37597,35431,3545,38976,553
2021-01-02,Sutter,101,95872,6899,6621,49,6670,53
2021-01-02,Tehama,103,63373,3379,3146,331,3477,9
2021-01-02,Trinity,105,12862,426,243,61,304,2
2021-01-02,Tulare,107,460477,36998,34479,4229,38708,455
2021-01-02,Tuolumne,109,53932,2980,2942,15,2957,13
2021-01-02,Ventura,111,848112,47835,43397,1808,45205,254
2021-01-02,Yolo,113,214977,9355,8571,75,8646,122
2021-01-02,Yuba,115,75493,4202,3930,42,3972,21
2021-01-01,Alameda,001,1643700,57126,53518,1105,54623,579
2021-01-01,Alpine,003,1148,69,68,0,68,0
2021-01-01,Amador,005,37829,2728,2513,20,2533,24
2021-01-01,Butte,007,227075,8405,7589,979,8568,105
2021-01-01,Calaveras,009,45235,1258,1186,3,1189,21
2021-01-01,Colusa,011,21464,1394,1314,100,1414,7
2021-01-01,Contra Costa,013,1133247,44215,41412,660,42072,351
2021-01-01,Del Norte,015,27424,796,758,2,760,2
2021-01-01,El Dorado,017,186661,6787,5832,346,6178,27
2021-01-01,Fresno,019,978130,73559,67484,5167,72651,717
2021-01-01,Glenn,021,27897,1716,1520,303,1823,9
2021-01-01,Humboldt,023,135768,1943,1783,7,1790,21
2021-01-01,Imperial,025,180216,23827,22715,1670,24385,418
2021-01-01,Inyo,027,18085,737,606,8,614,20
2021-01-01,Kern,029,883053,70873,65571,5649,71220,609
2021-01-01,Kings,031,150075,17208,16358,581,16939,108
2021-01-01,Lake,033,64148,2069,1888,0,1888,24
2021-01-01,Lassen,035,31185,4588,4377,53,4430,1
2021-01-01,Los Angeles,037,10098052,845950,775578,24618,800196,10515
2021-01-01,Madera,039,155013,11658,10752,493,11245,66
2021-01-01,Marin,041,260295,10301,9821,95,9916,148
2021-01-01,Mariposa,043,17540,276,236,2,238,3
2021-01-01,Mendocino,045,87422,2600,2400,28,2428,24
2021-01-01,Merced,047,269075,20286,19118,392,19510,229
2021-01-01,Modoc,049,8938,272,241,77,318,0
2021-01-01,Mono,051,14174,914,884,12,896,3
2021-01-01,Monterey,053,433212,30454,28465,780,29245,191
2021-01-01,Napa,055,140530,6435,5899,26,5925,28
2021-01-01,Nevada,057,99092,2935,2663,97,2760,15
2021-01-01,Orange,059,3164182,178795,165440,7064,172504,1893
2021-01-01,Placer,061,380077,15693,13987,652,14639,133
2021-01-01,Plumas,063,18699,498,412,9,421,1
2021-01-01,Riverside,065,2383286,204200,188674,9396,198070,1990
2021-01-01,Sacramento,067,1510023,70325,66956,700,67656,848
2021-01-01,San Benito,069,59416,4010,3773,35,3808,28
2021-01-01,San Bernardino,071,2135413,218444,203651,5961,209612,1590
2021-01-01,San Diego,073,3302833,178517,160071,8077,168148,1592
2021-01-01,San Francisco,075,870044,25258,24145,247,24392,187
2021-01-01,San Joaquin,077,732212,49557,46640,1798,48438,657
2021-01-01,San Luis Obispo,079,281455,12526,11160,276,11436,94
2021-01-01,San Mateo,081,765935,27821,25041,134,25175,194
2021-01-01,Santa Barbara,083,443738,19667,17759,576,18335,164
2021-01-01,Santa Clara,085,1922200,77626,71904,320,72224,680
2021-01-01,Santa Cruz,087,273765,10421,9146,393,9539,84
2021-01-01,Shasta,089,179085,8692,8102,768,8870,72
2021-01-01,Sierra,091,2930,36,26,6,32,0
2021-01-01,Siskiyou,093,43540,1080,944,127,1071,3
2021-01-01,Solano,095,438530,21190,19393,215,19608,97
2021-01-01,Sonoma,097,501317,20647,19513,113,19626,189
2021-01-01,Stanislaus,099,539301,37310,34978,3480,38458,553
2021-01-01,Sutter,101,95872,6842,6553,48,6601,52
2021-01-01,Tehama,103,63373,3321,3079,325,3404,9
2021-01-01,Trinity,105,12862,426,243,61,304,2
2021-01-01,Tulare,107,460477,36594,33994,4134,38128,454
2021-01-01,Tuolumne,109,53932,2964,2909,15,2924,13
2021-01-01,Ventura,111,848112,46342,42026,1781,43807,253
2021-01-01,Yolo,113,214977,9245,8461,72,8533,120
2021-01-01,Yuba,115,75493,4148,3845,41,3886,19
2020-12-31,Alameda,001,1643700,56584,52475,1074,53549,579
2020-12-31,Alpine,003,1148,69,66,0,66,0
2020-12-31,Amador,005,37829,2714,2493,20,2513,24
2020-12-31,Butte,007,227075,8331,7405,960,8365,105
2020-12-31,Calaveras,009,45235,1247,1161,3,1164,21
2020-12-31,Colusa,011,21464,1386,1301,97,1398,7
2020-12-31,Contra Costa,013,1133247,43837,40512,645,41157,336
2020-12-31,Del Norte,015,27424,795,748,2,750,2
2020-12-31,El Dorado,017,186661,6735,5662,337,5999,26
2020-12-31,Fresno,019,978130,73126,66442,5104,71546,711
2020-12-31,Glenn,021,27897,1689,1484,295,1779,9
2020-12-31,Humboldt,023,135768,1926,1713,7,1720,21
2020-12-31,Imperial,025,180216,23762,22494,1654,24148,417
2020-12-31,Inyo,027,18085,729,591,8,599,20
2020-12-31,Kern,029,883053,70403,64904,5557,70461,609
2020-12-31,Kings,031,150075,17133,16077,573,16650,108
2020-12-31,Lake,033,64148,2055,1848,0,1848,23
2020-12-31,Lassen,035,31185,4582,4340,52,4392,1
2020-12-31,Los Angeles,037,10098052,840623,755844,24151,779995,10320
2020-12-31,Madera,039,155013,11585,10609,485,11094,64
2020-12-31,Marin,041,260295,10258,9731,94,9825,148
2020-12-31,Mariposa,043,17540,274,217,2,219,3
2020-12-31,Mendocino,045,87422,2585,2367,24,2391,24
2020-12-31,Merced,047,269075,20196,18808,383,19191,226
2020-12-31,Modoc,049,8938,272,238,77,315,0
2020-12-31,Mono,051,14174,906,868,12,880,3
2020-12-31,Monterey,053,433212,30252,27720,768,28488,188
2020-12-31,Napa,055,140530,6372,5801,26,5827,28
2020-12-31,Nevada,057,99092,2912,2619,95,2714,15
2020-12-31,Orange,059,3164182,176914,161586,6931,168517,1866
2020-12-31,Placer,061,380077,15537,13708,649,14357,126
2020-12-31,Plumas,063,18699,493,401,8,409,1
2020-12-31,Riverside,065,2383286,202539,184193,9263,193456,1958
2020-12-31,Sacramento,067,1510023,69805,65817,689,66506,830
2020-12-31,San Benito,069,59416,3987,3673,35,3708,28
2020-12-31,San Bernardino,071,2135413,216856,199115,5891,205006,1586
2020-12-31,San Diego,073,3302833,176754,155593,7978,163571,1534
2020-12-31,San Francisco,075,870044,25030,23740,240,23980,183
2020-12-31,San Joaquin,077,732212,49245,45764,1760,47524,646
2020-12-31,San Luis Obispo,079,281455,12412,10846,276,11122,89
2020-12-31,San Mateo,081,765935,27492,24570,128,24698,192
2020-12-31,Santa Barbara,083,443738,19423,17434,569,18003,161
2020-12-31,Santa Clara,085,1922200,76844,70032,315,70347,665
2020-12-31,Santa Cruz,087,273765,10303,8909,381,9290,84
2020-12-31,Shasta,089,179085,8626,7996,758,8754,69
2020-12-31,Sierra,091,2930,36,26,6,32,0
2020-12-31,Siskiyou,093,43540,1064,940,124,1064,3
2020-12-31,Solano,095,438530,20961,18942,214,19156,97
2020-12-31,Sonoma,097,501317,20527,19129,112,19241,188
2020-12-31,Stanislaus,099,539301,37007,34398,3429,37827,552
2020-12-31,Sutter,101,95872,6811,6432,48,6480,51
2020-12-31,Tehama,103,63373,3289,3036,324,3360,9
2020-12-31,Trinity,105,12862,425,241,61,302,2
2020-12-31,Tulare,107,460477,36426,33412,4071,37483,446
2020-12-31,Tuolumne,109,53932,2955,2902,15,2917,12
2020-12-31,Ventura,111,848112,45832,40854,1764,42618,251
2020-12-31,Yolo,113,214977,9160,8295,71,8366,117
2020-12-31,Yuba,115,75493,4107,3799,40,3839,18
2020-12-30,Alameda,001,1643700,55821,50158,1023,51181,573
2020-12-30,Alpine,003,1148,69,66,0,66,0
2020-12-30,Amador,005,37829,2694,2418,19,2437,24
2020-12-30,Butte,007,227075,8170,7140,943,8083,103
2020-12-30,Calaveras,009,45235,1222,1135,3,1138,21
2020-12-30,Colusa,011,21464,1370,1289,91,1380,7
2020-12-30,Contra Costa,013,1133247,43254,39601,633,40234,337
2020-12-30,Del Norte,015,27424,790,726,2,728,2
2020-12-30,El Dorado,017,186661,6634,5595,327,5922,27
2020-12-30,Fresno,019,978130,72279,65566,4950,70516,711
2020-12-30,Glenn,021,27897,1658,1471,282,1753,9
2020-12-30,Humboldt,023,135768,1892,1654,7,1661,22
2020-12-30,Imperial,025,180216,23595,22098,1578,23676,412
2020-12-30,Inyo,027,18085,722,572,8,580,20
2020-12-30,Kern,029,883053,69675,63292,5413,68705,604
2020-12-30,Kings,031,150075,17014,15862,565,16427,108
2020-12-30,Lake,033,64148,2032,1731,0,1731,23
2020-12-30,Lassen,035,31185,4573,4300,52,4352,1
2020-12-30,Los Angeles,037,10098052,829726,741907,23453,765360,10046
2020-12-30,Madera,039,155013,11475,10249,474,10723,65
2020-12-30,Marin,041,260295,10168,9569,87,9656,148
2020-12-30,Mariposa,043,17540,270,214,2,216,3
2020-12-30,Mendocino,045,87422,2567,2291,21,2312,24
2020-12-30,Merced,047,269075,19905,18519,373,18892,225
2020-12-30,Modoc,049,8938,269,234,77,311,0
2020-12-30,Mono,051,14174,903,868,12,880,3
2020-12-30,Monterey,053,433212,29622,26977,746,27723,186
2020-12-30,Napa,055,140530,6266,5754,26,5780,28
2020-12-30,Nevada,057,99092,2877,2595,93,2688,15
2020-12-30,Orange,059,3164182,174258,153951,6741,160692,1863
2020-12-30,Placer,061,380077,15307,13540,637,14177,127
2020-12-30,Plumas,063,18699,488,397,8,405,1
2020-12-30,Riverside,065,2383286,199590,176402,9078,185480,1919
2020-12-30,Sacramento,067,1510023,68941,64119,671,64790,847
2020-12-30,San Benito,069,59416,3906,3464,31,3495,29
2020-12-30,San Bernardino,071,2135413,214290,192648,5805,198453,1591
2020-12-30,San Diego,073,3302833,173121,152510,7803,160313,1472
2020-12-30,San Francisco,075,870044,24737,23099,235,23334,182
2020-12-30,San Joaquin,077,732212,48553,44465,1718,46183,634
2020-12-30,San Luis Obispo,079,281455,12144,10542,268,10810,89
2020-12-30,San Mateo,081,765935,27063,24150,124,24274,190
2020-12-30,Santa Barbara,083,443738,19023,16895,547,17442,161
2020-12-30,Santa Clara,085,1922200,75587,67218,311,67529,661
2020-12-30,Santa Cruz,087,273765,10107,8787,372,9159,86
2020-12-30,Shasta,089,179085,8512,7818,744,8562,69
2020-12-30,Sierra,091,2930,36,25,6,31,0
2020-12-30,Siskiyou,093,43540,1057,913,115,1028,3
2020-12-30,Solano,095,438530,20569,18300,211,18511,96
2020-12-30,Sonoma,097,501317,20268,18947,112,19059,191
2020-12-30,Stanislaus,099,539301,36536,33730,3355,37085,526
2020-12-30,Sutter,101,95872,6749,6328,46,6374,51
2020-12-30,Tehama,103,63373,3245,2969,320,3289,9
2020-12-30,Trinity,105,12862,424,231,60,291,2
2020-12-30,Tulare,107,460477,35876,32413,4006,36419,430
2020-12-30,Tuolumne,109,53932,2945,2772,13,2785,12
2020-12-30,Ventura,111,848112,44544,39039,1740,40779,251
2020-12-30,Yolo,113,214977,9052,8067,69,8136,117
2020-12-30,Yuba,115,75493,4036,3612,40,3652,18
2020-12-29,Alameda,001,1643700,54760,50946,988,51934,552
2020-12-29,Alpine,003,1148,69,65,0,65,0
2020-12-29,Amador,005,37829,2642,2388,18,2406,23
2020-12-29,Butte,007,227075,7997,7178,921,8099,98
2020-12-29,Calaveras,009,45235,1177,1111,2,1113,21
2020-12-29,Colusa,011,21464,1349,1272,86,1358,7
2020-12-29,Contra Costa,013,1133247,42451,39225,602,39827,325
2020-12-29,Del Norte,015,27424,783,724,2,726,2
2020-12-29,El Dorado,017,186661,6505,5551,314,5865,22
2020-12-29,Fresno,019,978130,70903,65149,4794,69943,688
2020-12-29,Glenn,021,27897,1624,1454,275,1729,9
2020-12-29,Humboldt,023,135768,1845,1616,7,1623,19
2020-12-29,Imperial,025,180216,23384,22105,1492,23597,407
2020-12-29,Inyo,027,18085,705,571,8,579,19
2020-12-29,Kern,029,883053,68507,63096,5242,68338,589
2020-12-29,Kings,031,150075,16845,15777,553,16330,108
2020-12-29,Lake,033,64148,2001,1805,0,1805,22
2020-12-29,Lassen,035,31185,4558,4288,52,4340,1
2020-12-29,Los Angeles,037,10098052,809541,731907,22588,754495,9786
2020-12-29,Madera,039,155013,11162,10251,459,10710,64
2020-12-29,Marin,041,260295,10016,9595,84,9679,146
2020-12-29,Mariposa,043,17540,262,212,2,214,3
2020-12-29,Mendocino,045,87422,2524,2249,20,2269,24
2020-12-29,Merced,047,269075,19555,18464,358,18822,221
2020-12-29,Modoc,049,8938,266,232,77,309,0
2020-12-29,Mono,051,14174,894,868,12,880,3
2020-12-29,Monterey,053,433212,28970,26894,719,27613,185
2020-12-29,Napa,055,140530,6148,5663,26,5689,28
2020-12-29,Nevada,057,99092,2829,2550,92,2642,15
2020-12-29,Orange,059,3164182,170463,154411,6573,160984,1839
2020-12-29,Placer,061,380077,15096,13392,615,14007,126
2020-12-29,Plumas,063,18699,479,395,8,403,1
2020-12-29,Riverside,065,2383286,194986,177624,8824,186448,1904
2020-12-29,Sacramento,067,1510023,67895,65078,657,65735,820
2020-12-29,San Benito,069,59416,3787,3474,30,3504,25
2020-12-29,San Bernardino,071,2135413,209470,190476,5668,196144,1557
2020-12-29,San Diego,073,3302833,168898,150062,7572,157634,1435
2020-12-29,San Francisco,075,870044,24397,22996,227,23223,178
2020-12-29,San Joaquin,077,732212,47631,44699,1663,46362,622
2020-12-29,San Luis Obispo,079,281455,11848,10387,260,10647,80
2020-12-29,San Mateo,081,765935,26521,23773,112,23885,189
2020-12-29,Santa Barbara,083,443738,18554,16797,521,17318,155
2020-12-29,Santa Clara,085,1922200,74036,67581,308,67889,621
2020-12-29,Santa Cruz,087,273765,9837,8492,363,8855,84
2020-12-29,Shasta,089,179085,8408,7782,729,8511,65
2020-12-29,Sierra,091,2930,34,24,5,29,0
2020-12-29,Siskiyou,093,43540,1042,926,113,1039,3
2020-12-29,Solano,095,438530,20187,18412,206,18618,96
2020-12-29,Sonoma,097,501317,19932,18790,110,18900,187
2020-12-29,Stanislaus,099,539301,36044,33775,3291,37066,508
2020-12-29,Sutter,101,95872,6681,6302,46,6348,50
2020-12-29,Tehama,103,63373,3175,2962,306,3268,9
2020-12-29,Trinity,105,12862,423,241,60,301,2
2020-12-29,Tulare,107,460477,35216,32545,3873,36418,419
2020-12-29,Tuolumne,109,53932,2904,2797,13,2810,12
2020-12-29,Ventura,111,848112,43290,38669,1714,40383,235
2020-12-29,Yolo,113,214977,8923,8124,67,8191,111
2020-12-29,Yuba,115,75493,3954,3723,40,3763,18
2020-12-28,Alameda,001,1643700,53727,50405,968,51373,551
2020-12-28,Alpine,003,1148,68,65,0,65,0
2020-12-28,Amador,005,37829,2572,2255,18,2273,23
2020-12-28,Butte,007,227075,7830,7053,891,7944,86
2020-12-28,Calaveras,009,45235,1154,1102,2,1104,21
2020-12-28,Colusa,011,21464,1324,1255,72,1327,7
2020-12-28,Contra Costa,013,1133247,41513,38872,575,39447,324
2020-12-28,Del Norte,015,27424,773,718,2,720,2
2020-12-28,El Dorado,017,186661,6349,5441,302,5743,18
2020-12-28,Fresno,019,978130,69631,64274,4643,68917,679
2020-12-28,Glenn,021,27897,1590,1435,263,1698,9
2020-12-28,Humboldt,023,135768,1810,1579,7,1586,19
2020-12-28,Imperial,025,180216,23125,22003,1419,23422,405
2020-12-28,Inyo,027,18085,698,569,8,577,19
2020-12-28,Kern,029,883053,67439,62392,5038,67430,579
2020-12-28,Kings,031,150075,16628,15733,536,16269,108
2020-12-28,Lake,033,64148,1960,1785,0,1785,22
2020-12-28,Lassen,035,31185,4451,4284,51,4335,1
2020-12-28,Los Angeles,037,10098052,787197,720699,21775,742474,9544
2020-12-28,Madera,039,155013,10988,10123,436,10559,64
2020-12-28,Marin,041,260295,9908,9546,78,9624,145
2020-12-28,Mariposa,043,17540,238,211,2,213,3
2020-12-28,Mendocino,045,87422,2489,2214,20,2234,23
2020-12-28,Merced,047,269075,19235,18245,340,18585,213
2020-12-28,Modoc,049,8938,261,220,76,296,0
2020-12-28,Mono,051,14174,890,848,12,860,3
2020-12-28,Monterey,053,433212,28121,26529,708,27237,182
2020-12-28,Napa,055,140530,6039,5576,26,5602,26
2020-12-28,Nevada,057,99092,2781,2532,88,2620,15
2020-12-28,Orange,059,3164182,166358,152089,6395,158484,1839
2020-12-28,Placer,061,380077,14757,13234,588,13822,126
2020-12-28,Plumas,063,18699,475,391,8,399,0
2020-12-28,Riverside,065,2383286,190085,174029,8533,182562,1855
2020-12-28,Sacramento,067,1510023,66662,64322,632,64954,813
2020-12-28,San Benito,069,59416,3718,3429,29,3458,24
2020-12-28,San Bernardino,071,2135413,204375,188919,5551,194470,1552
2020-12-28,San Diego,073,3302833,164154,147528,7390,154918,1404
2020-12-28,San Francisco,075,870044,24037,22726,222,22948,178
2020-12-28,San Joaquin,077,732212,46697,44172,1631,45803,618
2020-12-28,San Luis Obispo,079,281455,11495,10260,256,10516,76
2020-12-28,San Mateo,081,765935,26046,23467,108,23575,189
2020-12-28,Santa Barbara,083,443738,18086,16579,509,17088,155
2020-12-28,Santa Clara,085,1922200,72549,66418,301,66719,619
2020-12-28,Santa Cruz,087,273765,9569,8310,353,8663,81
2020-12-28,Shasta,089,179085,8291,7688,716,8404,65
2020-12-28,Sierra,091,2930,32,24,4,28,0
2020-12-28,Siskiyou,093,43540,1026,915,108,1023,3
2020-12-28,Solano,095,438530,19615,18171,200,18371,96
2020-12-28,Sonoma,097,501317,19584,18667,108,18775,185
2020-12-28,Stanislaus,099,539301,35499,33473,3227,36700,507
2020-12-28,Sutter,101,95872,6598,6253,46,6299,49
2020-12-28,Tehama,103,63373,3122,2934,296,3230,9
2020-12-28,Trinity,105,12862,421,240,60,300,2
2020-12-28,Tulare,107,460477,34531,32010,3765,35775,404
2020-12-28,Tuolumne,109,53932,2887,2777,13,2790,12
2020-12-28,Ventura,111,848112,41621,37151,1667,38818,230
2020-12-28,Yolo,113,214977,8768,8031,66,8097,111
2020-12-28,Yuba,115,75493,3893,3679,39,3718,18
2020-12-27,Alameda,001,1643700,52487,49764,941,50705,551
2020-12-27,Alpine,003,1148,66,65,0,65,0
2020-12-27,Amador,005,37829,2451,2218,18,2236,23
2020-12-27,Butte,007,227075,7675,7016,856,7872,86
2020-12-27,Calaveras,009,45235,1107,1097,2,1099,21
2020-12-27,Colusa,011,21464,1299,1253,69,1322,7
2020-12-27,Contra Costa,013,1133247,40582,38428,546,38974,324
2020-12-27,Del Norte,015,27424,750,712,2,714,2
2020-12-27,El Dorado,017,186661,6135,5388,279,5667,18
2020-12-27,Fresno,019,978130,68383,63811,4436,68247,679
2020-12-27,Glenn,021,27897,1562,1434,249,1683,9
2020-12-27,Humboldt,023,135768,1766,1575,7,1582,17
2020-12-27,Imperial,025,180216,22829,21934,1306,23240,405
2020-12-27,Inyo,027,18085,676,565,7,572,18
2020-12-27,Kern,029,883053,66160,61914,4865,66779,568
2020-12-27,Kings,031,150075,16391,15593,502,16095,108
2020-12-27,Lake,033,64148,1904,1769,0,1769,22
2020-12-27,Lassen,035,31185,4374,4230,44,4274,1
2020-12-27,Los Angeles,037,10098052,765709,707260,20882,728142,9476
2020-12-27,Madera,039,155013,10730,10005,426,10431,64
2020-12-27,Marin,041,260295,9785,9477,72,9549,144
2020-12-27,Mariposa,043,17540,231,208,2,210,3
2020-12-27,Mendocino,045,87422,2442,2209,20,2229,23
2020-12-27,Merced,047,269075,18867,18075,324,18399,213
2020-12-27,Modoc,049,8938,252,221,72,293,0
2020-12-27,Mono,051,14174,877,849,12,861,3
2020-12-27,Monterey,053,433212,27563,26322,691,27013,181
2020-12-27,Napa,055,140530,5905,5496,26,5522,26
2020-12-27,Nevada,057,99092,2745,2519,88,2607,15
2020-12-27,Orange,059,3164182,161960,149276,6207,155483,1839
2020-12-27,Placer,061,380077,14461,13017,556,13573,126
2020-12-27,Plumas,063,18699,469,390,8,398,0
2020-12-27,Riverside,065,2383286,185168,171995,8227,180222,1836
2020-12-27,Sacramento,067,1510023,65457,63416,609,64025,811
2020-12-27,San Benito,069,59416,3632,3394,29,3423,24
2020-12-27,San Bernardino,071,2135413,199303,186776,5414,192190,1551
2020-12-27,San Diego,073,3302833,159747,145777,7203,152980,1402
2020-12-27,San Francisco,075,870044,23690,22514,213,22727,178
2020-12-27,San Joaquin,077,732212,45661,43529,1581,45110,618
2020-12-27,San Luis Obispo,079,281455,11087,10154,251,10405,76
2020-12-27,San Mateo,081,765935,25482,23136,104,23240,187
2020-12-27,Santa Barbara,083,443738,17560,16364,482,16846,155
2020-12-27,Santa Clara,085,1922200,70926,65288,296,65584,619
2020-12-27,Santa Cruz,087,273765,9303,8234,344,8578,81
2020-12-27,Shasta,089,179085,8165,7671,694,8365,65
2020-12-27,Sierra,091,2930,32,24,3,27,0
2020-12-27,Siskiyou,093,43540,1016,914,103,1017,3
2020-12-27,Solano,095,438530,19120,17840,194,18034,96
2020-12-27,Sonoma,097,501317,19292,18487,107,18594,185
2020-12-27,Stanislaus,099,539301,34888,33076,3134,36210,506
2020-12-27,Sutter,101,95872,6516,6218,44,6262,48
2020-12-27,Tehama,103,63373,3054,2922,279,3201,9
2020-12-27,Trinity,105,12862,414,240,58,298,2
2020-12-27,Tulare,107,460477,33935,31864,3646,35510,400
2020-12-27,Tuolumne,109,53932,2782,2750,11,2761,12
2020-12-27,Ventura,111,848112,40558,36661,1614,38275,230
2020-12-27,Yolo,113,214977,8577,7919,61,7980,111
2020-12-27,Yuba,115,75493,3829,3665,37,3702,18
2020-12-26,Alameda,001,1643700,51877,49084,928,50012,551
2020-12-26,Alpine,003,1148,66,65,0,65,0
2020-12-26,Amador,005,37829,2437,2189,18,2207,23
2020-12-26,Butte,007,227075,7580,6968,833,7801,86
2020-12-26,Calaveras,009,45235,1101,1084,2,1086,21
2020-12-26,Colusa,011,21464,1289,1240,69,1309,7
2020-12-26,Contra Costa,013,1133247,40118,38008,532,38540,324
2020-12-26,Del Norte,015,27424,744,709,2,711,2
2020-12-26,El Dorado,017,186661,6080,5279,275,5554,18
2020-12-26,Fresno,019,978130,67913,63080,4372,67452,679
2020-12-26,Glenn,021,27897,1541,1413,243,1656,9
2020-12-26,Humboldt,023,135768,1728,1545,7,1552,17
2020-12-26,Imperial,025,180216,22738,21734,1254,22988,405
2020-12-26,Inyo,027,18085,663,554,7,561,18
2020-12-26,Kern,029,883053,65488,61174,4716,65890,564
2020-12-26,Kings,031,150075,16273,15517,498,16015,108
2020-12-26,Lake,033,64148,1862,1710,0,1710,22
2020-12-26,Lassen,035,31185,4353,3981,44,4025,1
2020-12-26,Los Angeles,037,10098052,757155,694149,20378,714527,9424
2020-12-26,Madera,039,155013,10653,9908,414,10322,64
2020-12-26,Marin,041,260295,9750,9413,71,9484,143
2020-12-26,Mariposa,043,17540,230,206,2,208,3
2020-12-26,Mendocino,045,87422,2396,2194,20,2214,23
2020-12-26,Merced,047,269075,18708,17890,319,18209,213
2020-12-26,Modoc,049,8938,249,222,72,294,0
2020-12-26,Mono,051,14174,871,850,12,862,3
2020-12-26,Monterey,053,433212,27426,26010,682,26692,182
2020-12-26,Napa,055,140530,5847,5427,26,5453,26
2020-12-26,Nevada,057,99092,2717,2480,88,2568,15
2020-12-26,Orange,059,3164182,159755,147304,6114,153418,1838
2020-12-26,Placer,061,380077,14291,12816,541,13357,122
2020-12-26,Plumas,063,18699,466,381,8,389,0
2020-12-26,Riverside,065,2383286,182681,169360,8066,177426,1834
2020-12-26,Sacramento,067,1510023,64834,62435,599,63034,807
2020-12-26,San Benito,069,59416,3559,3330,29,3359,24
2020-12-26,San Bernardino,071,2135413,197637,185111,5332,190443,1551
2020-12-26,San Diego,073,3302833,157222,142644,7056,149700,1402
2020-12-26,San Francisco,075,870044,23455,22319,213,22532,177
2020-12-26,San Joaquin,077,732212,45276,42887,1532,44419,618
2020-12-26,San Luis Obispo,079,281455,11000,9945,246,10191,76
2020-12-26,San Mateo,081,765935,25143,22908,99,23007,187
2020-12-26,Santa Barbara,083,443738,17321,16159,476,16635,155
2020-12-26,Santa Clara,085,1922200,69857,64185,294,64479,618
2020-12-26,Santa Cruz,087,273765,9177,8113,335,8448,81
2020-12-26,Shasta,089,179085,8106,7641,681,8322,65
2020-12-26,Sierra,091,2930,32,24,3,27,0
2020-12-26,Siskiyou,093,43540,1009,909,99,1008,2
2020-12-26,Solano,095,438530,18875,17528,194,17722,96
2020-12-26,Sonoma,097,501317,19090,18261,105,18366,184
2020-12-26,Stanislaus,099,539301,34595,32678,3082,35760,505
2020-12-26,Sutter,101,95872,6457,6121,44,6165,48
2020-12-26,Tehama,103,63373,3026,2884,274,3158,9
2020-12-26,Trinity,105,12862,412,237,57,294,2
2020-12-26,Tulare,107,460477,33633,31665,3591,35256,398
2020-12-26,Tuolumne,109,53932,2771,2703,11,2714,12
2020-12-26,Ventura,111,848112,39593,36064,1583,37647,230
2020-12-26,Yolo,113,214977,8475,7785,59,7844,111
2020-12-26,Yuba,115,75493,3801,3599,37,3636,18
2020-12-25,Alameda,001,1643700,51314,48365,913,49278,542
2020-12-25,Alpine,003,1148,66,64,0,64,0
2020-12-25,Amador,005,37829,2394,2172,18,2190,23
2020-12-25,Butte,007,227075,7480,6873,815,7688,85
2020-12-25,Calaveras,009,45235,1098,1062,2,1064,21
2020-12-25,Colusa,011,21464,1277,1219,68,1287,7
2020-12-25,Contra Costa,013,1133247,39649,37480,506,37986,324
2020-12-25,Del Norte,015,27424,741,692,2,694,2
2020-12-25,El Dorado,017,186661,6015,5170,262,5432,16
2020-12-25,Fresno,019,978130,67048,62251,4290,66541,679
2020-12-25,Glenn,021,27897,1525,1390,236,1626,9
2020-12-25,Humboldt,023,135768,1688,1532,7,1539,16
2020-12-25,Imperial,025,180216,22643,21646,1242,22888,405
2020-12-25,Inyo,027,18085,654,546,7,553,18
2020-12-25,Kern,029,883053,64759,60417,4569,64986,562
2020-12-25,Kings,031,150075,16162,15460,494,15954,108
2020-12-25,Lake,033,64148,1843,1669,0,1669,20
2020-12-25,Lassen,035,31185,4338,3926,44,3970,1
2020-12-25,Los Angeles,037,10098052,743512,665600,19697,685297,9292
2020-12-25,Madera,039,155013,10485,9770,407,10177,64
2020-12-25,Marin,041,260295,9701,9375,68,9443,143
2020-12-25,Mariposa,043,17540,224,203,2,205,3
2020-12-25,Mendocino,045,87422,2353,2176,20,2196,23
2020-12-25,Merced,047,269075,18547,17726,312,18038,213
2020-12-25,Modoc,049,8938,248,221,72,293,0
2020-12-25,Mono,051,14174,869,843,12,855,3
2020-12-25,Monterey,053,433212,27149,25788,673,26461,182
2020-12-25,Napa,055,140530,5770,5351,26,5377,26
2020-12-25,Nevada,057,99092,2691,2458,86,2544,15
2020-12-25,Orange,059,3164182,157076,144542,5922,150464,1814
2020-12-25,Placer,061,380077,14106,12660,519,13179,122
2020-12-25,Plumas,063,18699,459,381,8,389,0
2020-12-25,Riverside,065,2383286,179396,166690,7750,174440,1825
2020-12-25,Sacramento,067,1510023,64143,61630,572,62202,796
2020-12-25,San Benito,069,59416,3519,3281,27,3308,24
2020-12-25,San Bernardino,071,2135413,195002,181812,5216,187028,1546
2020-12-25,San Diego,073,3302833,154742,139958,6878,146836,1402
2020-12-25,San Francisco,075,870044,23179,22130,208,22338,175
2020-12-25,San Joaquin,077,732212,44969,42089,1477,43566,614
2020-12-25,San Luis Obispo,079,281455,10817,9749,239,9988,76
2020-12-25,San Mateo,081,765935,24821,22568,97,22665,187
2020-12-25,Santa Barbara,083,443738,17097,15936,469,16405,155
2020-12-25,Santa Clara,085,1922200,68748,63173,285,63458,612
2020-12-25,Santa Cruz,087,273765,9034,8018,313,8331,81
2020-12-25,Shasta,089,179085,8032,7612,658,8270,65
2020-12-25,Sierra,091,2930,32,24,3,27,0
2020-12-25,Siskiyou,093,43540,1003,905,96,1001,2
2020-12-25,Solano,095,438530,18703,17280,192,17472,96
2020-12-25,Sonoma,097,501317,18914,18035,103,18138,184
2020-12-25,Stanislaus,099,539301,34299,32290,3034,35324,498
2020-12-25,Sutter,101,95872,6398,6051,43,6094,47
2020-12-25,Tehama,103,63373,2978,2839,261,3100,9
2020-12-25,Trinity,105,12862,408,236,57,293,2
2020-12-25,Tulare,107,460477,33245,31323,3526,34849,398
2020-12-25,Tuolumne,109,53932,2752,2674,11,2685,12
2020-12-25,Ventura,111,848112,38437,35514,1535,37049,230
2020-12-25,Yolo,113,214977,8379,7700,57,7757,111
2020-12-25,Yuba,115,75493,3765,3549,36,3585,17
2020-12-24,Alameda,001,1643700,50973,47527,894,48421,541
2020-12-24,Alpine,003,1148,66,64,0,64,0
2020-12-24,Amador,005,37829,2382,2145,18,2163,23
2020-12-24,Butte,007,227075,7441,6716,801,7517,84
2020-12-24,Calaveras,009,45235,1095,1032,2,1034,21
2020-12-24,Colusa,011,21464,1272,1188,67,1255,7
2020-12-24,Contra Costa,013,1133247,39404,36623,495,37118,311
2020-12-24,Del Norte,015,27424,741,678,2,680,2
2020-12-24,El Dorado,017,186661,5989,5042,254,5296,16
2020-12-24,Fresno,019,978130,66825,61435,4276,65711,663
2020-12-24,Glenn,021,27897,1514,1363,228,1591,9
2020-12-24,Humboldt,023,135768,1665,1516,7,1523,16
2020-12-24,Imperial,025,180216,22594,21545,1233,22778,402
2020-12-24,Inyo,027,18085,652,532,7,539,17
2020-12-24,Kern,029,883053,64472,59601,4556,64157,556
2020-12-24,Kings,031,150075,16122,15211,493,15704,108
2020-12-24,Lake,033,64148,1828,1629,0,1629,20
2020-12-24,Lassen,035,31185,4325,3894,44,3938,1
2020-12-24,Los Angeles,037,10098052,739344,664840,19438,684278,9288
2020-12-24,Madera,039,155013,10445,9547,400,9947,63
2020-12-24,Marin,041,260295,9667,9287,68,9355,143
2020-12-24,Mariposa,043,17540,220,197,2,199,3
2020-12-24,Mendocino,045,87422,2342,2150,20,2170,23
2020-12-24,Merced,047,269075,18476,17485,308,17793,212
2020-12-24,Modoc,049,8938,248,220,71,291,0
2020-12-24,Mono,051,14174,867,817,12,829,3
2020-12-24,Monterey,053,433212,27037,25131,666,25797,180
2020-12-24,Napa,055,140530,5715,5265,26,5291,26
2020-12-24,Nevada,057,99092,2667,2429,86,2515,15
2020-12-24,Orange,059,3164182,155595,141205,5871,147076,1775
2020-12-24,Placer,061,380077,14017,12457,512,12969,121
2020-12-24,Plumas,063,18699,456,376,8,384,0
2020-12-24,Riverside,065,2383286,178464,162435,7710,170145,1816
2020-12-24,Sacramento,067,1510023,63869,60596,570,61166,788
2020-12-24,San Benito,069,59416,3488,3183,27,3210,24
2020-12-24,San Bernardino,071,2135413,193964,176866,5182,182048,1533
2020-12-24,San Diego,073,3302833,153658,136952,6846,143798,1382
2020-12-24,San Francisco,075,870044,23011,21830,205,22035,175
2020-12-24,San Joaquin,077,732212,44805,41324,1459,42783,611
2020-12-24,San Luis Obispo,079,281455,10748,9504,237,9741,77
2020-12-24,San Mateo,081,765935,24625,22093,97,22190,186
2020-12-24,Santa Barbara,083,443738,16992,15644,461,16105,153
2020-12-24,Santa Clara,085,1922200,68142,61742,278,62020,591
2020-12-24,Santa Cruz,087,273765,8963,7856,301,8157,82
2020-12-24,Shasta,089,179085,7991,7540,641,8181,65
2020-12-24,Sierra,091,2930,29,23,1,24,0
2020-12-24,Siskiyou,093,43540,998,900,90,990,2
2020-12-24,Solano,095,438530,18562,16872,187,17059,96
2020-12-24,Sonoma,097,501317,18816,17710,103,17813,183
2020-12-24,Stanislaus,099,539301,34098,31848,3009,34857,498
2020-12-24,Sutter,101,95872,6357,5960,42,6002,47
2020-12-24,Tehama,103,63373,2960,2779,260,3039,9
2020-12-24,Trinity,105,12862,407,235,57,292,2
2020-12-24,Tulare,107,460477,33125,30827,3500,34327,390
2020-12-24,Tuolumne,109,53932,2744,2653,11,2664,12
2020-12-24,Ventura,111,848112,38157,34400,1528,35928,224
2020-12-24,Yolo,113,214977,8337,7566,57,7623,113
2020-12-24,Yuba,115,75493,3740,3483,36,3519,16
2020-12-23,Alameda,001,1643700,50400,46753,868,47621,537
2020-12-23,Alpine,003,1148,66,64,0,64,0
2020-12-23,Amador,005,37829,2313,2108,17,2125,23
2020-12-23,Butte,007,227075,7353,6588,775,7363,84
2020-12-23,Calaveras,009,45235,1087,1002,1,1003,21
2020-12-23,Colusa,011,21464,1261,1167,67,1234,7
2020-12-23,Contra Costa,013,1133247,39004,36190,482,36672,311
2020-12-23,Del Norte,015,27424,734,670,2,672,2
2020-12-23,El Dorado,017,186661,5914,4967,246,5213,14
2020-12-23,Fresno,019,978130,66217,60488,4210,64698,654
2020-12-23,Glenn,021,27897,1500,1349,224,1573,9
2020-12-23,Humboldt,023,135768,1640,1458,7,1465,16
2020-12-23,Imperial,025,180216,22499,21323,1204,22527,399
2020-12-23,Inyo,027,18085,640,517,7,524,17
2020-12-23,Kern,029,883053,63955,58656,4462,63118,549
2020-12-23,Kings,031,150075,16044,14923,490,15413,105
2020-12-23,Lake,033,64148,1814,1595,0,1595,20
2020-12-23,Lassen,035,31185,4315,3865,41,3906,1
2020-12-23,Los Angeles,037,10098052,730291,651958,18907,670865,9146
2020-12-23,Madera,039,155013,10286,9371,386,9757,63
2020-12-23,Marin,041,260295,9609,9199,65,9264,142
2020-12-23,Mariposa,043,17540,218,194,2,196,3
2020-12-23,Mendocino,045,87422,2330,2121,20,2141,23
2020-12-23,Merced,047,269075,18320,17250,301,17551,203
2020-12-23,Modoc,049,8938,244,197,70,267,0
2020-12-23,Mono,051,14174,864,814,12,826,3
2020-12-23,Monterey,053,433212,26737,24856,659,25515,176
2020-12-23,Napa,055,140530,5647,5172,26,5198,25
2020-12-23,Nevada,057,99092,2622,2406,85,2491,15
2020-12-23,Orange,059,3164182,153145,138050,5704,143754,1771
2020-12-23,Placer,061,380077,13807,12213,504,12717,111
2020-12-23,Plumas,063,18699,449,369,8,377,0
2020-12-23,Riverside,065,2383286,176191,158110,7552,165662,1790
2020-12-23,Sacramento,067,1510023,63221,59661,556,60217,779
2020-12-23,San Benito,069,59416,3434,3073,25,3098,24
2020-12-23,San Bernardino,071,2135413,191924,172888,5113,178001,1509
2020-12-23,San Diego,073,3302833,151232,134695,6709,141404,1350
2020-12-23,San Francisco,075,870044,22789,21498,202,21700,174
2020-12-23,San Joaquin,077,732212,44280,35664,1417,37081,602
2020-12-23,San Luis Obispo,079,281455,10606,9267,232,9499,74
2020-12-23,San Mateo,081,765935,24323,21780,95,21875,186
2020-12-23,Santa Barbara,083,443738,16784,15399,435,15834,152
2020-12-23,Santa Clara,085,1922200,67233,60455,273,60728,579
2020-12-23,Santa Cruz,087,273765,8803,7637,283,7920,75
2020-12-23,Shasta,089,179085,7918,7487,635,8122,66
2020-12-23,Sierra,091,2930,27,23,1,24,0
2020-12-23,Siskiyou,093,43540,977,891,89,980,2
2020-12-23,Solano,095,438530,18354,16626,182,16808,95
2020-12-23,Sonoma,097,501317,18612,17397,103,17500,182
2020-12-23,Stanislaus,099,539301,33752,31492,2956,34448,499
2020-12-23,Sutter,101,95872,6291,5871,42,5913,46
2020-12-23,Tehama,103,63373,2942,2737,256,2993,9
2020-12-23,Trinity,105,12862,407,234,56,290,2
2020-12-23,Tulare,107,460477,32833,30315,3461,33776,385
2020-12-23,Tuolumne,109,53932,2705,2540,11,2551,12
2020-12-23,Ventura,111,848112,37760,33377,1499,34876,216
2020-12-23,Yolo,113,214977,8259,7508,56,7564,112
2020-12-23,Yuba,115,75493,3687,3438,36,3474,14
2020-12-22,Alameda,001,1643700,49515,45751,838,46589,534
2020-12-22,Alpine,003,1148,66,64,0,64,0
2020-12-22,Amador,005,37829,2302,1839,17,1856,23
2020-12-22,Butte,007,227075,7225,6467,760,7227,85
2020-12-22,Calaveras,009,45235,1060,988,0,988,21
2020-12-22,Colusa,011,21464,1238,1150,63,1213,7
2020-12-22,Contra Costa,013,1133247,38377,35681,470,36151,301
2020-12-22,Del Norte,015,27424,727,666,2,668,2
2020-12-22,El Dorado,017,186661,5791,4885,234,5119,12
2020-12-22,Fresno,019,978130,65183,59640,4104,63744,640
2020-12-22,Glenn,021,27897,1477,1337,213,1550,9
2020-12-22,Humboldt,023,135768,1607,1440,7,1447,16
2020-12-22,Imperial,025,180216,22310,21128,1161,22289,398
2020-12-22,Inyo,027,18085,620,506,7,513,17
2020-12-22,Kern,029,883053,63003,57816,4325,62141,547
2020-12-22,Kings,031,150075,15902,14855,484,15339,102
2020-12-22,Lake,033,64148,1790,1569,0,1569,20
2020-12-22,Lassen,035,31185,4173,3848,39,3887,1
2020-12-22,Los Angeles,037,10098052,713040,635931,18220,654151,9013
2020-12-22,Madera,039,155013,10168,9187,370,9557,63
2020-12-22,Marin,041,260295,9545,9115,64,9179,142
2020-12-22,Mariposa,043,17540,215,194,2,196,3
2020-12-22,Mendocino,045,87422,2297,2092,20,2112,23
2020-12-22,Merced,047,269075,18074,17012,296,17308,201
2020-12-22,Modoc,049,8938,236,182,69,251,0
2020-12-22,Mono,051,14174,858,786,12,798,3
2020-12-22,Monterey,053,433212,26068,24152,638,24790,176
2020-12-22,Napa,055,140530,5558,5059,26,5085,23
2020-12-22,Nevada,057,99092,2594,2367,84,2451,14
2020-12-22,Orange,059,3164182,149804,134850,5532,140382,1774
2020-12-22,Placer,061,380077,13563,11943,484,12427,105
2020-12-22,Plumas,063,18699,443,360,8,368,0
2020-12-22,Riverside,065,2383286,172380,155059,7283,162342,1777
2020-12-22,Sacramento,067,1510023,62293,57966,537,58503,772
2020-12-22,San Benito,069,59416,3356,2998,25,3023,24
2020-12-22,San Bernardino,071,2135413,187346,169266,4965,174231,1500
2020-12-22,San Diego,073,3302833,147873,132097,6547,138644,1311
2020-12-22,San Francisco,075,870044,22520,21232,198,21430,174
2020-12-22,San Joaquin,077,732212,43522,39423,1368,40791,592
2020-12-22,San Luis Obispo,079,281455,10261,9174,227,9401,69
2020-12-22,San Mateo,081,765935,23996,21382,79,21461,186
2020-12-22,Santa Barbara,083,443738,16519,15189,425,15614,150
2020-12-22,Santa Clara,085,1922200,66066,59192,265,59457,569
2020-12-22,Santa Cruz,087,273765,8624,7471,257,7728,72
2020-12-22,Shasta,089,179085,7840,7371,618,7989,64
2020-12-22,Sierra,091,2930,27,23,0,23,0
2020-12-22,Siskiyou,093,43540,971,880,88,968,2
2020-12-22,Solano,095,438530,17951,16229,179,16408,95
2020-12-22,Sonoma,097,501317,18294,17216,103,17319,180
2020-12-22,Stanislaus,099,539301,33368,30914,2884,33798,499
2020-12-22,Sutter,101,95872,6230,5791,41,5832,46
2020-12-22,Tehama,103,63373,2892,2688,249,2937,9
2020-12-22,Trinity,105,12862,406,231,56,287,2
2020-12-22,Tulare,107,460477,32368,30025,3394,33419,377
2020-12-22,Tuolumne,109,53932,2654,2526,11,2537,12
2020-12-22,Ventura,111,848112,36995,32488,1456,33944,213
2020-12-22,Yolo,113,214977,8146,7388,55,7443,113
2020-12-22,Yuba,115,75493,3636,3379,36,3415,14
2020-12-21,Alameda,001,1643700,48613,44756,811,45567,518
2020-12-21,Alpine,003,1148,65,64,0,64,0
2020-12-21,Amador,005,37829,2225,1815,17,1832,23
2020-12-21,Butte,007,227075,7070,6335,736,7071,81
2020-12-21,Calaveras,009,45235,1030,963,0,963,21
2020-12-21,Colusa,011,21464,1211,1135,58,1193,7
2020-12-21,Contra Costa,013,1133247,37626,35207,433,35640,300
2020-12-21,Del Norte,015,27424,712,660,2,662,2
2020-12-21,El Dorado,017,186661,5644,4805,221,5026,10
2020-12-21,Fresno,019,978130,64031,58568,3960,62528,634
2020-12-21,Glenn,021,27897,1445,1323,205,1528,9
2020-12-21,Humboldt,023,135768,1584,1419,7,1426,16
2020-12-21,Imperial,025,180216,22041,20994,1116,22110,395
2020-12-21,Inyo,027,18085,599,482,7,489,17
2020-12-21,Kern,029,883053,62113,56836,4188,61024,541
2020-12-21,Kings,031,150075,15652,14760,469,15229,100
2020-12-21,Lake,033,64148,1735,1538,0,1538,20
2020-12-21,Lassen,035,31185,4013,3798,37,3835,1
2020-12-21,Los Angeles,037,10098052,693959,624129,17539,641668,8918
2020-12-21,Madera,039,155013,9974,9069,350,9419,63
2020-12-21,Marin,041,260295,9476,9035,64,9099,142
2020-12-21,Mariposa,043,17540,210,186,2,188,3
2020-12-21,Mendocino,045,87422,2266,2066,20,2086,23
2020-12-21,Merced,047,269075,17824,16710,280,16990,198
2020-12-21,Modoc,049,8938,222,181,68,249,0
2020-12-21,Mono,051,14174,846,781,12,793,3
2020-12-21,Monterey,053,433212,25536,23673,624,24297,174
2020-12-21,Napa,055,140530,5471,4952,26,4978,23
2020-12-21,Nevada,057,99092,2561,2337,84,2421,13
2020-12-21,Orange,059,3164182,146392,130444,5378,135822,1772
2020-12-21,Placer,061,380077,13331,11715,465,12180,105
2020-12-21,Plumas,063,18699,439,353,8,361,0
2020-12-21,Riverside,065,2383286,168155,151713,6957,158670,1743
2020-12-21,Sacramento,067,1510023,61272,57064,519,57583,759
2020-12-21,San Benito,069,59416,3288,2921,25,2946,22
2020-12-21,San Bernardino,071,2135413,182554,165086,4800,169886,1476
2020-12-21,San Diego,073,3302833,144422,129716,6383,136099,1284
2020-12-21,San Francisco,075,870044,22234,21086,196,21282,174
2020-12-21,San Joaquin,077,732212,42726,38811,1317,40128,586
2020-12-21,San Luis Obispo,079,281455,10072,9006,222,9228,64
2020-12-21,San Mateo,081,765935,23591,21035,76,21111,185
2020-12-21,Santa Barbara,083,443738,16245,14988,420,15408,149
2020-12-21,Santa Clara,085,1922200,64873,57699,253,57952,570
2020-12-21,Santa Cruz,087,273765,8412,7315,244,7559,69
2020-12-21,Shasta,089,179085,7775,7299,608,7907,64
2020-12-21,Sierra,091,2930,24,23,0,23,0
2020-12-21,Siskiyou,093,43540,963,878,87,965,2
2020-12-21,Solano,095,438530,17481,15878,174,16052,95
2020-12-21,Sonoma,097,501317,18021,17075,99,17174,176
2020-12-21,Stanislaus,099,539301,32911,30437,2809,33246,499
2020-12-21,Sutter,101,95872,6134,5708,41,5749,46
2020-12-21,Tehama,103,63373,2824,2656,241,2897,9
2020-12-21,Trinity,105,12862,404,226,54,280,2
2020-12-21,Tulare,107,460477,31868,29482,3305,32787,373
2020-12-21,Tuolumne,109,53932,2629,2423,9,2432,12
2020-12-21,Ventura,111,848112,35914,31759,1419,33178,212
2020-12-21,Yolo,113,214977,8001,7266,51,7317,109
2020-12-21,Yuba,115,75493,3577,3329,36,3365,14
2020-12-20,Alameda,001,1643700,47733,44004,788,44792,516
2020-12-20,Alpine,003,1148,65,64,0,64,0
2020-12-20,Amador,005,37829,2167,1771,17,1788,23
2020-12-20,Butte,007,227075,6925,6228,700,6928,81
2020-12-20,Calaveras,009,45235,1006,926,0,926,21
2020-12-20,Colusa,011,21464,1183,1121,52,1173,7
2020-12-20,Contra Costa,013,1133247,37040,34798,416,35214,301
2020-12-20,Del Norte,015,27424,690,652,2,654,2
2020-12-20,El Dorado,017,186661,5519,4697,212,4909,10
2020-12-20,Fresno,019,978130,63040,57616,3823,61439,634
2020-12-20,Glenn,021,27897,1436,1295,198,1493,9
2020-12-20,Humboldt,023,135768,1547,1386,6,1392,15
2020-12-20,Imperial,025,180216,21800,20882,1011,21893,395
2020-12-20,Inyo,027,18085,584,476,7,483,17
2020-12-20,Kern,029,883053,61015,55983,4033,60016,540
2020-12-20,Kings,031,150075,15432,14629,452,15081,100
2020-12-20,Lake,033,64148,1689,1463,0,1463,20
2020-12-20,Lassen,035,31185,3959,3669,35,3704,1
2020-12-20,Los Angeles,037,10098052,675879,612975,16799,629774,8862
2020-12-20,Madera,039,155013,9764,8871,341,9212,63
2020-12-20,Marin,041,260295,9378,8948,60,9008,142
2020-12-20,Mariposa,043,17540,209,179,2,181,3
2020-12-20,Mendocino,045,87422,2241,2033,20,2053,23
2020-12-20,Merced,047,269075,17508,16435,273,16708,198
2020-12-20,Modoc,049,8938,222,181,66,247,0
2020-12-20,Mono,051,14174,828,774,12,786,3
2020-12-20,Monterey,053,433212,25052,23250,583,23833,173
2020-12-20,Napa,055,140530,5350,4865,24,4889,23
2020-12-20,Nevada,057,99092,2515,2289,78,2367,13
2020-12-20,Orange,059,3164182,142888,128780,5229,134009,1763
2020-12-20,Placer,061,380077,13105,11496,446,11942,105
2020-12-20,Plumas,063,18699,431,347,8,355,0
2020-12-20,Riverside,065,2383286,163948,148714,6665,155379,1742
2020-12-20,Sacramento,067,1510023,60272,56017,499,56516,755
2020-12-20,San Benito,069,59416,3216,2885,24,2909,21
2020-12-20,San Bernardino,071,2135413,177569,162810,4642,167452,1458
2020-12-20,San Diego,073,3302833,140704,126465,6213,132678,1280
2020-12-20,San Francisco,075,870044,21919,20937,193,21130,174
2020-12-20,San Joaquin,077,732212,41884,38268,1256,39524,587
2020-12-20,San Luis Obispo,079,281455,9780,8881,216,9097,63
2020-12-20,San Mateo,081,765935,23157,20764,72,20836,185
2020-12-20,Santa Barbara,083,443738,15923,14817,400,15217,148
2020-12-20,Santa Clara,085,1922200,63465,56860,247,57107,566
2020-12-20,Santa Cruz,087,273765,8204,7178,231,7409,69
2020-12-20,Shasta,089,179085,7661,7256,594,7850,64
2020-12-20,Sierra,091,2930,24,22,0,22,0
2020-12-20,Siskiyou,093,43540,953,870,86,956,2
2020-12-20,Solano,095,438530,17103,15533,163,15696,95
2020-12-20,Sonoma,097,501317,17746,16802,98,16900,175
2020-12-20,Stanislaus,099,539301,32384,29995,2707,32702,498
2020-12-20,Sutter,101,95872,6047,5601,41,5642,43
2020-12-20,Tehama,103,63373,2774,2602,223,2825,9
2020-12-20,Trinity,105,12862,396,221,53,274,2
2020-12-20,Tulare,107,460477,31351,29078,3209,32287,373
2020-12-20,Tuolumne,109,53932,2519,2152,8,2160,12
2020-12-20,Ventura,111,848112,35212,31335,1386,32721,210
2020-12-20,Yolo,113,214977,7850,7121,48,7169,109
2020-12-20,Yuba,115,75493,3530,3254,34,3288,12
2020-12-19,Alameda,001,1643700,47288,43109,781,43890,516
2020-12-19,Alpine,003,1148,65,64,0,64,0
2020-12-19,Amador,005,37829,2143,1754,17,1771,23
2020-12-19,Butte,007,227075,6825,6118,677,6795,81
2020-12-19,Calaveras,009,45235,989,900,0,900,21
2020-12-19,Colusa,011,21464,1175,1096,50,1146,7
2020-12-19,Contra Costa,013,1133247,36726,34321,402,34723,301
2020-12-19,Del Norte,015,27424,688,641,1,642,2
2020-12-19,El Dorado,017,186661,5452,4588,204,4792,10
2020-12-19,Fresno,019,978130,62715,55428,3755,59183,634
2020-12-19,Glenn,021,27897,1401,1286,197,1483,9
2020-12-19,Humboldt,023,135768,1530,1357,6,1363,15
2020-12-19,Imperial,025,180216,21710,20711,964,21675,395
2020-12-19,Inyo,027,18085,577,475,7,482,17
2020-12-19,Kern,029,883053,60530,55118,3925,59043,540
2020-12-19,Kings,031,150075,15353,14474,450,14924,100
2020-12-19,Lake,033,64148,1654,1438,0,1438,20
2020-12-19,Lassen,035,31185,3931,3595,35,3630,1
2020-12-19,Los Angeles,037,10098052,668780,599888,16264,616152,8804
2020-12-19,Madera,039,155013,9672,8717,329,9046,63
2020-12-19,Marin,041,260295,9339,8864,60,8924,142
2020-12-19,Mariposa,043,17540,207,177,2,179,3
2020-12-19,Mendocino,045,87422,2216,2008,20,2028,23
2020-12-19,Merced,047,269075,17369,16230,265,16495,198
2020-12-19,Modoc,049,8938,219,181,66,247,0
2020-12-19,Mono,051,14174,821,766,12,778,3
2020-12-19,Monterey,053,433212,24937,22799,577,23376,172
2020-12-19,Napa,055,140530,5288,4772,24,4796,23
2020-12-19,Nevada,057,99092,2493,2260,78,2338,13
2020-12-19,Orange,059,3164182,140966,125574,5078,130652,1733
2020-12-19,Placer,061,380077,12950,11246,440,11686,105
2020-12-19,Plumas,063,18699,428,343,8,351,0
2020-12-19,Riverside,065,2383286,161960,146703,6429,153132,1737
2020-12-19,Sacramento,067,1510023,59740,55169,485,55654,746
2020-12-19,San Benito,069,59416,3170,2820,23,2843,21
2020-12-19,San Bernardino,071,2135413,176001,159883,4535,164418,1433
2020-12-19,San Diego,073,3302833,138937,122972,6074,129046,1280
2020-12-19,San Francisco,075,870044,21768,20643,193,20836,174
2020-12-19,San Joaquin,077,732212,41482,37340,1206,38546,586
2020-12-19,San Luis Obispo,079,281455,9709,8788,213,9001,63
2020-12-19,San Mateo,081,765935,22947,20393,65,20458,182
2020-12-19,Santa Barbara,083,443738,15767,14667,394,15061,148
2020-12-19,Santa Clara,085,1922200,62654,55540,243,55783,558
2020-12-19,Santa Cruz,087,273765,8100,7054,226,7280,68
2020-12-19,Shasta,089,179085,7609,7221,582,7803,63
2020-12-19,Sierra,091,2930,24,23,0,23,0
2020-12-19,Siskiyou,093,43540,949,853,85,938,2
2020-12-19,Solano,095,438530,16937,15204,159,15363,95
2020-12-19,Sonoma,097,501317,17638,16553,98,16651,175
2020-12-19,Stanislaus,099,539301,32065,29555,2635,32190,498
2020-12-19,Sutter,101,95872,5990,5506,41,5547,41
2020-12-19,Tehama,103,63373,2724,2574,221,2795,9
2020-12-19,Trinity,105,12862,395,219,53,272,2
2020-12-19,Tulare,107,460477,31129,28734,3143,31877,375
2020-12-19,Tuolumne,109,53932,2506,2107,8,2115,12
2020-12-19,Ventura,111,848112,34931,30843,1356,32199,209
2020-12-19,Yolo,113,214977,7781,7025,47,7072,109
2020-12-19,Yuba,115,75493,3498,3168,34,3202,11
2020-12-18,Alameda,001,1643700,46752,42196,765,42961,515
2020-12-18,Alpine,003,1148,65,64,0,64,0
2020-12-18,Amador,005,37829,2126,1727,15,1742,20
2020-12-18,Butte,007,227075,6740,5891,651,6542,81
2020-12-18,Calaveras,009,45235,979,870,0,870,21
2020-12-18,Colusa,011,21464,1166,1068,50,1118,7
2020-12-18,Contra Costa,013,1133247,36441,33610,390,34000,300
2020-12-18,Del Norte,015,27424,683,627,0,627,2
2020-12-18,El Dorado,017,186661,5390,4494,195,4689,10
2020-12-18,Fresno,019,978130,61887,52643,3691,56334,613
2020-12-18,Glenn,021,27897,1384,1264,192,1456,9
2020-12-18,Humboldt,023,135768,1515,1331,6,1337,15
2020-12-18,Imperial,025,180216,21632,20430,917,21347,393
2020-12-18,Inyo,027,18085,557,454,7,461,17
2020-12-18,Kern,029,883053,59870,54220,3840,58060,533
2020-12-18,Kings,031,150075,15227,14284,444,14728,98
2020-12-18,Lake,033,64148,1643,1397,0,1397,20
2020-12-18,Lassen,035,31185,3923,3486,35,3521,1
2020-12-18,Los Angeles,037,10098052,656641,586413,15763,602176,8744
2020-12-18,Madera,039,155013,9570,8609,324,8933,63
2020-12-18,Marin,041,260295,9255,8799,60,8859,142
2020-12-18,Mariposa,043,17540,204,176,2,178,3
2020-12-18,Mendocino,045,87422,2198,1977,20,1997,24
2020-12-18,Merced,047,269075,17288,15956,262,16218,195
2020-12-18,Modoc,049,8938,219,179,66,245,0
2020-12-18,Mono,051,14174,813,731,12,743,3
2020-12-18,Monterey,053,433212,24643,22336,571,22907,165
2020-12-18,Napa,055,140530,5239,4688,24,4712,23
2020-12-18,Nevada,057,99092,2476,2220,77,2297,13
2020-12-18,Orange,059,3164182,138530,121681,4929,126610,1725
2020-12-18,Placer,061,380077,12779,10995,431,11426,104
2020-12-18,Plumas,063,18699,422,336,8,344,0
2020-12-18,Riverside,065,2383286,159119,142375,6160,148535,1733
2020-12-18,Sacramento,067,1510023,59114,53980,469,54449,736
2020-12-18,San Benito,069,59416,3121,2744,23,2767,21
2020-12-18,San Bernardino,071,2135413,173701,154272,4401,158673,1430
2020-12-18,San Diego,073,3302833,136759,120463,5935,126398,1253
2020-12-18,San Francisco,075,870044,21601,20315,187,20502,173
2020-12-18,San Joaquin,077,732212,41124,36484,1175,37659,559
2020-12-18,San Luis Obispo,079,281455,9611,8598,208,8806,62
2020-12-18,San Mateo,081,765935,22633,19971,61,20032,182
2020-12-18,Santa Barbara,083,443738,15626,14361,381,14742,148
2020-12-18,Santa Clara,085,1922200,61781,53992,234,54226,539
2020-12-18,Santa Cruz,087,273765,7985,6838,218,7056,68
2020-12-18,Shasta,089,179085,7571,7114,571,7685,62
2020-12-18,Sierra,091,2930,24,23,0,23,0
2020-12-18,Siskiyou,093,43540,947,840,85,925,2
2020-12-18,Solano,095,438530,16784,14667,155,14822,95
2020-12-18,Sonoma,097,501317,17518,16261,98,16359,173
2020-12-18,Stanislaus,099,539301,31792,28967,2599,31566,490
2020-12-18,Sutter,101,95872,5906,5399,41,5440,39
2020-12-18,Tehama,103,63373,2709,2523,211,2734,9
2020-12-18,Trinity,105,12862,394,215,53,268,2
2020-12-18,Tulare,107,460477,30852,28322,3064,31386,370
2020-12-18,Tuolumne,109,53932,2495,2067,8,2075,12
2020-12-18,Ventura,111,848112,34427,29907,1313,31220,209
2020-12-18,Yolo,113,214977,7713,6901,46,6947,109
2020-12-18,Yuba,115,75493,3440,3097,34,3131,11
2020-12-17,Alameda,001,1643700,45944,41548,732,42280,508
2020-12-17,Alpine,003,1148,65,64,0,64,0
2020-12-17,Amador,005,37829,2078,1703,13,1716,19
2020-12-17,Butte,007,227075,6614,5746,633,6379,78
2020-12-17,Calaveras,009,45235,956,848,0,848,21
2020-12-17,Colusa,011,21464,1155,1053,48,1101,7
2020-12-17,Contra Costa,013,1133247,35917,33006,356,33362,293
2020-12-17,Del Norte,015,27424,678,583,0,583,1
2020-12-17,El Dorado,017,186661,5245,4327,183,4510,9
2020-12-17,Fresno,019,978130,61024,49918,3565,53483,597
2020-12-17,Glenn,021,27897,1360,1244,185,1429,9
2020-12-17,Humboldt,023,135768,1482,1322,6,1328,14
2020-12-17,Imperial,025,180216,21467,20208,847,21055,391
2020-12-17,Inyo,027,18085,539,450,6,456,16
2020-12-17,Kern,029,883053,58913,53683,3707,57390,526
2020-12-17,Kings,031,150075,15124,14057,429,14486,98
2020-12-17,Lake,033,64148,1618,1374,0,1374,20
2020-12-17,Lassen,035,31185,3887,3417,35,3452,1
2020-12-17,Los Angeles,037,10098052,640985,571093,15211,586304,8657
2020-12-17,Madera,039,155013,9453,8465,320,8785,62
2020-12-17,Marin,041,260295,9191,8721,58,8779,142
2020-12-17,Mariposa,043,17540,200,172,2,174,3
2020-12-17,Mendocino,045,87422,2164,1942,20,1962,23
2020-12-17,Merced,047,269075,17025,15648,254,15902,192
2020-12-17,Modoc,049,8938,216,179,66,245,0
2020-12-17,Mono,051,14174,800,718,12,730,3
2020-12-17,Monterey,053,433212,24124,21951,556,22507,163
2020-12-17,Napa,055,140530,5127,4612,24,4636,23
2020-12-17,Nevada,057,99092,2435,2173,74,2247,13
2020-12-17,Orange,059,3164182,135149,118367,4793,123160,1725
2020-12-17,Placer,061,380077,12505,10756,417,11173,99
2020-12-17,Plumas,063,18699,413,324,8,332,0
2020-12-17,Riverside,065,2383286,155235,139325,5944,145269,1696
2020-12-17,Sacramento,067,1510023,58208,53189,446,53635,721
2020-12-17,San Benito,069,59416,3052,2645,22,2667,20
2020-12-17,San Bernardino,071,2135413,169766,149838,4284,154122,1425
2020-12-17,San Diego,073,3302833,133958,116852,5779,122631,1239
2020-12-17,San Francisco,075,870044,21314,19939,182,20121,170
2020-12-17,San Joaquin,077,732212,40397,35894,1138,37032,554
2020-12-17,San Luis Obispo,079,281455,9491,8365,206,8571,59
2020-12-17,San Mateo,081,765935,22262,19647,61,19708,181
2020-12-17,Santa Barbara,083,443738,15393,14207,374,14581,147
2020-12-17,Santa Clara,085,1922200,60613,52559,228,52787,527
2020-12-17,Santa Cruz,087,273765,7830,6687,204,6891,64
2020-12-17,Shasta,089,179085,7494,7000,552,7552,62
2020-12-17,Sierra,091,2930,23,23,0,23,0
2020-12-17,Siskiyou,093,43540,940,827,84,911,2
2020-12-17,Solano,095,438530,16478,14361,153,14514,96
2020-12-17,Sonoma,097,501317,17246,15993,97,16090,171
2020-12-17,Stanislaus,099,539301,31366,28582,2540,31122,489
2020-12-17,Sutter,101,95872,5807,5309,40,5349,39
2020-12-17,Tehama,103,63373,2661,2480,205,2685,9
2020-12-17,Trinity,105,12862,389,213,53,266,2
2020-12-17,Tulare,107,460477,30458,27852,2986,30838,358
2020-12-17,Tuolumne,109,53932,2204,1992,8,2000,11
2020-12-17,Ventura,111,848112,33817,29404,1276,30680,208
2020-12-17,Yolo,113,214977,7588,6800,45,6845,105
2020-12-17,Yuba,115,75493,3381,3035,32,3067,12
2020-12-16,Alameda,001,1643700,45090,40751,705,41456,497
2020-12-16,Alpine,003,1148,65,64,0,64,0
2020-12-16,Amador,005,37829,2031,1693,12,1705,19
2020-12-16,Butte,007,227075,6425,5659,604,6263,76
2020-12-16,Calaveras,009,45235,921,821,0,821,21
2020-12-16,Colusa,011,21464,1142,1038,43,1081,7
2020-12-16,Contra Costa,013,1133247,35360,32429,336,32765,293
2020-12-16,Del Norte,015,27424,676,575,0,575,1
2020-12-16,El Dorado,017,186661,5124,4237,174,4411,9
2020-12-16,Fresno,019,978130,60066,49173,3469,52642,584
2020-12-16,Glenn,021,27897,1342,1236,174,1410,9
2020-12-16,Humboldt,023,135768,1450,1308,5,1313,12
2020-12-16,Imperial,025,180216,21284,19980,781,20761,388
2020-12-16,Inyo,027,18085,526,444,6,450,16
2020-12-16,Kern,029,883053,58036,52896,3575,56471,522
2020-12-16,Kings,031,150075,14944,13734,412,14146,99
2020-12-16,Lake,033,64148,1578,1363,0,1363,20
2020-12-16,Lassen,035,31185,3854,3396,34,3430,1
2020-12-16,Los Angeles,037,10098052,624460,557907,14527,572434,8561
2020-12-16,Madera,039,155013,9328,8278,312,8590,62
2020-12-16,Marin,041,260295,9120,8641,58,8699,142
2020-12-16,Mariposa,043,17540,197,175,2,177,3
2020-12-16,Mendocino,045,87422,2129,1929,20,1949,23
2020-12-16,Merced,047,269075,16739,15443,250,15693,190
2020-12-16,Modoc,049,8938,213,178,66,244,0
2020-12-16,Mono,051,14174,781,702,12,714,3
2020-12-16,Monterey,053,433212,23565,21107,545,21652,163
2020-12-16,Napa,055,140530,5030,4544,24,4568,23
2020-12-16,Nevada,057,99092,2399,2149,72,2221,13
2020-12-16,Orange,059,3164182,131671,115260,4626,119886,1712
2020-12-16,Placer,061,380077,12268,10554,396,10950,96
2020-12-16,Plumas,063,18699,404,319,8,327,0
2020-12-16,Riverside,065,2383286,151110,135751,5695,141446,1664
2020-12-16,Sacramento,067,1510023,57235,52166,421,52587,715
2020-12-16,San Benito,069,59416,2961,2582,22,2604,20
2020-12-16,San Bernardino,071,2135413,165159,143565,4149,147714,1403
2020-12-16,San Diego,073,3302833,130854,114248,5625,119873,1217
2020-12-16,San Francisco,075,870044,21055,19624,182,19806,170
2020-12-16,San Joaquin,077,732212,39572,35010,1098,36108,547
2020-12-16,San Luis Obispo,079,281455,9296,8252,197,8449,58
2020-12-16,San Mateo,081,765935,21936,19292,57,19349,179
2020-12-16,Santa Barbara,083,443738,15143,13966,362,14328,144
2020-12-16,Santa Clara,085,1922200,59371,51502,225,51727,523
2020-12-16,Santa Cruz,087,273765,7646,6536,193,6729,63
2020-12-16,Shasta,089,179085,7421,6914,530,7444,62
2020-12-16,Sierra,091,2930,23,23,0,23,0
2020-12-16,Siskiyou,093,43540,932,818,84,902,2
2020-12-16,Solano,095,438530,16012,14157,149,14306,96
2020-12-16,Sonoma,097,501317,16990,15768,97,15865,170
2020-12-16,Stanislaus,099,539301,30863,28279,2467,30746,489
2020-12-16,Sutter,101,95872,5727,5223,40,5263,39
2020-12-16,Tehama,103,63373,2630,2441,179,2620,9
2020-12-16,Trinity,105,12862,383,212,53,265,2
2020-12-16,Tulare,107,460477,30035,27500,2886,30386,352
2020-12-16,Tuolumne,109,53932,2161,1941,8,1949,11
2020-12-16,Ventura,111,848112,33043,28566,1233,29799,203
2020-12-16,Yolo,113,214977,7459,6649,44,6693,103
2020-12-16,Yuba,115,75493,3295,2980,31,3011,11
2020-12-15,Alameda,001,1643700,44234,40026,683,40709,492
2020-12-15,Alpine,003,1148,65,64,0,64,0
2020-12-15,Amador,005,37829,1918,1669,10,1679,19
2020-12-15,Butte,007,227075,6287,5565,575,6140,75
2020-12-15,Calaveras,009,45235,889,799,0,799,21
2020-12-15,Colusa,011,21464,1129,1026,42,1068,7
2020-12-15,Contra Costa,013,1133247,34704,31423,322,31745,281
2020-12-15,Del Norte,015,27424,665,564,0,564,1
2020-12-15,El Dorado,017,186661,5016,4113,160,4273,9
2020-12-15,Fresno,019,978130,58691,47316,3335,50651,574
2020-12-15,Glenn,021,27897,1329,1207,158,1365,9
2020-12-15,Humboldt,023,135768,1430,1276,5,1281,12
2020-12-15,Imperial,025,180216,21065,19756,701,20457,380
2020-12-15,Inyo,027,18085,513,394,6,400,16
2020-12-15,Kern,029,883053,57024,52002,3472,55474,511
2020-12-15,Kings,031,150075,14780,13652,393,14045,97
2020-12-15,Lake,033,64148,1553,1341,0,1341,21
2020-12-15,Lassen,035,31185,3682,3378,33,3411,1
2020-12-15,Los Angeles,037,10098052,608087,536258,13891,550149,8429
2020-12-15,Madera,039,155013,9174,8118,305,8423,60
2020-12-15,Marin,041,260295,9012,8528,56,8584,141
2020-12-15,Mariposa,043,17540,193,171,2,173,3
2020-12-15,Mendocino,045,87422,2102,1883,20,1903,24
2020-12-15,Merced,047,269075,16444,15120,247,15367,190
2020-12-15,Modoc,049,8938,211,179,66,245,0
2020-12-15,Mono,051,14174,765,702,12,714,3
2020-12-15,Monterey,053,433212,22966,19905,484,20389,161
2020-12-15,Napa,055,140530,4927,4440,24,4464,23
2020-12-15,Nevada,057,99092,2366,2117,70,2187,11
2020-12-15,Orange,059,3164182,128014,112893,4472,117365,1689
2020-12-15,Placer,061,380077,12034,10301,374,10675,95
2020-12-15,Plumas,063,18699,399,313,8,321,0
2020-12-15,Riverside,065,2383286,147052,131822,5416,137238,1624
2020-12-15,Sacramento,067,1510023,56218,51076,408,51484,703
2020-12-15,San Benito,069,59416,2881,2520,21,2541,19
2020-12-15,San Bernardino,071,2135413,160702,137548,3998,141546,1351
2020-12-15,San Diego,073,3302833,127288,111441,5462,116903,1194
2020-12-15,San Francisco,075,870044,20746,19283,179,19462,171
2020-12-15,San Joaquin,077,732212,38648,33849,1061,34910,537
2020-12-15,San Luis Obispo,079,281455,9187,8074,194,8268,55
2020-12-15,San Mateo,081,765935,21526,18907,55,18962,178
2020-12-15,Santa Barbara,083,443738,14917,13782,354,14136,144
2020-12-15,Santa Clara,085,1922200,57936,50311,222,50533,505
2020-12-15,Santa Cruz,087,273765,7462,6361,178,6539,59
2020-12-15,Shasta,089,179085,7362,6794,505,7299,54
2020-12-15,Sierra,091,2930,23,23,0,23,0
2020-12-15,Siskiyou,093,43540,923,812,83,895,2
2020-12-15,Solano,095,438530,15662,13796,149,13945,95
2020-12-15,Sonoma,097,501317,16769,15406,97,15503,167
2020-12-15,Stanislaus,099,539301,30349,27823,2386,30209,485
2020-12-15,Sutter,101,95872,5629,5080,39,5119,36
2020-12-15,Tehama,103,63373,2592,2392,174,2566,9
2020-12-15,Trinity,105,12862,375,213,51,264,1
2020-12-15,Tulare,107,460477,29546,27026,2796,29822,342
2020-12-15,Tuolumne,109,53932,2131,1874,8,1882,8
2020-12-15,Ventura,111,848112,32421,27936,1186,29122,201
2020-12-15,Yolo,113,214977,7336,6531,42,6573,104
2020-12-15,Yuba,115,75493,3201,2891,30,2921,11
2020-12-14,Alameda,001,1643700,43340,39252,664,39916,487
2020-12-14,Alpine,003,1148,65,63,0,63,0
2020-12-14,Amador,005,37829,1846,1609,10,1619,19
2020-12-14,Butte,007,227075,6119,5202,558,5760,75
2020-12-14,Calaveras,009,45235,851,718,0,718,21
2020-12-14,Colusa,011,21464,1105,949,41,990,7
2020-12-14,Contra Costa,013,1133247,34005,30594,308,30902,281
2020-12-14,Del Norte,015,27424,659,560,0,560,1
2020-12-14,El Dorado,017,186661,4860,4018,144,4162,9
2020-12-14,Fresno,019,978130,57666,44726,3155,47881,560
2020-12-14,Glenn,021,27897,1303,1186,150,1336,9
2020-12-14,Humboldt,023,135768,1417,1256,5,1261,9
2020-12-14,Imperial,025,180216,20827,19608,623,20231,379
2020-12-14,Inyo,027,18085,499,382,6,388,16
2020-12-14,Kern,029,883053,55987,50538,3351,53889,510
2020-12-14,Kings,031,150075,14595,13491,366,13857,97
2020-12-14,Lake,033,64148,1504,1301,0,1301,21
2020-12-14,Lassen,035,31185,3584,2905,30,2935,1
2020-12-14,Los Angeles,037,10098052,590466,524668,13248,537916,8340
2020-12-14,Madera,039,155013,8907,8011,296,8307,60
2020-12-14,Marin,041,260295,8929,8475,55,8530,141
2020-12-14,Mariposa,043,17540,192,171,2,173,3
2020-12-14,Mendocino,045,87422,2081,1845,20,1865,24
2020-12-14,Merced,047,269075,16038,14572,233,14805,189
2020-12-14,Modoc,049,8938,205,180,64,244,0
2020-12-14,Mono,051,14174,757,685,12,697,3
2020-12-14,Monterey,053,433212,22444,19154,478,19632,155
2020-12-14,Napa,055,140530,4834,4289,24,4313,22
2020-12-14,Nevada,057,99092,2327,2070,67,2137,11
2020-12-14,Orange,059,3164182,124123,108602,4336,112938,1688
2020-12-14,Placer,061,380077,11753,9551,363,9914,95
2020-12-14,Plumas,063,18699,387,309,8,317,0
2020-12-14,Riverside,065,2383286,142922,123715,5154,128869,1588
2020-12-14,Sacramento,067,1510023,55111,50304,383,50687,691
2020-12-14,San Benito,069,59416,2815,2467,20,2487,19
2020-12-14,San Bernardino,071,2135413,156257,129151,3870,133021,1347
2020-12-14,San Diego,073,3302833,123552,109578,5277,114855,1162
2020-12-14,San Francisco,075,870044,20369,18904,177,19081,171
2020-12-14,San Joaquin,077,732212,37804,32522,1015,33537,534
2020-12-14,San Luis Obispo,079,281455,8941,7791,190,7981,52
2020-12-14,San Mateo,081,765935,21027,18361,52,18413,178
2020-12-14,Santa Barbara,083,443738,14644,13587,346,13933,144
2020-12-14,Santa Clara,085,1922200,56374,49180,210,49390,502
2020-12-14,Santa Cruz,087,273765,7276,6049,163,6212,54
2020-12-14,Shasta,089,179085,7273,6665,486,7151,54
2020-12-14,Sierra,091,2930,23,21,0,21,0
2020-12-14,Siskiyou,093,43540,900,764,77,841,2
2020-12-14,Solano,095,438530,15300,13352,148,13500,93
2020-12-14,Sonoma,097,501317,16462,14807,96,14903,167
2020-12-14,Stanislaus,099,539301,29814,27311,2337,29648,485
2020-12-14,Sutter,101,95872,5524,5001,32,5033,35
2020-12-14,Tehama,103,63373,2547,2344,171,2515,9
2020-12-14,Trinity,105,12862,371,205,49,254,1
2020-12-14,Tulare,107,460477,29073,25735,2705,28440,341
2020-12-14,Tuolumne,109,53932,2078,1647,8,1655,8
2020-12-14,Ventura,111,848112,31498,27436,1127,28563,202
2020-12-14,Yolo,113,214977,7176,6389,41,6430,95
2020-12-14,Yuba,115,75493,3139,2851,30,2881,11
2020-12-13,Alameda,001,1643700,42146,38064,638,38702,486
2020-12-13,Alpine,003,1148,65,63,0,63,0
2020-12-13,Amador,005,37829,1790,1457,9,1466,19
2020-12-13,Butte,007,227075,5970,5103,516,5619,75
2020-12-13,Calaveras,009,45235,815,710,0,710,21
2020-12-13,Colusa,011,21464,1089,945,37,982,7
2020-12-13,Contra Costa,013,1133247,33277,29667,302,29969,281
2020-12-13,Del Norte,015,27424,606,542,0,542,1
2020-12-13,El Dorado,017,186661,4759,3770,133,3903,9
2020-12-13,Fresno,019,978130,56560,44114,2995,47109,559
2020-12-13,Glenn,021,27897,1290,1171,139,1310,9
2020-12-13,Humboldt,023,135768,1394,1238,4,1242,9
2020-12-13,Imperial,025,180216,20534,19472,495,19967,379
2020-12-13,Inyo,027,18085,478,380,6,386,16
2020-12-13,Kern,029,883053,54956,49051,3197,52248,510
2020-12-13,Kings,031,150075,14315,13357,348,13705,97
2020-12-13,Lake,033,64148,1461,1271,0,1271,21
2020-12-13,Lassen,035,31185,3477,2867,25,2892,1
2020-12-13,Los Angeles,037,10098052,572859,517472,12543,530015,8294
2020-12-13,Madera,039,155013,8725,7909,282,8191,60
2020-12-13,Marin,041,260295,8809,8409,55,8464,141
2020-12-13,Mariposa,043,17540,188,167,2,169,3
2020-12-13,Mendocino,045,87422,2047,1793,20,1813,24
2020-12-13,Merced,047,269075,15688,14384,230,14614,189
2020-12-13,Modoc,049,8938,192,179,58,237,0
2020-12-13,Mono,051,14174,741,675,12,687,3
2020-12-13,Monterey,053,433212,22021,18913,464,19377,153
2020-12-13,Napa,055,140530,4728,4194,24,4218,22
2020-12-13,Nevada,057,99092,2279,2030,65,2095,11
2020-12-13,Orange,059,3164182,120190,104768,4162,108930,1688
2020-12-13,Placer,061,380077,11439,9405,345,9750,95
2020-12-13,Plumas,063,18699,381,291,8,299,0
2020-12-13,Riverside,065,2383286,138792,119691,4891,124582,1581
2020-12-13,Sacramento,067,1510023,53842,49480,353,49833,682
2020-12-13,San Benito,069,59416,2745,2408,19,2427,19
2020-12-13,San Bernardino,071,2135413,151361,126718,3707,130425,1333
2020-12-13,San Diego,073,3302833,119952,107372,5108,112480,1162
2020-12-13,San Francisco,075,870044,20024,18686,168,18854,167
2020-12-13,San Joaquin,077,732212,37000,32170,975,33145,534
2020-12-13,San Luis Obispo,079,281455,8751,7625,182,7807,52
2020-12-13,San Mateo,081,765935,20536,18090,46,18136,177
2020-12-13,Santa Barbara,083,443738,14374,13249,331,13580,144
2020-12-13,Santa Clara,085,1922200,54948,47920,201,48121,499
2020-12-13,Santa Cruz,087,273765,7027,5986,152,6138,54
2020-12-13,Shasta,089,179085,7199,6647,460,7107,54
2020-12-13,Sierra,091,2930,23,21,0,21,0
2020-12-13,Siskiyou,093,43540,888,762,72,834,2
2020-12-13,Solano,095,438530,14861,13276,145,13421,93
2020-12-13,Sonoma,097,501317,16147,14495,95,14590,167
2020-12-13,Stanislaus,099,539301,29249,26569,2275,28844,485
2020-12-13,Sutter,101,95872,5396,4798,28,4826,34
2020-12-13,Tehama,103,63373,2501,2325,156,2481,9
2020-12-13,Trinity,105,12862,365,204,49,253,1
2020-12-13,Tulare,107,460477,28582,25496,2618,28114,340
2020-12-13,Tuolumne,109,53932,2016,1611,8,1619,8
2020-12-13,Ventura,111,848112,30495,26588,1064,27652,202
2020-12-13,Yolo,113,214977,6992,6265,35,6300,95
2020-12-13,Yuba,115,75493,3074,2754,27,2781,11
2020-12-12,Alameda,001,1643700,41703,37027,618,37645,486
2020-12-12,Alpine,003,1148,65,63,0,63,0
2020-12-12,Amador,005,37829,1762,1236,8,1244,19
2020-12-12,Butte,007,227075,5897,4972,504,5476,73
2020-12-12,Calaveras,009,45235,805,708,0,708,21
2020-12-12,Colusa,011,21464,1069,945,35,980,7
2020-12-12,Contra Costa,013,1133247,32933,29506,293,29799,281
2020-12-12,Del Norte,015,27424,598,529,0,529,1
2020-12-12,El Dorado,017,186661,4684,3706,116,3822,9
2020-12-12,Fresno,019,978130,56208,43756,2935,46691,559
2020-12-12,Glenn,021,27897,1282,1143,135,1278,8
2020-12-12,Humboldt,023,135768,1375,1208,4,1212,9
2020-12-12,Imperial,025,180216,20450,18947,437,19384,379
2020-12-12,Inyo,027,18085,474,380,6,386,16
2020-12-12,Kern,029,883053,54436,48194,3109,51303,507
2020-12-12,Kings,031,150075,14226,13205,344,13549,96
2020-12-12,Lake,033,64148,1445,1232,0,1232,21
2020-12-12,Lassen,035,31185,3454,2866,22,2888,1
2020-12-12,Los Angeles,037,10098052,566059,504317,12036,516353,8269
2020-12-12,Madera,039,155013,8598,7765,279,8044,59
2020-12-12,Marin,041,260295,8755,8363,54,8417,141
2020-12-12,Mariposa,043,17540,187,164,2,166,3
2020-12-12,Mendocino,045,87422,2011,1771,20,1791,24
2020-12-12,Merced,047,269075,15597,14181,226,14407,188
2020-12-12,Modoc,049,8938,191,169,55,224,0
2020-12-12,Mono,051,14174,734,640,12,652,3
2020-12-12,Monterey,053,433212,21910,18596,435,19031,151
2020-12-12,Napa,055,140530,4683,4113,24,4137,22
2020-12-12,Nevada,057,99092,2261,1981,63,2044,10
2020-12-12,Orange,059,3164182,118307,100468,4014,104482,1674
2020-12-12,Placer,061,380077,11274,9390,340,9730,95
2020-12-12,Plumas,063,18699,375,291,8,299,0
2020-12-12,Riverside,065,2383286,136735,118335,4686,123021,1579
2020-12-12,Sacramento,067,1510023,53258,48319,340,48659,673
2020-12-12,San Benito,069,59416,2689,2355,19,2374,19
2020-12-12,San Bernardino,071,2135413,149731,125741,3605,129346,1321
2020-12-12,San Diego,073,3302833,118331,104958,5011,109969,1151
2020-12-12,San Francisco,075,870044,19834,18413,164,18577,167
2020-12-12,San Joaquin,077,732212,36673,32200,944,33144,534
2020-12-12,San Luis Obispo,079,281455,8652,7462,176,7638,50
2020-12-12,San Mateo,081,765935,20315,17574,45,17619,177
2020-12-12,Santa Barbara,083,443738,14222,13174,323,13497,144
2020-12-12,Santa Clara,085,1922200,53998,45892,198,46090,498
2020-12-12,Santa Cruz,087,273765,6929,5905,143,6048,54
2020-12-12,Shasta,089,179085,7165,6551,442,6993,54
2020-12-12,Sierra,091,2930,23,21,0,21,0
2020-12-12,Siskiyou,093,43540,886,762,69,831,2
2020-12-12,Solano,095,438530,14663,12748,138,12886,93
2020-12-12,Sonoma,097,501317,16027,14466,95,14561,166
2020-12-12,Stanislaus,099,539301,28948,26246,2223,28469,483
2020-12-12,Sutter,101,95872,5334,4717,28,4745,32
2020-12-12,Tehama,103,63373,2483,2252,151,2403,9
2020-12-12,Trinity,105,12862,363,204,47,251,1
2020-12-12,Tulare,107,460477,28323,25333,2560,27893,341
2020-12-12,Tuolumne,109,53932,1973,1536,8,1544,8
2020-12-12,Ventura,111,848112,30051,25955,1031,26986,202
2020-12-12,Yolo,113,214977,6910,6116,33,6149,95
2020-12-12,Yuba,115,75493,3047,2692,26,2718,10
2020-12-11,Alameda,001,1643700,41137,36281,606,36887,482
2020-12-11,Alpine,003,1148,65,63,0,63,0
2020-12-11,Amador,005,37829,1746,1213,8,1221,19
2020-12-11,Butte,007,227075,5824,4941,486,5427,73
2020-12-11,Calaveras,009,45235,789,697,0,697,21
2020-12-11,Colusa,011,21464,1059,923,33,956,7
2020-12-11,Contra Costa,013,1133247,32509,29036,289,29325,282
2020-12-11,Del Norte,015,27424,592,505,0,505,1
2020-12-11,El Dorado,017,186661,4603,3669,101,3770,9
2020-12-11,Fresno,019,978130,55196,43071,2869,45940,550
2020-12-11,Glenn,021,27897,1266,1135,130,1265,8
2020-12-11,Humboldt,023,135768,1357,1190,4,1194,9
2020-12-11,Imperial,025,180216,20359,18599,393,18992,377
2020-12-11,Inyo,027,18085,462,372,6,378,16
2020-12-11,Kern,029,883053,53758,47664,3047,50711,502
2020-12-11,Kings,031,150075,14082,13118,340,13458,94
2020-12-11,Lake,033,64148,1432,1205,0,1205,21
2020-12-11,Lassen,035,31185,3442,2790,21,2811,1
2020-12-11,Los Angeles,037,10098052,554257,493592,11625,505217,8198
2020-12-11,Madera,039,155013,8507,7648,269,7917,59
2020-12-11,Marin,041,260295,8662,8317,53,8370,141
2020-12-11,Mariposa,043,17540,186,164,2,166,3
2020-12-11,Mendocino,045,87422,1987,1769,20,1789,24
2020-12-11,Merced,047,269075,15477,14038,218,14256,186
2020-12-11,Modoc,049,8938,191,168,54,222,0
2020-12-11,Mono,051,14174,724,631,12,643,3
2020-12-11,Monterey,053,433212,21609,18421,430,18851,150
2020-12-11,Napa,055,140530,4628,4054,24,4078,22
2020-12-11,Nevada,057,99092,2244,1959,60,2019,10
2020-12-11,Orange,059,3164182,115999,98357,3912,102269,1656
2020-12-11,Placer,061,380077,11112,8904,324,9228,93
2020-12-11,Plumas,063,18699,367,286,8,294,0
2020-12-11,Riverside,065,2383286,133667,115329,4466,119795,1573
2020-12-11,Sacramento,067,1510023,52597,47468,332,47800,669
2020-12-11,San Benito,069,59416,2638,2319,19,2338,19
2020-12-11,San Bernardino,071,2135413,147042,123092,3489,126581,1313
2020-12-11,San Diego,073,3302833,116371,102468,4928,107396,1137
2020-12-11,San Francisco,075,870044,19604,18246,163,18409,165
2020-12-11,San Joaquin,077,732212,36327,32044,916,32960,534
2020-12-11,San Luis Obispo,079,281455,8491,7415,174,7589,49
2020-12-11,San Mateo,081,765935,20044,17240,34,17274,177
2020-12-11,Santa Barbara,083,443738,14079,12997,315,13312,144
2020-12-11,Santa Clara,085,1922200,52992,45101,189,45290,494
2020-12-11,Santa Cruz,087,273765,6816,5764,134,5898,50
2020-12-11,Shasta,089,179085,7120,6459,435,6894,54
2020-12-11,Sierra,091,2930,23,19,0,19,0
2020-12-11,Siskiyou,093,43540,879,753,66,819,2
2020-12-11,Solano,095,438530,14477,12554,134,12688,92
2020-12-11,Sonoma,097,501317,15860,14298,93,14391,166
2020-12-11,Stanislaus,099,539301,28680,25928,2180,28108,464
2020-12-11,Sutter,101,95872,5271,4600,27,4627,30
2020-12-11,Tehama,103,63373,2453,2232,147,2379,9
2020-12-11,Trinity,105,12862,360,204,47,251,1
2020-12-11,Tulare,107,460477,27963,24953,2513,27466,338
2020-12-11,Tuolumne,109,53932,1959,1510,8,1518,8
2020-12-11,Ventura,111,848112,29445,24999,1009,26008,202
2020-12-11,Yolo,113,214977,6804,6006,32,6038,95
2020-12-11,Yuba,115,75493,2987,2649,25,2674,10
2020-12-10,Alameda,001,1643700,40366,35686,584,36270,477
2020-12-10,Alpine,003,1148,65,63,0,63,0
2020-12-10,Amador,005,37829,1689,1191,8,1199,18
2020-12-10,Butte,007,227075,5708,4863,459,5322,72
2020-12-10,Calaveras,009,45235,771,684,0,684,21
2020-12-10,Colusa,011,21464,1036,909,28,937,7
2020-12-10,Contra Costa,013,1133247,31828,28413,283,28696,276
2020-12-10,Del Norte,015,27424,582,501,0,501,1
2020-12-10,El Dorado,017,186661,4485,3557,96,3653,9
2020-12-10,Fresno,019,978130,54217,42461,2726,45187,540
2020-12-10,Glenn,021,27897,1246,1126,121,1247,8
2020-12-10,Humboldt,023,135768,1337,1140,4,1144,9
2020-12-10,Imperial,025,180216,20143,18333,315,18648,370
2020-12-10,Inyo,027,18085,441,365,6,371,15
2020-12-10,Kern,029,883053,52774,47176,2881,50057,499
2020-12-10,Kings,031,150075,13924,12993,334,13327,92
2020-12-10,Lake,033,64148,1391,1167,0,1167,21
2020-12-10,Lassen,035,31185,3420,2764,17,2781,0
2020-12-10,Los Angeles,037,10098052,540293,480354,11098,491452,8149
2020-12-10,Madera,039,155013,8401,7445,254,7699,59
2020-12-10,Marin,041,260295,8609,8245,52,8297,140
2020-12-10,Mariposa,043,17540,185,160,2,162,3
2020-12-10,Mendocino,045,87422,1961,1748,17,1765,24
2020-12-10,Merced,047,269075,15231,13756,215,13971,186
2020-12-10,Modoc,049,8938,186,165,52,217,0
2020-12-10,Mono,051,14174,719,601,12,613,3
2020-12-10,Monterey,053,433212,21128,18266,420,18686,145
2020-12-10,Napa,055,140530,4542,3974,23,3997,22
2020-12-10,Nevada,057,99092,2208,1919,60,1979,10
2020-12-10,Orange,059,3164182,112902,95297,3750,99047,1651
2020-12-10,Placer,061,380077,10859,8906,306,9212,90
2020-12-10,Plumas,063,18699,356,281,8,289,0
2020-12-10,Riverside,065,2383286,129981,112794,4197,116991,1552
2020-12-10,Sacramento,067,1510023,51699,46471,311,46782,664
2020-12-10,San Benito,069,59416,2578,2268,18,2286,19
2020-12-10,San Bernardino,071,2135413,142812,120186,3315,123501,1306
2020-12-10,San Diego,073,3302833,113846,99601,4779,104380,1114
2020-12-10,San Francisco,075,870044,19292,17945,155,18100,164
2020-12-10,San Joaquin,077,732212,35692,31228,886,32114,534
2020-12-10,San Luis Obispo,079,281455,8328,7245,163,7408,49
2020-12-10,San Mateo,081,765935,19599,16701,24,16725,177
2020-12-10,Santa Barbara,083,443738,13900,12788,306,13094,143
2020-12-10,Santa Clara,085,1922200,51854,43939,174,44113,491
2020-12-10,Santa Cruz,087,273765,6648,5645,121,5766,48
2020-12-10,Shasta,089,179085,7052,6312,410,6722,53
2020-12-10,Sierra,091,2930,23,18,0,18,0
2020-12-10,Siskiyou,093,43540,869,712,65,777,2
2020-12-10,Solano,095,438530,14110,12017,128,12145,90
2020-12-10,Sonoma,097,501317,15605,14282,91,14373,167
2020-12-10,Stanislaus,099,539301,28216,25582,2111,27693,464
2020-12-10,Sutter,101,95872,5141,4528,25,4553,27
2020-12-10,Tehama,103,63373,2410,2190,137,2327,9
2020-12-10,Trinity,105,12862,356,202,45,247,1
2020-12-10,Tulare,107,460477,27509,24506,2447,26953,337
2020-12-10,Tuolumne,109,53932,1717,1451,8,1459,8
2020-12-10,Ventura,111,848112,28594,24075,965,25040,202
2020-12-10,Yolo,113,214977,6684,5896,31,5927,95
2020-12-10,Yuba,115,75493,2923,2604,24,2628,10
2020-12-09,Alameda,001,1643700,39522,35047,562,35609,470
2020-12-09,Alpine,003,1148,65,58,0,58,0
2020-12-09,Amador,005,37829,1646,1121,8,1129,19
2020-12-09,Butte,007,227075,5565,4733,439,5172,70
2020-12-09,Calaveras,009,45235,744,670,0,670,21
2020-12-09,Colusa,011,21464,1021,896,27,923,7
2020-12-09,Contra Costa,013,1133247,31122,28308,272,28580,273
2020-12-09,Del Norte,015,27424,569,481,0,481,2
2020-12-09,El Dorado,017,186661,4350,3449,88,3537,8
2020-12-09,Fresno,019,978130,53215,41954,2572,44526,533
2020-12-09,Glenn,021,27897,1232,1107,115,1222,8
2020-12-09,Humboldt,023,135768,1305,1086,4,1090,10
2020-12-09,Imperial,025,180216,19889,17757,278,18035,368
2020-12-09,Inyo,027,18085,428,356,6,362,15
2020-12-09,Kern,029,883053,51615,46379,2739,49118,494
2020-12-09,Kings,031,150075,13779,12716,326,13042,92
2020-12-09,Lake,033,64148,1364,1158,0,1158,20
2020-12-09,Lassen,035,31185,3351,2331,15,2346,0
2020-12-09,Los Angeles,037,10098052,526815,467971,10548,478519,8075
2020-12-09,Madera,039,155013,8288,7216,251,7467,59
2020-12-09,Marin,041,260295,8547,8182,51,8233,138
2020-12-09,Mariposa,043,17540,183,154,2,156,3
2020-12-09,Mendocino,045,87422,1935,1703,16,1719,24
2020-12-09,Merced,047,269075,14991,13588,208,13796,183
2020-12-09,Modoc,049,8938,181,146,43,189,0
2020-12-09,Mono,051,14174,707,601,12,613,3
2020-12-09,Monterey,053,433212,20727,17891,412,18303,143
2020-12-09,Napa,055,140530,4456,3858,22,3880,21
2020-12-09,Nevada,057,99092,2155,1864,60,1924,10
2020-12-09,Orange,059,3164182,109811,93763,3578,97341,1629
2020-12-09,Placer,061,380077,10597,8588,292,8880,85
2020-12-09,Plumas,063,18699,348,271,8,279,0
2020-12-09,Riverside,065,2383286,126282,110376,3990,114366,1543
2020-12-09,Sacramento,067,1510023,50636,45284,284,45568,659
2020-12-09,San Benito,069,59416,2505,2217,16,2233,19
2020-12-09,San Bernardino,071,2135413,138533,114516,3122,117638,1305
2020-12-09,San Diego,073,3302833,110866,97551,4640,102191,1103
2020-12-09,San Francisco,075,870044,18991,17628,154,17782,163
2020-12-09,San Joaquin,077,732212,34874,30539,861,31400,531
2020-12-09,San Luis Obispo,079,281455,8109,7105,155,7260,47
2020-12-09,San Mateo,081,765935,19148,16422,23,16445,175
2020-12-09,Santa Barbara,083,443738,13700,12630,296,12926,142
2020-12-09,Santa Clara,085,1922200,50706,42912,158,43070,489
2020-12-09,Santa Cruz,087,273765,6489,5527,106,5633,47
2020-12-09,Shasta,089,179085,6987,6105,395,6500,52
2020-12-09,Sierra,091,2930,23,18,0,18,0
2020-12-09,Siskiyou,093,43540,858,713,64,777,2
2020-12-09,Solano,095,438530,13762,11862,120,11982,90
2020-12-09,Sonoma,097,501317,15349,13994,88,14082,164
2020-12-09,Stanislaus,099,539301,27719,25157,2051,27208,463
2020-12-09,Sutter,101,95872,5023,4418,21,4439,24
2020-12-09,Tehama,103,63373,2374,2102,133,2235,9
2020-12-09,Trinity,105,12862,348,199,42,241,0
2020-12-09,Tulare,107,460477,26913,24124,2369,26493,334
2020-12-09,Tuolumne,109,53932,1684,1319,8,1327,8
2020-12-09,Ventura,111,848112,27731,23830,923,24753,201
2020-12-09,Yolo,113,214977,6560,5760,29,5789,95
2020-12-09,Yuba,115,75493,2855,2513,23,2536,10
2020-12-08,Alameda,001,1643700,38622,34373,546,34919,469
2020-12-08,Alpine,003,1148,64,53,0,53,0
2020-12-08,Amador,005,37829,1360,1043,8,1051,17
2020-12-08,Butte,007,227075,5406,4651,398,5049,70
2020-12-08,Calaveras,009,45235,720,657,0,657,21
2020-12-08,Colusa,011,21464,1005,875,26,901,6
2020-12-08,Contra Costa,013,1133247,30419,27926,255,28181,270
2020-12-08,Del Norte,015,27424,553,465,0,465,2
2020-12-08,El Dorado,017,186661,4226,3296,75,3371,8
2020-12-08,Fresno,019,978130,51952,41574,2414,43988,529
2020-12-08,Glenn,021,27897,1212,1094,107,1201,8
2020-12-08,Humboldt,023,135768,1279,1059,4,1063,10
2020-12-08,Imperial,025,180216,19372,17568,269,17837,363
2020-12-08,Inyo,027,18085,405,333,6,339,15
2020-12-08,Kern,029,883053,50321,45116,2582,47698,487
2020-12-08,Kings,031,150075,13625,12623,317,12940,90
2020-12-08,Lake,033,64148,1322,1127,0,1127,20
2020-12-08,Lassen,035,31185,3195,2165,15,2180,0
2020-12-08,Los Angeles,037,10098052,514129,459738,10064,469802,8004
2020-12-08,Madera,039,155013,8157,7082,238,7320,59
2020-12-08,Marin,041,260295,8467,8099,50,8149,137
2020-12-08,Mariposa,043,17540,179,150,2,152,2
2020-12-08,Mendocino,045,87422,1893,1666,16,1682,23
2020-12-08,Merced,047,269075,14681,13380,207,13587,181
2020-12-08,Modoc,049,8938,173,138,40,178,0
2020-12-08,Mono,051,14174,693,597,12,609,3
2020-12-08,Monterey,053,433212,20154,17752,405,18157,134
2020-12-08,Napa,055,140530,4369,3778,21,3799,22
2020-12-08,Nevada,057,99092,2101,1809,57,1866,11
2020-12-08,Orange,059,3164182,106591,91406,3413,94819,1629
2020-12-08,Placer,061,380077,10329,8224,287,8511,82
2020-12-08,Plumas,063,18699,338,258,8,266,0
2020-12-08,Riverside,065,2383286,122919,107620,3810,111430,1514
2020-12-08,Sacramento,067,1510023,49572,44635,268,44903,649
2020-12-08,San Benito,069,59416,2452,2180,16,2196,18
2020-12-08,San Bernardino,071,2135413,134185,110676,2996,113672,1301
2020-12-08,San Diego,073,3302833,107495,95447,4483,99930,1088
2020-12-08,San Francisco,075,870044,18681,17384,152,17536,162
2020-12-08,San Joaquin,077,732212,33979,30225,828,31053,530
2020-12-08,San Luis Obispo,079,281455,7980,6903,144,7047,45
2020-12-08,San Mateo,081,765935,18748,16305,23,16328,175
2020-12-08,Santa Barbara,083,443738,13516,12516,287,12803,141
2020-12-08,Santa Clara,085,1922200,49399,41309,149,41458,484
2020-12-08,Santa Cruz,087,273765,6311,5374,104,5478,45
2020-12-08,Shasta,089,179085,6878,5946,387,6333,50
2020-12-08,Sierra,091,2930,22,18,0,18,0
2020-12-08,Siskiyou,093,43540,844,704,62,766,2
2020-12-08,Solano,095,438530,13360,11669,118,11787,89
2020-12-08,Sonoma,097,501317,15090,13601,87,13688,164
2020-12-08,Stanislaus,099,539301,27229,24793,1986,26779,461
2020-12-08,Sutter,101,95872,4927,4342,20,4362,24
2020-12-08,Tehama,103,63373,2294,2057,125,2182,9
2020-12-08,Trinity,105,12862,339,198,41,239,0
2020-12-08,Tulare,107,460477,26309,23607,2307,25914,330
2020-12-08,Tuolumne,109,53932,1660,1264,8,1272,7
2020-12-08,Ventura,111,848112,27068,23665,880,24545,195
2020-12-08,Yolo,113,214977,6429,5560,29,5589,90
2020-12-08,Yuba,115,75493,2778,2477,23,2500,10
2020-12-07,Alameda,001,1643700,37756,33887,511,34398,466
2020-12-07,Alpine,003,1148,63,53,0,53,0
2020-12-07,Amador,005,37829,1285,993,7,1000,17
2020-12-07,Butte,007,227075,5271,4604,376,4980,67
2020-12-07,Calaveras,009,45235,688,606,0,606,21
2020-12-07,Colusa,011,21464,980,825,24,849,6
2020-12-07,Contra Costa,013,1133247,29806,27307,242,27549,270
2020-12-07,Del Norte,015,27424,541,424,0,424,2
2020-12-07,El Dorado,017,186661,4047,3275,68,3343,8
2020-12-07,Fresno,019,978130,50478,41098,2292,43390,526
2020-12-07,Glenn,021,27897,1193,1085,101,1186,8
2020-12-07,Humboldt,023,135768,1244,1023,4,1027,9
2020-12-07,Imperial,025,180216,18950,17234,255,17489,364
2020-12-07,Inyo,027,18085,390,333,6,339,15
2020-12-07,Kern,029,883053,49296,44409,2446,46855,486
2020-12-07,Kings,031,150075,13482,12412,307,12719,90
2020-12-07,Lake,033,64148,1293,1090,0,1090,20
2020-12-07,Lassen,035,31185,3098,2167,15,2182,0
2020-12-07,Los Angeles,037,10098052,500468,451052,9623,460675,7937
2020-12-07,Madera,039,155013,7892,6935,233,7168,59
2020-12-07,Marin,041,260295,8409,8049,49,8098,136
2020-12-07,Mariposa,043,17540,176,146,2,148,2
2020-12-07,Mendocino,045,87422,1857,1638,14,1652,23
2020-12-07,Merced,047,269075,14322,13250,197,13447,179
2020-12-07,Modoc,049,8938,166,128,37,165,0
2020-12-07,Mono,051,14174,680,590,12,602,3
2020-12-07,Monterey,053,433212,19673,17746,393,18139,132
2020-12-07,Napa,055,140530,4278,3684,21,3705,21
2020-12-07,Nevada,057,99092,2052,1777,56,1833,11
2020-12-07,Orange,059,3164182,103329,89793,3294,93087,1628
2020-12-07,Placer,061,380077,10002,7911,273,8184,82
2020-12-07,Plumas,063,18699,326,256,5,261,0
2020-12-07,Riverside,065,2383286,119720,102363,3627,105990,1491
2020-12-07,Sacramento,067,1510023,48477,43419,250,43669,638
2020-12-07,San Benito,069,59416,2401,2165,15,2180,18
2020-12-07,San Bernardino,071,2135413,130235,108161,2877,111038,1295
2020-12-07,San Diego,073,3302833,104706,94171,4302,98473,1062
2020-12-07,San Francisco,075,870044,18390,17220,145,17365,161
2020-12-07,San Joaquin,077,732212,33104,28188,801,28989,530
2020-12-07,San Luis Obispo,079,281455,7798,6782,137,6919,45
2020-12-07,San Mateo,081,765935,18307,16029,22,16051,175
2020-12-07,Santa Barbara,083,443738,13275,12362,277,12639,141
2020-12-07,Santa Clara,085,1922200,48011,40621,140,40761,484
2020-12-07,Santa Cruz,087,273765,6144,5152,99,5251,41
2020-12-07,Shasta,089,179085,6755,5742,372,6114,50
2020-12-07,Sierra,091,2930,20,18,0,18,0
2020-12-07,Siskiyou,093,43540,817,652,62,714,2
2020-12-07,Solano,095,438530,13020,11354,114,11468,89
2020-12-07,Sonoma,097,501317,14805,13376,87,13463,164
2020-12-07,Stanislaus,099,539301,26671,24479,1934,26413,454
2020-12-07,Sutter,101,95872,4786,4106,20,4126,24
2020-12-07,Tehama,103,63373,2240,2030,120,2150,9
2020-12-07,Trinity,105,12862,335,194,41,235,0
2020-12-07,Tulare,107,460477,25774,22760,2250,25010,328
2020-12-07,Tuolumne,109,53932,1575,1256,7,1263,7
2020-12-07,Ventura,111,848112,26481,23354,844,24198,191
2020-12-07,Yolo,113,214977,6265,5537,28,5565,90
2020-12-07,Yuba,115,75493,2710,2428,21,2449,10
2020-12-06,Alameda,001,1643700,36769,33477,491,33968,465
2020-12-06,Alpine,003,1148,59,53,0,53,0
2020-12-06,Amador,005,37829,1222,952,6,958,17
2020-12-06,Butte,007,227075,5118,4527,342,4869,67
2020-12-06,Calaveras,009,45235,669,606,0,606,21
2020-12-06,Colusa,011,21464,963,824,21,845,6
2020-12-06,Contra Costa,013,1133247,29200,26566,235,26801,270
2020-12-06,Del Norte,015,27424,486,414,0,414,2
2020-12-06,El Dorado,017,186661,3910,3086,63,3149,8
2020-12-06,Fresno,019,978130,49523,40869,2176,43045,526
2020-12-06,Glenn,021,27897,1183,1067,97,1164,8
2020-12-06,Humboldt,023,135768,1219,1004,4,1008,9
2020-12-06,Imperial,025,180216,18639,16922,244,17166,364
2020-12-06,Inyo,027,18085,377,333,6,339,15
2020-12-06,Kern,029,883053,48307,43899,2276,46175,486
2020-12-06,Kings,031,150075,13210,12056,290,12346,90
2020-12-06,Lake,033,64148,1255,1075,0,1075,20
2020-12-06,Lassen,035,31185,2993,2168,13,2181,0
2020-12-06,Los Angeles,037,10098052,486883,443230,9176,452406,7910
2020-12-06,Madera,039,155013,7720,6826,224,7050,59
2020-12-06,Marin,041,260295,8328,8013,47,8060,136
2020-12-06,Mariposa,043,17540,175,144,2,146,2
2020-12-06,Mendocino,045,87422,1817,1614,14,1628,23
2020-12-06,Merced,047,269075,13987,12928,188,13116,179
2020-12-06,Modoc,049,8938,153,125,29,154,0
2020-12-06,Mono,051,14174,658,586,10,596,3
2020-12-06,Monterey,053,433212,19054,17426,383,17809,130
2020-12-06,Napa,055,140530,4166,3644,21,3665,21
2020-12-06,Nevada,057,99092,1993,1710,53,1763,10
2020-12-06,Orange,059,3164182,100263,87737,3164,90901,1627
2020-12-06,Placer,061,380077,9721,7837,252,8089,82
2020-12-06,Plumas,063,18699,313,254,4,258,0
2020-12-06,Riverside,065,2383286,116626,100088,3403,103491,1482
2020-12-06,Sacramento,067,1510023,47237,42808,234,43042,638
2020-12-06,San Benito,069,59416,2364,2135,15,2150,18
2020-12-06,San Bernardino,071,2135413,126092,106927,2720,109647,1286
2020-12-06,San Diego,073,3302833,101674,92173,4148,96321,1062
2020-12-06,San Francisco,075,870044,18068,17107,137,17244,161
2020-12-06,San Joaquin,077,732212,32270,28188,772,28960,530
2020-12-06,San Luis Obispo,079,281455,7632,6723,132,6855,45
2020-12-06,San Mateo,081,765935,17802,15855,19,15874,175
2020-12-06,Santa Barbara,083,443738,13043,12252,268,12520,141
2020-12-06,Santa Clara,085,1922200,46635,39112,134,39246,482
2020-12-06,Santa Cruz,087,273765,5970,5069,93,5162,40
2020-12-06,Shasta,089,179085,6614,5743,351,6094,49
2020-12-06,Sierra,091,2930,20,17,0,17,0
2020-12-06,Siskiyou,093,43540,799,652,60,712,2
2020-12-06,Solano,095,438530,12733,11354,104,11458,88
2020-12-06,Sonoma,097,501317,14516,13238,86,13324,164
2020-12-06,Stanislaus,099,539301,26119,24036,1870,25906,454
2020-12-06,Sutter,101,95872,4670,4009,19,4028,21
2020-12-06,Tehama,103,63373,2181,1982,112,2094,9
2020-12-06,Trinity,105,12862,328,181,39,220,0
2020-12-06,Tulare,107,460477,25247,22756,2181,24937,327
2020-12-06,Tuolumne,109,53932,1479,1210,7,1217,7
2020-12-06,Ventura,111,848112,25939,23035,817,23852,191
2020-12-06,Yolo,113,214977,6104,5465,23,5488,90
2020-12-06,Yuba,115,75493,2666,2340,20,2360,10
2020-12-05,Alameda,001,1643700,36409,32781,480,33261,465
2020-12-05,Alpine,003,1148,58,53,0,53,0
2020-12-05,Amador,005,37829,1198,847,6,853,17
2020-12-05,Butte,007,227075,5050,4455,323,4778,66
2020-12-05,Calaveras,009,45235,657,606,0,606,21
2020-12-05,Colusa,011,21464,945,825,18,843,6
2020-12-05,Contra Costa,013,1133247,28908,26217,228,26445,270
2020-12-05,Del Norte,015,27424,480,408,0,408,2
2020-12-05,El Dorado,017,186661,3845,3061,58,3119,8
2020-12-05,Fresno,019,978130,49204,40568,2121,42689,525
2020-12-05,Glenn,021,27897,1170,1056,91,1147,8
2020-12-05,Humboldt,023,135768,1186,979,4,983,9
2020-12-05,Imperial,025,180216,18473,16544,242,16786,362
2020-12-05,Inyo,027,18085,372,332,6,338,15
2020-12-05,Kern,029,883053,47843,43332,2190,45522,484
2020-12-05,Kings,031,150075,13129,11898,287,12185,90
2020-12-05,Lake,033,64148,1230,1069,0,1069,20
2020-12-05,Lassen,035,31185,2802,2168,11,2179,0
2020-12-05,Los Angeles,037,10098052,481084,433120,8856,441976,7888
2020-12-05,Madera,039,155013,7627,6619,217,6836,59
2020-12-05,Marin,041,260295,8301,7961,47,8008,136
2020-12-05,Mariposa,043,17540,170,143,2,145,2
2020-12-05,Mendocino,045,87422,1778,1585,14,1599,23
2020-12-05,Merced,047,269075,13880,12747,177,12924,180
2020-12-05,Modoc,049,8938,153,118,28,146,0
2020-12-05,Mono,051,14174,653,554,10,564,3
2020-12-05,Monterey,053,433212,18908,17077,379,17456,127
2020-12-05,Napa,055,140530,4095,3565,21,3586,21
2020-12-05,Nevada,057,99092,1978,1642,51,1693,10
2020-12-05,Orange,059,3164182,98805,85735,3068,88803,1612
2020-12-05,Placer,061,380077,9601,7811,243,8054,78
2020-12-05,Plumas,063,18699,306,246,1,247,0
2020-12-05,Riverside,065,2383286,115014,98612,3225,101837,1477
2020-12-05,Sacramento,067,1510023,46569,41878,219,42097,625
2020-12-05,San Benito,069,59416,2320,2073,15,2088,18
2020-12-05,San Bernardino,071,2135413,124569,105382,2590,107972,1283
2020-12-05,San Diego,073,3302833,100322,90470,4067,94537,1055
2020-12-05,San Francisco,075,870044,17884,16786,133,16919,161
2020-12-05,San Joaquin,077,732212,32006,28105,739,28844,523
2020-12-05,San Luis Obispo,079,281455,7565,6623,129,6752,44
2020-12-05,San Mateo,081,765935,17545,15512,19,15531,175
2020-12-05,Santa Barbara,083,443738,12943,12107,262,12369,141
2020-12-05,Santa Clara,085,1922200,45897,38339,129,38468,474
2020-12-05,Santa Cruz,087,273765,5896,4997,91,5088,40
2020-12-05,Shasta,089,179085,6553,5653,340,5993,49
2020-12-05,Sierra,091,2930,20,17,0,17,0
2020-12-05,Siskiyou,093,43540,791,649,59,708,2
2020-12-05,Solano,095,438530,12564,11351,102,11453,87
2020-12-05,Sonoma,097,501317,14420,13137,86,13223,164
2020-12-05,Stanislaus,099,539301,25807,23662,1835,25497,454
2020-12-05,Sutter,101,95872,4603,3937,19,3956,20
2020-12-05,Tehama,103,63373,2165,1926,110,2036,9
2020-12-05,Trinity,105,12862,327,177,39,216,0
2020-12-05,Tulare,107,460477,25031,22660,2123,24783,324
2020-12-05,Tuolumne,109,53932,1422,1180,7,1187,7
2020-12-05,Ventura,111,848112,25568,22710,803,23513,191
2020-12-05,Yolo,113,214977,6027,5351,22,5373,90
2020-12-05,Yuba,115,75493,2629,2275,20,2295,10
2020-12-04,Alameda,001,1643700,35860,31871,467,32338,465
2020-12-04,Alpine,003,1148,58,53,0,53,0
2020-12-04,Amador,005,37829,1184,766,3,769,16
2020-12-04,Butte,007,227075,4978,4336,303,4639,65
2020-12-04,Calaveras,009,45235,652,585,0,585,21
2020-12-04,Colusa,011,21464,931,790,17,807,6
2020-12-04,Contra Costa,013,1133247,28563,25705,216,25921,264
2020-12-04,Del Norte,015,27424,469,401,0,401,2
2020-12-04,El Dorado,017,186661,3757,2933,55,2988,7
2020-12-04,Fresno,019,978130,48495,40108,2053,42161,522
2020-12-04,Glenn,021,27897,1164,1017,83,1100,8
2020-12-04,Humboldt,023,135768,1168,960,4,964,9
2020-12-04,Imperial,025,180216,18231,16484,242,16726,362
2020-12-04,Inyo,027,18085,364,324,6,330,15
2020-12-04,Kern,029,883053,47292,42497,2087,44584,485
2020-12-04,Kings,031,150075,13036,11767,281,12048,88
2020-12-04,Lake,033,64148,1202,1018,0,1018,20
2020-12-04,Lassen,035,31185,2795,2167,10,2177,0
2020-12-04,Los Angeles,037,10098052,472469,424164,8558,432722,7845
2020-12-04,Madera,039,155013,7536,6479,214,6693,58
2020-12-04,Marin,041,260295,8250,7896,44,7940,136
2020-12-04,Mariposa,043,17540,170,136,2,138,2
2020-12-04,Mendocino,045,87422,1759,1563,13,1576,23
2020-12-04,Merced,047,269075,13765,12474,169,12643,177
2020-12-04,Modoc,049,8938,153,115,28,143,0
2020-12-04,Mono,051,14174,648,549,10,559,3
2020-12-04,Monterey,053,433212,18698,16737,370,17107,127
2020-12-04,Napa,055,140530,4041,3432,21,3453,19
2020-12-04,Nevada,057,99092,1953,1560,48,1608,10
2020-12-04,Orange,059,3164182,96884,83738,3003,86741,1597
2020-12-04,Placer,061,380077,9476,7461,229,7690,76
2020-12-04,Plumas,063,18699,299,232,0,232,0
2020-12-04,Riverside,065,2383286,112815,95255,3068,98323,1475
2020-12-04,Sacramento,067,1510023,45804,41061,202,41263,618
2020-12-04,San Benito,069,59416,2287,2006,15,2021,17
2020-12-04,San Bernardino,071,2135413,122298,102418,2482,104900,1290
2020-12-04,San Diego,073,3302833,98838,88183,3980,92163,1047
2020-12-04,San Francisco,075,870044,17693,16499,133,16632,161
2020-12-04,San Joaquin,077,732212,31569,27806,702,28508,522
2020-12-04,San Luis Obispo,079,281455,7480,6473,126,6599,42
2020-12-04,San Mateo,081,765935,17257,15112,18,15130,173
2020-12-04,Santa Barbara,083,443738,12837,11947,255,12202,141
2020-12-04,Santa Clara,085,1922200,44977,37465,123,37588,468
2020-12-04,Santa Cruz,087,273765,5809,4985,89,5074,32
2020-12-04,Shasta,089,179085,6465,5439,330,5769,49
2020-12-04,Sierra,091,2930,19,17,0,17,0
2020-12-04,Siskiyou,093,43540,784,639,56,695,2
2020-12-04,Solano,095,438530,12418,11037,99,11136,87
2020-12-04,Sonoma,097,501317,14272,12962,85,13047,164
2020-12-04,Stanislaus,099,539301,25537,23206,1790,24996,448
2020-12-04,Sutter,101,95872,4530,3791,14,3805,20
2020-12-04,Tehama,103,63373,2125,1876,105,1981,9
2020-12-04,Trinity,105,12862,325,172,39,211,0
2020-12-04,Tulare,107,460477,24748,22273,2051,24324,322
2020-12-04,Tuolumne,109,53932,1391,1134,7,1141,7
2020-12-04,Ventura,111,848112,25191,22024,786,22810,189
2020-12-04,Yolo,113,214977,5953,5294,21,5315,87
2020-12-04,Yuba,115,75493,2586,2225,19,2244,10
2020-12-03,Alameda,001,1643700,35098,31184,448,31632,465
2020-12-03,Alpine,003,1148,57,53,0,53,0
2020-12-03,Amador,005,37829,1133,653,3,656,16
2020-12-03,Butte,007,227075,4882,4305,284,4589,65
2020-12-03,Calaveras,009,45235,633,572,0,572,21
2020-12-03,Colusa,011,21464,918,774,17,791,6
2020-12-03,Contra Costa,013,1133247,28063,25464,209,25673,265
2020-12-03,Del Norte,015,27424,465,388,0,388,2
2020-12-03,El Dorado,017,186661,3631,2740,53,2793,6
2020-12-03,Fresno,019,978130,47742,39680,1981,41661,516
2020-12-03,Glenn,021,27897,1146,997,75,1072,8
2020-12-03,Humboldt,023,135768,1138,923,4,927,9
2020-12-03,Imperial,025,180216,18025,16436,230,16666,359
2020-12-03,Inyo,027,18085,361,321,6,327,15
2020-12-03,Kern,029,883053,46445,42062,1986,44048,483
2020-12-03,Kings,031,150075,12936,11658,269,11927,87
2020-12-03,Lake,033,64148,1187,991,0,991,20
2020-12-03,Lassen,035,31185,2755,2128,9,2137,0
2020-12-03,Los Angeles,037,10098052,462376,415805,8195,424000,7787
2020-12-03,Madera,039,155013,7413,6398,209,6607,58
2020-12-03,Marin,041,260295,8190,7861,40,7901,136
2020-12-03,Mariposa,043,17540,166,132,2,134,2
2020-12-03,Mendocino,045,87422,1742,1547,10,1557,23
2020-12-03,Merced,047,269075,13520,12310,161,12471,177
2020-12-03,Modoc,049,8938,151,114,28,142,0
2020-12-03,Mono,051,14174,626,527,10,537,3
2020-12-03,Monterey,053,433212,18236,16218,359,16577,125
2020-12-03,Napa,055,140530,3927,3360,21,3381,19
2020-12-03,Nevada,057,99092,1875,1472,47,1519,10
2020-12-03,Orange,059,3164182,94351,82187,2933,85120,1591
2020-12-03,Placer,061,380077,9274,7270,213,7483,73
2020-12-03,Plumas,063,18699,284,223,0,223,0
2020-12-03,Riverside,065,2383286,110052,92489,2906,95395,1461
2020-12-03,Sacramento,067,1510023,44744,40280,187,40467,614
2020-12-03,San Benito,069,59416,2241,1967,15,1982,16
2020-12-03,San Bernardino,071,2135413,118975,100787,2398,103185,1283
2020-12-03,San Diego,073,3302833,97023,86144,3862,90006,1040
2020-12-03,San Francisco,075,870044,17471,16236,132,16368,161
2020-12-03,San Joaquin,077,732212,30846,27239,657,27896,522
2020-12-03,San Luis Obispo,079,281455,7312,6388,125,6513,42
2020-12-03,San Mateo,081,765935,16904,14909,18,14927,173
2020-12-03,Santa Barbara,083,443738,12708,11829,249,12078,141
2020-12-03,Santa Clara,085,1922200,43781,36621,117,36738,465
2020-12-03,Santa Cruz,087,273765,5666,4850,85,4935,28
2020-12-03,Shasta,089,179085,6356,5330,323,5653,48
2020-12-03,Sierra,091,2930,19,17,0,17,0
2020-12-03,Siskiyou,093,43540,769,629,53,682,2
2020-12-03,Solano,095,438530,12204,10857,96,10953,87
2020-12-03,Sonoma,097,501317,14029,12772,84,12856,164
2020-12-03,Stanislaus,099,539301,25128,22821,1742,24563,447
2020-12-03,Sutter,101,95872,4447,3727,14,3741,20
2020-12-03,Tehama,103,63373,2072,1832,96,1928,9
2020-12-03,Trinity,105,12862,322,166,39,205,0
2020-12-03,Tulare,107,460477,24349,21993,1958,23951,321
2020-12-03,Tuolumne,109,53932,1349,1105,7,1112,7
2020-12-03,Ventura,111,848112,24488,21555,773,22328,187
2020-12-03,Yolo,113,214977,5815,5069,21,5090,87
2020-12-03,Yuba,115,75493,2516,2182,18,2200,10
2020-12-02,Alameda,001,1643700,34472,30697,438,31135,463
2020-12-02,Alpine,003,1148,56,52,0,52,0
2020-12-02,Amador,005,37829,1061,585,3,588,16
2020-12-02,Butte,007,227075,4759,4243,274,4517,65
2020-12-02,Calaveras,009,45235,617,553,0,553,21
2020-12-02,Colusa,011,21464,902,756,16,772,6
2020-12-02,Contra Costa,013,1133247,27603,25147,197,25344,264
2020-12-02,Del Norte,015,27424,451,384,0,384,2
2020-12-02,El Dorado,017,186661,3529,2638,49,2687,5
2020-12-02,Fresno,019,978130,46986,39324,1880,41204,507
2020-12-02,Glenn,021,27897,1129,995,67,1062,7
2020-12-02,Humboldt,023,135768,1112,899,4,903,9
2020-12-02,Imperial,025,180216,17601,16360,221,16581,356
2020-12-02,Inyo,027,18085,354,314,6,320,15
2020-12-02,Kern,029,883053,45548,41660,1889,43549,479
2020-12-02,Kings,031,150075,12583,11531,255,11786,86
2020-12-02,Lake,033,64148,1157,971,0,971,20
2020-12-02,Lassen,035,31185,2696,2115,9,2124,0
2020-12-02,Los Angeles,037,10098052,452330,408289,7858,416147,7739
2020-12-02,Madera,039,155013,7289,6370,203,6573,57
2020-12-02,Marin,041,260295,8143,7819,38,7857,136
2020-12-02,Mariposa,043,17540,163,131,2,133,2
2020-12-02,Mendocino,045,87422,1709,1524,10,1534,23
2020-12-02,Merced,047,269075,13277,12168,154,12322,173
2020-12-02,Modoc,049,8938,148,113,28,141,0
2020-12-02,Mono,051,14174,617,520,10,530,3
2020-12-02,Monterey,053,433212,17756,16064,320,16384,121
2020-12-02,Napa,055,140530,3824,3298,20,3318,19
2020-12-02,Nevada,057,99092,1813,1430,46,1476,9
2020-12-02,Orange,059,3164182,92154,81046,2853,83899,1569
2020-12-02,Placer,061,380077,9042,6941,199,7140,73
2020-12-02,Plumas,063,18699,271,218,0,218,0
2020-12-02,Riverside,065,2383286,107332,90089,2725,92814,1451
2020-12-02,Sacramento,067,1510023,43705,39334,176,39510,597
2020-12-02,San Benito,069,59416,2176,1921,15,1936,16
2020-12-02,San Bernardino,071,2135413,115407,98567,2290,100857,1240
2020-12-02,San Diego,073,3302833,95107,84640,3747,88387,1035
2020-12-02,San Francisco,075,870044,17235,16058,130,16188,157
2020-12-02,San Joaquin,077,732212,30225,26740,633,27373,519
2020-12-02,San Luis Obispo,079,281455,7213,6324,123,6447,42
2020-12-02,San Mateo,081,765935,16541,14757,17,14774,170
2020-12-02,Santa Barbara,083,443738,12557,11705,237,11942,140
2020-12-02,Santa Clara,085,1922200,42667,35878,117,35995,458
2020-12-02,Santa Cruz,087,273765,5534,4766,82,4848,27
2020-12-02,Shasta,089,179085,6233,5188,306,5494,47
2020-12-02,Sierra,091,2930,19,17,0,17,0
2020-12-02,Siskiyou,093,43540,753,624,51,675,1
2020-12-02,Solano,095,438530,11958,10701,92,10793,87
2020-12-02,Sonoma,097,501317,13789,12635,83,12718,163
2020-12-02,Stanislaus,099,539301,24626,22615,1687,24302,448
2020-12-02,Sutter,101,95872,4286,3604,14,3618,18
2020-12-02,Tehama,103,63373,2028,1800,81,1881,9
2020-12-02,Trinity,105,12862,312,165,38,203,0
2020-12-02,Tulare,107,460477,23969,21789,1877,23666,321
2020-12-02,Tuolumne,109,53932,1308,1076,7,1083,7
2020-12-02,Ventura,111,848112,24077,21208,755,21963,186
2020-12-02,Yolo,113,214977,5705,5053,20,5073,87
2020-12-02,Yuba,115,75493,2439,2119,17,2136,10
2020-12-01,Alameda,001,1643700,33784,30252,428,30680,460
2020-12-01,Alpine,003,1148,56,41,0,41,0
2020-12-01,Amador,005,37829,914,575,2,577,16
2020-12-01,Butte,007,227075,4653,4177,260,4437,65
2020-12-01,Calaveras,009,45235,599,544,0,544,21
2020-12-01,Colusa,011,21464,885,747,16,763,6
2020-12-01,Contra Costa,013,1133247,27030,24788,189,24977,264
2020-12-01,Del Norte,015,27424,423,357,0,357,2
2020-12-01,El Dorado,017,186661,3384,2542,44,2586,4
2020-12-01,Fresno,019,978130,46084,39004,1802,40806,505
2020-12-01,Glenn,021,27897,1108,989,62,1051,7
2020-12-01,Humboldt,023,135768,1081,886,4,890,9
2020-12-01,Imperial,025,180216,17288,16278,217,16495,356
2020-12-01,Inyo,027,18085,347,304,6,310,15
2020-12-01,Kern,029,883053,44745,41345,1758,43103,478
2020-12-01,Kings,031,150075,12268,11415,241,11656,86
2020-12-01,Lake,033,64148,1139,969,0,969,19
2020-12-01,Lassen,035,31185,2530,2047,8,2055,0
2020-12-01,Los Angeles,037,10098052,441967,403266,7531,410797,7704
2020-12-01,Madera,039,155013,7172,6270,193,6463,57
2020-12-01,Marin,041,260295,8073,7787,37,7824,136
2020-12-01,Mariposa,043,17540,158,128,2,130,2
2020-12-01,Mendocino,045,87422,1675,1497,10,1507,23
2020-12-01,Merced,047,269075,13034,12032,145,12177,172
2020-12-01,Modoc,049,8938,143,113,24,137,0
2020-12-01,Mono,051,14174,604,520,10,530,3
2020-12-01,Monterey,053,433212,17249,15835,309,16144,121
2020-12-01,Napa,055,140530,3740,3124,19,3143,19
2020-12-01,Nevada,057,99092,1751,1411,45,1456,9
2020-12-01,Orange,059,3164182,90056,79468,2765,82233,1567
2020-12-01,Placer,061,380077,8718,6794,192,6986,72
2020-12-01,Plumas,063,18699,259,201,0,201,0
2020-12-01,Riverside,065,2383286,104523,88530,2563,91093,1448
2020-12-01,Sacramento,067,1510023,42657,38966,171,39137,589
2020-12-01,San Benito,069,59416,2121,1888,15,1903,15
2020-12-01,San Bernardino,071,2135413,111936,95854,2166,98020,1220
2020-12-01,San Diego,073,3302833,92850,83423,3637,87060,1019
2020-12-01,San Francisco,075,870044,16954,15797,126,15923,157
2020-12-01,San Joaquin,077,732212,29425,26432,611,27043,514
2020-12-01,San Luis Obispo,079,281455,7071,6264,118,6382,40
2020-12-01,San Mateo,081,765935,16216,14495,17,14512,170
2020-12-01,Santa Barbara,083,443738,12418,11611,227,11838,140
2020-12-01,Santa Clara,085,1922200,41410,35397,111,35508,452
2020-12-01,Santa Cruz,087,273765,5376,4638,74,4712,27
2020-12-01,Shasta,089,179085,6107,5077,286,5363,47
2020-12-01,Sierra,091,2930,19,17,0,17,0
2020-12-01,Siskiyou,093,43540,739,608,47,655,1
2020-12-01,Solano,095,438530,11698,10604,87,10691,87
2020-12-01,Sonoma,097,501317,13584,12491,80,12571,163
2020-12-01,Stanislaus,099,539301,24169,22351,1630,23981,447
2020-12-01,Sutter,101,95872,4145,3538,14,3552,17
2020-12-01,Tehama,103,63373,1965,1773,71,1844,9
2020-12-01,Trinity,105,12862,298,165,32,197,0
2020-12-01,Tulare,107,460477,23514,21645,1807,23452,319
2020-12-01,Tuolumne,109,53932,1272,1052,5,1057,7
2020-12-01,Ventura,111,848112,23464,20604,733,21337,186
2020-12-01,Yolo,113,214977,5564,4928,20,4948,86
2020-12-01,Yuba,115,75493,2373,2088,16,2104,10
2020-11-30,Alameda,001,1643700,32968,29972,411,30383,457
2020-11-30,Alpine,003,1148,54,41,0,41,0
2020-11-30,Amador,005,37829,873,559,2,561,16
2020-11-30,Butte,007,227075,4535,4148,244,4392,65
2020-11-30,Calaveras,009,45235,577,478,0,478,21
2020-11-30,Colusa,011,21464,858,737,12,749,6
2020-11-30,Contra Costa,013,1133247,26449,24365,185,24550,264
2020-11-30,Del Norte,015,27424,400,339,0,339,2
2020-11-30,El Dorado,017,186661,3210,2488,39,2527,4
2020-11-30,Fresno,019,978130,44973,38712,1688,40400,500
2020-11-30,Glenn,021,27897,1085,954,57,1011,5
2020-11-30,Humboldt,023,135768,1034,870,4,874,9
2020-11-30,Imperial,025,180216,17035,16212,196,16408,356
2020-11-30,Inyo,027,18085,342,304,5,309,15
2020-11-30,Kern,029,883053,43982,40941,1622,42563,473
2020-11-30,Kings,031,150075,12120,11346,226,11572,85
2020-11-30,Lake,033,64148,1108,939,0,939,18
2020-11-30,Lassen,035,31185,2437,1793,8,1801,0
2020-11-30,Los Angeles,037,10098052,431304,396202,7199,403401,7658
2020-11-30,Madera,039,155013,7006,6210,179,6389,57
2020-11-30,Marin,041,260295,8030,7764,36,7800,136
2020-11-30,Mariposa,043,17540,151,123,2,125,2
2020-11-30,Mendocino,045,87422,1647,1482,10,1492,23
2020-11-30,Merced,047,269075,12759,11913,134,12047,172
2020-11-30,Modoc,049,8938,133,113,24,137,0
2020-11-30,Mono,051,14174,582,519,10,529,3
2020-11-30,Monterey,053,433212,16818,15837,301,16138,119
2020-11-30,Napa,055,140530,3640,3091,19,3110,18
2020-11-30,Nevada,057,99092,1665,1347,42,1389,9
2020-11-30,Orange,059,3164182,87944,78711,2669,81380,1568
2020-11-30,Placer,061,380077,8423,6575,179,6754,72
2020-11-30,Plumas,063,18699,248,192,0,192,0
2020-11-30,Riverside,065,2383286,101529,87722,2416,90138,1446
2020-11-30,Sacramento,067,1510023,41577,37834,162,37996,586
2020-11-30,San Benito,069,59416,2074,1875,14,1889,15
2020-11-30,San Bernardino,071,2135413,108208,92704,2054,94758,1220
2020-11-30,San Diego,073,3302833,90487,82045,3510,85555,997
2020-11-30,San Francisco,075,870044,16654,15638,123,15761,157
2020-11-30,San Joaquin,077,732212,28719,25742,585,26327,509
2020-11-30,San Luis Obispo,079,281455,6937,6224,116,6340,36
2020-11-30,San Mateo,081,765935,15856,14276,17,14293,170
2020-11-30,Santa Barbara,083,443738,12240,11572,219,11791,140
2020-11-30,Santa Clara,085,1922200,40202,35019,110,35129,451
2020-11-30,Santa Cruz,087,273765,5238,4558,70,4628,26
2020-11-30,Shasta,089,179085,5963,4933,257,5190,44
2020-11-30,Sierra,091,2930,19,16,0,16,0
2020-11-30,Siskiyou,093,43540,730,605,43,648,1
2020-11-30,Solano,095,438530,11436,10392,82,10474,87
2020-11-30,Sonoma,097,501317,13339,12232,76,12308,163
2020-11-30,Stanislaus,099,539301,23707,22110,1586,23696,446
2020-11-30,Sutter,101,95872,3988,3430,13,3443,16
2020-11-30,Tehama,103,63373,1917,1724,65,1789,9
2020-11-30,Trinity,105,12862,292,162,32,194,0
2020-11-30,Tulare,107,460477,23127,20833,1712,22545,319
2020-11-30,Tuolumne,109,53932,1228,1027,5,1032,7
2020-11-30,Ventura,111,848112,22708,20308,717,21025,180
2020-11-30,Yolo,113,214977,5452,4894,20,4914,81
2020-11-30,Yuba,115,75493,2312,2028,14,2042,10
2020-11-29,Alameda,001,1643700,32183,29918,389,30307,457
2020-11-29,Alpine,003,1148,51,41,0,41,0
2020-11-29,Amador,005,37829,722,548,2,550,16
2020-11-29,Butte,007,227075,4433,4008,227,4235,65
2020-11-29,Calaveras,009,45235,545,478,0,478,21
2020-11-29,Colusa,011,21464,829,723,8,731,6
2020-11-29,Contra Costa,013,1133247,25946,24165,179,24344,264
2020-11-29,Del Norte,015,27424,394,339,0,339,2
2020-11-29,El Dorado,017,186661,3079,2447,38,2485,4
2020-11-29,Fresno,019,978130,44020,38568,1616,40184,500
2020-11-29,Glenn,021,27897,1062,951,55,1006,4
2020-11-29,Humboldt,023,135768,1005,856,4,860,9
2020-11-29,Imperial,025,180216,16806,16138,168,16306,356
2020-11-29,Inyo,027,18085,327,289,5,294,15
2020-11-29,Kern,029,883053,43219,40596,1474,42070,473
2020-11-29,Kings,031,150075,11970,11247,208,11455,85
2020-11-29,Lake,033,64148,1084,927,0,927,18
2020-11-29,Lassen,035,31185,2334,1793,8,1801,0
2020-11-29,Los Angeles,037,10098052,420908,391162,6900,398062,7642
2020-11-29,Madera,039,155013,6863,6184,173,6357,57
2020-11-29,Marin,041,260295,7964,7739,33,7772,135
2020-11-29,Mariposa,043,17540,147,123,2,125,2
2020-11-29,Mendocino,045,87422,1613,1473,10,1483,23
2020-11-29,Merced,047,269075,12520,11773,125,11898,172
2020-11-29,Modoc,049,8938,129,105,22,127,0
2020-11-29,Mono,051,14174,559,515,9,524,3
2020-11-29,Monterey,053,433212,16506,15621,294,15915,119
2020-11-29,Napa,055,140530,3535,3090,18,3108,18
2020-11-29,Nevada,057,99092,1584,1311,40,1351,9
2020-11-29,Orange,059,3164182,85925,78057,2622,80679,1567
2020-11-29,Placer,061,380077,8126,6535,167,6702,72
2020-11-29,Plumas,063,18699,243,191,0,191,0
2020-11-29,Riverside,065,2383286,99136,87383,2263,89646,1442
2020-11-29,Sacramento,067,1510023,40498,37415,153,37568,585
2020-11-29,San Benito,069,59416,2030,1860,14,1874,15
2020-11-29,San Bernardino,071,2135413,104858,92052,1938,93990,1223
2020-11-29,San Diego,073,3302833,88076,81086,3357,84443,997
2020-11-29,San Francisco,075,870044,16373,15571,116,15687,153
2020-11-29,San Joaquin,077,732212,27977,25740,579,26319,509
2020-11-29,San Luis Obispo,079,281455,6814,6145,116,6261,36
2020-11-29,San Mateo,081,765935,15523,14177,17,14194,169
2020-11-29,Santa Barbara,083,443738,12085,11520,215,11735,140
2020-11-29,Santa Clara,085,1922200,38996,34234,104,34338,451
2020-11-29,Santa Cruz,087,273765,5079,4490,68,4558,26
2020-11-29,Shasta,089,179085,5791,4935,229,5164,43
2020-11-29,Sierra,091,2930,19,16,0,16,0
2020-11-29,Siskiyou,093,43540,707,590,41,631,1
2020-11-29,Solano,095,438530,11204,10393,78,10471,87
2020-11-29,Sonoma,097,501317,13087,12052,72,12124,163
2020-11-29,Stanislaus,099,539301,23211,21701,1552,23253,446
2020-11-29,Sutter,101,95872,3870,3297,13,3310,16
2020-11-29,Tehama,103,63373,1867,1710,49,1759,9
2020-11-29,Trinity,105,12862,289,159,30,189,0
2020-11-29,Tulare,107,460477,22758,20793,1636,22429,319
2020-11-29,Tuolumne,109,53932,1191,988,5,993,7
2020-11-29,Ventura,111,848112,22023,19952,704,20656,179
2020-11-29,Yolo,113,214977,5314,4830,19,4849,80
2020-11-29,Yuba,115,75493,2256,1959,14,1973,10
2020-11-28,Alameda,001,1643700,31873,29368,384,29752,456
2020-11-28,Alpine,003,1148,51,41,0,41,0
2020-11-28,Amador,005,37829,645,536,2,538,16
2020-11-28,Butte,007,227075,4375,3894,223,4117,65
2020-11-28,Calaveras,009,45235,541,478,0,478,21
2020-11-28,Colusa,011,21464,820,711,6,717,6
2020-11-28,Contra Costa,013,1133247,25613,23798,175,23973,264
2020-11-28,Del Norte,015,27424,384,328,0,328,2
2020-11-28,El Dorado,017,186661,3011,2415,32,2447,4
2020-11-28,Fresno,019,978130,43672,38288,1577,39865,500
2020-11-28,Glenn,021,27897,1051,925,51,976,4
2020-11-28,Humboldt,023,135768,970,844,4,848,9
2020-11-28,Imperial,025,180216,16741,16019,166,16185,356
2020-11-28,Inyo,027,18085,319,289,5,294,15
2020-11-28,Kern,029,883053,42856,40255,1386,41641,473
2020-11-28,Kings,031,150075,11905,11070,201,11271,85
2020-11-28,Lake,033,64148,1069,920,0,920,18
2020-11-28,Lassen,035,31185,2267,1714,8,1722,0
2020-11-28,Los Angeles,037,10098052,415992,386194,6744,392938,7625
2020-11-28,Madera,039,155013,6761,6119,166,6285,57
2020-11-28,Marin,041,260295,7934,7696,29,7725,135
2020-11-28,Mariposa,043,17540,144,120,2,122,2
2020-11-28,Mendocino,045,87422,1582,1458,10,1468,22
2020-11-28,Merced,047,269075,12422,11688,119,11807,172
2020-11-28,Modoc,049,8938,126,103,22,125,0
2020-11-28,Mono,051,14174,553,505,9,514,3
2020-11-28,Monterey,053,433212,16340,15328,290,15618,118
2020-11-28,Napa,055,140530,3483,3033,18,3051,18
2020-11-28,Nevada,057,99092,1556,1272,38,1310,9
2020-11-28,Orange,059,3164182,84828,76882,2575,79457,1568
2020-11-28,Placer,061,380077,7964,6497,164,6661,70
2020-11-28,Plumas,063,18699,236,188,0,188,0
2020-11-28,Riverside,065,2383286,97726,86854,2161,89015,1440
2020-11-28,Sacramento,067,1510023,39920,36905,149,37054,580
2020-11-28,San Benito,069,59416,1983,1835,14,1849,15
2020-11-28,San Bernardino,071,2135413,103459,91183,1840,93023,1224
2020-11-28,San Diego,073,3302833,86822,80020,3273,83293,997
2020-11-28,San Francisco,075,870044,16197,15450,108,15558,153
2020-11-28,San Joaquin,077,732212,27778,25742,564,26306,509
2020-11-28,San Luis Obispo,079,281455,6744,6106,112,6218,36
2020-11-28,San Mateo,081,765935,15332,14040,17,14057,169
2020-11-28,Santa Barbara,083,443738,11983,11481,210,11691,140
2020-11-28,Santa Clara,085,1922200,38252,33701,102,33803,449
2020-11-28,Santa Cruz,087,273765,5002,4426,68,4494,26
2020-11-28,Shasta,089,179085,5714,4882,222,5104,43
2020-11-28,Sierra,091,2930,19,16,0,16,0
2020-11-28,Siskiyou,093,43540,697,558,38,596,1
2020-11-28,Solano,095,438530,11085,10252,76,10328,87
2020-11-28,Sonoma,097,501317,12984,12008,63,12071,162
2020-11-28,Stanislaus,099,539301,22972,21574,1517,23091,446
2020-11-28,Sutter,101,95872,3786,3244,13,3257,15
2020-11-28,Tehama,103,63373,1851,1678,44,1722,9
2020-11-28,Trinity,105,12862,286,157,28,185,0
2020-11-28,Tulare,107,460477,22562,20701,1594,22295,319
2020-11-28,Tuolumne,109,53932,1169,976,5,981,7
2020-11-28,Ventura,111,848112,21725,19510,694,20204,179
2020-11-28,Yolo,113,214977,5240,4739,17,4756,80
2020-11-28,Yuba,115,75493,2203,1912,14,1926,10
2020-11-27,Alameda,001,1643700,31434,29064,373,29437,450
2020-11-27,Alpine,003,1148,51,41,0,41,0
2020-11-27,Amador,005,37829,598,498,1,499,16
2020-11-27,Butte,007,227075,4334,3894,217,4111,65
2020-11-27,Calaveras,009,45235,532,478,0,478,21
2020-11-27,Colusa,011,21464,803,694,4,698,6
2020-11-27,Contra Costa,013,1133247,25353,23463,169,23632,264
2020-11-27,Del Norte,015,27424,378,307,0,307,2
2020-11-27,El Dorado,017,186661,2940,2238,29,2267,4
2020-11-27,Fresno,019,978130,43266,37994,1519,39513,500
2020-11-27,Glenn,021,27897,1038,891,46,937,4
2020-11-27,Humboldt,023,135768,951,795,3,798,9
2020-11-27,Imperial,025,180216,16673,15960,157,16117,356
2020-11-27,Inyo,027,18085,313,289,5,294,15
2020-11-27,Kern,029,883053,42432,39707,1316,41023,473
2020-11-27,Kings,031,150075,11819,10667,183,10850,85
2020-11-27,Lake,033,64148,1033,909,0,909,18
2020-11-27,Lassen,035,31185,2255,1714,8,1722,0
2020-11-27,Los Angeles,037,10098052,409485,382740,6588,389328,7606
2020-11-27,Madera,039,155013,6689,6050,160,6210,57
2020-11-27,Marin,041,260295,7891,7660,29,7689,135
2020-11-27,Mariposa,043,17540,142,118,2,120,2
2020-11-27,Mendocino,045,87422,1568,1387,9,1396,22
2020-11-27,Merced,047,269075,12316,11550,112,11662,172
2020-11-27,Modoc,049,8938,125,100,22,122,0
2020-11-27,Mono,051,14174,549,498,9,507,3
2020-11-27,Monterey,053,433212,16172,14753,290,15043,113
2020-11-27,Napa,055,140530,3443,2988,18,3006,18
2020-11-27,Nevada,057,99092,1526,1184,36,1220,9
2020-11-27,Orange,059,3164182,83538,75151,2536,77687,1568
2020-11-27,Placer,061,380077,7803,6283,154,6437,68
2020-11-27,Plumas,063,18699,233,188,0,188,0
2020-11-27,Riverside,065,2383286,96115,85769,2008,87777,1440
2020-11-27,Sacramento,067,1510023,39298,36579,144,36723,579
2020-11-27,San Benito,069,59416,1949,1805,13,1818,15
2020-11-27,San Bernardino,071,2135413,101948,90254,1759,92013,1224
2020-11-27,San Diego,073,3302833,85628,78161,3184,81345,996
2020-11-27,San Francisco,075,870044,16042,15377,106,15483,153
2020-11-27,San Joaquin,077,732212,27557,25741,544,26285,509
2020-11-27,San Luis Obispo,079,281455,6661,6039,109,6148,36
2020-11-27,San Mateo,081,765935,15129,13872,16,13888,169
2020-11-27,Santa Barbara,083,443738,11890,11340,207,11547,140
2020-11-27,Santa Clara,085,1922200,37577,32935,95,33030,449
2020-11-27,Santa Cruz,087,273765,4931,4358,66,4424,26
2020-11-27,Shasta,089,179085,5637,4710,209,4919,43
2020-11-27,Sierra,091,2930,18,16,0,16,0
2020-11-27,Siskiyou,093,43540,682,554,35,589,1
2020-11-27,Solano,095,438530,10966,10044,73,10117,87
2020-11-27,Sonoma,097,501317,12852,11924,61,11985,162
2020-11-27,Stanislaus,099,539301,22744,21185,1487,22672,446
2020-11-27,Sutter,101,95872,3719,3101,13,3114,15
2020-11-27,Tehama,103,63373,1823,1649,40,1689,9
2020-11-27,Trinity,105,12862,282,151,28,179,0
2020-11-27,Tulare,107,460477,22374,20634,1537,22171,319
2020-11-27,Tuolumne,109,53932,1137,881,5,886,7
2020-11-27,Ventura,111,848112,21401,19379,672,20051,179
2020-11-27,Yolo,113,214977,5191,4737,17,4754,79
2020-11-27,Yuba,115,75493,2174,1864,13,1877,10
2020-11-26,Alameda,001,1643700,31023,28797,354,29151,447
2020-11-26,Alpine,003,1148,51,41,0,41,0
2020-11-26,Amador,005,37829,590,488,1,489,16
2020-11-26,Butte,007,227075,4271,3894,211,4105,65
2020-11-26,Calaveras,009,45235,504,478,0,478,21
2020-11-26,Colusa,011,21464,789,694,4,698,6
2020-11-26,Contra Costa,013,1133247,25019,23468,163,23631,264
2020-11-26,Del Norte,015,27424,367,307,0,307,2
2020-11-26,El Dorado,017,186661,2859,2217,27,2244,4
2020-11-26,Fresno,019,978130,42860,37724,1474,39198,500
2020-11-26,Glenn,021,27897,1022,892,44,936,4
2020-11-26,Humboldt,023,135768,929,795,2,797,9
2020-11-26,Imperial,025,180216,16564,15722,153,15875,355
2020-11-26,Inyo,027,18085,312,289,5,294,15
2020-11-26,Kern,029,883053,41982,39123,1254,40377,471
2020-11-26,Kings,031,150075,11764,10475,171,10646,85
2020-11-26,Lake,033,64148,1020,890,0,890,18
2020-11-26,Lassen,035,31185,2240,1714,8,1722,0
2020-11-26,Los Angeles,037,10098052,404332,378340,6351,384691,7581
2020-11-26,Madera,039,155013,6614,6003,154,6157,57
2020-11-26,Marin,041,260295,7854,7610,29,7639,135
2020-11-26,Mariposa,043,17540,137,116,2,118,2
2020-11-26,Mendocino,045,87422,1554,1387,7,1394,22
2020-11-26,Merced,047,269075,12168,11440,110,11550,172
2020-11-26,Modoc,049,8938,123,100,22,122,0
2020-11-26,Mono,051,14174,541,485,9,494,2
2020-11-26,Monterey,053,433212,15935,14750,282,15032,113
2020-11-26,Napa,055,140530,3379,2988,18,3006,18
2020-11-26,Nevada,057,99092,1480,1184,36,1220,9
2020-11-26,Orange,059,3164182,82150,74264,2474,76738,1563
2020-11-26,Placer,061,380077,7641,6278,145,6423,68
2020-11-26,Plumas,063,18699,225,188,0,188,0
2020-11-26,Riverside,065,2383286,94511,85774,1884,87658,1440
2020-11-26,Sacramento,067,1510023,38656,35854,136,35990,580
2020-11-26,San Benito,069,59416,1922,1769,13,1782,15
2020-11-26,San Bernardino,071,2135413,100298,89727,1667,91394,1223
2020-11-26,San Diego,073,3302833,84018,76359,3080,79439,996
2020-11-26,San Francisco,075,870044,15905,15156,103,15259,153
2020-11-26,San Joaquin,077,732212,27301,25738,532,26270,509
2020-11-26,San Luis Obispo,079,281455,6568,5964,106,6070,36
2020-11-26,San Mateo,081,765935,14940,13715,15,13730,169
2020-11-26,Santa Barbara,083,443738,11809,11277,206,11483,139
2020-11-26,Santa Clara,085,1922200,36935,32411,87,32498,446
2020-11-26,Santa Cruz,087,273765,4800,4269,60,4329,26
2020-11-26,Shasta,089,179085,5554,4712,198,4910,43
2020-11-26,Sierra,091,2930,18,15,0,15,0
2020-11-26,Siskiyou,093,43540,672,526,34,560,1
2020-11-26,Solano,095,438530,10823,9941,71,10012,87
2020-11-26,Sonoma,097,501317,12704,11922,59,11981,162
2020-11-26,Stanislaus,099,539301,22512,21186,1446,22632,445
2020-11-26,Sutter,101,95872,3625,3101,12,3113,15
2020-11-26,Tehama,103,63373,1781,1612,37,1649,9
2020-11-26,Trinity,105,12862,278,139,28,167,0
2020-11-26,Tulare,107,460477,22135,20649,1473,22122,319
2020-11-26,Tuolumne,109,53932,1109,871,5,876,7
2020-11-26,Ventura,111,848112,20905,19058,658,19716,179
2020-11-26,Yolo,113,214977,5104,4566,17,4583,76
2020-11-26,Yuba,115,75493,2114,1865,11,1876,10
2020-11-25,Alameda,001,1643700,30808,28378,346,28724,447
2020-11-25,Alpine,003,1148,51,41,0,41,0
2020-11-25,Amador,005,37829,580,484,1,485,16
2020-11-25,Butte,007,227075,4240,3848,208,4056,64
2020-11-25,Calaveras,009,45235,501,475,0,475,21
2020-11-25,Colusa,011,21464,772,693,4,697,6
2020-11-25,Contra Costa,013,1133247,24864,23307,162,23469,263
2020-11-25,Del Norte,015,27424,366,304,0,304,2
2020-11-25,El Dorado,017,186661,2823,2154,27,2181,4
2020-11-25,Fresno,019,978130,42627,37349,1452,38801,494
2020-11-25,Glenn,021,27897,1005,891,42,933,4
2020-11-25,Humboldt,023,135768,921,777,2,779,9
2020-11-25,Imperial,025,180216,16494,15640,151,15791,355
2020-11-25,Inyo,027,18085,310,289,5,294,15
2020-11-25,Kern,029,883053,41826,38878,1235,40113,467
2020-11-25,Kings,031,150075,11729,10417,167,10584,85
2020-11-25,Lake,033,64148,1003,878,0,878,18
2020-11-25,Lassen,035,31185,2197,1701,8,1709,0
2020-11-25,Los Angeles,037,10098052,401304,373919,6247,380166,7545
2020-11-25,Madera,039,155013,6592,5989,151,6140,57
2020-11-25,Marin,041,260295,7827,7601,28,7629,135
2020-11-25,Mariposa,043,17540,136,114,2,116,2
2020-11-25,Mendocino,045,87422,1535,1373,7,1380,22
2020-11-25,Merced,047,269075,12110,11346,110,11456,172
2020-11-25,Modoc,049,8938,123,96,22,118,0
2020-11-25,Mono,051,14174,536,487,9,496,2
2020-11-25,Monterey,053,433212,15818,14695,280,14975,113
2020-11-25,Napa,055,140530,3346,2945,18,2963,17
2020-11-25,Nevada,057,99092,1462,1170,34,1204,9
2020-11-25,Orange,059,3164182,81396,73014,2454,75468,1551
2020-11-25,Placer,061,380077,7565,6221,144,6365,68
2020-11-25,Plumas,063,18699,220,183,0,183,0
2020-11-25,Riverside,065,2383286,93967,85077,1866,86943,1438
2020-11-25,Sacramento,067,1510023,38320,35687,133,35820,574
2020-11-25,San Benito,069,59416,1899,1764,13,1777,15
2020-11-25,San Bernardino,071,2135413,99458,88469,1639,90108,1225
2020-11-25,San Diego,073,3302833,83361,75307,3044,78351,988
2020-11-25,San Francisco,075,870044,15800,15053,101,15154,153
2020-11-25,San Joaquin,077,732212,27174,25556,520,26076,515
2020-11-25,San Luis Obispo,079,281455,6525,5913,105,6018,34
2020-11-25,San Mateo,081,765935,14825,13614,15,13629,170
2020-11-25,Santa Barbara,083,443738,11759,11183,206,11389,138
2020-11-25,Santa Clara,085,1922200,36488,32032,86,32118,442
2020-11-25,Santa Cruz,087,273765,4748,4202,59,4261,25
2020-11-25,Shasta,089,179085,5508,4588,191,4779,43
2020-11-25,Sierra,091,2930,18,15,0,15,0
2020-11-25,Siskiyou,093,43540,665,499,34,533,1
2020-11-25,Solano,095,438530,10718,9832,70,9902,87
2020-11-25,Sonoma,097,501317,12641,11775,58,11833,162
2020-11-25,Stanislaus,099,539301,22381,21022,1419,22441,445
2020-11-25,Sutter,101,95872,3581,3064,12,3076,14
2020-11-25,Tehama,103,63373,1769,1587,32,1619,9
2020-11-25,Trinity,105,12862,276,135,28,163,0
2020-11-25,Tulare,107,460477,22045,20528,1442,21970,318
2020-11-25,Tuolumne,109,53932,1092,842,5,847,7
2020-11-25,Ventura,111,848112,20810,18914,652,19566,179
2020-11-25,Yolo,113,214977,5068,4527,17,4544,76
2020-11-25,Yuba,115,75493,2088,1840,11,1851,10
2020-11-24,Alameda,001,1643700,30330,28030,335,28365,444
2020-11-24,Alpine,003,1148,51,41,0,41,0
2020-11-24,Amador,005,37829,555,470,1,471,16
2020-11-24,Butte,007,227075,4155,3798,200,3998,63
2020-11-24,Calaveras,009,45235,494,466,0,466,21
2020-11-24,Colusa,011,21464,754,682,4,686,6
2020-11-24,Contra Costa,013,1133247,24511,23072,156,23228,259
2020-11-24,Del Norte,015,27424,357,298,0,298,2
2020-11-24,El Dorado,017,186661,2718,2005,26,2031,4
2020-11-24,Fresno,019,978130,42224,37021,1375,38396,493
2020-11-24,Glenn,021,27897,987,883,38,921,4
2020-11-24,Humboldt,023,135768,902,774,2,776,9
2020-11-24,Imperial,025,180216,16391,15600,145,15745,355
2020-11-24,Inyo,027,18085,309,282,5,287,15
2020-11-24,Kern,029,883053,41352,38551,1157,39708,465
2020-11-24,Kings,031,150075,11462,10338,154,10492,85
2020-11-24,Lake,033,64148,987,872,0,872,18
2020-11-24,Lassen,035,31185,2174,1657,8,1665,0
2020-11-24,Los Angeles,037,10098052,394994,370008,6010,376018,7501
2020-11-24,Madera,039,155013,6507,5881,145,6026,57
2020-11-24,Marin,041,260295,7780,7591,28,7619,135
2020-11-24,Mariposa,043,17540,126,114,1,115,2
2020-11-24,Mendocino,045,87422,1513,1346,6,1352,22
2020-11-24,Merced,047,269075,11921,11268,105,11373,171
2020-11-24,Modoc,049,8938,119,91,22,113,0
2020-11-24,Mono,051,14174,532,483,9,492,2
2020-11-24,Monterey,053,433212,15557,14354,268,14622,113
2020-11-24,Napa,055,140530,3280,2904,18,2922,17
2020-11-24,Nevada,057,99092,1398,1156,32,1188,9
2020-11-24,Orange,059,3164182,79952,71975,2374,74349,1547
2020-11-24,Placer,061,380077,7384,6147,137,6284,67
2020-11-24,Plumas,063,18699,217,180,0,180,0
2020-11-24,Riverside,065,2383286,92208,83685,1737,85422,1420
2020-11-24,Sacramento,067,1510023,37640,35097,126,35223,568
2020-11-24,San Benito,069,59416,1867,1740,12,1752,15
2020-11-24,San Bernardino,071,2135413,97122,86645,1538,88183,1226
2020-11-24,San Diego,073,3302833,81951,74363,2973,77336,984
2020-11-24,San Francisco,075,870044,15605,14874,97,14971,153
2020-11-24,San Joaquin,077,732212,26858,25318,492,25810,517
2020-11-24,San Luis Obispo,079,281455,6462,5805,104,5909,34
2020-11-24,San Mateo,081,765935,14616,13558,14,13572,170
2020-11-24,Santa Barbara,083,443738,11653,11154,204,11358,138
2020-11-24,Santa Clara,085,1922200,35698,31564,82,31646,438
2020-11-24,Santa Cruz,087,273765,4635,4132,58,4190,25
2020-11-24,Shasta,089,179085,5408,4410,172,4582,43
2020-11-24,Sierra,091,2930,18,15,0,15,0
2020-11-24,Siskiyou,093,43540,647,473,31,504,1
2020-11-24,Solano,095,438530,10547,9716,69,9785,86
2020-11-24,Sonoma,097,501317,12461,11644,55,11699,162
2020-11-24,Stanislaus,099,539301,22139,20830,1376,22206,438
2020-11-24,Sutter,101,95872,3475,2974,12,2986,14
2020-11-24,Tehama,103,63373,1719,1565,27,1592,9
2020-11-24,Trinity,105,12862,269,129,27,156,0
2020-11-24,Tulare,107,460477,21796,20319,1378,21697,315
2020-11-24,Tuolumne,109,53932,1063,832,5,837,7
2020-11-24,Ventura,111,848112,20428,18637,642,19279,179
2020-11-24,Yolo,113,214977,4984,4420,17,4437,76
2020-11-24,Yuba,115,75493,2037,1804,9,1813,10
2020-11-23,Alameda,001,1643700,29915,27718,323,28041,444
2020-11-23,Alpine,003,1148,49,41,0,41,0
2020-11-23,Amador,005,37829,514,457,1,458,16
2020-11-23,Butte,007,227075,4091,3765,194,3959,61
2020-11-23,Calaveras,009,45235,477,434,0,434,21
2020-11-23,Colusa,011,21464,740,662,4,666,6
2020-11-23,Contra Costa,013,1133247,24239,22674,151,22825,260
2020-11-23,Del Norte,015,27424,335,296,0,296,2
2020-11-23,El Dorado,017,186661,2598,2005,25,2030,4
2020-11-23,Fresno,019,978130,41775,36688,1312,38000,488
2020-11-23,Glenn,021,27897,961,853,38,891,4
2020-11-23,Humboldt,023,135768,889,746,2,748,9
2020-11-23,Imperial,025,180216,16220,15104,139,15243,355
2020-11-23,Inyo,027,18085,301,279,5,284,15
2020-11-23,Kern,029,883053,40839,38245,1094,39339,463
2020-11-23,Kings,031,150075,11042,10204,147,10351,85
2020-11-23,Lake,033,64148,964,840,0,840,18
2020-11-23,Lassen,035,31185,2094,1271,7,1278,0
2020-11-23,Los Angeles,037,10098052,388898,366374,5760,372134,7447
2020-11-23,Madera,039,155013,6381,5787,141,5928,56
2020-11-23,Marin,041,260295,7738,7543,28,7571,135
2020-11-23,Mariposa,043,17540,125,97,1,98,2
2020-11-23,Mendocino,045,87422,1483,1330,6,1336,22
2020-11-23,Merced,047,269075,11733,11148,102,11250,169
2020-11-23,Modoc,049,8938,105,91,21,112,0
2020-11-23,Mono,051,14174,519,480,9,489,2
2020-11-23,Monterey,053,433212,15278,14265,262,14527,112
2020-11-23,Napa,055,140530,3214,2811,17,2828,17
2020-11-23,Nevada,057,99092,1309,1087,32,1119,9
2020-11-23,Orange,059,3164182,78550,71074,2328,73402,1546
2020-11-23,Placer,061,380077,7182,5999,136,6135,66
2020-11-23,Plumas,063,18699,213,172,0,172,0
2020-11-23,Riverside,065,2383286,90429,82175,1672,83847,1415
2020-11-23,Sacramento,067,1510023,37070,34141,119,34260,556
2020-11-23,San Benito,069,59416,1839,1729,11,1740,15
2020-11-23,San Bernardino,071,2135413,95016,84387,1475,85862,1224
2020-11-23,San Diego,073,3302833,80489,72817,2885,75702,968
2020-11-23,San Francisco,075,870044,15447,14646,95,14741,153
2020-11-23,San Joaquin,077,732212,26509,24622,488,25110,517
2020-11-23,San Luis Obispo,079,281455,6380,5772,102,5874,34
2020-11-23,San Mateo,081,765935,14424,13364,14,13378,170
2020-11-23,Santa Barbara,083,443738,11546,10944,200,11144,137
2020-11-23,Santa Clara,085,1922200,35048,31064,79,31143,435
2020-11-23,Santa Cruz,087,273765,4524,4003,54,4057,25
2020-11-23,Shasta,089,179085,5290,4100,160,4260,43
2020-11-23,Sierra,091,2930,17,15,0,15,0
2020-11-23,Siskiyou,093,43540,620,460,30,490,0
2020-11-23,Solano,095,438530,10390,9394,66,9460,86
2020-11-23,Sonoma,097,501317,12288,11507,51,11558,160
2020-11-23,Stanislaus,099,539301,21846,20487,1343,21830,436
2020-11-23,Sutter,101,95872,3338,2840,11,2851,14
2020-11-23,Tehama,103,63373,1671,1526,24,1550,9
2020-11-23,Trinity,105,12862,260,120,25,145,0
2020-11-23,Tulare,107,460477,21501,19818,1312,21130,315
2020-11-23,Tuolumne,109,53932,1023,774,5,779,7
2020-11-23,Ventura,111,848112,20053,18480,629,19109,179
2020-11-23,Yolo,113,214977,4904,4265,16,4281,75
2020-11-23,Yuba,115,75493,1970,1702,9,1711,10
2020-11-22,Alameda,001,1643700,29479,27472,312,27784,444
2020-11-22,Alpine,003,1148,46,41,0,41,0
2020-11-22,Amador,005,37829,502,450,1,451,16
2020-11-22,Butte,007,227075,4040,3712,187,3899,61
2020-11-22,Calaveras,009,45235,465,434,0,434,21
2020-11-22,Colusa,011,21464,722,642,3,645,6
2020-11-22,Contra Costa,013,1133247,23934,22407,146,22553,260
2020-11-22,Del Norte,015,27424,311,271,0,271,2
2020-11-22,El Dorado,017,186661,2488,1917,22,1939,4
2020-11-22,Fresno,019,978130,41293,36315,1257,37572,488
2020-11-22,Glenn,021,27897,939,832,34,866,4
2020-11-22,Humboldt,023,135768,873,729,2,731,9
2020-11-22,Imperial,025,180216,16015,15109,94,15203,355
2020-11-22,Inyo,027,18085,295,279,5,284,15
2020-11-22,Kern,029,883053,40260,37904,1060,38964,463
2020-11-22,Kings,031,150075,10941,10035,138,10173,85
2020-11-22,Lake,033,64148,942,834,0,834,18
2020-11-22,Lassen,035,31185,1929,1211,6,1217,0
2020-11-22,Los Angeles,037,10098052,382618,360341,5509,365850,7438
2020-11-22,Madera,039,155013,6301,5745,130,5875,56
2020-11-22,Marin,041,260295,7703,7506,27,7533,135
2020-11-22,Mariposa,043,17540,124,95,1,96,2
2020-11-22,Mendocino,045,87422,1459,1285,5,1290,22
2020-11-22,Merced,047,269075,11584,10939,102,11041,169
2020-11-22,Modoc,049,8938,104,87,19,106,0
2020-11-22,Mono,051,14174,504,481,9,490,2
2020-11-22,Monterey,053,433212,15036,13887,256,14143,111
2020-11-22,Napa,055,140530,3133,2778,17,2795,17
2020-11-22,Nevada,057,99092,1251,1052,32,1084,9
2020-11-22,Orange,059,3164182,77138,69913,2289,72202,1546
2020-11-22,Placer,061,380077,6955,5880,126,6006,66
2020-11-22,Plumas,063,18699,200,172,0,172,0
2020-11-22,Riverside,065,2383286,88834,81565,1611,83176,1409
2020-11-22,Sacramento,067,1510023,36338,33421,106,33527,555
2020-11-22,San Benito,069,59416,1810,1704,11,1715,15
2020-11-22,San Bernardino,071,2135413,92672,83505,1405,84910,1224
2020-11-22,San Diego,073,3302833,78752,71649,2810,74459,968
2020-11-22,San Francisco,075,870044,15276,14515,94,14609,153
2020-11-22,San Joaquin,077,732212,26210,24619,476,25095,517
2020-11-22,San Luis Obispo,079,281455,6271,5664,101,5765,34
2020-11-22,San Mateo,081,765935,14219,13228,14,13242,170
2020-11-22,Santa Barbara,083,443738,11411,10946,195,11141,137
2020-11-22,Santa Clara,085,1922200,34370,30633,77,30710,434
2020-11-22,Santa Cruz,087,273765,4442,3896,47,3943,25
2020-11-22,Shasta,089,179085,5134,4100,142,4242,43
2020-11-22,Sierra,091,2930,17,13,0,13,0
2020-11-22,Siskiyou,093,43540,588,411,30,441,0
2020-11-22,Solano,095,438530,10219,9363,62,9425,86
2020-11-22,Sonoma,097,501317,12130,11415,49,11464,159
2020-11-22,Stanislaus,099,539301,21519,20223,1313,21536,436
2020-11-22,Sutter,101,95872,3220,2677,11,2688,13
2020-11-22,Tehama,103,63373,1637,1457,19,1476,9
2020-11-22,Trinity,105,12862,254,114,25,139,0
2020-11-22,Tulare,107,460477,21249,19818,1242,21060,314
2020-11-22,Tuolumne,109,53932,997,689,5,694,7
2020-11-22,Ventura,111,848112,19692,18105,615,18720,179
2020-11-22,Yolo,113,214977,4804,4206,16,4222,75
2020-11-22,Yuba,115,75493,1917,1672,9,1681,10
2020-11-21,Alameda,001,1643700,29292,27424,310,27734,444
2020-11-21,Alpine,003,1148,46,41,0,41,0
2020-11-21,Amador,005,37829,488,450,1,451,16
2020-11-21,Butte,007,227075,3992,3664,184,3848,61
2020-11-21,Calaveras,009,45235,459,434,0,434,21
2020-11-21,Colusa,011,21464,713,642,3,645,6
2020-11-21,Contra Costa,013,1133247,23781,22338,144,22482,260
2020-11-21,Del Norte,015,27424,306,271,0,271,2
2020-11-21,El Dorado,017,186661,2439,1900,21,1921,4
2020-11-21,Fresno,019,978130,41037,35973,1223,37196,482
2020-11-21,Glenn,021,27897,934,829,32,861,4
2020-11-21,Humboldt,023,135768,863,728,2,730,9
2020-11-21,Imperial,025,180216,15938,15053,94,15147,355
2020-11-21,Inyo,027,18085,293,283,5,288,15
2020-11-21,Kern,029,883053,40004,37403,1025,38428,463
2020-11-21,Kings,031,150075,10893,10019,134,10153,85
2020-11-21,Lake,033,64148,929,832,0,832,18
2020-11-21,Lassen,035,31185,1862,1211,6,1217,0
2020-11-21,Los Angeles,037,10098052,379438,357754,5364,363118,7428
2020-11-21,Madera,039,155013,6264,5706,130,5836,56
2020-11-21,Marin,041,260295,7680,7488,26,7514,134
2020-11-21,Mariposa,043,17540,124,92,1,93,2
2020-11-21,Mendocino,045,87422,1428,1282,5,1287,22
2020-11-21,Merced,047,269075,11523,10849,101,10950,169
2020-11-21,Modoc,049,8938,100,87,18,105,0
2020-11-21,Mono,051,14174,499,469,9,478,2
2020-11-21,Monterey,053,433212,14938,13886,251,14137,110
2020-11-21,Napa,055,140530,3099,2757,17,2774,17
2020-11-21,Nevada,057,99092,1239,1018,31,1049,9
2020-11-21,Orange,059,3164182,76335,69021,2259,71280,1543
2020-11-21,Placer,061,380077,6842,5778,123,5901,65
2020-11-21,Plumas,063,18699,195,172,0,172,0
2020-11-21,Riverside,065,2383286,88057,80676,1565,82241,1407
2020-11-21,Sacramento,067,1510023,35943,33133,98,33231,548
2020-11-21,San Benito,069,59416,1791,1691,11,1702,15
2020-11-21,San Bernardino,071,2135413,91796,83206,1329,84535,1222
2020-11-21,San Diego,073,3302833,77973,70711,2755,73466,966
2020-11-21,San Francisco,075,870044,15173,14445,93,14538,153
2020-11-21,San Joaquin,077,732212,26077,24620,461,25081,517
2020-11-21,San Luis Obispo,079,281455,6218,5618,98,5716,34
2020-11-21,San Mateo,081,765935,14117,13138,14,13152,170
2020-11-21,Santa Barbara,083,443738,11360,10922,192,11114,137
2020-11-21,Santa Clara,085,1922200,33986,30377,74,30451,433
2020-11-21,Santa Cruz,087,273765,4385,3898,47,3945,25
2020-11-21,Shasta,089,179085,5060,4095,139,4234,42
2020-11-21,Sierra,091,2930,17,13,0,13,0
2020-11-21,Siskiyou,093,43540,572,403,30,433,0
2020-11-21,Solano,095,438530,10129,9290,59,9349,86
2020-11-21,Sonoma,097,501317,12055,11394,47,11441,158
2020-11-21,Stanislaus,099,539301,21376,20111,1288,21399,435
2020-11-21,Sutter,101,95872,3160,2615,10,2625,13
2020-11-21,Tehama,103,63373,1617,1435,18,1453,9
2020-11-21,Trinity,105,12862,251,110,24,134,0
2020-11-21,Tulare,107,460477,21123,19752,1208,20960,313
2020-11-21,Tuolumne,109,53932,978,690,5,695,7
2020-11-21,Ventura,111,848112,19528,18040,605,18645,177
2020-11-21,Yolo,113,214977,4729,4147,15,4162,75
2020-11-21,Yuba,115,75493,1885,1643,9,1652,10
2020-11-20,Alameda,001,1643700,29077,27221,303,27524,444
2020-11-20,Alpine,003,1148,46,20,0,20,0
2020-11-20,Amador,005,37829,484,446,1,447,16
2020-11-20,Butte,007,227075,3960,3618,180,3798,60
2020-11-20,Calaveras,009,45235,447,424,0,424,21
2020-11-20,Colusa,011,21464,705,631,2,633,6
2020-11-20,Contra Costa,013,1133247,23595,22116,140,22256,260
2020-11-20,Del Norte,015,27424,302,264,0,264,2
2020-11-20,El Dorado,017,186661,2343,1868,19,1887,4
2020-11-20,Fresno,019,978130,40743,35635,1193,36828,480
2020-11-20,Glenn,021,27897,922,826,30,856,4
2020-11-20,Humboldt,023,135768,854,714,1,715,9
2020-11-20,Imperial,025,180216,15876,14864,89,14953,353
2020-11-20,Inyo,027,18085,291,262,5,267,15
2020-11-20,Kern,029,883053,39711,37143,999,38142,462
2020-11-20,Kings,031,150075,10845,9903,133,10036,85
2020-11-20,Lake,033,64148,920,820,0,820,18
2020-11-20,Lassen,035,31185,1777,1212,5,1217,0
2020-11-20,Los Angeles,037,10098052,375555,353554,5200,358754,7398
2020-11-20,Madera,039,155013,6171,5635,129,5764,54
2020-11-20,Marin,041,260295,7656,7467,25,7492,134
2020-11-20,Mariposa,043,17540,116,89,1,90,2
2020-11-20,Mendocino,045,87422,1408,1269,5,1274,22
2020-11-20,Merced,047,269075,11437,10729,101,10830,167
2020-11-20,Modoc,049,8938,100,83,18,101,0
2020-11-20,Mono,051,14174,497,469,9,478,2
2020-11-20,Monterey,053,433212,14813,13738,242,13980,110
2020-11-20,Napa,055,140530,3069,2718,17,2735,17
2020-11-20,Nevada,057,99092,1221,990,30,1020,9
2020-11-20,Orange,059,3164182,75498,68212,2221,70433,1532
2020-11-20,Placer,061,380077,6707,5687,108,5795,66
2020-11-20,Plumas,063,18699,193,163,0,163,0
2020-11-20,Riverside,065,2383286,87046,79613,1502,81115,1405
2020-11-20,Sacramento,067,1510023,35567,32832,89,32921,549
2020-11-20,San Benito,069,59416,1779,1668,11,1679,15
2020-11-20,San Bernardino,071,2135413,90430,81203,1248,82451,1220
2020-11-20,San Diego,073,3302833,76975,69233,2673,71906,960
2020-11-20,San Francisco,075,870044,15069,14327,92,14419,153
2020-11-20,San Joaquin,077,732212,25924,24460,448,24908,515
2020-11-20,San Luis Obispo,079,281455,6162,5524,95,5619,34
2020-11-20,San Mateo,081,765935,13984,12980,13,12993,169
2020-11-20,Santa Barbara,083,443738,11304,10825,186,11011,136
2020-11-20,Santa Clara,085,1922200,33564,30002,69,30071,431
2020-11-20,Santa Cruz,087,273765,4319,3815,47,3862,25
2020-11-20,Shasta,089,179085,4986,3861,134,3995,42
2020-11-20,Sierra,091,2930,17,12,0,12,0
2020-11-20,Siskiyou,093,43540,559,387,29,416,0
2020-11-20,Solano,095,438530,10037,9216,57,9273,85
2020-11-20,Sonoma,097,501317,11971,11316,46,11362,158
2020-11-20,Stanislaus,099,539301,21221,19889,1262,21151,433
2020-11-20,Sutter,101,95872,3110,2580,10,2590,13
2020-11-20,Tehama,103,63373,1602,1410,15,1425,9
2020-11-20,Trinity,105,12862,250,102,24,126,0
2020-11-20,Tulare,107,460477,20990,19568,1169,20737,311
2020-11-20,Tuolumne,109,53932,939,662,5,667,7
2020-11-20,Ventura,111,848112,19360,17741,577,18318,175
2020-11-20,Yolo,113,214977,4651,4081,14,4095,74
2020-11-20,Yuba,115,75493,1857,1611,9,1620,10
2020-11-19,Alameda,001,1643700,28731,26971,295,27266,441
2020-11-19,Alpine,003,1148,43,20,0,20,0
2020-11-19,Amador,005,37829,480,436,1,437,16
2020-11-19,Butte,007,227075,3911,3576,173,3749,60
2020-11-19,Calaveras,009,45235,437,417,0,417,21
2020-11-19,Colusa,011,21464,687,621,2,623,6
2020-11-19,Contra Costa,013,1133247,23323,21886,137,22023,259
2020-11-19,Del Norte,015,27424,294,251,0,251,2
2020-11-19,El Dorado,017,186661,2269,1825,18,1843,4
2020-11-19,Fresno,019,978130,40293,35278,1136,36414,478
2020-11-19,Glenn,021,27897,900,806,29,835,4
2020-11-19,Humboldt,023,135768,834,693,1,694,9
2020-11-19,Imperial,025,180216,15667,14507,87,14594,349
2020-11-19,Inyo,027,18085,289,262,5,267,15
2020-11-19,Kern,029,883053,39290,36779,957,37736,459
2020-11-19,Kings,031,150075,10697,9763,125,9888,85
2020-11-19,Lake,033,64148,906,809,0,809,18
2020-11-19,Lassen,035,31185,1660,1201,3,1204,0
2020-11-19,Los Angeles,037,10098052,370533,349493,5030,354523,7365
2020-11-19,Madera,039,155013,6099,5540,121,5661,54
2020-11-19,Marin,041,260295,7625,7451,25,7476,134
2020-11-19,Mariposa,043,17540,109,88,0,88,2
2020-11-19,Mendocino,045,87422,1387,1237,5,1242,23
2020-11-19,Merced,047,269075,11296,10634,95,10729,167
2020-11-19,Modoc,049,8938,97,82,18,100,0
2020-11-19,Mono,051,14174,489,468,9,477,2
2020-11-19,Monterey,053,433212,14598,13369,230,13599,108
2020-11-19,Napa,055,140530,3015,2641,17,2658,17
2020-11-19,Nevada,057,99092,1180,945,29,974,9
2020-11-19,Orange,059,3164182,74236,66998,2176,69174,1530
2020-11-19,Placer,061,380077,6516,5612,107,5719,65
2020-11-19,Plumas,063,18699,188,158,0,158,0
2020-11-19,Riverside,065,2383286,85561,78535,1431,79966,1402
2020-11-19,Sacramento,067,1510023,35054,32367,87,32454,546
2020-11-19,San Benito,069,59416,1756,1643,11,1654,15
2020-11-19,San Bernardino,071,2135413,88534,79244,1168,80412,1215
2020-11-19,San Diego,073,3302833,75725,68142,2569,70711,952
2020-11-19,San Francisco,075,870044,14912,14178,86,14264,153
2020-11-19,San Joaquin,077,732212,25604,24270,437,24707,516
2020-11-19,San Luis Obispo,079,281455,6085,5410,91,5501,34
2020-11-19,San Mateo,081,765935,13846,12714,13,12727,169
2020-11-19,Santa Barbara,083,443738,11224,10741,183,10924,136
2020-11-19,Santa Clara,085,1922200,33006,29630,68,29698,424
2020-11-19,Santa Cruz,087,273765,4228,3679,45,3724,25
2020-11-19,Shasta,089,179085,4848,3685,124,3809,42
2020-11-19,Sierra,091,2930,17,11,0,11,0
2020-11-19,Siskiyou,093,43540,534,360,28,388,0
2020-11-19,Solano,095,438530,9900,9093,53,9146,84
2020-11-19,Sonoma,097,501317,11801,11205,44,11249,156
2020-11-19,Stanislaus,099,539301,20981,19736,1220,20956,433
2020-11-19,Sutter,101,95872,3011,2509,10,2519,13
2020-11-19,Tehama,103,63373,1569,1373,12,1385,9
2020-11-19,Trinity,105,12862,244,97,24,121,0
2020-11-19,Tulare,107,460477,20768,19384,1104,20488,304
2020-11-19,Tuolumne,109,53932,906,602,5,607,7
2020-11-19,Ventura,111,848112,19007,17300,564,17864,174
2020-11-19,Yolo,113,214977,4555,3973,14,3987,72
2020-11-19,Yuba,115,75493,1817,1568,9,1577,10
2020-11-18,Alameda,001,1643700,28469,26610,290,26900,440
2020-11-18,Alpine,003,1148,42,16,0,16,0
2020-11-18,Amador,005,37829,475,430,1,431,16
2020-11-18,Butte,007,227075,3858,3537,160,3697,59
2020-11-18,Calaveras,009,45235,433,409,0,409,21
2020-11-18,Colusa,011,21464,674,611,2,613,6
2020-11-18,Contra Costa,013,1133247,23056,21685,133,21818,258
2020-11-18,Del Norte,015,27424,281,240,0,240,2
2020-11-18,El Dorado,017,186661,2181,1799,17,1816,4
2020-11-18,Fresno,019,978130,39853,34997,1085,36082,474
2020-11-18,Glenn,021,27897,883,803,27,830,4
2020-11-18,Humboldt,023,135768,820,690,1,691,9
2020-11-18,Imperial,025,180216,15445,14428,86,14514,348
2020-11-18,Inyo,027,18085,287,262,5,267,15
2020-11-18,Kern,029,883053,38901,36537,907,37444,456
2020-11-18,Kings,031,150075,10549,9696,122,9818,85
2020-11-18,Lake,033,64148,893,802,0,802,18
2020-11-18,Lassen,035,31185,1560,1124,3,1127,0
2020-11-18,Los Angeles,037,10098052,365664,344675,4844,349519,7338
2020-11-18,Madera,039,155013,6012,5519,109,5628,54
2020-11-18,Marin,041,260295,7601,7435,25,7460,134
2020-11-18,Mariposa,043,17540,106,88,0,88,2
2020-11-18,Mendocino,045,87422,1367,1237,5,1242,23
2020-11-18,Merced,047,269075,11180,10536,94,10630,166
2020-11-18,Modoc,049,8938,94,77,18,95,0
2020-11-18,Mono,051,14174,484,468,9,477,2
2020-11-18,Monterey,053,433212,14403,13340,216,13556,108
2020-11-18,Napa,055,140530,2968,2607,17,2624,17
2020-11-18,Nevada,057,99092,1140,933,27,960,9
2020-11-18,Orange,059,3164182,73139,66381,2151,68532,1521
2020-11-18,Placer,061,380077,6338,5543,102,5645,64
2020-11-18,Plumas,063,18699,183,143,0,143,0
2020-11-18,Riverside,065,2383286,84096,77739,1328,79067,1387
2020-11-18,Sacramento,067,1510023,34429,31816,79,31895,541
2020-11-18,San Benito,069,59416,1731,1632,10,1642,15
2020-11-18,San Bernardino,071,2135413,86774,77400,1088,78488,1206
2020-11-18,San Diego,073,3302833,74431,67243,2509,69752,945
2020-11-18,San Francisco,075,870044,14768,14057,84,14141,153
2020-11-18,San Joaquin,077,732212,25338,24146,422,24568,517
2020-11-18,San Luis Obispo,079,281455,6009,5322,90,5412,34
2020-11-18,San Mateo,081,765935,13693,12631,12,12643,169
2020-11-18,Santa Barbara,083,443738,11145,10684,176,10860,136
2020-11-18,Santa Clara,085,1922200,32541,29285,63,29348,421
2020-11-18,Santa Cruz,087,273765,4136,3618,43,3661,25
2020-11-18,Shasta,089,179085,4715,3547,120,3667,42
2020-11-18,Sierra,091,2930,17,11,0,11,0
2020-11-18,Siskiyou,093,43540,502,351,27,378,0
2020-11-18,Solano,095,438530,9768,8994,51,9045,84
2020-11-18,Sonoma,097,501317,11694,11129,41,11170,155
2020-11-18,Stanislaus,099,539301,20738,19609,1195,20804,431
2020-11-18,Sutter,101,95872,2893,2442,10,2452,13
2020-11-18,Tehama,103,63373,1531,1338,12,1350,8
2020-11-18,Trinity,105,12862,230,95,23,118,0
2020-11-18,Tulare,107,460477,20558,19286,1053,20339,306
2020-11-18,Tuolumne,109,53932,871,590,5,595,7
2020-11-18,Ventura,111,848112,18682,17169,549,17718,173
2020-11-18,Yolo,113,214977,4481,3929,14,3943,71
2020-11-18,Yuba,115,75493,1763,1540,9,1549,10
2020-11-17,Alameda,001,1643700,28142,26425,280,26705,439
2020-11-17,Alpine,003,1148,40,12,0,12,0
2020-11-17,Amador,005,37829,464,423,1,424,16
2020-11-17,Butte,007,227075,3816,3500,150,3650,59
2020-11-17,Calaveras,009,45235,418,405,0,405,21
2020-11-17,Colusa,011,21464,663,606,1,607,6
2020-11-17,Contra Costa,013,1133247,22783,21557,128,21685,256
2020-11-17,Del Norte,015,27424,275,233,0,233,2
2020-11-17,El Dorado,017,186661,2122,1758,17,1775,4
2020-11-17,Fresno,019,978130,39255,34765,1026,35791,472
2020-11-17,Glenn,021,27897,872,795,26,821,4
2020-11-17,Humboldt,023,135768,798,685,1,686,9
2020-11-17,Imperial,025,180216,15209,14204,83,14287,346
2020-11-17,Inyo,027,18085,286,263,5,268,15
2020-11-17,Kern,029,883053,38451,36164,854,37018,455
2020-11-17,Kings,031,150075,10476,9653,115,9768,85
2020-11-17,Lake,033,64148,873,792,0,792,18
2020-11-17,Lassen,035,31185,1481,1124,3,1127,0
2020-11-17,Los Angeles,037,10098052,360712,340933,4681,345614,7302
2020-11-17,Madera,039,155013,5923,5485,102,5587,54
2020-11-17,Marin,041,260295,7569,7404,24,7428,134
2020-11-17,Mariposa,043,17540,103,87,0,87,2
2020-11-17,Mendocino,045,87422,1346,1216,5,1221,23
2020-11-17,Merced,047,269075,11036,10457,87,10544,162
2020-11-17,Modoc,049,8938,88,71,17,88,0
2020-11-17,Mono,051,14174,479,459,9,468,2
2020-11-17,Monterey,053,433212,14174,13220,206,13426,108
2020-11-17,Napa,055,140530,2914,2568,17,2585,17
2020-11-17,Nevada,057,99092,1099,918,26,944,9
2020-11-17,Orange,059,3164182,71989,65757,2123,67880,1519
2020-11-17,Placer,061,380077,6176,5435,96,5531,63
2020-11-17,Plumas,063,18699,175,142,0,142,0
2020-11-17,Riverside,065,2383286,82709,77079,1237,78316,1379
2020-11-17,Sacramento,067,1510023,33830,31341,75,31416,538
2020-11-17,San Benito,069,59416,1715,1611,4,1615,15
2020-11-17,San Bernardino,071,2135413,84960,76134,998,77132,1188
2020-11-17,San Diego,073,3302833,73178,66321,2453,68774,933
2020-11-17,San Francisco,075,870044,14602,13952,83,14035,153
2020-11-17,San Joaquin,077,732212,25066,23997,402,24399,516
2020-11-17,San Luis Obispo,079,281455,5913,5235,90,5325,34
2020-11-17,San Mateo,081,765935,13531,12491,11,12502,169
2020-11-17,Santa Barbara,083,443738,11059,10597,171,10768,136
2020-11-17,Santa Clara,085,1922200,31994,29013,62,29075,419
2020-11-17,Santa Cruz,087,273765,4052,3548,40,3588,25
2020-11-17,Shasta,089,179085,4557,3457,108,3565,40
2020-11-17,Sierra,091,2930,15,11,0,11,0
2020-11-17,Siskiyou,093,43540,454,333,26,359,0
2020-11-17,Solano,095,438530,9623,8905,50,8955,84
2020-11-17,Sonoma,097,501317,11560,11084,39,11123,155
2020-11-17,Stanislaus,099,539301,20514,19466,1167,20633,425
2020-11-17,Sutter,101,95872,2810,2370,9,2379,12
2020-11-17,Tehama,103,63373,1480,1290,12,1302,7
2020-11-17,Trinity,105,12862,213,83,23,106,0
2020-11-17,Tulare,107,460477,20327,19176,991,20167,305
2020-11-17,Tuolumne,109,53932,833,568,5,573,7
2020-11-17,Ventura,111,848112,18410,16797,531,17328,173
2020-11-17,Yolo,113,214977,4303,3887,13,3900,70
2020-11-17,Yuba,115,75493,1715,1519,9,1528,10
2020-11-16,Alameda,001,1643700,27795,26063,275,26338,436
2020-11-16,Alpine,003,1148,37,12,0,12,0
2020-11-16,Amador,005,37829,456,414,1,415,16
2020-11-16,Butte,007,227075,3777,3490,142,3632,58
2020-11-16,Calaveras,009,45235,410,402,0,402,21
2020-11-16,Colusa,011,21464,654,601,1,602,6
2020-11-16,Contra Costa,013,1133247,22516,21386,123,21509,256
2020-11-16,Del Norte,015,27424,268,225,0,225,2
2020-11-16,El Dorado,017,186661,2062,1694,15,1709,4
2020-11-16,Fresno,019,978130,38765,34593,972,35565,471
2020-11-16,Glenn,021,27897,860,786,25,811,4
2020-11-16,Humboldt,023,135768,782,660,1,661,9
2020-11-16,Imperial,025,180216,14961,14111,83,14194,346
2020-11-16,Inyo,027,18085,283,263,5,268,15
2020-11-16,Kern,029,883053,38057,36049,811,36860,455
2020-11-16,Kings,031,150075,10209,9569,111,9680,85
2020-11-16,Lake,033,64148,861,784,0,784,18
2020-11-16,Lassen,035,31185,1300,1124,3,1127,0
2020-11-16,Los Angeles,037,10098052,355967,338778,4506,343284,7277
2020-11-16,Madera,039,155013,5836,5433,96,5529,54
2020-11-16,Marin,041,260295,7540,7359,24,7383,134
2020-11-16,Mariposa,043,17540,100,86,0,86,2
2020-11-16,Mendocino,045,87422,1321,1209,5,1214,23
2020-11-16,Merced,047,269075,10898,10399,84,10483,162
2020-11-16,Modoc,049,8938,86,71,17,88,0
2020-11-16,Mono,051,14174,477,453,9,462,2
2020-11-16,Monterey,053,433212,13928,13089,196,13285,107
2020-11-16,Napa,055,140530,2838,2536,17,2553,17
2020-11-16,Nevada,057,99092,1056,889,24,913,9
2020-11-16,Orange,059,3164182,70892,65396,2109,67505,1519
2020-11-16,Placer,061,380077,6056,5387,87,5474,63
2020-11-16,Plumas,063,18699,168,127,0,127,0
2020-11-16,Riverside,065,2383286,81334,76449,1172,77621,1379
2020-11-16,Sacramento,067,1510023,33192,30954,69,31023,534
2020-11-16,San Benito,069,59416,1697,1603,3,1606,15
2020-11-16,San Bernardino,071,2135413,83132,74401,929,75330,1186
2020-11-16,San Diego,073,3302833,71867,65603,2381,67984,926
2020-11-16,San Francisco,075,870044,14443,13847,80,13927,153
2020-11-16,San Joaquin,077,732212,24778,23515,393,23908,513
2020-11-16,San Luis Obispo,079,281455,5810,5161,85,5246,34
2020-11-16,San Mateo,081,765935,13371,12398,11,12409,169
2020-11-16,Santa Barbara,083,443738,10995,10565,167,10732,135
2020-11-16,Santa Clara,085,1922200,31428,28673,61,28734,419
2020-11-16,Santa Cruz,087,273765,3979,3520,40,3560,25
2020-11-16,Shasta,089,179085,4409,3284,103,3387,37
2020-11-16,Sierra,091,2930,15,11,0,11,0
2020-11-16,Siskiyou,093,43540,427,294,26,320,0
2020-11-16,Solano,095,438530,9424,8827,50,8877,84
2020-11-16,Sonoma,097,501317,11469,10961,38,10999,155
2020-11-16,Stanislaus,099,539301,20278,19333,1140,20473,425
2020-11-16,Sutter,101,95872,2704,2322,9,2331,12
2020-11-16,Tehama,103,63373,1435,1261,8,1269,7
2020-11-16,Trinity,105,12862,201,67,23,90,0
2020-11-16,Tulare,107,460477,20148,18891,938,19829,305
2020-11-16,Tuolumne,109,53932,797,543,5,548,7
2020-11-16,Ventura,111,848112,18072,16691,523,17214,172
2020-11-16,Yolo,113,214977,4207,3858,13,3871,70
2020-11-16,Yuba,115,75493,1679,1500,8,1508,10
2020-11-15,Alameda,001,1643700,27477,25879,269,26148,436
2020-11-15,Alpine,003,1148,35,12,0,12,0
2020-11-15,Amador,005,37829,444,409,1,410,16
2020-11-15,Butte,007,227075,3723,3452,133,3585,58
2020-11-15,Calaveras,009,45235,396,386,0,386,21
2020-11-15,Colusa,011,21464,645,601,1,602,6
2020-11-15,Contra Costa,013,1133247,22217,21179,122,21301,256
2020-11-15,Del Norte,015,27424,253,224,0,224,2
2020-11-15,El Dorado,017,186661,2000,1683,14,1697,4
2020-11-15,Fresno,019,978130,38251,34297,934,35231,471
2020-11-15,Glenn,021,27897,848,783,24,807,4
2020-11-15,Humboldt,023,135768,753,653,1,654,9
2020-11-15,Imperial,025,180216,14724,13940,83,14023,346
2020-11-15,Inyo,027,18085,273,263,5,268,15
2020-11-15,Kern,029,883053,37652,35911,776,36687,455
2020-11-15,Kings,031,150075,10016,9533,107,9640,85
2020-11-15,Lake,033,64148,852,777,0,777,17
2020-11-15,Lassen,035,31185,1253,1124,3,1127,0
2020-11-15,Los Angeles,037,10098052,350925,336035,4334,340369,7271
2020-11-15,Madera,039,155013,5739,5391,90,5481,54
2020-11-15,Marin,041,260295,7514,7347,24,7371,133
2020-11-15,Mariposa,043,17540,97,86,0,86,2
2020-11-15,Mendocino,045,87422,1302,1197,5,1202,22
2020-11-15,Merced,047,269075,10765,10350,84,10434,162
2020-11-15,Modoc,049,8938,85,68,17,85,0
2020-11-15,Mono,051,14174,475,453,9,462,2
2020-11-15,Monterey,053,433212,13731,12999,183,13182,107
2020-11-15,Napa,055,140530,2779,2509,15,2524,17
2020-11-15,Nevada,057,99092,1001,859,24,883,9
2020-11-15,Orange,059,3164182,69851,65008,2093,67101,1519
2020-11-15,Placer,061,380077,5901,5330,79,5409,63
2020-11-15,Plumas,063,18699,162,127,0,127,0
2020-11-15,Riverside,065,2383286,80010,75531,1113,76644,1374
2020-11-15,Sacramento,067,1510023,32566,30601,65,30666,534
2020-11-15,San Benito,069,59416,1672,1589,2,1591,15
2020-11-15,San Bernardino,071,2135413,80979,73769,854,74623,1185
2020-11-15,San Diego,073,3302833,70366,64770,2324,67094,926
2020-11-15,San Francisco,075,870044,14267,13757,79,13836,153
2020-11-15,San Joaquin,077,732212,24569,23516,377,23893,513
2020-11-15,San Luis Obispo,079,281455,5687,5120,83,5203,34
2020-11-15,San Mateo,081,765935,13194,12348,11,12359,169
2020-11-15,Santa Barbara,083,443738,10900,10516,165,10681,135
2020-11-15,Santa Clara,085,1922200,30974,28289,60,28349,418
2020-11-15,Santa Cruz,087,273765,3841,3439,39,3478,25
2020-11-15,Shasta,089,179085,4236,3290,94,3384,37
2020-11-15,Sierra,091,2930,15,11,0,11,0
2020-11-15,Siskiyou,093,43540,408,294,26,320,0
2020-11-15,Solano,095,438530,9263,8713,47,8760,84
2020-11-15,Sonoma,097,501317,11349,10833,37,10870,154
2020-11-15,Stanislaus,099,539301,20006,19228,1115,20343,425
2020-11-15,Sutter,101,95872,2614,2230,9,2239,12
2020-11-15,Tehama,103,63373,1384,1222,7,1229,7
2020-11-15,Trinity,105,12862,191,67,21,88,0
2020-11-15,Tulare,107,460477,19931,18891,885,19776,305
2020-11-15,Tuolumne,109,53932,755,486,5,491,7
2020-11-15,Ventura,111,848112,17798,16564,515,17079,172
2020-11-15,Yolo,113,214977,4104,3819,12,3831,67
2020-11-15,Yuba,115,75493,1638,1470,7,1477,10
2020-11-14,Alameda,001,1643700,27210,25714,267,25981,435
2020-11-14,Alpine,003,1148,35,12,0,12,0
2020-11-14,Amador,005,37829,435,404,0,404,16
2020-11-14,Butte,007,227075,3687,3434,119,3553,58
2020-11-14,Calaveras,009,45235,395,386,0,386,21
2020-11-14,Colusa,011,21464,633,601,1,602,6
2020-11-14,Contra Costa,013,1133247,22078,20975,115,21090,256
2020-11-14,Del Norte,015,27424,247,219,0,219,2
2020-11-14,El Dorado,017,186661,1956,1648,14,1662,4
2020-11-14,Fresno,019,978130,38001,33969,897,34866,471
2020-11-14,Glenn,021,27897,839,772,21,793,3
2020-11-14,Humboldt,023,135768,738,643,1,644,9
2020-11-14,Imperial,025,180216,14631,13932,82,14014,346
2020-11-14,Inyo,027,18085,272,263,5,268,15
2020-11-14,Kern,029,883053,37443,35626,757,36383,454
2020-11-14,Kings,031,150075,9981,9490,104,9594,85
2020-11-14,Lake,033,64148,843,773,0,773,17
2020-11-14,Lassen,035,31185,1239,833,3,836,0
2020-11-14,Los Angeles,037,10098052,348217,333021,4225,337246,7269
2020-11-14,Madera,039,155013,5709,5371,88,5459,54
2020-11-14,Marin,041,260295,7498,7325,24,7349,133
2020-11-14,Mariposa,043,17540,96,86,0,86,2
2020-11-14,Mendocino,045,87422,1286,1181,5,1186,22
2020-11-14,Merced,047,269075,10709,10286,82,10368,161
2020-11-14,Modoc,049,8938,84,64,16,80,0
2020-11-14,Mono,051,14174,475,453,9,462,2
2020-11-14,Monterey,053,433212,13635,12854,173,13027,105
2020-11-14,Napa,055,140530,2745,2473,15,2488,17
2020-11-14,Nevada,057,99092,985,835,24,859,9
2020-11-14,Orange,059,3164182,69230,64340,2082,66422,1517
2020-11-14,Placer,061,380077,5825,5215,73,5288,63
2020-11-14,Plumas,063,18699,157,128,0,128,0
2020-11-14,Riverside,065,2383286,79269,74910,1073,75983,1373
2020-11-14,Sacramento,067,1510023,32240,30298,65,30363,532
2020-11-14,San Benito,069,59416,1657,1573,2,1575,15
2020-11-14,San Bernardino,071,2135413,80045,72868,822,73690,1184
2020-11-14,San Diego,073,3302833,69601,63715,2272,65987,926
2020-11-14,San Francisco,075,870044,14179,13661,78,13739,153
2020-11-14,San Joaquin,077,732212,24478,23516,369,23885,511
2020-11-14,San Luis Obispo,079,281455,5623,5073,78,5151,34
2020-11-14,San Mateo,081,765935,13086,12293,11,12304,169
2020-11-14,Santa Barbara,083,443738,10846,10482,163,10645,135
2020-11-14,Santa Clara,085,1922200,30689,27962,58,28020,416
2020-11-14,Santa Cruz,087,273765,3786,3402,39,3441,25
2020-11-14,Shasta,089,179085,4154,3195,92,3287,37
2020-11-14,Sierra,091,2930,15,11,0,11,0
2020-11-14,Siskiyou,093,43540,395,292,26,318,0
2020-11-14,Solano,095,438530,9183,8655,46,8701,84
2020-11-14,Sonoma,097,501317,11296,10769,37,10806,154
2020-11-14,Stanislaus,099,539301,19863,19068,1093,20161,424
2020-11-14,Sutter,101,95872,2569,2182,9,2191,12
2020-11-14,Tehama,103,63373,1363,1206,6,1212,7
2020-11-14,Trinity,105,12862,186,67,21,88,0
2020-11-14,Tulare,107,460477,19836,18853,857,19710,305
2020-11-14,Tuolumne,109,53932,727,448,5,453,7
2020-11-14,Ventura,111,848112,17652,16297,504,16801,172
2020-11-14,Yolo,113,214977,4061,3765,10,3775,65
2020-11-14,Yuba,115,75493,1609,1453,7,1460,10
2020-11-13,Alameda,001,1643700,26994,25515,262,25777,434
2020-11-13,Alpine,003,1148,35,12,0,12,0
2020-11-13,Amador,005,37829,432,397,0,397,16
2020-11-13,Butte,007,227075,3663,3402,110,3512,58
2020-11-13,Calaveras,009,45235,391,378,0,378,21
2020-11-13,Colusa,011,21464,625,598,1,599,6
2020-11-13,Contra Costa,013,1133247,21905,20799,115,20914,256
2020-11-13,Del Norte,015,27424,244,208,0,208,2
2020-11-13,El Dorado,017,186661,1911,1611,13,1624,4
2020-11-13,Fresno,019,978130,37754,33693,883,34576,470
2020-11-13,Glenn,021,27897,825,755,17,772,3
2020-11-13,Humboldt,023,135768,723,638,1,639,9
2020-11-13,Imperial,025,180216,14561,13790,81,13871,341
2020-11-13,Inyo,027,18085,271,262,5,267,15
2020-11-13,Kern,029,883053,37241,35431,740,36171,453
2020-11-13,Kings,031,150075,9922,9428,103,9531,85
2020-11-13,Lake,033,64148,837,770,0,770,17
2020-11-13,Lassen,035,31185,1230,832,3,835,0
2020-11-13,Los Angeles,037,10098052,345091,329364,4119,333483,7248
2020-11-13,Madera,039,155013,5669,5340,87,5427,54
2020-11-13,Marin,041,260295,7485,7307,23,7330,133
2020-11-13,Mariposa,043,17540,94,86,0,86,2
2020-11-13,Mendocino,045,87422,1274,1173,5,1178,22
2020-11-13,Merced,047,269075,10653,10185,79,10264,159
2020-11-13,Modoc,049,8938,84,63,14,77,0
2020-11-13,Mono,051,14174,475,448,8,456,2
2020-11-13,Monterey,053,433212,13439,12681,161,12842,104
2020-11-13,Napa,055,140530,2706,2440,15,2455,17
2020-11-13,Nevada,057,99092,966,798,24,822,9
2020-11-13,Orange,059,3164182,68631,63804,2062,65866,1514
2020-11-13,Placer,061,380077,5720,5122,67,5189,63
2020-11-13,Plumas,063,18699,151,125,0,125,0
2020-11-13,Riverside,065,2383286,78530,74138,1044,75182,1372
2020-11-13,Sacramento,067,1510023,31922,29787,60,29847,524
2020-11-13,San Benito,069,59416,1645,1553,1,1554,15
2020-11-13,San Bernardino,071,2135413,78997,71895,801,72696,1184
2020-11-13,San Diego,073,3302833,68754,62978,2234,65212,921
2020-11-13,San Francisco,075,870044,14086,13516,76,13592,146
2020-11-13,San Joaquin,077,732212,24383,23314,363,23677,510
2020-11-13,San Luis Obispo,079,281455,5556,4960,75,5035,34
2020-11-13,San Mateo,081,765935,12992,12182,11,12193,169
2020-11-13,Santa Barbara,083,443738,10794,10405,161,10566,134
2020-11-13,Santa Clara,085,1922200,30362,27609,56,27665,415
2020-11-13,Santa Cruz,087,273765,3713,3343,39,3382,25
2020-11-13,Shasta,089,179085,4070,2983,88,3071,37
2020-11-13,Sierra,091,2930,15,11,0,11,0
2020-11-13,Siskiyou,093,43540,390,280,25,305,0
2020-11-13,Solano,095,438530,9092,8525,46,8571,84
2020-11-13,Sonoma,097,501317,11235,10685,35,10720,151
2020-11-13,Stanislaus,099,539301,19738,18936,1065,20001,422
2020-11-13,Sutter,101,95872,2523,2121,8,2129,12
2020-11-13,Tehama,103,63373,1335,1167,6,1173,7
2020-11-13,Trinity,105,12862,184,64,21,85,0
2020-11-13,Tulare,107,460477,19712,18714,816,19530,305
2020-11-13,Tuolumne,109,53932,694,427,5,432,7
2020-11-13,Ventura,111,848112,17506,16172,490,16662,171
2020-11-13,Yolo,113,214977,4010,3716,10,3726,65
2020-11-13,Yuba,115,75493,1582,1435,7,1442,10
2020-11-12,Alameda,001,1643700,26727,25345,262,25607,432
2020-11-12,Alpine,003,1148,34,12,0,12,0
2020-11-12,Amador,005,37829,431,392,0,392,16
2020-11-12,Butte,007,227075,3614,3347,107,3454,58
2020-11-12,Calaveras,009,45235,386,373,0,373,21
2020-11-12,Colusa,011,21464,620,591,1,592,6
2020-11-12,Contra Costa,013,1133247,21698,20619,113,20732,255
2020-11-12,Del Norte,015,27424,237,203,0,203,2
2020-11-12,El Dorado,017,186661,1865,1573,9,1582,4
2020-11-12,Fresno,019,978130,37405,33459,841,34300,468
2020-11-12,Glenn,021,27897,806,727,17,744,3
2020-11-12,Humboldt,023,135768,710,625,1,626,9
2020-11-12,Imperial,025,180216,14396,13619,81,13700,341
2020-11-12,Inyo,027,18085,270,255,5,260,15
2020-11-12,Kern,029,883053,36976,35207,725,35932,451
2020-11-12,Kings,031,150075,9855,9335,102,9437,85
2020-11-12,Lake,033,64148,828,764,0,764,17
2020-11-12,Lassen,035,31185,1161,832,2,834,0
2020-11-12,Los Angeles,037,10098052,341350,327001,4018,331019,7223
2020-11-12,Madera,039,155013,5634,5273,82,5355,54
2020-11-12,Marin,041,260295,7456,7268,23,7291,133
2020-11-12,Mariposa,043,17540,92,84,0,84,2
2020-11-12,Mendocino,045,87422,1255,1142,5,1147,22
2020-11-12,Merced,047,269075,10539,10107,76,10183,158
2020-11-12,Modoc,049,8938,84,63,14,77,0
2020-11-12,Mono,051,14174,474,442,8,450,2
2020-11-12,Monterey,053,433212,13318,12489,147,12636,100
2020-11-12,Napa,055,140530,2644,2398,15,2413,16
2020-11-12,Nevada,057,99092,943,780,23,803,9
2020-11-12,Orange,059,3164182,67886,63232,2043,65275,1514
2020-11-12,Placer,061,380077,5610,5044,58,5102,62
2020-11-12,Plumas,063,18699,147,121,0,121,0
2020-11-12,Riverside,065,2383286,77597,73381,1001,74382,1362
2020-11-12,Sacramento,067,1510023,31431,29459,53,29512,520
2020-11-12,San Benito,069,59416,1625,1525,1,1526,15
2020-11-12,San Bernardino,071,2135413,77631,70758,762,71520,1183
2020-11-12,San Diego,073,3302833,67774,62336,2183,64519,918
2020-11-12,San Francisco,075,870044,13987,13289,75,13364,146
2020-11-12,San Joaquin,077,732212,24190,23002,342,23344,509
2020-11-12,San Luis Obispo,079,281455,5492,4898,74,4972,33
2020-11-12,San Mateo,081,765935,12868,12086,10,12096,169
2020-11-12,Santa Barbara,083,443738,10732,10325,156,10481,134
2020-11-12,Santa Clara,085,1922200,29986,27261,55,27316,414
2020-11-12,Santa Cruz,087,273765,3630,3317,37,3354,25
2020-11-12,Shasta,089,179085,3933,2825,77,2902,37
2020-11-12,Sierra,091,2930,15,11,0,11,0
2020-11-12,Siskiyou,093,43540,373,275,20,295,0
2020-11-12,Solano,095,438530,8992,8417,45,8462,85
2020-11-12,Sonoma,097,501317,11133,10602,34,10636,151
2020-11-12,Stanislaus,099,539301,19569,18787,1036,19823,422
2020-11-12,Sutter,101,95872,2439,2075,7,2082,12
2020-11-12,Tehama,103,63373,1308,1117,6,1123,7
2020-11-12,Trinity,105,12862,176,62,20,82,0
2020-11-12,Tulare,107,460477,19600,18545,778,19323,305
2020-11-12,Tuolumne,109,53932,655,353,5,358,7
2020-11-12,Ventura,111,848112,17256,16013,484,16497,158
2020-11-12,Yolo,113,214977,3966,3646,10,3656,63
2020-11-12,Yuba,115,75493,1547,1410,7,1417,10
2020-11-11,Alameda,001,1643700,26484,25140,260,25400,429
2020-11-11,Alpine,003,1148,29,12,0,12,0
2020-11-11,Amador,005,37829,424,389,0,389,16
2020-11-11,Butte,007,227075,3588,3348,94,3442,58
2020-11-11,Calaveras,009,45235,376,373,0,373,21
2020-11-11,Colusa,011,21464,614,591,1,592,6
2020-11-11,Contra Costa,013,1133247,21480,20452,111,20563,255
2020-11-11,Del Norte,015,27424,230,203,0,203,2
2020-11-11,El Dorado,017,186661,1819,1564,8,1572,4
2020-11-11,Fresno,019,978130,37086,33287,806,34093,468
2020-11-11,Glenn,021,27897,790,722,16,738,3
2020-11-11,Humboldt,023,135768,696,623,1,624,9
2020-11-11,Imperial,025,180216,14225,13623,79,13702,340
2020-11-11,Inyo,027,18085,268,255,5,260,15
2020-11-11,Kern,029,883053,36701,35014,708,35722,449
2020-11-11,Kings,031,150075,9749,9263,99,9362,85
2020-11-11,Lake,033,64148,818,763,0,763,17
2020-11-11,Lassen,035,31185,1136,831,2,833,0
2020-11-11,Los Angeles,037,10098052,337988,324567,3932,328499,7220
2020-11-11,Madera,039,155013,5599,5248,80,5328,54
2020-11-11,Marin,041,260295,7433,7268,23,7291,133
2020-11-11,Mariposa,043,17540,92,84,0,84,2
2020-11-11,Mendocino,045,87422,1243,1142,5,1147,22
2020-11-11,Merced,047,269075,10468,10074,74,10148,157
2020-11-11,Modoc,049,8938,80,62,13,75,0
2020-11-11,Mono,051,14174,472,443,8,451,2
2020-11-11,Monterey,053,433212,13174,12417,143,12560,100
2020-11-11,Napa,055,140530,2595,2365,12,2377,15
2020-11-11,Nevada,057,99092,901,741,23,764,9
2020-11-11,Orange,059,3164182,67248,62929,2020,64949,1506
2020-11-11,Placer,061,380077,5526,4981,50,5031,60
2020-11-11,Plumas,063,18699,145,111,0,111,0
2020-11-11,Riverside,065,2383286,76693,72953,955,73908,1361
2020-11-11,Sacramento,067,1510023,30974,28968,51,29019,520
2020-11-11,San Benito,069,59416,1611,1512,1,1513,15
2020-11-11,San Bernardino,071,2135413,76344,70374,735,71109,1182
2020-11-11,San Diego,073,3302833,66839,61746,2122,63868,918
2020-11-11,San Francisco,075,870044,13879,13287,74,13361,146
2020-11-11,San Joaquin,077,732212,24030,23001,336,23337,509
2020-11-11,San Luis Obispo,079,281455,5416,4832,71,4903,33
2020-11-11,San Mateo,081,765935,12753,12008,10,12018,169
2020-11-11,Santa Barbara,083,443738,10667,10278,156,10434,134
2020-11-11,Santa Clara,085,1922200,29633,27075,54,27129,413
2020-11-11,Santa Cruz,087,273765,3562,3247,37,3284,25
2020-11-11,Shasta,089,179085,3809,2766,67,2833,36
2020-11-11,Sierra,091,2930,13,11,0,11,0
2020-11-11,Siskiyou,093,43540,342,261,17,278,0
2020-11-11,Solano,095,438530,8874,8353,43,8396,85
2020-11-11,Sonoma,097,501317,11059,10498,34,10532,150
2020-11-11,Stanislaus,099,539301,19432,18671,1006,19677,422
2020-11-11,Sutter,101,95872,2391,2049,6,2055,12
2020-11-11,Tehama,103,63373,1266,1105,5,1110,7
2020-11-11,Trinity,105,12862,165,62,20,82,0
2020-11-11,Tulare,107,460477,19469,18500,747,19247,305
2020-11-11,Tuolumne,109,53932,599,354,4,358,7
2020-11-11,Ventura,111,848112,17041,15801,470,16271,158
2020-11-11,Yolo,113,214977,3915,3606,10,3616,63
2020-11-11,Yuba,115,75493,1532,1400,7,1407,10
2020-11-10,Alameda,001,1643700,26254,25008,257,25265,424
2020-11-10,Alpine,003,1148,29,9,0,9,0
2020-11-10,Amador,005,37829,418,384,0,384,16
2020-11-10,Butte,007,227075,3552,3327,90,3417,58
2020-11-10,Calaveras,009,45235,371,367,0,367,21
2020-11-10,Colusa,011,21464,606,590,1,591,6
2020-11-10,Contra Costa,013,1133247,21273,20326,109,20435,255
2020-11-10,Del Norte,015,27424,224,196,0,196,2
2020-11-10,El Dorado,017,186661,1758,1551,8,1559,4
2020-11-10,Fresno,019,978130,36816,33024,768,33792,465
2020-11-10,Glenn,021,27897,782,719,12,731,3
2020-11-10,Humboldt,023,135768,679,610,1,611,9
2020-11-10,Imperial,025,180216,14096,13570,79,13649,338
2020-11-10,Inyo,027,18085,267,252,5,257,14
2020-11-10,Kern,029,883053,36424,34858,689,35547,448
2020-11-10,Kings,031,150075,9702,9236,92,9328,85
2020-11-10,Lake,033,64148,808,762,0,762,16
2020-11-10,Lassen,035,31185,1121,830,2,832,0
2020-11-10,Los Angeles,037,10098052,334735,322569,3818,326387,7205
2020-11-10,Madera,039,155013,5557,5229,74,5303,54
2020-11-10,Marin,041,260295,7414,7259,23,7282,133
2020-11-10,Mariposa,043,17540,90,84,0,84,2
2020-11-10,Mendocino,045,87422,1235,1137,5,1142,22
2020-11-10,Merced,047,269075,10406,9992,68,10060,157
2020-11-10,Modoc,049,8938,78,61,13,74,0
2020-11-10,Mono,051,14174,470,443,8,451,2
2020-11-10,Monterey,053,433212,13036,12335,135,12470,100
2020-11-10,Napa,055,140530,2557,2341,10,2351,15
2020-11-10,Nevada,057,99092,885,734,23,757,9
2020-11-10,Orange,059,3164182,66697,62597,2010,64607,1504
2020-11-10,Placer,061,380077,5446,4902,49,4951,60
2020-11-10,Plumas,063,18699,141,108,0,108,0
2020-11-10,Riverside,065,2383286,76051,72316,928,73244,1359
2020-11-10,Sacramento,067,1510023,30567,28677,48,28725,519
2020-11-10,San Benito,069,59416,1596,1508,1,1509,15
2020-11-10,San Bernardino,071,2135413,75174,69666,702,70368,1182
2020-11-10,San Diego,073,3302833,65948,61085,2085,63170,915
2020-11-10,San Francisco,075,870044,13762,13210,74,13284,146
2020-11-10,San Joaquin,077,732212,23865,22865,329,23194,508
2020-11-10,San Luis Obispo,079,281455,5353,4780,68,4848,33
2020-11-10,San Mateo,081,765935,12652,11939,10,11949,169
2020-11-10,Santa Barbara,083,443738,10600,10252,152,10404,134
2020-11-10,Santa Clara,085,1922200,29289,26917,53,26970,409
2020-11-10,Santa Cruz,087,273765,3498,3221,37,3258,25
2020-11-10,Shasta,089,179085,3666,2686,59,2745,36
2020-11-10,Sierra,091,2930,12,10,0,10,0
2020-11-10,Siskiyou,093,43540,326,263,16,279,0
2020-11-10,Solano,095,438530,8776,8299,43,8342,85
2020-11-10,Sonoma,097,501317,10972,10414,34,10448,150
2020-11-10,Stanislaus,099,539301,19298,18592,982,19574,420
2020-11-10,Sutter,101,95872,2296,2035,5,2040,12
2020-11-10,Tehama,103,63373,1240,1099,4,1103,7
2020-11-10,Trinity,105,12862,156,62,18,80,0
2020-11-10,Tulare,107,460477,19354,18430,723,19153,305
2020-11-10,Tuolumne,109,53932,551,353,4,357,7
2020-11-10,Ventura,111,848112,16858,15625,468,16093,158
2020-11-10,Yolo,113,214977,3854,3573,10,3583,63
2020-11-10,Yuba,115,75493,1509,1392,7,1399,10
2020-11-09,Alameda,001,1643700,26005,24899,253,25152,424
2020-11-09,Alpine,003,1148,27,6,0,6,0
2020-11-09,Amador,005,37829,409,380,0,380,16
2020-11-09,Butte,007,227075,3507,3301,81,3382,57
2020-11-09,Calaveras,009,45235,367,360,0,360,21
2020-11-09,Colusa,011,21464,600,583,1,584,6
2020-11-09,Contra Costa,013,1133247,21100,20193,107,20300,255
2020-11-09,Del Norte,015,27424,218,195,0,195,2
2020-11-09,El Dorado,017,186661,1717,1515,8,1523,4
2020-11-09,Fresno,019,978130,36505,32755,728,33483,465
2020-11-09,Glenn,021,27897,776,714,9,723,3
2020-11-09,Humboldt,023,135768,666,607,1,608,9
2020-11-09,Imperial,025,180216,13979,13508,77,13585,338
2020-11-09,Inyo,027,18085,267,252,5,257,14
2020-11-09,Kern,029,883053,36193,34764,653,35417,448
2020-11-09,Kings,031,150075,9632,9141,90,9231,84
2020-11-09,Lake,033,64148,799,755,0,755,16
2020-11-09,Lassen,035,31185,1025,799,2,801,0
2020-11-09,Los Angeles,037,10098052,331638,320370,3742,324112,7180
2020-11-09,Madera,039,155013,5511,5209,71,5280,54
2020-11-09,Marin,041,260295,7388,7237,22,7259,131
2020-11-09,Mariposa,043,17540,90,84,0,84,2
2020-11-09,Mendocino,045,87422,1223,1132,5,1137,22
2020-11-09,Merced,047,269075,10303,9922,65,9987,157
2020-11-09,Modoc,049,8938,74,54,12,66,0
2020-11-09,Mono,051,14174,467,352,8,360,2
2020-11-09,Monterey,053,433212,12889,12148,126,12274,98
2020-11-09,Napa,055,140530,2514,2309,10,2319,15
2020-11-09,Nevada,057,99092,848,729,22,751,9
2020-11-09,Orange,059,3164182,66056,62335,1998,64333,1501
2020-11-09,Placer,061,380077,5361,4843,37,4880,60
2020-11-09,Plumas,063,18699,134,102,0,102,0
2020-11-09,Riverside,065,2383286,75268,72059,894,72953,1346
2020-11-09,Sacramento,067,1510023,30096,28200,48,28248,516
2020-11-09,San Benito,069,59416,1587,1506,1,1507,15
2020-11-09,San Bernardino,071,2135413,74119,69015,660,69675,1182
2020-11-09,San Diego,073,3302833,65093,60572,2045,62617,908
2020-11-09,San Francisco,075,870044,13642,12984,71,13055,146
2020-11-09,San Joaquin,077,732212,23700,22512,324,22836,505
2020-11-09,San Luis Obispo,079,281455,5266,4746,66,4812,32
2020-11-09,San Mateo,081,765935,12545,11857,10,11867,169
2020-11-09,Santa Barbara,083,443738,10543,10214,146,10360,134
2020-11-09,Santa Clara,085,1922200,28894,26693,53,26746,409
2020-11-09,Santa Cruz,087,273765,3440,3194,37,3231,25
2020-11-09,Shasta,089,179085,3513,2581,50,2631,36
2020-11-09,Sierra,091,2930,10,10,0,10,0
2020-11-09,Siskiyou,093,43540,315,257,14,271,0
2020-11-09,Solano,095,438530,8660,8254,42,8296,85
2020-11-09,Sonoma,097,501317,10864,10310,34,10344,150
2020-11-09,Stanislaus,099,539301,19145,18482,965,19447,418
2020-11-09,Sutter,101,95872,2229,2010,4,2014,12
2020-11-09,Tehama,103,63373,1204,1071,3,1074,7
2020-11-09,Trinity,105,12862,149,46,18,64,0
2020-11-09,Tulare,107,460477,19234,18272,691,18963,304
2020-11-09,Tuolumne,109,53932,497,346,4,350,7
2020-11-09,Ventura,111,848112,16656,15568,465,16033,156
2020-11-09,Yolo,113,214977,3794,3522,9,3531,62
2020-11-09,Yuba,115,75493,1476,1380,7,1387,10
2020-11-08,Alameda,001,1643700,25775,24731,253,24984,424
2020-11-08,Alpine,003,1148,24,6,0,6,0
2020-11-08,Amador,005,37829,402,376,0,376,16
2020-11-08,Butte,007,227075,3469,3285,74,3359,57
2020-11-08,Calaveras,009,45235,365,360,0,360,21
2020-11-08,Colusa,011,21464,597,583,1,584,6
2020-11-08,Contra Costa,013,1133247,20930,20031,105,20136,254
2020-11-08,Del Norte,015,27424,210,195,0,195,2
2020-11-08,El Dorado,017,186661,1679,1502,8,1510,4
2020-11-08,Fresno,019,978130,36169,32619,690,33309,465
2020-11-08,Glenn,021,27897,770,707,8,715,3
2020-11-08,Humboldt,023,135768,650,605,1,606,9
2020-11-08,Imperial,025,180216,13863,13428,77,13505,338
2020-11-08,Inyo,027,18085,263,252,5,257,14
2020-11-08,Kern,029,883053,35974,34644,636,35280,448
2020-11-08,Kings,031,150075,9498,9026,87,9113,84
2020-11-08,Lake,033,64148,791,754,0,754,16
2020-11-08,Lassen,035,31185,877,799,2,801,0
2020-11-08,Los Angeles,037,10098052,328512,318960,3674,322634,7176
2020-11-08,Madera,039,155013,5442,5196,68,5264,54
2020-11-08,Marin,041,260295,7368,7227,22,7249,131
2020-11-08,Mariposa,043,17540,90,83,0,83,2
2020-11-08,Mendocino,045,87422,1214,1129,5,1134,22
2020-11-08,Merced,047,269075,10228,9885,63,9948,157
2020-11-08,Modoc,049,8938,70,54,12,66,0
2020-11-08,Mono,051,14174,461,352,8,360,2
2020-11-08,Monterey,053,433212,12744,12122,115,12237,98
2020-11-08,Napa,055,140530,2474,2274,10,2284,15
2020-11-08,Nevada,057,99092,832,715,22,737,9
2020-11-08,Orange,059,3164182,65467,62034,1984,64018,1501
2020-11-08,Placer,061,380077,5258,4800,32,4832,60
2020-11-08,Plumas,063,18699,129,102,0,102,0
2020-11-08,Riverside,065,2383286,74613,71442,852,72294,1345
2020-11-08,Sacramento,067,1510023,29536,28059,45,28104,515
2020-11-08,San Benito,069,59416,1572,1496,1,1497,15
2020-11-08,San Bernardino,071,2135413,72868,68412,621,69033,1182
2020-11-08,San Diego,073,3302833,64248,60199,2001,62200,908
2020-11-08,San Francisco,075,870044,13511,12985,66,13051,146
2020-11-08,San Joaquin,077,732212,23506,22514,320,22834,505
2020-11-08,San Luis Obispo,079,281455,5200,4698,61,4759,32
2020-11-08,San Mateo,081,765935,12426,11783,10,11793,169
2020-11-08,Santa Barbara,083,443738,10473,10180,144,10324,134
2020-11-08,Santa Clara,085,1922200,28520,26442,52,26494,410
2020-11-08,Santa Cruz,087,273765,3383,3134,37,3171,25
2020-11-08,Shasta,089,179085,3377,2582,44,2626,36
2020-11-08,Sierra,091,2930,10,7,0,7,0
2020-11-08,Siskiyou,093,43540,303,246,13,259,0
2020-11-08,Solano,095,438530,8539,8132,41,8173,85
2020-11-08,Sonoma,097,501317,10757,10229,34,10263,149
2020-11-08,Stanislaus,099,539301,18969,18413,944,19357,418
2020-11-08,Sutter,101,95872,2171,1980,4,1984,12
2020-11-08,Tehama,103,63373,1180,1054,3,1057,7
2020-11-08,Trinity,105,12862,146,46,17,63,0
2020-11-08,Tulare,107,460477,19091,18272,661,18933,304
2020-11-08,Tuolumne,109,53932,470,341,4,345,7
2020-11-08,Ventura,111,848112,16461,15504,457,15961,156
2020-11-08,Yolo,113,214977,3733,3492,9,3501,61
2020-11-08,Yuba,115,75493,1455,1369,7,1376,10
2020-11-07,Alameda,001,1643700,25665,24578,251,24829,424
2020-11-07,Alpine,003,1148,24,6,0,6,0
2020-11-07,Amador,005,37829,399,375,0,375,16
2020-11-07,Butte,007,227075,3457,3277,69,3346,57
2020-11-07,Calaveras,009,45235,363,360,0,360,21
2020-11-07,Colusa,011,21464,597,583,1,584,6
2020-11-07,Contra Costa,013,1133247,20829,19943,104,20047,254
2020-11-07,Del Norte,015,27424,206,194,0,194,2
2020-11-07,El Dorado,017,186661,1654,1495,7,1502,4
2020-11-07,Fresno,019,978130,36015,32497,667,33164,465
2020-11-07,Glenn,021,27897,762,707,8,715,3
2020-11-07,Humboldt,023,135768,639,590,1,591,9
2020-11-07,Imperial,025,180216,13805,13388,76,13464,338
2020-11-07,Inyo,027,18085,261,252,5,257,14
2020-11-07,Kern,029,883053,35819,34513,626,35139,448
2020-11-07,Kings,031,150075,9465,9005,81,9086,84
2020-11-07,Lake,033,64148,787,751,0,751,16
2020-11-07,Lassen,035,31185,861,799,2,801,0
2020-11-07,Los Angeles,037,10098052,327004,316756,3606,320362,7174
2020-11-07,Madera,039,155013,5420,5177,66,5243,54
2020-11-07,Marin,041,260295,7357,7215,22,7237,131
2020-11-07,Mariposa,043,17540,90,81,0,81,2
2020-11-07,Mendocino,045,87422,1203,1118,5,1123,22
2020-11-07,Merced,047,269075,10196,9855,59,9914,157
2020-11-07,Modoc,049,8938,70,51,12,63,0
2020-11-07,Mono,051,14174,458,352,8,360,2
2020-11-07,Monterey,053,433212,12675,12030,111,12141,98
2020-11-07,Napa,055,140530,2444,2260,9,2269,15
2020-11-07,Nevada,057,99092,815,710,22,732,9
2020-11-07,Orange,059,3164182,65181,62038,1978,64016,1505
2020-11-07,Placer,061,380077,5195,4745,32,4777,60
2020-11-07,Plumas,063,18699,127,94,0,94,0
2020-11-07,Riverside,065,2383286,74218,71153,824,71977,1345
2020-11-07,Sacramento,067,1510023,29285,27773,45,27818,515
2020-11-07,San Benito,069,59416,1560,1489,1,1490,15
2020-11-07,San Bernardino,071,2135413,72353,67935,610,68545,1182
2020-11-07,San Diego,073,3302833,63736,59682,1969,61651,909
2020-11-07,San Francisco,075,870044,13450,12980,65,13045,146
2020-11-07,San Joaquin,077,732212,23397,22517,314,22831,505
2020-11-07,San Luis Obispo,079,281455,5151,4668,58,4726,32
2020-11-07,San Mateo,081,765935,12363,11711,10,11721,169
2020-11-07,Santa Barbara,083,443738,10431,10157,142,10299,134
2020-11-07,Santa Clara,085,1922200,28315,26244,51,26295,410
2020-11-07,Santa Cruz,087,273765,3345,3130,37,3167,25
2020-11-07,Shasta,089,179085,3310,2547,42,2589,36
2020-11-07,Sierra,091,2930,10,7,0,7,0
2020-11-07,Siskiyou,093,43540,299,241,13,254,0
2020-11-07,Solano,095,438530,8487,8066,41,8107,85
2020-11-07,Sonoma,097,501317,10711,10200,34,10234,149
2020-11-07,Stanislaus,099,539301,18860,18386,927,19313,418
2020-11-07,Sutter,101,95872,2131,1973,4,1977,12
2020-11-07,Tehama,103,63373,1156,1043,3,1046,7
2020-11-07,Trinity,105,12862,146,42,16,58,0
2020-11-07,Tulare,107,460477,19035,18229,644,18873,304
2020-11-07,Tuolumne,109,53932,459,327,4,331,7
2020-11-07,Ventura,111,848112,16401,15364,452,15816,156
2020-11-07,Yolo,113,214977,3702,3486,9,3495,61
2020-11-07,Yuba,115,75493,1440,1349,7,1356,10
2020-11-06,Alameda,001,1643700,25533,24389,249,24638,420
2020-11-06,Alpine,003,1148,24,6,0,6,0
2020-11-06,Amador,005,37829,397,369,0,369,16
2020-11-06,Butte,007,227075,3432,3254,61,3315,57
2020-11-06,Calaveras,009,45235,362,359,0,359,21
2020-11-06,Colusa,011,21464,595,580,1,581,6
2020-11-06,Contra Costa,013,1133247,20680,19744,104,19848,252
2020-11-06,Del Norte,015,27424,203,194,0,194,2
2020-11-06,El Dorado,017,186661,1628,1475,7,1482,4
2020-11-06,Fresno,019,978130,35827,32278,650,32928,460
2020-11-06,Glenn,021,27897,756,707,7,714,3
2020-11-06,Humboldt,023,135768,636,587,1,588,9
2020-11-06,Imperial,025,180216,13752,13230,76,13306,338
2020-11-06,Inyo,027,18085,259,246,5,251,14
2020-11-06,Kern,029,883053,35654,34360,608,34968,443
2020-11-06,Kings,031,150075,9441,8883,79,8962,83
2020-11-06,Lake,033,64148,786,741,0,741,16
2020-11-06,Lassen,035,31185,853,794,2,796,0
2020-11-06,Los Angeles,037,10098052,325031,314356,3553,317909,7160
2020-11-06,Madera,039,155013,5404,5136,65,5201,54
2020-11-06,Marin,041,260295,7336,7184,22,7206,131
2020-11-06,Mariposa,043,17540,89,79,0,79,2
2020-11-06,Mendocino,045,87422,1198,1113,5,1118,22
2020-11-06,Merced,047,269075,10156,9778,56,9834,157
2020-11-06,Modoc,049,8938,70,48,12,60,0
2020-11-06,Mono,051,14174,452,308,8,316,1
2020-11-06,Monterey,053,433212,12558,11914,110,12024,96
2020-11-06,Napa,055,140530,2419,2189,9,2198,15
2020-11-06,Nevada,057,99092,802,692,21,713,9
2020-11-06,Orange,059,3164182,64878,61049,1968,63017,1494
2020-11-06,Placer,061,380077,5122,4680,32,4712,60
2020-11-06,Plumas,063,18699,122,90,0,90,0
2020-11-06,Riverside,065,2383286,73768,70409,783,71192,1341
2020-11-06,Sacramento,067,1510023,28993,27489,43,27532,514
2020-11-06,San Benito,069,59416,1551,1479,1,1480,15
2020-11-06,San Bernardino,071,2135413,71757,66740,589,67329,1179
2020-11-06,San Diego,073,3302833,63212,59143,1937,61080,907
2020-11-06,San Francisco,075,870044,13380,12825,64,12889,146
2020-11-06,San Joaquin,077,732212,23312,22424,304,22728,502
2020-11-06,San Luis Obispo,079,281455,5086,4531,52,4583,32
2020-11-06,San Mateo,081,765935,12288,11587,10,11597,168
2020-11-06,Santa Barbara,083,443738,10395,10118,137,10255,133
2020-11-06,Santa Clara,085,1922200,28073,25831,51,25882,402
2020-11-06,Santa Cruz,087,273765,3308,3063,37,3100,25
2020-11-06,Shasta,089,179085,3237,2475,41,2516,35
2020-11-06,Sierra,091,2930,9,7,0,7,0
2020-11-06,Siskiyou,093,43540,286,237,12,249,0
2020-11-06,Solano,095,438530,8422,7959,41,8000,85
2020-11-06,Sonoma,097,501317,10661,10142,34,10176,149
2020-11-06,Stanislaus,099,539301,18772,18250,918,19168,417
2020-11-06,Sutter,101,95872,2104,1937,2,1939,12
2020-11-06,Tehama,103,63373,1135,1024,3,1027,6
2020-11-06,Trinity,105,12862,143,41,16,57,0
2020-11-06,Tulare,107,460477,18971,18136,619,18755,300
2020-11-06,Tuolumne,109,53932,438,316,4,320,5
2020-11-06,Ventura,111,848112,16315,15222,449,15671,154
2020-11-06,Yolo,113,214977,3673,3420,9,3429,62
2020-11-06,Yuba,115,75493,1427,1335,7,1342,10
2020-11-05,Alameda,001,1643700,25355,24270,249,24519,420
2020-11-05,Alpine,003,1148,24,6,0,6,0
2020-11-05,Amador,005,37829,394,363,0,363,16
2020-11-05,Butte,007,227075,3409,3239,55,3294,57
2020-11-05,Calaveras,009,45235,355,333,0,333,19
2020-11-05,Colusa,011,21464,591,574,1,575,6
2020-11-05,Contra Costa,013,1133247,20498,19656,102,19758,252
2020-11-05,Del Norte,015,27424,201,192,0,192,2
2020-11-05,El Dorado,017,186661,1604,1466,7,1473,4
2020-11-05,Fresno,019,978130,35584,32056,625,32681,460
2020-11-05,Glenn,021,27897,736,702,7,709,3
2020-11-05,Humboldt,023,135768,625,581,1,582,9
2020-11-05,Imperial,025,180216,13660,13178,74,13252,337
2020-11-05,Inyo,027,18085,259,247,5,252,14
2020-11-05,Kern,029,883053,35452,34232,594,34826,443
2020-11-05,Kings,031,150075,9286,8846,76,8922,83
2020-11-05,Lake,033,64148,782,739,0,739,16
2020-11-05,Lassen,035,31185,822,782,2,784,0
2020-11-05,Los Angeles,037,10098052,322675,312381,3500,315881,7146
2020-11-05,Madera,039,155013,5365,5129,62,5191,54
2020-11-05,Marin,041,260295,7314,7171,22,7193,131
2020-11-05,Mariposa,043,17540,88,79,0,79,2
2020-11-05,Mendocino,045,87422,1186,1112,5,1117,22
2020-11-05,Merced,047,269075,10097,9753,51,9804,155
2020-11-05,Modoc,049,8938,69,47,11,58,0
2020-11-05,Mono,051,14174,450,307,8,315,1
2020-11-05,Monterey,053,433212,12450,11784,106,11890,96
2020-11-05,Napa,055,140530,2392,2158,9,2167,15
2020-11-05,Nevada,057,99092,780,687,20,707,9
2020-11-05,Orange,059,3164182,64431,60740,1958,62698,1484
2020-11-05,Placer,061,380077,5053,4627,27,4654,60
2020-11-05,Plumas,063,18699,114,90,0,90,0
2020-11-05,Riverside,065,2383286,73057,70094,725,70819,1338
2020-11-05,Sacramento,067,1510023,28612,27232,42,27274,512
2020-11-05,San Benito,069,59416,1536,1477,1,1478,15
2020-11-05,San Bernardino,071,2135413,70929,66407,576,66983,1174
2020-11-05,San Diego,073,3302833,62586,58659,1911,60570,904
2020-11-05,San Francisco,075,870044,13268,12726,63,12789,146
2020-11-05,San Joaquin,077,732212,23148,22318,300,22618,502
2020-11-05,San Luis Obispo,079,281455,5019,4459,50,4509,32
2020-11-05,San Mateo,081,765935,12194,11535,10,11545,168
2020-11-05,Santa Barbara,083,443738,10351,10080,134,10214,133
2020-11-05,Santa Clara,085,1922200,27806,25651,51,25702,402
2020-11-05,Santa Cruz,087,273765,3270,3023,37,3060,25
2020-11-05,Shasta,089,179085,3147,2401,40,2441,34
2020-11-05,Sierra,091,2930,9,6,0,6,0
2020-11-05,Siskiyou,093,43540,275,228,12,240,0
2020-11-05,Solano,095,438530,8339,7842,41,7883,85
2020-11-05,Sonoma,097,501317,10549,10064,33,10097,145
2020-11-05,Stanislaus,099,539301,18658,18194,905,19099,417
2020-11-05,Sutter,101,95872,2072,1925,2,1927,12
2020-11-05,Tehama,103,63373,1113,1015,2,1017,6
2020-11-05,Trinity,105,12862,127,41,15,56,0
2020-11-05,Tulare,107,460477,18883,18049,592,18641,301
2020-11-05,Tuolumne,109,53932,409,312,4,316,5
2020-11-05,Ventura,111,848112,16149,15113,438,15551,155
2020-11-05,Yolo,113,214977,3623,3391,9,3400,61
2020-11-05,Yuba,115,75493,1409,1322,7,1329,10
2020-11-04,Alameda,001,1643700,25178,24172,247,24419,418
2020-11-04,Alpine,003,1148,20,5,0,5,0
2020-11-04,Amador,005,37829,391,362,0,362,16
2020-11-04,Butte,007,227075,3383,3218,52,3270,57
2020-11-04,Calaveras,009,45235,352,290,0,290,19
2020-11-04,Colusa,011,21464,589,571,1,572,6
2020-11-04,Contra Costa,013,1133247,20331,19472,99,19571,251
2020-11-04,Del Norte,015,27424,197,188,0,188,2
2020-11-04,El Dorado,017,186661,1589,1448,4,1452,4
2020-11-04,Fresno,019,978130,35351,31952,597,32549,457
2020-11-04,Glenn,021,27897,732,701,6,707,3
2020-11-04,Humboldt,023,135768,616,571,1,572,9
2020-11-04,Imperial,025,180216,13562,13087,74,13161,335
2020-11-04,Inyo,027,18085,258,247,5,252,14
2020-11-04,Kern,029,883053,35297,34027,583,34610,439
2020-11-04,Kings,031,150075,9252,8817,74,8891,83
2020-11-04,Lake,033,64148,775,735,0,735,16
2020-11-04,Lassen,035,31185,817,781,2,783,0
2020-11-04,Los Angeles,037,10098052,320365,310456,3420,313876,7124
2020-11-04,Madera,039,155013,5345,5083,58,5141,54
2020-11-04,Marin,041,260295,7302,7157,22,7179,131
2020-11-04,Mariposa,043,17540,88,79,0,79,2
2020-11-04,Mendocino,045,87422,1168,1089,5,1094,22
2020-11-04,Merced,047,269075,10047,9717,49,9766,153
2020-11-04,Modoc,049,8938,59,47,11,58,0
2020-11-04,Mono,051,14174,447,237,7,244,1
2020-11-04,Monterey,053,433212,12245,11743,100,11843,96
2020-11-04,Napa,055,140530,2338,2133,9,2142,15
2020-11-04,Nevada,057,99092,761,675,20,695,9
2020-11-04,Orange,059,3164182,63997,60463,1935,62398,1483
2020-11-04,Placer,061,380077,4974,4526,24,4550,60
2020-11-04,Plumas,063,18699,112,88,0,88,0
2020-11-04,Riverside,065,2383286,72440,69562,666,70228,1335
2020-11-04,Sacramento,067,1510023,28261,27005,41,27046,510
2020-11-04,San Benito,069,59416,1521,1464,1,1465,15
2020-11-04,San Bernardino,071,2135413,70132,65891,553,66444,1169
2020-11-04,San Diego,073,3302833,61940,58126,1885,60011,904
2020-11-04,San Francisco,075,870044,13184,12649,60,12709,146
2020-11-04,San Joaquin,077,732212,23011,22197,287,22484,500
2020-11-04,San Luis Obispo,079,281455,4952,4389,48,4437,32
2020-11-04,San Mateo,081,765935,12099,11456,10,11466,168
2020-11-04,Santa Barbara,083,443738,10313,10026,133,10159,132
2020-11-04,Santa Clara,085,1922200,27543,25487,51,25538,393
2020-11-04,Santa Cruz,087,273765,3233,2997,37,3034,25
2020-11-04,Shasta,089,179085,3016,2321,35,2356,34
2020-11-04,Sierra,091,2930,9,6,0,6,0
2020-11-04,Siskiyou,093,43540,266,222,12,234,0
2020-11-04,Solano,095,438530,8240,7733,41,7774,85
2020-11-04,Sonoma,097,501317,10455,9965,33,9998,142
2020-11-04,Stanislaus,099,539301,18541,18114,890,19004,416
2020-11-04,Sutter,101,95872,2038,1916,2,1918,12
2020-11-04,Tehama,103,63373,1088,997,2,999,6
2020-11-04,Trinity,105,12862,123,37,15,52,0
2020-11-04,Tulare,107,460477,18774,17952,564,18516,298
2020-11-04,Tuolumne,109,53932,387,310,4,314,5
2020-11-04,Ventura,111,848112,16008,14936,435,15371,155
2020-11-04,Yolo,113,214977,3582,3361,9,3370,62
2020-11-04,Yuba,115,75493,1388,1312,7,1319,10
2020-11-03,Alameda,001,1643700,24994,24055,245,24300,418
2020-11-03,Alpine,003,1148,19,4,0,4,0
2020-11-03,Amador,005,37829,386,361,0,361,16
2020-11-03,Butte,007,227075,3359,3211,47,3258,57
2020-11-03,Calaveras,009,45235,348,287,0,287,19
2020-11-03,Colusa,011,21464,584,572,1,573,6
2020-11-03,Contra Costa,013,1133247,20176,19416,99,19515,250
2020-11-03,Del Norte,015,27424,196,187,0,187,2
2020-11-03,El Dorado,017,186661,1567,1445,3,1448,4
2020-11-03,Fresno,019,978130,35081,31856,574,32430,457
2020-11-03,Glenn,021,27897,726,698,6,704,3
2020-11-03,Humboldt,023,135768,610,570,1,571,8
2020-11-03,Imperial,025,180216,13473,13044,72,13116,335
2020-11-03,Inyo,027,18085,257,244,5,249,14
2020-11-03,Kern,029,883053,35106,33957,572,34529,439
2020-11-03,Kings,031,150075,9089,8783,69,8852,83
2020-11-03,Lake,033,64148,765,732,0,732,16
2020-11-03,Lassen,035,31185,808,782,2,784,0
2020-11-03,Los Angeles,037,10098052,317909,308812,3352,312164,7104
2020-11-03,Madera,039,155013,5308,5058,57,5115,54
2020-11-03,Marin,041,260295,7282,7147,21,7168,131
2020-11-03,Mariposa,043,17540,87,79,0,79,2
2020-11-03,Mendocino,045,87422,1153,1084,5,1089,22
2020-11-03,Merced,047,269075,9994,9713,48,9761,153
2020-11-03,Modoc,049,8938,57,47,9,56,0
2020-11-03,Mono,051,14174,443,210,7,217,1
2020-11-03,Monterey,053,433212,12176,11703,93,11796,94
2020-11-03,Napa,055,140530,2302,2130,9,2139,15
2020-11-03,Nevada,057,99092,741,670,19,689,9
2020-11-03,Orange,059,3164182,63568,60283,1924,62207,1477
2020-11-03,Placer,061,380077,4900,4514,24,4538,60
2020-11-03,Plumas,063,18699,109,86,0,86,0
2020-11-03,Riverside,065,2383286,71821,69300,641,69941,1325
2020-11-03,Sacramento,067,1510023,27881,26841,40,26881,510
2020-11-03,San Benito,069,59416,1511,1463,1,1464,15
2020-11-03,San Bernardino,071,2135413,69320,65320,545,65865,1159
2020-11-03,San Diego,073,3302833,61264,57722,1841,59563,901
2020-11-03,San Francisco,075,870044,13061,12585,60,12645,146
2020-11-03,San Joaquin,077,732212,22876,22109,281,22390,500
2020-11-03,San Luis Obispo,079,281455,4867,4371,46,4417,32
2020-11-03,San Mateo,081,765935,12004,11406,10,11416,162
2020-11-03,Santa Barbara,083,443738,10259,10008,128,10136,132
2020-11-03,Santa Clara,085,1922200,27271,25386,50,25436,393
2020-11-03,Santa Cruz,087,273765,3183,2980,36,3016,25
2020-11-03,Shasta,089,179085,2922,2288,28,2316,33
2020-11-03,Sierra,091,2930,7,6,0,6,0
2020-11-03,Siskiyou,093,43540,262,219,11,230,0
2020-11-03,Solano,095,438530,8157,7691,41,7732,85
2020-11-03,Sonoma,097,501317,10353,9906,33,9939,142
2020-11-03,Stanislaus,099,539301,18420,18080,879,18959,416
2020-11-03,Sutter,101,95872,2005,1914,2,1916,12
2020-11-03,Tehama,103,63373,1067,988,2,990,6
2020-11-03,Trinity,105,12862,116,36,14,50,0
2020-11-03,Tulare,107,460477,18668,17890,539,18429,297
2020-11-03,Tuolumne,109,53932,364,302,4,306,5
2020-11-03,Ventura,111,848112,15881,14816,428,15244,155
2020-11-03,Yolo,113,214977,3531,3343,9,3352,61
2020-11-03,Yuba,115,75493,1375,1295,7,1302,10
2020-11-02,Alameda,001,1643700,24798,23991,242,24233,419
2020-11-02,Alpine,003,1148,16,4,0,4,0
2020-11-02,Amador,005,37829,378,357,0,357,16
2020-11-02,Butte,007,227075,3339,3198,44,3242,57
2020-11-02,Calaveras,009,45235,348,282,0,282,18
2020-11-02,Colusa,011,21464,579,571,1,572,6
2020-11-02,Contra Costa,013,1133247,20022,19339,98,19437,250
2020-11-02,Del Norte,015,27424,193,175,0,175,2
2020-11-02,El Dorado,017,186661,1543,1405,3,1408,4
2020-11-02,Fresno,019,978130,34812,31738,557,32295,451
2020-11-02,Glenn,021,27897,720,692,5,697,3
2020-11-02,Humboldt,023,135768,601,569,1,570,8
2020-11-02,Imperial,025,180216,13393,13004,70,13074,334
2020-11-02,Inyo,027,18085,254,243,5,248,14
2020-11-02,Kern,029,883053,34948,33834,562,34396,437
2020-11-02,Kings,031,150075,9059,8654,66,8720,82
2020-11-02,Lake,033,64148,759,728,0,728,17
2020-11-02,Lassen,035,31185,800,782,2,784,0
2020-11-02,Los Angeles,037,10098052,315566,307620,3274,310894,7079
2020-11-02,Madera,039,155013,5277,5033,56,5089,54
2020-11-02,Marin,041,260295,7264,7132,20,7152,125
2020-11-02,Mariposa,043,17540,87,79,0,79,2
2020-11-02,Mendocino,045,87422,1139,1076,5,1081,21
2020-11-02,Merced,047,269075,9932,9664,42,9706,152
2020-11-02,Modoc,049,8938,54,45,5,50,0
2020-11-02,Mono,051,14174,441,211,7,218,1
2020-11-02,Monterey,053,433212,12069,11602,90,11692,93
2020-11-02,Napa,055,140530,2260,2081,9,2090,15
2020-11-02,Nevada,057,99092,725,656,19,675,9
2020-11-02,Orange,059,3164182,63163,59996,1908,61904,1474
2020-11-02,Placer,061,380077,4832,4461,22,4483,60
2020-11-02,Plumas,063,18699,101,86,0,86,0
2020-11-02,Riverside,065,2383286,71190,68833,600,69433,1321
2020-11-02,Sacramento,067,1510023,27539,26676,38,26714,508
2020-11-02,San Benito,069,59416,1499,1459,1,1460,15
2020-11-02,San Bernardino,071,2135413,68466,64629,534,65163,1157
2020-11-02,San Diego,073,3302833,60541,57429,1796,59225,891
2020-11-02,San Francisco,075,870044,12964,12436,59,12495,145
2020-11-02,San Joaquin,077,732212,22736,21919,273,22192,500
2020-11-02,San Luis Obispo,079,281455,4767,4303,43,4346,31
2020-11-02,San Mateo,081,765935,11895,11328,10,11338,161
2020-11-02,Santa Barbara,083,443738,10218,9985,123,10108,130
2020-11-02,Santa Clara,085,1922200,26981,25222,50,25272,387
2020-11-02,Santa Cruz,087,273765,3141,2943,36,2979,25
2020-11-02,Shasta,089,179085,2819,2174,24,2198,33
2020-11-02,Sierra,091,2930,7,6,0,6,0
2020-11-02,Siskiyou,093,43540,252,216,11,227,0
2020-11-02,Solano,095,438530,8039,7665,41,7706,84
2020-11-02,Sonoma,097,501317,10271,9796,32,9828,140
2020-11-02,Stanislaus,099,539301,18324,18005,870,18875,412
2020-11-02,Sutter,101,95872,1981,1895,2,1897,12
2020-11-02,Tehama,103,63373,1044,971,2,973,6
2020-11-02,Trinity,105,12862,110,30,14,44,0
2020-11-02,Tulare,107,460477,18575,17774,518,18292,299
2020-11-02,Tuolumne,109,53932,343,302,4,306,5
2020-11-02,Ventura,111,848112,15740,14767,414,15181,156
2020-11-02,Yolo,113,214977,3482,3318,9,3327,61
2020-11-02,Yuba,115,75493,1362,1280,7,1287,10
2020-11-01,Alameda,001,1643700,24635,23892,240,24132,419
2020-11-01,Alpine,003,1148,10,4,0,4,0
2020-11-01,Amador,005,37829,375,352,0,352,16
2020-11-01,Butte,007,227075,3315,3185,43,3228,57
2020-11-01,Calaveras,009,45235,347,282,0,282,18
2020-11-01,Colusa,011,21464,577,567,1,568,6
2020-11-01,Contra Costa,013,1133247,19848,19246,97,19343,250
2020-11-01,Del Norte,015,27424,189,175,0,175,2
2020-11-01,El Dorado,017,186661,1527,1394,3,1397,4
2020-11-01,Fresno,019,978130,34555,31613,537,32150,451
2020-11-01,Glenn,021,27897,711,688,3,691,3
2020-11-01,Humboldt,023,135768,593,568,1,569,8
2020-11-01,Imperial,025,180216,13302,12969,68,13037,334
2020-11-01,Inyo,027,18085,252,241,5,246,14
2020-11-01,Kern,029,883053,34767,33760,467,34227,437
2020-11-01,Kings,031,150075,9021,8641,65,8706,82
2020-11-01,Lake,033,64148,753,727,0,727,17
2020-11-01,Lassen,035,31185,800,782,2,784,0
2020-11-01,Los Angeles,037,10098052,312999,306217,3181,309398,7077
2020-11-01,Madera,039,155013,5229,5019,54,5073,54
2020-11-01,Marin,041,260295,7247,7124,20,7144,125
2020-11-01,Mariposa,043,17540,83,79,0,79,2
2020-11-01,Mendocino,045,87422,1126,1074,5,1079,21
2020-11-01,Merced,047,269075,9871,9626,42,9668,152
2020-11-01,Modoc,049,8938,53,45,5,50,0
2020-11-01,Mono,051,14174,412,211,6,217,1
2020-11-01,Monterey,053,433212,11961,11587,87,11674,93
2020-11-01,Napa,055,140530,2226,2067,9,2076,15
2020-11-01,Nevada,057,99092,709,646,18,664,9
2020-11-01,Orange,059,3164182,62761,59733,1881,61614,1475
2020-11-01,Placer,061,380077,4766,4422,21,4443,58
2020-11-01,Plumas,063,18699,96,86,0,86,0
2020-11-01,Riverside,065,2383286,70560,68493,564,69057,1319
2020-11-01,Sacramento,067,1510023,27218,26442,38,26480,508
2020-11-01,San Benito,069,59416,1484,1451,1,1452,15
2020-11-01,San Bernardino,071,2135413,67623,64339,513,64852,1157
2020-11-01,San Diego,073,3302833,59853,57122,1756,58878,891
2020-11-01,San Francisco,075,870044,12841,12436,54,12490,145
2020-11-01,San Joaquin,077,732212,22608,21919,267,22186,500
2020-11-01,San Luis Obispo,079,281455,4687,4303,42,4345,31
2020-11-01,San Mateo,081,765935,11814,11280,10,11290,160
2020-11-01,Santa Barbara,083,443738,10167,9969,107,10076,130
2020-11-01,Santa Clara,085,1922200,26701,25090,50,25140,386
2020-11-01,Santa Cruz,087,273765,3088,2921,36,2957,25
2020-11-01,Shasta,089,179085,2684,2172,23,2195,33
2020-11-01,Sierra,091,2930,7,6,0,6,0
2020-11-01,Siskiyou,093,43540,247,205,11,216,0
2020-11-01,Solano,095,438530,7949,7591,41,7632,84
2020-11-01,Sonoma,097,501317,10179,9688,32,9720,140
2020-11-01,Stanislaus,099,539301,18223,17961,850,18811,412
2020-11-01,Sutter,101,95872,1955,1888,1,1889,12
2020-11-01,Tehama,103,63373,1027,965,2,967,5
2020-11-01,Trinity,105,12862,108,30,13,43,0
2020-11-01,Tulare,107,460477,18463,17774,487,18261,299
2020-11-01,Tuolumne,109,53932,321,295,4,299,5
2020-11-01,Ventura,111,848112,15591,14686,383,15069,156
2020-11-01,Yolo,113,214977,3434,3303,9,3312,60
2020-11-01,Yuba,115,75493,1345,1273,7,1280,10
2020-10-31,Alameda,001,1643700,24520,23780,236,24016,416
2020-10-31,Alpine,003,1148,10,4,0,4,0
2020-10-31,Amador,005,37829,371,347,0,347,16
2020-10-31,Butte,007,227075,3302,3172,41,3213,57
2020-10-31,Calaveras,009,45235,347,280,0,280,18
2020-10-31,Colusa,011,21464,575,555,1,556,6
2020-10-31,Contra Costa,013,1133247,19742,19161,97,19258,249
2020-10-31,Del Norte,015,27424,188,175,0,175,2
2020-10-31,El Dorado,017,186661,1518,1390,3,1393,4
2020-10-31,Fresno,019,978130,34419,31558,534,32092,451
2020-10-31,Glenn,021,27897,709,678,3,681,3
2020-10-31,Humboldt,023,135768,590,561,1,562,8
2020-10-31,Imperial,025,180216,13260,12912,68,12980,334
2020-10-31,Inyo,027,18085,251,241,5,246,14
2020-10-31,Kern,029,883053,34664,33666,457,34123,437
2020-10-31,Kings,031,150075,9000,8612,64,8676,82
2020-10-31,Lake,033,64148,749,724,0,724,16
2020-10-31,Lassen,035,31185,795,782,2,784,0
2020-10-31,Los Angeles,037,10098052,311626,304704,3137,307841,7073
2020-10-31,Madera,039,155013,5211,5013,51,5064,54
2020-10-31,Marin,041,260295,7231,7112,20,7132,125
2020-10-31,Mariposa,043,17540,83,79,0,79,2
2020-10-31,Mendocino,045,87422,1118,1066,5,1071,21
2020-10-31,Merced,047,269075,9838,9597,41,9638,151
2020-10-31,Modoc,049,8938,52,34,4,38,0
2020-10-31,Mono,051,14174,263,194,5,199,1
2020-10-31,Monterey,053,433212,11893,11539,83,11622,93
2020-10-31,Napa,055,140530,2207,2040,9,2049,15
2020-10-31,Nevada,057,99092,691,644,18,662,9
2020-10-31,Orange,059,3164182,62502,59488,1863,61351,1473
2020-10-31,Placer,061,380077,4716,4374,20,4394,58
2020-10-31,Plumas,063,18699,95,85,0,85,0
2020-10-31,Riverside,065,2383286,70203,68178,541,68719,1319
2020-10-31,Sacramento,067,1510023,27019,26316,36,26352,507
2020-10-31,San Benito,069,59416,1477,1448,1,1449,15
2020-10-31,San Bernardino,071,2135413,67198,64016,503,64519,1157
2020-10-31,San Diego,073,3302833,59400,56769,1728,58497,891
2020-10-31,San Francisco,075,870044,12767,12438,53,12491,145
2020-10-31,San Joaquin,077,732212,22533,21918,258,22176,500
2020-10-31,San Luis Obispo,079,281455,4618,4285,39,4324,31
2020-10-31,San Mateo,081,765935,11762,11253,10,11263,160
2020-10-31,Santa Barbara,083,443738,10138,9957,99,10056,130
2020-10-31,Santa Clara,085,1922200,26533,24957,50,25007,379
2020-10-31,Santa Cruz,087,273765,3053,2895,35,2930,25
2020-10-31,Shasta,089,179085,2630,2122,22,2144,33
2020-10-31,Sierra,091,2930,7,6,0,6,0
2020-10-31,Siskiyou,093,43540,245,200,11,211,0
2020-10-31,Solano,095,438530,7885,7545,41,7586,84
2020-10-31,Sonoma,097,501317,10126,9648,32,9680,140
2020-10-31,Stanislaus,099,539301,18160,17920,834,18754,412
2020-10-31,Sutter,101,95872,1946,1876,1,1877,12
2020-10-31,Tehama,103,63373,1017,953,2,955,5
2020-10-31,Trinity,105,12862,105,30,13,43,0
2020-10-31,Tulare,107,460477,18414,17758,479,18237,299
2020-10-31,Tuolumne,109,53932,314,290,4,294,5
2020-10-31,Ventura,111,848112,15507,14635,365,15000,155
2020-10-31,Yolo,113,214977,3399,3290,9,3299,60
2020-10-31,Yuba,115,75493,1329,1260,6,1266,10
2020-10-30,Alameda,001,1643700,24440,23676,234,23910,401
2020-10-30,Alpine,003,1148,10,4,0,4,0
2020-10-30,Amador,005,37829,371,344,0,344,16
2020-10-30,Butte,007,227075,3297,3160,41,3201,57
2020-10-30,Calaveras,009,45235,346,279,0,279,18
2020-10-30,Colusa,011,21464,573,554,1,555,6
2020-10-30,Contra Costa,013,1133247,19670,19074,97,19171,249
2020-10-30,Del Norte,015,27424,187,175,0,175,2
2020-10-30,El Dorado,017,186661,1505,1386,3,1389,4
2020-10-30,Fresno,019,978130,34297,31409,525,31934,446
2020-10-30,Glenn,021,27897,703,674,2,676,3
2020-10-30,Humboldt,023,135768,589,561,1,562,7
2020-10-30,Imperial,025,180216,13219,12853,67,12920,334
2020-10-30,Inyo,027,18085,250,241,5,246,14
2020-10-30,Kern,029,883053,34571,33583,456,34039,437
2020-10-30,Kings,031,150075,8990,8564,62,8626,82
2020-10-30,Lake,033,64148,749,720,0,720,16
2020-10-30,Lassen,035,31185,789,777,2,779,0
2020-10-30,Los Angeles,037,10098052,310190,303425,3102,306527,7060
2020-10-30,Madera,039,155013,5199,4991,49,5040,54
2020-10-30,Marin,041,260295,7211,7097,20,7117,125
2020-10-30,Mariposa,043,17540,83,78,0,78,2
2020-10-30,Mendocino,045,87422,1116,1062,5,1067,21
2020-10-30,Merced,047,269075,9806,9539,41,9580,150
2020-10-30,Modoc,049,8938,51,34,3,37,0
2020-10-30,Mono,051,14174,262,193,5,198,1
2020-10-30,Monterey,053,433212,11830,11491,78,11569,92
2020-10-30,Napa,055,140530,2189,2028,9,2037,15
2020-10-30,Nevada,057,99092,685,634,18,652,9
2020-10-30,Orange,059,3164182,62260,59334,1851,61185,1469
2020-10-30,Placer,061,380077,4669,4335,20,4355,58
2020-10-30,Plumas,063,18699,92,80,0,80,0
2020-10-30,Riverside,065,2383286,69863,67752,521,68273,1317
2020-10-30,Sacramento,067,1510023,26871,26147,36,26183,505
2020-10-30,San Benito,069,59416,1471,1440,1,1441,15
2020-10-30,San Bernardino,071,2135413,66783,63512,500,64012,1156
2020-10-30,San Diego,073,3302833,58995,56387,1706,58093,888
2020-10-30,San Francisco,075,870044,12712,12384,53,12437,145
2020-10-30,San Joaquin,077,732212,22466,21849,252,22101,500
2020-10-30,San Luis Obispo,079,281455,4575,4256,39,4295,31
2020-10-30,San Mateo,081,765935,11703,11207,10,11217,159
2020-10-30,Santa Barbara,083,443738,10115,9937,99,10036,128
2020-10-30,Santa Clara,085,1922200,26384,24811,50,24861,378
2020-10-30,Santa Cruz,087,273765,3035,2874,35,2909,25
2020-10-30,Shasta,089,179085,2586,2048,21,2069,32
2020-10-30,Sierra,091,2930,7,6,0,6,0
2020-10-30,Siskiyou,093,43540,245,192,11,203,0
2020-10-30,Solano,095,438530,7824,7497,41,7538,84
2020-10-30,Sonoma,097,501317,10051,9602,32,9634,140
2020-10-30,Stanislaus,099,539301,18112,17861,818,18679,410
2020-10-30,Sutter,101,95872,1933,1860,1,1861,12
2020-10-30,Tehama,103,63373,1013,932,2,934,5
2020-10-30,Trinity,105,12862,105,29,13,42,0
2020-10-30,Tulare,107,460477,18369,17682,464,18146,299
2020-10-30,Tuolumne,109,53932,307,286,4,290,4
2020-10-30,Ventura,111,848112,15434,14578,353,14931,154
2020-10-30,Yolo,113,214977,3382,3263,9,3272,60
2020-10-30,Yuba,115,75493,1321,1256,6,1262,10
2020-10-29,Alameda,001,1643700,24276,23530,233,23763,401
2020-10-29,Alpine,003,1148,7,4,0,4,0
2020-10-29,Amador,005,37829,367,338,0,338,16
2020-10-29,Butte,007,227075,3279,3143,40,3183,57
2020-10-29,Calaveras,009,45235,344,278,0,278,13
2020-10-29,Colusa,011,21464,569,552,1,553,6
2020-10-29,Contra Costa,013,1133247,19571,18933,96,19029,249
2020-10-29,Del Norte,015,27424,185,174,0,174,2
2020-10-29,El Dorado,017,186661,1483,1370,3,1373,4
2020-10-29,Fresno,019,978130,34140,31321,518,31839,445
2020-10-29,Glenn,021,27897,701,673,2,675,3
2020-10-29,Humboldt,023,135768,584,559,1,560,7
2020-10-29,Imperial,025,180216,13175,12769,67,12836,334
2020-10-29,Inyo,027,18085,248,238,5,243,14
2020-10-29,Kern,029,883053,34470,33460,452,33912,437
2020-10-29,Kings,031,150075,8836,8502,61,8563,82
2020-10-29,Lake,033,64148,746,702,0,702,16
2020-10-29,Lassen,035,31185,788,772,2,774,0
2020-10-29,Los Angeles,037,10098052,308562,302246,3055,305301,7046
2020-10-29,Madera,039,155013,5169,4970,47,5017,53
2020-10-29,Marin,041,260295,7197,7083,20,7103,125
2020-10-29,Mariposa,043,17540,81,78,0,78,2
2020-10-29,Mendocino,045,87422,1110,1058,5,1063,21
2020-10-29,Merced,047,269075,9753,9496,41,9537,150
2020-10-29,Modoc,049,8938,49,31,3,34,0
2020-10-29,Mono,051,14174,255,176,5,181,1
2020-10-29,Monterey,053,433212,11749,11425,76,11501,92
2020-10-29,Napa,055,140530,2165,2009,9,2018,15
2020-10-29,Nevada,057,99092,678,632,18,650,9
2020-10-29,Orange,059,3164182,61992,59046,1831,60877,1464
2020-10-29,Placer,061,380077,4624,4270,18,4288,58
2020-10-29,Plumas,063,18699,90,69,0,69,0
2020-10-29,Riverside,065,2383286,69486,67268,491,67759,1304
2020-10-29,Sacramento,067,1510023,26659,25978,35,26013,507
2020-10-29,San Benito,069,59416,1466,1431,1,1432,15
2020-10-29,San Bernardino,071,2135413,66215,62968,490,63458,1150
2020-10-29,San Diego,073,3302833,58529,55916,1677,57593,885
2020-10-29,San Francisco,075,870044,12633,12312,53,12365,145
2020-10-29,San Joaquin,077,732212,22382,21736,240,21976,498
2020-10-29,San Luis Obispo,079,281455,4545,4223,38,4261,31
2020-10-29,San Mateo,081,765935,11657,11145,10,11155,157
2020-10-29,Santa Barbara,083,443738,10082,9902,97,9999,128
2020-10-29,Santa Clara,085,1922200,26232,24614,50,24664,377
2020-10-29,Santa Cruz,087,273765,3010,2850,35,2885,24
2020-10-29,Shasta,089,179085,2523,2008,21,2029,32
2020-10-29,Sierra,091,2930,6,6,0,6,0
2020-10-29,Siskiyou,093,43540,229,185,11,196,0
2020-10-29,Solano,095,438530,7762,7453,41,7494,78
2020-10-29,Sonoma,097,501317,9987,9533,32,9565,140
2020-10-29,Stanislaus,099,539301,18059,17790,797,18587,410
2020-10-29,Sutter,101,95872,1925,1852,1,1853,12
2020-10-29,Tehama,103,63373,995,925,2,927,5
2020-10-29,Trinity,105,12862,100,28,12,40,0
2020-10-29,Tulare,107,460477,18291,17627,445,18072,299
2020-10-29,Tuolumne,109,53932,302,279,4,283,4
2020-10-29,Ventura,111,848112,15343,14486,349,14835,154
2020-10-29,Yolo,113,214977,3353,3246,9,3255,60
2020-10-29,Yuba,115,75493,1310,1248,6,1254,10
2020-10-28,Alameda,001,1643700,24176,23468,232,23700,400
2020-10-28,Alpine,003,1148,6,4,0,4,0
2020-10-28,Amador,005,37829,364,337,0,337,16
2020-10-28,Butte,007,227075,3263,3134,37,3171,56
2020-10-28,Calaveras,009,45235,343,278,0,278,13
2020-10-28,Colusa,011,21464,566,551,1,552,6
2020-10-28,Contra Costa,013,1133247,19484,18828,95,18923,246
2020-10-28,Del Norte,015,27424,182,173,0,173,2
2020-10-28,El Dorado,017,186661,1471,1363,3,1366,4
2020-10-28,Fresno,019,978130,34018,31195,512,31707,444
2020-10-28,Glenn,021,27897,697,673,2,675,3
2020-10-28,Humboldt,023,135768,580,559,1,560,7
2020-10-28,Imperial,025,180216,13126,12730,66,12796,333
2020-10-28,Inyo,027,18085,248,238,5,243,14
2020-10-28,Kern,029,883053,34368,33424,433,33857,436
2020-10-28,Kings,031,150075,8814,8486,60,8546,82
2020-10-28,Lake,033,64148,743,700,0,700,15
2020-10-28,Lassen,035,31185,784,771,2,773,0
2020-10-28,Los Angeles,037,10098052,307103,300726,3013,303739,7031
2020-10-28,Madera,039,155013,5152,4954,46,5000,53
2020-10-28,Marin,041,260295,7186,7079,20,7099,126
2020-10-28,Mariposa,043,17540,81,78,0,78,2
2020-10-28,Mendocino,045,87422,1109,1037,5,1042,20
2020-10-28,Merced,047,269075,9727,9480,40,9520,150
2020-10-28,Modoc,049,8938,48,31,2,33,0
2020-10-28,Mono,051,14174,237,176,5,181,1
2020-10-28,Monterey,053,433212,11691,11330,74,11404,89
2020-10-28,Napa,055,140530,2139,1998,8,2006,15
2020-10-28,Nevada,057,99092,670,629,18,647,9
2020-10-28,Orange,059,3164182,61728,58801,1815,60616,1459
2020-10-28,Placer,061,380077,4568,4236,18,4254,57
2020-10-28,Plumas,063,18699,89,67,0,67,0
2020-10-28,Riverside,065,2383286,69088,67003,467,67470,1302
2020-10-28,Sacramento,067,1510023,26463,25838,34,25872,506
2020-10-28,San Benito,069,59416,1458,1429,1,1430,15
2020-10-28,San Bernardino,071,2135413,65755,62778,481,63259,1154
2020-10-28,San Diego,073,3302833,58146,55556,1648,57204,881
2020-10-28,San Francisco,075,870044,12575,12261,52,12313,145
2020-10-28,San Joaquin,077,732212,22298,21707,229,21936,498
2020-10-28,San Luis Obispo,079,281455,4501,4197,35,4232,31
2020-10-28,San Mateo,081,765935,11590,11101,10,11111,157
2020-10-28,Santa Barbara,083,443738,10058,9872,95,9967,127
2020-10-28,Santa Clara,085,1922200,26088,24503,50,24553,375
2020-10-28,Santa Cruz,087,273765,2979,2836,35,2871,24
2020-10-28,Shasta,089,179085,2443,1996,20,2016,31
2020-10-28,Sierra,091,2930,6,6,0,6,0
2020-10-28,Siskiyou,093,43540,226,182,10,192,0
2020-10-28,Solano,095,438530,7703,7362,41,7403,77
2020-10-28,Sonoma,097,501317,9897,9457,27,9484,140
2020-10-28,Stanislaus,099,539301,17994,17765,787,18552,409
2020-10-28,Sutter,101,95872,1916,1840,1,1841,12
2020-10-28,Tehama,103,63373,984,921,2,923,5
2020-10-28,Trinity,105,12862,93,28,11,39,0
2020-10-28,Tulare,107,460477,18234,17569,429,17998,297
2020-10-28,Tuolumne,109,53932,299,277,4,281,4
2020-10-28,Ventura,111,848112,15270,14409,340,14749,153
2020-10-28,Yolo,113,214977,3329,3230,9,3239,60
2020-10-28,Yuba,115,75493,1298,1245,6,1251,10
2020-10-27,Alameda,001,1643700,24061,23365,230,23595,400
2020-10-27,Alpine,003,1148,6,3,0,3,0
2020-10-27,Amador,005,37829,361,335,0,335,16
2020-10-27,Butte,007,227075,3247,3107,34,3141,56
2020-10-27,Calaveras,009,45235,341,277,0,277,13
2020-10-27,Colusa,011,21464,561,549,1,550,6
2020-10-27,Contra Costa,013,1133247,19379,18766,95,18861,246
2020-10-27,Del Norte,015,27424,179,173,0,173,2
2020-10-27,El Dorado,017,186661,1458,1351,3,1354,4
2020-10-27,Fresno,019,978130,33899,31096,507,31603,442
2020-10-27,Glenn,021,27897,695,667,1,668,3
2020-10-27,Humboldt,023,135768,577,559,1,560,7
2020-10-27,Imperial,025,180216,13077,12680,65,12745,333
2020-10-27,Inyo,027,18085,248,231,5,236,14
2020-10-27,Kern,029,883053,34251,33328,429,33757,436
2020-10-27,Kings,031,150075,8783,8411,60,8471,83
2020-10-27,Lake,033,64148,740,700,0,700,15
2020-10-27,Lassen,035,31185,782,764,2,766,0
2020-10-27,Los Angeles,037,10098052,305719,299438,2984,302422,7008
2020-10-27,Madera,039,155013,5122,4942,45,4987,53
2020-10-27,Marin,041,260295,7170,7070,20,7090,126
2020-10-27,Mariposa,043,17540,80,78,0,78,2
2020-10-27,Mendocino,045,87422,1103,1033,4,1037,20
2020-10-27,Merced,047,269075,9687,9449,40,9489,150
2020-10-27,Modoc,049,8938,46,31,2,33,0
2020-10-27,Mono,051,14174,223,169,5,174,1
2020-10-27,Monterey,053,433212,11635,11261,72,11333,88
2020-10-27,Napa,055,140530,2123,1979,8,1987,15
2020-10-27,Nevada,057,99092,664,622,18,640,8
2020-10-27,Orange,059,3164182,61457,58550,1799,60349,1448
2020-10-27,Placer,061,380077,4519,4197,16,4213,57
2020-10-27,Plumas,063,18699,86,63,0,63,0
2020-10-27,Riverside,065,2383286,68735,66699,422,67121,1299
2020-10-27,Sacramento,067,1510023,26275,25701,33,25734,501
2020-10-27,San Benito,069,59416,1453,1428,1,1429,15
2020-10-27,San Bernardino,071,2135413,65292,62357,468,62825,1154
2020-10-27,San Diego,073,3302833,57673,55226,1625,56851,877
2020-10-27,San Francisco,075,870044,12500,12218,51,12269,140
2020-10-27,San Joaquin,077,732212,22207,21637,220,21857,496
2020-10-27,San Luis Obispo,079,281455,4474,4148,31,4179,31
2020-10-27,San Mateo,081,765935,11541,11074,10,11084,156
2020-10-27,Santa Barbara,083,443738,10028,9874,94,9968,125
2020-10-27,Santa Clara,085,1922200,25946,24368,50,24418,367
2020-10-27,Santa Cruz,087,273765,2949,2815,34,2849,24
2020-10-27,Shasta,089,179085,2357,1962,20,1982,29
2020-10-27,Sierra,091,2930,6,6,0,6,0
2020-10-27,Siskiyou,093,43540,217,181,10,191,0
2020-10-27,Solano,095,438530,7634,7298,41,7339,77
2020-10-27,Sonoma,097,501317,9830,9389,27,9416,140
2020-10-27,Stanislaus,099,539301,17926,17720,780,18500,408
2020-10-27,Sutter,101,95872,1903,1832,1,1833,12
2020-10-27,Tehama,103,63373,970,913,2,915,5
2020-10-27,Trinity,105,12862,90,28,11,39,0
2020-10-27,Tulare,107,460477,18171,17520,406,17926,296
2020-10-27,Tuolumne,109,53932,295,275,4,279,4
2020-10-27,Ventura,111,848112,15187,14347,333,14680,153
2020-10-27,Yolo,113,214977,3315,3216,9,3225,58
2020-10-27,Yuba,115,75493,1285,1235,6,1241,10
2020-10-26,Alameda,001,1643700,23948,23284,229,23513,398
2020-10-26,Alpine,003,1148,4,3,0,3,0
2020-10-26,Amador,005,37829,357,331,0,331,16
2020-10-26,Butte,007,227075,3235,3095,32,3127,56
2020-10-26,Calaveras,009,45235,337,274,0,274,13
2020-10-26,Colusa,011,21464,559,548,1,549,6
2020-10-26,Contra Costa,013,1133247,19283,18718,94,18812,245
2020-10-26,Del Norte,015,27424,179,171,0,171,2
2020-10-26,El Dorado,017,186661,1444,1336,3,1339,4
2020-10-26,Fresno,019,978130,33786,30969,500,31469,441
2020-10-26,Glenn,021,27897,688,660,1,661,3
2020-10-26,Humboldt,023,135768,569,554,1,555,7
2020-10-26,Imperial,025,180216,13023,12654,61,12715,333
2020-10-26,Inyo,027,18085,248,226,5,231,14
2020-10-26,Kern,029,883053,34167,33233,424,33657,432
2020-10-26,Kings,031,150075,8761,8264,58,8322,82
2020-10-26,Lake,033,64148,738,697,0,697,15
2020-10-26,Lassen,035,31185,779,764,2,766,0
2020-10-26,Los Angeles,037,10098052,304291,297961,2942,300903,6979
2020-10-26,Madera,039,155013,5101,4922,44,4966,53
2020-10-26,Marin,041,260295,7164,7064,19,7083,104
2020-10-26,Mariposa,043,17540,80,77,0,77,2
2020-10-26,Mendocino,045,87422,1095,1026,4,1030,20
2020-10-26,Merced,047,269075,9640,9375,39,9414,150
2020-10-26,Modoc,049,8938,44,28,0,28,0
2020-10-26,Mono,051,14174,217,167,5,172,1
2020-10-26,Monterey,053,433212,11585,11207,68,11275,87
2020-10-26,Napa,055,140530,2091,1966,8,1974,14
2020-10-26,Nevada,057,99092,657,618,18,636,8
2020-10-26,Orange,059,3164182,61254,58377,1780,60157,1442
2020-10-26,Placer,061,380077,4477,4161,15,4176,57
2020-10-26,Plumas,063,18699,84,63,0,63,0
2020-10-26,Riverside,065,2383286,68283,66475,396,66871,1294
2020-10-26,Sacramento,067,1510023,26092,25555,31,25586,496
2020-10-26,San Benito,069,59416,1445,1424,1,1425,15
2020-10-26,San Bernardino,071,2135413,64822,61871,465,62336,1153
2020-10-26,San Diego,073,3302833,57280,54957,1587,56544,870
2020-10-26,San Francisco,075,870044,12440,12072,51,12123,138
2020-10-26,San Joaquin,077,732212,22124,21459,214,21673,495
2020-10-26,San Luis Obispo,079,281455,4449,4133,31,4164,31
2020-10-26,San Mateo,081,765935,11497,11037,10,11047,156
2020-10-26,Santa Barbara,083,443738,10005,9827,94,9921,122
2020-10-26,Santa Clara,085,1922200,25756,24258,49,24307,365
2020-10-26,Santa Cruz,087,273765,2923,2808,34,2842,24
2020-10-26,Shasta,089,179085,2303,1889,20,1909,29
2020-10-26,Sierra,091,2930,6,6,0,6,0
2020-10-26,Siskiyou,093,43540,209,179,10,189,0
2020-10-26,Solano,095,438530,7554,7271,41,7312,62
2020-10-26,Sonoma,097,501317,9750,9315,27,9342,140
2020-10-26,Stanislaus,099,539301,17876,17666,770,18436,400
2020-10-26,Sutter,101,95872,1895,1817,1,1818,12
2020-10-26,Tehama,103,63373,950,892,2,894,5
2020-10-26,Trinity,105,12862,89,26,11,37,0
2020-10-26,Tulare,107,460477,18094,17432,383,17815,296
2020-10-26,Tuolumne,109,53932,286,271,4,275,4
2020-10-26,Ventura,111,848112,15117,14330,330,14660,154
2020-10-26,Yolo,113,214977,3296,3206,9,3215,58
2020-10-26,Yuba,115,75493,1269,1226,6,1232,10
2020-10-25,Alameda,001,1643700,23842,23192,229,23421,398
2020-10-25,Alpine,003,1148,3,3,0,3,0
2020-10-25,Amador,005,37829,346,330,0,330,16
2020-10-25,Butte,007,227075,3216,3087,32,3119,56
2020-10-25,Calaveras,009,45235,336,274,0,274,13
2020-10-25,Colusa,011,21464,555,548,1,549,6
2020-10-25,Contra Costa,013,1133247,19182,18640,94,18734,245
2020-10-25,Del Norte,015,27424,175,171,0,171,2
2020-10-25,El Dorado,017,186661,1429,1328,3,1331,4
2020-10-25,Fresno,019,978130,33652,30858,487,31345,441
2020-10-25,Glenn,021,27897,685,652,1,653,3
2020-10-25,Humboldt,023,135768,566,554,1,555,7
2020-10-25,Imperial,025,180216,12973,12572,61,12633,333
2020-10-25,Inyo,027,18085,245,226,5,231,14
2020-10-25,Kern,029,883053,34060,33185,420,33605,432
2020-10-25,Kings,031,150075,8728,8246,56,8302,82
2020-10-25,Lake,033,64148,721,695,0,695,15
2020-10-25,Lassen,035,31185,776,764,2,766,0
2020-10-25,Los Angeles,037,10098052,302729,297110,2905,300015,6973
2020-10-25,Madera,039,155013,5071,4909,39,4948,53
2020-10-25,Marin,041,260295,7154,7052,19,7071,102
2020-10-25,Mariposa,043,17540,80,77,0,77,2
2020-10-25,Mendocino,045,87422,1088,1024,4,1028,20
2020-10-25,Merced,047,269075,9575,9352,37,9389,150
2020-10-25,Modoc,049,8938,39,28,0,28,0
2020-10-25,Mono,051,14174,209,167,5,172,1
2020-10-25,Monterey,053,433212,11502,11182,63,11245,87
2020-10-25,Napa,055,140530,2061,1962,8,1970,14
2020-10-25,Nevada,057,99092,649,616,18,634,8
2020-10-25,Orange,059,3164182,60966,58185,1771,59956,1443
2020-10-25,Placer,061,380077,4425,4140,15,4155,57
2020-10-25,Plumas,063,18699,84,63,0,63,0
2020-10-25,Riverside,065,2383286,67831,66192,380,66572,1289
2020-10-25,Sacramento,067,1510023,25876,25445,28,25473,496
2020-10-25,San Benito,069,59416,1438,1423,1,1424,15
2020-10-25,San Bernardino,071,2135413,64281,61551,453,62004,1153
2020-10-25,San Diego,073,3302833,56817,54599,1555,56154,870
2020-10-25,San Francisco,075,870044,12367,12072,51,12123,137
2020-10-25,San Joaquin,077,732212,22016,21459,206,21665,495
2020-10-25,San Luis Obispo,079,281455,4407,4126,29,4155,31
2020-10-25,San Mateo,081,765935,11452,10987,10,10997,156
2020-10-25,Santa Barbara,083,443738,9985,9814,94,9908,122
2020-10-25,Santa Clara,085,1922200,25568,24087,49,24136,365
2020-10-25,Santa Cruz,087,273765,2896,2789,34,2823,24
2020-10-25,Shasta,089,179085,2239,1889,20,1909,29
2020-10-25,Sierra,091,2930,6,6,0,6,0
2020-10-25,Siskiyou,093,43540,206,176,10,186,0
2020-10-25,Solano,095,438530,7476,7197,41,7238,60
2020-10-25,Sonoma,097,501317,9657,9235,26,9261,140
2020-10-25,Stanislaus,099,539301,17819,17641,760,18401,400
2020-10-25,Sutter,101,95872,1877,1811,1,1812,12
2020-10-25,Tehama,103,63373,933,880,2,882,5
2020-10-25,Trinity,105,12862,85,26,11,37,0
2020-10-25,Tulare,107,460477,18021,17431,373,17804,296
2020-10-25,Tuolumne,109,53932,281,271,4,275,4
2020-10-25,Ventura,111,848112,15024,14300,324,14624,154
2020-10-25,Yolo,113,214977,3275,3190,9,3199,58
2020-10-25,Yuba,115,75493,1261,1219,6,1225,10
2020-10-24,Alameda,001,1643700,23771,23099,226,23325,398
2020-10-24,Alpine,003,1148,3,3,0,3,0
2020-10-24,Amador,005,37829,345,328,0,328,16
2020-10-24,Butte,007,227075,3207,3078,32,3110,56
2020-10-24,Calaveras,009,45235,334,274,0,274,13
2020-10-24,Colusa,011,21464,550,548,1,549,6
2020-10-24,Contra Costa,013,1133247,19115,18567,94,18661,244
2020-10-24,Del Norte,015,27424,174,171,0,171,2
2020-10-24,El Dorado,017,186661,1413,1317,3,1320,4
2020-10-24,Fresno,019,978130,33591,30752,482,31234,441
2020-10-24,Glenn,021,27897,682,650,1,651,3
2020-10-24,Humboldt,023,135768,564,553,1,554,7
2020-10-24,Imperial,025,180216,12946,12469,61,12530,333
2020-10-24,Inyo,027,18085,245,226,5,231,14
2020-10-24,Kern,029,883053,34002,33105,414,33519,432
2020-10-24,Kings,031,150075,8718,8228,55,8283,82
2020-10-24,Lake,033,64148,716,696,0,696,15
2020-10-24,Lassen,035,31185,775,764,2,766,0
2020-10-24,Los Angeles,037,10098052,301910,296323,2883,299206,6969
2020-10-24,Madera,039,155013,5058,4898,38,4936,53
2020-10-24,Marin,041,260295,7145,7042,19,7061,102
2020-10-24,Mariposa,043,17540,80,77,0,77,2
2020-10-24,Mendocino,045,87422,1076,1022,4,1026,20
2020-10-24,Merced,047,269075,9551,9351,37,9388,150
2020-10-24,Modoc,049,8938,38,28,0,28,0
2020-10-24,Mono,051,14174,195,167,5,172,1
2020-10-24,Monterey,053,433212,11433,11153,62,11215,87
2020-10-24,Napa,055,140530,2044,1957,8,1965,14
2020-10-24,Nevada,057,99092,645,608,18,626,8
2020-10-24,Orange,059,3164182,60811,57928,1761,59689,1441
2020-10-24,Placer,061,380077,4394,4093,15,4108,57
2020-10-24,Plumas,063,18699,78,63,0,63,0
2020-10-24,Riverside,065,2383286,67623,65902,365,66267,1288
2020-10-24,Sacramento,067,1510023,25795,25372,28,25400,496
2020-10-24,San Benito,069,59416,1433,1417,1,1418,15
2020-10-24,San Bernardino,071,2135413,64041,61351,444,61795,1153
2020-10-24,San Diego,073,3302833,56540,54330,1542,55872,868
2020-10-24,San Francisco,075,870044,12309,12073,50,12123,137
2020-10-24,San Joaquin,077,732212,21964,21458,201,21659,495
2020-10-24,San Luis Obispo,079,281455,4382,4119,28,4147,31
2020-10-24,San Mateo,081,765935,11413,10942,10,10952,155
2020-10-24,Santa Barbara,083,443738,9968,9781,94,9875,122
2020-10-24,Santa Clara,085,1922200,25481,23978,49,24027,365
2020-10-24,Santa Cruz,087,273765,2877,2775,34,2809,24
2020-10-24,Shasta,089,179085,2194,1878,20,1898,29
2020-10-24,Sierra,091,2930,6,6,0,6,0
2020-10-24,Siskiyou,093,43540,205,174,10,184,0
2020-10-24,Solano,095,438530,7423,7189,41,7230,60
2020-10-24,Sonoma,097,501317,9623,9179,26,9205,140
2020-10-24,Stanislaus,099,539301,17775,17574,744,18318,400
2020-10-24,Sutter,101,95872,1868,1804,1,1805,12
2020-10-24,Tehama,103,63373,925,872,2,874,5
2020-10-24,Trinity,105,12862,85,25,11,36,0
2020-10-24,Tulare,107,460477,17998,17406,362,17768,295
2020-10-24,Tuolumne,109,53932,278,269,4,273,4
2020-10-24,Ventura,111,848112,14971,14240,323,14563,154
2020-10-24,Yolo,113,214977,3263,3164,9,3173,57
2020-10-24,Yuba,115,75493,1258,1210,6,1216,10
2020-10-23,Alameda,001,1643700,23699,23047,224,23271,393
2020-10-23,Alpine,003,1148,3,3,0,3,0
2020-10-23,Amador,005,37829,344,324,0,324,16
2020-10-23,Butte,007,227075,3198,3059,32,3091,55
2020-10-23,Calaveras,009,45235,333,273,0,273,13
2020-10-23,Colusa,011,21464,550,547,1,548,6
2020-10-23,Contra Costa,013,1133247,19045,18483,93,18576,244
2020-10-23,Del Norte,015,27424,174,171,0,171,2
2020-10-23,El Dorado,017,186661,1404,1310,3,1313,4
2020-10-23,Fresno,019,978130,33524,30590,478,31068,441
2020-10-23,Glenn,021,27897,679,644,1,645,3
2020-10-23,Humboldt,023,135768,562,553,1,554,7
2020-10-23,Imperial,025,180216,12915,12398,60,12458,333
2020-10-23,Inyo,027,18085,244,226,5,231,14
2020-10-23,Kern,029,883053,33934,33077,409,33486,431
2020-10-23,Kings,031,150075,8709,8218,55,8273,82
2020-10-23,Lake,033,64148,714,689,0,689,15
2020-10-23,Lassen,035,31185,774,764,2,766,0
2020-10-23,Los Angeles,037,10098052,300828,294287,2855,297142,6956
2020-10-23,Madera,039,155013,5053,4888,38,4926,53
2020-10-23,Marin,041,260295,7132,7029,19,7048,102
2020-10-23,Mariposa,043,17540,80,77,0,77,2
2020-10-23,Mendocino,045,87422,1073,1019,4,1023,20
2020-10-23,Merced,047,269075,9537,9327,37,9364,149
2020-10-23,Modoc,049,8938,38,28,0,28,0
2020-10-23,Mono,051,14174,194,159,5,164,1
2020-10-23,Monterey,053,433212,11386,11099,58,11157,86
2020-10-23,Napa,055,140530,2036,1942,8,1950,14
2020-10-23,Nevada,057,99092,642,604,18,622,8
2020-10-23,Orange,059,3164182,60640,57595,1746,59341,1430
2020-10-23,Placer,061,380077,4348,4073,15,4088,57
2020-10-23,Plumas,063,18699,75,63,0,63,0
2020-10-23,Riverside,065,2383286,67384,65512,357,65869,1279
2020-10-23,Sacramento,067,1510023,25689,25224,28,25252,496
2020-10-23,San Benito,069,59416,1431,1412,1,1413,15
2020-10-23,San Bernardino,071,2135413,63754,60854,430,61284,1150
2020-10-23,San Diego,073,3302833,56234,53944,1515,55459,867
2020-10-23,San Francisco,075,870044,12278,12015,50,12065,137
2020-10-23,San Joaquin,077,732212,21908,21361,195,21556,495
2020-10-23,San Luis Obispo,079,281455,4356,4102,28,4130,31
2020-10-23,San Mateo,081,765935,11364,10872,10,10882,155
2020-10-23,Santa Barbara,083,443738,9952,9751,94,9845,121
2020-10-23,Santa Clara,085,1922200,25379,23822,49,23871,364
2020-10-23,Santa Cruz,087,273765,2863,2757,34,2791,24
2020-10-23,Shasta,089,179085,2157,1846,19,1865,29
2020-10-23,Sierra,091,2930,6,6,0,6,0
2020-10-23,Siskiyou,093,43540,201,172,10,182,0
2020-10-23,Solano,095,438530,7392,7174,41,7215,59
2020-10-23,Sonoma,097,501317,9567,9112,26,9138,139
2020-10-23,Stanislaus,099,539301,17738,17496,737,18233,395
2020-10-23,Sutter,101,95872,1861,1797,1,1798,12
2020-10-23,Tehama,103,63373,916,862,2,864,5
2020-10-23,Trinity,105,12862,85,26,11,37,0
2020-10-23,Tulare,107,460477,17953,17334,350,17684,295
2020-10-23,Tuolumne,109,53932,276,254,4,258,4
2020-10-23,Ventura,111,848112,14942,14192,323,14515,155
2020-10-23,Yolo,113,214977,3251,3140,9,3149,57
2020-10-23,Yuba,115,75493,1254,1206,6,1212,10
2020-10-22,Alameda,001,1643700,23596,22915,224,23139,393
2020-10-22,Alpine,003,1148,3,3,0,3,0
2020-10-22,Amador,005,37829,340,317,0,317,16
2020-10-22,Butte,007,227075,3188,3046,30,3076,55
2020-10-22,Calaveras,009,45235,330,273,0,273,13
2020-10-22,Colusa,011,21464,550,547,1,548,6
2020-10-22,Contra Costa,013,1133247,18973,18393,93,18486,243
2020-10-22,Del Norte,015,27424,173,168,0,168,2
2020-10-22,El Dorado,017,186661,1394,1308,3,1311,4
2020-10-22,Fresno,019,978130,33414,30471,470,30941,438
2020-10-22,Glenn,021,27897,672,643,1,644,3
2020-10-22,Humboldt,023,135768,561,548,1,549,7
2020-10-22,Imperial,025,180216,12862,12311,58,12369,333
2020-10-22,Inyo,027,18085,241,220,5,225,14
2020-10-22,Kern,029,883053,33853,32991,406,33397,431
2020-10-22,Kings,031,150075,8458,8201,55,8256,82
2020-10-22,Lake,033,64148,710,678,0,678,15
2020-10-22,Lassen,035,31185,771,764,2,766,0
2020-10-22,Los Angeles,037,10098052,299453,291599,2796,294395,6935
2020-10-22,Madera,039,155013,5032,4847,38,4885,52
2020-10-22,Marin,041,260295,7125,7014,19,7033,102
2020-10-22,Mariposa,043,17540,80,77,0,77,2
2020-10-22,Mendocino,045,87422,1068,1016,4,1020,20
2020-10-22,Merced,047,269075,9509,9323,37,9360,149
2020-10-22,Modoc,049,8938,34,26,0,26,0
2020-10-22,Mono,051,14174,189,156,5,161,1
2020-10-22,Monterey,053,433212,11327,11059,55,11114,84
2020-10-22,Napa,055,140530,2021,1928,8,1936,14
2020-10-22,Nevada,057,99092,636,600,18,618,8
2020-10-22,Orange,059,3164182,60425,57418,1729,59147,1422
2020-10-22,Placer,061,380077,4299,4036,15,4051,57
2020-10-22,Plumas,063,18699,72,62,0,62,0
2020-10-22,Riverside,065,2383286,67050,65104,337,65441,1279
2020-10-22,Sacramento,067,1510023,25549,25054,28,25082,492
2020-10-22,San Benito,069,59416,1427,1403,1,1404,15
2020-10-22,San Bernardino,071,2135413,63352,60402,415,60817,1149
2020-10-22,San Diego,073,3302833,55847,53514,1496,55010,866
2020-10-22,San Francisco,075,870044,12220,11991,48,12039,137
2020-10-22,San Joaquin,077,732212,21835,21282,189,21471,495
2020-10-22,San Luis Obispo,079,281455,4340,4081,28,4109,31
2020-10-22,San Mateo,081,765935,11308,10796,10,10806,155
2020-10-22,Santa Barbara,083,443738,9918,9710,92,9802,120
2020-10-22,Santa Clara,085,1922200,25225,23621,49,23670,363
2020-10-22,Santa Cruz,087,273765,2845,2738,33,2771,24
2020-10-22,Shasta,089,179085,2111,1799,19,1818,29
2020-10-22,Sierra,091,2930,6,6,0,6,0
2020-10-22,Siskiyou,093,43540,201,169,10,179,0
2020-10-22,Solano,095,438530,7346,7116,41,7157,59
2020-10-22,Sonoma,097,501317,9501,9052,25,9077,139
2020-10-22,Stanislaus,099,539301,17684,17440,725,18165,395
2020-10-22,Sutter,101,95872,1847,1794,1,1795,12
2020-10-22,Tehama,103,63373,905,852,2,854,5
2020-10-22,Trinity,105,12862,84,26,11,37,0
2020-10-22,Tulare,107,460477,17887,17265,337,17602,293
2020-10-22,Tuolumne,109,53932,274,252,4,256,4
2020-10-22,Ventura,111,848112,14895,14124,321,14445,154
2020-10-22,Yolo,113,214977,3239,3116,9,3125,58
2020-10-22,Yuba,115,75493,1247,1199,5,1204,10
2020-10-21,Alameda,001,1643700,23508,22853,222,23075,392
2020-10-21,Alpine,003,1148,3,3,0,3,0
2020-10-21,Amador,005,37829,335,313,0,313,16
2020-10-21,Butte,007,227075,3176,3041,30,3071,55
2020-10-21,Calaveras,009,45235,329,272,0,272,13
2020-10-21,Colusa,011,21464,550,546,1,547,6
2020-10-21,Contra Costa,013,1133247,18899,18299,93,18392,243
2020-10-21,Del Norte,015,27424,173,169,0,169,2
2020-10-21,El Dorado,017,186661,1382,1305,2,1307,4
2020-10-21,Fresno,019,978130,33318,30328,465,30793,433
2020-10-21,Glenn,021,27897,667,640,1,641,3
2020-10-21,Humboldt,023,135768,560,548,1,549,7
2020-10-21,Imperial,025,180216,12805,12210,58,12268,331
2020-10-21,Inyo,027,18085,237,220,5,225,14
2020-10-21,Kern,029,883053,33778,32956,405,33361,430
2020-10-21,Kings,031,150075,8431,8186,55,8241,80
2020-10-21,Lake,033,64148,709,676,0,676,15
2020-10-21,Lassen,035,31185,770,764,2,766,0
2020-10-21,Los Angeles,037,10098052,298113,288096,2754,290850,6923
2020-10-21,Madera,039,155013,5007,4831,38,4869,52
2020-10-21,Marin,041,260295,7116,7002,19,7021,102
2020-10-21,Mariposa,043,17540,80,77,0,77,2
2020-10-21,Mendocino,045,87422,1066,1011,4,1015,21
2020-10-21,Merced,047,269075,9485,9319,35,9354,149
2020-10-21,Modoc,049,8938,33,26,0,26,0
2020-10-21,Mono,051,14174,187,156,5,161,1
2020-10-21,Monterey,053,433212,11289,11005,54,11059,83
2020-10-21,Napa,055,140530,2006,1918,8,1926,13
2020-10-21,Nevada,057,99092,630,597,18,615,8
2020-10-21,Orange,059,3164182,60212,57189,1720,58909,1409
2020-10-21,Placer,061,380077,4262,4007,15,4022,56
2020-10-21,Plumas,063,18699,69,58,0,58,0
2020-10-21,Riverside,065,2383286,66754,64778,313,65091,1278
2020-10-21,Sacramento,067,1510023,25355,24908,28,24936,490
2020-10-21,San Benito,069,59416,1426,1401,1,1402,14
2020-10-21,San Bernardino,071,2135413,62944,59948,408,60356,1141
2020-10-21,San Diego,073,3302833,55495,53279,1468,54747,863
2020-10-21,San Francisco,075,870044,12171,11976,47,12023,137
2020-10-21,San Joaquin,077,732212,21759,21201,183,21384,495
2020-10-21,San Luis Obispo,079,281455,4325,4055,26,4081,31
2020-10-21,San Mateo,081,765935,11259,10730,10,10740,155
2020-10-21,Santa Barbara,083,443738,9900,9681,91,9772,121
2020-10-21,Santa Clara,085,1922200,25099,23537,49,23586,361
2020-10-21,Santa Cruz,087,273765,2822,2729,33,2762,24
2020-10-21,Shasta,089,179085,2075,1777,19,1796,27
2020-10-21,Sierra,091,2930,6,6,0,6,0
2020-10-21,Siskiyou,093,43540,197,169,10,179,0
2020-10-21,Solano,095,438530,7300,7088,41,7129,59
2020-10-21,Sonoma,097,501317,9421,8987,25,9012,138
2020-10-21,Stanislaus,099,539301,17634,17419,717,18136,392
2020-10-21,Sutter,101,95872,1832,1786,1,1787,12
2020-10-21,Tehama,103,63373,889,824,2,826,5
2020-10-21,Trinity,105,12862,78,25,10,35,0
2020-10-21,Tulare,107,460477,17849,17204,323,17527,292
2020-10-21,Tuolumne,109,53932,273,251,4,255,4
2020-10-21,Ventura,111,848112,14832,14050,318,14368,153
2020-10-21,Yolo,113,214977,3220,3095,9,3104,58
2020-10-21,Yuba,115,75493,1238,1194,5,1199,10
2020-10-20,Alameda,001,1643700,23405,22750,218,22968,391
2020-10-20,Alpine,003,1148,3,3,0,3,0
2020-10-20,Amador,005,37829,334,313,0,313,16
2020-10-20,Butte,007,227075,3164,3027,30,3057,56
2020-10-20,Calaveras,009,45235,328,273,0,273,13
2020-10-20,Colusa,011,21464,547,546,1,547,6
2020-10-20,Contra Costa,013,1133247,18807,18246,93,18339,241
2020-10-20,Del Norte,015,27424,172,169,0,169,2
2020-10-20,El Dorado,017,186661,1376,1295,2,1297,4
2020-10-20,Fresno,019,978130,33215,30220,459,30679,431
2020-10-20,Glenn,021,27897,662,638,1,639,3
2020-10-20,Humboldt,023,135768,556,545,1,546,7
2020-10-20,Imperial,025,180216,12736,12114,58,12172,330
2020-10-20,Inyo,027,18085,237,218,5,223,14
2020-10-20,Kern,029,883053,33703,32889,392,33281,429
2020-10-20,Kings,031,150075,8413,8178,54,8232,80
2020-10-20,Lake,033,64148,707,675,0,675,15
2020-10-20,Lassen,035,31185,769,757,2,759,0
2020-10-20,Los Angeles,037,10098052,296621,287727,2704,290431,6891
2020-10-20,Madera,039,155013,4990,4823,38,4861,52
2020-10-20,Marin,041,260295,7101,6994,19,7013,101
2020-10-20,Mariposa,043,17540,79,77,0,77,2
2020-10-20,Mendocino,045,87422,1064,1004,4,1008,21
2020-10-20,Merced,047,269075,9463,9323,35,9358,149
2020-10-20,Modoc,049,8938,32,26,0,26,0
2020-10-20,Mono,051,14174,187,156,5,161,1
2020-10-20,Monterey,053,433212,11246,10942,51,10993,81
2020-10-20,Napa,055,140530,1987,1912,8,1920,13
2020-10-20,Nevada,057,99092,620,596,18,614,8
2020-10-20,Orange,059,3164182,59948,56914,1710,58624,1397
2020-10-20,Placer,061,380077,4224,3997,15,4012,56
2020-10-20,Plumas,063,18699,66,53,0,53,0
2020-10-20,Riverside,065,2383286,66374,64452,301,64753,1275
2020-10-20,Sacramento,067,1510023,25228,24767,27,24794,485
2020-10-20,San Benito,069,59416,1423,1398,1,1399,14
2020-10-20,San Bernardino,071,2135413,62561,59571,406,59977,1109
2020-10-20,San Diego,073,3302833,55159,53004,1448,54452,857
2020-10-20,San Francisco,075,870044,12124,12013,46,12059,126
2020-10-20,San Joaquin,077,732212,21680,21173,173,21346,490
2020-10-20,San Luis Obispo,079,281455,4307,4043,25,4068,31
2020-10-20,San Mateo,081,765935,11212,10659,10,10669,155
2020-10-20,Santa Barbara,083,443738,9871,9664,89,9753,121
2020-10-20,Santa Clara,085,1922200,24962,23406,49,23455,358
2020-10-20,Santa Cruz,087,273765,2799,2710,33,2743,23
2020-10-20,Shasta,089,179085,2052,1747,19,1766,20
2020-10-20,Sierra,091,2930,6,6,0,6,0
2020-10-20,Siskiyou,093,43540,189,168,10,178,0
2020-10-20,Solano,095,438530,7251,7044,41,7085,57
2020-10-20,Sonoma,097,501317,9358,8904,23,8927,135
2020-10-20,Stanislaus,099,539301,17580,17367,713,18080,393
2020-10-20,Sutter,101,95872,1823,1783,1,1784,12
2020-10-20,Tehama,103,63373,874,813,2,815,5
2020-10-20,Trinity,105,12862,77,25,10,35,0
2020-10-20,Tulare,107,460477,17782,17156,318,17474,289
2020-10-20,Tuolumne,109,53932,271,250,4,254,4
2020-10-20,Ventura,111,848112,14768,13980,316,14296,152
2020-10-20,Yolo,113,214977,3197,3083,9,3092,56
2020-10-20,Yuba,115,75493,1228,1191,5,1196,10
2020-10-19,Alameda,001,1643700,23293,22647,217,22864,392
2020-10-19,Alpine,003,1148,3,3,0,3,0
2020-10-19,Amador,005,37829,328,313,0,313,16
2020-10-19,Butte,007,227075,3153,3026,30,3056,55
2020-10-19,Calaveras,009,45235,327,268,0,268,13
2020-10-19,Colusa,011,21464,547,544,1,545,6
2020-10-19,Contra Costa,013,1133247,18709,18173,93,18266,239
2020-10-19,Del Norte,015,27424,169,167,0,167,2
2020-10-19,El Dorado,017,186661,1355,1287,2,1289,4
2020-10-19,Fresno,019,978130,33106,30152,453,30605,431
2020-10-19,Glenn,021,27897,657,635,0,635,3
2020-10-19,Humboldt,023,135768,556,543,1,544,7
2020-10-19,Imperial,025,180216,12682,12036,56,12092,330
2020-10-19,Inyo,027,18085,236,218,5,223,14
2020-10-19,Kern,029,883053,33627,32840,389,33229,428
2020-10-19,Kings,031,150075,8395,8173,54,8227,80
2020-10-19,Lake,033,64148,704,673,0,673,15
2020-10-19,Lassen,035,31185,768,757,2,759,0
2020-10-19,Los Angeles,037,10098052,295133,287119,2666,289785,6858
2020-10-19,Madera,039,155013,4975,4787,38,4825,52
2020-10-19,Marin,041,260295,7083,6981,19,7000,100
2020-10-19,Mariposa,043,17540,79,77,0,77,2
2020-10-19,Mendocino,045,87422,1059,1001,4,1005,21
2020-10-19,Merced,047,269075,9438,9305,31,9336,148
2020-10-19,Modoc,049,8938,31,26,0,26,0
2020-10-19,Mono,051,14174,182,156,5,161,1
2020-10-19,Monterey,053,433212,11185,10907,51,10958,80
2020-10-19,Napa,055,140530,1975,1892,8,1900,12
2020-10-19,Nevada,057,99092,617,590,18,608,8
2020-10-19,Orange,059,3164182,59664,56652,1695,58347,1396
2020-10-19,Placer,061,380077,4175,3962,15,3977,49
2020-10-19,Plumas,063,18699,64,52,0,52,0
2020-10-19,Riverside,065,2383286,65943,64016,285,64301,1272
2020-10-19,Sacramento,067,1510023,25089,24542,27,24569,483
2020-10-19,San Benito,069,59416,1416,1395,1,1396,14
2020-10-19,San Bernardino,071,2135413,62111,59265,395,59660,1100
2020-10-19,San Diego,073,3302833,54773,52739,1423,54162,853
2020-10-19,San Francisco,075,870044,12080,11879,46,11925,126
2020-10-19,San Joaquin,077,732212,21605,20930,165,21095,489
2020-10-19,San Luis Obispo,079,281455,4291,4016,25,4041,31
2020-10-19,San Mateo,081,765935,11166,10568,10,10578,154
2020-10-19,Santa Barbara,083,443738,9836,9632,89,9721,121
2020-10-19,Santa Clara,085,1922200,24812,23301,49,23350,352
2020-10-19,Santa Cruz,087,273765,2782,2705,33,2738,19
2020-10-19,Shasta,089,179085,2008,1709,18,1727,20
2020-10-19,Sierra,091,2930,6,6,0,6,0
2020-10-19,Siskiyou,093,43540,182,167,10,177,0
2020-10-19,Solano,095,438530,7210,7003,41,7044,57
2020-10-19,Sonoma,097,501317,9271,8830,23,8853,135
2020-10-19,Stanislaus,099,539301,17529,17342,703,18045,390
2020-10-19,Sutter,101,95872,1818,1773,1,1774,12
2020-10-19,Tehama,103,63373,871,793,2,795,5
2020-10-19,Trinity,105,12862,75,23,10,33,0
2020-10-19,Tulare,107,460477,17732,17047,311,17358,291
2020-10-19,Tuolumne,109,53932,269,247,4,251,4
2020-10-19,Ventura,111,848112,14702,13930,313,14243,152
2020-10-19,Yolo,113,214977,3184,3069,9,3078,56
2020-10-19,Yuba,115,75493,1221,1183,5,1188,10
2020-10-18,Alameda,001,1643700,23189,22546,216,22762,392
2020-10-18,Alpine,003,1148,3,3,0,3,0
2020-10-18,Amador,005,37829,316,313,0,313,16
2020-10-18,Butte,007,227075,3140,3019,30,3049,55
2020-10-18,Calaveras,009,45235,326,267,0,267,13
2020-10-18,Colusa,011,21464,545,544,1,545,6
2020-10-18,Contra Costa,013,1133247,18610,18120,93,18213,237
2020-10-18,Del Norte,015,27424,169,167,0,167,2
2020-10-18,El Dorado,017,186661,1346,1283,2,1285,4
2020-10-18,Fresno,019,978130,32977,30051,445,30496,430
2020-10-18,Glenn,021,27897,655,634,0,634,3
2020-10-18,Humboldt,023,135768,553,540,1,541,7
2020-10-18,Imperial,025,180216,12620,11987,53,12040,330
2020-10-18,Inyo,027,18085,233,215,5,220,14
2020-10-18,Kern,029,883053,33554,32799,382,33181,428
2020-10-18,Kings,031,150075,8380,8159,54,8213,80
2020-10-18,Lake,033,64148,697,670,0,670,15
2020-10-18,Lassen,035,31185,768,757,2,759,0
2020-10-18,Los Angeles,037,10098052,293426,286187,2623,288810,6857
2020-10-18,Madera,039,155013,4950,4770,37,4807,52
2020-10-18,Marin,041,260295,7062,6969,19,6988,99
2020-10-18,Mariposa,043,17540,79,77,0,77,2
2020-10-18,Mendocino,045,87422,1057,988,4,992,21
2020-10-18,Merced,047,269075,9403,9292,31,9323,148
2020-10-18,Modoc,049,8938,30,26,0,26,0
2020-10-18,Mono,051,14174,177,155,5,160,1
2020-10-18,Monterey,053,433212,11132,10872,51,10923,80
2020-10-18,Napa,055,140530,1962,1882,8,1890,12
2020-10-18,Nevada,057,99092,611,582,18,600,8
2020-10-18,Orange,059,3164182,59367,56394,1679,58073,1396
2020-10-18,Placer,061,380077,4127,3938,15,3953,49
2020-10-18,Plumas,063,18699,62,52,0,52,0
2020-10-18,Riverside,065,2383286,65630,63765,264,64029,1270
2020-10-18,Sacramento,067,1510023,24934,24425,27,24452,482
2020-10-18,San Benito,069,59416,1409,1395,1,1396,14
2020-10-18,San Bernardino,071,2135413,61611,58893,387,59280,1098
2020-10-18,San Diego,073,3302833,54384,52359,1402,53761,853
2020-10-18,San Francisco,075,870044,12041,11878,46,11924,126
2020-10-18,San Joaquin,077,732212,21522,20931,152,21083,489
2020-10-18,San Luis Obispo,079,281455,4260,4009,23,4032,31
2020-10-18,San Mateo,081,765935,11107,10503,10,10513,154
2020-10-18,Santa Barbara,083,443738,9797,9608,88,9696,121
2020-10-18,Santa Clara,085,1922200,24639,23169,49,23218,352
2020-10-18,Santa Cruz,087,273765,2768,2692,33,2725,19
2020-10-18,Shasta,089,179085,1983,1708,18,1726,20
2020-10-18,Sierra,091,2930,6,6,0,6,0
2020-10-18,Siskiyou,093,43540,182,167,10,177,0
2020-10-18,Solano,095,438530,7163,6962,41,7003,57
2020-10-18,Sonoma,097,501317,9194,8781,22,8803,134
2020-10-18,Stanislaus,099,539301,17473,17290,694,17984,390
2020-10-18,Sutter,101,95872,1809,1764,1,1765,12
2020-10-18,Tehama,103,63373,839,774,2,776,5
2020-10-18,Trinity,105,12862,75,20,10,30,0
2020-10-18,Tulare,107,460477,17638,17048,302,17350,290
2020-10-18,Tuolumne,109,53932,264,245,4,249,4
2020-10-18,Ventura,111,848112,14622,13901,312,14213,151
2020-10-18,Yolo,113,214977,3145,3059,9,3068,55
2020-10-18,Yuba,115,75493,1210,1176,5,1181,10
2020-10-17,Alameda,001,1643700,23143,22394,214,22608,398
2020-10-17,Alpine,003,1148,3,3,0,3,0
2020-10-17,Amador,005,37829,314,309,0,309,16
2020-10-17,Butte,007,227075,3132,3012,28,3040,55
2020-10-17,Calaveras,009,45235,326,267,0,267,13
2020-10-17,Colusa,011,21464,544,544,1,545,6
2020-10-17,Contra Costa,013,1133247,18557,18005,93,18098,237
2020-10-17,Del Norte,015,27424,169,167,0,167,2
2020-10-17,El Dorado,017,186661,1342,1277,2,1279,4
2020-10-17,Fresno,019,978130,32923,29911,443,30354,430
2020-10-17,Glenn,021,27897,652,633,0,633,3
2020-10-17,Humboldt,023,135768,550,535,1,536,7
2020-10-17,Imperial,025,180216,12592,11962,52,12014,330
2020-10-17,Inyo,027,18085,228,212,5,217,14
2020-10-17,Kern,029,883053,33503,32710,379,33089,428
2020-10-17,Kings,031,150075,8374,8151,53,8204,80
2020-10-17,Lake,033,64148,694,663,0,663,15
2020-10-17,Lassen,035,31185,768,757,2,759,0
2020-10-17,Los Angeles,037,10098052,292673,285858,2596,288454,6844
2020-10-17,Madera,039,155013,4944,4759,37,4796,53
2020-10-17,Marin,041,260295,7059,6958,19,6977,99
2020-10-17,Mariposa,043,17540,78,77,0,77,2
2020-10-17,Mendocino,045,87422,1050,977,4,981,21
2020-10-17,Merced,047,269075,9389,9275,31,9306,148
2020-10-17,Modoc,049,8938,30,26,0,26,0
2020-10-17,Mono,051,14174,176,155,5,160,1
2020-10-17,Monterey,053,433212,11092,10807,50,10857,80
2020-10-17,Napa,055,140530,1953,1866,8,1874,12
2020-10-17,Nevada,057,99092,610,580,18,598,8
2020-10-17,Orange,059,3164182,59225,56197,1672,57869,1396
2020-10-17,Placer,061,380077,4100,3898,15,3913,49
2020-10-17,Plumas,063,18699,62,52,0,52,0
2020-10-17,Riverside,065,2383286,65432,63171,254,63425,1270
2020-10-17,Sacramento,067,1510023,24850,24304,27,24331,482
2020-10-17,San Benito,069,59416,1405,1389,1,1390,14
2020-10-17,San Bernardino,071,2135413,61341,58415,380,58795,1097
2020-10-17,San Diego,073,3302833,54159,51986,1391,53377,853
2020-10-17,San Francisco,075,870044,12013,11877,45,11922,126
2020-10-17,San Joaquin,077,732212,21468,20932,146,21078,489
2020-10-17,San Luis Obispo,079,281455,4245,3979,23,4002,31
2020-10-17,San Mateo,081,765935,11079,10423,10,10433,153
2020-10-17,Santa Barbara,083,443738,9778,9588,86,9674,121
2020-10-17,Santa Clara,085,1922200,24550,22997,49,23046,349
2020-10-17,Santa Cruz,087,273765,2754,2680,33,2713,19
2020-10-17,Shasta,089,179085,1957,1679,18,1697,20
2020-10-17,Sierra,091,2930,6,6,0,6,0
2020-10-17,Siskiyou,093,43540,181,167,10,177,0
2020-10-17,Solano,095,438530,7137,6929,41,6970,57
2020-10-17,Sonoma,097,501317,9151,8725,22,8747,134
2020-10-17,Stanislaus,099,539301,17433,17232,685,17917,390
2020-10-17,Sutter,101,95872,1807,1762,1,1763,12
2020-10-17,Tehama,103,63373,823,764,2,766,5
2020-10-17,Trinity,105,12862,75,20,10,30,0
2020-10-17,Tulare,107,460477,17608,16995,293,17288,290
2020-10-17,Tuolumne,109,53932,264,241,4,245,4
2020-10-17,Ventura,111,848112,14577,13845,309,14154,151
2020-10-17,Yolo,113,214977,3130,3045,8,3053,55
2020-10-17,Yuba,115,75493,1205,1164,5,1169,10
2020-10-16,Alameda,001,1643700,23089,22315,214,22529,397
2020-10-16,Alpine,003,1148,3,3,0,3,0
2020-10-16,Amador,005,37829,314,309,0,309,16
2020-10-16,Butte,007,227075,3121,3004,28,3032,54
2020-10-16,Calaveras,009,45235,326,267,0,267,13
2020-10-16,Colusa,011,21464,543,544,1,545,6
2020-10-16,Contra Costa,013,1133247,18504,17956,93,18049,237
2020-10-16,Del Norte,015,27424,169,166,0,166,2
2020-10-16,El Dorado,017,186661,1336,1273,2,1275,4
2020-10-16,Fresno,019,978130,32847,29796,442,30238,427
2020-10-16,Glenn,021,27897,647,632,0,632,3
2020-10-16,Humboldt,023,135768,550,533,1,534,7
2020-10-16,Imperial,025,180216,12552,11885,52,11937,330
2020-10-16,Inyo,027,18085,224,212,5,217,14
2020-10-16,Kern,029,883053,33460,32660,377,33037,428
2020-10-16,Kings,031,150075,8365,8146,52,8198,80
2020-10-16,Lake,033,64148,692,644,0,644,14
2020-10-16,Lassen,035,31185,768,757,2,759,0
2020-10-16,Los Angeles,037,10098052,291611,284988,2575,287563,6835
2020-10-16,Madera,039,155013,4932,4736,36,4772,53
2020-10-16,Marin,041,260295,7049,6933,19,6952,99
2020-10-16,Mariposa,043,17540,78,76,0,76,2
2020-10-16,Mendocino,045,87422,1043,974,4,978,21
2020-10-16,Merced,047,269075,9372,9246,31,9277,148
2020-10-16,Modoc,049,8938,30,26,0,26,0
2020-10-16,Mono,051,14174,174,155,5,160,1
2020-10-16,Monterey,053,433212,11057,10727,50,10777,79
2020-10-16,Napa,055,140530,1944,1855,8,1863,12
2020-10-16,Nevada,057,99092,608,579,18,597,8
2020-10-16,Orange,059,3164182,59047,56091,1666,57757,1388
2020-10-16,Placer,061,380077,4080,3864,15,3879,49
2020-10-16,Plumas,063,18699,61,52,0,52,0
2020-10-16,Riverside,065,2383286,65207,62986,253,63239,1267
2020-10-16,Sacramento,067,1510023,24756,24144,27,24171,479
2020-10-16,San Benito,069,59416,1402,1388,1,1389,14
2020-10-16,San Bernardino,071,2135413,61071,58233,380,58613,1069
2020-10-16,San Diego,073,3302833,53917,51785,1377,53162,850
2020-10-16,San Francisco,075,870044,11991,11840,44,11884,126
2020-10-16,San Joaquin,077,732212,21423,20910,145,21055,489
2020-10-16,San Luis Obispo,079,281455,4229,3952,23,3975,32
2020-10-16,San Mateo,081,765935,11054,10405,10,10415,153
2020-10-16,Santa Barbara,083,443738,9760,9549,86,9635,119
2020-10-16,Santa Clara,085,1922200,24463,22920,49,22969,345
2020-10-16,Santa Cruz,087,273765,2741,2666,33,2699,20
2020-10-16,Shasta,089,179085,1935,1660,18,1678,20
2020-10-16,Sierra,091,2930,6,6,0,6,0
2020-10-16,Siskiyou,093,43540,179,167,10,177,0
2020-10-16,Solano,095,438530,7114,6879,41,6920,55
2020-10-16,Sonoma,097,501317,9095,8652,22,8674,133
2020-10-16,Stanislaus,099,539301,17399,17201,677,17878,366
2020-10-16,Sutter,101,95872,1799,1756,1,1757,12
2020-10-16,Tehama,103,63373,822,737,2,739,3
2020-10-16,Trinity,105,12862,75,20,10,30,0
2020-10-16,Tulare,107,460477,17576,16965,285,17250,290
2020-10-16,Tuolumne,109,53932,262,237,4,241,4
2020-10-16,Ventura,111,848112,14534,13805,304,14109,152
2020-10-16,Yolo,113,214977,3121,3030,8,3038,55
2020-10-16,Yuba,115,75493,1205,1155,5,1160,10
2020-10-15,Alameda,001,1643700,23021,22267,213,22480,390
2020-10-15,Alpine,003,1148,3,3,0,3,0
2020-10-15,Amador,005,37829,314,309,0,309,16
2020-10-15,Butte,007,227075,3109,3000,27,3027,54
2020-10-15,Calaveras,009,45235,325,267,0,267,13
2020-10-15,Colusa,011,21464,542,543,1,544,6
2020-10-15,Contra Costa,013,1133247,18437,17893,92,17985,237
2020-10-15,Del Norte,015,27424,169,164,0,164,2
2020-10-15,El Dorado,017,186661,1331,1265,2,1267,4
2020-10-15,Fresno,019,978130,32750,29727,439,30166,425
2020-10-15,Glenn,021,27897,642,632,0,632,3
2020-10-15,Humboldt,023,135768,546,531,1,532,7
2020-10-15,Imperial,025,180216,12511,11820,50,11870,330
2020-10-15,Inyo,027,18085,224,210,5,215,14
2020-10-15,Kern,029,883053,33379,32593,374,32967,427
2020-10-15,Kings,031,150075,8350,8134,52,8186,80
2020-10-15,Lake,033,64148,690,642,0,642,14
2020-10-15,Lassen,035,31185,767,752,2,754,0
2020-10-15,Los Angeles,037,10098052,290326,284019,2541,286560,6807
2020-10-15,Madera,039,155013,4920,4723,35,4758,50
2020-10-15,Marin,041,260295,7041,6912,19,6931,99
2020-10-15,Mariposa,043,17540,78,76,0,76,2
2020-10-15,Mendocino,045,87422,1037,963,4,967,21
2020-10-15,Merced,047,269075,9345,9213,31,9244,147
2020-10-15,Modoc,049,8938,30,26,0,26,0
2020-10-15,Mono,051,14174,174,155,5,160,1
2020-10-15,Monterey,053,433212,10990,10677,49,10726,79
2020-10-15,Napa,055,140530,1931,1842,8,1850,12
2020-10-15,Nevada,057,99092,604,575,18,593,8
2020-10-15,Orange,059,3164182,58830,55952,1654,57606,1379
2020-10-15,Placer,061,380077,4051,3848,15,3863,48
2020-10-15,Plumas,063,18699,58,52,0,52,0
2020-10-15,Riverside,065,2383286,64876,62819,250,63069,1266
2020-10-15,Sacramento,067,1510023,24640,24068,27,24095,474
2020-10-15,San Benito,069,59416,1399,1384,1,1385,14
2020-10-15,San Bernardino,071,2135413,60732,58068,377,58445,1067
2020-10-15,San Diego,073,3302833,53633,51472,1361,52833,847
2020-10-15,San Francisco,075,870044,11963,11808,41,11849,126
2020-10-15,San Joaquin,077,732212,21350,20880,139,21019,487
2020-10-15,San Luis Obispo,079,281455,4212,3934,23,3957,32
2020-10-15,San Mateo,081,765935,11014,10340,10,10350,152
2020-10-15,Santa Barbara,083,443738,9736,9526,85,9611,117
2020-10-15,Santa Clara,085,1922200,24347,22808,49,22857,343
2020-10-15,Santa Cruz,087,273765,2727,2656,33,2689,13
2020-10-15,Shasta,089,179085,1924,1635,18,1653,20
2020-10-15,Sierra,091,2930,6,6,0,6,0
2020-10-15,Siskiyou,093,43540,175,166,10,176,0
2020-10-15,Solano,095,438530,7075,6830,41,6871,55
2020-10-15,Sonoma,097,501317,9003,8571,22,8593,133
2020-10-15,Stanislaus,099,539301,17361,17151,663,17814,366
2020-10-15,Sutter,101,95872,1796,1752,1,1753,12
2020-10-15,Tehama,103,63373,795,726,2,728,3
2020-10-15,Trinity,105,12862,75,20,10,30,0
2020-10-15,Tulare,107,460477,17516,16918,270,17188,289
2020-10-15,Tuolumne,109,53932,260,236,4,240,4
2020-10-15,Ventura,111,848112,14478,13750,299,14049,152
2020-10-15,Yolo,113,214977,3101,3014,8,3022,55
2020-10-15,Yuba,115,75493,1198,1151,5,1156,10
2020-10-14,Alameda,001,1643700,22922,22227,212,22439,398
2020-10-14,Alpine,003,1148,3,3,0,3,0
2020-10-14,Amador,005,37829,312,308,0,308,16
2020-10-14,Butte,007,227075,3101,2995,27,3022,54
2020-10-14,Calaveras,009,45235,325,266,0,266,12
2020-10-14,Colusa,011,21464,542,543,1,544,6
2020-10-14,Contra Costa,013,1133247,18380,17820,90,17910,236
2020-10-14,Del Norte,015,27424,168,163,0,163,2
2020-10-14,El Dorado,017,186661,1325,1264,2,1266,4
2020-10-14,Fresno,019,978130,32635,29650,433,30083,424
2020-10-14,Glenn,021,27897,641,629,0,629,3
2020-10-14,Humboldt,023,135768,543,531,1,532,7
2020-10-14,Imperial,025,180216,12474,11765,47,11812,330
2020-10-14,Inyo,027,18085,223,209,4,213,14
2020-10-14,Kern,029,883053,33304,32528,372,32900,425
2020-10-14,Kings,031,150075,8332,8118,52,8170,80
2020-10-14,Lake,033,64148,689,642,0,642,14
2020-10-14,Lassen,035,31185,765,752,2,754,0
2020-10-14,Los Angeles,037,10098052,289013,282918,2497,285415,6786
2020-10-14,Madera,039,155013,4905,4713,34,4747,50
2020-10-14,Marin,041,260295,7035,6907,19,6926,99
2020-10-14,Mariposa,043,17540,77,76,0,76,2
2020-10-14,Mendocino,045,87422,1031,955,4,959,21
2020-10-14,Merced,047,269075,9320,9201,29,9230,147
2020-10-14,Modoc,049,8938,30,27,0,27,0
2020-10-14,Mono,051,14174,174,155,5,160,1
2020-10-14,Monterey,053,433212,10939,10616,49,10665,78
2020-10-14,Napa,055,140530,1914,1837,8,1845,12
2020-10-14,Nevada,057,99092,602,573,18,591,7
2020-10-14,Orange,059,3164182,58616,55756,1645,57401,1348
2020-10-14,Placer,061,380077,4028,3829,15,3844,48
2020-10-14,Plumas,063,18699,54,52,0,52,0
2020-10-14,Riverside,065,2383286,64593,62607,249,62856,1261
2020-10-14,Sacramento,067,1510023,24496,24013,27,24040,472
2020-10-14,San Benito,069,59416,1397,1381,0,1381,14
2020-10-14,San Bernardino,071,2135413,60405,57774,374,58148,1063
2020-10-14,San Diego,073,3302833,53314,51329,1337,52666,844
2020-10-14,San Francisco,075,870044,11931,11783,40,11823,123
2020-10-14,San Joaquin,077,732212,21271,20845,125,20970,487
2020-10-14,San Luis Obispo,079,281455,4189,3901,22,3923,32
2020-10-14,San Mateo,081,765935,10963,10309,10,10319,132
2020-10-14,Santa Barbara,083,443738,9701,9509,85,9594,117
2020-10-14,Santa Clara,085,1922200,24198,22735,49,22784,343
2020-10-14,Santa Cruz,087,273765,2717,2618,33,2651,13
2020-10-14,Shasta,089,179085,1886,1553,18,1571,20
2020-10-14,Sierra,091,2930,6,6,0,6,0
2020-10-14,Siskiyou,093,43540,175,166,10,176,0
2020-10-14,Solano,095,438530,7019,6786,41,6827,55
2020-10-14,Sonoma,097,501317,8950,8514,22,8536,133
2020-10-14,Stanislaus,099,539301,17316,17105,660,17765,365
2020-10-14,Sutter,101,95872,1787,1747,1,1748,12
2020-10-14,Tehama,103,63373,784,721,2,723,3
2020-10-14,Trinity,105,12862,74,20,10,30,0
2020-10-14,Tulare,107,460477,17454,16863,257,17120,287
2020-10-14,Tuolumne,109,53932,259,236,4,240,4
2020-10-14,Ventura,111,848112,14425,13697,295,13992,152
2020-10-14,Yolo,113,214977,3083,3007,7,3014,55
2020-10-14,Yuba,115,75493,1190,1147,5,1152,10
2020-10-13,Alameda,001,1643700,22818,22185,210,22395,389
2020-10-13,Alpine,003,1148,3,3,0,3,0
2020-10-13,Amador,005,37829,310,306,0,306,16
2020-10-13,Butte,007,227075,3092,2992,27,3019,54
2020-10-13,Calaveras,009,45235,321,262,0,262,12
2020-10-13,Colusa,011,21464,542,541,1,542,6
2020-10-13,Contra Costa,013,1133247,18322,17783,90,17873,234
2020-10-13,Del Norte,015,27424,168,163,0,163,2
2020-10-13,El Dorado,017,186661,1316,1262,2,1264,4
2020-10-13,Fresno,019,978130,32513,29579,429,30008,424
2020-10-13,Glenn,021,27897,640,629,0,629,3
2020-10-13,Humboldt,023,135768,541,523,1,524,7
2020-10-13,Imperial,025,180216,12439,11727,46,11773,327
2020-10-13,Inyo,027,18085,220,207,4,211,14
2020-10-13,Kern,029,883053,33229,32497,370,32867,419
2020-10-13,Kings,031,150075,8323,8111,52,8163,80
2020-10-13,Lake,033,64148,686,639,0,639,12
2020-10-13,Lassen,035,31185,763,752,2,754,0
2020-10-13,Los Angeles,037,10098052,287735,281716,2454,284170,6767
2020-10-13,Madera,039,155013,4887,4700,34,4734,50
2020-10-13,Marin,041,260295,7013,6900,18,6918,97
2020-10-13,Mariposa,043,17540,77,76,0,76,2
2020-10-13,Mendocino,045,87422,1022,950,4,954,21
2020-10-13,Merced,047,269075,9303,9181,29,9210,146
2020-10-13,Modoc,049,8938,29,28,0,28,0
2020-10-13,Mono,051,14174,174,155,4,159,1
2020-10-13,Monterey,053,433212,10878,10574,48,10622,78
2020-10-13,Napa,055,140530,1905,1825,8,1833,12
2020-10-13,Nevada,057,99092,595,572,18,590,7
2020-10-13,Orange,059,3164182,58403,55515,1632,57147,1326
2020-10-13,Placer,061,380077,3990,3825,15,3840,48
2020-10-13,Plumas,063,18699,52,51,0,51,0
2020-10-13,Riverside,065,2383286,64273,62279,247,62526,1254
2020-10-13,Sacramento,067,1510023,24419,23930,27,23957,466
2020-10-13,San Benito,069,59416,1389,1380,0,1380,14
2020-10-13,San Bernardino,071,2135413,60065,57411,372,57783,1061
2020-10-13,San Diego,073,3302833,53021,51026,1320,52346,840
2020-10-13,San Francisco,075,870044,11896,11659,40,11699,122
2020-10-13,San Joaquin,077,732212,21210,20822,121,20943,481
2020-10-13,San Luis Obispo,079,281455,4173,3892,21,3913,32
2020-10-13,San Mateo,081,765935,10920,10286,10,10296,130
2020-10-13,Santa Barbara,083,443738,9670,9489,85,9574,117
2020-10-13,Santa Clara,085,1922200,24071,22678,49,22727,343
2020-10-13,Santa Cruz,087,273765,2699,2603,33,2636,13
2020-10-13,Shasta,089,179085,1862,1606,18,1624,20
2020-10-13,Sierra,091,2930,6,6,0,6,0
2020-10-13,Siskiyou,093,43540,174,163,10,173,0
2020-10-13,Solano,095,438530,6984,6761,41,6802,55
2020-10-13,Sonoma,097,501317,8867,8456,22,8478,133
2020-10-13,Stanislaus,099,539301,17271,17082,655,17737,362
2020-10-13,Sutter,101,95872,1778,1748,1,1749,12
2020-10-13,Tehama,103,63373,776,717,2,719,3
2020-10-13,Trinity,105,12862,70,19,9,28,0
2020-10-13,Tulare,107,460477,17395,16822,249,17071,286
2020-10-13,Tuolumne,109,53932,257,235,4,239,4
2020-10-13,Ventura,111,848112,14371,13645,291,13936,151
2020-10-13,Yolo,113,214977,3075,2983,6,2989,55
2020-10-13,Yuba,115,75493,1185,1143,5,1148,10
2020-10-12,Alameda,001,1643700,22738,22126,209,22335,389
2020-10-12,Alpine,003,1148,3,3,0,3,0
2020-10-12,Amador,005,37829,309,305,0,305,16
2020-10-12,Butte,007,227075,3086,2975,27,3002,54
2020-10-12,Calaveras,009,45235,321,262,0,262,12
2020-10-12,Colusa,011,21464,542,541,1,542,6
2020-10-12,Contra Costa,013,1133247,18247,17728,90,17818,233
2020-10-12,Del Norte,015,27424,168,161,0,161,2
2020-10-12,El Dorado,017,186661,1313,1254,2,1256,4
2020-10-12,Fresno,019,978130,32380,29523,425,29948,421
2020-10-12,Glenn,021,27897,639,626,0,626,3
2020-10-12,Humboldt,023,135768,538,522,1,523,7
2020-10-12,Imperial,025,180216,12400,11689,45,11734,328
2020-10-12,Inyo,027,18085,217,201,4,205,14
2020-10-12,Kern,029,883053,33136,32425,367,32792,419
2020-10-12,Kings,031,150075,8317,8106,51,8157,80
2020-10-12,Lake,033,64148,680,633,0,633,12
2020-10-12,Lassen,035,31185,763,752,2,754,0
2020-10-12,Los Angeles,037,10098052,286517,280961,2427,283388,6747
2020-10-12,Madera,039,155013,4868,4689,34,4723,50
2020-10-12,Marin,041,260295,6996,6886,18,6904,97
2020-10-12,Mariposa,043,17540,77,76,0,76,2
2020-10-12,Mendocino,045,87422,1016,947,4,951,21
2020-10-12,Merced,047,269075,9282,9141,29,9170,146
2020-10-12,Modoc,049,8938,29,27,0,27,0
2020-10-12,Mono,051,14174,174,154,4,158,1
2020-10-12,Monterey,053,433212,10812,10473,48,10521,77
2020-10-12,Napa,055,140530,1897,1819,8,1827,11
2020-10-12,Nevada,057,99092,591,570,18,588,7
2020-10-12,Orange,059,3164182,58173,55373,1622,56995,1326
2020-10-12,Placer,061,380077,3958,3808,14,3822,48
2020-10-12,Plumas,063,18699,52,51,0,51,0
2020-10-12,Riverside,065,2383286,63962,62279,243,62522,1254
2020-10-12,Sacramento,067,1510023,24313,23807,27,23834,466
2020-10-12,San Benito,069,59416,1386,1376,0,1376,13
2020-10-12,San Bernardino,071,2135413,59691,57235,371,57606,1061
2020-10-12,San Diego,073,3302833,52731,50748,1293,52041,826
2020-10-12,San Francisco,075,870044,11864,11659,40,11699,122
2020-10-12,San Joaquin,077,732212,21147,20701,115,20816,480
2020-10-12,San Luis Obispo,079,281455,4145,3874,21,3895,32
2020-10-12,San Mateo,081,765935,10872,10262,10,10272,130
2020-10-12,Santa Barbara,083,443738,9632,9462,85,9547,117
2020-10-12,Santa Clara,085,1922200,23956,22578,49,22627,343
2020-10-12,Santa Cruz,087,273765,2682,2590,33,2623,13
2020-10-12,Shasta,089,179085,1837,1515,18,1533,20
2020-10-12,Sierra,091,2930,6,6,0,6,0
2020-10-12,Siskiyou,093,43540,173,162,10,172,0
2020-10-12,Solano,095,438530,6945,6742,41,6783,55
2020-10-12,Sonoma,097,501317,8796,8377,22,8399,133
2020-10-12,Stanislaus,099,539301,17222,17051,646,17697,361
2020-10-12,Sutter,101,95872,1770,1741,1,1742,12
2020-10-12,Tehama,103,63373,760,708,2,710,3
2020-10-12,Trinity,105,12862,69,19,9,28,0
2020-10-12,Tulare,107,460477,17343,16742,242,16984,286
2020-10-12,Tuolumne,109,53932,252,234,4,238,4
2020-10-12,Ventura,111,848112,14309,13617,287,13904,151
2020-10-12,Yolo,113,214977,3060,2964,6,2970,55
2020-10-12,Yuba,115,75493,1174,1141,5,1146,10
2020-10-11,Alameda,001,1643700,22648,22057,205,22262,392
2020-10-11,Alpine,003,1148,3,3,0,3,0
2020-10-11,Amador,005,37829,307,305,0,305,16
2020-10-11,Butte,007,227075,3078,2967,26,2993,54
2020-10-11,Calaveras,009,45235,319,262,0,262,12
2020-10-11,Colusa,011,21464,540,541,1,542,6
2020-10-11,Contra Costa,013,1133247,18163,17678,90,17768,233
2020-10-11,Del Norte,015,27424,166,161,0,161,2
2020-10-11,El Dorado,017,186661,1304,1242,2,1244,4
2020-10-11,Fresno,019,978130,32242,29419,417,29836,421
2020-10-11,Glenn,021,27897,637,625,0,625,3
2020-10-11,Humboldt,023,135768,537,521,1,522,7
2020-10-11,Imperial,025,180216,12340,11614,41,11655,328
2020-10-11,Inyo,027,18085,213,201,4,205,14
2020-10-11,Kern,029,883053,33049,32399,360,32759,418
2020-10-11,Kings,031,150075,8300,8094,50,8144,80
2020-10-11,Lake,033,64148,667,631,0,631,12
2020-10-11,Lassen,035,31185,762,752,2,754,0
2020-10-11,Los Angeles,037,10098052,285077,280190,2386,282576,6745
2020-10-11,Madera,039,155013,4840,4680,33,4713,50
2020-10-11,Marin,041,260295,6987,6870,18,6888,97
2020-10-11,Mariposa,043,17540,77,76,0,76,2
2020-10-11,Mendocino,045,87422,1009,944,4,948,21
2020-10-11,Merced,047,269075,9264,9124,29,9153,146
2020-10-11,Modoc,049,8938,29,27,0,27,0
2020-10-11,Mono,051,14174,174,154,4,158,1
2020-10-11,Monterey,053,433212,10761,10445,46,10491,77
2020-10-11,Napa,055,140530,1881,1811,8,1819,11
2020-10-11,Nevada,057,99092,589,569,18,587,7
2020-10-11,Orange,059,3164182,57943,55202,1616,56818,1326
2020-10-11,Placer,061,380077,3937,3787,14,3801,48
2020-10-11,Plumas,063,18699,52,51,0,51,0
2020-10-11,Riverside,065,2383286,63673,62112,239,62351,1254
2020-10-11,Sacramento,067,1510023,24171,23778,27,23805,466
2020-10-11,San Benito,069,59416,1385,1374,0,1374,13
2020-10-11,San Bernardino,071,2135413,59236,56997,369,57366,1061
2020-10-11,San Diego,073,3302833,52381,50553,1271,51824,826
2020-10-11,San Francisco,075,870044,11821,11659,40,11699,122
2020-10-11,San Joaquin,077,732212,21072,20700,105,20805,480
2020-10-11,San Luis Obispo,079,281455,4128,3874,20,3894,32
2020-10-11,San Mateo,081,765935,10840,10240,10,10250,130
2020-10-11,Santa Barbara,083,443738,9601,9440,84,9524,117
2020-10-11,Santa Clara,085,1922200,23813,22487,48,22535,336
2020-10-11,Santa Cruz,087,273765,2668,2578,33,2611,13
2020-10-11,Shasta,089,179085,1807,1515,17,1532,20
2020-10-11,Sierra,091,2930,6,6,0,6,0
2020-10-11,Siskiyou,093,43540,172,162,10,172,0
2020-10-11,Solano,095,438530,6891,6685,41,6726,53
2020-10-11,Sonoma,097,501317,8739,8319,22,8341,133
2020-10-11,Stanislaus,099,539301,17158,17007,630,17637,360
2020-10-11,Sutter,101,95872,1767,1742,1,1743,12
2020-10-11,Tehama,103,63373,736,702,2,704,3
2020-10-11,Trinity,105,12862,69,19,9,28,0
2020-10-11,Tulare,107,460477,17279,16741,234,16975,286
2020-10-11,Tuolumne,109,53932,247,234,4,238,4
2020-10-11,Ventura,111,848112,14248,13604,282,13886,151
2020-10-11,Yolo,113,214977,3030,2952,6,2958,55
2020-10-11,Yuba,115,75493,1162,1137,5,1142,10
2020-10-10,Alameda,001,1643700,22598,21979,204,22183,398
2020-10-10,Alpine,003,1148,3,3,0,3,0
2020-10-10,Amador,005,37829,306,304,0,304,16
2020-10-10,Butte,007,227075,3073,2962,25,2987,54
2020-10-10,Calaveras,009,45235,318,262,0,262,12
2020-10-10,Colusa,011,21464,540,541,1,542,6
2020-10-10,Contra Costa,013,1133247,18127,17566,89,17655,233
2020-10-10,Del Norte,015,27424,166,161,0,161,2
2020-10-10,El Dorado,017,186661,1302,1240,2,1242,4
2020-10-10,Fresno,019,978130,32178,29286,415,29701,421
2020-10-10,Glenn,021,27897,637,623,0,623,3
2020-10-10,Humboldt,023,135768,534,518,1,519,7
2020-10-10,Imperial,025,180216,12325,11591,41,11632,327
2020-10-10,Inyo,027,18085,210,201,4,205,14
2020-10-10,Kern,029,883053,33012,32338,360,32698,418
2020-10-10,Kings,031,150075,8296,8078,50,8128,80
2020-10-10,Lake,033,64148,666,630,0,630,11
2020-10-10,Lassen,035,31185,762,752,2,754,0
2020-10-10,Los Angeles,037,10098052,284357,279213,2352,281565,6743
2020-10-10,Madera,039,155013,4827,4662,33,4695,50
2020-10-10,Marin,041,260295,6978,6852,18,6870,97
2020-10-10,Mariposa,043,17540,77,76,0,76,2
2020-10-10,Mendocino,045,87422,1002,935,4,939,21
2020-10-10,Merced,047,269075,9258,9105,28,9133,146
2020-10-10,Modoc,049,8938,29,27,0,27,0
2020-10-10,Mono,051,14174,174,154,4,158,1
2020-10-10,Monterey,053,433212,10728,10410,46,10456,75
2020-10-10,Napa,055,140530,1874,1804,8,1812,11
2020-10-10,Nevada,057,99092,586,564,18,582,6
2020-10-10,Orange,059,3164182,57822,54965,1611,56576,1324
2020-10-10,Placer,061,380077,3920,3757,14,3771,48
2020-10-10,Plumas,063,18699,52,51,0,51,0
2020-10-10,Riverside,065,2383286,63469,61845,237,62082,1254
2020-10-10,Sacramento,067,1510023,24104,23689,27,23716,466
2020-10-10,San Benito,069,59416,1383,1370,0,1370,13
2020-10-10,San Bernardino,071,2135413,59074,56683,367,57050,1061
2020-10-10,San Diego,073,3302833,52151,50145,1253,51398,825
2020-10-10,San Francisco,075,870044,11800,11663,40,11703,122
2020-10-10,San Joaquin,077,732212,21044,20700,101,20801,481
2020-10-10,San Luis Obispo,079,281455,4108,3832,20,3852,32
2020-10-10,San Mateo,081,765935,10803,10218,10,10228,130
2020-10-10,Santa Barbara,083,443738,9590,9417,84,9501,116
2020-10-10,Santa Clara,085,1922200,23721,22354,48,22402,330
2020-10-10,Santa Cruz,087,273765,2654,2572,33,2605,13
2020-10-10,Shasta,089,179085,1790,1473,17,1490,20
2020-10-10,Sierra,091,2930,6,6,0,6,0
2020-10-10,Siskiyou,093,43540,172,161,10,171,0
2020-10-10,Solano,095,438530,6865,6655,41,6696,53
2020-10-10,Sonoma,097,501317,8719,8235,22,8257,133
2020-10-10,Stanislaus,099,539301,17123,16960,622,17582,360
2020-10-10,Sutter,101,95872,1764,1735,1,1736,12
2020-10-10,Tehama,103,63373,729,693,2,695,3
2020-10-10,Trinity,105,12862,69,19,9,28,0
2020-10-10,Tulare,107,460477,17244,16709,229,16938,286
2020-10-10,Tuolumne,109,53932,247,233,4,237,4
2020-10-10,Ventura,111,848112,14223,13520,282,13802,151
2020-10-10,Yolo,113,214977,3021,2939,6,2945,55
2020-10-10,Yuba,115,75493,1160,1134,5,1139,10
2020-10-09,Alameda,001,1643700,22550,21924,204,22128,399
2020-10-09,Alpine,003,1148,3,3,0,3,0
2020-10-09,Amador,005,37829,306,303,0,303,16
2020-10-09,Butte,007,227075,3070,2956,25,2981,51
2020-10-09,Calaveras,009,45235,316,262,0,262,11
2020-10-09,Colusa,011,21464,540,541,1,542,6
2020-10-09,Contra Costa,013,1133247,18077,17487,89,17576,229
2020-10-09,Del Norte,015,27424,165,161,0,161,2
2020-10-09,El Dorado,017,186661,1298,1234,2,1236,4
2020-10-09,Fresno,019,978130,32105,29208,413,29621,417
2020-10-09,Glenn,021,27897,632,617,0,617,3
2020-10-09,Humboldt,023,135768,532,516,1,517,7
2020-10-09,Imperial,025,180216,12298,11516,41,11557,330
2020-10-09,Inyo,027,18085,207,200,4,204,14
2020-10-09,Kern,029,883053,32969,32237,358,32595,417
2020-10-09,Kings,031,150075,8289,7993,48,8041,80
2020-10-09,Lake,033,64148,656,610,0,610,11
2020-10-09,Lassen,035,31185,762,751,2,753,0
2020-10-09,Los Angeles,037,10098052,283223,278039,2327,280366,6715
2020-10-09,Madera,039,155013,4817,4646,33,4679,50
2020-10-09,Marin,041,260295,6964,6838,18,6856,96
2020-10-09,Mariposa,043,17540,77,76,0,76,2
2020-10-09,Mendocino,045,87422,992,933,4,937,20
2020-10-09,Merced,047,269075,9244,9095,28,9123,145
2020-10-09,Modoc,049,8938,29,27,0,27,0
2020-10-09,Mono,051,14174,174,154,4,158,1
2020-10-09,Monterey,053,433212,10694,10369,46,10415,75
2020-10-09,Napa,055,140530,1864,1795,8,1803,11
2020-10-09,Nevada,057,99092,581,561,18,579,6
2020-10-09,Orange,059,3164182,57650,54746,1606,56352,1305
2020-10-09,Placer,061,380077,3906,3737,14,3751,48
2020-10-09,Plumas,063,18699,52,50,0,50,0
2020-10-09,Riverside,065,2383286,63233,61529,236,61765,1252
2020-10-09,Sacramento,067,1510023,24034,23606,27,23633,457
2020-10-09,San Benito,069,59416,1378,1367,0,1367,13
2020-10-09,San Bernardino,071,2135413,58834,56434,365,56799,1057
2020-10-09,San Diego,073,3302833,51875,49825,1242,51067,821
2020-10-09,San Francisco,075,870044,11770,11620,40,11660,120
2020-10-09,San Joaquin,077,732212,21014,20648,92,20740,481
2020-10-09,San Luis Obispo,079,281455,4089,3810,20,3830,32
2020-10-09,San Mateo,081,765935,10775,10140,10,10150,130
2020-10-09,Santa Barbara,083,443738,9562,9396,84,9480,116
2020-10-09,Santa Clara,085,1922200,23619,22251,47,22298,328
2020-10-09,Santa Cruz,087,273765,2645,2555,33,2588,13
2020-10-09,Shasta,089,179085,1764,1353,16,1369,20
2020-10-09,Sierra,091,2930,6,6,0,6,0
2020-10-09,Siskiyou,093,43540,170,156,10,166,0
2020-10-09,Solano,095,438530,6826,6614,41,6655,53
2020-10-09,Sonoma,097,501317,8665,8133,22,8155,133
2020-10-09,Stanislaus,099,539301,17099,16904,613,17517,362
2020-10-09,Sutter,101,95872,1760,1732,1,1733,12
2020-10-09,Tehama,103,63373,723,682,2,684,3
2020-10-09,Trinity,105,12862,69,25,9,34,0
2020-10-09,Tulare,107,460477,17204,16644,220,16864,286
2020-10-09,Tuolumne,109,53932,244,230,4,234,4
2020-10-09,Ventura,111,848112,14187,13469,279,13748,151
2020-10-09,Yolo,113,214977,3014,2928,6,2934,55
2020-10-09,Yuba,115,75493,1159,1129,5,1134,10
2020-10-08,Alameda,001,1643700,22469,21826,203,22029,395
2020-10-08,Alpine,003,1148,3,3,0,3,0
2020-10-08,Amador,005,37829,305,302,0,302,16
2020-10-08,Butte,007,227075,3060,2935,25,2960,51
2020-10-08,Calaveras,009,45235,315,262,0,262,11
2020-10-08,Colusa,011,21464,540,539,1,540,6
2020-10-08,Contra Costa,013,1133247,18017,17418,88,17506,228
2020-10-08,Del Norte,015,27424,165,151,0,151,2
2020-10-08,El Dorado,017,186661,1297,1230,2,1232,4
2020-10-08,Fresno,019,978130,32000,29111,413,29524,416
2020-10-08,Glenn,021,27897,629,616,0,616,3
2020-10-08,Humboldt,023,135768,528,515,1,516,7
2020-10-08,Imperial,025,180216,12259,11405,40,11445,330
2020-10-08,Inyo,027,18085,204,199,4,203,14
2020-10-08,Kern,029,883053,32911,32169,353,32522,411
2020-10-08,Kings,031,150075,8283,7968,48,8016,80
2020-10-08,Lake,033,64148,651,604,0,604,11
2020-10-08,Lassen,035,31185,757,751,2,753,0
2020-10-08,Los Angeles,037,10098052,282023,276763,2287,279050,6699
2020-10-08,Madera,039,155013,4798,4637,33,4670,50
2020-10-08,Marin,041,260295,6950,6810,18,6828,96
2020-10-08,Mariposa,043,17540,77,76,0,76,2
2020-10-08,Mendocino,045,87422,987,930,4,934,20
2020-10-08,Merced,047,269075,9224,9069,28,9097,144
2020-10-08,Modoc,049,8938,29,27,0,27,0
2020-10-08,Mono,051,14174,174,153,4,157,1
2020-10-08,Monterey,053,433212,10627,10343,46,10389,75
2020-10-08,Napa,055,140530,1849,1779,8,1787,11
2020-10-08,Nevada,057,99092,578,556,18,574,6
2020-10-08,Orange,059,3164182,57457,54523,1595,56118,1293
2020-10-08,Placer,061,380077,3888,3715,14,3729,48
2020-10-08,Plumas,063,18699,52,50,0,50,0
2020-10-08,Riverside,065,2383286,62964,61105,233,61338,1244
2020-10-08,Sacramento,067,1510023,23926,23482,27,23509,454
2020-10-08,San Benito,069,59416,1373,1367,0,1367,13
2020-10-08,San Bernardino,071,2135413,58469,56152,364,56516,1048
2020-10-08,San Diego,073,3302833,51595,49468,1210,50678,819
2020-10-08,San Francisco,075,870044,11732,11608,40,11648,115
2020-10-08,San Joaquin,077,732212,20962,20576,87,20663,478
2020-10-08,San Luis Obispo,079,281455,4073,3785,20,3805,32
2020-10-08,San Mateo,081,765935,10743,10044,10,10054,130
2020-10-08,Santa Barbara,083,443738,9533,9374,84,9458,116
2020-10-08,Santa Clara,085,1922200,23517,22095,47,22142,323
2020-10-08,Santa Cruz,087,273765,2633,2535,33,2568,13
2020-10-08,Shasta,089,179085,1730,1305,16,1321,20
2020-10-08,Sierra,091,2930,6,6,0,6,0
2020-10-08,Siskiyou,093,43540,170,156,10,166,0
2020-10-08,Solano,095,438530,6802,6556,41,6597,53
2020-10-08,Sonoma,097,501317,8599,8063,22,8085,132
2020-10-08,Stanislaus,099,539301,17053,16821,605,17426,360
2020-10-08,Sutter,101,95872,1760,1725,1,1726,12
2020-10-08,Tehama,103,63373,714,676,2,678,3
2020-10-08,Trinity,105,12862,68,25,9,34,0
2020-10-08,Tulare,107,460477,17143,16573,211,16784,283
2020-10-08,Tuolumne,109,53932,243,230,4,234,4
2020-10-08,Ventura,111,848112,14139,13399,277,13676,151
2020-10-08,Yolo,113,214977,2997,2914,6,2920,55
2020-10-08,Yuba,115,75493,1154,1126,5,1131,10
2020-10-07,Alameda,001,1643700,22392,21736,203,21939,395
2020-10-07,Alpine,003,1148,3,3,0,3,0
2020-10-07,Amador,005,37829,305,302,0,302,16
2020-10-07,Butte,007,227075,3048,2927,25,2952,47
2020-10-07,Calaveras,009,45235,313,262,0,262,11
2020-10-07,Colusa,011,21464,539,539,0,539,6
2020-10-07,Contra Costa,013,1133247,17947,17346,87,17433,225
2020-10-07,Del Norte,015,27424,164,149,0,149,2
2020-10-07,El Dorado,017,186661,1289,1219,2,1221,4
2020-10-07,Fresno,019,978130,31879,29069,408,29477,413
2020-10-07,Glenn,021,27897,629,615,0,615,3
2020-10-07,Humboldt,023,135768,525,512,1,513,7
2020-10-07,Imperial,025,180216,12222,11289,38,11327,330
2020-10-07,Inyo,027,18085,204,199,4,203,14
2020-10-07,Kern,029,883053,32838,32068,352,32420,410
2020-10-07,Kings,031,150075,8268,7948,48,7996,80
2020-10-07,Lake,033,64148,650,599,0,599,11
2020-10-07,Lassen,035,31185,757,751,2,753,0
2020-10-07,Los Angeles,037,10098052,280842,275559,2253,277812,6681
2020-10-07,Madera,039,155013,4778,4618,33,4651,50
2020-10-07,Marin,041,260295,6923,6790,18,6808,95
2020-10-07,Mariposa,043,17540,77,75,0,75,2
2020-10-07,Mendocino,045,87422,981,927,4,931,19
2020-10-07,Merced,047,269075,9187,9045,27,9072,144
2020-10-07,Modoc,049,8938,29,27,0,27,0
2020-10-07,Mono,051,14174,173,153,3,156,1
2020-10-07,Monterey,053,433212,10568,10272,46,10318,75
2020-10-07,Napa,055,140530,1836,1774,8,1782,11
2020-10-07,Nevada,057,99092,574,552,18,570,6
2020-10-07,Orange,059,3164182,57239,54332,1585,55917,1277
2020-10-07,Placer,061,380077,3872,3693,14,3707,48
2020-10-07,Plumas,063,18699,52,50,0,50,0
2020-10-07,Riverside,065,2383286,62617,60857,229,61086,1241
2020-10-07,Sacramento,067,1510023,23829,23380,27,23407,452
2020-10-07,San Benito,069,59416,1370,1363,0,1363,13
2020-10-07,San Bernardino,071,2135413,58121,55738,363,56101,1043
2020-10-07,San Diego,073,3302833,51279,49177,1186,50363,813
2020-10-07,San Francisco,075,870044,11697,11551,40,11591,115
2020-10-07,San Joaquin,077,732212,20910,20527,80,20607,478
2020-10-07,San Luis Obispo,079,281455,4043,3749,20,3769,32
2020-10-07,San Mateo,081,765935,10700,9980,10,9990,130
2020-10-07,Santa Barbara,083,443738,9507,9350,83,9433,116
2020-10-07,Santa Clara,085,1922200,23389,21993,47,22040,320
2020-10-07,Santa Cruz,087,273765,2621,2518,33,2551,14
2020-10-07,Shasta,089,179085,1687,1268,16,1284,20
2020-10-07,Sierra,091,2930,6,6,0,6,0
2020-10-07,Siskiyou,093,43540,168,154,10,164,0
2020-10-07,Solano,095,438530,6767,6526,41,6567,53
2020-10-07,Sonoma,097,501317,8524,7993,21,8014,130
2020-10-07,Stanislaus,099,539301,17018,16786,599,17385,357
2020-10-07,Sutter,101,95872,1756,1723,1,1724,12
2020-10-07,Tehama,103,63373,705,666,2,668,3
2020-10-07,Trinity,105,12862,64,25,8,33,0
2020-10-07,Tulare,107,460477,17100,16483,202,16685,282
2020-10-07,Tuolumne,109,53932,243,227,4,231,3
2020-10-07,Ventura,111,848112,14089,13333,271,13604,150
2020-10-07,Yolo,113,214977,2971,2904,6,2910,55
2020-10-07,Yuba,115,75493,1148,1120,5,1125,10
2020-10-06,Alameda,001,1643700,22301,21698,201,21899,385
2020-10-06,Alpine,003,1148,3,3,0,3,0
2020-10-06,Amador,005,37829,303,301,0,301,16
2020-10-06,Butte,007,227075,3041,2925,25,2950,47
2020-10-06,Calaveras,009,45235,313,261,0,261,11
2020-10-06,Colusa,011,21464,538,538,0,538,6
2020-10-06,Contra Costa,013,1133247,17868,17295,87,17382,219
2020-10-06,Del Norte,015,27424,164,144,0,144,2
2020-10-06,El Dorado,017,186661,1285,1211,2,1213,4
2020-10-06,Fresno,019,978130,31735,29022,405,29427,412
2020-10-06,Glenn,021,27897,626,604,0,604,3
2020-10-06,Humboldt,023,135768,522,508,1,509,7
2020-10-06,Imperial,025,180216,12184,11196,37,11233,327
2020-10-06,Inyo,027,18085,202,198,4,202,14
2020-10-06,Kern,029,883053,32761,32006,350,32356,407
2020-10-06,Kings,031,150075,8252,7943,48,7991,81
2020-10-06,Lake,033,64148,644,596,0,596,11
2020-10-06,Lassen,035,31185,757,743,2,745,0
2020-10-06,Los Angeles,037,10098052,279606,274115,2203,276318,6657
2020-10-06,Madera,039,155013,4766,4608,33,4641,50
2020-10-06,Marin,041,260295,6908,6766,18,6784,91
2020-10-06,Mariposa,043,17540,77,75,0,75,2
2020-10-06,Mendocino,045,87422,974,920,4,924,19
2020-10-06,Merced,047,269075,9151,9034,26,9060,143
2020-10-06,Modoc,049,8938,29,26,0,26,0
2020-10-06,Mono,051,14174,173,153,3,156,1
2020-10-06,Monterey,053,433212,10512,10235,44,10279,72
2020-10-06,Napa,055,140530,1830,1770,8,1778,11
2020-10-06,Nevada,057,99092,571,551,18,569,6
2020-10-06,Orange,059,3164182,57024,54203,1576,55779,1273
2020-10-06,Placer,061,380077,3850,3680,14,3694,48
2020-10-06,Plumas,063,18699,52,49,0,49,0
2020-10-06,Riverside,065,2383286,62352,60593,226,60819,1238
2020-10-06,Sacramento,067,1510023,23742,23322,27,23349,442
2020-10-06,San Benito,069,59416,1369,1358,0,1358,12
2020-10-06,San Bernardino,071,2135413,57805,55416,359,55775,1040
2020-10-06,San Diego,073,3302833,50942,48823,1169,49992,806
2020-10-06,San Francisco,075,870044,11671,11513,39,11552,115
2020-10-06,San Joaquin,077,732212,20870,20481,77,20558,477
2020-10-06,San Luis Obispo,079,281455,4009,3723,20,3743,32
2020-10-06,San Mateo,081,765935,10667,9934,10,9944,129
2020-10-06,Santa Barbara,083,443738,9478,9331,82,9413,116
2020-10-06,Santa Clara,085,1922200,23294,21914,47,21961,320
2020-10-06,Santa Cruz,087,273765,2599,2510,33,2543,12
2020-10-06,Shasta,089,179085,1647,1242,16,1258,18
2020-10-06,Sierra,091,2930,6,6,0,6,0
2020-10-06,Siskiyou,093,43540,168,154,10,164,0
2020-10-06,Solano,095,438530,6721,6506,41,6547,52
2020-10-06,Sonoma,097,501317,8431,7895,21,7916,130
2020-10-06,Stanislaus,099,539301,16973,16759,593,17352,354
2020-10-06,Sutter,101,95872,1754,1722,1,1723,12
2020-10-06,Tehama,103,63373,696,660,2,662,3
2020-10-06,Trinity,105,12862,64,25,8,33,0
2020-10-06,Tulare,107,460477,17058,16456,194,16650,280
2020-10-06,Tuolumne,109,53932,242,227,4,231,2
2020-10-06,Ventura,111,848112,14022,13242,266,13508,150
2020-10-06,Yolo,113,214977,2957,2899,6,2905,56
2020-10-06,Yuba,115,75493,1147,1114,5,1119,10
2020-10-05,Alameda,001,1643700,22213,21637,198,21835,383
2020-10-05,Alpine,003,1148,3,2,0,2,0
2020-10-05,Amador,005,37829,303,299,0,299,16
2020-10-05,Butte,007,227075,3031,2910,25,2935,46
2020-10-05,Calaveras,009,45235,313,259,0,259,11
2020-10-05,Colusa,011,21464,538,537,0,537,6
2020-10-05,Contra Costa,013,1133247,17791,17250,87,17337,216
2020-10-05,Del Norte,015,27424,161,142,0,142,2
2020-10-05,El Dorado,017,186661,1281,1202,2,1204,4
2020-10-05,Fresno,019,978130,31618,29136,405,29541,408
2020-10-05,Glenn,021,27897,624,603,0,603,3
2020-10-05,Humboldt,023,135768,521,506,1,507,6
2020-10-05,Imperial,025,180216,12144,11169,35,11204,327
2020-10-05,Inyo,027,18085,202,197,4,201,14
2020-10-05,Kern,029,883053,32682,31933,346,32279,404
2020-10-05,Kings,031,150075,8155,7932,48,7980,80
2020-10-05,Lake,033,64148,640,592,0,592,10
2020-10-05,Lassen,035,31185,756,743,2,745,0
2020-10-05,Los Angeles,037,10098052,278519,273200,2161,275361,6632
2020-10-05,Madera,039,155013,4758,4598,31,4629,50
2020-10-05,Marin,041,260295,6891,6751,18,6769,91
2020-10-05,Mariposa,043,17540,77,75,0,75,2
2020-10-05,Mendocino,045,87422,966,913,4,917,19
2020-10-05,Merced,047,269075,9132,9021,25,9046,143
2020-10-05,Modoc,049,8938,29,26,0,26,0
2020-10-05,Mono,051,14174,173,152,3,155,1
2020-10-05,Monterey,053,433212,10465,10187,44,10231,72
2020-10-05,Napa,055,140530,1819,1760,8,1768,11
2020-10-05,Nevada,057,99092,568,550,17,567,6
2020-10-05,Orange,059,3164182,56808,54103,1563,55666,1271
2020-10-05,Placer,061,380077,3824,3670,14,3684,46
2020-10-05,Plumas,063,18699,51,49,0,49,0
2020-10-05,Riverside,065,2383286,62032,60454,222,60676,1232
2020-10-05,Sacramento,067,1510023,23638,23207,27,23234,438
2020-10-05,San Benito,069,59416,1366,1356,0,1356,12
2020-10-05,San Bernardino,071,2135413,57496,55100,358,55458,1031
2020-10-05,San Diego,073,3302833,50606,48662,1145,49807,803
2020-10-05,San Francisco,075,870044,11632,11476,36,11512,110
2020-10-05,San Joaquin,077,732212,20799,20319,74,20393,476
2020-10-05,San Luis Obispo,079,281455,3982,3710,20,3730,32
2020-10-05,San Mateo,081,765935,10640,9896,10,9906,128
2020-10-05,Santa Barbara,083,443738,9456,9309,82,9391,116
2020-10-05,Santa Clara,085,1922200,23177,21861,47,21908,319
2020-10-05,Santa Cruz,087,273765,2587,2492,33,2525,9
2020-10-05,Shasta,089,179085,1615,1158,16,1174,18
2020-10-05,Sierra,091,2930,6,6,0,6,0
2020-10-05,Siskiyou,093,43540,168,153,10,163,0
2020-10-05,Solano,095,438530,6682,6475,41,6516,52
2020-10-05,Sonoma,097,501317,8339,7817,21,7838,130
2020-10-05,Stanislaus,099,539301,16938,16730,586,17316,351
2020-10-05,Sutter,101,95872,1746,1719,1,1720,12
2020-10-05,Tehama,103,63373,688,642,2,644,3
2020-10-05,Trinity,105,12862,62,22,8,30,0
2020-10-05,Tulare,107,460477,16999,16343,190,16533,278
2020-10-05,Tuolumne,109,53932,239,226,4,230,2
2020-10-05,Ventura,111,848112,13953,13224,246,13470,149
2020-10-05,Yolo,113,214977,2938,2889,6,2895,56
2020-10-05,Yuba,115,75493,1134,1108,5,1113,9
2020-10-04,Alameda,001,1643700,22117,21597,198,21795,383
2020-10-04,Alpine,003,1148,3,2,0,2,0
2020-10-04,Amador,005,37829,301,297,0,297,16
2020-10-04,Butte,007,227075,3017,2903,25,2928,46
2020-10-04,Calaveras,009,45235,313,259,0,259,11
2020-10-04,Colusa,011,21464,537,537,0,537,6
2020-10-04,Contra Costa,013,1133247,17726,17192,87,17279,214
2020-10-04,Del Norte,015,27424,157,142,0,142,2
2020-10-04,El Dorado,017,186661,1277,1196,2,1198,4
2020-10-04,Fresno,019,978130,31495,29065,405,29470,408
2020-10-04,Glenn,021,27897,622,601,0,601,3
2020-10-04,Humboldt,023,135768,520,506,1,507,6
2020-10-04,Imperial,025,180216,12105,11127,35,11162,327
2020-10-04,Inyo,027,18085,199,195,4,199,14
2020-10-04,Kern,029,883053,32608,31906,343,32249,404
2020-10-04,Kings,031,150075,8140,7919,48,7967,80
2020-10-04,Lake,033,64148,626,589,0,589,10
2020-10-04,Lassen,035,31185,756,743,2,745,0
2020-10-04,Los Angeles,037,10098052,277130,272822,2115,274937,6625
2020-10-04,Madera,039,155013,4742,4587,31,4618,50
2020-10-04,Marin,041,260295,6871,6741,18,6759,91
2020-10-04,Mariposa,043,17540,77,75,0,75,2
2020-10-04,Mendocino,045,87422,953,905,4,909,18
2020-10-04,Merced,047,269075,9107,9006,25,9031,140
2020-10-04,Modoc,049,8938,29,26,0,26,0
2020-10-04,Mono,051,14174,172,152,2,154,1
2020-10-04,Monterey,053,433212,10424,10141,43,10184,72
2020-10-04,Napa,055,140530,1807,1759,8,1767,11
2020-10-04,Nevada,057,99092,564,547,16,563,6
2020-10-04,Orange,059,3164182,56572,53966,1554,55520,1270
2020-10-04,Placer,061,380077,3803,3664,14,3678,46
2020-10-04,Plumas,063,18699,51,49,0,49,0
2020-10-04,Riverside,065,2383286,61746,60251,218,60469,1226
2020-10-04,Sacramento,067,1510023,23525,23162,27,23189,438
2020-10-04,San Benito,069,59416,1366,1355,0,1355,12
2020-10-04,San Bernardino,071,2135413,57049,55100,355,55455,1031
2020-10-04,San Diego,073,3302833,50239,48438,1120,49558,803
2020-10-04,San Francisco,075,870044,11600,11474,34,11508,110
2020-10-04,San Joaquin,077,732212,20722,20320,68,20388,476
2020-10-04,San Luis Obispo,079,281455,3957,3688,20,3708,31
2020-10-04,San Mateo,081,765935,10579,9858,10,9868,128
2020-10-04,Santa Barbara,083,443738,9430,9276,80,9356,116
2020-10-04,Santa Clara,085,1922200,23040,21780,47,21827,316
2020-10-04,Santa Cruz,087,273765,2571,2483,33,2516,9
2020-10-04,Shasta,089,179085,1517,1158,15,1173,18
2020-10-04,Sierra,091,2930,6,6,0,6,0
2020-10-04,Siskiyou,093,43540,168,153,10,163,0
2020-10-04,Solano,095,438530,6631,6445,41,6486,52
2020-10-04,Sonoma,097,501317,8251,7794,21,7815,129
2020-10-04,Stanislaus,099,539301,16888,16711,577,17288,351
2020-10-04,Sutter,101,95872,1742,1711,1,1712,11
2020-10-04,Tehama,103,63373,673,637,2,639,3
2020-10-04,Trinity,105,12862,61,21,8,29,0
2020-10-04,Tulare,107,460477,16922,16343,178,16521,278
2020-10-04,Tuolumne,109,53932,237,226,4,230,2
2020-10-04,Ventura,111,848112,13871,13197,229,13426,149
2020-10-04,Yolo,113,214977,2927,2875,6,2881,56
2020-10-04,Yuba,115,75493,1130,1103,5,1108,9
2020-10-03,Alameda,001,1643700,22071,21510,197,21707,386
2020-10-03,Alpine,003,1148,3,2,0,2,0
2020-10-03,Amador,005,37829,300,296,0,296,16
2020-10-03,Butte,007,227075,3011,2894,25,2919,46
2020-10-03,Calaveras,009,45235,313,259,0,259,11
2020-10-03,Colusa,011,21464,536,537,0,537,6
2020-10-03,Contra Costa,013,1133247,17676,17087,85,17172,213
2020-10-03,Del Norte,015,27424,153,142,0,142,2
2020-10-03,El Dorado,017,186661,1270,1188,2,1190,4
2020-10-03,Fresno,019,978130,31435,28975,404,29379,408
2020-10-03,Glenn,021,27897,620,601,0,601,3
2020-10-03,Humboldt,023,135768,519,504,1,505,6
2020-10-03,Imperial,025,180216,12082,11090,35,11125,327
2020-10-03,Inyo,027,18085,199,194,4,198,14
2020-10-03,Kern,029,883053,32558,31864,340,32204,403
2020-10-03,Kings,031,150075,8136,7887,48,7935,80
2020-10-03,Lake,033,64148,616,588,0,588,10
2020-10-03,Lassen,035,31185,756,743,2,745,0
2020-10-03,Los Angeles,037,10098052,276425,271869,2086,273955,6620
2020-10-03,Madera,039,155013,4725,4565,31,4596,50
2020-10-03,Marin,041,260295,6865,6728,18,6746,91
2020-10-03,Mariposa,043,17540,77,75,0,75,2
2020-10-03,Mendocino,045,87422,951,898,4,902,18
2020-10-03,Merced,047,269075,9094,8986,25,9011,139
2020-10-03,Modoc,049,8938,29,26,0,26,0
2020-10-03,Mono,051,14174,171,152,2,154,1
2020-10-03,Monterey,053,433212,10390,10092,40,10132,72
2020-10-03,Napa,055,140530,1803,1752,8,1760,11
2020-10-03,Nevada,057,99092,563,544,16,560,6
2020-10-03,Orange,059,3164182,56455,53573,1549,55122,1268
2020-10-03,Placer,061,380077,3792,3648,14,3662,47
2020-10-03,Plumas,063,18699,51,48,0,48,0
2020-10-03,Riverside,065,2383286,61594,59991,216,60207,1226
2020-10-03,Sacramento,067,1510023,23474,23076,27,23103,437
2020-10-03,San Benito,069,59416,1366,1351,0,1351,12
2020-10-03,San Bernardino,071,2135413,56876,55004,352,55356,1031
2020-10-03,San Diego,073,3302833,50008,48202,1103,49305,798
2020-10-03,San Francisco,075,870044,11575,11475,32,11507,110
2020-10-03,San Joaquin,077,732212,20696,20322,68,20390,476
2020-10-03,San Luis Obispo,079,281455,3933,3670,20,3690,31
2020-10-03,San Mateo,081,765935,10553,9822,9,9831,128
2020-10-03,Santa Barbara,083,443738,9417,9256,80,9336,116
2020-10-03,Santa Clara,085,1922200,22960,21672,47,21719,309
2020-10-03,Santa Cruz,087,273765,2563,2476,33,2509,9
2020-10-03,Shasta,089,179085,1489,1117,14,1131,18
2020-10-03,Sierra,091,2930,6,6,0,6,0
2020-10-03,Siskiyou,093,43540,168,152,10,162,0
2020-10-03,Solano,095,438530,6605,6419,41,6460,52
2020-10-03,Sonoma,097,501317,8208,7747,21,7768,129
2020-10-03,Stanislaus,099,539301,16855,16645,573,17218,351
2020-10-03,Sutter,101,95872,1738,1705,1,1706,11
2020-10-03,Tehama,103,63373,667,630,2,632,3
2020-10-03,Trinity,105,12862,61,15,8,23,0
2020-10-03,Tulare,107,460477,16878,16322,174,16496,278
2020-10-03,Tuolumne,109,53932,236,224,4,228,2
2020-10-03,Ventura,111,848112,13832,13150,225,13375,148
2020-10-03,Yolo,113,214977,2920,2863,6,2869,56
2020-10-03,Yuba,115,75493,1122,1097,5,1102,8
2020-10-02,Alameda,001,1643700,22016,21404,196,21600,382
2020-10-02,Alpine,003,1148,3,2,0,2,0
2020-10-02,Amador,005,37829,299,296,0,296,16
2020-10-02,Butte,007,227075,3001,2879,25,2904,46
2020-10-02,Calaveras,009,45235,312,259,0,259,11
2020-10-02,Colusa,011,21464,535,537,0,537,6
2020-10-02,Contra Costa,013,1133247,17633,17002,84,17086,213
2020-10-02,Del Norte,015,27424,152,141,0,141,2
2020-10-02,El Dorado,017,186661,1263,1168,2,1170,4
2020-10-02,Fresno,019,978130,31352,28855,404,29259,403
2020-10-02,Glenn,021,27897,615,594,0,594,3
2020-10-02,Humboldt,023,135768,518,503,1,504,6
2020-10-02,Imperial,025,180216,12060,11024,35,11059,327
2020-10-02,Inyo,027,18085,197,191,4,195,14
2020-10-02,Kern,029,883053,32506,31790,338,32128,399
2020-10-02,Kings,031,150075,8127,7716,48,7764,79
2020-10-02,Lake,033,64148,610,579,0,579,10
2020-10-02,Lassen,035,31185,756,742,2,744,0
2020-10-02,Los Angeles,037,10098052,275524,270935,2058,272993,6602
2020-10-02,Madera,039,155013,4716,4537,31,4568,49
2020-10-02,Marin,041,260295,6848,6717,18,6735,91
2020-10-02,Mariposa,043,17540,77,75,0,75,2
2020-10-02,Mendocino,045,87422,946,883,4,887,18
2020-10-02,Merced,047,269075,9084,8961,25,8986,139
2020-10-02,Modoc,049,8938,29,26,0,26,0
2020-10-02,Mono,051,14174,171,150,2,152,1
2020-10-02,Monterey,053,433212,10356,9997,40,10037,71
2020-10-02,Napa,055,140530,1797,1737,8,1745,11
2020-10-02,Nevada,057,99092,560,543,16,559,6
2020-10-02,Orange,059,3164182,56324,53299,1542,54841,1262
2020-10-02,Placer,061,380077,3772,3612,14,3626,46
2020-10-02,Plumas,063,18699,51,48,0,48,0
2020-10-02,Riverside,065,2383286,61373,59673,213,59886,1223
2020-10-02,Sacramento,067,1510023,23409,22818,27,22845,436
2020-10-02,San Benito,069,59416,1362,1347,0,1347,12
2020-10-02,San Bernardino,071,2135413,56688,54613,352,54965,1028
2020-10-02,San Diego,073,3302833,49755,47793,1088,48881,794
2020-10-02,San Francisco,075,870044,11552,11398,32,11430,110
2020-10-02,San Joaquin,077,732212,20662,20235,67,20302,474
2020-10-02,San Luis Obispo,079,281455,3910,3654,20,3674,31
2020-10-02,San Mateo,081,765935,10512,9745,9,9754,128
2020-10-02,Santa Barbara,083,443738,9394,9234,80,9314,116
2020-10-02,Santa Clara,085,1922200,22874,21545,46,21591,305
2020-10-02,Santa Cruz,087,273765,2546,2463,33,2496,9
2020-10-02,Shasta,089,179085,1454,1046,14,1060,18
2020-10-02,Sierra,091,2930,6,6,0,6,0
2020-10-02,Siskiyou,093,43540,168,151,10,161,0
2020-10-02,Solano,095,438530,6575,6385,41,6426,52
2020-10-02,Sonoma,097,501317,8151,7662,21,7683,125
2020-10-02,Stanislaus,099,539301,16814,16609,564,17173,349
2020-10-02,Sutter,101,95872,1737,1693,1,1694,11
2020-10-02,Tehama,103,63373,662,619,2,621,3
2020-10-02,Trinity,105,12862,61,15,8,23,0
2020-10-02,Tulare,107,460477,16837,16245,167,16412,278
2020-10-02,Tuolumne,109,53932,234,225,4,229,2
2020-10-02,Ventura,111,848112,13793,13120,221,13341,146
2020-10-02,Yolo,113,214977,2915,2845,6,2851,55
2020-10-02,Yuba,115,75493,1120,1090,5,1095,8
2020-10-01,Alameda,001,1643700,21955,21349,192,21541,383
2020-10-01,Alpine,003,1148,3,2,0,2,0
2020-10-01,Amador,005,37829,299,294,0,294,16
2020-10-01,Butte,007,227075,2993,2865,25,2890,45
2020-10-01,Calaveras,009,45235,312,257,0,257,11
2020-10-01,Colusa,011,21464,535,536,0,536,6
2020-10-01,Contra Costa,013,1133247,17571,16898,84,16982,211
2020-10-01,Del Norte,015,27424,147,140,0,140,2
2020-10-01,El Dorado,017,186661,1259,1162,1,1163,4
2020-10-01,Fresno,019,978130,31271,28796,402,29198,397
2020-10-01,Glenn,021,27897,611,593,0,593,3
2020-10-01,Humboldt,023,135768,518,499,1,500,6
2020-10-01,Imperial,025,180216,12017,10928,33,10961,325
2020-10-01,Inyo,027,18085,197,191,4,195,14
2020-10-01,Kern,029,883053,32443,31678,333,32011,399
2020-10-01,Kings,031,150075,8116,7688,45,7733,79
2020-10-01,Lake,033,64148,604,572,0,572,11
2020-10-01,Lassen,035,31185,753,742,2,744,0
2020-10-01,Los Angeles,037,10098052,274482,271513,2024,273537,6621
2020-10-01,Madera,039,155013,4693,4508,31,4539,48
2020-10-01,Marin,041,260295,6834,6710,18,6728,92
2020-10-01,Mariposa,043,17540,77,76,0,76,2
2020-10-01,Mendocino,045,87422,941,874,4,878,19
2020-10-01,Merced,047,269075,9056,8942,25,8967,138
2020-10-01,Modoc,049,8938,29,26,0,26,0
2020-10-01,Mono,051,14174,169,150,2,152,1
2020-10-01,Monterey,053,433212,10280,9958,40,9998,71
2020-10-01,Napa,055,140530,1789,1729,8,1737,11
2020-10-01,Nevada,057,99092,559,543,16,559,6
2020-10-01,Orange,059,3164182,56159,53088,1529,54617,1257
2020-10-01,Placer,061,380077,3745,3599,14,3613,45
2020-10-01,Plumas,063,18699,51,48,0,48,0
2020-10-01,Riverside,065,2383286,61121,59293,207,59500,1223
2020-10-01,Sacramento,067,1510023,23297,22714,26,22740,433
2020-10-01,San Benito,069,59416,1360,1346,0,1346,12
2020-10-01,San Bernardino,071,2135413,56394,54350,349,54699,1021
2020-10-01,San Diego,073,3302833,49473,47487,1068,48555,792
2020-10-01,San Francisco,075,870044,11521,11284,30,11314,110
2020-10-01,San Joaquin,077,732212,20615,20204,64,20268,471
2020-10-01,San Luis Obispo,079,281455,3883,3625,20,3645,31
2020-10-01,San Mateo,081,765935,10467,9681,9,9690,128
2020-10-01,Santa Barbara,083,443738,9353,9215,80,9295,118
2020-10-01,Santa Clara,085,1922200,22773,21398,46,21444,305
2020-10-01,Santa Cruz,087,273765,2531,2418,33,2451,10
2020-10-01,Shasta,089,179085,1403,991,14,1005,18
2020-10-01,Sierra,091,2930,6,6,0,6,0
2020-10-01,Siskiyou,093,43540,165,150,10,160,0
2020-10-01,Solano,095,438530,6537,6352,41,6393,52
2020-10-01,Sonoma,097,501317,8084,7569,21,7590,125
2020-10-01,Stanislaus,099,539301,16781,16555,558,17113,346
2020-10-01,Sutter,101,95872,1732,1684,1,1685,11
2020-10-01,Tehama,103,63373,652,606,2,608,3
2020-10-01,Trinity,105,12862,61,15,8,23,0
2020-10-01,Tulare,107,460477,16762,16182,164,16346,275
2020-10-01,Tuolumne,109,53932,234,223,4,227,2
2020-10-01,Ventura,111,848112,13741,13057,207,13264,146
2020-10-01,Yolo,113,214977,2897,2833,6,2839,55
2020-10-01,Yuba,115,75493,1116,1082,5,1087,8
2020-09-30,Alameda,001,1643700,21876,21271,189,21460,380
2020-09-30,Alpine,003,1148,3,2,0,2,0
2020-09-30,Amador,005,37829,299,294,0,294,16
2020-09-30,Butte,007,227075,2985,2858,25,2883,44
2020-09-30,Calaveras,009,45235,311,258,0,258,11
2020-09-30,Colusa,011,21464,534,534,0,534,6
2020-09-30,Contra Costa,013,1133247,17502,16819,84,16903,211
2020-09-30,Del Norte,015,27424,146,140,0,140,2
2020-09-30,El Dorado,017,186661,1247,1157,1,1158,4
2020-09-30,Fresno,019,978130,31180,28706,399,29105,395
2020-09-30,Glenn,021,27897,606,592,0,592,3
2020-09-30,Humboldt,023,135768,516,497,1,498,6
2020-09-30,Imperial,025,180216,11992,10868,32,10900,287
2020-09-30,Inyo,027,18085,196,189,4,193,14
2020-09-30,Kern,029,883053,32368,31601,332,31933,398
2020-09-30,Kings,031,150075,8087,7685,45,7730,79
2020-09-30,Lake,033,64148,598,567,0,567,10
2020-09-30,Lassen,035,31185,750,742,2,744,0
2020-09-30,Los Angeles,037,10098052,273257,270260,1991,272251,6568
2020-09-30,Madera,039,155013,4684,4477,31,4508,47
2020-09-30,Marin,041,260295,6810,6700,17,6717,91
2020-09-30,Mariposa,043,17540,77,76,0,76,2
2020-09-30,Mendocino,045,87422,935,867,4,871,17
2020-09-30,Merced,047,269075,9036,8926,25,8951,136
2020-09-30,Modoc,049,8938,29,26,0,26,0
2020-09-30,Mono,051,14174,169,150,2,152,1
2020-09-30,Monterey,053,433212,10230,9898,39,9937,70
2020-09-30,Napa,055,140530,1775,1728,8,1736,11
2020-09-30,Nevada,057,99092,557,540,16,556,6
2020-09-30,Orange,059,3164182,55968,52916,1513,54429,1251
2020-09-30,Placer,061,380077,3724,3585,14,3599,43
2020-09-30,Plumas,063,18699,51,48,0,48,0
2020-09-30,Riverside,065,2383286,60766,59074,203,59277,1220
2020-09-30,Sacramento,067,1510023,23193,22613,26,22639,429
2020-09-30,San Benito,069,59416,1357,1342,0,1342,12
2020-09-30,San Bernardino,071,2135413,56115,53988,347,54335,1018
2020-09-30,San Diego,073,3302833,49169,47182,1047,48229,783
2020-09-30,San Francisco,075,870044,11491,11247,30,11277,106
2020-09-30,San Joaquin,077,732212,20532,20150,62,20212,461
2020-09-30,San Luis Obispo,079,281455,3858,3597,20,3617,31
2020-09-30,San Mateo,081,765935,10425,9634,9,9643,128
2020-09-30,Santa Barbara,083,443738,9327,9186,80,9266,115
2020-09-30,Santa Clara,085,1922200,22668,21318,46,21364,302
2020-09-30,Santa Cruz,087,273765,2518,2405,33,2438,10
2020-09-30,Shasta,089,179085,1347,976,13,989,17
2020-09-30,Sierra,091,2930,6,6,0,6,0
2020-09-30,Siskiyou,093,43540,163,150,10,160,0
2020-09-30,Solano,095,438530,6495,6315,41,6356,51
2020-09-30,Sonoma,097,501317,7995,7494,21,7515,125
2020-09-30,Stanislaus,099,539301,16734,16531,552,17083,343
2020-09-30,Sutter,101,95872,1716,1680,1,1681,10
2020-09-30,Tehama,103,63373,646,594,2,596,3
2020-09-30,Trinity,105,12862,58,15,8,23,0
2020-09-30,Tulare,107,460477,16696,16117,157,16274,274
2020-09-30,Tuolumne,109,53932,232,224,4,228,2
2020-09-30,Ventura,111,848112,13706,12968,191,13159,145
2020-09-30,Yolo,113,214977,2884,2822,6,2828,55
2020-09-30,Yuba,115,75493,1113,1075,5,1080,8
2020-09-29,Alameda,001,1643700,21799,21241,185,21426,374
2020-09-29,Alpine,003,1148,3,2,0,2,0
2020-09-29,Amador,005,37829,297,294,0,294,16
2020-09-29,Butte,007,227075,2971,2848,25,2873,44
2020-09-29,Calaveras,009,45235,309,261,0,261,11
2020-09-29,Colusa,011,21464,534,534,0,534,6
2020-09-29,Contra Costa,013,1133247,17447,16716,82,16798,209
2020-09-29,Del Norte,015,27424,142,142,0,142,2
2020-09-29,El Dorado,017,186661,1238,1151,1,1152,4
2020-09-29,Fresno,019,978130,31085,28621,398,29019,394
2020-09-29,Glenn,021,27897,602,589,0,589,3
2020-09-29,Humboldt,023,135768,514,497,1,498,6
2020-09-29,Imperial,025,180216,11958,10811,32,10843,283
2020-09-29,Inyo,027,18085,195,188,4,192,14
2020-09-29,Kern,029,883053,32313,31534,331,31865,397
2020-09-29,Kings,031,150075,8031,7681,45,7726,78
2020-09-29,Lake,033,64148,596,566,0,566,11
2020-09-29,Lassen,035,31185,750,741,2,743,0
2020-09-29,Los Angeles,037,10098052,272042,269246,1962,271208,6545
2020-09-29,Madera,039,155013,4660,4453,31,4484,47
2020-09-29,Marin,041,260295,6789,6692,17,6709,91
2020-09-29,Mariposa,043,17540,77,74,0,74,2
2020-09-29,Mendocino,045,87422,925,854,4,858,17
2020-09-29,Merced,047,269075,9023,8892,23,8915,136
2020-09-29,Modoc,049,8938,29,26,0,26,0
2020-09-29,Mono,051,14174,169,149,2,151,1
2020-09-29,Monterey,053,433212,10175,9826,37,9863,70
2020-09-29,Napa,055,140530,1772,1727,8,1735,11
2020-09-29,Nevada,057,99092,552,539,16,555,6
2020-09-29,Orange,059,3164182,55782,52755,1502,54257,1231
2020-09-29,Placer,061,380077,3702,3570,14,3584,42
2020-09-29,Plumas,063,18699,51,48,0,48,0
2020-09-29,Riverside,065,2383286,60436,58863,196,59059,1208
2020-09-29,Sacramento,067,1510023,23072,22547,26,22573,425
2020-09-29,San Benito,069,59416,1352,1341,0,1341,12
2020-09-29,San Bernardino,071,2135413,55806,53753,346,54099,1012
2020-09-29,San Diego,073,3302833,48892,46987,1024,48011,781
2020-09-29,San Francisco,075,870044,11455,11142,30,11172,104
2020-09-29,San Joaquin,077,732212,20466,20094,60,20154,454
2020-09-29,San Luis Obispo,079,281455,3836,3581,20,3601,31
2020-09-29,San Mateo,081,765935,10378,9619,9,9628,127
2020-09-29,Santa Barbara,083,443738,9307,9149,79,9228,114
2020-09-29,Santa Clara,085,1922200,22532,21233,45,21278,302
2020-09-29,Santa Cruz,087,273765,2503,2383,32,2415,10
2020-09-29,Shasta,089,179085,1286,943,13,956,17
2020-09-29,Sierra,091,2930,6,6,0,6,0
2020-09-29,Siskiyou,093,43540,157,150,10,160,0
2020-09-29,Solano,095,438530,6461,6303,41,6344,51
2020-09-29,Sonoma,097,501317,7923,7426,21,7447,125
2020-09-29,Stanislaus,099,539301,16704,16505,546,17051,341
2020-09-29,Sutter,101,95872,1710,1677,1,1678,10
2020-09-29,Tehama,103,63373,628,585,2,587,2
2020-09-29,Trinity,105,12862,56,16,8,24,0
2020-09-29,Tulare,107,460477,16632,16055,150,16205,270
2020-09-29,Tuolumne,109,53932,232,224,4,228,2
2020-09-29,Ventura,111,848112,13649,12875,188,13063,145
2020-09-29,Yolo,113,214977,2871,2818,6,2824,55
2020-09-29,Yuba,115,75493,1111,1071,5,1076,8
2020-09-28,Alameda,001,1643700,21712,21133,185,21318,370
2020-09-28,Alpine,003,1148,3,2,0,2,0
2020-09-28,Amador,005,37829,295,294,0,294,16
2020-09-28,Butte,007,227075,2956,2837,25,2862,44
2020-09-28,Calaveras,009,45235,309,257,0,257,11
2020-09-28,Colusa,011,21464,533,531,0,531,6
2020-09-28,Contra Costa,013,1133247,17382,16653,82,16735,195
2020-09-28,Del Norte,015,27424,142,138,0,138,2
2020-09-28,El Dorado,017,186661,1231,1144,1,1145,4
2020-09-28,Fresno,019,978130,31003,28517,390,28907,389
2020-09-28,Glenn,021,27897,600,585,0,585,3
2020-09-28,Humboldt,023,135768,508,495,1,496,6
2020-09-28,Imperial,025,180216,11923,10777,32,10809,283
2020-09-28,Inyo,027,18085,194,188,4,192,14
2020-09-28,Kern,029,883053,32248,31481,327,31808,395
2020-09-28,Kings,031,150075,7890,7661,43,7704,78
2020-09-28,Lake,033,64148,592,559,0,559,10
2020-09-28,Lassen,035,31185,749,737,2,739,0
2020-09-28,Los Angeles,037,10098052,270935,268404,1932,270336,6508
2020-09-28,Madera,039,155013,4639,4438,31,4469,47
2020-09-28,Marin,041,260295,6773,6676,17,6693,91
2020-09-28,Mariposa,043,17540,77,74,0,74,2
2020-09-28,Mendocino,045,87422,910,850,4,854,17
2020-09-28,Merced,047,269075,8995,8869,23,8892,136
2020-09-28,Modoc,049,8938,29,26,0,26,0
2020-09-28,Mono,051,14174,169,148,2,150,1
2020-09-28,Monterey,053,433212,10110,9780,35,9815,69
2020-09-28,Napa,055,140530,1760,1705,8,1713,11
2020-09-28,Nevada,057,99092,544,538,16,554,6
2020-09-28,Orange,059,3164182,55576,52633,1493,54126,1196
2020-09-28,Placer,061,380077,3681,3572,14,3586,42
2020-09-28,Plumas,063,18699,50,48,0,48,0
2020-09-28,Riverside,065,2383286,60138,58570,186,58756,1198
2020-09-28,Sacramento,067,1510023,22925,22392,26,22418,423
2020-09-28,San Benito,069,59416,1349,1336,0,1336,11
2020-09-28,San Bernardino,071,2135413,55459,53501,346,53847,988
2020-09-28,San Diego,073,3302833,48574,46736,1004,47740,776
2020-09-28,San Francisco,075,870044,11421,11114,30,11144,100
2020-09-28,San Joaquin,077,732212,20417,19982,59,20041,448
2020-09-28,San Luis Obispo,079,281455,3815,3567,20,3587,31
2020-09-28,San Mateo,081,765935,10327,9582,9,9591,127
2020-09-28,Santa Barbara,083,443738,9289,9121,79,9200,114
2020-09-28,Santa Clara,085,1922200,22415,21180,45,21225,271
2020-09-28,Santa Cruz,087,273765,2493,2359,32,2391,9
2020-09-28,Shasta,089,179085,1232,883,10,893,17
2020-09-28,Sierra,091,2930,6,6,0,6,0
2020-09-28,Siskiyou,093,43540,157,149,10,159,0
2020-09-28,Solano,095,438530,6425,6254,41,6295,51
2020-09-28,Sonoma,097,501317,7847,7369,21,7390,125
2020-09-28,Stanislaus,099,539301,16664,16467,539,17006,336
2020-09-28,Sutter,101,95872,1703,1676,1,1677,10
2020-09-28,Tehama,103,63373,620,579,2,581,2
2020-09-28,Trinity,105,12862,56,16,8,24,0
2020-09-28,Tulare,107,460477,16579,15918,145,16063,270
2020-09-28,Tuolumne,109,53932,232,225,4,229,2
2020-09-28,Ventura,111,848112,13571,12812,181,12993,139
2020-09-28,Yolo,113,214977,2854,2809,6,2815,55
2020-09-28,Yuba,115,75493,1108,1062,5,1067,7
2020-09-27,Alameda,001,1643700,21631,21077,181,21258,370
2020-09-27,Alpine,003,1148,3,2,0,2,0
2020-09-27,Amador,005,37829,295,291,0,291,16
2020-09-27,Butte,007,227075,2944,2833,25,2858,44
2020-09-27,Calaveras,009,45235,308,257,0,257,11
2020-09-27,Colusa,011,21464,532,531,0,531,6
2020-09-27,Contra Costa,013,1133247,17280,16596,81,16677,195
2020-09-27,Del Norte,015,27424,142,138,0,138,2
2020-09-27,El Dorado,017,186661,1216,1130,1,1131,4
2020-09-27,Fresno,019,978130,30897,28441,390,28831,389
2020-09-27,Glenn,021,27897,596,576,0,576,3
2020-09-27,Humboldt,023,135768,506,492,1,493,6
2020-09-27,Imperial,025,180216,11889,10743,31,10774,283
2020-09-27,Inyo,027,18085,192,188,4,192,14
2020-09-27,Kern,029,883053,32129,31462,324,31786,395
2020-09-27,Kings,031,150075,7870,7641,43,7684,78
2020-09-27,Lake,033,64148,588,555,0,555,10
2020-09-27,Lassen,035,31185,749,737,2,739,0
2020-09-27,Los Angeles,037,10098052,269759,267754,1911,269665,6507
2020-09-27,Madera,039,155013,4610,4416,31,4447,47
2020-09-27,Marin,041,260295,6763,6663,17,6680,91
2020-09-27,Mariposa,043,17540,77,74,0,74,2
2020-09-27,Mendocino,045,87422,904,846,4,850,17
2020-09-27,Merced,047,269075,8961,8853,23,8876,136
2020-09-27,Modoc,049,8938,29,26,0,26,0
2020-09-27,Mono,051,14174,169,148,2,150,1
2020-09-27,Monterey,053,433212,10050,9724,34,9758,69
2020-09-27,Napa,055,140530,1755,1690,8,1698,11
2020-09-27,Nevada,057,99092,543,537,16,553,6
2020-09-27,Orange,059,3164182,55301,52458,1484,53942,1195
2020-09-27,Placer,061,380077,3668,3562,14,3576,42
2020-09-27,Plumas,063,18699,50,48,0,48,0
2020-09-27,Riverside,065,2383286,59842,58509,178,58687,1191
2020-09-27,Sacramento,067,1510023,22827,22356,26,22382,422
2020-09-27,San Benito,069,59416,1349,1331,0,1331,11
2020-09-27,San Bernardino,071,2135413,55023,53127,346,53473,988
2020-09-27,San Diego,073,3302833,48230,46612,987,47599,776
2020-09-27,San Francisco,075,870044,11369,11114,30,11144,100
2020-09-27,San Joaquin,077,732212,20357,19981,59,20040,448
2020-09-27,San Luis Obispo,079,281455,3794,3562,20,3582,31
2020-09-27,San Mateo,081,765935,10259,9566,9,9575,127
2020-09-27,Santa Barbara,083,443738,9268,9090,78,9168,114
2020-09-27,Santa Clara,085,1922200,22306,21091,45,21136,271
2020-09-27,Santa Cruz,087,273765,2471,2359,32,2391,9
2020-09-27,Shasta,089,179085,1189,883,9,892,17
2020-09-27,Sierra,091,2930,6,6,0,6,0
2020-09-27,Siskiyou,093,43540,156,149,10,159,0
2020-09-27,Solano,095,438530,6390,6211,41,6252,51
2020-09-27,Sonoma,097,501317,7766,7336,21,7357,124
2020-09-27,Stanislaus,099,539301,16613,16448,533,16981,336
2020-09-27,Sutter,101,95872,1696,1672,1,1673,10
2020-09-27,Tehama,103,63373,603,573,2,575,2
2020-09-27,Trinity,105,12862,56,16,8,24,0
2020-09-27,Tulare,107,460477,16501,15918,136,16054,270
2020-09-27,Tuolumne,109,53932,231,224,4,228,2
2020-09-27,Ventura,111,848112,13482,12775,172,12947,139
2020-09-27,Yolo,113,214977,2840,2796,6,2802,55
2020-09-27,Yuba,115,75493,1098,1059,5,1064,7
2020-09-26,Alameda,001,1643700,21573,21019,180,21199,370
2020-09-26,Alpine,003,1148,3,2,0,2,0
2020-09-26,Amador,005,37829,294,291,0,291,16
2020-09-26,Butte,007,227075,2936,2827,25,2852,44
2020-09-26,Calaveras,009,45235,308,257,0,257,11
2020-09-26,Colusa,011,21464,532,529,0,529,6
2020-09-26,Contra Costa,013,1133247,17237,16508,81,16589,194
2020-09-26,Del Norte,015,27424,142,138,0,138,2
2020-09-26,El Dorado,017,186661,1211,1127,1,1128,4
2020-09-26,Fresno,019,978130,30830,28336,390,28726,389
2020-09-26,Glenn,021,27897,596,576,0,576,3
2020-09-26,Humboldt,023,135768,506,491,1,492,6
2020-09-26,Imperial,025,180216,11872,10721,31,10752,283
2020-09-26,Inyo,027,18085,191,187,4,191,14
2020-09-26,Kern,029,883053,32078,31410,324,31734,394
2020-09-26,Kings,031,150075,7858,7537,43,7580,78
2020-09-26,Lake,033,64148,585,549,0,549,10
2020-09-26,Lassen,035,31185,749,737,2,739,0
2020-09-26,Los Angeles,037,10098052,269125,266931,1896,268827,6497
2020-09-26,Madera,039,155013,4594,4410,31,4441,47
2020-09-26,Marin,041,260295,6750,6641,17,6658,91
2020-09-26,Mariposa,043,17540,76,74,0,74,2
2020-09-26,Mendocino,045,87422,899,836,4,840,17
2020-09-26,Merced,047,269075,8949,8841,22,8863,136
2020-09-26,Modoc,049,8938,29,26,0,26,0
2020-09-26,Mono,051,14174,169,148,2,150,1
2020-09-26,Monterey,053,433212,10023,9651,34,9685,68
2020-09-26,Napa,055,140530,1753,1681,8,1689,11
2020-09-26,Nevada,057,99092,543,534,16,550,6
2020-09-26,Orange,059,3164182,55161,52203,1478,53681,1194
2020-09-26,Placer,061,380077,3655,3551,14,3565,42
2020-09-26,Plumas,063,18699,49,48,0,48,0
2020-09-26,Riverside,065,2383286,59707,58076,176,58252,1190
2020-09-26,Sacramento,067,1510023,22771,22269,26,22295,421
2020-09-26,San Benito,069,59416,1347,1325,0,1325,11
2020-09-26,San Bernardino,071,2135413,54889,53122,346,53468,988
2020-09-26,San Diego,073,3302833,48025,46333,973,47306,775
2020-09-26,San Francisco,075,870044,11341,11113,30,11143,100
2020-09-26,San Joaquin,077,732212,20322,19982,57,20039,449
2020-09-26,San Luis Obispo,079,281455,3778,3546,20,3566,31
2020-09-26,San Mateo,081,765935,10225,9509,9,9518,127
2020-09-26,Santa Barbara,083,443738,9257,9061,78,9139,114
2020-09-26,Santa Clara,085,1922200,22235,20967,44,21011,270
2020-09-26,Santa Cruz,087,273765,2463,2336,32,2368,9
2020-09-26,Shasta,089,179085,1139,856,8,864,17
2020-09-26,Sierra,091,2930,6,6,0,6,0
2020-09-26,Siskiyou,093,43540,155,149,10,159,0
2020-09-26,Solano,095,438530,6371,6209,41,6250,51
2020-09-26,Sonoma,097,501317,7741,7285,20,7305,124
2020-09-26,Stanislaus,099,539301,16588,16421,524,16945,336
2020-09-26,Sutter,101,95872,1691,1662,1,1663,10
2020-09-26,Tehama,103,63373,591,560,2,562,2
2020-09-26,Trinity,105,12862,54,16,8,24,0
2020-09-26,Tulare,107,460477,16475,15881,134,16015,270
2020-09-26,Tuolumne,109,53932,231,223,4,227,2
2020-09-26,Ventura,111,848112,13447,12729,171,12900,137
2020-09-26,Yolo,113,214977,2838,2789,6,2795,55
2020-09-26,Yuba,115,75493,1094,1056,5,1061,7
2020-09-25,Alameda,001,1643700,21519,20911,180,21091,367
2020-09-25,Alpine,003,1148,3,2,0,2,0
2020-09-25,Amador,005,37829,294,289,0,289,16
2020-09-25,Butte,007,227075,2931,2819,25,2844,43
2020-09-25,Calaveras,009,45235,308,257,0,257,11
2020-09-25,Colusa,011,21464,532,528,0,528,6
2020-09-25,Contra Costa,013,1133247,17178,16401,81,16482,194
2020-09-25,Del Norte,015,27424,142,138,0,138,2
2020-09-25,El Dorado,017,186661,1207,1104,1,1105,4
2020-09-25,Fresno,019,978130,30770,28199,389,28588,385
2020-09-25,Glenn,021,27897,594,570,0,570,3
2020-09-25,Humboldt,023,135768,505,489,1,490,5
2020-09-25,Imperial,025,180216,11854,10681,31,10712,283
2020-09-25,Inyo,027,18085,189,187,4,191,14
2020-09-25,Kern,029,883053,32025,31333,322,31655,393
2020-09-25,Kings,031,150075,7853,7450,43,7493,77
2020-09-25,Lake,033,64148,584,539,0,539,9
2020-09-25,Lassen,035,31185,749,737,2,739,0
2020-09-25,Los Angeles,037,10098052,268336,265713,1882,267595,6483
2020-09-25,Madera,039,155013,4575,4369,31,4400,48
2020-09-25,Marin,041,260295,6747,6622,17,6639,90
2020-09-25,Mariposa,043,17540,76,74,0,74,2
2020-09-25,Mendocino,045,87422,884,819,3,822,17
2020-09-25,Merced,047,269075,8933,8830,22,8852,135
2020-09-25,Modoc,049,8938,29,26,0,26,0
2020-09-25,Mono,051,14174,169,149,2,151,1
2020-09-25,Monterey,053,433212,9971,9581,34,9615,68
2020-09-25,Napa,055,140530,1751,1669,8,1677,11
2020-09-25,Nevada,057,99092,541,529,16,545,6
2020-09-25,Orange,059,3164182,55034,52031,1470,53501,1184
2020-09-25,Placer,061,380077,3644,3527,14,3541,41
2020-09-25,Plumas,063,18699,49,48,0,48,0
2020-09-25,Riverside,065,2383286,59531,57783,171,57954,1183
2020-09-25,Sacramento,067,1510023,22694,22132,26,22158,418
2020-09-25,San Benito,069,59416,1346,1318,0,1318,11
2020-09-25,San Bernardino,071,2135413,54735,52814,346,53160,987
2020-09-25,San Diego,073,3302833,47823,46003,957,46960,775
2020-09-25,San Francisco,075,870044,11307,11066,29,11095,100
2020-09-25,San Joaquin,077,732212,20270,19909,57,19966,449
2020-09-25,San Luis Obispo,079,281455,3766,3512,20,3532,31
2020-09-25,San Mateo,081,765935,10189,9447,9,9456,127
2020-09-25,Santa Barbara,083,443738,9233,9026,78,9104,114
2020-09-25,Santa Clara,085,1922200,22171,20812,43,20855,265
2020-09-25,Santa Cruz,087,273765,2451,2309,31,2340,9
2020-09-25,Shasta,089,179085,1105,806,8,814,16
2020-09-25,Sierra,091,2930,6,6,0,6,0
2020-09-25,Siskiyou,093,43540,155,149,10,159,0
2020-09-25,Solano,095,438530,6355,6179,41,6220,50
2020-09-25,Sonoma,097,501317,7701,7202,20,7222,124
2020-09-25,Stanislaus,099,539301,16570,16381,522,16903,326
2020-09-25,Sutter,101,95872,1688,1655,1,1656,10
2020-09-25,Tehama,103,63373,583,546,2,548,2
2020-09-25,Trinity,105,12862,54,15,8,23,0
2020-09-25,Tulare,107,460477,16435,15815,132,15947,267
2020-09-25,Tuolumne,109,53932,231,223,4,227,2
2020-09-25,Ventura,111,848112,13404,12664,168,12832,137
2020-09-25,Yolo,113,214977,2830,2784,6,2790,55
2020-09-25,Yuba,115,75493,1089,1049,5,1054,5
2020-09-24,Alameda,001,1643700,21444,20838,177,21015,364
2020-09-24,Alpine,003,1148,3,2,0,2,0
2020-09-24,Amador,005,37829,294,288,0,288,16
2020-09-24,Butte,007,227075,2920,2803,25,2828,43
2020-09-24,Calaveras,009,45235,308,258,0,258,11
2020-09-24,Colusa,011,21464,532,523,0,523,6
2020-09-24,Contra Costa,013,1133247,17096,16252,81,16333,192
2020-09-24,Del Norte,015,27424,138,137,0,137,2
2020-09-24,El Dorado,017,186661,1198,1093,1,1094,4
2020-09-24,Fresno,019,978130,30664,28106,385,28491,375
2020-09-24,Glenn,021,27897,590,567,0,567,3
2020-09-24,Humboldt,023,135768,502,482,1,483,5
2020-09-24,Imperial,025,180216,11830,10622,30,10652,283
2020-09-24,Inyo,027,18085,189,187,4,191,13
2020-09-24,Kern,029,883053,31962,31273,320,31593,388
2020-09-24,Kings,031,150075,7837,7428,43,7471,76
2020-09-24,Lake,033,64148,575,531,0,531,9
2020-09-24,Lassen,035,31185,748,737,2,739,0
2020-09-24,Los Angeles,037,10098052,267293,264374,1864,266238,6452
2020-09-24,Madera,039,155013,4556,4344,31,4375,48
2020-09-24,Marin,041,260295,6719,6588,17,6605,85
2020-09-24,Mariposa,043,17540,76,74,0,74,2
2020-09-24,Mendocino,045,87422,880,810,3,813,17
2020-09-24,Merced,047,269075,8904,8813,21,8834,135
2020-09-24,Modoc,049,8938,29,24,0,24,0
2020-09-24,Mono,051,14174,169,149,2,151,1
2020-09-24,Monterey,053,433212,9905,9544,31,9575,67
2020-09-24,Napa,055,140530,1739,1661,8,1669,11
2020-09-24,Nevada,057,99092,540,527,16,543,6
2020-09-24,Orange,059,3164182,54826,51749,1452,53201,1164
2020-09-24,Placer,061,380077,3629,3514,14,3528,41
2020-09-24,Plumas,063,18699,49,48,0,48,0
2020-09-24,Riverside,065,2383286,59266,57491,165,57656,1172
2020-09-24,Sacramento,067,1510023,22568,21985,25,22010,417
2020-09-24,San Benito,069,59416,1344,1308,0,1308,11
2020-09-24,San Bernardino,071,2135413,54399,52455,345,52800,988
2020-09-24,San Diego,073,3302833,47554,45598,942,46540,773
2020-09-24,San Francisco,075,870044,11260,10992,29,11021,99
2020-09-24,San Joaquin,077,732212,20232,19851,55,19906,444
2020-09-24,San Luis Obispo,079,281455,3750,3480,20,3500,31
2020-09-24,San Mateo,081,765935,10141,9376,9,9385,127
2020-09-24,Santa Barbara,083,443738,9181,8988,77,9065,114
2020-09-24,Santa Clara,085,1922200,22083,20689,43,20732,262
2020-09-24,Santa Cruz,087,273765,2431,2300,29,2329,9
2020-09-24,Shasta,089,179085,1068,773,5,778,14
2020-09-24,Sierra,091,2930,6,6,0,6,0
2020-09-24,Siskiyou,093,43540,155,149,10,159,0
2020-09-24,Solano,095,438530,6322,6137,41,6178,49
2020-09-24,Sonoma,097,501317,7620,7163,20,7183,122
2020-09-24,Stanislaus,099,539301,16533,16326,517,16843,326
2020-09-24,Sutter,101,95872,1685,1646,1,1647,10
2020-09-24,Tehama,103,63373,580,540,2,542,2
2020-09-24,Trinity,105,12862,54,15,8,23,0
2020-09-24,Tulare,107,460477,16370,15754,131,15885,267
2020-09-24,Tuolumne,109,53932,231,224,4,228,2
2020-09-24,Ventura,111,848112,13322,12617,167,12784,138
2020-09-24,Yolo,113,214977,2823,2776,6,2782,55
2020-09-24,Yuba,115,75493,1084,1042,5,1047,5
2020-09-23,Alameda,001,1643700,21376,20718,175,20893,361
2020-09-23,Alpine,003,1148,3,2,0,2,0
2020-09-23,Amador,005,37829,293,288,0,288,16
2020-09-23,Butte,007,227075,2912,2790,25,2815,43
2020-09-23,Calaveras,009,45235,307,258,0,258,11
2020-09-23,Colusa,011,21464,531,521,0,521,6
2020-09-23,Contra Costa,013,1133247,17032,16167,80,16247,192
2020-09-23,Del Norte,015,27424,136,137,0,137,2
2020-09-23,El Dorado,017,186661,1184,1088,1,1089,4
2020-09-23,Fresno,019,978130,30569,28019,383,28402,371
2020-09-23,Glenn,021,27897,583,561,0,561,3
2020-09-23,Humboldt,023,135768,498,477,1,478,5
2020-09-23,Imperial,025,180216,11804,10587,29,10616,284
2020-09-23,Inyo,027,18085,188,177,4,181,13
2020-09-23,Kern,029,883053,31918,31172,318,31490,387
2020-09-23,Kings,031,150075,7815,7406,43,7449,76
2020-09-23,Lake,033,64148,570,519,0,519,9
2020-09-23,Lassen,035,31185,748,736,2,738,0
2020-09-23,Los Angeles,037,10098052,266275,263318,1835,265153,6421
2020-09-23,Madera,039,155013,4541,4311,31,4342,48
2020-09-23,Marin,041,260295,6700,6567,17,6584,85
2020-09-23,Mariposa,043,17540,76,74,0,74,2
2020-09-23,Mendocino,045,87422,879,801,2,803,17
2020-09-23,Merced,047,269075,8883,8785,20,8805,134
2020-09-23,Modoc,049,8938,29,24,0,24,0
2020-09-23,Mono,051,14174,169,149,2,151,1
2020-09-23,Monterey,053,433212,9836,9452,30,9482,67
2020-09-23,Napa,055,140530,1730,1653,8,1661,11
2020-09-23,Nevada,057,99092,539,523,16,539,6
2020-09-23,Orange,059,3164182,54599,51658,1444,53102,1155
2020-09-23,Placer,061,380077,3617,3506,14,3520,41
2020-09-23,Plumas,063,18699,49,48,0,48,0
2020-09-23,Riverside,065,2383286,58959,57257,162,57419,1165
2020-09-23,Sacramento,067,1510023,22491,21821,25,21846,415
2020-09-23,San Benito,069,59416,1338,1305,0,1305,10
2020-09-23,San Bernardino,071,2135413,54104,52132,344,52476,973
2020-09-23,San Diego,073,3302833,47278,45427,923,46350,767
2020-09-23,San Francisco,075,870044,11211,10926,29,10955,95
2020-09-23,San Joaquin,077,732212,20179,19785,55,19840,439
2020-09-23,San Luis Obispo,079,281455,3732,3447,20,3467,31
2020-09-23,San Mateo,081,765935,10101,9351,9,9360,127
2020-09-23,Santa Barbara,083,443738,9152,8952,77,9029,112
2020-09-23,Santa Clara,085,1922200,21972,20575,40,20615,260
2020-09-23,Santa Cruz,087,273765,2412,2283,29,2312,9
2020-09-23,Shasta,089,179085,1029,756,4,760,14
2020-09-23,Sierra,091,2930,6,6,0,6,0
2020-09-23,Siskiyou,093,43540,155,149,10,159,0
2020-09-23,Solano,095,438530,6297,6123,41,6164,50
2020-09-23,Sonoma,097,501317,7544,7091,20,7111,122
2020-09-23,Stanislaus,099,539301,16503,16271,514,16785,317
2020-09-23,Sutter,101,95872,1681,1646,1,1647,10
2020-09-23,Tehama,103,63373,574,533,2,535,2
2020-09-23,Trinity,105,12862,53,15,8,23,0
2020-09-23,Tulare,107,460477,16305,15664,130,15794,266
2020-09-23,Tuolumne,109,53932,231,223,4,227,2
2020-09-23,Ventura,111,848112,13266,12591,164,12755,137
2020-09-23,Yolo,113,214977,2805,2766,6,2772,55
2020-09-23,Yuba,115,75493,1082,1038,5,1043,5
2020-09-22,Alameda,001,1643700,21296,20607,173,20780,355
2020-09-22,Alpine,003,1148,2,2,0,2,0
2020-09-22,Amador,005,37829,292,287,0,287,16
2020-09-22,Butte,007,227075,2907,2776,25,2801,43
2020-09-22,Calaveras,009,45235,307,258,0,258,11
2020-09-22,Colusa,011,21464,529,518,0,518,6
2020-09-22,Contra Costa,013,1133247,16942,16090,80,16170,190
2020-09-22,Del Norte,015,27424,136,137,0,137,2
2020-09-22,El Dorado,017,186661,1165,1076,1,1077,4
2020-09-22,Fresno,019,978130,30474,27944,380,28324,369
2020-09-22,Glenn,021,27897,580,560,0,560,3
2020-09-22,Humboldt,023,135768,497,476,1,477,5
2020-09-22,Imperial,025,180216,11775,10529,29,10558,284
2020-09-22,Inyo,027,18085,188,177,4,181,13
2020-09-22,Kern,029,883053,31850,31110,311,31421,383
2020-09-22,Kings,031,150075,7758,7395,42,7437,76
2020-09-22,Lake,033,64148,562,516,0,516,9
2020-09-22,Lassen,035,31185,747,736,2,738,0
2020-09-22,Los Angeles,037,10098052,265210,262117,1809,263926,6394
2020-09-22,Madera,039,155013,4525,4303,31,4334,47
2020-09-22,Marin,041,260295,6686,6561,17,6578,84
2020-09-22,Mariposa,043,17540,76,74,0,74,2
2020-09-22,Mendocino,045,87422,859,794,1,795,18
2020-09-22,Merced,047,269075,8853,8769,20,8789,132
2020-09-22,Modoc,049,8938,29,24,0,24,0
2020-09-22,Mono,051,14174,168,149,2,151,1
2020-09-22,Monterey,053,433212,9778,9393,30,9423,67
2020-09-22,Napa,055,140530,1713,1652,8,1660,11
2020-09-22,Nevada,057,99092,539,523,16,539,6
2020-09-22,Orange,059,3164182,54349,51528,1436,52964,1132
2020-09-22,Placer,061,380077,3605,3492,14,3506,40
2020-09-22,Plumas,063,18699,49,48,0,48,0
2020-09-22,Riverside,065,2383286,58475,57066,158,57224,1162
2020-09-22,Sacramento,067,1510023,22371,21745,25,21770,410
2020-09-22,San Benito,069,59416,1333,1305,0,1305,10
2020-09-22,San Bernardino,071,2135413,53830,51899,344,52243,971
2020-09-22,San Diego,073,3302833,46971,45149,904,46053,765
2020-09-22,San Francisco,075,870044,11167,10893,28,10921,95
2020-09-22,San Joaquin,077,732212,20132,19755,54,19809,426
2020-09-22,San Luis Obispo,079,281455,3710,3420,20,3440,31
2020-09-22,San Mateo,081,765935,10063,9291,9,9300,127
2020-09-22,Santa Barbara,083,443738,9122,8927,76,9003,111
2020-09-22,Santa Clara,085,1922200,21853,20514,40,20554,253
2020-09-22,Santa Cruz,087,273765,2389,2264,29,2293,8
2020-09-22,Shasta,089,179085,994,723,4,727,14
2020-09-22,Sierra,091,2930,6,6,0,6,0
2020-09-22,Siskiyou,093,43540,155,149,10,159,0
2020-09-22,Solano,095,438530,6266,6107,41,6148,48
2020-09-22,Sonoma,097,501317,7465,7068,19,7087,117
2020-09-22,Stanislaus,099,539301,16480,16231,507,16738,316
2020-09-22,Sutter,101,95872,1675,1638,1,1639,10
2020-09-22,Tehama,103,63373,566,529,2,531,2
2020-09-22,Trinity,105,12862,53,15,8,23,0
2020-09-22,Tulare,107,460477,16238,15616,126,15742,263
2020-09-22,Tuolumne,109,53932,230,224,4,228,1
2020-09-22,Ventura,111,848112,13214,12507,160,12667,136
2020-09-22,Yolo,113,214977,2798,2763,6,2769,54
2020-09-22,Yuba,115,75493,1073,1035,5,1040,5
2020-09-21,Alameda,001,1643700,21217,20501,172,20673,343
2020-09-21,Alpine,003,1148,2,2,0,2,0
2020-09-21,Amador,005,37829,290,286,0,286,16
2020-09-21,Butte,007,227075,2893,2769,25,2794,41
2020-09-21,Calaveras,009,45235,305,256,0,256,10
2020-09-21,Colusa,011,21464,528,517,0,517,6
2020-09-21,Contra Costa,013,1133247,16855,16008,80,16088,189
2020-09-21,Del Norte,015,27424,136,132,0,132,2
2020-09-21,El Dorado,017,186661,1156,1074,1,1075,4
2020-09-21,Fresno,019,978130,30372,27843,373,28216,362
2020-09-21,Glenn,021,27897,576,556,0,556,3
2020-09-21,Humboldt,023,135768,493,473,1,474,5
2020-09-21,Imperial,025,180216,11744,10521,28,10549,284
2020-09-21,Inyo,027,18085,187,177,4,181,12
2020-09-21,Kern,029,883053,31778,31031,309,31340,379
2020-09-21,Kings,031,150075,7645,7297,41,7338,76
2020-09-21,Lake,033,64148,557,508,0,508,8
2020-09-21,Lassen,035,31185,745,735,2,737,0
2020-09-21,Los Angeles,037,10098052,264123,261418,1764,263182,6360
2020-09-21,Madera,039,155013,4514,4275,30,4305,47
2020-09-21,Marin,041,260295,6675,6538,16,6554,84
2020-09-21,Mariposa,043,17540,75,74,0,74,2
2020-09-21,Mendocino,045,87422,844,778,0,778,18
2020-09-21,Merced,047,269075,8834,8749,18,8767,128
2020-09-21,Modoc,049,8938,29,22,0,22,0
2020-09-21,Mono,051,14174,168,147,2,149,1
2020-09-21,Monterey,053,433212,9714,9331,27,9358,66
2020-09-21,Napa,055,140530,1702,1641,8,1649,11
2020-09-21,Nevada,057,99092,537,515,16,531,6
2020-09-21,Orange,059,3164182,54127,51363,1429,52792,1110
2020-09-21,Placer,061,380077,3595,3473,14,3487,40
2020-09-21,Plumas,063,18699,49,47,0,47,0
2020-09-21,Riverside,065,2383286,58202,57001,151,57152,1153
2020-09-21,Sacramento,067,1510023,22190,21568,25,21593,404
2020-09-21,San Benito,069,59416,1331,1298,0,1298,10
2020-09-21,San Bernardino,071,2135413,53544,51654,344,51998,970
2020-09-21,San Diego,073,3302833,46687,44927,883,45810,760
2020-09-21,San Francisco,075,870044,11119,10743,28,10771,95
2020-09-21,San Joaquin,077,732212,20074,19579,54,19633,423
2020-09-21,San Luis Obispo,079,281455,3684,3406,20,3426,27
2020-09-21,San Mateo,081,765935,10011,9239,9,9248,127
2020-09-21,Santa Barbara,083,443738,9094,8911,76,8987,110
2020-09-21,Santa Clara,085,1922200,21752,20432,40,20472,252
2020-09-21,Santa Cruz,087,273765,2372,2257,27,2284,8
2020-09-21,Shasta,089,179085,944,696,4,700,14
2020-09-21,Sierra,091,2930,6,6,0,6,0
2020-09-21,Siskiyou,093,43540,155,146,10,156,0
2020-09-21,Solano,095,438530,6242,6019,41,6060,46
2020-09-21,Sonoma,097,501317,7389,7017,19,7036,117
2020-09-21,Stanislaus,099,539301,16450,16186,507,16693,310
2020-09-21,Sutter,101,95872,1668,1634,1,1635,10
2020-09-21,Tehama,103,63373,547,513,2,515,2
2020-09-21,Trinity,105,12862,53,15,8,23,0
2020-09-21,Tulare,107,460477,16164,15528,117,15645,260
2020-09-21,Tuolumne,109,53932,230,221,4,225,1
2020-09-21,Ventura,111,848112,13130,12477,154,12631,133
2020-09-21,Yolo,113,214977,2792,2752,6,2758,54
2020-09-21,Yuba,115,75493,1069,1033,5,1038,1
2020-09-20,Alameda,001,1643700,21117,20425,169,20594,343
2020-09-20,Alpine,003,1148,2,2,0,2,0
2020-09-20,Amador,005,37829,289,286,0,286,16
2020-09-20,Butte,007,227075,2881,2764,25,2789,39
2020-09-20,Calaveras,009,45235,301,256,0,256,10
2020-09-20,Colusa,011,21464,526,510,0,510,6
2020-09-20,Contra Costa,013,1133247,16721,15917,79,15996,189
2020-09-20,Del Norte,015,27424,134,132,0,132,2
2020-09-20,El Dorado,017,186661,1141,1073,1,1074,4
2020-09-20,Fresno,019,978130,30258,27769,368,28137,362
2020-09-20,Glenn,021,27897,572,550,0,550,3
2020-09-20,Humboldt,023,135768,493,472,1,473,5
2020-09-20,Imperial,025,180216,11717,10496,26,10522,284
2020-09-20,Inyo,027,18085,187,177,4,181,12
2020-09-20,Kern,029,883053,31695,30992,306,31298,379
2020-09-20,Kings,031,150075,7598,7159,40,7199,76
2020-09-20,Lake,033,64148,545,492,0,492,8
2020-09-20,Lassen,035,31185,745,735,2,737,0
2020-09-20,Los Angeles,037,10098052,262894,260770,1738,262508,6347
2020-09-20,Madera,039,155013,4494,4257,30,4287,47
2020-09-20,Marin,041,260295,6649,6533,16,6549,83
2020-09-20,Mariposa,043,17540,75,74,0,74,2
2020-09-20,Mendocino,045,87422,832,765,0,765,18
2020-09-20,Merced,047,269075,8807,8745,18,8763,128
2020-09-20,Modoc,049,8938,27,22,0,22,0
2020-09-20,Mono,051,14174,167,147,2,149,1
2020-09-20,Monterey,053,433212,9636,9312,27,9339,65
2020-09-20,Napa,055,140530,1693,1626,8,1634,11
2020-09-20,Nevada,057,99092,534,511,16,527,6
2020-09-20,Orange,059,3164182,53886,51233,1419,52652,1110
2020-09-20,Placer,061,380077,3580,3452,14,3466,40
2020-09-20,Plumas,063,18699,49,47,0,47,0
2020-09-20,Riverside,065,2383286,58001,56783,145,56928,1147
2020-09-20,Sacramento,067,1510023,22003,21394,24,21418,401
2020-09-20,San Benito,069,59416,1320,1291,0,1291,9
2020-09-20,San Bernardino,071,2135413,53223,51559,342,51901,970
2020-09-20,San Diego,073,3302833,46314,44579,854,45433,760
2020-09-20,San Francisco,075,870044,11065,10743,28,10771,95
2020-09-20,San Joaquin,077,732212,20009,19578,47,19625,423
2020-09-20,San Luis Obispo,079,281455,3656,3393,20,3413,27
2020-09-20,San Mateo,081,765935,9944,9198,9,9207,127
2020-09-20,Santa Barbara,083,443738,9058,8880,75,8955,110
2020-09-20,Santa Clara,085,1922200,21631,20330,39,20369,252
2020-09-20,Santa Cruz,087,273765,2352,2199,27,2226,8
2020-09-20,Shasta,089,179085,903,696,3,699,14
2020-09-20,Sierra,091,2930,6,6,0,6,0
2020-09-20,Siskiyou,093,43540,155,146,10,156,0
2020-09-20,Solano,095,438530,6198,6020,41,6061,46
2020-09-20,Sonoma,097,501317,7285,6954,19,6973,117
2020-09-20,Stanislaus,099,539301,16419,16159,500,16659,310
2020-09-20,Sutter,101,95872,1662,1624,1,1625,10
2020-09-20,Tehama,103,63373,534,509,2,511,2
2020-09-20,Trinity,105,12862,53,15,8,23,0
2020-09-20,Tulare,107,460477,16078,15528,111,15639,260
2020-09-20,Tuolumne,109,53932,230,221,4,225,1
2020-09-20,Ventura,111,848112,13064,12406,150,12556,133
2020-09-20,Yolo,113,214977,2784,2745,6,2751,54
2020-09-20,Yuba,115,75493,1062,1029,5,1034,1
2020-09-19,Alameda,001,1643700,21066,20349,166,20515,343
2020-09-19,Alpine,003,1148,2,2,0,2,0
2020-09-19,Amador,005,37829,289,285,0,285,16
2020-09-19,Butte,007,227075,2875,2748,25,2773,38
2020-09-19,Calaveras,009,45235,301,256,0,256,10
2020-09-19,Colusa,011,21464,526,507,0,507,6
2020-09-19,Contra Costa,013,1133247,16658,15783,79,15862,186
2020-09-19,Del Norte,015,27424,133,132,0,132,2
2020-09-19,El Dorado,017,186661,1135,1068,0,1068,4
2020-09-19,Fresno,019,978130,30185,27668,368,28036,362
2020-09-19,Glenn,021,27897,569,547,0,547,3
2020-09-19,Humboldt,023,135768,492,471,1,472,5
2020-09-19,Imperial,025,180216,11702,10496,26,10522,284
2020-09-19,Inyo,027,18085,187,177,4,181,12
2020-09-19,Kern,029,883053,31641,30886,303,31189,379
2020-09-19,Kings,031,150075,7592,7130,40,7170,76
2020-09-19,Lake,033,64148,545,465,0,465,8
2020-09-19,Lassen,035,31185,745,731,2,733,0
2020-09-19,Los Angeles,037,10098052,262268,259801,1724,261525,6325
2020-09-19,Madera,039,155013,4471,4237,30,4267,47
2020-09-19,Marin,041,260295,6642,6513,15,6528,81
2020-09-19,Mariposa,043,17540,75,74,0,74,2
2020-09-19,Mendocino,045,87422,829,750,0,750,18
2020-09-19,Merced,047,269075,8796,8717,17,8734,128
2020-09-19,Modoc,049,8938,27,22,0,22,0
2020-09-19,Mono,051,14174,167,147,2,149,1
2020-09-19,Monterey,053,433212,9594,9237,27,9264,65
2020-09-19,Napa,055,140530,1685,1614,8,1622,11
2020-09-19,Nevada,057,99092,532,505,16,521,6
2020-09-19,Orange,059,3164182,53757,50999,1412,52411,1105
2020-09-19,Placer,061,380077,3571,3412,14,3426,40
2020-09-19,Plumas,063,18699,49,47,0,47,0
2020-09-19,Riverside,065,2383286,57874,56562,144,56706,1147
2020-09-19,Sacramento,067,1510023,21949,21297,24,21321,396
2020-09-19,San Benito,069,59416,1316,1276,0,1276,9
2020-09-19,San Bernardino,071,2135413,53067,51353,339,51692,971
2020-09-19,San Diego,073,3302833,46086,44295,831,45126,773
2020-09-19,San Francisco,075,870044,11032,10741,28,10769,95
2020-09-19,San Joaquin,077,732212,19972,19580,47,19627,424
2020-09-19,San Luis Obispo,079,281455,3635,3369,20,3389,27
2020-09-19,San Mateo,081,765935,9913,9158,9,9167,127
2020-09-19,Santa Barbara,083,443738,9038,8862,75,8937,106
2020-09-19,Santa Clara,085,1922200,21542,20170,39,20209,251
2020-09-19,Santa Cruz,087,273765,2338,2198,26,2224,8
2020-09-19,Shasta,089,179085,876,687,3,690,14
2020-09-19,Sierra,091,2930,6,6,0,6,0
2020-09-19,Siskiyou,093,43540,155,146,10,156,0
2020-09-19,Solano,095,438530,6182,5998,41,6039,46
2020-09-19,Sonoma,097,501317,7252,6905,19,6924,117
2020-09-19,Stanislaus,099,539301,16379,16109,493,16602,313
2020-09-19,Sutter,101,95872,1661,1602,1,1603,10
2020-09-19,Tehama,103,63373,529,498,2,500,2
2020-09-19,Trinity,105,12862,53,15,8,23,0
2020-09-19,Tulare,107,460477,16029,15485,108,15593,260
2020-09-19,Tuolumne,109,53932,230,217,4,221,1
2020-09-19,Ventura,111,848112,13032,12328,150,12478,133
2020-09-19,Yolo,113,214977,2776,2739,6,2745,54
2020-09-19,Yuba,115,75493,1055,1023,5,1028,1
2020-09-18,Alameda,001,1643700,21001,20222,160,20382,341
2020-09-18,Alpine,003,1148,2,2,0,2,0
2020-09-18,Amador,005,37829,289,285,0,285,16
2020-09-18,Butte,007,227075,2873,2738,25,2763,37
2020-09-18,Calaveras,009,45235,301,255,0,255,9
2020-09-18,Colusa,011,21464,526,504,0,504,6
2020-09-18,Contra Costa,013,1133247,16573,15667,79,15746,185
2020-09-18,Del Norte,015,27424,133,131,0,131,2
2020-09-18,El Dorado,017,186661,1122,1063,0,1063,4
2020-09-18,Fresno,019,978130,30120,27560,368,27928,359
2020-09-18,Glenn,021,27897,566,541,0,541,3
2020-09-18,Humboldt,023,135768,489,470,1,471,5
2020-09-18,Imperial,025,180216,11687,10460,26,10486,283
2020-09-18,Inyo,027,18085,187,177,4,181,12
2020-09-18,Kern,029,883053,31583,30742,300,31042,373
2020-09-18,Kings,031,150075,7582,7062,40,7102,74
2020-09-18,Lake,033,64148,539,458,0,458,8
2020-09-18,Lassen,035,31185,744,731,2,733,0
2020-09-18,Los Angeles,037,10098052,261507,258488,1706,260194,6324
2020-09-18,Madera,039,155013,4459,4211,30,4241,45
2020-09-18,Marin,041,260295,6627,6475,15,6490,81
2020-09-18,Mariposa,043,17540,75,74,0,74,2
2020-09-18,Mendocino,045,87422,821,739,0,739,18
2020-09-18,Merced,047,269075,8784,8691,16,8707,127
2020-09-18,Modoc,049,8938,27,22,0,22,0
2020-09-18,Mono,051,14174,165,147,2,149,1
2020-09-18,Monterey,053,433212,9552,9183,27,9210,64
2020-09-18,Napa,055,140530,1679,1604,8,1612,11
2020-09-18,Nevada,057,99092,529,504,16,520,6
2020-09-18,Orange,059,3164182,53610,50733,1400,52133,1107
2020-09-18,Placer,061,380077,3560,3389,14,3403,40
2020-09-18,Plumas,063,18699,49,45,0,45,0
2020-09-18,Riverside,065,2383286,57753,56248,140,56388,1143
2020-09-18,Sacramento,067,1510023,21866,21105,24,21129,391
2020-09-18,San Benito,069,59416,1308,1257,0,1257,8
2020-09-18,San Bernardino,071,2135413,52923,51106,336,51442,970
2020-09-18,San Diego,073,3302833,45836,44009,826,44835,757
2020-09-18,San Francisco,075,870044,10994,10644,27,10671,95
2020-09-18,San Joaquin,077,732212,19928,19531,46,19577,423
2020-09-18,San Luis Obispo,079,281455,3611,3328,20,3348,27
2020-09-18,San Mateo,081,765935,9873,9062,9,9071,127
2020-09-18,Santa Barbara,083,443738,9017,8824,75,8899,107
2020-09-18,Santa Clara,085,1922200,21444,20058,39,20097,252
2020-09-18,Santa Cruz,087,273765,2317,2180,25,2205,8
2020-09-18,Shasta,089,179085,841,668,3,671,14
2020-09-18,Sierra,091,2930,6,6,0,6,0
2020-09-18,Siskiyou,093,43540,154,146,10,156,0
2020-09-18,Solano,095,438530,6166,5961,41,6002,46
2020-09-18,Sonoma,097,501317,7204,6856,19,6875,114
2020-09-18,Stanislaus,099,539301,16351,16042,487,16529,277
2020-09-18,Sutter,101,95872,1653,1586,1,1587,10
2020-09-18,Tehama,103,63373,529,490,2,492,2
2020-09-18,Trinity,105,12862,53,15,7,22,0
2020-09-18,Tulare,107,460477,15996,15435,104,15539,259
2020-09-18,Tuolumne,109,53932,229,216,4,220,1
2020-09-18,Ventura,111,848112,12971,12236,146,12382,133
2020-09-18,Yolo,113,214977,2770,2732,6,2738,54
2020-09-18,Yuba,115,75493,1051,1020,5,1025,1
2020-09-17,Alameda,001,1643700,20902,20146,160,20306,339
2020-09-17,Alpine,003,1148,2,2,0,2,0
2020-09-17,Amador,005,37829,287,284,0,284,16
2020-09-17,Butte,007,227075,2855,2720,25,2745,38
2020-09-17,Calaveras,009,45235,301,254,0,254,9
2020-09-17,Colusa,011,21464,524,499,0,499,6
2020-09-17,Contra Costa,013,1133247,16483,15576,79,15655,184
2020-09-17,Del Norte,015,27424,133,131,0,131,2
2020-09-17,El Dorado,017,186661,1113,1057,0,1057,4
2020-09-17,Fresno,019,978130,30010,27487,363,27850,355
2020-09-17,Glenn,021,27897,565,541,0,541,3
2020-09-17,Humboldt,023,135768,483,466,1,467,5
2020-09-17,Imperial,025,180216,11670,10436,26,10462,281
2020-09-17,Inyo,027,18085,187,176,4,180,12
2020-09-17,Kern,029,883053,31522,30627,293,30920,372
2020-09-17,Kings,031,150075,7511,7015,40,7055,72
2020-09-17,Lake,033,64148,529,433,0,433,8
2020-09-17,Lassen,035,31185,742,731,2,733,0
2020-09-17,Los Angeles,037,10098052,260567,257246,1692,258938,6318
2020-09-17,Madera,039,155013,4425,4152,30,4182,45
2020-09-17,Marin,041,260295,6606,6457,15,6472,81
2020-09-17,Mariposa,043,17540,75,74,0,74,2
2020-09-17,Mendocino,045,87422,810,737,0,737,18
2020-09-17,Merced,047,269075,8765,8671,16,8687,119
2020-09-17,Modoc,049,8938,27,22,0,22,0
2020-09-17,Mono,051,14174,165,147,2,149,1
2020-09-17,Monterey,053,433212,9490,9113,25,9138,62
2020-09-17,Napa,055,140530,1668,1592,8,1600,11
2020-09-17,Nevada,057,99092,527,494,16,510,6
2020-09-17,Orange,059,3164182,53430,50537,1388,51925,1098
2020-09-17,Placer,061,380077,3539,3368,14,3382,40
2020-09-17,Plumas,063,18699,49,45,0,45,0
2020-09-17,Riverside,065,2383286,57527,56007,139,56146,1134
2020-09-17,Sacramento,067,1510023,21631,20895,24,20919,385
2020-09-17,San Benito,069,59416,1305,1252,0,1252,8
2020-09-17,San Bernardino,071,2135413,52722,50770,336,51106,904
2020-09-17,San Diego,073,3302833,45556,43621,814,44435,754
2020-09-17,San Francisco,075,870044,10899,10564,27,10591,95
2020-09-17,San Joaquin,077,732212,19869,19439,46,19485,416
2020-09-17,San Luis Obispo,079,281455,3581,3299,20,3319,27
2020-09-17,San Mateo,081,765935,9831,8984,9,8993,127
2020-09-17,Santa Barbara,083,443738,8993,8779,75,8854,107
2020-09-17,Santa Clara,085,1922200,21327,19825,39,19864,254
2020-09-17,Santa Cruz,087,273765,2301,2155,25,2180,7
2020-09-17,Shasta,089,179085,802,660,3,663,12
2020-09-17,Sierra,091,2930,6,6,0,6,0
2020-09-17,Siskiyou,093,43540,154,146,10,156,0
2020-09-17,Solano,095,438530,6143,5915,41,5956,44
2020-09-17,Sonoma,097,501317,7140,6754,19,6773,114
2020-09-17,Stanislaus,099,539301,16318,15984,483,16467,277
2020-09-17,Sutter,101,95872,1648,1572,1,1573,10
2020-09-17,Tehama,103,63373,515,487,2,489,2
2020-09-17,Trinity,105,12862,53,15,7,22,0
2020-09-17,Tulare,107,460477,15943,15344,102,15446,258
2020-09-17,Tuolumne,109,53932,228,214,4,218,1
2020-09-17,Ventura,111,848112,12884,12167,142,12309,130
2020-09-17,Yolo,113,214977,2761,2724,6,2730,53
2020-09-17,Yuba,115,75493,1047,1015,5,1020,1
2020-09-16,Alameda,001,1643700,20804,20009,158,20167,333
2020-09-16,Alpine,003,1148,2,2,0,2,0
2020-09-16,Amador,005,37829,287,284,0,284,16
2020-09-16,Butte,007,227075,2845,2704,25,2729,38
2020-09-16,Calaveras,009,45235,301,254,0,254,9
2020-09-16,Colusa,011,21464,522,497,0,497,6
2020-09-16,Contra Costa,013,1133247,16397,15473,79,15552,183
2020-09-16,Del Norte,015,27424,133,131,0,131,2
2020-09-16,El Dorado,017,186661,1105,1049,0,1049,4
2020-09-16,Fresno,019,978130,29903,27381,361,27742,343
2020-09-16,Glenn,021,27897,563,539,0,539,3
2020-09-16,Humboldt,023,135768,482,455,1,456,4
2020-09-16,Imperial,025,180216,11647,10401,26,10427,277
2020-09-16,Inyo,027,18085,186,176,4,180,12
2020-09-16,Kern,029,883053,31462,30570,292,30862,371
2020-09-16,Kings,031,150075,7486,7002,37,7039,71
2020-09-16,Lake,033,64148,518,417,0,417,6
2020-09-16,Lassen,035,31185,741,730,2,732,0
2020-09-16,Los Angeles,037,10098052,259589,256101,1674,257775,6299
2020-09-16,Madera,039,155013,4402,4138,30,4168,45
2020-09-16,Marin,041,260295,6578,6430,15,6445,77
2020-09-16,Mariposa,043,17540,75,74,0,74,2
2020-09-16,Mendocino,045,87422,801,727,0,727,18
2020-09-16,Merced,047,269075,8744,8646,16,8662,118
2020-09-16,Modoc,049,8938,27,22,0,22,0
2020-09-16,Mono,051,14174,165,147,2,149,1
2020-09-16,Monterey,053,433212,9436,8997,25,9022,62
2020-09-16,Napa,055,140530,1654,1587,8,1595,11
2020-09-16,Nevada,057,99092,522,495,15,510,6
2020-09-16,Orange,059,3164182,53230,50414,1379,51793,1096
2020-09-16,Placer,061,380077,3521,3351,14,3365,39
2020-09-16,Plumas,063,18699,49,45,0,45,0
2020-09-16,Riverside,065,2383286,57333,55811,131,55942,1127
2020-09-16,Sacramento,067,1510023,21536,20610,24,20634,377
2020-09-16,San Benito,069,59416,1297,1244,0,1244,8
2020-09-16,San Bernardino,071,2135413,52496,50509,335,50844,907
2020-09-16,San Diego,073,3302833,45264,43447,793,44240,748
2020-09-16,San Francisco,075,870044,10852,10502,27,10529,90
2020-09-16,San Joaquin,077,732212,19815,19377,45,19422,409
2020-09-16,San Luis Obispo,079,281455,3550,3285,20,3305,28
2020-09-16,San Mateo,081,765935,9766,8944,9,8953,127
2020-09-16,Santa Barbara,083,443738,8960,8764,75,8839,107
2020-09-16,Santa Clara,085,1922200,21208,19684,39,19723,253
2020-09-16,Santa Cruz,087,273765,2260,2089,24,2113,7
2020-09-16,Shasta,089,179085,776,635,3,638,11
2020-09-16,Sierra,091,2930,6,6,0,6,0
2020-09-16,Siskiyou,093,43540,153,145,10,155,0
2020-09-16,Solano,095,438530,6113,5899,41,5940,44
2020-09-16,Sonoma,097,501317,7079,6731,19,6750,104
2020-09-16,Stanislaus,099,539301,16270,15897,475,16372,263
2020-09-16,Sutter,101,95872,1635,1567,1,1568,10
2020-09-16,Tehama,103,63373,507,485,2,487,2
2020-09-16,Trinity,105,12862,53,15,7,22,0
2020-09-16,Tulare,107,460477,15899,15314,95,15409,258
2020-09-16,Tuolumne,109,53932,227,210,4,214,1
2020-09-16,Ventura,111,848112,12813,12073,140,12213,130
2020-09-16,Yolo,113,214977,2754,2709,6,2715,53
2020-09-16,Yuba,115,75493,1045,1000,5,1005,1
2020-09-15,Alameda,001,1643700,20697,19931,155,20086,327
2020-09-15,Alpine,003,1148,2,2,0,2,0
2020-09-15,Amador,005,37829,286,282,0,282,16
2020-09-15,Butte,007,227075,2832,2695,23,2718,38
2020-09-15,Calaveras,009,45235,301,248,0,248,5
2020-09-15,Colusa,011,21464,516,497,0,497,6
2020-09-15,Contra Costa,013,1133247,16294,15423,78,15501,180
2020-09-15,Del Norte,015,27424,133,129,0,129,2
2020-09-15,El Dorado,017,186661,1100,1046,0,1046,4
2020-09-15,Fresno,019,978130,29796,27312,356,27668,343
2020-09-15,Glenn,021,27897,562,531,0,531,3
2020-09-15,Humboldt,023,135768,480,456,1,457,4
2020-09-15,Imperial,025,180216,11622,10376,26,10402,277
2020-09-15,Inyo,027,18085,186,176,4,180,12
2020-09-15,Kern,029,883053,31349,30429,289,30718,368
2020-09-15,Kings,031,150075,7328,6977,37,7014,70
2020-09-15,Lake,033,64148,504,416,0,416,4
2020-09-15,Lassen,035,31185,737,719,2,721,0
2020-09-15,Los Angeles,037,10098052,258483,255048,1652,256700,6269
2020-09-15,Madera,039,155013,4383,4122,30,4152,45
2020-09-15,Marin,041,260295,6547,6423,15,6438,77
2020-09-15,Mariposa,043,17540,75,74,0,74,2
2020-09-15,Mendocino,045,87422,783,724,0,724,18
2020-09-15,Merced,047,269075,8714,8633,16,8649,114
2020-09-15,Modoc,049,8938,26,21,0,21,0
2020-09-15,Mono,051,14174,165,147,2,149,1
2020-09-15,Monterey,053,433212,9387,8943,25,8968,62
2020-09-15,Napa,055,140530,1640,1580,8,1588,11
2020-09-15,Nevada,057,99092,517,494,15,509,6
2020-09-15,Orange,059,3164182,53048,50294,1364,51658,1088
2020-09-15,Placer,061,380077,3497,3331,14,3345,38
2020-09-15,Plumas,063,18699,49,44,0,44,0
2020-09-15,Riverside,065,2383286,57039,55569,121,55690,1118
2020-09-15,Sacramento,067,1510023,21393,20487,24,20511,372
2020-09-15,San Benito,069,59416,1290,1237,0,1237,7
2020-09-15,San Bernardino,071,2135413,52280,50333,334,50667,904
2020-09-15,San Diego,073,3302833,44945,43183,773,43956,742
2020-09-15,San Francisco,075,870044,10794,10414,27,10441,90
2020-09-15,San Joaquin,077,732212,19763,19313,45,19358,401
2020-09-15,San Luis Obispo,079,281455,3530,3262,20,3282,28
2020-09-15,San Mateo,081,765935,9696,8895,9,8904,127
2020-09-15,Santa Barbara,083,443738,8935,8724,74,8798,104
2020-09-15,Santa Clara,085,1922200,21072,19610,39,19649,252
2020-09-15,Santa Cruz,087,273765,2234,2079,23,2102,7
2020-09-15,Shasta,089,179085,764,627,3,630,11
2020-09-15,Sierra,091,2930,6,6,0,6,0
2020-09-15,Siskiyou,093,43540,153,143,10,153,0
2020-09-15,Solano,095,438530,6079,5878,41,5919,45
2020-09-15,Sonoma,097,501317,7040,6701,19,6720,104
2020-09-15,Stanislaus,099,539301,16222,15880,473,16353,260
2020-09-15,Sutter,101,95872,1623,1556,1,1557,10
2020-09-15,Tehama,103,63373,495,484,2,486,2
2020-09-15,Trinity,105,12862,53,15,7,22,0
2020-09-15,Tulare,107,460477,15822,15203,93,15296,254
2020-09-15,Tuolumne,109,53932,227,209,4,213,1
2020-09-15,Ventura,111,848112,12760,11932,139,12071,128
2020-09-15,Yolo,113,214977,2750,2708,6,2714,53
2020-09-15,Yuba,115,75493,1039,991,4,995,1
2020-09-14,Alameda,001,1643700,20570,19851,154,20005,306
2020-09-14,Alpine,003,1148,2,2,0,2,0
2020-09-14,Amador,005,37829,284,281,0,281,16
2020-09-14,Butte,007,227075,2815,2642,23,2665,37
2020-09-14,Calaveras,009,45235,301,244,0,244,3
2020-09-14,Colusa,011,21464,515,486,0,486,6
2020-09-14,Contra Costa,013,1133247,16170,15354,77,15431,174
2020-09-14,Del Norte,015,27424,130,116,0,116,2
2020-09-14,El Dorado,017,186661,1096,1039,0,1039,3
2020-09-14,Fresno,019,978130,29711,27232,353,27585,344
2020-09-14,Glenn,021,27897,554,521,0,521,3
2020-09-14,Humboldt,023,135768,477,437,1,438,4
2020-09-14,Imperial,025,180216,11602,10340,26,10366,273
2020-09-14,Inyo,027,18085,186,176,4,180,12
2020-09-14,Kern,029,883053,31261,30344,288,30632,368
2020-09-14,Kings,031,150075,7246,6950,37,6987,70
2020-09-14,Lake,033,64148,484,407,0,407,4
2020-09-14,Lassen,035,31185,737,719,2,721,0
2020-09-14,Los Angeles,037,10098052,257456,254622,1627,256249,6226
2020-09-14,Madera,039,155013,4369,4104,30,4134,45
2020-09-14,Marin,041,260295,6526,6409,15,6424,70
2020-09-14,Mariposa,043,17540,75,74,0,74,2
2020-09-14,Mendocino,045,87422,766,710,0,710,17
2020-09-14,Merced,047,269075,8695,8593,16,8609,112
2020-09-14,Modoc,049,8938,26,21,0,21,0
2020-09-14,Mono,051,14174,165,147,2,149,1
2020-09-14,Monterey,053,433212,9316,8845,24,8869,61
2020-09-14,Napa,055,140530,1623,1576,8,1584,11
2020-09-14,Nevada,057,99092,512,489,15,504,6
2020-09-14,Orange,059,3164182,52887,50149,1348,51497,1079
2020-09-14,Placer,061,380077,3476,3302,14,3316,38
2020-09-14,Plumas,063,18699,48,42,0,42,0
2020-09-14,Riverside,065,2383286,56820,55488,116,55604,1113
2020-09-14,Sacramento,067,1510023,21198,20377,23,20400,367
2020-09-14,San Benito,069,59416,1275,1233,0,1233,7
2020-09-14,San Bernardino,071,2135413,52056,50163,333,50496,895
2020-09-14,San Diego,073,3302833,44634,42889,753,43642,734
2020-09-14,San Francisco,075,870044,10727,10255,25,10280,90
2020-09-14,San Joaquin,077,732212,19689,19111,44,19155,397
2020-09-14,San Luis Obispo,079,281455,3505,3248,20,3268,25
2020-09-14,San Mateo,081,765935,9634,8847,9,8856,127
2020-09-14,Santa Barbara,083,443738,8910,8692,74,8766,104
2020-09-14,Santa Clara,085,1922200,20883,19545,39,19584,247
2020-09-14,Santa Cruz,087,273765,2213,2016,22,2038,7
2020-09-14,Shasta,089,179085,741,584,3,587,10
2020-09-14,Sierra,091,2930,6,6,0,6,0
2020-09-14,Siskiyou,093,43540,152,143,10,153,0
2020-09-14,Solano,095,438530,6044,5834,41,5875,44
2020-09-14,Sonoma,097,501317,6977,6630,19,6649,102
2020-09-14,Stanislaus,099,539301,16177,15812,470,16282,253
2020-09-14,Sutter,101,95872,1612,1549,1,1550,10
2020-09-14,Tehama,103,63373,493,475,2,477,1
2020-09-14,Trinity,105,12862,52,14,7,21,0
2020-09-14,Tulare,107,460477,15752,15096,87,15183,254
2020-09-14,Tuolumne,109,53932,226,208,4,212,1
2020-09-14,Ventura,111,848112,12658,11903,136,12039,125
2020-09-14,Yolo,113,214977,2739,2687,6,2693,53
2020-09-14,Yuba,115,75493,1031,977,4,981,1
2020-09-13,Alameda,001,1643700,20464,19815,151,19966,306
2020-09-13,Alpine,003,1148,2,2,0,2,0
2020-09-13,Amador,005,37829,281,279,0,279,16
2020-09-13,Butte,007,227075,2793,2640,23,2663,37
2020-09-13,Calaveras,009,45235,300,246,0,246,3
2020-09-13,Colusa,011,21464,511,486,0,486,6
2020-09-13,Contra Costa,013,1133247,16062,15284,77,15361,172
2020-09-13,Del Norte,015,27424,127,116,0,116,1
2020-09-13,El Dorado,017,186661,1091,1035,0,1035,2
2020-09-13,Fresno,019,978130,29603,27196,344,27540,345
2020-09-13,Glenn,021,27897,550,517,0,517,3
2020-09-13,Humboldt,023,135768,477,434,1,435,4
2020-09-13,Imperial,025,180216,11565,10304,25,10329,273
2020-09-13,Inyo,027,18085,186,176,4,180,12
2020-09-13,Kern,029,883053,31168,30277,281,30558,368
2020-09-13,Kings,031,150075,7227,6937,37,6974,70
2020-09-13,Lake,033,64148,465,397,0,397,4
2020-09-13,Lassen,035,31185,734,719,2,721,0
2020-09-13,Los Angeles,037,10098052,256308,253950,1611,255561,6203
2020-09-13,Madera,039,155013,4312,4090,30,4120,45
2020-09-13,Marin,041,260295,6505,6395,15,6410,70
2020-09-13,Mariposa,043,17540,75,74,0,74,2
2020-09-13,Mendocino,045,87422,759,707,0,707,17
2020-09-13,Merced,047,269075,8661,8575,15,8590,112
2020-09-13,Modoc,049,8938,26,21,0,21,0
2020-09-13,Mono,051,14174,165,147,2,149,1
2020-09-13,Monterey,053,433212,9234,8826,23,8849,61
2020-09-13,Napa,055,140530,1616,1563,8,1571,11
2020-09-13,Nevada,057,99092,504,486,15,501,6
2020-09-13,Orange,059,3164182,52671,50061,1341,51402,1075
2020-09-13,Placer,061,380077,3446,3291,14,3305,38
2020-09-13,Plumas,063,18699,48,42,0,42,0
2020-09-13,Riverside,065,2383286,56613,55235,105,55340,1108
2020-09-13,Sacramento,067,1510023,20852,20279,23,20302,367
2020-09-13,San Benito,069,59416,1267,1217,0,1217,7
2020-09-13,San Bernardino,071,2135413,51771,49968,331,50299,895
2020-09-13,San Diego,073,3302833,44308,42681,719,43400,734
2020-09-13,San Francisco,075,870044,10649,10254,25,10279,90
2020-09-13,San Joaquin,077,732212,19617,19110,43,19153,396
2020-09-13,San Luis Obispo,079,281455,3468,3240,20,3260,24
2020-09-13,San Mateo,081,765935,9573,8811,9,8820,127
2020-09-13,Santa Barbara,083,443738,8873,8690,74,8764,104
2020-09-13,Santa Clara,085,1922200,20747,19456,38,19494,245
2020-09-13,Santa Cruz,087,273765,2180,2016,20,2036,7
2020-09-13,Shasta,089,179085,729,583,3,586,10
2020-09-13,Sierra,091,2930,6,6,0,6,0
2020-09-13,Siskiyou,093,43540,152,143,9,152,0
2020-09-13,Solano,095,438530,5998,5810,41,5851,43
2020-09-13,Sonoma,097,501317,6912,6592,19,6611,95
2020-09-13,Stanislaus,099,539301,16114,15759,458,16217,253
2020-09-13,Sutter,101,95872,1599,1539,1,1540,10
2020-09-13,Tehama,103,63373,489,476,2,478,1
2020-09-13,Trinity,105,12862,52,14,7,21,0
2020-09-13,Tulare,107,460477,15681,15098,86,15184,254
2020-09-13,Tuolumne,109,53932,223,208,4,212,1
2020-09-13,Ventura,111,848112,12550,11855,135,11990,123
2020-09-13,Yolo,113,214977,2727,2675,6,2681,53
2020-09-13,Yuba,115,75493,1026,967,4,971,1
2020-09-12,Alameda,001,1643700,20405,19758,151,19909,307
2020-09-12,Alpine,003,1148,2,2,0,2,0
2020-09-12,Amador,005,37829,280,278,0,278,16
2020-09-12,Butte,007,227075,2786,2629,22,2651,37
2020-09-12,Calaveras,009,45235,298,246,0,246,3
2020-09-12,Colusa,011,21464,507,486,0,486,6
2020-09-12,Contra Costa,013,1133247,15987,15135,76,15211,174
2020-09-12,Del Norte,015,27424,126,116,0,116,1
2020-09-12,El Dorado,017,186661,1084,1034,0,1034,2
2020-09-12,Fresno,019,978130,29532,27076,344,27420,345
2020-09-12,Glenn,021,27897,549,517,0,517,3
2020-09-12,Humboldt,023,135768,476,430,1,431,4
2020-09-12,Imperial,025,180216,11553,10305,24,10329,273
2020-09-12,Inyo,027,18085,186,177,4,181,12
2020-09-12,Kern,029,883053,31102,30202,281,30483,368
2020-09-12,Kings,031,150075,7217,6895,37,6932,70
2020-09-12,Lake,033,64148,459,393,0,393,4
2020-09-12,Lassen,035,31185,734,719,2,721,0
2020-09-12,Los Angeles,037,10098052,255749,253156,1590,254746,6193
2020-09-12,Madera,039,155013,4301,4058,30,4088,43
2020-09-12,Marin,041,260295,6496,6393,15,6408,69
2020-09-12,Mariposa,043,17540,75,72,0,72,2
2020-09-12,Mendocino,045,87422,756,700,0,700,17
2020-09-12,Merced,047,269075,8652,8533,15,8548,112
2020-09-12,Modoc,049,8938,25,21,0,21,0
2020-09-12,Mono,051,14174,165,147,2,149,1
2020-09-12,Monterey,053,433212,9198,8743,23,8766,61
2020-09-12,Napa,055,140530,1613,1556,8,1564,11
2020-09-12,Nevada,057,99092,503,482,15,497,6
2020-09-12,Orange,059,3164182,52556,49895,1338,51233,1078
2020-09-12,Placer,061,380077,3429,3280,14,3294,38
2020-09-12,Plumas,063,18699,48,42,0,42,0
2020-09-12,Riverside,065,2383286,56484,55058,101,55159,1108
2020-09-12,Sacramento,067,1510023,20783,20184,23,20207,367
2020-09-12,San Benito,069,59416,1264,1208,0,1208,7
2020-09-12,San Bernardino,071,2135413,51680,49945,329,50274,896
2020-09-12,San Diego,073,3302833,44113,42416,710,43126,747
2020-09-12,San Francisco,075,870044,10604,10257,25,10282,90
2020-09-12,San Joaquin,077,732212,19589,19108,43,19151,396
2020-09-12,San Luis Obispo,079,281455,3441,3220,20,3240,24
2020-09-12,San Mateo,081,765935,9528,8759,9,8768,127
2020-09-12,Santa Barbara,083,443738,8859,8642,74,8716,104
2020-09-12,Santa Clara,085,1922200,20663,19330,38,19368,237
2020-09-12,Santa Cruz,087,273765,2168,2016,20,2036,7
2020-09-12,Shasta,089,179085,717,569,3,572,10
2020-09-12,Sierra,091,2930,6,6,0,6,0
2020-09-12,Siskiyou,093,43540,152,141,9,150,0
2020-09-12,Solano,095,438530,5974,5772,41,5813,43
2020-09-12,Sonoma,097,501317,6888,6531,19,6550,95
2020-09-12,Stanislaus,099,539301,16082,15675,455,16130,253
2020-09-12,Sutter,101,95872,1593,1529,1,1530,10
2020-09-12,Tehama,103,63373,486,471,2,473,1
2020-09-12,Trinity,105,12862,52,15,7,22,0
2020-09-12,Tulare,107,460477,15635,15018,85,15103,254
2020-09-12,Tuolumne,109,53932,223,208,4,212,1
2020-09-12,Ventura,111,848112,12499,11759,133,11892,123
2020-09-12,Yolo,113,214977,2720,2646,6,2652,53
2020-09-12,Yuba,115,75493,1022,963,4,967,1
2020-09-11,Alameda,001,1643700,20350,19625,150,19775,298
2020-09-11,Alpine,003,1148,2,2,0,2,0
2020-09-11,Amador,005,37829,280,277,0,277,16
2020-09-11,Butte,007,227075,2775,2605,22,2627,37
2020-09-11,Calaveras,009,45235,297,242,0,242,1
2020-09-11,Colusa,011,21464,506,484,0,484,6
2020-09-11,Contra Costa,013,1133247,15935,15001,73,15074,173
2020-09-11,Del Norte,015,27424,126,115,0,115,1
2020-09-11,El Dorado,017,186661,1081,1024,0,1024,2
2020-09-11,Fresno,019,978130,29452,26917,343,27260,344
2020-09-11,Glenn,021,27897,544,515,0,515,3
2020-09-11,Humboldt,023,135768,474,426,1,427,4
2020-09-11,Imperial,025,180216,11535,10286,24,10310,273
2020-09-11,Inyo,027,18085,186,176,4,180,12
2020-09-11,Kern,029,883053,31034,30059,280,30339,365
2020-09-11,Kings,031,150075,7200,6770,37,6807,70
2020-09-11,Lake,033,64148,452,382,0,382,4
2020-09-11,Lassen,035,31185,734,719,2,721,0
2020-09-11,Los Angeles,037,10098052,255068,252057,1579,253636,6172
2020-09-11,Madera,039,155013,4282,4018,30,4048,43
2020-09-11,Marin,041,260295,6493,6364,15,6379,69
2020-09-11,Mariposa,043,17540,75,72,0,72,2
2020-09-11,Mendocino,045,87422,745,700,0,700,17
2020-09-11,Merced,047,269075,8631,8489,15,8504,109
2020-09-11,Modoc,049,8938,25,21,0,21,0
2020-09-11,Mono,051,14174,165,145,2,147,1
2020-09-11,Monterey,053,433212,9150,8595,23,8618,61
2020-09-11,Napa,055,140530,1602,1543,8,1551,11
2020-09-11,Nevada,057,99092,496,483,15,498,6
2020-09-11,Orange,059,3164182,52427,49755,1326,51081,1068
2020-09-11,Placer,061,380077,3414,3254,14,3268,37
2020-09-11,Plumas,063,18699,48,42,0,42,0
2020-09-11,Riverside,065,2383286,56349,54717,98,54815,1099
2020-09-11,Sacramento,067,1510023,20698,20012,23,20035,358
2020-09-11,San Benito,069,59416,1254,1202,0,1202,7
2020-09-11,San Bernardino,071,2135413,51580,49682,329,50011,871
2020-09-11,San Diego,073,3302833,43893,41971,704,42675,730
2020-09-11,San Francisco,075,870044,10556,10133,24,10157,89
2020-09-11,San Joaquin,077,732212,19541,19019,43,19062,391
2020-09-11,San Luis Obispo,079,281455,3423,3190,20,3210,24
2020-09-11,San Mateo,081,765935,9486,8611,9,8620,127
2020-09-11,Santa Barbara,083,443738,8826,8592,73,8665,103
2020-09-11,Santa Clara,085,1922200,20574,19065,38,19103,234
2020-09-11,Santa Cruz,087,273765,2151,1997,20,2017,7
2020-09-11,Shasta,089,179085,707,568,3,571,10
2020-09-11,Sierra,091,2930,6,6,0,6,0
2020-09-11,Siskiyou,093,43540,151,139,9,148,0
2020-09-11,Solano,095,438530,5957,5742,41,5783,42
2020-09-11,Sonoma,097,501317,6843,6469,19,6488,91
2020-09-11,Stanislaus,099,539301,16044,15613,452,16065,253
2020-09-11,Sutter,101,95872,1583,1505,1,1506,11
2020-09-11,Tehama,103,63373,483,466,2,468,1
2020-09-11,Trinity,105,12862,52,16,7,23,0
2020-09-11,Tulare,107,460477,15604,14932,83,15015,251
2020-09-11,Tuolumne,109,53932,223,208,4,212,1
2020-09-11,Ventura,111,848112,12445,11700,131,11831,123
2020-09-11,Yolo,113,214977,2709,2632,6,2638,53
2020-09-11,Yuba,115,75493,1014,946,4,950,1
2020-09-10,Alameda,001,1643700,20276,19509,150,19659,292
2020-09-10,Alpine,003,1148,2,2,0,2,0
2020-09-10,Amador,005,37829,279,277,0,277,16
2020-09-10,Butte,007,227075,2758,2590,22,2612,37
2020-09-10,Calaveras,009,45235,297,244,0,244,1
2020-09-10,Colusa,011,21464,504,482,0,482,6
2020-09-10,Contra Costa,013,1133247,15865,14909,73,14982,172
2020-09-10,Del Norte,015,27424,125,112,0,112,1
2020-09-10,El Dorado,017,186661,1078,1020,0,1020,2
2020-09-10,Fresno,019,978130,29330,26783,343,27126,338
2020-09-10,Glenn,021,27897,534,511,0,511,3
2020-09-10,Humboldt,023,135768,463,422,1,423,4
2020-09-10,Imperial,025,180216,11519,10251,24,10275,270
2020-09-10,Inyo,027,18085,185,176,4,180,11
2020-09-10,Kern,029,883053,30952,29988,276,30264,363
2020-09-10,Kings,031,150075,7170,6739,37,6776,70
2020-09-10,Lake,033,64148,445,377,0,377,4
2020-09-10,Lassen,035,31185,733,716,2,718,0
2020-09-10,Los Angeles,037,10098052,254096,251003,1558,252561,6132
2020-09-10,Madera,039,155013,4264,3979,30,4009,43
2020-09-10,Marin,041,260295,6481,6344,15,6359,68
2020-09-10,Mariposa,043,17540,75,72,0,72,2
2020-09-10,Mendocino,045,87422,735,697,0,697,16
2020-09-10,Merced,047,269075,8585,8461,15,8476,109
2020-09-10,Modoc,049,8938,25,21,0,21,0
2020-09-10,Mono,051,14174,165,145,2,147,1
2020-09-10,Monterey,053,433212,9080,8570,23,8593,59
2020-09-10,Napa,055,140530,1596,1536,8,1544,11
2020-09-10,Nevada,057,99092,492,478,15,493,6
2020-09-10,Orange,059,3164182,52264,49617,1320,50937,1057
2020-09-10,Placer,061,380077,3395,3233,14,3247,37
2020-09-10,Plumas,063,18699,48,42,0,42,0
2020-09-10,Riverside,065,2383286,56031,54417,95,54512,1091
2020-09-10,Sacramento,067,1510023,20576,19618,22,19640,354
2020-09-10,San Benito,069,59416,1248,1201,0,1201,5
2020-09-10,San Bernardino,071,2135413,51391,49467,327,49794,867
2020-09-10,San Diego,073,3302833,43627,41610,677,42287,725
2020-09-10,San Francisco,075,870044,10479,10082,24,10106,89
2020-09-10,San Joaquin,077,732212,19488,18854,43,18897,389
2020-09-10,San Luis Obispo,079,281455,3409,3161,20,3181,24
2020-09-10,San Mateo,081,765935,9440,8529,9,8538,125
2020-09-10,Santa Barbara,083,443738,8782,8552,73,8625,100
2020-09-10,Santa Clara,085,1922200,20460,18870,38,18908,231
2020-09-10,Santa Cruz,087,273765,2136,1986,18,2004,7
2020-09-10,Shasta,089,179085,696,566,3,569,10
2020-09-10,Sierra,091,2930,6,6,0,6,0
2020-09-10,Siskiyou,093,43540,151,137,9,146,0
2020-09-10,Solano,095,438530,5917,5696,41,5737,42
2020-09-10,Sonoma,097,501317,6794,6424,19,6443,91
2020-09-10,Stanislaus,099,539301,15990,15509,447,15956,243
2020-09-10,Sutter,101,95872,1571,1494,1,1495,11
2020-09-10,Tehama,103,63373,476,466,2,468,1
2020-09-10,Trinity,105,12862,52,15,7,22,0
2020-09-10,Tulare,107,460477,15549,14860,80,14940,250
2020-09-10,Tuolumne,109,53932,222,205,4,209,1
2020-09-10,Ventura,111,848112,12351,11600,124,11724,122
2020-09-10,Yolo,113,214977,2704,2612,6,2618,53
2020-09-10,Yuba,115,75493,1008,941,4,945,1
2020-09-09,Alameda,001,1643700,20197,19399,149,19548,289
2020-09-09,Alpine,003,1148,2,2,0,2,0
2020-09-09,Amador,005,37829,278,276,0,276,16
2020-09-09,Butte,007,227075,2741,2561,22,2583,37
2020-09-09,Calaveras,009,45235,297,242,0,242,1
2020-09-09,Colusa,011,21464,499,479,0,479,6
2020-09-09,Contra Costa,013,1133247,15779,14816,73,14889,171
2020-09-09,Del Norte,015,27424,121,109,0,109,1
2020-09-09,El Dorado,017,186661,1075,1020,0,1020,2
2020-09-09,Fresno,019,978130,29227,26724,338,27062,329
2020-09-09,Glenn,021,27897,531,508,0,508,3
2020-09-09,Humboldt,023,135768,461,420,1,421,4
2020-09-09,Imperial,025,180216,11498,10233,24,10257,268
2020-09-09,Inyo,027,18085,184,173,4,177,2
2020-09-09,Kern,029,883053,30854,29925,273,30198,355
2020-09-09,Kings,031,150075,7152,6721,37,6758,72
2020-09-09,Lake,033,64148,437,371,0,371,4
2020-09-09,Lassen,035,31185,732,714,2,716,0
2020-09-09,Los Angeles,037,10098052,253226,249876,1540,251416,6091
2020-09-09,Madera,039,155013,4238,3926,30,3956,43
2020-09-09,Marin,041,260295,6462,6321,15,6336,68
2020-09-09,Mariposa,043,17540,74,72,0,72,2
2020-09-09,Mendocino,045,87422,727,695,0,695,16
2020-09-09,Merced,047,269075,8559,8441,15,8456,107
2020-09-09,Modoc,049,8938,24,20,0,20,0
2020-09-09,Mono,051,14174,165,145,2,147,1
2020-09-09,Monterey,053,433212,9008,8527,23,8550,59
2020-09-09,Napa,055,140530,1586,1531,8,1539,11
2020-09-09,Nevada,057,99092,488,476,15,491,6
2020-09-09,Orange,059,3164182,52084,49394,1312,50706,1054
2020-09-09,Placer,061,380077,3375,3222,14,3236,36
2020-09-09,Plumas,063,18699,46,42,0,42,0
2020-09-09,Riverside,065,2383286,55801,54320,92,54412,1081
2020-09-09,Sacramento,067,1510023,20470,19474,21,19495,347
2020-09-09,San Benito,069,59416,1244,1199,0,1199,5
2020-09-09,San Bernardino,071,2135413,51193,49264,326,49590,866
2020-09-09,San Diego,073,3302833,43338,41326,665,41991,721
2020-09-09,San Francisco,075,870044,10429,9996,23,10019,86
2020-09-09,San Joaquin,077,732212,19424,18799,42,18841,388
2020-09-09,San Luis Obispo,079,281455,3391,3131,20,3151,24
2020-09-09,San Mateo,081,765935,9379,8478,9,8487,125
2020-09-09,Santa Barbara,083,443738,8739,8528,73,8601,97
2020-09-09,Santa Clara,085,1922200,20328,18759,38,18797,228
2020-09-09,Santa Cruz,087,273765,2113,1967,18,1985,7
2020-09-09,Shasta,089,179085,684,562,3,565,10
2020-09-09,Sierra,091,2930,6,6,0,6,0
2020-09-09,Siskiyou,093,43540,149,137,9,146,0
2020-09-09,Solano,095,438530,5885,5680,41,5721,36
2020-09-09,Sonoma,097,501317,6727,6397,19,6416,92
2020-09-09,Stanislaus,099,539301,15951,15469,436,15905,243
2020-09-09,Sutter,101,95872,1563,1487,1,1488,11
2020-09-09,Tehama,103,63373,473,462,2,464,1
2020-09-09,Trinity,105,12862,52,14,7,21,0
2020-09-09,Tulare,107,460477,15500,14787,75,14862,249
2020-09-09,Tuolumne,109,53932,221,204,3,207,1
2020-09-09,Ventura,111,848112,12260,11497,121,11618,121
2020-09-09,Yolo,113,214977,2693,2604,6,2610,53
2020-09-09,Yuba,115,75493,1003,936,4,940,1
2020-09-08,Alameda,001,1643700,20089,19293,149,19442,288
2020-09-08,Alpine,003,1148,2,2,0,2,0
2020-09-08,Amador,005,37829,278,276,0,276,16
2020-09-08,Butte,007,227075,2723,2453,22,2475,36
2020-09-08,Calaveras,009,45235,295,233,0,233,1
2020-09-08,Colusa,011,21464,497,475,0,475,6
2020-09-08,Contra Costa,013,1133247,15651,14740,70,14810,171
2020-09-08,Del Norte,015,27424,121,109,0,109,2
2020-09-08,El Dorado,017,186661,1072,1011,0,1011,2
2020-09-08,Fresno,019,978130,29107,26640,334,26974,329
2020-09-08,Glenn,021,27897,527,492,0,492,3
2020-09-08,Humboldt,023,135768,459,420,1,421,4
2020-09-08,Imperial,025,180216,11482,10198,24,10222,267
2020-09-08,Inyo,027,18085,184,169,4,173,2
2020-09-08,Kern,029,883053,30768,29850,271,30121,351
2020-09-08,Kings,031,150075,7114,6658,37,6695,72
2020-09-08,Lake,033,64148,427,370,0,370,4
2020-09-08,Lassen,035,31185,732,710,2,712,0
2020-09-08,Los Angeles,037,10098052,252299,249217,1512,250729,6034
2020-09-08,Madera,039,155013,4214,3904,30,3934,43
2020-09-08,Marin,041,260295,6431,6313,15,6328,68
2020-09-08,Mariposa,043,17540,74,72,0,72,2
2020-09-08,Mendocino,045,87422,720,690,0,690,16
2020-09-08,Merced,047,269075,8536,8381,15,8396,104
2020-09-08,Modoc,049,8938,24,20,0,20,0
2020-09-08,Mono,051,14174,165,145,2,147,1
2020-09-08,Monterey,053,433212,8923,8491,23,8514,59
2020-09-08,Napa,055,140530,1582,1518,8,1526,11
2020-09-08,Nevada,057,99092,488,470,15,485,6
2020-09-08,Orange,059,3164182,51943,49214,1308,50522,1044
2020-09-08,Placer,061,380077,3361,3205,14,3219,36
2020-09-08,Plumas,063,18699,46,42,0,42,0
2020-09-08,Riverside,065,2383286,55587,54168,89,54257,1069
2020-09-08,Sacramento,067,1510023,20235,19411,20,19431,347
2020-09-08,San Benito,069,59416,1237,1188,0,1188,5
2020-09-08,San Bernardino,071,2135413,51004,49034,325,49359,856
2020-09-08,San Diego,073,3302833,43022,41079,653,41732,709
2020-09-08,San Francisco,075,870044,10356,9821,23,9844,86
2020-09-08,San Joaquin,077,732212,19346,18550,42,18592,388
2020-09-08,San Luis Obispo,079,281455,3376,3120,20,3140,23
2020-09-08,San Mateo,081,765935,9303,8460,9,8469,125
2020-09-08,Santa Barbara,083,443738,8705,8488,72,8560,96
2020-09-08,Santa Clara,085,1922200,20152,18645,38,18683,228
2020-09-08,Santa Cruz,087,273765,2085,1903,18,1921,7
2020-09-08,Shasta,089,179085,676,556,3,559,10
2020-09-08,Sierra,091,2930,6,6,0,6,0
2020-09-08,Siskiyou,093,43540,147,136,9,145,0
2020-09-08,Solano,095,438530,5848,5654,41,5695,36
2020-09-08,Sonoma,097,501317,6658,6356,19,6375,92
2020-09-08,Stanislaus,099,539301,15887,15415,424,15839,238
2020-09-08,Sutter,101,95872,1548,1473,1,1474,11
2020-09-08,Tehama,103,63373,469,458,2,460,1
2020-09-08,Trinity,105,12862,51,13,7,20,0
2020-09-08,Tulare,107,460477,15420,14635,74,14709,249
2020-09-08,Tuolumne,109,53932,220,197,3,200,1
2020-09-08,Ventura,111,848112,12191,11475,118,11593,118
2020-09-08,Yolo,113,214977,2683,2580,6,2586,53
2020-09-08,Yuba,115,75493,991,923,4,927,1
2020-09-07,Alameda,001,1643700,19967,19188,143,19331,281
2020-09-07,Alpine,003,1148,2,2,0,2,0
2020-09-07,Amador,005,37829,278,276,0,276,16
2020-09-07,Butte,007,227075,2690,2450,21,2471,30
2020-09-07,Calaveras,009,45235,285,234,0,234,1
2020-09-07,Colusa,011,21464,496,475,0,475,6
2020-09-07,Contra Costa,013,1133247,15538,14637,67,14704,172
2020-09-07,Del Norte,015,27424,121,109,0,109,2
2020-09-07,El Dorado,017,186661,1061,1011,0,1011,2
2020-09-07,Fresno,019,978130,29013,26565,331,26896,329
2020-09-07,Glenn,021,27897,522,488,0,488,3
2020-09-07,Humboldt,023,135768,450,416,1,417,4
2020-09-07,Imperial,025,180216,11451,10199,21,10220,267
2020-09-07,Inyo,027,18085,184,169,4,173,2
2020-09-07,Kern,029,883053,30647,29790,266,30056,348
2020-09-07,Kings,031,150075,6989,6630,37,6667,72
2020-09-07,Lake,033,64148,404,367,0,367,2
2020-09-07,Lassen,035,31185,732,709,2,711,0
2020-09-07,Los Angeles,037,10098052,251255,248804,1490,250294,6030
2020-09-07,Madera,039,155013,4183,3889,29,3918,43
2020-09-07,Marin,041,260295,6401,6296,15,6311,67
2020-09-07,Mariposa,043,17540,74,72,0,72,2
2020-09-07,Mendocino,045,87422,712,687,0,687,16
2020-09-07,Merced,047,269075,8489,8381,15,8396,104
2020-09-07,Modoc,049,8938,23,20,0,20,0
2020-09-07,Mono,051,14174,165,145,2,147,1
2020-09-07,Monterey,053,433212,8844,8463,23,8486,57
2020-09-07,Napa,055,140530,1570,1514,8,1522,11
2020-09-07,Nevada,057,99092,486,469,15,484,6
2020-09-07,Orange,059,3164182,51772,49132,1304,50436,1042
2020-09-07,Placer,061,380077,3330,3188,13,3201,36
2020-09-07,Plumas,063,18699,45,42,0,42,0
2020-09-07,Riverside,065,2383286,55312,54178,83,54261,1069
2020-09-07,Sacramento,067,1510023,19992,19292,19,19311,345
2020-09-07,San Benito,069,59416,1231,1180,0,1180,4
2020-09-07,San Bernardino,071,2135413,50776,49043,323,49366,821
2020-09-07,San Diego,073,3302833,42622,40868,626,41494,708
2020-09-07,San Francisco,075,870044,10305,9813,22,9835,85
2020-09-07,San Joaquin,077,732212,19265,18552,40,18592,386
2020-09-07,San Luis Obispo,079,281455,3339,3116,20,3136,23
2020-09-07,San Mateo,081,765935,9221,8409,9,8418,125
2020-09-07,Santa Barbara,083,443738,8661,8479,72,8551,95
2020-09-07,Santa Clara,085,1922200,19994,18596,37,18633,226
2020-09-07,Santa Cruz,087,273765,2057,1902,18,1920,7
2020-09-07,Shasta,089,179085,666,556,3,559,10
2020-09-07,Sierra,091,2930,6,6,0,6,0
2020-09-07,Siskiyou,093,43540,146,133,9,142,0
2020-09-07,Solano,095,438530,5783,5640,41,5681,36
2020-09-07,Sonoma,097,501317,6591,6268,19,6287,85
2020-09-07,Stanislaus,099,539301,15822,15343,412,15755,236
2020-09-07,Sutter,101,95872,1531,1468,1,1469,11
2020-09-07,Tehama,103,63373,466,453,2,455,1
2020-09-07,Trinity,105,12862,51,13,7,20,0
2020-09-07,Tulare,107,460477,15314,14637,72,14709,249
2020-09-07,Tuolumne,109,53932,219,196,3,199,1
2020-09-07,Ventura,111,848112,12096,11463,115,11578,118
2020-09-07,Yolo,113,214977,2666,2565,5,2570,53
2020-09-07,Yuba,115,75493,975,923,3,926,1
2020-09-06,Alameda,001,1643700,19909,19029,141,19170,281
2020-09-06,Alpine,003,1148,2,2,0,2,0
2020-09-06,Amador,005,37829,276,275,0,275,16
2020-09-06,Butte,007,227075,2681,2446,21,2467,30
2020-09-06,Calaveras,009,45235,285,235,0,235,1
2020-09-06,Colusa,011,21464,492,475,0,475,6
2020-09-06,Contra Costa,013,1133247,15458,14565,66,14631,171
2020-09-06,Del Norte,015,27424,121,109,0,109,2
2020-09-06,El Dorado,017,186661,1059,1008,0,1008,2
2020-09-06,Fresno,019,978130,28949,26471,329,26800,329
2020-09-06,Glenn,021,27897,516,474,0,474,3
2020-09-06,Humboldt,023,135768,447,404,1,405,4
2020-09-06,Imperial,025,180216,11434,10152,21,10173,267
2020-09-06,Inyo,027,18085,184,169,4,173,2
2020-09-06,Kern,029,883053,30591,29699,262,29961,348
2020-09-06,Kings,031,150075,6969,6561,36,6597,72
2020-09-06,Lake,033,64148,401,362,0,362,2
2020-09-06,Lassen,035,31185,732,709,2,711,0
2020-09-06,Los Angeles,037,10098052,250624,248316,1476,249792,6004
2020-09-06,Madera,039,155013,4139,3867,29,3896,42
2020-09-06,Marin,041,260295,6389,6276,15,6291,67
2020-09-06,Mariposa,043,17540,74,72,0,72,2
2020-09-06,Mendocino,045,87422,711,672,0,672,16
2020-09-06,Merced,047,269075,8469,8327,15,8342,104
2020-09-06,Modoc,049,8938,23,20,0,20,0
2020-09-06,Mono,051,14174,164,145,2,147,1
2020-09-06,Monterey,053,433212,8804,8403,22,8425,56
2020-09-06,Napa,055,140530,1566,1501,6,1507,11
2020-09-06,Nevada,057,99092,486,467,14,481,6
2020-09-06,Orange,059,3164182,51659,48931,1300,50231,1042
2020-09-06,Placer,061,380077,3313,3169,13,3182,36
2020-09-06,Plumas,063,18699,44,42,0,42,0
2020-09-06,Riverside,065,2383286,55196,53970,81,54051,1069
2020-09-06,Sacramento,067,1510023,19897,19128,19,19147,340
2020-09-06,San Benito,069,59416,1229,1178,0,1178,4
2020-09-06,San Bernardino,071,2135413,50667,48923,323,49246,823
2020-09-06,San Diego,073,3302833,42374,40652,620,41272,707
2020-09-06,San Francisco,075,870044,10231,9813,22,9835,85
2020-09-06,San Joaquin,077,732212,19216,18558,40,18598,386
2020-09-06,San Luis Obispo,079,281455,3328,3101,20,3121,23
2020-09-06,San Mateo,081,765935,9168,8387,9,8396,125
2020-09-06,Santa Barbara,083,443738,8631,8434,72,8506,95
2020-09-06,Santa Clara,085,1922200,19893,18495,37,18532,207
2020-09-06,Santa Cruz,087,273765,2050,1902,18,1920,7
2020-09-06,Shasta,089,179085,660,550,3,553,10
2020-09-06,Sierra,091,2930,6,6,0,6,0
2020-09-06,Siskiyou,093,43540,146,132,9,141,0
2020-09-06,Solano,095,438530,5757,5619,41,5660,37
2020-09-06,Sonoma,097,501317,6562,6212,19,6231,85
2020-09-06,Stanislaus,099,539301,15778,15288,408,15696,236
2020-09-06,Sutter,101,95872,1518,1451,1,1452,11
2020-09-06,Tehama,103,63373,465,455,2,457,1
2020-09-06,Trinity,105,12862,50,13,7,20,0
2020-09-06,Tulare,107,460477,15271,14636,71,14707,249
2020-09-06,Tuolumne,109,53932,216,194,3,197,1
2020-09-06,Ventura,111,848112,12051,11315,115,11430,118
2020-09-06,Yolo,113,214977,2652,2556,5,2561,53
2020-09-06,Yuba,115,75493,966,913,3,916,1
2020-09-05,Alameda,001,1643700,19862,18973,139,19112,279
2020-09-05,Alpine,003,1148,2,2,0,2,0
2020-09-05,Amador,005,37829,276,274,0,274,16
2020-09-05,Butte,007,227075,2665,2406,20,2426,30
2020-09-05,Calaveras,009,45235,285,237,0,237,1
2020-09-05,Colusa,011,21464,488,472,0,472,6
2020-09-05,Contra Costa,013,1133247,15381,14456,64,14520,173
2020-09-05,Del Norte,015,27424,121,109,0,109,2
2020-09-05,El Dorado,017,186661,1059,1007,0,1007,2
2020-09-05,Fresno,019,978130,28881,26325,329,26654,331
2020-09-05,Glenn,021,27897,515,474,0,474,3
2020-09-05,Humboldt,023,135768,445,402,1,403,4
2020-09-05,Imperial,025,180216,11417,10151,20,10171,268
2020-09-05,Inyo,027,18085,184,169,4,173,2
2020-09-05,Kern,029,883053,30531,29645,258,29903,347
2020-09-05,Kings,031,150075,6960,6518,36,6554,66
2020-09-05,Lake,033,64148,398,359,0,359,2
2020-09-05,Lassen,035,31185,732,709,2,711,0
2020-09-05,Los Angeles,037,10098052,250089,247572,1464,249036,6001
2020-09-05,Madera,039,155013,4098,3851,29,3880,42
2020-09-05,Marin,041,260295,6382,6259,15,6274,66
2020-09-05,Mariposa,043,17540,74,72,0,72,2
2020-09-05,Mendocino,045,87422,710,658,0,658,16
2020-09-05,Merced,047,269075,8437,8297,13,8310,104
2020-09-05,Modoc,049,8938,23,19,0,19,0
2020-09-05,Mono,051,14174,164,145,2,147,1
2020-09-05,Monterey,053,433212,8774,8301,22,8323,56
2020-09-05,Napa,055,140530,1560,1484,6,1490,11
2020-09-05,Nevada,057,99092,483,461,14,475,6
2020-09-05,Orange,059,3164182,51557,48726,1295,50021,1039
2020-09-05,Placer,061,380077,3303,3141,13,3154,35
2020-09-05,Plumas,063,18699,44,42,0,42,0
2020-09-05,Riverside,065,2383286,55090,53780,81,53861,1066
2020-09-05,Sacramento,067,1510023,19806,18955,19,18974,339
2020-09-05,San Benito,069,59416,1227,1153,0,1153,4
2020-09-05,San Bernardino,071,2135413,50592,48800,322,49122,825
2020-09-05,San Diego,073,3302833,42181,40344,608,40952,717
2020-09-05,San Francisco,075,870044,10198,9812,21,9833,85
2020-09-05,San Joaquin,077,732212,19188,18557,40,18597,386
2020-09-05,San Luis Obispo,079,281455,3318,3083,20,3103,23
2020-09-05,San Mateo,081,765935,9123,8352,9,8361,124
2020-09-05,Santa Barbara,083,443738,8615,8404,72,8476,96
2020-09-05,Santa Clara,085,1922200,19809,18311,37,18348,207
2020-09-05,Santa Cruz,087,273765,2042,1904,18,1922,7
2020-09-05,Shasta,089,179085,659,544,3,547,10
2020-09-05,Sierra,091,2930,6,6,0,6,0
2020-09-05,Siskiyou,093,43540,145,131,9,140,0
2020-09-05,Solano,095,438530,5745,5579,41,5620,37
2020-09-05,Sonoma,097,501317,6529,6149,19,6168,85
2020-09-05,Stanislaus,099,539301,15730,15198,404,15602,236
2020-09-05,Sutter,101,95872,1511,1445,1,1446,11
2020-09-05,Tehama,103,63373,464,447,2,449,1
2020-09-05,Trinity,105,12862,50,13,7,20,0
2020-09-05,Tulare,107,460477,15214,14576,69,14645,249
2020-09-05,Tuolumne,109,53932,216,194,3,197,1
2020-09-05,Ventura,111,848112,12008,11254,115,11369,118
2020-09-05,Yolo,113,214977,2642,2534,5,2539,53
2020-09-05,Yuba,115,75493,960,902,3,905,1
2020-09-04,Alameda,001,1643700,19794,18843,137,18980,276
2020-09-04,Alpine,003,1148,2,2,0,2,0
2020-09-04,Amador,005,37829,275,274,0,274,16
2020-09-04,Butte,007,227075,2642,2325,20,2345,28
2020-09-04,Calaveras,009,45235,283,237,0,237,1
2020-09-04,Colusa,011,21464,486,467,0,467,6
2020-09-04,Contra Costa,013,1133247,15301,14355,63,14418,164
2020-09-04,Del Norte,015,27424,121,109,0,109,2
2020-09-04,El Dorado,017,186661,1055,992,0,992,2
2020-09-04,Fresno,019,978130,28776,26147,328,26475,321
2020-09-04,Glenn,021,27897,507,463,0,463,3
2020-09-04,Humboldt,023,135768,440,390,1,391,4
2020-09-04,Imperial,025,180216,11408,10136,19,10155,267
2020-09-04,Inyo,027,18085,184,169,4,173,2
2020-09-04,Kern,029,883053,30463,29526,255,29781,345
2020-09-04,Kings,031,150075,6947,6259,36,6295,66
2020-09-04,Lake,033,64148,398,347,0,347,2
2020-09-04,Lassen,035,31185,732,708,2,710,0
2020-09-04,Los Angeles,037,10098052,249523,246396,1444,247840,5977
2020-09-04,Madera,039,155013,4085,3838,29,3867,42
2020-09-04,Marin,041,260295,6370,6251,15,6266,66
2020-09-04,Mariposa,043,17540,74,72,0,72,2
2020-09-04,Mendocino,045,87422,708,646,0,646,16
2020-09-04,Merced,047,269075,8417,8214,13,8227,104
2020-09-04,Modoc,049,8938,23,15,0,15,0
2020-09-04,Mono,051,14174,164,145,2,147,1
2020-09-04,Monterey,053,433212,8729,8208,22,8230,56
2020-09-04,Napa,055,140530,1551,1475,6,1481,11
2020-09-04,Nevada,057,99092,480,455,14,469,6
2020-09-04,Orange,059,3164182,51433,48488,1288,49776,1031
2020-09-04,Placer,061,380077,3291,3101,13,3114,35
2020-09-04,Plumas,063,18699,44,42,0,42,0
2020-09-04,Riverside,065,2383286,54977,53606,76,53682,1066
2020-09-04,Sacramento,067,1510023,19718,18765,19,18784,337
2020-09-04,San Benito,069,59416,1218,1137,0,1137,4
2020-09-04,San Bernardino,071,2135413,50499,48497,320,48817,800
2020-09-04,San Diego,073,3302833,41951,39901,599,40500,701
2020-09-04,San Francisco,075,870044,10158,9694,20,9714,85
2020-09-04,San Joaquin,077,732212,19134,18438,40,18478,376
2020-09-04,San Luis Obispo,079,281455,3303,3049,19,3068,21
2020-09-04,San Mateo,081,765935,9079,8275,9,8284,122
2020-09-04,Santa Barbara,083,443738,8585,8340,72,8412,96
2020-09-04,Santa Clara,085,1922200,19701,18074,37,18111,209
2020-09-04,Santa Cruz,087,273765,2025,1896,17,1913,7
2020-09-04,Shasta,089,179085,656,536,3,539,10
2020-09-04,Sierra,091,2930,6,6,0,6,0
2020-09-04,Siskiyou,093,43540,145,129,9,138,0
2020-09-04,Solano,095,438530,5732,5552,41,5593,37
2020-09-04,Sonoma,097,501317,6464,6050,19,6069,85
2020-09-04,Stanislaus,099,539301,15696,15074,395,15469,233
2020-09-04,Sutter,101,95872,1495,1425,1,1426,11
2020-09-04,Tehama,103,63373,460,442,2,444,1
2020-09-04,Trinity,105,12862,50,13,7,20,0
2020-09-04,Tulare,107,460477,15186,14501,65,14566,247
2020-09-04,Tuolumne,109,53932,216,193,3,196,1
2020-09-04,Ventura,111,848112,11966,11171,115,11286,114
2020-09-04,Yolo,113,214977,2628,2495,5,2500,53
2020-09-04,Yuba,115,75493,955,884,3,887,1
2020-09-03,Alameda,001,1643700,19691,18687,137,18824,275
2020-09-03,Alpine,003,1148,2,2,0,2,0
2020-09-03,Amador,005,37829,275,274,0,274,16
2020-09-03,Butte,007,227075,2597,2274,20,2294,27
2020-09-03,Calaveras,009,45235,282,238,0,238,1
2020-09-03,Colusa,011,21464,484,464,0,464,6
2020-09-03,Contra Costa,013,1133247,15194,14206,60,14266,159
2020-09-03,Del Norte,015,27424,118,109,0,109,2
2020-09-03,El Dorado,017,186661,1051,983,0,983,2
2020-09-03,Fresno,019,978130,28657,25978,323,26301,313
2020-09-03,Glenn,021,27897,503,460,0,460,3
2020-09-03,Humboldt,023,135768,435,390,1,391,4
2020-09-03,Imperial,025,180216,11388,10083,17,10100,255
2020-09-03,Inyo,027,18085,182,171,4,175,3
2020-09-03,Kern,029,883053,30371,29426,241,29667,340
2020-09-03,Kings,031,150075,6867,6200,36,6236,64
2020-09-03,Lake,033,64148,389,347,0,347,2
2020-09-03,Lassen,035,31185,732,707,2,709,0
2020-09-03,Los Angeles,037,10098052,248664,245026,1423,246449,5931
2020-09-03,Madera,039,155013,4066,3780,29,3809,43
2020-09-03,Marin,041,260295,6351,6175,15,6190,66
2020-09-03,Mariposa,043,17540,74,71,0,71,2
2020-09-03,Mendocino,045,87422,699,638,0,638,16
2020-09-03,Merced,047,269075,8375,8136,13,8149,105
2020-09-03,Modoc,049,8938,23,14,0,14,0
2020-09-03,Mono,051,14174,163,144,2,146,1
2020-09-03,Monterey,053,433212,8675,8128,22,8150,56
2020-09-03,Napa,055,140530,1544,1466,6,1472,10
2020-09-03,Nevada,057,99092,477,453,14,467,6
2020-09-03,Orange,059,3164182,51246,48226,1273,49499,1009
2020-09-03,Placer,061,380077,3273,3069,13,3082,34
2020-09-03,Plumas,063,18699,44,39,0,39,0
2020-09-03,Riverside,065,2383286,54797,53341,72,53413,1052
2020-09-03,Sacramento,067,1510023,19590,18553,18,18571,328
2020-09-03,San Benito,069,59416,1207,1121,0,1121,4
2020-09-03,San Bernardino,071,2135413,50333,48165,319,48484,800
2020-09-03,San Diego,073,3302833,41637,39448,583,40031,700
2020-09-03,San Francisco,075,870044,10092,9636,18,9654,84
2020-09-03,San Joaquin,077,732212,19057,18331,40,18371,371
2020-09-03,San Luis Obispo,079,281455,3286,3023,19,3042,21
2020-09-03,San Mateo,081,765935,9005,8211,9,8220,122
2020-09-03,Santa Barbara,083,443738,8537,8277,72,8349,96
2020-09-03,Santa Clara,085,1922200,19521,17879,37,17916,208
2020-09-03,Santa Cruz,087,273765,2010,1870,17,1887,7
2020-09-03,Shasta,089,179085,651,535,3,538,10
2020-09-03,Sierra,091,2930,6,6,0,6,0
2020-09-03,Siskiyou,093,43540,145,128,9,137,0
2020-09-03,Solano,095,438530,5712,5499,40,5539,36
2020-09-03,Sonoma,097,501317,6402,5997,19,6016,62
2020-09-03,Stanislaus,099,539301,15644,14985,391,15376,217
2020-09-03,Sutter,101,95872,1485,1412,1,1413,11
2020-09-03,Tehama,103,63373,456,436,2,438,1
2020-09-03,Trinity,105,12862,48,13,7,20,0
2020-09-03,Tulare,107,460477,15120,14408,64,14472,244
2020-09-03,Tuolumne,109,53932,216,193,3,196,1
2020-09-03,Ventura,111,848112,11848,11109,112,11221,112
2020-09-03,Yolo,113,214977,2612,2475,5,2480,53
2020-09-03,Yuba,115,75493,948,867,3,870,1
2020-09-02,Alameda,001,1643700,19571,18522,134,18656,260
2020-09-02,Alpine,003,1148,2,2,0,2,0
2020-09-02,Amador,005,37829,275,245,0,245,14
2020-09-02,Butte,007,227075,2551,2241,20,2261,27
2020-09-02,Calaveras,009,45235,281,235,0,235,1
2020-09-02,Colusa,011,21464,480,460,0,460,6
2020-09-02,Contra Costa,013,1133247,15105,14097,58,14155,159
2020-09-02,Del Norte,015,27424,117,109,0,109,2
2020-09-02,El Dorado,017,186661,1047,975,0,975,2
2020-09-02,Fresno,019,978130,28509,25785,320,26105,292
2020-09-02,Glenn,021,27897,498,457,0,457,3
2020-09-02,Humboldt,023,135768,432,381,1,382,4
2020-09-02,Imperial,025,180216,11372,9832,17,9849,255
2020-09-02,Inyo,027,18085,182,171,4,175,3
2020-09-02,Kern,029,883053,30279,29288,235,29523,335
2020-09-02,Kings,031,150075,6782,6142,36,6178,64
2020-09-02,Lake,033,64148,385,342,0,342,2
2020-09-02,Lassen,035,31185,730,706,2,708,0
2020-09-02,Los Angeles,037,10098052,247733,243999,1395,245394,5887
2020-09-02,Madera,039,155013,4046,3735,29,3764,41
2020-09-02,Marin,041,260295,6336,6131,15,6146,66
2020-09-02,Mariposa,043,17540,74,71,0,71,2
2020-09-02,Mendocino,045,87422,689,636,0,636,15
2020-09-02,Merced,047,269075,8344,8097,12,8109,103
2020-09-02,Modoc,049,8938,22,11,0,11,0
2020-09-02,Mono,051,14174,163,145,2,147,1
2020-09-02,Monterey,053,433212,8611,8070,22,8092,56
2020-09-02,Napa,055,140530,1532,1454,6,1460,10
2020-09-02,Nevada,057,99092,471,452,13,465,6
2020-09-02,Orange,059,3164182,51065,47871,1263,49134,994
2020-09-02,Placer,061,380077,3248,3047,12,3059,33
2020-09-02,Plumas,063,18699,44,39,0,39,0
2020-09-02,Riverside,065,2383286,54595,52923,69,52992,1032
2020-09-02,Sacramento,067,1510023,19357,18355,17,18372,316
2020-09-02,San Benito,069,59416,1194,1107,0,1107,4
2020-09-02,San Bernardino,071,2135413,50170,47766,316,48082,794
2020-09-02,San Diego,073,3302833,41317,39123,569,39692,695
2020-09-02,San Francisco,075,870044,10023,9587,18,9605,84
2020-09-02,San Joaquin,077,732212,18976,18194,39,18233,352
2020-09-02,San Luis Obispo,079,281455,3260,3002,18,3020,21
2020-09-02,San Mateo,081,765935,8948,8148,9,8157,122
2020-09-02,Santa Barbara,083,443738,8482,8206,71,8277,94
2020-09-02,Santa Clara,085,1922200,19367,17673,37,17710,206
2020-09-02,Santa Cruz,087,273765,1987,1850,17,1867,7
2020-09-02,Shasta,089,179085,650,531,3,534,10
2020-09-02,Sierra,091,2930,6,6,0,6,0
2020-09-02,Siskiyou,093,43540,144,127,9,136,0
2020-09-02,Solano,095,438530,5684,5463,40,5503,36
2020-09-02,Sonoma,097,501317,6340,5846,19,5865,62
2020-09-02,Stanislaus,099,539301,15574,14854,384,15238,220
2020-09-02,Sutter,101,95872,1470,1401,1,1402,10
2020-09-02,Tehama,103,63373,453,429,2,431,1
2020-09-02,Trinity,105,12862,48,13,7,20,0
2020-09-02,Tulare,107,460477,15053,14298,63,14361,244
2020-09-02,Tuolumne,109,53932,216,190,3,193,1
2020-09-02,Ventura,111,848112,11761,11031,111,11142,111
2020-09-02,Yolo,113,214977,2591,2449,5,2454,54
2020-09-02,Yuba,115,75493,941,856,3,859,1
2020-09-01,Alameda,001,1643700,19432,18382,131,18513,248
2020-09-01,Alpine,003,1148,2,2,0,2,0
2020-09-01,Amador,005,37829,274,244,0,244,13
2020-09-01,Butte,007,227075,2494,2146,20,2166,26
2020-09-01,Calaveras,009,45235,273,228,0,228,1
2020-09-01,Colusa,011,21464,476,454,0,454,6
2020-09-01,Contra Costa,013,1133247,15011,13998,56,14054,158
2020-09-01,Del Norte,015,27424,116,108,0,108,2
2020-09-01,El Dorado,017,186661,1039,972,0,972,2
2020-09-01,Fresno,019,978130,28362,25542,317,25859,290
2020-09-01,Glenn,021,27897,491,449,0,449,3
2020-09-01,Humboldt,023,135768,426,378,1,379,4
2020-09-01,Imperial,025,180216,11346,9782,17,9799,250
2020-09-01,Inyo,027,18085,182,171,4,175,3
2020-09-01,Kern,029,883053,30188,29162,230,29392,332
2020-09-01,Kings,031,150075,6751,6088,36,6124,62
2020-09-01,Lake,033,64148,382,341,0,341,2
2020-09-01,Lassen,035,31185,727,706,2,708,0
2020-09-01,Los Angeles,037,10098052,246642,242633,1371,244004,5832
2020-09-01,Madera,039,155013,4017,3703,28,3731,41
2020-09-01,Marin,041,260295,6321,6102,15,6117,67
2020-09-01,Mariposa,043,17540,73,72,0,72,2
2020-09-01,Mendocino,045,87422,674,626,0,626,15
2020-09-01,Merced,047,269075,8291,8046,11,8057,103
2020-09-01,Modoc,049,8938,20,10,0,10,0
2020-09-01,Mono,051,14174,163,145,2,147,1
2020-09-01,Monterey,053,433212,8504,7926,22,7948,56
2020-09-01,Napa,055,140530,1517,1446,6,1452,10
2020-09-01,Nevada,057,99092,465,450,13,463,6
2020-09-01,Orange,059,3164182,50901,47671,1244,48915,976
2020-09-01,Placer,061,380077,3226,3013,12,3025,33
2020-09-01,Plumas,063,18699,44,39,0,39,0
2020-09-01,Riverside,065,2383286,54377,52785,68,52853,1027
2020-09-01,Sacramento,067,1510023,19173,18217,16,18233,305
2020-09-01,San Benito,069,59416,1182,1089,0,1089,4
2020-09-01,San Bernardino,071,2135413,49963,47371,315,47686,786
2020-09-01,San Diego,073,3302833,40959,38873,531,39404,688
2020-09-01,San Francisco,075,870044,9954,9492,18,9510,83
2020-09-01,San Joaquin,077,732212,18894,17915,38,17953,341
2020-09-01,San Luis Obispo,079,281455,3234,2970,18,2988,21
2020-09-01,San Mateo,081,765935,8868,8132,9,8141,122
2020-09-01,Santa Barbara,083,443738,8432,8142,70,8212,93
2020-09-01,Santa Clara,085,1922200,19188,17319,37,17356,204
2020-09-01,Santa Cruz,087,273765,1963,1752,17,1769,7
2020-09-01,Shasta,089,179085,642,527,3,530,9
2020-09-01,Sierra,091,2930,6,6,0,6,0
2020-09-01,Siskiyou,093,43540,141,128,8,136,0
2020-09-01,Solano,095,438530,5658,5438,40,5478,34
2020-09-01,Sonoma,097,501317,6250,5733,19,5752,60
2020-09-01,Stanislaus,099,539301,15498,14784,374,15158,212
2020-09-01,Sutter,101,95872,1459,1389,1,1390,10
2020-09-01,Tehama,103,63373,449,422,2,424,1
2020-09-01,Trinity,105,12862,47,13,6,19,0
2020-09-01,Tulare,107,460477,14970,14156,63,14219,241
2020-09-01,Tuolumne,109,53932,210,183,3,186,1
2020-09-01,Ventura,111,848112,11683,10899,106,11005,108
2020-09-01,Yolo,113,214977,2575,2440,5,2445,51
2020-09-01,Yuba,115,75493,932,841,3,844,1
2020-08-31,Alameda,001,1643700,19287,18148,131,18279,248
2020-08-31,Alpine,003,1148,2,2,0,2,0
2020-08-31,Amador,005,37829,274,243,0,243,13
2020-08-31,Butte,007,227075,2430,2069,20,2089,26
2020-08-31,Calaveras,009,45235,268,212,0,212,1
2020-08-31,Colusa,011,21464,475,443,0,443,6
2020-08-31,Contra Costa,013,1133247,14884,13902,53,13955,153
2020-08-31,Del Norte,015,27424,116,108,0,108,2
2020-08-31,El Dorado,017,186661,1032,965,0,965,2
2020-08-31,Fresno,019,978130,28141,25185,311,25496,290
2020-08-31,Glenn,021,27897,479,437,0,437,3
2020-08-31,Humboldt,023,135768,424,374,1,375,4
2020-08-31,Imperial,025,180216,11315,9759,17,9776,250
2020-08-31,Inyo,027,18085,181,160,4,164,3
2020-08-31,Kern,029,883053,30090,29067,229,29296,318
2020-08-31,Kings,031,150075,6483,6037,36,6073,62
2020-08-31,Lake,033,64148,366,341,0,341,2
2020-08-31,Lassen,035,31185,724,706,2,708,0
2020-08-31,Los Angeles,037,10098052,245540,241793,1343,243136,5787
2020-08-31,Madera,039,155013,3994,3662,27,3689,35
2020-08-31,Marin,041,260295,6285,6074,15,6089,67
2020-08-31,Mariposa,043,17540,73,69,0,69,2
2020-08-31,Mendocino,045,87422,662,618,0,618,15
2020-08-31,Merced,047,269075,8229,7991,11,8002,79
2020-08-31,Modoc,049,8938,18,10,0,10,0
2020-08-31,Mono,051,14174,163,145,2,147,1
2020-08-31,Monterey,053,433212,8397,7839,22,7861,56
2020-08-31,Napa,055,140530,1509,1434,6,1440,10
2020-08-31,Nevada,057,99092,463,447,13,460,6
2020-08-31,Orange,059,3164182,50701,47392,1216,48608,965
2020-08-31,Placer,061,380077,3177,2989,12,3001,33
2020-08-31,Plumas,063,18699,43,39,0,39,0
2020-08-31,Riverside,065,2383286,54155,52508,66,52574,1020
2020-08-31,Sacramento,067,1510023,18936,17999,16,18015,303
2020-08-31,San Benito,069,59416,1166,1080,0,1080,4
2020-08-31,San Bernardino,071,2135413,49752,47370,314,47684,755
2020-08-31,San Diego,073,3302833,40592,38606,498,39104,682
2020-08-31,San Francisco,075,870044,9875,9293,15,9308,83
2020-08-31,San Joaquin,077,732212,18807,17807,37,17844,338
2020-08-31,San Luis Obispo,079,281455,3211,2951,17,2968,21
2020-08-31,San Mateo,081,765935,8798,8065,9,8074,122
2020-08-31,Santa Barbara,083,443738,8386,8124,70,8194,94
2020-08-31,Santa Clara,085,1922200,18999,17211,37,17248,202
2020-08-31,Santa Cruz,087,273765,1938,1742,17,1759,7
2020-08-31,Shasta,089,179085,637,528,3,531,9
2020-08-31,Sierra,091,2930,6,6,0,6,0
2020-08-31,Siskiyou,093,43540,140,127,8,135,0
2020-08-31,Solano,095,438530,5626,5302,39,5341,34
2020-08-31,Sonoma,097,501317,6175,5650,19,5669,60
2020-08-31,Stanislaus,099,539301,15423,14685,365,15050,213
2020-08-31,Sutter,101,95872,1444,1365,1,1366,10
2020-08-31,Tehama,103,63373,446,421,2,423,1
2020-08-31,Trinity,105,12862,47,13,6,19,0
2020-08-31,Tulare,107,460477,14883,13985,61,14046,237
2020-08-31,Tuolumne,109,53932,210,178,3,181,1
2020-08-31,Ventura,111,848112,11595,10866,105,10971,108
2020-08-31,Yolo,113,214977,2557,2423,5,2428,51
2020-08-31,Yuba,115,75493,918,830,3,833,1
2020-08-30,Alameda,001,1643700,19163,18099,129,18228,248
2020-08-30,Alpine,003,1148,2,2,0,2,0
2020-08-30,Amador,005,37829,273,240,0,240,13
2020-08-30,Butte,007,227075,2349,1988,20,2008,26
2020-08-30,Calaveras,009,45235,259,211,0,211,1
2020-08-30,Colusa,011,21464,474,440,0,440,6
2020-08-30,Contra Costa,013,1133247,14746,13780,53,13833,150
2020-08-30,Del Norte,015,27424,115,108,0,108,2
2020-08-30,El Dorado,017,186661,1022,962,0,962,2
2020-08-30,Fresno,019,978130,28014,24963,310,25273,291
2020-08-30,Glenn,021,27897,472,437,0,437,3
2020-08-30,Humboldt,023,135768,413,362,1,363,4
2020-08-30,Imperial,025,180216,11296,9703,16,9719,250
2020-08-30,Inyo,027,18085,181,160,4,164,3
2020-08-30,Kern,029,883053,29997,28987,229,29216,317
2020-08-30,Kings,031,150075,6437,6000,36,6036,62
2020-08-30,Lake,033,64148,361,334,0,334,2
2020-08-30,Lassen,035,31185,722,706,2,708,0
2020-08-30,Los Angeles,037,10098052,244403,240775,1310,242085,5772
2020-08-30,Madera,039,155013,3965,3626,27,3653,33
2020-08-30,Marin,041,260295,6255,6060,15,6075,66
2020-08-30,Mariposa,043,17540,73,69,0,69,2
2020-08-30,Mendocino,045,87422,656,611,0,611,13
2020-08-30,Merced,047,269075,8154,7960,11,7971,79
2020-08-30,Modoc,049,8938,13,10,0,10,0
2020-08-30,Mono,051,14174,163,145,2,147,1
2020-08-30,Monterey,053,433212,8313,7816,22,7838,54
2020-08-30,Napa,055,140530,1497,1423,6,1429,10
2020-08-30,Nevada,057,99092,460,445,13,458,6
2020-08-30,Orange,059,3164182,50506,47283,1202,48485,965
2020-08-30,Placer,061,380077,3144,2961,12,2973,32
2020-08-30,Plumas,063,18699,42,39,0,39,0
2020-08-30,Riverside,065,2383286,53976,52227,64,52291,1017
2020-08-30,Sacramento,067,1510023,18758,17751,16,17767,300
2020-08-30,San Benito,069,59416,1156,1071,0,1071,4
2020-08-30,San Bernardino,071,2135413,49495,47201,314,47515,755
2020-08-30,San Diego,073,3302833,40194,38302,477,38779,682
2020-08-30,San Francisco,075,870044,9777,9294,12,9306,83
2020-08-30,San Joaquin,077,732212,18690,17637,36,17673,338
2020-08-30,San Luis Obispo,079,281455,3186,2934,17,2951,21
2020-08-30,San Mateo,081,765935,8721,8013,8,8021,122
2020-08-30,Santa Barbara,083,443738,8326,8088,70,8158,93
2020-08-30,Santa Clara,085,1922200,18823,17045,37,17082,202
2020-08-30,Santa Cruz,087,273765,1912,1743,17,1760,7
2020-08-30,Shasta,089,179085,634,525,3,528,9
2020-08-30,Sierra,091,2930,6,6,0,6,0
2020-08-30,Siskiyou,093,43540,138,125,8,133,0
2020-08-30,Solano,095,438530,5582,5303,39,5342,34
2020-08-30,Sonoma,097,501317,6117,5590,19,5609,60
2020-08-30,Stanislaus,099,539301,15352,14580,356,14936,209
2020-08-30,Sutter,101,95872,1422,1351,1,1352,10
2020-08-30,Tehama,103,63373,437,419,2,421,1
2020-08-30,Trinity,105,12862,47,13,6,19,0
2020-08-30,Tulare,107,460477,14788,13985,60,14045,236
2020-08-30,Tuolumne,109,53932,206,178,3,181,1
2020-08-30,Ventura,111,848112,11482,10775,100,10875,108
2020-08-30,Yolo,113,214977,2529,2391,4,2395,51
2020-08-30,Yuba,115,75493,904,832,3,835,1
2020-08-29,Alameda,001,1643700,19096,17888,129,18017,250
2020-08-29,Alpine,003,1148,2,2,0,2,0
2020-08-29,Amador,005,37829,273,239,0,239,13
2020-08-29,Butte,007,227075,2318,1948,20,1968,26
2020-08-29,Calaveras,009,45235,255,211,0,211,1
2020-08-29,Colusa,011,21464,471,440,0,440,6
2020-08-29,Contra Costa,013,1133247,14673,13663,52,13715,159
2020-08-29,Del Norte,015,27424,115,108,0,108,1
2020-08-29,El Dorado,017,186661,1019,958,0,958,2
2020-08-29,Fresno,019,978130,27959,24821,310,25131,291
2020-08-29,Glenn,021,27897,466,437,0,437,3
2020-08-29,Humboldt,023,135768,410,363,1,364,4
2020-08-29,Imperial,025,180216,11281,9698,16,9714,250
2020-08-29,Inyo,027,18085,181,160,4,164,3
2020-08-29,Kern,029,883053,29956,28947,228,29175,317
2020-08-29,Kings,031,150075,6422,5906,36,5942,62
2020-08-29,Lake,033,64148,360,329,0,329,2
2020-08-29,Lassen,035,31185,722,706,2,708,0
2020-08-29,Los Angeles,037,10098052,243773,239815,1297,241112,5762
2020-08-29,Madera,039,155013,3956,3605,26,3631,33
2020-08-29,Marin,041,260295,6243,6007,15,6022,64
2020-08-29,Mariposa,043,17540,73,69,0,69,2
2020-08-29,Mendocino,045,87422,651,596,0,596,13
2020-08-29,Merced,047,269075,8124,7867,11,7878,79
2020-08-29,Modoc,049,8938,13,9,0,9,0
2020-08-29,Mono,051,14174,163,145,2,147,1
2020-08-29,Monterey,053,433212,8268,7680,22,7702,53
2020-08-29,Napa,055,140530,1494,1413,6,1419,10
2020-08-29,Nevada,057,99092,460,442,13,455,5
2020-08-29,Orange,059,3164182,50396,47007,1192,48199,960
2020-08-29,Placer,061,380077,3127,2935,12,2947,32
2020-08-29,Plumas,063,18699,41,39,0,39,0
2020-08-29,Riverside,065,2383286,53864,51918,62,51980,1016
2020-08-29,Sacramento,067,1510023,18686,17588,16,17604,291
2020-08-29,San Benito,069,59416,1147,1045,0,1045,4
2020-08-29,San Bernardino,071,2135413,49380,46849,314,47163,755
2020-08-29,San Diego,073,3302833,39928,38049,459,38508,694
2020-08-29,San Francisco,075,870044,9749,9291,11,9302,83
2020-08-29,San Joaquin,077,732212,18646,17493,36,17529,335
2020-08-29,San Luis Obispo,079,281455,3161,2917,17,2934,21
2020-08-29,San Mateo,081,765935,8679,7928,8,7936,122
2020-08-29,Santa Barbara,083,443738,8300,8052,69,8121,93
2020-08-29,Santa Clara,085,1922200,18726,16898,36,16934,202
2020-08-29,Santa Cruz,087,273765,1900,1746,17,1763,7
2020-08-29,Shasta,089,179085,626,522,3,525,9
2020-08-29,Sierra,091,2930,6,6,0,6,0
2020-08-29,Siskiyou,093,43540,138,121,8,129,0
2020-08-29,Solano,095,438530,5561,5303,39,5342,34
2020-08-29,Sonoma,097,501317,6083,5537,19,5556,60
2020-08-29,Stanislaus,099,539301,15303,14479,346,14825,208
2020-08-29,Sutter,101,95872,1417,1333,1,1334,9
2020-08-29,Tehama,103,63373,436,417,2,419,1
2020-08-29,Trinity,105,12862,46,11,6,17,0
2020-08-29,Tulare,107,460477,14750,13890,59,13949,236
2020-08-29,Tuolumne,109,53932,206,178,3,181,1
2020-08-29,Ventura,111,848112,11440,10705,100,10805,108
2020-08-29,Yolo,113,214977,2511,2357,4,2361,51
2020-08-29,Yuba,115,75493,895,822,3,825,1
2020-08-28,Alameda,001,1643700,19013,17729,128,17857,237
2020-08-28,Alpine,003,1148,2,2,0,2,0
2020-08-28,Amador,005,37829,273,234,0,234,13
2020-08-28,Butte,007,227075,2288,1886,20,1906,25
2020-08-28,Calaveras,009,45235,253,207,0,207,1
2020-08-28,Colusa,011,21464,470,441,0,441,6
2020-08-28,Contra Costa,013,1133247,14602,13522,51,13573,158
2020-08-28,Del Norte,015,27424,115,107,0,107,1
2020-08-28,El Dorado,017,186661,1013,949,0,949,2
2020-08-28,Fresno,019,978130,27825,24612,310,24922,282
2020-08-28,Glenn,021,27897,459,429,0,429,3
2020-08-28,Humboldt,023,135768,406,362,1,363,4
2020-08-28,Imperial,025,180216,11267,9656,16,9672,241
2020-08-28,Inyo,027,18085,180,160,4,164,2
2020-08-28,Kern,029,883053,29908,28744,228,28972,306
2020-08-28,Kings,031,150075,6415,5829,35,5864,62
2020-08-28,Lake,033,64148,355,320,0,320,2
2020-08-28,Lassen,035,31185,722,704,2,706,0
2020-08-28,Los Angeles,037,10098052,242963,238544,1273,239817,5740
2020-08-28,Madera,039,155013,3937,3552,26,3578,33
2020-08-28,Marin,041,260295,6221,5991,15,6006,63
2020-08-28,Mariposa,043,17540,73,67,0,67,2
2020-08-28,Mendocino,045,87422,646,588,0,588,11
2020-08-28,Merced,047,269075,8094,7803,11,7814,77
2020-08-28,Modoc,049,8938,13,6,0,6,0
2020-08-28,Mono,051,14174,163,145,2,147,1
2020-08-28,Monterey,053,433212,8211,7591,22,7613,53
2020-08-28,Napa,055,140530,1486,1403,5,1408,10
2020-08-28,Nevada,057,99092,459,438,13,451,5
2020-08-28,Orange,059,3164182,50296,46696,1177,47873,942
2020-08-28,Placer,061,380077,3116,2891,12,2903,32
2020-08-28,Plumas,063,18699,41,39,0,39,0
2020-08-28,Riverside,065,2383286,53733,51510,59,51569,1008
2020-08-28,Sacramento,067,1510023,18589,17119,16,17135,283
2020-08-28,San Benito,069,59416,1131,1016,0,1016,3
2020-08-28,San Bernardino,071,2135413,49262,46553,310,46863,754
2020-08-28,San Diego,073,3302833,39698,37786,444,38230,676
2020-08-28,San Francisco,075,870044,9696,9135,11,9146,83
2020-08-28,San Joaquin,077,732212,18593,17114,35,17149,314
2020-08-28,San Luis Obispo,079,281455,3144,2849,17,2866,20
2020-08-28,San Mateo,081,765935,8632,7783,8,7791,121
2020-08-28,Santa Barbara,083,443738,8268,8001,69,8070,92
2020-08-28,Santa Clara,085,1922200,18595,16696,36,16732,201
2020-08-28,Santa Cruz,087,273765,1888,1747,17,1764,7
2020-08-28,Shasta,089,179085,622,516,3,519,9
2020-08-28,Sierra,091,2930,6,6,0,6,0
2020-08-28,Siskiyou,093,43540,136,119,8,127,0
2020-08-28,Solano,095,438530,5542,5219,39,5258,34
2020-08-28,Sonoma,097,501317,6048,5425,18,5443,58
2020-08-28,Stanislaus,099,539301,15261,14176,342,14518,190
2020-08-28,Sutter,101,95872,1407,1308,1,1309,9
2020-08-28,Tehama,103,63373,431,410,2,412,1
2020-08-28,Trinity,105,12862,46,11,6,17,0
2020-08-28,Tulare,107,460477,14704,13776,59,13835,236
2020-08-28,Tuolumne,109,53932,206,176,3,179,1
2020-08-28,Ventura,111,848112,11404,10606,98,10704,103
2020-08-28,Yolo,113,214977,2502,2323,4,2327,51
2020-08-28,Yuba,115,75493,886,810,3,813,1
2020-08-27,Alameda,001,1643700,18868,17584,125,17709,234
2020-08-27,Alpine,003,1148,2,2,0,2,0
2020-08-27,Amador,005,37829,272,233,0,233,13
2020-08-27,Butte,007,227075,2222,1803,19,1822,25
2020-08-27,Calaveras,009,45235,247,204,0,204,1
2020-08-27,Colusa,011,21464,468,438,0,438,6
2020-08-27,Contra Costa,013,1133247,14501,13379,50,13429,158
2020-08-27,Del Norte,015,27424,115,107,0,107,1
2020-08-27,El Dorado,017,186661,1009,942,0,942,2
2020-08-27,Fresno,019,978130,27642,24367,305,24672,272
2020-08-27,Glenn,021,27897,451,429,0,429,3
2020-08-27,Humboldt,023,135768,398,358,1,359,4
2020-08-27,Imperial,025,180216,11240,9608,16,9624,235
2020-08-27,Inyo,027,18085,180,157,3,160,2
2020-08-27,Kern,029,883053,29836,28635,219,28854,294
2020-08-27,Kings,031,150075,6393,5759,35,5794,62
2020-08-27,Lake,033,64148,353,314,0,314,2
2020-08-27,Lassen,035,31185,722,703,2,705,0
2020-08-27,Los Angeles,037,10098052,241962,237103,1257,238360,5704
2020-08-27,Madera,039,155013,3911,3465,26,3491,33
2020-08-27,Marin,041,260295,6197,5929,15,5944,62
2020-08-27,Mariposa,043,17540,73,67,0,67,2
2020-08-27,Mendocino,045,87422,637,581,0,581,10
2020-08-27,Merced,047,269075,8049,7765,11,7776,75
2020-08-27,Modoc,049,8938,11,5,0,5,0
2020-08-27,Mono,051,14174,163,145,2,147,1
2020-08-27,Monterey,053,433212,8117,7501,22,7523,52
2020-08-27,Napa,055,140530,1480,1397,5,1402,10
2020-08-27,Nevada,057,99092,456,435,13,448,5
2020-08-27,Orange,059,3164182,50139,46449,1166,47615,935
2020-08-27,Placer,061,380077,3085,2869,12,2881,32
2020-08-27,Plumas,063,18699,40,39,0,39,0
2020-08-27,Riverside,065,2383286,53525,51306,56,51362,999
2020-08-27,Sacramento,067,1510023,18391,16875,16,16891,281
2020-08-27,San Benito,069,59416,1115,987,0,987,3
2020-08-27,San Bernardino,071,2135413,49036,46345,303,46648,751
2020-08-27,San Diego,073,3302833,39427,37501,424,37925,673
2020-08-27,San Francisco,075,870044,9630,9014,11,9025,83
2020-08-27,San Joaquin,077,732212,18513,16989,35,17024,314
2020-08-27,San Luis Obispo,079,281455,3119,2808,17,2825,20
2020-08-27,San Mateo,081,765935,8523,7728,8,7736,121
2020-08-27,Santa Barbara,083,443738,8230,7934,69,8003,92
2020-08-27,Santa Clara,085,1922200,18412,16495,36,16531,199
2020-08-27,Santa Cruz,087,273765,1871,1734,17,1751,7
2020-08-27,Shasta,089,179085,616,512,3,515,9
2020-08-27,Sierra,091,2930,6,6,0,6,0
2020-08-27,Siskiyou,093,43540,136,118,8,126,0
2020-08-27,Solano,095,438530,5504,5167,39,5206,34
2020-08-27,Sonoma,097,501317,5936,5357,18,5375,58
2020-08-27,Stanislaus,099,539301,15180,14080,339,14419,186
2020-08-27,Sutter,101,95872,1387,1296,1,1297,9
2020-08-27,Tehama,103,63373,427,398,2,400,1
2020-08-27,Trinity,105,12862,46,11,6,17,0
2020-08-27,Tulare,107,460477,14612,13666,58,13724,231
2020-08-27,Tuolumne,109,53932,201,174,3,177,1
2020-08-27,Ventura,111,848112,11341,10483,94,10577,102
2020-08-27,Yolo,113,214977,2478,2293,4,2297,51
2020-08-27,Yuba,115,75493,875,807,3,810,1
2020-08-26,Alameda,001,1643700,18706,17373,125,17498,233
2020-08-26,Alpine,003,1148,2,2,0,2,0
2020-08-26,Amador,005,37829,272,229,0,229,13
2020-08-26,Butte,007,227075,2155,1765,17,1782,25
2020-08-26,Calaveras,009,45235,240,201,0,201,1
2020-08-26,Colusa,011,21464,462,433,0,433,5
2020-08-26,Contra Costa,013,1133247,14364,13248,50,13298,157
2020-08-26,Del Norte,015,27424,114,86,0,86,1
2020-08-26,El Dorado,017,186661,1007,938,0,938,2
2020-08-26,Fresno,019,978130,27494,24071,303,24374,255
2020-08-26,Glenn,021,27897,449,429,0,429,3
2020-08-26,Humboldt,023,135768,386,357,1,358,4
2020-08-26,Imperial,025,180216,11218,9453,16,9469,227
2020-08-26,Inyo,027,18085,177,157,3,160,2
2020-08-26,Kern,029,883053,29697,28507,216,28723,286
2020-08-26,Kings,031,150075,6372,5720,35,5755,62
2020-08-26,Lake,033,64148,348,308,0,308,2
2020-08-26,Lassen,035,31185,722,702,2,704,0
2020-08-26,Los Angeles,037,10098052,240950,235499,1225,236724,5665
2020-08-26,Madera,039,155013,3882,3458,26,3484,32
2020-08-26,Marin,041,260295,6180,5887,15,5902,56
2020-08-26,Mariposa,043,17540,73,68,0,68,2
2020-08-26,Mendocino,045,87422,626,581,0,581,10
2020-08-26,Merced,047,269075,8016,7720,11,7731,74
2020-08-26,Modoc,049,8938,8,5,0,5,0
2020-08-26,Mono,051,14174,163,141,2,143,1
2020-08-26,Monterey,053,433212,8024,7439,22,7461,51
2020-08-26,Napa,055,140530,1467,1382,5,1387,10
2020-08-26,Nevada,057,99092,453,432,13,445,2
2020-08-26,Orange,059,3164182,49955,46157,1151,47308,905
2020-08-26,Placer,061,380077,3063,2846,10,2856,32
2020-08-26,Plumas,063,18699,39,39,0,39,0
2020-08-26,Riverside,065,2383286,53283,51138,56,51194,987
2020-08-26,Sacramento,067,1510023,18228,16708,16,16724,271
2020-08-26,San Benito,069,59416,1100,978,0,978,3
2020-08-26,San Bernardino,071,2135413,48827,45840,299,46139,743
2020-08-26,San Diego,073,3302833,39089,37224,397,37621,668
2020-08-26,San Francisco,075,870044,9555,8938,11,8949,81
2020-08-26,San Joaquin,077,732212,18424,16845,34,16879,309
2020-08-26,San Luis Obispo,079,281455,3091,2761,17,2778,20
2020-08-26,San Mateo,081,765935,8456,7655,8,7663,121
2020-08-26,Santa Barbara,083,443738,8196,7904,69,7973,90
2020-08-26,Santa Clara,085,1922200,18235,16283,36,16319,198
2020-08-26,Santa Cruz,087,273765,1860,1726,17,1743,7
2020-08-26,Shasta,089,179085,611,511,3,514,9
2020-08-26,Sierra,091,2930,6,6,0,6,0
2020-08-26,Siskiyou,093,43540,133,109,8,117,0
2020-08-26,Solano,095,438530,5480,5131,38,5169,34
2020-08-26,Sonoma,097,501317,5862,5283,18,5301,58
2020-08-26,Stanislaus,099,539301,15103,13964,333,14297,186
2020-08-26,Sutter,101,95872,1369,1275,1,1276,9
2020-08-26,Tehama,103,63373,424,396,2,398,1
2020-08-26,Trinity,105,12862,45,10,6,16,0
2020-08-26,Tulare,107,460477,14545,13568,58,13626,232
2020-08-26,Tuolumne,109,53932,200,172,3,175,1
2020-08-26,Ventura,111,848112,11269,10412,87,10499,100
2020-08-26,Yolo,113,214977,2456,2279,4,2283,49
2020-08-26,Yuba,115,75493,860,779,3,782,1
2020-08-25,Alameda,001,1643700,18549,17278,125,17403,232
2020-08-25,Alpine,003,1148,2,2,0,2,0
2020-08-25,Amador,005,37829,272,227,0,227,13
2020-08-25,Butte,007,227075,2088,1718,17,1735,24
2020-08-25,Calaveras,009,45235,238,196,0,196,1
2020-08-25,Colusa,011,21464,455,430,0,430,5
2020-08-25,Contra Costa,013,1133247,14226,13181,49,13230,156
2020-08-25,Del Norte,015,27424,113,83,0,83,1
2020-08-25,El Dorado,017,186661,1004,928,0,928,2
2020-08-25,Fresno,019,978130,27305,23932,302,24234,250
2020-08-25,Glenn,021,27897,446,429,0,429,3
2020-08-25,Humboldt,023,135768,381,342,1,343,4
2020-08-25,Imperial,025,180216,11190,9381,16,9397,217
2020-08-25,Inyo,027,18085,175,144,3,147,1
2020-08-25,Kern,029,883053,29560,28416,216,28632,285
2020-08-25,Kings,031,150075,6215,5702,35,5737,59
2020-08-25,Lake,033,64148,343,304,0,304,2
2020-08-25,Lassen,035,31185,721,692,2,694,0
2020-08-25,Los Angeles,037,10098052,239655,233961,1175,235136,5612
2020-08-25,Madera,039,155013,3867,3446,25,3471,32
2020-08-25,Marin,041,260295,6142,5860,15,5875,56
2020-08-25,Mariposa,043,17540,73,67,0,67,2
2020-08-25,Mendocino,045,87422,618,571,0,571,10
2020-08-25,Merced,047,269075,7949,7693,10,7703,69
2020-08-25,Modoc,049,8938,8,5,0,5,0
2020-08-25,Mono,051,14174,163,129,2,131,1
2020-08-25,Monterey,053,433212,7944,7333,22,7355,51
2020-08-25,Napa,055,140530,1460,1374,5,1379,10
2020-08-25,Nevada,057,99092,449,430,13,443,2
2020-08-25,Orange,059,3164182,49761,45737,1135,46872,902
2020-08-25,Placer,061,380077,3044,2829,7,2836,31
2020-08-25,Plumas,063,18699,39,39,0,39,0
2020-08-25,Riverside,065,2383286,53052,50889,56,50945,981
2020-08-25,Sacramento,067,1510023,18075,16601,16,16617,265
2020-08-25,San Benito,069,59416,1084,973,0,973,3
2020-08-25,San Bernardino,071,2135413,48592,45544,296,45840,727
2020-08-25,San Diego,073,3302833,38810,36996,375,37371,665
2020-08-25,San Francisco,075,870044,9477,8848,11,8859,81
2020-08-25,San Joaquin,077,732212,18297,16795,34,16829,306
2020-08-25,San Luis Obispo,079,281455,3031,2731,16,2747,20
2020-08-25,San Mateo,081,765935,8396,7636,8,7644,120
2020-08-25,Santa Barbara,083,443738,8144,7854,69,7923,90
2020-08-25,Santa Clara,085,1922200,18062,16199,36,16235,194
2020-08-25,Santa Cruz,087,273765,1841,1708,17,1725,7
2020-08-25,Shasta,089,179085,607,511,3,514,9
2020-08-25,Sierra,091,2930,6,6,0,6,0
2020-08-25,Siskiyou,093,43540,132,109,8,117,0
2020-08-25,Solano,095,438530,5419,5114,38,5152,34
2020-08-25,Sonoma,097,501317,5777,5148,18,5166,56
2020-08-25,Stanislaus,099,539301,14995,13886,322,14208,182
2020-08-25,Sutter,101,95872,1352,1259,1,1260,9
2020-08-25,Tehama,103,63373,421,394,2,396,1
2020-08-25,Trinity,105,12862,44,10,6,16,0
2020-08-25,Tulare,107,460477,14442,13514,57,13571,224
2020-08-25,Tuolumne,109,53932,198,172,3,175,1
2020-08-25,Ventura,111,848112,11184,10313,82,10395,99
2020-08-25,Yolo,113,214977,2443,2254,4,2258,50
2020-08-25,Yuba,115,75493,850,775,3,778,1
2020-08-24,Alameda,001,1643700,18355,16913,124,17037,231
2020-08-24,Alpine,003,1148,2,2,0,2,0
2020-08-24,Amador,005,37829,270,227,0,227,13
2020-08-24,Butte,007,227075,2004,1649,17,1666,23
2020-08-24,Calaveras,009,45235,228,187,0,187,1
2020-08-24,Colusa,011,21464,451,425,0,425,5
2020-08-24,Contra Costa,013,1133247,14111,12906,47,12953,153
2020-08-24,Del Norte,015,27424,113,80,0,80,1
2020-08-24,El Dorado,017,186661,996,908,0,908,2
2020-08-24,Fresno,019,978130,27117,23618,295,23913,235
2020-08-24,Glenn,021,27897,444,421,0,421,2
2020-08-24,Humboldt,023,135768,377,340,1,341,4
2020-08-24,Imperial,025,180216,11156,9323,15,9338,210
2020-08-24,Inyo,027,18085,171,144,3,147,2
2020-08-24,Kern,029,883053,29463,28157,210,28367,277
2020-08-24,Kings,031,150075,6127,5652,35,5687,60
2020-08-24,Lake,033,64148,329,302,0,302,2
2020-08-24,Lassen,035,31185,721,693,2,695,0
2020-08-24,Los Angeles,037,10098052,238294,233036,1156,234192,5562
2020-08-24,Madera,039,155013,3840,3418,25,3443,32
2020-08-24,Marin,041,260295,6079,5834,15,5849,56
2020-08-24,Mariposa,043,17540,71,66,0,66,2
2020-08-24,Mendocino,045,87422,603,550,0,550,10
2020-08-24,Merced,047,269075,7871,7605,10,7615,69
2020-08-24,Modoc,049,8938,8,5,0,5,0
2020-08-24,Mono,051,14174,163,129,2,131,1
2020-08-24,Monterey,053,433212,7835,7212,21,7233,50
2020-08-24,Napa,055,140530,1447,1358,5,1363,10
2020-08-24,Nevada,057,99092,444,423,13,436,2
2020-08-24,Orange,059,3164182,49568,45536,1125,46661,887
2020-08-24,Placer,061,380077,2998,2793,7,2800,31
2020-08-24,Plumas,063,18699,39,37,0,37,0
2020-08-24,Riverside,065,2383286,52774,50496,56,50552,975
2020-08-24,Sacramento,067,1510023,17878,16318,16,16334,249
2020-08-24,San Benito,069,59416,1063,961,0,961,3
2020-08-24,San Bernardino,071,2135413,48329,45199,294,45493,720
2020-08-24,San Diego,073,3302833,38522,36729,347,37076,660
2020-08-24,San Francisco,075,870044,9394,8621,10,8631,81
2020-08-24,San Joaquin,077,732212,18156,16565,33,16598,305
2020-08-24,San Luis Obispo,079,281455,3003,2705,16,2721,20
2020-08-24,San Mateo,081,765935,8329,7502,8,7510,120
2020-08-24,Santa Barbara,083,443738,8103,7784,69,7853,90
2020-08-24,Santa Clara,085,1922200,17858,16049,36,16085,192
2020-08-24,Santa Cruz,087,273765,1821,1627,16,1643,6
2020-08-24,Shasta,089,179085,605,505,3,508,9
2020-08-24,Sierra,091,2930,6,6,0,6,0
2020-08-24,Siskiyou,093,43540,128,107,8,115,0
2020-08-24,Solano,095,438530,5370,4979,36,5015,32
2020-08-24,Sonoma,097,501317,5675,5071,18,5089,56
2020-08-24,Stanislaus,099,539301,14896,13521,308,13829,171
2020-08-24,Sutter,101,95872,1333,1219,1,1220,9
2020-08-24,Tehama,103,63373,416,388,2,390,1
2020-08-24,Trinity,105,12862,44,10,6,16,0
2020-08-24,Tulare,107,460477,14335,13360,56,13416,223
2020-08-24,Tuolumne,109,53932,197,170,3,173,1
2020-08-24,Ventura,111,848112,11104,10261,78,10339,99
2020-08-24,Yolo,113,214977,2409,2239,4,2243,47
2020-08-24,Yuba,115,75493,833,750,3,753,1
2020-08-23,Alameda,001,1643700,18132,16786,123,16909,231
2020-08-23,Alpine,003,1148,2,2,0,2,0
2020-08-23,Amador,005,37829,267,227,0,227,13
2020-08-23,Butte,007,227075,1890,1637,17,1654,23
2020-08-23,Calaveras,009,45235,218,187,0,187,1
2020-08-23,Colusa,011,21464,444,424,0,424,5
2020-08-23,Contra Costa,013,1133247,13951,12642,47,12689,153
2020-08-23,Del Norte,015,27424,113,80,0,80,1
2020-08-23,El Dorado,017,186661,983,901,0,901,2
2020-08-23,Fresno,019,978130,26913,23414,291,23705,235
2020-08-23,Glenn,021,27897,437,421,0,421,2
2020-08-23,Humboldt,023,135768,375,341,1,342,4
2020-08-23,Imperial,025,180216,11128,9243,15,9258,210
2020-08-23,Inyo,027,18085,168,144,3,147,2
2020-08-23,Kern,029,883053,29314,28028,205,28233,277
2020-08-23,Kings,031,150075,6084,5628,35,5663,60
2020-08-23,Lake,033,64148,325,299,0,299,2
2020-08-23,Lassen,035,31185,720,693,2,695,0
2020-08-23,Los Angeles,037,10098052,236700,231833,1086,232919,5549
2020-08-23,Madera,039,155013,3808,3401,24,3425,32
2020-08-23,Marin,041,260295,6040,5807,14,5821,50
2020-08-23,Mariposa,043,17540,71,66,0,66,2
2020-08-23,Mendocino,045,87422,599,550,0,550,10
2020-08-23,Merced,047,269075,7802,7574,9,7583,69
2020-08-23,Modoc,049,8938,7,5,0,5,0
2020-08-23,Mono,051,14174,163,129,2,131,1
2020-08-23,Monterey,053,433212,7745,7173,21,7194,50
2020-08-23,Napa,055,140530,1435,1348,5,1353,10
2020-08-23,Nevada,057,99092,439,421,13,434,2
2020-08-23,Orange,059,3164182,49331,45267,1114,46381,887
2020-08-23,Placer,061,380077,2959,2772,7,2779,31
2020-08-23,Plumas,063,18699,39,37,0,37,0
2020-08-23,Riverside,065,2383286,52504,50293,54,50347,955
2020-08-23,Sacramento,067,1510023,17654,16084,15,16099,243
2020-08-23,San Benito,069,59416,1050,938,0,938,3
2020-08-23,San Bernardino,071,2135413,48060,45010,284,45294,719
2020-08-23,San Diego,073,3302833,38201,36542,320,36862,660
2020-08-23,San Francisco,075,870044,9299,8564,9,8573,80
2020-08-23,San Joaquin,077,732212,18023,16069,32,16101,305
2020-08-23,San Luis Obispo,079,281455,2961,2679,16,2695,20
2020-08-23,San Mateo,081,765935,8234,7450,8,7458,120
2020-08-23,Santa Barbara,083,443738,8035,7725,69,7794,90
2020-08-23,Santa Clara,085,1922200,17663,15912,34,15946,191
2020-08-23,Santa Cruz,087,273765,1795,1627,16,1643,6
2020-08-23,Shasta,089,179085,600,501,3,504,9
2020-08-23,Sierra,091,2930,6,6,0,6,0
2020-08-23,Siskiyou,093,43540,123,107,8,115,0
2020-08-23,Solano,095,438530,5312,4977,34,5011,32
2020-08-23,Sonoma,097,501317,5587,5018,18,5036,56
2020-08-23,Stanislaus,099,539301,14761,13483,285,13768,171
2020-08-23,Sutter,101,95872,1311,1203,1,1204,9
2020-08-23,Tehama,103,63373,406,381,2,383,1
2020-08-23,Trinity,105,12862,44,10,6,16,0
2020-08-23,Tulare,107,460477,14203,13303,53,13356,223
2020-08-23,Tuolumne,109,53932,194,164,3,167,1
2020-08-23,Ventura,111,848112,11003,10126,74,10200,99
2020-08-23,Yolo,113,214977,2381,2210,4,2214,47
2020-08-23,Yuba,115,75493,812,750,3,753,1
2020-08-22,Alameda,001,1643700,18038,16648,122,16770,231
2020-08-22,Alpine,003,1148,2,2,0,2,0
2020-08-22,Amador,005,37829,266,224,0,224,13
2020-08-22,Butte,007,227075,1839,1618,17,1635,22
2020-08-22,Calaveras,009,45235,215,187,0,187,1
2020-08-22,Colusa,011,21464,440,419,0,419,5
2020-08-22,Contra Costa,013,1133247,13864,12522,47,12569,153
2020-08-22,Del Norte,015,27424,112,80,0,80,1
2020-08-22,El Dorado,017,186661,981,900,0,900,2
2020-08-22,Fresno,019,978130,26816,23197,290,23487,235
2020-08-22,Glenn,021,27897,436,421,0,421,2
2020-08-22,Humboldt,023,135768,365,334,1,335,4
2020-08-22,Imperial,025,180216,11120,9244,15,9259,210
2020-08-22,Inyo,027,18085,168,144,3,147,1
2020-08-22,Kern,029,883053,29260,27807,205,28012,277
2020-08-22,Kings,031,150075,6075,5447,35,5482,60
2020-08-22,Lake,033,64148,323,291,0,291,2
2020-08-22,Lassen,035,31185,720,693,2,695,0
2020-08-22,Los Angeles,037,10098052,236043,230858,1068,231926,5540
2020-08-22,Madera,039,155013,3789,3330,24,3354,32
2020-08-22,Marin,041,260295,6028,5789,14,5803,49
2020-08-22,Mariposa,043,17540,71,66,0,66,2
2020-08-22,Mendocino,045,87422,596,529,0,529,10
2020-08-22,Merced,047,269075,7774,7493,9,7502,69
2020-08-22,Modoc,049,8938,7,5,0,5,0
2020-08-22,Mono,051,14174,163,129,2,131,1
2020-08-22,Monterey,053,433212,7697,7081,21,7102,50
2020-08-22,Napa,055,140530,1430,1328,5,1333,11
2020-08-22,Nevada,057,99092,439,411,13,424,2
2020-08-22,Orange,059,3164182,49190,45131,1108,46239,885
2020-08-22,Placer,061,380077,2945,2734,7,2741,30
2020-08-22,Plumas,063,18699,39,37,0,37,0
2020-08-22,Riverside,065,2383286,52356,49944,53,49997,953
2020-08-22,Sacramento,067,1510023,17542,15516,15,15531,239
2020-08-22,San Benito,069,59416,1034,912,0,912,3
2020-08-22,San Bernardino,071,2135413,47931,44803,280,45083,719
2020-08-22,San Diego,073,3302833,38019,36205,309,36514,673
2020-08-22,San Francisco,075,870044,9239,8568,9,8577,80
2020-08-22,San Joaquin,077,732212,17967,16068,32,16100,305
2020-08-22,San Luis Obispo,079,281455,2935,2660,16,2676,20
2020-08-22,San Mateo,081,765935,8187,7361,8,7369,120
2020-08-22,Santa Barbara,083,443738,8009,7685,69,7754,90
2020-08-22,Santa Clara,085,1922200,17555,15590,34,15624,190
2020-08-22,Santa Cruz,087,273765,1779,1628,15,1643,6
2020-08-22,Shasta,089,179085,598,493,3,496,9
2020-08-22,Sierra,091,2930,6,6,0,6,0
2020-08-22,Siskiyou,093,43540,123,106,8,114,0
2020-08-22,Solano,095,438530,5282,4944,33,4977,32
2020-08-22,Sonoma,097,501317,5541,4891,18,4909,57
2020-08-22,Stanislaus,099,539301,14711,13380,268,13648,170
2020-08-22,Sutter,101,95872,1304,1189,1,1190,8
2020-08-22,Tehama,103,63373,405,368,2,370,1
2020-08-22,Trinity,105,12862,44,8,6,14,0
2020-08-22,Tulare,107,460477,14136,13196,53,13249,222
2020-08-22,Tuolumne,109,53932,192,162,3,165,1
2020-08-22,Ventura,111,848112,10948,9959,72,10031,99
2020-08-22,Yolo,113,214977,2365,2188,4,2192,47
2020-08-22,Yuba,115,75493,800,738,3,741,1
2020-08-21,Alameda,001,1643700,17946,16413,122,16535,232
2020-08-21,Alpine,003,1148,2,2,0,2,0
2020-08-21,Amador,005,37829,265,223,0,223,11
2020-08-21,Butte,007,227075,1800,1582,17,1599,19
2020-08-21,Calaveras,009,45235,215,182,0,182,1
2020-08-21,Colusa,011,21464,438,418,0,418,5
2020-08-21,Contra Costa,013,1133247,13775,12333,46,12379,149
2020-08-21,Del Norte,015,27424,112,78,0,78,1
2020-08-21,El Dorado,017,186661,977,885,0,885,2
2020-08-21,Fresno,019,978130,26646,22840,289,23129,232
2020-08-21,Glenn,021,27897,432,418,0,418,2
2020-08-21,Humboldt,023,135768,362,331,1,332,4
2020-08-21,Imperial,025,180216,11104,9166,14,9180,204
2020-08-21,Inyo,027,18085,168,144,3,147,1
2020-08-21,Kern,029,883053,29201,27567,203,27770,269
2020-08-21,Kings,031,150075,6053,5391,35,5426,60
2020-08-21,Lake,033,64148,321,281,0,281,2
2020-08-21,Lassen,035,31185,720,693,2,695,0
2020-08-21,Los Angeles,037,10098052,235170,229235,1048,230283,5494
2020-08-21,Madera,039,155013,3759,3271,24,3295,31
2020-08-21,Marin,041,260295,6008,5762,14,5776,49
2020-08-21,Mariposa,043,17540,71,66,0,66,2
2020-08-21,Mendocino,045,87422,586,505,0,505,10
2020-08-21,Merced,047,269075,7745,7357,9,7366,69
2020-08-21,Modoc,049,8938,7,5,0,5,0
2020-08-21,Mono,051,14174,163,128,2,130,1
2020-08-21,Monterey,053,433212,7625,6974,21,6995,49
2020-08-21,Napa,055,140530,1421,1317,5,1322,10
2020-08-21,Nevada,057,99092,438,406,13,419,2
2020-08-21,Orange,059,3164182,49049,44625,1099,45724,875
2020-08-21,Placer,061,380077,2929,2698,6,2704,30
2020-08-21,Plumas,063,18699,39,36,0,36,0
2020-08-21,Riverside,065,2383286,52161,49409,53,49462,932
2020-08-21,Sacramento,067,1510023,17419,15247,15,15262,237
2020-08-21,San Benito,069,59416,1024,891,0,891,3
2020-08-21,San Bernardino,071,2135413,47811,44249,276,44525,668
2020-08-21,San Diego,073,3302833,37815,35914,292,36206,652
2020-08-21,San Francisco,075,870044,9189,8375,9,8384,80
2020-08-21,San Joaquin,077,732212,17884,15888,30,15918,301
2020-08-21,San Luis Obispo,079,281455,2912,2640,16,2656,19
2020-08-21,San Mateo,081,765935,8129,7253,8,7261,120
2020-08-21,Santa Barbara,083,443738,7968,7645,69,7714,86
2020-08-21,Santa Clara,085,1922200,17403,15399,34,15433,190
2020-08-21,Santa Cruz,087,273765,1767,1617,15,1632,6
2020-08-21,Shasta,089,179085,598,486,3,489,9
2020-08-21,Sierra,091,2930,6,6,0,6,0
2020-08-21,Siskiyou,093,43540,123,103,6,109,0
2020-08-21,Solano,095,438530,5259,4891,32,4923,32
2020-08-21,Sonoma,097,501317,5471,4816,18,4834,57
2020-08-21,Stanislaus,099,539301,14642,13282,253,13535,161
2020-08-21,Sutter,101,95872,1291,1173,1,1174,8
2020-08-21,Tehama,103,63373,403,357,2,359,1
2020-08-21,Trinity,105,12862,44,8,6,14,0
2020-08-21,Tulare,107,460477,14064,13002,52,13054,217
2020-08-21,Tuolumne,109,53932,184,161,3,164,1
2020-08-21,Ventura,111,848112,10883,9865,70,9935,98
2020-08-21,Yolo,113,214977,2349,2164,4,2168,46
2020-08-21,Yuba,115,75493,796,717,3,720,1
2020-08-20,Alameda,001,1643700,17787,16174,122,16296,229
2020-08-20,Alpine,003,1148,2,2,0,2,0
2020-08-20,Amador,005,37829,263,222,0,222,11
2020-08-20,Butte,007,227075,1749,1549,17,1566,18
2020-08-20,Calaveras,009,45235,212,179,0,179,1
2020-08-20,Colusa,011,21464,436,415,0,415,5
2020-08-20,Contra Costa,013,1133247,13647,12108,45,12153,144
2020-08-20,Del Norte,015,27424,112,78,0,78,1
2020-08-20,El Dorado,017,186661,973,881,0,881,2
2020-08-20,Fresno,019,978130,26464,22535,284,22819,228
2020-08-20,Glenn,021,27897,427,414,0,414,2
2020-08-20,Humboldt,023,135768,357,318,1,319,4
2020-08-20,Imperial,025,180216,11085,9086,14,9100,196
2020-08-20,Inyo,027,18085,167,144,3,147,1
2020-08-20,Kern,029,883053,29033,27337,192,27529,267
2020-08-20,Kings,031,150075,6013,5347,34,5381,59
2020-08-20,Lake,033,64148,316,280,0,280,2
2020-08-20,Lassen,035,31185,719,693,2,695,0
2020-08-20,Los Angeles,037,10098052,233948,227492,1029,228521,5445
2020-08-20,Madera,039,155013,3733,3197,24,3221,31
2020-08-20,Marin,041,260295,5990,5745,14,5759,47
2020-08-20,Mariposa,043,17540,71,67,0,67,2
2020-08-20,Mendocino,045,87422,575,497,0,497,10
2020-08-20,Merced,047,269075,7670,7173,9,7182,68
2020-08-20,Modoc,049,8938,7,5,0,5,0
2020-08-20,Mono,051,14174,163,128,2,130,1
2020-08-20,Monterey,053,433212,7554,6892,21,6913,47
2020-08-20,Napa,055,140530,1413,1306,5,1311,10
2020-08-20,Nevada,057,99092,437,401,13,414,2
2020-08-20,Orange,059,3164182,48822,44299,1088,45387,849
2020-08-20,Placer,061,380077,2913,2681,6,2687,30
2020-08-20,Plumas,063,18699,39,36,0,36,0
2020-08-20,Riverside,065,2383286,51942,48953,52,49005,927
2020-08-20,Sacramento,067,1510023,17177,14992,15,15007,231
2020-08-20,San Benito,069,59416,1011,866,0,866,3
2020-08-20,San Bernardino,071,2135413,47555,43627,272,43899,665
2020-08-20,San Diego,073,3302833,37595,35610,274,35884,644
2020-08-20,San Francisco,075,870044,9103,8262,9,8271,72
2020-08-20,San Joaquin,077,732212,17791,15778,30,15808,297
2020-08-20,San Luis Obispo,079,281455,2892,2590,16,2606,19
2020-08-20,San Mateo,081,765935,8063,7188,8,7196,120
2020-08-20,Santa Barbara,083,443738,7930,7571,69,7640,81
2020-08-20,Santa Clara,085,1922200,17231,15162,34,15196,190
2020-08-20,Santa Cruz,087,273765,1754,1581,15,1596,6
2020-08-20,Shasta,089,179085,597,478,3,481,9
2020-08-20,Sierra,091,2930,6,6,0,6,0
2020-08-20,Siskiyou,093,43540,122,102,1,103,0
2020-08-20,Solano,095,438530,5215,4843,32,4875,31
2020-08-20,Sonoma,097,501317,5399,4737,18,4755,54
2020-08-20,Stanislaus,099,539301,14546,13120,244,13364,161
2020-08-20,Sutter,101,95872,1267,1158,1,1159,8
2020-08-20,Tehama,103,63373,397,350,2,352,1
2020-08-20,Trinity,105,12862,44,8,6,14,0
2020-08-20,Tulare,107,460477,13956,12907,51,12958,217
2020-08-20,Tuolumne,109,53932,180,159,3,162,1
2020-08-20,Ventura,111,848112,10770,9744,69,9813,93
2020-08-20,Yolo,113,214977,2327,2150,4,2154,47
2020-08-20,Yuba,115,75493,779,709,3,712,1
2020-08-19,Alameda,001,1643700,17628,15874,121,15995,226
2020-08-19,Alpine,003,1148,2,2,0,2,0
2020-08-19,Amador,005,37829,262,219,0,219,9
2020-08-19,Butte,007,227075,1706,1517,17,1534,16
2020-08-19,Calaveras,009,45235,209,177,0,177,1
2020-08-19,Colusa,011,21464,435,415,0,415,5
2020-08-19,Contra Costa,013,1133247,13535,11895,43,11938,142
2020-08-19,Del Norte,015,27424,112,78,0,78,1
2020-08-19,El Dorado,017,186661,967,870,0,870,2
2020-08-19,Fresno,019,978130,26275,22167,275,22442,221
2020-08-19,Glenn,021,27897,425,414,0,414,2
2020-08-19,Humboldt,023,135768,354,316,1,317,4
2020-08-19,Imperial,025,180216,11057,9041,13,9054,192
2020-08-19,Inyo,027,18085,165,140,3,143,1
2020-08-19,Kern,029,883053,28916,27142,188,27330,263
2020-08-19,Kings,031,150075,5840,5301,32,5333,59
2020-08-19,Lake,033,64148,313,277,0,277,2
2020-08-19,Lassen,035,31185,711,693,2,695,0
2020-08-19,Los Angeles,037,10098052,232676,226006,989,226995,5399
2020-08-19,Madera,039,155013,3699,3158,22,3180,30
2020-08-19,Marin,041,260295,5966,5723,13,5736,46
2020-08-19,Mariposa,043,17540,71,64,0,64,2
2020-08-19,Mendocino,045,87422,559,495,0,495,8
2020-08-19,Merced,047,269075,7543,7082,6,7088,66
2020-08-19,Modoc,049,8938,7,5,0,5,0
2020-08-19,Mono,051,14174,163,128,2,130,1
2020-08-19,Monterey,053,433212,7452,6693,21,6714,45
2020-08-19,Napa,055,140530,1408,1293,5,1298,10
2020-08-19,Nevada,057,99092,430,398,13,411,2
2020-08-19,Orange,059,3164182,48617,43938,1085,45023,829
2020-08-19,Placer,061,380077,2891,2659,6,2665,28
2020-08-19,Plumas,063,18699,39,36,0,36,0
2020-08-19,Riverside,065,2383286,51693,48741,52,48793,922
2020-08-19,Sacramento,067,1510023,16996,14764,15,14779,229
2020-08-19,San Benito,069,59416,994,853,0,853,3
2020-08-19,San Bernardino,071,2135413,47256,43224,266,43490,661
2020-08-19,San Diego,073,3302833,37346,35378,259,35637,638
2020-08-19,San Francisco,075,870044,9038,8236,9,8245,72
2020-08-19,San Joaquin,077,732212,17665,15677,29,15706,296
2020-08-19,San Luis Obispo,079,281455,2852,2553,16,2569,19
2020-08-19,San Mateo,081,765935,7995,7146,8,7154,119
2020-08-19,Santa Barbara,083,443738,7881,7499,69,7568,80
2020-08-19,Santa Clara,085,1922200,17085,14994,34,15028,189
2020-08-19,Santa Cruz,087,273765,1728,1554,15,1569,6
2020-08-19,Shasta,089,179085,593,475,3,478,9
2020-08-19,Sierra,091,2930,6,6,0,6,0
2020-08-19,Siskiyou,093,43540,121,103,1,104,0
2020-08-19,Solano,095,438530,5174,4807,32,4839,31
2020-08-19,Sonoma,097,501317,5320,4614,18,4632,54
2020-08-19,Stanislaus,099,539301,14443,13084,222,13306,160
2020-08-19,Sutter,101,95872,1233,1146,1,1147,8
2020-08-19,Tehama,103,63373,391,342,2,344,1
2020-08-19,Trinity,105,12862,43,8,6,14,0
2020-08-19,Tulare,107,460477,13858,12756,51,12807,217
2020-08-19,Tuolumne,109,53932,177,159,3,162,1
2020-08-19,Ventura,111,848112,10678,9587,67,9654,91
2020-08-19,Yolo,113,214977,2304,2126,4,2130,47
2020-08-19,Yuba,115,75493,767,701,3,704,1
2020-08-18,Alameda,001,1643700,17451,15627,119,15746,223
2020-08-18,Alpine,003,1148,2,2,0,2,0
2020-08-18,Amador,005,37829,261,215,0,215,9
2020-08-18,Butte,007,227075,1673,1491,17,1508,16
2020-08-18,Calaveras,009,45235,205,174,0,174,1
2020-08-18,Colusa,011,21464,434,415,0,415,5
2020-08-18,Contra Costa,013,1133247,13415,11689,41,11730,141
2020-08-18,Del Norte,015,27424,111,78,0,78,0
2020-08-18,El Dorado,017,186661,962,866,0,866,2
2020-08-18,Fresno,019,978130,26054,21798,269,22067,212
2020-08-18,Glenn,021,27897,425,407,0,407,2
2020-08-18,Humboldt,023,135768,352,315,1,316,4
2020-08-18,Imperial,025,180216,11023,8968,13,8981,189
2020-08-18,Inyo,027,18085,164,140,3,143,1
2020-08-18,Kern,029,883053,28763,26978,184,27162,263
2020-08-18,Kings,031,150075,5805,5269,31,5300,58
2020-08-18,Lake,033,64148,310,274,0,274,2
2020-08-18,Lassen,035,31185,711,693,2,695,0
2020-08-18,Los Angeles,037,10098052,231416,224218,952,225170,5339
2020-08-18,Madera,039,155013,3671,3125,22,3147,28
2020-08-18,Marin,041,260295,5936,5708,13,5721,47
2020-08-18,Mariposa,043,17540,71,61,0,61,2
2020-08-18,Mendocino,045,87422,550,468,0,468,8
2020-08-18,Merced,047,269075,7495,6940,6,6946,66
2020-08-18,Modoc,049,8938,7,5,0,5,0
2020-08-18,Mono,051,14174,162,129,2,131,1
2020-08-18,Monterey,053,433212,7360,6691,20,6711,44
2020-08-18,Napa,055,140530,1405,1274,5,1279,10
2020-08-18,Nevada,057,99092,423,389,13,402,2
2020-08-18,Orange,059,3164182,48392,43659,1070,44729,809
2020-08-18,Placer,061,380077,2865,2644,5,2649,28
2020-08-18,Plumas,063,18699,39,34,0,34,0
2020-08-18,Riverside,065,2383286,51362,48447,52,48499,917
2020-08-18,Sacramento,067,1510023,16767,14610,14,14624,222
2020-08-18,San Benito,069,59416,974,836,0,836,3
2020-08-18,San Bernardino,071,2135413,46974,42827,260,43087,648
2020-08-18,San Diego,073,3302833,37053,35164,227,35391,633
2020-08-18,San Francisco,075,870044,8952,8016,9,8025,72
2020-08-18,San Joaquin,077,732212,17549,15509,28,15537,290
2020-08-18,San Luis Obispo,079,281455,2827,2535,15,2550,18
2020-08-18,San Mateo,081,765935,7933,7074,8,7082,119
2020-08-18,Santa Barbara,083,443738,7839,7472,69,7541,81
2020-08-18,Santa Clara,085,1922200,16912,14786,33,14819,184
2020-08-18,Santa Cruz,087,273765,1715,1509,15,1524,6
2020-08-18,Shasta,089,179085,589,468,3,471,9
2020-08-18,Sierra,091,2930,6,6,0,6,0
2020-08-18,Siskiyou,093,43540,120,103,1,104,0
2020-08-18,Solano,095,438530,5147,4700,32,4732,31
2020-08-18,Sonoma,097,501317,5251,4506,18,4524,48
2020-08-18,Stanislaus,099,539301,14345,12935,206,13141,149
2020-08-18,Sutter,101,95872,1214,1126,1,1127,8
2020-08-18,Tehama,103,63373,381,333,2,335,1
2020-08-18,Trinity,105,12862,41,8,6,14,0
2020-08-18,Tulare,107,460477,13727,12637,48,12685,212
2020-08-18,Tuolumne,109,53932,174,159,3,162,1
2020-08-18,Ventura,111,848112,10588,9536,62,9598,89
2020-08-18,Yolo,113,214977,2281,2102,4,2106,47
2020-08-18,Yuba,115,75493,759,679,3,682,1
2020-08-17,Alameda,001,1643700,17257,15454,118,15572,221
2020-08-17,Alpine,003,1148,2,2,0,2,0
2020-08-17,Amador,005,37829,261,215,0,215,9
2020-08-17,Butte,007,227075,1628,1463,17,1480,15
2020-08-17,Calaveras,009,45235,201,167,0,167,1
2020-08-17,Colusa,011,21464,431,408,0,408,5
2020-08-17,Contra Costa,013,1133247,13278,11442,41,11483,141
2020-08-17,Del Norte,015,27424,107,77,0,77,0
2020-08-17,El Dorado,017,186661,959,846,0,846,2
2020-08-17,Fresno,019,978130,25846,21316,262,21578,211
2020-08-17,Glenn,021,27897,424,402,0,402,2
2020-08-17,Humboldt,023,135768,348,302,1,303,4
2020-08-17,Imperial,025,180216,10982,8897,13,8910,188
2020-08-17,Inyo,027,18085,156,124,3,127,1
2020-08-17,Kern,029,883053,28616,26773,173,26946,249
2020-08-17,Kings,031,150075,5767,5249,31,5280,58
2020-08-17,Lake,033,64148,305,270,0,270,2
2020-08-17,Lassen,035,31185,711,666,2,668,0
2020-08-17,Los Angeles,037,10098052,229903,223418,904,224322,5282
2020-08-17,Madera,039,155013,3628,3050,21,3071,26
2020-08-17,Marin,041,260295,5913,5683,12,5695,46
2020-08-17,Mariposa,043,17540,71,61,0,61,2
2020-08-17,Mendocino,045,87422,532,454,0,454,8
2020-08-17,Merced,047,269075,7400,6814,6,6820,66
2020-08-17,Modoc,049,8938,7,5,0,5,0
2020-08-17,Mono,051,14174,162,126,2,128,1
2020-08-17,Monterey,053,433212,7260,6553,20,6573,44
2020-08-17,Napa,055,140530,1384,1255,5,1260,10
2020-08-17,Nevada,057,99092,418,383,13,396,2
2020-08-17,Orange,059,3164182,48182,43621,1057,44678,804
2020-08-17,Placer,061,380077,2840,2609,5,2614,28
2020-08-17,Plumas,063,18699,39,33,0,33,0
2020-08-17,Riverside,065,2383286,51030,48062,50,48112,916
2020-08-17,Sacramento,067,1510023,16547,14333,14,14347,219
2020-08-17,San Benito,069,59416,959,822,0,822,2
2020-08-17,San Bernardino,071,2135413,46629,42005,252,42257,604
2020-08-17,San Diego,073,3302833,36787,34962,213,35175,626
2020-08-17,San Francisco,075,870044,8881,7600,9,7609,72
2020-08-17,San Joaquin,077,732212,17386,15323,27,15350,280
2020-08-17,San Luis Obispo,079,281455,2794,2527,15,2542,18
2020-08-17,San Mateo,081,765935,7876,6987,7,6994,118
2020-08-17,Santa Barbara,083,443738,7797,7438,69,7507,80
2020-08-17,Santa Clara,085,1922200,16691,14546,33,14579,183
2020-08-17,Santa Cruz,087,273765,1699,1453,14,1467,6
2020-08-17,Shasta,089,179085,583,467,3,470,9
2020-08-17,Sierra,091,2930,6,6,0,6,0
2020-08-17,Siskiyou,093,43540,119,103,0,103,0
2020-08-17,Solano,095,438530,5090,4479,32,4511,31
2020-08-17,Sonoma,097,501317,5162,4402,16,4418,48
2020-08-17,Stanislaus,099,539301,14220,12745,199,12944,148
2020-08-17,Sutter,101,95872,1198,1071,1,1072,8
2020-08-17,Tehama,103,63373,372,324,2,326,1
2020-08-17,Trinity,105,12862,41,8,6,14,0
2020-08-17,Tulare,107,460477,13614,12487,47,12534,210
2020-08-17,Tuolumne,109,53932,171,157,3,160,1
2020-08-17,Ventura,111,848112,10465,9490,57,9547,89
2020-08-17,Yolo,113,214977,2254,2083,4,2087,47
2020-08-17,Yuba,115,75493,744,647,3,650,1
2020-08-16,Alameda,001,1643700,16966,15338,118,15456,221
2020-08-16,Alpine,003,1148,2,2,0,2,0
2020-08-16,Amador,005,37829,258,215,0,215,9
2020-08-16,Butte,007,227075,1590,1432,17,1449,15
2020-08-16,Calaveras,009,45235,194,167,0,167,1
2020-08-16,Colusa,011,21464,429,407,0,407,5
2020-08-16,Contra Costa,013,1133247,13092,11255,41,11296,140
2020-08-16,Del Norte,015,27424,103,77,0,77,0
2020-08-16,El Dorado,017,186661,947,843,0,843,2
2020-08-16,Fresno,019,978130,25625,21010,257,21267,211
2020-08-16,Glenn,021,27897,422,400,0,400,2
2020-08-16,Humboldt,023,135768,346,301,1,302,4
2020-08-16,Imperial,025,180216,10938,8883,13,8896,188
2020-08-16,Inyo,027,18085,149,125,2,127,1
2020-08-16,Kern,029,883053,28415,26520,165,26685,249
2020-08-16,Kings,031,150075,5736,5146,31,5177,58
2020-08-16,Lake,033,64148,301,269,0,269,2
2020-08-16,Lassen,035,31185,711,666,2,668,0
2020-08-16,Los Angeles,037,10098052,228338,222236,874,223110,5263
2020-08-16,Madera,039,155013,3583,3013,21,3034,26
2020-08-16,Marin,041,260295,5887,5664,12,5676,46
2020-08-16,Mariposa,043,17540,71,61,0,61,2
2020-08-16,Mendocino,045,87422,524,451,0,451,8
2020-08-16,Merced,047,269075,7318,6744,6,6750,66
2020-08-16,Modoc,049,8938,7,5,0,5,0
2020-08-16,Mono,051,14174,162,126,2,128,1
2020-08-16,Monterey,053,433212,7162,6516,19,6535,44
2020-08-16,Napa,055,140530,1366,1241,3,1244,10
2020-08-16,Nevada,057,99092,409,379,13,392,2
2020-08-16,Orange,059,3164182,47933,43303,1046,44349,803
2020-08-16,Placer,061,380077,2811,2583,4,2587,28
2020-08-16,Plumas,063,18699,39,33,0,33,0
2020-08-16,Riverside,065,2383286,50699,47669,49,47718,910
2020-08-16,Sacramento,067,1510023,16307,14210,14,14224,219
2020-08-16,San Benito,069,59416,930,815,0,815,2
2020-08-16,San Bernardino,071,2135413,46205,41724,244,41968,603
2020-08-16,San Diego,073,3302833,36523,34680,198,34878,626
2020-08-16,San Francisco,075,870044,8793,7602,9,7611,72
2020-08-16,San Joaquin,077,732212,17183,15288,27,15315,280
2020-08-16,San Luis Obispo,079,281455,2765,2494,15,2509,17
2020-08-16,San Mateo,081,765935,7801,6942,7,6949,118
2020-08-16,Santa Barbara,083,443738,7748,7368,69,7437,79
2020-08-16,Santa Clara,085,1922200,16493,14329,33,14362,183
2020-08-16,Santa Cruz,087,273765,1672,1449,13,1462,6
2020-08-16,Shasta,089,179085,576,465,3,468,9
2020-08-16,Sierra,091,2930,6,6,0,6,0
2020-08-16,Siskiyou,093,43540,118,102,0,102,0
2020-08-16,Solano,095,438530,5030,4479,32,4511,31
2020-08-16,Sonoma,097,501317,5058,4329,16,4345,46
2020-08-16,Stanislaus,099,539301,14062,12668,189,12857,148
2020-08-16,Sutter,101,95872,1180,1071,1,1072,8
2020-08-16,Tehama,103,63373,362,318,2,320,1
2020-08-16,Trinity,105,12862,38,8,6,14,0
2020-08-16,Tulare,107,460477,13482,12334,44,12378,211
2020-08-16,Tuolumne,109,53932,171,156,3,159,1
2020-08-16,Ventura,111,848112,10356,9408,52,9460,89
2020-08-16,Yolo,113,214977,2235,2057,4,2061,47
2020-08-16,Yuba,115,75493,735,647,2,649,1
2020-08-15,Alameda,001,1643700,16889,15165,118,15283,221
2020-08-15,Alpine,003,1148,2,2,0,2,0
2020-08-15,Amador,005,37829,258,210,0,210,9
2020-08-15,Butte,007,227075,1568,1409,17,1426,15
2020-08-15,Calaveras,009,45235,192,167,0,167,1
2020-08-15,Colusa,011,21464,428,401,0,401,5
2020-08-15,Contra Costa,013,1133247,12996,11106,41,11147,138
2020-08-15,Del Norte,015,27424,103,77,0,77,0
2020-08-15,El Dorado,017,186661,942,838,0,838,2
2020-08-15,Fresno,019,978130,25509,20603,255,20858,211
2020-08-15,Glenn,021,27897,422,398,0,398,2
2020-08-15,Humboldt,023,135768,345,301,1,302,4
2020-08-15,Imperial,025,180216,10918,8794,13,8807,188
2020-08-15,Inyo,027,18085,149,123,2,125,1
2020-08-15,Kern,029,883053,28327,26338,165,26503,249
2020-08-15,Kings,031,150075,5718,5039,31,5070,56
2020-08-15,Lake,033,64148,299,268,0,268,2
2020-08-15,Lassen,035,31185,711,666,2,668,0
2020-08-15,Los Angeles,037,10098052,227586,221043,865,221908,5252
2020-08-15,Madera,039,155013,3533,2950,21,2971,26
2020-08-15,Marin,041,260295,5880,5628,12,5640,46
2020-08-15,Mariposa,043,17540,71,61,0,61,2
2020-08-15,Mendocino,045,87422,520,444,0,444,8
2020-08-15,Merced,047,269075,7284,6656,6,6662,66
2020-08-15,Modoc,049,8938,7,5,0,5,0
2020-08-15,Mono,051,14174,162,126,2,128,1
2020-08-15,Monterey,053,433212,7117,6162,19,6181,44
2020-08-15,Napa,055,140530,1356,1232,3,1235,10
2020-08-15,Nevada,057,99092,409,376,13,389,2
2020-08-15,Orange,059,3164182,47820,42811,1035,43846,801
2020-08-15,Placer,061,380077,2790,2551,4,2555,27
2020-08-15,Plumas,063,18699,39,33,0,33,0
2020-08-15,Riverside,065,2383286,50548,46720,49,46769,910
2020-08-15,Sacramento,067,1510023,16197,14018,14,14032,219
2020-08-15,San Benito,069,59416,917,805,0,805,2
2020-08-15,San Bernardino,071,2135413,46053,41231,242,41473,602
2020-08-15,San Diego,073,3302833,36357,34346,184,34530,639
2020-08-15,San Francisco,075,870044,8729,7601,9,7610,69
2020-08-15,San Joaquin,077,732212,17110,15113,27,15140,280
2020-08-15,San Luis Obispo,079,281455,2748,2461,15,2476,17
2020-08-15,San Mateo,081,765935,7764,6860,7,6867,118
2020-08-15,Santa Barbara,083,443738,7720,7338,69,7407,79
2020-08-15,Santa Clara,085,1922200,16397,14105,33,14138,183
2020-08-15,Santa Cruz,087,273765,1651,1449,13,1462,6
2020-08-15,Shasta,089,179085,573,458,3,461,9
2020-08-15,Sierra,091,2930,6,6,0,6,0
2020-08-15,Siskiyou,093,43540,117,100,0,100,0
2020-08-15,Solano,095,438530,5008,4477,32,4509,31
2020-08-15,Sonoma,097,501317,5003,4134,16,4150,45
2020-08-15,Stanislaus,099,539301,13998,12541,188,12729,149
2020-08-15,Sutter,101,95872,1169,1046,1,1047,8
2020-08-15,Tehama,103,63373,361,312,2,314,1
2020-08-15,Trinity,105,12862,36,6,6,12,0
2020-08-15,Tulare,107,460477,13444,12262,44,12306,211
2020-08-15,Tuolumne,109,53932,171,155,3,158,1
2020-08-15,Ventura,111,848112,10297,9379,50,9429,89
2020-08-15,Yolo,113,214977,2223,2031,4,2035,46
2020-08-15,Yuba,115,75493,731,623,2,625,1
2020-08-14,Alameda,001,1643700,16750,14909,118,15027,221
2020-08-14,Alpine,003,1148,2,2,0,2,0
2020-08-14,Amador,005,37829,258,209,0,209,9
2020-08-14,Butte,007,227075,1559,1384,17,1401,15
2020-08-14,Calaveras,009,45235,188,165,0,165,1
2020-08-14,Colusa,011,21464,426,399,0,399,5
2020-08-14,Contra Costa,013,1133247,12884,10893,41,10934,137
2020-08-14,Del Norte,015,27424,103,76,0,76,0
2020-08-14,El Dorado,017,186661,934,827,0,827,2
2020-08-14,Fresno,019,978130,25375,19900,255,20155,208
2020-08-14,Glenn,021,27897,420,395,0,395,2
2020-08-14,Humboldt,023,135768,339,294,1,295,4
2020-08-14,Imperial,025,180216,10894,8756,13,8769,185
2020-08-14,Inyo,027,18085,148,115,2,117,1
2020-08-14,Kern,029,883053,28223,25893,164,26057,249
2020-08-14,Kings,031,150075,5704,4953,31,4984,56
2020-08-14,Lake,033,64148,290,267,0,267,2
2020-08-14,Lassen,035,31185,711,665,2,667,0
2020-08-14,Los Angeles,037,10098052,226419,219083,848,219931,5222
2020-08-14,Madera,039,155013,3503,2876,21,2897,26
2020-08-14,Marin,041,260295,5869,5601,12,5613,46
2020-08-14,Mariposa,043,17540,70,61,0,61,2
2020-08-14,Mendocino,045,87422,511,432,0,432,8
2020-08-14,Merced,047,269075,7254,6466,6,6472,67
2020-08-14,Modoc,049,8938,7,5,0,5,0
2020-08-14,Mono,051,14174,162,126,2,128,1
2020-08-14,Monterey,053,433212,7066,6121,19,6140,41
2020-08-14,Napa,055,140530,1346,1230,3,1233,10
2020-08-14,Nevada,057,99092,405,377,13,390,2
2020-08-14,Orange,059,3164182,47670,42399,1022,43421,798
2020-08-14,Placer,061,380077,2771,2546,4,2550,26
2020-08-14,Plumas,063,18699,38,33,0,33,0
2020-08-14,Riverside,065,2383286,50319,46456,49,46505,891
2020-08-14,Sacramento,067,1510023,16047,13645,14,13659,212
2020-08-14,San Benito,069,59416,900,783,0,783,2
2020-08-14,San Bernardino,071,2135413,45866,40442,239,40681,594
2020-08-14,San Diego,073,3302833,36163,34067,177,34244,622
2020-08-14,San Francisco,075,870044,8670,7467,9,7476,69
2020-08-14,San Joaquin,077,732212,17010,14925,27,14952,276
2020-08-14,San Luis Obispo,079,281455,2733,2422,15,2437,17
2020-08-14,San Mateo,081,765935,7705,6655,7,6662,118
2020-08-14,Santa Barbara,083,443738,7670,7302,69,7371,77
2020-08-14,Santa Clara,085,1922200,16231,13785,32,13817,183
2020-08-14,Santa Cruz,087,273765,1629,1418,12,1430,6
2020-08-14,Shasta,089,179085,568,446,3,449,9
2020-08-14,Sierra,091,2930,6,5,0,5,0
2020-08-14,Siskiyou,093,43540,117,98,0,98,0
2020-08-14,Solano,095,438530,4987,4421,32,4453,31
2020-08-14,Sonoma,097,501317,4944,4087,13,4100,45
2020-08-14,Stanislaus,099,539301,13921,12379,184,12563,140
2020-08-14,Sutter,101,95872,1161,1039,1,1040,8
2020-08-14,Tehama,103,63373,357,305,2,307,1
2020-08-14,Trinity,105,12862,36,6,6,12,0
2020-08-14,Tulare,107,460477,13367,12009,44,12053,211
2020-08-14,Tuolumne,109,53932,170,155,3,158,1
2020-08-14,Ventura,111,848112,10222,9313,50,9363,89
2020-08-14,Yolo,113,214977,2209,1991,4,1995,45
2020-08-14,Yuba,115,75493,715,606,2,608,1
2020-08-13,Alameda,001,1643700,16473,14385,118,14503,218
2020-08-13,Alpine,003,1148,2,2,0,2,0
2020-08-13,Amador,005,37829,258,198,0,198,8
2020-08-13,Butte,007,227075,1534,1345,17,1362,15
2020-08-13,Calaveras,009,45235,186,162,0,162,1
2020-08-13,Colusa,011,21464,426,395,0,395,5
2020-08-13,Contra Costa,013,1133247,12730,10545,40,10585,136
2020-08-13,Del Norte,015,27424,102,74,0,74,0
2020-08-13,El Dorado,017,186661,929,803,0,803,2
2020-08-13,Fresno,019,978130,25148,19157,249,19406,201
2020-08-13,Glenn,021,27897,416,392,0,392,1
2020-08-13,Humboldt,023,135768,331,281,1,282,4
2020-08-13,Imperial,025,180216,10863,8640,13,8653,170
2020-08-13,Inyo,027,18085,144,97,2,99,1
2020-08-13,Kern,029,883053,28056,25472,161,25633,242
2020-08-13,Kings,031,150075,5669,4824,31,4855,52
2020-08-13,Lake,033,64148,285,263,0,263,2
2020-08-13,Lassen,035,31185,711,652,2,654,0
2020-08-13,Los Angeles,037,10098052,225043,216497,827,217324,5179
2020-08-13,Madera,039,155013,3459,2675,20,2695,25
2020-08-13,Marin,041,260295,5853,5503,12,5515,44
2020-08-13,Mariposa,043,17540,69,61,0,61,2
2020-08-13,Mendocino,045,87422,506,401,0,401,8
2020-08-13,Merced,047,269075,7137,5945,6,5951,63
2020-08-13,Modoc,049,8938,7,5,0,5,0
2020-08-13,Mono,051,14174,162,124,2,126,1
2020-08-13,Monterey,053,433212,6983,5925,19,5944,38
2020-08-13,Napa,055,140530,1337,1179,3,1182,10
2020-08-13,Nevada,057,99092,401,362,13,375,1
2020-08-13,Orange,059,3164182,47431,42019,1010,43029,773
2020-08-13,Placer,061,380077,2748,2460,4,2464,26
2020-08-13,Plumas,063,18699,38,32,0,32,0
2020-08-13,Riverside,065,2383286,50023,45327,49,45376,885
2020-08-13,Sacramento,067,1510023,15845,13237,14,13251,197
2020-08-13,San Benito,069,59416,871,757,0,757,2
2020-08-13,San Bernardino,071,2135413,45471,39395,233,39628,591
2020-08-13,San Diego,073,3302833,35927,33661,159,33820,627
2020-08-13,San Francisco,075,870044,8576,7277,9,7286,69
2020-08-13,San Joaquin,077,732212,16855,14537,26,14563,261
2020-08-13,San Luis Obispo,079,281455,2710,2283,15,2298,16
2020-08-13,San Mateo,081,765935,7643,6503,7,6510,117
2020-08-13,Santa Barbara,083,443738,7625,7129,68,7197,74
2020-08-13,Santa Clara,085,1922200,16008,13257,32,13289,182
2020-08-13,Santa Cruz,087,273765,1604,1383,12,1395,6
2020-08-13,Shasta,089,179085,563,428,3,431,9
2020-08-13,Sierra,091,2930,6,5,0,5,0
2020-08-13,Siskiyou,093,43540,117,95,0,95,0
2020-08-13,Solano,095,438530,4950,4305,32,4337,31
2020-08-13,Sonoma,097,501317,4870,3902,13,3915,45
2020-08-13,Stanislaus,099,539301,13791,11953,168,12121,136
2020-08-13,Sutter,101,95872,1139,992,1,993,8
2020-08-13,Tehama,103,63373,348,302,2,304,1
2020-08-13,Trinity,105,12862,35,6,6,12,0
2020-08-13,Tulare,107,460477,13223,11692,41,11733,210
2020-08-13,Tuolumne,109,53932,169,152,3,155,1
2020-08-13,Ventura,111,848112,10133,9114,50,9164,90
2020-08-13,Yolo,113,214977,2182,1938,4,1942,44
2020-08-13,Yuba,115,75493,699,568,2,570,1
2020-08-12,Alameda,001,1643700,16261,14214,118,14332,215
2020-08-12,Alpine,003,1148,2,2,0,2,0
2020-08-12,Amador,005,37829,255,197,0,197,8
2020-08-12,Butte,007,227075,1506,1317,17,1334,15
2020-08-12,Calaveras,009,45235,183,157,0,157,1
2020-08-12,Colusa,011,21464,421,394,0,394,5
2020-08-12,Contra Costa,013,1133247,12585,10304,39,10343,134
2020-08-12,Del Norte,015,27424,101,74,0,74,0
2020-08-12,El Dorado,017,186661,911,794,0,794,2
2020-08-12,Fresno,019,978130,24918,18690,242,18932,194
2020-08-12,Glenn,021,27897,413,388,0,388,1
2020-08-12,Humboldt,023,135768,324,281,1,282,4
2020-08-12,Imperial,025,180216,10840,8566,13,8579,167
2020-08-12,Inyo,027,18085,127,97,2,99,1
2020-08-12,Kern,029,883053,27864,25191,159,25350,232
2020-08-12,Kings,031,150075,5630,4736,31,4767,50
2020-08-12,Lake,033,64148,283,253,0,253,2
2020-08-12,Lassen,035,31185,710,651,2,653,0
2020-08-12,Los Angeles,037,10098052,223652,214542,811,215353,5119
2020-08-12,Madera,039,155013,3425,2681,18,2699,23
2020-08-12,Marin,041,260295,5831,5423,12,5435,44
2020-08-12,Mariposa,043,17540,69,61,0,61,2
2020-08-12,Mendocino,045,87422,487,386,0,386,9
2020-08-12,Merced,047,269075,7075,5777,6,5783,66
2020-08-12,Modoc,049,8938,7,5,0,5,0
2020-08-12,Mono,051,14174,161,124,2,126,1
2020-08-12,Monterey,053,433212,6879,5919,19,5938,38
2020-08-12,Napa,055,140530,1327,1161,3,1164,10
2020-08-12,Nevada,057,99092,396,357,13,370,1
2020-08-12,Orange,059,3164182,47180,41576,986,42562,754
2020-08-12,Placer,061,380077,2716,2417,4,2421,25
2020-08-12,Plumas,063,18699,38,31,0,31,0
2020-08-12,Riverside,065,2383286,49675,44747,49,44796,867
2020-08-12,Sacramento,067,1510023,15633,12528,14,12542,189
2020-08-12,San Benito,069,59416,858,751,0,751,2
2020-08-12,San Bernardino,071,2135413,45128,38811,224,39035,589
2020-08-12,San Diego,073,3302833,35718,33395,139,33534,608
2020-08-12,San Francisco,075,870044,8493,7194,9,7203,66
2020-08-12,San Joaquin,077,732212,16708,14154,26,14180,253
2020-08-12,San Luis Obispo,079,281455,2685,2263,15,2278,15
2020-08-12,San Mateo,081,765935,7564,6427,7,6434,117
2020-08-12,Santa Barbara,083,443738,7565,7049,66,7115,74
2020-08-12,Santa Clara,085,1922200,15832,13002,32,13034,182
2020-08-12,Santa Cruz,087,273765,1575,1382,11,1393,6
2020-08-12,Shasta,089,179085,559,417,3,420,9
2020-08-12,Sierra,091,2930,5,4,0,4,0
2020-08-12,Siskiyou,093,43540,116,90,0,90,0
2020-08-12,Solano,095,438530,4905,4258,32,4290,31
2020-08-12,Sonoma,097,501317,4796,3847,13,3860,47
2020-08-12,Stanislaus,099,539301,13652,11682,160,11842,136
2020-08-12,Sutter,101,95872,1115,987,1,988,7
2020-08-12,Tehama,103,63373,338,289,2,291,1
2020-08-12,Trinity,105,12862,34,6,6,12,0
2020-08-12,Tulare,107,460477,13095,11460,41,11501,211
2020-08-12,Tuolumne,109,53932,168,150,3,153,1
2020-08-12,Ventura,111,848112,10046,9005,50,9055,87
2020-08-12,Yolo,113,214977,2158,1921,4,1925,44
2020-08-12,Yuba,115,75493,677,549,1,550,1
2020-08-11,Alameda,001,1643700,16000,13960,115,14075,204
2020-08-11,Alpine,003,1148,2,2,0,2,0
2020-08-11,Amador,005,37829,249,187,0,187,3
2020-08-11,Butte,007,227075,1479,1296,17,1313,15
2020-08-11,Calaveras,009,45235,181,161,0,161,1
2020-08-11,Colusa,011,21464,416,390,0,390,5
2020-08-11,Contra Costa,013,1133247,12396,10012,37,10049,131
2020-08-11,Del Norte,015,27424,100,73,0,73,0
2020-08-11,El Dorado,017,186661,904,786,0,786,2
2020-08-11,Fresno,019,978130,24596,18344,239,18583,187
2020-08-11,Glenn,021,27897,411,380,0,380,1
2020-08-11,Humboldt,023,135768,319,283,1,284,4
2020-08-11,Imperial,025,180216,10785,8518,13,8531,165
2020-08-11,Inyo,027,18085,122,97,2,99,1
2020-08-11,Kern,029,883053,27529,25042,157,25199,230
2020-08-11,Kings,031,150075,5439,4696,31,4727,50
2020-08-11,Lake,033,64148,280,243,0,243,2
2020-08-11,Lassen,035,31185,704,605,2,607,0
2020-08-11,Los Angeles,037,10098052,222157,212421,787,213208,5065
2020-08-11,Madera,039,155013,3371,2673,18,2691,22
2020-08-11,Marin,041,260295,5803,5287,11,5298,44
2020-08-11,Mariposa,043,17540,68,60,0,60,2
2020-08-11,Mendocino,045,87422,477,385,0,385,9
2020-08-11,Merced,047,269075,6980,5322,5,5327,65
2020-08-11,Modoc,049,8938,7,5,0,5,0
2020-08-11,Mono,051,14174,161,124,2,126,1
2020-08-11,Monterey,053,433212,6771,5624,19,5643,36
2020-08-11,Napa,055,140530,1316,1143,2,1145,11
2020-08-11,Nevada,057,99092,393,358,13,371,1
2020-08-11,Orange,059,3164182,46960,41205,964,42169,742
2020-08-11,Placer,061,380077,2684,2393,4,2397,24
2020-08-11,Plumas,063,18699,38,31,0,31,0
2020-08-11,Riverside,065,2383286,49318,44237,49,44286,836
2020-08-11,Sacramento,067,1510023,15342,12298,14,12312,182
2020-08-11,San Benito,069,59416,846,750,0,750,2
2020-08-11,San Bernardino,071,2135413,44787,38467,217,38684,584
2020-08-11,San Diego,073,3302833,35451,33159,120,33279,602
2020-08-11,San Francisco,075,870044,8397,6988,9,6997,66
2020-08-11,San Joaquin,077,732212,16531,13997,21,14018,251
2020-08-11,San Luis Obispo,079,281455,2628,2234,15,2249,15
2020-08-11,San Mateo,081,765935,7490,6339,7,6346,117
2020-08-11,Santa Barbara,083,443738,7515,6942,66,7008,70
2020-08-11,Santa Clara,085,1922200,15610,12920,32,12952,183
2020-08-11,Santa Cruz,087,273765,1552,1352,11,1363,4
2020-08-11,Shasta,089,179085,555,416,3,419,9
2020-08-11,Sierra,091,2930,5,4,0,4,0
2020-08-11,Siskiyou,093,43540,116,90,0,90,0
2020-08-11,Solano,095,438530,4857,4206,31,4237,31
2020-08-11,Sonoma,097,501317,4702,3752,13,3765,45
2020-08-11,Stanislaus,099,539301,13548,11592,148,11740,128
2020-08-11,Sutter,101,95872,1093,964,1,965,7
2020-08-11,Tehama,103,63373,334,289,2,291,1
2020-08-11,Trinity,105,12862,34,5,6,11,0
2020-08-11,Tulare,107,460477,12970,11392,40,11432,201
2020-08-11,Tuolumne,109,53932,163,146,3,149,1
2020-08-11,Ventura,111,848112,9978,8953,49,9002,88
2020-08-11,Yolo,113,214977,2136,1912,4,1916,44
2020-08-11,Yuba,115,75493,666,540,1,541,1
2020-08-10,Alameda,001,1643700,15760,13420,114,13534,203
2020-08-10,Alpine,003,1148,2,2,0,2,0
2020-08-10,Amador,005,37829,248,172,0,172,2
2020-08-10,Butte,007,227075,1455,1174,15,1189,15
2020-08-10,Calaveras,009,45235,171,121,0,121,1
2020-08-10,Colusa,011,21464,414,387,0,387,4
2020-08-10,Contra Costa,013,1133247,12243,9454,35,9489,130
2020-08-10,Del Norte,015,27424,98,69,0,69,0
2020-08-10,El Dorado,017,186661,892,771,0,771,2
2020-08-10,Fresno,019,978130,24315,17978,238,18216,183
2020-08-10,Glenn,021,27897,408,381,0,381,1
2020-08-10,Humboldt,023,135768,313,277,1,278,4
2020-08-10,Imperial,025,180216,10741,8465,13,8478,165
2020-08-10,Inyo,027,18085,122,97,2,99,1
2020-08-10,Kern,029,883053,27303,24499,156,24655,215
2020-08-10,Kings,031,150075,5333,4588,31,4619,50
2020-08-10,Lake,033,64148,273,239,0,239,2
2020-08-10,Lassen,035,31185,704,588,2,590,0
2020-08-10,Los Angeles,037,10098052,220587,211035,769,211804,5003
2020-08-10,Madera,039,155013,3338,2365,17,2382,22
2020-08-10,Marin,041,260295,5758,5242,10,5252,44
2020-08-10,Mariposa,043,17540,68,57,0,57,2
2020-08-10,Mendocino,045,87422,453,364,0,364,1
2020-08-10,Merced,047,269075,6899,4913,5,4918,51
2020-08-10,Modoc,049,8938,7,5,0,5,0
2020-08-10,Mono,051,14174,161,123,2,125,1
2020-08-10,Monterey,053,433212,6661,5358,19,5377,34
2020-08-10,Napa,055,140530,1298,1084,2,1086,8
2020-08-10,Nevada,057,99092,385,356,13,369,1
2020-08-10,Orange,059,3164182,46690,40445,946,41391,721
2020-08-10,Placer,061,380077,2645,2298,4,2302,21
2020-08-10,Plumas,063,18699,38,27,0,27,0
2020-08-10,Riverside,065,2383286,48934,43296,48,43344,830
2020-08-10,Sacramento,067,1510023,15031,12059,14,12073,168
2020-08-10,San Benito,069,59416,833,743,0,743,2
2020-08-10,San Bernardino,071,2135413,44410,37367,208,37575,579
2020-08-10,San Diego,073,3302833,35185,32977,104,33081,594
2020-08-10,San Francisco,075,870044,8307,6816,8,6824,66
2020-08-10,San Joaquin,077,732212,16349,13308,21,13329,240
2020-08-10,San Luis Obispo,079,281455,2529,2208,14,2222,15
2020-08-10,San Mateo,081,765935,7413,6222,7,6229,117
2020-08-10,Santa Barbara,083,443738,7460,6869,66,6935,66
2020-08-10,Santa Clara,085,1922200,15350,12615,31,12646,182
2020-08-10,Santa Cruz,087,273765,1532,1239,10,1249,4
2020-08-10,Shasta,089,179085,551,384,3,387,9
2020-08-10,Sierra,091,2930,5,3,0,3,0
2020-08-10,Siskiyou,093,43540,113,88,0,88,0
2020-08-10,Solano,095,438530,4797,4101,31,4132,31
2020-08-10,Sonoma,097,501317,4533,3640,9,3649,42
2020-08-10,Stanislaus,099,539301,13366,10855,131,10986,106
2020-08-10,Sutter,101,95872,1068,865,1,866,7
2020-08-10,Tehama,103,63373,327,282,2,284,1
2020-08-10,Trinity,105,12862,31,5,6,11,0
2020-08-10,Tulare,107,460477,12797,10750,38,10788,194
2020-08-10,Tuolumne,109,53932,163,143,2,145,1
2020-08-10,Ventura,111,848112,9894,8851,48,8899,85
2020-08-10,Yolo,113,214977,2113,1840,4,1844,45
2020-08-10,Yuba,115,75493,649,527,1,528,1
2020-08-09,Alameda,001,1643700,15480,13241,112,13353,203
2020-08-09,Alpine,003,1148,2,2,0,2,0
2020-08-09,Amador,005,37829,243,153,0,153,2
2020-08-09,Butte,007,227075,1411,1155,15,1170,15
2020-08-09,Calaveras,009,45235,166,122,0,122,1
2020-08-09,Colusa,011,21464,410,371,0,371,4
2020-08-09,Contra Costa,013,1133247,12015,9214,34,9248,130
2020-08-09,Del Norte,015,27424,98,69,0,69,0
2020-08-09,El Dorado,017,186661,884,748,0,748,2
2020-08-09,Fresno,019,978130,24006,17846,234,18080,183
2020-08-09,Glenn,021,27897,406,354,0,354,1
2020-08-09,Humboldt,023,135768,307,279,1,280,4
2020-08-09,Imperial,025,180216,10698,8310,12,8322,165
2020-08-09,Inyo,027,18085,117,86,1,87,1
2020-08-09,Kern,029,883053,27047,23680,156,23836,215
2020-08-09,Kings,031,150075,5290,4446,30,4476,50
2020-08-09,Lake,033,64148,266,225,0,225,2
2020-08-09,Lassen,035,31185,698,589,2,591,0
2020-08-09,Los Angeles,037,10098052,218530,208810,747,209557,4984
2020-08-09,Madera,039,155013,3279,2322,13,2335,22
2020-08-09,Marin,041,260295,5715,5204,10,5214,44
2020-08-09,Mariposa,043,17540,66,56,0,56,2
2020-08-09,Mendocino,045,87422,443,283,0,283,1
2020-08-09,Merced,047,269075,6801,4735,4,4739,51
2020-08-09,Modoc,049,8938,7,4,0,4,0
2020-08-09,Mono,051,14174,160,113,2,115,1
2020-08-09,Monterey,053,433212,6537,5199,19,5218,34
2020-08-09,Napa,055,140530,1279,1062,2,1064,8
2020-08-09,Nevada,057,99092,377,332,13,345,1
2020-08-09,Orange,059,3164182,46391,39244,931,40175,722
2020-08-09,Placer,061,380077,2616,2211,4,2215,20
2020-08-09,Plumas,063,18699,38,27,0,27,0
2020-08-09,Riverside,065,2383286,48588,41894,48,41942,828
2020-08-09,Sacramento,067,1510023,14751,11301,14,11315,167
2020-08-09,San Benito,069,59416,814,687,0,687,2
2020-08-09,San Bernardino,071,2135413,43935,36092,208,36300,579
2020-08-09,San Diego,073,3302833,34894,32749,93,32842,594
2020-08-09,San Francisco,075,870044,8192,6820,8,6828,66
2020-08-09,San Joaquin,077,732212,16144,12933,20,12953,240
2020-08-09,San Luis Obispo,079,281455,2493,2124,14,2138,15
2020-08-09,San Mateo,081,765935,7318,6094,7,6101,117
2020-08-09,Santa Barbara,083,443738,7372,6669,66,6735,66
2020-08-09,Santa Clara,085,1922200,15080,11878,31,11909,181
2020-08-09,Santa Cruz,087,273765,1508,1246,10,1256,4
2020-08-09,Shasta,089,179085,547,361,3,364,9
2020-08-09,Sierra,091,2930,5,3,0,3,0
2020-08-09,Siskiyou,093,43540,112,74,0,74,0
2020-08-09,Solano,095,438530,4744,3954,30,3984,31
2020-08-09,Sonoma,097,501317,4397,3531,7,3538,41
2020-08-09,Stanislaus,099,539301,13158,10264,118,10382,106
2020-08-09,Sutter,101,95872,1034,857,1,858,7
2020-08-09,Tehama,103,63373,319,265,2,267,1
2020-08-09,Trinity,105,12862,31,5,6,11,0
2020-08-09,Tulare,107,460477,12605,10630,35,10665,194
2020-08-09,Tuolumne,109,53932,160,143,2,145,1
2020-08-09,Ventura,111,848112,9746,8633,47,8680,85
2020-08-09,Yolo,113,214977,2082,1765,4,1769,44
2020-08-09,Yuba,115,75493,629,442,1,443,1
2020-08-08,Alameda,001,1643700,15370,13087,112,13199,204
2020-08-08,Alpine,003,1148,2,2,0,2,0
2020-08-08,Amador,005,37829,243,139,0,139,2
2020-08-08,Butte,007,227075,1393,1140,15,1155,15
2020-08-08,Calaveras,009,45235,165,122,0,122,1
2020-08-08,Colusa,011,21464,409,368,0,368,4
2020-08-08,Contra Costa,013,1133247,11906,9104,34,9138,129
2020-08-08,Del Norte,015,27424,97,69,0,69,0
2020-08-08,El Dorado,017,186661,877,734,0,734,2
2020-08-08,Fresno,019,978130,23869,17538,232,17770,183
2020-08-08,Glenn,021,27897,406,344,0,344,1
2020-08-08,Humboldt,023,135768,304,277,1,278,4
2020-08-08,Imperial,025,180216,10683,8213,12,8225,165
2020-08-08,Inyo,027,18085,113,86,1,87,1
2020-08-08,Kern,029,883053,26933,22803,156,22959,215
2020-08-08,Kings,031,150075,5276,4367,30,4397,49
2020-08-08,Lake,033,64148,264,221,0,221,2
2020-08-08,Lassen,035,31185,698,589,2,591,0
2020-08-08,Los Angeles,037,10098052,217644,206971,736,207707,4974
2020-08-08,Madera,039,155013,3248,2275,13,2288,22
2020-08-08,Marin,041,260295,5695,5118,10,5128,44
2020-08-08,Mariposa,043,17540,65,55,0,55,2
2020-08-08,Mendocino,045,87422,441,264,0,264,1
2020-08-08,Merced,047,269075,6761,4570,4,4574,51
2020-08-08,Modoc,049,8938,7,4,0,4,0
2020-08-08,Mono,051,14174,160,113,2,115,1
2020-08-08,Monterey,053,433212,6479,5101,19,5120,33
2020-08-08,Napa,055,140530,1271,1062,2,1064,8
2020-08-08,Nevada,057,99092,375,325,13,338,1
2020-08-08,Orange,059,3164182,46261,38688,922,39610,718
2020-08-08,Placer,061,380077,2599,2153,4,2157,20
2020-08-08,Plumas,063,18699,38,27,0,27,0
2020-08-08,Riverside,065,2383286,48384,41412,48,41460,823
2020-08-08,Sacramento,067,1510023,14622,11144,14,11158,166
2020-08-08,San Benito,069,59416,806,684,0,684,2
2020-08-08,San Bernardino,071,2135413,43739,35691,207,35898,531
2020-08-08,San Diego,073,3302833,34705,32332,84,32416,593
2020-08-08,San Francisco,075,870044,8126,6820,8,6828,66
2020-08-08,San Joaquin,077,732212,16063,12559,19,12578,240
2020-08-08,San Luis Obispo,079,281455,2470,2081,14,2095,15
2020-08-08,San Mateo,081,765935,7260,6021,7,6028,117
2020-08-08,Santa Barbara,083,443738,7334,6598,66,6664,66
2020-08-08,Santa Clara,085,1922200,14928,11615,31,11646,181
2020-08-08,Santa Cruz,087,273765,1494,1247,10,1257,4
2020-08-08,Shasta,089,179085,545,343,3,346,9
2020-08-08,Sierra,091,2930,5,3,0,3,0
2020-08-08,Siskiyou,093,43540,112,73,0,73,0
2020-08-08,Solano,095,438530,4723,3889,29,3918,31
2020-08-08,Sonoma,097,501317,4365,3399,7,3406,41
2020-08-08,Stanislaus,099,539301,13083,9963,113,10076,105
2020-08-08,Sutter,101,95872,1024,830,1,831,7
2020-08-08,Tehama,103,63373,318,251,2,253,1
2020-08-08,Trinity,105,12862,31,5,6,11,0
2020-08-08,Tulare,107,460477,12529,10505,35,10540,192
2020-08-08,Tuolumne,109,53932,160,143,2,145,1
2020-08-08,Ventura,111,848112,9691,8462,46,8508,85
2020-08-08,Yolo,113,214977,2069,1725,4,1729,44
2020-08-08,Yuba,115,75493,620,430,1,431,1
2020-08-07,Alameda,001,1643700,15260,12805,112,12917,204
2020-08-07,Alpine,003,1148,2,2,0,2,0
2020-08-07,Amador,005,37829,241,125,0,125,2
2020-08-07,Butte,007,227075,1375,1092,15,1107,13
2020-08-07,Calaveras,009,45235,165,119,0,119,1
2020-08-07,Colusa,011,21464,408,358,0,358,4
2020-08-07,Contra Costa,013,1133247,11757,8810,34,8844,126
2020-08-07,Del Norte,015,27424,97,69,0,69,0
2020-08-07,El Dorado,017,186661,872,724,0,724,2
2020-08-07,Fresno,019,978130,23709,17290,232,17522,171
2020-08-07,Glenn,021,27897,405,339,0,339,1
2020-08-07,Humboldt,023,135768,300,274,1,275,4
2020-08-07,Imperial,025,180216,10658,8085,12,8097,164
2020-08-07,Inyo,027,18085,112,81,1,82,1
2020-08-07,Kern,029,883053,26807,22143,153,22296,206
2020-08-07,Kings,031,150075,5259,4315,30,4345,48
2020-08-07,Lake,033,64148,262,215,0,215,1
2020-08-07,Lassen,035,31185,697,588,2,590,0
2020-08-07,Los Angeles,037,10098052,216192,204406,724,205130,4924
2020-08-07,Madera,039,155013,3216,2245,13,2258,20
2020-08-07,Marin,041,260295,5666,5094,10,5104,43
2020-08-07,Mariposa,043,17540,65,53,0,53,2
2020-08-07,Mendocino,045,87422,427,262,0,262,1
2020-08-07,Merced,047,269075,6718,4358,4,4362,30
2020-08-07,Modoc,049,8938,7,4,0,4,0
2020-08-07,Mono,051,14174,160,112,2,114,1
2020-08-07,Monterey,053,433212,6404,5041,19,5060,33
2020-08-07,Napa,055,140530,1266,1055,2,1057,8
2020-08-07,Nevada,057,99092,372,324,13,337,1
2020-08-07,Orange,059,3164182,46049,38459,905,39364,701
2020-08-07,Placer,061,380077,2581,2078,4,2082,20
2020-08-07,Plumas,063,18699,38,25,0,25,0
2020-08-07,Riverside,065,2383286,48121,40902,47,40949,810
2020-08-07,Sacramento,067,1510023,14477,10798,14,10812,160
2020-08-07,San Benito,069,59416,800,647,0,647,2
2020-08-07,San Bernardino,071,2135413,43492,35200,206,35406,524
2020-08-07,San Diego,073,3302833,34520,31781,81,31862,586
2020-08-07,San Francisco,075,870044,8048,6765,8,6773,66
2020-08-07,San Joaquin,077,732212,15978,12392,19,12411,223
2020-08-07,San Luis Obispo,079,281455,2439,2050,14,2064,14
2020-08-07,San Mateo,081,765935,7201,5948,7,5955,117
2020-08-07,Santa Barbara,083,443738,7283,6509,66,6575,66
2020-08-07,Santa Clara,085,1922200,14729,11409,31,11440,180
2020-08-07,Santa Cruz,087,273765,1476,1234,10,1244,5
2020-08-07,Shasta,089,179085,540,342,3,345,9
2020-08-07,Sierra,091,2930,5,3,0,3,0
2020-08-07,Siskiyou,093,43540,109,73,0,73,0
2020-08-07,Solano,095,438530,4691,3844,28,3872,31
2020-08-07,Sonoma,097,501317,4301,3329,7,3336,34
2020-08-07,Stanislaus,099,539301,12961,9665,103,9768,98
2020-08-07,Sutter,101,95872,1020,807,1,808,6
2020-08-07,Tehama,103,63373,314,246,2,248,1
2020-08-07,Trinity,105,12862,30,5,6,11,0
2020-08-07,Tulare,107,460477,12452,10292,35,10327,195
2020-08-07,Tuolumne,109,53932,159,136,2,138,1
2020-08-07,Ventura,111,848112,9631,8356,44,8400,84
2020-08-07,Yolo,113,214977,2042,1689,4,1693,37
2020-08-07,Yuba,115,75493,615,413,1,414,1
2020-08-06,Alameda,001,1643700,15037,12474,111,12585,200
2020-08-06,Alpine,003,1148,2,2,0,2,0
2020-08-06,Amador,005,37829,227,125,0,125,0
2020-08-06,Butte,007,227075,1356,1060,15,1075,13
2020-08-06,Calaveras,009,45235,163,117,0,117,1
2020-08-06,Colusa,011,21464,405,358,0,358,3
2020-08-06,Contra Costa,013,1133247,11563,8583,33,8616,124
2020-08-06,Del Norte,015,27424,97,69,0,69,0
2020-08-06,El Dorado,017,186661,861,703,0,703,1
2020-08-06,Fresno,019,978130,23411,17031,225,17256,161
2020-08-06,Glenn,021,27897,400,332,0,332,1
2020-08-06,Humboldt,023,135768,295,266,1,267,4
2020-08-06,Imperial,025,180216,10615,8064,12,8076,163
2020-08-06,Inyo,027,18085,104,83,1,84,1
2020-08-06,Kern,029,883053,26571,21843,152,21995,197
2020-08-06,Kings,031,150075,5197,4264,29,4293,47
2020-08-06,Lake,033,64148,259,209,0,209,1
2020-08-06,Lassen,035,31185,695,588,2,590,0
2020-08-06,Los Angeles,037,10098052,214128,201372,708,202080,4874
2020-08-06,Madera,039,155013,3168,2240,12,2252,19
2020-08-06,Marin,041,260295,5634,5058,10,5068,43
2020-08-06,Mariposa,043,17540,64,52,0,52,2
2020-08-06,Mendocino,045,87422,413,260,0,260,1
2020-08-06,Merced,047,269075,6617,4235,4,4239,30
2020-08-06,Modoc,049,8938,7,4,0,4,0
2020-08-06,Mono,051,14174,159,111,2,113,1
2020-08-06,Monterey,053,433212,6295,5001,18,5019,33
2020-08-06,Napa,055,140530,1252,1032,2,1034,8
2020-08-06,Nevada,057,99092,367,321,13,334,1
2020-08-06,Orange,059,3164182,45757,38399,900,39299,694
2020-08-06,Placer,061,380077,2555,2045,4,2049,20
2020-08-06,Plumas,063,18699,37,25,0,25,0
2020-08-06,Riverside,065,2383286,47726,40269,47,40316,781
2020-08-06,Sacramento,067,1510023,14248,10548,14,10562,153
2020-08-06,San Benito,069,59416,792,626,0,626,2
2020-08-06,San Bernardino,071,2135413,43087,34819,204,35023,516
2020-08-06,San Diego,073,3302833,34253,31129,74,31203,583
2020-08-06,San Francisco,075,870044,7955,6737,7,6744,60
2020-08-06,San Joaquin,077,732212,15819,12269,19,12288,203
2020-08-06,San Luis Obispo,079,281455,2415,2000,13,2013,13
2020-08-06,San Mateo,081,765935,7101,5885,7,5892,117
2020-08-06,Santa Barbara,083,443738,7223,6620,66,6686,65
2020-08-06,Santa Clara,085,1922200,14500,11280,31,11311,178
2020-08-06,Santa Cruz,087,273765,1455,1215,10,1225,4
2020-08-06,Shasta,089,179085,531,343,3,346,9
2020-08-06,Sierra,091,2930,5,3,0,3,0
2020-08-06,Siskiyou,093,43540,109,73,0,73,0
2020-08-06,Solano,095,438530,4648,3784,28,3812,29
2020-08-06,Sonoma,097,501317,4237,3259,7,3266,33
2020-08-06,Stanislaus,099,539301,12811,9566,87,9653,98
2020-08-06,Sutter,101,95872,989,797,1,798,6
2020-08-06,Tehama,103,63373,311,242,2,244,1
2020-08-06,Trinity,105,12862,27,5,6,11,0
2020-08-06,Tulare,107,460477,12293,10169,35,10204,195
2020-08-06,Tuolumne,109,53932,158,136,2,138,1
2020-08-06,Ventura,111,848112,9516,8245,41,8286,80
2020-08-06,Yolo,113,214977,2018,1662,4,1666,36
2020-08-06,Yuba,115,75493,606,407,0,407,1
2020-08-05,Alameda,001,1643700,14823,12140,111,12251,193
2020-08-05,Alpine,003,1148,2,2,0,2,0
2020-08-05,Amador,005,37829,217,123,0,123,0
2020-08-05,Butte,007,227075,1322,1038,14,1052,13
2020-08-05,Calaveras,009,45235,160,116,0,116,1
2020-08-05,Colusa,011,21464,401,354,0,354,3
2020-08-05,Contra Costa,013,1133247,11394,8362,33,8395,122
2020-08-05,Del Norte,015,27424,96,69,0,69,0
2020-08-05,El Dorado,017,186661,853,692,0,692,1
2020-08-05,Fresno,019,978130,23167,16625,220,16845,159
2020-08-05,Glenn,021,27897,397,330,0,330,1
2020-08-05,Humboldt,023,135768,293,249,1,250,4
2020-08-05,Imperial,025,180216,10580,8036,12,8048,163
2020-08-05,Inyo,027,18085,102,62,1,63,1
2020-08-05,Kern,029,883053,26383,21540,147,21687,194
2020-08-05,Kings,031,150075,5152,4192,27,4219,47
2020-08-05,Lake,033,64148,252,209,0,209,1
2020-08-05,Lassen,035,31185,648,557,2,559,0
2020-08-05,Los Angeles,037,10098052,212214,198355,689,199044,4832
2020-08-05,Madera,039,155013,3126,2172,12,2184,19
2020-08-05,Marin,041,260295,5602,5036,10,5046,43
2020-08-05,Mariposa,043,17540,64,52,0,52,2
2020-08-05,Mendocino,045,87422,401,248,0,248,1
2020-08-05,Merced,047,269075,6482,4119,4,4123,30
2020-08-05,Modoc,049,8938,7,3,0,3,0
2020-08-05,Mono,051,14174,159,104,2,106,1
2020-08-05,Monterey,053,433212,6180,4936,18,4954,32
2020-08-05,Napa,055,140530,1240,1020,2,1022,8
2020-08-05,Nevada,057,99092,358,327,13,340,2
2020-08-05,Orange,059,3164182,45448,37907,892,38799,663
2020-08-05,Placer,061,380077,2514,1989,4,1993,18
2020-08-05,Plumas,063,18699,36,25,0,25,0
2020-08-05,Riverside,065,2383286,47334,39454,45,39499,761
2020-08-05,Sacramento,067,1510023,14029,10261,13,10274,151
2020-08-05,San Benito,069,59416,783,613,0,613,2
2020-08-05,San Bernardino,071,2135413,42625,34442,199,34641,504
2020-08-05,San Diego,073,3302833,34029,30866,58,30924,578
2020-08-05,San Francisco,075,870044,7862,6701,7,6708,60
2020-08-05,San Joaquin,077,732212,15656,12148,19,12167,199
2020-08-05,San Luis Obispo,079,281455,2391,1928,13,1941,13
2020-08-05,San Mateo,081,765935,7005,5695,7,5702,116
2020-08-05,Santa Barbara,083,443738,7163,6597,66,6663,63
2020-08-05,Santa Clara,085,1922200,14266,11074,31,11105,176
2020-08-05,Santa Cruz,087,273765,1435,1192,8,1200,4
2020-08-05,Shasta,089,179085,525,338,3,341,9
2020-08-05,Sierra,091,2930,5,3,0,3,0
2020-08-05,Siskiyou,093,43540,105,72,0,72,0
2020-08-05,Solano,095,438530,4597,3750,27,3777,29
2020-08-05,Sonoma,097,501317,4155,3173,7,3180,33
2020-08-05,Stanislaus,099,539301,12652,9408,82,9490,97
2020-08-05,Sutter,101,95872,978,780,1,781,6
2020-08-05,Tehama,103,63373,308,231,2,233,1
2020-08-05,Trinity,105,12862,27,5,6,11,0
2020-08-05,Tulare,107,460477,12153,9924,35,9959,192
2020-08-05,Tuolumne,109,53932,158,137,2,139,0
2020-08-05,Ventura,111,848112,9400,8162,37,8199,75
2020-08-05,Yolo,113,214977,1990,1634,4,1638,36
2020-08-05,Yuba,115,75493,589,400,0,400,1
2020-08-04,Alameda,001,1643700,14606,11983,110,12093,192
2020-08-04,Alpine,003,1148,2,2,0,2,0
2020-08-04,Amador,005,37829,202,123,0,123,0
2020-08-04,Butte,007,227075,1298,1011,14,1025,10
2020-08-04,Calaveras,009,45235,156,116,0,116,1
2020-08-04,Colusa,011,21464,396,354,0,354,3
2020-08-04,Contra Costa,013,1133247,11227,8210,33,8243,122
2020-08-04,Del Norte,015,27424,94,69,0,69,0
2020-08-04,El Dorado,017,186661,843,668,0,668,1
2020-08-04,Fresno,019,978130,22883,16272,212,16484,154
2020-08-04,Glenn,021,27897,396,325,0,325,1
2020-08-04,Humboldt,023,135768,283,241,1,242,4
2020-08-04,Imperial,025,180216,10543,7974,12,7986,163
2020-08-04,Inyo,027,18085,88,59,1,60,1
2020-08-04,Kern,029,883053,26100,21403,147,21550,190
2020-08-04,Kings,031,150075,5087,4163,27,4190,47
2020-08-04,Lake,033,64148,252,206,0,206,1
2020-08-04,Lassen,035,31185,645,556,2,558,0
2020-08-04,Los Angeles,037,10098052,210290,196014,658,196672,4764
2020-08-04,Madera,039,155013,3082,2161,8,2169,19
2020-08-04,Marin,041,260295,5571,5020,9,5029,43
2020-08-04,Mariposa,043,17540,64,51,0,51,2
2020-08-04,Mendocino,045,87422,376,248,0,248,1
2020-08-04,Merced,047,269075,6368,4085,4,4089,30
2020-08-04,Modoc,049,8938,7,3,0,3,0
2020-08-04,Mono,051,14174,158,104,1,105,1
2020-08-04,Monterey,053,433212,6066,4892,18,4910,32
2020-08-04,Napa,055,140530,1227,994,0,994,8
2020-08-04,Nevada,057,99092,357,322,13,335,2
2020-08-04,Orange,059,3164182,45072,37844,886,38730,659
2020-08-04,Placer,061,380077,2477,1964,4,1968,17
2020-08-04,Plumas,063,18699,36,25,0,25,0
2020-08-04,Riverside,065,2383286,46949,38991,44,39035,743
2020-08-04,Sacramento,067,1510023,13811,10205,13,10218,146
2020-08-04,San Benito,069,59416,767,608,0,608,2
2020-08-04,San Bernardino,071,2135413,42076,34215,194,34409,495
2020-08-04,San Diego,073,3302833,33736,30518,46,30564,568
2020-08-04,San Francisco,075,870044,7774,6568,7,6575,60
2020-08-04,San Joaquin,077,732212,15527,12087,16,12103,189
2020-08-04,San Luis Obispo,079,281455,2361,1886,13,1899,13
2020-08-04,San Mateo,081,765935,6899,5690,7,5697,116
2020-08-04,Santa Barbara,083,443738,7103,6591,66,6657,61
2020-08-04,Santa Clara,085,1922200,13965,10986,30,11016,175
2020-08-04,Santa Cruz,087,273765,1416,1202,8,1210,4
2020-08-04,Shasta,089,179085,519,335,3,338,9
2020-08-04,Sierra,091,2930,5,1,0,1,0
2020-08-04,Siskiyou,093,43540,103,71,0,71,0
2020-08-04,Solano,095,438530,4526,3690,27,3717,29
2020-08-04,Sonoma,097,501317,4088,3108,7,3115,33
2020-08-04,Stanislaus,099,539301,12484,9359,74,9433,97
2020-08-04,Sutter,101,95872,964,761,1,762,6
2020-08-04,Tehama,103,63373,301,226,2,228,1
2020-08-04,Trinity,105,12862,27,5,6,11,0
2020-08-04,Tulare,107,460477,11973,9866,35,9901,192
2020-08-04,Tuolumne,109,53932,157,127,2,129,0
2020-08-04,Ventura,111,848112,9286,8134,35,8169,75
2020-08-04,Yolo,113,214977,1964,1626,4,1630,37
2020-08-04,Yuba,115,75493,574,398,0,398,1
2020-08-03,Alameda,001,1643700,14422,11817,106,11923,189
2020-08-03,Alpine,003,1148,2,2,0,2,0
2020-08-03,Amador,005,37829,198,119,0,119,0
2020-08-03,Butte,007,227075,1252,989,13,1002,9
2020-08-03,Calaveras,009,45235,153,117,0,117,1
2020-08-03,Colusa,011,21464,392,336,0,336,2
2020-08-03,Contra Costa,013,1133247,11030,8069,30,8099,120
2020-08-03,Del Norte,015,27424,90,68,0,68,0
2020-08-03,El Dorado,017,186661,832,645,0,645,1
2020-08-03,Fresno,019,978130,22589,15945,206,16151,151
2020-08-03,Glenn,021,27897,389,316,0,316,1
2020-08-03,Humboldt,023,135768,276,234,1,235,4
2020-08-03,Imperial,025,180216,10489,7953,12,7965,161
2020-08-03,Inyo,027,18085,85,57,1,58,1
2020-08-03,Kern,029,883053,25733,21285,140,21425,176
2020-08-03,Kings,031,150075,4975,4107,26,4133,47
2020-08-03,Lake,033,64148,245,201,0,201,1
2020-08-03,Lassen,035,31185,645,555,2,557,0
2020-08-03,Los Angeles,037,10098052,208263,194103,627,194730,4706
2020-08-03,Madera,039,155013,3033,2143,7,2150,18
2020-08-03,Marin,041,260295,5524,5001,9,5010,43
2020-08-03,Mariposa,043,17540,63,52,0,52,2
2020-08-03,Mendocino,045,87422,353,248,0,248,1
2020-08-03,Merced,047,269075,6246,4028,4,4032,29
2020-08-03,Modoc,049,8938,7,2,0,2,0
2020-08-03,Mono,051,14174,158,104,1,105,1
2020-08-03,Monterey,053,433212,5915,4806,15,4821,28
2020-08-03,Napa,055,140530,1213,973,0,973,8
2020-08-03,Nevada,057,99092,352,315,13,328,2
2020-08-03,Orange,059,3164182,44678,37705,876,38581,651
2020-08-03,Placer,061,380077,2422,1947,3,1950,16
2020-08-03,Plumas,063,18699,36,25,0,25,0
2020-08-03,Riverside,065,2383286,46481,38642,44,38686,740
2020-08-03,Sacramento,067,1510023,13616,10143,13,10156,142
2020-08-03,San Benito,069,59416,755,603,0,603,2
2020-08-03,San Bernardino,071,2135413,41549,33979,188,34167,444
2020-08-03,San Diego,073,3302833,33422,30228,36,30264,565
2020-08-03,San Francisco,075,870044,7680,6319,7,6326,60
2020-08-03,San Joaquin,077,732212,15330,12007,15,12022,189
2020-08-03,San Luis Obispo,079,281455,2319,1863,10,1873,14
2020-08-03,San Mateo,081,765935,6818,5661,7,5668,115
2020-08-03,Santa Barbara,083,443738,7059,6580,66,6646,59
2020-08-03,Santa Clara,085,1922200,13689,10747,30,10777,172
2020-08-03,Santa Cruz,087,273765,1396,1154,8,1162,4
2020-08-03,Shasta,089,179085,512,322,3,325,9
2020-08-03,Sierra,091,2930,5,1,0,1,0
2020-08-03,Siskiyou,093,43540,99,67,0,67,0
2020-08-03,Solano,095,438530,4457,3610,26,3636,29
2020-08-03,Sonoma,097,501317,3987,3079,6,3085,33
2020-08-03,Stanislaus,099,539301,12275,9308,66,9374,96
2020-08-03,Sutter,101,95872,940,713,1,714,6
2020-08-03,Tehama,103,63373,293,225,2,227,1
2020-08-03,Trinity,105,12862,27,5,6,11,0
2020-08-03,Tulare,107,460477,11789,9703,35,9738,188
2020-08-03,Tuolumne,109,53932,157,123,2,125,0
2020-08-03,Ventura,111,848112,9195,8084,32,8116,74
2020-08-03,Yolo,113,214977,1929,1598,3,1601,37
2020-08-03,Yuba,115,75493,550,393,0,393,1
2020-08-02,Alameda,001,1643700,14175,11696,94,11790,188
2020-08-02,Alpine,003,1148,2,2,0,2,0
2020-08-02,Amador,005,37829,193,117,0,117,0
2020-08-02,Butte,007,227075,1217,987,13,1000,9
2020-08-02,Calaveras,009,45235,150,116,0,116,1
2020-08-02,Colusa,011,21464,387,335,0,335,2
2020-08-02,Contra Costa,013,1133247,10791,7995,30,8025,118
2020-08-02,Del Norte,015,27424,89,68,0,68,0
2020-08-02,El Dorado,017,186661,822,643,0,643,1
2020-08-02,Fresno,019,978130,22314,15759,200,15959,151
2020-08-02,Glenn,021,27897,388,315,0,315,1
2020-08-02,Humboldt,023,135768,271,232,1,233,4
2020-08-02,Imperial,025,180216,10426,7919,11,7930,157
2020-08-02,Inyo,027,18085,84,45,1,46,1
2020-08-02,Kern,029,883053,25435,21162,138,21300,176
2020-08-02,Kings,031,150075,4913,3964,25,3989,47
2020-08-02,Lake,033,64148,240,201,0,201,1
2020-08-02,Lassen,035,31185,645,555,2,557,0
2020-08-02,Los Angeles,037,10098052,206184,192480,609,193089,4698
2020-08-02,Madera,039,155013,2967,2123,5,2128,18
2020-08-02,Marin,041,260295,5489,4985,9,4994,43
2020-08-02,Mariposa,043,17540,61,52,0,52,2
2020-08-02,Mendocino,045,87422,343,247,0,247,1
2020-08-02,Merced,047,269075,6105,4011,4,4015,29
2020-08-02,Modoc,049,8938,7,2,0,2,0
2020-08-02,Mono,051,14174,151,104,1,105,1
2020-08-02,Monterey,053,433212,5789,4698,15,4713,28
2020-08-02,Napa,055,140530,1198,956,0,956,8
2020-08-02,Nevada,057,99092,349,314,13,327,2
2020-08-02,Orange,059,3164182,44297,37266,865,38131,651
2020-08-02,Placer,061,380077,2383,1920,3,1923,15
2020-08-02,Plumas,063,18699,36,25,0,25,0
2020-08-02,Riverside,065,2383286,46048,38507,43,38550,735
2020-08-02,Sacramento,067,1510023,13337,10099,13,10112,142
2020-08-02,San Benito,069,59416,741,599,0,599,2
2020-08-02,San Bernardino,071,2135413,40948,33643,184,33827,443
2020-08-02,San Diego,073,3302833,33082,29885,27,29912,565
2020-08-02,San Francisco,075,870044,7562,6297,7,6304,60
2020-08-02,San Joaquin,077,732212,15044,11937,13,11950,189
2020-08-02,San Luis Obispo,079,281455,2256,1821,10,1831,14
2020-08-02,San Mateo,081,765935,6703,5618,7,5625,115
2020-08-02,Santa Barbara,083,443738,6969,6532,66,6598,59
2020-08-02,Santa Clara,085,1922200,13471,10577,30,10607,172
2020-08-02,Santa Cruz,087,273765,1376,1162,8,1170,4
2020-08-02,Shasta,089,179085,508,318,3,321,9
2020-08-02,Sierra,091,2930,4,1,0,1,0
2020-08-02,Siskiyou,093,43540,99,65,0,65,0
2020-08-02,Solano,095,438530,4398,3609,26,3635,29
2020-08-02,Sonoma,097,501317,3903,3005,6,3011,33
2020-08-02,Stanislaus,099,539301,12060,9277,61,9338,96
2020-08-02,Sutter,101,95872,905,714,1,715,6
2020-08-02,Tehama,103,63373,287,222,2,224,1
2020-08-02,Trinity,105,12862,27,5,6,11,0
2020-08-02,Tulare,107,460477,11580,9593,35,9628,188
2020-08-02,Tuolumne,109,53932,154,123,2,125,0
2020-08-02,Ventura,111,848112,9048,8014,32,8046,73
2020-08-02,Yolo,113,214977,1904,1588,3,1591,37
2020-08-02,Yuba,115,75493,530,393,0,393,1
2020-08-01,Alameda,001,1643700,14063,11590,94,11684,188
2020-08-01,Alpine,003,1148,2,2,0,2,0
2020-08-01,Amador,005,37829,189,109,0,109,0
2020-08-01,Butte,007,227075,1203,976,13,989,9
2020-08-01,Calaveras,009,45235,146,116,0,116,1
2020-08-01,Colusa,011,21464,386,327,0,327,2
2020-08-01,Contra Costa,013,1133247,10658,7867,29,7896,116
2020-08-01,Del Norte,015,27424,89,68,0,68,0
2020-08-01,El Dorado,017,186661,819,637,0,637,1
2020-08-01,Fresno,019,978130,22177,15448,200,15648,149
2020-08-01,Glenn,021,27897,387,311,0,311,1
2020-08-01,Humboldt,023,135768,270,232,1,233,4
2020-08-01,Imperial,025,180216,10390,7919,11,7930,156
2020-08-01,Inyo,027,18085,82,45,1,46,1
2020-08-01,Kern,029,883053,25277,20796,134,20930,176
2020-08-01,Kings,031,150075,4887,3948,25,3973,47
2020-08-01,Lake,033,64148,238,194,0,194,1
2020-08-01,Lassen,035,31185,644,555,2,557,0
2020-08-01,Los Angeles,037,10098052,205291,191023,582,191605,4674
2020-08-01,Madera,039,155013,2928,2103,5,2108,18
2020-08-01,Marin,041,260295,5474,4945,9,4954,43
2020-08-01,Mariposa,043,17540,61,50,0,50,2
2020-08-01,Mendocino,045,87422,336,243,0,243,1
2020-08-01,Merced,047,269075,6057,3972,4,3976,29
2020-08-01,Modoc,049,8938,7,2,0,2,0
2020-08-01,Mono,051,14174,150,104,1,105,1
2020-08-01,Monterey,053,433212,5722,4611,14,4625,28
2020-08-01,Napa,055,140530,1189,923,0,923,8
2020-08-01,Nevada,057,99092,345,305,13,318,2
2020-08-01,Orange,059,3164182,44070,36703,859,37562,648
2020-08-01,Placer,061,380077,2349,1891,3,1894,14
2020-08-01,Plumas,063,18699,35,25,0,25,0
2020-08-01,Riverside,065,2383286,45836,38216,41,38257,704
2020-08-01,Sacramento,067,1510023,13186,10044,13,10057,141
2020-08-01,San Benito,069,59416,730,579,0,579,2
2020-08-01,San Bernardino,071,2135413,40712,32947,183,33130,440
2020-08-01,San Diego,073,3302833,32865,29579,19,29598,565
2020-08-01,San Francisco,075,870044,7500,6296,7,6303,60
2020-08-01,San Joaquin,077,732212,14971,11807,12,11819,189
2020-08-01,San Luis Obispo,079,281455,2227,1798,10,1808,13
2020-08-01,San Mateo,081,765935,6649,5520,7,5527,115
2020-08-01,Santa Barbara,083,443738,6929,6465,66,6531,59
2020-08-01,Santa Clara,085,1922200,13320,10281,29,10310,171
2020-08-01,Santa Cruz,087,273765,1360,1164,8,1172,4
2020-08-01,Shasta,089,179085,503,312,3,315,9
2020-08-01,Sierra,091,2930,3,1,0,1,0
2020-08-01,Siskiyou,093,43540,99,64,0,64,0
2020-08-01,Solano,095,438530,4364,3591,25,3616,29
2020-08-01,Sonoma,097,501317,3857,2890,6,2896,29
2020-08-01,Stanislaus,099,539301,11942,9221,53,9274,96
2020-08-01,Sutter,101,95872,901,714,1,715,6
2020-08-01,Tehama,103,63373,284,220,2,222,1
2020-08-01,Trinity,105,12862,27,5,6,11,0
2020-08-01,Tulare,107,460477,11512,9520,35,9555,188
2020-08-01,Tuolumne,109,53932,154,123,2,125,0
2020-08-01,Ventura,111,848112,9002,7819,32,7851,73
2020-08-01,Yolo,113,214977,1894,1557,3,1560,37
2020-08-01,Yuba,115,75493,525,387,0,387,1
2020-07-31,Alameda,001,1643700,13932,11441,94,11535,187
2020-07-31,Alpine,003,1148,2,2,0,2,0
2020-07-31,Amador,005,37829,188,98,0,98,0
2020-07-31,Butte,007,227075,1180,925,13,938,7
2020-07-31,Calaveras,009,45235,146,112,0,112,1
2020-07-31,Colusa,011,21464,376,319,0,319,2
2020-07-31,Contra Costa,013,1133247,10510,7697,28,7725,113
2020-07-31,Del Norte,015,27424,88,68,0,68,0
2020-07-31,El Dorado,017,186661,808,616,0,616,1
2020-07-31,Fresno,019,978130,21957,15083,200,15283,133
2020-07-31,Glenn,021,27897,380,304,0,304,1
2020-07-31,Humboldt,023,135768,263,229,1,230,4
2020-07-31,Imperial,025,180216,10358,7886,11,7897,155
2020-07-31,Inyo,027,18085,72,45,1,46,1
2020-07-31,Kern,029,883053,25036,20061,130,20191,173
2020-07-31,Kings,031,150075,4859,3807,25,3832,45
2020-07-31,Lake,033,64148,237,191,0,191,1
2020-07-31,Lassen,035,31185,639,544,2,546,0
2020-07-31,Los Angeles,037,10098052,203690,188688,569,189257,4628
2020-07-31,Madera,039,155013,2881,2036,5,2041,19
2020-07-31,Marin,041,260295,5430,4885,6,4891,43
2020-07-31,Mariposa,043,17540,61,49,0,49,2
2020-07-31,Mendocino,045,87422,321,232,0,232,1
2020-07-31,Merced,047,269075,5974,3789,4,3793,30
2020-07-31,Modoc,049,8938,6,0,0,0,0
2020-07-31,Mono,051,14174,149,104,1,105,1
2020-07-31,Monterey,053,433212,5630,4493,14,4507,24
2020-07-31,Napa,055,140530,1177,897,0,897,7
2020-07-31,Nevada,057,99092,343,302,13,315,2
2020-07-31,Orange,059,3164182,43771,36196,844,37040,620
2020-07-31,Placer,061,380077,2324,1853,3,1856,14
2020-07-31,Plumas,063,18699,34,25,0,25,0
2020-07-31,Riverside,065,2383286,45446,37612,40,37652,694
2020-07-31,Sacramento,067,1510023,13008,9872,13,9885,132
2020-07-31,San Benito,069,59416,722,567,0,567,2
2020-07-31,San Bernardino,071,2135413,40382,32332,182,32514,434
2020-07-31,San Diego,073,3302833,32631,29050,11,29061,561
2020-07-31,San Francisco,075,870044,7401,6126,7,6133,60
2020-07-31,San Joaquin,077,732212,14831,11561,12,11573,177
2020-07-31,San Luis Obispo,079,281455,2158,1746,10,1756,12
2020-07-31,San Mateo,081,765935,6577,5416,7,5423,115
2020-07-31,Santa Barbara,083,443738,6862,6375,66,6441,58
2020-07-31,Santa Clara,085,1922200,13099,9863,29,9892,171
2020-07-31,Santa Cruz,087,273765,1337,1118,8,1126,4
2020-07-31,Shasta,089,179085,493,305,3,308,9
2020-07-31,Sierra,091,2930,3,1,0,1,0
2020-07-31,Siskiyou,093,43540,97,61,0,61,0
2020-07-31,Solano,095,438530,4317,3510,24,3534,29
2020-07-31,Sonoma,097,501317,3799,2745,6,2751,27
2020-07-31,Stanislaus,099,539301,11835,9061,48,9109,94
2020-07-31,Sutter,101,95872,896,714,1,715,6
2020-07-31,Tehama,103,63373,281,213,2,215,1
2020-07-31,Trinity,105,12862,27,5,6,11,0
2020-07-31,Tulare,107,460477,11391,9365,35,9400,184
2020-07-31,Tuolumne,109,53932,154,120,2,122,0
2020-07-31,Ventura,111,848112,8927,7521,32,7553,71
2020-07-31,Yolo,113,214977,1868,1522,3,1525,38
2020-07-31,Yuba,115,75493,516,369,0,369,1
2020-07-30,Alameda,001,1643700,13729,11303,54,11357,185
2020-07-30,Alpine,003,1148,2,2,0,2,0
2020-07-30,Amador,005,37829,170,97,0,97,0
2020-07-30,Butte,007,227075,1164,915,13,928,7
2020-07-30,Calaveras,009,45235,142,111,0,111,1
2020-07-30,Colusa,011,21464,373,315,0,315,2
2020-07-30,Contra Costa,013,1133247,10325,7615,27,7642,112
2020-07-30,Del Norte,015,27424,88,68,0,68,0
2020-07-30,El Dorado,017,186661,801,608,0,608,1
2020-07-30,Fresno,019,978130,21621,14793,194,14987,133
2020-07-30,Glenn,021,27897,373,297,0,297,1
2020-07-30,Humboldt,023,135768,261,228,1,229,4
2020-07-30,Imperial,025,180216,10299,7849,11,7860,151
2020-07-30,Inyo,027,18085,68,44,1,45,1
2020-07-30,Kern,029,883053,24743,19552,126,19678,171
2020-07-30,Kings,031,150075,4755,3785,25,3810,43
2020-07-30,Lake,033,64148,231,181,0,181,1
2020-07-30,Lassen,035,31185,636,544,2,546,0
2020-07-30,Los Angeles,037,10098052,201661,186177,538,186715,4564
2020-07-30,Madera,039,155013,2811,2007,5,2012,18
2020-07-30,Marin,041,260295,5388,4835,5,4840,39
2020-07-30,Mariposa,043,17540,61,49,0,49,1
2020-07-30,Mendocino,045,87422,314,232,0,232,1
2020-07-30,Merced,047,269075,5809,3695,4,3699,30
2020-07-30,Modoc,049,8938,6,0,0,0,0
2020-07-30,Mono,051,14174,148,104,1,105,1
2020-07-30,Monterey,053,433212,5518,4352,14,4366,24
2020-07-30,Napa,055,140530,1160,874,0,874,7
2020-07-30,Nevada,057,99092,338,292,13,305,2
2020-07-30,Orange,059,3164182,43356,36105,819,36924,607
2020-07-30,Placer,061,380077,2273,1821,3,1824,14
2020-07-30,Plumas,063,18699,33,25,0,25,0
2020-07-30,Riverside,065,2383286,44905,37308,40,37348,685
2020-07-30,Sacramento,067,1510023,12789,9704,13,9717,126
2020-07-30,San Benito,069,59416,709,558,0,558,2
2020-07-30,San Bernardino,071,2135413,39858,32010,182,32192,427
2020-07-30,San Diego,073,3302833,32284,28670,9,28679,558
2020-07-30,San Francisco,075,870044,7301,6107,7,6114,59
2020-07-30,San Joaquin,077,732212,14637,11435,12,11447,161
2020-07-30,San Luis Obispo,079,281455,2122,1703,10,1713,12
2020-07-30,San Mateo,081,765935,6482,5369,7,5376,115
2020-07-30,Santa Barbara,083,443738,6782,6273,66,6339,52
2020-07-30,Santa Clara,085,1922200,12863,9708,28,9736,170
2020-07-30,Santa Cruz,087,273765,1309,1087,8,1095,4
2020-07-30,Shasta,089,179085,489,306,3,309,8
2020-07-30,Sierra,091,2930,3,1,0,1,0
2020-07-30,Siskiyou,093,43540,96,60,0,60,0
2020-07-30,Solano,095,438530,4266,3463,24,3487,29
2020-07-30,Sonoma,097,501317,3727,2684,6,2690,25
2020-07-30,Stanislaus,099,539301,11622,8890,40,8930,94
2020-07-30,Sutter,101,95872,877,698,1,699,6
2020-07-30,Tehama,103,63373,278,208,2,210,1
2020-07-30,Trinity,105,12862,26,4,6,10,0
2020-07-30,Tulare,107,460477,11262,9167,35,9202,177
2020-07-30,Tuolumne,109,53932,153,119,2,121,0
2020-07-30,Ventura,111,848112,8815,7304,30,7334,69
2020-07-30,Yolo,113,214977,1848,1511,3,1514,37
2020-07-30,Yuba,115,75493,503,362,0,362,1
2020-07-29,Alameda,001,1643700,13510,11177,49,11226,180
2020-07-29,Alpine,003,1148,2,2,0,2,0
2020-07-29,Amador,005,37829,162,80,0,80,0
2020-07-29,Butte,007,227075,1138,889,11,900,7
2020-07-29,Calaveras,009,45235,136,107,0,107,1
2020-07-29,Colusa,011,21464,369,302,0,302,2
2020-07-29,Contra Costa,013,1133247,10121,7520,27,7547,108
2020-07-29,Del Norte,015,27424,88,68,0,68,0
2020-07-29,El Dorado,017,186661,791,588,0,588,1
2020-07-29,Fresno,019,978130,21329,14312,194,14506,125
2020-07-29,Glenn,021,27897,366,294,0,294,1
2020-07-29,Humboldt,023,135768,258,221,1,222,4
2020-07-29,Imperial,025,180216,10251,7825,11,7836,147
2020-07-29,Inyo,027,18085,63,44,1,45,1
2020-07-29,Kern,029,883053,24405,19073,123,19196,162
2020-07-29,Kings,031,150075,4707,3755,25,3780,43
2020-07-29,Lake,033,64148,229,179,0,179,1
2020-07-29,Lassen,035,31185,621,513,2,515,0
2020-07-29,Los Angeles,037,10098052,199635,183600,521,184121,4523
2020-07-29,Madera,039,155013,2757,1941,5,1946,18
2020-07-29,Marin,041,260295,5350,4747,5,4752,34
2020-07-29,Mariposa,043,17540,60,47,0,47,1
2020-07-29,Mendocino,045,87422,306,228,0,228,0
2020-07-29,Merced,047,269075,5669,3605,4,3609,25
2020-07-29,Modoc,049,8938,5,0,0,0,0
2020-07-29,Mono,051,14174,145,102,1,103,1
2020-07-29,Monterey,053,433212,5419,4252,14,4266,24
2020-07-29,Napa,055,140530,1132,866,0,866,7
2020-07-29,Nevada,057,99092,334,288,13,301,1
2020-07-29,Orange,059,3164182,42922,35339,807,36146,589
2020-07-29,Placer,061,380077,2241,1798,3,1801,14
2020-07-29,Plumas,063,18699,33,25,0,25,0
2020-07-29,Riverside,065,2383286,44313,36968,40,37008,678
2020-07-29,Sacramento,067,1510023,12543,9538,13,9551,122
2020-07-29,San Benito,069,59416,694,537,0,537,2
2020-07-29,San Bernardino,071,2135413,39369,31168,171,31339,417
2020-07-29,San Diego,073,3302833,31959,28289,8,28297,552
2020-07-29,San Francisco,075,870044,7207,6041,7,6048,56
2020-07-29,San Joaquin,077,732212,14389,11249,9,11258,154
2020-07-29,San Luis Obispo,079,281455,2101,1673,10,1683,11
2020-07-29,San Mateo,081,765935,6394,5305,7,5312,114
2020-07-29,Santa Barbara,083,443738,6714,6215,66,6281,31
2020-07-29,Santa Clara,085,1922200,12656,9567,28,9595,165
2020-07-29,Santa Cruz,087,273765,1285,1051,8,1059,4
2020-07-29,Shasta,089,179085,477,297,3,300,8
2020-07-29,Sierra,091,2930,2,1,0,1,0
2020-07-29,Siskiyou,093,43540,94,58,0,58,0
2020-07-29,Solano,095,438530,4212,3380,24,3404,29
2020-07-29,Sonoma,097,501317,3650,2598,6,2604,26
2020-07-29,Stanislaus,099,539301,11401,8745,34,8779,94
2020-07-29,Sutter,101,95872,849,678,1,679,6
2020-07-29,Tehama,103,63373,274,206,2,208,1
2020-07-29,Trinity,105,12862,26,4,6,10,0
2020-07-29,Tulare,107,460477,11091,9028,35,9063,156
2020-07-29,Tuolumne,109,53932,153,118,2,120,0
2020-07-29,Ventura,111,848112,8710,7161,30,7191,68
2020-07-29,Yolo,113,214977,1822,1488,3,1491,36
2020-07-29,Yuba,115,75493,487,350,0,350,1
2020-07-28,Alameda,001,1643700,13282,10875,48,10923,180
2020-07-28,Alpine,003,1148,2,2,0,2,0
2020-07-28,Amador,005,37829,152,77,0,77,0
2020-07-28,Butte,007,227075,1103,857,11,868,7
2020-07-28,Calaveras,009,45235,135,105,0,105,1
2020-07-28,Colusa,011,21464,363,290,0,290,2
2020-07-28,Contra Costa,013,1133247,9899,7426,27,7453,107
2020-07-28,Del Norte,015,27424,87,68,0,68,0
2020-07-28,El Dorado,017,186661,776,558,0,558,1
2020-07-28,Fresno,019,978130,20993,13933,188,14121,125
2020-07-28,Glenn,021,27897,364,289,0,289,1
2020-07-28,Humboldt,023,135768,257,218,1,219,4
2020-07-28,Imperial,025,180216,10215,7804,11,7815,145
2020-07-28,Inyo,027,18085,61,43,1,44,1
2020-07-28,Kern,029,883053,24042,18834,117,18951,155
2020-07-28,Kings,031,150075,4661,3721,25,3746,41
2020-07-28,Lake,033,64148,225,179,0,179,1
2020-07-28,Lassen,035,31185,615,508,2,510,0
2020-07-28,Los Angeles,037,10098052,197406,179107,498,179605,4435
2020-07-28,Madera,039,155013,2691,1889,5,1894,18
2020-07-28,Marin,041,260295,5281,4698,5,4703,23
2020-07-28,Mariposa,043,17540,58,45,0,45,1
2020-07-28,Mendocino,045,87422,295,222,0,222,0
2020-07-28,Merced,047,269075,5524,3446,4,3450,23
2020-07-28,Modoc,049,8938,4,0,0,0,0
2020-07-28,Mono,051,14174,144,102,1,103,1
2020-07-28,Monterey,053,433212,5298,4047,14,4061,22
2020-07-28,Napa,055,140530,1110,824,0,824,6
2020-07-28,Nevada,057,99092,329,278,13,291,1
2020-07-28,Orange,059,3164182,42464,34832,794,35626,582
2020-07-28,Placer,061,380077,2206,1759,3,1762,14
2020-07-28,Plumas,063,18699,33,22,0,22,0
2020-07-28,Riverside,065,2383286,43711,36458,40,36498,668
2020-07-28,Sacramento,067,1510023,12284,9429,12,9441,117
2020-07-28,San Benito,069,59416,684,503,0,503,2
2020-07-28,San Bernardino,071,2135413,38845,30493,167,30660,412
2020-07-28,San Diego,073,3302833,31609,28007,6,28013,547
2020-07-28,San Francisco,075,870044,7094,5888,7,5895,56
2020-07-28,San Joaquin,077,732212,14106,10958,7,10965,141
2020-07-28,San Luis Obispo,079,281455,2068,1636,10,1646,9
2020-07-28,San Mateo,081,765935,6320,5171,7,5178,114
2020-07-28,Santa Barbara,083,443738,6651,6110,64,6174,31
2020-07-28,Santa Clara,085,1922200,12421,9307,28,9335,165
2020-07-28,Santa Cruz,087,273765,1258,1018,8,1026,4
2020-07-28,Shasta,089,179085,465,275,3,278,8
2020-07-28,Sierra,091,2930,2,1,0,1,0
2020-07-28,Siskiyou,093,43540,90,57,0,57,0
2020-07-28,Solano,095,438530,4165,3292,23,3315,29
2020-07-28,Sonoma,097,501317,3577,2553,6,2559,20
2020-07-28,Stanislaus,099,539301,11179,8492,26,8518,92
2020-07-28,Sutter,101,95872,812,653,0,653,2
2020-07-28,Tehama,103,63373,269,199,2,201,1
2020-07-28,Trinity,105,12862,26,3,6,9,0
2020-07-28,Tulare,107,460477,10904,8787,35,8822,96
2020-07-28,Tuolumne,109,53932,152,116,2,118,0
2020-07-28,Ventura,111,848112,8584,7045,29,7074,68
2020-07-28,Yolo,113,214977,1794,1459,3,1462,36
2020-07-28,Yuba,115,75493,470,333,0,333,1
2020-07-27,Alameda,001,1643700,13055,10645,45,10690,176
2020-07-27,Alpine,003,1148,2,2,0,2,0
2020-07-27,Amador,005,37829,147,72,0,72,0
2020-07-27,Butte,007,227075,1076,843,11,854,7
2020-07-27,Calaveras,009,45235,131,103,0,103,1
2020-07-27,Colusa,011,21464,356,271,0,271,2
2020-07-27,Contra Costa,013,1133247,9677,7256,27,7283,104
2020-07-27,Del Norte,015,27424,86,67,0,67,0
2020-07-27,El Dorado,017,186661,764,548,0,548,1
2020-07-27,Fresno,019,978130,20646,13485,182,13667,117
2020-07-27,Glenn,021,27897,362,277,0,277,1
2020-07-27,Humboldt,023,135768,252,218,1,219,4
2020-07-27,Imperial,025,180216,10165,7789,11,7800,144
2020-07-27,Inyo,027,18085,61,43,1,44,1
2020-07-27,Kern,029,883053,23540,17994,111,18105,148
2020-07-27,Kings,031,150075,4412,3685,25,3710,39
2020-07-27,Lake,033,64148,221,176,0,176,1
2020-07-27,Lassen,035,31185,615,503,2,505,0
2020-07-27,Los Angeles,037,10098052,194986,176351,480,176831,4379
2020-07-27,Madera,039,155013,2626,1793,5,1798,17
2020-07-27,Marin,041,260295,5193,4669,5,4674,22
2020-07-27,Mariposa,043,17540,58,43,0,43,1
2020-07-27,Mendocino,045,87422,282,209,0,209,0
2020-07-27,Merced,047,269075,5384,3292,4,3296,23
2020-07-27,Modoc,049,8938,3,0,0,0,0
2020-07-27,Mono,051,14174,140,99,1,100,1
2020-07-27,Monterey,053,433212,5108,3960,14,3974,21
2020-07-27,Napa,055,140530,1095,769,0,769,6
2020-07-27,Nevada,057,99092,325,268,13,281,1
2020-07-27,Orange,059,3164182,42024,34649,778,35427,566
2020-07-27,Placer,061,380077,2156,1679,3,1682,12
2020-07-27,Plumas,063,18699,33,22,0,22,0
2020-07-27,Riverside,065,2383286,43032,35822,40,35862,667
2020-07-27,Sacramento,067,1510023,11991,9091,12,9103,114
2020-07-27,San Benito,069,59416,669,498,0,498,2
2020-07-27,San Bernardino,071,2135413,38252,29928,157,30085,401
2020-07-27,San Diego,073,3302833,31235,27509,5,27514,533
2020-07-27,San Francisco,075,870044,7007,5825,7,5832,55
2020-07-27,San Joaquin,077,732212,13817,10728,7,10735,129
2020-07-27,San Luis Obispo,079,281455,2023,1612,10,1622,9
2020-07-27,San Mateo,081,765935,6211,5108,7,5115,113
2020-07-27,Santa Barbara,083,443738,6571,6026,62,6088,30
2020-07-27,Santa Clara,085,1922200,12152,9157,27,9184,166
2020-07-27,Santa Cruz,087,273765,1235,984,8,992,4
2020-07-27,Shasta,089,179085,458,275,3,278,8
2020-07-27,Sierra,091,2930,2,1,0,1,0
2020-07-27,Siskiyou,093,43540,88,54,0,54,0
2020-07-27,Solano,095,438530,4098,3198,22,3220,29
2020-07-27,Sonoma,097,501317,3486,2504,6,2510,20
2020-07-27,Stanislaus,099,539301,10952,8288,18,8306,84
2020-07-27,Sutter,101,95872,786,620,0,620,2
2020-07-27,Tehama,103,63373,261,192,2,194,1
2020-07-27,Trinity,105,12862,26,3,6,9,0
2020-07-27,Tulare,107,460477,10686,8462,35,8497,172
2020-07-27,Tuolumne,109,53932,149,115,2,117,0
2020-07-27,Ventura,111,848112,8456,6998,28,7026,68
2020-07-27,Yolo,113,214977,1749,1439,3,1442,33
2020-07-27,Yuba,115,75493,450,328,0,328,1
2020-07-26,Alameda,001,1643700,12817,10489,44,10533,176
2020-07-26,Alpine,003,1148,2,2,0,2,0
2020-07-26,Amador,005,37829,141,67,0,67,0
2020-07-26,Butte,007,227075,1039,822,11,833,5
2020-07-26,Calaveras,009,45235,128,103,0,103,1
2020-07-26,Colusa,011,21464,347,270,0,270,2
2020-07-26,Contra Costa,013,1133247,9440,7095,27,7122,104
2020-07-26,Del Norte,015,27424,84,67,0,67,0
2020-07-26,El Dorado,017,186661,746,539,0,539,1
2020-07-26,Fresno,019,978130,20255,13209,174,13383,117
2020-07-26,Glenn,021,27897,354,265,0,265,1
2020-07-26,Humboldt,023,135768,246,214,1,215,4
2020-07-26,Imperial,025,180216,10092,7781,11,7792,144
2020-07-26,Inyo,027,18085,56,43,1,44,1
2020-07-26,Kern,029,883053,23016,17394,108,17502,148
2020-07-26,Kings,031,150075,4353,3591,25,3616,39
2020-07-26,Lake,033,64148,213,174,0,174,1
2020-07-26,Lassen,035,31185,574,503,2,505,0
2020-07-26,Los Angeles,037,10098052,192419,174322,462,174784,4364
2020-07-26,Madera,039,155013,2539,1744,5,1749,17
2020-07-26,Marin,041,260295,5147,4595,5,4600,22
2020-07-26,Mariposa,043,17540,56,43,0,43,1
2020-07-26,Mendocino,045,87422,273,206,0,206,0
2020-07-26,Merced,047,269075,5204,3251,3,3254,23
2020-07-26,Modoc,049,8938,3,0,0,0,0
2020-07-26,Mono,051,14174,136,82,1,83,1
2020-07-26,Monterey,053,433212,4942,3901,14,3915,21
2020-07-26,Napa,055,140530,1076,769,0,769,6
2020-07-26,Nevada,057,99092,322,261,13,274,1
2020-07-26,Orange,059,3164182,41499,34352,747,35099,564
2020-07-26,Placer,061,380077,2092,1628,3,1631,12
2020-07-26,Plumas,063,18699,33,22,0,22,0
2020-07-26,Riverside,065,2383286,42472,35636,40,35676,665
2020-07-26,Sacramento,067,1510023,11686,8972,12,8984,114
2020-07-26,San Benito,069,59416,657,495,0,495,2
2020-07-26,San Bernardino,071,2135413,37611,29545,148,29693,400
2020-07-26,San Diego,073,3302833,30839,26986,4,26990,533
2020-07-26,San Francisco,075,870044,6899,5823,7,5830,55
2020-07-26,San Joaquin,077,732212,13524,10637,7,10644,129
2020-07-26,San Luis Obispo,079,281455,1980,1565,10,1575,8
2020-07-26,San Mateo,081,765935,6105,5078,7,5085,113
2020-07-26,Santa Barbara,083,443738,6469,5939,62,6001,30
2020-07-26,Santa Clara,085,1922200,11923,8986,27,9013,166
2020-07-26,Santa Cruz,087,273765,1208,970,8,978,4
2020-07-26,Shasta,089,179085,451,265,3,268,8
2020-07-26,Sierra,091,2930,2,1,0,1,0
2020-07-26,Siskiyou,093,43540,86,54,0,54,0
2020-07-26,Solano,095,438530,4018,3197,20,3217,29
2020-07-26,Sonoma,097,501317,3397,2503,5,2508,20
2020-07-26,Stanislaus,099,539301,10691,8228,17,8245,84
2020-07-26,Sutter,101,95872,772,612,0,612,2
2020-07-26,Tehama,103,63373,254,175,2,177,1
2020-07-26,Trinity,105,12862,26,3,6,9,0
2020-07-26,Tulare,107,460477,10479,8392,35,8427,172
2020-07-26,Tuolumne,109,53932,144,113,2,115,0
2020-07-26,Ventura,111,848112,8249,6844,28,6872,67
2020-07-26,Yolo,113,214977,1718,1408,3,1411,33
2020-07-26,Yuba,115,75493,431,313,0,313,1
2020-07-25,Alameda,001,1643700,12720,10361,42,10403,176
2020-07-25,Alpine,003,1148,2,2,0,2,0
2020-07-25,Amador,005,37829,138,67,0,67,0
2020-07-25,Butte,007,227075,1030,810,11,821,5
2020-07-25,Calaveras,009,45235,124,103,0,103,1
2020-07-25,Colusa,011,21464,340,265,0,265,2
2020-07-25,Contra Costa,013,1133247,9295,6920,27,6947,104
2020-07-25,Del Norte,015,27424,84,67,0,67,0
2020-07-25,El Dorado,017,186661,735,528,0,528,1
2020-07-25,Fresno,019,978130,20069,12866,174,13040,117
2020-07-25,Glenn,021,27897,352,260,0,260,1
2020-07-25,Humboldt,023,135768,243,212,1,213,4
2020-07-25,Imperial,025,180216,10066,7727,11,7738,144
2020-07-25,Inyo,027,18085,55,43,1,44,1
2020-07-25,Kern,029,883053,22798,16910,107,17017,148
2020-07-25,Kings,031,150075,4336,3516,25,3541,39
2020-07-25,Lake,033,64148,211,173,0,173,1
2020-07-25,Lassen,035,31185,574,503,2,505,0
2020-07-25,Los Angeles,037,10098052,191288,172611,455,173066,4357
2020-07-25,Madera,039,155013,2507,1724,5,1729,17
2020-07-25,Marin,041,260295,5131,4562,5,4567,22
2020-07-25,Mariposa,043,17540,55,43,0,43,1
2020-07-25,Mendocino,045,87422,267,190,0,190,0
2020-07-25,Merced,047,269075,5125,3176,3,3179,23
2020-07-25,Modoc,049,8938,3,0,0,0,0
2020-07-25,Mono,051,14174,136,82,1,83,1
2020-07-25,Monterey,053,433212,4865,3805,14,3819,21
2020-07-25,Napa,055,140530,1063,746,0,746,6
2020-07-25,Nevada,057,99092,320,257,13,270,1
2020-07-25,Orange,059,3164182,41279,33978,726,34704,561
2020-07-25,Placer,061,380077,2076,1596,3,1599,12
2020-07-25,Plumas,063,18699,33,22,0,22,0
2020-07-25,Riverside,065,2383286,42203,34921,40,34961,655
2020-07-25,Sacramento,067,1510023,11540,8674,12,8686,113
2020-07-25,San Benito,069,59416,641,492,0,492,2
2020-07-25,San Bernardino,071,2135413,37332,29265,145,29410,394
2020-07-25,San Diego,073,3302833,30578,26703,3,26706,533
2020-07-25,San Francisco,075,870044,6841,5644,7,5651,55
2020-07-25,San Joaquin,077,732212,13398,10347,6,10353,129
2020-07-25,San Luis Obispo,079,281455,1960,1530,9,1539,8
2020-07-25,San Mateo,081,765935,6042,5023,7,5030,113
2020-07-25,Santa Barbara,083,443738,6434,5880,62,5942,30
2020-07-25,Santa Clara,085,1922200,11789,8767,27,8794,166
2020-07-25,Santa Cruz,087,273765,1191,939,8,947,4
2020-07-25,Shasta,089,179085,446,263,1,264,8
2020-07-25,Sierra,091,2930,2,1,0,1,0
2020-07-25,Siskiyou,093,43540,84,54,0,54,0
2020-07-25,Solano,095,438530,3978,3107,18,3125,29
2020-07-25,Sonoma,097,501317,3358,2412,5,2417,20
2020-07-25,Stanislaus,099,539301,10587,7994,14,8008,84
2020-07-25,Sutter,101,95872,753,603,0,603,2
2020-07-25,Tehama,103,63373,253,169,2,171,1
2020-07-25,Trinity,105,12862,26,3,6,9,0
2020-07-25,Tulare,107,460477,10379,8310,35,8345,172
2020-07-25,Tuolumne,109,53932,143,99,2,101,0
2020-07-25,Ventura,111,848112,8176,6662,28,6690,62
2020-07-25,Yolo,113,214977,1703,1357,3,1360,35
2020-07-25,Yuba,115,75493,425,312,0,312,1
2020-07-24,Alameda,001,1643700,12578,10216,39,10255,176
2020-07-24,Alpine,003,1148,2,2,0,2,0
2020-07-24,Amador,005,37829,136,66,0,66,0
2020-07-24,Butte,007,227075,1018,751,11,762,5
2020-07-24,Calaveras,009,45235,120,102,0,102,0
2020-07-24,Colusa,011,21464,337,255,0,255,2
2020-07-24,Contra Costa,013,1133247,9149,6814,27,6841,100
2020-07-24,Del Norte,015,27424,84,66,0,66,0
2020-07-24,El Dorado,017,186661,713,516,0,516,1
2020-07-24,Fresno,019,978130,19843,12564,174,12738,115
2020-07-24,Glenn,021,27897,349,251,0,251,1
2020-07-24,Humboldt,023,135768,240,210,1,211,4
2020-07-24,Imperial,025,180216,10044,7686,11,7697,141
2020-07-24,Inyo,027,18085,55,41,1,42,1
2020-07-24,Kern,029,883053,22557,16124,107,16231,143
2020-07-24,Kings,031,150075,4306,3471,25,3496,39
2020-07-24,Lake,033,64148,209,167,0,167,1
2020-07-24,Lassen,035,31185,574,503,2,505,0
2020-07-24,Los Angeles,037,10098052,189269,169078,444,169522,4302
2020-07-24,Madera,039,155013,2474,1679,5,1684,16
2020-07-24,Marin,041,260295,5104,4517,5,4522,22
2020-07-24,Mariposa,043,17540,55,41,0,41,1
2020-07-24,Mendocino,045,87422,260,188,0,188,0
2020-07-24,Merced,047,269075,5040,3100,3,3103,23
2020-07-24,Modoc,049,8938,3,0,0,0,0
2020-07-24,Mono,051,14174,135,82,1,83,1
2020-07-24,Monterey,053,433212,4793,3748,14,3762,21
2020-07-24,Napa,055,140530,1050,741,0,741,6
2020-07-24,Nevada,057,99092,317,255,13,268,1
2020-07-24,Orange,059,3164182,40991,33530,710,34240,557
2020-07-24,Placer,061,380077,2045,1551,3,1554,12
2020-07-24,Plumas,063,18699,33,22,0,22,0
2020-07-24,Riverside,065,2383286,41780,34513,39,34552,631
2020-07-24,Sacramento,067,1510023,11352,8570,12,8582,110
2020-07-24,San Benito,069,59416,634,485,0,485,2
2020-07-24,San Bernardino,071,2135413,36958,28990,140,29130,386
2020-07-24,San Diego,073,3302833,30278,26100,3,26103,524
2020-07-24,San Francisco,075,870044,6747,5611,7,5618,55
2020-07-24,San Joaquin,077,732212,13249,10190,6,10196,118
2020-07-24,San Luis Obispo,079,281455,1936,1476,9,1485,8
2020-07-24,San Mateo,081,765935,5979,4954,7,4961,112
2020-07-24,Santa Barbara,083,443738,6380,5776,60,5836,30
2020-07-24,Santa Clara,085,1922200,11624,8658,27,8685,165
2020-07-24,Santa Cruz,087,273765,1171,930,8,938,4
2020-07-24,Shasta,089,179085,438,262,1,263,8
2020-07-24,Sierra,091,2930,2,1,0,1,0
2020-07-24,Siskiyou,093,43540,84,53,0,53,0
2020-07-24,Solano,095,438530,3942,3062,15,3077,29
2020-07-24,Sonoma,097,501317,3306,2345,5,2350,20
2020-07-24,Stanislaus,099,539301,10415,7861,11,7872,82
2020-07-24,Sutter,101,95872,742,593,0,593,2
2020-07-24,Tehama,103,63373,245,170,2,172,1
2020-07-24,Trinity,105,12862,25,3,6,9,0
2020-07-24,Tulare,107,460477,10285,8167,33,8200,167
2020-07-24,Tuolumne,109,53932,137,99,2,101,0
2020-07-24,Ventura,111,848112,8091,6553,28,6581,60
2020-07-24,Yolo,113,214977,1689,1329,3,1332,35
2020-07-24,Yuba,115,75493,410,307,0,307,1
2020-07-23,Alameda,001,1643700,12337,9924,39,9963,171
2020-07-23,Alpine,003,1148,2,2,0,2,0
2020-07-23,Amador,005,37829,119,61,0,61,0
2020-07-23,Butte,007,227075,1003,726,10,736,5
2020-07-23,Calaveras,009,45235,113,102,0,102,0
2020-07-23,Colusa,011,21464,329,242,0,242,2
2020-07-23,Contra Costa,013,1133247,8949,6619,25,6644,98
2020-07-23,Del Norte,015,27424,84,66,0,66,0
2020-07-23,El Dorado,017,186661,702,491,0,491,1
2020-07-23,Fresno,019,978130,19487,12164,171,12335,112
2020-07-23,Glenn,021,27897,344,246,0,246,1
2020-07-23,Humboldt,023,135768,239,208,1,209,4
2020-07-23,Imperial,025,180216,9994,7604,11,7615,138
2020-07-23,Inyo,027,18085,53,38,1,39,1
2020-07-23,Kern,029,883053,22150,14491,103,14594,128
2020-07-23,Kings,031,150075,4194,3371,25,3396,39
2020-07-23,Lake,033,64148,200,160,0,160,1
2020-07-23,Lassen,035,31185,571,503,2,505,0
2020-07-23,Los Angeles,037,10098052,186725,167198,418,167616,4265
2020-07-23,Madera,039,155013,2408,1659,4,1663,13
2020-07-23,Marin,041,260295,5052,4423,5,4428,22
2020-07-23,Mariposa,043,17540,55,40,0,40,1
2020-07-23,Mendocino,045,87422,250,178,0,178,0
2020-07-23,Merced,047,269075,4884,2972,3,2975,22
2020-07-23,Modoc,049,8938,3,0,0,0,0
2020-07-23,Mono,051,14174,131,82,1,83,1
2020-07-23,Monterey,053,433212,4675,3655,14,3669,21
2020-07-23,Napa,055,140530,1026,713,0,713,5
2020-07-23,Nevada,057,99092,314,247,13,260,1
2020-07-23,Orange,059,3164182,40495,32863,680,33543,544
2020-07-23,Placer,061,380077,2002,1519,3,1522,12
2020-07-23,Plumas,063,18699,32,21,0,21,0
2020-07-23,Riverside,065,2383286,41174,33833,39,33872,630
2020-07-23,Sacramento,067,1510023,11121,8222,12,8234,108
2020-07-23,San Benito,069,59416,619,478,0,478,2
2020-07-23,San Bernardino,071,2135413,36438,28121,134,28255,369
2020-07-23,San Diego,073,3302833,29904,25109,3,25112,505
2020-07-23,San Francisco,075,870044,6646,5543,7,5550,55
2020-07-23,San Joaquin,077,732212,13030,9861,6,9867,111
2020-07-23,San Luis Obispo,079,281455,1907,1438,9,1447,7
2020-07-23,San Mateo,081,765935,5874,4895,7,4902,113
2020-07-23,Santa Barbara,083,443738,6306,5628,60,5688,30
2020-07-23,Santa Clara,085,1922200,11406,8458,27,8485,165
2020-07-23,Santa Cruz,087,273765,1135,887,8,895,3
2020-07-23,Shasta,089,179085,427,254,1,255,9
2020-07-23,Sierra,091,2930,2,1,0,1,0
2020-07-23,Siskiyou,093,43540,82,53,0,53,0
2020-07-23,Solano,095,438530,3878,2962,13,2975,29
2020-07-23,Sonoma,097,501317,3230,2289,5,2294,18
2020-07-23,Stanislaus,099,539301,10173,7603,11,7614,71
2020-07-23,Sutter,101,95872,709,570,0,570,2
2020-07-23,Tehama,103,63373,239,158,2,160,1
2020-07-23,Trinity,105,12862,24,3,6,9,0
2020-07-23,Tulare,107,460477,10096,7898,33,7931,168
2020-07-23,Tuolumne,109,53932,137,93,2,95,0
2020-07-23,Ventura,111,848112,7967,6303,28,6331,56
2020-07-23,Yolo,113,214977,1671,1279,3,1282,35
2020-07-23,Yuba,115,75493,390,297,0,297,1
2020-07-22,Alameda,001,1643700,12118,9678,38,9716,169
2020-07-22,Alpine,003,1148,2,2,0,2,0
2020-07-22,Amador,005,37829,117,58,0,58,0
2020-07-22,Butte,007,227075,967,694,10,704,5
2020-07-22,Calaveras,009,45235,113,98,0,98,0
2020-07-22,Colusa,011,21464,322,236,0,236,0
2020-07-22,Contra Costa,013,1133247,8723,6401,25,6426,98
2020-07-22,Del Norte,015,27424,84,66,0,66,0
2020-07-22,El Dorado,017,186661,689,466,0,466,1
2020-07-22,Fresno,019,978130,19124,11756,165,11921,110
2020-07-22,Glenn,021,27897,338,236,0,236,1
2020-07-22,Humboldt,023,135768,237,201,1,202,4
2020-07-22,Imperial,025,180216,9934,7533,11,7544,134
2020-07-22,Inyo,027,18085,49,38,1,39,1
2020-07-22,Kern,029,883053,21717,13513,96,13609,127
2020-07-22,Kings,031,150075,4138,3271,25,3296,38
2020-07-22,Lake,033,64148,197,160,0,160,1
2020-07-22,Lassen,035,31185,568,500,2,502,0
2020-07-22,Los Angeles,037,10098052,184077,165242,395,165637,4218
2020-07-22,Madera,039,155013,2333,1578,4,1582,10
2020-07-22,Marin,041,260295,4996,4373,5,4378,23
2020-07-22,Mariposa,043,17540,55,38,0,38,1
2020-07-22,Mendocino,045,87422,243,166,0,166,0
2020-07-22,Merced,047,269075,4757,2828,3,2831,15
2020-07-22,Modoc,049,8938,3,0,0,0,0
2020-07-22,Mono,051,14174,128,82,1,83,1
2020-07-22,Monterey,053,433212,4574,3533,14,3547,20
2020-07-22,Napa,055,140530,1004,687,0,687,5
2020-07-22,Nevada,057,99092,308,239,12,251,1
2020-07-22,Orange,059,3164182,39996,32047,671,32718,522
2020-07-22,Placer,061,380077,1946,1469,3,1472,12
2020-07-22,Plumas,063,18699,31,20,0,20,0
2020-07-22,Riverside,065,2383286,40538,33093,39,33132,612
2020-07-22,Sacramento,067,1510023,10857,8028,11,8039,106
2020-07-22,San Benito,069,59416,605,465,0,465,2
2020-07-22,San Bernardino,071,2135413,35916,26820,123,26943,348
2020-07-22,San Diego,073,3302833,29516,25109,2,25111,505
2020-07-22,San Francisco,075,870044,6542,5473,6,5479,53
2020-07-22,San Joaquin,077,732212,12754,9628,6,9634,102
2020-07-22,San Luis Obispo,079,281455,1861,1373,9,1382,7
2020-07-22,San Mateo,081,765935,5785,4796,7,4803,112
2020-07-22,Santa Barbara,083,443738,6221,5508,58,5566,29
2020-07-22,Santa Clara,085,1922200,11160,8266,27,8293,166
2020-07-22,Santa Cruz,087,273765,1112,866,8,874,3
2020-07-22,Shasta,089,179085,417,246,1,247,9
2020-07-22,Sierra,091,2930,1,1,0,1,0
2020-07-22,Siskiyou,093,43540,81,52,0,52,0
2020-07-22,Solano,095,438530,3817,2839,12,2851,29
2020-07-22,Sonoma,097,501317,3153,2255,5,2260,17
2020-07-22,Stanislaus,099,539301,10002,7401,11,7412,71
2020-07-22,Sutter,101,95872,685,551,0,551,2
2020-07-22,Tehama,103,63373,231,155,2,157,1
2020-07-22,Trinity,105,12862,23,3,6,9,0
2020-07-22,Tulare,107,460477,9863,7640,33,7673,167
2020-07-22,Tuolumne,109,53932,133,91,2,93,0
2020-07-22,Ventura,111,848112,7839,6223,26,6249,56
2020-07-22,Yolo,113,214977,1628,1233,3,1236,34
2020-07-22,Yuba,115,75493,375,288,0,288,1
2020-07-21,Alameda,001,1643700,11904,9390,38,9428,166
2020-07-21,Alpine,003,1148,2,2,0,2,0
2020-07-21,Amador,005,37829,112,55,0,55,0
2020-07-21,Butte,007,227075,922,659,9,668,5
2020-07-21,Calaveras,009,45235,107,96,0,96,0
2020-07-21,Colusa,011,21464,298,227,0,227,0
2020-07-21,Contra Costa,013,1133247,8481,6210,25,6235,98
2020-07-21,Del Norte,015,27424,84,66,0,66,0
2020-07-21,El Dorado,017,186661,681,440,0,440,1
2020-07-21,Fresno,019,978130,18725,11412,159,11571,107
2020-07-21,Glenn,021,27897,331,229,0,229,1
2020-07-21,Humboldt,023,135768,235,198,1,199,4
2020-07-21,Imperial,025,180216,9885,7458,11,7469,128
2020-07-21,Inyo,027,18085,48,38,1,39,1
2020-07-21,Kern,029,883053,21295,11998,90,12088,119
2020-07-21,Kings,031,150075,4073,3187,24,3211,38
2020-07-21,Lake,033,64148,197,157,0,157,1
2020-07-21,Lassen,035,31185,566,474,2,476,0
2020-07-21,Los Angeles,037,10098052,181094,162205,372,162577,4159
2020-07-21,Madera,039,155013,2268,1508,3,1511,10
2020-07-21,Marin,041,260295,4924,4318,5,4323,21
2020-07-21,Mariposa,043,17540,54,37,0,37,1
2020-07-21,Mendocino,045,87422,232,160,0,160,0
2020-07-21,Merced,047,269075,4578,2725,3,2728,15
2020-07-21,Modoc,049,8938,3,0,0,0,0
2020-07-21,Mono,051,14174,124,79,1,80,1
2020-07-21,Monterey,053,433212,4442,3404,13,3417,20
2020-07-21,Napa,055,140530,977,660,0,660,5
2020-07-21,Nevada,057,99092,306,228,10,238,1
2020-07-21,Orange,059,3164182,39499,31356,639,31995,515
2020-07-21,Placer,061,380077,1905,1413,3,1416,11
2020-07-21,Plumas,063,18699,31,19,0,19,0
2020-07-21,Riverside,065,2383286,39837,32231,39,32270,583
2020-07-21,Sacramento,067,1510023,10585,7789,10,7799,102
2020-07-21,San Benito,069,59416,594,444,0,444,2
2020-07-21,San Bernardino,071,2135413,35267,25323,116,25439,343
2020-07-21,San Diego,073,3302833,29067,24522,2,24524,487
2020-07-21,San Francisco,075,870044,6433,5377,6,5383,53
2020-07-21,San Joaquin,077,732212,12425,9150,6,9156,99
2020-07-21,San Luis Obispo,079,281455,1812,1338,9,1347,7
2020-07-21,San Mateo,081,765935,5693,4733,7,4740,111
2020-07-21,Santa Barbara,083,443738,6140,5422,57,5479,29
2020-07-21,Santa Clara,085,1922200,10897,7989,27,8016,164
2020-07-21,Santa Cruz,087,273765,1079,835,8,843,3
2020-07-21,Shasta,089,179085,409,241,1,242,9
2020-07-21,Sierra,091,2930,1,1,0,1,0
2020-07-21,Siskiyou,093,43540,81,48,0,48,0
2020-07-21,Solano,095,438530,3744,2727,12,2739,27
2020-07-21,Sonoma,097,501317,3096,2200,5,2205,17
2020-07-21,Stanislaus,099,539301,9739,6984,11,6995,69
2020-07-21,Sutter,101,95872,669,533,0,533,2
2020-07-21,Tehama,103,63373,221,150,2,152,1
2020-07-21,Trinity,105,12862,23,2,6,8,0
2020-07-21,Tulare,107,460477,9661,7447,33,7480,167
2020-07-21,Tuolumne,109,53932,131,75,2,77,0
2020-07-21,Ventura,111,848112,7707,6131,26,6157,55
2020-07-21,Yolo,113,214977,1574,1204,3,1207,34
2020-07-21,Yuba,115,75493,369,269,0,269,1
2020-07-20,Alameda,001,1643700,11650,9244,37,9281,162
2020-07-20,Alpine,003,1148,2,2,0,2,0
2020-07-20,Amador,005,37829,109,53,0,53,0
2020-07-20,Butte,007,227075,884,586,9,595,4
2020-07-20,Calaveras,009,45235,104,90,0,90,0
2020-07-20,Colusa,011,21464,287,217,0,217,0
2020-07-20,Contra Costa,013,1133247,8273,5823,25,5848,97
2020-07-20,Del Norte,015,27424,84,61,0,61,0
2020-07-20,El Dorado,017,186661,658,407,0,407,0
2020-07-20,Fresno,019,978130,18284,10891,158,11049,106
2020-07-20,Glenn,021,27897,323,225,0,225,1
2020-07-20,Humboldt,023,135768,228,194,1,195,4
2020-07-20,Imperial,025,180216,9845,7337,11,7348,124
2020-07-20,Inyo,027,18085,46,38,1,39,1
2020-07-20,Kern,029,883053,20785,10908,86,10994,118
2020-07-20,Kings,031,150075,4023,3093,24,3117,37
2020-07-20,Lake,033,64148,194,147,0,147,1
2020-07-20,Lassen,035,31185,564,474,2,476,0
2020-07-20,Los Angeles,037,10098052,178136,159202,345,159547,4108
2020-07-20,Madera,039,155013,2193,1433,3,1436,10
2020-07-20,Marin,041,260295,4842,4255,5,4260,21
2020-07-20,Mariposa,043,17540,53,36,0,36,1
2020-07-20,Mendocino,045,87422,219,153,0,153,0
2020-07-20,Merced,047,269075,4408,2584,3,2587,15
2020-07-20,Modoc,049,8938,3,0,0,0,0
2020-07-20,Mono,051,14174,118,78,1,79,1
2020-07-20,Monterey,053,433212,4336,3205,13,3218,19
2020-07-20,Napa,055,140530,942,632,0,632,5
2020-07-20,Nevada,057,99092,298,218,10,228,1
2020-07-20,Orange,059,3164182,38890,30337,609,30946,507
2020-07-20,Placer,061,380077,1853,1364,3,1367,11
2020-07-20,Plumas,063,18699,30,17,0,17,0
2020-07-20,Riverside,065,2383286,39007,31163,39,31202,581
2020-07-20,Sacramento,067,1510023,10257,7369,10,7379,99
2020-07-20,San Benito,069,59416,576,433,0,433,2
2020-07-20,San Bernardino,071,2135413,34456,24226,112,24338,338
2020-07-20,San Diego,073,3302833,28625,24137,2,24139,478
2020-07-20,San Francisco,075,870044,6312,5090,6,5096,53
2020-07-20,San Joaquin,077,732212,12069,8583,6,8589,97
2020-07-20,San Luis Obispo,079,281455,1770,1282,9,1291,6
2020-07-20,San Mateo,081,765935,5592,4609,7,4616,111
2020-07-20,Santa Barbara,083,443738,6026,5266,55,5321,29
2020-07-20,Santa Clara,085,1922200,10668,7711,26,7737,164
2020-07-20,Santa Cruz,087,273765,1047,758,8,766,3
2020-07-20,Shasta,089,179085,394,233,1,234,9
2020-07-20,Sierra,091,2930,1,1,0,1,0
2020-07-20,Siskiyou,093,43540,77,42,0,42,0
2020-07-20,Solano,095,438530,3661,2537,12,2549,26
2020-07-20,Sonoma,097,501317,2988,2148,5,2153,17
2020-07-20,Stanislaus,099,539301,9456,6835,11,6846,58
2020-07-20,Sutter,101,95872,636,507,0,507,2
2020-07-20,Tehama,103,63373,211,146,2,148,1
2020-07-20,Trinity,105,12862,23,2,6,8,0
2020-07-20,Tulare,107,460477,9427,6974,33,7007,166
2020-07-20,Tuolumne,109,53932,130,75,2,77,0
2020-07-20,Ventura,111,848112,7573,5912,26,5938,52
2020-07-20,Yolo,113,214977,1534,1155,3,1158,30
2020-07-20,Yuba,115,75493,349,258,0,258,1
2020-07-19,Alameda,001,1643700,11411,9227,31,9258,162
2020-07-19,Alpine,003,1148,2,2,0,2,0
2020-07-19,Amador,005,37829,102,51,0,51,0
2020-07-19,Butte,007,227075,859,555,9,564,4
2020-07-19,Calaveras,009,45235,102,89,0,89,0
2020-07-19,Colusa,011,21464,279,187,0,187,0
2020-07-19,Contra Costa,013,1133247,7982,5691,23,5714,95
2020-07-19,Del Norte,015,27424,83,61,0,61,0
2020-07-19,El Dorado,017,186661,640,385,0,385,0
2020-07-19,Fresno,019,978130,17760,10639,146,10785,106
2020-07-19,Glenn,021,27897,309,215,0,215,0
2020-07-19,Humboldt,023,135768,220,195,1,196,4
2020-07-19,Imperial,025,180216,9754,7280,11,7291,124
2020-07-19,Inyo,027,18085,42,38,1,39,1
2020-07-19,Kern,029,883053,20168,10094,79,10173,115
2020-07-19,Kings,031,150075,3937,3035,24,3059,37
2020-07-19,Lake,033,64148,189,144,0,144,1
2020-07-19,Lassen,035,31185,545,474,2,476,0
2020-07-19,Los Angeles,037,10098052,174695,156039,322,156361,4100
2020-07-19,Madera,039,155013,2116,1301,3,1304,10
2020-07-19,Marin,041,260295,4787,4172,5,4177,21
2020-07-19,Mariposa,043,17540,49,35,0,35,1
2020-07-19,Mendocino,045,87422,214,137,0,137,0
2020-07-19,Merced,047,269075,4201,2460,3,2463,15
2020-07-19,Modoc,049,8938,3,0,0,0,0
2020-07-19,Mono,051,14174,107,63,1,64,1
2020-07-19,Monterey,053,433212,4216,3079,13,3092,18
2020-07-19,Napa,055,140530,913,612,0,612,5
2020-07-19,Nevada,057,99092,292,210,10,220,1
2020-07-19,Orange,059,3164182,38326,29941,596,30537,505
2020-07-19,Placer,061,380077,1805,1246,3,1249,11
2020-07-19,Plumas,063,18699,30,17,0,17,0
2020-07-19,Riverside,065,2383286,38302,30340,39,30379,581
2020-07-19,Sacramento,067,1510023,9865,6985,10,6995,97
2020-07-19,San Benito,069,59416,560,412,0,412,2
2020-07-19,San Bernardino,071,2135413,33684,23928,100,24028,337
2020-07-19,San Diego,073,3302833,28124,23684,2,23686,478
2020-07-19,San Francisco,075,870044,6165,5094,6,5100,52
2020-07-19,San Joaquin,077,732212,11662,8308,6,8314,93
2020-07-19,San Luis Obispo,079,281455,1726,1262,8,1270,6
2020-07-19,San Mateo,081,765935,5485,4522,7,4529,110
2020-07-19,Santa Barbara,083,443738,5924,5145,52,5197,29
2020-07-19,Santa Clara,085,1922200,10424,7403,26,7429,164
2020-07-19,Santa Cruz,087,273765,1003,753,8,761,3
2020-07-19,Shasta,089,179085,381,218,1,219,9
2020-07-19,Sierra,091,2930,1,1,0,1,0
2020-07-19,Siskiyou,093,43540,75,42,0,42,0
2020-07-19,Solano,095,438530,3556,2551,12,2563,26
2020-07-19,Sonoma,097,501317,2888,2074,5,2079,17
2020-07-19,Stanislaus,099,539301,9160,6508,11,6519,58
2020-07-19,Sutter,101,95872,605,480,0,480,2
2020-07-19,Tehama,103,63373,207,138,2,140,1
2020-07-19,Trinity,105,12862,23,2,6,8,0
2020-07-19,Tulare,107,460477,9179,6856,33,6889,166
2020-07-19,Tuolumne,109,53932,125,75,2,77,0
2020-07-19,Ventura,111,848112,7383,5706,26,5732,52
2020-07-19,Yolo,113,214977,1494,1127,3,1130,30
2020-07-19,Yuba,115,75493,329,240,0,240,1
2020-07-18,Alameda,001,1643700,11275,9089,30,9119,162
2020-07-18,Alpine,003,1148,2,2,0,2,0
2020-07-18,Amador,005,37829,98,49,0,49,0
2020-07-18,Butte,007,227075,850,551,9,560,4
2020-07-18,Calaveras,009,45235,98,89,0,89,0
2020-07-18,Colusa,011,21464,274,182,0,182,0
2020-07-18,Contra Costa,013,1133247,7847,5617,23,5640,95
2020-07-18,Del Norte,015,27424,83,61,0,61,0
2020-07-18,El Dorado,017,186661,637,385,0,385,0
2020-07-18,Fresno,019,978130,17511,10381,144,10525,106
2020-07-18,Glenn,021,27897,303,212,0,212,0
2020-07-18,Humboldt,023,135768,217,189,1,190,4
2020-07-18,Imperial,025,180216,9723,7268,11,7279,124
2020-07-18,Inyo,027,18085,42,38,1,39,1
2020-07-18,Kern,029,883053,19865,9250,76,9326,114
2020-07-18,Kings,031,150075,3897,2996,23,3019,37
2020-07-18,Lake,033,64148,186,142,0,142,1
2020-07-18,Lassen,035,31185,544,474,2,476,0
2020-07-18,Los Angeles,037,10098052,173251,153265,311,153576,4088
2020-07-18,Madera,039,155013,2070,1260,3,1263,9
2020-07-18,Marin,041,260295,4758,4089,5,4094,21
2020-07-18,Mariposa,043,17540,49,35,0,35,1
2020-07-18,Mendocino,045,87422,208,137,0,137,0
2020-07-18,Merced,047,269075,4082,2424,3,2427,15
2020-07-18,Modoc,049,8938,3,0,0,0,0
2020-07-18,Mono,051,14174,105,54,1,55,1
2020-07-18,Monterey,053,433212,4148,3020,13,3033,17
2020-07-18,Napa,055,140530,902,609,0,609,5
2020-07-18,Nevada,057,99092,288,204,9,213,1
2020-07-18,Orange,059,3164182,38007,29603,575,30178,493
2020-07-18,Placer,061,380077,1782,1233,3,1236,11
2020-07-18,Plumas,063,18699,30,17,0,17,0
2020-07-18,Riverside,065,2383286,37949,30245,38,30283,581
2020-07-18,Sacramento,067,1510023,9620,6739,10,6749,95
2020-07-18,San Benito,069,59416,545,407,0,407,2
2020-07-18,San Bernardino,071,2135413,33223,23680,93,23773,336
2020-07-18,San Diego,073,3302833,27821,23116,2,23118,478
2020-07-18,San Francisco,075,870044,6063,5051,6,5057,52
2020-07-18,San Joaquin,077,732212,11449,8118,6,8124,93
2020-07-18,San Luis Obispo,079,281455,1691,1234,8,1242,6
2020-07-18,San Mateo,081,765935,5425,4488,7,4495,110
2020-07-18,Santa Barbara,083,443738,5864,5110,50,5160,29
2020-07-18,Santa Clara,085,1922200,10274,7255,25,7280,164
2020-07-18,Santa Cruz,087,273765,986,751,8,759,3
2020-07-18,Shasta,089,179085,372,216,1,217,9
2020-07-18,Sierra,091,2930,1,1,0,1,0
2020-07-18,Siskiyou,093,43540,71,42,0,42,0
2020-07-18,Solano,095,438530,3515,2503,12,2515,26
2020-07-18,Sonoma,097,501317,2837,2019,5,2024,15
2020-07-18,Stanislaus,099,539301,9025,6344,11,6355,58
2020-07-18,Sutter,101,95872,599,473,0,473,2
2020-07-18,Tehama,103,63373,202,136,2,138,1
2020-07-18,Trinity,105,12862,23,2,6,8,0
2020-07-18,Tulare,107,460477,9088,6810,32,6842,167
2020-07-18,Tuolumne,109,53932,122,75,2,77,0
2020-07-18,Ventura,111,848112,7301,5630,26,5656,52
2020-07-18,Yolo,113,214977,1466,1077,3,1080,30
2020-07-18,Yuba,115,75493,318,237,0,237,1
2020-07-17,Alameda,001,1643700,11134,8893,29,8922,160
2020-07-17,Alpine,003,1148,2,1,0,1,0
2020-07-17,Amador,005,37829,96,48,0,48,0
2020-07-17,Butte,007,227075,836,497,9,506,4
2020-07-17,Calaveras,009,45235,96,86,0,86,0
2020-07-17,Colusa,011,21464,272,146,0,146,0
2020-07-17,Contra Costa,013,1133247,7699,5483,23,5506,93
2020-07-17,Del Norte,015,27424,82,60,0,60,0
2020-07-17,El Dorado,017,186661,621,368,0,368,0
2020-07-17,Fresno,019,978130,17213,9954,144,10098,104
2020-07-17,Glenn,021,27897,296,203,0,203,0
2020-07-17,Humboldt,023,135768,216,185,1,186,4
2020-07-17,Imperial,025,180216,9701,7193,11,7204,120
2020-07-17,Inyo,027,18085,42,38,1,39,1
2020-07-17,Kern,029,883053,19545,8291,75,8366,113
2020-07-17,Kings,031,150075,3858,2978,23,3001,37
2020-07-17,Lake,033,64148,184,139,0,139,1
2020-07-17,Lassen,035,31185,525,391,2,393,0
2020-07-17,Los Angeles,037,10098052,170878,150481,299,150780,4052
2020-07-17,Madera,039,155013,2026,1214,3,1217,9
2020-07-17,Marin,041,260295,4721,3839,5,3844,21
2020-07-17,Mariposa,043,17540,47,35,0,35,1
2020-07-17,Mendocino,045,87422,200,126,0,126,0
2020-07-17,Merced,047,269075,4006,2328,3,2331,12
2020-07-17,Modoc,049,8938,2,0,0,0,0
2020-07-17,Mono,051,14174,100,54,1,55,1
2020-07-17,Monterey,053,433212,4019,2922,13,2935,18
2020-07-17,Napa,055,140530,888,598,0,598,5
2020-07-17,Nevada,057,99092,281,200,9,209,1
2020-07-17,Orange,059,3164182,37544,28962,542,29504,485
2020-07-17,Placer,061,380077,1753,1207,3,1210,11
2020-07-17,Plumas,063,18699,27,16,0,16,0
2020-07-17,Riverside,065,2383286,37351,29639,38,29677,580
2020-07-17,Sacramento,067,1510023,9376,6563,10,6573,95
2020-07-17,San Benito,069,59416,530,399,0,399,2
2020-07-17,San Bernardino,071,2135413,32703,23057,90,23147,322
2020-07-17,San Diego,073,3302833,27432,22491,2,22493,472
2020-07-17,San Francisco,075,870044,5969,4967,6,4973,52
2020-07-17,San Joaquin,077,732212,11205,7925,6,7931,86
2020-07-17,San Luis Obispo,079,281455,1654,1190,8,1198,6
2020-07-17,San Mateo,081,765935,5329,4407,7,4414,110
2020-07-17,Santa Barbara,083,443738,5792,5001,49,5050,29
2020-07-17,Santa Clara,085,1922200,10056,7080,25,7105,164
2020-07-17,Santa Cruz,087,273765,964,716,8,724,3
2020-07-17,Shasta,089,179085,360,213,1,214,8
2020-07-17,Sierra,091,2930,1,1,0,1,0
2020-07-17,Siskiyou,093,43540,70,40,0,40,0
2020-07-17,Solano,095,438530,3466,2452,12,2464,26
2020-07-17,Sonoma,097,501317,2789,1982,5,1987,15
2020-07-17,Stanislaus,099,539301,8851,6220,11,6231,56
2020-07-17,Sutter,101,95872,586,458,0,458,2
2020-07-17,Tehama,103,63373,198,128,2,130,1
2020-07-17,Trinity,105,12862,23,2,6,8,0
2020-07-17,Tulare,107,460477,8952,6671,32,6703,166
2020-07-17,Tuolumne,109,53932,121,73,2,75,0
2020-07-17,Ventura,111,848112,7217,5451,26,5477,51
2020-07-17,Yolo,113,214977,1442,1055,3,1058,30
2020-07-17,Yuba,115,75493,308,231,0,231,1
2020-07-16,Alameda,001,1643700,10900,8719,24,8743,153
2020-07-16,Alpine,003,1148,2,1,0,1,0
2020-07-16,Amador,005,37829,93,46,0,46,0
2020-07-16,Butte,007,227075,799,465,8,473,4
2020-07-16,Calaveras,009,45235,94,82,0,82,0
2020-07-16,Colusa,011,21464,263,140,0,140,0
2020-07-16,Contra Costa,013,1133247,7487,5338,17,5355,91
2020-07-16,Del Norte,015,27424,82,60,0,60,0
2020-07-16,El Dorado,017,186661,604,357,0,357,0
2020-07-16,Fresno,019,978130,16702,9481,135,9616,101
2020-07-16,Glenn,021,27897,287,190,0,190,0
2020-07-16,Humboldt,023,135768,214,184,1,185,4
2020-07-16,Imperial,025,180216,9606,7148,11,7159,113
2020-07-16,Inyo,027,18085,42,38,1,39,1
2020-07-16,Kern,029,883053,19023,7435,73,7508,112
2020-07-16,Kings,031,150075,3691,2937,23,2960,37
2020-07-16,Lake,033,64148,179,128,0,128,1
2020-07-16,Lassen,035,31185,524,355,2,357,0
2020-07-16,Los Angeles,037,10098052,167661,147759,275,148034,3994
2020-07-16,Madera,039,155013,1962,1192,3,1195,8
2020-07-16,Marin,041,260295,4649,3546,5,3551,21
2020-07-16,Mariposa,043,17540,45,34,0,34,1
2020-07-16,Mendocino,045,87422,195,121,0,121,0
2020-07-16,Merced,047,269075,3844,2228,3,2231,12
2020-07-16,Modoc,049,8938,1,0,0,0,0
2020-07-16,Mono,051,14174,97,53,1,54,1
2020-07-16,Monterey,053,433212,3915,2857,12,2869,18
2020-07-16,Napa,055,140530,859,581,0,581,5
2020-07-16,Nevada,057,99092,278,191,9,200,1
2020-07-16,Orange,059,3164182,36843,28525,506,29031,471
2020-07-16,Placer,061,380077,1705,1168,3,1171,11
2020-07-16,Plumas,063,18699,25,16,0,16,0
2020-07-16,Riverside,065,2383286,36606,28904,36,28940,577
2020-07-16,Sacramento,067,1510023,9063,6440,9,6449,91
2020-07-16,San Benito,069,59416,513,389,0,389,2
2020-07-16,San Bernardino,071,2135413,31842,22355,72,22427,321
2020-07-16,San Diego,073,3302833,26945,21857,2,21859,465
2020-07-16,San Francisco,075,870044,5828,4838,6,4844,52
2020-07-16,San Joaquin,077,732212,10842,7713,6,7719,82
2020-07-16,San Luis Obispo,079,281455,1610,1146,8,1154,6
2020-07-16,San Mateo,081,765935,5225,4336,7,4343,110
2020-07-16,Santa Barbara,083,443738,5697,4872,48,4920,28
2020-07-16,Santa Clara,085,1922200,9776,6990,23,7013,164
2020-07-16,Santa Cruz,087,273765,923,698,8,706,3
2020-07-16,Shasta,089,179085,345,208,1,209,7
2020-07-16,Sierra,091,2930,1,1,0,1,0
2020-07-16,Siskiyou,093,43540,67,39,0,39,0
2020-07-16,Solano,095,438530,3372,2372,12,2384,25
2020-07-16,Sonoma,097,501317,2699,1954,5,1959,14
2020-07-16,Stanislaus,099,539301,8569,6077,10,6087,56
2020-07-16,Sutter,101,95872,570,444,0,444,2
2020-07-16,Tehama,103,63373,188,126,2,128,1
2020-07-16,Trinity,105,12862,23,2,5,7,0
2020-07-16,Tulare,107,460477,8736,6467,31,6498,163
2020-07-16,Tuolumne,109,53932,116,71,2,73,0
2020-07-16,Ventura,111,848112,7055,5231,26,5257,50
2020-07-16,Yolo,113,214977,1401,1034,3,1037,29
2020-07-16,Yuba,115,75493,290,221,0,221,1
2020-07-15,Alameda,001,1643700,10695,8615,19,8634,153
2020-07-15,Alpine,003,1148,2,1,0,1,0
2020-07-15,Amador,005,37829,72,44,0,44,0
2020-07-15,Butte,007,227075,757,420,8,428,4
2020-07-15,Calaveras,009,45235,94,75,0,75,0
2020-07-15,Colusa,011,21464,258,135,0,135,0
2020-07-15,Contra Costa,013,1133247,7256,5246,17,5263,90
2020-07-15,Del Norte,015,27424,81,60,0,60,0
2020-07-15,El Dorado,017,186661,580,339,0,339,0
2020-07-15,Fresno,019,978130,16228,9124,128,9252,101
2020-07-15,Glenn,021,27897,278,184,0,184,0
2020-07-15,Humboldt,023,135768,212,181,1,182,4
2020-07-15,Imperial,025,180216,9539,7110,11,7121,110
2020-07-15,Inyo,027,18085,42,36,1,37,1
2020-07-15,Kern,029,883053,18403,7155,70,7225,108
2020-07-15,Kings,031,150075,3630,2906,23,2929,37
2020-07-15,Lake,033,64148,177,122,0,122,1
2020-07-15,Lassen,035,31185,520,319,2,321,0
2020-07-15,Los Angeles,037,10098052,164198,143343,260,143603,3946
2020-07-15,Madera,039,155013,1893,1147,3,1150,4
2020-07-15,Marin,041,260295,4594,3458,5,3463,21
2020-07-15,Mariposa,043,17540,45,34,0,34,1
2020-07-15,Mendocino,045,87422,192,119,0,119,0
2020-07-15,Merced,047,269075,3694,2156,3,2159,12
2020-07-15,Modoc,049,8938,1,0,0,0,0
2020-07-15,Mono,051,14174,95,52,1,53,1
2020-07-15,Monterey,053,433212,3803,2780,12,2792,18
2020-07-15,Napa,055,140530,833,573,0,573,5
2020-07-15,Nevada,057,99092,274,185,7,192,1
2020-07-15,Orange,059,3164182,36043,27718,472,28190,454
2020-07-15,Placer,061,380077,1647,1145,3,1148,11
2020-07-15,Plumas,063,18699,25,16,0,16,0
2020-07-15,Riverside,065,2383286,35824,28492,34,28526,568
2020-07-15,Sacramento,067,1510023,8682,6217,9,6226,91
2020-07-15,San Benito,069,59416,504,388,0,388,2
2020-07-15,San Bernardino,071,2135413,31052,21508,56,21564,317
2020-07-15,San Diego,073,3302833,26478,21448,2,21450,448
2020-07-15,San Francisco,075,870044,5714,4757,6,4763,50
2020-07-15,San Joaquin,077,732212,10410,7381,5,7386,75
2020-07-15,San Luis Obispo,079,281455,1567,1097,8,1105,6
2020-07-15,San Mateo,081,765935,5112,4258,7,4265,109
2020-07-15,Santa Barbara,083,443738,5581,4733,48,4781,28
2020-07-15,Santa Clara,085,1922200,9472,6900,23,6923,164
2020-07-15,Santa Cruz,087,273765,887,660,7,667,3
2020-07-15,Shasta,089,179085,336,193,1,194,7
2020-07-15,Sierra,091,2930,1,1,0,1,0
2020-07-15,Siskiyou,093,43540,66,38,0,38,0
2020-07-15,Solano,095,438530,3277,2343,12,2355,25
2020-07-15,Sonoma,097,501317,2601,1920,5,1925,14
2020-07-15,Stanislaus,099,539301,8272,5777,10,5787,56
2020-07-15,Sutter,101,95872,544,433,0,433,2
2020-07-15,Tehama,103,63373,180,126,2,128,1
2020-07-15,Trinity,105,12862,22,2,5,7,0
2020-07-15,Tulare,107,460477,8525,6320,30,6350,156
2020-07-15,Tuolumne,109,53932,109,68,2,70,0
2020-07-15,Ventura,111,848112,6878,5087,26,5113,50
2020-07-15,Yolo,113,214977,1369,1002,3,1005,27
2020-07-15,Yuba,115,75493,278,221,0,221,1
2020-07-14,Alameda,001,1643700,10353,8388,13,8401,151
2020-07-14,Alpine,003,1148,2,1,0,1,0
2020-07-14,Amador,005,37829,68,44,0,44,0
2020-07-14,Butte,007,227075,711,382,8,390,4
2020-07-14,Calaveras,009,45235,92,74,0,74,0
2020-07-14,Colusa,011,21464,248,128,0,128,0
2020-07-14,Contra Costa,013,1133247,7019,5110,15,5125,90
2020-07-14,Del Norte,015,27424,80,60,0,60,0
2020-07-14,El Dorado,017,186661,565,324,0,324,0
2020-07-14,Fresno,019,978130,15808,8941,123,9064,98
2020-07-14,Glenn,021,27897,268,177,0,177,0
2020-07-14,Humboldt,023,135768,209,175,1,176,4
2020-07-14,Imperial,025,180216,9411,7095,11,7106,109
2020-07-14,Inyo,027,18085,42,35,1,36,1
2020-07-14,Kern,029,883053,17644,6979,57,7036,107
2020-07-14,Kings,031,150075,3563,2867,22,2889,37
2020-07-14,Lake,033,64148,171,120,0,120,1
2020-07-14,Lassen,035,31185,503,263,2,265,0
2020-07-14,Los Angeles,037,10098052,161065,140632,230,140862,3900
2020-07-14,Madera,039,155013,1819,1118,3,1121,4
2020-07-14,Marin,041,260295,4479,3451,5,3456,21
2020-07-14,Mariposa,043,17540,41,32,0,32,1
2020-07-14,Mendocino,045,87422,184,110,0,110,0
2020-07-14,Merced,047,269075,3515,2084,3,2087,12
2020-07-14,Modoc,049,8938,1,0,0,0,0
2020-07-14,Mono,051,14174,85,48,1,49,1
2020-07-14,Monterey,053,433212,3689,2724,12,2736,18
2020-07-14,Napa,055,140530,777,557,0,557,4
2020-07-14,Nevada,057,99092,257,180,6,186,1
2020-07-14,Orange,059,3164182,35163,26915,425,27340,432
2020-07-14,Placer,061,380077,1589,1122,3,1125,11
2020-07-14,Plumas,063,18699,24,14,0,14,0
2020-07-14,Riverside,065,2383286,35067,27850,33,27883,547
2020-07-14,Sacramento,067,1510023,8328,5978,9,5987,87
2020-07-14,San Benito,069,59416,485,360,0,360,2
2020-07-14,San Bernardino,071,2135413,30201,20489,46,20535,316
2020-07-14,San Diego,073,3302833,25858,20887,2,20889,436
2020-07-14,San Francisco,075,870044,5564,4659,5,4664,50
2020-07-14,San Joaquin,077,732212,9982,7143,5,7148,75
2020-07-14,San Luis Obispo,079,281455,1529,1060,8,1068,5
2020-07-14,San Mateo,081,765935,5019,4173,7,4180,108
2020-07-14,Santa Barbara,083,443738,5457,4641,46,4687,28
2020-07-14,Santa Clara,085,1922200,9144,6686,20,6706,164
2020-07-14,Santa Cruz,087,273765,848,639,7,646,3
2020-07-14,Shasta,089,179085,327,190,1,191,7
2020-07-14,Sierra,091,2930,1,1,0,1,0
2020-07-14,Siskiyou,093,43540,65,38,0,38,0
2020-07-14,Solano,095,438530,3177,2266,10,2276,25
2020-07-14,Sonoma,097,501317,2508,1866,5,1871,14
2020-07-14,Stanislaus,099,539301,7898,5631,9,5640,53
2020-07-14,Sutter,101,95872,525,405,0,405,2
2020-07-14,Tehama,103,63373,168,123,2,125,1
2020-07-14,Trinity,105,12862,21,2,5,7,0
2020-07-14,Tulare,107,460477,8279,6199,30,6229,156
2020-07-14,Tuolumne,109,53932,104,68,2,70,0
2020-07-14,Ventura,111,848112,6717,4950,26,4976,50
2020-07-14,Yolo,113,214977,1321,966,3,969,27
2020-07-14,Yuba,115,75493,261,210,0,210,1
2020-07-13,Alameda,001,1643700,10044,8115,13,8128,148
2020-07-13,Alpine,003,1148,2,1,0,1,0
2020-07-13,Amador,005,37829,64,42,0,42,0
2020-07-13,Butte,007,227075,675,354,8,362,4
2020-07-13,Calaveras,009,45235,84,63,0,63,0
2020-07-13,Colusa,011,21464,242,116,0,116,0
2020-07-13,Contra Costa,013,1133247,6746,4882,13,4895,88
2020-07-13,Del Norte,015,27424,74,59,0,59,0
2020-07-13,El Dorado,017,186661,534,298,0,298,0
2020-07-13,Fresno,019,978130,15377,8666,118,8784,95
2020-07-13,Glenn,021,27897,261,168,0,168,0
2020-07-13,Humboldt,023,135768,204,174,1,175,4
2020-07-13,Imperial,025,180216,9326,7052,11,7063,109
2020-07-13,Inyo,027,18085,41,35,1,36,1
2020-07-13,Kern,029,883053,16959,6808,52,6860,107
2020-07-13,Kings,031,150075,3512,2824,22,2846,37
2020-07-13,Lake,033,64148,166,118,0,118,1
2020-07-13,Lassen,035,31185,498,237,2,239,0
2020-07-13,Los Angeles,037,10098052,157834,136368,216,136584,3829
2020-07-13,Madera,039,155013,1750,1059,3,1062,4
2020-07-13,Marin,041,260295,4375,3402,5,3407,21
2020-07-13,Mariposa,043,17540,40,31,0,31,1
2020-07-13,Mendocino,045,87422,180,87,0,87,0
2020-07-13,Merced,047,269075,3366,2007,3,2010,12
2020-07-13,Modoc,049,8938,1,0,0,0,0
2020-07-13,Mono,051,14174,81,47,0,47,1
2020-07-13,Monterey,053,433212,3566,2613,9,2622,18
2020-07-13,Napa,055,140530,741,534,0,534,4
2020-07-13,Nevada,057,99092,243,172,6,178,1
2020-07-13,Orange,059,3164182,34299,25978,393,26371,423
2020-07-13,Placer,061,380077,1544,1096,3,1099,11
2020-07-13,Plumas,063,18699,22,14,0,14,0
2020-07-13,Riverside,065,2383286,34142,27136,31,27167,545
2020-07-13,Sacramento,067,1510023,8031,5747,9,5756,85
2020-07-13,San Benito,069,59416,472,343,0,343,2
2020-07-13,San Bernardino,071,2135413,29323,19610,40,19650,313
2020-07-13,San Diego,073,3302833,25291,20348,2,20350,422
2020-07-13,San Francisco,075,870044,5436,4534,4,4538,50
2020-07-13,San Joaquin,077,732212,9565,6927,5,6932,71
2020-07-13,San Luis Obispo,079,281455,1498,989,8,997,5
2020-07-13,San Mateo,081,765935,4888,4057,7,4064,108
2020-07-13,Santa Barbara,083,443738,5343,4441,45,4486,28
2020-07-13,Santa Clara,085,1922200,8821,6488,19,6507,164
2020-07-13,Santa Cruz,087,273765,810,574,7,581,3
2020-07-13,Shasta,089,179085,316,185,1,186,6
2020-07-13,Sierra,091,2930,1,1,0,1,0
2020-07-13,Siskiyou,093,43540,61,37,0,37,0
2020-07-13,Solano,095,438530,3065,2046,10,2056,23
2020-07-13,Sonoma,097,501317,2397,1818,5,1823,14
2020-07-13,Stanislaus,099,539301,7595,5324,8,5332,53
2020-07-13,Sutter,101,95872,487,379,0,379,2
2020-07-13,Tehama,103,63373,155,112,2,114,1
2020-07-13,Trinity,105,12862,21,2,5,7,0
2020-07-13,Tulare,107,460477,8018,5930,28,5958,147
2020-07-13,Tuolumne,109,53932,96,56,2,58,0
2020-07-13,Ventura,111,848112,6527,4800,23,4823,50
2020-07-13,Yolo,113,214977,1275,941,3,944,27
2020-07-13,Yuba,115,75493,246,194,0,194,1
2020-07-12,Alameda,001,1643700,9773,8056,13,8069,148
2020-07-12,Alpine,003,1148,2,1,0,1,0
2020-07-12,Amador,005,37829,54,40,0,40,0
2020-07-12,Butte,007,227075,625,341,7,348,4
2020-07-12,Calaveras,009,45235,84,62,0,62,0
2020-07-12,Colusa,011,21464,208,116,0,116,0
2020-07-12,Contra Costa,013,1133247,6475,4708,11,4719,88
2020-07-12,Del Norte,015,27424,63,59,0,59,0
2020-07-12,El Dorado,017,186661,512,290,0,290,0
2020-07-12,Fresno,019,978130,14950,8407,113,8520,95
2020-07-12,Glenn,021,27897,248,166,0,166,0
2020-07-12,Humboldt,023,135768,200,174,1,175,4
2020-07-12,Imperial,025,180216,9208,6999,8,7007,109
2020-07-12,Inyo,027,18085,39,35,1,36,1
2020-07-12,Kern,029,883053,16215,6662,49,6711,105
2020-07-12,Kings,031,150075,3450,2779,22,2801,34
2020-07-12,Lake,033,64148,157,114,0,114,1
2020-07-12,Lassen,035,31185,491,237,2,239,0
2020-07-12,Los Angeles,037,10098052,154418,133830,187,134017,3816
2020-07-12,Madera,039,155013,1695,1025,3,1028,4
2020-07-12,Marin,041,260295,4298,3358,5,3363,21
2020-07-12,Mariposa,043,17540,39,31,0,31,1
2020-07-12,Mendocino,045,87422,161,88,0,88,0
2020-07-12,Merced,047,269075,3236,1908,3,1911,12
2020-07-12,Modoc,049,8938,1,0,0,0,0
2020-07-12,Mono,051,14174,71,45,0,45,1
2020-07-12,Monterey,053,433212,3451,2521,9,2530,18
2020-07-12,Napa,055,140530,709,519,0,519,4
2020-07-12,Nevada,057,99092,233,166,6,172,1
2020-07-12,Orange,059,3164182,33424,25399,384,25783,422
2020-07-12,Placer,061,380077,1488,1058,3,1061,11
2020-07-12,Plumas,063,18699,21,14,0,14,0
2020-07-12,Riverside,065,2383286,33382,26404,31,26435,542
2020-07-12,Sacramento,067,1510023,7719,5515,7,5522,85
2020-07-12,San Benito,069,59416,457,324,0,324,2
2020-07-12,San Bernardino,071,2135413,28411,19042,35,19077,312
2020-07-12,San Diego,073,3302833,24662,19929,2,19931,422
2020-07-12,San Francisco,075,870044,5286,4535,4,4539,50
2020-07-12,San Joaquin,077,732212,9203,6703,5,6708,71
2020-07-12,San Luis Obispo,079,281455,1451,972,7,979,5
2020-07-12,San Mateo,081,765935,4770,3988,7,3995,108
2020-07-12,Santa Barbara,083,443738,5213,4353,44,4397,28
2020-07-12,Santa Clara,085,1922200,8583,6252,18,6270,164
2020-07-12,Santa Cruz,087,273765,768,573,5,578,3
2020-07-12,Shasta,089,179085,310,173,1,174,6
2020-07-12,Sierra,091,2930,1,1,0,1,0
2020-07-12,Siskiyou,093,43540,59,36,0,36,0
2020-07-12,Solano,095,438530,2940,2037,10,2047,23
2020-07-12,Sonoma,097,501317,2303,1743,5,1748,13
2020-07-12,Stanislaus,099,539301,7291,5177,8,5185,53
2020-07-12,Sutter,101,95872,469,362,0,362,2
2020-07-12,Tehama,103,63373,148,111,2,113,1
2020-07-12,Trinity,105,12862,21,2,5,7,0
2020-07-12,Tulare,107,460477,7763,5864,27,5891,146
2020-07-12,Tuolumne,109,53932,88,52,2,54,0
2020-07-12,Ventura,111,848112,6311,4724,22,4746,50
2020-07-12,Yolo,113,214977,1234,889,3,892,27
2020-07-12,Yuba,115,75493,235,188,0,188,1
2020-07-11,Alameda,001,1643700,9671,7845,13,7858,148
2020-07-11,Alpine,003,1148,2,1,0,1,0
2020-07-11,Amador,005,37829,50,37,0,37,0
2020-07-11,Butte,007,227075,609,325,7,332,4
2020-07-11,Calaveras,009,45235,81,62,0,62,0
2020-07-11,Colusa,011,21464,203,110,0,110,0
2020-07-11,Contra Costa,013,1133247,6358,4650,11,4661,87
2020-07-11,Del Norte,015,27424,63,59,0,59,0
2020-07-11,El Dorado,017,186661,501,283,0,283,0
2020-07-11,Fresno,019,978130,14690,8086,111,8197,95
2020-07-11,Glenn,021,27897,240,161,0,161,0
2020-07-11,Humboldt,023,135768,199,174,1,175,4
2020-07-11,Imperial,025,180216,9169,6884,8,6892,109
2020-07-11,Inyo,027,18085,39,35,1,36,1
2020-07-11,Kern,029,883053,15858,6509,48,6557,103
2020-07-11,Kings,031,150075,3423,2753,22,2775,33
2020-07-11,Lake,033,64148,156,110,0,110,1
2020-07-11,Lassen,035,31185,490,237,2,239,0
2020-07-11,Los Angeles,037,10098052,152701,130479,177,130656,3802
2020-07-11,Madera,039,155013,1654,988,3,991,4
2020-07-11,Marin,041,260295,4270,3191,5,3196,21
2020-07-11,Mariposa,043,17540,39,31,0,31,1
2020-07-11,Mendocino,045,87422,157,88,0,88,0
2020-07-11,Merced,047,269075,3155,1851,3,1854,12
2020-07-11,Modoc,049,8938,1,0,0,0,0
2020-07-11,Mono,051,14174,68,45,0,45,1
2020-07-11,Monterey,053,433212,3362,2376,8,2384,18
2020-07-11,Napa,055,140530,697,509,0,509,4
2020-07-11,Nevada,057,99092,224,163,5,168,1
2020-07-11,Orange,059,3164182,33047,24430,370,24800,422
2020-07-11,Placer,061,380077,1453,1029,3,1032,11
2020-07-11,Plumas,063,18699,21,12,0,12,0
2020-07-11,Riverside,065,2383286,32991,25994,31,26025,538
2020-07-11,Sacramento,067,1510023,7545,5367,7,5374,84
2020-07-11,San Benito,069,59416,442,314,0,314,2
2020-07-11,San Bernardino,071,2135413,27974,18907,33,18940,310
2020-07-11,San Diego,073,3302833,24277,19371,2,19373,422
2020-07-11,San Francisco,075,870044,5190,4430,3,4433,50
2020-07-11,San Joaquin,077,732212,9025,6518,5,6523,72
2020-07-11,San Luis Obispo,079,281455,1403,930,7,937,4
2020-07-11,San Mateo,081,765935,4702,3956,7,3963,108
2020-07-11,Santa Barbara,083,443738,5144,4283,43,4326,28
2020-07-11,Santa Clara,085,1922200,8424,5959,18,5977,164
2020-07-11,Santa Cruz,087,273765,737,571,5,576,3
2020-07-11,Shasta,089,179085,303,168,1,169,6
2020-07-11,Sierra,091,2930,1,1,0,1,0
2020-07-11,Siskiyou,093,43540,59,36,0,36,0
2020-07-11,Solano,095,438530,2899,2034,10,2044,23
2020-07-11,Sonoma,097,501317,2265,1690,5,1695,13
2020-07-11,Stanislaus,099,539301,7150,4911,8,4919,51
2020-07-11,Sutter,101,95872,453,352,0,352,2
2020-07-11,Tehama,103,63373,146,111,2,113,1
2020-07-11,Trinity,105,12862,21,2,5,7,0
2020-07-11,Tulare,107,460477,7657,5780,27,5807,149
2020-07-11,Tuolumne,109,53932,86,50,2,52,0
2020-07-11,Ventura,111,848112,6215,4545,21,4566,49
2020-07-11,Yolo,113,214977,1205,833,3,836,27
2020-07-11,Yuba,115,75493,225,175,0,175,1
2020-07-10,Alameda,001,1643700,9514,7551,13,7564,147
2020-07-10,Alpine,003,1148,2,1,0,1,0
2020-07-10,Amador,005,37829,46,37,0,37,0
2020-07-10,Butte,007,227075,598,318,7,325,4
2020-07-10,Calaveras,009,45235,81,61,0,61,0
2020-07-10,Colusa,011,21464,197,103,0,103,0
2020-07-10,Contra Costa,013,1133247,6215,4482,11,4493,86
2020-07-10,Del Norte,015,27424,63,57,0,57,0
2020-07-10,El Dorado,017,186661,483,266,0,266,0
2020-07-10,Fresno,019,978130,14358,7760,108,7868,93
2020-07-10,Glenn,021,27897,235,157,0,157,0
2020-07-10,Humboldt,023,135768,198,168,1,169,4
2020-07-10,Imperial,025,180216,9124,6878,7,6885,98
2020-07-10,Inyo,027,18085,39,35,1,36,1
2020-07-10,Kern,029,883053,15425,6344,47,6391,102
2020-07-10,Kings,031,150075,3387,2707,22,2729,33
2020-07-10,Lake,033,64148,149,104,0,104,1
2020-07-10,Lassen,035,31185,489,235,2,237,0
2020-07-10,Los Angeles,037,10098052,150282,127503,171,127674,3750
2020-07-10,Madera,039,155013,1608,914,3,917,4
2020-07-10,Marin,041,260295,4207,3101,5,3106,21
2020-07-10,Mariposa,043,17540,38,31,0,31,1
2020-07-10,Mendocino,045,87422,149,88,0,88,0
2020-07-10,Merced,047,269075,3076,1802,3,1805,12
2020-07-10,Modoc,049,8938,1,0,0,0,0
2020-07-10,Mono,051,14174,67,45,0,45,1
2020-07-10,Monterey,053,433212,3283,2285,8,2293,18
2020-07-10,Napa,055,140530,686,496,0,496,4
2020-07-10,Nevada,057,99092,219,161,5,166,1
2020-07-10,Orange,059,3164182,32459,23692,367,24059,416
2020-07-10,Placer,061,380077,1412,1002,3,1005,11
2020-07-10,Plumas,063,18699,19,12,0,12,0
2020-07-10,Riverside,065,2383286,32474,25481,31,25512,533
2020-07-10,Sacramento,067,1510023,7290,5181,7,5188,81
2020-07-10,San Benito,069,59416,433,302,0,302,2
2020-07-10,San Bernardino,071,2135413,27448,18242,30,18272,308
2020-07-10,San Diego,073,3302833,23896,18862,2,18864,420
2020-07-10,San Francisco,075,870044,5099,4305,3,4308,50
2020-07-10,San Joaquin,077,732212,8792,6225,5,6230,67
2020-07-10,San Luis Obispo,079,281455,1365,891,7,898,4
2020-07-10,San Mateo,081,765935,4637,3844,7,3851,107
2020-07-10,Santa Barbara,083,443738,5047,4177,42,4219,28
2020-07-10,Santa Clara,085,1922200,8200,5819,18,5837,164
2020-07-10,Santa Cruz,087,273765,710,540,5,545,3
2020-07-10,Shasta,089,179085,299,158,1,159,6
2020-07-10,Sierra,091,2930,1,1,0,1,0
2020-07-10,Siskiyou,093,43540,59,31,0,31,0
2020-07-10,Solano,095,438530,2852,1950,10,1960,23
2020-07-10,Sonoma,097,501317,2218,1606,4,1610,13
2020-07-10,Stanislaus,099,539301,6980,4781,8,4789,46
2020-07-10,Sutter,101,95872,446,338,0,338,2
2020-07-10,Tehama,103,63373,145,107,2,109,1
2020-07-10,Trinity,105,12862,21,2,5,7,0
2020-07-10,Tulare,107,460477,7520,5677,27,5704,150
2020-07-10,Tuolumne,109,53932,85,49,2,51,0
2020-07-10,Ventura,111,848112,6101,4416,21,4437,48
2020-07-10,Yolo,113,214977,1181,794,3,797,27
2020-07-10,Yuba,115,75493,211,164,0,164,1
2020-07-09,Alameda,001,1643700,9278,7433,13,7446,146
2020-07-09,Alpine,003,1148,2,1,0,1,0
2020-07-09,Amador,005,37829,43,36,0,36,0
2020-07-09,Butte,007,227075,566,295,7,302,4
2020-07-09,Calaveras,009,45235,80,59,0,59,0
2020-07-09,Colusa,011,21464,189,97,0,97,0
2020-07-09,Contra Costa,013,1133247,5972,4388,11,4399,86
2020-07-09,Del Norte,015,27424,63,57,0,57,0
2020-07-09,El Dorado,017,186661,458,255,0,255,0
2020-07-09,Fresno,019,978130,13903,7385,105,7490,90
2020-07-09,Glenn,021,27897,225,150,0,150,0
2020-07-09,Humboldt,023,135768,195,166,1,167,4
2020-07-09,Imperial,025,180216,9029,6778,6,6784,87
2020-07-09,Inyo,027,18085,37,35,1,36,1
2020-07-09,Kern,029,883053,14780,6100,45,6145,95
2020-07-09,Kings,031,150075,3323,2686,21,2707,33
2020-07-09,Lake,033,64148,146,99,0,99,1
2020-07-09,Lassen,035,31185,433,221,2,223,0
2020-07-09,Los Angeles,037,10098052,147024,125062,147,125209,3698
2020-07-09,Madera,039,155013,1531,850,3,853,4
2020-07-09,Marin,041,260295,4055,2975,4,2979,20
2020-07-09,Mariposa,043,17540,38,32,0,32,1
2020-07-09,Mendocino,045,87422,145,88,0,88,0
2020-07-09,Merced,047,269075,2943,1728,3,1731,11
2020-07-09,Modoc,049,8938,1,0,0,0,0
2020-07-09,Mono,051,14174,63,45,0,45,1
2020-07-09,Monterey,053,433212,3158,2223,8,2231,17
2020-07-09,Napa,055,140530,669,468,0,468,4
2020-07-09,Nevada,057,99092,213,156,5,161,1
2020-07-09,Orange,059,3164182,31488,22960,349,23309,407
2020-07-09,Placer,061,380077,1369,982,3,985,11
2020-07-09,Plumas,063,18699,19,12,0,12,0
2020-07-09,Riverside,065,2383286,31581,24980,30,25010,529
2020-07-09,Sacramento,067,1510023,6963,4950,7,4957,81
2020-07-09,San Benito,069,59416,417,295,0,295,2
2020-07-09,San Bernardino,071,2135413,26575,17339,24,17363,307
2020-07-09,San Diego,073,3302833,23304,18404,2,18406,415
2020-07-09,San Francisco,075,870044,4967,4143,3,4146,50
2020-07-09,San Joaquin,077,732212,8433,6004,5,6009,66
2020-07-09,San Luis Obispo,079,281455,1325,869,7,876,3
2020-07-09,San Mateo,081,765935,4510,3792,7,3799,106
2020-07-09,Santa Barbara,083,443738,4915,4068,42,4110,28
2020-07-09,Santa Clara,085,1922200,7943,5638,18,5656,164
2020-07-09,Santa Cruz,087,273765,683,526,5,531,3
2020-07-09,Shasta,089,179085,293,155,1,156,5
2020-07-09,Sierra,091,2930,1,1,0,1,0
2020-07-09,Siskiyou,093,43540,55,31,0,31,0
2020-07-09,Solano,095,438530,2754,1892,10,1902,23
2020-07-09,Sonoma,097,501317,2132,1584,4,1588,13
2020-07-09,Stanislaus,099,539301,6664,4633,7,4640,46
2020-07-09,Sutter,101,95872,429,321,0,321,2
2020-07-09,Tehama,103,63373,140,102,2,104,1
2020-07-09,Trinity,105,12862,21,2,5,7,0
2020-07-09,Tulare,107,460477,7301,5501,26,5527,146
2020-07-09,Tuolumne,109,53932,84,47,2,49,0
2020-07-09,Ventura,111,848112,5933,4278,21,4299,47
2020-07-09,Yolo,113,214977,1134,764,3,767,27
2020-07-09,Yuba,115,75493,194,152,0,152,1
2020-07-08,Alameda,001,1643700,8986,7335,13,7348,142
2020-07-08,Alpine,003,1148,2,1,0,1,0
2020-07-08,Amador,005,37829,40,35,0,35,0
2020-07-08,Butte,007,227075,529,281,7,288,3
2020-07-08,Calaveras,009,45235,75,58,0,58,0
2020-07-08,Colusa,011,21464,176,90,0,90,0
2020-07-08,Contra Costa,013,1133247,5726,4268,9,4277,84
2020-07-08,Del Norte,015,27424,61,57,0,57,0
2020-07-08,El Dorado,017,186661,437,248,0,248,0
2020-07-08,Fresno,019,978130,13486,7102,97,7199,86
2020-07-08,Glenn,021,27897,214,146,0,146,0
2020-07-08,Humboldt,023,135768,192,162,1,163,4
2020-07-08,Imperial,025,180216,8942,6727,6,6733,76
2020-07-08,Inyo,027,18085,37,35,1,36,1
2020-07-08,Kern,029,883053,14202,5873,43,5916,91
2020-07-08,Kings,031,150075,3263,2629,18,2647,33
2020-07-08,Lake,033,64148,139,97,0,97,1
2020-07-08,Lassen,035,31185,337,221,2,223,0
2020-07-08,Los Angeles,037,10098052,143824,123462,120,123582,3650
2020-07-08,Madera,039,155013,1461,828,3,831,4
2020-07-08,Marin,041,260295,3956,2756,4,2760,17
2020-07-08,Mariposa,043,17540,38,31,0,31,1
2020-07-08,Mendocino,045,87422,132,84,0,84,0
2020-07-08,Merced,047,269075,2823,1578,3,1581,11
2020-07-08,Modoc,049,8938,1,0,0,0,0
2020-07-08,Mono,051,14174,60,45,0,45,1
2020-07-08,Monterey,053,433212,3040,2182,7,2189,17
2020-07-08,Napa,055,140530,647,468,0,468,4
2020-07-08,Nevada,057,99092,204,156,5,161,1
2020-07-08,Orange,059,3164182,30536,22088,344,22432,378
2020-07-08,Placer,061,380077,1322,948,3,951,11
2020-07-08,Plumas,063,18699,19,12,0,12,0
2020-07-08,Riverside,065,2383286,30617,24042,29,24071,508
2020-07-08,Sacramento,067,1510023,6675,4799,7,4806,80
2020-07-08,San Benito,069,59416,401,282,0,282,2
2020-07-08,San Bernardino,071,2135413,25720,16510,20,16530,296
2020-07-08,San Diego,073,3302833,22737,17844,2,17846,406
2020-07-08,San Francisco,075,870044,4878,4093,3,4096,50
2020-07-08,San Joaquin,077,732212,8090,5759,5,5764,61
2020-07-08,San Luis Obispo,079,281455,1273,825,7,832,2
2020-07-08,San Mateo,081,765935,4389,3733,7,3740,106
2020-07-08,Santa Barbara,083,443738,4796,3985,42,4027,28
2020-07-08,Santa Clara,085,1922200,7710,5510,18,5528,164
2020-07-08,Santa Cruz,087,273765,650,509,4,513,3
2020-07-08,Shasta,089,179085,284,148,1,149,6
2020-07-08,Sierra,091,2930,1,1,0,1,0
2020-07-08,Siskiyou,093,43540,55,31,0,31,0
2020-07-08,Solano,095,438530,2638,1821,10,1831,23
2020-07-08,Sonoma,097,501317,2057,1495,4,1499,9
2020-07-08,Stanislaus,099,539301,6364,4344,7,4351,46
2020-07-08,Sutter,101,95872,404,298,0,298,2
2020-07-08,Tehama,103,63373,134,100,2,102,1
2020-07-08,Trinity,105,12862,20,2,5,7,0
2020-07-08,Tulare,107,460477,7109,5307,21,5328,138
2020-07-08,Tuolumne,109,53932,80,42,2,44,0
2020-07-08,Ventura,111,848112,5768,4139,21,4160,47
2020-07-08,Yolo,113,214977,1091,727,3,730,26
2020-07-08,Yuba,115,75493,181,145,0,145,1
2020-07-07,Alameda,001,1643700,8666,7097,12,7109,141
2020-07-07,Alpine,003,1148,2,1,0,1,0
2020-07-07,Amador,005,37829,40,33,0,33,0
2020-07-07,Butte,007,227075,486,269,7,276,3
2020-07-07,Calaveras,009,45235,73,58,0,58,0
2020-07-07,Colusa,011,21464,143,84,0,84,0
2020-07-07,Contra Costa,013,1133247,5490,4131,8,4139,84
2020-07-07,Del Norte,015,27424,61,57,0,57,0
2020-07-07,El Dorado,017,186661,417,244,0,244,0
2020-07-07,Fresno,019,978130,13033,6738,97,6835,84
2020-07-07,Glenn,021,27897,205,145,0,145,0
2020-07-07,Humboldt,023,135768,189,150,1,151,4
2020-07-07,Imperial,025,180216,8843,6678,6,6684,51
2020-07-07,Inyo,027,18085,36,32,1,33,1
2020-07-07,Kern,029,883053,13503,5645,39,5684,88
2020-07-07,Kings,031,150075,3200,2623,16,2639,33
2020-07-07,Lake,033,64148,129,94,0,94,1
2020-07-07,Lassen,035,31185,266,219,2,221,0
2020-07-07,Los Angeles,037,10098052,140256,121026,112,121138,3588
2020-07-07,Madera,039,155013,1417,794,3,797,4
2020-07-07,Marin,041,260295,3867,2627,4,2631,17
2020-07-07,Mariposa,043,17540,38,31,0,31,1
2020-07-07,Mendocino,045,87422,124,82,0,82,0
2020-07-07,Merced,047,269075,2649,1531,3,1534,10
2020-07-07,Modoc,049,8938,1,0,0,0,0
2020-07-07,Mono,051,14174,59,42,0,42,1
2020-07-07,Monterey,053,433212,2897,2166,7,2173,17
2020-07-07,Napa,055,140530,628,459,0,459,4
2020-07-07,Nevada,057,99092,198,150,5,155,1
2020-07-07,Orange,059,3164182,29525,21741,330,22071,373
2020-07-07,Placer,061,380077,1281,930,3,933,11
2020-07-07,Plumas,063,18699,17,12,0,12,0
2020-07-07,Riverside,065,2383286,29602,23279,29,23308,499
2020-07-07,Sacramento,067,1510023,6331,4592,7,4599,76
2020-07-07,San Benito,069,59416,383,274,0,274,2
2020-07-07,San Bernardino,071,2135413,24849,16004,18,16022,277
2020-07-07,San Diego,073,3302833,22022,17580,2,17582,399
2020-07-07,San Francisco,075,870044,4785,4045,2,4047,50
2020-07-07,San Joaquin,077,732212,7748,5547,5,5552,59
2020-07-07,San Luis Obispo,079,281455,1212,795,7,802,2
2020-07-07,San Mateo,081,765935,4274,3691,7,3698,106
2020-07-07,Santa Barbara,083,443738,4668,3866,41,3907,27
2020-07-07,Santa Clara,085,1922200,7441,5438,18,5456,164
2020-07-07,Santa Cruz,087,273765,616,502,3,505,2
2020-07-07,Shasta,089,179085,271,144,1,145,6
2020-07-07,Sierra,091,2930,1,1,0,1,0
2020-07-07,Siskiyou,093,43540,54,30,0,30,0
2020-07-07,Solano,095,438530,2527,1776,9,1785,22
2020-07-07,Sonoma,097,501317,1987,1473,4,1477,8
2020-07-07,Stanislaus,099,539301,6025,4101,7,4108,46
2020-07-07,Sutter,101,95872,378,273,0,273,2
2020-07-07,Tehama,103,63373,125,95,2,97,1
2020-07-07,Trinity,105,12862,20,2,5,7,0
2020-07-07,Tulare,107,460477,6929,5189,19,5208,137
2020-07-07,Tuolumne,109,53932,74,40,2,42,0
2020-07-07,Ventura,111,848112,5599,3992,19,4011,46
2020-07-07,Yolo,113,214977,1023,706,3,709,26
2020-07-07,Yuba,115,75493,161,138,0,138,1
2020-07-06,Alameda,001,1643700,8428,6970,12,6982,141
2020-07-06,Alpine,003,1148,1,1,0,1,0
2020-07-06,Amador,005,37829,38,33,0,33,0
2020-07-06,Butte,007,227075,430,257,7,264,2
2020-07-06,Calaveras,009,45235,70,45,0,45,0
2020-07-06,Colusa,011,21464,134,80,0,80,0
2020-07-06,Contra Costa,013,1133247,5260,3901,7,3908,83
2020-07-06,Del Norte,015,27424,60,57,0,57,0
2020-07-06,El Dorado,017,186661,402,232,0,232,0
2020-07-06,Fresno,019,978130,12565,6364,91,6455,82
2020-07-06,Glenn,021,27897,197,129,0,129,0
2020-07-06,Humboldt,023,135768,187,148,1,149,3
2020-07-06,Imperial,025,180216,8724,6443,6,6449,47
2020-07-06,Inyo,027,18085,36,32,1,33,1
2020-07-06,Kern,029,883053,12697,5491,37,5528,82
2020-07-06,Kings,031,150075,3149,2583,11,2594,33
2020-07-06,Lake,033,64148,122,93,0,93,1
2020-07-06,Lassen,035,31185,264,219,2,221,0
2020-07-06,Los Angeles,037,10098052,136656,116707,98,116805,3541
2020-07-06,Madera,039,155013,1347,734,3,737,4
2020-07-06,Marin,041,260295,3627,2136,4,2140,17
2020-07-06,Mariposa,043,17540,36,31,0,31,1
2020-07-06,Mendocino,045,87422,107,72,0,72,0
2020-07-06,Merced,047,269075,2498,1396,3,1399,10
2020-07-06,Modoc,049,8938,1,0,0,0,0
2020-07-06,Mono,051,14174,58,40,0,40,1
2020-07-06,Monterey,053,433212,2807,2078,7,2085,15
2020-07-06,Napa,055,140530,610,454,0,454,4
2020-07-06,Nevada,057,99092,192,146,5,151,1
2020-07-06,Orange,059,3164182,28463,20167,293,20460,372
2020-07-06,Placer,061,380077,1219,904,3,907,11
2020-07-06,Plumas,063,18699,17,11,0,11,0
2020-07-06,Riverside,065,2383286,28549,22485,28,22513,477
2020-07-06,Sacramento,067,1510023,5981,4420,7,4427,71
2020-07-06,San Benito,069,59416,368,264,0,264,2
2020-07-06,San Bernardino,071,2135413,23993,15346,15,15361,272
2020-07-06,San Diego,073,3302833,21308,17002,2,17004,387
2020-07-06,San Francisco,075,870044,4664,3861,2,3863,50
2020-07-06,San Joaquin,077,732212,7378,5104,5,5109,57
2020-07-06,San Luis Obispo,079,281455,1154,751,7,758,2
2020-07-06,San Mateo,081,765935,4182,3650,6,3656,106
2020-07-06,Santa Barbara,083,443738,4531,3763,40,3803,27
2020-07-06,Santa Clara,085,1922200,7170,5369,18,5387,165
2020-07-06,Santa Cruz,087,273765,594,466,2,468,2
2020-07-06,Shasta,089,179085,261,143,1,144,6
2020-07-06,Sierra,091,2930,1,1,0,1,0
2020-07-06,Siskiyou,093,43540,50,30,0,30,0
2020-07-06,Solano,095,438530,2394,1668,9,1677,22
2020-07-06,Sonoma,097,501317,1923,1369,4,1373,8
2020-07-06,Stanislaus,099,539301,5623,3983,7,3990,46
2020-07-06,Sutter,101,95872,351,250,0,250,2
2020-07-06,Tehama,103,63373,122,95,2,97,1
2020-07-06,Trinity,105,12862,19,2,5,7,0
2020-07-06,Tulare,107,460477,6724,5039,17,5056,136
2020-07-06,Tuolumne,109,53932,71,30,2,32,0
2020-07-06,Ventura,111,848112,5406,3912,19,3931,44
2020-07-06,Yolo,113,214977,967,685,3,688,26
2020-07-06,Yuba,115,75493,147,124,0,124,1
2020-07-05,Alameda,001,1643700,8176,6861,12,6873,141
2020-07-05,Alpine,003,1148,1,1,0,1,0
2020-07-05,Amador,005,37829,36,31,0,31,0
2020-07-05,Butte,007,227075,395,248,7,255,2
2020-07-05,Calaveras,009,45235,66,45,0,45,0
2020-07-05,Colusa,011,21464,124,79,0,79,0
2020-07-05,Contra Costa,013,1133247,5020,3665,6,3671,80
2020-07-05,Del Norte,015,27424,60,57,0,57,0
2020-07-05,El Dorado,017,186661,384,227,0,227,0
2020-07-05,Fresno,019,978130,11999,6186,90,6276,82
2020-07-05,Glenn,021,27897,194,129,0,129,0
2020-07-05,Humboldt,023,135768,183,147,1,148,3
2020-07-05,Imperial,025,180216,8590,6441,6,6447,47
2020-07-05,Inyo,027,18085,35,32,1,33,1
2020-07-05,Kern,029,883053,11988,5351,37,5388,82
2020-07-05,Kings,031,150075,3066,2546,10,2556,31
2020-07-05,Lake,033,64148,122,92,0,92,1
2020-07-05,Lassen,035,31185,258,219,2,221,0
2020-07-05,Los Angeles,037,10098052,133436,115133,92,115225,3495
2020-07-05,Madera,039,155013,1269,564,3,567,4
2020-07-05,Marin,041,260295,3444,2080,4,2084,17
2020-07-05,Mariposa,043,17540,36,31,0,31,1
2020-07-05,Mendocino,045,87422,104,72,0,72,0
2020-07-05,Merced,047,269075,2353,1340,3,1343,10
2020-07-05,Modoc,049,8938,1,0,0,0,0
2020-07-05,Mono,051,14174,54,39,0,39,1
2020-07-05,Monterey,053,433212,2704,1994,7,2001,15
2020-07-05,Napa,055,140530,580,450,0,450,4
2020-07-05,Nevada,057,99092,186,141,5,146,1
2020-07-05,Orange,059,3164182,27522,19430,280,19710,372
2020-07-05,Placer,061,380077,1162,855,3,858,11
2020-07-05,Plumas,063,18699,16,11,0,11,0
2020-07-05,Riverside,065,2383286,27692,21511,28,21539,474
2020-07-05,Sacramento,067,1510023,5666,4265,6,4271,71
2020-07-05,San Benito,069,59416,349,258,0,258,2
2020-07-05,San Bernardino,071,2135413,23115,15026,15,15041,270
2020-07-05,San Diego,073,3302833,20620,16728,2,16730,387
2020-07-05,San Francisco,075,870044,4546,3861,2,3863,50
2020-07-05,San Joaquin,077,732212,7059,5015,5,5020,57
2020-07-05,San Luis Obispo,079,281455,1075,730,7,737,2
2020-07-05,San Mateo,081,765935,4071,3575,6,3581,106
2020-07-05,Santa Barbara,083,443738,4384,3671,37,3708,27
2020-07-05,Santa Clara,085,1922200,6878,5237,18,5255,162
2020-07-05,Santa Cruz,087,273765,576,467,0,467,2
2020-07-05,Shasta,089,179085,255,138,1,139,6
2020-07-05,Sierra,091,2930,1,1,0,1,0
2020-07-05,Siskiyou,093,43540,46,30,0,30,0
2020-07-05,Solano,095,438530,2274,1547,9,1556,22
2020-07-05,Sonoma,097,501317,1842,1369,4,1373,8
2020-07-05,Stanislaus,099,539301,5292,3777,6,3783,45
2020-07-05,Sutter,101,95872,323,241,0,241,2
2020-07-05,Tehama,103,63373,120,95,2,97,1
2020-07-05,Trinity,105,12862,19,2,5,7,0
2020-07-05,Tulare,107,460477,6465,4981,15,4996,135
2020-07-05,Tuolumne,109,53932,66,30,2,32,0
2020-07-05,Ventura,111,848112,5203,3866,19,3885,44
2020-07-05,Yolo,113,214977,927,644,3,647,26
2020-07-05,Yuba,115,75493,137,115,0,115,1
2020-07-04,Alameda,001,1643700,8064,6737,12,6749,141
2020-07-04,Alpine,003,1148,1,1,0,1,0
2020-07-04,Amador,005,37829,35,31,0,31,0
2020-07-04,Butte,007,227075,377,224,7,231,2
2020-07-04,Calaveras,009,45235,66,45,0,45,0
2020-07-04,Colusa,011,21464,123,76,0,76,0
2020-07-04,Contra Costa,013,1133247,4872,3583,6,3589,80
2020-07-04,Del Norte,015,27424,60,50,0,50,0
2020-07-04,El Dorado,017,186661,365,211,0,211,0
2020-07-04,Fresno,019,978130,11682,5999,88,6087,82
2020-07-04,Glenn,021,27897,187,128,0,128,0
2020-07-04,Humboldt,023,135768,176,144,1,145,3
2020-07-04,Imperial,025,180216,8542,6441,6,6447,47
2020-07-04,Inyo,027,18085,35,32,1,33,1
2020-07-04,Kern,029,883053,11684,5231,37,5268,81
2020-07-04,Kings,031,150075,3023,2509,10,2519,31
2020-07-04,Lake,033,64148,115,86,0,86,1
2020-07-04,Lassen,035,31185,258,219,2,221,0
2020-07-04,Los Angeles,037,10098052,131620,107256,81,107337,3462
2020-07-04,Madera,039,155013,1223,568,3,571,4
2020-07-04,Marin,041,260295,3415,1962,4,1966,17
2020-07-04,Mariposa,043,17540,36,28,0,28,1
2020-07-04,Mendocino,045,87422,104,72,0,72,0
2020-07-04,Merced,047,269075,2250,1252,2,1254,10
2020-07-04,Modoc,049,8938,1,0,0,0,0
2020-07-04,Mono,051,14174,54,37,0,37,1
2020-07-04,Monterey,053,433212,2624,1878,7,1885,15
2020-07-04,Napa,055,140530,571,426,0,426,4
2020-07-04,Nevada,057,99092,183,125,5,130,1
2020-07-04,Orange,059,3164182,27089,19247,267,19514,372
2020-07-04,Placer,061,380077,1127,796,3,799,11
2020-07-04,Plumas,063,18699,16,11,0,11,0
2020-07-04,Riverside,065,2383286,27325,21508,28,21536,474
2020-07-04,Sacramento,067,1510023,5495,4039,6,4045,71
2020-07-04,San Benito,069,59416,336,255,0,255,2
2020-07-04,San Bernardino,071,2135413,22688,14636,13,14649,270
2020-07-04,San Diego,073,3302833,20160,16166,2,16168,387
2020-07-04,San Francisco,075,870044,4454,3861,2,3863,50
2020-07-04,San Joaquin,077,732212,6846,4807,5,4812,57
2020-07-04,San Luis Obispo,079,281455,1035,699,7,706,2
2020-07-04,San Mateo,081,765935,4008,3532,6,3538,106
2020-07-04,Santa Barbara,083,443738,4309,3520,35,3555,27
2020-07-04,Santa Clara,085,1922200,6686,5045,17,5062,161
2020-07-04,Santa Cruz,087,273765,566,466,0,466,2
2020-07-04,Shasta,089,179085,252,135,1,136,6
2020-07-04,Sierra,091,2930,1,1,0,1,0
2020-07-04,Siskiyou,093,43540,39,30,0,30,0
2020-07-04,Solano,095,438530,2238,1548,9,1557,22
2020-07-04,Sonoma,097,501317,1816,1370,4,1374,8
2020-07-04,Stanislaus,099,539301,5134,3572,6,3578,44
2020-07-04,Sutter,101,95872,304,225,0,225,2
2020-07-04,Tehama,103,63373,117,92,2,94,1
2020-07-04,Trinity,105,12862,19,2,5,7,0
2020-07-04,Tulare,107,460477,6353,4802,14,4816,135
2020-07-04,Tuolumne,109,53932,62,30,2,32,0
2020-07-04,Ventura,111,848112,5079,3687,19,3706,44
2020-07-04,Yolo,113,214977,902,615,3,618,26
2020-07-04,Yuba,115,75493,130,102,0,102,1
2020-07-03,Alameda,001,1643700,7943,6486,12,6498,141
2020-07-03,Alpine,003,1148,1,1,0,1,0
2020-07-03,Amador,005,37829,35,25,0,25,0
2020-07-03,Butte,007,227075,365,212,7,219,2
2020-07-03,Calaveras,009,45235,66,44,0,44,0
2020-07-03,Colusa,011,21464,117,70,0,70,0
2020-07-03,Contra Costa,013,1133247,4738,3447,6,3453,78
2020-07-03,Del Norte,015,27424,60,50,0,50,0
2020-07-03,El Dorado,017,186661,353,201,0,201,0
2020-07-03,Fresno,019,978130,11377,5783,86,5869,81
2020-07-03,Glenn,021,27897,182,122,0,122,0
2020-07-03,Humboldt,023,135768,172,143,1,144,3
2020-07-03,Imperial,025,180216,8494,6345,6,6351,47
2020-07-03,Inyo,027,18085,35,32,1,33,1
2020-07-03,Kern,029,883053,11423,5213,37,5250,81
2020-07-03,Kings,031,150075,2987,2492,10,2502,31
2020-07-03,Lake,033,64148,108,83,0,83,0
2020-07-03,Lassen,035,31185,258,219,2,221,0
2020-07-03,Los Angeles,037,10098052,130103,107236,77,107313,3461
2020-07-03,Madera,039,155013,1178,565,3,568,4
2020-07-03,Marin,041,260295,3387,1776,4,1780,17
2020-07-03,Mariposa,043,17540,36,28,0,28,1
2020-07-03,Mendocino,045,87422,103,72,0,72,0
2020-07-03,Merced,047,269075,2184,1188,2,1190,10
2020-07-03,Modoc,049,8938,1,0,0,0,0
2020-07-03,Mono,051,14174,54,37,0,37,1
2020-07-03,Monterey,053,433212,2553,1804,7,1811,15
2020-07-03,Napa,055,140530,553,388,0,388,4
2020-07-03,Nevada,057,99092,182,125,5,130,1
2020-07-03,Orange,059,3164182,26698,18819,259,19078,366
2020-07-03,Placer,061,380077,1100,745,3,748,11
2020-07-03,Plumas,063,18699,16,11,0,11,0
2020-07-03,Riverside,065,2383286,27019,21171,28,21199,472
2020-07-03,Sacramento,067,1510023,5361,3711,6,3717,71
2020-07-03,San Benito,069,59416,329,243,0,243,2
2020-07-03,San Bernardino,071,2135413,22299,14040,13,14053,269
2020-07-03,San Diego,073,3302833,19704,15698,2,15700,387
2020-07-03,San Francisco,075,870044,4407,3781,2,3783,50
2020-07-03,San Joaquin,077,732212,6708,4416,4,4420,56
2020-07-03,San Luis Obispo,079,281455,1000,676,7,683,2
2020-07-03,San Mateo,081,765935,3951,3439,6,3445,106
2020-07-03,Santa Barbara,083,443738,4222,3406,34,3440,27
2020-07-03,Santa Clara,085,1922200,6573,4820,17,4837,161
2020-07-03,Santa Cruz,087,273765,553,436,0,436,2
2020-07-03,Shasta,089,179085,244,113,1,114,6
2020-07-03,Sierra,091,2930,1,1,0,1,0
2020-07-03,Siskiyou,093,43540,36,30,0,30,0
2020-07-03,Solano,095,438530,2194,1496,8,1504,22
2020-07-03,Sonoma,097,501317,1767,1282,4,1286,8
2020-07-03,Stanislaus,099,539301,5009,3021,6,3027,43
2020-07-03,Sutter,101,95872,294,205,0,205,2
2020-07-03,Tehama,103,63373,115,89,2,91,1
2020-07-03,Trinity,105,12862,19,2,5,7,0
2020-07-03,Tulare,107,460477,6238,4656,14,4670,134
2020-07-03,Tuolumne,109,53932,60,27,2,29,0
2020-07-03,Ventura,111,848112,4983,3536,19,3555,44
2020-07-03,Yolo,113,214977,868,586,3,589,25
2020-07-03,Yuba,115,75493,125,96,0,96,1
2020-07-02,Alameda,001,1643700,7817,6386,12,6398,139
2020-07-02,Alpine,003,1148,1,1,0,1,0
2020-07-02,Amador,005,37829,34,23,0,23,0
2020-07-02,Butte,007,227075,348,199,7,206,2
2020-07-02,Calaveras,009,45235,62,42,0,42,0
2020-07-02,Colusa,011,21464,109,60,0,60,0
2020-07-02,Contra Costa,013,1133247,4554,3347,6,3353,77
2020-07-02,Del Norte,015,27424,59,50,0,50,0
2020-07-02,El Dorado,017,186661,342,193,0,193,0
2020-07-02,Fresno,019,978130,10917,5402,85,5487,78
2020-07-02,Glenn,021,27897,176,114,0,114,0
2020-07-02,Humboldt,023,135768,168,138,1,139,3
2020-07-02,Imperial,025,180216,8392,6236,6,6242,47
2020-07-02,Inyo,027,18085,35,29,1,30,1
2020-07-02,Kern,029,883053,10887,5036,35,5071,78
2020-07-02,Kings,031,150075,2936,2419,10,2429,31
2020-07-02,Lake,033,64148,104,81,0,81,0
2020-07-02,Lassen,035,31185,256,218,2,220,0
2020-07-02,Los Angeles,037,10098052,128085,107144,54,107198,3458
2020-07-02,Madera,039,155013,1110,548,3,551,4
2020-07-02,Marin,041,260295,3301,1706,4,1710,17
2020-07-02,Mariposa,043,17540,35,28,0,28,1
2020-07-02,Mendocino,045,87422,99,71,0,71,0
2020-07-02,Merced,047,269075,2087,1122,2,1124,10
2020-07-02,Modoc,049,8938,1,0,0,0,0
2020-07-02,Mono,051,14174,54,37,0,37,1
2020-07-02,Monterey,053,433212,2493,1796,7,1803,15
2020-07-02,Napa,055,140530,536,352,0,352,4
2020-07-02,Nevada,057,99092,176,118,4,122,1
2020-07-02,Orange,059,3164182,25934,17056,246,17302,360
2020-07-02,Placer,061,380077,1076,740,3,743,11
2020-07-02,Plumas,063,18699,15,8,0,8,0
2020-07-02,Riverside,065,2383286,26446,20253,28,20281,458
2020-07-02,Sacramento,067,1510023,5134,3587,6,3593,70
2020-07-02,San Benito,069,59416,321,236,0,236,2
2020-07-02,San Bernardino,071,2135413,21762,13185,13,13198,260
2020-07-02,San Diego,073,3302833,19242,15208,2,15210,377
2020-07-02,San Francisco,075,870044,4312,3676,2,3678,50
2020-07-02,San Joaquin,077,732212,6361,4243,4,4247,56
2020-07-02,San Luis Obispo,079,281455,955,659,7,666,2
2020-07-02,San Mateo,081,765935,3871,3390,6,3396,107
2020-07-02,Santa Barbara,083,443738,4122,3385,32,3417,27
2020-07-02,Santa Clara,085,1922200,6447,4722,17,4739,160
2020-07-02,Santa Cruz,087,273765,530,414,0,414,2
2020-07-02,Shasta,089,179085,241,110,1,111,5
2020-07-02,Sierra,091,2930,1,1,0,1,0
2020-07-02,Siskiyou,093,43540,36,30,0,30,0
2020-07-02,Solano,095,438530,2111,1429,8,1437,21
2020-07-02,Sonoma,097,501317,1709,1244,4,1248,6
2020-07-02,Stanislaus,099,539301,4837,2850,6,2856,41
2020-07-02,Sutter,101,95872,282,195,0,195,2
2020-07-02,Tehama,103,63373,113,86,2,88,1
2020-07-02,Trinity,105,12862,19,2,5,7,0
2020-07-02,Tulare,107,460477,6071,4559,13,4572,132
2020-07-02,Tuolumne,109,53932,57,23,2,25,0
2020-07-02,Ventura,111,848112,4827,3394,19,3413,42
2020-07-02,Yolo,113,214977,836,554,3,557,24
2020-07-02,Yuba,115,75493,115,93,0,93,1
2020-07-01,Alameda,001,1643700,7595,6125,12,6137,137
2020-07-01,Alpine,003,1148,1,1,0,1,0
2020-07-01,Amador,005,37829,33,22,0,22,0
2020-07-01,Butte,007,227075,323,185,7,192,2
2020-07-01,Calaveras,009,45235,60,37,0,37,0
2020-07-01,Colusa,011,21464,103,53,0,53,0
2020-07-01,Contra Costa,013,1133247,4342,3259,6,3265,76
2020-07-01,Del Norte,015,27424,59,50,0,50,0
2020-07-01,El Dorado,017,186661,315,183,0,183,0
2020-07-01,Fresno,019,978130,10483,5111,82,5193,76
2020-07-01,Glenn,021,27897,170,110,0,110,0
2020-07-01,Humboldt,023,135768,163,134,0,134,3
2020-07-01,Imperial,025,180216,8295,6150,6,6156,46
2020-07-01,Inyo,027,18085,34,30,1,31,1
2020-07-01,Kern,029,883053,10254,4853,33,4886,78
2020-07-01,Kings,031,150075,2868,2360,10,2370,30
2020-07-01,Lake,033,64148,103,75,0,75,0
2020-07-01,Lassen,035,31185,255,217,2,219,0
2020-07-01,Los Angeles,037,10098052,124883,105325,45,105370,3408
2020-07-01,Madera,039,155013,1069,519,3,522,4
2020-07-01,Marin,041,260295,3144,1636,4,1640,17
2020-07-01,Mariposa,043,17540,35,29,0,29,1
2020-07-01,Mendocino,045,87422,95,70,0,70,0
2020-07-01,Merced,047,269075,1987,1052,2,1054,10
2020-07-01,Modoc,049,8938,1,0,0,0,0
2020-07-01,Mono,051,14174,51,37,0,37,1
2020-07-01,Monterey,053,433212,2385,1703,6,1709,15
2020-07-01,Napa,055,140530,513,347,0,347,4
2020-07-01,Nevada,057,99092,166,115,4,119,1
2020-07-01,Orange,059,3164182,25049,15662,225,15887,343
2020-07-01,Placer,061,380077,1029,713,3,716,11
2020-07-01,Plumas,063,18699,13,8,0,8,0
2020-07-01,Riverside,065,2383286,25604,19537,27,19564,457
2020-07-01,Sacramento,067,1510023,4879,3425,6,3431,64
2020-07-01,San Benito,069,59416,312,219,0,219,2
2020-07-01,San Bernardino,071,2135413,20866,12712,10,12722,253
2020-07-01,San Diego,073,3302833,18683,14624,2,14626,372
2020-07-01,San Francisco,075,870044,4219,3626,2,3628,50
2020-07-01,San Joaquin,077,732212,6003,3990,4,3994,54
2020-07-01,San Luis Obispo,079,281455,928,613,7,620,1
2020-07-01,San Mateo,081,765935,3809,3326,6,3332,84
2020-07-01,Santa Barbara,083,443738,4002,3268,31,3299,27
2020-07-01,Santa Clara,085,1922200,6260,4547,16,4563,159
2020-07-01,Santa Cruz,087,273765,508,398,0,398,2
2020-07-01,Shasta,089,179085,236,104,1,105,5
2020-07-01,Sierra,091,2930,1,1,0,1,0
2020-07-01,Siskiyou,093,43540,36,28,0,28,0
2020-07-01,Solano,095,438530,2022,1350,8,1358,21
2020-07-01,Sonoma,097,501317,1613,1178,4,1182,6
2020-07-01,Stanislaus,099,539301,4558,2619,6,2625,41
2020-07-01,Sutter,101,95872,269,188,0,188,2
2020-07-01,Tehama,103,63373,106,80,2,82,1
2020-07-01,Trinity,105,12862,19,2,4,6,0
2020-07-01,Tulare,107,460477,5893,4359,13,4372,128
2020-07-01,Tuolumne,109,53932,54,17,2,19,0
2020-07-01,Ventura,111,848112,4684,3224,17,3241,41
2020-07-01,Yolo,113,214977,786,526,3,529,24
2020-07-01,Yuba,115,75493,110,57,0,57,1
2020-06-30,Alameda,001,1643700,7346,5959,10,5969,137
2020-06-30,Alpine,003,1148,1,1,0,1,0
2020-06-30,Amador,005,37829,33,21,0,21,0
2020-06-30,Butte,007,227075,306,163,7,170,2
2020-06-30,Calaveras,009,45235,55,31,0,31,0
2020-06-30,Colusa,011,21464,94,33,0,33,0
2020-06-30,Contra Costa,013,1133247,4135,3140,6,3146,75
2020-06-30,Del Norte,015,27424,59,48,0,48,0
2020-06-30,El Dorado,017,186661,302,175,0,175,0
2020-06-30,Fresno,019,978130,10035,4826,76,4902,75
2020-06-30,Glenn,021,27897,165,96,0,96,0
2020-06-30,Humboldt,023,135768,159,132,0,132,3
2020-06-30,Imperial,025,180216,8198,5968,6,5974,45
2020-06-30,Inyo,027,18085,34,30,1,31,1
2020-06-30,Kern,029,883053,9607,4721,30,4751,75
2020-06-30,Kings,031,150075,2819,2315,7,2322,30
2020-06-30,Lake,033,64148,95,56,0,56,0
2020-06-30,Lassen,035,31185,248,215,2,217,0
2020-06-30,Los Angeles,037,10098052,121305,103640,42,103682,3378
2020-06-30,Madera,039,155013,1012,475,3,478,4
2020-06-30,Marin,041,260295,3073,1614,4,1618,17
2020-06-30,Mariposa,043,17540,34,27,0,27,1
2020-06-30,Mendocino,045,87422,90,65,0,65,0
2020-06-30,Merced,047,269075,1850,970,2,972,10
2020-06-30,Modoc,049,8938,1,0,0,0,0
2020-06-30,Mono,051,14174,49,36,0,36,1
2020-06-30,Monterey,053,433212,2287,1657,6,1663,15
2020-06-30,Napa,055,140530,488,342,0,342,4
2020-06-30,Nevada,057,99092,158,113,4,117,1
2020-06-30,Orange,059,3164182,24118,14354,215,14569,335
2020-06-30,Placer,061,380077,1002,667,3,670,11
2020-06-30,Plumas,063,18699,12,8,0,8,0
2020-06-30,Riverside,065,2383286,24888,18656,26,18682,449
2020-06-30,Sacramento,067,1510023,4590,3246,6,3252,64
2020-06-30,San Benito,069,59416,301,200,0,200,2
2020-06-30,San Bernardino,071,2135413,19882,12375,10,12385,249
2020-06-30,San Diego,073,3302833,17979,14150,2,14152,365
2020-06-30,San Francisco,075,870044,4114,3555,1,3556,50
2020-06-30,San Joaquin,077,732212,5628,3744,4,3748,52
2020-06-30,San Luis Obispo,079,281455,890,583,7,590,1
2020-06-30,San Mateo,081,765935,3731,3268,6,3274,84
2020-06-30,Santa Barbara,083,443738,3886,3102,31,3133,25
2020-06-30,Santa Clara,085,1922200,6058,4346,16,4362,157
2020-06-30,Santa Cruz,087,273765,483,379,0,379,2
2020-06-30,Shasta,089,179085,220,100,1,101,5
2020-06-30,Sierra,091,2930,1,1,0,1,0
2020-06-30,Siskiyou,093,43540,35,26,0,26,0
2020-06-30,Solano,095,438530,1930,1256,8,1264,21
2020-06-30,Sonoma,097,501317,1549,1122,4,1126,6
2020-06-30,Stanislaus,099,539301,4260,2578,6,2584,41
2020-06-30,Sutter,101,95872,246,168,0,168,2
2020-06-30,Tehama,103,63373,104,75,2,77,1
2020-06-30,Trinity,105,12862,19,2,4,6,0
2020-06-30,Tulare,107,460477,5684,4207,13,4220,117
2020-06-30,Tuolumne,109,53932,50,16,2,18,0
2020-06-30,Ventura,111,848112,4550,3030,17,3047,40
2020-06-30,Yolo,113,214977,748,515,3,518,24
2020-06-30,Yuba,115,75493,106,55,0,55,1
2020-06-29,Alameda,001,1643700,7136,5766,10,5776,135
2020-06-29,Alpine,003,1148,1,1,0,1,0
2020-06-29,Amador,005,37829,30,20,0,20,0
2020-06-29,Butte,007,227075,285,157,7,164,2
2020-06-29,Calaveras,009,45235,53,30,0,30,0
2020-06-29,Colusa,011,21464,89,17,0,17,0
2020-06-29,Contra Costa,013,1133247,3972,2976,5,2981,75
2020-06-29,Del Norte,015,27424,59,47,0,47,0
2020-06-29,El Dorado,017,186661,288,163,0,163,0
2020-06-29,Fresno,019,978130,9687,4531,74,4605,74
2020-06-29,Glenn,021,27897,156,77,0,77,0
2020-06-29,Humboldt,023,135768,158,128,0,128,3
2020-06-29,Imperial,025,180216,8067,5512,6,5518,45
2020-06-29,Inyo,027,18085,33,29,0,29,1
2020-06-29,Kern,029,883053,8944,4613,28,4641,73
2020-06-29,Kings,031,150075,2754,2280,7,2287,20
2020-06-29,Lake,033,64148,88,53,0,53,0
2020-06-29,Lassen,035,31185,240,77,2,79,0
2020-06-29,Los Angeles,037,10098052,118266,100846,36,100882,3337
2020-06-29,Madera,039,155013,955,422,3,425,4
2020-06-29,Marin,041,260295,2997,1517,4,1521,17
2020-06-29,Mariposa,043,17540,32,25,0,25,1
2020-06-29,Mendocino,045,87422,87,63,0,63,0
2020-06-29,Merced,047,269075,1744,848,2,850,10
2020-06-29,Modoc,049,8938,1,0,0,0,0
2020-06-29,Mono,051,14174,47,35,0,35,1
2020-06-29,Monterey,053,433212,2215,1614,6,1620,14
2020-06-29,Napa,055,140530,466,317,0,317,4
2020-06-29,Nevada,057,99092,155,107,3,110,1
2020-06-29,Orange,059,3164182,23128,13682,199,13881,324
2020-06-29,Placer,061,380077,966,628,3,631,11
2020-06-29,Plumas,063,18699,12,6,0,6,0
2020-06-29,Riverside,065,2383286,23854,17683,26,17709,432
2020-06-29,Sacramento,067,1510023,4303,2985,6,2991,62
2020-06-29,San Benito,069,59416,286,193,0,193,2
2020-06-29,San Bernardino,071,2135413,18921,11643,10,11653,245
2020-06-29,San Diego,073,3302833,17402,13834,2,13836,361
2020-06-29,San Francisco,075,870044,4037,3389,1,3390,50
2020-06-29,San Joaquin,077,732212,5270,3202,4,3206,52
2020-06-29,San Luis Obispo,079,281455,856,544,7,551,1
2020-06-29,San Mateo,081,765935,3677,3170,6,3176,84
2020-06-29,Santa Barbara,083,443738,3777,2933,30,2963,25
2020-06-29,Santa Clara,085,1922200,5886,4231,16,4247,157
2020-06-29,Santa Cruz,087,273765,465,348,0,348,2
2020-06-29,Shasta,089,179085,212,94,1,95,5
2020-06-29,Sierra,091,2930,1,1,0,1,0
2020-06-29,Siskiyou,093,43540,35,25,0,25,0
2020-06-29,Solano,095,438530,1828,1077,8,1085,21
2020-06-29,Sonoma,097,501317,1477,1103,4,1107,5
2020-06-29,Stanislaus,099,539301,4054,2400,5,2405,36
2020-06-29,Sutter,101,95872,224,152,0,152,2
2020-06-29,Tehama,103,63373,100,63,2,65,1
2020-06-29,Trinity,105,12862,18,2,4,6,0
2020-06-29,Tulare,107,460477,5529,3906,12,3918,117
2020-06-29,Tuolumne,109,53932,46,16,2,18,0
2020-06-29,Ventura,111,848112,4403,2794,17,2811,40
2020-06-29,Yolo,113,214977,715,483,3,486,24
2020-06-29,Yuba,115,75493,93,55,0,55,1
2020-06-28,Alameda,001,1643700,6877,5698,10,5708,135
2020-06-28,Alpine,003,1148,1,1,0,1,0
2020-06-28,Amador,005,37829,28,20,0,20,0
2020-06-28,Butte,007,227075,265,150,7,157,2
2020-06-28,Calaveras,009,45235,48,30,0,30,0
2020-06-28,Colusa,011,21464,74,17,0,17,0
2020-06-28,Contra Costa,013,1133247,3782,2803,4,2807,73
2020-06-28,Del Norte,015,27424,58,47,0,47,0
2020-06-28,El Dorado,017,186661,276,162,0,162,0
2020-06-28,Fresno,019,978130,9325,4365,74,4439,74
2020-06-28,Glenn,021,27897,148,77,0,77,0
2020-06-28,Humboldt,023,135768,155,127,0,127,3
2020-06-28,Imperial,025,180216,7879,5513,4,5517,45
2020-06-28,Inyo,027,18085,33,29,0,29,1
2020-06-28,Kern,029,883053,8393,4541,26,4567,72
2020-06-28,Kings,031,150075,2694,2234,7,2241,18
2020-06-28,Lake,033,64148,84,53,0,53,0
2020-06-28,Lassen,035,31185,240,77,2,79,0
2020-06-28,Los Angeles,037,10098052,115064,98003,32,98035,3316
2020-06-28,Madera,039,155013,907,424,3,427,4
2020-06-28,Marin,041,260295,2651,1473,4,1477,17
2020-06-28,Mariposa,043,17540,32,24,0,24,1
2020-06-28,Mendocino,045,87422,85,63,0,63,0
2020-06-28,Merced,047,269075,1631,814,2,816,10
2020-06-28,Modoc,049,8938,1,0,0,0,0
2020-06-28,Mono,051,14174,47,35,0,35,1
2020-06-28,Monterey,053,433212,2133,1560,6,1566,13
2020-06-28,Napa,055,140530,432,307,0,307,4
2020-06-28,Nevada,057,99092,144,102,3,105,1
2020-06-28,Orange,059,3164182,22154,13213,181,13394,324
2020-06-28,Placer,061,380077,927,618,3,621,11
2020-06-28,Plumas,063,18699,11,6,0,6,0
2020-06-28,Riverside,065,2383286,23027,16848,25,16873,432
2020-06-28,Sacramento,067,1510023,4075,2803,6,2809,63
2020-06-28,San Benito,069,59416,275,190,0,190,2
2020-06-28,San Bernardino,071,2135413,18167,11344,9,11353,245
2020-06-28,San Diego,073,3302833,16857,13333,2,13335,361
2020-06-28,San Francisco,075,870044,3958,3388,1,3389,50
2020-06-28,San Joaquin,077,732212,4933,3201,4,3205,52
2020-06-28,San Luis Obispo,079,281455,817,531,6,537,1
2020-06-28,San Mateo,081,765935,3599,3124,6,3130,84
2020-06-28,Santa Barbara,083,443738,3632,2872,30,2902,25
2020-06-28,Santa Clara,085,1922200,5724,4131,16,4147,156
2020-06-28,Santa Cruz,087,273765,442,349,0,349,2
2020-06-28,Shasta,089,179085,199,89,0,89,5
2020-06-28,Sierra,091,2930,1,1,0,1,0
2020-06-28,Siskiyou,093,43540,35,25,0,25,0
2020-06-28,Solano,095,438530,1753,1077,8,1085,21
2020-06-28,Sonoma,097,501317,1423,1084,4,1088,5
2020-06-28,Stanislaus,099,539301,3848,2376,5,2381,36
2020-06-28,Sutter,101,95872,198,145,0,145,2
2020-06-28,Tehama,103,63373,93,63,2,65,1
2020-06-28,Trinity,105,12862,17,2,4,6,0
2020-06-28,Tulare,107,460477,5361,3812,12,3824,117
2020-06-28,Tuolumne,109,53932,41,14,2,16,0
2020-06-28,Ventura,111,848112,4245,2650,17,2667,40
2020-06-28,Yolo,113,214977,680,468,3,471,24
2020-06-28,Yuba,115,75493,89,39,0,39,1
2020-06-27,Alameda,001,1643700,6781,5581,10,5591,135
2020-06-27,Alpine,003,1148,1,1,0,1,0
2020-06-27,Amador,005,37829,26,20,0,20,0
2020-06-27,Butte,007,227075,257,137,7,144,2
2020-06-27,Calaveras,009,45235,46,30,0,30,0
2020-06-27,Colusa,011,21464,68,17,0,17,0
2020-06-27,Contra Costa,013,1133247,3687,2717,3,2720,72
2020-06-27,Del Norte,015,27424,58,47,0,47,0
2020-06-27,El Dorado,017,186661,270,159,0,159,0
2020-06-27,Fresno,019,978130,9079,4238,74,4312,74
2020-06-27,Glenn,021,27897,144,77,0,77,0
2020-06-27,Humboldt,023,135768,153,127,0,127,3
2020-06-27,Imperial,025,180216,7818,5513,4,5517,45
2020-06-27,Inyo,027,18085,33,29,0,29,1
2020-06-27,Kern,029,883053,8129,4411,25,4436,70
2020-06-27,Kings,031,150075,2668,2187,7,2194,18
2020-06-27,Lake,033,64148,81,42,0,42,0
2020-06-27,Lassen,035,31185,240,33,2,35,0
2020-06-27,Los Angeles,037,10098052,113322,95341,29,95370,3291
2020-06-27,Madera,039,155013,864,427,2,429,4
2020-06-27,Marin,041,260295,2606,1423,4,1427,17
2020-06-27,Mariposa,043,17540,31,22,0,22,1
2020-06-27,Mendocino,045,87422,85,63,0,63,0
2020-06-27,Merced,047,269075,1573,807,1,808,10
2020-06-27,Modoc,049,8938,1,0,0,0,0
2020-06-27,Mono,051,14174,46,35,0,35,1
2020-06-27,Monterey,053,433212,2069,1455,6,1461,12
2020-06-27,Napa,055,140530,422,282,0,282,3
2020-06-27,Nevada,057,99092,140,102,2,104,1
2020-06-27,Orange,059,3164182,21643,12951,176,13127,320
2020-06-27,Placer,061,380077,906,584,3,587,10
2020-06-27,Plumas,063,18699,11,6,0,6,0
2020-06-27,Riverside,065,2383286,22638,16209,25,16234,432
2020-06-27,Sacramento,067,1510023,3958,2685,6,2691,63
2020-06-27,San Benito,069,59416,268,182,0,182,2
2020-06-27,San Bernardino,071,2135413,17788,11238,9,11247,243
2020-06-27,San Diego,073,3302833,16492,12836,2,12838,360
2020-06-27,San Francisco,075,870044,3903,3332,1,3333,49
2020-06-27,San Joaquin,077,732212,4767,2995,4,2999,52
2020-06-27,San Luis Obispo,079,281455,794,505,6,511,1
2020-06-27,San Mateo,081,765935,3542,3083,6,3089,83
2020-06-27,Santa Barbara,083,443738,3560,2799,30,2829,25
2020-06-27,Santa Clara,085,1922200,5618,4006,16,4022,157
2020-06-27,Santa Cruz,087,273765,435,347,0,347,2
2020-06-27,Shasta,089,179085,193,87,0,87,5
2020-06-27,Sierra,091,2930,1,1,0,1,0
2020-06-27,Siskiyou,093,43540,35,25,0,25,0
2020-06-27,Solano,095,438530,1720,1076,8,1084,21
2020-06-27,Sonoma,097,501317,1392,1004,4,1008,5
2020-06-27,Stanislaus,099,539301,3748,2164,5,2169,36
2020-06-27,Sutter,101,95872,191,141,0,141,2
2020-06-27,Tehama,103,63373,90,63,2,65,1
2020-06-27,Trinity,105,12862,17,2,4,6,0
2020-06-27,Tulare,107,460477,5265,3810,12,3822,117
2020-06-27,Tuolumne,109,53932,40,13,2,15,0
2020-06-27,Ventura,111,848112,4145,2471,17,2488,40
2020-06-27,Yolo,113,214977,656,432,3,435,24
2020-06-27,Yuba,115,75493,81,39,0,39,1
2020-06-26,Alameda,001,1643700,6695,5502,9,5511,132
2020-06-26,Alpine,003,1148,1,1,0,1,0
2020-06-26,Amador,005,37829,25,20,0,20,0
2020-06-26,Butte,007,227075,242,135,7,142,2
2020-06-26,Calaveras,009,45235,44,30,0,30,0
2020-06-26,Colusa,011,21464,63,17,0,17,0
2020-06-26,Contra Costa,013,1133247,3574,2676,3,2679,72
2020-06-26,Del Norte,015,27424,57,47,0,47,0
2020-06-26,El Dorado,017,186661,262,159,0,159,0
2020-06-26,Fresno,019,978130,8853,4166,74,4240,74
2020-06-26,Glenn,021,27897,137,71,0,71,0
2020-06-26,Humboldt,023,135768,151,126,0,126,3
2020-06-26,Imperial,025,180216,7755,5400,4,5404,44
2020-06-26,Inyo,027,18085,32,29,0,29,1
2020-06-26,Kern,029,883053,7799,4366,25,4391,70
2020-06-26,Kings,031,150075,2636,2176,6,2182,18
2020-06-26,Lake,033,64148,80,42,0,42,0
2020-06-26,Lassen,035,31185,239,30,2,32,0
2020-06-26,Los Angeles,037,10098052,111156,93328,29,93357,3275
2020-06-26,Madera,039,155013,832,409,2,411,4
2020-06-26,Marin,041,260295,2569,1406,4,1410,17
2020-06-26,Mariposa,043,17540,30,21,0,21,1
2020-06-26,Mendocino,045,87422,82,63,0,63,0
2020-06-26,Merced,047,269075,1527,797,1,798,10
2020-06-26,Modoc,049,8938,1,0,0,0,0
2020-06-26,Mono,051,14174,45,35,0,35,1
2020-06-26,Monterey,053,433212,2017,1449,6,1455,12
2020-06-26,Napa,055,140530,412,277,0,277,3
2020-06-26,Nevada,057,99092,136,101,1,102,1
2020-06-26,Orange,059,3164182,20967,12659,173,12832,320
2020-06-26,Placer,061,380077,877,584,3,587,10
2020-06-26,Plumas,063,18699,11,6,0,6,0
2020-06-26,Riverside,065,2383286,22175,15858,25,15883,430
2020-06-26,Sacramento,067,1510023,3793,2687,6,2693,63
2020-06-26,San Benito,069,59416,264,176,0,176,2
2020-06-26,San Bernardino,071,2135413,17411,11111,9,11120,243
2020-06-26,San Diego,073,3302833,16127,12402,2,12404,358
2020-06-26,San Francisco,075,870044,3847,3330,1,3331,49
2020-06-26,San Joaquin,077,732212,4553,2943,4,2947,52
2020-06-26,San Luis Obispo,079,281455,779,498,6,504,1
2020-06-26,San Mateo,081,765935,3490,3055,6,3061,83
2020-06-26,Santa Barbara,083,443738,3470,2784,28,2812,25
2020-06-26,Santa Clara,085,1922200,5517,3968,16,3984,156
2020-06-26,Santa Cruz,087,273765,428,344,0,344,2
2020-06-26,Shasta,089,179085,186,86,0,86,5
2020-06-26,Sierra,091,2930,1,1,0,1,0
2020-06-26,Siskiyou,093,43540,34,24,0,24,0
2020-06-26,Solano,095,438530,1678,1068,8,1076,21
2020-06-26,Sonoma,097,501317,1360,977,4,981,5
2020-06-26,Stanislaus,099,539301,3635,2157,5,2162,36
2020-06-26,Sutter,101,95872,184,138,0,138,2
2020-06-26,Tehama,103,63373,87,63,2,65,1
2020-06-26,Trinity,105,12862,17,2,4,6,0
2020-06-26,Tulare,107,460477,5176,3720,12,3732,117
2020-06-26,Tuolumne,109,53932,38,10,2,12,0
2020-06-26,Ventura,111,848112,4059,2444,17,2461,40
2020-06-26,Yolo,113,214977,633,418,3,421,24
2020-06-26,Yuba,115,75493,75,38,0,38,1
2020-06-25,Alameda,001,1643700,6506,5398,9,5407,130
2020-06-25,Alpine,003,1148,1,1,0,1,0
2020-06-25,Amador,005,37829,24,18,0,18,0
2020-06-25,Butte,007,227075,237,127,7,134,1
2020-06-25,Calaveras,009,45235,39,26,0,26,0
2020-06-25,Colusa,011,21464,53,14,0,14,0
2020-06-25,Contra Costa,013,1133247,3389,2591,3,2594,71
2020-06-25,Del Norte,015,27424,55,47,0,47,0
2020-06-25,El Dorado,017,186661,254,150,0,150,0
2020-06-25,Fresno,019,978130,8540,3938,73,4011,71
2020-06-25,Glenn,021,27897,132,59,0,59,0
2020-06-25,Humboldt,023,135768,150,121,0,121,3
2020-06-25,Imperial,025,180216,7626,5192,4,5196,44
2020-06-25,Inyo,027,18085,29,27,0,27,1
2020-06-25,Kern,029,883053,7374,4236,22,4258,69
2020-06-25,Kings,031,150075,2584,2110,6,2116,17
2020-06-25,Lake,033,64148,79,42,0,42,0
2020-06-25,Lassen,035,31185,233,13,2,15,0
2020-06-25,Los Angeles,037,10098052,108389,91524,29,91553,3239
2020-06-25,Madera,039,155013,788,380,2,382,4
2020-06-25,Marin,041,260295,2467,1321,4,1325,17
2020-06-25,Mariposa,043,17540,29,20,0,20,1
2020-06-25,Mendocino,045,87422,79,61,0,61,0
2020-06-25,Merced,047,269075,1440,747,1,748,10
2020-06-25,Modoc,049,8938,1,0,0,0,0
2020-06-25,Mono,051,14174,44,35,0,35,1
2020-06-25,Monterey,053,433212,1929,1426,5,1431,12
2020-06-25,Napa,055,140530,394,260,0,260,3
2020-06-25,Nevada,057,99092,128,92,1,93,1
2020-06-25,Orange,059,3164182,20045,12221,171,12392,311
2020-06-25,Placer,061,380077,823,574,3,577,10
2020-06-25,Plumas,063,18699,10,6,0,6,0
2020-06-25,Riverside,065,2383286,21420,15224,25,15249,427
2020-06-25,Sacramento,067,1510023,3570,2519,6,2525,62
2020-06-25,San Benito,069,59416,256,174,0,174,2
2020-06-25,San Bernardino,071,2135413,16660,10590,9,10599,242
2020-06-25,San Diego,073,3302833,15588,11963,2,11965,352
2020-06-25,San Francisco,075,870044,3781,3252,1,3253,48
2020-06-25,San Joaquin,077,732212,4280,2803,4,2807,50
2020-06-25,San Luis Obispo,079,281455,747,473,6,479,1
2020-06-25,San Mateo,081,765935,3422,2996,6,3002,82
2020-06-25,Santa Barbara,083,443738,3364,2622,27,2649,25
2020-06-25,Santa Clara,085,1922200,5368,3871,16,3887,156
2020-06-25,Santa Cruz,087,273765,416,335,0,335,2
2020-06-25,Shasta,089,179085,176,84,0,84,5
2020-06-25,Sierra,091,2930,1,1,0,1,0
2020-06-25,Siskiyou,093,43540,33,24,0,24,0
2020-06-25,Solano,095,438530,1625,1034,8,1042,21
2020-06-25,Sonoma,097,501317,1313,953,3,956,5
2020-06-25,Stanislaus,099,539301,3423,2130,5,2135,36
2020-06-25,Sutter,101,95872,172,126,0,126,2
2020-06-25,Tehama,103,63373,83,59,2,61,1
2020-06-25,Trinity,105,12862,17,2,4,6,0
2020-06-25,Tulare,107,460477,5045,3656,12,3668,117
2020-06-25,Tuolumne,109,53932,37,10,1,11,0
2020-06-25,Ventura,111,848112,3877,2346,16,2362,40
2020-06-25,Yolo,113,214977,604,397,3,400,24
2020-06-25,Yuba,115,75493,64,38,0,38,1
2020-06-24,Alameda,001,1643700,6344,5242,9,5251,123
2020-06-24,Alpine,003,1148,1,1,0,1,0
2020-06-24,Amador,005,37829,22,16,0,16,0
2020-06-24,Butte,007,227075,221,119,7,126,1
2020-06-24,Calaveras,009,45235,37,26,0,26,0
2020-06-24,Colusa,011,21464,44,11,0,11,0
2020-06-24,Contra Costa,013,1133247,3234,2520,3,2523,66
2020-06-24,Del Norte,015,27424,49,47,0,47,0
2020-06-24,El Dorado,017,186661,238,149,0,149,0
2020-06-24,Fresno,019,978130,8209,3765,73,3838,71
2020-06-24,Glenn,021,27897,124,54,0,54,0
2020-06-24,Humboldt,023,135768,150,117,0,117,3
2020-06-24,Imperial,025,180216,7508,5138,4,5142,38
2020-06-24,Inyo,027,18085,29,28,0,28,1
2020-06-24,Kern,029,883053,6981,4155,20,4175,67
2020-06-24,Kings,031,150075,2520,2063,6,2069,16
2020-06-24,Lake,033,64148,66,40,0,40,0
2020-06-24,Lassen,035,31185,232,9,2,11,0
2020-06-24,Los Angeles,037,10098052,105629,89566,29,89595,3186
2020-06-24,Madera,039,155013,766,373,2,375,4
2020-06-24,Marin,041,260295,2239,1261,4,1265,17
2020-06-24,Mariposa,043,17540,28,19,0,19,1
2020-06-24,Mendocino,045,87422,79,60,0,60,0
2020-06-24,Merced,047,269075,1354,696,1,697,8
2020-06-24,Modoc,049,8938,1,0,0,0,0
2020-06-24,Mono,051,14174,42,35,0,35,1
2020-06-24,Monterey,053,433212,1852,1407,5,1412,12
2020-06-24,Napa,055,140530,377,258,0,258,3
2020-06-24,Nevada,057,99092,122,92,1,93,1
2020-06-24,Orange,059,3164182,19048,11804,153,11957,303
2020-06-24,Placer,061,380077,784,548,3,551,10
2020-06-24,Plumas,063,18699,10,6,0,6,0
2020-06-24,Riverside,065,2383286,20573,14946,25,14971,410
2020-06-24,Sacramento,067,1510023,3365,2446,5,2451,62
2020-06-24,San Benito,069,59416,252,171,0,171,2
2020-06-24,San Bernardino,071,2135413,15846,10211,9,10220,239
2020-06-24,San Diego,073,3302833,15085,11628,2,11630,347
2020-06-24,San Francisco,075,870044,3718,3216,1,3217,48
2020-06-24,San Joaquin,077,732212,4059,2680,4,2684,49
2020-06-24,San Luis Obispo,079,281455,716,461,5,466,1
2020-06-24,San Mateo,081,765935,3365,2964,6,2970,82
2020-06-24,Santa Barbara,083,443738,3245,2569,25,2594,22
2020-06-24,Santa Clara,085,1922200,5237,3812,16,3828,155
2020-06-24,Santa Cruz,087,273765,404,329,0,329,2
2020-06-24,Shasta,089,179085,168,83,0,83,5
2020-06-24,Sierra,091,2930,1,1,0,1,0
2020-06-24,Siskiyou,093,43540,32,24,0,24,0
2020-06-24,Solano,095,438530,1535,979,7,986,21
2020-06-24,Sonoma,097,501317,1264,933,3,936,4
2020-06-24,Stanislaus,099,539301,3244,2039,5,2044,36
2020-06-24,Sutter,101,95872,159,118,0,118,2
2020-06-24,Tehama,103,63373,81,55,2,57,1
2020-06-24,Trinity,105,12862,16,2,3,5,0
2020-06-24,Tulare,107,460477,4890,3541,10,3551,116
2020-06-24,Tuolumne,109,53932,32,9,1,10,0
2020-06-24,Ventura,111,848112,3536,2314,16,2330,42
2020-06-24,Yolo,113,214977,569,376,3,379,24
2020-06-24,Yuba,115,75493,58,37,0,37,1
2020-06-23,Alameda,001,1643700,6163,5159,9,5168,121
2020-06-23,Alpine,003,1148,1,1,0,1,0
2020-06-23,Amador,005,37829,21,13,0,13,0
2020-06-23,Butte,007,227075,203,111,7,118,1
2020-06-23,Calaveras,009,45235,37,26,0,26,0
2020-06-23,Colusa,011,21464,40,7,0,7,0
2020-06-23,Contra Costa,013,1133247,3108,2453,3,2456,60
2020-06-23,Del Norte,015,27424,48,46,0,46,0
2020-06-23,El Dorado,017,186661,229,142,0,142,0
2020-06-23,Fresno,019,978130,7558,3569,71,3640,67
2020-06-23,Glenn,021,27897,120,47,0,47,0
2020-06-23,Humboldt,023,135768,150,110,0,110,3
2020-06-23,Imperial,025,180216,7345,5025,4,5029,38
2020-06-23,Inyo,027,18085,29,26,0,26,1
2020-06-23,Kern,029,883053,6613,4087,17,4104,64
2020-06-23,Kings,031,150075,2455,1727,6,1733,16
2020-06-23,Lake,033,64148,60,40,0,40,0
2020-06-23,Lassen,035,31185,228,9,2,11,0
2020-06-23,Los Angeles,037,10098052,102689,88433,28,88461,3152
2020-06-23,Madera,039,155013,727,369,2,371,4
2020-06-23,Marin,041,260295,1970,1139,4,1143,17
2020-06-23,Mariposa,043,17540,26,18,0,18,1
2020-06-23,Mendocino,045,87422,78,61,0,61,0
2020-06-23,Merced,047,269075,1257,656,1,657,8
2020-06-23,Modoc,049,8938,1,0,0,0,0
2020-06-23,Mono,051,14174,42,35,0,35,1
2020-06-23,Monterey,053,433212,1782,1346,5,1351,12
2020-06-23,Napa,055,140530,362,230,0,230,3
2020-06-23,Nevada,057,99092,116,81,1,82,1
2020-06-23,Orange,059,3164182,18080,11071,150,11221,278
2020-06-23,Placer,061,380077,758,525,3,528,10
2020-06-23,Plumas,063,18699,9,6,0,6,0
2020-06-23,Riverside,065,2383286,19553,14469,25,14494,406
2020-06-23,Sacramento,067,1510023,3186,2374,5,2379,62
2020-06-23,San Benito,069,59416,238,167,0,167,2
2020-06-23,San Bernardino,071,2135413,15064,9771,9,9780,229
2020-06-23,San Diego,073,3302833,14565,11296,2,11298,341
2020-06-23,San Francisco,075,870044,3644,3177,1,3178,48
2020-06-23,San Joaquin,077,732212,3800,2502,4,2506,48
2020-06-23,San Luis Obispo,079,281455,685,445,5,450,1
2020-06-23,San Mateo,081,765935,3300,2907,6,2913,81
2020-06-23,Santa Barbara,083,443738,3149,2498,25,2523,22
2020-06-23,Santa Clara,085,1922200,5091,3700,16,3716,155
2020-06-23,Santa Cruz,087,273765,394,313,0,313,2
2020-06-23,Shasta,089,179085,159,81,0,81,5
2020-06-23,Sierra,091,2930,1,1,0,1,0
2020-06-23,Siskiyou,093,43540,30,24,0,24,0
2020-06-23,Solano,095,438530,1478,941,6,947,21
2020-06-23,Sonoma,097,501317,1211,912,3,915,4
2020-06-23,Stanislaus,099,539301,3068,1850,5,1855,35
2020-06-23,Sutter,101,95872,149,112,0,112,2
2020-06-23,Tehama,103,63373,79,50,2,52,1
2020-06-23,Trinity,105,12862,16,2,3,5,0
2020-06-23,Tulare,107,460477,4768,3456,10,3466,111
2020-06-23,Tuolumne,109,53932,27,9,0,9,0
2020-06-23,Ventura,111,848112,3376,2209,15,2224,40
2020-06-23,Yolo,113,214977,543,350,0,350,24
2020-06-23,Yuba,115,75493,55,35,0,35,1
2020-06-22,Alameda,001,1643700,6012,4944,9,4953,121
2020-06-22,Alpine,003,1148,1,1,0,1,0
2020-06-22,Amador,005,37829,18,12,0,12,0
2020-06-22,Butte,007,227075,184,104,7,111,1
2020-06-22,Calaveras,009,45235,35,20,0,20,0
2020-06-22,Colusa,011,21464,37,7,0,7,0
2020-06-22,Contra Costa,013,1133247,2966,2363,3,2366,60
2020-06-22,Del Norte,015,27424,48,46,0,46,0
2020-06-22,El Dorado,017,186661,220,137,0,137,0
2020-06-22,Fresno,019,978130,7026,3425,71,3496,67
2020-06-22,Glenn,021,27897,111,40,0,40,0
2020-06-22,Humboldt,023,135768,147,110,0,110,3
2020-06-22,Imperial,025,180216,7189,4700,4,4704,38
2020-06-22,Inyo,027,18085,29,26,0,26,1
2020-06-22,Kern,029,883053,6261,3982,15,3997,60
2020-06-22,Kings,031,150075,2406,1513,6,1519,13
2020-06-22,Lake,033,64148,54,37,0,37,0
2020-06-22,Lassen,035,31185,118,7,2,9,0
2020-06-22,Los Angeles,037,10098052,99791,85925,26,85951,3117
2020-06-22,Madera,039,155013,702,333,2,335,4
2020-06-22,Marin,041,260295,1712,1029,4,1033,17
2020-06-22,Mariposa,043,17540,25,18,0,18,1
2020-06-22,Mendocino,045,87422,73,48,0,48,0
2020-06-22,Merced,047,269075,1168,619,1,620,8
2020-06-22,Modoc,049,8938,1,0,0,0,0
2020-06-22,Mono,051,14174,42,34,0,34,1
2020-06-22,Monterey,053,433212,1721,1293,5,1298,12
2020-06-22,Napa,055,140530,338,222,0,222,3
2020-06-22,Nevada,057,99092,111,79,1,80,1
2020-06-22,Orange,059,3164182,17148,10711,147,10858,275
2020-06-22,Placer,061,380077,732,512,3,515,9
2020-06-22,Plumas,063,18699,7,6,0,6,0
2020-06-22,Riverside,065,2383286,18582,13948,25,13973,403
2020-06-22,Sacramento,067,1510023,2969,2243,5,2248,62
2020-06-22,San Benito,069,59416,229,164,0,164,2
2020-06-22,San Bernardino,071,2135413,14287,9133,9,9142,229
2020-06-22,San Diego,073,3302833,14073,11098,2,11100,338
2020-06-22,San Francisco,075,870044,3551,3000,1,3001,47
2020-06-22,San Joaquin,077,732212,3552,2332,4,2336,48
2020-06-22,San Luis Obispo,079,281455,652,422,5,427,1
2020-06-22,San Mateo,081,765935,3227,2813,5,2818,81
2020-06-22,Santa Barbara,083,443738,3057,2447,25,2472,21
2020-06-22,Santa Clara,085,1922200,4928,3580,16,3596,155
2020-06-22,Santa Cruz,087,273765,381,290,0,290,3
2020-06-22,Shasta,089,179085,156,77,0,77,5
2020-06-22,Sierra,091,2930,1,1,0,1,0
2020-06-22,Siskiyou,093,43540,30,23,0,23,0
2020-06-22,Solano,095,438530,1400,784,5,789,21
2020-06-22,Sonoma,097,501317,1166,860,1,861,4
2020-06-22,Stanislaus,099,539301,2883,1784,5,1789,35
2020-06-22,Sutter,101,95872,140,100,0,100,2
2020-06-22,Tehama,103,63373,75,38,2,40,1
2020-06-22,Trinity,105,12862,16,2,3,5,0
2020-06-22,Tulare,107,460477,4631,3185,10,3195,111
2020-06-22,Tuolumne,109,53932,18,8,0,8,0
2020-06-22,Ventura,111,848112,3227,2065,15,2080,39
2020-06-22,Yolo,113,214977,517,333,0,333,24
2020-06-22,Yuba,115,75493,50,36,0,36,1
2020-06-21,Alameda,001,1643700,5817,4835,9,4844,121
2020-06-21,Alpine,003,1148,1,1,0,1,0
2020-06-21,Amador,005,37829,13,12,0,12,0
2020-06-21,Butte,007,227075,170,97,7,104,1
2020-06-21,Calaveras,009,45235,35,20,0,20,0
2020-06-21,Colusa,011,21464,29,7,0,7,0
2020-06-21,Contra Costa,013,1133247,2840,2282,3,2285,60
2020-06-21,Del Norte,015,27424,47,46,0,46,0
2020-06-21,El Dorado,017,186661,211,132,0,132,0
2020-06-21,Fresno,019,978130,6455,3296,69,3365,67
2020-06-21,Glenn,021,27897,102,40,0,40,0
2020-06-21,Humboldt,023,135768,142,108,0,108,3
2020-06-21,Imperial,025,180216,7006,4701,4,4705,38
2020-06-21,Inyo,027,18085,27,26,0,26,1
2020-06-21,Kern,029,883053,5969,3918,14,3932,60
2020-06-21,Kings,031,150075,2342,1334,6,1340,11
2020-06-21,Lake,033,64148,49,36,0,36,0
2020-06-21,Lassen,035,31185,25,7,2,9,0
2020-06-21,Los Angeles,037,10098052,96909,83383,25,83408,3101
2020-06-21,Madera,039,155013,668,319,2,321,4
2020-06-21,Marin,041,260295,1555,907,4,911,17
2020-06-21,Mariposa,043,17540,22,18,0,18,1
2020-06-21,Mendocino,045,87422,70,48,0,48,0
2020-06-21,Merced,047,269075,1073,577,1,578,8
2020-06-21,Modoc,049,8938,1,0,0,0,0
2020-06-21,Mono,051,14174,42,34,0,34,1
2020-06-21,Monterey,053,433212,1648,1227,5,1232,12
2020-06-21,Napa,055,140530,323,218,0,218,3
2020-06-21,Nevada,057,99092,108,79,1,80,1
2020-06-21,Orange,059,3164182,16316,10563,143,10706,275
2020-06-21,Placer,061,380077,692,498,3,501,9
2020-06-21,Plumas,063,18699,7,6,0,6,0
2020-06-21,Riverside,065,2383286,17876,13528,24,13552,402
2020-06-21,Sacramento,067,1510023,2768,2156,4,2160,62
2020-06-21,San Benito,069,59416,215,151,0,151,2
2020-06-21,San Bernardino,071,2135413,13512,8925,8,8933,229
2020-06-21,San Diego,073,3302833,13527,10796,2,10798,338
2020-06-21,San Francisco,075,870044,3445,3000,1,3001,47
2020-06-21,San Joaquin,077,732212,3316,2188,4,2192,48
2020-06-21,San Luis Obispo,079,281455,626,418,5,423,1
2020-06-21,San Mateo,081,765935,3169,2781,5,2786,81
2020-06-21,Santa Barbara,083,443738,2950,2430,24,2454,21
2020-06-21,Santa Clara,085,1922200,4790,3514,16,3530,154
2020-06-21,Santa Cruz,087,273765,371,290,0,290,3
2020-06-21,Shasta,089,179085,146,75,0,75,5
2020-06-21,Sierra,091,2930,1,1,0,1,0
2020-06-21,Siskiyou,093,43540,30,23,0,23,0
2020-06-21,Solano,095,438530,1300,783,4,787,21
2020-06-21,Sonoma,097,501317,1116,836,1,837,4
2020-06-21,Stanislaus,099,539301,2697,1688,5,1693,35
2020-06-21,Sutter,101,95872,132,96,0,96,2
2020-06-21,Tehama,103,63373,64,35,2,37,1
2020-06-21,Trinity,105,12862,15,2,3,5,0
2020-06-21,Tulare,107,460477,4462,3173,10,3183,111
2020-06-21,Tuolumne,109,53932,16,8,0,8,0
2020-06-21,Ventura,111,848112,3049,2021,15,2036,39
2020-06-21,Yolo,113,214977,485,323,0,323,24
2020-06-21,Yuba,115,75493,46,35,0,35,1
2020-06-20,Alameda,001,1643700,5755,4758,9,4767,119
2020-06-20,Alpine,003,1148,1,1,0,1,0
2020-06-20,Amador,005,37829,13,12,0,12,0
2020-06-20,Butte,007,227075,163,94,7,101,1
2020-06-20,Calaveras,009,45235,35,20,0,20,0
2020-06-20,Colusa,011,21464,26,7,0,7,0
2020-06-20,Contra Costa,013,1133247,2781,2231,3,2234,54
2020-06-20,Del Norte,015,27424,47,46,0,46,0
2020-06-20,El Dorado,017,186661,206,130,0,130,0
2020-06-20,Fresno,019,978130,6329,3222,66,3288,67
2020-06-20,Glenn,021,27897,97,40,0,40,0
2020-06-20,Humboldt,023,135768,142,108,0,108,3
2020-06-20,Imperial,025,180216,6925,4616,4,4620,37
2020-06-20,Inyo,027,18085,27,26,0,26,1
2020-06-20,Kern,029,883053,5804,3836,14,3850,59
2020-06-20,Kings,031,150075,2318,1331,6,1337,9
2020-06-20,Lake,033,64148,49,37,0,37,0
2020-06-20,Lassen,035,31185,24,7,2,9,0
2020-06-20,Los Angeles,037,10098052,95338,81604,24,81628,3093
2020-06-20,Madera,039,155013,635,321,2,323,4
2020-06-20,Marin,041,260295,1535,879,4,883,17
2020-06-20,Mariposa,043,17540,22,18,0,18,1
2020-06-20,Mendocino,045,87422,69,48,0,48,0
2020-06-20,Merced,047,269075,1033,566,1,567,8
2020-06-20,Modoc,049,8938,1,0,0,0,0
2020-06-20,Mono,051,14174,42,34,0,34,1
2020-06-20,Monterey,053,433212,1612,1181,5,1186,12
2020-06-20,Napa,055,140530,314,212,0,212,3
2020-06-20,Nevada,057,99092,105,73,1,74,1
2020-06-20,Orange,059,3164182,15966,10284,139,10423,273
2020-06-20,Placer,061,380077,667,483,3,486,9
2020-06-20,Plumas,063,18699,6,6,0,6,0
2020-06-20,Riverside,065,2383286,17577,13021,24,13045,402
2020-06-20,Sacramento,067,1510023,2697,2069,4,2073,63
2020-06-20,San Benito,069,59416,211,139,0,139,2
2020-06-20,San Bernardino,071,2135413,13150,8718,8,8726,229
2020-06-20,San Diego,073,3302833,13204,10486,2,10488,338
2020-06-20,San Francisco,075,870044,3401,2999,1,3000,47
2020-06-20,San Joaquin,077,732212,3234,2046,4,2050,48
2020-06-20,San Luis Obispo,079,281455,613,405,5,410,1
2020-06-20,San Mateo,081,765935,3121,2755,5,2760,81
2020-06-20,Santa Barbara,083,443738,2894,2358,23,2381,21
2020-06-20,Santa Clara,085,1922200,4716,3435,16,3451,154
2020-06-20,Santa Cruz,087,273765,369,287,0,287,3
2020-06-20,Shasta,089,179085,140,66,0,66,5
2020-06-20,Sierra,091,2930,1,1,0,1,0
2020-06-20,Siskiyou,093,43540,29,22,0,22,0
2020-06-20,Solano,095,438530,1276,784,4,788,21
2020-06-20,Sonoma,097,501317,1080,806,1,807,4
2020-06-20,Stanislaus,099,539301,2589,1598,5,1603,35
2020-06-20,Sutter,101,95872,130,89,0,89,2
2020-06-20,Tehama,103,63373,62,35,2,37,1
2020-06-20,Trinity,105,12862,15,2,3,5,0
2020-06-20,Tulare,107,460477,4389,3172,10,3182,111
2020-06-20,Tuolumne,109,53932,13,8,0,8,0
2020-06-20,Ventura,111,848112,2984,1946,15,1961,37
2020-06-20,Yolo,113,214977,469,309,0,309,24
2020-06-20,Yuba,115,75493,44,34,0,34,1
2020-06-19,Alameda,001,1643700,5684,4646,9,4655,119
2020-06-19,Alpine,003,1148,1,1,0,1,0
2020-06-19,Amador,005,37829,13,12,0,12,0
2020-06-19,Butte,007,227075,158,91,7,98,1
2020-06-19,Calaveras,009,45235,34,20,0,20,0
2020-06-19,Colusa,011,21464,24,7,0,7,0
2020-06-19,Contra Costa,013,1133247,2701,2106,3,2109,54
2020-06-19,Del Norte,015,27424,47,46,0,46,0
2020-06-19,El Dorado,017,186661,197,124,0,124,0
2020-06-19,Fresno,019,978130,6167,3109,64,3173,61
2020-06-19,Glenn,021,27897,91,40,0,40,0
2020-06-19,Humboldt,023,135768,140,106,0,106,3
2020-06-19,Imperial,025,180216,6834,4504,4,4508,36
2020-06-19,Inyo,027,18085,27,26,0,26,1
2020-06-19,Kern,029,883053,5581,3742,13,3755,57
2020-06-19,Kings,031,150075,2297,1285,6,1291,9
2020-06-19,Lake,033,64148,46,36,0,36,0
2020-06-19,Lassen,035,31185,23,7,2,9,0
2020-06-19,Los Angeles,037,10098052,93359,79572,23,79595,3047
2020-06-19,Madera,039,155013,616,300,2,302,4
2020-06-19,Marin,041,260295,1506,829,4,833,17
2020-06-19,Mariposa,043,17540,21,18,0,18,1
2020-06-19,Mendocino,045,87422,68,48,0,48,0
2020-06-19,Merced,047,269075,988,529,1,530,8
2020-06-19,Modoc,049,8938,1,0,0,0,0
2020-06-19,Mono,051,14174,42,34,0,34,1
2020-06-19,Monterey,053,433212,1583,1159,5,1164,12
2020-06-19,Napa,055,140530,304,209,0,209,3
2020-06-19,Nevada,057,99092,102,71,1,72,1
2020-06-19,Orange,059,3164182,15433,9972,132,10104,260
2020-06-19,Placer,061,380077,649,464,3,467,9
2020-06-19,Plumas,063,18699,6,5,0,5,0
2020-06-19,Riverside,065,2383286,17172,12710,24,12734,398
2020-06-19,Sacramento,067,1510023,2614,1976,4,1980,64
2020-06-19,San Benito,069,59416,210,136,0,136,2
2020-06-19,San Bernardino,071,2135413,12745,8454,7,8461,226
2020-06-19,San Diego,073,3302833,12841,10352,2,10354,332
2020-06-19,San Francisco,075,870044,3346,2968,1,2969,47
2020-06-19,San Joaquin,077,732212,3111,1969,4,1973,48
2020-06-19,San Luis Obispo,079,281455,597,392,5,397,1
2020-06-19,San Mateo,081,765935,3082,2713,5,2718,81
2020-06-19,Santa Barbara,083,443738,2821,2284,21,2305,21
2020-06-19,Santa Clara,085,1922200,4642,3376,16,3392,154
2020-06-19,Santa Cruz,087,273765,359,283,0,283,3
2020-06-19,Shasta,089,179085,137,58,0,58,5
2020-06-19,Sierra,091,2930,1,1,0,1,0
2020-06-19,Siskiyou,093,43540,29,21,0,21,0
2020-06-19,Solano,095,438530,1238,755,4,759,21
2020-06-19,Sonoma,097,501317,1053,803,1,804,4
2020-06-19,Stanislaus,099,539301,2479,1549,5,1554,35
2020-06-19,Sutter,101,95872,129,89,0,89,2
2020-06-19,Tehama,103,63373,61,35,2,37,1
2020-06-19,Trinity,105,12862,15,2,3,5,0
2020-06-19,Tulare,107,460477,4318,3053,10,3063,107
2020-06-19,Tuolumne,109,53932,12,8,0,8,0
2020-06-19,Ventura,111,848112,2900,1865,15,1880,37
2020-06-19,Yolo,113,214977,450,303,0,303,24
2020-06-19,Yuba,115,75493,43,33,0,33,1
2020-06-18,Alameda,001,1643700,5554,4589,9,4598,118
2020-06-18,Alpine,003,1148,1,1,0,1,0
2020-06-18,Amador,005,37829,12,12,0,12,0
2020-06-18,Butte,007,227075,153,88,7,95,1
2020-06-18,Calaveras,009,45235,34,20,0,20,0
2020-06-18,Colusa,011,21464,20,7,0,7,0
2020-06-18,Contra Costa,013,1133247,2595,2072,3,2075,53
2020-06-18,Del Norte,015,27424,47,46,0,46,0
2020-06-18,El Dorado,017,186661,193,121,0,121,0
2020-06-18,Fresno,019,978130,5900,2947,63,3010,57
2020-06-18,Glenn,021,27897,82,35,0,35,0
2020-06-18,Humboldt,023,135768,139,106,0,106,3
2020-06-18,Imperial,025,180216,6685,4366,4,4370,36
2020-06-18,Inyo,027,18085,26,25,0,25,1
2020-06-18,Kern,029,883053,5363,3634,13,3647,57
2020-06-18,Kings,031,150075,2238,1141,6,1147,8
2020-06-18,Lake,033,64148,45,36,0,36,0
2020-06-18,Lassen,035,31185,22,5,2,7,0
2020-06-18,Los Angeles,037,10098052,91090,78244,23,78267,3009
2020-06-18,Madera,039,155013,581,288,2,290,4
2020-06-18,Marin,041,260295,1443,819,4,823,17
2020-06-18,Mariposa,043,17540,19,18,0,18,1
2020-06-18,Mendocino,045,87422,64,45,0,45,0
2020-06-18,Merced,047,269075,935,486,1,487,7
2020-06-18,Modoc,049,8938,1,0,0,0,0
2020-06-18,Mono,051,14174,42,34,0,34,1
2020-06-18,Monterey,053,433212,1515,1127,5,1132,12
2020-06-18,Napa,055,140530,289,205,0,205,3
2020-06-18,Nevada,057,99092,98,68,1,69,1
2020-06-18,Orange,059,3164182,14778,9597,113,9710,255
2020-06-18,Placer,061,380077,626,457,3,460,9
2020-06-18,Plumas,063,18699,6,5,0,5,0
2020-06-18,Riverside,065,2383286,16556,12410,24,12434,392
2020-06-18,Sacramento,067,1510023,2498,1938,4,1942,63
2020-06-18,San Benito,069,59416,204,134,0,134,2
2020-06-18,San Bernardino,071,2135413,12105,8141,7,8148,226
2020-06-18,San Diego,073,3302833,12419,10094,2,10096,331
2020-06-18,San Francisco,075,870044,3297,2951,1,2952,47
2020-06-18,San Joaquin,077,732212,2959,1908,4,1912,47
2020-06-18,San Luis Obispo,079,281455,577,378,5,383,1
2020-06-18,San Mateo,081,765935,3043,2674,5,2679,78
2020-06-18,Santa Barbara,083,443738,2747,2201,21,2222,19
2020-06-18,Santa Clara,085,1922200,4539,3338,16,3354,152
2020-06-18,Santa Cruz,087,273765,342,275,0,275,3
2020-06-18,Shasta,089,179085,126,51,0,51,4
2020-06-18,Sierra,091,2930,1,1,0,1,0
2020-06-18,Siskiyou,093,43540,29,18,0,18,0
2020-06-18,Solano,095,438530,1200,735,4,739,21
2020-06-18,Sonoma,097,501317,1011,789,1,790,4
2020-06-18,Stanislaus,099,539301,2345,1495,5,1500,35
2020-06-18,Sutter,101,95872,125,85,0,85,2
2020-06-18,Tehama,103,63373,56,31,2,33,1
2020-06-18,Trinity,105,12862,15,2,3,5,0
2020-06-18,Tulare,107,460477,4196,3005,10,3015,107
2020-06-18,Tuolumne,109,53932,11,8,0,8,0
2020-06-18,Ventura,111,848112,2774,1781,15,1796,37
2020-06-18,Yolo,113,214977,417,294,0,294,24
2020-06-18,Yuba,115,75493,42,32,0,32,1
2020-06-17,Alameda,001,1643700,5431,4485,9,4494,117
2020-06-17,Alpine,003,1148,1,1,0,1,0
2020-06-17,Amador,005,37829,11,10,0,10,0
2020-06-17,Butte,007,227075,144,81,7,88,1
2020-06-17,Calaveras,009,45235,34,20,0,20,0
2020-06-17,Colusa,011,21464,19,7,0,7,0
2020-06-17,Contra Costa,013,1133247,2498,2020,3,2023,45
2020-06-17,Del Norte,015,27424,47,45,0,45,0
2020-06-17,El Dorado,017,186661,186,116,0,116,0
2020-06-17,Fresno,019,978130,5674,2801,60,2861,56
2020-06-17,Glenn,021,27897,75,31,0,31,0
2020-06-17,Humboldt,023,135768,137,105,0,105,3
2020-06-17,Imperial,025,180216,6512,4108,4,4112,36
2020-06-17,Inyo,027,18085,25,25,0,25,1
2020-06-17,Kern,029,883053,5162,3547,13,3560,56
2020-06-17,Kings,031,150075,2208,1097,6,1103,7
2020-06-17,Lake,033,64148,44,32,0,32,0
2020-06-17,Lassen,035,31185,18,5,2,7,0
2020-06-17,Los Angeles,037,10098052,88782,77166,23,77189,2973
2020-06-17,Madera,039,155013,559,258,2,260,4
2020-06-17,Marin,041,260295,1251,771,3,774,17
2020-06-17,Mariposa,043,17540,18,18,0,18,1
2020-06-17,Mendocino,045,87422,62,42,0,42,0
2020-06-17,Merced,047,269075,863,460,1,461,7
2020-06-17,Modoc,049,8938,1,0,0,0,0
2020-06-17,Mono,051,14174,42,34,0,34,1
2020-06-17,Monterey,053,433212,1463,1077,5,1082,12
2020-06-17,Napa,055,140530,274,202,0,202,3
2020-06-17,Nevada,057,99092,94,57,1,58,1
2020-06-17,Orange,059,3164182,14172,9278,107,9385,230
2020-06-17,Placer,061,380077,606,427,3,430,9
2020-06-17,Plumas,063,18699,6,5,0,5,0
2020-06-17,Riverside,065,2383286,15920,11859,24,11883,370
2020-06-17,Sacramento,067,1510023,2391,1889,4,1893,63
2020-06-17,San Benito,069,59416,199,116,0,116,2
2020-06-17,San Bernardino,071,2135413,11554,7670,7,7677,225
2020-06-17,San Diego,073,3302833,12040,9856,2,9858,327
2020-06-17,San Francisco,075,870044,3258,2906,1,2907,46
2020-06-17,San Joaquin,077,732212,2786,1825,4,1829,46
2020-06-17,San Luis Obispo,079,281455,558,362,5,367,1
2020-06-17,San Mateo,081,765935,2996,2649,5,2654,78
2020-06-17,Santa Barbara,083,443738,2674,2147,19,2166,19
2020-06-17,Santa Clara,085,1922200,4446,3264,15,3279,148
2020-06-17,Santa Cruz,087,273765,336,265,0,265,2
2020-06-17,Shasta,089,179085,124,51,0,51,4
2020-06-17,Sierra,091,2930,1,1,0,1,0
2020-06-17,Siskiyou,093,43540,28,16,0,16,0
2020-06-17,Solano,095,438530,1150,722,4,726,21
2020-06-17,Sonoma,097,501317,985,748,1,749,4
2020-06-17,Stanislaus,099,539301,2222,1387,5,1392,35
2020-06-17,Sutter,101,95872,119,79,0,79,2
2020-06-17,Tehama,103,63373,41,24,2,26,1
2020-06-17,Trinity,105,12862,14,2,3,5,0
2020-06-17,Tulare,107,460477,4086,2882,10,2892,106
2020-06-17,Tuolumne,109,53932,11,7,0,7,0
2020-06-17,Ventura,111,848112,2674,1729,15,1744,37
2020-06-17,Yolo,113,214977,397,277,0,277,24
2020-06-17,Yuba,115,75493,41,30,0,30,1
2020-06-16,Alameda,001,1643700,5313,4428,9,4437,113
2020-06-16,Alpine,003,1148,1,1,0,1,0
2020-06-16,Amador,005,37829,11,10,0,10,0
2020-06-16,Butte,007,227075,140,79,7,86,1
2020-06-16,Calaveras,009,45235,31,19,0,19,0
2020-06-16,Colusa,011,21464,16,7,0,7,0
2020-06-16,Contra Costa,013,1133247,2407,1971,2,1973,45
2020-06-16,Del Norte,015,27424,47,45,0,45,0
2020-06-16,El Dorado,017,186661,180,115,0,115,0
2020-06-16,Fresno,019,978130,5436,2731,58,2789,50
2020-06-16,Glenn,021,27897,71,30,0,30,0
2020-06-16,Humboldt,023,135768,134,105,0,105,3
2020-06-16,Imperial,025,180216,6353,3939,4,3943,36
2020-06-16,Inyo,027,18085,25,24,0,24,1
2020-06-16,Kern,029,883053,4939,3496,13,3509,55
2020-06-16,Kings,031,150075,2162,1044,6,1050,6
2020-06-16,Lake,033,64148,44,31,0,31,0
2020-06-16,Lassen,035,31185,15,5,2,7,0
2020-06-16,Los Angeles,037,10098052,86460,75051,23,75074,2942
2020-06-16,Madera,039,155013,533,239,2,241,3
2020-06-16,Marin,041,260295,1198,725,3,728,17
2020-06-16,Mariposa,043,17540,18,17,0,17,1
2020-06-16,Mendocino,045,87422,61,35,0,35,0
2020-06-16,Merced,047,269075,815,436,1,437,7
2020-06-16,Modoc,049,8938,1,0,0,0,0
2020-06-16,Mono,051,14174,42,34,0,34,1
2020-06-16,Monterey,053,433212,1415,1019,5,1024,12
2020-06-16,Napa,055,140530,259,196,0,196,3
2020-06-16,Nevada,057,99092,91,53,1,54,1
2020-06-16,Orange,059,3164182,13588,9163,103,9266,223
2020-06-16,Placer,061,380077,574,392,3,395,9
2020-06-16,Plumas,063,18699,6,5,0,5,0
2020-06-16,Riverside,065,2383286,15245,11638,24,11662,364
2020-06-16,Sacramento,067,1510023,2282,1825,4,1829,60
2020-06-16,San Benito,069,59416,191,110,0,110,2
2020-06-16,San Bernardino,071,2135413,11011,7463,7,7470,225
2020-06-16,San Diego,073,3302833,11678,9732,1,9733,323
2020-06-16,San Francisco,075,870044,3207,2893,1,2894,46
2020-06-16,San Joaquin,077,732212,2633,1718,4,1722,47
2020-06-16,San Luis Obispo,079,281455,534,343,5,348,1
2020-06-16,San Mateo,081,765935,2942,2618,5,2623,77
2020-06-16,Santa Barbara,083,443738,2607,2090,19,2109,16
2020-06-16,Santa Clara,085,1922200,4335,3228,14,3242,148
2020-06-16,Santa Cruz,087,273765,320,257,0,257,2
2020-06-16,Shasta,089,179085,115,51,0,51,4
2020-06-16,Sierra,091,2930,1,1,0,1,0
2020-06-16,Siskiyou,093,43540,27,15,0,15,0
2020-06-16,Solano,095,438530,1060,694,4,698,19
2020-06-16,Sonoma,097,501317,953,739,1,740,4
2020-06-16,Stanislaus,099,539301,2069,1278,5,1283,36
2020-06-16,Sutter,101,95872,112,73,0,73,2
2020-06-16,Tehama,103,63373,37,24,2,26,1
2020-06-16,Trinity,105,12862,14,2,3,5,0
2020-06-16,Tulare,107,460477,3967,2802,10,2812,96
2020-06-16,Tuolumne,109,53932,11,7,0,7,0
2020-06-16,Ventura,111,848112,2573,1676,15,1691,37
2020-06-16,Yolo,113,214977,374,262,0,262,24
2020-06-16,Yuba,115,75493,39,29,0,29,1
2020-06-15,Alameda,001,1643700,5187,4323,9,4332,112
2020-06-15,Alpine,003,1148,1,1,0,1,0
2020-06-15,Amador,005,37829,11,10,0,10,0
2020-06-15,Butte,007,227075,132,78,7,85,1
2020-06-15,Calaveras,009,45235,31,18,0,18,0
2020-06-15,Colusa,011,21464,14,7,0,7,0
2020-06-15,Contra Costa,013,1133247,2330,1918,2,1920,43
2020-06-15,Del Norte,015,27424,47,45,0,45,0
2020-06-15,El Dorado,017,186661,170,114,0,114,0
2020-06-15,Fresno,019,978130,5224,2616,57,2673,48
2020-06-15,Glenn,021,27897,66,21,0,21,0
2020-06-15,Humboldt,023,135768,132,105,0,105,3
2020-06-15,Imperial,025,180216,6178,3726,4,3730,36
2020-06-15,Inyo,027,18085,25,23,0,23,1
2020-06-15,Kern,029,883053,4715,3417,13,3430,55
2020-06-15,Kings,031,150075,2085,1022,6,1028,6
2020-06-15,Lake,033,64148,44,31,0,31,0
2020-06-15,Lassen,035,31185,15,5,2,7,0
2020-06-15,Los Angeles,037,10098052,84273,73705,23,73728,2908
2020-06-15,Madera,039,155013,511,203,2,205,3
2020-06-15,Marin,041,260295,1031,708,3,711,17
2020-06-15,Mariposa,043,17540,18,17,0,17,1
2020-06-15,Mendocino,045,87422,52,33,0,33,0
2020-06-15,Merced,047,269075,769,414,1,415,7
2020-06-15,Modoc,049,8938,1,0,0,0,0
2020-06-15,Mono,051,14174,42,34,0,34,1
2020-06-15,Monterey,053,433212,1349,998,5,1003,12
2020-06-15,Napa,055,140530,251,187,0,187,3
2020-06-15,Nevada,057,99092,85,52,1,53,1
2020-06-15,Orange,059,3164182,13020,8944,95,9039,212
2020-06-15,Placer,061,380077,552,386,3,389,9
2020-06-15,Plumas,063,18699,6,4,0,4,0
2020-06-15,Riverside,065,2383286,14627,11376,23,11399,364
2020-06-15,Sacramento,067,1510023,2166,1791,4,1795,60
2020-06-15,San Benito,069,59416,185,108,0,108,2
2020-06-15,San Bernardino,071,2135413,10507,7189,7,7196,224
2020-06-15,San Diego,073,3302833,11338,9612,1,9613,320
2020-06-15,San Francisco,075,870044,3163,2833,1,2834,45
2020-06-15,San Joaquin,077,732212,2497,1667,4,1671,43
2020-06-15,San Luis Obispo,079,281455,519,332,5,337,1
2020-06-15,San Mateo,081,765935,2895,2591,5,2596,75
2020-06-15,Santa Barbara,083,443738,2539,2054,19,2073,16
2020-06-15,Santa Clara,085,1922200,4235,3204,14,3218,148
2020-06-15,Santa Cruz,087,273765,309,254,0,254,2
2020-06-15,Shasta,089,179085,109,50,0,50,4
2020-06-15,Sierra,091,2930,1,1,0,1,0
2020-06-15,Siskiyou,093,43540,26,14,0,14,0
2020-06-15,Solano,095,438530,1000,638,4,642,19
2020-06-15,Sonoma,097,501317,924,726,1,727,4
2020-06-15,Stanislaus,099,539301,1952,1253,5,1258,35
2020-06-15,Sutter,101,95872,102,71,0,71,2
2020-06-15,Tehama,103,63373,37,17,2,19,1
2020-06-15,Trinity,105,12862,13,2,3,5,0
2020-06-15,Tulare,107,460477,3853,2662,10,2672,96
2020-06-15,Tuolumne,109,53932,10,7,0,7,0
2020-06-15,Ventura,111,848112,2492,1656,15,1671,37
2020-06-15,Yolo,113,214977,354,255,0,255,24
2020-06-15,Yuba,115,75493,39,28,0,28,1
2020-06-14,Alameda,001,1643700,5042,4271,9,4280,112
2020-06-14,Alpine,003,1148,1,1,0,1,0
2020-06-14,Amador,005,37829,11,10,0,10,0
2020-06-14,Butte,007,227075,124,78,7,85,1
2020-06-14,Calaveras,009,45235,30,18,0,18,0
2020-06-14,Colusa,011,21464,13,7,0,7,0
2020-06-14,Contra Costa,013,1133247,2261,1893,2,1895,43
2020-06-14,Del Norte,015,27424,47,45,0,45,0
2020-06-14,El Dorado,017,186661,166,110,0,110,0
2020-06-14,Fresno,019,978130,5039,2585,56,2641,48
2020-06-14,Glenn,021,27897,51,21,0,21,0
2020-06-14,Humboldt,023,135768,128,105,0,105,3
2020-06-14,Imperial,025,180216,5947,3730,4,3734,36
2020-06-14,Inyo,027,18085,24,23,0,23,1
2020-06-14,Kern,029,883053,4504,3328,13,3341,55
2020-06-14,Kings,031,150075,2034,1022,5,1027,6
2020-06-14,Lake,033,64148,41,31,0,31,0
2020-06-14,Lassen,035,31185,15,5,2,7,0
2020-06-14,Los Angeles,037,10098052,81947,72932,22,72954,2887
2020-06-14,Madera,039,155013,492,203,2,205,3
2020-06-14,Marin,041,260295,866,689,2,691,17
2020-06-14,Mariposa,043,17540,18,16,0,16,1
2020-06-14,Mendocino,045,87422,49,33,0,33,0
2020-06-14,Merced,047,269075,718,403,1,404,7
2020-06-14,Modoc,049,8938,1,0,0,0,0
2020-06-14,Mono,051,14174,42,34,0,34,1
2020-06-14,Monterey,053,433212,1288,949,5,954,12
2020-06-14,Napa,055,140530,229,181,0,181,3
2020-06-14,Nevada,057,99092,81,52,1,53,1
2020-06-14,Orange,059,3164182,12593,8744,90,8834,211
2020-06-14,Placer,061,380077,526,369,3,372,9
2020-06-14,Plumas,063,18699,5,4,0,4,0
2020-06-14,Riverside,065,2383286,14185,11218,23,11241,364
2020-06-14,Sacramento,067,1510023,2079,1750,4,1754,60
2020-06-14,San Benito,069,59416,174,104,0,104,2
2020-06-14,San Bernardino,071,2135413,9966,7015,7,7022,224
2020-06-14,San Diego,073,3302833,10963,9442,1,9443,319
2020-06-14,San Francisco,075,870044,3123,2834,1,2835,45
2020-06-14,San Joaquin,077,732212,2346,1603,4,1607,43
2020-06-14,San Luis Obispo,079,281455,504,330,5,335,1
2020-06-14,San Mateo,081,765935,2837,2571,5,2576,75
2020-06-14,Santa Barbara,083,443738,2462,2049,19,2068,17
2020-06-14,Santa Clara,085,1922200,4140,3178,14,3192,148
2020-06-14,Santa Cruz,087,273765,295,254,0,254,2
2020-06-14,Shasta,089,179085,103,48,0,48,4
2020-06-14,Sierra,091,2930,1,1,0,1,0
2020-06-14,Siskiyou,093,43540,25,13,0,13,0
2020-06-14,Solano,095,438530,951,638,4,642,19
2020-06-14,Sonoma,097,501317,896,724,1,725,4
2020-06-14,Stanislaus,099,539301,1804,1159,5,1164,35
2020-06-14,Sutter,101,95872,97,63,0,63,2
2020-06-14,Tehama,103,63373,34,17,2,19,1
2020-06-14,Trinity,105,12862,13,2,3,5,0
2020-06-14,Tulare,107,460477,3719,2646,10,2656,96
2020-06-14,Tuolumne,109,53932,10,7,0,7,0
2020-06-14,Ventura,111,848112,2393,1610,14,1624,37
2020-06-14,Yolo,113,214977,338,254,0,254,24
2020-06-14,Yuba,115,75493,38,28,0,28,1
2020-06-13,Alameda,001,1643700,4979,4196,9,4205,112
2020-06-13,Alpine,003,1148,1,1,0,1,0
2020-06-13,Amador,005,37829,10,10,0,10,0
2020-06-13,Butte,007,227075,115,72,7,79,1
2020-06-13,Calaveras,009,45235,28,18,0,18,0
2020-06-13,Colusa,011,21464,12,7,0,7,0
2020-06-13,Contra Costa,013,1133247,2225,1868,2,1870,43
2020-06-13,Del Norte,015,27424,47,45,0,45,0
2020-06-13,El Dorado,017,186661,162,110,0,110,0
2020-06-13,Fresno,019,978130,4941,2499,56,2555,48
2020-06-13,Glenn,021,27897,49,21,0,21,0
2020-06-13,Humboldt,023,135768,127,104,0,104,3
2020-06-13,Imperial,025,180216,5874,3646,4,3650,36
2020-06-13,Inyo,027,18085,24,23,0,23,1
2020-06-13,Kern,029,883053,4395,3239,13,3252,55
2020-06-13,Kings,031,150075,2014,1023,5,1028,6
2020-06-13,Lake,033,64148,40,29,0,29,0
2020-06-13,Lassen,035,31185,15,5,2,7,0
2020-06-13,Los Angeles,037,10098052,80909,71938,22,71960,2874
2020-06-13,Madera,039,155013,488,203,2,205,3
2020-06-13,Marin,041,260295,835,677,2,679,17
2020-06-13,Mariposa,043,17540,18,16,0,16,1
2020-06-13,Mendocino,045,87422,49,33,0,33,0
2020-06-13,Merced,047,269075,700,376,1,377,7
2020-06-13,Modoc,049,8938,1,0,0,0,0
2020-06-13,Mono,051,14174,42,35,0,35,1
2020-06-13,Monterey,053,433212,1250,900,5,905,11
2020-06-13,Napa,055,140530,226,171,0,171,3
2020-06-13,Nevada,057,99092,79,52,1,53,1
2020-06-13,Orange,059,3164182,12349,8581,87,8668,211
2020-06-13,Placer,061,380077,509,346,3,349,9
2020-06-13,Plumas,063,18699,5,4,0,4,0
2020-06-13,Riverside,065,2383286,13906,10931,23,10954,364
2020-06-13,Sacramento,067,1510023,2025,1713,4,1717,60
2020-06-13,San Benito,069,59416,167,99,0,99,2
2020-06-13,San Bernardino,071,2135413,9741,6885,7,6892,224
2020-06-13,San Diego,073,3302833,10791,9316,1,9317,319
2020-06-13,San Francisco,075,870044,3103,2834,1,2835,44
2020-06-13,San Joaquin,077,732212,2265,1461,4,1465,43
2020-06-13,San Luis Obispo,079,281455,493,326,5,331,1
2020-06-13,San Mateo,081,765935,2814,2551,5,2556,75
2020-06-13,Santa Barbara,083,443738,2404,1999,19,2018,15
2020-06-13,Santa Clara,085,1922200,4097,3141,14,3155,148
2020-06-13,Santa Cruz,087,273765,289,254,0,254,2
2020-06-13,Shasta,089,179085,101,48,0,48,4
2020-06-13,Sierra,091,2930,1,1,0,1,0
2020-06-13,Siskiyou,093,43540,25,13,0,13,0
2020-06-13,Solano,095,438530,923,637,4,641,19
2020-06-13,Sonoma,097,501317,881,711,1,712,4
2020-06-13,Stanislaus,099,539301,1747,1122,5,1127,33
2020-06-13,Sutter,101,95872,96,62,0,62,2
2020-06-13,Tehama,103,63373,33,17,2,19,1
2020-06-13,Trinity,105,12862,13,2,3,5,0
2020-06-13,Tulare,107,460477,3687,2626,10,2636,96
2020-06-13,Tuolumne,109,53932,9,7,0,7,0
2020-06-13,Ventura,111,848112,2347,1567,14,1581,37
2020-06-13,Yolo,113,214977,317,251,0,251,24
2020-06-13,Yuba,115,75493,38,28,0,28,1
2020-06-12,Alameda,001,1643700,4906,4167,9,4176,109
2020-06-12,Alpine,003,1148,1,1,0,1,0
2020-06-12,Amador,005,37829,10,10,0,10,0
2020-06-12,Butte,007,227075,111,71,7,78,1
2020-06-12,Calaveras,009,45235,25,18,0,18,0
2020-06-12,Colusa,011,21464,12,7,0,7,0
2020-06-12,Contra Costa,013,1133247,2188,1827,2,1829,43
2020-06-12,Del Norte,015,27424,47,45,0,45,0
2020-06-12,El Dorado,017,186661,162,110,0,110,0
2020-06-12,Fresno,019,978130,4803,2428,56,2484,47
2020-06-12,Glenn,021,27897,46,21,0,21,0
2020-06-12,Humboldt,023,135768,125,105,0,105,3
2020-06-12,Imperial,025,180216,5790,3543,4,3547,36
2020-06-12,Inyo,027,18085,24,23,0,23,1
2020-06-12,Kern,029,883053,4278,3152,13,3165,54
2020-06-12,Kings,031,150075,2001,987,5,992,6
2020-06-12,Lake,033,64148,39,29,0,29,0
2020-06-12,Lassen,035,31185,15,5,2,7,0
2020-06-12,Los Angeles,037,10098052,79503,70385,22,70407,2814
2020-06-12,Madera,039,155013,463,187,2,189,3
2020-06-12,Marin,041,260295,832,649,2,651,17
2020-06-12,Mariposa,043,17540,18,16,0,16,1
2020-06-12,Mendocino,045,87422,49,33,0,33,0
2020-06-12,Merced,047,269075,666,372,1,373,7
2020-06-12,Modoc,049,8938,1,0,0,0,0
2020-06-12,Mono,051,14174,39,35,0,35,1
2020-06-12,Monterey,053,433212,1209,864,4,868,11
2020-06-12,Napa,055,140530,223,162,0,162,3
2020-06-12,Nevada,057,99092,73,52,1,53,1
2020-06-12,Orange,059,3164182,12043,8440,86,8526,203
2020-06-12,Placer,061,380077,492,333,3,336,9
2020-06-12,Plumas,063,18699,5,4,0,4,0
2020-06-12,Riverside,065,2383286,13569,10616,23,10639,364
2020-06-12,Sacramento,067,1510023,1970,1702,4,1706,60
2020-06-12,San Benito,069,59416,160,96,0,96,2
2020-06-12,San Bernardino,071,2135413,9473,6707,7,6714,223
2020-06-12,San Diego,073,3302833,10621,9132,1,9133,313
2020-06-12,San Francisco,075,870044,3069,2823,1,2824,44
2020-06-12,San Joaquin,077,732212,2185,1406,4,1410,43
2020-06-12,San Luis Obispo,079,281455,477,321,5,326,1
2020-06-12,San Mateo,081,765935,2779,2533,5,2538,75
2020-06-12,Santa Barbara,083,443738,2350,1969,19,1988,14
2020-06-12,Santa Clara,085,1922200,4053,3099,14,3113,149
2020-06-12,Santa Cruz,087,273765,281,251,0,251,2
2020-06-12,Shasta,089,179085,94,48,0,48,5
2020-06-12,Sierra,091,2930,1,1,0,1,0
2020-06-12,Siskiyou,093,43540,25,13,0,13,0
2020-06-12,Solano,095,438530,909,620,4,624,19
2020-06-12,Sonoma,097,501317,862,696,1,697,4
2020-06-12,Stanislaus,099,539301,1688,1092,5,1097,33
2020-06-12,Sutter,101,95872,95,56,0,56,2
2020-06-12,Tehama,103,63373,32,13,2,15,1
2020-06-12,Trinity,105,12862,13,2,3,5,0
2020-06-12,Tulare,107,460477,3633,2552,10,2562,95
2020-06-12,Tuolumne,109,53932,9,7,0,7,0
2020-06-12,Ventura,111,848112,2295,1534,14,1548,35
2020-06-12,Yolo,113,214977,305,243,0,243,24
2020-06-12,Yuba,115,75493,36,27,0,27,1
2020-06-11,Alameda,001,1643700,4776,4073,8,4081,108
2020-06-11,Alpine,003,1148,1,1,0,1,0
2020-06-11,Amador,005,37829,9,10,0,10,0
2020-06-11,Butte,007,227075,105,72,7,79,1
2020-06-11,Calaveras,009,45235,24,16,0,16,0
2020-06-11,Colusa,011,21464,12,7,0,7,0
2020-06-11,Contra Costa,013,1133247,2135,1797,2,1799,43
2020-06-11,Del Norte,015,27424,47,45,0,45,0
2020-06-11,El Dorado,017,186661,154,109,0,109,0
2020-06-11,Fresno,019,978130,4649,2338,56,2394,45
2020-06-11,Glenn,021,27897,42,21,0,21,0
2020-06-11,Humboldt,023,135768,121,113,0,113,3
2020-06-11,Imperial,025,180216,5634,3463,4,3467,36
2020-06-11,Inyo,027,18085,22,23,0,23,1
2020-06-11,Kern,029,883053,4126,3047,11,3058,54
2020-06-11,Kings,031,150075,1968,963,5,968,6
2020-06-11,Lake,033,64148,39,28,0,28,0
2020-06-11,Lassen,035,31185,15,5,2,7,0
2020-06-11,Los Angeles,037,10098052,77837,68807,21,68828,2800
2020-06-11,Madera,039,155013,445,178,2,180,3
2020-06-11,Marin,041,260295,784,637,2,639,17
2020-06-11,Mariposa,043,17540,18,16,0,16,1
2020-06-11,Mendocino,045,87422,40,35,0,35,0
2020-06-11,Merced,047,269075,626,370,1,371,7
2020-06-11,Modoc,049,8938,1,0,0,0,0
2020-06-11,Mono,051,14174,39,35,0,35,1
2020-06-11,Monterey,053,433212,1162,813,4,817,11
2020-06-11,Napa,055,140530,214,162,0,162,3
2020-06-11,Nevada,057,99092,67,50,1,51,1
2020-06-11,Orange,059,3164182,11735,8304,85,8389,188
2020-06-11,Placer,061,380077,473,321,3,324,9
2020-06-11,Plumas,063,18699,5,4,0,4,0
2020-06-11,Riverside,065,2383286,13216,10014,23,10037,361
2020-06-11,Sacramento,067,1510023,1922,1669,4,1673,60
2020-06-11,San Benito,069,59416,154,94,0,94,2
2020-06-11,San Bernardino,071,2135413,9176,6509,7,6516,221
2020-06-11,San Diego,073,3302833,10391,9000,0,9000,308
2020-06-11,San Francisco,075,870044,3040,2766,1,2767,44
2020-06-11,San Joaquin,077,732212,2073,1351,4,1355,43
2020-06-11,San Luis Obispo,079,281455,463,307,5,312,1
2020-06-11,San Mateo,081,765935,2741,2499,5,2504,74
2020-06-11,Santa Barbara,083,443738,2289,1895,19,1914,14
2020-06-11,Santa Clara,085,1922200,3986,3049,14,3063,149
2020-06-11,Santa Cruz,087,273765,277,247,0,247,2
2020-06-11,Shasta,089,179085,87,47,0,47,5
2020-06-11,Sierra,091,2930,1,1,0,1,0
2020-06-11,Siskiyou,093,43540,25,14,0,14,0
2020-06-11,Solano,095,438530,883,616,4,620,19
2020-06-11,Sonoma,097,501317,839,682,1,683,4
2020-06-11,Stanislaus,099,539301,1597,1062,5,1067,30
2020-06-11,Sutter,101,95872,92,56,0,56,2
2020-06-11,Tehama,103,63373,27,10,2,12,1
2020-06-11,Trinity,105,12862,11,2,3,5,0
2020-06-11,Tulare,107,460477,3534,2473,10,2483,95
2020-06-11,Tuolumne,109,53932,9,7,0,7,0
2020-06-11,Ventura,111,848112,2218,1491,13,1504,34
2020-06-11,Yolo,113,214977,297,230,0,230,24
2020-06-11,Yuba,115,75493,36,27,0,27,1
2020-06-10,Alameda,001,1643700,4676,4027,7,4034,107
2020-06-10,Alpine,003,1148,1,1,0,1,0
2020-06-10,Amador,005,37829,9,10,0,10,0
2020-06-10,Butte,007,227075,102,71,7,78,1
2020-06-10,Calaveras,009,45235,24,16,0,16,0
2020-06-10,Colusa,011,21464,11,7,0,7,0
2020-06-10,Contra Costa,013,1133247,2091,1778,2,1780,43
2020-06-10,Del Norte,015,27424,47,45,0,45,0
2020-06-10,El Dorado,017,186661,151,109,0,109,0
2020-06-10,Fresno,019,978130,4472,2324,56,2380,45
2020-06-10,Glenn,021,27897,39,21,0,21,0
2020-06-10,Humboldt,023,135768,117,112,0,112,3
2020-06-10,Imperial,025,180216,5486,3454,4,3458,36
2020-06-10,Inyo,027,18085,22,23,0,23,1
2020-06-10,Kern,029,883053,4001,3000,10,3010,54
2020-06-10,Kings,031,150075,1922,952,4,956,6
2020-06-10,Lake,033,64148,39,28,0,28,0
2020-06-10,Lassen,035,31185,15,5,2,7,0
2020-06-10,Los Angeles,037,10098052,76316,67018,21,67039,2752
2020-06-10,Madera,039,155013,431,176,1,177,3
2020-06-10,Marin,041,260295,752,633,2,635,17
2020-06-10,Mariposa,043,17540,17,16,0,16,1
2020-06-10,Mendocino,045,87422,39,35,0,35,0
2020-06-10,Merced,047,269075,593,370,1,371,7
2020-06-10,Modoc,049,8938,1,0,0,0,0
2020-06-10,Mono,051,14174,39,35,0,35,1
2020-06-10,Monterey,053,433212,1108,791,4,795,11
2020-06-10,Napa,055,140530,211,159,0,159,3
2020-06-10,Nevada,057,99092,65,50,1,51,1
2020-06-10,Orange,059,3164182,11459,8222,82,8304,184
2020-06-10,Placer,061,380077,448,309,3,312,9
2020-06-10,Plumas,063,18699,5,4,0,4,0
2020-06-10,Riverside,065,2383286,12893,9857,23,9880,361
2020-06-10,Sacramento,067,1510023,1883,1643,2,1645,59
2020-06-10,San Benito,069,59416,145,94,0,94,2
2020-06-10,San Bernardino,071,2135413,8884,6438,7,6445,219
2020-06-10,San Diego,073,3302833,10227,8839,0,8839,305
2020-06-10,San Francisco,075,870044,3015,2774,1,2775,44
2020-06-10,San Joaquin,077,732212,1944,1282,4,1286,41
2020-06-10,San Luis Obispo,079,281455,443,306,5,311,1
2020-06-10,San Mateo,081,765935,2701,2492,5,2497,74
2020-06-10,Santa Barbara,083,443738,2233,1878,19,1897,13
2020-06-10,Santa Clara,085,1922200,3935,3032,14,3046,149
2020-06-10,Santa Cruz,087,273765,273,242,0,242,2
2020-06-10,Shasta,089,179085,82,45,0,45,5
2020-06-10,Sierra,091,2930,1,1,0,1,0
2020-06-10,Siskiyou,093,43540,25,14,0,14,0
2020-06-10,Solano,095,438530,847,608,4,612,19
2020-06-10,Sonoma,097,501317,821,673,1,674,4
2020-06-10,Stanislaus,099,539301,1507,1030,5,1035,29
2020-06-10,Sutter,101,95872,91,56,0,56,2
2020-06-10,Tehama,103,63373,25,10,2,12,1
2020-06-10,Trinity,105,12862,11,2,3,5,0
2020-06-10,Tulare,107,460477,3441,2455,10,2465,95
2020-06-10,Tuolumne,109,53932,9,7,0,7,0
2020-06-10,Ventura,111,848112,2172,1446,12,1458,34
2020-06-10,Yolo,113,214977,289,226,0,226,24
2020-06-10,Yuba,115,75493,35,27,0,27,1
2020-06-09,Alameda,001,1643700,4566,3963,7,3970,103
2020-06-09,Alpine,003,1148,1,1,0,1,0
2020-06-09,Amador,005,37829,9,10,0,10,0
2020-06-09,Butte,007,227075,101,70,6,76,1
2020-06-09,Calaveras,009,45235,24,16,0,16,0
2020-06-09,Colusa,011,21464,10,7,0,7,0
2020-06-09,Contra Costa,013,1133247,2050,1744,2,1746,42
2020-06-09,Del Norte,015,27424,47,45,0,45,0
2020-06-09,El Dorado,017,186661,141,108,0,108,0
2020-06-09,Fresno,019,978130,4320,2278,56,2334,43
2020-06-09,Glenn,021,27897,38,19,0,19,0
2020-06-09,Humboldt,023,135768,115,113,0,113,2
2020-06-09,Imperial,025,180216,5334,3067,4,3071,36
2020-06-09,Inyo,027,18085,22,22,0,22,1
2020-06-09,Kern,029,883053,3873,2920,10,2930,51
2020-06-09,Kings,031,150075,1890,934,4,938,6
2020-06-09,Lake,033,64148,39,28,0,28,0
2020-06-09,Lassen,035,31185,15,5,2,7,0
2020-06-09,Los Angeles,037,10098052,74658,65827,21,65848,2692
2020-06-09,Madera,039,155013,416,172,1,173,3
2020-06-09,Marin,041,260295,716,616,2,618,17
2020-06-09,Mariposa,043,17540,17,16,0,16,1
2020-06-09,Mendocino,045,87422,35,35,0,35,0
2020-06-09,Merced,047,269075,564,349,1,350,7
2020-06-09,Modoc,049,8938,1,0,0,0,0
2020-06-09,Mono,051,14174,39,35,0,35,1
2020-06-09,Monterey,053,433212,1067,772,4,776,11
2020-06-09,Napa,055,140530,201,156,0,156,3
2020-06-09,Nevada,057,99092,57,50,1,51,1
2020-06-09,Orange,059,3164182,11218,7991,80,8071,174
2020-06-09,Placer,061,380077,435,301,3,304,9
2020-06-09,Plumas,063,18699,5,4,0,4,0
2020-06-09,Riverside,065,2383286,12515,9511,23,9534,354
2020-06-09,Sacramento,067,1510023,1829,1625,2,1627,59
2020-06-09,San Benito,069,59416,139,95,0,95,2
2020-06-09,San Bernardino,071,2135413,8560,6268,6,6274,217
2020-06-09,San Diego,073,3302833,10042,8731,0,8731,301
2020-06-09,San Francisco,075,870044,2990,2749,1,2750,44
2020-06-09,San Joaquin,077,732212,1838,1240,4,1244,41
2020-06-09,San Luis Obispo,079,281455,430,301,4,305,1
2020-06-09,San Mateo,081,765935,2670,2463,5,2468,74
2020-06-09,Santa Barbara,083,443738,2177,1854,19,1873,13
2020-06-09,Santa Clara,085,1922200,3867,3006,13,3019,147
2020-06-09,Santa Cruz,087,273765,267,237,0,237,2
2020-06-09,Shasta,089,179085,78,44,0,44,4
2020-06-09,Sierra,091,2930,1,1,0,1,0
2020-06-09,Siskiyou,093,43540,20,10,0,10,0
2020-06-09,Solano,095,438530,812,596,4,600,18
2020-06-09,Sonoma,097,501317,798,661,1,662,4
2020-06-09,Stanislaus,099,539301,1406,993,5,998,25
2020-06-09,Sutter,101,95872,88,56,0,56,2
2020-06-09,Tehama,103,63373,25,9,2,11,1
2020-06-09,Trinity,105,12862,10,2,3,5,0
2020-06-09,Tulare,107,460477,3375,2393,10,2403,91
2020-06-09,Tuolumne,109,53932,9,8,0,8,0
2020-06-09,Ventura,111,848112,2106,1407,12,1419,34
2020-06-09,Yolo,113,214977,278,226,0,226,24
2020-06-09,Yuba,115,75493,34,27,0,27,1
2020-06-08,Alameda,001,1643700,4486,3937,7,3944,103
2020-06-08,Alpine,003,1148,1,1,0,1,0
2020-06-08,Amador,005,37829,9,10,0,10,0
2020-06-08,Butte,007,227075,97,68,6,74,1
2020-06-08,Calaveras,009,45235,24,16,0,16,0
2020-06-08,Colusa,011,21464,9,7,0,7,0
2020-06-08,Contra Costa,013,1133247,2007,1714,2,1716,41
2020-06-08,Del Norte,015,27424,47,45,0,45,0
2020-06-08,El Dorado,017,186661,137,107,0,107,0
2020-06-08,Fresno,019,978130,4196,2194,55,2249,42
2020-06-08,Glenn,021,27897,36,17,0,17,0
2020-06-08,Humboldt,023,135768,115,112,0,112,2
2020-06-08,Imperial,025,180216,5182,3051,4,3055,21
2020-06-08,Inyo,027,18085,22,22,0,22,1
2020-06-08,Kern,029,883053,3742,2853,9,2862,49
2020-06-08,Kings,031,150075,1814,892,4,896,6
2020-06-08,Lake,033,64148,39,28,0,28,0
2020-06-08,Lassen,035,31185,15,4,2,6,0
2020-06-08,Los Angeles,037,10098052,73196,64634,21,64655,2640
2020-06-08,Madera,039,155013,386,154,1,155,3
2020-06-08,Marin,041,260295,675,596,2,598,17
2020-06-08,Mariposa,043,17540,16,16,0,16,1
2020-06-08,Mendocino,045,87422,33,32,0,32,0
2020-06-08,Merced,047,269075,530,331,1,332,7
2020-06-08,Modoc,049,8938,1,0,0,0,0
2020-06-08,Mono,051,14174,39,35,0,35,1
2020-06-08,Monterey,053,433212,1016,751,3,754,10
2020-06-08,Napa,055,140530,185,151,0,151,3
2020-06-08,Nevada,057,99092,56,50,1,51,1
2020-06-08,Orange,059,3164182,10967,7786,78,7864,160
2020-06-08,Placer,061,380077,418,290,3,293,9
2020-06-08,Plumas,063,18699,5,4,0,4,0
2020-06-08,Riverside,065,2383286,12146,9246,23,9269,347
2020-06-08,Sacramento,067,1510023,1779,1591,2,1593,59
2020-06-08,San Benito,069,59416,132,93,0,93,2
2020-06-08,San Bernardino,071,2135413,8239,6122,6,6128,214
2020-06-08,San Diego,073,3302833,9885,8621,0,8621,296
2020-06-08,San Francisco,075,870044,2963,2715,1,2716,43
2020-06-08,San Joaquin,077,732212,1731,1198,4,1202,40
2020-06-08,San Luis Obispo,079,281455,423,300,4,304,1
2020-06-08,San Mateo,081,765935,2639,2431,4,2435,74
2020-06-08,Santa Barbara,083,443738,2122,1824,17,1841,13
2020-06-08,Santa Clara,085,1922200,3821,2971,13,2984,146
2020-06-08,Santa Cruz,087,273765,266,234,0,234,2
2020-06-08,Shasta,089,179085,74,43,0,43,4
2020-06-08,Sierra,091,2930,1,1,0,1,0
2020-06-08,Siskiyou,093,43540,20,8,0,8,0
2020-06-08,Solano,095,438530,785,560,4,564,19
2020-06-08,Sonoma,097,501317,782,654,1,655,4
2020-06-08,Stanislaus,099,539301,1324,956,5,961,28
2020-06-08,Sutter,101,95872,81,55,0,55,2
2020-06-08,Tehama,103,63373,19,8,2,10,1
2020-06-08,Trinity,105,12862,10,2,3,5,0
2020-06-08,Tulare,107,460477,3292,2301,10,2311,91
2020-06-08,Tuolumne,109,53932,8,8,0,8,0
2020-06-08,Ventura,111,848112,2048,1382,12,1394,30
2020-06-08,Yolo,113,214977,267,228,0,228,24
2020-06-08,Yuba,115,75493,32,27,0,27,1
2020-06-07,Alameda,001,1643700,4373,3866,7,3873,102
2020-06-07,Alpine,003,1148,1,1,0,1,0
2020-06-07,Amador,005,37829,9,10,0,10,0
2020-06-07,Butte,007,227075,95,64,5,69,1
2020-06-07,Calaveras,009,45235,22,16,0,16,0
2020-06-07,Colusa,011,21464,9,7,0,7,0
2020-06-07,Contra Costa,013,1133247,1956,1653,1,1654,38
2020-06-07,Del Norte,015,27424,45,45,0,45,0
2020-06-07,El Dorado,017,186661,137,104,0,104,0
2020-06-07,Fresno,019,978130,4066,2144,55,2199,41
2020-06-07,Glenn,021,27897,29,16,0,16,0
2020-06-07,Humboldt,023,135768,115,112,0,112,2
2020-06-07,Imperial,025,180216,5031,3048,4,3052,19
2020-06-07,Inyo,027,18085,22,21,0,21,1
2020-06-07,Kern,029,883053,3611,2771,9,2780,46
2020-06-07,Kings,031,150075,1765,882,4,886,6
2020-06-07,Lake,033,64148,36,28,0,28,0
2020-06-07,Lassen,035,31185,14,4,2,6,0
2020-06-07,Los Angeles,037,10098052,71493,63750,21,63771,2629
2020-06-07,Madera,039,155013,369,149,1,150,3
2020-06-07,Marin,041,260295,661,584,2,586,17
2020-06-07,Mariposa,043,17540,16,16,0,16,1
2020-06-07,Mendocino,045,87422,33,32,0,32,0
2020-06-07,Merced,047,269075,497,318,1,319,7
2020-06-07,Modoc,049,8938,1,0,0,0,0
2020-06-07,Mono,051,14174,39,35,0,35,1
2020-06-07,Monterey,053,433212,969,732,3,735,10
2020-06-07,Napa,055,140530,177,142,0,142,3
2020-06-07,Nevada,057,99092,55,50,1,51,1
2020-06-07,Orange,059,3164182,10710,7643,76,7719,158
2020-06-07,Placer,061,380077,397,273,2,275,9
2020-06-07,Plumas,063,18699,5,4,0,4,0
2020-06-07,Riverside,065,2383286,11850,9105,23,9128,344
2020-06-07,Sacramento,067,1510023,1731,1568,2,1570,59
2020-06-07,San Benito,069,59416,129,92,0,92,2
2020-06-07,San Bernardino,071,2135413,7954,6033,6,6039,214
2020-06-07,San Diego,073,3302833,9706,8478,0,8478,296
2020-06-07,San Francisco,075,870044,2919,2674,0,2674,43
2020-06-07,San Joaquin,077,732212,1630,1126,4,1130,37
2020-06-07,San Luis Obispo,079,281455,413,296,4,300,1
2020-06-07,San Mateo,081,765935,2612,2399,4,2403,73
2020-06-07,Santa Barbara,083,443738,2067,1818,17,1835,13
2020-06-07,Santa Clara,085,1922200,3769,2947,13,2960,146
2020-06-07,Santa Cruz,087,273765,258,230,0,230,2
2020-06-07,Shasta,089,179085,73,41,0,41,4
2020-06-07,Sierra,091,2930,1,1,0,1,0
2020-06-07,Siskiyou,093,43540,20,8,0,8,0
2020-06-07,Solano,095,438530,762,560,4,564,19
2020-06-07,Sonoma,097,501317,751,639,1,640,4
2020-06-07,Stanislaus,099,539301,1244,905,5,910,28
2020-06-07,Sutter,101,95872,73,55,0,55,2
2020-06-07,Tehama,103,63373,16,8,2,10,1
2020-06-07,Trinity,105,12862,8,2,3,5,0
2020-06-07,Tulare,107,460477,3170,2219,10,2229,90
2020-06-07,Tuolumne,109,53932,8,4,0,4,0
2020-06-07,Ventura,111,848112,1982,1337,12,1349,30
2020-06-07,Yolo,113,214977,257,224,0,224,24
2020-06-07,Yuba,115,75493,32,27,0,27,1
2020-06-06,Alameda,001,1643700,4328,3801,7,3808,102
2020-06-06,Alpine,003,1148,1,1,0,1,0
2020-06-06,Amador,005,37829,9,10,0,10,0
2020-06-06,Butte,007,227075,94,63,5,68,1
2020-06-06,Calaveras,009,45235,20,16,0,16,0
2020-06-06,Colusa,011,21464,9,7,0,7,0
2020-06-06,Contra Costa,013,1133247,1935,1619,1,1620,37
2020-06-06,Del Norte,015,27424,45,45,0,45,0
2020-06-06,El Dorado,017,186661,132,104,0,104,0
2020-06-06,Fresno,019,978130,4011,2117,55,2172,41
2020-06-06,Glenn,021,27897,27,16,0,16,0
2020-06-06,Humboldt,023,135768,115,112,0,112,2
2020-06-06,Imperial,025,180216,4955,3047,4,3051,19
2020-06-06,Inyo,027,18085,22,21,0,21,1
2020-06-06,Kern,029,883053,3540,2695,9,2704,46
2020-06-06,Kings,031,150075,1746,882,4,886,6
2020-06-06,Lake,033,64148,36,28,0,28,0
2020-06-06,Lassen,035,31185,14,4,2,6,0
2020-06-06,Los Angeles,037,10098052,70746,62269,21,62290,2607
2020-06-06,Madera,039,155013,360,149,1,150,3
2020-06-06,Marin,041,260295,656,556,2,558,17
2020-06-06,Mariposa,043,17540,16,16,0,16,1
2020-06-06,Mendocino,045,87422,33,32,0,32,0
2020-06-06,Merced,047,269075,495,315,1,316,7
2020-06-06,Modoc,049,8938,1,0,0,0,0
2020-06-06,Mono,051,14174,39,35,0,35,1
2020-06-06,Monterey,053,433212,945,679,3,682,10
2020-06-06,Napa,055,140530,171,136,0,136,3
2020-06-06,Nevada,057,99092,54,50,1,51,1
2020-06-06,Orange,059,3164182,10551,7576,75,7651,157
2020-06-06,Placer,061,380077,385,270,2,272,9
2020-06-06,Plumas,063,18699,5,4,0,4,0
2020-06-06,Riverside,065,2383286,11672,8935,23,8958,345
2020-06-06,Sacramento,067,1510023,1708,1533,2,1535,59
2020-06-06,San Benito,069,59416,119,92,0,92,2
2020-06-06,San Bernardino,071,2135413,7806,5946,6,5952,214
2020-06-06,San Diego,073,3302833,9585,8347,0,8347,296
2020-06-06,San Francisco,075,870044,2904,2674,0,2674,43
2020-06-06,San Joaquin,077,732212,1590,1076,4,1080,37
2020-06-06,San Luis Obispo,079,281455,407,295,4,299,1
2020-06-06,San Mateo,081,765935,2597,2342,4,2346,72
2020-06-06,Santa Barbara,083,443738,2028,1815,17,1832,13
2020-06-06,Santa Clara,085,1922200,3728,2934,13,2947,144
2020-06-06,Santa Cruz,087,273765,256,226,0,226,2
2020-06-06,Shasta,089,179085,73,40,0,40,4
2020-06-06,Sierra,091,2930,1,1,0,1,0
2020-06-06,Siskiyou,093,43540,18,8,0,8,0
2020-06-06,Solano,095,438530,747,560,4,564,19
2020-06-06,Sonoma,097,501317,739,622,1,623,4
2020-06-06,Stanislaus,099,539301,1210,858,5,863,27
2020-06-06,Sutter,101,95872,73,51,0,51,2
2020-06-06,Tehama,103,63373,15,8,2,10,1
2020-06-06,Trinity,105,12862,8,2,2,4,0
2020-06-06,Tulare,107,460477,3137,2213,10,2223,90
2020-06-06,Tuolumne,109,53932,8,4,0,4,0
2020-06-06,Ventura,111,848112,1958,1303,12,1315,30
2020-06-06,Yolo,113,214977,255,223,0,223,24
2020-06-06,Yuba,115,75493,32,27,0,27,1
2020-06-05,Alameda,001,1643700,4277,3734,7,3741,102
2020-06-05,Alpine,003,1148,1,1,0,1,0
2020-06-05,Amador,005,37829,9,10,0,10,0
2020-06-05,Butte,007,227075,91,61,5,66,1
2020-06-05,Calaveras,009,45235,19,16,0,16,0
2020-06-05,Colusa,011,21464,9,7,0,7,0
2020-06-05,Contra Costa,013,1133247,1920,1575,1,1576,37
2020-06-05,Del Norte,015,27424,45,45,0,45,0
2020-06-05,El Dorado,017,186661,130,101,0,101,0
2020-06-05,Fresno,019,978130,3947,2051,54,2105,38
2020-06-05,Glenn,021,27897,25,16,0,16,0
2020-06-05,Humboldt,023,135768,114,111,0,111,2
2020-06-05,Imperial,025,180216,4849,2778,4,2782,19
2020-06-05,Inyo,027,18085,22,21,0,21,1
2020-06-05,Kern,029,883053,3451,2624,9,2633,46
2020-06-05,Kings,031,150075,1731,865,4,869,6
2020-06-05,Lake,033,64148,35,28,0,28,0
2020-06-05,Lassen,035,31185,13,4,2,6,0
2020-06-05,Los Angeles,037,10098052,69599,60955,21,60976,2553
2020-06-05,Madera,039,155013,338,144,1,145,3
2020-06-05,Marin,041,260295,647,546,2,548,17
2020-06-05,Mariposa,043,17540,16,16,0,16,1
2020-06-05,Mendocino,045,87422,33,32,0,32,0
2020-06-05,Merced,047,269075,493,309,1,310,7
2020-06-05,Modoc,049,8938,1,0,0,0,0
2020-06-05,Mono,051,14174,39,35,0,35,1
2020-06-05,Monterey,053,433212,913,649,3,652,10
2020-06-05,Napa,055,140530,168,123,0,123,3
2020-06-05,Nevada,057,99092,54,50,1,51,1
2020-06-05,Orange,059,3164182,10354,7391,73,7464,153
2020-06-05,Placer,061,380077,375,265,2,267,9
2020-06-05,Plumas,063,18699,5,4,0,4,0
2020-06-05,Riverside,065,2383286,11413,8700,23,8723,345
2020-06-05,Sacramento,067,1510023,1686,1514,2,1516,59
2020-06-05,San Benito,069,59416,117,92,0,92,2
2020-06-05,San Bernardino,071,2135413,7624,5869,5,5874,212
2020-06-05,San Diego,073,3302833,9470,8182,0,8182,294
2020-06-05,San Francisco,075,870044,2886,2675,0,2675,43
2020-06-05,San Joaquin,077,732212,1511,1046,4,1050,36
2020-06-05,San Luis Obispo,079,281455,400,293,4,297,1
2020-06-05,San Mateo,081,765935,2572,2331,4,2335,72
2020-06-05,Santa Barbara,083,443738,1997,1795,17,1812,13
2020-06-05,Santa Clara,085,1922200,3693,2902,13,2915,144
2020-06-05,Santa Cruz,087,273765,253,222,0,222,2
2020-06-05,Shasta,089,179085,72,40,0,40,4
2020-06-05,Sierra,091,2930,1,1,0,1,0
2020-06-05,Siskiyou,093,43540,16,8,0,8,0
2020-06-05,Solano,095,438530,740,558,4,562,19
2020-06-05,Sonoma,097,501317,718,618,1,619,4
2020-06-05,Stanislaus,099,539301,1177,842,5,847,27
2020-06-05,Sutter,101,95872,73,49,0,49,2
2020-06-05,Tehama,103,63373,15,7,2,9,1
2020-06-05,Trinity,105,12862,8,1,2,3,0
2020-06-05,Tulare,107,460477,3088,2180,10,2190,90
2020-06-05,Tuolumne,109,53932,8,4,0,4,0
2020-06-05,Ventura,111,848112,1925,1274,12,1286,30
2020-06-05,Yolo,113,214977,254,216,0,216,24
2020-06-05,Yuba,115,75493,32,27,0,27,1
2020-06-04,Alameda,001,1643700,4178,3643,7,3650,99
2020-06-04,Alpine,003,1148,1,1,0,1,0
2020-06-04,Amador,005,37829,9,10,0,10,0
2020-06-04,Butte,007,227075,87,57,4,61,1
2020-06-04,Calaveras,009,45235,19,15,0,15,0
2020-06-04,Colusa,011,21464,9,7,0,7,0
2020-06-04,Contra Costa,013,1133247,1862,1551,1,1552,37
2020-06-04,Del Norte,015,27424,45,45,0,45,0
2020-06-04,El Dorado,017,186661,128,101,0,101,0
2020-06-04,Fresno,019,978130,3841,2007,53,2060,35
2020-06-04,Glenn,021,27897,22,16,0,16,0
2020-06-04,Humboldt,023,135768,114,109,0,109,2
2020-06-04,Imperial,025,180216,4666,2631,4,2635,19
2020-06-04,Inyo,027,18085,22,20,0,20,1
2020-06-04,Kern,029,883053,3335,2530,9,2539,46
2020-06-04,Kings,031,150075,1661,842,4,846,6
2020-06-04,Lake,033,64148,34,27,0,27,0
2020-06-04,Lassen,035,31185,11,4,2,6,0
2020-06-04,Los Angeles,037,10098052,68131,59596,21,59617,2515
2020-06-04,Madera,039,155013,330,127,1,128,3
2020-06-04,Marin,041,260295,625,533,2,535,14
2020-06-04,Mariposa,043,17540,16,16,0,16,1
2020-06-04,Mendocino,045,87422,33,29,0,29,0
2020-06-04,Merced,047,269075,473,304,1,305,7
2020-06-04,Modoc,049,8938,1,0,0,0,0
2020-06-04,Mono,051,14174,39,35,0,35,1
2020-06-04,Monterey,053,433212,878,621,2,623,10
2020-06-04,Napa,055,140530,164,117,0,117,3
2020-06-04,Nevada,057,99092,53,49,1,50,1
2020-06-04,Orange,059,3164182,10100,7192,72,7264,148
2020-06-04,Placer,061,380077,359,256,2,258,9
2020-06-04,Plumas,063,18699,4,4,0,4,0
2020-06-04,Riverside,065,2383286,11135,8473,23,8496,341
2020-06-04,Sacramento,067,1510023,1659,1492,2,1494,58
2020-06-04,San Benito,069,59416,115,88,0,88,2
2020-06-04,San Bernardino,071,2135413,7355,5726,5,5731,207
2020-06-04,San Diego,073,3302833,9307,7942,0,7942,288
2020-06-04,San Francisco,075,870044,2853,2636,0,2636,43
2020-06-04,San Joaquin,077,732212,1449,1016,4,1020,36
2020-06-04,San Luis Obispo,079,281455,389,288,4,292,1
2020-06-04,San Mateo,081,765935,2545,2284,4,2288,72
2020-06-04,Santa Barbara,083,443738,1966,1750,16,1766,13
2020-06-04,Santa Clara,085,1922200,3659,2871,13,2884,144
2020-06-04,Santa Cruz,087,273765,247,218,0,218,2
2020-06-04,Shasta,089,179085,66,40,0,40,4
2020-06-04,Sierra,091,2930,1,1,0,1,0
2020-06-04,Siskiyou,093,43540,15,8,0,8,0
2020-06-04,Solano,095,438530,723,551,4,555,19
2020-06-04,Sonoma,097,501317,699,591,1,592,4
2020-06-04,Stanislaus,099,539301,1101,806,5,811,28
2020-06-04,Sutter,101,95872,68,46,0,46,2
2020-06-04,Tehama,103,63373,14,6,1,7,1
2020-06-04,Trinity,105,12862,8,1,2,3,0
2020-06-04,Tulare,107,460477,2971,2086,10,2096,90
2020-06-04,Tuolumne,109,53932,7,4,0,4,0
2020-06-04,Ventura,111,848112,1881,1236,11,1247,30
2020-06-04,Yolo,113,214977,249,216,0,216,24
2020-06-04,Yuba,115,75493,31,27,0,27,1
2020-06-03,Alameda,001,1643700,4119,3589,6,3595,99
2020-06-03,Alpine,003,1148,1,1,0,1,0
2020-06-03,Amador,005,37829,9,10,0,10,0
2020-06-03,Butte,007,227075,85,53,4,57,1
2020-06-03,Calaveras,009,45235,18,15,0,15,0
2020-06-03,Colusa,011,21464,9,7,0,7,0
2020-06-03,Contra Costa,013,1133247,1814,1511,1,1512,37
2020-06-03,Del Norte,015,27424,45,39,0,39,0
2020-06-03,El Dorado,017,186661,125,90,0,90,0
2020-06-03,Fresno,019,978130,3742,1943,53,1996,35
2020-06-03,Glenn,021,27897,22,16,0,16,0
2020-06-03,Humboldt,023,135768,114,103,0,103,2
2020-06-03,Imperial,025,180216,4493,2540,4,2544,19
2020-06-03,Inyo,027,18085,22,20,0,20,1
2020-06-03,Kern,029,883053,3239,2452,8,2460,44
2020-06-03,Kings,031,150075,1596,744,4,748,6
2020-06-03,Lake,033,64148,32,26,0,26,0
2020-06-03,Lassen,035,31185,11,4,2,6,0
2020-06-03,Los Angeles,037,10098052,66524,58166,21,58187,2472
2020-06-03,Madera,039,155013,322,117,1,118,3
2020-06-03,Marin,041,260295,607,527,2,529,14
2020-06-03,Mariposa,043,17540,16,16,0,16,1
2020-06-03,Mendocino,045,87422,32,29,0,29,0
2020-06-03,Merced,047,269075,459,299,1,300,7
2020-06-03,Modoc,049,8938,1,0,0,0,0
2020-06-03,Mono,051,14174,39,35,0,35,1
2020-06-03,Monterey,053,433212,850,592,2,594,10
2020-06-03,Napa,055,140530,163,116,0,116,3
2020-06-03,Nevada,057,99092,52,43,1,44,1
2020-06-03,Orange,059,3164182,9874,6939,71,7010,145
2020-06-03,Placer,061,380077,339,243,2,245,9
2020-06-03,Plumas,063,18699,4,4,0,4,0
2020-06-03,Riverside,065,2383286,10860,8208,23,8231,335
2020-06-03,Sacramento,067,1510023,1629,1457,2,1459,58
2020-06-03,San Benito,069,59416,109,88,0,88,2
2020-06-03,San Bernardino,071,2135413,7132,5565,5,5570,203
2020-06-03,San Diego,073,3302833,9159,7800,0,7800,283
2020-06-03,San Francisco,075,870044,2822,2608,0,2608,43
2020-06-03,San Joaquin,077,732212,1385,1004,4,1008,35
2020-06-03,San Luis Obispo,079,281455,384,279,4,283,1
2020-06-03,San Mateo,081,765935,2517,2243,4,2247,71
2020-06-03,Santa Barbara,083,443738,1932,1722,15,1737,12
2020-06-03,Santa Clara,085,1922200,3617,2836,13,2849,144
2020-06-03,Santa Cruz,087,273765,241,217,0,217,2
2020-06-03,Shasta,089,179085,63,40,0,40,4
2020-06-03,Sierra,091,2930,1,1,0,1,0
2020-06-03,Siskiyou,093,43540,14,8,0,8,0
2020-06-03,Solano,095,438530,698,543,2,545,18
2020-06-03,Sonoma,097,501317,687,578,1,579,4
2020-06-03,Stanislaus,099,539301,1061,780,5,785,27
2020-06-03,Sutter,101,95872,60,45,0,45,2
2020-06-03,Tehama,103,63373,14,6,1,7,1
2020-06-03,Trinity,105,12862,8,1,2,3,0
2020-06-03,Tulare,107,460477,2902,2041,10,2051,88
2020-06-03,Tuolumne,109,53932,5,4,0,4,0
2020-06-03,Ventura,111,848112,1814,1202,11,1213,30
2020-06-03,Yolo,113,214977,245,213,0,213,24
2020-06-03,Yuba,115,75493,31,27,0,27,1
2020-06-02,Alameda,001,1643700,4043,3517,6,3523,99
2020-06-02,Alpine,003,1148,1,1,0,1,0
2020-06-02,Amador,005,37829,9,10,0,10,0
2020-06-02,Butte,007,227075,81,51,3,54,1
2020-06-02,Calaveras,009,45235,18,15,0,15,0
2020-06-02,Colusa,011,21464,9,7,0,7,0
2020-06-02,Contra Costa,013,1133247,1782,1505,1,1506,37
2020-06-02,Del Norte,015,27424,45,39,0,39,0
2020-06-02,El Dorado,017,186661,124,88,0,88,0
2020-06-02,Fresno,019,978130,3629,1917,53,1970,34
2020-06-02,Glenn,021,27897,21,16,0,16,0
2020-06-02,Humboldt,023,135768,114,101,0,101,2
2020-06-02,Imperial,025,180216,4300,2459,4,2463,19
2020-06-02,Inyo,027,18085,20,20,0,20,1
2020-06-02,Kern,029,883053,3140,2406,6,2412,41
2020-06-02,Kings,031,150075,1568,720,4,724,5
2020-06-02,Lake,033,64148,32,25,0,25,0
2020-06-02,Lassen,035,31185,10,4,2,6,0
2020-06-02,Los Angeles,037,10098052,65122,57144,21,57165,2430
2020-06-02,Madera,039,155013,301,110,1,111,2
2020-06-02,Marin,041,260295,580,509,2,511,14
2020-06-02,Mariposa,043,17540,16,16,0,16,1
2020-06-02,Mendocino,045,87422,32,29,0,29,0
2020-06-02,Merced,047,269075,443,297,1,298,6
2020-06-02,Modoc,049,8938,1,0,0,0,0
2020-06-02,Mono,051,14174,39,35,0,35,1
2020-06-02,Monterey,053,433212,820,582,2,584,10
2020-06-02,Napa,055,140530,154,116,0,116,3
2020-06-02,Nevada,057,99092,51,41,1,42,1
2020-06-02,Orange,059,3164182,9673,6790,70,6860,142
2020-06-02,Placer,061,380077,325,226,2,228,9
2020-06-02,Plumas,063,18699,4,4,0,4,0
2020-06-02,Riverside,065,2383286,10564,8091,21,8112,330
2020-06-02,Sacramento,067,1510023,1600,1428,2,1430,58
2020-06-02,San Benito,069,59416,108,86,0,86,2
2020-06-02,San Bernardino,071,2135413,6924,5438,5,5443,202
2020-06-02,San Diego,073,3302833,9013,7676,0,7676,276
2020-06-02,San Francisco,075,870044,2787,2554,0,2554,43
2020-06-02,San Joaquin,077,732212,1319,985,4,989,35
2020-06-02,San Luis Obispo,079,281455,379,275,4,279,1
2020-06-02,San Mateo,081,765935,2482,2203,4,2207,71
2020-06-02,Santa Barbara,083,443738,1892,1703,15,1718,12
2020-06-02,Santa Clara,085,1922200,3567,2819,13,2832,144
2020-06-02,Santa Cruz,087,273765,236,215,0,215,2
2020-06-02,Shasta,089,179085,62,38,0,38,4
2020-06-02,Sierra,091,2930,1,1,0,1,0
2020-06-02,Siskiyou,093,43540,13,8,0,8,0
2020-06-02,Solano,095,438530,683,537,1,538,18
2020-06-02,Sonoma,097,501317,676,571,1,572,4
2020-06-02,Stanislaus,099,539301,1002,772,5,777,27
2020-06-02,Sutter,101,95872,57,43,0,43,2
2020-06-02,Tehama,103,63373,14,6,1,7,1
2020-06-02,Trinity,105,12862,8,1,2,3,0
2020-06-02,Tulare,107,460477,2822,2012,10,2022,86
2020-06-02,Tuolumne,109,53932,5,4,0,4,0
2020-06-02,Ventura,111,848112,1761,1178,11,1189,30
2020-06-02,Yolo,113,214977,243,213,0,213,24
2020-06-02,Yuba,115,75493,31,27,0,27,1
2020-06-01,Alameda,001,1643700,3977,3460,6,3466,98
2020-06-01,Alpine,003,1148,1,1,0,1,0
2020-06-01,Amador,005,37829,9,10,0,10,0
2020-06-01,Butte,007,227075,80,50,2,52,1
2020-06-01,Calaveras,009,45235,18,15,0,15,0
2020-06-01,Colusa,011,21464,9,7,0,7,0
2020-06-01,Contra Costa,013,1133247,1746,1486,1,1487,37
2020-06-01,Del Norte,015,27424,45,38,0,38,0
2020-06-01,El Dorado,017,186661,122,88,0,88,0
2020-06-01,Fresno,019,978130,3534,1854,51,1905,33
2020-06-01,Glenn,021,27897,21,16,0,16,0
2020-06-01,Humboldt,023,135768,114,98,0,98,2
2020-06-01,Imperial,025,180216,4078,2366,4,2370,14
2020-06-01,Inyo,027,18085,20,20,0,20,1
2020-06-01,Kern,029,883053,3057,2366,6,2372,38
2020-06-01,Kings,031,150075,1300,703,4,707,4
2020-06-01,Lake,033,64148,32,22,0,22,0
2020-06-01,Lassen,035,31185,10,4,2,6,0
2020-06-01,Los Angeles,037,10098052,63659,55899,21,55920,2367
2020-06-01,Madera,039,155013,289,103,1,104,2
2020-06-01,Marin,041,260295,539,495,2,497,14
2020-06-01,Mariposa,043,17540,16,16,0,16,1
2020-06-01,Mendocino,045,87422,32,28,0,28,0
2020-06-01,Merced,047,269075,424,289,1,290,6
2020-06-01,Modoc,049,8938,1,0,0,0,0
2020-06-01,Mono,051,14174,39,35,0,35,1
2020-06-01,Monterey,053,433212,795,554,2,556,10
2020-06-01,Napa,055,140530,151,114,0,114,3
2020-06-01,Nevada,057,99092,51,41,1,42,1
2020-06-01,Orange,059,3164182,9476,6640,69,6709,135
2020-06-01,Placer,061,380077,313,218,2,220,9
2020-06-01,Plumas,063,18699,4,4,0,4,0
2020-06-01,Riverside,065,2383286,10112,7921,20,7941,322
2020-06-01,Sacramento,067,1510023,1561,1415,2,1417,58
2020-06-01,San Benito,069,59416,105,86,0,86,2
2020-06-01,San Bernardino,071,2135413,6718,5310,5,5315,202
2020-06-01,San Diego,073,3302833,8833,7556,0,7556,269
2020-06-01,San Francisco,075,870044,2750,2546,0,2546,43
2020-06-01,San Joaquin,077,732212,1254,957,4,961,35
2020-06-01,San Luis Obispo,079,281455,375,275,4,279,1
2020-06-01,San Mateo,081,765935,2452,2190,4,2194,71
2020-06-01,Santa Barbara,083,443738,1858,1671,14,1685,10
2020-06-01,Santa Clara,085,1922200,3529,2797,12,2809,142
2020-06-01,Santa Cruz,087,273765,232,215,0,215,2
2020-06-01,Shasta,089,179085,62,38,0,38,4
2020-06-01,Sierra,091,2930,1,1,0,1,0
2020-06-01,Siskiyou,093,43540,13,7,0,7,0
2020-06-01,Solano,095,438530,659,529,1,530,17
2020-06-01,Sonoma,097,501317,660,565,1,566,4
2020-06-01,Stanislaus,099,539301,965,758,5,763,27
2020-06-01,Sutter,101,95872,52,43,0,43,2
2020-06-01,Tehama,103,63373,11,5,1,6,1
2020-06-01,Trinity,105,12862,7,1,2,3,0
2020-06-01,Tulare,107,460477,2707,1976,10,1986,84
2020-06-01,Tuolumne,109,53932,4,4,0,4,0
2020-06-01,Ventura,111,848112,1708,1163,11,1174,29
2020-06-01,Yolo,113,214977,240,212,0,212,24
2020-06-01,Yuba,115,75493,30,26,0,26,1
2020-05-31,Alameda,001,1643700,3872,3362,6,3368,98
2020-05-31,Alpine,003,1148,1,1,0,1,0
2020-05-31,Amador,005,37829,9,10,0,10,0
2020-05-31,Butte,007,227075,78,51,2,53,0
2020-05-31,Calaveras,009,45235,15,15,0,15,0
2020-05-31,Colusa,011,21464,9,5,0,5,0
2020-05-31,Contra Costa,013,1133247,1712,1458,1,1459,37
2020-05-31,Del Norte,015,27424,45,37,0,37,0
2020-05-31,El Dorado,017,186661,118,88,0,88,0
2020-05-31,Fresno,019,978130,3369,1780,45,1825,31
2020-05-31,Glenn,021,27897,20,16,0,16,0
2020-05-31,Humboldt,023,135768,112,98,0,98,2
2020-05-31,Imperial,025,180216,3811,2197,4,2201,14
2020-05-31,Inyo,027,18085,20,20,0,20,1
2020-05-31,Kern,029,883053,2922,2300,6,2306,38
2020-05-31,Kings,031,150075,1263,703,4,707,3
2020-05-31,Lake,033,64148,32,19,0,19,0
2020-05-31,Lassen,035,31185,10,4,2,6,0
2020-05-31,Los Angeles,037,10098052,62369,54925,21,54946,2344
2020-05-31,Madera,039,155013,271,101,1,102,2
2020-05-31,Marin,041,260295,529,486,2,488,14
2020-05-31,Mariposa,043,17540,16,16,0,16,1
2020-05-31,Mendocino,045,87422,32,24,0,24,0
2020-05-31,Merced,047,269075,397,288,0,288,6
2020-05-31,Modoc,049,8938,0,0,0,0,0
2020-05-31,Mono,051,14174,39,34,0,34,1
2020-05-31,Monterey,053,433212,721,545,2,547,10
2020-05-31,Napa,055,140530,149,114,0,114,3
2020-05-31,Nevada,057,99092,50,41,1,42,1
2020-05-31,Orange,059,3164182,9266,6532,68,6600,135
2020-05-31,Placer,061,380077,291,215,2,217,9
2020-05-31,Plumas,063,18699,4,4,0,4,0
2020-05-31,Riverside,065,2383286,9856,7704,20,7724,321
2020-05-31,Sacramento,067,1510023,1530,1398,2,1400,57
2020-05-31,San Benito,069,59416,99,85,0,85,2
2020-05-31,San Bernardino,071,2135413,6450,5185,5,5190,198
2020-05-31,San Diego,073,3302833,8639,7483,0,7483,269
2020-05-31,San Francisco,075,870044,2714,2501,0,2501,43
2020-05-31,San Joaquin,077,732212,1189,888,4,892,34
2020-05-31,San Luis Obispo,079,281455,365,271,4,275,1
2020-05-31,San Mateo,081,765935,2406,2169,4,2173,71
2020-05-31,Santa Barbara,083,443738,1807,1662,13,1675,9
2020-05-31,Santa Clara,085,1922200,3485,2785,12,2797,142
2020-05-31,Santa Cruz,087,273765,229,210,0,210,2
2020-05-31,Shasta,089,179085,60,38,0,38,4
2020-05-31,Sierra,091,2930,1,1,0,1,0
2020-05-31,Siskiyou,093,43540,12,7,0,7,0
2020-05-31,Solano,095,438530,633,512,1,513,6
2020-05-31,Sonoma,097,501317,640,555,1,556,4
2020-05-31,Stanislaus,099,539301,911,738,5,743,27
2020-05-31,Sutter,101,95872,50,42,0,42,2
2020-05-31,Tehama,103,63373,10,4,1,5,1
2020-05-31,Trinity,105,12862,7,1,2,3,0
2020-05-31,Tulare,107,460477,2634,1884,10,1894,82
2020-05-31,Tuolumne,109,53932,4,4,0,4,0
2020-05-31,Ventura,111,848112,1647,1151,11,1162,30
2020-05-31,Yolo,113,214977,234,211,0,211,24
2020-05-31,Yuba,115,75493,30,26,0,26,1
2020-05-30,Alameda,001,1643700,3846,3304,6,3310,96
2020-05-30,Alpine,003,1148,1,1,0,1,0
2020-05-30,Amador,005,37829,9,10,0,10,0
2020-05-30,Butte,007,227075,77,44,2,46,0
2020-05-30,Calaveras,009,45235,14,15,0,15,0
2020-05-30,Colusa,011,21464,8,5,0,5,0
2020-05-30,Contra Costa,013,1133247,1696,1429,1,1430,37
2020-05-30,Del Norte,015,27424,45,37,0,37,0
2020-05-30,El Dorado,017,186661,117,86,0,86,0
2020-05-30,Fresno,019,978130,3308,1744,44,1788,31
2020-05-30,Glenn,021,27897,19,16,0,16,0
2020-05-30,Humboldt,023,135768,111,98,0,98,2
2020-05-30,Imperial,025,180216,3721,2091,4,2095,14
2020-05-30,Inyo,027,18085,20,20,0,20,1
2020-05-30,Kern,029,883053,2853,2217,6,2223,38
2020-05-30,Kings,031,150075,1249,703,4,707,3
2020-05-30,Lake,033,64148,31,18,0,18,0
2020-05-30,Lassen,035,31185,10,4,2,6,0
2020-05-30,Los Angeles,037,10098052,61833,53627,21,53648,2319
2020-05-30,Madera,039,155013,266,101,1,102,2
2020-05-30,Marin,041,260295,529,462,2,464,14
2020-05-30,Mariposa,043,17540,16,16,0,16,1
2020-05-30,Mendocino,045,87422,32,24,0,24,0
2020-05-30,Merced,047,269075,396,285,0,285,6
2020-05-30,Modoc,049,8938,0,0,0,0,0
2020-05-30,Mono,051,14174,39,34,0,34,1
2020-05-30,Monterey,053,433212,705,520,2,522,10
2020-05-30,Napa,055,140530,147,113,0,113,3
2020-05-30,Nevada,057,99092,50,41,1,42,1
2020-05-30,Orange,059,3164182,9109,6354,68,6422,134
2020-05-30,Placer,061,380077,283,199,1,200,9
2020-05-30,Plumas,063,18699,4,4,0,4,0
2020-05-30,Riverside,065,2383286,9712,7492,20,7512,316
2020-05-30,Sacramento,067,1510023,1519,1384,2,1386,57
2020-05-30,San Benito,069,59416,98,85,0,85,2
2020-05-30,San Bernardino,071,2135413,6341,5122,5,5127,198
2020-05-30,San Diego,073,3302833,8546,7387,0,7387,269
2020-05-30,San Francisco,075,870044,2689,2496,0,2496,41
2020-05-30,San Joaquin,077,732212,1151,888,4,892,34
2020-05-30,San Luis Obispo,079,281455,360,270,4,274,1
2020-05-30,San Mateo,081,765935,2382,2129,4,2133,71
2020-05-30,Santa Barbara,083,443738,1788,1660,13,1673,9
2020-05-30,Santa Clara,085,1922200,3469,2741,12,2753,141
2020-05-30,Santa Cruz,087,273765,229,206,0,206,2
2020-05-30,Shasta,089,179085,60,36,0,36,4
2020-05-30,Sierra,091,2930,1,1,0,1,0
2020-05-30,Siskiyou,093,43540,11,7,0,7,0
2020-05-30,Solano,095,438530,626,512,1,513,6
2020-05-30,Sonoma,097,501317,630,551,1,552,4
2020-05-30,Stanislaus,099,539301,894,712,5,717,27
2020-05-30,Sutter,101,95872,49,40,0,40,2
2020-05-30,Tehama,103,63373,10,4,1,5,1
2020-05-30,Trinity,105,12862,7,1,2,3,0
2020-05-30,Tulare,107,460477,2597,1879,10,1889,81
2020-05-30,Tuolumne,109,53932,4,4,0,4,0
2020-05-30,Ventura,111,848112,1630,1116,11,1127,30
2020-05-30,Yolo,113,214977,230,210,0,210,24
2020-05-30,Yuba,115,75493,30,25,0,25,1
2020-05-29,Alameda,001,1643700,3811,3209,6,3215,96
2020-05-29,Alpine,003,1148,1,1,0,1,0
2020-05-29,Amador,005,37829,9,10,0,10,0
2020-05-29,Butte,007,227075,72,41,2,43,0
2020-05-29,Calaveras,009,45235,14,15,0,15,0
2020-05-29,Colusa,011,21464,8,5,0,5,0
2020-05-29,Contra Costa,013,1133247,1680,1411,1,1412,37
2020-05-29,Del Norte,015,27424,45,37,0,37,0
2020-05-29,El Dorado,017,186661,116,85,0,85,0
2020-05-29,Fresno,019,978130,3258,1687,44,1731,31
2020-05-29,Glenn,021,27897,19,14,0,14,0
2020-05-29,Humboldt,023,135768,110,98,0,98,2
2020-05-29,Imperial,025,180216,3603,1607,4,1611,14
2020-05-29,Inyo,027,18085,20,20,0,20,1
2020-05-29,Kern,029,883053,2795,2128,6,2134,36
2020-05-29,Kings,031,150075,1238,693,4,697,3
2020-05-29,Lake,033,64148,30,17,0,17,0
2020-05-29,Lassen,035,31185,10,0,2,2,0
2020-05-29,Los Angeles,037,10098052,60878,51578,21,51599,2273
2020-05-29,Madera,039,155013,251,98,1,99,2
2020-05-29,Marin,041,260295,521,448,2,450,14
2020-05-29,Mariposa,043,17540,16,16,0,16,1
2020-05-29,Mendocino,045,87422,30,25,0,25,0
2020-05-29,Merced,047,269075,391,285,0,285,7
2020-05-29,Modoc,049,8938,0,0,0,0,0
2020-05-29,Mono,051,14174,38,34,0,34,1
2020-05-29,Monterey,053,433212,675,479,2,481,10
2020-05-29,Napa,055,140530,144,113,0,113,3
2020-05-29,Nevada,057,99092,50,41,1,42,1
2020-05-29,Orange,059,3164182,8924,6176,66,6242,133
2020-05-29,Placer,061,380077,261,199,1,200,9
2020-05-29,Plumas,063,18699,4,4,0,4,0
2020-05-29,Riverside,065,2383286,9526,7376,20,7396,313
2020-05-29,Sacramento,067,1510023,1496,1360,2,1362,57
2020-05-29,San Benito,069,59416,98,84,0,84,2
2020-05-29,San Bernardino,071,2135413,6233,4983,5,4988,196
2020-05-29,San Diego,073,3302833,8423,7242,0,7242,266
2020-05-29,San Francisco,075,870044,2665,2453,0,2453,41
2020-05-29,San Joaquin,077,732212,1114,855,4,859,34
2020-05-29,San Luis Obispo,079,281455,356,270,4,274,1
2020-05-29,San Mateo,081,765935,2366,2103,4,2107,71
2020-05-29,Santa Barbara,083,443738,1761,1656,13,1669,9
2020-05-29,Santa Clara,085,1922200,3441,2707,12,2719,141
2020-05-29,Santa Cruz,087,273765,226,203,0,203,2
2020-05-29,Shasta,089,179085,60,36,0,36,4
2020-05-29,Sierra,091,2930,1,1,0,1,0
2020-05-29,Siskiyou,093,43540,11,7,0,7,0
2020-05-29,Solano,095,438530,618,498,1,499,6
2020-05-29,Sonoma,097,501317,619,537,1,538,4
2020-05-29,Stanislaus,099,539301,864,698,5,703,27
2020-05-29,Sutter,101,95872,47,40,0,40,2
2020-05-29,Tehama,103,63373,9,4,1,5,1
2020-05-29,Trinity,105,12862,7,1,2,3,0
2020-05-29,Tulare,107,460477,2559,1852,10,1862,80
2020-05-29,Tuolumne,109,53932,4,4,0,4,0
2020-05-29,Ventura,111,848112,1606,1093,11,1104,29
2020-05-29,Yolo,113,214977,226,211,0,211,24
2020-05-29,Yuba,115,75493,29,25,0,25,1
2020-05-28,Alameda,001,1643700,3711,3083,6,3089,94
2020-05-28,Alpine,003,1148,1,1,0,1,0
2020-05-28,Amador,005,37829,9,10,0,10,0
2020-05-28,Butte,007,227075,71,40,2,42,0
2020-05-28,Calaveras,009,45235,13,15,0,15,0
2020-05-28,Colusa,011,21464,8,5,0,5,0
2020-05-28,Contra Costa,013,1133247,1641,1392,1,1393,37
2020-05-28,Del Norte,015,27424,45,37,0,37,0
2020-05-28,El Dorado,017,186661,113,82,0,82,0
2020-05-28,Fresno,019,978130,3177,1653,43,1696,31
2020-05-28,Glenn,021,27897,18,14,0,14,0
2020-05-28,Humboldt,023,135768,109,97,0,97,2
2020-05-28,Imperial,025,180216,3408,1430,4,1434,14
2020-05-28,Inyo,027,18085,20,20,0,20,1
2020-05-28,Kern,029,883053,2717,2069,6,2075,36
2020-05-28,Kings,031,150075,901,626,4,630,3
2020-05-28,Lake,033,64148,29,17,0,17,0
2020-05-28,Lassen,035,31185,10,0,2,2,0
2020-05-28,Los Angeles,037,10098052,59299,49861,21,49882,2222
2020-05-28,Madera,039,155013,233,93,1,94,2
2020-05-28,Marin,041,260295,496,443,2,445,14
2020-05-28,Mariposa,043,17540,16,16,0,16,1
2020-05-28,Mendocino,045,87422,28,24,0,24,0
2020-05-28,Merced,047,269075,382,283,0,283,7
2020-05-28,Modoc,049,8938,0,0,0,0,0
2020-05-28,Mono,051,14174,38,34,0,34,1
2020-05-28,Monterey,053,433212,643,471,2,473,10
2020-05-28,Napa,055,140530,141,113,0,113,3
2020-05-28,Nevada,057,99092,45,41,1,42,1
2020-05-28,Orange,059,3164182,8728,6045,66,6111,130
2020-05-28,Placer,061,380077,254,196,1,197,9
2020-05-28,Plumas,063,18699,4,4,0,4,0
2020-05-28,Riverside,065,2383286,9123,7240,19,7259,304
2020-05-28,Sacramento,067,1510023,1476,1339,2,1341,57
2020-05-28,San Benito,069,59416,97,82,0,82,2
2020-05-28,San Bernardino,071,2135413,6068,4831,5,4836,191
2020-05-28,San Diego,073,3302833,8266,7102,0,7102,260
2020-05-28,San Francisco,075,870044,2631,2417,0,2417,40
2020-05-28,San Joaquin,077,732212,1079,840,4,844,34
2020-05-28,San Luis Obispo,079,281455,353,267,4,271,1
2020-05-28,San Mateo,081,765935,2339,2070,4,2074,71
2020-05-28,Santa Barbara,083,443738,1732,1642,12,1654,9
2020-05-28,Santa Clara,085,1922200,3401,2698,12,2710,140
2020-05-28,Santa Cruz,087,273765,225,201,0,201,2
2020-05-28,Shasta,089,179085,58,36,0,36,4
2020-05-28,Sierra,091,2930,1,1,0,1,0
2020-05-28,Siskiyou,093,43540,9,6,0,6,0
2020-05-28,Solano,095,438530,601,489,1,490,6
2020-05-28,Sonoma,097,501317,597,529,1,530,4
2020-05-28,Stanislaus,099,539301,823,684,5,689,27
2020-05-28,Sutter,101,95872,47,40,0,40,2
2020-05-28,Tehama,103,63373,9,4,1,5,1
2020-05-28,Trinity,105,12862,6,1,2,3,0
2020-05-28,Tulare,107,460477,2523,1832,10,1842,79
2020-05-28,Tuolumne,109,53932,4,4,0,4,0
2020-05-28,Ventura,111,848112,1573,1083,11,1094,29
2020-05-28,Yolo,113,214977,223,206,0,206,22
2020-05-28,Yuba,115,75493,28,24,0,24,1
2020-05-27,Alameda,001,1643700,3627,3037,6,3043,94
2020-05-27,Alpine,003,1148,1,1,0,1,0
2020-05-27,Amador,005,37829,9,10,0,10,0
2020-05-27,Butte,007,227075,68,40,1,41,0
2020-05-27,Calaveras,009,45235,12,15,0,15,0
2020-05-27,Colusa,011,21464,8,5,0,5,0
2020-05-27,Contra Costa,013,1133247,1601,1373,1,1374,37
2020-05-27,Del Norte,015,27424,45,34,0,34,0
2020-05-27,El Dorado,017,186661,112,82,0,82,0
2020-05-27,Fresno,019,978130,3089,1620,43,1663,27
2020-05-27,Glenn,021,27897,18,14,0,14,0
2020-05-27,Humboldt,023,135768,109,86,0,86,2
2020-05-27,Imperial,025,180216,3227,1369,4,1373,14
2020-05-27,Inyo,027,18085,20,20,0,20,1
2020-05-27,Kern,029,883053,2652,1999,6,2005,37
2020-05-27,Kings,031,150075,874,586,4,590,3
2020-05-27,Lake,033,64148,29,13,0,13,0
2020-05-27,Lassen,035,31185,10,0,2,2,0
2020-05-27,Los Angeles,037,10098052,57924,48711,21,48732,2177
2020-05-27,Madera,039,155013,224,91,1,92,2
2020-05-27,Marin,041,260295,467,439,2,441,14
2020-05-27,Mariposa,043,17540,16,16,0,16,1
2020-05-27,Mendocino,045,87422,27,21,0,21,0
2020-05-27,Merced,047,269075,378,278,0,278,7
2020-05-27,Modoc,049,8938,0,0,0,0,0
2020-05-27,Mono,051,14174,38,34,0,34,1
2020-05-27,Monterey,053,433212,603,443,2,445,8
2020-05-27,Napa,055,140530,136,112,0,112,3
2020-05-27,Nevada,057,99092,44,41,1,42,1
2020-05-27,Orange,059,3164182,8573,5849,66,5915,121
2020-05-27,Placer,061,380077,235,196,0,196,9
2020-05-27,Plumas,063,18699,4,4,0,4,0
2020-05-27,Riverside,065,2383286,8744,7156,19,7175,299
2020-05-27,Sacramento,067,1510023,1448,1318,2,1320,50
2020-05-27,San Benito,069,59416,94,74,0,74,2
2020-05-27,San Bernardino,071,2135413,5884,4708,5,4713,183
2020-05-27,San Diego,073,3302833,8115,6985,0,6985,255
2020-05-27,San Francisco,075,870044,2602,2394,0,2394,40
2020-05-27,San Joaquin,077,732212,1038,825,4,829,34
2020-05-27,San Luis Obispo,079,281455,348,266,4,270,1
2020-05-27,San Mateo,081,765935,2299,2045,4,2049,71
2020-05-27,Santa Barbara,083,443738,1717,1629,12,1641,9
2020-05-27,Santa Clara,085,1922200,3368,2680,12,2692,140
2020-05-27,Santa Cruz,087,273765,221,202,0,202,2
2020-05-27,Shasta,089,179085,55,36,0,36,4
2020-05-27,Sierra,091,2930,1,1,0,1,0
2020-05-27,Siskiyou,093,43540,9,6,0,6,0
2020-05-27,Solano,095,438530,581,477,1,478,5
2020-05-27,Sonoma,097,501317,583,521,1,522,4
2020-05-27,Stanislaus,099,539301,798,675,5,680,27
2020-05-27,Sutter,101,95872,46,40,0,40,2
2020-05-27,Tehama,103,63373,9,3,1,4,1
2020-05-27,Trinity,105,12862,6,1,2,3,0
2020-05-27,Tulare,107,460477,2471,1817,10,1827,77
2020-05-27,Tuolumne,109,53932,4,4,0,4,0
2020-05-27,Ventura,111,848112,1548,1065,11,1076,28
2020-05-27,Yolo,113,214977,222,204,0,204,22
2020-05-27,Yuba,115,75493,28,24,0,24,1
2020-05-26,Alameda,001,1643700,3532,2956,6,2962,92
2020-05-26,Alpine,003,1148,1,1,0,1,0
2020-05-26,Amador,005,37829,9,10,0,10,0
2020-05-26,Butte,007,227075,66,37,1,38,0
2020-05-26,Calaveras,009,45235,12,13,0,13,0
2020-05-26,Colusa,011,21464,8,4,0,4,0
2020-05-26,Contra Costa,013,1133247,1566,1352,1,1353,37
2020-05-26,Del Norte,015,27424,44,30,0,30,0
2020-05-26,El Dorado,017,186661,108,79,0,79,0
2020-05-26,Fresno,019,978130,3002,1496,43,1539,22
2020-05-26,Glenn,021,27897,16,12,0,12,0
2020-05-26,Humboldt,023,135768,107,81,0,81,2
2020-05-26,Imperial,025,180216,3011,1369,4,1373,14
2020-05-26,Inyo,027,18085,20,20,0,20,1
2020-05-26,Kern,029,883053,2574,1890,6,1896,31
2020-05-26,Kings,031,150075,806,449,3,452,2
2020-05-26,Lake,033,64148,27,12,0,12,0
2020-05-26,Lassen,035,31185,9,0,2,2,0
2020-05-26,Los Angeles,037,10098052,56457,47760,21,47781,2121
2020-05-26,Madera,039,155013,209,83,1,84,2
2020-05-26,Marin,041,260295,455,424,2,426,14
2020-05-26,Mariposa,043,17540,16,16,0,16,1
2020-05-26,Mendocino,045,87422,25,20,0,20,0
2020-05-26,Merced,047,269075,363,266,0,266,7
2020-05-26,Modoc,049,8938,0,1,0,1,0
2020-05-26,Mono,051,14174,37,34,0,34,1
2020-05-26,Monterey,053,433212,575,424,1,425,8
2020-05-26,Napa,055,140530,131,109,0,109,3
2020-05-26,Nevada,057,99092,43,41,1,42,1
2020-05-26,Orange,059,3164182,8303,5651,65,5716,115
2020-05-26,Placer,061,380077,230,188,0,188,9
2020-05-26,Plumas,063,18699,4,4,0,4,0
2020-05-26,Riverside,065,2383286,8297,6917,19,6936,284
2020-05-26,Sacramento,067,1510023,1422,1298,2,1300,50
2020-05-26,San Benito,069,59416,89,69,0,69,2
2020-05-26,San Bernardino,071,2135413,5716,4430,5,4435,175
2020-05-26,San Diego,073,3302833,7972,6884,0,6884,249
2020-05-26,San Francisco,075,870044,2569,2363,0,2363,40
2020-05-26,San Joaquin,077,732212,991,760,4,764,33
2020-05-26,San Luis Obispo,079,281455,346,260,4,264,1
2020-05-26,San Mateo,081,765935,2261,1967,3,1970,71
2020-05-26,Santa Barbara,083,443738,1700,1590,11,1601,9
2020-05-26,Santa Clara,085,1922200,3335,2659,12,2671,139
2020-05-26,Santa Cruz,087,273765,219,197,0,197,2
2020-05-26,Shasta,089,179085,55,36,0,36,4
2020-05-26,Sierra,091,2930,1,1,0,1,0
2020-05-26,Siskiyou,093,43540,8,6,0,6,0
2020-05-26,Solano,095,438530,563,470,1,471,5
2020-05-26,Sonoma,097,501317,575,509,0,509,4
2020-05-26,Stanislaus,099,539301,777,663,5,668,27
2020-05-26,Sutter,101,95872,45,39,0,39,2
2020-05-26,Tehama,103,63373,8,2,1,3,1
2020-05-26,Trinity,105,12862,6,1,2,3,0
2020-05-26,Tulare,107,460477,2415,1768,10,1778,76
2020-05-26,Tuolumne,109,53932,4,2,0,2,0
2020-05-26,Ventura,111,848112,1511,1033,8,1041,27
2020-05-26,Yolo,113,214977,216,198,0,198,22
2020-05-26,Yuba,115,75493,27,24,0,24,1
2020-05-25,Alameda,001,1643700,3439,2900,5,2905,92
2020-05-25,Alpine,003,1148,1,1,0,1,0
2020-05-25,Amador,005,37829,9,10,0,10,0
2020-05-25,Butte,007,227075,63,37,1,38,0
2020-05-25,Calaveras,009,45235,12,13,0,13,0
2020-05-25,Colusa,011,21464,7,4,0,4,0
2020-05-25,Contra Costa,013,1133247,1533,1348,1,1349,37
2020-05-25,Del Norte,015,27424,44,20,0,20,0
2020-05-25,El Dorado,017,186661,100,78,0,78,0
2020-05-25,Fresno,019,978130,2898,1496,41,1537,22
2020-05-25,Glenn,021,27897,16,12,0,12,0
2020-05-25,Humboldt,023,135768,106,81,0,81,2
2020-05-25,Imperial,025,180216,2800,1369,4,1373,14
2020-05-25,Inyo,027,18085,19,20,0,20,1
2020-05-25,Kern,029,883053,2503,1890,6,1896,31
2020-05-25,Kings,031,150075,776,447,3,450,2
2020-05-25,Lake,033,64148,25,13,0,13,0
2020-05-25,Lassen,035,31185,9,0,2,2,0
2020-05-25,Los Angeles,037,10098052,54646,45952,20,45972,2094
2020-05-25,Madera,039,155013,196,83,1,84,2
2020-05-25,Marin,041,260295,437,415,2,417,14
2020-05-25,Mariposa,043,17540,16,15,0,15,1
2020-05-25,Mendocino,045,87422,22,19,0,19,0
2020-05-25,Merced,047,269075,356,262,0,262,6
2020-05-25,Modoc,049,8938,0,1,0,1,0
2020-05-25,Mono,051,14174,37,34,0,34,1
2020-05-25,Monterey,053,433212,545,418,1,419,8
2020-05-25,Napa,055,140530,131,107,0,107,3
2020-05-25,Nevada,057,99092,43,41,1,42,1
2020-05-25,Orange,059,3164182,8081,5601,64,5665,115
2020-05-25,Placer,061,380077,226,186,0,186,9
2020-05-25,Plumas,063,18699,4,4,0,4,0
2020-05-25,Riverside,065,2383286,8066,6900,19,6919,284
2020-05-25,Sacramento,067,1510023,1402,1290,1,1291,50
2020-05-25,San Benito,069,59416,88,70,0,70,2
2020-05-25,San Bernardino,071,2135413,5526,4393,4,4397,175
2020-05-25,San Diego,073,3302833,7796,6799,0,6799,249
2020-05-25,San Francisco,075,870044,2532,2358,0,2358,40
2020-05-25,San Joaquin,077,732212,965,760,4,764,33
2020-05-25,San Luis Obispo,079,281455,343,260,4,264,1
2020-05-25,San Mateo,081,765935,2225,1938,3,1941,71
2020-05-25,Santa Barbara,083,443738,1690,1590,11,1601,9
2020-05-25,Santa Clara,085,1922200,3302,2647,12,2659,139
2020-05-25,Santa Cruz,087,273765,217,191,0,191,2
2020-05-25,Shasta,089,179085,54,36,0,36,4
2020-05-25,Sierra,091,2930,1,1,0,1,0
2020-05-25,Siskiyou,093,43540,8,6,0,6,0
2020-05-25,Solano,095,438530,549,437,1,438,5
2020-05-25,Sonoma,097,501317,563,496,0,496,4
2020-05-25,Stanislaus,099,539301,747,651,5,656,27
2020-05-25,Sutter,101,95872,45,38,0,38,2
2020-05-25,Tehama,103,63373,7,2,1,3,1
2020-05-25,Trinity,105,12862,6,1,2,3,0
2020-05-25,Tulare,107,460477,2351,1747,10,1757,76
2020-05-25,Tuolumne,109,53932,4,2,0,2,0
2020-05-25,Ventura,111,848112,1470,1020,8,1028,27
2020-05-25,Yolo,113,214977,214,197,0,197,22
2020-05-25,Yuba,115,75493,26,24,0,24,1
2020-05-24,Alameda,001,1643700,3366,2830,5,2835,92
2020-05-24,Alpine,003,1148,1,1,0,1,0
2020-05-24,Amador,005,37829,9,9,0,9,0
2020-05-24,Butte,007,227075,61,35,1,36,0
2020-05-24,Calaveras,009,45235,12,13,0,13,0
2020-05-24,Colusa,011,21464,7,4,0,4,0
2020-05-24,Contra Costa,013,1133247,1505,1325,1,1326,37
2020-05-24,Del Norte,015,27424,43,16,0,16,0
2020-05-24,El Dorado,017,186661,99,76,0,76,0
2020-05-24,Fresno,019,978130,2831,1455,40,1495,22
2020-05-24,Glenn,021,27897,15,12,0,12,0
2020-05-24,Humboldt,023,135768,106,81,0,81,2
2020-05-24,Imperial,025,180216,2674,1369,4,1373,14
2020-05-24,Inyo,027,18085,19,20,0,20,1
2020-05-24,Kern,029,883053,2430,1861,5,1866,31
2020-05-24,Kings,031,150075,765,446,3,449,2
2020-05-24,Lake,033,64148,24,12,0,12,0
2020-05-24,Lassen,035,31185,8,0,2,2,0
2020-05-24,Los Angeles,037,10098052,53632,44954,20,44974,2085
2020-05-24,Madera,039,155013,190,83,1,84,2
2020-05-24,Marin,041,260295,435,401,2,403,14
2020-05-24,Mariposa,043,17540,16,15,0,15,1
2020-05-24,Mendocino,045,87422,21,19,0,19,0
2020-05-24,Merced,047,269075,355,258,0,258,6
2020-05-24,Modoc,049,8938,0,0,0,0,0
2020-05-24,Mono,051,14174,37,34,0,34,1
2020-05-24,Monterey,053,433212,517,405,1,406,8
2020-05-24,Napa,055,140530,129,104,0,104,3
2020-05-24,Nevada,057,99092,43,41,1,42,1
2020-05-24,Orange,059,3164182,7927,5439,63,5502,113
2020-05-24,Placer,061,380077,218,184,0,184,9
2020-05-24,Plumas,063,18699,4,4,0,4,0
2020-05-24,Riverside,065,2383286,7925,6571,19,6590,284
2020-05-24,Sacramento,067,1510023,1386,1283,1,1284,50
2020-05-24,San Benito,069,59416,87,67,0,67,2
2020-05-24,San Bernardino,071,2135413,5418,4262,4,4266,175
2020-05-24,San Diego,073,3302833,7653,6703,0,6703,249
2020-05-24,San Francisco,075,870044,2508,2318,0,2318,40
2020-05-24,San Joaquin,077,732212,946,760,4,764,33
2020-05-24,San Luis Obispo,079,281455,341,257,4,261,1
2020-05-24,San Mateo,081,765935,2190,1925,3,1928,71
2020-05-24,Santa Barbara,083,443738,1678,1573,11,1584,9
2020-05-24,Santa Clara,085,1922200,3282,2623,12,2635,139
2020-05-24,Santa Cruz,087,273765,214,185,0,185,2
2020-05-24,Shasta,089,179085,53,36,0,36,4
2020-05-24,Sierra,091,2930,1,1,0,1,0
2020-05-24,Siskiyou,093,43540,7,6,0,6,0
2020-05-24,Solano,095,438530,541,436,0,436,5
2020-05-24,Sonoma,097,501317,552,485,0,485,4
2020-05-24,Stanislaus,099,539301,727,634,5,639,27
2020-05-24,Sutter,101,95872,45,38,0,38,2
2020-05-24,Tehama,103,63373,5,2,1,3,1
2020-05-24,Trinity,105,12862,6,1,2,3,0
2020-05-24,Tulare,107,460477,2305,1684,10,1694,74
2020-05-24,Tuolumne,109,53932,4,2,0,2,0
2020-05-24,Ventura,111,848112,1458,982,8,990,27
2020-05-24,Yolo,113,214977,212,192,0,192,22
2020-05-24,Yuba,115,75493,26,24,0,24,1
2020-05-23,Alameda,001,1643700,3325,2783,5,2788,91
2020-05-23,Alpine,003,1148,1,1,0,1,0
2020-05-23,Amador,005,37829,9,9,0,9,0
2020-05-23,Butte,007,227075,60,34,1,35,0
2020-05-23,Calaveras,009,45235,12,13,0,13,0
2020-05-23,Colusa,011,21464,7,4,0,4,0
2020-05-23,Contra Costa,013,1133247,1494,1302,1,1303,36
2020-05-23,Del Norte,015,27424,43,10,0,10,0
2020-05-23,El Dorado,017,186661,99,74,0,74,0
2020-05-23,Fresno,019,978130,2811,1447,40,1487,21
2020-05-23,Glenn,021,27897,15,12,0,12,0
2020-05-23,Humboldt,023,135768,104,80,0,80,2
2020-05-23,Imperial,025,180216,2586,1283,4,1287,14
2020-05-23,Inyo,027,18085,19,20,0,20,1
2020-05-23,Kern,029,883053,2387,1806,5,1811,31
2020-05-23,Kings,031,150075,761,444,3,447,2
2020-05-23,Lake,033,64148,23,10,0,10,0
2020-05-23,Lassen,035,31185,8,0,2,2,0
2020-05-23,Los Angeles,037,10098052,53090,44029,20,44049,2069
2020-05-23,Madera,039,155013,186,83,1,84,2
2020-05-23,Marin,041,260295,435,393,1,394,14
2020-05-23,Mariposa,043,17540,16,15,0,15,1
2020-05-23,Mendocino,045,87422,21,13,0,13,0
2020-05-23,Merced,047,269075,352,247,0,247,6
2020-05-23,Modoc,049,8938,0,0,0,0,0
2020-05-23,Mono,051,14174,36,34,0,34,1
2020-05-23,Monterey,053,433212,503,397,1,398,8
2020-05-23,Napa,055,140530,125,101,0,101,3
2020-05-23,Nevada,057,99092,43,41,1,42,1
2020-05-23,Orange,059,3164182,7768,5313,62,5375,113
2020-05-23,Placer,061,380077,212,184,0,184,9
2020-05-23,Plumas,063,18699,4,4,0,4,0
2020-05-23,Riverside,065,2383286,7834,6460,19,6479,284
2020-05-23,Sacramento,067,1510023,1370,1275,1,1276,50
2020-05-23,San Benito,069,59416,82,67,0,67,2
2020-05-23,San Bernardino,071,2135413,5324,4172,4,4176,175
2020-05-23,San Diego,073,3302833,7562,6561,0,6561,249
2020-05-23,San Francisco,075,870044,2489,2312,0,2312,40
2020-05-23,San Joaquin,077,732212,931,759,4,763,33
2020-05-23,San Luis Obispo,079,281455,337,256,4,260,1
2020-05-23,San Mateo,081,765935,2162,1862,3,1865,71
2020-05-23,Santa Barbara,083,443738,1670,1566,11,1577,9
2020-05-23,Santa Clara,085,1922200,3268,2593,11,2604,139
2020-05-23,Santa Cruz,087,273765,212,177,0,177,2
2020-05-23,Shasta,089,179085,53,35,0,35,4
2020-05-23,Sierra,091,2930,1,1,0,1,0
2020-05-23,Siskiyou,093,43540,7,6,0,6,0
2020-05-23,Solano,095,438530,536,435,0,435,5
2020-05-23,Sonoma,097,501317,538,462,0,462,4
2020-05-23,Stanislaus,099,539301,719,625,5,630,27
2020-05-23,Sutter,101,95872,44,38,0,38,2
2020-05-23,Tehama,103,63373,5,2,1,3,1
2020-05-23,Trinity,105,12862,6,1,2,3,0
2020-05-23,Tulare,107,460477,2284,1682,10,1692,73
2020-05-23,Tuolumne,109,53932,4,2,0,2,0
2020-05-23,Ventura,111,848112,1438,961,8,969,27
2020-05-23,Yolo,113,214977,211,188,0,188,22
2020-05-23,Yuba,115,75493,26,24,0,24,1
2020-05-22,Alameda,001,1643700,3271,2722,5,2727,91
2020-05-22,Alpine,003,1148,1,1,0,1,0
2020-05-22,Amador,005,37829,9,9,0,9,0
2020-05-22,Butte,007,227075,58,34,1,35,0
2020-05-22,Calaveras,009,45235,12,13,0,13,0
2020-05-22,Colusa,011,21464,7,4,0,4,0
2020-05-22,Contra Costa,013,1133247,1482,1272,1,1273,36
2020-05-22,Del Norte,015,27424,41,9,0,9,0
2020-05-22,El Dorado,017,186661,96,74,0,74,0
2020-05-22,Fresno,019,978130,2752,1399,39,1438,20
2020-05-22,Glenn,021,27897,15,12,0,12,0
2020-05-22,Humboldt,023,135768,104,80,0,80,2
2020-05-22,Imperial,025,180216,2486,1214,4,1218,14
2020-05-22,Inyo,027,18085,19,20,0,20,1
2020-05-22,Kern,029,883053,2338,1749,5,1754,28
2020-05-22,Kings,031,150075,758,428,3,431,2
2020-05-22,Lake,033,64148,22,10,0,10,0
2020-05-22,Lassen,035,31185,6,0,2,2,0
2020-05-22,Los Angeles,037,10098052,52298,43025,20,43045,2027
2020-05-22,Madera,039,155013,182,82,1,83,2
2020-05-22,Marin,041,260295,431,372,1,373,14
2020-05-22,Mariposa,043,17540,16,15,0,15,1
2020-05-22,Mendocino,045,87422,20,13,0,13,0
2020-05-22,Merced,047,269075,352,233,0,233,6
2020-05-22,Modoc,049,8938,0,0,0,0,0
2020-05-22,Mono,051,14174,36,34,0,34,1
2020-05-22,Monterey,053,433212,492,372,1,373,8
2020-05-22,Napa,055,140530,123,97,0,97,3
2020-05-22,Nevada,057,99092,42,41,1,42,1
2020-05-22,Orange,059,3164182,7571,5144,60,5204,113
2020-05-22,Placer,061,380077,212,181,0,181,9
2020-05-22,Plumas,063,18699,4,4,0,4,0
2020-05-22,Riverside,065,2383286,7719,6351,19,6370,283
2020-05-22,Sacramento,067,1510023,1354,1262,1,1263,50
2020-05-22,San Benito,069,59416,81,64,0,64,2
2020-05-22,San Bernardino,071,2135413,5249,4107,4,4111,173
2020-05-22,San Diego,073,3302833,7476,6436,0,6436,242
2020-05-22,San Francisco,075,870044,2471,2251,0,2251,40
2020-05-22,San Joaquin,077,732212,918,747,4,751,33
2020-05-22,San Luis Obispo,079,281455,337,254,4,258,1
2020-05-22,San Mateo,081,765935,2143,1847,3,1850,71
2020-05-22,Santa Barbara,083,443738,1660,1554,11,1565,9
2020-05-22,Santa Clara,085,1922200,3247,2537,11,2548,139
2020-05-22,Santa Cruz,087,273765,209,171,0,171,2
2020-05-22,Shasta,089,179085,53,34,0,34,4
2020-05-22,Sierra,091,2930,1,0,0,0,0
2020-05-22,Siskiyou,093,43540,7,6,0,6,0
2020-05-22,Solano,095,438530,533,431,0,431,4
2020-05-22,Sonoma,097,501317,534,444,0,444,4
2020-05-22,Stanislaus,099,539301,709,616,5,621,27
2020-05-22,Sutter,101,95872,44,38,0,38,2
2020-05-22,Tehama,103,63373,5,2,0,2,1
2020-05-22,Trinity,105,12862,6,1,2,3,0
2020-05-22,Tulare,107,460477,2254,1662,10,1672,73
2020-05-22,Tuolumne,109,53932,4,2,0,2,0
2020-05-22,Ventura,111,848112,1420,937,8,945,27
2020-05-22,Yolo,113,214977,209,187,0,187,22
2020-05-22,Yuba,115,75493,26,24,0,24,1
2020-05-21,Alameda,001,1643700,3206,2606,5,2611,89
2020-05-21,Alpine,003,1148,1,1,0,1,0
2020-05-21,Amador,005,37829,9,9,0,9,0
2020-05-21,Butte,007,227075,57,31,1,32,0
2020-05-21,Calaveras,009,45235,11,13,0,13,0
2020-05-21,Colusa,011,21464,7,4,0,4,0
2020-05-21,Contra Costa,013,1133247,1446,1243,1,1244,36
2020-05-21,Del Norte,015,27424,38,9,0,9,0
2020-05-21,El Dorado,017,186661,94,67,0,67,0
2020-05-21,Fresno,019,978130,2660,1362,38,1400,20
2020-05-21,Glenn,021,27897,14,12,0,12,0
2020-05-21,Humboldt,023,135768,103,79,0,79,0
2020-05-21,Imperial,025,180216,2326,1096,4,1100,14
2020-05-21,Inyo,027,18085,19,20,0,20,1
2020-05-21,Kern,029,883053,2262,1684,4,1688,27
2020-05-21,Kings,031,150075,737,417,2,419,2
2020-05-21,Lake,033,64148,17,10,0,10,0
2020-05-21,Lassen,035,31185,6,0,2,2,0
2020-05-21,Los Angeles,037,10098052,51264,42063,20,42083,1996
2020-05-21,Madera,039,155013,179,82,1,83,2
2020-05-21,Marin,041,260295,420,359,1,360,14
2020-05-21,Mariposa,043,17540,16,15,0,15,1
2020-05-21,Mendocino,045,87422,20,12,0,12,0
2020-05-21,Merced,047,269075,341,226,0,226,6
2020-05-21,Modoc,049,8938,0,0,0,0,0
2020-05-21,Mono,051,14174,36,33,0,33,1
2020-05-21,Monterey,053,433212,481,363,1,364,8
2020-05-21,Napa,055,140530,121,96,0,96,3
2020-05-21,Nevada,057,99092,42,41,1,42,1
2020-05-21,Orange,059,3164182,7368,4975,59,5034,106
2020-05-21,Placer,061,380077,205,176,0,176,8
2020-05-21,Plumas,063,18699,4,4,0,4,0
2020-05-21,Riverside,065,2383286,7533,6245,19,6264,279
2020-05-21,Sacramento,067,1510023,1341,1258,1,1259,56
2020-05-21,San Benito,069,59416,78,61,0,61,2
2020-05-21,San Bernardino,071,2135413,5102,3950,4,3954,167
2020-05-21,San Diego,073,3302833,7340,6317,0,6317,241
2020-05-21,San Francisco,075,870044,2447,2248,0,2248,37
2020-05-21,San Joaquin,077,732212,882,730,4,734,33
2020-05-21,San Luis Obispo,079,281455,337,251,3,254,1
2020-05-21,San Mateo,081,765935,2106,1791,3,1794,74
2020-05-21,Santa Barbara,083,443738,1645,1541,11,1552,10
2020-05-21,Santa Clara,085,1922200,3225,2520,11,2531,138
2020-05-21,Santa Cruz,087,273765,201,164,0,164,3
2020-05-21,Shasta,089,179085,51,34,0,34,4
2020-05-21,Sierra,091,2930,1,0,0,0,0
2020-05-21,Siskiyou,093,43540,7,6,0,6,0
2020-05-21,Solano,095,438530,524,424,0,424,4
2020-05-21,Sonoma,097,501317,516,427,0,427,4
2020-05-21,Stanislaus,099,539301,698,602,5,607,27
2020-05-21,Sutter,101,95872,43,38,0,38,2
2020-05-21,Tehama,103,63373,4,2,0,2,1
2020-05-21,Trinity,105,12862,5,1,2,3,0
2020-05-21,Tulare,107,460477,2204,1606,8,1614,73
2020-05-21,Tuolumne,109,53932,2,2,0,2,0
2020-05-21,Ventura,111,848112,1371,907,8,915,30
2020-05-21,Yolo,113,214977,206,185,0,185,22
2020-05-21,Yuba,115,75493,26,24,0,24,1
2020-05-20,Alameda,001,1643700,3133,2554,5,2559,89
2020-05-20,Alpine,003,1148,1,1,0,1,0
2020-05-20,Amador,005,37829,9,9,0,9,0
2020-05-20,Butte,007,227075,54,30,1,31,0
2020-05-20,Calaveras,009,45235,11,13,0,13,0
2020-05-20,Colusa,011,21464,7,3,0,3,0
2020-05-20,Contra Costa,013,1133247,1416,1223,1,1224,33
2020-05-20,Del Norte,015,27424,31,9,0,9,0
2020-05-20,El Dorado,017,186661,93,67,0,67,0
2020-05-20,Fresno,019,978130,2587,1329,37,1366,17
2020-05-20,Glenn,021,27897,13,12,0,12,0
2020-05-20,Humboldt,023,135768,100,73,0,73,0
2020-05-20,Imperial,025,180216,2213,1047,4,1051,14
2020-05-20,Inyo,027,18085,19,20,0,20,1
2020-05-20,Kern,029,883053,2199,1639,3,1642,27
2020-05-20,Kings,031,150075,593,403,2,405,2
2020-05-20,Lake,033,64148,17,9,0,9,0
2020-05-20,Lassen,035,31185,5,0,2,2,0
2020-05-20,Los Angeles,037,10098052,50270,40932,20,40952,1955
2020-05-20,Madera,039,155013,177,82,1,83,2
2020-05-20,Marin,041,260295,393,348,1,349,14
2020-05-20,Mariposa,043,17540,16,15,0,15,1
2020-05-20,Mendocino,045,87422,20,12,0,12,0
2020-05-20,Merced,047,269075,334,225,0,225,6
2020-05-20,Modoc,049,8938,0,0,0,0,0
2020-05-20,Mono,051,14174,36,33,0,33,1
2020-05-20,Monterey,053,433212,467,356,1,357,8
2020-05-20,Napa,055,140530,114,93,0,93,3
2020-05-20,Nevada,057,99092,42,41,1,42,1
2020-05-20,Orange,059,3164182,7160,4866,57,4923,96
2020-05-20,Placer,061,380077,203,176,0,176,8
2020-05-20,Plumas,063,18699,4,4,0,4,0
2020-05-20,Riverside,065,2383286,7390,6090,19,6109,265
2020-05-20,Sacramento,067,1510023,1331,1244,1,1245,56
2020-05-20,San Benito,069,59416,77,61,0,61,2
2020-05-20,San Bernardino,071,2135413,4975,3771,4,3775,161
2020-05-20,San Diego,073,3302833,7223,6142,0,6142,230
2020-05-20,San Francisco,075,870044,2424,2199,0,2199,37
2020-05-20,San Joaquin,077,732212,846,713,4,717,33
2020-05-20,San Luis Obispo,079,281455,330,249,3,252,1
2020-05-20,San Mateo,081,765935,2053,1739,3,1742,74
2020-05-20,Santa Barbara,083,443738,1626,1524,11,1535,10
2020-05-20,Santa Clara,085,1922200,3204,2508,10,2518,138
2020-05-20,Santa Cruz,087,273765,198,163,0,163,3
2020-05-20,Shasta,089,179085,51,34,0,34,4
2020-05-20,Sierra,091,2930,1,0,0,0,0
2020-05-20,Siskiyou,093,43540,7,6,0,6,0
2020-05-20,Solano,095,438530,519,418,0,418,4
2020-05-20,Sonoma,097,501317,507,411,0,411,4
2020-05-20,Stanislaus,099,539301,682,584,4,588,25
2020-05-20,Sutter,101,95872,43,38,0,38,2
2020-05-20,Tehama,103,63373,4,2,0,2,1
2020-05-20,Trinity,105,12862,4,1,1,2,0
2020-05-20,Tulare,107,460477,2163,1585,8,1593,71
2020-05-20,Tuolumne,109,53932,2,2,0,2,0
2020-05-20,Ventura,111,848112,1335,879,8,887,29
2020-05-20,Yolo,113,214977,203,184,0,184,22
2020-05-20,Yuba,115,75493,26,23,0,23,1
2020-05-19,Alameda,001,1643700,3056,2493,3,2496,88
2020-05-19,Alpine,003,1148,1,1,0,1,0
2020-05-19,Amador,005,37829,9,9,0,9,0
2020-05-19,Butte,007,227075,52,25,1,26,0
2020-05-19,Calaveras,009,45235,11,13,0,13,0
2020-05-19,Colusa,011,21464,5,3,0,3,0
2020-05-19,Contra Costa,013,1133247,1393,1205,1,1206,33
2020-05-19,Del Norte,015,27424,28,8,0,8,0
2020-05-19,El Dorado,017,186661,90,67,0,67,0
2020-05-19,Fresno,019,978130,2473,1288,36,1324,15
2020-05-19,Glenn,021,27897,13,12,0,12,0
2020-05-19,Humboldt,023,135768,100,72,0,72,0
2020-05-19,Imperial,025,180216,2051,1012,4,1016,14
2020-05-19,Inyo,027,18085,19,20,0,20,1
2020-05-19,Kern,029,883053,2101,1601,3,1604,26
2020-05-19,Kings,031,150075,582,393,2,395,2
2020-05-19,Lake,033,64148,14,11,0,11,0
2020-05-19,Lassen,035,31185,5,0,2,2,0
2020-05-19,Los Angeles,037,10098052,49064,39670,20,39690,1906
2020-05-19,Madera,039,155013,173,80,1,81,2
2020-05-19,Marin,041,260295,369,340,1,341,14
2020-05-19,Mariposa,043,17540,16,15,0,15,1
2020-05-19,Mendocino,045,87422,20,12,0,12,0
2020-05-19,Merced,047,269075,326,222,0,222,5
2020-05-19,Modoc,049,8938,0,0,0,0,0
2020-05-19,Mono,051,14174,36,33,0,33,1
2020-05-19,Monterey,053,433212,455,350,1,351,8
2020-05-19,Napa,055,140530,113,93,0,93,3
2020-05-19,Nevada,057,99092,42,41,1,42,1
2020-05-19,Orange,059,3164182,6966,4746,55,4801,90
2020-05-19,Placer,061,380077,201,177,0,177,8
2020-05-19,Plumas,063,18699,4,5,0,5,0
2020-05-19,Riverside,065,2383286,7230,5963,18,5981,265
2020-05-19,Sacramento,067,1510023,1317,1239,1,1240,57
2020-05-19,San Benito,069,59416,75,59,0,59,2
2020-05-19,San Bernardino,071,2135413,4825,3656,4,3660,158
2020-05-19,San Diego,073,3302833,7079,6028,0,6028,222
2020-05-19,San Francisco,075,870044,2390,2186,0,2186,37
2020-05-19,San Joaquin,077,732212,824,705,4,709,33
2020-05-19,San Luis Obispo,079,281455,329,245,3,248,1
2020-05-19,San Mateo,081,765935,2012,1704,3,1707,71
2020-05-19,Santa Barbara,083,443738,1612,1521,11,1532,10
2020-05-19,Santa Clara,085,1922200,3154,2480,10,2490,138
2020-05-19,Santa Cruz,087,273765,187,161,0,161,3
2020-05-19,Shasta,089,179085,51,34,0,34,4
2020-05-19,Sierra,091,2930,0,0,0,0,0
2020-05-19,Siskiyou,093,43540,7,6,0,6,0
2020-05-19,Solano,095,438530,505,415,0,415,4
2020-05-19,Sonoma,097,501317,496,389,0,389,4
2020-05-19,Stanislaus,099,539301,668,582,4,586,25
2020-05-19,Sutter,101,95872,43,38,0,38,2
2020-05-19,Tehama,103,63373,4,2,0,2,1
2020-05-19,Trinity,105,12862,3,1,0,1,0
2020-05-19,Tulare,107,460477,2115,1551,8,1559,68
2020-05-19,Tuolumne,109,53932,2,2,0,2,0
2020-05-19,Ventura,111,848112,1294,861,7,868,28
2020-05-19,Yolo,113,214977,201,183,0,183,22
2020-05-19,Yuba,115,75493,26,23,0,23,1
2020-05-18,Alameda,001,1643700,2983,2442,3,2445,84
2020-05-18,Alpine,003,1148,1,1,0,1,0
2020-05-18,Amador,005,37829,9,8,0,8,0
2020-05-18,Butte,007,227075,50,24,1,25,0
2020-05-18,Calaveras,009,45235,11,13,0,13,0
2020-05-18,Colusa,011,21464,5,3,0,3,0
2020-05-18,Contra Costa,013,1133247,1362,1173,1,1174,33
2020-05-18,Del Norte,015,27424,23,8,0,8,0
2020-05-18,El Dorado,017,186661,88,67,0,67,0
2020-05-18,Fresno,019,978130,2395,1244,35,1279,14
2020-05-18,Glenn,021,27897,13,11,0,11,0
2020-05-18,Humboldt,023,135768,100,70,0,70,0
2020-05-18,Imperial,025,180216,1898,767,4,771,14
2020-05-18,Inyo,027,18085,19,20,0,20,1
2020-05-18,Kern,029,883053,2052,1566,3,1569,26
2020-05-18,Kings,031,150075,551,381,2,383,2
2020-05-18,Lake,033,64148,13,9,0,9,0
2020-05-18,Lassen,035,31185,5,0,2,2,0
2020-05-18,Los Angeles,037,10098052,48043,38477,20,38497,1825
2020-05-18,Madera,039,155013,167,74,1,75,2
2020-05-18,Marin,041,260295,356,329,1,330,14
2020-05-18,Mariposa,043,17540,16,15,0,15,1
2020-05-18,Mendocino,045,87422,15,12,0,12,0
2020-05-18,Merced,047,269075,316,217,0,217,5
2020-05-18,Modoc,049,8938,0,0,0,0,0
2020-05-18,Mono,051,14174,36,33,0,33,1
2020-05-18,Monterey,053,433212,444,345,1,346,8
2020-05-18,Napa,055,140530,109,92,0,92,3
2020-05-18,Nevada,057,99092,42,41,1,42,1
2020-05-18,Orange,059,3164182,6777,4558,53,4611,88
2020-05-18,Placer,061,380077,199,176,0,176,8
2020-05-18,Plumas,063,18699,4,5,0,5,0
2020-05-18,Riverside,065,2383286,7030,5873,18,5891,253
2020-05-18,Sacramento,067,1510023,1311,1233,0,1233,57
2020-05-18,San Benito,069,59416,73,59,0,59,2
2020-05-18,San Bernardino,071,2135413,4678,3558,4,3562,156
2020-05-18,San Diego,073,3302833,6946,5948,0,5948,211
2020-05-18,San Francisco,075,870044,2367,2183,0,2183,36
2020-05-18,San Joaquin,077,732212,812,697,4,701,33
2020-05-18,San Luis Obispo,079,281455,325,243,3,246,1
2020-05-18,San Mateo,081,765935,1974,1701,3,1704,68
2020-05-18,Santa Barbara,083,443738,1601,1501,11,1512,10
2020-05-18,Santa Clara,085,1922200,3121,2468,10,2478,137
2020-05-18,Santa Cruz,087,273765,185,160,0,160,3
2020-05-18,Shasta,089,179085,50,34,0,34,4
2020-05-18,Sierra,091,2930,0,0,0,0,0
2020-05-18,Siskiyou,093,43540,7,6,0,6,0
2020-05-18,Solano,095,438530,495,398,0,398,4
2020-05-18,Sonoma,097,501317,478,387,0,387,4
2020-05-18,Stanislaus,099,539301,656,572,4,576,25
2020-05-18,Sutter,101,95872,43,38,0,38,2
2020-05-18,Tehama,103,63373,4,2,0,2,1
2020-05-18,Trinity,105,12862,3,1,0,1,0
2020-05-18,Tulare,107,460477,2071,1491,8,1499,63
2020-05-18,Tuolumne,109,53932,2,2,0,2,0
2020-05-18,Ventura,111,848112,1271,850,6,856,27
2020-05-18,Yolo,113,214977,196,183,0,183,22
2020-05-18,Yuba,115,75493,26,23,0,23,1
2020-05-17,Alameda,001,1643700,2888,2389,3,2392,83
2020-05-17,Alpine,003,1148,1,1,0,1,0
2020-05-17,Amador,005,37829,9,8,0,8,0
2020-05-17,Butte,007,227075,49,23,1,24,0
2020-05-17,Calaveras,009,45235,11,13,0,13,0
2020-05-17,Colusa,011,21464,3,3,0,3,0
2020-05-17,Contra Costa,013,1133247,1323,1155,1,1156,33
2020-05-17,Del Norte,015,27424,23,7,0,7,0
2020-05-17,El Dorado,017,186661,88,65,0,65,0
2020-05-17,Fresno,019,978130,2289,1213,32,1245,14
2020-05-17,Glenn,021,27897,13,9,0,9,0
2020-05-17,Humboldt,023,135768,93,70,0,70,0
2020-05-17,Imperial,025,180216,1750,715,4,719,14
2020-05-17,Inyo,027,18085,19,20,0,20,1
2020-05-17,Kern,029,883053,1974,1546,3,1549,26
2020-05-17,Kings,031,150075,504,356,2,358,2
2020-05-17,Lake,033,64148,13,7,0,7,0
2020-05-17,Lassen,035,31185,5,0,2,2,0
2020-05-17,Los Angeles,037,10098052,46805,37996,20,38016,1807
2020-05-17,Madera,039,155013,165,69,1,70,2
2020-05-17,Marin,041,260295,345,315,1,316,14
2020-05-17,Mariposa,043,17540,15,15,0,15,1
2020-05-17,Mendocino,045,87422,14,10,0,10,0
2020-05-17,Merced,047,269075,305,214,0,214,5
2020-05-17,Modoc,049,8938,0,0,0,0,0
2020-05-17,Mono,051,14174,36,32,0,32,1
2020-05-17,Monterey,053,433212,424,342,1,343,8
2020-05-17,Napa,055,140530,105,89,0,89,3
2020-05-17,Nevada,057,99092,42,41,1,42,1
2020-05-17,Orange,059,3164182,6598,4466,52,4518,88
2020-05-17,Placer,061,380077,194,175,0,175,8
2020-05-17,Plumas,063,18699,4,4,0,4,0
2020-05-17,Riverside,065,2383286,6857,5776,18,5794,245
2020-05-17,Sacramento,067,1510023,1300,1224,0,1224,56
2020-05-17,San Benito,069,59416,72,59,0,59,2
2020-05-17,San Bernardino,071,2135413,4528,3467,4,3471,155
2020-05-17,San Diego,073,3302833,6814,5838,0,5838,209
2020-05-17,San Francisco,075,870044,2340,2132,0,2132,36
2020-05-17,San Joaquin,077,732212,782,688,4,692,32
2020-05-17,San Luis Obispo,079,281455,323,242,3,245,1
2020-05-17,San Mateo,081,765935,1937,1680,3,1683,68
2020-05-17,Santa Barbara,083,443738,1580,1457,11,1468,10
2020-05-17,Santa Clara,085,1922200,3083,2453,10,2463,135
2020-05-17,Santa Cruz,087,273765,174,155,0,155,3
2020-05-17,Shasta,089,179085,49,34,0,34,4
2020-05-17,Sierra,091,2930,0,0,0,0,0
2020-05-17,Siskiyou,093,43540,7,6,0,6,0
2020-05-17,Solano,095,438530,483,392,0,392,4
2020-05-17,Sonoma,097,501317,457,376,0,376,4
2020-05-17,Stanislaus,099,539301,645,566,4,570,25
2020-05-17,Sutter,101,95872,42,38,0,38,2
2020-05-17,Tehama,103,63373,3,2,0,2,1
2020-05-17,Trinity,105,12862,2,1,0,1,0
2020-05-17,Tulare,107,460477,1995,1430,7,1437,63
2020-05-17,Tuolumne,109,53932,2,2,0,2,0
2020-05-17,Ventura,111,848112,1226,838,6,844,27
2020-05-17,Yolo,113,214977,194,182,0,182,22
2020-05-17,Yuba,115,75493,26,21,0,21,1
2020-05-16,Alameda,001,1643700,2838,2327,3,2330,83
2020-05-16,Alpine,003,1148,1,1,0,1,0
2020-05-16,Amador,005,37829,9,8,0,8,0
2020-05-16,Butte,007,227075,44,22,1,23,0
2020-05-16,Calaveras,009,45235,11,13,0,13,0
2020-05-16,Colusa,011,21464,3,3,0,3,0
2020-05-16,Contra Costa,013,1133247,1305,1136,1,1137,33
2020-05-16,Del Norte,015,27424,19,4,0,4,0
2020-05-16,El Dorado,017,186661,88,65,0,65,0
2020-05-16,Fresno,019,978130,2232,1177,32,1209,14
2020-05-16,Glenn,021,27897,13,9,0,9,0
2020-05-16,Humboldt,023,135768,91,69,0,69,0
2020-05-16,Imperial,025,180216,1686,712,4,716,14
2020-05-16,Inyo,027,18085,19,20,0,20,1
2020-05-16,Kern,029,883053,1938,1509,3,1512,26
2020-05-16,Kings,031,150075,494,356,2,358,2
2020-05-16,Lake,033,64148,13,7,0,7,0
2020-05-16,Lassen,035,31185,4,0,2,2,0
2020-05-16,Los Angeles,037,10098052,46228,37352,20,37372,1778
2020-05-16,Madera,039,155013,163,70,1,71,2
2020-05-16,Marin,041,260295,341,297,1,298,14
2020-05-16,Mariposa,043,17540,15,15,0,15,1
2020-05-16,Mendocino,045,87422,14,10,0,10,0
2020-05-16,Merced,047,269075,303,201,0,201,5
2020-05-16,Modoc,049,8938,0,0,0,0,0
2020-05-16,Mono,051,14174,36,32,0,32,1
2020-05-16,Monterey,053,433212,409,329,1,330,8
2020-05-16,Napa,055,140530,105,86,0,86,3
2020-05-16,Nevada,057,99092,42,41,1,42,1
2020-05-16,Orange,059,3164182,6522,4396,52,4448,87
2020-05-16,Placer,061,380077,192,174,0,174,8
2020-05-16,Plumas,063,18699,4,4,0,4,0
2020-05-16,Riverside,065,2383286,6772,5633,18,5651,243
2020-05-16,Sacramento,067,1510023,1293,1209,0,1209,55
2020-05-16,San Benito,069,59416,67,58,0,58,2
2020-05-16,San Bernardino,071,2135413,4456,3362,4,3366,155
2020-05-16,San Diego,073,3302833,6728,5664,0,5664,209
2020-05-16,San Francisco,075,870044,2317,2094,0,2094,36
2020-05-16,San Joaquin,077,732212,774,668,4,672,32
2020-05-16,San Luis Obispo,079,281455,322,240,3,243,1
2020-05-16,San Mateo,081,765935,1922,1652,3,1655,68
2020-05-16,Santa Barbara,083,443738,1569,1422,10,1432,10
2020-05-16,Santa Clara,085,1922200,3065,2420,10,2430,135
2020-05-16,Santa Cruz,087,273765,171,154,0,154,3
2020-05-16,Shasta,089,179085,49,33,0,33,4
2020-05-16,Sierra,091,2930,0,0,0,0,0
2020-05-16,Siskiyou,093,43540,7,6,0,6,0
2020-05-16,Solano,095,438530,478,392,0,392,4
2020-05-16,Sonoma,097,501317,444,356,0,356,4
2020-05-16,Stanislaus,099,539301,636,546,4,550,24
2020-05-16,Sutter,101,95872,42,35,0,35,2
2020-05-16,Tehama,103,63373,3,2,0,2,1
2020-05-16,Trinity,105,12862,2,1,0,1,0
2020-05-16,Tulare,107,460477,1977,1426,7,1433,63
2020-05-16,Tuolumne,109,53932,2,2,0,2,0
2020-05-16,Ventura,111,848112,1200,813,6,819,25
2020-05-16,Yolo,113,214977,193,181,0,181,22
2020-05-16,Yuba,115,75493,26,21,0,21,1
2020-05-15,Alameda,001,1643700,2804,2289,3,2292,83
2020-05-15,Alpine,003,1148,1,1,0,1,0
2020-05-15,Amador,005,37829,9,8,0,8,0
2020-05-15,Butte,007,227075,42,22,1,23,0
2020-05-15,Calaveras,009,45235,11,13,0,13,0
2020-05-15,Colusa,011,21464,3,3,0,3,0
2020-05-15,Contra Costa,013,1133247,1287,1106,1,1107,33
2020-05-15,Del Norte,015,27424,14,4,0,4,0
2020-05-15,El Dorado,017,186661,88,64,0,64,0
2020-05-15,Fresno,019,978130,2165,1126,32,1158,14
2020-05-15,Glenn,021,27897,13,9,0,9,0
2020-05-15,Humboldt,023,135768,90,60,0,60,0
2020-05-15,Imperial,025,180216,1602,680,0,680,14
2020-05-15,Inyo,027,18085,19,20,0,20,1
2020-05-15,Kern,029,883053,1882,1472,3,1475,25
2020-05-15,Kings,031,150075,491,347,2,349,2
2020-05-15,Lake,033,64148,13,7,0,7,0
2020-05-15,Lassen,035,31185,4,0,2,2,0
2020-05-15,Los Angeles,037,10098052,45442,36317,20,36337,1734
2020-05-15,Madera,039,155013,162,71,1,72,2
2020-05-15,Marin,041,260295,333,295,1,296,14
2020-05-15,Mariposa,043,17540,15,15,0,15,1
2020-05-15,Mendocino,045,87422,14,10,0,10,0
2020-05-15,Merced,047,269075,300,191,0,191,5
2020-05-15,Modoc,049,8938,0,0,0,0,0
2020-05-15,Mono,051,14174,36,31,0,31,1
2020-05-15,Monterey,053,433212,403,321,1,322,8
2020-05-15,Napa,055,140530,105,83,0,83,3
2020-05-15,Nevada,057,99092,42,41,1,42,1
2020-05-15,Orange,059,3164182,6349,4281,52,4333,87
2020-05-15,Placer,061,380077,190,174,0,174,8
2020-05-15,Plumas,063,18699,4,4,0,4,0
2020-05-15,Riverside,065,2383286,6658,5496,18,5514,233
2020-05-15,Sacramento,067,1510023,1283,1203,0,1203,55
2020-05-15,San Benito,069,59416,64,57,0,57,2
2020-05-15,San Bernardino,071,2135413,4378,3225,4,3229,153
2020-05-15,San Diego,073,3302833,6621,5525,0,5525,208
2020-05-15,San Francisco,075,870044,2301,2062,0,2062,36
2020-05-15,San Joaquin,077,732212,768,656,4,660,32
2020-05-15,San Luis Obispo,079,281455,320,237,3,240,1
2020-05-15,San Mateo,081,765935,1900,1612,3,1615,68
2020-05-15,Santa Barbara,083,443738,1560,1409,9,1418,10
2020-05-15,Santa Clara,085,1922200,3022,2395,9,2404,135
2020-05-15,Santa Cruz,087,273765,170,146,0,146,3
2020-05-15,Shasta,089,179085,48,33,0,33,4
2020-05-15,Sierra,091,2930,0,0,0,0,0
2020-05-15,Siskiyou,093,43540,6,5,0,5,0
2020-05-15,Solano,095,438530,474,388,0,388,4
2020-05-15,Sonoma,097,501317,436,349,0,349,4
2020-05-15,Stanislaus,099,539301,629,540,4,544,23
2020-05-15,Sutter,101,95872,41,35,0,35,2
2020-05-15,Tehama,103,63373,3,1,0,1,1
2020-05-15,Trinity,105,12862,2,1,0,1,0
2020-05-15,Tulare,107,460477,1949,1356,7,1363,61
2020-05-15,Tuolumne,109,53932,2,2,0,2,0
2020-05-15,Ventura,111,848112,1182,789,5,794,25
2020-05-15,Yolo,113,214977,192,182,0,182,22
2020-05-15,Yuba,115,75493,26,21,0,21,1
2020-05-14,Alameda,001,1643700,2711,2255,3,2258,80
2020-05-14,Alpine,003,1148,1,1,0,1,0
2020-05-14,Amador,005,37829,9,8,0,8,0
2020-05-14,Butte,007,227075,40,22,1,23,0
2020-05-14,Calaveras,009,45235,11,13,0,13,0
2020-05-14,Colusa,011,21464,3,3,0,3,0
2020-05-14,Contra Costa,013,1133247,1261,1090,1,1091,32
2020-05-14,Del Norte,015,27424,14,4,0,4,0
2020-05-14,El Dorado,017,186661,79,59,0,59,0
2020-05-14,Fresno,019,978130,2105,1038,28,1066,12
2020-05-14,Glenn,021,27897,12,8,0,8,0
2020-05-14,Humboldt,023,135768,88,59,0,59,0
2020-05-14,Imperial,025,180216,1485,652,0,652,13
2020-05-14,Inyo,027,18085,19,20,0,20,1
2020-05-14,Kern,029,883053,1840,1430,3,1433,21
2020-05-14,Kings,031,150075,475,342,2,344,1
2020-05-14,Lake,033,64148,13,7,0,7,0
2020-05-14,Lassen,035,31185,4,0,2,2,0
2020-05-14,Los Angeles,037,10098052,44267,35427,20,35447,1693
2020-05-14,Madera,039,155013,153,69,1,70,2
2020-05-14,Marin,041,260295,315,283,1,284,14
2020-05-14,Mariposa,043,17540,15,15,0,15,0
2020-05-14,Mendocino,045,87422,13,10,0,10,0
2020-05-14,Merced,047,269075,290,182,0,182,3
2020-05-14,Modoc,049,8938,0,0,0,0,0
2020-05-14,Mono,051,14174,36,31,0,31,1
2020-05-14,Monterey,053,433212,393,317,1,318,7
2020-05-14,Napa,055,140530,103,83,0,83,3
2020-05-14,Nevada,057,99092,41,41,1,42,1
2020-05-14,Orange,059,3164182,6173,4163,50,4213,83
2020-05-14,Placer,061,380077,190,172,0,172,8
2020-05-14,Plumas,063,18699,4,4,0,4,0
2020-05-14,Riverside,065,2383286,6474,5339,18,5357,224
2020-05-14,Sacramento,067,1510023,1271,1181,0,1181,55
2020-05-14,San Benito,069,59416,62,56,0,56,2
2020-05-14,San Bernardino,071,2135413,4199,3149,4,3153,149
2020-05-14,San Diego,073,3302833,6486,5393,0,5393,200
2020-05-14,San Francisco,075,870044,2268,2029,0,2029,36
2020-05-14,San Joaquin,077,732212,753,643,4,647,31
2020-05-14,San Luis Obispo,079,281455,317,236,3,239,1
2020-05-14,San Mateo,081,765935,1868,1588,3,1591,67
2020-05-14,Santa Barbara,083,443738,1548,1395,9,1404,11
2020-05-14,Santa Clara,085,1922200,2999,2380,9,2389,134
2020-05-14,Santa Cruz,087,273765,168,145,0,145,3
2020-05-14,Shasta,089,179085,48,33,0,33,4
2020-05-14,Sierra,091,2930,0,0,0,0,0
2020-05-14,Siskiyou,093,43540,6,5,0,5,0
2020-05-14,Solano,095,438530,465,372,0,372,4
2020-05-14,Sonoma,097,501317,419,333,0,333,4
2020-05-14,Stanislaus,099,539301,610,533,4,537,23
2020-05-14,Sutter,101,95872,41,34,0,34,2
2020-05-14,Tehama,103,63373,3,1,0,1,1
2020-05-14,Trinity,105,12862,2,1,0,1,0
2020-05-14,Tulare,107,460477,1910,1317,7,1324,55
2020-05-14,Tuolumne,109,53932,2,2,0,2,0
2020-05-14,Ventura,111,848112,1151,760,5,765,25
2020-05-14,Yolo,113,214977,192,180,0,180,22
2020-05-14,Yuba,115,75493,26,21,0,21,1
2020-05-13,Alameda,001,1643700,2653,2181,3,2184,78
2020-05-13,Alpine,003,1148,1,1,0,1,0
2020-05-13,Amador,005,37829,9,8,0,8,0
2020-05-13,Butte,007,227075,40,21,1,22,0
2020-05-13,Calaveras,009,45235,11,13,0,13,0
2020-05-13,Colusa,011,21464,3,3,0,3,0
2020-05-13,Contra Costa,013,1133247,1239,1082,1,1083,32
2020-05-13,Del Norte,015,27424,13,4,0,4,0
2020-05-13,El Dorado,017,186661,78,58,0,58,0
2020-05-13,Fresno,019,978130,2009,993,28,1021,10
2020-05-13,Glenn,021,27897,11,6,0,6,0
2020-05-13,Humboldt,023,135768,82,58,0,58,0
2020-05-13,Imperial,025,180216,1415,610,0,610,11
2020-05-13,Inyo,027,18085,19,20,0,20,1
2020-05-13,Kern,029,883053,1794,1390,3,1393,19
2020-05-13,Kings,031,150075,461,314,2,316,1
2020-05-13,Lake,033,64148,13,7,0,7,0
2020-05-13,Lassen,035,31185,4,0,2,2,0
2020-05-13,Los Angeles,037,10098052,42961,34574,20,34594,1643
2020-05-13,Madera,039,155013,144,69,1,70,2
2020-05-13,Marin,041,260295,302,278,1,279,14
2020-05-13,Mariposa,043,17540,15,15,0,15,0
2020-05-13,Mendocino,045,87422,13,10,0,10,0
2020-05-13,Merced,047,269075,287,176,0,176,3
2020-05-13,Modoc,049,8938,0,0,0,0,0
2020-05-13,Mono,051,14174,35,31,0,31,1
2020-05-13,Monterey,053,433212,383,309,1,310,6
2020-05-13,Napa,055,140530,103,81,0,81,3
2020-05-13,Nevada,057,99092,41,41,1,42,1
2020-05-13,Orange,059,3164182,5927,4025,48,4073,79
2020-05-13,Placer,061,380077,189,170,0,170,8
2020-05-13,Plumas,063,18699,4,4,0,4,0
2020-05-13,Riverside,065,2383286,6351,5204,18,5222,216
2020-05-13,Sacramento,067,1510023,1256,1173,0,1173,53
2020-05-13,San Benito,069,59416,62,55,0,55,2
2020-05-13,San Bernardino,071,2135413,3943,3064,3,3067,140
2020-05-13,San Diego,073,3302833,6350,5280,0,5280,194
2020-05-13,San Francisco,075,870044,2240,2004,0,2004,35
2020-05-13,San Joaquin,077,732212,732,639,3,642,31
2020-05-13,San Luis Obispo,079,281455,315,231,3,234,1
2020-05-13,San Mateo,081,765935,1836,1550,3,1553,66
2020-05-13,Santa Barbara,083,443738,1537,1382,9,1391,10
2020-05-13,Santa Clara,085,1922200,2979,2370,9,2379,132
2020-05-13,Santa Cruz,087,273765,164,142,0,142,2
2020-05-13,Shasta,089,179085,48,32,0,32,4
2020-05-13,Sierra,091,2930,0,0,0,0,0
2020-05-13,Siskiyou,093,43540,6,5,0,5,0
2020-05-13,Solano,095,438530,452,368,0,368,4
2020-05-13,Sonoma,097,501317,409,330,0,330,4
2020-05-13,Stanislaus,099,539301,601,521,4,525,15
2020-05-13,Sutter,101,95872,41,33,0,33,2
2020-05-13,Tehama,103,63373,3,1,0,1,1
2020-05-13,Trinity,105,12862,2,2,0,2,0
2020-05-13,Tulare,107,460477,1877,1283,7,1290,54
2020-05-13,Tuolumne,109,53932,2,2,0,2,0
2020-05-13,Ventura,111,848112,1120,742,5,747,25
2020-05-13,Yolo,113,214977,190,178,0,178,22
2020-05-13,Yuba,115,75493,24,19,0,19,1
2020-05-12,Alameda,001,1643700,2588,2146,3,2149,74
2020-05-12,Alpine,003,1148,1,1,0,1,0
2020-05-12,Amador,005,37829,9,8,0,8,0
2020-05-12,Butte,007,227075,38,20,1,21,0
2020-05-12,Calaveras,009,45235,10,13,0,13,0
2020-05-12,Colusa,011,21464,3,3,0,3,0
2020-05-12,Contra Costa,013,1133247,1208,1067,1,1068,32
2020-05-12,Del Norte,015,27424,10,3,0,3,0
2020-05-12,El Dorado,017,186661,75,56,0,56,0
2020-05-12,Fresno,019,978130,1925,978,26,1004,9
2020-05-12,Glenn,021,27897,10,6,0,6,0
2020-05-12,Humboldt,023,135768,79,58,0,58,0
2020-05-12,Imperial,025,180216,1283,602,0,602,9
2020-05-12,Inyo,027,18085,19,20,0,20,1
2020-05-12,Kern,029,883053,1753,1363,3,1366,18
2020-05-12,Kings,031,150075,440,302,2,304,1
2020-05-12,Lake,033,64148,13,7,0,7,0
2020-05-12,Lassen,035,31185,4,0,2,2,0
2020-05-12,Los Angeles,037,10098052,41966,33281,19,33300,1601
2020-05-12,Madera,039,155013,138,69,1,70,2
2020-05-12,Marin,041,260295,297,274,1,275,14
2020-05-12,Mariposa,043,17540,15,15,0,15,0
2020-05-12,Mendocino,045,87422,13,10,0,10,0
2020-05-12,Merced,047,269075,276,175,0,175,3
2020-05-12,Modoc,049,8938,0,0,0,0,0
2020-05-12,Mono,051,14174,35,31,0,31,1
2020-05-12,Monterey,053,433212,376,298,1,299,6
2020-05-12,Napa,055,140530,101,80,0,80,3
2020-05-12,Nevada,057,99092,41,41,1,42,1
2020-05-12,Orange,059,3164182,5744,3843,46,3889,78
2020-05-12,Placer,061,380077,188,170,0,170,8
2020-05-12,Plumas,063,18699,4,4,0,4,0
2020-05-12,Riverside,065,2383286,6229,5134,18,5152,210
2020-05-12,Sacramento,067,1510023,1236,1166,0,1166,52
2020-05-12,San Benito,069,59416,62,55,0,55,2
2020-05-12,San Bernardino,071,2135413,3791,2997,3,3000,131
2020-05-12,San Diego,073,3302833,6206,3,0,3,0
2020-05-12,San Francisco,075,870044,2205,1981,0,1981,35
2020-05-12,San Joaquin,077,732212,717,625,3,628,30
2020-05-12,San Luis Obispo,079,281455,312,226,3,229,1
2020-05-12,San Mateo,081,765935,1810,1533,3,1536,66
2020-05-12,Santa Barbara,083,443738,1506,1377,9,1386,10
2020-05-12,Santa Clara,085,1922200,2949,2362,9,2371,131
2020-05-12,Santa Cruz,087,273765,162,141,0,141,2
2020-05-12,Shasta,089,179085,47,33,0,33,4
2020-05-12,Sierra,091,2930,0,0,0,0,0
2020-05-12,Siskiyou,093,43540,6,5,0,5,0
2020-05-12,Solano,095,438530,444,361,0,361,4
2020-05-12,Sonoma,097,501317,386,308,0,308,4
2020-05-12,Stanislaus,099,539301,594,515,4,519,15
2020-05-12,Sutter,101,95872,41,33,0,33,2
2020-05-12,Tehama,103,63373,3,1,0,1,1
2020-05-12,Trinity,105,12862,2,1,0,1,0
2020-05-12,Tulare,107,460477,1845,1261,7,1268,52
2020-05-12,Tuolumne,109,53932,2,2,0,2,0
2020-05-12,Ventura,111,848112,1064,718,5,723,20
2020-05-12,Yolo,113,214977,189,176,0,176,22
2020-05-12,Yuba,115,75493,24,19,0,19,1
2020-05-11,Alameda,001,1643700,2538,2103,3,2106,71
2020-05-11,Alpine,003,1148,1,1,0,1,0
2020-05-11,Amador,005,37829,9,8,0,8,0
2020-05-11,Butte,007,227075,37,19,1,20,0
2020-05-11,Calaveras,009,45235,10,13,0,13,0
2020-05-11,Colusa,011,21464,3,3,0,3,0
2020-05-11,Contra Costa,013,1133247,1194,1052,1,1053,32
2020-05-11,Del Norte,015,27424,8,3,0,3,0
2020-05-11,El Dorado,017,186661,75,55,0,55,0
2020-05-11,Fresno,019,978130,1834,937,25,962,8
2020-05-11,Glenn,021,27897,10,6,0,6,0
2020-05-11,Humboldt,023,135768,76,56,0,56,0
2020-05-11,Imperial,025,180216,1177,562,0,562,9
2020-05-11,Inyo,027,18085,19,20,0,20,1
2020-05-11,Kern,029,883053,1701,1331,3,1334,17
2020-05-11,Kings,031,150075,417,289,1,290,1
2020-05-11,Lake,033,64148,12,7,0,7,0
2020-05-11,Lassen,035,31185,4,0,2,2,0
2020-05-11,Los Angeles,037,10098052,40787,32279,19,32298,1553
2020-05-11,Madera,039,155013,129,68,1,69,2
2020-05-11,Marin,041,260295,288,271,1,272,14
2020-05-11,Mariposa,043,17540,15,15,0,15,0
2020-05-11,Mendocino,045,87422,13,10,0,10,0
2020-05-11,Merced,047,269075,261,158,0,158,3
2020-05-11,Modoc,049,8938,0,0,0,0,0
2020-05-11,Mono,051,14174,35,30,0,30,1
2020-05-11,Monterey,053,433212,373,286,1,287,6
2020-05-11,Napa,055,140530,95,79,0,79,2
2020-05-11,Nevada,057,99092,41,41,1,42,1
2020-05-11,Orange,059,3164182,5529,3699,39,3738,77
2020-05-11,Placer,061,380077,188,170,0,170,8
2020-05-11,Plumas,063,18699,4,4,0,4,0
2020-05-11,Riverside,065,2383286,6071,5082,17,5099,203
2020-05-11,Sacramento,067,1510023,1221,1160,0,1160,52
2020-05-11,San Benito,069,59416,60,52,0,52,2
2020-05-11,San Bernardino,071,2135413,3681,2945,3,2948,124
2020-05-11,San Diego,073,3302833,6053,5067,0,5067,175
2020-05-11,San Francisco,075,870044,2158,1974,0,1974,35
2020-05-11,San Joaquin,077,732212,707,620,3,623,30
2020-05-11,San Luis Obispo,079,281455,310,224,3,227,1
2020-05-11,San Mateo,081,765935,1784,1499,2,1501,66
2020-05-11,Santa Barbara,083,443738,1494,1372,8,1380,10
2020-05-11,Santa Clara,085,1922200,2932,2340,9,2349,129
2020-05-11,Santa Cruz,087,273765,159,140,0,140,2
2020-05-11,Shasta,089,179085,47,31,0,31,4
2020-05-11,Sierra,091,2930,0,0,0,0,0
2020-05-11,Siskiyou,093,43540,6,5,0,5,0
2020-05-11,Solano,095,438530,439,354,0,354,4
2020-05-11,Sonoma,097,501317,376,303,0,303,3
2020-05-11,Stanislaus,099,539301,584,507,4,511,14
2020-05-11,Sutter,101,95872,40,32,0,32,2
2020-05-11,Tehama,103,63373,3,1,0,1,1
2020-05-11,Trinity,105,12862,2,1,0,1,0
2020-05-11,Tulare,107,460477,1796,1203,7,1210,49
2020-05-11,Tuolumne,109,53932,2,2,0,2,0
2020-05-11,Ventura,111,848112,1003,698,4,702,19
2020-05-11,Yolo,113,214977,189,174,0,174,20
2020-05-11,Yuba,115,75493,24,18,0,18,1
2020-05-10,Alameda,001,1643700,2461,2047,3,2050,71
2020-05-10,Alpine,003,1148,1,1,0,1,0
2020-05-10,Amador,005,37829,9,8,0,8,0
2020-05-10,Butte,007,227075,32,18,1,19,0
2020-05-10,Calaveras,009,45235,10,13,0,13,0
2020-05-10,Colusa,011,21464,3,3,0,3,0
2020-05-10,Contra Costa,013,1133247,1180,1046,0,1046,31
2020-05-10,Del Norte,015,27424,7,3,0,3,0
2020-05-10,El Dorado,017,186661,75,55,0,55,0
2020-05-10,Fresno,019,978130,1749,894,25,919,8
2020-05-10,Glenn,021,27897,10,6,0,6,0
2020-05-10,Humboldt,023,135768,72,56,0,56,0
2020-05-10,Imperial,025,180216,1082,509,0,509,7
2020-05-10,Inyo,027,18085,19,20,0,20,1
2020-05-10,Kern,029,883053,1650,1300,2,1302,16
2020-05-10,Kings,031,150075,404,266,1,267,1
2020-05-10,Lake,033,64148,12,7,0,7,0
2020-05-10,Lassen,035,31185,4,0,2,2,0
2020-05-10,Los Angeles,037,10098052,39528,31711,19,31730,1514
2020-05-10,Madera,039,155013,127,65,1,66,2
2020-05-10,Marin,041,260295,280,267,1,268,14
2020-05-10,Mariposa,043,17540,15,15,0,15,0
2020-05-10,Mendocino,045,87422,12,10,0,10,0
2020-05-10,Merced,047,269075,246,154,0,154,3
2020-05-10,Modoc,049,8938,0,0,0,0,0
2020-05-10,Mono,051,14174,35,27,0,27,1
2020-05-10,Monterey,053,433212,359,282,1,283,6
2020-05-10,Napa,055,140530,89,79,0,79,2
2020-05-10,Nevada,057,99092,41,41,1,42,1
2020-05-10,Orange,059,3164182,5386,3627,39,3666,76
2020-05-10,Placer,061,380077,187,168,0,168,8
2020-05-10,Plumas,063,18699,4,4,0,4,0
2020-05-10,Riverside,065,2383286,5949,4951,17,4968,193
2020-05-10,Sacramento,067,1510023,1205,1152,0,1152,52
2020-05-10,San Benito,069,59416,60,52,0,52,2
2020-05-10,San Bernardino,071,2135413,3583,2910,3,2913,121
2020-05-10,San Diego,073,3302833,5901,4928,0,4928,175
2020-05-10,San Francisco,075,870044,2140,1953,0,1953,35
2020-05-10,San Joaquin,077,732212,692,611,3,614,29
2020-05-10,San Luis Obispo,079,281455,307,218,3,221,1
2020-05-10,San Mateo,081,765935,1762,1463,2,1465,65
2020-05-10,Santa Barbara,083,443738,1483,1323,8,1331,10
2020-05-10,Santa Clara,085,1922200,2905,2331,9,2340,129
2020-05-10,Santa Cruz,087,273765,158,139,0,139,2
2020-05-10,Shasta,089,179085,47,31,0,31,4
2020-05-10,Sierra,091,2930,0,0,0,0,0
2020-05-10,Siskiyou,093,43540,5,5,0,5,0
2020-05-10,Solano,095,438530,429,322,0,322,4
2020-05-10,Sonoma,097,501317,366,290,0,290,3
2020-05-10,Stanislaus,099,539301,577,498,4,502,14
2020-05-10,Sutter,101,95872,37,31,0,31,2
2020-05-10,Tehama,103,63373,3,1,0,1,1
2020-05-10,Trinity,105,12862,2,1,0,1,0
2020-05-10,Tulare,107,460477,1726,1143,7,1150,47
2020-05-10,Tuolumne,109,53932,2,2,0,2,0
2020-05-10,Ventura,111,848112,945,690,2,692,19
2020-05-10,Yolo,113,214977,189,173,0,173,20
2020-05-10,Yuba,115,75493,23,17,0,17,1
2020-05-09,Alameda,001,1643700,2418,2011,3,2014,71
2020-05-09,Alpine,003,1148,1,1,0,1,0
2020-05-09,Amador,005,37829,8,8,0,8,0
2020-05-09,Butte,007,227075,31,18,1,19,0
2020-05-09,Calaveras,009,45235,10,13,0,13,0
2020-05-09,Colusa,011,21464,3,3,0,3,0
2020-05-09,Contra Costa,013,1133247,1166,1039,0,1039,31
2020-05-09,Del Norte,015,27424,7,3,0,3,0
2020-05-09,El Dorado,017,186661,72,54,0,54,0
2020-05-09,Fresno,019,978130,1711,861,24,885,8
2020-05-09,Glenn,021,27897,9,6,0,6,0
2020-05-09,Humboldt,023,135768,70,55,0,55,0
2020-05-09,Imperial,025,180216,1026,474,0,474,7
2020-05-09,Inyo,027,18085,19,20,0,20,1
2020-05-09,Kern,029,883053,1614,1262,1,1263,15
2020-05-09,Kings,031,150075,399,264,1,265,1
2020-05-09,Lake,033,64148,12,7,0,7,0
2020-05-09,Lassen,035,31185,4,0,2,2,0
2020-05-09,Los Angeles,037,10098052,38906,31268,19,31287,1499
2020-05-09,Madera,039,155013,126,61,1,62,2
2020-05-09,Marin,041,260295,279,261,1,262,14
2020-05-09,Mariposa,043,17540,15,15,0,15,0
2020-05-09,Mendocino,045,87422,12,10,0,10,0
2020-05-09,Merced,047,269075,242,153,0,153,3
2020-05-09,Modoc,049,8938,0,0,0,0,0
2020-05-09,Mono,051,14174,35,27,0,27,1
2020-05-09,Monterey,053,433212,352,273,1,274,6
2020-05-09,Napa,055,140530,88,78,0,78,2
2020-05-09,Nevada,057,99092,41,41,1,42,1
2020-05-09,Orange,059,3164182,5304,3506,38,3544,75
2020-05-09,Placer,061,380077,186,168,0,168,8
2020-05-09,Plumas,063,18699,4,4,0,4,0
2020-05-09,Riverside,065,2383286,5854,4871,17,4888,183
2020-05-09,Sacramento,067,1510023,1201,1150,0,1150,52
2020-05-09,San Benito,069,59416,59,52,0,52,2
2020-05-09,San Bernardino,071,2135413,3527,2825,3,2828,121
2020-05-09,San Diego,073,3302833,5789,4778,0,4778,175
2020-05-09,San Francisco,075,870044,2125,1944,0,1944,34
2020-05-09,San Joaquin,077,732212,683,605,3,608,28
2020-05-09,San Luis Obispo,079,281455,303,213,3,216,1
2020-05-09,San Mateo,081,765935,1743,1453,2,1455,65
2020-05-09,Santa Barbara,083,443738,1475,1245,8,1253,10
2020-05-09,Santa Clara,085,1922200,2891,2317,9,2326,128
2020-05-09,Santa Cruz,087,273765,157,138,0,138,2
2020-05-09,Shasta,089,179085,47,31,0,31,4
2020-05-09,Sierra,091,2930,0,0,0,0,0
2020-05-09,Siskiyou,093,43540,5,5,0,5,0
2020-05-09,Solano,095,438530,423,321,0,321,4
2020-05-09,Sonoma,097,501317,362,288,0,288,3
2020-05-09,Stanislaus,099,539301,569,491,4,495,12
2020-05-09,Sutter,101,95872,37,31,0,31,2
2020-05-09,Tehama,103,63373,2,1,0,1,1
2020-05-09,Trinity,105,12862,2,1,0,1,0
2020-05-09,Tulare,107,460477,1698,1083,7,1090,47
2020-05-09,Tuolumne,109,53932,2,2,0,2,0
2020-05-09,Ventura,111,848112,924,679,2,681,19
2020-05-09,Yolo,113,214977,189,172,0,172,18
2020-05-09,Yuba,115,75493,23,17,0,17,1
2020-05-08,Alameda,001,1643700,2375,1955,3,1958,70
2020-05-08,Alpine,003,1148,1,1,0,1,0
2020-05-08,Amador,005,37829,8,8,0,8,0
2020-05-08,Butte,007,227075,31,18,1,19,0
2020-05-08,Calaveras,009,45235,10,13,0,13,0
2020-05-08,Colusa,011,21464,3,3,0,3,0
2020-05-08,Contra Costa,013,1133247,1154,1024,0,1024,29
2020-05-08,Del Norte,015,27424,7,3,0,3,0
2020-05-08,El Dorado,017,186661,71,54,0,54,0
2020-05-08,Fresno,019,978130,1669,838,22,860,8
2020-05-08,Glenn,021,27897,8,6,0,6,0
2020-05-08,Humboldt,023,135768,67,54,0,54,0
2020-05-08,Imperial,025,180216,981,467,0,467,7
2020-05-08,Inyo,027,18085,19,20,0,20,1
2020-05-08,Kern,029,883053,1583,1214,1,1215,13
2020-05-08,Kings,031,150075,390,236,1,237,1
2020-05-08,Lake,033,64148,12,7,0,7,0
2020-05-08,Lassen,035,31185,4,0,2,2,0
2020-05-08,Los Angeles,037,10098052,38174,30357,19,30376,1447
2020-05-08,Madera,039,155013,123,57,1,58,2
2020-05-08,Marin,041,260295,279,257,1,258,14
2020-05-08,Mariposa,043,17540,15,15,0,15,0
2020-05-08,Mendocino,045,87422,12,10,0,10,0
2020-05-08,Merced,047,269075,241,151,0,151,3
2020-05-08,Modoc,049,8938,0,0,0,0,0
2020-05-08,Mono,051,14174,32,27,0,27,1
2020-05-08,Monterey,053,433212,344,265,1,266,6
2020-05-08,Napa,055,140530,87,78,0,78,2
2020-05-08,Nevada,057,99092,41,41,1,42,1
2020-05-08,Orange,059,3164182,5158,3395,38,3433,72
2020-05-08,Placer,061,380077,184,166,0,166,8
2020-05-08,Plumas,063,18699,4,4,0,4,0
2020-05-08,Riverside,065,2383286,5754,4672,16,4688,181
2020-05-08,Sacramento,067,1510023,1196,1145,0,1145,51
2020-05-08,San Benito,069,59416,59,51,0,51,2
2020-05-08,San Bernardino,071,2135413,3479,2631,3,2634,119
2020-05-08,San Diego,073,3302833,5682,4664,0,4664,169
2020-05-08,San Francisco,075,870044,2107,1890,0,1890,33
2020-05-08,San Joaquin,077,732212,676,595,3,598,28
2020-05-08,San Luis Obispo,079,281455,300,210,3,213,1
2020-05-08,San Mateo,081,765935,1658,1423,2,1425,62
2020-05-08,Santa Barbara,083,443738,1466,1054,6,1060,8
2020-05-08,Santa Clara,085,1922200,2868,2285,9,2294,128
2020-05-08,Santa Cruz,087,273765,153,137,0,137,2
2020-05-08,Shasta,089,179085,47,31,0,31,4
2020-05-08,Sierra,091,2930,0,0,0,0,0
2020-05-08,Siskiyou,093,43540,5,5,0,5,0
2020-05-08,Solano,095,438530,418,314,0,314,4
2020-05-08,Sonoma,097,501317,357,285,0,285,3
2020-05-08,Stanislaus,099,539301,555,487,4,491,12
2020-05-08,Sutter,101,95872,37,30,0,30,2
2020-05-08,Tehama,103,63373,2,1,0,1,1
2020-05-08,Trinity,105,12862,2,0,0,0,0
2020-05-08,Tulare,107,460477,1653,1050,6,1056,43
2020-05-08,Tuolumne,109,53932,2,2,0,2,0
2020-05-08,Ventura,111,848112,906,665,2,667,19
2020-05-08,Yolo,113,214977,188,172,0,172,18
2020-05-08,Yuba,115,75493,22,16,0,16,1
2020-05-07,Alameda,001,1643700,2315,1914,3,1917,68
2020-05-07,Alpine,003,1148,1,1,0,1,0
2020-05-07,Amador,005,37829,8,8,0,8,0
2020-05-07,Butte,007,227075,31,19,1,20,0
2020-05-07,Calaveras,009,45235,10,13,0,13,0
2020-05-07,Colusa,011,21464,3,3,0,3,0
2020-05-07,Contra Costa,013,1133247,1140,1005,0,1005,29
2020-05-07,Del Norte,015,27424,6,3,0,3,0
2020-05-07,El Dorado,017,186661,70,54,0,54,0
2020-05-07,Fresno,019,978130,1583,812,21,833,8
2020-05-07,Glenn,021,27897,8,5,0,5,0
2020-05-07,Humboldt,023,135768,66,54,0,54,0
2020-05-07,Imperial,025,180216,918,442,0,442,6
2020-05-07,Inyo,027,18085,19,20,0,20,1
2020-05-07,Kern,029,883053,1539,1176,1,1177,13
2020-05-07,Kings,031,150075,367,219,1,220,1
2020-05-07,Lake,033,64148,11,7,0,7,0
2020-05-07,Lassen,035,31185,4,0,2,2,0
2020-05-07,Los Angeles,037,10098052,37053,29544,19,29563,1399
2020-05-07,Madera,039,155013,119,54,1,55,2
2020-05-07,Marin,041,260295,272,252,1,253,14
2020-05-07,Mariposa,043,17540,15,15,0,15,0
2020-05-07,Mendocino,045,87422,12,10,0,10,0
2020-05-07,Merced,047,269075,233,146,0,146,3
2020-05-07,Modoc,049,8938,0,0,0,0,0
2020-05-07,Mono,051,14174,32,26,0,26,1
2020-05-07,Monterey,053,433212,336,249,1,250,6
2020-05-07,Napa,055,140530,87,78,0,78,2
2020-05-07,Nevada,057,99092,41,41,1,42,1
2020-05-07,Orange,059,3164182,4973,3283,37,3320,69
2020-05-07,Placer,061,380077,184,165,0,165,8
2020-05-07,Plumas,063,18699,4,4,0,4,0
2020-05-07,Riverside,065,2383286,5638,4608,16,4624,170
2020-05-07,Sacramento,067,1510023,1190,1139,0,1139,50
2020-05-07,San Benito,069,59416,59,50,0,50,2
2020-05-07,San Bernardino,071,2135413,3387,2522,3,2525,115
2020-05-07,San Diego,073,3302833,5525,4431,0,4431,165
2020-05-07,San Francisco,075,870044,2076,1852,0,1852,33
2020-05-07,San Joaquin,077,732212,663,583,3,586,28
2020-05-07,San Luis Obispo,079,281455,289,209,3,212,1
2020-05-07,San Mateo,081,765935,1636,1398,2,1400,58
2020-05-07,Santa Barbara,083,443738,1438,720,5,725,8
2020-05-07,Santa Clara,085,1922200,2830,2281,9,2290,127
2020-05-07,Santa Cruz,087,273765,150,136,0,136,2
2020-05-07,Shasta,089,179085,46,31,0,31,4
2020-05-07,Sierra,091,2930,0,0,0,0,0
2020-05-07,Siskiyou,093,43540,5,5,0,5,0
2020-05-07,Solano,095,438530,412,307,0,307,4
2020-05-07,Sonoma,097,501317,345,282,0,282,3
2020-05-07,Stanislaus,099,539301,546,466,4,470,10
2020-05-07,Sutter,101,95872,37,29,0,29,2
2020-05-07,Tehama,103,63373,2,1,0,1,1
2020-05-07,Trinity,105,12862,2,0,0,0,0
2020-05-07,Tulare,107,460477,1585,1001,6,1007,41
2020-05-07,Tuolumne,109,53932,2,2,0,2,0
2020-05-07,Ventura,111,848112,882,647,1,648,19
2020-05-07,Yolo,113,214977,187,172,0,172,18
2020-05-07,Yuba,115,75493,22,16,0,16,1
2020-05-06,Alameda,001,1643700,2277,1864,3,1867,67
2020-05-06,Alpine,003,1148,1,1,0,1,0
2020-05-06,Amador,005,37829,8,8,0,8,0
2020-05-06,Butte,007,227075,30,19,1,20,0
2020-05-06,Calaveras,009,45235,10,13,0,13,0
2020-05-06,Colusa,011,21464,3,3,0,3,0
2020-05-06,Contra Costa,013,1133247,1119,990,0,990,29
2020-05-06,Del Norte,015,27424,6,3,0,3,0
2020-05-06,El Dorado,017,186661,68,53,0,53,0
2020-05-06,Fresno,019,978130,1520,773,19,792,8
2020-05-06,Glenn,021,27897,8,3,0,3,0
2020-05-06,Humboldt,023,135768,65,54,0,54,0
2020-05-06,Imperial,025,180216,850,399,0,399,6
2020-05-06,Inyo,027,18085,19,20,0,20,1
2020-05-06,Kern,029,883053,1483,1112,1,1113,12
2020-05-06,Kings,031,150075,349,208,1,209,1
2020-05-06,Lake,033,64148,11,7,0,7,0
2020-05-06,Lassen,035,31185,4,0,2,2,0
2020-05-06,Los Angeles,037,10098052,36048,28687,19,28706,1347
2020-05-06,Madera,039,155013,117,55,1,56,2
2020-05-06,Marin,041,260295,265,244,1,245,14
2020-05-06,Mariposa,043,17540,15,14,0,14,0
2020-05-06,Mendocino,045,87422,12,10,0,10,0
2020-05-06,Merced,047,269075,226,140,0,140,3
2020-05-06,Modoc,049,8938,0,0,0,0,0
2020-05-06,Mono,051,14174,32,26,0,26,1
2020-05-06,Monterey,053,433212,328,246,1,247,6
2020-05-06,Napa,055,140530,86,78,0,78,2
2020-05-06,Nevada,057,99092,41,41,1,42,1
2020-05-06,Orange,059,3164182,4789,3156,36,3192,66
2020-05-06,Placer,061,380077,181,164,0,164,8
2020-05-06,Plumas,063,18699,4,4,0,4,0
2020-05-06,Riverside,065,2383286,5494,4535,16,4551,163
2020-05-06,Sacramento,067,1510023,1184,1135,0,1135,49
2020-05-06,San Benito,069,59416,58,50,0,50,2
2020-05-06,San Bernardino,071,2135413,3265,2426,2,2428,110
2020-05-06,San Diego,073,3302833,5392,4321,0,4321,158
2020-05-06,San Francisco,075,870044,2051,1804,0,1804,32
2020-05-06,San Joaquin,077,732212,650,581,3,584,28
2020-05-06,San Luis Obispo,079,281455,286,207,3,210,1
2020-05-06,San Mateo,081,765935,1605,1348,2,1350,57
2020-05-06,Santa Barbara,083,443738,1397,565,4,569,8
2020-05-06,Santa Clara,085,1922200,2813,2270,8,2278,127
2020-05-06,Santa Cruz,087,273765,146,135,0,135,2
2020-05-06,Shasta,089,179085,45,31,0,31,4
2020-05-06,Sierra,091,2930,0,0,0,0,0
2020-05-06,Siskiyou,093,43540,5,5,0,5,0
2020-05-06,Solano,095,438530,402,300,0,300,4
2020-05-06,Sonoma,097,501317,329,269,0,269,3
2020-05-06,Stanislaus,099,539301,530,434,4,438,9
2020-05-06,Sutter,101,95872,37,29,0,29,2
2020-05-06,Tehama,103,63373,2,1,0,1,1
2020-05-06,Trinity,105,12862,2,0,0,0,0
2020-05-06,Tulare,107,460477,1537,963,6,969,40
2020-05-06,Tuolumne,109,53932,2,2,0,2,0
2020-05-06,Ventura,111,848112,855,619,1,620,19
2020-05-06,Yolo,113,214977,186,172,0,172,18
2020-05-06,Yuba,115,75493,22,15,0,15,1
2020-05-05,Alameda,001,1643700,2234,1819,3,1822,67
2020-05-05,Alpine,003,1148,1,1,0,1,0
2020-05-05,Amador,005,37829,8,8,0,8,0
2020-05-05,Butte,007,227075,29,19,1,20,0
2020-05-05,Calaveras,009,45235,10,13,0,13,0
2020-05-05,Colusa,011,21464,3,3,0,3,0
2020-05-05,Contra Costa,013,1133247,1101,976,0,976,29
2020-05-05,Del Norte,015,27424,6,3,0,3,0
2020-05-05,El Dorado,017,186661,66,54,0,54,0
2020-05-05,Fresno,019,978130,1447,726,17,743,8
2020-05-05,Glenn,021,27897,8,3,0,3,0
2020-05-05,Humboldt,023,135768,62,54,0,54,0
2020-05-05,Imperial,025,180216,795,389,0,389,6
2020-05-05,Inyo,027,18085,19,20,0,20,1
2020-05-05,Kern,029,883053,1431,1084,1,1085,11
2020-05-05,Kings,031,150075,331,187,1,188,1
2020-05-05,Lake,033,64148,10,7,0,7,0
2020-05-05,Lassen,035,31185,4,0,2,2,0
2020-05-05,Los Angeles,037,10098052,34977,27867,19,27886,1289
2020-05-05,Madera,039,155013,113,53,1,54,2
2020-05-05,Marin,041,260295,259,244,1,245,14
2020-05-05,Mariposa,043,17540,15,14,0,14,0
2020-05-05,Mendocino,045,87422,12,10,0,10,0
2020-05-05,Merced,047,269075,221,141,0,141,3
2020-05-05,Modoc,049,8938,0,0,0,0,0
2020-05-05,Mono,051,14174,32,25,0,25,1
2020-05-05,Monterey,053,433212,314,240,1,241,6
2020-05-05,Napa,055,140530,86,74,0,74,2
2020-05-05,Nevada,057,99092,41,41,1,42,1
2020-05-05,Orange,059,3164182,4665,3041,36,3077,63
2020-05-05,Placer,061,380077,181,162,0,162,8
2020-05-05,Plumas,063,18699,4,4,0,4,0
2020-05-05,Riverside,065,2383286,5384,4309,16,4325,161
2020-05-05,Sacramento,067,1510023,1177,1125,0,1125,48
2020-05-05,San Benito,069,59416,57,50,0,50,2
2020-05-05,San Bernardino,071,2135413,3172,2345,2,2347,104
2020-05-05,San Diego,073,3302833,5249,4162,0,4162,150
2020-05-05,San Francisco,075,870044,2016,1779,0,1779,31
2020-05-05,San Joaquin,077,732212,641,577,3,580,26
2020-05-05,San Luis Obispo,079,281455,284,203,3,206,1
2020-05-05,San Mateo,081,765935,1573,1335,2,1337,56
2020-05-05,Santa Barbara,083,443738,1176,541,4,545,7
2020-05-05,Santa Clara,085,1922200,2767,2249,7,2256,124
2020-05-05,Santa Cruz,087,273765,143,134,0,134,2
2020-05-05,Shasta,089,179085,44,31,0,31,4
2020-05-05,Sierra,091,2930,0,0,0,0,0
2020-05-05,Siskiyou,093,43540,5,5,0,5,0
2020-05-05,Solano,095,438530,386,299,0,299,4
2020-05-05,Sonoma,097,501317,326,263,0,263,3
2020-05-05,Stanislaus,099,539301,518,430,4,434,9
2020-05-05,Sutter,101,95872,36,29,0,29,2
2020-05-05,Tehama,103,63373,2,1,0,1,1
2020-05-05,Trinity,105,12862,2,0,0,0,0
2020-05-05,Tulare,107,460477,1439,869,6,875,40
2020-05-05,Tuolumne,109,53932,2,2,0,2,0
2020-05-05,Ventura,111,848112,831,607,1,608,19
2020-05-05,Yolo,113,214977,184,171,0,171,18
2020-05-05,Yuba,115,75493,22,15,0,15,1
2020-05-04,Alameda,001,1643700,2175,1762,3,1765,65
2020-05-04,Alpine,003,1148,1,1,0,1,0
2020-05-04,Amador,005,37829,7,8,0,8,0
2020-05-04,Butte,007,227075,28,16,1,17,0
2020-05-04,Calaveras,009,45235,10,13,0,13,0
2020-05-04,Colusa,011,21464,3,3,0,3,0
2020-05-04,Contra Costa,013,1133247,1083,949,0,949,28
2020-05-04,Del Norte,015,27424,5,3,0,3,0
2020-05-04,El Dorado,017,186661,65,51,0,51,0
2020-05-04,Fresno,019,978130,1377,680,16,696,8
2020-05-04,Glenn,021,27897,8,4,0,4,0
2020-05-04,Humboldt,023,135768,60,54,0,54,0
2020-05-04,Imperial,025,180216,743,351,0,351,6
2020-05-04,Inyo,027,18085,19,20,0,20,1
2020-05-04,Kern,029,883053,1389,1047,1,1048,8
2020-05-04,Kings,031,150075,314,153,1,154,1
2020-05-04,Lake,033,64148,9,7,0,7,0
2020-05-04,Lassen,035,31185,3,0,2,2,0
2020-05-04,Los Angeles,037,10098052,33679,26243,17,26260,1235
2020-05-04,Madera,039,155013,110,52,1,53,2
2020-05-04,Marin,041,260295,254,244,1,245,13
2020-05-04,Mariposa,043,17540,15,13,0,13,0
2020-05-04,Mendocino,045,87422,12,10,0,10,0
2020-05-04,Merced,047,269075,221,138,0,138,3
2020-05-04,Modoc,049,8938,0,0,0,0,0
2020-05-04,Mono,051,14174,32,25,0,25,1
2020-05-04,Monterey,053,433212,303,237,1,238,6
2020-05-04,Napa,055,140530,86,72,0,72,2
2020-05-04,Nevada,057,99092,41,41,1,42,1
2020-05-04,Orange,059,3164182,4527,2931,33,2964,57
2020-05-04,Placer,061,380077,179,162,0,162,8
2020-05-04,Plumas,063,18699,4,4,0,4,0
2020-05-04,Riverside,065,2383286,5290,4221,16,4237,147
2020-05-04,Sacramento,067,1510023,1167,1119,0,1119,44
2020-05-04,San Benito,069,59416,55,49,0,49,2
2020-05-04,San Bernardino,071,2135413,3031,2184,2,2186,99
2020-05-04,San Diego,073,3302833,5108,4022,0,4022,144
2020-05-04,San Francisco,075,870044,1978,1760,0,1760,31
2020-05-04,San Joaquin,077,732212,627,574,3,577,26
2020-05-04,San Luis Obispo,079,281455,281,202,3,205,1
2020-05-04,San Mateo,081,765935,1548,1313,2,1315,53
2020-05-04,Santa Barbara,083,443738,928,524,4,528,7
2020-05-04,Santa Clara,085,1922200,2752,2238,7,2245,119
2020-05-04,Santa Cruz,087,273765,142,133,0,133,2
2020-05-04,Shasta,089,179085,42,31,0,31,4
2020-05-04,Sierra,091,2930,0,0,0,0,0
2020-05-04,Siskiyou,093,43540,5,5,0,5,0
2020-05-04,Solano,095,438530,372,293,0,293,4
2020-05-04,Sonoma,097,501317,312,256,0,256,4
2020-05-04,Stanislaus,099,539301,512,422,4,426,8
2020-05-04,Sutter,101,95872,33,28,0,28,2
2020-05-04,Tehama,103,63373,2,1,0,1,1
2020-05-04,Trinity,105,12862,1,0,0,0,0
2020-05-04,Tulare,107,460477,1360,760,6,766,40
2020-05-04,Tuolumne,109,53932,2,3,0,3,0
2020-05-04,Ventura,111,848112,810,590,1,591,19
2020-05-04,Yolo,113,214977,183,171,0,171,18
2020-05-04,Yuba,115,75493,19,16,0,16,1
2020-05-03,Alameda,001,1643700,2118,1731,3,1734,64
2020-05-03,Alpine,003,1148,1,1,0,1,0
2020-05-03,Amador,005,37829,7,8,0,8,0
2020-05-03,Butte,007,227075,28,17,1,18,0
2020-05-03,Calaveras,009,45235,10,13,0,13,0
2020-05-03,Colusa,011,21464,3,3,0,3,0
2020-05-03,Contra Costa,013,1133247,1067,945,0,945,28
2020-05-03,Del Norte,015,27424,5,3,0,3,0
2020-05-03,El Dorado,017,186661,63,49,0,49,0
2020-05-03,Fresno,019,978130,1285,646,14,660,8
2020-05-03,Glenn,021,27897,7,5,0,5,0
2020-05-03,Humboldt,023,135768,59,54,0,54,0
2020-05-03,Imperial,025,180216,687,351,0,351,6
2020-05-03,Inyo,027,18085,19,20,0,20,1
2020-05-03,Kern,029,883053,1334,1025,1,1026,8
2020-05-03,Kings,031,150075,294,137,1,138,1
2020-05-03,Lake,033,64148,9,7,0,7,0
2020-05-03,Lassen,035,31185,3,0,2,2,0
2020-05-03,Los Angeles,037,10098052,32692,25708,17,25725,1210
2020-05-03,Madera,039,155013,103,46,1,47,2
2020-05-03,Marin,041,260295,249,243,1,244,13
2020-05-03,Mariposa,043,17540,15,13,0,13,0
2020-05-03,Mendocino,045,87422,12,10,0,10,0
2020-05-03,Merced,047,269075,213,134,0,134,3
2020-05-03,Modoc,049,8938,0,0,0,0,0
2020-05-03,Mono,051,14174,32,25,0,25,1
2020-05-03,Monterey,053,433212,294,235,1,236,6
2020-05-03,Napa,055,140530,86,72,0,72,2
2020-05-03,Nevada,057,99092,41,41,1,42,1
2020-05-03,Orange,059,3164182,4353,2859,32,2891,55
2020-05-03,Placer,061,380077,179,161,0,161,8
2020-05-03,Plumas,063,18699,4,4,0,4,0
2020-05-03,Riverside,065,2383286,5185,4034,16,4050,139
2020-05-03,Sacramento,067,1510023,1158,1109,0,1109,43
2020-05-03,San Benito,069,59416,55,49,0,49,2
2020-05-03,San Bernardino,071,2135413,2970,2123,2,2125,99
2020-05-03,San Diego,073,3302833,4970,3929,0,3929,142
2020-05-03,San Francisco,075,870044,1949,1692,0,1692,30
2020-05-03,San Joaquin,077,732212,620,570,3,573,26
2020-05-03,San Luis Obispo,079,281455,278,200,3,203,1
2020-05-03,San Mateo,081,765935,1520,1277,2,1279,53
2020-05-03,Santa Barbara,083,443738,569,512,4,516,7
2020-05-03,Santa Clara,085,1922200,2715,2235,7,2242,116
2020-05-03,Santa Cruz,087,273765,142,133,0,133,2
2020-05-03,Shasta,089,179085,40,31,0,31,4
2020-05-03,Sierra,091,2930,0,0,0,0,0
2020-05-03,Siskiyou,093,43540,5,5,0,5,0
2020-05-03,Solano,095,438530,362,266,0,266,4
2020-05-03,Sonoma,097,501317,303,254,0,254,4
2020-05-03,Stanislaus,099,539301,484,411,4,415,8
2020-05-03,Sutter,101,95872,31,28,0,28,2
2020-05-03,Tehama,103,63373,2,1,0,1,1
2020-05-03,Trinity,105,12862,1,0,0,0,0
2020-05-03,Tulare,107,460477,1281,736,6,742,40
2020-05-03,Tuolumne,109,53932,2,3,0,3,0
2020-05-03,Ventura,111,848112,776,583,1,584,19
2020-05-03,Yolo,113,214977,182,171,0,171,18
2020-05-03,Yuba,115,75493,19,16,0,16,1
2020-05-02,Alameda,001,1643700,2081,1678,3,1681,63
2020-05-02,Alpine,003,1148,1,1,0,1,0
2020-05-02,Amador,005,37829,7,8,0,8,0
2020-05-02,Butte,007,227075,28,17,1,18,0
2020-05-02,Calaveras,009,45235,10,13,0,13,0
2020-05-02,Colusa,011,21464,3,3,0,3,0
2020-05-02,Contra Costa,013,1133247,1049,929,0,929,28
2020-05-02,Del Norte,015,27424,5,3,0,3,0
2020-05-02,El Dorado,017,186661,63,47,0,47,0
2020-05-02,Fresno,019,978130,1259,629,13,642,8
2020-05-02,Glenn,021,27897,7,5,0,5,0
2020-05-02,Humboldt,023,135768,59,54,0,54,0
2020-05-02,Imperial,025,180216,660,345,0,345,6
2020-05-02,Inyo,027,18085,19,20,0,20,1
2020-05-02,Kern,029,883053,1308,1007,1,1008,8
2020-05-02,Kings,031,150075,291,120,1,121,1
2020-05-02,Lake,033,64148,9,7,0,7,0
2020-05-02,Lassen,035,31185,3,0,2,2,0
2020-05-02,Los Angeles,037,10098052,32163,24955,17,24972,1192
2020-05-02,Madera,039,155013,103,46,1,47,2
2020-05-02,Marin,041,260295,248,243,1,244,13
2020-05-02,Mariposa,043,17540,15,13,0,13,0
2020-05-02,Mendocino,045,87422,12,10,0,10,0
2020-05-02,Merced,047,269075,210,131,0,131,3
2020-05-02,Modoc,049,8938,0,0,0,0,0
2020-05-02,Mono,051,14174,32,25,0,25,1
2020-05-02,Monterey,053,433212,288,225,1,226,5
2020-05-02,Napa,055,140530,86,71,0,71,2
2020-05-02,Nevada,057,99092,41,41,1,42,1
2020-05-02,Orange,059,3164182,4239,2774,32,2806,52
2020-05-02,Placer,061,380077,177,150,0,150,8
2020-05-02,Plumas,063,18699,4,4,0,4,0
2020-05-02,Riverside,065,2383286,5119,3997,16,4013,137
2020-05-02,Sacramento,067,1510023,1155,1097,0,1097,43
2020-05-02,San Benito,069,59416,55,49,0,49,2
2020-05-02,San Bernardino,071,2135413,2931,2124,2,2126,99
2020-05-02,San Diego,073,3302833,4868,3844,0,3844,138
2020-05-02,San Francisco,075,870044,1926,1632,0,1632,29
2020-05-02,San Joaquin,077,732212,612,559,3,562,25
2020-05-02,San Luis Obispo,079,281455,272,193,3,196,1
2020-05-02,San Mateo,081,765935,1504,1272,2,1274,52
2020-05-02,Santa Barbara,083,443738,561,506,4,510,7
2020-05-02,Santa Clara,085,1922200,2705,2203,7,2210,115
2020-05-02,Santa Cruz,087,273765,141,131,0,131,2
2020-05-02,Shasta,089,179085,40,31,0,31,4
2020-05-02,Sierra,091,2930,0,0,0,0,0
2020-05-02,Siskiyou,093,43540,5,5,0,5,0
2020-05-02,Solano,095,438530,355,267,0,267,4
2020-05-02,Sonoma,097,501317,300,250,0,250,3
2020-05-02,Stanislaus,099,539301,476,388,4,392,8
2020-05-02,Sutter,101,95872,31,28,0,28,2
2020-05-02,Tehama,103,63373,2,1,0,1,1
2020-05-02,Trinity,105,12862,1,0,0,0,0
2020-05-02,Tulare,107,460477,1238,711,6,717,35
2020-05-02,Tuolumne,109,53932,2,3,0,3,0
2020-05-02,Ventura,111,848112,762,564,1,565,19
2020-05-02,Yolo,113,214977,182,169,0,169,17
2020-05-02,Yuba,115,75493,19,16,0,16,1
2020-05-01,Alameda,001,1643700,2043,1630,3,1633,63
2020-05-01,Alpine,003,1148,1,1,0,1,0
2020-05-01,Amador,005,37829,7,8,0,8,0
2020-05-01,Butte,007,227075,28,17,1,18,0
2020-05-01,Calaveras,009,45235,10,13,0,13,0
2020-05-01,Colusa,011,21464,3,3,0,3,0
2020-05-01,Contra Costa,013,1133247,1035,915,0,915,28
2020-05-01,Del Norte,015,27424,5,3,0,3,0
2020-05-01,El Dorado,017,186661,63,47,0,47,0
2020-05-01,Fresno,019,978130,1228,617,13,630,7
2020-05-01,Glenn,021,27897,7,4,0,4,0
2020-05-01,Humboldt,023,135768,59,54,0,54,0
2020-05-01,Imperial,025,180216,623,337,0,337,6
2020-05-01,Inyo,027,18085,19,20,0,20,1
2020-05-01,Kern,029,883053,1281,972,1,973,8
2020-05-01,Kings,031,150075,274,112,1,113,1
2020-05-01,Lake,033,64148,9,6,0,6,0
2020-05-01,Lassen,035,31185,3,0,2,2,0
2020-05-01,Los Angeles,037,10098052,31407,24306,17,24323,1155
2020-05-01,Madera,039,155013,99,46,1,47,2
2020-05-01,Marin,041,260295,248,242,1,243,13
2020-05-01,Mariposa,043,17540,15,10,0,10,0
2020-05-01,Mendocino,045,87422,12,11,0,11,0
2020-05-01,Merced,047,269075,207,131,0,131,3
2020-05-01,Modoc,049,8938,0,0,0,0,0
2020-05-01,Mono,051,14174,32,25,0,25,1
2020-05-01,Monterey,053,433212,284,222,1,223,5
2020-05-01,Napa,055,140530,86,69,0,69,2
2020-05-01,Nevada,057,99092,41,41,1,42,1
2020-05-01,Orange,059,3164182,4162,2660,30,2690,51
2020-05-01,Placer,061,380077,176,149,0,149,8
2020-05-01,Plumas,063,18699,4,4,0,4,0
2020-05-01,Riverside,065,2383286,5055,3893,16,3909,132
2020-05-01,Sacramento,067,1510023,1150,1081,0,1081,43
2020-05-01,San Benito,069,59416,55,49,0,49,2
2020-05-01,San Bernardino,071,2135413,2876,2084,2,2086,98
2020-05-01,San Diego,073,3302833,4777,3713,0,3713,134
2020-05-01,San Francisco,075,870044,1882,1552,0,1552,29
2020-05-01,San Joaquin,077,732212,608,554,3,557,25
2020-05-01,San Luis Obispo,079,281455,269,186,3,189,1
2020-05-01,San Mateo,081,765935,1482,1222,2,1224,52
2020-05-01,Santa Barbara,083,443738,555,499,3,502,7
2020-05-01,Santa Clara,085,1922200,2693,2176,7,2183,112
2020-05-01,Santa Cruz,087,273765,141,127,0,127,2
2020-05-01,Shasta,089,179085,40,31,0,31,4
2020-05-01,Sierra,091,2930,0,0,0,0,0
2020-05-01,Siskiyou,093,43540,5,5,0,5,0
2020-05-01,Solano,095,438530,347,266,0,266,4
2020-05-01,Sonoma,097,501317,297,242,0,242,3
2020-05-01,Stanislaus,099,539301,471,384,4,388,8
2020-05-01,Sutter,101,95872,31,28,0,28,2
2020-05-01,Tehama,103,63373,2,1,0,1,1
2020-05-01,Trinity,105,12862,1,0,0,0,0
2020-05-01,Tulare,107,460477,1194,685,6,691,32
2020-05-01,Tuolumne,109,53932,2,3,0,3,0
2020-05-01,Ventura,111,848112,749,556,1,557,18
2020-05-01,Yolo,113,214977,182,165,0,165,18
2020-05-01,Yuba,115,75493,19,16,0,16,1
2020-04-30,Alameda,001,1643700,1983,1599,3,1602,60
2020-04-30,Alpine,003,1148,1,1,0,1,0
2020-04-30,Amador,005,37829,7,8,0,8,0
2020-04-30,Butte,007,227075,28,16,1,17,0
2020-04-30,Calaveras,009,45235,10,13,0,13,0
2020-04-30,Colusa,011,21464,3,3,0,3,0
2020-04-30,Contra Costa,013,1133247,1013,900,0,900,25
2020-04-30,Del Norte,015,27424,4,3,0,3,0
2020-04-30,El Dorado,017,186661,63,44,0,44,0
2020-04-30,Fresno,019,978130,1163,562,10,572,7
2020-04-30,Glenn,021,27897,7,4,0,4,0
2020-04-30,Humboldt,023,135768,59,54,0,54,0
2020-04-30,Imperial,025,180216,577,322,0,322,6
2020-04-30,Inyo,027,18085,19,20,0,20,1
2020-04-30,Kern,029,883053,1249,941,1,942,8
2020-04-30,Kings,031,150075,262,87,1,88,1
2020-04-30,Lake,033,64148,9,6,0,6,0
2020-04-30,Lassen,035,31185,3,0,2,2,0
2020-04-30,Los Angeles,037,10098052,30400,23284,17,23301,1099
2020-04-30,Madera,039,155013,88,46,1,47,2
2020-04-30,Marin,041,260295,248,240,1,241,13
2020-04-30,Mariposa,043,17540,15,3,0,3,0
2020-04-30,Mendocino,045,87422,12,11,0,11,0
2020-04-30,Merced,047,269075,200,122,0,122,3
2020-04-30,Modoc,049,8938,0,0,0,0,0
2020-04-30,Mono,051,14174,31,25,0,25,1
2020-04-30,Monterey,053,433212,274,213,1,214,5
2020-04-30,Napa,055,140530,84,69,0,69,2
2020-04-30,Nevada,057,99092,41,41,1,42,1
2020-04-30,Orange,059,3164182,3939,2591,27,2618,46
2020-04-30,Placer,061,380077,175,148,0,148,8
2020-04-30,Plumas,063,18699,4,4,0,4,0
2020-04-30,Riverside,065,2383286,4955,3820,15,3835,124
2020-04-30,Sacramento,067,1510023,1144,1071,0,1071,43
2020-04-30,San Benito,069,59416,55,48,0,48,2
2020-04-30,San Bernardino,071,2135413,2674,2020,2,2022,96
2020-04-30,San Diego,073,3302833,4606,3566,0,3566,124
2020-04-30,San Francisco,075,870044,1848,1518,0,1518,26
2020-04-30,San Joaquin,077,732212,600,548,3,551,25
2020-04-30,San Luis Obispo,079,281455,266,182,3,185,1
2020-04-30,San Mateo,081,765935,1452,1194,2,1196,52
2020-04-30,Santa Barbara,083,443738,543,490,3,493,7
2020-04-30,Santa Clara,085,1922200,2653,2172,7,2179,111
2020-04-30,Santa Cruz,087,273765,140,126,0,126,2
2020-04-30,Shasta,089,179085,39,31,0,31,4
2020-04-30,Sierra,091,2930,0,0,0,0,0
2020-04-30,Siskiyou,093,43540,5,5,0,5,0
2020-04-30,Solano,095,438530,337,262,0,262,4
2020-04-30,Sonoma,097,501317,288,233,0,233,3
2020-04-30,Stanislaus,099,539301,464,378,4,382,7
2020-04-30,Sutter,101,95872,31,28,0,28,2
2020-04-30,Tehama,103,63373,1,1,0,1,1
2020-04-30,Trinity,105,12862,1,0,0,0,0
2020-04-30,Tulare,107,460477,1128,637,6,643,31
2020-04-30,Tuolumne,109,53932,2,3,0,3,0
2020-04-30,Ventura,111,848112,721,547,1,548,18
2020-04-30,Yolo,113,214977,181,164,0,164,16
2020-04-30,Yuba,115,75493,19,15,0,15,1
2020-04-29,Alameda,001,1643700,1925,1564,2,1566,60
2020-04-29,Alpine,003,1148,1,1,0,1,0
2020-04-29,Amador,005,37829,7,8,0,8,0
2020-04-29,Butte,007,227075,28,16,1,17,0
2020-04-29,Calaveras,009,45235,10,13,0,13,0
2020-04-29,Colusa,011,21464,3,3,0,3,0
2020-04-29,Contra Costa,013,1133247,994,885,0,885,25
2020-04-29,Del Norte,015,27424,4,3,0,3,0
2020-04-29,El Dorado,017,186661,61,44,0,44,0
2020-04-29,Fresno,019,978130,1111,544,10,554,7
2020-04-29,Glenn,021,27897,7,4,0,4,0
2020-04-29,Humboldt,023,135768,59,53,0,53,0
2020-04-29,Imperial,025,180216,547,300,0,300,6
2020-04-29,Inyo,027,18085,19,20,0,20,1
2020-04-29,Kern,029,883053,1206,910,1,911,6
2020-04-29,Kings,031,150075,243,80,1,81,1
2020-04-29,Lake,033,64148,9,6,0,6,0
2020-04-29,Lassen,035,31185,3,0,2,2,0
2020-04-29,Los Angeles,037,10098052,29423,22560,17,22577,1043
2020-04-29,Madera,039,155013,86,45,1,46,2
2020-04-29,Marin,041,260295,245,234,1,235,13
2020-04-29,Mariposa,043,17540,15,1,0,1,0
2020-04-29,Mendocino,045,87422,12,11,0,11,0
2020-04-29,Merced,047,269075,193,116,0,116,3
2020-04-29,Modoc,049,8938,0,0,0,0,0
2020-04-29,Mono,051,14174,31,25,0,25,1
2020-04-29,Monterey,053,433212,266,204,1,205,5
2020-04-29,Napa,055,140530,82,68,0,68,2
2020-04-29,Nevada,057,99092,41,41,1,42,1
2020-04-29,Orange,059,3164182,3803,2421,26,2447,43
2020-04-29,Placer,061,380077,173,145,0,145,8
2020-04-29,Plumas,063,18699,4,4,0,4,0
2020-04-29,Riverside,065,2383286,4879,3700,15,3715,116
2020-04-29,Sacramento,067,1510023,1122,1055,0,1055,41
2020-04-29,San Benito,069,59416,55,48,0,48,2
2020-04-29,San Bernardino,071,2135413,2587,1975,1,1976,91
2020-04-29,San Diego,073,3302833,4464,3434,0,3434,120
2020-04-29,San Francisco,075,870044,1820,1489,0,1489,23
2020-04-29,San Joaquin,077,732212,592,540,3,543,25
2020-04-29,San Luis Obispo,079,281455,264,181,3,184,1
2020-04-29,San Mateo,081,765935,1426,1170,2,1172,50
2020-04-29,Santa Barbara,083,443738,530,477,3,480,7
2020-04-29,Santa Clara,085,1922200,2626,2147,7,2154,108
2020-04-29,Santa Cruz,087,273765,139,124,0,124,2
2020-04-29,Shasta,089,179085,38,31,0,31,4
2020-04-29,Sierra,091,2930,0,0,0,0,0
2020-04-29,Siskiyou,093,43540,5,5,0,5,0
2020-04-29,Solano,095,438530,313,252,0,252,3
2020-04-29,Sonoma,097,501317,280,230,0,230,2
2020-04-29,Stanislaus,099,539301,451,374,4,378,5
2020-04-29,Sutter,101,95872,31,28,0,28,2
2020-04-29,Tehama,103,63373,1,1,0,1,1
2020-04-29,Trinity,105,12862,1,0,0,0,0
2020-04-29,Tulare,107,460477,1055,615,5,620,30
2020-04-29,Tuolumne,109,53932,2,4,0,4,0
2020-04-29,Ventura,111,848112,697,530,1,531,18
2020-04-29,Yolo,113,214977,178,161,0,161,11
2020-04-29,Yuba,115,75493,19,15,0,15,1
2020-04-28,Alameda,001,1643700,1868,1525,2,1527,55
2020-04-28,Alpine,003,1148,1,1,0,1,0
2020-04-28,Amador,005,37829,7,8,0,8,0
2020-04-28,Butte,007,227075,28,16,1,17,0
2020-04-28,Calaveras,009,45235,10,13,0,13,0
2020-04-28,Colusa,011,21464,3,3,0,3,0
2020-04-28,Contra Costa,013,1133247,987,866,0,866,25
2020-04-28,Del Norte,015,27424,4,3,0,3,0
2020-04-28,El Dorado,017,186661,60,43,0,43,0
2020-04-28,Fresno,019,978130,1060,525,8,533,7
2020-04-28,Glenn,021,27897,5,4,0,4,0
2020-04-28,Humboldt,023,135768,58,53,0,53,0
2020-04-28,Imperial,025,180216,513,295,0,295,6
2020-04-28,Inyo,027,18085,19,20,0,20,1
2020-04-28,Kern,029,883053,1163,882,1,883,5
2020-04-28,Kings,031,150075,230,57,1,58,1
2020-04-28,Lake,033,64148,9,6,0,6,0
2020-04-28,Lassen,035,31185,3,0,2,2,0
2020-04-28,Los Angeles,037,10098052,28357,21029,17,21046,984
2020-04-28,Madera,039,155013,86,44,1,45,2
2020-04-28,Marin,041,260295,244,228,1,229,12
2020-04-28,Mariposa,043,17540,15,0,0,0,0
2020-04-28,Mendocino,045,87422,12,10,0,10,0
2020-04-28,Merced,047,269075,186,108,0,108,3
2020-04-28,Modoc,049,8938,0,0,0,0,0
2020-04-28,Mono,051,14174,31,25,0,25,1
2020-04-28,Monterey,053,433212,260,191,1,192,5
2020-04-28,Napa,055,140530,81,67,0,67,2
2020-04-28,Nevada,057,99092,41,41,1,42,1
2020-04-28,Orange,059,3164182,3638,2324,25,2349,42
2020-04-28,Placer,061,380077,163,143,0,143,8
2020-04-28,Plumas,063,18699,4,4,0,4,0
2020-04-28,Riverside,065,2383286,4784,3504,15,3519,113
2020-04-28,Sacramento,067,1510023,1107,1044,0,1044,41
2020-04-28,San Benito,069,59416,53,46,0,46,2
2020-04-28,San Bernardino,071,2135413,2510,1891,1,1892,89
2020-04-28,San Diego,073,3302833,4334,3316,0,3316,118
2020-04-28,San Francisco,075,870044,1785,1471,0,1471,23
2020-04-28,San Joaquin,077,732212,586,532,3,535,25
2020-04-28,San Luis Obispo,079,281455,257,172,3,175,1
2020-04-28,San Mateo,081,765935,1413,1129,2,1131,48
2020-04-28,Santa Barbara,083,443738,525,469,2,471,7
2020-04-28,Santa Clara,085,1922200,2592,2130,7,2137,106
2020-04-28,Santa Cruz,087,273765,139,123,0,123,2
2020-04-28,Shasta,089,179085,38,29,0,29,4
2020-04-28,Sierra,091,2930,0,0,0,0,0
2020-04-28,Siskiyou,093,43540,5,5,0,5,0
2020-04-28,Solano,095,438530,294,246,0,246,3
2020-04-28,Sonoma,097,501317,277,226,0,226,1
2020-04-28,Stanislaus,099,539301,435,330,4,334,5
2020-04-28,Sutter,101,95872,31,25,0,25,2
2020-04-28,Tehama,103,63373,1,1,0,1,1
2020-04-28,Trinity,105,12862,1,0,0,0,0
2020-04-28,Tulare,107,460477,959,579,5,584,30
2020-04-28,Tuolumne,109,53932,2,4,0,4,0
2020-04-28,Ventura,111,848112,677,517,1,518,17
2020-04-28,Yolo,113,214977,178,160,0,160,10
2020-04-28,Yuba,115,75493,19,15,0,15,1
2020-04-27,Alameda,001,1643700,1808,1494,2,1496,53
2020-04-27,Alpine,003,1148,1,1,0,1,0
2020-04-27,Amador,005,37829,7,8,0,8,0
2020-04-27,Butte,007,227075,27,16,1,17,0
2020-04-27,Calaveras,009,45235,10,13,0,13,0
2020-04-27,Colusa,011,21464,3,3,0,3,0
2020-04-27,Contra Costa,013,1133247,975,843,0,843,25
2020-04-27,Del Norte,015,27424,4,3,0,3,0
2020-04-27,El Dorado,017,186661,59,43,0,43,0
2020-04-27,Fresno,019,978130,957,504,7,511,7
2020-04-27,Glenn,021,27897,5,4,0,4,0
2020-04-27,Humboldt,023,135768,58,52,0,52,0
2020-04-27,Imperial,025,180216,483,290,0,290,6
2020-04-27,Inyo,027,18085,19,20,0,20,1
2020-04-27,Kern,029,883053,1124,865,1,866,4
2020-04-27,Kings,031,150075,207,48,1,49,1
2020-04-27,Lake,033,64148,8,6,0,6,0
2020-04-27,Lassen,035,31185,3,0,2,2,0
2020-04-27,Los Angeles,037,10098052,27340,20456,17,20473,931
2020-04-27,Madera,039,155013,84,42,1,43,2
2020-04-27,Marin,041,260295,239,227,1,228,12
2020-04-27,Mariposa,043,17540,14,0,0,0,0
2020-04-27,Mendocino,045,87422,12,10,0,10,0
2020-04-27,Merced,047,269075,183,108,0,108,3
2020-04-27,Modoc,049,8938,0,0,0,0,0
2020-04-27,Mono,051,14174,31,23,0,23,1
2020-04-27,Monterey,053,433212,253,185,1,186,4
2020-04-27,Napa,055,140530,77,64,0,64,2
2020-04-27,Nevada,057,99092,41,39,1,40,1
2020-04-27,Orange,059,3164182,3469,2198,25,2223,42
2020-04-27,Placer,061,380077,163,142,0,142,8
2020-04-27,Plumas,063,18699,4,4,0,4,0
2020-04-27,Riverside,065,2383286,4661,3381,15,3396,100
2020-04-27,Sacramento,067,1510023,1092,1035,0,1035,41
2020-04-27,San Benito,069,59416,51,45,0,45,2
2020-04-27,San Bernardino,071,2135413,2396,1742,1,1743,82
2020-04-27,San Diego,073,3302833,4208,3143,0,3143,113
2020-04-27,San Francisco,075,870044,1731,1453,0,1453,23
2020-04-27,San Joaquin,077,732212,580,522,3,525,25
2020-04-27,San Luis Obispo,079,281455,249,166,3,169,1
2020-04-27,San Mateo,081,765935,1391,1092,2,1094,46
2020-04-27,Santa Barbara,083,443738,517,466,2,468,7
2020-04-27,Santa Clara,085,1922200,2567,2104,6,2110,105
2020-04-27,Santa Cruz,087,273765,139,123,0,123,2
2020-04-27,Shasta,089,179085,38,29,0,29,4
2020-04-27,Sierra,091,2930,0,0,0,0,0
2020-04-27,Siskiyou,093,43540,5,5,0,5,0
2020-04-27,Solano,095,438530,294,222,0,222,3
2020-04-27,Sonoma,097,501317,268,220,0,220,1
2020-04-27,Stanislaus,099,539301,419,316,4,320,5
2020-04-27,Sutter,101,95872,29,26,0,26,2
2020-04-27,Tehama,103,63373,1,1,0,1,1
2020-04-27,Trinity,105,12862,1,0,0,0,0
2020-04-27,Tulare,107,460477,888,535,5,540,28
2020-04-27,Tuolumne,109,53932,2,3,0,3,0
2020-04-27,Ventura,111,848112,658,513,1,514,17
2020-04-27,Yolo,113,214977,175,160,0,160,9
2020-04-27,Yuba,115,75493,19,15,0,15,1
2020-04-26,Alameda,001,1643700,1747,1449,2,1451,52
2020-04-26,Alpine,003,1148,1,1,0,1,0
2020-04-26,Amador,005,37829,7,8,0,8,0
2020-04-26,Butte,007,227075,27,16,1,17,0
2020-04-26,Calaveras,009,45235,10,13,0,13,0
2020-04-26,Colusa,011,21464,3,3,0,3,0
2020-04-26,Contra Costa,013,1133247,959,830,0,830,25
2020-04-26,Del Norte,015,27424,3,3,0,3,0
2020-04-26,El Dorado,017,186661,57,41,0,41,0
2020-04-26,Fresno,019,978130,863,476,7,483,7
2020-04-26,Glenn,021,27897,5,4,0,4,0
2020-04-26,Humboldt,023,135768,58,53,0,53,0
2020-04-26,Imperial,025,180216,449,272,0,272,6
2020-04-26,Inyo,027,18085,19,20,0,20,1
2020-04-26,Kern,029,883053,1074,831,1,832,4
2020-04-26,Kings,031,150075,182,33,1,34,1
2020-04-26,Lake,033,64148,8,6,0,6,0
2020-04-26,Lassen,035,31185,3,0,2,2,0
2020-04-26,Los Angeles,037,10098052,26189,19570,17,19587,901
2020-04-26,Madera,039,155013,82,39,1,40,2
2020-04-26,Marin,041,260295,233,225,1,226,12
2020-04-26,Mariposa,043,17540,14,0,0,0,0
2020-04-26,Mendocino,045,87422,12,5,0,5,0
2020-04-26,Merced,047,269075,166,104,0,104,3
2020-04-26,Modoc,049,8938,0,0,0,0,0
2020-04-26,Mono,051,14174,31,23,0,23,1
2020-04-26,Monterey,053,433212,246,182,1,183,4
2020-04-26,Napa,055,140530,76,62,0,62,2
2020-04-26,Nevada,057,99092,41,37,1,38,1
2020-04-26,Orange,059,3164182,3304,2124,25,2149,40
2020-04-26,Placer,061,380077,162,141,0,141,8
2020-04-26,Plumas,063,18699,4,4,0,4,0
2020-04-26,Riverside,065,2383286,4518,3301,15,3316,95
2020-04-26,Sacramento,067,1510023,1083,1027,0,1027,41
2020-04-26,San Benito,069,59416,51,45,0,45,2
2020-04-26,San Bernardino,071,2135413,2300,1681,1,1682,82
2020-04-26,San Diego,073,3302833,4066,3045,0,3045,111
2020-04-26,San Francisco,075,870044,1692,1403,0,1403,23
2020-04-26,San Joaquin,077,732212,572,514,3,517,25
2020-04-26,San Luis Obispo,079,281455,246,165,3,168,1
2020-04-26,San Mateo,081,765935,1365,1070,2,1072,46
2020-04-26,Santa Barbara,083,443738,510,464,2,466,7
2020-04-26,Santa Clara,085,1922200,2544,2097,5,2102,102
2020-04-26,Santa Cruz,087,273765,139,116,0,116,2
2020-04-26,Shasta,089,179085,35,29,0,29,4
2020-04-26,Sierra,091,2930,0,0,0,0,0
2020-04-26,Siskiyou,093,43540,5,5,0,5,0
2020-04-26,Solano,095,438530,285,205,0,205,3
2020-04-26,Sonoma,097,501317,257,216,0,216,1
2020-04-26,Stanislaus,099,539301,404,294,4,298,4
2020-04-26,Sutter,101,95872,29,26,0,26,2
2020-04-26,Tehama,103,63373,1,1,0,1,1
2020-04-26,Trinity,105,12862,1,0,0,0,0
2020-04-26,Tulare,107,460477,829,497,5,502,28
2020-04-26,Tuolumne,109,53932,2,3,0,3,0
2020-04-26,Ventura,111,848112,640,509,1,510,17
2020-04-26,Yolo,113,214977,174,158,0,158,8
2020-04-26,Yuba,115,75493,18,15,0,15,1
2020-04-25,Alameda,001,1643700,1722,1396,2,1398,52
2020-04-25,Alpine,003,1148,1,1,0,1,0
2020-04-25,Amador,005,37829,7,8,0,8,0
2020-04-25,Butte,007,227075,26,16,1,17,0
2020-04-25,Calaveras,009,45235,10,12,0,12,0
2020-04-25,Colusa,011,21464,3,3,0,3,0
2020-04-25,Contra Costa,013,1133247,945,821,0,821,24
2020-04-25,Del Norte,015,27424,2,2,0,2,0
2020-04-25,El Dorado,017,186661,56,41,0,41,0
2020-04-25,Fresno,019,978130,831,459,6,465,7
2020-04-25,Glenn,021,27897,5,4,0,4,0
2020-04-25,Humboldt,023,135768,58,53,0,53,0
2020-04-25,Imperial,025,180216,432,232,0,232,6
2020-04-25,Inyo,027,18085,19,20,0,20,1
2020-04-25,Kern,029,883053,1043,802,1,803,4
2020-04-25,Kings,031,150075,170,33,1,34,1
2020-04-25,Lake,033,64148,6,6,0,6,0
2020-04-25,Lassen,035,31185,3,0,2,2,0
2020-04-25,Los Angeles,037,10098052,25556,19144,17,19161,881
2020-04-25,Madera,039,155013,79,39,1,40,2
2020-04-25,Marin,041,260295,233,215,1,216,12
2020-04-25,Mariposa,043,17540,14,0,0,0,0
2020-04-25,Mendocino,045,87422,11,5,0,5,0
2020-04-25,Merced,047,269075,166,103,0,103,3
2020-04-25,Modoc,049,8938,0,0,0,0,0
2020-04-25,Mono,051,14174,31,23,0,23,1
2020-04-25,Monterey,053,433212,244,173,1,174,4
2020-04-25,Napa,055,140530,76,60,0,60,2
2020-04-25,Nevada,057,99092,41,37,1,38,1
2020-04-25,Orange,059,3164182,3195,2047,25,2072,40
2020-04-25,Placer,061,380077,162,137,0,137,8
2020-04-25,Plumas,063,18699,4,4,0,4,0
2020-04-25,Riverside,065,2383286,4428,3037,15,3052,93
2020-04-25,Sacramento,067,1510023,1081,1015,0,1015,41
2020-04-25,San Benito,069,59416,51,45,0,45,2
2020-04-25,San Bernardino,071,2135413,2255,1675,1,1676,82
2020-04-25,San Diego,073,3302833,3966,2945,0,2945,111
2020-04-25,San Francisco,075,870044,1667,1341,0,1341,22
2020-04-25,San Joaquin,077,732212,565,497,3,500,24
2020-04-25,San Luis Obispo,079,281455,245,159,3,162,1
2020-04-25,San Mateo,081,765935,1347,1054,2,1056,46
2020-04-25,Santa Barbara,083,443738,503,457,2,459,7
2020-04-25,Santa Clara,085,1922200,2522,2045,4,2049,99
2020-04-25,Santa Cruz,087,273765,139,112,0,112,2
2020-04-25,Shasta,089,179085,35,29,0,29,4
2020-04-25,Sierra,091,2930,0,0,0,0,0
2020-04-25,Siskiyou,093,43540,5,5,0,5,0
2020-04-25,Solano,095,438530,281,203,0,203,3
2020-04-25,Sonoma,097,501317,253,199,0,199,1
2020-04-25,Stanislaus,099,539301,396,276,4,280,4
2020-04-25,Sutter,101,95872,29,24,0,24,2
2020-04-25,Tehama,103,63373,1,1,0,1,1
2020-04-25,Trinity,105,12862,0,0,0,0,0
2020-04-25,Tulare,107,460477,796,478,5,483,28
2020-04-25,Tuolumne,109,53932,2,2,0,2,0
2020-04-25,Ventura,111,848112,626,494,1,495,16
2020-04-25,Yolo,113,214977,174,157,0,157,8
2020-04-25,Yuba,115,75493,17,15,0,15,1
2020-04-24,Alameda,001,1643700,1691,1385,2,1387,50
2020-04-24,Alpine,003,1148,1,1,0,1,0
2020-04-24,Amador,005,37829,7,8,0,8,0
2020-04-24,Butte,007,227075,25,15,1,16,0
2020-04-24,Calaveras,009,45235,10,12,0,12,0
2020-04-24,Colusa,011,21464,3,3,0,3,0
2020-04-24,Contra Costa,013,1133247,936,806,0,806,23
2020-04-24,Del Norte,015,27424,2,2,0,2,0
2020-04-24,El Dorado,017,186661,55,41,0,41,0
2020-04-24,Fresno,019,978130,808,449,6,455,7
2020-04-24,Glenn,021,27897,5,4,0,4,0
2020-04-24,Humboldt,023,135768,58,53,0,53,0
2020-04-24,Imperial,025,180216,416,232,0,232,6
2020-04-24,Inyo,027,18085,19,20,0,20,0
2020-04-24,Kern,029,883053,1019,770,1,771,4
2020-04-24,Kings,031,150075,141,30,1,31,1
2020-04-24,Lake,033,64148,6,6,0,6,0
2020-04-24,Lassen,035,31185,3,0,2,2,0
2020-04-24,Los Angeles,037,10098052,24625,18553,17,18570,836
2020-04-24,Madera,039,155013,79,39,1,40,2
2020-04-24,Marin,041,260295,233,211,1,212,11
2020-04-24,Mariposa,043,17540,8,0,0,0,0
2020-04-24,Mendocino,045,87422,11,5,0,5,0
2020-04-24,Merced,047,269075,163,102,0,102,3
2020-04-24,Modoc,049,8938,0,0,0,0,0
2020-04-24,Mono,051,14174,30,23,0,23,1
2020-04-24,Monterey,053,433212,237,167,1,168,4
2020-04-24,Napa,055,140530,75,59,0,59,2
2020-04-24,Nevada,057,99092,41,36,1,37,1
2020-04-24,Orange,059,3164182,3088,1945,25,1970,39
2020-04-24,Placer,061,380077,160,137,0,137,8
2020-04-24,Plumas,063,18699,4,4,0,4,0
2020-04-24,Riverside,065,2383286,4347,3044,15,3059,87
2020-04-24,Sacramento,067,1510023,1075,1009,0,1009,41
2020-04-24,San Benito,069,59416,51,45,0,45,2
2020-04-24,San Bernardino,071,2135413,2220,1667,1,1668,80
2020-04-24,San Diego,073,3302833,3855,2828,0,2828,102
2020-04-24,San Francisco,075,870044,1609,1345,0,1345,22
2020-04-24,San Joaquin,077,732212,558,484,3,487,24
2020-04-24,San Luis Obispo,079,281455,242,151,3,154,1
2020-04-24,San Mateo,081,765935,1324,1004,2,1006,43
2020-04-24,Santa Barbara,083,443738,497,450,2,452,6
2020-04-24,Santa Clara,085,1922200,2479,2026,4,2030,98
2020-04-24,Santa Cruz,087,273765,135,111,0,111,2
2020-04-24,Shasta,089,179085,35,28,0,28,4
2020-04-24,Sierra,091,2930,0,0,0,0,0
2020-04-24,Siskiyou,093,43540,5,5,0,5,0
2020-04-24,Solano,095,438530,279,203,0,203,3
2020-04-24,Sonoma,097,501317,249,199,0,199,1
2020-04-24,Stanislaus,099,539301,393,273,4,277,4
2020-04-24,Sutter,101,95872,28,24,0,24,2
2020-04-24,Tehama,103,63373,1,1,0,1,1
2020-04-24,Trinity,105,12862,0,0,0,0,0
2020-04-24,Tulare,107,460477,768,459,5,464,27
2020-04-24,Tuolumne,109,53932,2,2,0,2,0
2020-04-24,Ventura,111,848112,616,489,1,490,16
2020-04-24,Yolo,113,214977,173,155,0,155,8
2020-04-24,Yuba,115,75493,16,15,0,15,1
2020-04-23,Alameda,001,1643700,1653,1336,2,1338,46
2020-04-23,Alpine,003,1148,1,1,0,1,0
2020-04-23,Amador,005,37829,7,8,0,8,0
2020-04-23,Butte,007,227075,25,15,1,16,0
2020-04-23,Calaveras,009,45235,10,12,0,12,0
2020-04-23,Colusa,011,21464,3,3,0,3,0
2020-04-23,Contra Costa,013,1133247,915,786,0,786,23
2020-04-23,Del Norte,015,27424,2,2,0,2,0
2020-04-23,El Dorado,017,186661,54,39,0,39,0
2020-04-23,Fresno,019,978130,770,426,6,432,7
2020-04-23,Glenn,021,27897,5,3,0,3,0
2020-04-23,Humboldt,023,135768,58,53,0,53,0
2020-04-23,Imperial,025,180216,395,181,0,181,4
2020-04-23,Inyo,027,18085,19,19,0,19,0
2020-04-23,Kern,029,883053,971,732,1,733,4
2020-04-23,Kings,031,150075,126,28,1,29,1
2020-04-23,Lake,033,64148,6,6,0,6,0
2020-04-23,Lassen,035,31185,3,0,2,2,0
2020-04-23,Los Angeles,037,10098052,23565,17548,16,17564,784
2020-04-23,Madera,039,155013,77,37,1,38,2
2020-04-23,Marin,041,260295,220,209,1,210,11
2020-04-23,Mariposa,043,17540,7,0,0,0,0
2020-04-23,Mendocino,045,87422,9,5,0,5,0
2020-04-23,Merced,047,269075,159,98,0,98,3
2020-04-23,Modoc,049,8938,0,0,0,0,0
2020-04-23,Mono,051,14174,30,23,0,23,1
2020-04-23,Monterey,053,433212,233,161,1,162,4
2020-04-23,Napa,055,140530,68,59,0,59,2
2020-04-23,Nevada,057,99092,41,36,1,37,1
2020-04-23,Orange,059,3164182,2910,1841,24,1865,37
2020-04-23,Placer,061,380077,157,136,0,136,8
2020-04-23,Plumas,063,18699,4,4,0,4,0
2020-04-23,Riverside,065,2383286,4233,2935,14,2949,78
2020-04-23,Sacramento,067,1510023,1063,978,0,978,41
2020-04-23,San Benito,069,59416,48,43,0,43,2
2020-04-23,San Bernardino,071,2135413,2155,1604,1,1605,79
2020-04-23,San Diego,073,3302833,3694,2645,0,2645,100
2020-04-23,San Francisco,075,870044,1584,1312,0,1312,21
2020-04-23,San Joaquin,077,732212,548,479,3,482,20
2020-04-23,San Luis Obispo,079,281455,238,146,3,149,1
2020-04-23,San Mateo,081,765935,1285,970,2,972,42
2020-04-23,Santa Barbara,083,443738,491,445,2,447,6
2020-04-23,Santa Clara,085,1922200,2444,1996,4,2000,95
2020-04-23,Santa Cruz,087,273765,134,110,0,110,2
2020-04-23,Shasta,089,179085,35,27,0,27,3
2020-04-23,Sierra,091,2930,0,0,0,0,0
2020-04-23,Siskiyou,093,43540,5,5,0,5,0
2020-04-23,Solano,095,438530,265,196,0,196,3
2020-04-23,Sonoma,097,501317,237,187,0,187,1
2020-04-23,Stanislaus,099,539301,389,254,4,258,4
2020-04-23,Sutter,101,95872,28,24,0,24,2
2020-04-23,Tehama,103,63373,1,1,0,1,1
2020-04-23,Trinity,105,12862,0,0,0,0,0
2020-04-23,Tulare,107,460477,739,440,5,445,25
2020-04-23,Tuolumne,109,53932,2,2,0,2,0
2020-04-23,Ventura,111,848112,602,479,1,480,16
2020-04-23,Yolo,113,214977,170,151,0,151,8
2020-04-23,Yuba,115,75493,16,15,0,15,1
2020-04-22,Alameda,001,1643700,1604,1275,2,1277,46
2020-04-22,Alpine,003,1148,1,1,0,1,0
2020-04-22,Amador,005,37829,7,7,0,7,0
2020-04-22,Butte,007,227075,24,15,1,16,0
2020-04-22,Calaveras,009,45235,10,12,0,12,0
2020-04-22,Colusa,011,21464,3,3,0,3,0
2020-04-22,Contra Costa,013,1133247,900,772,0,772,22
2020-04-22,Del Norte,015,27424,2,2,0,2,0
2020-04-22,El Dorado,017,186661,54,39,0,39,0
2020-04-22,Fresno,019,978130,730,388,6,394,7
2020-04-22,Glenn,021,27897,5,3,0,3,0
2020-04-22,Humboldt,023,135768,58,53,0,53,0
2020-04-22,Imperial,025,180216,384,170,0,170,3
2020-04-22,Inyo,027,18085,19,18,0,18,0
2020-04-22,Kern,029,883053,949,713,1,714,4
2020-04-22,Kings,031,150075,105,28,1,29,1
2020-04-22,Lake,033,64148,6,6,0,6,0
2020-04-22,Lassen,035,31185,3,0,2,2,0
2020-04-22,Los Angeles,037,10098052,22539,16400,16,16416,715
2020-04-22,Madera,039,155013,75,37,1,38,2
2020-04-22,Marin,041,260295,218,202,1,203,11
2020-04-22,Mariposa,043,17540,6,0,0,0,0
2020-04-22,Mendocino,045,87422,6,5,0,5,0
2020-04-22,Merced,047,269075,147,92,0,92,3
2020-04-22,Modoc,049,8938,0,0,0,0,0
2020-04-22,Mono,051,14174,29,23,0,23,1
2020-04-22,Monterey,053,433212,226,154,1,155,4
2020-04-22,Napa,055,140530,67,58,0,58,2
2020-04-22,Nevada,057,99092,41,36,1,37,1
2020-04-22,Orange,059,3164182,2816,1785,23,1808,36
2020-04-22,Placer,061,380077,155,133,0,133,8
2020-04-22,Plumas,063,18699,4,4,0,4,0
2020-04-22,Riverside,065,2383286,4129,2822,14,2836,76
2020-04-22,Sacramento,067,1510023,1058,959,0,959,36
2020-04-22,San Benito,069,59416,47,43,0,43,2
2020-04-22,San Bernardino,071,2135413,2092,1564,1,1565,74
2020-04-22,San Diego,073,3302833,3566,2493,0,2493,96
2020-04-22,San Francisco,075,870044,1547,1255,0,1255,21
2020-04-22,San Joaquin,077,732212,537,462,3,465,20
2020-04-22,San Luis Obispo,079,281455,229,142,3,145,1
2020-04-22,San Mateo,081,765935,1262,945,2,947,40
2020-04-22,Santa Barbara,083,443738,486,437,2,439,6
2020-04-22,Santa Clara,085,1922200,2428,1969,4,1973,95
2020-04-22,Santa Cruz,087,273765,130,106,0,106,2
2020-04-22,Shasta,089,179085,34,26,0,26,3
2020-04-22,Sierra,091,2930,0,0,0,0,0
2020-04-22,Siskiyou,093,43540,5,5,0,5,0
2020-04-22,Solano,095,438530,246,195,0,195,3
2020-04-22,Sonoma,097,501317,234,185,0,185,1
2020-04-22,Stanislaus,099,539301,332,247,4,251,4
2020-04-22,Sutter,101,95872,28,22,0,22,2
2020-04-22,Tehama,103,63373,1,1,0,1,1
2020-04-22,Trinity,105,12862,0,0,0,0,0
2020-04-22,Tulare,107,460477,705,425,5,430,23
2020-04-22,Tuolumne,109,53932,2,2,0,2,0
2020-04-22,Ventura,111,848112,591,465,1,466,15
2020-04-22,Yolo,113,214977,170,147,0,147,8
2020-04-22,Yuba,115,75493,16,15,0,15,1
2020-04-21,Alameda,001,1643700,1574,1234,2,1236,46
2020-04-21,Alpine,003,1148,1,1,0,1,0
2020-04-21,Amador,005,37829,7,7,0,7,0
2020-04-21,Butte,007,227075,23,15,1,16,0
2020-04-21,Calaveras,009,45235,9,12,0,12,0
2020-04-21,Colusa,011,21464,3,3,0,3,0
2020-04-21,Contra Costa,013,1133247,886,766,0,766,22
2020-04-21,Del Norte,015,27424,2,2,0,2,0
2020-04-21,El Dorado,017,186661,53,36,0,36,0
2020-04-21,Fresno,019,978130,696,372,6,378,7
2020-04-21,Glenn,021,27897,5,3,0,3,0
2020-04-21,Humboldt,023,135768,57,53,0,53,0
2020-04-21,Imperial,025,180216,364,165,0,165,2
2020-04-21,Inyo,027,18085,19,18,0,18,0
2020-04-21,Kern,029,883053,907,676,1,677,4
2020-04-21,Kings,031,150075,91,28,1,29,1
2020-04-21,Lake,033,64148,6,6,0,6,0
2020-04-21,Lassen,035,31185,3,0,2,2,0
2020-04-21,Los Angeles,037,10098052,21679,15096,16,15112,650
2020-04-21,Madera,039,155013,75,37,1,38,2
2020-04-21,Marin,041,260295,212,202,1,203,10
2020-04-21,Mariposa,043,17540,5,0,0,0,0
2020-04-21,Mendocino,045,87422,6,5,0,5,0
2020-04-21,Merced,047,269075,143,89,0,89,3
2020-04-21,Modoc,049,8938,0,0,0,0,0
2020-04-21,Mono,051,14174,29,23,0,23,1
2020-04-21,Monterey,053,433212,223,151,1,152,4
2020-04-21,Napa,055,140530,66,58,0,58,2
2020-04-21,Nevada,057,99092,41,36,1,37,1
2020-04-21,Orange,059,3164182,2693,1717,22,1739,36
2020-04-21,Placer,061,380077,153,133,0,133,8
2020-04-21,Plumas,063,18699,4,4,0,4,0
2020-04-21,Riverside,065,2383286,3997,2631,14,2645,68
2020-04-21,Sacramento,067,1510023,1048,941,0,941,33
2020-04-21,San Benito,069,59416,45,43,0,43,2
2020-04-21,San Bernardino,071,2135413,2031,1499,1,1500,71
2020-04-21,San Diego,073,3302833,3410,2436,0,2436,87
2020-04-21,San Francisco,075,870044,1517,1232,0,1232,20
2020-04-21,San Joaquin,077,732212,527,447,3,450,20
2020-04-21,San Luis Obispo,079,281455,221,134,3,137,1
2020-04-21,San Mateo,081,765935,1216,933,2,935,34
2020-04-21,Santa Barbara,083,443738,477,414,2,416,5
2020-04-21,Santa Clara,085,1922200,2378,1943,4,1947,91
2020-04-21,Santa Cruz,087,273765,128,104,0,104,2
2020-04-21,Shasta,089,179085,33,26,0,26,3
2020-04-21,Sierra,091,2930,0,0,0,0,0
2020-04-21,Siskiyou,093,43540,5,5,0,5,0
2020-04-21,Solano,095,438530,238,193,0,193,3
2020-04-21,Sonoma,097,501317,224,182,0,182,1
2020-04-21,Stanislaus,099,539301,313,235,4,239,4
2020-04-21,Sutter,101,95872,28,22,0,22,2
2020-04-21,Tehama,103,63373,1,1,0,1,1
2020-04-21,Trinity,105,12862,0,0,0,0,0
2020-04-21,Tulare,107,460477,668,410,5,415,23
2020-04-21,Tuolumne,109,53932,2,2,0,2,0
2020-04-21,Ventura,111,848112,579,455,1,456,14
2020-04-21,Yolo,113,214977,168,143,0,143,8
2020-04-21,Yuba,115,75493,16,15,0,15,1
2020-04-20,Alameda,001,1643700,1541,1181,2,1183,42
2020-04-20,Alpine,003,1148,1,1,0,1,0
2020-04-20,Amador,005,37829,7,7,0,7,0
2020-04-20,Butte,007,227075,23,15,1,16,0
2020-04-20,Calaveras,009,45235,9,12,0,12,0
2020-04-20,Colusa,011,21464,3,3,0,3,0
2020-04-20,Contra Costa,013,1133247,876,753,0,753,22
2020-04-20,Del Norte,015,27424,2,2,0,2,0
2020-04-20,El Dorado,017,186661,53,36,0,36,0
2020-04-20,Fresno,019,978130,678,356,6,362,7
2020-04-20,Glenn,021,27897,4,3,0,3,0
2020-04-20,Humboldt,023,135768,57,53,0,53,0
2020-04-20,Imperial,025,180216,345,149,0,149,2
2020-04-20,Inyo,027,18085,19,17,0,17,0
2020-04-20,Kern,029,883053,875,651,1,652,3
2020-04-20,Kings,031,150075,80,19,1,20,1
2020-04-20,Lake,033,64148,6,6,0,6,0
2020-04-20,Lassen,035,31185,3,0,2,2,0
2020-04-20,Los Angeles,037,10098052,20764,13787,16,13803,608
2020-04-20,Madera,039,155013,74,35,1,36,2
2020-04-20,Marin,041,260295,208,200,1,201,10
2020-04-20,Mariposa,043,17540,5,0,0,0,0
2020-04-20,Mendocino,045,87422,6,5,0,5,0
2020-04-20,Merced,047,269075,136,88,0,88,3
2020-04-20,Modoc,049,8938,0,0,0,0,0
2020-04-20,Mono,051,14174,29,23,0,23,1
2020-04-20,Monterey,053,433212,214,147,1,148,4
2020-04-20,Napa,055,140530,66,55,0,55,2
2020-04-20,Nevada,057,99092,41,34,1,35,1
2020-04-20,Orange,059,3164182,2609,1679,22,1701,33
2020-04-20,Placer,061,380077,152,132,0,132,8
2020-04-20,Plumas,063,18699,4,4,0,4,0
2020-04-20,Riverside,065,2383286,3872,2477,14,2491,61
2020-04-20,Sacramento,067,1510023,1038,924,0,924,32
2020-04-20,San Benito,069,59416,45,43,0,43,2
2020-04-20,San Bernardino,071,2135413,1944,1344,1,1345,63
2020-04-20,San Diego,073,3302833,3268,2327,0,2327,72
2020-04-20,San Francisco,075,870044,1485,1223,0,1223,19
2020-04-20,San Joaquin,077,732212,523,422,3,425,17
2020-04-20,San Luis Obispo,079,281455,207,132,3,135,1
2020-04-20,San Mateo,081,765935,1193,890,2,892,31
2020-04-20,Santa Barbara,083,443738,470,388,2,390,4
2020-04-20,Santa Clara,085,1922200,2347,1920,4,1924,84
2020-04-20,Santa Cruz,087,273765,126,102,0,102,2
2020-04-20,Shasta,089,179085,33,26,0,26,3
2020-04-20,Sierra,091,2930,0,0,0,0,0
2020-04-20,Siskiyou,093,43540,5,5,0,5,0
2020-04-20,Solano,095,438530,235,185,0,185,2
2020-04-20,Sonoma,097,501317,216,178,0,178,1
2020-04-20,Stanislaus,099,539301,299,228,4,232,3
2020-04-20,Sutter,101,95872,27,22,0,22,2
2020-04-20,Tehama,103,63373,1,1,0,1,1
2020-04-20,Trinity,105,12862,0,0,0,0,0
2020-04-20,Tulare,107,460477,658,401,5,406,20
2020-04-20,Tuolumne,109,53932,2,2,0,2,0
2020-04-20,Ventura,111,848112,565,426,1,427,13
2020-04-20,Yolo,113,214977,167,125,0,125,5
2020-04-20,Yuba,115,75493,16,15,0,15,1
2020-04-19,Alameda,001,1643700,1491,1134,2,1136,41
2020-04-19,Alpine,003,1148,1,1,0,1,0
2020-04-19,Amador,005,37829,6,7,0,7,0
2020-04-19,Butte,007,227075,22,15,1,16,0
2020-04-19,Calaveras,009,45235,9,12,0,12,0
2020-04-19,Colusa,011,21464,3,3,0,3,0
2020-04-19,Contra Costa,013,1133247,862,731,0,731,20
2020-04-19,Del Norte,015,27424,2,2,0,2,0
2020-04-19,El Dorado,017,186661,53,36,0,36,0
2020-04-19,Fresno,019,978130,642,326,6,332,7
2020-04-19,Glenn,021,27897,4,3,0,3,0
2020-04-19,Humboldt,023,135768,57,53,0,53,0
2020-04-19,Imperial,025,180216,319,144,0,144,2
2020-04-19,Inyo,027,18085,19,17,0,17,0
2020-04-19,Kern,029,883053,850,629,1,630,3
2020-04-19,Kings,031,150075,70,17,1,18,1
2020-04-19,Lake,033,64148,6,6,0,6,0
2020-04-19,Lassen,035,31185,3,0,2,2,0
2020-04-19,Los Angeles,037,10098052,19769,12299,16,12315,589
2020-04-19,Madera,039,155013,72,34,1,35,2
2020-04-19,Marin,041,260295,207,194,1,195,10
2020-04-19,Mariposa,043,17540,2,0,0,0,0
2020-04-19,Mendocino,045,87422,6,4,0,4,0
2020-04-19,Merced,047,269075,131,85,0,85,3
2020-04-19,Modoc,049,8938,0,0,0,0,0
2020-04-19,Mono,051,14174,29,23,0,23,1
2020-04-19,Monterey,053,433212,205,140,1,141,4
2020-04-19,Napa,055,140530,64,49,0,49,2
2020-04-19,Nevada,057,99092,40,34,1,35,1
2020-04-19,Orange,059,3164182,2512,1591,21,1612,32
2020-04-19,Placer,061,380077,151,131,0,131,8
2020-04-19,Plumas,063,18699,4,4,0,4,0
2020-04-19,Riverside,065,2383286,3729,2316,14,2330,56
2020-04-19,Sacramento,067,1510023,1011,912,0,912,32
2020-04-19,San Benito,069,59416,43,40,0,40,2
2020-04-19,San Bernardino,071,2135413,1881,1262,1,1263,58
2020-04-19,San Diego,073,3302833,3101,2270,0,2270,71
2020-04-19,San Francisco,075,870044,1452,1153,0,1153,19
2020-04-19,San Joaquin,077,732212,505,404,3,407,17
2020-04-19,San Luis Obispo,079,281455,202,132,3,135,1
2020-04-19,San Mateo,081,765935,1157,845,2,847,31
2020-04-19,Santa Barbara,083,443738,463,377,2,379,3
2020-04-19,Santa Clara,085,1922200,2302,1878,4,1882,81
2020-04-19,Santa Cruz,087,273765,123,98,0,98,2
2020-04-19,Shasta,089,179085,31,26,0,26,3
2020-04-19,Sierra,091,2930,0,0,0,0,0
2020-04-19,Siskiyou,093,43540,5,5,0,5,0
2020-04-19,Solano,095,438530,227,174,0,174,2
2020-04-19,Sonoma,097,501317,210,172,0,172,1
2020-04-19,Stanislaus,099,539301,291,221,4,225,3
2020-04-19,Sutter,101,95872,26,21,0,21,2
2020-04-19,Tehama,103,63373,1,1,0,1,1
2020-04-19,Trinity,105,12862,0,0,0,0,0
2020-04-19,Tulare,107,460477,612,391,5,396,17
2020-04-19,Tuolumne,109,53932,2,2,0,2,0
2020-04-19,Ventura,111,848112,557,418,1,419,13
2020-04-19,Yolo,113,214977,167,120,0,120,5
2020-04-19,Yuba,115,75493,16,15,0,15,1
2020-04-18,Alameda,001,1643700,1466,1085,2,1087,40
2020-04-18,Alpine,003,1148,1,1,0,1,0
2020-04-18,Amador,005,37829,6,7,0,7,0
2020-04-18,Butte,007,227075,21,15,1,16,0
2020-04-18,Calaveras,009,45235,9,12,0,12,0
2020-04-18,Colusa,011,21464,3,3,0,3,0
2020-04-18,Contra Costa,013,1133247,850,721,0,721,17
2020-04-18,Del Norte,015,27424,2,2,0,2,0
2020-04-18,El Dorado,017,186661,53,36,0,36,0
2020-04-18,Fresno,019,978130,622,319,6,325,7
2020-04-18,Glenn,021,27897,4,3,0,3,0
2020-04-18,Humboldt,023,135768,57,52,0,52,0
2020-04-18,Imperial,025,180216,310,137,0,137,2
2020-04-18,Inyo,027,18085,19,17,0,17,0
2020-04-18,Kern,029,883053,828,626,1,627,3
2020-04-18,Kings,031,150075,69,17,1,18,1
2020-04-18,Lake,033,64148,6,6,0,6,0
2020-04-18,Lassen,035,31185,3,0,2,2,0
2020-04-18,Los Angeles,037,10098052,19243,11984,15,11999,566
2020-04-18,Madera,039,155013,71,34,1,35,2
2020-04-18,Marin,041,260295,205,193,1,194,10
2020-04-18,Mariposa,043,17540,2,0,0,0,0
2020-04-18,Mendocino,045,87422,6,4,0,4,0
2020-04-18,Merced,047,269075,129,82,0,82,3
2020-04-18,Modoc,049,8938,0,0,0,0,0
2020-04-18,Mono,051,14174,29,22,0,22,1
2020-04-18,Monterey,053,433212,201,135,1,136,3
2020-04-18,Napa,055,140530,64,49,0,49,2
2020-04-18,Nevada,057,99092,39,34,1,35,1
2020-04-18,Orange,059,3164182,2448,1569,20,1589,32
2020-04-18,Placer,061,380077,149,130,0,130,8
2020-04-18,Plumas,063,18699,4,4,0,4,0
2020-04-18,Riverside,065,2383286,3654,2257,14,2271,56
2020-04-18,Sacramento,067,1510023,999,901,0,901,32
2020-04-18,San Benito,069,59416,43,40,0,40,2
2020-04-18,San Bernardino,071,2135413,1836,1255,1,1256,58
2020-04-18,San Diego,073,3302833,2999,2215,0,2215,71
2020-04-18,San Francisco,075,870044,1413,1144,0,1144,19
2020-04-18,San Joaquin,077,732212,496,392,3,395,17
2020-04-18,San Luis Obispo,079,281455,198,129,3,132,1
2020-04-18,San Mateo,081,765935,1135,821,2,823,31
2020-04-18,Santa Barbara,083,443738,457,372,2,374,3
2020-04-18,Santa Clara,085,1922200,2269,1862,4,1866,79
2020-04-18,Santa Cruz,087,273765,121,96,0,96,2
2020-04-18,Shasta,089,179085,31,26,0,26,3
2020-04-18,Sierra,091,2930,0,0,0,0,0
2020-04-18,Siskiyou,093,43540,5,5,0,5,0
2020-04-18,Solano,095,438530,224,175,0,175,2
2020-04-18,Sonoma,097,501317,206,168,0,168,1
2020-04-18,Stanislaus,099,539301,283,216,4,220,3
2020-04-18,Sutter,101,95872,26,21,0,21,2
2020-04-18,Tehama,103,63373,1,1,0,1,1
2020-04-18,Trinity,105,12862,0,0,0,0,0
2020-04-18,Tulare,107,460477,601,385,5,390,17
2020-04-18,Tuolumne,109,53932,2,2,0,2,0
2020-04-18,Ventura,111,848112,549,416,1,417,13
2020-04-18,Yolo,113,214977,165,118,0,118,5
2020-04-18,Yuba,115,75493,16,14,0,14,1
2020-04-17,Alameda,001,1643700,1410,1043,1,1044,40
2020-04-17,Alpine,003,1148,1,1,0,1,0
2020-04-17,Amador,005,37829,6,7,0,7,0
2020-04-17,Butte,007,227075,21,15,1,16,0
2020-04-17,Calaveras,009,45235,9,11,0,11,0
2020-04-17,Colusa,011,21464,3,3,0,3,0
2020-04-17,Contra Costa,013,1133247,839,687,0,687,15
2020-04-17,Del Norte,015,27424,2,2,0,2,0
2020-04-17,El Dorado,017,186661,53,35,0,35,0
2020-04-17,Fresno,019,978130,600,315,6,321,7
2020-04-17,Glenn,021,27897,4,3,0,3,0
2020-04-17,Humboldt,023,135768,56,52,0,52,0
2020-04-17,Imperial,025,180216,301,135,0,135,2
2020-04-17,Inyo,027,18085,19,17,0,17,0
2020-04-17,Kern,029,883053,808,612,1,613,3
2020-04-17,Kings,031,150075,67,15,1,16,1
2020-04-17,Lake,033,64148,6,6,0,6,0
2020-04-17,Lassen,035,31185,3,0,2,2,0
2020-04-17,Los Angeles,037,10098052,18600,11354,15,11369,489
2020-04-17,Madera,039,155013,71,34,1,35,2
2020-04-17,Marin,041,260295,202,189,1,190,10
2020-04-17,Mariposa,043,17540,1,0,0,0,0
2020-04-17,Mendocino,045,87422,6,4,0,4,0
2020-04-17,Merced,047,269075,128,80,0,80,3
2020-04-17,Modoc,049,8938,0,0,0,0,0
2020-04-17,Mono,051,14174,29,22,0,22,1
2020-04-17,Monterey,053,433212,196,119,1,120,3
2020-04-17,Napa,055,140530,62,46,0,46,2
2020-04-17,Nevada,057,99092,38,34,1,35,1
2020-04-17,Orange,059,3164182,2397,1496,20,1516,31
2020-04-17,Placer,061,380077,149,130,0,130,8
2020-04-17,Plumas,063,18699,4,4,0,4,0
2020-04-17,Riverside,065,2383286,3527,2080,14,2094,50
2020-04-17,Sacramento,067,1510023,992,882,0,882,32
2020-04-17,San Benito,069,59416,43,38,0,38,2
2020-04-17,San Bernardino,071,2135413,1797,1229,1,1230,57
2020-04-17,San Diego,073,3302833,2909,2160,0,2160,70
2020-04-17,San Francisco,075,870044,1387,1090,0,1090,19
2020-04-17,San Joaquin,077,732212,485,356,3,359,17
2020-04-17,San Luis Obispo,079,281455,191,116,3,119,1
2020-04-17,San Mateo,081,765935,1119,768,2,770,31
2020-04-17,Santa Barbara,083,443738,452,349,2,351,3
2020-04-17,Santa Clara,085,1922200,2233,1834,4,1838,74
2020-04-17,Santa Cruz,087,273765,120,94,0,94,2
2020-04-17,Shasta,089,179085,31,26,0,26,3
2020-04-17,Sierra,091,2930,0,0,0,0,0
2020-04-17,Siskiyou,093,43540,5,5,0,5,0
2020-04-17,Solano,095,438530,223,173,0,173,2
2020-04-17,Sonoma,097,501317,203,167,0,167,1
2020-04-17,Stanislaus,099,539301,281,201,4,205,3
2020-04-17,Sutter,101,95872,26,20,0,20,2
2020-04-17,Tehama,103,63373,1,1,0,1,1
2020-04-17,Trinity,105,12862,0,0,0,0,0
2020-04-17,Tulare,107,460477,594,370,5,375,17
2020-04-17,Tuolumne,109,53932,2,2,0,2,0
2020-04-17,Ventura,111,848112,544,398,1,399,13
2020-04-17,Yolo,113,214977,164,117,0,117,5
2020-04-17,Yuba,115,75493,16,14,0,14,1
2020-04-16,Alameda,001,1643700,1375,981,1,982,39
2020-04-16,Alpine,003,1148,1,1,0,1,0
2020-04-16,Amador,005,37829,6,7,0,7,0
2020-04-16,Butte,007,227075,20,15,1,16,0
2020-04-16,Calaveras,009,45235,9,10,0,10,0
2020-04-16,Colusa,011,21464,3,3,0,3,0
2020-04-16,Contra Costa,013,1133247,825,675,0,675,14
2020-04-16,Del Norte,015,27424,2,2,0,2,0
2020-04-16,El Dorado,017,186661,52,34,0,34,0
2020-04-16,Fresno,019,978130,570,289,6,295,7
2020-04-16,Glenn,021,27897,4,3,0,3,0
2020-04-16,Humboldt,023,135768,56,47,0,47,0
2020-04-16,Imperial,025,180216,287,132,0,132,2
2020-04-16,Inyo,027,18085,17,17,0,17,0
2020-04-16,Kern,029,883053,781,587,1,588,3
2020-04-16,Kings,031,150075,63,12,1,13,1
2020-04-16,Lake,033,64148,6,6,0,6,0
2020-04-16,Lassen,035,31185,3,0,2,2,0
2020-04-16,Los Angeles,037,10098052,17715,10786,15,10801,447
2020-04-16,Madera,039,155013,69,34,1,35,2
2020-04-16,Marin,041,260295,198,170,1,171,10
2020-04-16,Mariposa,043,17540,1,1,0,1,0
2020-04-16,Mendocino,045,87422,6,4,0,4,0
2020-04-16,Merced,047,269075,122,76,0,76,3
2020-04-16,Modoc,049,8938,0,0,0,0,0
2020-04-16,Mono,051,14174,29,22,0,22,1
2020-04-16,Monterey,053,433212,193,116,1,117,3
2020-04-16,Napa,055,140530,59,44,0,44,2
2020-04-16,Nevada,057,99092,38,34,1,35,1
2020-04-16,Orange,059,3164182,2332,1439,19,1458,28
2020-04-16,Placer,061,380077,147,129,0,129,7
2020-04-16,Plumas,063,18699,4,4,0,4,0
2020-04-16,Riverside,065,2383286,3407,1913,14,1927,45
2020-04-16,Sacramento,067,1510023,984,865,0,865,32
2020-04-16,San Benito,069,59416,43,36,0,36,2
2020-04-16,San Bernardino,071,2135413,1715,1143,0,1143,54
2020-04-16,San Diego,073,3302833,2801,2089,0,2089,63
2020-04-16,San Francisco,075,870044,1343,1039,0,1039,16
2020-04-16,San Joaquin,077,732212,470,345,3,348,17
2020-04-16,San Luis Obispo,079,281455,186,113,3,116,1
2020-04-16,San Mateo,081,765935,1090,745,2,747,29
2020-04-16,Santa Barbara,083,443738,441,331,2,333,3
2020-04-16,Santa Clara,085,1922200,2196,1789,4,1793,70
2020-04-16,Santa Cruz,087,273765,118,90,0,90,2
2020-04-16,Shasta,089,179085,31,25,0,25,3
2020-04-16,Sierra,091,2930,0,0,0,0,0
2020-04-16,Siskiyou,093,43540,5,5,0,5,0
2020-04-16,Solano,095,438530,220,162,0,162,2
2020-04-16,Sonoma,097,501317,198,145,0,145,1
2020-04-16,Stanislaus,099,539301,278,185,4,189,3
2020-04-16,Sutter,101,95872,25,21,0,21,2
2020-04-16,Tehama,103,63373,1,1,0,1,1
2020-04-16,Trinity,105,12862,0,0,0,0,0
2020-04-16,Tulare,107,460477,577,305,5,310,16
2020-04-16,Tuolumne,109,53932,2,1,0,1,0
2020-04-16,Ventura,111,848112,532,384,1,385,13
2020-04-16,Yolo,113,214977,162,98,0,98,4
2020-04-16,Yuba,115,75493,15,14,0,14,1
2020-04-15,Alameda,001,1643700,1325,915,1,916,38
2020-04-15,Alpine,003,1148,1,1,0,1,0
2020-04-15,Amador,005,37829,6,7,0,7,0
2020-04-15,Butte,007,227075,20,14,1,15,0
2020-04-15,Calaveras,009,45235,8,9,0,9,0
2020-04-15,Colusa,011,21464,3,3,0,3,0
2020-04-15,Contra Costa,013,1133247,803,645,0,645,14
2020-04-15,Del Norte,015,27424,2,2,0,2,0
2020-04-15,El Dorado,017,186661,50,33,0,33,0
2020-04-15,Fresno,019,978130,544,264,6,270,7
2020-04-15,Glenn,021,27897,4,3,0,3,0
2020-04-15,Humboldt,023,135768,56,47,0,47,0
2020-04-15,Imperial,025,180216,260,115,0,115,2
2020-04-15,Inyo,027,18085,17,12,0,12,0
2020-04-15,Kern,029,883053,759,500,1,501,3
2020-04-15,Kings,031,150075,59,12,1,13,1
2020-04-15,Lake,033,64148,6,4,0,4,0
2020-04-15,Lassen,035,31185,3,0,2,2,0
2020-04-15,Los Angeles,037,10098052,16895,10416,14,10430,394
2020-04-15,Madera,039,155013,69,30,1,31,2
2020-04-15,Marin,041,260295,195,162,1,163,10
2020-04-15,Mariposa,043,17540,0,0,0,0,0
2020-04-15,Mendocino,045,87422,5,4,0,4,0
2020-04-15,Merced,047,269075,120,74,0,74,3
2020-04-15,Modoc,049,8938,0,0,0,0,0
2020-04-15,Mono,051,14174,29,22,0,22,1
2020-04-15,Monterey,053,433212,185,106,1,107,3
2020-04-15,Napa,055,140530,56,34,0,34,2
2020-04-15,Nevada,057,99092,37,34,1,35,1
2020-04-15,Orange,059,3164182,2229,1377,19,1396,24
2020-04-15,Placer,061,380077,146,123,0,123,6
2020-04-15,Plumas,063,18699,4,4,0,4,0
2020-04-15,Riverside,065,2383286,3212,1723,14,1737,42
2020-04-15,Sacramento,067,1510023,975,839,0,839,32
2020-04-15,San Benito,069,59416,43,34,0,34,2
2020-04-15,San Bernardino,071,2135413,1645,1063,0,1063,45
2020-04-15,San Diego,073,3302833,2713,2014,0,2014,60
2020-04-15,San Francisco,075,870044,1307,1006,0,1006,16
2020-04-15,San Joaquin,077,732212,462,329,3,332,17
2020-04-15,San Luis Obispo,079,281455,178,112,3,115,1
2020-04-15,San Mateo,081,765935,1041,707,2,709,28
2020-04-15,Santa Barbara,083,443738,425,317,2,319,2
2020-04-15,Santa Clara,085,1922200,2157,1692,4,1696,69
2020-04-15,Santa Cruz,087,273765,114,92,0,92,2
2020-04-15,Shasta,089,179085,31,25,0,25,3
2020-04-15,Sierra,091,2930,0,0,0,0,0
2020-04-15,Siskiyou,093,43540,5,5,0,5,0
2020-04-15,Solano,095,438530,215,153,0,153,2
2020-04-15,Sonoma,097,501317,196,140,0,140,1
2020-04-15,Stanislaus,099,539301,271,174,4,178,3
2020-04-15,Sutter,101,95872,25,19,0,19,2
2020-04-15,Tehama,103,63373,1,1,0,1,1
2020-04-15,Trinity,105,12862,0,0,0,0,0
2020-04-15,Tulare,107,460477,559,289,5,294,14
2020-04-15,Tuolumne,109,53932,2,1,0,1,0
2020-04-15,Ventura,111,848112,517,365,1,366,13
2020-04-15,Yolo,113,214977,158,93,0,93,3
2020-04-15,Yuba,115,75493,15,15,0,15,1
2020-04-14,Alameda,001,1643700,1280,843,1,844,30
2020-04-14,Alpine,003,1148,1,1,0,1,0
2020-04-14,Amador,005,37829,6,6,0,6,0
2020-04-14,Butte,007,227075,20,13,1,14,0
2020-04-14,Calaveras,009,45235,8,5,0,5,0
2020-04-14,Colusa,011,21464,3,3,0,3,0
2020-04-14,Contra Costa,013,1133247,791,617,0,617,12
2020-04-14,Del Norte,015,27424,2,2,0,2,0
2020-04-14,El Dorado,017,186661,50,30,0,30,0
2020-04-14,Fresno,019,978130,521,244,6,250,6
2020-04-14,Glenn,021,27897,4,3,0,3,0
2020-04-14,Humboldt,023,135768,56,44,0,44,0
2020-04-14,Imperial,025,180216,240,86,0,86,2
2020-04-14,Inyo,027,18085,17,12,0,12,0
2020-04-14,Kern,029,883053,736,453,1,454,3
2020-04-14,Kings,031,150075,58,12,1,13,1
2020-04-14,Lake,033,64148,6,3,0,3,0
2020-04-14,Lassen,035,31185,3,0,2,2,0
2020-04-14,Los Angeles,037,10098052,16001,9948,13,9961,357
2020-04-14,Madera,039,155013,68,29,1,30,2
2020-04-14,Marin,041,260295,191,147,1,148,9
2020-04-14,Mariposa,043,17540,0,0,0,0,0
2020-04-14,Mendocino,045,87422,5,4,0,4,0
2020-04-14,Merced,047,269075,113,61,0,61,3
2020-04-14,Modoc,049,8938,0,0,0,0,0
2020-04-14,Mono,051,14174,29,22,0,22,1
2020-04-14,Monterey,053,433212,180,98,1,99,3
2020-04-14,Napa,055,140530,56,33,0,33,2
2020-04-14,Nevada,057,99092,37,34,1,35,1
2020-04-14,Orange,059,3164182,2127,1362,19,1381,24
2020-04-14,Placer,061,380077,145,117,0,117,5
2020-04-14,Plumas,063,18699,4,3,0,3,0
2020-04-14,Riverside,065,2383286,3077,1467,14,1481,40
2020-04-14,Sacramento,067,1510023,966,737,0,737,29
2020-04-14,San Benito,069,59416,40,34,0,34,2
2020-04-14,San Bernardino,071,2135413,1590,933,0,933,37
2020-04-14,San Diego,073,3302833,2618,1932,0,1932,53
2020-04-14,San Francisco,075,870044,1253,968,0,968,14
2020-04-14,San Joaquin,077,732212,452,280,3,283,17
2020-04-14,San Luis Obispo,079,281455,174,109,3,112,1
2020-04-14,San Mateo,081,765935,1007,681,2,683,28
2020-04-14,Santa Barbara,083,443738,401,292,2,294,2
2020-04-14,Santa Clara,085,1922200,2124,1561,4,1565,63
2020-04-14,Santa Cruz,087,273765,106,84,0,84,2
2020-04-14,Shasta,089,179085,31,24,0,24,3
2020-04-14,Sierra,091,2930,0,0,0,0,0
2020-04-14,Siskiyou,093,43540,5,5,0,5,0
2020-04-14,Solano,095,438530,212,140,0,140,2
2020-04-14,Sonoma,097,501317,192,133,0,133,1
2020-04-14,Stanislaus,099,539301,258,136,4,140,3
2020-04-14,Sutter,101,95872,24,19,0,19,2
2020-04-14,Tehama,103,63373,1,1,0,1,1
2020-04-14,Trinity,105,12862,0,0,0,0,0
2020-04-14,Tulare,107,460477,535,228,5,233,12
2020-04-14,Tuolumne,109,53932,2,0,0,0,0
2020-04-14,Ventura,111,848112,504,328,1,329,11
2020-04-14,Yolo,113,214977,154,81,0,81,3
2020-04-14,Yuba,115,75493,14,14,0,14,1
2020-04-13,Alameda,001,1643700,1241,821,1,822,23
2020-04-13,Alpine,003,1148,1,1,0,1,0
2020-04-13,Amador,005,37829,6,6,0,6,0
2020-04-13,Butte,007,227075,20,13,1,14,0
2020-04-13,Calaveras,009,45235,7,5,0,5,0
2020-04-13,Colusa,011,21464,3,3,0,3,0
2020-04-13,Contra Costa,013,1133247,775,569,0,569,12
2020-04-13,Del Norte,015,27424,2,2,0,2,0
2020-04-13,El Dorado,017,186661,48,29,0,29,0
2020-04-13,Fresno,019,978130,499,205,5,210,4
2020-04-13,Glenn,021,27897,4,3,0,3,0
2020-04-13,Humboldt,023,135768,56,44,0,44,0
2020-04-13,Imperial,025,180216,222,82,0,82,2
2020-04-13,Inyo,027,18085,17,12,0,12,0
2020-04-13,Kern,029,883053,711,346,1,347,3
2020-04-13,Kings,031,150075,54,9,1,10,0
2020-04-13,Lake,033,64148,6,3,0,3,0
2020-04-13,Lassen,035,31185,3,0,2,2,0
2020-04-13,Los Angeles,037,10098052,15287,9367,13,9380,317
2020-04-13,Madera,039,155013,66,29,1,30,2
2020-04-13,Marin,041,260295,187,144,1,145,6
2020-04-13,Mariposa,043,17540,0,0,0,0,0
2020-04-13,Mendocino,045,87422,5,4,0,4,0
2020-04-13,Merced,047,269075,112,60,0,60,3
2020-04-13,Modoc,049,8938,0,0,0,0,0
2020-04-13,Mono,051,14174,29,21,0,21,1
2020-04-13,Monterey,053,433212,173,86,1,87,3
2020-04-13,Napa,055,140530,55,30,0,30,2
2020-04-13,Nevada,057,99092,37,24,1,25,1
2020-04-13,Orange,059,3164182,2054,1313,19,1332,21
2020-04-13,Placer,061,380077,144,116,0,116,5
2020-04-13,Plumas,063,18699,4,3,0,3,0
2020-04-13,Riverside,065,2383286,2935,1460,13,1473,35
2020-04-13,Sacramento,067,1510023,954,723,0,723,25
2020-04-13,San Benito,069,59416,39,33,0,33,2
2020-04-13,San Bernardino,071,2135413,1515,920,0,920,30
2020-04-13,San Diego,073,3302833,2535,1849,0,1849,47
2020-04-13,San Francisco,075,870044,1215,948,0,948,12
2020-04-13,San Joaquin,077,732212,437,255,3,258,16
2020-04-13,San Luis Obispo,079,281455,169,106,3,109,1
2020-04-13,San Mateo,081,765935,967,679,2,681,25
2020-04-13,Santa Barbara,083,443738,382,271,1,272,2
2020-04-13,Santa Clara,085,1922200,2078,1540,4,1544,58
2020-04-13,Santa Cruz,087,273765,100,82,0,82,1
2020-04-13,Shasta,089,179085,30,24,0,24,3
2020-04-13,Sierra,091,2930,0,0,0,0,0
2020-04-13,Siskiyou,093,43540,5,5,0,5,0
2020-04-13,Solano,095,438530,209,136,0,136,2
2020-04-13,Sonoma,097,501317,185,133,0,133,1
2020-04-13,Stanislaus,099,539301,252,130,4,134,1
2020-04-13,Sutter,101,95872,24,18,0,18,2
2020-04-13,Tehama,103,63373,1,1,0,1,0
2020-04-13,Trinity,105,12862,0,0,0,0,0
2020-04-13,Tulare,107,460477,499,185,5,190,11
2020-04-13,Tuolumne,109,53932,2,0,0,0,0
2020-04-13,Ventura,111,848112,483,309,0,309,9
2020-04-13,Yolo,113,214977,148,81,0,81,3
2020-04-13,Yuba,115,75493,14,13,0,13,1
2020-04-12,Alameda,001,1643700,1198,774,1,775,23
2020-04-12,Alpine,003,1148,1,1,0,1,0
2020-04-12,Amador,005,37829,6,6,0,6,0
2020-04-12,Butte,007,227075,20,13,1,14,0
2020-04-12,Calaveras,009,45235,7,5,0,5,0
2020-04-12,Colusa,011,21464,3,3,0,3,0
2020-04-12,Contra Costa,013,1133247,762,553,0,553,12
2020-04-12,Del Norte,015,27424,2,2,0,2,0
2020-04-12,El Dorado,017,186661,48,28,0,28,0
2020-04-12,Fresno,019,978130,470,205,5,210,4
2020-04-12,Glenn,021,27897,4,3,0,3,0
2020-04-12,Humboldt,023,135768,56,43,0,43,0
2020-04-12,Imperial,025,180216,199,78,0,78,2
2020-04-12,Inyo,027,18085,15,12,0,12,0
2020-04-12,Kern,029,883053,679,319,0,319,3
2020-04-12,Kings,031,150075,52,9,1,10,0
2020-04-12,Lake,033,64148,6,3,0,3,0
2020-04-12,Lassen,035,31185,3,0,2,2,0
2020-04-12,Los Angeles,037,10098052,14574,9133,13,9146,294
2020-04-12,Madera,039,155013,65,29,1,30,2
2020-04-12,Marin,041,260295,176,138,1,139,6
2020-04-12,Mariposa,043,17540,0,0,0,0,0
2020-04-12,Mendocino,045,87422,5,4,0,4,0
2020-04-12,Merced,047,269075,106,58,0,58,3
2020-04-12,Modoc,049,8938,0,0,0,0,0
2020-04-12,Mono,051,14174,29,20,0,20,1
2020-04-12,Monterey,053,433212,159,85,1,86,3
2020-04-12,Napa,055,140530,53,29,0,29,2
2020-04-12,Nevada,057,99092,37,24,1,25,1
2020-04-12,Orange,059,3164182,1994,1283,18,1301,21
2020-04-12,Placer,061,380077,143,114,0,114,4
2020-04-12,Plumas,063,18699,4,3,0,3,0
2020-04-12,Riverside,065,2383286,2753,1330,13,1343,34
2020-04-12,Sacramento,067,1510023,917,689,0,689,25
2020-04-12,San Benito,069,59416,37,33,0,33,2
2020-04-12,San Bernardino,071,2135413,1438,827,0,827,30
2020-04-12,San Diego,073,3302833,2445,1806,0,1806,45
2020-04-12,San Francisco,075,870044,1188,886,0,886,11
2020-04-12,San Joaquin,077,732212,419,246,3,249,15
2020-04-12,San Luis Obispo,079,281455,166,102,2,104,1
2020-04-12,San Mateo,081,765935,941,664,2,666,25
2020-04-12,Santa Barbara,083,443738,363,261,1,262,2
2020-04-12,Santa Clara,085,1922200,2050,1461,4,1465,53
2020-04-12,Santa Cruz,087,273765,98,80,0,80,1
2020-04-12,Shasta,089,179085,30,24,0,24,3
2020-04-12,Sierra,091,2930,0,0,0,0,0
2020-04-12,Siskiyou,093,43540,5,5,0,5,0
2020-04-12,Solano,095,438530,203,136,0,136,2
2020-04-12,Sonoma,097,501317,182,131,0,131,1
2020-04-12,Stanislaus,099,539301,244,117,4,121,1
2020-04-12,Sutter,101,95872,23,18,0,18,2
2020-04-12,Tehama,103,63373,1,1,0,1,0
2020-04-12,Trinity,105,12862,0,0,0,0,0
2020-04-12,Tulare,107,460477,487,166,5,171,11
2020-04-12,Tuolumne,109,53932,2,0,0,0,0
2020-04-12,Ventura,111,848112,473,306,0,306,9
2020-04-12,Yolo,113,214977,136,67,0,67,3
2020-04-12,Yuba,115,75493,14,13,0,13,1
2020-04-11,Alameda,001,1643700,1157,751,1,752,23
2020-04-11,Alpine,003,1148,1,1,0,1,0
2020-04-11,Amador,005,37829,6,6,0,6,0
2020-04-11,Butte,007,227075,20,13,1,14,0
2020-04-11,Calaveras,009,45235,7,5,0,5,0
2020-04-11,Colusa,011,21464,3,3,0,3,0
2020-04-11,Contra Costa,013,1133247,753,550,0,550,12
2020-04-11,Del Norte,015,27424,2,2,0,2,0
2020-04-11,El Dorado,017,186661,47,29,0,29,0
2020-04-11,Fresno,019,978130,460,201,5,206,4
2020-04-11,Glenn,021,27897,4,3,0,3,0
2020-04-11,Humboldt,023,135768,56,38,0,38,0
2020-04-11,Imperial,025,180216,189,78,0,78,2
2020-04-11,Inyo,027,18085,15,12,0,12,0
2020-04-11,Kern,029,883053,651,304,0,304,3
2020-04-11,Kings,031,150075,49,9,1,10,0
2020-04-11,Lake,033,64148,6,3,0,3,0
2020-04-11,Lassen,035,31185,3,0,2,2,0
2020-04-11,Los Angeles,037,10098052,14104,8823,13,8836,262
2020-04-11,Madera,039,155013,64,29,1,30,2
2020-04-11,Marin,041,260295,173,136,1,137,6
2020-04-11,Mariposa,043,17540,0,0,0,0,0
2020-04-11,Mendocino,045,87422,5,4,0,4,0
2020-04-11,Merced,047,269075,103,59,0,59,3
2020-04-11,Modoc,049,8938,0,0,0,0,0
2020-04-11,Mono,051,14174,29,20,0,20,1
2020-04-11,Monterey,053,433212,153,78,1,79,3
2020-04-11,Napa,055,140530,53,29,0,29,2
2020-04-11,Nevada,057,99092,37,24,1,25,1
2020-04-11,Orange,059,3164182,1932,1267,18,1285,21
2020-04-11,Placer,061,380077,143,113,0,113,4
2020-04-11,Plumas,063,18699,4,3,0,3,0
2020-04-11,Riverside,065,2383286,2674,1260,13,1273,33
2020-04-11,Sacramento,067,1510023,906,685,0,685,25
2020-04-11,San Benito,069,59416,37,33,0,33,2
2020-04-11,San Bernardino,071,2135413,1402,826,0,826,28
2020-04-11,San Diego,073,3302833,2379,1763,0,1763,45
2020-04-11,San Francisco,075,870044,1166,860,0,860,11
2020-04-11,San Joaquin,077,732212,414,244,3,247,15
2020-04-11,San Luis Obispo,079,281455,166,100,1,101,1
2020-04-11,San Mateo,081,765935,929,662,2,664,25
2020-04-11,Santa Barbara,083,443738,355,258,1,259,2
2020-04-11,Santa Clara,085,1922200,1991,1441,4,1445,51
2020-04-11,Santa Cruz,087,273765,98,79,0,79,1
2020-04-11,Shasta,089,179085,30,24,0,24,3
2020-04-11,Sierra,091,2930,0,0,0,0,0
2020-04-11,Siskiyou,093,43540,5,5,0,5,0
2020-04-11,Solano,095,438530,199,138,0,138,2
2020-04-11,Sonoma,097,501317,180,131,0,131,1
2020-04-11,Stanislaus,099,539301,236,119,3,122,1
2020-04-11,Sutter,101,95872,23,18,0,18,2
2020-04-11,Tehama,103,63373,1,1,0,1,0
2020-04-11,Trinity,105,12862,0,0,0,0,0
2020-04-11,Tulare,107,460477,465,168,5,173,10
2020-04-11,Tuolumne,109,53932,2,0,0,0,0
2020-04-11,Ventura,111,848112,463,304,0,304,9
2020-04-11,Yolo,113,214977,133,67,0,67,3
2020-04-11,Yuba,115,75493,14,13,0,13,1
2020-04-10,Alameda,001,1643700,1116,706,1,707,21
2020-04-10,Alpine,003,1148,1,1,0,1,0
2020-04-10,Amador,005,37829,6,5,0,5,0
2020-04-10,Butte,007,227075,20,13,1,14,0
2020-04-10,Calaveras,009,45235,7,5,0,5,0
2020-04-10,Colusa,011,21464,3,3,0,3,0
2020-04-10,Contra Costa,013,1133247,740,537,0,537,10
2020-04-10,Del Norte,015,27424,2,2,0,2,0
2020-04-10,El Dorado,017,186661,47,26,0,26,0
2020-04-10,Fresno,019,978130,453,186,4,190,3
2020-04-10,Glenn,021,27897,4,3,0,3,0
2020-04-10,Humboldt,023,135768,56,36,0,36,0
2020-04-10,Imperial,025,180216,182,70,0,70,2
2020-04-10,Inyo,027,18085,13,11,0,11,0
2020-04-10,Kern,029,883053,627,272,0,272,3
2020-04-10,Kings,031,150075,46,7,1,8,0
2020-04-10,Lake,033,64148,6,3,0,3,0
2020-04-10,Lassen,035,31185,3,0,2,2,0
2020-04-10,Los Angeles,037,10098052,13590,8384,12,8396,239
2020-04-10,Madera,039,155013,63,29,1,30,2
2020-04-10,Marin,041,260295,168,128,1,129,6
2020-04-10,Mariposa,043,17540,0,0,0,0,0
2020-04-10,Mendocino,045,87422,5,4,0,4,0
2020-04-10,Merced,047,269075,100,56,0,56,3
2020-04-10,Modoc,049,8938,0,0,0,0,0
2020-04-10,Mono,051,14174,29,20,0,20,1
2020-04-10,Monterey,053,433212,142,78,1,79,3
2020-04-10,Napa,055,140530,50,28,0,28,2
2020-04-10,Nevada,057,99092,37,23,1,24,1
2020-04-10,Orange,059,3164182,1885,1167,18,1185,21
2020-04-10,Placer,061,380077,142,112,0,112,4
2020-04-10,Plumas,063,18699,4,3,0,3,0
2020-04-10,Riverside,065,2383286,2608,1162,13,1175,30
2020-04-10,Sacramento,067,1510023,897,642,0,642,24
2020-04-10,San Benito,069,59416,37,32,0,32,2
2020-04-10,San Bernardino,071,2135413,1354,779,0,779,27
2020-04-10,San Diego,073,3302833,2319,1695,0,1695,44
2020-04-10,San Francisco,075,870044,1135,797,0,797,10
2020-04-10,San Joaquin,077,732212,402,234,3,237,14
2020-04-10,San Luis Obispo,079,281455,166,97,1,98,1
2020-04-10,San Mateo,081,765935,913,642,2,644,24
2020-04-10,Santa Barbara,083,443738,347,254,1,255,2
2020-04-10,Santa Clara,085,1922200,1939,1351,4,1355,50
2020-04-10,Santa Cruz,087,273765,97,75,0,75,1
2020-04-10,Shasta,089,179085,30,24,0,24,3
2020-04-10,Sierra,091,2930,0,0,0,0,0
2020-04-10,Siskiyou,093,43540,5,5,0,5,0
2020-04-10,Solano,095,438530,196,129,0,129,2
2020-04-10,Sonoma,097,501317,179,129,0,129,1
2020-04-10,Stanislaus,099,539301,229,101,3,104,0
2020-04-10,Sutter,101,95872,23,18,0,18,2
2020-04-10,Tehama,103,63373,1,1,0,1,0
2020-04-10,Trinity,105,12862,0,0,0,0,0
2020-04-10,Tulare,107,460477,423,163,5,168,10
2020-04-10,Tuolumne,109,53932,2,0,0,0,0
2020-04-10,Ventura,111,848112,454,290,0,290,9
2020-04-10,Yolo,113,214977,131,62,0,62,3
2020-04-10,Yuba,115,75493,14,13,0,13,1
2020-04-09,Alameda,001,1643700,1066,641,1,642,17
2020-04-09,Alpine,003,1148,1,1,0,1,0
2020-04-09,Amador,005,37829,6,2,0,2,0
2020-04-09,Butte,007,227075,19,12,1,13,0
2020-04-09,Calaveras,009,45235,7,5,0,5,0
2020-04-09,Colusa,011,21464,3,3,0,3,0
2020-04-09,Contra Costa,013,1133247,697,505,0,505,7
2020-04-09,Del Norte,015,27424,2,2,0,2,0
2020-04-09,El Dorado,017,186661,46,25,0,25,0
2020-04-09,Fresno,019,978130,428,165,4,169,3
2020-04-09,Glenn,021,27897,4,2,0,2,0
2020-04-09,Humboldt,023,135768,56,36,0,36,0
2020-04-09,Imperial,025,180216,161,67,0,67,2
2020-04-09,Inyo,027,18085,12,11,0,11,0
2020-04-09,Kern,029,883053,591,241,0,241,2
2020-04-09,Kings,031,150075,43,5,1,6,0
2020-04-09,Lake,033,64148,5,1,0,1,0
2020-04-09,Lassen,035,31185,3,0,2,2,0
2020-04-09,Los Angeles,037,10098052,12962,7919,12,7931,220
2020-04-09,Madera,039,155013,63,28,1,29,2
2020-04-09,Marin,041,260295,166,126,1,127,7
2020-04-09,Mariposa,043,17540,0,0,0,0,0
2020-04-09,Mendocino,045,87422,5,4,0,4,0
2020-04-09,Merced,047,269075,97,41,0,41,3
2020-04-09,Modoc,049,8938,0,0,0,0,0
2020-04-09,Mono,051,14174,29,19,0,19,1
2020-04-09,Monterey,053,433212,124,70,1,71,3
2020-04-09,Napa,055,140530,46,27,0,27,2
2020-04-09,Nevada,057,99092,36,23,1,24,1
2020-04-09,Orange,059,3164182,1811,1105,18,1123,19
2020-04-09,Placer,061,380077,141,107,0,107,4
2020-04-09,Plumas,063,18699,4,3,0,3,0
2020-04-09,Riverside,065,2383286,2465,1083,13,1096,29
2020-04-09,Sacramento,067,1510023,874,601,0,601,21
2020-04-09,San Benito,069,59416,37,32,0,32,2
2020-04-09,San Bernardino,071,2135413,1285,717,0,717,27
2020-04-09,San Diego,073,3302833,2223,1630,0,1630,40
2020-04-09,San Francisco,075,870044,1115,748,0,748,8
2020-04-09,San Joaquin,077,732212,381,223,3,226,14
2020-04-09,San Luis Obispo,079,281455,158,93,1,94,1
2020-04-09,San Mateo,081,765935,897,630,2,632,23
2020-04-09,Santa Barbara,083,443738,337,232,1,233,2
2020-04-09,Santa Clara,085,1922200,1869,1301,4,1305,49
2020-04-09,Santa Cruz,087,273765,97,73,0,73,1
2020-04-09,Shasta,089,179085,30,22,0,22,3
2020-04-09,Sierra,091,2930,0,0,0,0,0
2020-04-09,Siskiyou,093,43540,5,4,0,4,0
2020-04-09,Solano,095,438530,187,118,0,118,2
2020-04-09,Sonoma,097,501317,175,113,0,113,1
2020-04-09,Stanislaus,099,539301,217,93,3,96,0
2020-04-09,Sutter,101,95872,23,17,0,17,2
2020-04-09,Tehama,103,63373,1,1,0,1,0
2020-04-09,Trinity,105,12862,0,0,0,0,0
2020-04-09,Tulare,107,460477,394,147,5,152,9
2020-04-09,Tuolumne,109,53932,2,0,0,0,0
2020-04-09,Ventura,111,848112,435,273,0,273,9
2020-04-09,Yolo,113,214977,122,59,0,59,3
2020-04-09,Yuba,115,75493,14,13,0,13,0
2020-04-08,Alameda,001,1643700,1024,594,1,595,15
2020-04-08,Alpine,003,1148,1,1,0,1,0
2020-04-08,Amador,005,37829,6,2,0,2,0
2020-04-08,Butte,007,227075,18,11,1,12,0
2020-04-08,Calaveras,009,45235,7,5,0,5,0
2020-04-08,Colusa,011,21464,3,3,0,3,0
2020-04-08,Contra Costa,013,1133247,684,481,0,481,7
2020-04-08,Del Norte,015,27424,2,2,0,2,0
2020-04-08,El Dorado,017,186661,46,25,0,25,0
2020-04-08,Fresno,019,978130,408,151,4,155,3
2020-04-08,Glenn,021,27897,4,2,0,2,0
2020-04-08,Humboldt,023,135768,56,40,0,40,0
2020-04-08,Imperial,025,180216,150,59,0,59,2
2020-04-08,Inyo,027,18085,12,11,0,11,0
2020-04-08,Kern,029,883053,550,198,0,198,2
2020-04-08,Kings,031,150075,43,5,1,6,0
2020-04-08,Lake,033,64148,5,1,0,1,0
2020-04-08,Lassen,035,31185,3,0,2,2,0
2020-04-08,Los Angeles,037,10098052,12360,7505,12,7517,196
2020-04-08,Madera,039,155013,62,28,1,29,2
2020-04-08,Marin,041,260295,160,125,1,126,7
2020-04-08,Mariposa,043,17540,0,0,0,0,0
2020-04-08,Mendocino,045,87422,5,4,0,4,0
2020-04-08,Merced,047,269075,82,35,0,35,1
2020-04-08,Modoc,049,8938,0,0,0,0,0
2020-04-08,Mono,051,14174,29,19,0,19,1
2020-04-08,Monterey,053,433212,115,68,1,69,3
2020-04-08,Napa,055,140530,44,21,0,21,2
2020-04-08,Nevada,057,99092,36,21,1,22,1
2020-04-08,Orange,059,3164182,1748,1034,18,1052,19
2020-04-08,Placer,061,380077,141,102,0,102,4
2020-04-08,Plumas,063,18699,4,3,0,3,0
2020-04-08,Riverside,065,2383286,2308,974,13,987,28
2020-04-08,Sacramento,067,1510023,840,565,0,565,21
2020-04-08,San Benito,069,59416,37,31,0,31,2
2020-04-08,San Bernardino,071,2135413,1228,635,0,635,22
2020-04-08,San Diego,073,3302833,2149,1532,0,1532,36
2020-04-08,San Francisco,075,870044,1048,687,0,687,7
2020-04-08,San Joaquin,077,732212,364,211,3,214,12
2020-04-08,San Luis Obispo,079,281455,156,90,1,91,1
2020-04-08,San Mateo,081,765935,882,608,2,610,22
2020-04-08,Santa Barbara,083,443738,320,221,1,222,2
2020-04-08,Santa Clara,085,1922200,1824,1257,4,1261,47
2020-04-08,Santa Cruz,087,273765,96,69,0,69,1
2020-04-08,Shasta,089,179085,30,18,0,18,3
2020-04-08,Sierra,091,2930,0,0,0,0,0
2020-04-08,Siskiyou,093,43540,5,4,0,4,0
2020-04-08,Solano,095,438530,174,111,0,111,2
2020-04-08,Sonoma,097,501317,170,107,0,107,1
2020-04-08,Stanislaus,099,539301,201,86,3,89,0
2020-04-08,Sutter,101,95872,22,17,0,17,2
2020-04-08,Tehama,103,63373,1,1,0,1,0
2020-04-08,Trinity,105,12862,0,0,0,0,0
2020-04-08,Tulare,107,460477,363,145,5,150,6
2020-04-08,Tuolumne,109,53932,2,0,0,0,0
2020-04-08,Ventura,111,848112,426,263,0,263,7
2020-04-08,Yolo,113,214977,105,56,0,56,3
2020-04-08,Yuba,115,75493,14,10,0,10,0
2020-04-07,Alameda,001,1643700,989,560,1,561,14
2020-04-07,Alpine,003,1148,1,1,0,1,0
2020-04-07,Amador,005,37829,6,2,0,2,0
2020-04-07,Butte,007,227075,17,11,1,12,0
2020-04-07,Calaveras,009,45235,6,5,0,5,0
2020-04-07,Colusa,011,21464,3,2,0,2,0
2020-04-07,Contra Costa,013,1133247,664,471,0,471,7
2020-04-07,Del Norte,015,27424,2,2,0,2,0
2020-04-07,El Dorado,017,186661,45,22,0,22,0
2020-04-07,Fresno,019,978130,393,138,4,142,3
2020-04-07,Glenn,021,27897,4,2,0,2,0
2020-04-07,Humboldt,023,135768,55,40,0,40,0
2020-04-07,Imperial,025,180216,132,53,0,53,2
2020-04-07,Inyo,027,18085,12,11,0,11,0
2020-04-07,Kern,029,883053,507,134,0,134,2
2020-04-07,Kings,031,150075,40,5,1,6,0
2020-04-07,Lake,033,64148,4,1,0,1,0
2020-04-07,Lassen,035,31185,3,0,2,2,0
2020-04-07,Los Angeles,037,10098052,11711,6885,12,6897,170
2020-04-07,Madera,039,155013,60,28,0,28,2
2020-04-07,Marin,041,260295,158,122,1,123,7
2020-04-07,Mariposa,043,17540,0,0,0,0,0
2020-04-07,Mendocino,045,87422,5,4,0,4,0
2020-04-07,Merced,047,269075,67,27,0,27,1
2020-04-07,Modoc,049,8938,0,0,0,0,0
2020-04-07,Mono,051,14174,28,18,0,18,1
2020-04-07,Monterey,053,433212,107,63,1,64,2
2020-04-07,Napa,055,140530,42,18,0,18,2
2020-04-07,Nevada,057,99092,36,20,1,21,1
2020-04-07,Orange,059,3164182,1701,971,16,987,19
2020-04-07,Placer,061,380077,136,94,0,94,3
2020-04-07,Plumas,063,18699,4,3,0,3,0
2020-04-07,Riverside,065,2383286,2151,905,13,918,25
2020-04-07,Sacramento,067,1510023,810,513,0,513,18
2020-04-07,San Benito,069,59416,37,26,0,26,2
2020-04-07,San Bernardino,071,2135413,1161,554,0,554,19
2020-04-07,San Diego,073,3302833,2072,1456,0,1456,31
2020-04-07,San Francisco,075,870044,988,636,0,636,6
2020-04-07,San Joaquin,077,732212,346,198,3,201,12
2020-04-07,San Luis Obispo,079,281455,149,87,1,88,1
2020-04-07,San Mateo,081,765935,861,573,2,575,22
2020-04-07,Santa Barbara,083,443738,306,209,1,210,2
2020-04-07,Santa Clara,085,1922200,1755,1193,3,1196,46
2020-04-07,Santa Cruz,087,273765,96,67,0,67,1
2020-04-07,Shasta,089,179085,29,16,0,16,3
2020-04-07,Sierra,091,2930,0,0,0,0,0
2020-04-07,Siskiyou,093,43540,5,4,0,4,0
2020-04-07,Solano,095,438530,169,99,0,99,1
2020-04-07,Sonoma,097,501317,167,102,0,102,1
2020-04-07,Stanislaus,099,539301,184,83,3,86,0
2020-04-07,Sutter,101,95872,22,16,0,16,2
2020-04-07,Tehama,103,63373,1,1,0,1,0
2020-04-07,Trinity,105,12862,0,0,0,0,0
2020-04-07,Tulare,107,460477,334,144,5,149,5
2020-04-07,Tuolumne,109,53932,2,1,0,1,0
2020-04-07,Ventura,111,848112,409,247,0,247,6
2020-04-07,Yolo,113,214977,98,51,0,51,2
2020-04-07,Yuba,115,75493,14,10,0,10,0
2020-04-06,Alameda,001,1643700,959,527,1,528,13
2020-04-06,Alpine,003,1148,1,1,0,1,0
2020-04-06,Amador,005,37829,5,2,0,2,0
2020-04-06,Butte,007,227075,16,11,1,12,0
2020-04-06,Calaveras,009,45235,6,4,0,4,0
2020-04-06,Colusa,011,21464,3,1,0,1,0
2020-04-06,Contra Costa,013,1133247,639,447,0,447,7
2020-04-06,Del Norte,015,27424,2,2,0,2,0
2020-04-06,El Dorado,017,186661,43,23,0,23,0
2020-04-06,Fresno,019,978130,371,122,4,126,1
2020-04-06,Glenn,021,27897,4,2,0,2,0
2020-04-06,Humboldt,023,135768,54,37,0,37,0
2020-04-06,Imperial,025,180216,125,47,0,47,1
2020-04-06,Inyo,027,18085,11,11,0,11,0
2020-04-06,Kern,029,883053,470,117,0,117,2
2020-04-06,Kings,031,150075,40,3,1,4,0
2020-04-06,Lake,033,64148,4,1,0,1,0
2020-04-06,Lassen,035,31185,3,0,2,2,0
2020-04-06,Los Angeles,037,10098052,10978,6346,12,6358,145
2020-04-06,Madera,039,155013,58,29,0,29,2
2020-04-06,Marin,041,260295,155,119,1,120,7
2020-04-06,Mariposa,043,17540,0,0,0,0,0
2020-04-06,Mendocino,045,87422,5,4,0,4,0
2020-04-06,Merced,047,269075,60,25,0,25,1
2020-04-06,Modoc,049,8938,0,0,0,0,0
2020-04-06,Mono,051,14174,28,18,0,18,1
2020-04-06,Monterey,053,433212,102,62,1,63,2
2020-04-06,Napa,055,140530,42,18,0,18,2
2020-04-06,Nevada,057,99092,36,19,1,20,1
2020-04-06,Orange,059,3164182,1657,910,15,925,17
2020-04-06,Placer,061,380077,136,90,0,90,3
2020-04-06,Plumas,063,18699,4,2,0,2,0
2020-04-06,Riverside,065,2383286,2025,854,13,867,17
2020-04-06,Sacramento,067,1510023,780,448,0,448,15
2020-04-06,San Benito,069,59416,35,25,0,25,1
2020-04-06,San Bernardino,071,2135413,1102,550,0,550,13
2020-04-06,San Diego,073,3302833,1990,1406,0,1406,19
2020-04-06,San Francisco,075,870044,948,586,0,586,6
2020-04-06,San Joaquin,077,732212,331,191,3,194,10
2020-04-06,San Luis Obispo,079,281455,147,85,1,86,1
2020-04-06,San Mateo,081,765935,843,569,2,571,20
2020-04-06,Santa Barbara,083,443738,297,189,1,190,2
2020-04-06,Santa Clara,085,1922200,1702,1128,3,1131,43
2020-04-06,Santa Cruz,087,273765,94,65,0,65,1
2020-04-06,Shasta,089,179085,29,16,0,16,3
2020-04-06,Sierra,091,2930,0,0,0,0,0
2020-04-06,Siskiyou,093,43540,4,4,0,4,0
2020-04-06,Solano,095,438530,162,95,0,95,1
2020-04-06,Sonoma,097,501317,166,102,0,102,1
2020-04-06,Stanislaus,099,539301,168,72,3,75,0
2020-04-06,Sutter,101,95872,22,14,0,14,2
2020-04-06,Tehama,103,63373,1,1,0,1,0
2020-04-06,Trinity,105,12862,0,0,0,0,0
2020-04-06,Tulare,107,460477,318,126,5,131,5
2020-04-06,Tuolumne,109,53932,2,1,0,1,0
2020-04-06,Ventura,111,848112,391,234,0,234,6
2020-04-06,Yolo,113,214977,94,43,0,43,1
2020-04-06,Yuba,115,75493,14,8,0,8,0
2020-04-05,Alameda,001,1643700,917,475,1,476,12
2020-04-05,Alpine,003,1148,1,1,0,1,0
2020-04-05,Amador,005,37829,5,2,0,2,0
2020-04-05,Butte,007,227075,16,10,1,11,0
2020-04-05,Calaveras,009,45235,6,3,0,3,0
2020-04-05,Colusa,011,21464,3,1,0,1,0
2020-04-05,Contra Costa,013,1133247,622,415,0,415,6
2020-04-05,Del Norte,015,27424,2,1,0,1,0
2020-04-05,El Dorado,017,186661,41,19,0,19,0
2020-04-05,Fresno,019,978130,337,102,4,106,1
2020-04-05,Glenn,021,27897,4,2,0,2,0
2020-04-05,Humboldt,023,135768,54,29,0,29,0
2020-04-05,Imperial,025,180216,117,42,0,42,1
2020-04-05,Inyo,027,18085,11,10,0,10,0
2020-04-05,Kern,029,883053,415,109,0,109,2
2020-04-05,Kings,031,150075,39,4,1,5,0
2020-04-05,Lake,033,64148,4,0,0,0,0
2020-04-05,Lassen,035,31185,3,0,2,2,0
2020-04-05,Los Angeles,037,10098052,10406,5892,12,5904,130
2020-04-05,Madera,039,155013,57,27,0,27,2
2020-04-05,Marin,041,260295,155,113,1,114,6
2020-04-05,Mariposa,043,17540,0,0,0,0,0
2020-04-05,Mendocino,045,87422,5,4,0,4,0
2020-04-05,Merced,047,269075,53,16,0,16,0
2020-04-05,Modoc,049,8938,0,0,0,0,0
2020-04-05,Mono,051,14174,28,18,0,18,1
2020-04-05,Monterey,053,433212,95,61,1,62,2
2020-04-05,Napa,055,140530,40,15,0,15,2
2020-04-05,Nevada,057,99092,36,19,1,20,1
2020-04-05,Orange,059,3164182,1600,820,15,835,15
2020-04-05,Placer,061,380077,133,86,0,86,3
2020-04-05,Plumas,063,18699,3,2,0,2,0
2020-04-05,Riverside,065,2383286,1896,669,13,682,17
2020-04-05,Sacramento,067,1510023,749,393,0,393,11
2020-04-05,San Benito,069,59416,35,22,0,22,1
2020-04-05,San Bernardino,071,2135413,1028,375,0,375,13
2020-04-05,San Diego,073,3302833,1908,1328,0,1328,19
2020-04-05,San Francisco,075,870044,901,559,0,559,6
2020-04-05,San Joaquin,077,732212,316,179,3,182,10
2020-04-05,San Luis Obispo,079,281455,145,83,1,84,1
2020-04-05,San Mateo,081,765935,823,528,2,530,19
2020-04-05,Santa Barbara,083,443738,281,171,1,172,1
2020-04-05,Santa Clara,085,1922200,1654,1052,3,1055,42
2020-04-05,Santa Cruz,087,273765,94,59,0,59,1
2020-04-05,Shasta,089,179085,28,11,0,11,2
2020-04-05,Sierra,091,2930,0,0,0,0,0
2020-04-05,Siskiyou,093,43540,4,3,0,3,0
2020-04-05,Solano,095,438530,158,78,0,78,1
2020-04-05,Sonoma,097,501317,164,88,0,88,1
2020-04-05,Stanislaus,099,539301,154,51,3,54,0
2020-04-05,Sutter,101,95872,22,14,0,14,1
2020-04-05,Tehama,103,63373,1,1,0,1,0
2020-04-05,Trinity,105,12862,0,0,0,0,0
2020-04-05,Tulare,107,460477,281,81,5,86,4
2020-04-05,Tuolumne,109,53932,2,1,0,1,0
2020-04-05,Ventura,111,848112,377,196,0,196,6
2020-04-05,Yolo,113,214977,76,37,0,37,2
2020-04-05,Yuba,115,75493,14,7,0,7,0
2020-04-04,Alameda,001,1643700,894,468,1,469,12
2020-04-04,Alpine,003,1148,1,1,0,1,0
2020-04-04,Amador,005,37829,4,2,0,2,0
2020-04-04,Butte,007,227075,16,10,1,11,0
2020-04-04,Calaveras,009,45235,6,3,0,3,0
2020-04-04,Colusa,011,21464,3,1,0,1,0
2020-04-04,Contra Costa,013,1133247,614,382,0,382,5
2020-04-04,Del Norte,015,27424,2,1,0,1,0
2020-04-04,El Dorado,017,186661,41,19,0,19,0
2020-04-04,Fresno,019,978130,327,102,4,106,1
2020-04-04,Glenn,021,27897,4,2,0,2,0
2020-04-04,Humboldt,023,135768,54,29,0,29,0
2020-04-04,Imperial,025,180216,116,42,0,42,1
2020-04-04,Inyo,027,18085,11,10,0,10,0
2020-04-04,Kern,029,883053,385,103,0,103,2
2020-04-04,Kings,031,150075,39,3,1,4,0
2020-04-04,Lake,033,64148,4,0,0,0,0
2020-04-04,Lassen,035,31185,3,0,2,2,0
2020-04-04,Los Angeles,037,10098052,9790,5275,12,5287,117
2020-04-04,Madera,039,155013,55,27,0,27,2
2020-04-04,Marin,041,260295,153,111,0,111,6
2020-04-04,Mariposa,043,17540,0,0,0,0,0
2020-04-04,Mendocino,045,87422,5,4,0,4,0
2020-04-04,Merced,047,269075,49,11,0,11,0
2020-04-04,Modoc,049,8938,0,0,0,0,0
2020-04-04,Mono,051,14174,28,18,0,18,1
2020-04-04,Monterey,053,433212,91,61,1,62,2
2020-04-04,Napa,055,140530,40,15,0,15,2
2020-04-04,Nevada,057,99092,36,19,1,20,1
2020-04-04,Orange,059,3164182,1558,781,14,795,15
2020-04-04,Placer,061,380077,132,87,0,87,2
2020-04-04,Plumas,063,18699,3,2,0,2,0
2020-04-04,Riverside,065,2383286,1795,652,13,665,15
2020-04-04,Sacramento,067,1510023,731,393,0,393,11
2020-04-04,San Benito,069,59416,35,22,0,22,1
2020-04-04,San Bernardino,071,2135413,980,373,0,373,13
2020-04-04,San Diego,073,3302833,1860,1211,0,1211,18
2020-04-04,San Francisco,075,870044,863,537,0,537,6
2020-04-04,San Joaquin,077,732212,293,171,3,174,10
2020-04-04,San Luis Obispo,079,281455,145,82,1,83,0
2020-04-04,San Mateo,081,765935,812,520,2,522,17
2020-04-04,Santa Barbara,083,443738,272,167,1,168,1
2020-04-04,Santa Clara,085,1922200,1602,1045,3,1048,39
2020-04-04,Santa Cruz,087,273765,94,56,0,56,1
2020-04-04,Shasta,089,179085,27,11,0,11,2
2020-04-04,Sierra,091,2930,0,0,0,0,0
2020-04-04,Siskiyou,093,43540,4,3,0,3,0
2020-04-04,Solano,095,438530,153,79,0,79,1
2020-04-04,Sonoma,097,501317,161,88,0,88,1
2020-04-04,Stanislaus,099,539301,143,51,3,54,0
2020-04-04,Sutter,101,95872,22,14,0,14,1
2020-04-04,Tehama,103,63373,1,1,0,1,0
2020-04-04,Trinity,105,12862,0,0,0,0,0
2020-04-04,Tulare,107,460477,267,79,5,84,4
2020-04-04,Tuolumne,109,53932,2,1,0,1,0
2020-04-04,Ventura,111,848112,364,194,0,194,6
2020-04-04,Yolo,113,214977,74,40,0,40,2
2020-04-04,Yuba,115,75493,13,7,0,7,0
2020-04-03,Alameda,001,1643700,858,395,1,396,11
2020-04-03,Alpine,003,1148,1,1,0,1,0
2020-04-03,Amador,005,37829,4,2,0,2,0
2020-04-03,Butte,007,227075,16,8,1,9,0
2020-04-03,Calaveras,009,45235,6,3,0,3,0
2020-04-03,Colusa,011,21464,3,1,0,1,0
2020-04-03,Contra Costa,013,1133247,591,327,0,327,5
2020-04-03,Del Norte,015,27424,2,1,0,1,0
2020-04-03,El Dorado,017,186661,39,16,0,16,0
2020-04-03,Fresno,019,978130,315,98,4,102,1
2020-04-03,Glenn,021,27897,4,2,0,2,0
2020-04-03,Humboldt,023,135768,54,34,0,34,0
2020-04-03,Imperial,025,180216,107,35,0,35,0
2020-04-03,Inyo,027,18085,11,10,0,10,0
2020-04-03,Kern,029,883053,359,87,0,87,1
2020-04-03,Kings,031,150075,37,3,1,4,0
2020-04-03,Lake,033,64148,3,0,0,0,0
2020-04-03,Lassen,035,31185,3,0,2,2,0
2020-04-03,Los Angeles,037,10098052,9175,4566,12,4578,91
2020-04-03,Madera,039,155013,54,28,0,28,2
2020-04-03,Marin,041,260295,151,106,0,106,6
2020-04-03,Mariposa,043,17540,0,0,0,0,0
2020-04-03,Mendocino,045,87422,5,4,0,4,0
2020-04-03,Merced,047,269075,46,9,0,9,0
2020-04-03,Modoc,049,8938,0,0,0,0,0
2020-04-03,Mono,051,14174,28,18,0,18,1
2020-04-03,Monterey,053,433212,88,58,1,59,2
2020-04-03,Napa,055,140530,39,13,0,13,1
2020-04-03,Nevada,057,99092,36,19,1,20,1
2020-04-03,Orange,059,3164182,1519,713,14,727,13
2020-04-03,Placer,061,380077,128,76,0,76,2
2020-04-03,Plumas,063,18699,3,2,0,2,0
2020-04-03,Riverside,065,2383286,1715,540,13,553,14
2020-04-03,Sacramento,067,1510023,710,363,0,363,11
2020-04-03,San Benito,069,59416,35,22,0,22,1
2020-04-03,San Bernardino,071,2135413,935,356,0,356,11
2020-04-03,San Diego,073,3302833,1800,1114,0,1114,17
2020-04-03,San Francisco,075,870044,839,506,0,506,6
2020-04-03,San Joaquin,077,732212,281,162,3,165,10
2020-04-03,San Luis Obispo,079,281455,144,82,1,83,0
2020-04-03,San Mateo,081,765935,795,474,2,476,13
2020-04-03,Santa Barbara,083,443738,261,154,1,155,1
2020-04-03,Santa Clara,085,1922200,1566,983,3,986,39
2020-04-03,Santa Cruz,087,273765,94,52,0,52,1
2020-04-03,Shasta,089,179085,27,10,0,10,1
2020-04-03,Sierra,091,2930,0,0,0,0,0
2020-04-03,Siskiyou,093,43540,4,3,0,3,0
2020-04-03,Solano,095,438530,145,72,0,72,1
2020-04-03,Sonoma,097,501317,161,84,0,84,1
2020-04-03,Stanislaus,099,539301,137,48,3,51,0
2020-04-03,Sutter,101,95872,22,12,0,12,1
2020-04-03,Tehama,103,63373,1,1,0,1,0
2020-04-03,Trinity,105,12862,0,0,0,0,0
2020-04-03,Tulare,107,460477,253,73,5,78,3
2020-04-03,Tuolumne,109,53932,2,1,0,1,0
2020-04-03,Ventura,111,848112,354,186,0,186,6
2020-04-03,Yolo,113,214977,73,33,0,33,1
2020-04-03,Yuba,115,75493,13,6,0,6,0
2020-04-02,Alameda,001,1643700,807,345,1,346,10
2020-04-02,Alpine,003,1148,1,1,0,1,0
2020-04-02,Amador,005,37829,4,2,0,2,0
2020-04-02,Butte,007,227075,16,7,0,7,0
2020-04-02,Calaveras,009,45235,4,3,0,3,0
2020-04-02,Colusa,011,21464,3,1,0,1,0
2020-04-02,Contra Costa,013,1133247,561,297,0,297,3
2020-04-02,Del Norte,015,27424,2,0,0,0,0
2020-04-02,El Dorado,017,186661,37,16,0,16,0
2020-04-02,Fresno,019,978130,299,92,4,96,0
2020-04-02,Glenn,021,27897,3,2,0,2,0
2020-04-02,Humboldt,023,135768,50,23,0,23,0
2020-04-02,Imperial,025,180216,103,24,0,24,0
2020-04-02,Inyo,027,18085,10,8,0,8,0
2020-04-02,Kern,029,883053,332,74,0,74,0
2020-04-02,Kings,031,150075,37,3,1,4,0
2020-04-02,Lake,033,64148,3,0,0,0,0
2020-04-02,Lassen,035,31185,3,0,2,2,0
2020-04-02,Los Angeles,037,10098052,8343,4040,12,4052,79
2020-04-02,Madera,039,155013,52,25,0,25,1
2020-04-02,Marin,041,260295,145,102,0,102,1
2020-04-02,Mariposa,043,17540,0,0,0,0,0
2020-04-02,Mendocino,045,87422,5,4,0,4,0
2020-04-02,Merced,047,269075,41,9,0,9,0
2020-04-02,Modoc,049,8938,0,0,0,0,0
2020-04-02,Mono,051,14174,28,16,0,16,1
2020-04-02,Monterey,053,433212,86,50,1,51,2
2020-04-02,Napa,055,140530,39,13,0,13,0
2020-04-02,Nevada,057,99092,35,17,1,18,0
2020-04-02,Orange,059,3164182,1467,640,13,653,12
2020-04-02,Placer,061,380077,127,72,0,72,2
2020-04-02,Plumas,063,18699,3,1,0,1,0
2020-04-02,Riverside,065,2383286,1598,438,13,451,13
2020-04-02,Sacramento,067,1510023,692,322,0,322,9
2020-04-02,San Benito,069,59416,33,18,0,18,1
2020-04-02,San Bernardino,071,2135413,880,335,0,335,8
2020-04-02,San Diego,073,3302833,1733,968,0,968,16
2020-04-02,San Francisco,075,870044,812,473,0,473,6
2020-04-02,San Joaquin,077,732212,262,148,3,151,9
2020-04-02,San Luis Obispo,079,281455,139,79,1,80,0
2020-04-02,San Mateo,081,765935,774,423,2,425,13
2020-04-02,Santa Barbara,083,443738,250,125,1,126,1
2020-04-02,Santa Clara,085,1922200,1515,908,3,911,38
2020-04-02,Santa Cruz,087,273765,92,49,0,49,1
2020-04-02,Shasta,089,179085,26,7,0,7,1
2020-04-02,Sierra,091,2930,0,0,0,0,0
2020-04-02,Siskiyou,093,43540,4,3,0,3,0
2020-04-02,Solano,095,438530,135,65,0,65,0
2020-04-02,Sonoma,097,501317,157,76,0,76,1
2020-04-02,Stanislaus,099,539301,126,40,3,43,0
2020-04-02,Sutter,101,95872,21,10,0,10,1
2020-04-02,Tehama,103,63373,1,1,0,1,0
2020-04-02,Trinity,105,12862,0,0,0,0,0
2020-04-02,Tulare,107,460477,219,64,5,69,1
2020-04-02,Tuolumne,109,53932,2,1,0,1,0
2020-04-02,Ventura,111,848112,336,178,0,178,5
2020-04-02,Yolo,113,214977,71,29,0,29,1
2020-04-02,Yuba,115,75493,10,5,0,5,0
2020-04-01,Alameda,001,1643700,780,287,1,288,8
2020-04-01,Alpine,003,1148,1,1,0,1,0
2020-04-01,Amador,005,37829,4,1,0,1,0
2020-04-01,Butte,007,227075,16,6,0,6,0
2020-04-01,Calaveras,009,45235,3,3,0,3,0
2020-04-01,Colusa,011,21464,3,1,0,1,0
2020-04-01,Contra Costa,013,1133247,517,267,0,267,3
2020-04-01,Del Norte,015,27424,2,0,0,0,0
2020-04-01,El Dorado,017,186661,36,14,0,14,0
2020-04-01,Fresno,019,978130,277,75,3,78,0
2020-04-01,Glenn,021,27897,3,2,0,2,0
2020-04-01,Humboldt,023,135768,50,19,0,19,0
2020-04-01,Imperial,025,180216,96,25,0,25,0
2020-04-01,Inyo,027,18085,10,8,0,8,0
2020-04-01,Kern,029,883053,305,53,0,53,0
2020-04-01,Kings,031,150075,35,3,1,4,0
2020-04-01,Lake,033,64148,3,0,0,0,0
2020-04-01,Lassen,035,31185,3,0,2,2,0
2020-04-01,Los Angeles,037,10098052,7693,3502,12,3514,66
2020-04-01,Madera,039,155013,50,17,0,17,1
2020-04-01,Marin,041,260295,141,87,0,87,1
2020-04-01,Mariposa,043,17540,0,0,0,0,0
2020-04-01,Mendocino,045,87422,5,4,0,4,0
2020-04-01,Merced,047,269075,38,7,0,7,0
2020-04-01,Modoc,049,8938,0,0,0,0,0
2020-04-01,Mono,051,14174,28,12,0,12,1
2020-04-01,Monterey,053,433212,85,47,1,48,2
2020-04-01,Napa,055,140530,36,11,0,11,0
2020-04-01,Nevada,057,99092,35,15,1,16,0
2020-04-01,Orange,059,3164182,1415,579,13,592,11
2020-04-01,Placer,061,380077,125,52,0,52,2
2020-04-01,Plumas,063,18699,3,1,0,1,0
2020-04-01,Riverside,065,2383286,1430,306,12,318,11
2020-04-01,Sacramento,067,1510023,659,299,0,299,8
2020-04-01,San Benito,069,59416,30,14,0,14,1
2020-04-01,San Bernardino,071,2135413,831,245,0,245,5
2020-04-01,San Diego,073,3302833,1663,851,0,851,11
2020-04-01,San Francisco,075,870044,784,432,0,432,6
2020-04-01,San Joaquin,077,732212,250,132,3,135,8
2020-04-01,San Luis Obispo,079,281455,133,69,1,70,0
2020-04-01,San Mateo,081,765935,756,354,2,356,13
2020-04-01,Santa Barbara,083,443738,237,103,1,104,0
2020-04-01,Santa Clara,085,1922200,1473,805,3,808,33
2020-04-01,Santa Cruz,087,273765,87,44,0,44,1
2020-04-01,Shasta,089,179085,25,5,0,5,1
2020-04-01,Sierra,091,2930,0,0,0,0,0
2020-04-01,Siskiyou,093,43540,4,3,0,3,0
2020-04-01,Solano,095,438530,130,57,0,57,0
2020-04-01,Sonoma,097,501317,153,60,0,60,1
2020-04-01,Stanislaus,099,539301,115,29,3,32,0
2020-04-01,Sutter,101,95872,21,9,0,9,1
2020-04-01,Tehama,103,63373,1,0,0,0,0
2020-04-01,Trinity,105,12862,0,0,0,0,0
2020-04-01,Tulare,107,460477,181,43,5,48,1
2020-04-01,Tuolumne,109,53932,2,1,0,1,0
2020-04-01,Ventura,111,848112,323,154,0,154,5
2020-04-01,Yolo,113,214977,66,22,0,22,1
2020-04-01,Yuba,115,75493,9,5,0,5,0
2020-03-31,Alameda,001,1643700,712,269,1,270,7
2020-03-31,Alpine,003,1148,1,1,0,1,0
2020-03-31,Amador,005,37829,4,1,0,1,0
2020-03-31,Butte,007,227075,16,6,0,6,0
2020-03-31,Calaveras,009,45235,3,3,0,3,0
2020-03-31,Colusa,011,21464,3,1,0,1,0
2020-03-31,Contra Costa,013,1133247,492,246,0,246,3
2020-03-31,Del Norte,015,27424,1,0,0,0,0
2020-03-31,El Dorado,017,186661,32,14,0,14,0
2020-03-31,Fresno,019,978130,252,59,3,62,0
2020-03-31,Glenn,021,27897,3,2,0,2,0
2020-03-31,Humboldt,023,135768,50,18,0,18,0
2020-03-31,Imperial,025,180216,91,17,0,17,0
2020-03-31,Inyo,027,18085,10,8,0,8,0
2020-03-31,Kern,029,883053,281,47,0,47,0
2020-03-31,Kings,031,150075,33,2,1,3,0
2020-03-31,Lake,033,64148,1,0,0,0,0
2020-03-31,Lassen,035,31185,3,0,2,2,0
2020-03-31,Los Angeles,037,10098052,7028,3001,12,3013,53
2020-03-31,Madera,039,155013,49,17,0,17,1
2020-03-31,Marin,041,260295,132,85,0,85,1
2020-03-31,Mariposa,043,17540,0,0,0,0,0
2020-03-31,Mendocino,045,87422,5,4,0,4,0
2020-03-31,Merced,047,269075,33,6,0,6,0
2020-03-31,Modoc,049,8938,0,0,0,0,0
2020-03-31,Mono,051,14174,26,12,0,12,0
2020-03-31,Monterey,053,433212,83,43,1,44,2
2020-03-31,Napa,055,140530,35,9,0,9,0
2020-03-31,Nevada,057,99092,35,15,1,16,0
2020-03-31,Orange,059,3164182,1345,506,13,519,7
2020-03-31,Placer,061,380077,118,49,0,49,2
2020-03-31,Plumas,063,18699,1,0,0,0,0
2020-03-31,Riverside,065,2383286,1284,284,12,296,8
2020-03-31,Sacramento,067,1510023,607,271,0,271,8
2020-03-31,San Benito,069,59416,30,14,0,14,1
2020-03-31,San Bernardino,071,2135413,746,193,0,193,5
2020-03-31,San Diego,073,3302833,1581,736,0,736,9
2020-03-31,San Francisco,075,870044,749,404,0,404,5
2020-03-31,San Joaquin,077,732212,234,122,3,125,7
2020-03-31,San Luis Obispo,079,281455,129,67,1,68,0
2020-03-31,San Mateo,081,765935,737,297,2,299,12
2020-03-31,Santa Barbara,083,443738,222,89,1,90,0
2020-03-31,Santa Clara,085,1922200,1423,777,3,780,30
2020-03-31,Santa Cruz,087,273765,80,40,0,40,1
2020-03-31,Shasta,089,179085,22,5,0,5,1
2020-03-31,Sierra,091,2930,0,0,0,0,0
2020-03-31,Siskiyou,093,43540,4,3,0,3,0
2020-03-31,Solano,095,438530,116,56,0,56,0
2020-03-31,Sonoma,097,501317,148,58,0,58,1
2020-03-31,Stanislaus,099,539301,100,28,3,31,0
2020-03-31,Sutter,101,95872,21,8,0,8,0
2020-03-31,Tehama,103,63373,1,0,0,0,0
2020-03-31,Trinity,105,12862,0,0,0,0,0
2020-03-31,Tulare,107,460477,158,42,4,46,1
2020-03-31,Tuolumne,109,53932,2,1,0,1,0
2020-03-31,Ventura,111,848112,312,143,0,143,4
2020-03-31,Yolo,113,214977,59,21,0,21,1
2020-03-31,Yuba,115,75493,9,5,0,5,0
2020-03-30,Alameda,001,1643700,672,250,1,251,7
2020-03-30,Alpine,003,1148,1,1,0,1,0
2020-03-30,Amador,005,37829,4,1,0,1,0
2020-03-30,Butte,007,227075,14,5,0,5,0
2020-03-30,Calaveras,009,45235,3,3,0,3,0
2020-03-30,Colusa,011,21464,3,1,0,1,0
2020-03-30,Contra Costa,013,1133247,466,212,0,212,3
2020-03-30,Del Norte,015,27424,0,0,0,0,0
2020-03-30,El Dorado,017,186661,32,11,0,11,0
2020-03-30,Fresno,019,978130,227,46,3,49,0
2020-03-30,Glenn,021,27897,3,2,0,2,0
2020-03-30,Humboldt,023,135768,48,11,0,11,0
2020-03-30,Imperial,025,180216,88,9,0,9,0
2020-03-30,Inyo,027,18085,10,5,0,5,0
2020-03-30,Kern,029,883053,248,30,0,30,0
2020-03-30,Kings,031,150075,33,1,1,2,0
2020-03-30,Lake,033,64148,1,0,0,0,0
2020-03-30,Lassen,035,31185,3,0,1,1,0
2020-03-30,Los Angeles,037,10098052,6373,2467,12,2479,44
2020-03-30,Madera,039,155013,48,14,0,14,1
2020-03-30,Marin,041,260295,125,78,0,78,0
2020-03-30,Mariposa,043,17540,0,0,0,0,0
2020-03-30,Mendocino,045,87422,5,2,0,2,0
2020-03-30,Merced,047,269075,29,6,0,6,0
2020-03-30,Modoc,049,8938,0,0,0,0,0
2020-03-30,Mono,051,14174,26,11,0,11,0
2020-03-30,Monterey,053,433212,78,41,1,42,1
2020-03-30,Napa,055,140530,34,9,0,9,0
2020-03-30,Nevada,057,99092,34,14,1,15,0
2020-03-30,Orange,059,3164182,1279,418,13,431,5
2020-03-30,Placer,061,380077,115,44,0,44,2
2020-03-30,Plumas,063,18699,1,0,0,0,0
2020-03-30,Riverside,065,2383286,1203,204,12,216,7
2020-03-30,Sacramento,067,1510023,583,238,0,238,8
2020-03-30,San Benito,069,59416,30,11,0,11,1
2020-03-30,San Bernardino,071,2135413,702,145,0,145,4
2020-03-30,San Diego,073,3302833,1511,605,0,605,7
2020-03-30,San Francisco,075,870044,709,368,0,368,5
2020-03-30,San Joaquin,077,732212,227,112,3,115,5
2020-03-30,San Luis Obispo,079,281455,126,62,1,63,0
2020-03-30,San Mateo,081,765935,713,257,2,259,11
2020-03-30,Santa Barbara,083,443738,213,79,1,80,0
2020-03-30,Santa Clara,085,1922200,1392,745,3,748,31
2020-03-30,Santa Cruz,087,273765,77,36,0,36,1
2020-03-30,Shasta,089,179085,21,4,0,4,1
2020-03-30,Sierra,091,2930,0,0,0,0,0
2020-03-30,Siskiyou,093,43540,4,2,0,2,0
2020-03-30,Solano,095,438530,110,50,0,50,0
2020-03-30,Sonoma,097,501317,145,57,0,57,1
2020-03-30,Stanislaus,099,539301,93,28,3,31,0
2020-03-30,Sutter,101,95872,20,6,0,6,0
2020-03-30,Tehama,103,63373,1,0,0,0,0
2020-03-30,Trinity,105,12862,0,0,0,0,0
2020-03-30,Tulare,107,460477,146,40,3,43,1
2020-03-30,Tuolumne,109,53932,2,1,0,1,0
2020-03-30,Ventura,111,848112,301,118,0,118,2
2020-03-30,Yolo,113,214977,56,17,0,17,1
2020-03-30,Yuba,115,75493,8,5,0,5,0
2020-03-29,Alameda,001,1643700,638,207,1,208,6
2020-03-29,Alpine,003,1148,1,0,0,0,0
2020-03-29,Amador,005,37829,4,1,0,1,0
2020-03-29,Butte,007,227075,14,4,0,4,0
2020-03-29,Calaveras,009,45235,3,2,0,2,0
2020-03-29,Colusa,011,21464,3,1,0,1,0
2020-03-29,Contra Costa,013,1133247,436,187,0,187,3
2020-03-29,Del Norte,015,27424,0,0,0,0,0
2020-03-29,El Dorado,017,186661,31,9,0,9,0
2020-03-29,Fresno,019,978130,203,31,3,34,0
2020-03-29,Glenn,021,27897,2,1,0,1,0
2020-03-29,Humboldt,023,135768,45,9,0,9,0
2020-03-29,Imperial,025,180216,82,9,0,9,0
2020-03-29,Inyo,027,18085,9,0,0,0,0
2020-03-29,Kern,029,883053,230,20,0,20,0
2020-03-29,Kings,031,150075,30,1,1,2,0
2020-03-29,Lake,033,64148,0,0,0,0,0
2020-03-29,Lassen,035,31185,3,0,1,1,0
2020-03-29,Los Angeles,037,10098052,5728,2119,12,2131,37
2020-03-29,Madera,039,155013,43,11,0,11,1
2020-03-29,Marin,041,260295,120,60,0,60,0
2020-03-29,Mariposa,043,17540,0,0,0,0,0
2020-03-29,Mendocino,045,87422,5,2,0,2,0
2020-03-29,Merced,047,269075,28,4,0,4,0
2020-03-29,Modoc,049,8938,0,0,0,0,0
2020-03-29,Mono,051,14174,26,8,0,8,0
2020-03-29,Monterey,053,433212,73,36,1,37,1
2020-03-29,Napa,055,140530,32,5,0,5,0
2020-03-29,Nevada,057,99092,32,13,1,14,0
2020-03-29,Orange,059,3164182,1206,343,13,356,2
2020-03-29,Placer,061,380077,114,35,0,35,2
2020-03-29,Plumas,063,18699,1,0,0,0,0
2020-03-29,Riverside,065,2383286,1079,122,12,134,7
2020-03-29,Sacramento,067,1510023,543,217,0,217,7
2020-03-29,San Benito,069,59416,29,10,0,10,1
2020-03-29,San Bernardino,071,2135413,650,94,0,94,2
2020-03-29,San Diego,073,3302833,1439,521,0,521,7
2020-03-29,San Francisco,075,870044,665,333,0,333,5
2020-03-29,San Joaquin,077,732212,218,86,3,89,4
2020-03-29,San Luis Obispo,079,281455,119,55,0,55,0
2020-03-29,San Mateo,081,765935,688,234,2,236,12
2020-03-29,Santa Barbara,083,443738,205,52,1,53,0
2020-03-29,Santa Clara,085,1922200,1335,591,3,594,30
2020-03-29,Santa Cruz,087,273765,77,33,0,33,1
2020-03-29,Shasta,089,179085,20,4,0,4,1
2020-03-29,Sierra,091,2930,0,0,0,0,0
2020-03-29,Siskiyou,093,43540,4,2,0,2,0
2020-03-29,Solano,095,438530,102,48,0,48,0
2020-03-29,Sonoma,097,501317,143,35,0,35,1
2020-03-29,Stanislaus,099,539301,88,19,3,22,0
2020-03-29,Sutter,101,95872,17,6,0,6,0
2020-03-29,Tehama,103,63373,1,0,0,0,0
2020-03-29,Trinity,105,12862,0,0,0,0,0
2020-03-29,Tulare,107,460477,121,24,3,27,1
2020-03-29,Tuolumne,109,53932,1,1,0,1,0
2020-03-29,Ventura,111,848112,274,92,0,92,2
2020-03-29,Yolo,113,214977,51,13,0,13,1
2020-03-29,Yuba,115,75493,8,3,0,3,0
2020-03-28,Alameda,001,1643700,611,410,1,411,12
2020-03-28,Alpine,003,1148,1,0,0,0,0
2020-03-28,Amador,005,37829,4,2,0,2,0
2020-03-28,Butte,007,227075,14,8,0,8,0
2020-03-28,Calaveras,009,45235,3,4,0,4,0
2020-03-28,Colusa,011,21464,3,2,0,2,0
2020-03-28,Contra Costa,013,1133247,413,350,0,350,4
2020-03-28,Del Norte,015,27424,0,0,0,0,0
2020-03-28,El Dorado,017,186661,30,18,0,18,0
2020-03-28,Fresno,019,978130,193,62,3,65,0
2020-03-28,Glenn,021,27897,2,2,0,2,0
2020-03-28,Humboldt,023,135768,45,18,0,18,0
2020-03-28,Imperial,025,180216,77,18,0,18,0
2020-03-28,Inyo,027,18085,9,0,0,0,0
2020-03-28,Kern,029,883053,213,40,0,40,0
2020-03-28,Kings,031,150075,29,2,1,3,0
2020-03-28,Lake,033,64148,0,0,0,0,0
2020-03-28,Lassen,035,31185,3,0,1,1,0
2020-03-28,Los Angeles,037,10098052,5342,3600,11,3611,64
2020-03-28,Madera,039,155013,43,22,0,22,2
2020-03-28,Marin,041,260295,115,116,0,116,0
2020-03-28,Mariposa,043,17540,0,0,0,0,0
2020-03-28,Mendocino,045,87422,5,4,0,4,0
2020-03-28,Merced,047,269075,27,8,0,8,0
2020-03-28,Modoc,049,8938,0,0,0,0,0
2020-03-28,Mono,051,14174,24,12,0,12,0
2020-03-28,Monterey,053,433212,72,64,1,65,2
2020-03-28,Napa,055,140530,27,10,0,10,0
2020-03-28,Nevada,057,99092,32,22,1,23,0
2020-03-28,Orange,059,3164182,1170,656,13,669,4
2020-03-28,Placer,061,380077,109,70,0,70,2
2020-03-28,Plumas,063,18699,1,0,0,0,0
2020-03-28,Riverside,065,2383286,1011,242,12,254,14
2020-03-28,Sacramento,067,1510023,525,406,0,406,14
2020-03-28,San Benito,069,59416,29,20,0,20,2
2020-03-28,San Bernardino,071,2135413,602,162,0,162,4
2020-03-28,San Diego,073,3302833,1380,980,0,980,14
2020-03-28,San Francisco,075,870044,641,600,0,600,6
2020-03-28,San Joaquin,077,732212,210,166,3,169,8
2020-03-28,San Luis Obispo,079,281455,117,104,0,104,0
2020-03-28,San Mateo,081,765935,668,462,2,464,17
2020-03-28,Santa Barbara,083,443738,195,98,1,99,0
2020-03-28,Santa Clara,085,1922200,1316,1174,3,1177,54
2020-03-28,Santa Cruz,087,273765,76,62,0,62,0
2020-03-28,Shasta,089,179085,20,8,0,8,2
2020-03-28,Sierra,091,2930,0,0,0,0,0
2020-03-28,Siskiyou,093,43540,4,4,0,4,0
2020-03-28,Solano,095,438530,98,96,0,96,0
2020-03-28,Sonoma,097,501317,141,70,0,70,2
2020-03-28,Stanislaus,099,539301,83,34,3,37,0
2020-03-28,Sutter,101,95872,17,6,0,6,0
2020-03-28,Tehama,103,63373,1,0,0,0,0
2020-03-28,Trinity,105,12862,0,0,0,0,0
2020-03-28,Tulare,107,460477,114,46,3,49,0
2020-03-28,Tuolumne,109,53932,1,2,0,2,0
2020-03-28,Ventura,111,848112,270,178,0,178,4
2020-03-28,Yolo,113,214977,50,26,0,26,2
2020-03-28,Yuba,115,75493,8,6,0,6,0
2020-03-27,Alameda,001,1643700,593,185,1,186,4
2020-03-27,Alpine,003,1148,1,0,0,0,0
2020-03-27,Amador,005,37829,3,1,0,1,0
2020-03-27,Butte,007,227075,12,4,0,4,0
2020-03-27,Calaveras,009,45235,3,2,0,2,0
2020-03-27,Colusa,011,21464,3,0,0,0,0
2020-03-27,Contra Costa,013,1133247,392,161,0,161,2
2020-03-27,Del Norte,015,27424,0,0,0,0,0
2020-03-27,El Dorado,017,186661,28,9,0,9,0
2020-03-27,Fresno,019,978130,181,29,2,31,0
2020-03-27,Glenn,021,27897,2,0,0,0,0
2020-03-27,Humboldt,023,135768,41,9,0,9,0
2020-03-27,Imperial,025,180216,72,9,0,9,0
2020-03-27,Inyo,027,18085,9,0,0,0,0
2020-03-27,Kern,029,883053,200,20,0,20,0
2020-03-27,Kings,031,150075,28,0,1,1,0
2020-03-27,Lake,033,64148,0,0,0,0,0
2020-03-27,Lassen,035,31185,3,0,1,1,0
2020-03-27,Los Angeles,037,10098052,4931,1474,11,1485,26
2020-03-27,Madera,039,155013,41,10,0,10,1
2020-03-27,Marin,041,260295,110,58,0,58,0
2020-03-27,Mariposa,043,17540,0,0,0,0,0
2020-03-27,Mendocino,045,87422,5,2,0,2,0
2020-03-27,Merced,047,269075,26,3,0,3,0
2020-03-27,Modoc,049,8938,0,0,0,0,0
2020-03-27,Mono,051,14174,24,6,0,6,0
2020-03-27,Monterey,053,433212,69,26,1,27,1
2020-03-27,Napa,055,140530,27,5,0,5,0
2020-03-27,Nevada,057,99092,32,6,1,7,0
2020-03-27,Orange,059,3164182,1120,299,13,312,2
2020-03-27,Placer,061,380077,106,33,0,33,1
2020-03-27,Plumas,063,18699,0,0,0,0,0
2020-03-27,Riverside,065,2383286,955,121,12,133,7
2020-03-27,Sacramento,067,1510023,502,163,0,163,6
2020-03-27,San Benito,069,59416,28,9,0,9,1
2020-03-27,San Bernardino,071,2135413,512,77,0,77,2
2020-03-27,San Diego,073,3302833,1323,419,0,419,5
2020-03-27,San Francisco,075,870044,616,285,0,285,2
2020-03-27,San Joaquin,077,732212,199,73,3,76,3
2020-03-27,San Luis Obispo,079,281455,115,46,0,46,0
2020-03-27,San Mateo,081,765935,642,213,2,215,7
2020-03-27,Santa Barbara,083,443738,181,37,1,38,0
2020-03-27,Santa Clara,085,1922200,1278,557,3,560,25
2020-03-27,Santa Cruz,087,273765,75,31,0,31,0
2020-03-27,Shasta,089,179085,17,3,0,3,1
2020-03-27,Sierra,091,2930,0,0,0,0,0
2020-03-27,Siskiyou,093,43540,4,2,0,2,0
2020-03-27,Solano,095,438530,92,48,0,48,0
2020-03-27,Sonoma,097,501317,133,35,0,35,1
2020-03-27,Stanislaus,099,539301,81,16,3,19,0
2020-03-27,Sutter,101,95872,16,2,0,2,0
2020-03-27,Tehama,103,63373,1,0,0,0,0
2020-03-27,Trinity,105,12862,0,0,0,0,0
2020-03-27,Tulare,107,460477,106,15,3,18,0
2020-03-27,Tuolumne,109,53932,1,1,0,1,0
2020-03-27,Ventura,111,848112,261,80,0,80,2
2020-03-27,Yolo,113,214977,49,13,0,13,1
2020-03-27,Yuba,115,75493,7,3,0,3,0
2020-03-26,Alameda,001,1643700,553,172,1,173,4
2020-03-26,Alpine,003,1148,1,0,0,0,0
2020-03-26,Amador,005,37829,3,1,0,1,0
2020-03-26,Butte,007,227075,12,4,0,4,0
2020-03-26,Calaveras,009,45235,3,2,0,2,0
2020-03-26,Colusa,011,21464,3,0,0,0,0
2020-03-26,Contra Costa,013,1133247,382,147,0,147,2
2020-03-26,Del Norte,015,27424,0,0,0,0,0
2020-03-26,El Dorado,017,186661,26,7,0,7,0
2020-03-26,Fresno,019,978130,172,25,2,27,0
2020-03-26,Glenn,021,27897,2,0,0,0,0
2020-03-26,Humboldt,023,135768,37,8,0,8,0
2020-03-26,Imperial,025,180216,68,8,0,8,0
2020-03-26,Inyo,027,18085,8,0,0,0,0
2020-03-26,Kern,029,883053,184,20,0,20,0
2020-03-26,Kings,031,150075,28,0,1,1,0
2020-03-26,Lake,033,64148,0,0,0,0,0
2020-03-26,Lassen,035,31185,3,0,1,1,0
2020-03-26,Los Angeles,037,10098052,4528,1075,11,1086,19
2020-03-26,Madera,039,155013,39,8,0,8,0
2020-03-26,Marin,041,260295,101,56,0,56,0
2020-03-26,Mariposa,043,17540,0,0,0,0,0
2020-03-26,Mendocino,045,87422,4,1,0,1,0
2020-03-26,Merced,047,269075,23,1,0,1,0
2020-03-26,Modoc,049,8938,0,0,0,0,0
2020-03-26,Mono,051,14174,23,5,0,5,0
2020-03-26,Monterey,053,433212,66,25,1,26,1
2020-03-26,Napa,055,140530,26,5,0,5,0
2020-03-26,Nevada,057,99092,32,7,1,8,0
2020-03-26,Orange,059,3164182,1058,279,11,290,1
2020-03-26,Placer,061,380077,103,34,0,34,1
2020-03-26,Plumas,063,18699,0,0,0,0,0
2020-03-26,Riverside,065,2383286,884,118,12,130,7
2020-03-26,Sacramento,067,1510023,469,147,0,147,5
2020-03-26,San Benito,069,59416,28,8,0,8,1
2020-03-26,San Bernardino,071,2135413,446,57,0,57,1
2020-03-26,San Diego,073,3302833,1256,299,0,299,2
2020-03-26,San Francisco,075,870044,589,261,0,261,1
2020-03-26,San Joaquin,077,732212,188,69,3,72,3
2020-03-26,San Luis Obispo,079,281455,110,38,0,38,0
2020-03-26,San Mateo,081,765935,608,122,2,124,5
2020-03-26,Santa Barbara,083,443738,168,33,1,34,0
2020-03-26,Santa Clara,085,1922200,1233,487,2,489,20
2020-03-26,Santa Cruz,087,273765,71,30,0,30,0
2020-03-26,Shasta,089,179085,17,3,0,3,1
2020-03-26,Sierra,091,2930,0,0,0,0,0
2020-03-26,Siskiyou,093,43540,4,2,0,2,0
2020-03-26,Solano,095,438530,84,41,0,41,0
2020-03-26,Sonoma,097,501317,128,33,0,33,1
2020-03-26,Stanislaus,099,539301,79,15,3,18,0
2020-03-26,Sutter,101,95872,12,2,0,2,0
2020-03-26,Tehama,103,63373,1,0,0,0,0
2020-03-26,Trinity,105,12862,0,0,0,0,0
2020-03-26,Tulare,107,460477,97,15,3,18,0
2020-03-26,Tuolumne,109,53932,1,0,0,0,0
2020-03-26,Ventura,111,848112,245,70,0,70,1
2020-03-26,Yolo,113,214977,45,13,0,13,1
2020-03-26,Yuba,115,75493,7,3,0,3,0
2020-03-25,Alameda,001,1643700,532,134,1,135,3
2020-03-25,Alpine,003,1148,1,0,0,0,0
2020-03-25,Amador,005,37829,3,1,0,1,0
2020-03-25,Butte,007,227075,12,4,0,4,0
2020-03-25,Calaveras,009,45235,3,2,0,2,0
2020-03-25,Colusa,011,21464,2,0,0,0,0
2020-03-25,Contra Costa,013,1133247,368,131,0,131,1
2020-03-25,Del Norte,015,27424,0,0,0,0,0
2020-03-25,El Dorado,017,186661,26,5,0,5,0
2020-03-25,Fresno,019,978130,152,21,2,23,0
2020-03-25,Glenn,021,27897,2,0,0,0,0
2020-03-25,Humboldt,023,135768,34,3,0,3,0
2020-03-25,Imperial,025,180216,60,8,0,8,0
2020-03-25,Inyo,027,18085,5,0,0,0,0
2020-03-25,Kern,029,883053,164,13,0,13,0
2020-03-25,Kings,031,150075,26,0,1,1,0
2020-03-25,Lake,033,64148,0,0,0,0,0
2020-03-25,Lassen,035,31185,3,0,1,1,0
2020-03-25,Los Angeles,037,10098052,4133,725,11,736,10
2020-03-25,Madera,039,155013,37,6,0,6,0
2020-03-25,Marin,041,260295,95,47,0,47,0
2020-03-25,Mariposa,043,17540,0,0,0,0,0
2020-03-25,Mendocino,045,87422,3,1,0,1,0
2020-03-25,Merced,047,269075,19,0,0,0,0
2020-03-25,Modoc,049,8938,0,0,0,0,0
2020-03-25,Mono,051,14174,22,4,0,4,0
2020-03-25,Monterey,053,433212,63,23,1,24,1
2020-03-25,Napa,055,140530,26,5,0,5,0
2020-03-25,Nevada,057,99092,31,5,1,6,0
2020-03-25,Orange,059,3164182,1000,214,9,223,1
2020-03-25,Placer,061,380077,97,30,0,30,1
2020-03-25,Plumas,063,18699,0,1,0,1,0
2020-03-25,Riverside,065,2383286,813,87,12,99,5
2020-03-25,Sacramento,067,1510023,443,114,0,114,5
2020-03-25,San Benito,069,59416,27,4,0,4,1
2020-03-25,San Bernardino,071,2135413,407,46,0,46,1
2020-03-25,San Diego,073,3302833,1194,238,0,238,2
2020-03-25,San Francisco,075,870044,548,212,0,212,1
2020-03-25,San Joaquin,077,732212,175,64,3,67,2
2020-03-25,San Luis Obispo,079,281455,105,35,0,35,0
2020-03-25,San Mateo,081,765935,573,111,2,113,5
2020-03-25,Santa Barbara,083,443738,158,25,1,26,0
2020-03-25,Santa Clara,085,1922200,1189,452,2,454,20
2020-03-25,Santa Cruz,087,273765,68,26,0,26,0
2020-03-25,Shasta,089,179085,16,3,0,3,1
2020-03-25,Sierra,091,2930,0,0,0,0,0
2020-03-25,Siskiyou,093,43540,4,2,0,2,0
2020-03-25,Solano,095,438530,79,39,0,39,0
2020-03-25,Sonoma,097,501317,123,31,0,31,1
2020-03-25,Stanislaus,099,539301,72,14,3,17,0
2020-03-25,Sutter,101,95872,9,1,0,1,0
2020-03-25,Tehama,103,63373,1,0,0,0,0
2020-03-25,Trinity,105,12862,0,0,0,0,0
2020-03-25,Tulare,107,460477,87,11,3,14,0
2020-03-25,Tuolumne,109,53932,1,0,0,0,0
2020-03-25,Ventura,111,848112,229,53,0,53,1
2020-03-25,Yolo,113,214977,43,9,0,9,1
2020-03-25,Yuba,115,75493,7,2,0,2,0
2020-03-24,Alameda,001,1643700,499,96,1,97,2
2020-03-24,Alpine,003,1148,1,0,0,0,0
2020-03-24,Amador,005,37829,1,1,0,1,0
2020-03-24,Butte,007,227075,11,3,0,3,0
2020-03-24,Calaveras,009,45235,2,2,0,2,0
2020-03-24,Colusa,011,21464,2,0,0,0,0
2020-03-24,Contra Costa,013,1133247,354,108,0,108,1
2020-03-24,Del Norte,015,27424,0,0,0,0,0
2020-03-24,El Dorado,017,186661,26,3,0,3,0
2020-03-24,Fresno,019,978130,133,18,2,20,0
2020-03-24,Glenn,021,27897,2,0,0,0,0
2020-03-24,Humboldt,023,135768,32,2,0,2,0
2020-03-24,Imperial,025,180216,57,3,0,3,0
2020-03-24,Inyo,027,18085,5,0,0,0,0
2020-03-24,Kern,029,883053,144,5,0,5,0
2020-03-24,Kings,031,150075,25,0,1,1,0
2020-03-24,Lake,033,64148,0,0,0,0,0
2020-03-24,Lassen,035,31185,3,0,1,1,0
2020-03-24,Los Angeles,037,10098052,3681,633,11,644,7
2020-03-24,Madera,039,155013,36,6,0,6,0
2020-03-24,Marin,041,260295,84,44,0,44,0
2020-03-24,Mariposa,043,17540,0,0,0,0,0
2020-03-24,Mendocino,045,87422,3,1,0,1,0
2020-03-24,Merced,047,269075,17,0,0,0,0
2020-03-24,Modoc,049,8938,0,0,0,0,0
2020-03-24,Mono,051,14174,21,1,0,1,0
2020-03-24,Monterey,053,433212,59,23,1,24,1
2020-03-24,Napa,055,140530,23,2,0,2,0
2020-03-24,Nevada,057,99092,30,4,1,5,0
2020-03-24,Orange,059,3164182,938,166,9,175,0
2020-03-24,Placer,061,380077,90,22,0,22,1
2020-03-24,Plumas,063,18699,0,1,0,1,0
2020-03-24,Riverside,065,2383286,746,56,12,68,5
2020-03-24,Sacramento,067,1510023,424,93,0,93,4
2020-03-24,San Benito,069,59416,26,4,0,4,1
2020-03-24,San Bernardino,071,2135413,363,27,0,27,0
2020-03-24,San Diego,073,3302833,1127,231,0,231,2
2020-03-24,San Francisco,075,870044,516,181,0,181,1
2020-03-24,San Joaquin,077,732212,164,52,3,55,2
2020-03-24,San Luis Obispo,079,281455,102,32,0,32,0
2020-03-24,San Mateo,081,765935,532,100,2,102,2
2020-03-24,Santa Barbara,083,443738,152,20,1,21,0
2020-03-24,Santa Clara,085,1922200,1120,389,2,391,17
2020-03-24,Santa Cruz,087,273765,63,22,0,22,0
2020-03-24,Shasta,089,179085,15,3,0,3,0
2020-03-24,Sierra,091,2930,0,0,0,0,0
2020-03-24,Siskiyou,093,43540,4,2,0,2,0
2020-03-24,Solano,095,438530,77,34,0,34,0
2020-03-24,Sonoma,097,501317,116,27,0,27,1
2020-03-24,Stanislaus,099,539301,63,13,3,16,0
2020-03-24,Sutter,101,95872,9,0,0,0,0
2020-03-24,Tehama,103,63373,1,0,0,0,0
2020-03-24,Trinity,105,12862,0,0,0,0,0
2020-03-24,Tulare,107,460477,77,10,3,13,0
2020-03-24,Tuolumne,109,53932,1,0,0,0,0
2020-03-24,Ventura,111,848112,213,44,0,44,1
2020-03-24,Yolo,113,214977,39,8,0,8,0
2020-03-24,Yuba,115,75493,7,2,0,2,0
2020-03-23,Alameda,001,1643700,468,88,1,89,1
2020-03-23,Alpine,003,1148,1,0,0,0,0
2020-03-23,Amador,005,37829,1,1,0,1,0
2020-03-23,Butte,007,227075,11,2,0,2,0
2020-03-23,Calaveras,009,45235,2,2,0,2,0
2020-03-23,Colusa,011,21464,1,0,0,0,0
2020-03-23,Contra Costa,013,1133247,334,91,0,91,2
2020-03-23,Del Norte,015,27424,0,0,0,0,0
2020-03-23,El Dorado,017,186661,25,3,0,3,0
2020-03-23,Fresno,019,978130,123,10,2,12,0
2020-03-23,Glenn,021,27897,2,0,0,0,0
2020-03-23,Humboldt,023,135768,30,2,0,2,0
2020-03-23,Imperial,025,180216,53,2,0,2,0
2020-03-23,Inyo,027,18085,3,0,0,0,0
2020-03-23,Kern,029,883053,130,5,0,5,0
2020-03-23,Kings,031,150075,25,0,1,1,0
2020-03-23,Lake,033,64148,0,0,0,0,0
2020-03-23,Lassen,035,31185,3,0,1,1,0
2020-03-23,Los Angeles,037,10098052,3377,389,11,400,4
2020-03-23,Madera,039,155013,36,4,0,4,0
2020-03-23,Marin,041,260295,79,30,0,30,0
2020-03-23,Mariposa,043,17540,0,0,0,0,0
2020-03-23,Mendocino,045,87422,3,1,0,1,0
2020-03-23,Merced,047,269075,11,0,0,0,0
2020-03-23,Modoc,049,8938,0,0,0,0,0
2020-03-23,Mono,051,14174,19,1,0,1,0
2020-03-23,Monterey,053,433212,54,14,1,15,1
2020-03-23,Napa,055,140530,21,1,0,1,0
2020-03-23,Nevada,057,99092,27,2,1,3,0
2020-03-23,Orange,059,3164182,883,138,7,145,0
2020-03-23,Placer,061,380077,87,19,0,19,1
2020-03-23,Plumas,063,18699,0,0,0,0,0
2020-03-23,Riverside,065,2383286,703,39,12,51,5
2020-03-23,Sacramento,067,1510023,391,87,0,87,4
2020-03-23,San Benito,069,59416,25,4,0,4,1
2020-03-23,San Bernardino,071,2135413,333,17,0,17,0
2020-03-23,San Diego,073,3302833,1068,178,0,178,1
2020-03-23,San Francisco,075,870044,487,152,0,152,0
2020-03-23,San Joaquin,077,732212,153,37,3,40,2
2020-03-23,San Luis Obispo,079,281455,96,23,0,23,0
2020-03-23,San Mateo,081,765935,494,88,2,90,1
2020-03-23,Santa Barbara,083,443738,134,18,1,19,0
2020-03-23,Santa Clara,085,1922200,1071,336,2,338,13
2020-03-23,Santa Cruz,087,273765,61,21,0,21,0
2020-03-23,Shasta,089,179085,13,2,0,2,0
2020-03-23,Sierra,091,2930,0,0,0,0,0
2020-03-23,Siskiyou,093,43540,4,2,0,2,0
2020-03-23,Solano,095,438530,73,33,0,33,0
2020-03-23,Sonoma,097,501317,104,19,0,19,1
2020-03-23,Stanislaus,099,539301,55,10,3,13,0
2020-03-23,Sutter,101,95872,9,0,0,0,0
2020-03-23,Tehama,103,63373,1,0,0,0,0
2020-03-23,Trinity,105,12862,0,0,0,0,0
2020-03-23,Tulare,107,460477,68,9,3,12,0
2020-03-23,Tuolumne,109,53932,1,0,0,0,0
2020-03-23,Ventura,111,848112,196,30,0,30,0
2020-03-23,Yolo,113,214977,38,8,0,8,0
2020-03-23,Yuba,115,75493,7,2,0,2,0
2020-03-22,Alameda,001,1643700,429,72,1,73,1
2020-03-22,Alpine,003,1148,1,0,0,0,0
2020-03-22,Amador,005,37829,1,1,0,1,0
2020-03-22,Butte,007,227075,8,1,0,1,0
2020-03-22,Calaveras,009,45235,2,2,0,2,0
2020-03-22,Colusa,011,21464,1,0,0,0,0
2020-03-22,Contra Costa,013,1133247,307,79,0,79,1
2020-03-22,Del Norte,015,27424,0,0,0,0,0
2020-03-22,El Dorado,017,186661,23,1,0,1,0
2020-03-22,Fresno,019,978130,103,8,2,10,0
2020-03-22,Glenn,021,27897,2,0,0,0,0
2020-03-22,Humboldt,023,135768,27,1,0,1,0
2020-03-22,Imperial,025,180216,51,2,0,2,0
2020-03-22,Inyo,027,18085,1,0,0,0,0
2020-03-22,Kern,029,883053,114,3,0,3,0
2020-03-22,Kings,031,150075,22,0,1,1,0
2020-03-22,Lake,033,64148,0,0,0,0,0
2020-03-22,Lassen,035,31185,3,0,1,1,0
2020-03-22,Los Angeles,037,10098052,3056,384,11,395,3
2020-03-22,Madera,039,155013,33,4,0,4,0
2020-03-22,Marin,041,260295,69,30,0,30,0
2020-03-22,Mariposa,043,17540,0,0,0,0,0
2020-03-22,Mendocino,045,87422,3,1,0,1,0
2020-03-22,Merced,047,269075,7,0,0,0,0
2020-03-22,Modoc,049,8938,0,0,0,0,0
2020-03-22,Mono,051,14174,14,1,0,1,0
2020-03-22,Monterey,053,433212,51,14,1,15,1
2020-03-22,Napa,055,140530,17,1,0,1,0
2020-03-22,Nevada,057,99092,23,2,1,3,0
2020-03-22,Orange,059,3164182,811,102,4,106,0
2020-03-22,Placer,061,380077,84,18,0,18,1
2020-03-22,Plumas,063,18699,0,0,0,0,0
2020-03-22,Riverside,065,2383286,613,26,8,34,5
2020-03-22,Sacramento,067,1510023,359,82,0,82,4
2020-03-22,San Benito,069,59416,20,4,0,4,1
2020-03-22,San Bernardino,071,2135413,290,16,0,16,0
2020-03-22,San Diego,073,3302833,980,161,0,161,0
2020-03-22,San Francisco,075,870044,450,134,0,134,0
2020-03-22,San Joaquin,077,732212,139,30,3,33,2
2020-03-22,San Luis Obispo,079,281455,89,19,0,19,0
2020-03-22,San Mateo,081,765935,461,82,2,84,1
2020-03-22,Santa Barbara,083,443738,120,16,1,17,0
2020-03-22,Santa Clara,085,1922200,1007,284,2,286,13
2020-03-22,Santa Cruz,087,273765,60,19,0,19,0
2020-03-22,Shasta,089,179085,13,1,0,1,0
2020-03-22,Sierra,091,2930,0,0,0,0,0
2020-03-22,Siskiyou,093,43540,4,2,0,2,0
2020-03-22,Solano,095,438530,64,30,0,30,0
2020-03-22,Sonoma,097,501317,99,18,0,18,1
2020-03-22,Stanislaus,099,539301,49,8,3,11,0
2020-03-22,Sutter,101,95872,8,0,0,0,0
2020-03-22,Tehama,103,63373,0,0,0,0,0
2020-03-22,Trinity,105,12862,0,0,0,0,0
2020-03-22,Tulare,107,460477,62,5,3,8,0
2020-03-22,Tuolumne,109,53932,1,0,0,0,0
2020-03-22,Ventura,111,848112,174,26,0,26,0
2020-03-22,Yolo,113,214977,32,6,0,6,0
2020-03-22,Yuba,115,75493,7,2,0,2,0
2020-03-21,Alameda,001,1643700,405,62,1,63,0
2020-03-21,Alpine,003,1148,1,0,0,0,0
2020-03-21,Amador,005,37829,1,1,0,1,0
2020-03-21,Butte,007,227075,7,1,0,1,0
2020-03-21,Calaveras,009,45235,2,2,0,2,0
2020-03-21,Colusa,011,21464,1,0,0,0,0
2020-03-21,Contra Costa,013,1133247,296,62,0,62,1
2020-03-21,Del Norte,015,27424,0,0,0,0,0
2020-03-21,El Dorado,017,186661,20,1,0,1,0
2020-03-21,Fresno,019,978130,99,8,2,10,0
2020-03-21,Glenn,021,27897,2,0,0,0,0
2020-03-21,Humboldt,023,135768,25,1,0,1,0
2020-03-21,Imperial,025,180216,47,2,0,2,0
2020-03-21,Inyo,027,18085,1,0,0,0,0
2020-03-21,Kern,029,883053,108,3,0,3,0
2020-03-21,Kings,031,150075,22,0,1,1,0
2020-03-21,Lake,033,64148,0,0,0,0,0
2020-03-21,Lassen,035,31185,3,0,1,1,0
2020-03-21,Los Angeles,037,10098052,2783,322,11,333,2
2020-03-21,Madera,039,155013,33,4,0,4,0
2020-03-21,Marin,041,260295,64,30,0,30,0
2020-03-21,Mariposa,043,17540,0,0,0,0,0
2020-03-21,Mendocino,045,87422,3,1,0,1,0
2020-03-21,Merced,047,269075,6,0,0,0,0
2020-03-21,Modoc,049,8938,0,0,0,0,0
2020-03-21,Mono,051,14174,14,1,0,1,0
2020-03-21,Monterey,053,433212,48,8,1,9,1
2020-03-21,Napa,055,140530,17,0,0,0,0
2020-03-21,Nevada,057,99092,23,2,1,3,0
2020-03-21,Orange,059,3164182,762,85,4,89,0
2020-03-21,Placer,061,380077,75,11,0,11,1
2020-03-21,Plumas,063,18699,0,0,0,0,0
2020-03-21,Riverside,065,2383286,566,20,8,28,3
2020-03-21,Sacramento,067,1510023,332,66,0,66,3
2020-03-21,San Benito,069,59416,18,4,0,4,1
2020-03-21,San Bernardino,071,2135413,270,13,0,13,0
2020-03-21,San Diego,073,3302833,903,121,0,121,0
2020-03-21,San Francisco,075,870044,414,106,0,106,0
2020-03-21,San Joaquin,077,732212,130,26,3,29,2
2020-03-21,San Luis Obispo,079,281455,84,16,0,16,0
2020-03-21,San Mateo,081,765935,423,78,2,80,1
2020-03-21,Santa Barbara,083,443738,109,8,1,9,0
2020-03-21,Santa Clara,085,1922200,946,269,2,271,10
2020-03-21,Santa Cruz,087,273765,58,17,0,17,0
2020-03-21,Shasta,089,179085,12,1,0,1,0
2020-03-21,Sierra,091,2930,0,0,0,0,0
2020-03-21,Siskiyou,093,43540,4,0,0,0,0
2020-03-21,Solano,095,438530,62,30,0,30,0
2020-03-21,Sonoma,097,501317,98,15,0,15,1
2020-03-21,Stanislaus,099,539301,43,7,3,10,0
2020-03-21,Sutter,101,95872,7,0,0,0,0
2020-03-21,Tehama,103,63373,0,0,0,0,0
2020-03-21,Trinity,105,12862,0,0,0,0,0
2020-03-21,Tulare,107,460477,54,5,3,8,0
2020-03-21,Tuolumne,109,53932,1,0,0,0,0
2020-03-21,Ventura,111,848112,166,22,0,22,0
2020-03-21,Yolo,113,214977,32,6,0,6,0
2020-03-21,Yuba,115,75493,7,1,0,1,0
2020-03-20,Alameda,001,1643700,384,42,1,43,0
2020-03-20,Alpine,003,1148,1,0,0,0,0
2020-03-20,Amador,005,37829,0,0,0,0,0
2020-03-20,Butte,007,227075,7,0,0,0,0
2020-03-20,Calaveras,009,45235,2,2,0,2,0
2020-03-20,Colusa,011,21464,1,0,0,0,0
2020-03-20,Contra Costa,013,1133247,266,52,0,52,1
2020-03-20,Del Norte,015,27424,0,0,0,0,0
2020-03-20,El Dorado,017,186661,19,1,0,1,0
2020-03-20,Fresno,019,978130,96,7,2,9,0
2020-03-20,Glenn,021,27897,1,0,0,0,0
2020-03-20,Humboldt,023,135768,25,1,0,1,0
2020-03-20,Imperial,025,180216,46,2,0,2,0
2020-03-20,Inyo,027,18085,0,0,0,0,0
2020-03-20,Kern,029,883053,93,3,0,3,0
2020-03-20,Kings,031,150075,21,0,1,1,0
2020-03-20,Lake,033,64148,0,0,0,0,0
2020-03-20,Lassen,035,31185,3,0,1,1,0
2020-03-20,Los Angeles,037,10098052,2557,267,10,277,1
2020-03-20,Madera,039,155013,32,4,0,4,0
2020-03-20,Marin,041,260295,61,30,0,30,0
2020-03-20,Mariposa,043,17540,0,0,0,0,0
2020-03-20,Mendocino,045,87422,3,1,0,1,0
2020-03-20,Merced,047,269075,6,0,0,0,0
2020-03-20,Modoc,049,8938,0,0,0,0,0
2020-03-20,Mono,051,14174,14,0,0,0,0
2020-03-20,Monterey,053,433212,47,4,1,5,0
2020-03-20,Napa,055,140530,16,0,0,0,0
2020-03-20,Nevada,057,99092,20,2,1,3,0
2020-03-20,Orange,059,3164182,715,71,4,75,2
2020-03-20,Placer,061,380077,69,9,0,9,1
2020-03-20,Plumas,063,18699,0,0,0,0,0
2020-03-20,Riverside,065,2383286,507,19,8,27,3
2020-03-20,Sacramento,067,1510023,311,56,0,56,4
2020-03-20,San Benito,069,59416,18,4,0,4,1
2020-03-20,San Bernardino,071,2135413,243,9,0,9,0
2020-03-20,San Diego,073,3302833,851,98,0,98,0
2020-03-20,San Francisco,075,870044,382,87,0,87,0
2020-03-20,San Joaquin,077,732212,115,18,3,21,2
2020-03-20,San Luis Obispo,079,281455,80,11,0,11,0
2020-03-20,San Mateo,081,765935,393,71,2,73,1
2020-03-20,Santa Barbara,083,443738,97,7,1,8,0
2020-03-20,Santa Clara,085,1922200,909,246,2,248,8
2020-03-20,Santa Cruz,087,273765,56,13,0,13,0
2020-03-20,Shasta,089,179085,11,1,0,1,0
2020-03-20,Sierra,091,2930,0,0,0,0,0
2020-03-20,Siskiyou,093,43540,4,0,0,0,0
2020-03-20,Solano,095,438530,58,29,0,29,0
2020-03-20,Sonoma,097,501317,90,7,0,7,0
2020-03-20,Stanislaus,099,539301,37,7,3,10,0
2020-03-20,Sutter,101,95872,7,0,0,0,0
2020-03-20,Tehama,103,63373,0,0,0,0,0
2020-03-20,Trinity,105,12862,0,0,0,0,0
2020-03-20,Tulare,107,460477,50,4,3,7,0
2020-03-20,Tuolumne,109,53932,1,0,0,0,0
2020-03-20,Ventura,111,848112,156,18,0,18,0
2020-03-20,Yolo,113,214977,30,5,0,5,0
2020-03-20,Yuba,115,75493,6,0,0,0,0
2020-03-19,Alameda,001,1643700,348,36,1,37,0
2020-03-19,Alpine,003,1148,1,0,0,0,0
2020-03-19,Amador,005,37829,0,0,0,0,0
2020-03-19,Butte,007,227075,5,0,0,0,0
2020-03-19,Calaveras,009,45235,2,2,0,2,0
2020-03-19,Colusa,011,21464,0,0,0,0,0
2020-03-19,Contra Costa,013,1133247,250,46,0,46,0
2020-03-19,Del Norte,015,27424,0,0,0,0,0
2020-03-19,El Dorado,017,186661,17,0,0,0,0
2020-03-19,Fresno,019,978130,87,6,2,8,0
2020-03-19,Glenn,021,27897,1,0,0,0,0
2020-03-19,Humboldt,023,135768,23,1,0,1,0
2020-03-19,Imperial,025,180216,39,2,0,2,0
2020-03-19,Inyo,027,18085,0,0,0,0,0
2020-03-19,Kern,029,883053,81,3,0,3,0
2020-03-19,Kings,031,150075,17,0,1,1,0
2020-03-19,Lake,033,64148,0,0,0,0,0
2020-03-19,Lassen,035,31185,2,0,1,1,0
2020-03-19,Los Angeles,037,10098052,2270,233,10,243,0
2020-03-19,Madera,039,155013,31,3,0,3,0
2020-03-19,Marin,041,260295,58,19,0,19,0
2020-03-19,Mariposa,043,17540,0,0,0,0,0
2020-03-19,Mendocino,045,87422,2,1,0,1,0
2020-03-19,Merced,047,269075,5,0,0,0,0
2020-03-19,Modoc,049,8938,0,0,0,0,0
2020-03-19,Mono,051,14174,12,0,0,0,0
2020-03-19,Monterey,053,433212,39,3,1,4,0
2020-03-19,Napa,055,140530,14,0,0,0,0
2020-03-19,Nevada,057,99092,18,2,1,3,0
2020-03-19,Orange,059,3164182,633,59,4,63,0
2020-03-19,Placer,061,380077,61,8,0,8,1
2020-03-19,Plumas,063,18699,0,0,0,0,0
2020-03-19,Riverside,065,2383286,396,14,6,20,3
2020-03-19,Sacramento,067,1510023,278,52,0,52,3
2020-03-19,San Benito,069,59416,15,3,0,3,0
2020-03-19,San Bernardino,071,2135413,213,7,0,7,0
2020-03-19,San Diego,073,3302833,768,68,0,68,0
2020-03-19,San Francisco,075,870044,346,80,0,80,0
2020-03-19,San Joaquin,077,732212,102,15,3,18,2
2020-03-19,San Luis Obispo,079,281455,77,6,0,6,0
2020-03-19,San Mateo,081,765935,358,58,2,60,1
2020-03-19,Santa Barbara,083,443738,85,5,0,5,0
2020-03-19,Santa Clara,085,1922200,842,183,2,185,8
2020-03-19,Santa Cruz,087,273765,53,13,0,13,0
2020-03-19,Shasta,089,179085,10,1,0,1,0
2020-03-19,Sierra,091,2930,0,0,0,0,0
2020-03-19,Siskiyou,093,43540,3,0,0,0,0
2020-03-19,Solano,095,438530,54,26,0,26,0
2020-03-19,Sonoma,097,501317,87,8,0,8,0
2020-03-19,Stanislaus,099,539301,36,7,3,10,0
2020-03-19,Sutter,101,95872,7,0,0,0,0
2020-03-19,Tehama,103,63373,0,0,0,0,0
2020-03-19,Trinity,105,12862,0,0,0,0,0
2020-03-19,Tulare,107,460477,44,3,3,6,0
2020-03-19,Tuolumne,109,53932,1,0,0,0,0
2020-03-19,Ventura,111,848112,134,15,0,15,0
2020-03-19,Yolo,113,214977,26,5,0,5,0
2020-03-19,Yuba,115,75493,5,0,0,0,0
2020-03-18,Alameda,001,1643700,320,29,1,30,0
2020-03-18,Alpine,003,1148,1,0,0,0,0
2020-03-18,Amador,005,37829,0,0,0,0,0
2020-03-18,Butte,007,227075,4,0,0,0,0
2020-03-18,Calaveras,009,45235,2,2,0,2,0
2020-03-18,Colusa,011,21464,0,0,0,0,0
2020-03-18,Contra Costa,013,1133247,228,44,0,44,0
2020-03-18,Del Norte,015,27424,0,0,0,0,0
2020-03-18,El Dorado,017,186661,16,0,0,0,0
2020-03-18,Fresno,019,978130,78,3,1,4,0
2020-03-18,Glenn,021,27897,1,0,0,0,0
2020-03-18,Humboldt,023,135768,19,1,0,1,0
2020-03-18,Imperial,025,180216,33,2,0,2,0
2020-03-18,Inyo,027,18085,0,0,0,0,0
2020-03-18,Kern,029,883053,66,1,0,1,0
2020-03-18,Kings,031,150075,15,0,1,1,0
2020-03-18,Lake,033,64148,0,0,0,0,0
2020-03-18,Lassen,035,31185,1,0,1,1,0
2020-03-18,Los Angeles,037,10098052,2031,47,10,57,0
2020-03-18,Madera,039,155013,30,2,0,2,0
2020-03-18,Marin,041,260295,53,10,0,10,0
2020-03-18,Mariposa,043,17540,0,0,0,0,0
2020-03-18,Mendocino,045,87422,2,0,0,0,0
2020-03-18,Merced,047,269075,5,0,0,0,0
2020-03-18,Modoc,049,8938,0,0,0,0,0
2020-03-18,Mono,051,14174,11,0,0,0,0
2020-03-18,Monterey,053,433212,31,1,0,1,0
2020-03-18,Napa,055,140530,11,0,0,0,0
2020-03-18,Nevada,057,99092,16,2,1,3,0
2020-03-18,Orange,059,3164182,576,38,4,42,0
2020-03-18,Placer,061,380077,54,8,0,8,1
2020-03-18,Plumas,063,18699,0,0,0,0,0
2020-03-18,Riverside,065,2383286,333,11,5,16,2
2020-03-18,Sacramento,067,1510023,255,46,0,46,3
2020-03-18,San Benito,069,59416,14,3,0,3,0
2020-03-18,San Bernardino,071,2135413,191,3,0,3,0
2020-03-18,San Diego,073,3302833,683,40,0,40,0
2020-03-18,San Francisco,075,870044,327,65,0,65,0
2020-03-18,San Joaquin,077,732212,90,14,3,17,2
2020-03-18,San Luis Obispo,079,281455,70,5,0,5,0
2020-03-18,San Mateo,081,765935,337,57,2,59,1
2020-03-18,Santa Barbara,083,443738,77,2,0,2,0
2020-03-18,Santa Clara,085,1922200,791,151,2,153,6
2020-03-18,Santa Cruz,087,273765,51,11,0,11,0
2020-03-18,Shasta,089,179085,9,1,0,1,0
2020-03-18,Sierra,091,2930,0,0,0,0,0
2020-03-18,Siskiyou,093,43540,3,0,0,0,0
2020-03-18,Solano,095,438530,50,26,0,26,0
2020-03-18,Sonoma,097,501317,78,6,0,6,0
2020-03-18,Stanislaus,099,539301,32,5,2,7,0
2020-03-18,Sutter,101,95872,5,0,0,0,0
2020-03-18,Tehama,103,63373,0,0,0,0,0
2020-03-18,Trinity,105,12862,0,0,0,0,0
2020-03-18,Tulare,107,460477,34,3,3,6,0
2020-03-18,Tuolumne,109,53932,1,0,0,0,0
2020-03-18,Ventura,111,848112,115,11,0,11,0
2020-03-18,Yolo,113,214977,23,4,0,4,0
2020-03-18,Yuba,115,75493,4,0,0,0,0
2020-03-17,Alameda,001,1643700,288,19,0,19,0
2020-03-17,Alpine,003,1148,0,0,0,0,0
2020-03-17,Amador,005,37829,0,0,0,0,0
2020-03-17,Butte,007,227075,4,0,0,0,0
2020-03-17,Calaveras,009,45235,2,2,0,2,0
2020-03-17,Colusa,011,21464,0,0,0,0,0
2020-03-17,Contra Costa,013,1133247,206,37,0,37,0
2020-03-17,Del Norte,015,27424,0,0,0,0,0
2020-03-17,El Dorado,017,186661,15,0,0,0,0
2020-03-17,Fresno,019,978130,68,2,1,3,0
2020-03-17,Glenn,021,27897,1,0,0,0,0
2020-03-17,Humboldt,023,135768,17,1,0,1,0
2020-03-17,Imperial,025,180216,27,2,0,2,0
2020-03-17,Inyo,027,18085,0,0,0,0,0
2020-03-17,Kern,029,883053,52,0,0,0,0
2020-03-17,Kings,031,150075,12,0,1,1,0
2020-03-17,Lake,033,64148,0,0,0,0,0
2020-03-17,Lassen,035,31185,1,0,1,1,0
2020-03-17,Los Angeles,037,10098052,1831,41,10,51,0
2020-03-17,Madera,039,155013,22,2,0,2,0
2020-03-17,Marin,041,260295,46,4,0,4,0
2020-03-17,Mariposa,043,17540,0,0,0,0,0
2020-03-17,Mendocino,045,87422,2,0,0,0,0
2020-03-17,Merced,047,269075,5,0,0,0,0
2020-03-17,Modoc,049,8938,0,0,0,0,0
2020-03-17,Mono,051,14174,9,0,0,0,0
2020-03-17,Monterey,053,433212,29,0,0,0,0
2020-03-17,Napa,055,140530,8,0,0,0,0
2020-03-17,Nevada,057,99092,15,1,1,2,0
2020-03-17,Orange,059,3164182,498,24,3,27,0
2020-03-17,Placer,061,380077,44,7,0,7,1
2020-03-17,Plumas,063,18699,0,0,0,0,0
2020-03-17,Riverside,065,2383286,271,11,5,16,0
2020-03-17,Sacramento,067,1510023,235,36,0,36,1
2020-03-17,San Benito,069,59416,12,2,0,2,0
2020-03-17,San Bernardino,071,2135413,163,2,0,2,0
2020-03-17,San Diego,073,3302833,616,17,0,17,0
2020-03-17,San Francisco,075,870044,300,46,0,46,0
2020-03-17,San Joaquin,077,732212,84,11,3,14,0
2020-03-17,San Luis Obispo,079,281455,62,1,0,1,0
2020-03-17,San Mateo,081,765935,305,46,2,48,1
2020-03-17,Santa Barbara,083,443738,65,0,0,0,0
2020-03-17,Santa Clara,085,1922200,733,121,2,123,4
2020-03-17,Santa Cruz,087,273765,48,10,0,10,0
2020-03-17,Shasta,089,179085,5,1,0,1,0
2020-03-17,Sierra,091,2930,0,0,0,0,0
2020-03-17,Siskiyou,093,43540,3,0,0,0,0
2020-03-17,Solano,095,438530,47,27,0,27,0
2020-03-17,Sonoma,097,501317,70,4,0,4,0
2020-03-17,Stanislaus,099,539301,29,4,2,6,0
2020-03-17,Sutter,101,95872,5,0,0,0,0
2020-03-17,Tehama,103,63373,0,0,0,0,0
2020-03-17,Trinity,105,12862,0,0,0,0,0
2020-03-17,Tulare,107,460477,29,2,3,5,0
2020-03-17,Tuolumne,109,53932,1,0,0,0,0
2020-03-17,Ventura,111,848112,98,7,0,7,0
2020-03-17,Yolo,113,214977,19,2,0,2,0
2020-03-17,Yuba,115,75493,4,0,0,0,0
2020-03-16,Alameda,001,1643700,260,17,0,17,0
2020-03-16,Alpine,003,1148,0,0,0,0,0
2020-03-16,Amador,005,37829,0,0,0,0,0
2020-03-16,Butte,007,227075,3,0,0,0,0
2020-03-16,Calaveras,009,45235,2,2,0,2,0
2020-03-16,Colusa,011,21464,0,0,0,0,0
2020-03-16,Contra Costa,013,1133247,184,36,0,36,0
2020-03-16,Del Norte,015,27424,0,0,0,0,0
2020-03-16,El Dorado,017,186661,14,0,0,0,0
2020-03-16,Fresno,019,978130,53,2,1,3,0
2020-03-16,Glenn,021,27897,0,0,0,0,0
2020-03-16,Humboldt,023,135768,13,1,0,1,0
2020-03-16,Imperial,025,180216,22,2,0,2,0
2020-03-16,Inyo,027,18085,0,0,0,0,0
2020-03-16,Kern,029,883053,43,0,0,0,0
2020-03-16,Kings,031,150075,11,0,1,1,0
2020-03-16,Lake,033,64148,0,0,0,0,0
2020-03-16,Lassen,035,31185,1,0,0,0,0
2020-03-16,Los Angeles,037,10098052,1596,43,10,53,0
2020-03-16,Madera,039,155013,21,2,0,2,0
2020-03-16,Marin,041,260295,43,4,0,4,0
2020-03-16,Mariposa,043,17540,0,0,0,0,0
2020-03-16,Mendocino,045,87422,2,0,0,0,0
2020-03-16,Merced,047,269075,5,0,0,0,0
2020-03-16,Modoc,049,8938,0,0,0,0,0
2020-03-16,Mono,051,14174,7,0,0,0,0
2020-03-16,Monterey,053,433212,28,0,0,0,0
2020-03-16,Napa,055,140530,7,0,0,0,0
2020-03-16,Nevada,057,99092,11,1,1,2,0
2020-03-16,Orange,059,3164182,415,18,3,21,0
2020-03-16,Placer,061,380077,36,7,0,7,1
2020-03-16,Plumas,063,18699,0,0,0,0,0
2020-03-16,Riverside,065,2383286,235,10,5,15,0
2020-03-16,Sacramento,067,1510023,208,34,0,34,1
2020-03-16,San Benito,069,59416,8,2,0,2,0
2020-03-16,San Bernardino,071,2135413,143,1,0,1,0
2020-03-16,San Diego,073,3302833,525,17,0,17,0
2020-03-16,San Francisco,075,870044,262,40,0,40,0
2020-03-16,San Joaquin,077,732212,74,9,3,12,0
2020-03-16,San Luis Obispo,079,281455,55,1,0,1,0
2020-03-16,San Mateo,081,765935,269,42,2,44,1
2020-03-16,Santa Barbara,083,443738,55,0,0,0,0
2020-03-16,Santa Clara,085,1922200,657,115,1,116,2
2020-03-16,Santa Cruz,087,273765,44,9,0,9,0
2020-03-16,Shasta,089,179085,5,1,0,1,0
2020-03-16,Sierra,091,2930,0,0,0,0,0
2020-03-16,Siskiyou,093,43540,2,0,0,0,0
2020-03-16,Solano,095,438530,43,27,0,27,0
2020-03-16,Sonoma,097,501317,63,4,0,4,0
2020-03-16,Stanislaus,099,539301,26,2,2,4,0
2020-03-16,Sutter,101,95872,3,0,0,0,0
2020-03-16,Tehama,103,63373,0,0,0,0,0
2020-03-16,Trinity,105,12862,0,0,0,0,0
2020-03-16,Tulare,107,460477,25,2,3,5,0
2020-03-16,Tuolumne,109,53932,1,0,0,0,0
2020-03-16,Ventura,111,848112,88,7,0,7,0
2020-03-16,Yolo,113,214977,18,2,0,2,0
2020-03-16,Yuba,115,75493,3,0,0,0,0
2020-03-15,Alameda,001,1643700,214,17,0,17,0
2020-03-15,Alpine,003,1148,0,0,0,0,0
2020-03-15,Amador,005,37829,0,0,0,0,0
2020-03-15,Butte,007,227075,3,0,0,0,0
2020-03-15,Calaveras,009,45235,2,2,0,2,0
2020-03-15,Colusa,011,21464,0,0,0,0,0
2020-03-15,Contra Costa,013,1133247,161,34,0,34,0
2020-03-15,Del Norte,015,27424,0,0,0,0,0
2020-03-15,El Dorado,017,186661,13,0,0,0,0
2020-03-15,Fresno,019,978130,33,1,1,2,0
2020-03-15,Glenn,021,27897,0,0,0,0,0
2020-03-15,Humboldt,023,135768,11,1,0,1,0
2020-03-15,Imperial,025,180216,17,2,0,2,0
2020-03-15,Inyo,027,18085,0,0,0,0,0
2020-03-15,Kern,029,883053,37,0,0,0,0
2020-03-15,Kings,031,150075,11,0,1,1,0
2020-03-15,Lake,033,64148,0,0,0,0,0
2020-03-15,Lassen,035,31185,1,0,0,0,0
2020-03-15,Los Angeles,037,10098052,1356,41,10,51,0
2020-03-15,Madera,039,155013,20,2,0,2,0
2020-03-15,Marin,041,260295,37,3,0,3,0
2020-03-15,Mariposa,043,17540,0,0,0,0,0
2020-03-15,Mendocino,045,87422,2,0,0,0,0
2020-03-15,Merced,047,269075,3,0,0,0,0
2020-03-15,Modoc,049,8938,0,0,0,0,0
2020-03-15,Mono,051,14174,6,0,0,0,0
2020-03-15,Monterey,053,433212,21,0,0,0,0
2020-03-15,Napa,055,140530,7,0,0,0,0
2020-03-15,Nevada,057,99092,11,0,1,1,0
2020-03-15,Orange,059,3164182,347,16,1,17,0
2020-03-15,Placer,061,380077,31,7,0,7,1
2020-03-15,Plumas,063,18699,0,0,0,0,0
2020-03-15,Riverside,065,2383286,183,10,5,15,0
2020-03-15,Sacramento,067,1510023,172,30,0,30,1
2020-03-15,San Benito,069,59416,8,2,0,2,0
2020-03-15,San Bernardino,071,2135413,121,0,0,0,0
2020-03-15,San Diego,073,3302833,438,16,0,16,0
2020-03-15,San Francisco,075,870044,206,31,0,31,0
2020-03-15,San Joaquin,077,732212,63,6,3,9,0
2020-03-15,San Luis Obispo,079,281455,45,1,0,1,0
2020-03-15,San Mateo,081,765935,236,29,1,30,1
2020-03-15,Santa Barbara,083,443738,46,0,0,0,0
2020-03-15,Santa Clara,085,1922200,585,79,1,80,2
2020-03-15,Santa Cruz,087,273765,38,8,0,8,0
2020-03-15,Shasta,089,179085,5,1,0,1,0
2020-03-15,Sierra,091,2930,0,0,0,0,0
2020-03-15,Siskiyou,093,43540,2,0,0,0,0
2020-03-15,Solano,095,438530,42,26,0,26,0
2020-03-15,Sonoma,097,501317,54,4,0,4,0
2020-03-15,Stanislaus,099,539301,26,2,2,4,0
2020-03-15,Sutter,101,95872,2,0,0,0,0
2020-03-15,Tehama,103,63373,0,0,0,0,0
2020-03-15,Trinity,105,12862,0,0,0,0,0
2020-03-15,Tulare,107,460477,19,2,3,5,0
2020-03-15,Tuolumne,109,53932,1,0,0,0,0
2020-03-15,Ventura,111,848112,77,5,0,5,0
2020-03-15,Yolo,113,214977,15,2,0,2,0
2020-03-15,Yuba,115,75493,2,0,0,0,0
2020-03-14,Alameda,001,1643700,195,11,0,11,0
2020-03-14,Alpine,003,1148,0,0,0,0,0
2020-03-14,Amador,005,37829,0,0,0,0,0
2020-03-14,Butte,007,227075,2,0,0,0,0
2020-03-14,Calaveras,009,45235,2,2,0,2,0
2020-03-14,Colusa,011,21464,0,0,0,0,0
2020-03-14,Contra Costa,013,1133247,139,30,0,30,0
2020-03-14,Del Norte,015,27424,0,0,0,0,0
2020-03-14,El Dorado,017,186661,11,0,0,0,0
2020-03-14,Fresno,019,978130,25,1,1,2,0
2020-03-14,Glenn,021,27897,0,0,0,0,0
2020-03-14,Humboldt,023,135768,7,1,0,1,0
2020-03-14,Imperial,025,180216,13,2,0,2,0
2020-03-14,Inyo,027,18085,0,0,0,0,0
2020-03-14,Kern,029,883053,32,0,0,0,0
2020-03-14,Kings,031,150075,11,0,1,1,0
2020-03-14,Lake,033,64148,0,0,0,0,0
2020-03-14,Lassen,035,31185,1,0,0,0,0
2020-03-14,Los Angeles,037,10098052,1178,35,10,45,0
2020-03-14,Madera,039,155013,19,2,0,2,0
2020-03-14,Marin,041,260295,36,3,0,3,0
2020-03-14,Mariposa,043,17540,0,0,0,0,0
2020-03-14,Mendocino,045,87422,2,0,0,0,0
2020-03-14,Merced,047,269075,3,0,0,0,0
2020-03-14,Modoc,049,8938,0,0,0,0,0
2020-03-14,Mono,051,14174,5,0,0,0,0
2020-03-14,Monterey,053,433212,15,0,0,0,0
2020-03-14,Napa,055,140530,5,0,0,0,0
2020-03-14,Nevada,057,99092,8,0,1,1,0
2020-03-14,Orange,059,3164182,308,14,0,14,0
2020-03-14,Placer,061,380077,28,6,0,6,1
2020-03-14,Plumas,063,18699,0,0,0,0,0
2020-03-14,Riverside,065,2383286,163,10,5,15,0
2020-03-14,Sacramento,067,1510023,151,31,0,31,1
2020-03-14,San Benito,069,59416,8,2,0,2,0
2020-03-14,San Bernardino,071,2135413,102,0,0,0,0
2020-03-14,San Diego,073,3302833,363,10,0,10,0
2020-03-14,San Francisco,075,870044,185,29,0,29,0
2020-03-14,San Joaquin,077,732212,54,6,3,9,0
2020-03-14,San Luis Obispo,079,281455,40,0,0,0,0
2020-03-14,San Mateo,081,765935,213,27,1,28,0
2020-03-14,Santa Barbara,083,443738,37,0,0,0,0
2020-03-14,Santa Clara,085,1922200,529,62,1,63,2
2020-03-14,Santa Cruz,087,273765,33,8,0,8,0
2020-03-14,Shasta,089,179085,5,1,0,1,0
2020-03-14,Sierra,091,2930,0,0,0,0,0
2020-03-14,Siskiyou,093,43540,1,0,0,0,0
2020-03-14,Solano,095,438530,40,26,0,26,0
2020-03-14,Sonoma,097,501317,41,2,0,2,0
2020-03-14,Stanislaus,099,539301,22,2,2,4,0
2020-03-14,Sutter,101,95872,2,0,0,0,0
2020-03-14,Tehama,103,63373,0,0,0,0,0
2020-03-14,Trinity,105,12862,0,0,0,0,0
2020-03-14,Tulare,107,460477,17,2,2,4,0
2020-03-14,Tuolumne,109,53932,1,0,0,0,0
2020-03-14,Ventura,111,848112,68,5,0,5,0
2020-03-14,Yolo,113,214977,15,2,0,2,0
2020-03-14,Yuba,115,75493,1,0,0,0,0
2020-03-13,Alameda,001,1643700,176,12,0,12,0
2020-03-13,Alpine,003,1148,0,0,0,0,0
2020-03-13,Amador,005,37829,0,0,0,0,0
2020-03-13,Butte,007,227075,0,0,0,0,0
2020-03-13,Calaveras,009,45235,2,2,0,2,0
2020-03-13,Colusa,011,21464,0,0,0,0,0
2020-03-13,Contra Costa,013,1133247,126,22,0,22,0
2020-03-13,Del Norte,015,27424,0,0,0,0,0
2020-03-13,El Dorado,017,186661,10,0,0,0,0
2020-03-13,Fresno,019,978130,20,1,1,2,0
2020-03-13,Glenn,021,27897,0,0,0,0,0
2020-03-13,Humboldt,023,135768,7,1,0,1,0
2020-03-13,Imperial,025,180216,12,2,0,2,0
2020-03-13,Inyo,027,18085,0,0,0,0,0
2020-03-13,Kern,029,883053,27,0,0,0,0
2020-03-13,Kings,031,150075,10,0,1,1,0
2020-03-13,Lake,033,64148,0,0,0,0,0
2020-03-13,Lassen,035,31185,1,0,0,0,0
2020-03-13,Los Angeles,037,10098052,1025,30,9,39,0
2020-03-13,Madera,039,155013,18,1,0,1,0
2020-03-13,Marin,041,260295,34,3,0,3,0
2020-03-13,Mariposa,043,17540,0,0,0,0,0
2020-03-13,Mendocino,045,87422,2,0,0,0,0
2020-03-13,Merced,047,269075,2,0,0,0,0
2020-03-13,Modoc,049,8938,0,0,0,0,0
2020-03-13,Mono,051,14174,3,0,0,0,0
2020-03-13,Monterey,053,433212,10,0,0,0,0
2020-03-13,Napa,055,140530,3,0,0,0,0
2020-03-13,Nevada,057,99092,7,0,1,1,0
2020-03-13,Orange,059,3164182,268,10,0,10,0
2020-03-13,Placer,061,380077,27,6,0,6,1
2020-03-13,Plumas,063,18699,0,0,0,0,0
2020-03-13,Riverside,065,2383286,133,5,4,9,0
2020-03-13,Sacramento,067,1510023,129,18,0,18,1
2020-03-13,San Benito,069,59416,6,2,0,2,0
2020-03-13,San Bernardino,071,2135413,95,0,0,0,0
2020-03-13,San Diego,073,3302833,313,8,0,8,0
2020-03-13,San Francisco,075,870044,171,28,0,28,0
2020-03-13,San Joaquin,077,732212,50,6,3,9,0
2020-03-13,San Luis Obispo,079,281455,33,0,0,0,0
2020-03-13,San Mateo,081,765935,192,24,1,25,0
2020-03-13,Santa Barbara,083,443738,33,0,0,0,0
2020-03-13,Santa Clara,085,1922200,467,59,1,60,1
2020-03-13,Santa Cruz,087,273765,32,7,0,7,0
2020-03-13,Shasta,089,179085,3,1,0,1,0
2020-03-13,Sierra,091,2930,0,0,0,0,0
2020-03-13,Siskiyou,093,43540,0,0,0,0,0
2020-03-13,Solano,095,438530,39,26,0,26,0
2020-03-13,Sonoma,097,501317,40,2,0,2,0
2020-03-13,Stanislaus,099,539301,17,2,2,4,0
2020-03-13,Sutter,101,95872,2,0,0,0,0
2020-03-13,Tehama,103,63373,0,0,0,0,0
2020-03-13,Trinity,105,12862,0,0,0,0,0
2020-03-13,Tulare,107,460477,14,2,2,4,0
2020-03-13,Tuolumne,109,53932,1,0,0,0,0
2020-03-13,Ventura,111,848112,54,5,0,5,0
2020-03-13,Yolo,113,214977,15,1,0,1,0
2020-03-13,Yuba,115,75493,1,0,0,0,0
2020-03-12,Alameda,001,1643700,151,9,0,9,0
2020-03-12,Alpine,003,1148,0,0,0,0,0
2020-03-12,Amador,005,37829,0,0,0,0,0
2020-03-12,Butte,007,227075,0,0,0,0,0
2020-03-12,Calaveras,009,45235,2,2,0,2,0
2020-03-12,Colusa,011,21464,0,0,0,0,0
2020-03-12,Contra Costa,013,1133247,109,18,0,18,0
2020-03-12,Del Norte,015,27424,0,0,0,0,0
2020-03-12,El Dorado,017,186661,8,0,0,0,0
2020-03-12,Fresno,019,978130,12,1,1,2,0
2020-03-12,Glenn,021,27897,0,0,0,0,0
2020-03-12,Humboldt,023,135768,6,1,0,1,0
2020-03-12,Imperial,025,180216,11,2,0,2,0
2020-03-12,Inyo,027,18085,0,0,0,0,0
2020-03-12,Kern,029,883053,18,0,0,0,0
2020-03-12,Kings,031,150075,7,0,1,1,0
2020-03-12,Lake,033,64148,0,0,0,0,0
2020-03-12,Lassen,035,31185,1,0,0,0,0
2020-03-12,Los Angeles,037,10098052,866,30,9,39,0
2020-03-12,Madera,039,155013,15,1,0,1,0
2020-03-12,Marin,041,260295,24,1,0,1,0
2020-03-12,Mariposa,043,17540,0,0,0,0,0
2020-03-12,Mendocino,045,87422,2,0,0,0,0
2020-03-12,Merced,047,269075,2,0,0,0,0
2020-03-12,Modoc,049,8938,0,0,0,0,0
2020-03-12,Mono,051,14174,3,0,0,0,0
2020-03-12,Monterey,053,433212,8,0,0,0,0
2020-03-12,Napa,055,140530,3,0,0,0,0
2020-03-12,Nevada,057,99092,4,0,1,1,0
2020-03-12,Orange,059,3164182,231,7,0,7,0
2020-03-12,Placer,061,380077,23,6,0,6,1
2020-03-12,Plumas,063,18699,0,0,0,0,0
2020-03-12,Riverside,065,2383286,107,5,2,7,0
2020-03-12,Sacramento,067,1510023,105,17,0,17,1
2020-03-12,San Benito,069,59416,5,2,0,2,0
2020-03-12,San Bernardino,071,2135413,79,0,0,0,0
2020-03-12,San Diego,073,3302833,258,9,0,9,0
2020-03-12,San Francisco,075,870044,147,20,0,20,0
2020-03-12,San Joaquin,077,732212,44,3,3,6,1
2020-03-12,San Luis Obispo,079,281455,26,0,0,0,0
2020-03-12,San Mateo,081,765935,158,21,1,22,0
2020-03-12,Santa Barbara,083,443738,22,0,0,0,0
2020-03-12,Santa Clara,085,1922200,409,51,1,52,1
2020-03-12,Santa Cruz,087,273765,29,5,0,5,0
2020-03-12,Shasta,089,179085,2,1,0,1,0
2020-03-12,Sierra,091,2930,0,0,0,0,0
2020-03-12,Siskiyou,093,43540,0,0,0,0,0
2020-03-12,Solano,095,438530,34,26,0,26,0
2020-03-12,Sonoma,097,501317,34,2,0,2,0
2020-03-12,Stanislaus,099,539301,15,2,2,4,0
2020-03-12,Sutter,101,95872,0,0,0,0,0
2020-03-12,Tehama,103,63373,0,0,0,0,0
2020-03-12,Trinity,105,12862,0,0,0,0,0
2020-03-12,Tulare,107,460477,12,1,1,2,0
2020-03-12,Tuolumne,109,53932,1,0,0,0,0
2020-03-12,Ventura,111,848112,45,3,0,3,0
2020-03-12,Yolo,113,214977,14,1,0,1,0
2020-03-12,Yuba,115,75493,1,0,0,0,0
2020-03-11,Alameda,001,1643700,120,5,0,5,0
2020-03-11,Alpine,003,1148,0,0,0,0,0
2020-03-11,Amador,005,37829,0,0,0,0,0
2020-03-11,Butte,007,227075,0,0,0,0,0
2020-03-11,Calaveras,009,45235,2,2,0,2,0
2020-03-11,Colusa,011,21464,0,0,0,0,0
2020-03-11,Contra Costa,013,1133247,94,16,0,16,0
2020-03-11,Del Norte,015,27424,0,0,0,0,0
2020-03-11,El Dorado,017,186661,7,0,0,0,0
2020-03-11,Fresno,019,978130,9,1,1,2,0
2020-03-11,Glenn,021,27897,0,0,0,0,0
2020-03-11,Humboldt,023,135768,6,1,0,1,0
2020-03-11,Imperial,025,180216,9,0,0,0,0
2020-03-11,Inyo,027,18085,0,0,0,0,0
2020-03-11,Kern,029,883053,16,0,0,0,0
2020-03-11,Kings,031,150075,5,0,1,1,0
2020-03-11,Lake,033,64148,0,0,0,0,0
2020-03-11,Lassen,035,31185,1,0,0,0,0
2020-03-11,Los Angeles,037,10098052,698,21,9,30,0
2020-03-11,Madera,039,155013,12,1,0,1,0
2020-03-11,Marin,041,260295,17,1,0,1,0
2020-03-11,Mariposa,043,17540,0,0,0,0,0
2020-03-11,Mendocino,045,87422,1,0,0,0,0
2020-03-11,Merced,047,269075,2,0,0,0,0
2020-03-11,Modoc,049,8938,0,0,0,0,0
2020-03-11,Mono,051,14174,3,0,0,0,0
2020-03-11,Monterey,053,433212,7,0,0,0,0
2020-03-11,Napa,055,140530,2,0,0,0,0
2020-03-11,Nevada,057,99092,4,0,1,1,0
2020-03-11,Orange,059,3164182,202,6,0,6,0
2020-03-11,Placer,061,380077,18,6,0,6,1
2020-03-11,Plumas,063,18699,0,0,0,0,0
2020-03-11,Riverside,065,2383286,81,4,1,5,0
2020-03-11,Sacramento,067,1510023,87,9,0,9,1
2020-03-11,San Benito,069,59416,5,2,0,2,0
2020-03-11,San Bernardino,071,2135413,72,0,0,0,0
2020-03-11,San Diego,073,3302833,208,4,0,4,0
2020-03-11,San Francisco,075,870044,124,17,0,17,0
2020-03-11,San Joaquin,077,732212,33,1,3,4,0
2020-03-11,San Luis Obispo,079,281455,23,0,0,0,0
2020-03-11,San Mateo,081,765935,140,16,0,16,0
2020-03-11,Santa Barbara,083,443738,13,0,0,0,0
2020-03-11,Santa Clara,085,1922200,369,48,1,49,1
2020-03-11,Santa Cruz,087,273765,26,2,0,2,0
2020-03-11,Shasta,089,179085,2,1,0,1,0
2020-03-11,Sierra,091,2930,0,0,0,0,0
2020-03-11,Siskiyou,093,43540,0,0,0,0,0
2020-03-11,Solano,095,438530,29,26,0,26,0
2020-03-11,Sonoma,097,501317,30,2,0,2,0
2020-03-11,Stanislaus,099,539301,15,2,2,4,0
2020-03-11,Sutter,101,95872,0,0,0,0,0
2020-03-11,Tehama,103,63373,0,0,0,0,0
2020-03-11,Trinity,105,12862,0,0,0,0,0
2020-03-11,Tulare,107,460477,10,0,1,1,0
2020-03-11,Tuolumne,109,53932,1,0,0,0,0
2020-03-11,Ventura,111,848112,37,3,0,3,0
2020-03-11,Yolo,113,214977,10,1,0,1,0
2020-03-11,Yuba,115,75493,1,0,0,0,0
2020-03-10,Alameda,001,1643700,98,4,0,4,0
2020-03-10,Alpine,003,1148,0,0,0,0,0
2020-03-10,Amador,005,37829,0,0,0,0,0
2020-03-10,Butte,007,227075,0,0,0,0,0
2020-03-10,Calaveras,009,45235,2,2,0,2,0
2020-03-10,Colusa,011,21464,0,0,0,0,0
2020-03-10,Contra Costa,013,1133247,85,11,0,11,0
2020-03-10,Del Norte,015,27424,0,0,0,0,0
2020-03-10,El Dorado,017,186661,6,0,0,0,0
2020-03-10,Fresno,019,978130,7,1,1,2,0
2020-03-10,Glenn,021,27897,0,0,0,0,0
2020-03-10,Humboldt,023,135768,6,1,0,1,0
2020-03-10,Imperial,025,180216,8,0,0,0,0
2020-03-10,Inyo,027,18085,0,0,0,0,0
2020-03-10,Kern,029,883053,11,0,0,0,0
2020-03-10,Kings,031,150075,5,0,1,1,0
2020-03-10,Lake,033,64148,0,0,0,0,0
2020-03-10,Lassen,035,31185,1,0,0,0,0
2020-03-10,Los Angeles,037,10098052,562,20,9,29,0
2020-03-10,Madera,039,155013,7,1,0,1,0
2020-03-10,Marin,041,260295,16,1,0,1,0
2020-03-10,Mariposa,043,17540,0,0,0,0,0
2020-03-10,Mendocino,045,87422,0,0,0,0,0
2020-03-10,Merced,047,269075,2,0,0,0,0
2020-03-10,Modoc,049,8938,0,0,0,0,0
2020-03-10,Mono,051,14174,3,0,0,0,0
2020-03-10,Monterey,053,433212,5,0,0,0,0
2020-03-10,Napa,055,140530,2,0,0,0,0
2020-03-10,Nevada,057,99092,3,0,1,1,0
2020-03-10,Orange,059,3164182,182,5,0,5,1
2020-03-10,Placer,061,380077,14,7,0,7,1
2020-03-10,Plumas,063,18699,0,0,0,0,0
2020-03-10,Riverside,065,2383286,59,4,1,5,0
2020-03-10,Sacramento,067,1510023,78,8,0,8,0
2020-03-10,San Benito,069,59416,5,2,0,2,0
2020-03-10,San Bernardino,071,2135413,64,0,0,0,0
2020-03-10,San Diego,073,3302833,165,3,0,3,0
2020-03-10,San Francisco,075,870044,92,16,0,16,0
2020-03-10,San Joaquin,077,732212,30,1,3,4,0
2020-03-10,San Luis Obispo,079,281455,15,0,0,0,0
2020-03-10,San Mateo,081,765935,124,11,0,11,0
2020-03-10,Santa Barbara,083,443738,10,0,0,0,0
2020-03-10,Santa Clara,085,1922200,321,45,1,46,1
2020-03-10,Santa Cruz,087,273765,22,2,0,2,0
2020-03-10,Shasta,089,179085,2,1,0,1,0
2020-03-10,Sierra,091,2930,0,0,0,0,0
2020-03-10,Siskiyou,093,43540,0,0,0,0,0
2020-03-10,Solano,095,438530,27,26,0,26,0
2020-03-10,Sonoma,097,501317,27,2,0,2,0
2020-03-10,Stanislaus,099,539301,11,0,2,2,0
2020-03-10,Sutter,101,95872,0,0,0,0,0
2020-03-10,Tehama,103,63373,0,0,0,0,0
2020-03-10,Trinity,105,12862,0,0,0,0,0
2020-03-10,Tulare,107,460477,9,0,1,1,0
2020-03-10,Tuolumne,109,53932,1,0,0,0,0
2020-03-10,Ventura,111,848112,29,1,0,1,0
2020-03-10,Yolo,113,214977,7,2,0,2,0
2020-03-10,Yuba,115,75493,1,0,0,0,0
2020-03-09,Alameda,001,1643700,70,4,0,4,0
2020-03-09,Alpine,003,1148,0,0,0,0,0
2020-03-09,Amador,005,37829,0,0,0,0,0
2020-03-09,Butte,007,227075,0,0,0,0,0
2020-03-09,Calaveras,009,45235,2,0,0,0,0
2020-03-09,Colusa,011,21464,0,0,0,0,0
2020-03-09,Contra Costa,013,1133247,72,9,0,9,0
2020-03-09,Del Norte,015,27424,0,0,0,0,0
2020-03-09,El Dorado,017,186661,4,0,0,0,0
2020-03-09,Fresno,019,978130,7,1,1,2,0
2020-03-09,Glenn,021,27897,0,0,0,0,0
2020-03-09,Humboldt,023,135768,5,1,0,1,0
2020-03-09,Imperial,025,180216,8,0,0,0,0
2020-03-09,Inyo,027,18085,0,0,0,0,0
2020-03-09,Kern,029,883053,8,0,0,0,0
2020-03-09,Kings,031,150075,4,0,1,1,0
2020-03-09,Lake,033,64148,0,0,0,0,0
2020-03-09,Lassen,035,31185,1,0,0,0,0
2020-03-09,Los Angeles,037,10098052,460,17,8,25,0
2020-03-09,Madera,039,155013,7,1,0,1,0
2020-03-09,Marin,041,260295,15,1,0,1,0
2020-03-09,Mariposa,043,17540,0,0,0,0,0
2020-03-09,Mendocino,045,87422,0,0,0,0,0
2020-03-09,Merced,047,269075,2,0,0,0,0
2020-03-09,Modoc,049,8938,0,0,0,0,0
2020-03-09,Mono,051,14174,3,0,0,0,0
2020-03-09,Monterey,053,433212,3,0,0,0,0
2020-03-09,Napa,055,140530,2,0,0,0,0
2020-03-09,Nevada,057,99092,2,0,1,1,0
2020-03-09,Orange,059,3164182,154,4,0,4,0
2020-03-09,Placer,061,380077,12,7,0,7,1
2020-03-09,Plumas,063,18699,0,0,0,0,0
2020-03-09,Riverside,065,2383286,49,4,1,5,0
2020-03-09,Sacramento,067,1510023,74,8,0,8,0
2020-03-09,San Benito,069,59416,3,2,0,2,0
2020-03-09,San Bernardino,071,2135413,53,0,0,0,0
2020-03-09,San Diego,073,3302833,126,2,0,2,0
2020-03-09,San Francisco,075,870044,72,14,0,14,0
2020-03-09,San Joaquin,077,732212,21,0,3,3,0
2020-03-09,San Luis Obispo,079,281455,15,0,0,0,0
2020-03-09,San Mateo,081,765935,110,6,0,6,0
2020-03-09,Santa Barbara,083,443738,8,0,0,0,0
2020-03-09,Santa Clara,085,1922200,277,42,1,43,1
2020-03-09,Santa Cruz,087,273765,19,2,0,2,0
2020-03-09,Shasta,089,179085,2,1,0,1,0
2020-03-09,Sierra,091,2930,0,0,0,0,0
2020-03-09,Siskiyou,093,43540,0,0,0,0,0
2020-03-09,Solano,095,438530,25,26,0,26,0
2020-03-09,Sonoma,097,501317,22,2,0,2,0
2020-03-09,Stanislaus,099,539301,11,0,2,2,0
2020-03-09,Sutter,101,95872,0,0,0,0,0
2020-03-09,Tehama,103,63373,0,0,0,0,0
2020-03-09,Trinity,105,12862,0,0,0,0,0
2020-03-09,Tulare,107,460477,9,0,1,1,0
2020-03-09,Tuolumne,109,53932,1,0,0,0,0
2020-03-09,Ventura,111,848112,25,1,0,1,0
2020-03-09,Yolo,113,214977,6,2,0,2,0
2020-03-09,Yuba,115,75493,0,0,0,0,0
2020-03-08,Alameda,001,1643700,45,4,0,4,0
2020-03-08,Alpine,003,1148,0,0,0,0,0
2020-03-08,Amador,005,37829,0,0,0,0,0
2020-03-08,Butte,007,227075,0,0,0,0,0
2020-03-08,Calaveras,009,45235,2,0,0,0,0
2020-03-08,Colusa,011,21464,0,0,0,0,0
2020-03-08,Contra Costa,013,1133247,58,9,0,9,0
2020-03-08,Del Norte,015,27424,0,0,0,0,0
2020-03-08,El Dorado,017,186661,4,0,0,0,0
2020-03-08,Fresno,019,978130,5,1,1,2,0
2020-03-08,Glenn,021,27897,0,0,0,0,0
2020-03-08,Humboldt,023,135768,5,1,0,1,0
2020-03-08,Imperial,025,180216,8,0,0,0,0
2020-03-08,Inyo,027,18085,0,0,0,0,0
2020-03-08,Kern,029,883053,8,0,0,0,0
2020-03-08,Kings,031,150075,3,0,1,1,0
2020-03-08,Lake,033,64148,0,0,0,0,0
2020-03-08,Lassen,035,31185,0,0,0,0,0
2020-03-08,Los Angeles,037,10098052,367,14,8,22,0
2020-03-08,Madera,039,155013,7,1,0,1,0
2020-03-08,Marin,041,260295,13,1,0,1,0
2020-03-08,Mariposa,043,17540,0,0,0,0,0
2020-03-08,Mendocino,045,87422,0,0,0,0,0
2020-03-08,Merced,047,269075,2,0,0,0,0
2020-03-08,Modoc,049,8938,0,0,0,0,0
2020-03-08,Mono,051,14174,3,0,0,0,0
2020-03-08,Monterey,053,433212,3,0,0,0,0
2020-03-08,Napa,055,140530,2,0,0,0,0
2020-03-08,Nevada,057,99092,1,0,1,1,0
2020-03-08,Orange,059,3164182,129,4,0,4,0
2020-03-08,Placer,061,380077,11,7,0,7,1
2020-03-08,Plumas,063,18699,0,0,0,0,0
2020-03-08,Riverside,065,2383286,41,1,1,2,0
2020-03-08,Sacramento,067,1510023,64,5,0,5,0
2020-03-08,San Benito,069,59416,3,2,0,2,0
2020-03-08,San Bernardino,071,2135413,42,0,0,0,0
2020-03-08,San Diego,073,3302833,92,2,0,2,0
2020-03-08,San Francisco,075,870044,53,9,0,9,0
2020-03-08,San Joaquin,077,732212,18,0,3,3,0
2020-03-08,San Luis Obispo,079,281455,9,0,0,0,0
2020-03-08,San Mateo,081,765935,97,4,0,4,0
2020-03-08,Santa Barbara,083,443738,5,0,0,0,0
2020-03-08,Santa Clara,085,1922200,235,36,1,37,0
2020-03-08,Santa Cruz,087,273765,17,1,0,1,0
2020-03-08,Shasta,089,179085,2,0,0,0,0
2020-03-08,Sierra,091,2930,0,0,0,0,0
2020-03-08,Siskiyou,093,43540,0,0,0,0,0
2020-03-08,Solano,095,438530,24,26,0,26,0
2020-03-08,Sonoma,097,501317,17,2,0,2,0
2020-03-08,Stanislaus,099,539301,10,0,2,2,0
2020-03-08,Sutter,101,95872,0,0,0,0,0
2020-03-08,Tehama,103,63373,0,0,0,0,0
2020-03-08,Trinity,105,12862,0,0,0,0,0
2020-03-08,Tulare,107,460477,9,0,0,0,0
2020-03-08,Tuolumne,109,53932,1,0,0,0,0
2020-03-08,Ventura,111,848112,21,1,0,1,0
2020-03-08,Yolo,113,214977,3,2,0,2,0
2020-03-08,Yuba,115,75493,0,0,0,0,0
2020-03-07,Alameda,001,1643700,40,3,0,3,0
2020-03-07,Alpine,003,1148,0,0,0,0,0
2020-03-07,Amador,005,37829,0,0,0,0,0
2020-03-07,Butte,007,227075,0,0,0,0,0
2020-03-07,Calaveras,009,45235,2,0,0,0,0
2020-03-07,Colusa,011,21464,0,0,0,0,0
2020-03-07,Contra Costa,013,1133247,55,4,0,4,0
2020-03-07,Del Norte,015,27424,0,0,0,0,0
2020-03-07,El Dorado,017,186661,3,0,0,0,0
2020-03-07,Fresno,019,978130,4,1,1,2,0
2020-03-07,Glenn,021,27897,0,0,0,0,0
2020-03-07,Humboldt,023,135768,5,1,0,1,0
2020-03-07,Imperial,025,180216,7,0,0,0,0
2020-03-07,Inyo,027,18085,0,0,0,0,0
2020-03-07,Kern,029,883053,7,0,0,0,0
2020-03-07,Kings,031,150075,3,0,1,1,0
2020-03-07,Lake,033,64148,0,0,0,0,0
2020-03-07,Lassen,035,31185,0,0,0,0,0
2020-03-07,Los Angeles,037,10098052,317,14,8,22,0
2020-03-07,Madera,039,155013,6,1,0,1,0
2020-03-07,Marin,041,260295,11,0,0,0,0
2020-03-07,Mariposa,043,17540,0,0,0,0,0
2020-03-07,Mendocino,045,87422,0,0,0,0,0
2020-03-07,Merced,047,269075,2,0,0,0,0
2020-03-07,Modoc,049,8938,0,0,0,0,0
2020-03-07,Mono,051,14174,3,0,0,0,0
2020-03-07,Monterey,053,433212,3,0,0,0,0
2020-03-07,Napa,055,140530,1,0,0,0,0
2020-03-07,Nevada,057,99092,1,0,1,1,0
2020-03-07,Orange,059,3164182,121,4,0,4,0
2020-03-07,Placer,061,380077,11,6,0,6,1
2020-03-07,Plumas,063,18699,0,0,0,0,0
2020-03-07,Riverside,065,2383286,31,0,1,1,0
2020-03-07,Sacramento,067,1510023,51,4,0,4,0
2020-03-07,San Benito,069,59416,3,2,0,2,0
2020-03-07,San Bernardino,071,2135413,40,0,0,0,0
2020-03-07,San Diego,073,3302833,74,2,0,2,0
2020-03-07,San Francisco,075,870044,47,9,0,9,0
2020-03-07,San Joaquin,077,732212,16,0,3,3,0
2020-03-07,San Luis Obispo,079,281455,6,0,0,0,0
2020-03-07,San Mateo,081,765935,87,1,0,1,0
2020-03-07,Santa Barbara,083,443738,5,0,0,0,0
2020-03-07,Santa Clara,085,1922200,205,31,1,32,0
2020-03-07,Santa Cruz,087,273765,17,1,0,1,0
2020-03-07,Shasta,089,179085,2,0,0,0,0
2020-03-07,Sierra,091,2930,0,0,0,0,0
2020-03-07,Siskiyou,093,43540,0,0,0,0,0
2020-03-07,Solano,095,438530,23,25,0,25,0
2020-03-07,Sonoma,097,501317,13,2,0,2,0
2020-03-07,Stanislaus,099,539301,9,0,2,2,0
2020-03-07,Sutter,101,95872,0,0,0,0,0
2020-03-07,Tehama,103,63373,0,0,0,0,0
2020-03-07,Trinity,105,12862,0,0,0,0,0
2020-03-07,Tulare,107,460477,6,0,0,0,0
2020-03-07,Tuolumne,109,53932,1,0,0,0,0
2020-03-07,Ventura,111,848112,18,1,0,1,0
2020-03-07,Yolo,113,214977,3,2,0,2,0
2020-03-07,Yuba,115,75493,0,0,0,0,0
2020-03-06,Alameda,001,1643700,38,3,0,3,0
2020-03-06,Alpine,003,1148,0,0,0,0,0
2020-03-06,Amador,005,37829,0,0,0,0,0
2020-03-06,Butte,007,227075,0,0,0,0,0
2020-03-06,Calaveras,009,45235,2,0,0,0,0
2020-03-06,Colusa,011,21464,0,0,0,0,0
2020-03-06,Contra Costa,013,1133247,46,4,0,4,0
2020-03-06,Del Norte,015,27424,0,0,0,0,0
2020-03-06,El Dorado,017,186661,3,0,0,0,0
2020-03-06,Fresno,019,978130,3,0,1,1,0
2020-03-06,Glenn,021,27897,0,0,0,0,0
2020-03-06,Humboldt,023,135768,4,1,0,1,0
2020-03-06,Imperial,025,180216,6,0,0,0,0
2020-03-06,Inyo,027,18085,0,0,0,0,0
2020-03-06,Kern,029,883053,6,0,0,0,0
2020-03-06,Kings,031,150075,3,0,1,1,0
2020-03-06,Lake,033,64148,0,0,0,0,0
2020-03-06,Lassen,035,31185,0,0,0,0,0
2020-03-06,Los Angeles,037,10098052,274,13,8,21,0
2020-03-06,Madera,039,155013,5,0,0,0,0
2020-03-06,Marin,041,260295,10,0,0,0,0
2020-03-06,Mariposa,043,17540,0,0,0,0,0
2020-03-06,Mendocino,045,87422,0,0,0,0,0
2020-03-06,Merced,047,269075,2,0,0,0,0
2020-03-06,Modoc,049,8938,0,0,0,0,0
2020-03-06,Mono,051,14174,1,0,0,0,0
2020-03-06,Monterey,053,433212,3,0,0,0,0
2020-03-06,Napa,055,140530,1,0,0,0,0
2020-03-06,Nevada,057,99092,1,0,1,1,0
2020-03-06,Orange,059,3164182,95,4,0,4,0
2020-03-06,Placer,061,380077,10,5,0,5,1
2020-03-06,Plumas,063,18699,0,0,0,0,0
2020-03-06,Riverside,065,2383286,30,0,1,1,0
2020-03-06,Sacramento,067,1510023,42,2,0,2,0
2020-03-06,San Benito,069,59416,3,2,0,2,0
2020-03-06,San Bernardino,071,2135413,38,0,0,0,0
2020-03-06,San Diego,073,3302833,61,2,0,2,0
2020-03-06,San Francisco,075,870044,41,2,0,2,0
2020-03-06,San Joaquin,077,732212,13,0,3,3,0
2020-03-06,San Luis Obispo,079,281455,4,0,0,0,0
2020-03-06,San Mateo,081,765935,79,1,0,1,0
2020-03-06,Santa Barbara,083,443738,3,0,0,0,0
2020-03-06,Santa Clara,085,1922200,187,20,1,21,0
2020-03-06,Santa Cruz,087,273765,15,0,0,0,0
2020-03-06,Shasta,089,179085,2,0,0,0,0
2020-03-06,Sierra,091,2930,0,0,0,0,0
2020-03-06,Siskiyou,093,43540,0,0,0,0,0
2020-03-06,Solano,095,438530,22,25,0,25,0
2020-03-06,Sonoma,097,501317,13,2,0,2,0
2020-03-06,Stanislaus,099,539301,5,0,2,2,0
2020-03-06,Sutter,101,95872,0,0,0,0,0
2020-03-06,Tehama,103,63373,0,0,0,0,0
2020-03-06,Trinity,105,12862,0,0,0,0,0
2020-03-06,Tulare,107,460477,6,0,0,0,0
2020-03-06,Tuolumne,109,53932,1,0,0,0,0
2020-03-06,Ventura,111,848112,15,1,0,1,0
2020-03-06,Yolo,113,214977,3,1,0,1,0
2020-03-06,Yuba,115,75493,0,0,0,0,0
2020-03-05,Alameda,001,1643700,33,2,0,2,0
2020-03-05,Alpine,003,1148,0,0,0,0,0
2020-03-05,Amador,005,37829,0,0,0,0,0
2020-03-05,Butte,007,227075,0,0,0,0,0
2020-03-05,Calaveras,009,45235,2,0,0,0,0
2020-03-05,Colusa,011,21464,0,0,0,0,0
2020-03-05,Contra Costa,013,1133247,39,1,0,1,0
2020-03-05,Del Norte,015,27424,0,0,0,0,0
2020-03-05,El Dorado,017,186661,1,0,0,0,0
2020-03-05,Fresno,019,978130,3,0,1,1,0
2020-03-05,Glenn,021,27897,0,0,0,0,0
2020-03-05,Humboldt,023,135768,4,1,0,1,0
2020-03-05,Imperial,025,180216,5,0,0,0,0
2020-03-05,Inyo,027,18085,0,0,0,0,0
2020-03-05,Kern,029,883053,6,0,0,0,0
2020-03-05,Kings,031,150075,3,0,1,1,0
2020-03-05,Lake,033,64148,0,0,0,0,0
2020-03-05,Lassen,035,31185,0,0,0,0,0
2020-03-05,Los Angeles,037,10098052,227,11,8,19,0
2020-03-05,Madera,039,155013,5,0,0,0,0
2020-03-05,Marin,041,260295,10,0,0,0,0
2020-03-05,Mariposa,043,17540,0,0,0,0,0
2020-03-05,Mendocino,045,87422,0,0,0,0,0
2020-03-05,Merced,047,269075,2,0,0,0,0
2020-03-05,Modoc,049,8938,0,0,0,0,0
2020-03-05,Mono,051,14174,1,0,0,0,0
2020-03-05,Monterey,053,433212,3,0,0,0,0
2020-03-05,Napa,055,140530,1,0,0,0,0
2020-03-05,Nevada,057,99092,0,0,1,1,0
2020-03-05,Orange,059,3164182,80,3,0,3,0
2020-03-05,Placer,061,380077,10,2,0,2,1
2020-03-05,Plumas,063,18699,0,0,0,0,0
2020-03-05,Riverside,065,2383286,27,0,1,1,0
2020-03-05,Sacramento,067,1510023,36,2,0,2,0
2020-03-05,San Benito,069,59416,1,2,0,2,0
2020-03-05,San Bernardino,071,2135413,33,0,0,0,0
2020-03-05,San Diego,073,3302833,54,2,0,2,0
2020-03-05,San Francisco,075,870044,31,2,0,2,0
2020-03-05,San Joaquin,077,732212,10,0,3,3,0
2020-03-05,San Luis Obispo,079,281455,4,0,0,0,0
2020-03-05,San Mateo,081,765935,65,1,0,1,0
2020-03-05,Santa Barbara,083,443738,2,0,0,0,0
2020-03-05,Santa Clara,085,1922200,163,14,1,15,0
2020-03-05,Santa Cruz,087,273765,13,0,0,0,0
2020-03-05,Shasta,089,179085,2,0,0,0,0
2020-03-05,Sierra,091,2930,0,0,0,0,0
2020-03-05,Siskiyou,093,43540,0,0,0,0,0
2020-03-05,Solano,095,438530,22,24,0,24,0
2020-03-05,Sonoma,097,501317,12,2,0,2,0
2020-03-05,Stanislaus,099,539301,4,0,2,2,0
2020-03-05,Sutter,101,95872,0,0,0,0,0
2020-03-05,Tehama,103,63373,0,0,0,0,0
2020-03-05,Trinity,105,12862,0,0,0,0,0
2020-03-05,Tulare,107,460477,6,0,0,0,0
2020-03-05,Tuolumne,109,53932,1,0,0,0,0
2020-03-05,Ventura,111,848112,13,0,0,0,0
2020-03-05,Yolo,113,214977,3,0,0,0,0
2020-03-05,Yuba,115,75493,0,0,0,0,0
2020-03-04,Alameda,001,1643700,29,2,0,2,0
2020-03-04,Alpine,003,1148,0,0,0,0,0
2020-03-04,Amador,005,37829,0,0,0,0,0
2020-03-04,Butte,007,227075,0,0,0,0,0
2020-03-04,Calaveras,009,45235,0,0,0,0,0
2020-03-04,Colusa,011,21464,0,0,0,0,0
2020-03-04,Contra Costa,013,1133247,34,1,0,1,0
2020-03-04,Del Norte,015,27424,0,0,0,0,0
2020-03-04,El Dorado,017,186661,1,0,0,0,0
2020-03-04,Fresno,019,978130,3,0,1,1,0
2020-03-04,Glenn,021,27897,0,0,0,0,0
2020-03-04,Humboldt,023,135768,1,1,0,1,0
2020-03-04,Imperial,025,180216,5,0,0,0,0
2020-03-04,Inyo,027,18085,0,0,0,0,0
2020-03-04,Kern,029,883053,6,0,0,0,0
2020-03-04,Kings,031,150075,3,0,1,1,0
2020-03-04,Lake,033,64148,0,0,0,0,0
2020-03-04,Lassen,035,31185,0,0,0,0,0
2020-03-04,Los Angeles,037,10098052,192,7,8,15,0
2020-03-04,Madera,039,155013,5,0,0,0,0
2020-03-04,Marin,041,260295,10,0,0,0,0
2020-03-04,Mariposa,043,17540,0,0,0,0,0
2020-03-04,Mendocino,045,87422,0,0,0,0,0
2020-03-04,Merced,047,269075,2,0,0,0,0
2020-03-04,Modoc,049,8938,0,0,0,0,0
2020-03-04,Mono,051,14174,1,0,0,0,0
2020-03-04,Monterey,053,433212,3,0,0,0,0
2020-03-04,Napa,055,140530,1,0,0,0,0
2020-03-04,Nevada,057,99092,0,0,1,1,0
2020-03-04,Orange,059,3164182,77,3,0,3,0
2020-03-04,Placer,061,380077,9,2,0,2,1
2020-03-04,Plumas,063,18699,0,0,0,0,0
2020-03-04,Riverside,065,2383286,23,0,1,1,0
2020-03-04,Sacramento,067,1510023,31,1,0,1,0
2020-03-04,San Benito,069,59416,1,2,0,2,0
2020-03-04,San Bernardino,071,2135413,30,0,0,0,0
2020-03-04,San Diego,073,3302833,41,2,0,2,0
2020-03-04,San Francisco,075,870044,26,0,0,0,0
2020-03-04,San Joaquin,077,732212,9,0,3,3,0
2020-03-04,San Luis Obispo,079,281455,4,0,0,0,0
2020-03-04,San Mateo,081,765935,60,1,0,1,0
2020-03-04,Santa Barbara,083,443738,2,0,0,0,0
2020-03-04,Santa Clara,085,1922200,146,12,1,13,0
2020-03-04,Santa Cruz,087,273765,13,0,0,0,0
2020-03-04,Shasta,089,179085,2,0,0,0,0
2020-03-04,Sierra,091,2930,0,0,0,0,0
2020-03-04,Siskiyou,093,43540,0,0,0,0,0
2020-03-04,Solano,095,438530,21,24,0,24,0
2020-03-04,Sonoma,097,501317,11,2,0,2,0
2020-03-04,Stanislaus,099,539301,4,0,2,2,0
2020-03-04,Sutter,101,95872,0,0,0,0,0
2020-03-04,Tehama,103,63373,0,0,0,0,0
2020-03-04,Trinity,105,12862,0,0,0,0,0
2020-03-04,Tulare,107,460477,6,0,0,0,0
2020-03-04,Tuolumne,109,53932,0,0,0,0,0
2020-03-04,Ventura,111,848112,12,0,0,0,0
2020-03-04,Yolo,113,214977,3,0,0,0,0
2020-03-04,Yuba,115,75493,0,0,0,0,0
2020-03-03,Alameda,001,1643700,24,2,0,2,0
2020-03-03,Alpine,003,1148,0,0,0,0,0
2020-03-03,Amador,005,37829,0,0,0,0,0
2020-03-03,Butte,007,227075,0,0,0,0,0
2020-03-03,Calaveras,009,45235,0,0,0,0,0
2020-03-03,Colusa,011,21464,0,0,0,0,0
2020-03-03,Contra Costa,013,1133247,30,0,0,0,0
2020-03-03,Del Norte,015,27424,0,0,0,0,0
2020-03-03,El Dorado,017,186661,1,0,0,0,0
2020-03-03,Fresno,019,978130,2,0,1,1,0
2020-03-03,Glenn,021,27897,0,0,0,0,0
2020-03-03,Humboldt,023,135768,1,1,0,1,0
2020-03-03,Imperial,025,180216,5,0,0,0,0
2020-03-03,Inyo,027,18085,0,0,0,0,0
2020-03-03,Kern,029,883053,4,0,0,0,0
2020-03-03,Kings,031,150075,3,0,1,1,0
2020-03-03,Lake,033,64148,0,0,0,0,0
2020-03-03,Lassen,035,31185,0,0,0,0,0
2020-03-03,Los Angeles,037,10098052,173,5,8,13,0
2020-03-03,Madera,039,155013,4,0,0,0,0
2020-03-03,Marin,041,260295,6,0,0,0,0
2020-03-03,Mariposa,043,17540,0,0,0,0,0
2020-03-03,Mendocino,045,87422,0,0,0,0,0
2020-03-03,Merced,047,269075,2,0,0,0,0
2020-03-03,Modoc,049,8938,0,0,0,0,0
2020-03-03,Mono,051,14174,1,0,0,0,0
2020-03-03,Monterey,053,433212,2,0,0,0,0
2020-03-03,Napa,055,140530,1,0,0,0,0
2020-03-03,Nevada,057,99092,0,0,1,1,0
2020-03-03,Orange,059,3164182,69,1,0,1,0
2020-03-03,Placer,061,380077,8,2,0,2,0
2020-03-03,Plumas,063,18699,0,0,0,0,0
2020-03-03,Riverside,065,2383286,20,0,1,1,0
2020-03-03,Sacramento,067,1510023,30,1,0,1,0
2020-03-03,San Benito,069,59416,1,2,0,2,0
2020-03-03,San Bernardino,071,2135413,27,0,0,0,0
2020-03-03,San Diego,073,3302833,34,2,0,2,0
2020-03-03,San Francisco,075,870044,24,0,0,0,0
2020-03-03,San Joaquin,077,732212,8,0,3,3,0
2020-03-03,San Luis Obispo,079,281455,2,0,0,0,0
2020-03-03,San Mateo,081,765935,53,1,0,1,0
2020-03-03,Santa Barbara,083,443738,1,0,0,0,0
2020-03-03,Santa Clara,085,1922200,131,11,1,12,0
2020-03-03,Santa Cruz,087,273765,10,0,0,0,0
2020-03-03,Shasta,089,179085,2,0,0,0,0
2020-03-03,Sierra,091,2930,0,0,0,0,0
2020-03-03,Siskiyou,093,43540,0,0,0,0,0
2020-03-03,Solano,095,438530,20,24,0,24,0
2020-03-03,Sonoma,097,501317,11,1,0,1,0
2020-03-03,Stanislaus,099,539301,4,0,2,2,0
2020-03-03,Sutter,101,95872,0,0,0,0,0
2020-03-03,Tehama,103,63373,0,0,0,0,0
2020-03-03,Trinity,105,12862,0,0,0,0,0
2020-03-03,Tulare,107,460477,6,0,0,0,0
2020-03-03,Tuolumne,109,53932,0,0,0,0,0
2020-03-03,Ventura,111,848112,11,0,0,0,0
2020-03-03,Yolo,113,214977,2,0,0,0,0
2020-03-03,Yuba,115,75493,0,0,0,0,0
2020-03-02,Alameda,001,1643700,21,1,0,1,0
2020-03-02,Alpine,003,1148,0,0,0,0,0
2020-03-02,Amador,005,37829,0,0,0,0,0
2020-03-02,Butte,007,227075,0,0,0,0,0
2020-03-02,Calaveras,009,45235,0,0,0,0,0
2020-03-02,Colusa,011,21464,0,0,0,0,0
2020-03-02,Contra Costa,013,1133247,27,0,0,0,0
2020-03-02,Del Norte,015,27424,0,0,0,0,0
2020-03-02,El Dorado,017,186661,1,0,0,0,0
2020-03-02,Fresno,019,978130,2,0,1,1,0
2020-03-02,Glenn,021,27897,0,0,0,0,0
2020-03-02,Humboldt,023,135768,1,1,0,1,0
2020-03-02,Imperial,025,180216,5,0,0,0,0
2020-03-02,Inyo,027,18085,0,0,0,0,0
2020-03-02,Kern,029,883053,4,0,0,0,0
2020-03-02,Kings,031,150075,3,0,1,1,0
2020-03-02,Lake,033,64148,0,0,0,0,0
2020-03-02,Lassen,035,31185,0,0,0,0,0
2020-03-02,Los Angeles,037,10098052,158,1,8,9,0
2020-03-02,Madera,039,155013,4,0,0,0,0
2020-03-02,Marin,041,260295,6,0,0,0,0
2020-03-02,Mariposa,043,17540,0,0,0,0,0
2020-03-02,Mendocino,045,87422,0,0,0,0,0
2020-03-02,Merced,047,269075,1,0,0,0,0
2020-03-02,Modoc,049,8938,0,0,0,0,0
2020-03-02,Mono,051,14174,1,0,0,0,0
2020-03-02,Monterey,053,433212,2,0,0,0,0
2020-03-02,Napa,055,140530,1,0,0,0,0
2020-03-02,Nevada,057,99092,0,0,1,1,0
2020-03-02,Orange,059,3164182,64,1,0,1,0
2020-03-02,Placer,061,380077,8,1,0,1,0
2020-03-02,Plumas,063,18699,0,0,0,0,0
2020-03-02,Riverside,065,2383286,19,0,1,1,0
2020-03-02,Sacramento,067,1510023,25,1,0,1,0
2020-03-02,San Benito,069,59416,1,2,0,2,0
2020-03-02,San Bernardino,071,2135413,27,0,0,0,0
2020-03-02,San Diego,073,3302833,28,2,0,2,0
2020-03-02,San Francisco,075,870044,17,0,0,0,0
2020-03-02,San Joaquin,077,732212,7,0,3,3,0
2020-03-02,San Luis Obispo,079,281455,2,0,0,0,0
2020-03-02,San Mateo,081,765935,44,1,0,1,0
2020-03-02,Santa Barbara,083,443738,1,0,0,0,0
2020-03-02,Santa Clara,085,1922200,109,7,1,8,0
2020-03-02,Santa Cruz,087,273765,9,0,0,0,0
2020-03-02,Shasta,089,179085,2,0,0,0,0
2020-03-02,Sierra,091,2930,0,0,0,0,0
2020-03-02,Siskiyou,093,43540,0,0,0,0,0
2020-03-02,Solano,095,438530,19,24,0,24,0
2020-03-02,Sonoma,097,501317,10,1,0,1,0
2020-03-02,Stanislaus,099,539301,2,0,2,2,0
2020-03-02,Sutter,101,95872,0,0,0,0,0
2020-03-02,Tehama,103,63373,0,0,0,0,0
2020-03-02,Trinity,105,12862,0,0,0,0,0
2020-03-02,Tulare,107,460477,6,0,0,0,0
2020-03-02,Tuolumne,109,53932,0,0,0,0,0
2020-03-02,Ventura,111,848112,10,0,0,0,0
2020-03-02,Yolo,113,214977,2,0,0,0,0
2020-03-02,Yuba,115,75493,0,0,0,0,0
2020-03-01,Alameda,001,1643700,20,1,0,1,0
2020-03-01,Alpine,003,1148,0,0,0,0,0
2020-03-01,Amador,005,37829,0,0,0,0,0
2020-03-01,Butte,007,227075,0,0,0,0,0
2020-03-01,Calaveras,009,45235,0,0,0,0,0
2020-03-01,Colusa,011,21464,0,0,0,0,0
2020-03-01,Contra Costa,013,1133247,24,0,0,0,0
2020-03-01,Del Norte,015,27424,0,0,0,0,0
2020-03-01,El Dorado,017,186661,1,0,0,0,0
2020-03-01,Fresno,019,978130,1,0,1,1,0
2020-03-01,Glenn,021,27897,0,0,0,0,0
2020-03-01,Humboldt,023,135768,1,1,0,1,0
2020-03-01,Imperial,025,180216,5,0,0,0,0
2020-03-01,Inyo,027,18085,0,0,0,0,0
2020-03-01,Kern,029,883053,2,0,0,0,0
2020-03-01,Kings,031,150075,3,0,1,1,0
2020-03-01,Lake,033,64148,0,0,0,0,0
2020-03-01,Lassen,035,31185,0,0,0,0,0
2020-03-01,Los Angeles,037,10098052,139,1,8,9,0
2020-03-01,Madera,039,155013,2,0,0,0,0
2020-03-01,Marin,041,260295,5,0,0,0,0
2020-03-01,Mariposa,043,17540,0,0,0,0,0
2020-03-01,Mendocino,045,87422,0,0,0,0,0
2020-03-01,Merced,047,269075,1,0,0,0,0
2020-03-01,Modoc,049,8938,0,0,0,0,0
2020-03-01,Mono,051,14174,1,0,0,0,0
2020-03-01,Monterey,053,433212,1,0,0,0,0
2020-03-01,Napa,055,140530,1,0,0,0,0
2020-03-01,Nevada,057,99092,0,0,1,1,0
2020-03-01,Orange,059,3164182,61,1,0,1,0
2020-03-01,Placer,061,380077,8,0,0,0,0
2020-03-01,Plumas,063,18699,0,0,0,0,0
2020-03-01,Riverside,065,2383286,18,0,1,1,0
2020-03-01,Sacramento,067,1510023,21,1,0,1,0
2020-03-01,San Benito,069,59416,0,2,0,2,0
2020-03-01,San Bernardino,071,2135413,25,0,0,0,0
2020-03-01,San Diego,073,3302833,21,2,0,2,0
2020-03-01,San Francisco,075,870044,13,0,0,0,0
2020-03-01,San Joaquin,077,732212,7,0,3,3,0
2020-03-01,San Luis Obispo,079,281455,2,0,0,0,0
2020-03-01,San Mateo,081,765935,36,0,0,0,0
2020-03-01,Santa Barbara,083,443738,1,0,0,0,0
2020-03-01,Santa Clara,085,1922200,96,6,1,7,0
2020-03-01,Santa Cruz,087,273765,8,0,0,0,0
2020-03-01,Shasta,089,179085,2,0,0,0,0
2020-03-01,Sierra,091,2930,0,0,0,0,0
2020-03-01,Siskiyou,093,43540,0,0,0,0,0
2020-03-01,Solano,095,438530,19,24,0,24,0
2020-03-01,Sonoma,097,501317,9,0,0,0,0
2020-03-01,Stanislaus,099,539301,2,0,2,2,0
2020-03-01,Sutter,101,95872,0,0,0,0,0
2020-03-01,Tehama,103,63373,0,0,0,0,0
2020-03-01,Trinity,105,12862,0,0,0,0,0
2020-03-01,Tulare,107,460477,6,0,0,0,0
2020-03-01,Tuolumne,109,53932,0,0,0,0,0
2020-03-01,Ventura,111,848112,8,0,0,0,0
2020-03-01,Yolo,113,214977,2,0,0,0,0
2020-03-01,Yuba,115,75493,0,0,0,0,0
2020-02-29,Alameda,001,1643700,16,0,0,0,0
2020-02-29,Alpine,003,1148,0,0,0,0,0
2020-02-29,Amador,005,37829,0,0,0,0,0
2020-02-29,Butte,007,227075,0,0,0,0,0
2020-02-29,Calaveras,009,45235,0,0,0,0,0
2020-02-29,Colusa,011,21464,0,0,0,0,0
2020-02-29,Contra Costa,013,1133247,20,0,0,0,0
2020-02-29,Del Norte,015,27424,0,0,0,0,0
2020-02-29,El Dorado,017,186661,1,0,0,0,0
2020-02-29,Fresno,019,978130,1,0,0,0,0
2020-02-29,Glenn,021,27897,0,0,0,0,0
2020-02-29,Humboldt,023,135768,1,1,0,1,0
2020-02-29,Imperial,025,180216,3,0,0,0,0
2020-02-29,Inyo,027,18085,0,0,0,0,0
2020-02-29,Kern,029,883053,2,0,0,0,0
2020-02-29,Kings,031,150075,3,0,1,1,0
2020-02-29,Lake,033,64148,0,0,0,0,0
2020-02-29,Lassen,035,31185,0,0,0,0,0
2020-02-29,Los Angeles,037,10098052,111,1,8,9,0
2020-02-29,Madera,039,155013,2,0,0,0,0
2020-02-29,Marin,041,260295,4,0,0,0,0
2020-02-29,Mariposa,043,17540,0,0,0,0,0
2020-02-29,Mendocino,045,87422,0,0,0,0,0
2020-02-29,Merced,047,269075,1,0,0,0,0
2020-02-29,Modoc,049,8938,0,0,0,0,0
2020-02-29,Mono,051,14174,1,0,0,0,0
2020-02-29,Monterey,053,433212,1,0,0,0,0
2020-02-29,Napa,055,140530,1,0,0,0,0
2020-02-29,Nevada,057,99092,0,0,1,1,0
2020-02-29,Orange,059,3164182,56,1,0,1,0
2020-02-29,Placer,061,380077,7,0,0,0,0
2020-02-29,Plumas,063,18699,0,0,0,0,0
2020-02-29,Riverside,065,2383286,15,0,1,1,0
2020-02-29,Sacramento,067,1510023,16,1,0,1,0
2020-02-29,San Benito,069,59416,0,2,0,2,0
2020-02-29,San Bernardino,071,2135413,23,0,0,0,0
2020-02-29,San Diego,073,3302833,16,2,0,2,0
2020-02-29,San Francisco,075,870044,12,0,0,0,0
2020-02-29,San Joaquin,077,732212,6,0,3,3,0
2020-02-29,San Luis Obispo,079,281455,2,0,0,0,0
2020-02-29,San Mateo,081,765935,29,0,0,0,0
2020-02-29,Santa Barbara,083,443738,0,0,0,0,0
2020-02-29,Santa Clara,085,1922200,74,3,1,4,0
2020-02-29,Santa Cruz,087,273765,8,0,0,0,0
2020-02-29,Shasta,089,179085,2,0,0,0,0
2020-02-29,Sierra,091,2930,0,0,0,0,0
2020-02-29,Siskiyou,093,43540,0,0,0,0,0
2020-02-29,Solano,095,438530,18,23,0,23,0
2020-02-29,Sonoma,097,501317,6,0,0,0,0
2020-02-29,Stanislaus,099,539301,2,0,2,2,0
2020-02-29,Sutter,101,95872,0,0,0,0,0
2020-02-29,Tehama,103,63373,0,0,0,0,0
2020-02-29,Trinity,105,12862,0,0,0,0,0
2020-02-29,Tulare,107,460477,4,0,0,0,0
2020-02-29,Tuolumne,109,53932,0,0,0,0,0
2020-02-29,Ventura,111,848112,6,0,0,0,0
2020-02-29,Yolo,113,214977,2,0,0,0,0
2020-02-29,Yuba,115,75493,0,0,0,0,0
2020-02-28,Alameda,001,1643700,14,0,0,0,0
2020-02-28,Alpine,003,1148,0,0,0,0,0
2020-02-28,Amador,005,37829,0,0,0,0,0
2020-02-28,Butte,007,227075,0,0,0,0,0
2020-02-28,Calaveras,009,45235,0,0,0,0,0
2020-02-28,Colusa,011,21464,0,0,0,0,0
2020-02-28,Contra Costa,013,1133247,20,0,0,0,0
2020-02-28,Del Norte,015,27424,0,0,0,0,0
2020-02-28,El Dorado,017,186661,0,0,0,0,0
2020-02-28,Fresno,019,978130,1,0,0,0,0
2020-02-28,Glenn,021,27897,0,0,0,0,0
2020-02-28,Humboldt,023,135768,1,1,0,1,0
2020-02-28,Imperial,025,180216,3,0,0,0,0
2020-02-28,Inyo,027,18085,0,0,0,0,0
2020-02-28,Kern,029,883053,2,0,0,0,0
2020-02-28,Kings,031,150075,3,0,1,1,0
2020-02-28,Lake,033,64148,0,0,0,0,0
2020-02-28,Lassen,035,31185,0,0,0,0,0
2020-02-28,Los Angeles,037,10098052,103,1,8,9,0
2020-02-28,Madera,039,155013,2,0,0,0,0
2020-02-28,Marin,041,260295,2,0,0,0,0
2020-02-28,Mariposa,043,17540,0,0,0,0,0
2020-02-28,Mendocino,045,87422,0,0,0,0,0
2020-02-28,Merced,047,269075,1,0,0,0,0
2020-02-28,Modoc,049,8938,0,0,0,0,0
2020-02-28,Mono,051,14174,0,0,0,0,0
2020-02-28,Monterey,053,433212,1,0,0,0,0
2020-02-28,Napa,055,140530,1,0,0,0,0
2020-02-28,Nevada,057,99092,0,0,1,1,0
2020-02-28,Orange,059,3164182,54,1,0,1,0
2020-02-28,Placer,061,380077,7,0,0,0,0
2020-02-28,Plumas,063,18699,0,0,0,0,0
2020-02-28,Riverside,065,2383286,13,0,1,1,0
2020-02-28,Sacramento,067,1510023,10,1,0,1,0
2020-02-28,San Benito,069,59416,0,2,0,2,0
2020-02-28,San Bernardino,071,2135413,23,0,0,0,0
2020-02-28,San Diego,073,3302833,13,2,0,2,0
2020-02-28,San Francisco,075,870044,10,0,0,0,0
2020-02-28,San Joaquin,077,732212,6,0,3,3,0
2020-02-28,San Luis Obispo,079,281455,2,0,0,0,0
2020-02-28,San Mateo,081,765935,24,0,0,0,0
2020-02-28,Santa Barbara,083,443738,0,0,0,0,0
2020-02-28,Santa Clara,085,1922200,69,3,1,4,0
2020-02-28,Santa Cruz,087,273765,8,0,0,0,0
2020-02-28,Shasta,089,179085,2,0,0,0,0
2020-02-28,Sierra,091,2930,0,0,0,0,0
2020-02-28,Siskiyou,093,43540,0,0,0,0,0
2020-02-28,Solano,095,438530,17,23,0,23,0
2020-02-28,Sonoma,097,501317,6,0,0,0,0
2020-02-28,Stanislaus,099,539301,2,0,2,2,0
2020-02-28,Sutter,101,95872,0,0,0,0,0
2020-02-28,Tehama,103,63373,0,0,0,0,0
2020-02-28,Trinity,105,12862,0,0,0,0,0
2020-02-28,Tulare,107,460477,3,0,0,0,0
2020-02-28,Tuolumne,109,53932,0,0,0,0,0
2020-02-28,Ventura,111,848112,6,0,0,0,0
2020-02-28,Yolo,113,214977,2,0,0,0,0
2020-02-28,Yuba,115,75493,0,0,0,0,0
2020-02-27,Alameda,001,1643700,13,0,0,0,0
2020-02-27,Alpine,003,1148,0,0,0,0,0
2020-02-27,Amador,005,37829,0,0,0,0,0
2020-02-27,Butte,007,227075,0,0,0,0,0
2020-02-27,Calaveras,009,45235,0,0,0,0,0
2020-02-27,Colusa,011,21464,0,0,0,0,0
2020-02-27,Contra Costa,013,1133247,14,0,0,0,0
2020-02-27,Del Norte,015,27424,0,0,0,0,0
2020-02-27,El Dorado,017,186661,0,0,0,0,0
2020-02-27,Fresno,019,978130,1,0,0,0,0
2020-02-27,Glenn,021,27897,0,0,0,0,0
2020-02-27,Humboldt,023,135768,1,1,0,1,0
2020-02-27,Imperial,025,180216,3,0,0,0,0
2020-02-27,Inyo,027,18085,0,0,0,0,0
2020-02-27,Kern,029,883053,2,0,0,0,0
2020-02-27,Kings,031,150075,3,0,1,1,0
2020-02-27,Lake,033,64148,0,0,0,0,0
2020-02-27,Lassen,035,31185,0,0,0,0,0
2020-02-27,Los Angeles,037,10098052,95,1,8,9,0
2020-02-27,Madera,039,155013,2,0,0,0,0
2020-02-27,Marin,041,260295,1,0,0,0,0
2020-02-27,Mariposa,043,17540,0,0,0,0,0
2020-02-27,Mendocino,045,87422,0,0,0,0,0
2020-02-27,Merced,047,269075,1,0,0,0,0
2020-02-27,Modoc,049,8938,0,0,0,0,0
2020-02-27,Mono,051,14174,0,0,0,0,0
2020-02-27,Monterey,053,433212,1,0,0,0,0
2020-02-27,Napa,055,140530,1,0,0,0,0
2020-02-27,Nevada,057,99092,0,0,1,1,0
2020-02-27,Orange,059,3164182,48,1,0,1,0
2020-02-27,Placer,061,380077,6,0,0,0,0
2020-02-27,Plumas,063,18699,0,0,0,0,0
2020-02-27,Riverside,065,2383286,12,0,1,1,0
2020-02-27,Sacramento,067,1510023,10,1,0,1,0
2020-02-27,San Benito,069,59416,0,2,0,2,0
2020-02-27,San Bernardino,071,2135413,23,0,0,0,0
2020-02-27,San Diego,073,3302833,12,2,0,2,0
2020-02-27,San Francisco,075,870044,9,0,0,0,0
2020-02-27,San Joaquin,077,732212,5,0,3,3,0
2020-02-27,San Luis Obispo,079,281455,2,0,0,0,0
2020-02-27,San Mateo,081,765935,20,0,0,0,0
2020-02-27,Santa Barbara,083,443738,0,0,0,0,0
2020-02-27,Santa Clara,085,1922200,58,2,1,3,0
2020-02-27,Santa Cruz,087,273765,6,0,0,0,0
2020-02-27,Shasta,089,179085,0,0,0,0,0
2020-02-27,Sierra,091,2930,0,0,0,0,0
2020-02-27,Siskiyou,093,43540,0,0,0,0,0
2020-02-27,Solano,095,438530,17,23,0,23,0
2020-02-27,Sonoma,097,501317,5,0,0,0,0
2020-02-27,Stanislaus,099,539301,2,0,2,2,0
2020-02-27,Sutter,101,95872,0,0,0,0,0
2020-02-27,Tehama,103,63373,0,0,0,0,0
2020-02-27,Trinity,105,12862,0,0,0,0,0
2020-02-27,Tulare,107,460477,3,0,0,0,0
2020-02-27,Tuolumne,109,53932,0,0,0,0,0
2020-02-27,Ventura,111,848112,4,0,0,0,0
2020-02-27,Yolo,113,214977,2,0,0,0,0
2020-02-27,Yuba,115,75493,0,0,0,0,0
2020-02-26,Alameda,001,1643700,13,0,0,0,0
2020-02-26,Alpine,003,1148,0,0,0,0,0
2020-02-26,Amador,005,37829,0,0,0,0,0
2020-02-26,Butte,007,227075,0,0,0,0,0
2020-02-26,Calaveras,009,45235,0,0,0,0,0
2020-02-26,Colusa,011,21464,0,0,0,0,0
2020-02-26,Contra Costa,013,1133247,13,0,0,0,0
2020-02-26,Del Norte,015,27424,0,0,0,0,0
2020-02-26,El Dorado,017,186661,0,0,0,0,0
2020-02-26,Fresno,019,978130,1,0,0,0,0
2020-02-26,Glenn,021,27897,0,0,0,0,0
2020-02-26,Humboldt,023,135768,1,1,0,1,0
2020-02-26,Imperial,025,180216,3,0,0,0,0
2020-02-26,Inyo,027,18085,0,0,0,0,0
2020-02-26,Kern,029,883053,2,0,0,0,0
2020-02-26,Kings,031,150075,3,0,1,1,0
2020-02-26,Lake,033,64148,0,0,0,0,0
2020-02-26,Lassen,035,31185,0,0,0,0,0
2020-02-26,Los Angeles,037,10098052,89,1,8,9,0
2020-02-26,Madera,039,155013,2,0,0,0,0
2020-02-26,Marin,041,260295,1,0,0,0,0
2020-02-26,Mariposa,043,17540,0,0,0,0,0
2020-02-26,Mendocino,045,87422,0,0,0,0,0
2020-02-26,Merced,047,269075,1,0,0,0,0
2020-02-26,Modoc,049,8938,0,0,0,0,0
2020-02-26,Mono,051,14174,0,0,0,0,0
2020-02-26,Monterey,053,433212,1,0,0,0,0
2020-02-26,Napa,055,140530,0,0,0,0,0
2020-02-26,Nevada,057,99092,0,0,1,1,0
2020-02-26,Orange,059,3164182,47,1,0,1,0
2020-02-26,Placer,061,380077,5,0,0,0,0
2020-02-26,Plumas,063,18699,0,0,0,0,0
2020-02-26,Riverside,065,2383286,10,0,1,1,0
2020-02-26,Sacramento,067,1510023,10,1,0,1,0
2020-02-26,San Benito,069,59416,0,2,0,2,0
2020-02-26,San Bernardino,071,2135413,21,0,0,0,0
2020-02-26,San Diego,073,3302833,11,2,0,2,0
2020-02-26,San Francisco,075,870044,9,0,0,0,0
2020-02-26,San Joaquin,077,732212,5,0,3,3,0
2020-02-26,San Luis Obispo,079,281455,2,0,0,0,0
2020-02-26,San Mateo,081,765935,18,0,0,0,0
2020-02-26,Santa Barbara,083,443738,0,0,0,0,0
2020-02-26,Santa Clara,085,1922200,49,2,1,3,0
2020-02-26,Santa Cruz,087,273765,6,0,0,0,0
2020-02-26,Shasta,089,179085,0,0,0,0,0
2020-02-26,Sierra,091,2930,0,0,0,0,0
2020-02-26,Siskiyou,093,43540,0,0,0,0,0
2020-02-26,Solano,095,438530,17,23,0,23,0
2020-02-26,Sonoma,097,501317,5,0,0,0,0
2020-02-26,Stanislaus,099,539301,2,0,2,2,0
2020-02-26,Sutter,101,95872,0,0,0,0,0
2020-02-26,Tehama,103,63373,0,0,0,0,0
2020-02-26,Trinity,105,12862,0,0,0,0,0
2020-02-26,Tulare,107,460477,3,0,0,0,0
2020-02-26,Tuolumne,109,53932,0,0,0,0,0
2020-02-26,Ventura,111,848112,4,0,0,0,0
2020-02-26,Yolo,113,214977,2,0,0,0,0
2020-02-26,Yuba,115,75493,0,0,0,0,0
2020-02-25,Alameda,001,1643700,13,0,0,0,0
2020-02-25,Alpine,003,1148,0,0,0,0,0
2020-02-25,Amador,005,37829,0,0,0,0,0
2020-02-25,Butte,007,227075,0,0,0,0,0
2020-02-25,Calaveras,009,45235,0,0,0,0,0
2020-02-25,Colusa,011,21464,0,0,0,0,0
2020-02-25,Contra Costa,013,1133247,11,0,0,0,0
2020-02-25,Del Norte,015,27424,0,0,0,0,0
2020-02-25,El Dorado,017,186661,0,0,0,0,0
2020-02-25,Fresno,019,978130,1,0,0,0,0
2020-02-25,Glenn,021,27897,0,0,0,0,0
2020-02-25,Humboldt,023,135768,1,1,0,1,0
2020-02-25,Imperial,025,180216,3,0,0,0,0
2020-02-25,Inyo,027,18085,0,0,0,0,0
2020-02-25,Kern,029,883053,2,0,0,0,0
2020-02-25,Kings,031,150075,3,0,1,1,0
2020-02-25,Lake,033,64148,0,0,0,0,0
2020-02-25,Lassen,035,31185,0,0,0,0,0
2020-02-25,Los Angeles,037,10098052,77,1,8,9,0
2020-02-25,Madera,039,155013,2,0,0,0,0
2020-02-25,Marin,041,260295,1,0,0,0,0
2020-02-25,Mariposa,043,17540,0,0,0,0,0
2020-02-25,Mendocino,045,87422,0,0,0,0,0
2020-02-25,Merced,047,269075,0,0,0,0,0
2020-02-25,Modoc,049,8938,0,0,0,0,0
2020-02-25,Mono,051,14174,0,0,0,0,0
2020-02-25,Monterey,053,433212,1,0,0,0,0
2020-02-25,Napa,055,140530,0,0,0,0,0
2020-02-25,Nevada,057,99092,0,0,1,1,0
2020-02-25,Orange,059,3164182,46,1,0,1,0
2020-02-25,Placer,061,380077,5,0,0,0,0
2020-02-25,Plumas,063,18699,0,0,0,0,0
2020-02-25,Riverside,065,2383286,10,0,1,1,0
2020-02-25,Sacramento,067,1510023,8,1,0,1,0
2020-02-25,San Benito,069,59416,0,2,0,2,0
2020-02-25,San Bernardino,071,2135413,19,0,0,0,0
2020-02-25,San Diego,073,3302833,7,2,0,2,0
2020-02-25,San Francisco,075,870044,7,0,0,0,0
2020-02-25,San Joaquin,077,732212,5,0,2,2,0
2020-02-25,San Luis Obispo,079,281455,2,0,0,0,0
2020-02-25,San Mateo,081,765935,17,0,0,0,0
2020-02-25,Santa Barbara,083,443738,0,0,0,0,0
2020-02-25,Santa Clara,085,1922200,40,2,1,3,0
2020-02-25,Santa Cruz,087,273765,5,0,0,0,0
2020-02-25,Shasta,089,179085,0,0,0,0,0
2020-02-25,Sierra,091,2930,0,0,0,0,0
2020-02-25,Siskiyou,093,43540,0,0,0,0,0
2020-02-25,Solano,095,438530,16,21,0,21,0
2020-02-25,Sonoma,097,501317,5,0,0,0,0
2020-02-25,Stanislaus,099,539301,2,0,2,2,0
2020-02-25,Sutter,101,95872,0,0,0,0,0
2020-02-25,Tehama,103,63373,0,0,0,0,0
2020-02-25,Trinity,105,12862,0,0,0,0,0
2020-02-25,Tulare,107,460477,3,0,0,0,0
2020-02-25,Tuolumne,109,53932,0,0,0,0,0
2020-02-25,Ventura,111,848112,4,0,0,0,0
2020-02-25,Yolo,113,214977,2,0,0,0,0
2020-02-25,Yuba,115,75493,0,0,0,0,0
2020-02-24,Alameda,001,1643700,13,0,0,0,0
2020-02-24,Alpine,003,1148,0,0,0,0,0
2020-02-24,Amador,005,37829,0,0,0,0,0
2020-02-24,Butte,007,227075,0,0,0,0,0
2020-02-24,Calaveras,009,45235,0,0,0,0,0
2020-02-24,Colusa,011,21464,0,0,0,0,0
2020-02-24,Contra Costa,013,1133247,9,0,0,0,0
2020-02-24,Del Norte,015,27424,0,0,0,0,0
2020-02-24,El Dorado,017,186661,0,0,0,0,0
2020-02-24,Fresno,019,978130,1,0,0,0,0
2020-02-24,Glenn,021,27897,0,0,0,0,0
2020-02-24,Humboldt,023,135768,1,1,0,1,0
2020-02-24,Imperial,025,180216,3,0,0,0,0
2020-02-24,Inyo,027,18085,0,0,0,0,0
2020-02-24,Kern,029,883053,2,0,0,0,0
2020-02-24,Kings,031,150075,3,0,1,1,0
2020-02-24,Lake,033,64148,0,0,0,0,0
2020-02-24,Lassen,035,31185,0,0,0,0,0
2020-02-24,Los Angeles,037,10098052,72,1,8,9,0
2020-02-24,Madera,039,155013,1,0,0,0,0
2020-02-24,Marin,041,260295,1,0,0,0,0
2020-02-24,Mariposa,043,17540,0,0,0,0,0
2020-02-24,Mendocino,045,87422,0,0,0,0,0
2020-02-24,Merced,047,269075,0,0,0,0,0
2020-02-24,Modoc,049,8938,0,0,0,0,0
2020-02-24,Mono,051,14174,0,0,0,0,0
2020-02-24,Monterey,053,433212,1,0,0,0,0
2020-02-24,Napa,055,140530,0,0,0,0,0
2020-02-24,Nevada,057,99092,0,0,1,1,0
2020-02-24,Orange,059,3164182,44,1,0,1,0
2020-02-24,Placer,061,380077,3,0,0,0,0
2020-02-24,Plumas,063,18699,0,0,0,0,0
2020-02-24,Riverside,065,2383286,9,0,1,1,0
2020-02-24,Sacramento,067,1510023,7,1,0,1,0
2020-02-24,San Benito,069,59416,0,2,0,2,0
2020-02-24,San Bernardino,071,2135413,19,0,0,0,0
2020-02-24,San Diego,073,3302833,7,2,0,2,0
2020-02-24,San Francisco,075,870044,6,0,0,0,0
2020-02-24,San Joaquin,077,732212,5,0,1,1,0
2020-02-24,San Luis Obispo,079,281455,2,0,0,0,0
2020-02-24,San Mateo,081,765935,13,0,0,0,0
2020-02-24,Santa Barbara,083,443738,0,0,0,0,0
2020-02-24,Santa Clara,085,1922200,38,2,1,3,0
2020-02-24,Santa Cruz,087,273765,5,0,0,0,0
2020-02-24,Shasta,089,179085,0,0,0,0,0
2020-02-24,Sierra,091,2930,0,0,0,0,0
2020-02-24,Siskiyou,093,43540,0,0,0,0,0
2020-02-24,Solano,095,438530,13,15,0,15,0
2020-02-24,Sonoma,097,501317,5,0,0,0,0
2020-02-24,Stanislaus,099,539301,2,0,2,2,0
2020-02-24,Sutter,101,95872,0,0,0,0,0
2020-02-24,Tehama,103,63373,0,0,0,0,0
2020-02-24,Trinity,105,12862,0,0,0,0,0
2020-02-24,Tulare,107,460477,3,0,0,0,0
2020-02-24,Tuolumne,109,53932,0,0,0,0,0
2020-02-24,Ventura,111,848112,4,0,0,0,0
2020-02-24,Yolo,113,214977,2,0,0,0,0
2020-02-24,Yuba,115,75493,0,0,0,0,0
2020-02-23,Alameda,001,1643700,11,0,0,0,0
2020-02-23,Alpine,003,1148,0,0,0,0,0
2020-02-23,Amador,005,37829,0,0,0,0,0
2020-02-23,Butte,007,227075,0,0,0,0,0
2020-02-23,Calaveras,009,45235,0,0,0,0,0
2020-02-23,Colusa,011,21464,0,0,0,0,0
2020-02-23,Contra Costa,013,1133247,6,0,0,0,0
2020-02-23,Del Norte,015,27424,0,0,0,0,0
2020-02-23,El Dorado,017,186661,0,0,0,0,0
2020-02-23,Fresno,019,978130,1,0,0,0,0
2020-02-23,Glenn,021,27897,0,0,0,0,0
2020-02-23,Humboldt,023,135768,1,1,0,1,0
2020-02-23,Imperial,025,180216,3,0,0,0,0
2020-02-23,Inyo,027,18085,0,0,0,0,0
2020-02-23,Kern,029,883053,2,0,0,0,0
2020-02-23,Kings,031,150075,3,0,1,1,0
2020-02-23,Lake,033,64148,0,0,0,0,0
2020-02-23,Lassen,035,31185,0,0,0,0,0
2020-02-23,Los Angeles,037,10098052,64,1,8,9,0
2020-02-23,Madera,039,155013,1,0,0,0,0
2020-02-23,Marin,041,260295,1,0,0,0,0
2020-02-23,Mariposa,043,17540,0,0,0,0,0
2020-02-23,Mendocino,045,87422,0,0,0,0,0
2020-02-23,Merced,047,269075,0,0,0,0,0
2020-02-23,Modoc,049,8938,0,0,0,0,0
2020-02-23,Mono,051,14174,0,0,0,0,0
2020-02-23,Monterey,053,433212,1,0,0,0,0
2020-02-23,Napa,055,140530,0,0,0,0,0
2020-02-23,Nevada,057,99092,0,0,1,1,0
2020-02-23,Orange,059,3164182,44,1,0,1,0
2020-02-23,Placer,061,380077,3,0,0,0,0
2020-02-23,Plumas,063,18699,0,0,0,0,0
2020-02-23,Riverside,065,2383286,9,0,0,0,0
2020-02-23,Sacramento,067,1510023,6,1,0,1,0
2020-02-23,San Benito,069,59416,0,2,0,2,0
2020-02-23,San Bernardino,071,2135413,18,0,0,0,0
2020-02-23,San Diego,073,3302833,6,2,0,2,0
2020-02-23,San Francisco,075,870044,5,0,0,0,0
2020-02-23,San Joaquin,077,732212,4,0,1,1,0
2020-02-23,San Luis Obispo,079,281455,2,0,0,0,0
2020-02-23,San Mateo,081,765935,10,0,0,0,0
2020-02-23,Santa Barbara,083,443738,0,0,0,0,0
2020-02-23,Santa Clara,085,1922200,26,2,1,3,0
2020-02-23,Santa Cruz,087,273765,2,0,0,0,0
2020-02-23,Shasta,089,179085,0,0,0,0,0
2020-02-23,Sierra,091,2930,0,0,0,0,0
2020-02-23,Siskiyou,093,43540,0,0,0,0,0
2020-02-23,Solano,095,438530,11,15,0,15,0
2020-02-23,Sonoma,097,501317,5,0,0,0,0
2020-02-23,Stanislaus,099,539301,2,0,2,2,0
2020-02-23,Sutter,101,95872,0,0,0,0,0
2020-02-23,Tehama,103,63373,0,0,0,0,0
2020-02-23,Trinity,105,12862,0,0,0,0,0
2020-02-23,Tulare,107,460477,2,0,0,0,0
2020-02-23,Tuolumne,109,53932,0,0,0,0,0
2020-02-23,Ventura,111,848112,4,0,0,0,0
2020-02-23,Yolo,113,214977,2,0,0,0,0
2020-02-23,Yuba,115,75493,0,0,0,0,0
2020-02-22,Alameda,001,1643700,10,0,0,0,0
2020-02-22,Alpine,003,1148,0,0,0,0,0
2020-02-22,Amador,005,37829,0,0,0,0,0
2020-02-22,Butte,007,227075,0,0,0,0,0
2020-02-22,Calaveras,009,45235,0,0,0,0,0
2020-02-22,Colusa,011,21464,0,0,0,0,0
2020-02-22,Contra Costa,013,1133247,5,0,0,0,0
2020-02-22,Del Norte,015,27424,0,0,0,0,0
2020-02-22,El Dorado,017,186661,0,0,0,0,0
2020-02-22,Fresno,019,978130,1,0,0,0,0
2020-02-22,Glenn,021,27897,0,0,0,0,0
2020-02-22,Humboldt,023,135768,1,1,0,1,0
2020-02-22,Imperial,025,180216,2,0,0,0,0
2020-02-22,Inyo,027,18085,0,0,0,0,0
2020-02-22,Kern,029,883053,2,0,0,0,0
2020-02-22,Kings,031,150075,3,0,1,1,0
2020-02-22,Lake,033,64148,0,0,0,0,0
2020-02-22,Lassen,035,31185,0,0,0,0,0
2020-02-22,Los Angeles,037,10098052,62,1,8,9,0
2020-02-22,Madera,039,155013,0,0,0,0,0
2020-02-22,Marin,041,260295,1,0,0,0,0
2020-02-22,Mariposa,043,17540,0,0,0,0,0
2020-02-22,Mendocino,045,87422,0,0,0,0,0
2020-02-22,Merced,047,269075,0,0,0,0,0
2020-02-22,Modoc,049,8938,0,0,0,0,0
2020-02-22,Mono,051,14174,0,0,0,0,0
2020-02-22,Monterey,053,433212,1,0,0,0,0
2020-02-22,Napa,055,140530,0,0,0,0,0
2020-02-22,Nevada,057,99092,0,0,1,1,0
2020-02-22,Orange,059,3164182,43,1,0,1,0
2020-02-22,Placer,061,380077,3,0,0,0,0
2020-02-22,Plumas,063,18699,0,0,0,0,0
2020-02-22,Riverside,065,2383286,9,0,0,0,0
2020-02-22,Sacramento,067,1510023,6,1,0,1,0
2020-02-22,San Benito,069,59416,0,2,0,2,0
2020-02-22,San Bernardino,071,2135413,16,0,0,0,0
2020-02-22,San Diego,073,3302833,5,2,0,2,0
2020-02-22,San Francisco,075,870044,3,0,0,0,0
2020-02-22,San Joaquin,077,732212,4,0,1,1,0
2020-02-22,San Luis Obispo,079,281455,2,0,0,0,0
2020-02-22,San Mateo,081,765935,8,0,0,0,0
2020-02-22,Santa Barbara,083,443738,0,0,0,0,0
2020-02-22,Santa Clara,085,1922200,23,2,1,3,0
2020-02-22,Santa Cruz,087,273765,2,0,0,0,0
2020-02-22,Shasta,089,179085,0,0,0,0,0
2020-02-22,Sierra,091,2930,0,0,0,0,0
2020-02-22,Siskiyou,093,43540,0,0,0,0,0
2020-02-22,Solano,095,438530,11,11,0,11,0
2020-02-22,Sonoma,097,501317,4,0,0,0,0
2020-02-22,Stanislaus,099,539301,2,0,2,2,0
2020-02-22,Sutter,101,95872,0,0,0,0,0
2020-02-22,Tehama,103,63373,0,0,0,0,0
2020-02-22,Trinity,105,12862,0,0,0,0,0
2020-02-22,Tulare,107,460477,2,0,0,0,0
2020-02-22,Tuolumne,109,53932,0,0,0,0,0
2020-02-22,Ventura,111,848112,4,0,0,0,0
2020-02-22,Yolo,113,214977,1,0,0,0,0
2020-02-22,Yuba,115,75493,0,0,0,0,0
2020-02-21,Alameda,001,1643700,9,0,0,0,0
2020-02-21,Alpine,003,1148,0,0,0,0,0
2020-02-21,Amador,005,37829,0,0,0,0,0
2020-02-21,Butte,007,227075,0,0,0,0,0
2020-02-21,Calaveras,009,45235,0,0,0,0,0
2020-02-21,Colusa,011,21464,0,0,0,0,0
2020-02-21,Contra Costa,013,1133247,4,0,0,0,0
2020-02-21,Del Norte,015,27424,0,0,0,0,0
2020-02-21,El Dorado,017,186661,0,0,0,0,0
2020-02-21,Fresno,019,978130,1,0,0,0,0
2020-02-21,Glenn,021,27897,0,0,0,0,0
2020-02-21,Humboldt,023,135768,1,1,0,1,0
2020-02-21,Imperial,025,180216,2,0,0,0,0
2020-02-21,Inyo,027,18085,0,0,0,0,0
2020-02-21,Kern,029,883053,2,0,0,0,0
2020-02-21,Kings,031,150075,3,0,1,1,0
2020-02-21,Lake,033,64148,0,0,0,0,0
2020-02-21,Lassen,035,31185,0,0,0,0,0
2020-02-21,Los Angeles,037,10098052,58,1,8,9,0
2020-02-21,Madera,039,155013,0,0,0,0,0
2020-02-21,Marin,041,260295,1,0,0,0,0
2020-02-21,Mariposa,043,17540,0,0,0,0,0
2020-02-21,Mendocino,045,87422,0,0,0,0,0
2020-02-21,Merced,047,269075,0,0,0,0,0
2020-02-21,Modoc,049,8938,0,0,0,0,0
2020-02-21,Mono,051,14174,0,0,0,0,0
2020-02-21,Monterey,053,433212,1,0,0,0,0
2020-02-21,Napa,055,140530,0,0,0,0,0
2020-02-21,Nevada,057,99092,0,0,1,1,0
2020-02-21,Orange,059,3164182,41,1,0,1,0
2020-02-21,Placer,061,380077,2,0,0,0,0
2020-02-21,Plumas,063,18699,0,0,0,0,0
2020-02-21,Riverside,065,2383286,9,0,0,0,0
2020-02-21,Sacramento,067,1510023,5,1,0,1,0
2020-02-21,San Benito,069,59416,0,2,0,2,0
2020-02-21,San Bernardino,071,2135413,15,0,0,0,0
2020-02-21,San Diego,073,3302833,5,2,0,2,0
2020-02-21,San Francisco,075,870044,3,0,0,0,0
2020-02-21,San Joaquin,077,732212,2,0,1,1,0
2020-02-21,San Luis Obispo,079,281455,2,0,0,0,0
2020-02-21,San Mateo,081,765935,8,0,0,0,0
2020-02-21,Santa Barbara,083,443738,0,0,0,0,0
2020-02-21,Santa Clara,085,1922200,21,2,1,3,0
2020-02-21,Santa Cruz,087,273765,2,0,0,0,0
2020-02-21,Shasta,089,179085,0,0,0,0,0
2020-02-21,Sierra,091,2930,0,0,0,0,0
2020-02-21,Siskiyou,093,43540,0,0,0,0,0
2020-02-21,Solano,095,438530,10,11,0,11,0
2020-02-21,Sonoma,097,501317,3,0,0,0,0
2020-02-21,Stanislaus,099,539301,2,0,2,2,0
2020-02-21,Sutter,101,95872,0,0,0,0,0
2020-02-21,Tehama,103,63373,0,0,0,0,0
2020-02-21,Trinity,105,12862,0,0,0,0,0
2020-02-21,Tulare,107,460477,2,0,0,0,0
2020-02-21,Tuolumne,109,53932,0,0,0,0,0
2020-02-21,Ventura,111,848112,4,0,0,0,0
2020-02-21,Yolo,113,214977,1,0,0,0,0
2020-02-21,Yuba,115,75493,0,0,0,0,0
2020-02-20,Alameda,001,1643700,7,0,0,0,0
2020-02-20,Alpine,003,1148,0,0,0,0,0
2020-02-20,Amador,005,37829,0,0,0,0,0
2020-02-20,Butte,007,227075,0,0,0,0,0
2020-02-20,Calaveras,009,45235,0,0,0,0,0
2020-02-20,Colusa,011,21464,0,0,0,0,0
2020-02-20,Contra Costa,013,1133247,3,0,0,0,0
2020-02-20,Del Norte,015,27424,0,0,0,0,0
2020-02-20,El Dorado,017,186661,0,0,0,0,0
2020-02-20,Fresno,019,978130,1,0,0,0,0
2020-02-20,Glenn,021,27897,0,0,0,0,0
2020-02-20,Humboldt,023,135768,1,1,0,1,0
2020-02-20,Imperial,025,180216,2,0,0,0,0
2020-02-20,Inyo,027,18085,0,0,0,0,0
2020-02-20,Kern,029,883053,2,0,0,0,0
2020-02-20,Kings,031,150075,3,0,1,1,0
2020-02-20,Lake,033,64148,0,0,0,0,0
2020-02-20,Lassen,035,31185,0,0,0,0,0
2020-02-20,Los Angeles,037,10098052,57,1,7,8,0
2020-02-20,Madera,039,155013,0,0,0,0,0
2020-02-20,Marin,041,260295,0,0,0,0,0
2020-02-20,Mariposa,043,17540,0,0,0,0,0
2020-02-20,Mendocino,045,87422,0,0,0,0,0
2020-02-20,Merced,047,269075,0,0,0,0,0
2020-02-20,Modoc,049,8938,0,0,0,0,0
2020-02-20,Mono,051,14174,0,0,0,0,0
2020-02-20,Monterey,053,433212,1,0,0,0,0
2020-02-20,Napa,055,140530,0,0,0,0,0
2020-02-20,Nevada,057,99092,0,0,1,1,0
2020-02-20,Orange,059,3164182,41,1,0,1,0
2020-02-20,Placer,061,380077,2,0,0,0,0
2020-02-20,Plumas,063,18699,0,0,0,0,0
2020-02-20,Riverside,065,2383286,7,0,0,0,0
2020-02-20,Sacramento,067,1510023,2,1,0,1,0
2020-02-20,San Benito,069,59416,0,2,0,2,0
2020-02-20,San Bernardino,071,2135413,14,0,0,0,0
2020-02-20,San Diego,073,3302833,5,2,0,2,0
2020-02-20,San Francisco,075,870044,3,0,0,0,0
2020-02-20,San Joaquin,077,732212,2,0,1,1,0
2020-02-20,San Luis Obispo,079,281455,2,0,0,0,0
2020-02-20,San Mateo,081,765935,7,0,0,0,0
2020-02-20,Santa Barbara,083,443738,0,0,0,0,0
2020-02-20,Santa Clara,085,1922200,17,2,1,3,0
2020-02-20,Santa Cruz,087,273765,2,0,0,0,0
2020-02-20,Shasta,089,179085,0,0,0,0,0
2020-02-20,Sierra,091,2930,0,0,0,0,0
2020-02-20,Siskiyou,093,43540,0,0,0,0,0
2020-02-20,Solano,095,438530,8,7,0,7,0
2020-02-20,Sonoma,097,501317,2,0,0,0,0
2020-02-20,Stanislaus,099,539301,2,0,2,2,0
2020-02-20,Sutter,101,95872,0,0,0,0,0
2020-02-20,Tehama,103,63373,0,0,0,0,0
2020-02-20,Trinity,105,12862,0,0,0,0,0
2020-02-20,Tulare,107,460477,2,0,0,0,0
2020-02-20,Tuolumne,109,53932,0,0,0,0,0
2020-02-20,Ventura,111,848112,4,0,0,0,0
2020-02-20,Yolo,113,214977,1,0,0,0,0
2020-02-20,Yuba,115,75493,0,0,0,0,0
2020-02-19,Alameda,001,1643700,6,0,0,0,0
2020-02-19,Alpine,003,1148,0,0,0,0,0
2020-02-19,Amador,005,37829,0,0,0,0,0
2020-02-19,Butte,007,227075,0,0,0,0,0
2020-02-19,Calaveras,009,45235,0,0,0,0,0
2020-02-19,Colusa,011,21464,0,0,0,0,0
2020-02-19,Contra Costa,013,1133247,3,0,0,0,0
2020-02-19,Del Norte,015,27424,0,0,0,0,0
2020-02-19,El Dorado,017,186661,0,0,0,0,0
2020-02-19,Fresno,019,978130,1,0,0,0,0
2020-02-19,Glenn,021,27897,0,0,0,0,0
2020-02-19,Humboldt,023,135768,1,0,0,0,0
2020-02-19,Imperial,025,180216,2,0,0,0,0
2020-02-19,Inyo,027,18085,0,0,0,0,0
2020-02-19,Kern,029,883053,2,0,0,0,0
2020-02-19,Kings,031,150075,3,0,1,1,0
2020-02-19,Lake,033,64148,0,0,0,0,0
2020-02-19,Lassen,035,31185,0,0,0,0,0
2020-02-19,Los Angeles,037,10098052,54,1,7,8,0
2020-02-19,Madera,039,155013,0,0,0,0,0
2020-02-19,Marin,041,260295,0,0,0,0,0
2020-02-19,Mariposa,043,17540,0,0,0,0,0
2020-02-19,Mendocino,045,87422,0,0,0,0,0
2020-02-19,Merced,047,269075,0,0,0,0,0
2020-02-19,Modoc,049,8938,0,0,0,0,0
2020-02-19,Mono,051,14174,0,0,0,0,0
2020-02-19,Monterey,053,433212,1,0,0,0,0
2020-02-19,Napa,055,140530,0,0,0,0,0
2020-02-19,Nevada,057,99092,0,0,1,1,0
2020-02-19,Orange,059,3164182,40,1,0,1,0
2020-02-19,Placer,061,380077,2,0,0,0,0
2020-02-19,Plumas,063,18699,0,0,0,0,0
2020-02-19,Riverside,065,2383286,5,0,0,0,0
2020-02-19,Sacramento,067,1510023,2,0,0,0,0
2020-02-19,San Benito,069,59416,0,2,0,2,0
2020-02-19,San Bernardino,071,2135413,13,0,0,0,0
2020-02-19,San Diego,073,3302833,4,2,0,2,0
2020-02-19,San Francisco,075,870044,2,0,0,0,0
2020-02-19,San Joaquin,077,732212,2,0,1,1,0
2020-02-19,San Luis Obispo,079,281455,2,0,0,0,0
2020-02-19,San Mateo,081,765935,6,0,0,0,0
2020-02-19,Santa Barbara,083,443738,0,0,0,0,0
2020-02-19,Santa Clara,085,1922200,15,2,1,3,0
2020-02-19,Santa Cruz,087,273765,0,0,0,0,0
2020-02-19,Shasta,089,179085,0,0,0,0,0
2020-02-19,Sierra,091,2930,0,0,0,0,0
2020-02-19,Siskiyou,093,43540,0,0,0,0,0
2020-02-19,Solano,095,438530,5,7,0,7,0
2020-02-19,Sonoma,097,501317,2,0,0,0,0
2020-02-19,Stanislaus,099,539301,1,0,2,2,0
2020-02-19,Sutter,101,95872,0,0,0,0,0
2020-02-19,Tehama,103,63373,0,0,0,0,0
2020-02-19,Trinity,105,12862,0,0,0,0,0
2020-02-19,Tulare,107,460477,2,0,0,0,0
2020-02-19,Tuolumne,109,53932,0,0,0,0,0
2020-02-19,Ventura,111,848112,2,0,0,0,0
2020-02-19,Yolo,113,214977,1,0,0,0,0
2020-02-19,Yuba,115,75493,0,0,0,0,0
2020-02-18,Alameda,001,1643700,6,0,0,0,0
2020-02-18,Alpine,003,1148,0,0,0,0,0
2020-02-18,Amador,005,37829,0,0,0,0,0
2020-02-18,Butte,007,227075,0,0,0,0,0
2020-02-18,Calaveras,009,45235,0,0,0,0,0
2020-02-18,Colusa,011,21464,0,0,0,0,0
2020-02-18,Contra Costa,013,1133247,3,0,0,0,0
2020-02-18,Del Norte,015,27424,0,0,0,0,0
2020-02-18,El Dorado,017,186661,0,0,0,0,0
2020-02-18,Fresno,019,978130,0,0,0,0,0
2020-02-18,Glenn,021,27897,0,0,0,0,0
2020-02-18,Humboldt,023,135768,1,0,0,0,0
2020-02-18,Imperial,025,180216,1,0,0,0,0
2020-02-18,Inyo,027,18085,0,0,0,0,0
2020-02-18,Kern,029,883053,2,0,0,0,0
2020-02-18,Kings,031,150075,3,0,1,1,0
2020-02-18,Lake,033,64148,0,0,0,0,0
2020-02-18,Lassen,035,31185,0,0,0,0,0
2020-02-18,Los Angeles,037,10098052,51,1,6,7,0
2020-02-18,Madera,039,155013,0,0,0,0,0
2020-02-18,Marin,041,260295,0,0,0,0,0
2020-02-18,Mariposa,043,17540,0,0,0,0,0
2020-02-18,Mendocino,045,87422,0,0,0,0,0
2020-02-18,Merced,047,269075,0,0,0,0,0
2020-02-18,Modoc,049,8938,0,0,0,0,0
2020-02-18,Mono,051,14174,0,0,0,0,0
2020-02-18,Monterey,053,433212,1,0,0,0,0
2020-02-18,Napa,055,140530,0,0,0,0,0
2020-02-18,Nevada,057,99092,0,0,1,1,0
2020-02-18,Orange,059,3164182,39,1,0,1,0
2020-02-18,Placer,061,380077,0,0,0,0,0
2020-02-18,Plumas,063,18699,0,0,0,0,0
2020-02-18,Riverside,065,2383286,5,0,0,0,0
2020-02-18,Sacramento,067,1510023,2,0,0,0,0
2020-02-18,San Benito,069,59416,0,2,0,2,0
2020-02-18,San Bernardino,071,2135413,13,0,0,0,0
2020-02-18,San Diego,073,3302833,4,2,0,2,0
2020-02-18,San Francisco,075,870044,2,0,0,0,0
2020-02-18,San Joaquin,077,732212,1,0,1,1,0
2020-02-18,San Luis Obispo,079,281455,2,0,0,0,0
2020-02-18,San Mateo,081,765935,5,0,0,0,0
2020-02-18,Santa Barbara,083,443738,0,0,0,0,0
2020-02-18,Santa Clara,085,1922200,14,2,1,3,0
2020-02-18,Santa Cruz,087,273765,0,0,0,0,0
2020-02-18,Shasta,089,179085,0,0,0,0,0
2020-02-18,Sierra,091,2930,0,0,0,0,0
2020-02-18,Siskiyou,093,43540,0,0,0,0,0
2020-02-18,Solano,095,438530,5,7,0,7,0
2020-02-18,Sonoma,097,501317,1,0,0,0,0
2020-02-18,Stanislaus,099,539301,1,0,2,2,0
2020-02-18,Sutter,101,95872,0,0,0,0,0
2020-02-18,Tehama,103,63373,0,0,0,0,0
2020-02-18,Trinity,105,12862,0,0,0,0,0
2020-02-18,Tulare,107,460477,2,0,0,0,0
2020-02-18,Tuolumne,109,53932,0,0,0,0,0
2020-02-18,Ventura,111,848112,2,0,0,0,0
2020-02-18,Yolo,113,214977,1,0,0,0,0
2020-02-18,Yuba,115,75493,0,0,0,0,0
2020-02-17,Alameda,001,1643700,6,0,0,0,0
2020-02-17,Alpine,003,1148,0,0,0,0,0
2020-02-17,Amador,005,37829,0,0,0,0,0
2020-02-17,Butte,007,227075,0,0,0,0,0
2020-02-17,Calaveras,009,45235,0,0,0,0,0
2020-02-17,Colusa,011,21464,0,0,0,0,0
2020-02-17,Contra Costa,013,1133247,3,0,0,0,0
2020-02-17,Del Norte,015,27424,0,0,0,0,0
2020-02-17,El Dorado,017,186661,0,0,0,0,0
2020-02-17,Fresno,019,978130,0,0,0,0,0
2020-02-17,Glenn,021,27897,0,0,0,0,0
2020-02-17,Humboldt,023,135768,1,0,0,0,0
2020-02-17,Imperial,025,180216,1,0,0,0,0
2020-02-17,Inyo,027,18085,0,0,0,0,0
2020-02-17,Kern,029,883053,2,0,0,0,0
2020-02-17,Kings,031,150075,3,0,0,0,0
2020-02-17,Lake,033,64148,0,0,0,0,0
2020-02-17,Lassen,035,31185,0,0,0,0,0
2020-02-17,Los Angeles,037,10098052,48,1,6,7,0
2020-02-17,Madera,039,155013,0,0,0,0,0
2020-02-17,Marin,041,260295,0,0,0,0,0
2020-02-17,Mariposa,043,17540,0,0,0,0,0
2020-02-17,Mendocino,045,87422,0,0,0,0,0
2020-02-17,Merced,047,269075,0,0,0,0,0
2020-02-17,Modoc,049,8938,0,0,0,0,0
2020-02-17,Mono,051,14174,0,0,0,0,0
2020-02-17,Monterey,053,433212,1,0,0,0,0
2020-02-17,Napa,055,140530,0,0,0,0,0
2020-02-17,Nevada,057,99092,0,0,1,1,0
2020-02-17,Orange,059,3164182,39,1,0,1,0
2020-02-17,Placer,061,380077,0,0,0,0,0
2020-02-17,Plumas,063,18699,0,0,0,0,0
2020-02-17,Riverside,065,2383286,5,0,0,0,0
2020-02-17,Sacramento,067,1510023,2,0,0,0,0
2020-02-17,San Benito,069,59416,0,2,0,2,0
2020-02-17,San Bernardino,071,2135413,11,0,0,0,0
2020-02-17,San Diego,073,3302833,4,2,0,2,0
2020-02-17,San Francisco,075,870044,2,0,0,0,0
2020-02-17,San Joaquin,077,732212,1,0,1,1,0
2020-02-17,San Luis Obispo,079,281455,1,0,0,0,0
2020-02-17,San Mateo,081,765935,5,0,0,0,0
2020-02-17,Santa Barbara,083,443738,0,0,0,0,0
2020-02-17,Santa Clara,085,1922200,12,2,1,3,0
2020-02-17,Santa Cruz,087,273765,0,0,0,0,0
2020-02-17,Shasta,089,179085,0,0,0,0,0
2020-02-17,Sierra,091,2930,0,0,0,0,0
2020-02-17,Siskiyou,093,43540,0,0,0,0,0
2020-02-17,Solano,095,438530,3,5,0,5,0
2020-02-17,Sonoma,097,501317,1,0,0,0,0
2020-02-17,Stanislaus,099,539301,1,0,2,2,0
2020-02-17,Sutter,101,95872,0,0,0,0,0
2020-02-17,Tehama,103,63373,0,0,0,0,0
2020-02-17,Trinity,105,12862,0,0,0,0,0
2020-02-17,Tulare,107,460477,2,0,0,0,0
2020-02-17,Tuolumne,109,53932,0,0,0,0,0
2020-02-17,Ventura,111,848112,2,0,0,0,0
2020-02-17,Yolo,113,214977,1,0,0,0,0
2020-02-17,Yuba,115,75493,0,0,0,0,0
2020-02-16,Alameda,001,1643700,5,0,0,0,0
2020-02-16,Alpine,003,1148,0,0,0,0,0
2020-02-16,Amador,005,37829,0,0,0,0,0
2020-02-16,Butte,007,227075,0,0,0,0,0
2020-02-16,Calaveras,009,45235,0,0,0,0,0
2020-02-16,Colusa,011,21464,0,0,0,0,0
2020-02-16,Contra Costa,013,1133247,3,0,0,0,0
2020-02-16,Del Norte,015,27424,0,0,0,0,0
2020-02-16,El Dorado,017,186661,0,0,0,0,0
2020-02-16,Fresno,019,978130,0,0,0,0,0
2020-02-16,Glenn,021,27897,0,0,0,0,0
2020-02-16,Humboldt,023,135768,1,0,0,0,0
2020-02-16,Imperial,025,180216,1,0,0,0,0
2020-02-16,Inyo,027,18085,0,0,0,0,0
2020-02-16,Kern,029,883053,2,0,0,0,0
2020-02-16,Kings,031,150075,3,0,0,0,0
2020-02-16,Lake,033,64148,0,0,0,0,0
2020-02-16,Lassen,035,31185,0,0,0,0,0
2020-02-16,Los Angeles,037,10098052,42,1,6,7,0
2020-02-16,Madera,039,155013,0,0,0,0,0
2020-02-16,Marin,041,260295,0,0,0,0,0
2020-02-16,Mariposa,043,17540,0,0,0,0,0
2020-02-16,Mendocino,045,87422,0,0,0,0,0
2020-02-16,Merced,047,269075,0,0,0,0,0
2020-02-16,Modoc,049,8938,0,0,0,0,0
2020-02-16,Mono,051,14174,0,0,0,0,0
2020-02-16,Monterey,053,433212,1,0,0,0,0
2020-02-16,Napa,055,140530,0,0,0,0,0
2020-02-16,Nevada,057,99092,0,0,0,0,0
2020-02-16,Orange,059,3164182,38,1,0,1,0
2020-02-16,Placer,061,380077,0,0,0,0,0
2020-02-16,Plumas,063,18699,0,0,0,0,0
2020-02-16,Riverside,065,2383286,5,0,0,0,0
2020-02-16,Sacramento,067,1510023,2,0,0,0,0
2020-02-16,San Benito,069,59416,0,2,0,2,0
2020-02-16,San Bernardino,071,2135413,10,0,0,0,0
2020-02-16,San Diego,073,3302833,4,2,0,2,0
2020-02-16,San Francisco,075,870044,2,0,0,0,0
2020-02-16,San Joaquin,077,732212,1,0,1,1,0
2020-02-16,San Luis Obispo,079,281455,1,0,0,0,0
2020-02-16,San Mateo,081,765935,4,0,0,0,0
2020-02-16,Santa Barbara,083,443738,0,0,0,0,0
2020-02-16,Santa Clara,085,1922200,10,2,1,3,0
2020-02-16,Santa Cruz,087,273765,0,0,0,0,0
2020-02-16,Shasta,089,179085,0,0,0,0,0
2020-02-16,Sierra,091,2930,0,0,0,0,0
2020-02-16,Siskiyou,093,43540,0,0,0,0,0
2020-02-16,Solano,095,438530,1,0,0,0,0
2020-02-16,Sonoma,097,501317,1,0,0,0,0
2020-02-16,Stanislaus,099,539301,1,0,2,2,0
2020-02-16,Sutter,101,95872,0,0,0,0,0
2020-02-16,Tehama,103,63373,0,0,0,0,0
2020-02-16,Trinity,105,12862,0,0,0,0,0
2020-02-16,Tulare,107,460477,2,0,0,0,0
2020-02-16,Tuolumne,109,53932,0,0,0,0,0
2020-02-16,Ventura,111,848112,2,0,0,0,0
2020-02-16,Yolo,113,214977,1,0,0,0,0
2020-02-16,Yuba,115,75493,0,0,0,0,0
2020-02-15,Alameda,001,1643700,5,0,0,0,0
2020-02-15,Alpine,003,1148,0,0,0,0,0
2020-02-15,Amador,005,37829,0,0,0,0,0
2020-02-15,Butte,007,227075,0,0,0,0,0
2020-02-15,Calaveras,009,45235,0,0,0,0,0
2020-02-15,Colusa,011,21464,0,0,0,0,0
2020-02-15,Contra Costa,013,1133247,3,0,0,0,0
2020-02-15,Del Norte,015,27424,0,0,0,0,0
2020-02-15,El Dorado,017,186661,0,0,0,0,0
2020-02-15,Fresno,019,978130,0,0,0,0,0
2020-02-15,Glenn,021,27897,0,0,0,0,0
2020-02-15,Humboldt,023,135768,1,0,0,0,0
2020-02-15,Imperial,025,180216,1,0,0,0,0
2020-02-15,Inyo,027,18085,0,0,0,0,0
2020-02-15,Kern,029,883053,2,0,0,0,0
2020-02-15,Kings,031,150075,3,0,0,0,0
2020-02-15,Lake,033,64148,0,0,0,0,0
2020-02-15,Lassen,035,31185,0,0,0,0,0
2020-02-15,Los Angeles,037,10098052,39,1,6,7,0
2020-02-15,Madera,039,155013,0,0,0,0,0
2020-02-15,Marin,041,260295,0,0,0,0,0
2020-02-15,Mariposa,043,17540,0,0,0,0,0
2020-02-15,Mendocino,045,87422,0,0,0,0,0
2020-02-15,Merced,047,269075,0,0,0,0,0
2020-02-15,Modoc,049,8938,0,0,0,0,0
2020-02-15,Mono,051,14174,0,0,0,0,0
2020-02-15,Monterey,053,433212,1,0,0,0,0
2020-02-15,Napa,055,140530,0,0,0,0,0
2020-02-15,Nevada,057,99092,0,0,0,0,0
2020-02-15,Orange,059,3164182,37,1,0,1,0
2020-02-15,Placer,061,380077,0,0,0,0,0
2020-02-15,Plumas,063,18699,0,0,0,0,0
2020-02-15,Riverside,065,2383286,4,0,0,0,0
2020-02-15,Sacramento,067,1510023,2,0,0,0,0
2020-02-15,San Benito,069,59416,0,2,0,2,0
2020-02-15,San Bernardino,071,2135413,9,0,0,0,0
2020-02-15,San Diego,073,3302833,4,2,0,2,0
2020-02-15,San Francisco,075,870044,2,0,0,0,0
2020-02-15,San Joaquin,077,732212,1,0,1,1,0
2020-02-15,San Luis Obispo,079,281455,1,0,0,0,0
2020-02-15,San Mateo,081,765935,4,0,0,0,0
2020-02-15,Santa Barbara,083,443738,0,0,0,0,0
2020-02-15,Santa Clara,085,1922200,10,2,1,3,0
2020-02-15,Santa Cruz,087,273765,0,0,0,0,0
2020-02-15,Shasta,089,179085,0,0,0,0,0
2020-02-15,Sierra,091,2930,0,0,0,0,0
2020-02-15,Siskiyou,093,43540,0,0,0,0,0
2020-02-15,Solano,095,438530,1,0,0,0,0
2020-02-15,Sonoma,097,501317,0,0,0,0,0
2020-02-15,Stanislaus,099,539301,1,0,2,2,0
2020-02-15,Sutter,101,95872,0,0,0,0,0
2020-02-15,Tehama,103,63373,0,0,0,0,0
2020-02-15,Trinity,105,12862,0,0,0,0,0
2020-02-15,Tulare,107,460477,2,0,0,0,0
2020-02-15,Tuolumne,109,53932,0,0,0,0,0
2020-02-15,Ventura,111,848112,2,0,0,0,0
2020-02-15,Yolo,113,214977,1,0,0,0,0
2020-02-15,Yuba,115,75493,0,0,0,0,0
2020-02-14,Alameda,001,1643700,4,0,0,0,0
2020-02-14,Alpine,003,1148,0,0,0,0,0
2020-02-14,Amador,005,37829,0,0,0,0,0
2020-02-14,Butte,007,227075,0,0,0,0,0
2020-02-14,Calaveras,009,45235,0,0,0,0,0
2020-02-14,Colusa,011,21464,0,0,0,0,0
2020-02-14,Contra Costa,013,1133247,3,0,0,0,0
2020-02-14,Del Norte,015,27424,0,0,0,0,0
2020-02-14,El Dorado,017,186661,0,0,0,0,0
2020-02-14,Fresno,019,978130,0,0,0,0,0
2020-02-14,Glenn,021,27897,0,0,0,0,0
2020-02-14,Humboldt,023,135768,1,0,0,0,0
2020-02-14,Imperial,025,180216,1,0,0,0,0
2020-02-14,Inyo,027,18085,0,0,0,0,0
2020-02-14,Kern,029,883053,2,0,0,0,0
2020-02-14,Kings,031,150075,1,0,0,0,0
2020-02-14,Lake,033,64148,0,0,0,0,0
2020-02-14,Lassen,035,31185,0,0,0,0,0
2020-02-14,Los Angeles,037,10098052,34,1,6,7,0
2020-02-14,Madera,039,155013,0,0,0,0,0
2020-02-14,Marin,041,260295,0,0,0,0,0
2020-02-14,Mariposa,043,17540,0,0,0,0,0
2020-02-14,Mendocino,045,87422,0,0,0,0,0
2020-02-14,Merced,047,269075,0,0,0,0,0
2020-02-14,Modoc,049,8938,0,0,0,0,0
2020-02-14,Mono,051,14174,0,0,0,0,0
2020-02-14,Monterey,053,433212,1,0,0,0,0
2020-02-14,Napa,055,140530,0,0,0,0,0
2020-02-14,Nevada,057,99092,0,0,0,0,0
2020-02-14,Orange,059,3164182,37,1,0,1,0
2020-02-14,Placer,061,380077,0,0,0,0,0
2020-02-14,Plumas,063,18699,0,0,0,0,0
2020-02-14,Riverside,065,2383286,4,0,0,0,0
2020-02-14,Sacramento,067,1510023,1,0,0,0,0
2020-02-14,San Benito,069,59416,0,2,0,2,0
2020-02-14,San Bernardino,071,2135413,9,0,0,0,0
2020-02-14,San Diego,073,3302833,3,2,0,2,0
2020-02-14,San Francisco,075,870044,2,0,0,0,0
2020-02-14,San Joaquin,077,732212,1,0,1,1,0
2020-02-14,San Luis Obispo,079,281455,0,0,0,0,0
2020-02-14,San Mateo,081,765935,3,0,0,0,0
2020-02-14,Santa Barbara,083,443738,0,0,0,0,0
2020-02-14,Santa Clara,085,1922200,8,2,1,3,0
2020-02-14,Santa Cruz,087,273765,0,0,0,0,0
2020-02-14,Shasta,089,179085,0,0,0,0,0
2020-02-14,Sierra,091,2930,0,0,0,0,0
2020-02-14,Siskiyou,093,43540,0,0,0,0,0
2020-02-14,Solano,095,438530,1,0,0,0,0
2020-02-14,Sonoma,097,501317,0,0,0,0,0
2020-02-14,Stanislaus,099,539301,1,0,2,2,0
2020-02-14,Sutter,101,95872,0,0,0,0,0
2020-02-14,Tehama,103,63373,0,0,0,0,0
2020-02-14,Trinity,105,12862,0,0,0,0,0
2020-02-14,Tulare,107,460477,2,0,0,0,0
2020-02-14,Tuolumne,109,53932,0,0,0,0,0
2020-02-14,Ventura,111,848112,2,0,0,0,0
2020-02-14,Yolo,113,214977,1,0,0,0,0
2020-02-14,Yuba,115,75493,0,0,0,0,0
2020-02-13,Alameda,001,1643700,4,0,0,0,0
2020-02-13,Alpine,003,1148,0,0,0,0,0
2020-02-13,Amador,005,37829,0,0,0,0,0
2020-02-13,Butte,007,227075,0,0,0,0,0
2020-02-13,Calaveras,009,45235,0,0,0,0,0
2020-02-13,Colusa,011,21464,0,0,0,0,0
2020-02-13,Contra Costa,013,1133247,3,0,0,0,0
2020-02-13,Del Norte,015,27424,0,0,0,0,0
2020-02-13,El Dorado,017,186661,0,0,0,0,0
2020-02-13,Fresno,019,978130,0,0,0,0,0
2020-02-13,Glenn,021,27897,0,0,0,0,0
2020-02-13,Humboldt,023,135768,1,0,0,0,0
2020-02-13,Imperial,025,180216,1,0,0,0,0
2020-02-13,Inyo,027,18085,0,0,0,0,0
2020-02-13,Kern,029,883053,2,0,0,0,0
2020-02-13,Kings,031,150075,1,0,0,0,0
2020-02-13,Lake,033,64148,0,0,0,0,0
2020-02-13,Lassen,035,31185,0,0,0,0,0
2020-02-13,Los Angeles,037,10098052,31,1,5,6,0
2020-02-13,Madera,039,155013,0,0,0,0,0
2020-02-13,Marin,041,260295,0,0,0,0,0
2020-02-13,Mariposa,043,17540,0,0,0,0,0
2020-02-13,Mendocino,045,87422,0,0,0,0,0
2020-02-13,Merced,047,269075,0,0,0,0,0
2020-02-13,Modoc,049,8938,0,0,0,0,0
2020-02-13,Mono,051,14174,0,0,0,0,0
2020-02-13,Monterey,053,433212,1,0,0,0,0
2020-02-13,Napa,055,140530,0,0,0,0,0
2020-02-13,Nevada,057,99092,0,0,0,0,0
2020-02-13,Orange,059,3164182,36,1,0,1,0
2020-02-13,Placer,061,380077,0,0,0,0,0
2020-02-13,Plumas,063,18699,0,0,0,0,0
2020-02-13,Riverside,065,2383286,4,0,0,0,0
2020-02-13,Sacramento,067,1510023,1,0,0,0,0
2020-02-13,San Benito,069,59416,0,2,0,2,0
2020-02-13,San Bernardino,071,2135413,8,0,0,0,0
2020-02-13,San Diego,073,3302833,2,2,0,2,0
2020-02-13,San Francisco,075,870044,2,0,0,0,0
2020-02-13,San Joaquin,077,732212,1,0,1,1,0
2020-02-13,San Luis Obispo,079,281455,0,0,0,0,0
2020-02-13,San Mateo,081,765935,2,0,0,0,0
2020-02-13,Santa Barbara,083,443738,0,0,0,0,0
2020-02-13,Santa Clara,085,1922200,7,2,0,2,0
2020-02-13,Santa Cruz,087,273765,0,0,0,0,0
2020-02-13,Shasta,089,179085,0,0,0,0,0
2020-02-13,Sierra,091,2930,0,0,0,0,0
2020-02-13,Siskiyou,093,43540,0,0,0,0,0
2020-02-13,Solano,095,438530,0,0,0,0,0
2020-02-13,Sonoma,097,501317,0,0,0,0,0
2020-02-13,Stanislaus,099,539301,1,0,1,1,0
2020-02-13,Sutter,101,95872,0,0,0,0,0
2020-02-13,Tehama,103,63373,0,0,0,0,0
2020-02-13,Trinity,105,12862,0,0,0,0,0
2020-02-13,Tulare,107,460477,2,0,0,0,0
2020-02-13,Tuolumne,109,53932,0,0,0,0,0
2020-02-13,Ventura,111,848112,2,0,0,0,0
2020-02-13,Yolo,113,214977,1,0,0,0,0
2020-02-13,Yuba,115,75493,0,0,0,0,0
2020-02-12,Alameda,001,1643700,4,0,0,0,0
2020-02-12,Alpine,003,1148,0,0,0,0,0
2020-02-12,Amador,005,37829,0,0,0,0,0
2020-02-12,Butte,007,227075,0,0,0,0,0
2020-02-12,Calaveras,009,45235,0,0,0,0,0
2020-02-12,Colusa,011,21464,0,0,0,0,0
2020-02-12,Contra Costa,013,1133247,3,0,0,0,0
2020-02-12,Del Norte,015,27424,0,0,0,0,0
2020-02-12,El Dorado,017,186661,0,0,0,0,0
2020-02-12,Fresno,019,978130,0,0,0,0,0
2020-02-12,Glenn,021,27897,0,0,0,0,0
2020-02-12,Humboldt,023,135768,1,0,0,0,0
2020-02-12,Imperial,025,180216,1,0,0,0,0
2020-02-12,Inyo,027,18085,0,0,0,0,0
2020-02-12,Kern,029,883053,2,0,0,0,0
2020-02-12,Kings,031,150075,1,0,0,0,0
2020-02-12,Lake,033,64148,0,0,0,0,0
2020-02-12,Lassen,035,31185,0,0,0,0,0
2020-02-12,Los Angeles,037,10098052,30,1,5,6,0
2020-02-12,Madera,039,155013,0,0,0,0,0
2020-02-12,Marin,041,260295,0,0,0,0,0
2020-02-12,Mariposa,043,17540,0,0,0,0,0
2020-02-12,Mendocino,045,87422,0,0,0,0,0
2020-02-12,Merced,047,269075,0,0,0,0,0
2020-02-12,Modoc,049,8938,0,0,0,0,0
2020-02-12,Mono,051,14174,0,0,0,0,0
2020-02-12,Monterey,053,433212,1,0,0,0,0
2020-02-12,Napa,055,140530,0,0,0,0,0
2020-02-12,Nevada,057,99092,0,0,0,0,0
2020-02-12,Orange,059,3164182,36,1,0,1,0
2020-02-12,Placer,061,380077,0,0,0,0,0
2020-02-12,Plumas,063,18699,0,0,0,0,0
2020-02-12,Riverside,065,2383286,4,0,0,0,0
2020-02-12,Sacramento,067,1510023,1,0,0,0,0
2020-02-12,San Benito,069,59416,0,2,0,2,0
2020-02-12,San Bernardino,071,2135413,8,0,0,0,0
2020-02-12,San Diego,073,3302833,2,2,0,2,0
2020-02-12,San Francisco,075,870044,2,0,0,0,0
2020-02-12,San Joaquin,077,732212,1,0,1,1,0
2020-02-12,San Luis Obispo,079,281455,0,0,0,0,0
2020-02-12,San Mateo,081,765935,2,0,0,0,0
2020-02-12,Santa Barbara,083,443738,0,0,0,0,0
2020-02-12,Santa Clara,085,1922200,6,2,0,2,0
2020-02-12,Santa Cruz,087,273765,0,0,0,0,0
2020-02-12,Shasta,089,179085,0,0,0,0,0
2020-02-12,Sierra,091,2930,0,0,0,0,0
2020-02-12,Siskiyou,093,43540,0,0,0,0,0
2020-02-12,Solano,095,438530,0,0,0,0,0
2020-02-12,Sonoma,097,501317,0,0,0,0,0
2020-02-12,Stanislaus,099,539301,1,0,1,1,0
2020-02-12,Sutter,101,95872,0,0,0,0,0
2020-02-12,Tehama,103,63373,0,0,0,0,0
2020-02-12,Trinity,105,12862,0,0,0,0,0
2020-02-12,Tulare,107,460477,2,0,0,0,0
2020-02-12,Tuolumne,109,53932,0,0,0,0,0
2020-02-12,Ventura,111,848112,2,0,0,0,0
2020-02-12,Yolo,113,214977,1,0,0,0,0
2020-02-12,Yuba,115,75493,0,0,0,0,0
2020-02-11,Alameda,001,1643700,4,0,0,0,0
2020-02-11,Alpine,003,1148,0,0,0,0,0
2020-02-11,Amador,005,37829,0,0,0,0,0
2020-02-11,Butte,007,227075,0,0,0,0,0
2020-02-11,Calaveras,009,45235,0,0,0,0,0
2020-02-11,Colusa,011,21464,0,0,0,0,0
2020-02-11,Contra Costa,013,1133247,3,0,0,0,0
2020-02-11,Del Norte,015,27424,0,0,0,0,0
2020-02-11,El Dorado,017,186661,0,0,0,0,0
2020-02-11,Fresno,019,978130,0,0,0,0,0
2020-02-11,Glenn,021,27897,0,0,0,0,0
2020-02-11,Humboldt,023,135768,1,0,0,0,0
2020-02-11,Imperial,025,180216,1,0,0,0,0
2020-02-11,Inyo,027,18085,0,0,0,0,0
2020-02-11,Kern,029,883053,2,0,0,0,0
2020-02-11,Kings,031,150075,1,0,0,0,0
2020-02-11,Lake,033,64148,0,0,0,0,0
2020-02-11,Lassen,035,31185,0,0,0,0,0
2020-02-11,Los Angeles,037,10098052,30,1,5,6,0
2020-02-11,Madera,039,155013,0,0,0,0,0
2020-02-11,Marin,041,260295,0,0,0,0,0
2020-02-11,Mariposa,043,17540,0,0,0,0,0
2020-02-11,Mendocino,045,87422,0,0,0,0,0
2020-02-11,Merced,047,269075,0,0,0,0,0
2020-02-11,Modoc,049,8938,0,0,0,0,0
2020-02-11,Mono,051,14174,0,0,0,0,0
2020-02-11,Monterey,053,433212,1,0,0,0,0
2020-02-11,Napa,055,140530,0,0,0,0,0
2020-02-11,Nevada,057,99092,0,0,0,0,0
2020-02-11,Orange,059,3164182,35,1,0,1,0
2020-02-11,Placer,061,380077,0,0,0,0,0
2020-02-11,Plumas,063,18699,0,0,0,0,0
2020-02-11,Riverside,065,2383286,4,0,0,0,0
2020-02-11,Sacramento,067,1510023,1,0,0,0,0
2020-02-11,San Benito,069,59416,0,2,0,2,0
2020-02-11,San Bernardino,071,2135413,8,0,0,0,0
2020-02-11,San Diego,073,3302833,2,1,0,1,0
2020-02-11,San Francisco,075,870044,2,0,0,0,0
2020-02-11,San Joaquin,077,732212,0,0,1,1,0
2020-02-11,San Luis Obispo,079,281455,0,0,0,0,0
2020-02-11,San Mateo,081,765935,2,0,0,0,0
2020-02-11,Santa Barbara,083,443738,0,0,0,0,0
2020-02-11,Santa Clara,085,1922200,5,2,0,2,0
2020-02-11,Santa Cruz,087,273765,0,0,0,0,0
2020-02-11,Shasta,089,179085,0,0,0,0,0
2020-02-11,Sierra,091,2930,0,0,0,0,0
2020-02-11,Siskiyou,093,43540,0,0,0,0,0
2020-02-11,Solano,095,438530,0,0,0,0,0
2020-02-11,Sonoma,097,501317,0,0,0,0,0
2020-02-11,Stanislaus,099,539301,1,0,1,1,0
2020-02-11,Sutter,101,95872,0,0,0,0,0
2020-02-11,Tehama,103,63373,0,0,0,0,0
2020-02-11,Trinity,105,12862,0,0,0,0,0
2020-02-11,Tulare,107,460477,2,0,0,0,0
2020-02-11,Tuolumne,109,53932,0,0,0,0,0
2020-02-11,Ventura,111,848112,2,0,0,0,0
2020-02-11,Yolo,113,214977,1,0,0,0,0
2020-02-11,Yuba,115,75493,0,0,0,0,0
2020-02-10,Alameda,001,1643700,4,0,0,0,0
2020-02-10,Alpine,003,1148,0,0,0,0,0
2020-02-10,Amador,005,37829,0,0,0,0,0
2020-02-10,Butte,007,227075,0,0,0,0,0
2020-02-10,Calaveras,009,45235,0,0,0,0,0
2020-02-10,Colusa,011,21464,0,0,0,0,0
2020-02-10,Contra Costa,013,1133247,3,0,0,0,0
2020-02-10,Del Norte,015,27424,0,0,0,0,0
2020-02-10,El Dorado,017,186661,0,0,0,0,0
2020-02-10,Fresno,019,978130,0,0,0,0,0
2020-02-10,Glenn,021,27897,0,0,0,0,0
2020-02-10,Humboldt,023,135768,0,0,0,0,0
2020-02-10,Imperial,025,180216,1,0,0,0,0
2020-02-10,Inyo,027,18085,0,0,0,0,0
2020-02-10,Kern,029,883053,2,0,0,0,0
2020-02-10,Kings,031,150075,1,0,0,0,0
2020-02-10,Lake,033,64148,0,0,0,0,0
2020-02-10,Lassen,035,31185,0,0,0,0,0
2020-02-10,Los Angeles,037,10098052,28,1,5,6,0
2020-02-10,Madera,039,155013,0,0,0,0,0
2020-02-10,Marin,041,260295,0,0,0,0,0
2020-02-10,Mariposa,043,17540,0,0,0,0,0
2020-02-10,Mendocino,045,87422,0,0,0,0,0
2020-02-10,Merced,047,269075,0,0,0,0,0
2020-02-10,Modoc,049,8938,0,0,0,0,0
2020-02-10,Mono,051,14174,0,0,0,0,0
2020-02-10,Monterey,053,433212,1,0,0,0,0
2020-02-10,Napa,055,140530,0,0,0,0,0
2020-02-10,Nevada,057,99092,0,0,0,0,0
2020-02-10,Orange,059,3164182,35,1,0,1,0
2020-02-10,Placer,061,380077,0,0,0,0,0
2020-02-10,Plumas,063,18699,0,0,0,0,0
2020-02-10,Riverside,065,2383286,4,0,0,0,0
2020-02-10,Sacramento,067,1510023,1,0,0,0,0
2020-02-10,San Benito,069,59416,0,2,0,2,0
2020-02-10,San Bernardino,071,2135413,7,0,0,0,0
2020-02-10,San Diego,073,3302833,2,0,0,0,0
2020-02-10,San Francisco,075,870044,2,0,0,0,0
2020-02-10,San Joaquin,077,732212,0,0,1,1,0
2020-02-10,San Luis Obispo,079,281455,0,0,0,0,0
2020-02-10,San Mateo,081,765935,2,0,0,0,0
2020-02-10,Santa Barbara,083,443738,0,0,0,0,0
2020-02-10,Santa Clara,085,1922200,5,2,0,2,0
2020-02-10,Santa Cruz,087,273765,0,0,0,0,0
2020-02-10,Shasta,089,179085,0,0,0,0,0
2020-02-10,Sierra,091,2930,0,0,0,0,0
2020-02-10,Siskiyou,093,43540,0,0,0,0,0
2020-02-10,Solano,095,438530,0,0,0,0,0
2020-02-10,Sonoma,097,501317,0,0,0,0,0
2020-02-10,Stanislaus,099,539301,1,0,0,0,0
2020-02-10,Sutter,101,95872,0,0,0,0,0
2020-02-10,Tehama,103,63373,0,0,0,0,0
2020-02-10,Trinity,105,12862,0,0,0,0,0
2020-02-10,Tulare,107,460477,2,0,0,0,0
2020-02-10,Tuolumne,109,53932,0,0,0,0,0
2020-02-10,Ventura,111,848112,2,0,0,0,0
2020-02-10,Yolo,113,214977,1,0,0,0,0
2020-02-10,Yuba,115,75493,0,0,0,0,0
2020-02-09,Alameda,001,1643700,4,0,0,0,0
2020-02-09,Alpine,003,1148,0,0,0,0,0
2020-02-09,Amador,005,37829,0,0,0,0,0
2020-02-09,Butte,007,227075,0,0,0,0,0
2020-02-09,Calaveras,009,45235,0,0,0,0,0
2020-02-09,Colusa,011,21464,0,0,0,0,0
2020-02-09,Contra Costa,013,1133247,3,0,0,0,0
2020-02-09,Del Norte,015,27424,0,0,0,0,0
2020-02-09,El Dorado,017,186661,0,0,0,0,0
2020-02-09,Fresno,019,978130,0,0,0,0,0
2020-02-09,Glenn,021,27897,0,0,0,0,0
2020-02-09,Humboldt,023,135768,0,0,0,0,0
2020-02-09,Imperial,025,180216,1,0,0,0,0
2020-02-09,Inyo,027,18085,0,0,0,0,0
2020-02-09,Kern,029,883053,2,0,0,0,0
2020-02-09,Kings,031,150075,1,0,0,0,0
2020-02-09,Lake,033,64148,0,0,0,0,0
2020-02-09,Lassen,035,31185,0,0,0,0,0
2020-02-09,Los Angeles,037,10098052,27,1,5,6,0
2020-02-09,Madera,039,155013,0,0,0,0,0
2020-02-09,Marin,041,260295,0,0,0,0,0
2020-02-09,Mariposa,043,17540,0,0,0,0,0
2020-02-09,Mendocino,045,87422,0,0,0,0,0
2020-02-09,Merced,047,269075,0,0,0,0,0
2020-02-09,Modoc,049,8938,0,0,0,0,0
2020-02-09,Mono,051,14174,0,0,0,0,0
2020-02-09,Monterey,053,433212,1,0,0,0,0
2020-02-09,Napa,055,140530,0,0,0,0,0
2020-02-09,Nevada,057,99092,0,0,0,0,0
2020-02-09,Orange,059,3164182,35,1,0,1,0
2020-02-09,Placer,061,380077,0,0,0,0,0
2020-02-09,Plumas,063,18699,0,0,0,0,0
2020-02-09,Riverside,065,2383286,4,0,0,0,0
2020-02-09,Sacramento,067,1510023,0,0,0,0,0
2020-02-09,San Benito,069,59416,0,2,0,2,0
2020-02-09,San Bernardino,071,2135413,7,0,0,0,0
2020-02-09,San Diego,073,3302833,2,0,0,0,0
2020-02-09,San Francisco,075,870044,1,0,0,0,0
2020-02-09,San Joaquin,077,732212,0,0,1,1,0
2020-02-09,San Luis Obispo,079,281455,0,0,0,0,0
2020-02-09,San Mateo,081,765935,2,0,0,0,0
2020-02-09,Santa Barbara,083,443738,0,0,0,0,0
2020-02-09,Santa Clara,085,1922200,4,2,0,2,0
2020-02-09,Santa Cruz,087,273765,0,0,0,0,0
2020-02-09,Shasta,089,179085,0,0,0,0,0
2020-02-09,Sierra,091,2930,0,0,0,0,0
2020-02-09,Siskiyou,093,43540,0,0,0,0,0
2020-02-09,Solano,095,438530,0,0,0,0,0
2020-02-09,Sonoma,097,501317,0,0,0,0,0
2020-02-09,Stanislaus,099,539301,0,0,0,0,0
2020-02-09,Sutter,101,95872,0,0,0,0,0
2020-02-09,Tehama,103,63373,0,0,0,0,0
2020-02-09,Trinity,105,12862,0,0,0,0,0
2020-02-09,Tulare,107,460477,2,0,0,0,0
2020-02-09,Tuolumne,109,53932,0,0,0,0,0
2020-02-09,Ventura,111,848112,1,0,0,0,0
2020-02-09,Yolo,113,214977,1,0,0,0,0
2020-02-09,Yuba,115,75493,0,0,0,0,0
2020-02-08,Alameda,001,1643700,3,0,0,0,0
2020-02-08,Alpine,003,1148,0,0,0,0,0
2020-02-08,Amador,005,37829,0,0,0,0,0
2020-02-08,Butte,007,227075,0,0,0,0,0
2020-02-08,Calaveras,009,45235,0,0,0,0,0
2020-02-08,Colusa,011,21464,0,0,0,0,0
2020-02-08,Contra Costa,013,1133247,2,0,0,0,0
2020-02-08,Del Norte,015,27424,0,0,0,0,0
2020-02-08,El Dorado,017,186661,0,0,0,0,0
2020-02-08,Fresno,019,978130,0,0,0,0,0
2020-02-08,Glenn,021,27897,0,0,0,0,0
2020-02-08,Humboldt,023,135768,0,0,0,0,0
2020-02-08,Imperial,025,180216,1,0,0,0,0
2020-02-08,Inyo,027,18085,0,0,0,0,0
2020-02-08,Kern,029,883053,2,0,0,0,0
2020-02-08,Kings,031,150075,1,0,0,0,0
2020-02-08,Lake,033,64148,0,0,0,0,0
2020-02-08,Lassen,035,31185,0,0,0,0,0
2020-02-08,Los Angeles,037,10098052,23,1,3,4,0
2020-02-08,Madera,039,155013,0,0,0,0,0
2020-02-08,Marin,041,260295,0,0,0,0,0
2020-02-08,Mariposa,043,17540,0,0,0,0,0
2020-02-08,Mendocino,045,87422,0,0,0,0,0
2020-02-08,Merced,047,269075,0,0,0,0,0
2020-02-08,Modoc,049,8938,0,0,0,0,0
2020-02-08,Mono,051,14174,0,0,0,0,0
2020-02-08,Monterey,053,433212,1,0,0,0,0
2020-02-08,Napa,055,140530,0,0,0,0,0
2020-02-08,Nevada,057,99092,0,0,0,0,0
2020-02-08,Orange,059,3164182,35,1,0,1,0
2020-02-08,Placer,061,380077,0,0,0,0,0
2020-02-08,Plumas,063,18699,0,0,0,0,0
2020-02-08,Riverside,065,2383286,4,0,0,0,0
2020-02-08,Sacramento,067,1510023,0,0,0,0,0
2020-02-08,San Benito,069,59416,0,2,0,2,0
2020-02-08,San Bernardino,071,2135413,7,0,0,0,0
2020-02-08,San Diego,073,3302833,1,0,0,0,0
2020-02-08,San Francisco,075,870044,1,0,0,0,0
2020-02-08,San Joaquin,077,732212,0,0,1,1,0
2020-02-08,San Luis Obispo,079,281455,0,0,0,0,0
2020-02-08,San Mateo,081,765935,2,0,0,0,0
2020-02-08,Santa Barbara,083,443738,0,0,0,0,0
2020-02-08,Santa Clara,085,1922200,4,2,0,2,0
2020-02-08,Santa Cruz,087,273765,0,0,0,0,0
2020-02-08,Shasta,089,179085,0,0,0,0,0
2020-02-08,Sierra,091,2930,0,0,0,0,0
2020-02-08,Siskiyou,093,43540,0,0,0,0,0
2020-02-08,Solano,095,438530,0,0,0,0,0
2020-02-08,Sonoma,097,501317,0,0,0,0,0
2020-02-08,Stanislaus,099,539301,0,0,0,0,0
2020-02-08,Sutter,101,95872,0,0,0,0,0
2020-02-08,Tehama,103,63373,0,0,0,0,0
2020-02-08,Trinity,105,12862,0,0,0,0,0
2020-02-08,Tulare,107,460477,2,0,0,0,0
2020-02-08,Tuolumne,109,53932,0,0,0,0,0
2020-02-08,Ventura,111,848112,1,0,0,0,0
2020-02-08,Yolo,113,214977,1,0,0,0,0
2020-02-08,Yuba,115,75493,0,0,0,0,0
2020-02-07,Alameda,001,1643700,3,0,0,0,0
2020-02-07,Alpine,003,1148,0,0,0,0,0
2020-02-07,Amador,005,37829,0,0,0,0,0
2020-02-07,Butte,007,227075,0,0,0,0,0
2020-02-07,Calaveras,009,45235,0,0,0,0,0
2020-02-07,Colusa,011,21464,0,0,0,0,0
2020-02-07,Contra Costa,013,1133247,2,0,0,0,0
2020-02-07,Del Norte,015,27424,0,0,0,0,0
2020-02-07,El Dorado,017,186661,0,0,0,0,0
2020-02-07,Fresno,019,978130,0,0,0,0,0
2020-02-07,Glenn,021,27897,0,0,0,0,0
2020-02-07,Humboldt,023,135768,0,0,0,0,0
2020-02-07,Imperial,025,180216,1,0,0,0,0
2020-02-07,Inyo,027,18085,0,0,0,0,0
2020-02-07,Kern,029,883053,2,0,0,0,0
2020-02-07,Kings,031,150075,1,0,0,0,0
2020-02-07,Lake,033,64148,0,0,0,0,0
2020-02-07,Lassen,035,31185,0,0,0,0,0
2020-02-07,Los Angeles,037,10098052,22,1,2,3,0
2020-02-07,Madera,039,155013,0,0,0,0,0
2020-02-07,Marin,041,260295,0,0,0,0,0
2020-02-07,Mariposa,043,17540,0,0,0,0,0
2020-02-07,Mendocino,045,87422,0,0,0,0,0
2020-02-07,Merced,047,269075,0,0,0,0,0
2020-02-07,Modoc,049,8938,0,0,0,0,0
2020-02-07,Mono,051,14174,0,0,0,0,0
2020-02-07,Monterey,053,433212,1,0,0,0,0
2020-02-07,Napa,055,140530,0,0,0,0,0
2020-02-07,Nevada,057,99092,0,0,0,0,0
2020-02-07,Orange,059,3164182,33,1,0,1,0
2020-02-07,Placer,061,380077,0,0,0,0,0
2020-02-07,Plumas,063,18699,0,0,0,0,0
2020-02-07,Riverside,065,2383286,4,0,0,0,0
2020-02-07,Sacramento,067,1510023,0,0,0,0,0
2020-02-07,San Benito,069,59416,0,2,0,2,0
2020-02-07,San Bernardino,071,2135413,4,0,0,0,0
2020-02-07,San Diego,073,3302833,1,0,0,0,0
2020-02-07,San Francisco,075,870044,1,0,0,0,0
2020-02-07,San Joaquin,077,732212,0,0,1,1,0
2020-02-07,San Luis Obispo,079,281455,0,0,0,0,0
2020-02-07,San Mateo,081,765935,1,0,0,0,0
2020-02-07,Santa Barbara,083,443738,0,0,0,0,0
2020-02-07,Santa Clara,085,1922200,4,2,0,2,0
2020-02-07,Santa Cruz,087,273765,0,0,0,0,0
2020-02-07,Shasta,089,179085,0,0,0,0,0
2020-02-07,Sierra,091,2930,0,0,0,0,0
2020-02-07,Siskiyou,093,43540,0,0,0,0,0
2020-02-07,Solano,095,438530,0,0,0,0,0
2020-02-07,Sonoma,097,501317,0,0,0,0,0
2020-02-07,Stanislaus,099,539301,0,0,0,0,0
2020-02-07,Sutter,101,95872,0,0,0,0,0
2020-02-07,Tehama,103,63373,0,0,0,0,0
2020-02-07,Trinity,105,12862,0,0,0,0,0
2020-02-07,Tulare,107,460477,2,0,0,0,0
2020-02-07,Tuolumne,109,53932,0,0,0,0,0
2020-02-07,Ventura,111,848112,1,0,0,0,0
2020-02-07,Yolo,113,214977,1,0,0,0,0
2020-02-07,Yuba,115,75493,0,0,0,0,0
2020-02-06,Alameda,001,1643700,3,0,0,0,0
2020-02-06,Alpine,003,1148,0,0,0,0,0
2020-02-06,Amador,005,37829,0,0,0,0,0
2020-02-06,Butte,007,227075,0,0,0,0,0
2020-02-06,Calaveras,009,45235,0,0,0,0,0
2020-02-06,Colusa,011,21464,0,0,0,0,0
2020-02-06,Contra Costa,013,1133247,2,0,0,0,0
2020-02-06,Del Norte,015,27424,0,0,0,0,0
2020-02-06,El Dorado,017,186661,0,0,0,0,0
2020-02-06,Fresno,019,978130,0,0,0,0,0
2020-02-06,Glenn,021,27897,0,0,0,0,0
2020-02-06,Humboldt,023,135768,0,0,0,0,0
2020-02-06,Imperial,025,180216,1,0,0,0,0
2020-02-06,Inyo,027,18085,0,0,0,0,0
2020-02-06,Kern,029,883053,2,0,0,0,0
2020-02-06,Kings,031,150075,0,0,0,0,0
2020-02-06,Lake,033,64148,0,0,0,0,0
2020-02-06,Lassen,035,31185,0,0,0,0,0
2020-02-06,Los Angeles,037,10098052,21,1,2,3,0
2020-02-06,Madera,039,155013,0,0,0,0,0
2020-02-06,Marin,041,260295,0,0,0,0,0
2020-02-06,Mariposa,043,17540,0,0,0,0,0
2020-02-06,Mendocino,045,87422,0,0,0,0,0
2020-02-06,Merced,047,269075,0,0,0,0,0
2020-02-06,Modoc,049,8938,0,0,0,0,0
2020-02-06,Mono,051,14174,0,0,0,0,0
2020-02-06,Monterey,053,433212,1,0,0,0,0
2020-02-06,Napa,055,140530,0,0,0,0,0
2020-02-06,Nevada,057,99092,0,0,0,0,0
2020-02-06,Orange,059,3164182,3,1,0,1,0
2020-02-06,Placer,061,380077,0,0,0,0,0
2020-02-06,Plumas,063,18699,0,0,0,0,0
2020-02-06,Riverside,065,2383286,4,0,0,0,0
2020-02-06,Sacramento,067,1510023,0,0,0,0,0
2020-02-06,San Benito,069,59416,0,2,0,2,0
2020-02-06,San Bernardino,071,2135413,4,0,0,0,0
2020-02-06,San Diego,073,3302833,1,0,0,0,0
2020-02-06,San Francisco,075,870044,1,0,0,0,0
2020-02-06,San Joaquin,077,732212,0,0,1,1,0
2020-02-06,San Luis Obispo,079,281455,0,0,0,0,0
2020-02-06,San Mateo,081,765935,1,0,0,0,0
2020-02-06,Santa Barbara,083,443738,0,0,0,0,0
2020-02-06,Santa Clara,085,1922200,4,2,0,2,0
2020-02-06,Santa Cruz,087,273765,0,0,0,0,0
2020-02-06,Shasta,089,179085,0,0,0,0,0
2020-02-06,Sierra,091,2930,0,0,0,0,0
2020-02-06,Siskiyou,093,43540,0,0,0,0,0
2020-02-06,Solano,095,438530,0,0,0,0,0
2020-02-06,Sonoma,097,501317,0,0,0,0,0
2020-02-06,Stanislaus,099,539301,0,0,0,0,0
2020-02-06,Sutter,101,95872,0,0,0,0,0
2020-02-06,Tehama,103,63373,0,0,0,0,0
2020-02-06,Trinity,105,12862,0,0,0,0,0
2020-02-06,Tulare,107,460477,2,0,0,0,0
2020-02-06,Tuolumne,109,53932,0,0,0,0,0
2020-02-06,Ventura,111,848112,1,0,0,0,0
2020-02-06,Yolo,113,214977,1,0,0,0,0
2020-02-06,Yuba,115,75493,0,0,0,0,0
2020-02-05,Alameda,001,1643700,3,0,0,0,0
2020-02-05,Alpine,003,1148,0,0,0,0,0
2020-02-05,Amador,005,37829,0,0,0,0,0
2020-02-05,Butte,007,227075,0,0,0,0,0
2020-02-05,Calaveras,009,45235,0,0,0,0,0
2020-02-05,Colusa,011,21464,0,0,0,0,0
2020-02-05,Contra Costa,013,1133247,2,0,0,0,0
2020-02-05,Del Norte,015,27424,0,0,0,0,0
2020-02-05,El Dorado,017,186661,0,0,0,0,0
2020-02-05,Fresno,019,978130,0,0,0,0,0
2020-02-05,Glenn,021,27897,0,0,0,0,0
2020-02-05,Humboldt,023,135768,0,0,0,0,0
2020-02-05,Imperial,025,180216,1,0,0,0,0
2020-02-05,Inyo,027,18085,0,0,0,0,0
2020-02-05,Kern,029,883053,1,0,0,0,0
2020-02-05,Kings,031,150075,0,0,0,0,0
2020-02-05,Lake,033,64148,0,0,0,0,0
2020-02-05,Lassen,035,31185,0,0,0,0,0
2020-02-05,Los Angeles,037,10098052,21,1,1,2,0
2020-02-05,Madera,039,155013,0,0,0,0,0
2020-02-05,Marin,041,260295,0,0,0,0,0
2020-02-05,Mariposa,043,17540,0,0,0,0,0
2020-02-05,Mendocino,045,87422,0,0,0,0,0
2020-02-05,Merced,047,269075,0,0,0,0,0
2020-02-05,Modoc,049,8938,0,0,0,0,0
2020-02-05,Mono,051,14174,0,0,0,0,0
2020-02-05,Monterey,053,433212,1,0,0,0,0
2020-02-05,Napa,055,140530,0,0,0,0,0
2020-02-05,Nevada,057,99092,0,0,0,0,0
2020-02-05,Orange,059,3164182,1,1,0,1,0
2020-02-05,Placer,061,380077,0,0,0,0,0
2020-02-05,Plumas,063,18699,0,0,0,0,0
2020-02-05,Riverside,065,2383286,4,0,0,0,0
2020-02-05,Sacramento,067,1510023,0,0,0,0,0
2020-02-05,San Benito,069,59416,0,2,0,2,0
2020-02-05,San Bernardino,071,2135413,4,0,0,0,0
2020-02-05,San Diego,073,3302833,0,0,0,0,0
2020-02-05,San Francisco,075,870044,1,0,0,0,0
2020-02-05,San Joaquin,077,732212,0,0,1,1,0
2020-02-05,San Luis Obispo,079,281455,0,0,0,0,0
2020-02-05,San Mateo,081,765935,1,0,0,0,0
2020-02-05,Santa Barbara,083,443738,0,0,0,0,0
2020-02-05,Santa Clara,085,1922200,2,2,0,2,0
2020-02-05,Santa Cruz,087,273765,0,0,0,0,0
2020-02-05,Shasta,089,179085,0,0,0,0,0
2020-02-05,Sierra,091,2930,0,0,0,0,0
2020-02-05,Siskiyou,093,43540,0,0,0,0,0
2020-02-05,Solano,095,438530,0,0,0,0,0
2020-02-05,Sonoma,097,501317,0,0,0,0,0
2020-02-05,Stanislaus,099,539301,0,0,0,0,0
2020-02-05,Sutter,101,95872,0,0,0,0,0
2020-02-05,Tehama,103,63373,0,0,0,0,0
2020-02-05,Trinity,105,12862,0,0,0,0,0
2020-02-05,Tulare,107,460477,2,0,0,0,0
2020-02-05,Tuolumne,109,53932,0,0,0,0,0
2020-02-05,Ventura,111,848112,0,0,0,0,0
2020-02-05,Yolo,113,214977,1,0,0,0,0
2020-02-05,Yuba,115,75493,0,0,0,0,0
2020-02-04,Alameda,001,1643700,3,0,0,0,0
2020-02-04,Alpine,003,1148,0,0,0,0,0
2020-02-04,Amador,005,37829,0,0,0,0,0
2020-02-04,Butte,007,227075,0,0,0,0,0
2020-02-04,Calaveras,009,45235,0,0,0,0,0
2020-02-04,Colusa,011,21464,0,0,0,0,0
2020-02-04,Contra Costa,013,1133247,2,0,0,0,0
2020-02-04,Del Norte,015,27424,0,0,0,0,0
2020-02-04,El Dorado,017,186661,0,0,0,0,0
2020-02-04,Fresno,019,978130,0,0,0,0,0
2020-02-04,Glenn,021,27897,0,0,0,0,0
2020-02-04,Humboldt,023,135768,0,0,0,0,0
2020-02-04,Imperial,025,180216,1,0,0,0,0
2020-02-04,Inyo,027,18085,0,0,0,0,0
2020-02-04,Kern,029,883053,0,0,0,0,0
2020-02-04,Kings,031,150075,0,0,0,0,0
2020-02-04,Lake,033,64148,0,0,0,0,0
2020-02-04,Lassen,035,31185,0,0,0,0,0
2020-02-04,Los Angeles,037,10098052,21,1,1,2,0
2020-02-04,Madera,039,155013,0,0,0,0,0
2020-02-04,Marin,041,260295,0,0,0,0,0
2020-02-04,Mariposa,043,17540,0,0,0,0,0
2020-02-04,Mendocino,045,87422,0,0,0,0,0
2020-02-04,Merced,047,269075,0,0,0,0,0
2020-02-04,Modoc,049,8938,0,0,0,0,0
2020-02-04,Mono,051,14174,0,0,0,0,0
2020-02-04,Monterey,053,433212,1,0,0,0,0
2020-02-04,Napa,055,140530,0,0,0,0,0
2020-02-04,Nevada,057,99092,0,0,0,0,0
2020-02-04,Orange,059,3164182,1,1,0,1,0
2020-02-04,Placer,061,380077,0,0,0,0,0
2020-02-04,Plumas,063,18699,0,0,0,0,0
2020-02-04,Riverside,065,2383286,4,0,0,0,0
2020-02-04,Sacramento,067,1510023,0,0,0,0,0
2020-02-04,San Benito,069,59416,0,2,0,2,0
2020-02-04,San Bernardino,071,2135413,3,0,0,0,0
2020-02-04,San Diego,073,3302833,0,0,0,0,0
2020-02-04,San Francisco,075,870044,1,0,0,0,0
2020-02-04,San Joaquin,077,732212,0,0,1,1,0
2020-02-04,San Luis Obispo,079,281455,0,0,0,0,0
2020-02-04,San Mateo,081,765935,0,0,0,0,0
2020-02-04,Santa Barbara,083,443738,0,0,0,0,0
2020-02-04,Santa Clara,085,1922200,2,2,0,2,0
2020-02-04,Santa Cruz,087,273765,0,0,0,0,0
2020-02-04,Shasta,089,179085,0,0,0,0,0
2020-02-04,Sierra,091,2930,0,0,0,0,0
2020-02-04,Siskiyou,093,43540,0,0,0,0,0
2020-02-04,Solano,095,438530,0,0,0,0,0
2020-02-04,Sonoma,097,501317,0,0,0,0,0
2020-02-04,Stanislaus,099,539301,0,0,0,0,0
2020-02-04,Sutter,101,95872,0,0,0,0,0
2020-02-04,Tehama,103,63373,0,0,0,0,0
2020-02-04,Trinity,105,12862,0,0,0,0,0
2020-02-04,Tulare,107,460477,2,0,0,0,0
2020-02-04,Tuolumne,109,53932,0,0,0,0,0
2020-02-04,Ventura,111,848112,0,0,0,0,0
2020-02-04,Yolo,113,214977,1,0,0,0,0
2020-02-04,Yuba,115,75493,0,0,0,0,0
2020-02-03,Alameda,001,1643700,3,0,0,0,0
2020-02-03,Alpine,003,1148,0,0,0,0,0
2020-02-03,Amador,005,37829,0,0,0,0,0
2020-02-03,Butte,007,227075,0,0,0,0,0
2020-02-03,Calaveras,009,45235,0,0,0,0,0
2020-02-03,Colusa,011,21464,0,0,0,0,0
2020-02-03,Contra Costa,013,1133247,2,0,0,0,0
2020-02-03,Del Norte,015,27424,0,0,0,0,0
2020-02-03,El Dorado,017,186661,0,0,0,0,0
2020-02-03,Fresno,019,978130,0,0,0,0,0
2020-02-03,Glenn,021,27897,0,0,0,0,0
2020-02-03,Humboldt,023,135768,0,0,0,0,0
2020-02-03,Imperial,025,180216,1,0,0,0,0
2020-02-03,Inyo,027,18085,0,0,0,0,0
2020-02-03,Kern,029,883053,0,0,0,0,0
2020-02-03,Kings,031,150075,0,0,0,0,0
2020-02-03,Lake,033,64148,0,0,0,0,0
2020-02-03,Lassen,035,31185,0,0,0,0,0
2020-02-03,Los Angeles,037,10098052,21,1,0,1,0
2020-02-03,Madera,039,155013,0,0,0,0,0
2020-02-03,Marin,041,260295,0,0,0,0,0
2020-02-03,Mariposa,043,17540,0,0,0,0,0
2020-02-03,Mendocino,045,87422,0,0,0,0,0
2020-02-03,Merced,047,269075,0,0,0,0,0
2020-02-03,Modoc,049,8938,0,0,0,0,0
2020-02-03,Mono,051,14174,0,0,0,0,0
2020-02-03,Monterey,053,433212,1,0,0,0,0
2020-02-03,Napa,055,140530,0,0,0,0,0
2020-02-03,Nevada,057,99092,0,0,0,0,0
2020-02-03,Orange,059,3164182,1,1,0,1,0
2020-02-03,Placer,061,380077,0,0,0,0,0
2020-02-03,Plumas,063,18699,0,0,0,0,0
2020-02-03,Riverside,065,2383286,4,0,0,0,0
2020-02-03,Sacramento,067,1510023,0,0,0,0,0
2020-02-03,San Benito,069,59416,0,2,0,2,0
2020-02-03,San Bernardino,071,2135413,3,0,0,0,0
2020-02-03,San Diego,073,3302833,0,0,0,0,0
2020-02-03,San Francisco,075,870044,1,0,0,0,0
2020-02-03,San Joaquin,077,732212,0,0,1,1,0
2020-02-03,San Luis Obispo,079,281455,0,0,0,0,0
2020-02-03,San Mateo,081,765935,0,0,0,0,0
2020-02-03,Santa Barbara,083,443738,0,0,0,0,0
2020-02-03,Santa Clara,085,1922200,2,2,0,2,0
2020-02-03,Santa Cruz,087,273765,0,0,0,0,0
2020-02-03,Shasta,089,179085,0,0,0,0,0
2020-02-03,Sierra,091,2930,0,0,0,0,0
2020-02-03,Siskiyou,093,43540,0,0,0,0,0
2020-02-03,Solano,095,438530,0,0,0,0,0
2020-02-03,Sonoma,097,501317,0,0,0,0,0
2020-02-03,Stanislaus,099,539301,0,0,0,0,0
2020-02-03,Sutter,101,95872,0,0,0,0,0
2020-02-03,Tehama,103,63373,0,0,0,0,0
2020-02-03,Trinity,105,12862,0,0,0,0,0
2020-02-03,Tulare,107,460477,2,0,0,0,0
2020-02-03,Tuolumne,109,53932,0,0,0,0,0
2020-02-03,Ventura,111,848112,0,0,0,0,0
2020-02-03,Yolo,113,214977,1,0,0,0,0
2020-02-03,Yuba,115,75493,0,0,0,0,0
2020-02-02,Alameda,001,1643700,3,0,0,0,0
2020-02-02,Alpine,003,1148,0,0,0,0,0
2020-02-02,Amador,005,37829,0,0,0,0,0
2020-02-02,Butte,007,227075,0,0,0,0,0
2020-02-02,Calaveras,009,45235,0,0,0,0,0
2020-02-02,Colusa,011,21464,0,0,0,0,0
2020-02-02,Contra Costa,013,1133247,1,0,0,0,0
2020-02-02,Del Norte,015,27424,0,0,0,0,0
2020-02-02,El Dorado,017,186661,0,0,0,0,0
2020-02-02,Fresno,019,978130,0,0,0,0,0
2020-02-02,Glenn,021,27897,0,0,0,0,0
2020-02-02,Humboldt,023,135768,0,0,0,0,0
2020-02-02,Imperial,025,180216,1,0,0,0,0
2020-02-02,Inyo,027,18085,0,0,0,0,0
2020-02-02,Kern,029,883053,0,0,0,0,0
2020-02-02,Kings,031,150075,0,0,0,0,0
2020-02-02,Lake,033,64148,0,0,0,0,0
2020-02-02,Lassen,035,31185,0,0,0,0,0
2020-02-02,Los Angeles,037,10098052,17,1,0,1,0
2020-02-02,Madera,039,155013,0,0,0,0,0
2020-02-02,Marin,041,260295,0,0,0,0,0
2020-02-02,Mariposa,043,17540,0,0,0,0,0
2020-02-02,Mendocino,045,87422,0,0,0,0,0
2020-02-02,Merced,047,269075,0,0,0,0,0
2020-02-02,Modoc,049,8938,0,0,0,0,0
2020-02-02,Mono,051,14174,0,0,0,0,0
2020-02-02,Monterey,053,433212,1,0,0,0,0
2020-02-02,Napa,055,140530,0,0,0,0,0
2020-02-02,Nevada,057,99092,0,0,0,0,0
2020-02-02,Orange,059,3164182,1,1,0,1,0
2020-02-02,Placer,061,380077,0,0,0,0,0
2020-02-02,Plumas,063,18699,0,0,0,0,0
2020-02-02,Riverside,065,2383286,3,0,0,0,0
2020-02-02,Sacramento,067,1510023,0,0,0,0,0
2020-02-02,San Benito,069,59416,0,2,0,2,0
2020-02-02,San Bernardino,071,2135413,2,0,0,0,0
2020-02-02,San Diego,073,3302833,0,0,0,0,0
2020-02-02,San Francisco,075,870044,1,0,0,0,0
2020-02-02,San Joaquin,077,732212,0,0,1,1,0
2020-02-02,San Luis Obispo,079,281455,0,0,0,0,0
2020-02-02,San Mateo,081,765935,0,0,0,0,0
2020-02-02,Santa Barbara,083,443738,0,0,0,0,0
2020-02-02,Santa Clara,085,1922200,2,2,0,2,0
2020-02-02,Santa Cruz,087,273765,0,0,0,0,0
2020-02-02,Shasta,089,179085,0,0,0,0,0
2020-02-02,Sierra,091,2930,0,0,0,0,0
2020-02-02,Siskiyou,093,43540,0,0,0,0,0
2020-02-02,Solano,095,438530,0,0,0,0,0
2020-02-02,Sonoma,097,501317,0,0,0,0,0
2020-02-02,Stanislaus,099,539301,0,0,0,0,0
2020-02-02,Sutter,101,95872,0,0,0,0,0
2020-02-02,Tehama,103,63373,0,0,0,0,0
2020-02-02,Trinity,105,12862,0,0,0,0,0
2020-02-02,Tulare,107,460477,2,0,0,0,0
2020-02-02,Tuolumne,109,53932,0,0,0,0,0
2020-02-02,Ventura,111,848112,0,0,0,0,0
2020-02-02,Yolo,113,214977,1,0,0,0,0
2020-02-02,Yuba,115,75493,0,0,0,0,0
2020-02-01,Alameda,001,1643700,3,0,0,0,0
2020-02-01,Alpine,003,1148,0,0,0,0,0
2020-02-01,Amador,005,37829,0,0,0,0,0
2020-02-01,Butte,007,227075,0,0,0,0,0
2020-02-01,Calaveras,009,45235,0,0,0,0,0
2020-02-01,Colusa,011,21464,0,0,0,0,0
2020-02-01,Contra Costa,013,1133247,0,0,0,0,0
2020-02-01,Del Norte,015,27424,0,0,0,0,0
2020-02-01,El Dorado,017,186661,0,0,0,0,0
2020-02-01,Fresno,019,978130,0,0,0,0,0
2020-02-01,Glenn,021,27897,0,0,0,0,0
2020-02-01,Humboldt,023,135768,0,0,0,0,0
2020-02-01,Imperial,025,180216,0,0,0,0,0
2020-02-01,Inyo,027,18085,0,0,0,0,0
2020-02-01,Kern,029,883053,0,0,0,0,0
2020-02-01,Kings,031,150075,0,0,0,0,0
2020-02-01,Lake,033,64148,0,0,0,0,0
2020-02-01,Lassen,035,31185,0,0,0,0,0
2020-02-01,Los Angeles,037,10098052,13,1,0,1,0
2020-02-01,Madera,039,155013,0,0,0,0,0
2020-02-01,Marin,041,260295,0,0,0,0,0
2020-02-01,Mariposa,043,17540,0,0,0,0,0
2020-02-01,Mendocino,045,87422,0,0,0,0,0
2020-02-01,Merced,047,269075,0,0,0,0,0
2020-02-01,Modoc,049,8938,0,0,0,0,0
2020-02-01,Mono,051,14174,0,0,0,0,0
2020-02-01,Monterey,053,433212,0,0,0,0,0
2020-02-01,Napa,055,140530,0,0,0,0,0
2020-02-01,Nevada,057,99092,0,0,0,0,0
2020-02-01,Orange,059,3164182,1,1,0,1,0
2020-02-01,Placer,061,380077,0,0,0,0,0
2020-02-01,Plumas,063,18699,0,0,0,0,0
2020-02-01,Riverside,065,2383286,2,0,0,0,0
2020-02-01,Sacramento,067,1510023,0,0,0,0,0
2020-02-01,San Benito,069,59416,0,0,0,0,0
2020-02-01,San Bernardino,071,2135413,1,0,0,0,0
2020-02-01,San Diego,073,3302833,0,0,0,0,0
2020-02-01,San Francisco,075,870044,1,0,0,0,0
2020-02-01,San Joaquin,077,732212,0,0,1,1,0
2020-02-01,San Luis Obispo,079,281455,0,0,0,0,0
2020-02-01,San Mateo,081,765935,0,0,0,0,0
2020-02-01,Santa Barbara,083,443738,0,0,0,0,0
2020-02-01,Santa Clara,085,1922200,2,1,0,1,0
2020-02-01,Santa Cruz,087,273765,0,0,0,0,0
2020-02-01,Shasta,089,179085,0,0,0,0,0
2020-02-01,Sierra,091,2930,0,0,0,0,0
2020-02-01,Siskiyou,093,43540,0,0,0,0,0
2020-02-01,Solano,095,438530,0,0,0,0,0
2020-02-01,Sonoma,097,501317,0,0,0,0,0
2020-02-01,Stanislaus,099,539301,0,0,0,0,0
2020-02-01,Sutter,101,95872,0,0,0,0,0
2020-02-01,Tehama,103,63373,0,0,0,0,0
2020-02-01,Trinity,105,12862,0,0,0,0,0
2020-02-01,Tulare,107,460477,1,0,0,0,0
2020-02-01,Tuolumne,109,53932,0,0,0,0,0
2020-02-01,Ventura,111,848112,0,0,0,0,0
2020-02-01,Yolo,113,214977,0,0,0,0,0
2020-02-01,Yuba,115,75493,0,0,0,0,0
