date,county,fips,population,confirmed_cases,reported_cases,probable_cases,reported_and_probable_cases,reported_deaths
2022-07-14,Alameda,001,1643700,318437,318442,18398,336840,1911
2022-07-14,Alpine,003,1148,130,130,1,131,0
2022-07-14,Amador,005,37829,9436,9437,803,10240,87
2022-07-14,Butte,007,227075,36644,36644,7927,44571,440
2022-07-14,Calaveras,009,45235,7994,7994,449,8443,126
2022-07-14,Colusa,011,21464,3615,3617,1193,4810,22
2022-07-14,Contra Costa,013,1133247,228632,228634,17906,246540,1356
2022-07-14,Del Norte,015,27424,6860,6860,386,7246,54
2022-07-14,El Dorado,017,186661,30461,30461,3891,34352,219
2022-07-14,Fresno,019,978130,254086,254088,27187,281275,2790
2022-07-14,Glenn,021,27897,5273,5273,1765,7038,48
2022-07-14,Humboldt,023,135768,20013,20016,4127,24143,150
2022-07-14,Imperial,025,180216,60549,60550,12828,73378,944
2022-07-14,Inyo,027,18085,4343,4343,747,5090,56
2022-07-14,Kern,029,883053,206455,206466,53038,259504,2364
2022-07-14,Kings,031,150075,55430,55432,3872,59304,449
2022-07-14,Lake,033,64148,11835,11835,1048,12883,141
2022-07-14,Lassen,035,31185,9425,9425,966,10391,64
2022-07-14,Los Angeles,037,10098052,3042449,3042708,154249,3196957,32248
2022-07-14,Madera,039,155013,40625,40627,7032,47659,372
2022-07-14,Marin,041,260295,41825,41829,4856,46685,300
2022-07-14,Mariposa,043,17540,2866,2866,288,3154,30
2022-07-14,Mendocino,045,87422,14799,14799,3925,18724,131
2022-07-14,Merced,047,269075,67413,67416,10119,77535,833
2022-07-14,Modoc,049,8938,799,799,287,1086,9
2022-07-14,Mono,051,14174,3131,3131,203,3334,7
2022-07-14,Monterey,053,433212,88117,88118,18179,106297,747
2022-07-14,Napa,055,140530,30175,30176,1333,31509,145
2022-07-14,Nevada,057,99092,17936,17941,1551,19492,131
2022-07-14,Orange,059,3164182,620413,620414,53220,673634,7161
2022-07-14,Placer,061,380077,71232,71232,8602,79834,637
2022-07-14,Plumas,063,18699,3406,3406,415,3821,13
2022-07-14,Riverside,065,2383286,647272,647328,32144,679472,6508
2022-07-14,Sacramento,067,1510023,322785,322788,32194,354982,3119
2022-07-14,San Benito,069,59416,14867,14869,778,15647,100
2022-07-14,San Bernardino,071,2135413,618432,618482,27856,646338,7914
2022-07-14,San Diego,073,3302833,857262,857262,64045,921307,5370
2022-07-14,San Francisco,075,870044,164845,164853,11110,175963,928
2022-07-14,San Joaquin,077,732212,184180,184187,12651,196838,2262
2022-07-14,San Luis Obispo,079,281455,59426,59437,6164,65601,499
2022-07-14,San Mateo,081,765935,154959,154961,9911,164872,723
2022-07-14,Santa Barbara,083,443738,97600,97600,5835,103435,702
2022-07-14,Santa Clara,085,1922200,395449,395466,17313,412779,2371
2022-07-14,Santa Cruz,087,273765,57531,57531,2985,60516,267
2022-07-14,Shasta,089,179085,32871,32871,6777,39648,575
2022-07-14,Sierra,091,2930,291,291,59,350,4
2022-07-14,Siskiyou,093,43540,4899,4899,3106,8005,83
2022-07-14,Solano,095,438530,96962,96974,7098,104072,457
2022-07-14,Sonoma,097,501317,99672,99679,4579,104258,499
2022-07-14,Stanislaus,099,539301,128416,128436,19591,148027,1692
2022-07-14,Sutter,101,95872,22447,22452,2403,24855,228
2022-07-14,Tehama,103,63373,12860,12860,2865,15725,205
2022-07-14,Trinity,105,12862,1304,1304,324,1628,20
2022-07-14,Tulare,107,460477,114398,114399,32687,147086,1510
2022-07-14,Tuolumne,109,53932,14280,14280,851,15131,196
2022-07-14,Ventura,111,848112,193963,193965,12796,206761,1519
2022-07-14,Yolo,113,214977,44703,44703,4019,48722,324
2022-07-14,Yuba,115,75493,17564,17567,1536,19103,124
2022-07-13,Alameda,001,1643700,318437,316026,18398,334424,1911
2022-07-13,Alpine,003,1148,130,129,1,130,0
2022-07-13,Amador,005,37829,9436,9388,803,10191,87
2022-07-13,Butte,007,227075,36644,36405,7927,44332,439
2022-07-13,Calaveras,009,45235,7994,7945,449,8394,125
2022-07-13,Colusa,011,21464,3615,3606,1193,4799,22
2022-07-13,Contra Costa,013,1133247,228632,226833,17906,244739,1356
2022-07-13,Del Norte,015,27424,6860,6790,386,7176,54
2022-07-13,El Dorado,017,186661,30461,30273,3891,34164,218
2022-07-13,Fresno,019,978130,254086,252573,27187,279760,2786
2022-07-13,Glenn,021,27897,5273,5256,1765,7021,48
2022-07-13,Humboldt,023,135768,20013,19854,4127,23981,150
2022-07-13,Imperial,025,180216,60549,60011,12828,72839,944
2022-07-13,Inyo,027,18085,4343,4324,747,5071,56
2022-07-13,Kern,029,883053,206455,205428,53038,258466,2359
2022-07-13,Kings,031,150075,55430,55138,3872,59010,449
2022-07-13,Lake,033,64148,11835,11773,1048,12821,140
2022-07-13,Lassen,035,31185,9425,9381,966,10347,64
2022-07-13,Los Angeles,037,10098052,3042449,3024953,154249,3179202,32206
2022-07-13,Madera,039,155013,40625,40378,7032,47410,372
2022-07-13,Marin,041,260295,41825,41616,4856,46472,300
2022-07-13,Mariposa,043,17540,2866,2847,288,3135,30
2022-07-13,Mendocino,045,87422,14799,14713,3925,18638,128
2022-07-13,Merced,047,269075,67413,67028,10119,77147,832
2022-07-13,Modoc,049,8938,799,791,287,1078,9
2022-07-13,Mono,051,14174,3131,3131,203,3334,7
2022-07-13,Monterey,053,433212,88117,87575,18179,105754,745
2022-07-13,Napa,055,140530,30175,30032,1333,31365,145
2022-07-13,Nevada,057,99092,17936,17849,1551,19400,131
2022-07-13,Orange,059,3164182,620413,616278,53220,669498,7147
2022-07-13,Placer,061,380077,71232,70890,8602,79492,637
2022-07-13,Plumas,063,18699,3406,3354,415,3769,13
2022-07-13,Riverside,065,2383286,647272,643472,32144,675616,6504
2022-07-13,Sacramento,067,1510023,322785,321076,32194,353270,3114
2022-07-13,San Benito,069,59416,14867,14774,778,15552,100
2022-07-13,San Bernardino,071,2135413,618432,614957,27856,642813,7907
2022-07-13,San Diego,073,3302833,857262,851596,64045,915641,5363
2022-07-13,San Francisco,075,870044,164845,163635,11110,174745,919
2022-07-13,San Joaquin,077,732212,184180,183283,12651,195934,2260
2022-07-13,San Luis Obispo,079,281455,59426,59134,6164,65298,498
2022-07-13,San Mateo,081,765935,154959,153875,9911,163786,723
2022-07-13,Santa Barbara,083,443738,97600,97053,5835,102888,699
2022-07-13,Santa Clara,085,1922200,395449,392415,17313,409728,2365
2022-07-13,Santa Cruz,087,273765,57531,57124,2985,60109,267
2022-07-13,Shasta,089,179085,32871,32708,6777,39485,574
2022-07-13,Sierra,091,2930,291,289,59,348,4
2022-07-13,Siskiyou,093,43540,4899,4873,3106,7979,82
2022-07-13,Solano,095,438530,96962,96479,7098,103577,455
2022-07-13,Sonoma,097,501317,99672,99173,4579,103752,499
2022-07-13,Stanislaus,099,539301,128416,127845,19591,147436,1689
2022-07-13,Sutter,101,95872,22447,22331,2403,24734,228
2022-07-13,Tehama,103,63373,12860,12793,2865,15658,205
2022-07-13,Trinity,105,12862,1304,1293,324,1617,20
2022-07-13,Tulare,107,460477,114398,113830,32687,146517,1508
2022-07-13,Tuolumne,109,53932,14280,14159,851,15010,194
2022-07-13,Ventura,111,848112,193963,192923,12796,205719,1518
2022-07-13,Yolo,113,214977,44703,44447,4019,48466,326
2022-07-13,Yuba,115,75493,17564,17464,1536,19000,124
2022-07-12,Alameda,001,1643700,318351,316026,18398,334424,1911
2022-07-12,Alpine,003,1148,130,129,1,130,0
2022-07-12,Amador,005,37829,9430,9388,802,10190,87
2022-07-12,Butte,007,227075,36631,36405,7927,44332,439
2022-07-12,Calaveras,009,45235,7988,7945,449,8394,125
2022-07-12,Colusa,011,21464,3614,3606,1190,4796,22
2022-07-12,Contra Costa,013,1133247,228561,226833,17906,244739,1356
2022-07-12,Del Norte,015,27424,6858,6790,386,7176,54
2022-07-12,El Dorado,017,186661,30448,30273,3891,34164,218
2022-07-12,Fresno,019,978130,253975,252573,27187,279760,2786
2022-07-12,Glenn,021,27897,5273,5256,1765,7021,48
2022-07-12,Humboldt,023,135768,20002,19854,4127,23981,150
2022-07-12,Imperial,025,180216,60528,60011,12828,72839,944
2022-07-12,Inyo,027,18085,4339,4324,747,5071,56
2022-07-12,Kern,029,883053,206419,205428,53029,258457,2359
2022-07-12,Kings,031,150075,55399,55138,3869,59007,449
2022-07-12,Lake,033,64148,11827,11773,1048,12821,140
2022-07-12,Lassen,035,31185,9423,9381,966,10347,64
2022-07-12,Los Angeles,037,10098052,3042285,3024953,154222,3179175,32206
2022-07-12,Madera,039,155013,40602,40378,7032,47410,372
2022-07-12,Marin,041,260295,41815,41616,4856,46472,300
2022-07-12,Mariposa,043,17540,2861,2847,288,3135,30
2022-07-12,Mendocino,045,87422,14786,14713,3925,18638,128
2022-07-12,Merced,047,269075,67398,67028,10116,77144,832
2022-07-12,Modoc,049,8938,799,791,287,1078,9
2022-07-12,Mono,051,14174,3131,3131,203,3334,7
2022-07-12,Monterey,053,433212,88068,87575,18179,105754,745
2022-07-12,Napa,055,140530,30162,30032,1333,31365,145
2022-07-12,Nevada,057,99092,17936,17849,1551,19400,131
2022-07-12,Orange,059,3164182,620211,616278,53220,669498,7147
2022-07-12,Placer,061,380077,71203,70890,8602,79492,637
2022-07-12,Plumas,063,18699,3398,3354,414,3768,13
2022-07-12,Riverside,065,2383286,647154,643472,32138,675610,6504
2022-07-12,Sacramento,067,1510023,322713,321076,32193,353269,3114
2022-07-12,San Benito,069,59416,14858,14774,778,15552,100
2022-07-12,San Bernardino,071,2135413,618350,614957,27855,642812,7907
2022-07-12,San Diego,073,3302833,856988,851596,63753,915349,5363
2022-07-12,San Francisco,075,870044,164768,163635,11110,174745,919
2022-07-12,San Joaquin,077,732212,184100,183283,12649,195932,2260
2022-07-12,San Luis Obispo,079,281455,59412,59134,6161,65295,498
2022-07-12,San Mateo,081,765935,154901,153875,9911,163786,723
2022-07-12,Santa Barbara,083,443738,97527,97053,5834,102887,699
2022-07-12,Santa Clara,085,1922200,395339,392415,17313,409728,2365
2022-07-12,Santa Cruz,087,273765,57528,57124,2985,60109,267
2022-07-12,Shasta,089,179085,32866,32708,6777,39485,574
2022-07-12,Sierra,091,2930,291,289,59,348,4
2022-07-12,Siskiyou,093,43540,4894,4873,3106,7979,82
2022-07-12,Solano,095,438530,96943,96479,7098,103577,455
2022-07-12,Sonoma,097,501317,99654,99173,4579,103752,499
2022-07-12,Stanislaus,099,539301,128356,127845,19575,147420,1689
2022-07-12,Sutter,101,95872,22434,22331,2403,24734,228
2022-07-12,Tehama,103,63373,12860,12793,2863,15656,205
2022-07-12,Trinity,105,12862,1304,1293,324,1617,20
2022-07-12,Tulare,107,460477,114360,113830,32681,146511,1508
2022-07-12,Tuolumne,109,53932,14264,14159,851,15010,194
2022-07-12,Ventura,111,848112,193930,192923,12774,205697,1518
2022-07-12,Yolo,113,214977,44690,44447,4019,48466,326
2022-07-12,Yuba,115,75493,17545,17464,1525,18989,124
2022-07-11,Alameda,001,1643700,317757,316026,18397,334423,1911
2022-07-11,Alpine,003,1148,130,129,1,130,0
2022-07-11,Amador,005,37829,9425,9388,799,10187,87
2022-07-11,Butte,007,227075,36581,36405,7927,44332,439
2022-07-11,Calaveras,009,45235,7978,7945,448,8393,125
2022-07-11,Colusa,011,21464,3610,3606,1187,4793,22
2022-07-11,Contra Costa,013,1133247,228183,226833,17906,244739,1356
2022-07-11,Del Norte,015,27424,6840,6790,386,7176,54
2022-07-11,El Dorado,017,186661,30403,30273,3891,34164,218
2022-07-11,Fresno,019,978130,253592,252573,27186,279759,2786
2022-07-11,Glenn,021,27897,5271,5256,1763,7019,48
2022-07-11,Humboldt,023,135768,19949,19854,4126,23980,150
2022-07-11,Imperial,025,180216,60424,60011,12827,72838,944
2022-07-11,Inyo,027,18085,4338,4324,747,5071,56
2022-07-11,Kern,029,883053,206309,205428,53028,258456,2359
2022-07-11,Kings,031,150075,55331,55138,3864,59002,449
2022-07-11,Lake,033,64148,11804,11773,1048,12821,140
2022-07-11,Lassen,035,31185,9419,9381,966,10347,64
2022-07-11,Los Angeles,037,10098052,3039798,3024953,153840,3178793,32206
2022-07-11,Madera,039,155013,40543,40378,7032,47410,372
2022-07-11,Marin,041,260295,41760,41616,4855,46471,300
2022-07-11,Mariposa,043,17540,2855,2847,288,3135,30
2022-07-11,Mendocino,045,87422,14766,14713,3925,18638,128
2022-07-11,Merced,047,269075,67328,67028,10104,77132,832
2022-07-11,Modoc,049,8938,795,791,287,1078,9
2022-07-11,Mono,051,14174,3131,3131,203,3334,7
2022-07-11,Monterey,053,433212,87963,87575,18173,105748,745
2022-07-11,Napa,055,140530,30128,30032,1332,31364,145
2022-07-11,Nevada,057,99092,17926,17849,1551,19400,131
2022-07-11,Orange,059,3164182,619365,616278,53219,669497,7147
2022-07-11,Placer,061,380077,71144,70890,8598,79488,637
2022-07-11,Plumas,063,18699,3385,3354,414,3768,13
2022-07-11,Riverside,065,2383286,646377,643472,32137,675609,6504
2022-07-11,Sacramento,067,1510023,322377,321076,32191,353267,3114
2022-07-11,San Benito,069,59416,14823,14774,778,15552,100
2022-07-11,San Bernardino,071,2135413,617518,614957,27855,642812,7907
2022-07-11,San Diego,073,3302833,855767,851596,63469,915065,5363
2022-07-11,San Francisco,075,870044,164423,163635,11110,174745,919
2022-07-11,San Joaquin,077,732212,183863,183283,12642,195925,2260
2022-07-11,San Luis Obispo,079,281455,59362,59134,6146,65280,498
2022-07-11,San Mateo,081,765935,154622,153875,9911,163786,723
2022-07-11,Santa Barbara,083,443738,97372,97053,5834,102887,699
2022-07-11,Santa Clara,085,1922200,394451,392415,17313,409728,2365
2022-07-11,Santa Cruz,087,273765,57468,57124,2984,60108,267
2022-07-11,Shasta,089,179085,32846,32708,6777,39485,574
2022-07-11,Sierra,091,2930,291,289,59,348,4
2022-07-11,Siskiyou,093,43540,4892,4873,3106,7979,82
2022-07-11,Solano,095,438530,96811,96479,7098,103577,455
2022-07-11,Sonoma,097,501317,99543,99173,4578,103751,499
2022-07-11,Stanislaus,099,539301,128216,127845,19552,147397,1689
2022-07-11,Sutter,101,95872,22396,22331,2403,24734,228
2022-07-11,Tehama,103,63373,12859,12793,2861,15654,205
2022-07-11,Trinity,105,12862,1303,1293,324,1617,20
2022-07-11,Tulare,107,460477,114229,113830,32665,146495,1508
2022-07-11,Tuolumne,109,53932,14229,14159,851,15010,194
2022-07-11,Ventura,111,848112,193718,192923,12747,205670,1518
2022-07-11,Yolo,113,214977,44649,44447,4019,48466,326
2022-07-11,Yuba,115,75493,17520,17464,1523,18987,124
2022-07-10,Alameda,001,1643700,316758,312651,18391,331042,1912
2022-07-10,Alpine,003,1148,130,129,1,130,0
2022-07-10,Amador,005,37829,9413,9335,798,10133,87
2022-07-10,Butte,007,227075,36481,36165,7927,44092,438
2022-07-10,Calaveras,009,45235,7959,7895,448,8343,125
2022-07-10,Colusa,011,21464,3610,3586,1180,4766,22
2022-07-10,Contra Costa,013,1133247,227655,224718,17906,242624,1351
2022-07-10,Del Norte,015,27424,6805,6666,386,7052,54
2022-07-10,El Dorado,017,186661,30330,30070,3889,33959,218
2022-07-10,Fresno,019,978130,253008,250379,27186,277565,2786
2022-07-10,Glenn,021,27897,5268,5231,1761,6992,48
2022-07-10,Humboldt,023,135768,19902,19677,4124,23801,149
2022-07-10,Imperial,025,180216,60252,59558,12812,72370,944
2022-07-10,Inyo,027,18085,4332,4297,747,5044,56
2022-07-10,Kern,029,883053,205885,204128,53027,257155,2359
2022-07-10,Kings,031,150075,55180,54725,3863,58588,449
2022-07-10,Lake,033,64148,11782,11685,1048,12733,140
2022-07-10,Lassen,035,31185,9405,9362,966,10328,64
2022-07-10,Los Angeles,037,10098052,3035026,3002013,153261,3155274,32151
2022-07-10,Madera,039,155013,40458,40081,7032,47113,372
2022-07-10,Marin,041,260295,41673,41271,4848,46119,302
2022-07-10,Mariposa,043,17540,2852,2805,288,3093,30
2022-07-10,Mendocino,045,87422,14746,14610,3925,18535,128
2022-07-10,Merced,047,269075,67185,66616,10103,76719,832
2022-07-10,Modoc,049,8938,795,789,287,1076,9
2022-07-10,Mono,051,14174,3131,3119,203,3322,7
2022-07-10,Monterey,053,433212,87799,87002,18167,105169,745
2022-07-10,Napa,055,140530,30074,29807,1332,31139,145
2022-07-10,Nevada,057,99092,17874,17693,1551,19244,131
2022-07-10,Orange,059,3164182,617835,610975,53219,664194,7132
2022-07-10,Placer,061,380077,71035,70401,8591,78992,632
2022-07-10,Plumas,063,18699,3370,3339,414,3753,13
2022-07-10,Riverside,065,2383286,644986,638193,32128,670321,6506
2022-07-10,Sacramento,067,1510023,321711,318556,32187,350743,3108
2022-07-10,San Benito,069,59416,14790,14628,778,15406,100
2022-07-10,San Bernardino,071,2135413,616281,610086,27855,637941,7893
2022-07-10,San Diego,073,3302833,853484,844085,63235,907320,5357
2022-07-10,San Francisco,075,870044,163934,161931,11109,173040,914
2022-07-10,San Joaquin,077,732212,183533,181958,12635,194593,2257
2022-07-10,San Luis Obispo,079,281455,59258,58636,6136,64772,498
2022-07-10,San Mateo,081,765935,154233,152319,9911,162230,723
2022-07-10,Santa Barbara,083,443738,97173,96266,5833,102099,697
2022-07-10,Santa Clara,085,1922200,393515,388270,17312,405582,2360
2022-07-10,Santa Cruz,087,273765,57265,56455,2984,59439,266
2022-07-10,Shasta,089,179085,32791,32536,6777,39313,576
2022-07-10,Sierra,091,2930,290,291,59,350,4
2022-07-10,Siskiyou,093,43540,4884,4855,3104,7959,82
2022-07-10,Solano,095,438530,96577,95651,7096,102747,455
2022-07-10,Sonoma,097,501317,99369,98430,4576,103006,496
2022-07-10,Stanislaus,099,539301,128020,126897,19523,146420,1686
2022-07-10,Sutter,101,95872,22355,22165,2403,24568,228
2022-07-10,Tehama,103,63373,12838,12716,2858,15574,205
2022-07-10,Trinity,105,12862,1300,1272,324,1596,20
2022-07-10,Tulare,107,460477,114002,113002,32634,145636,1508
2022-07-10,Tuolumne,109,53932,14202,14019,850,14869,194
2022-07-10,Ventura,111,848112,193303,191462,12724,204186,1518
2022-07-10,Yolo,113,214977,44586,44152,4018,48170,323
2022-07-10,Yuba,115,75493,17485,17345,1523,18868,125
2022-07-09,Alameda,001,1643700,316387,312651,18369,331020,1912
2022-07-09,Alpine,003,1148,130,129,1,130,0
2022-07-09,Amador,005,37829,9408,9335,797,10132,87
2022-07-09,Butte,007,227075,36447,36165,7914,44079,438
2022-07-09,Calaveras,009,45235,7950,7895,447,8342,125
2022-07-09,Colusa,011,21464,3608,3586,1180,4766,22
2022-07-09,Contra Costa,013,1133247,227440,224718,17868,242586,1351
2022-07-09,Del Norte,015,27424,6798,6666,386,7052,54
2022-07-09,El Dorado,017,186661,30298,30070,3889,33959,218
2022-07-09,Fresno,019,978130,252841,250379,27181,277560,2786
2022-07-09,Glenn,021,27897,5260,5231,1761,6992,48
2022-07-09,Humboldt,023,135768,19889,19677,4117,23794,149
2022-07-09,Imperial,025,180216,60218,59558,12809,72367,944
2022-07-09,Inyo,027,18085,4329,4297,747,5044,56
2022-07-09,Kern,029,883053,205760,204128,53019,257147,2359
2022-07-09,Kings,031,150075,55143,54725,3862,58587,449
2022-07-09,Lake,033,64148,11776,11685,1048,12733,140
2022-07-09,Lassen,035,31185,9404,9362,965,10327,64
2022-07-09,Los Angeles,037,10098052,3032445,3002013,152913,3154926,32151
2022-07-09,Madera,039,155013,40429,40081,7030,47111,372
2022-07-09,Marin,041,260295,41642,41271,4838,46109,302
2022-07-09,Mariposa,043,17540,2847,2805,288,3093,30
2022-07-09,Mendocino,045,87422,14734,14610,3916,18526,128
2022-07-09,Merced,047,269075,67154,66616,10102,76718,832
2022-07-09,Modoc,049,8938,794,789,287,1076,9
2022-07-09,Mono,051,14174,3130,3119,203,3322,7
2022-07-09,Monterey,053,433212,87735,87002,18148,105150,745
2022-07-09,Napa,055,140530,30057,29807,1332,31139,145
2022-07-09,Nevada,057,99092,17869,17693,1550,19243,131
2022-07-09,Orange,059,3164182,617027,610975,53116,664091,7132
2022-07-09,Placer,061,380077,70958,70401,8588,78989,632
2022-07-09,Plumas,063,18699,3370,3339,414,3753,13
2022-07-09,Riverside,065,2383286,644375,638193,32104,670297,6506
2022-07-09,Sacramento,067,1510023,321466,318556,32179,350735,3108
2022-07-09,San Benito,069,59416,14770,14628,778,15406,100
2022-07-09,San Bernardino,071,2135413,615826,610086,27833,637919,7893
2022-07-09,San Diego,073,3302833,852659,844085,63175,907260,5357
2022-07-09,San Francisco,075,870044,163779,161931,11104,173035,914
2022-07-09,San Joaquin,077,732212,183405,181958,12626,194584,2257
2022-07-09,San Luis Obispo,079,281455,59203,58636,6120,64756,498
2022-07-09,San Mateo,081,765935,154052,152319,9894,162213,723
2022-07-09,Santa Barbara,083,443738,97083,96266,5831,102097,697
2022-07-09,Santa Clara,085,1922200,392971,388270,17297,405567,2360
2022-07-09,Santa Cruz,087,273765,57218,56455,2978,59433,266
2022-07-09,Shasta,089,179085,32777,32536,6777,39313,576
2022-07-09,Sierra,091,2930,290,291,59,350,4
2022-07-09,Siskiyou,093,43540,4882,4855,3104,7959,82
2022-07-09,Solano,095,438530,96503,95651,7090,102741,455
2022-07-09,Sonoma,097,501317,99304,98430,4573,103003,496
2022-07-09,Stanislaus,099,539301,127903,126897,19499,146396,1686
2022-07-09,Sutter,101,95872,22328,22165,2403,24568,228
2022-07-09,Tehama,103,63373,12823,12716,2856,15572,205
2022-07-09,Trinity,105,12862,1300,1272,324,1596,20
2022-07-09,Tulare,107,460477,113925,113002,32602,145604,1508
2022-07-09,Tuolumne,109,53932,14177,14019,850,14869,194
2022-07-09,Ventura,111,848112,193137,191462,12708,204170,1518
2022-07-09,Yolo,113,214977,44550,44152,4012,48164,323
2022-07-09,Yuba,115,75493,17467,17345,1522,18867,125
2022-07-08,Alameda,001,1643700,315918,312651,18319,330970,1912
2022-07-08,Alpine,003,1148,130,129,1,130,0
2022-07-08,Amador,005,37829,9400,9335,797,10132,87
2022-07-08,Butte,007,227075,36423,36165,7906,44071,438
2022-07-08,Calaveras,009,45235,7941,7895,447,8342,125
2022-07-08,Colusa,011,21464,3605,3586,1180,4766,22
2022-07-08,Contra Costa,013,1133247,227167,224718,17830,242548,1351
2022-07-08,Del Norte,015,27424,6786,6666,385,7051,54
2022-07-08,El Dorado,017,186661,30282,30070,3883,33953,218
2022-07-08,Fresno,019,978130,252538,250379,27150,277529,2786
2022-07-08,Glenn,021,27897,5256,5231,1760,6991,48
2022-07-08,Humboldt,023,135768,19880,19677,4108,23785,149
2022-07-08,Imperial,025,180216,60170,59558,12804,72362,944
2022-07-08,Inyo,027,18085,4328,4297,745,5042,56
2022-07-08,Kern,029,883053,205582,204128,53007,257135,2359
2022-07-08,Kings,031,150075,55105,54725,3860,58585,449
2022-07-08,Lake,033,64148,11761,11685,1048,12733,140
2022-07-08,Lassen,035,31185,9398,9362,963,10325,64
2022-07-08,Los Angeles,037,10098052,3028815,3002013,152502,3154515,32151
2022-07-08,Madera,039,155013,40383,40081,7020,47101,372
2022-07-08,Marin,041,260295,41572,41271,4823,46094,302
2022-07-08,Mariposa,043,17540,2846,2805,287,3092,30
2022-07-08,Mendocino,045,87422,14720,14610,3914,18524,128
2022-07-08,Merced,047,269075,67101,66616,10096,76712,832
2022-07-08,Modoc,049,8938,794,789,287,1076,9
2022-07-08,Mono,051,14174,3128,3119,203,3322,7
2022-07-08,Monterey,053,433212,87653,87002,18129,105131,745
2022-07-08,Napa,055,140530,30042,29807,1332,31139,145
2022-07-08,Nevada,057,99092,17861,17693,1549,19242,131
2022-07-08,Orange,059,3164182,616142,610975,52962,663937,7132
2022-07-08,Placer,061,380077,70901,70401,8579,78980,632
2022-07-08,Plumas,063,18699,3368,3339,414,3753,13
2022-07-08,Riverside,065,2383286,643667,638193,32058,670251,6506
2022-07-08,Sacramento,067,1510023,321074,318556,32162,350718,3108
2022-07-08,San Benito,069,59416,14753,14628,775,15403,100
2022-07-08,San Bernardino,071,2135413,615254,610086,27811,637897,7893
2022-07-08,San Diego,073,3302833,851445,844085,63016,907101,5357
2022-07-08,San Francisco,075,870044,163555,161931,11078,173009,914
2022-07-08,San Joaquin,077,732212,183276,181958,12615,194573,2257
2022-07-08,San Luis Obispo,079,281455,59168,58636,6108,64744,498
2022-07-08,San Mateo,081,765935,153816,152319,9877,162196,723
2022-07-08,Santa Barbara,083,443738,96984,96266,5828,102094,697
2022-07-08,Santa Clara,085,1922200,392331,388270,17281,405551,2360
2022-07-08,Santa Cruz,087,273765,57152,56455,2976,59431,266
2022-07-08,Shasta,089,179085,32756,32536,6774,39310,576
2022-07-08,Sierra,091,2930,290,291,59,350,4
2022-07-08,Siskiyou,093,43540,4877,4855,3104,7959,82
2022-07-08,Solano,095,438530,96374,95651,7076,102727,455
2022-07-08,Sonoma,097,501317,99186,98430,4563,102993,496
2022-07-08,Stanislaus,099,539301,127787,126897,19483,146380,1686
2022-07-08,Sutter,101,95872,22306,22165,2402,24567,228
2022-07-08,Tehama,103,63373,12813,12716,2853,15569,205
2022-07-08,Trinity,105,12862,1298,1272,323,1595,20
2022-07-08,Tulare,107,460477,113827,113002,32556,145558,1508
2022-07-08,Tuolumne,109,53932,14155,14019,846,14865,194
2022-07-08,Ventura,111,848112,192959,191462,12675,204137,1518
2022-07-08,Yolo,113,214977,44502,44152,4009,48161,323
2022-07-08,Yuba,115,75493,17455,17345,1522,18867,125
2022-07-07,Alameda,001,1643700,315108,312651,18243,330894,1912
2022-07-07,Alpine,003,1148,129,129,1,130,0
2022-07-07,Amador,005,37829,9384,9335,793,10128,87
2022-07-07,Butte,007,227075,36370,36165,7888,44053,438
2022-07-07,Calaveras,009,45235,7932,7895,442,8337,125
2022-07-07,Colusa,011,21464,3600,3586,1179,4765,22
2022-07-07,Contra Costa,013,1133247,226676,224718,17754,242472,1351
2022-07-07,Del Norte,015,27424,6760,6666,381,7047,54
2022-07-07,El Dorado,017,186661,30238,30070,3875,33945,218
2022-07-07,Fresno,019,978130,251998,250379,27073,277452,2786
2022-07-07,Glenn,021,27897,5252,5231,1758,6989,48
2022-07-07,Humboldt,023,135768,19836,19677,4098,23775,149
2022-07-07,Imperial,025,180216,60039,59558,12790,72348,944
2022-07-07,Inyo,027,18085,4325,4297,743,5040,56
2022-07-07,Kern,029,883053,205329,204128,52961,257089,2359
2022-07-07,Kings,031,150075,55028,54725,3855,58580,449
2022-07-07,Lake,033,64148,11741,11685,1048,12733,140
2022-07-07,Lassen,035,31185,9396,9362,963,10325,64
2022-07-07,Los Angeles,037,10098052,3022794,3002013,151925,3153938,32151
2022-07-07,Madera,039,155013,40310,40081,7003,47084,372
2022-07-07,Marin,041,260295,41503,41271,4814,46085,302
2022-07-07,Mariposa,043,17540,2840,2805,285,3090,30
2022-07-07,Mendocino,045,87422,14707,14610,3909,18519,128
2022-07-07,Merced,047,269075,67003,66616,10061,76677,832
2022-07-07,Modoc,049,8938,794,789,285,1074,9
2022-07-07,Mono,051,14174,3128,3119,203,3322,7
2022-07-07,Monterey,053,433212,87508,87002,18077,105079,745
2022-07-07,Napa,055,140530,29977,29807,1325,31132,145
2022-07-07,Nevada,057,99092,17829,17693,1549,19242,131
2022-07-07,Orange,059,3164182,614761,610975,52760,663735,7132
2022-07-07,Placer,061,380077,70807,70401,8562,78963,632
2022-07-07,Plumas,063,18699,3362,3339,413,3752,13
2022-07-07,Riverside,065,2383286,642539,638193,31993,670186,6506
2022-07-07,Sacramento,067,1510023,320473,318556,32121,350677,3108
2022-07-07,San Benito,069,59416,14725,14628,774,15402,100
2022-07-07,San Bernardino,071,2135413,614115,610086,27757,637843,7893
2022-07-07,San Diego,073,3302833,849578,844085,62798,906883,5357
2022-07-07,San Francisco,075,870044,163203,161931,11035,172966,914
2022-07-07,San Joaquin,077,732212,182979,181958,12589,194547,2257
2022-07-07,San Luis Obispo,079,281455,59097,58636,6073,64709,498
2022-07-07,San Mateo,081,765935,153514,152319,9865,162184,723
2022-07-07,Santa Barbara,083,443738,96819,96266,5818,102084,697
2022-07-07,Santa Clara,085,1922200,391445,388270,17230,405500,2360
2022-07-07,Santa Cruz,087,273765,57013,56455,2960,59415,266
2022-07-07,Shasta,089,179085,32732,32536,6760,39296,576
2022-07-07,Sierra,091,2930,289,291,58,349,4
2022-07-07,Siskiyou,093,43540,4872,4855,3100,7955,82
2022-07-07,Solano,095,438530,96147,95651,7059,102710,455
2022-07-07,Sonoma,097,501317,99062,98430,4545,102975,496
2022-07-07,Stanislaus,099,539301,127605,126897,19450,146347,1686
2022-07-07,Sutter,101,95872,22262,22165,2400,24565,228
2022-07-07,Tehama,103,63373,12798,12716,2845,15561,205
2022-07-07,Trinity,105,12862,1294,1272,323,1595,20
2022-07-07,Tulare,107,460477,113649,113002,32466,145468,1508
2022-07-07,Tuolumne,109,53932,14126,14019,837,14856,194
2022-07-07,Ventura,111,848112,192679,191462,12597,204059,1518
2022-07-07,Yolo,113,214977,44454,44152,4005,48157,323
2022-07-07,Yuba,115,75493,17422,17345,1521,18866,125
2022-07-06,Alameda,001,1643700,314253,310551,18172,328723,1899
2022-07-06,Alpine,003,1148,129,129,1,130,0
2022-07-06,Amador,005,37829,9367,9301,792,10093,87
2022-07-06,Butte,007,227075,36315,36053,7871,43924,436
2022-07-06,Calaveras,009,45235,7925,7873,440,8313,124
2022-07-06,Colusa,011,21464,3597,3579,1177,4756,22
2022-07-06,Contra Costa,013,1133247,226195,223500,17699,241199,1348
2022-07-06,Del Norte,015,27424,6728,6623,379,7002,54
2022-07-06,El Dorado,017,186661,30201,29953,3864,33817,218
2022-07-06,Fresno,019,978130,251461,249480,27012,276492,2786
2022-07-06,Glenn,021,27897,5248,5222,1758,6980,48
2022-07-06,Humboldt,023,135768,19795,19608,4088,23696,149
2022-07-06,Imperial,025,180216,59864,59184,12692,71876,944
2022-07-06,Inyo,027,18085,4319,4282,739,5021,56
2022-07-06,Kern,029,883053,205057,203587,52881,256468,2353
2022-07-06,Kings,031,150075,54917,54560,3849,58409,449
2022-07-06,Lake,033,64148,11727,11659,1048,12707,140
2022-07-06,Lassen,035,31185,9379,9350,962,10312,64
2022-07-06,Los Angeles,037,10098052,3016358,2991161,151286,3142447,32116
2022-07-06,Madera,039,155013,40242,39952,6976,46928,372
2022-07-06,Marin,041,260295,41442,41036,4804,45840,302
2022-07-06,Mariposa,043,17540,2831,2797,285,3082,30
2022-07-06,Mendocino,045,87422,14678,14540,3897,18437,127
2022-07-06,Merced,047,269075,66888,66420,10035,76455,832
2022-07-06,Modoc,049,8938,794,788,285,1073,8
2022-07-06,Mono,051,14174,3125,3109,203,3312,7
2022-07-06,Monterey,053,433212,87367,86639,18014,104653,744
2022-07-06,Napa,055,140530,29922,29690,1323,31013,144
2022-07-06,Nevada,057,99092,17800,17660,1544,19204,131
2022-07-06,Orange,059,3164182,613235,608084,52542,660626,7125
2022-07-06,Placer,061,380077,70704,70113,8546,78659,632
2022-07-06,Plumas,063,18699,3355,3316,412,3728,13
2022-07-06,Riverside,065,2383286,641315,636209,31916,668125,6505
2022-07-06,Sacramento,067,1510023,319803,317315,32078,349393,3104
2022-07-06,San Benito,069,59416,14684,14556,760,15316,100
2022-07-06,San Bernardino,071,2135413,612973,608119,27689,635808,7870
2022-07-06,San Diego,073,3302833,847487,839970,62559,902529,5349
2022-07-06,San Francisco,075,870044,162800,160612,11012,171624,910
2022-07-06,San Joaquin,077,732212,182691,181448,12554,194002,2256
2022-07-06,San Luis Obispo,079,281455,58993,58488,6030,64518,496
2022-07-06,San Mateo,081,765935,153154,151344,9831,161175,723
2022-07-06,Santa Barbara,083,443738,96640,95918,5801,101719,702
2022-07-06,Santa Clara,085,1922200,390421,385553,17167,402720,2358
2022-07-06,Santa Cruz,087,273765,56883,56307,2945,59252,267
2022-07-06,Shasta,089,179085,32686,32444,6741,39185,570
2022-07-06,Sierra,091,2930,289,290,58,348,4
2022-07-06,Siskiyou,093,43540,4865,4841,3095,7936,82
2022-07-06,Solano,095,438530,95942,95181,7036,102217,455
2022-07-06,Sonoma,097,501317,98897,98031,4535,102566,495
2022-07-06,Stanislaus,099,539301,127396,126492,19421,145913,1682
2022-07-06,Sutter,101,95872,22211,22089,2399,24488,228
2022-07-06,Tehama,103,63373,12787,12680,2839,15519,205
2022-07-06,Trinity,105,12862,1288,1263,321,1584,20
2022-07-06,Tulare,107,460477,113453,112684,32362,145046,1500
2022-07-06,Tuolumne,109,53932,14101,13960,823,14783,189
2022-07-06,Ventura,111,848112,192334,190794,12533,203327,1517
2022-07-06,Yolo,113,214977,44377,43171,3988,47159,324
2022-07-06,Yuba,115,75493,17385,17277,1514,18791,124
2022-07-05,Alameda,001,1643700,313311,310551,18092,328643,1899
2022-07-05,Alpine,003,1148,129,129,1,130,0
2022-07-05,Amador,005,37829,9356,9301,789,10090,87
2022-07-05,Butte,007,227075,36230,36053,7849,43902,436
2022-07-05,Calaveras,009,45235,7914,7873,439,8312,124
2022-07-05,Colusa,011,21464,3593,3579,1176,4755,22
2022-07-05,Contra Costa,013,1133247,225594,223500,17620,241120,1348
2022-07-05,Del Norte,015,27424,6701,6623,372,6995,54
2022-07-05,El Dorado,017,186661,30155,29953,3854,33807,218
2022-07-05,Fresno,019,978130,250893,249480,26952,276432,2786
2022-07-05,Glenn,021,27897,5240,5222,1757,6979,48
2022-07-05,Humboldt,023,135768,19755,19608,4075,23683,149
2022-07-05,Imperial,025,180216,59735,59184,12571,71755,944
2022-07-05,Inyo,027,18085,4305,4282,728,5010,56
2022-07-05,Kern,029,883053,204651,203587,52798,256385,2353
2022-07-05,Kings,031,150075,54788,54560,3835,58395,449
2022-07-05,Lake,033,64148,11707,11659,1046,12705,140
2022-07-05,Lassen,035,31185,9368,9350,962,10312,64
2022-07-05,Los Angeles,037,10098052,3009660,2991161,150577,3141738,32116
2022-07-05,Madera,039,155013,40157,39952,6954,46906,372
2022-07-05,Marin,041,260295,41348,41036,4793,45829,302
2022-07-05,Mariposa,043,17540,2821,2797,282,3079,30
2022-07-05,Mendocino,045,87422,14636,14540,3880,18420,127
2022-07-05,Merced,047,269075,66773,66420,10005,76425,832
2022-07-05,Modoc,049,8938,792,788,285,1073,8
2022-07-05,Mono,051,14174,3118,3109,201,3310,7
2022-07-05,Monterey,053,433212,87228,86639,17951,104590,744
2022-07-05,Napa,055,140530,29874,29690,1318,31008,144
2022-07-05,Nevada,057,99092,17765,17660,1535,19195,131
2022-07-05,Orange,059,3164182,611709,608084,52292,660376,7125
2022-07-05,Placer,061,380077,70605,70113,8532,78645,632
2022-07-05,Plumas,063,18699,3346,3316,411,3727,13
2022-07-05,Riverside,065,2383286,639968,636209,31822,668031,6505
2022-07-05,Sacramento,067,1510023,319163,317315,32002,349317,3104
2022-07-05,San Benito,069,59416,14651,14556,754,15310,100
2022-07-05,San Bernardino,071,2135413,611749,608119,27605,635724,7870
2022-07-05,San Diego,073,3302833,845193,839970,62321,902291,5349
2022-07-05,San Francisco,075,870044,162313,160612,10980,171592,910
2022-07-05,San Joaquin,077,732212,182353,181448,12506,193954,2256
2022-07-05,San Luis Obispo,079,281455,58843,58488,5982,64470,496
2022-07-05,San Mateo,081,765935,152694,151344,9808,161152,723
2022-07-05,Santa Barbara,083,443738,96431,95918,5769,101687,702
2022-07-05,Santa Clara,085,1922200,389317,385553,17111,402664,2358
2022-07-05,Santa Cruz,087,273765,56711,56307,2933,59240,267
2022-07-05,Shasta,089,179085,32650,32444,6718,39162,570
2022-07-05,Sierra,091,2930,289,290,58,348,4
2022-07-05,Siskiyou,093,43540,4859,4841,3083,7924,82
2022-07-05,Solano,095,438530,95705,95181,7011,102192,455
2022-07-05,Sonoma,097,501317,98675,98031,4517,102548,495
2022-07-05,Stanislaus,099,539301,127168,126492,19381,145873,1682
2022-07-05,Sutter,101,95872,22170,22089,2397,24486,228
2022-07-05,Tehama,103,63373,12763,12680,2832,15512,205
2022-07-05,Trinity,105,12862,1279,1263,321,1584,20
2022-07-05,Tulare,107,460477,113227,112684,32272,144956,1500
2022-07-05,Tuolumne,109,53932,14069,13960,814,14774,189
2022-07-05,Ventura,111,848112,191967,190794,12464,203258,1517
2022-07-05,Yolo,113,214977,44299,43171,3979,47150,324
2022-07-05,Yuba,115,75493,17356,17277,1512,18789,124
2022-07-04,Alameda,001,1643700,312147,310551,17963,328514,1899
2022-07-04,Alpine,003,1148,129,129,1,130,0
2022-07-04,Amador,005,37829,9345,9301,788,10089,87
2022-07-04,Butte,007,227075,36125,36053,7831,43884,436
2022-07-04,Calaveras,009,45235,7905,7873,439,8312,124
2022-07-04,Colusa,011,21464,3589,3579,1174,4753,22
2022-07-04,Contra Costa,013,1133247,224919,223500,17516,241016,1348
2022-07-04,Del Norte,015,27424,6668,6623,365,6988,54
2022-07-04,El Dorado,017,186661,30074,29953,3837,33790,218
2022-07-04,Fresno,019,978130,250275,249480,26835,276315,2786
2022-07-04,Glenn,021,27897,5232,5222,1751,6973,48
2022-07-04,Humboldt,023,135768,19690,19608,4058,23666,149
2022-07-04,Imperial,025,180216,59530,59184,12429,71613,944
2022-07-04,Inyo,027,18085,4302,4282,719,5001,56
2022-07-04,Kern,029,883053,204236,203587,52698,256285,2353
2022-07-04,Kings,031,150075,54637,54560,3830,58390,449
2022-07-04,Lake,033,64148,11694,11659,1043,12702,140
2022-07-04,Lassen,035,31185,9359,9350,960,10310,64
2022-07-04,Los Angeles,037,10098052,3001723,2991161,149725,3140886,32116
2022-07-04,Madera,039,155013,40068,39952,6935,46887,372
2022-07-04,Marin,041,260295,41240,41036,4779,45815,302
2022-07-04,Mariposa,043,17540,2811,2797,278,3075,30
2022-07-04,Mendocino,045,87422,14605,14540,3842,18382,127
2022-07-04,Merced,047,269075,66646,66420,9956,76376,832
2022-07-04,Modoc,049,8938,791,788,281,1069,8
2022-07-04,Mono,051,14174,3114,3109,198,3307,7
2022-07-04,Monterey,053,433212,87043,86639,17874,104513,744
2022-07-04,Napa,055,140530,29811,29690,1314,31004,144
2022-07-04,Nevada,057,99092,17724,17660,1527,19187,131
2022-07-04,Orange,059,3164182,609928,608084,51995,660079,7125
2022-07-04,Placer,061,380077,70437,70113,8509,78622,632
2022-07-04,Plumas,063,18699,3329,3316,410,3726,13
2022-07-04,Riverside,065,2383286,638396,636209,31701,667910,6505
2022-07-04,Sacramento,067,1510023,318404,317315,31899,349214,3104
2022-07-04,San Benito,069,59416,14595,14556,747,15303,100
2022-07-04,San Bernardino,071,2135413,610225,608119,27525,635644,7870
2022-07-04,San Diego,073,3302833,842615,839970,62011,901981,5349
2022-07-04,San Francisco,075,870044,161725,160612,10917,171529,910
2022-07-04,San Joaquin,077,732212,181962,181448,12438,193886,2256
2022-07-04,San Luis Obispo,079,281455,58658,58488,5911,64399,496
2022-07-04,San Mateo,081,765935,152200,151344,9768,161112,723
2022-07-04,Santa Barbara,083,443738,96220,95918,5744,101662,702
2022-07-04,Santa Clara,085,1922200,387878,385553,17059,402612,2358
2022-07-04,Santa Cruz,087,273765,56517,56307,2914,59221,267
2022-07-04,Shasta,089,179085,32582,32444,6685,39129,570
2022-07-04,Sierra,091,2930,289,290,58,348,4
2022-07-04,Siskiyou,093,43540,4852,4841,3074,7915,82
2022-07-04,Solano,095,438530,95380,95181,6974,102155,455
2022-07-04,Sonoma,097,501317,98389,98031,4501,102532,495
2022-07-04,Stanislaus,099,539301,126881,126492,19322,145814,1682
2022-07-04,Sutter,101,95872,22125,22089,2396,24485,228
2022-07-04,Tehama,103,63373,12744,12680,2819,15499,205
2022-07-04,Trinity,105,12862,1273,1263,320,1583,20
2022-07-04,Tulare,107,460477,112999,112684,32148,144832,1500
2022-07-04,Tuolumne,109,53932,14027,13960,810,14770,189
2022-07-04,Ventura,111,848112,191525,190794,12364,203158,1517
2022-07-04,Yolo,113,214977,44210,43171,3960,47131,324
2022-07-04,Yuba,115,75493,17320,17277,1511,18788,124
2022-07-03,Alameda,001,1643700,311721,307672,17945,325617,1898
2022-07-03,Alpine,003,1148,129,129,1,130,0
2022-07-03,Amador,005,37829,9337,9243,786,10029,87
2022-07-03,Butte,007,227075,36115,35846,7824,43670,436
2022-07-03,Calaveras,009,45235,7890,7836,439,8275,124
2022-07-03,Colusa,011,21464,3586,3566,1172,4738,22
2022-07-03,Contra Costa,013,1133247,224587,221545,17490,239035,1343
2022-07-03,Del Norte,015,27424,6658,6543,363,6906,53
2022-07-03,El Dorado,017,186661,30045,29764,3831,33595,217
2022-07-03,Fresno,019,978130,250057,247952,26806,274758,2783
2022-07-03,Glenn,021,27897,5231,5211,1748,6959,48
2022-07-03,Humboldt,023,135768,19673,19516,4050,23566,149
2022-07-03,Imperial,025,180216,59465,58768,12386,71154,944
2022-07-03,Inyo,027,18085,4298,4261,717,4978,56
2022-07-03,Kern,029,883053,204111,202502,52601,255103,2352
2022-07-03,Kings,031,150075,54612,54262,3827,58089,449
2022-07-03,Lake,033,64148,11684,11595,1043,12638,140
2022-07-03,Lassen,035,31185,9356,9336,959,10295,64
2022-07-03,Los Angeles,037,10098052,2999747,2969395,149442,3118837,32089
2022-07-03,Madera,039,155013,40042,39738,6930,46668,372
2022-07-03,Marin,041,260295,41179,40653,4772,45425,297
2022-07-03,Mariposa,043,17540,2807,2780,278,3058,30
2022-07-03,Mendocino,045,87422,14595,14464,3841,18305,127
2022-07-03,Merced,047,269075,66601,66093,9948,76041,832
2022-07-03,Modoc,049,8938,791,787,281,1068,8
2022-07-03,Mono,051,14174,3113,3099,198,3297,7
2022-07-03,Monterey,053,433212,86950,86212,17815,104027,744
2022-07-03,Napa,055,140530,29791,29486,1312,30798,145
2022-07-03,Nevada,057,99092,17705,17546,1522,19068,131
2022-07-03,Orange,059,3164182,609413,603511,51864,655375,7114
2022-07-03,Placer,061,380077,70350,69606,8498,78104,631
2022-07-03,Plumas,063,18699,3323,3294,410,3704,13
2022-07-03,Riverside,065,2383286,637871,632038,31656,663694,6502
2022-07-03,Sacramento,067,1510023,318137,315165,31884,347049,3100
2022-07-03,San Benito,069,59416,14588,14420,745,15165,100
2022-07-03,San Bernardino,071,2135413,609690,604093,27493,631586,7860
2022-07-03,San Diego,073,3302833,841910,834116,61956,896072,5341
2022-07-03,San Francisco,075,870044,161395,158871,10905,169776,910
2022-07-03,San Joaquin,077,732212,181801,180368,12402,192770,2256
2022-07-03,San Luis Obispo,079,281455,58591,58079,5900,63979,489
2022-07-03,San Mateo,081,765935,151914,149812,9749,159561,723
2022-07-03,Santa Barbara,083,443738,96120,95214,5734,100948,699
2022-07-03,Santa Clara,085,1922200,387194,381630,17029,398659,2355
2022-07-03,Santa Cruz,087,273765,56461,55757,2896,58653,267
2022-07-03,Shasta,089,179085,32549,32280,6675,38955,570
2022-07-03,Sierra,091,2930,288,283,58,341,4
2022-07-03,Siskiyou,093,43540,4848,4808,3072,7880,82
2022-07-03,Solano,095,438530,95305,94437,6968,101405,455
2022-07-03,Sonoma,097,501317,98293,97379,4497,101876,495
2022-07-03,Stanislaus,099,539301,126771,125788,19304,145092,1681
2022-07-03,Sutter,101,95872,22104,21935,2395,24330,228
2022-07-03,Tehama,103,63373,12726,12615,2818,15433,205
2022-07-03,Trinity,105,12862,1272,1256,317,1573,20
2022-07-03,Tulare,107,460477,112911,112118,32105,144223,1500
2022-07-03,Tuolumne,109,53932,14005,13886,807,14693,189
2022-07-03,Ventura,111,848112,191326,189493,12349,201842,1517
2022-07-03,Yolo,113,214977,44170,42760,3956,46716,324
2022-07-03,Yuba,115,75493,17307,17168,1511,18679,124
2022-07-02,Alameda,001,1643700,311419,307672,17920,325592,1898
2022-07-02,Alpine,003,1148,129,129,1,130,0
2022-07-02,Amador,005,37829,9321,9243,785,10028,87
2022-07-02,Butte,007,227075,36092,35846,7811,43657,436
2022-07-02,Calaveras,009,45235,7884,7836,439,8275,124
2022-07-02,Colusa,011,21464,3582,3566,1170,4736,22
2022-07-02,Contra Costa,013,1133247,224252,221545,17443,238988,1343
2022-07-02,Del Norte,015,27424,6648,6543,362,6905,53
2022-07-02,El Dorado,017,186661,30012,29764,3826,33590,217
2022-07-02,Fresno,019,978130,249854,247952,26790,274742,2783
2022-07-02,Glenn,021,27897,5226,5211,1746,6957,48
2022-07-02,Humboldt,023,135768,19650,19516,4046,23562,149
2022-07-02,Imperial,025,180216,59391,58768,12366,71134,944
2022-07-02,Inyo,027,18085,4294,4261,715,4976,56
2022-07-02,Kern,029,883053,203969,202502,52499,255001,2352
2022-07-02,Kings,031,150075,54567,54262,3827,58089,449
2022-07-02,Lake,033,64148,11674,11595,1041,12636,140
2022-07-02,Lassen,035,31185,9355,9336,958,10294,64
2022-07-02,Los Angeles,037,10098052,2997514,2969395,149061,3118456,32089
2022-07-02,Madera,039,155013,40012,39738,6925,46663,372
2022-07-02,Marin,041,260295,41121,40653,4756,45409,297
2022-07-02,Mariposa,043,17540,2804,2780,277,3057,30
2022-07-02,Mendocino,045,87422,14565,14464,3840,18304,127
2022-07-02,Merced,047,269075,66548,66093,9936,76029,832
2022-07-02,Modoc,049,8938,791,787,281,1068,8
2022-07-02,Mono,051,14174,3111,3099,198,3297,7
2022-07-02,Monterey,053,433212,86863,86212,17778,103990,744
2022-07-02,Napa,055,140530,29762,29486,1311,30797,145
2022-07-02,Nevada,057,99092,17691,17546,1516,19062,131
2022-07-02,Orange,059,3164182,608783,603511,51702,655213,7114
2022-07-02,Placer,061,380077,70261,69606,8486,78092,631
2022-07-02,Plumas,063,18699,3314,3294,409,3703,13
2022-07-02,Riverside,065,2383286,637299,632038,31605,663643,6502
2022-07-02,Sacramento,067,1510023,317810,315165,31866,347031,3100
2022-07-02,San Benito,069,59416,14568,14420,733,15153,100
2022-07-02,San Bernardino,071,2135413,609186,604093,27452,631545,7860
2022-07-02,San Diego,073,3302833,841122,834116,61907,896023,5341
2022-07-02,San Francisco,075,870044,161119,158871,10880,169751,910
2022-07-02,San Joaquin,077,732212,181676,180368,12375,192743,2256
2022-07-02,San Luis Obispo,079,281455,58542,58079,5887,63966,489
2022-07-02,San Mateo,081,765935,151663,149812,9726,159538,723
2022-07-02,Santa Barbara,083,443738,95999,95214,5722,100936,699
2022-07-02,Santa Clara,085,1922200,386483,381630,17001,398631,2355
2022-07-02,Santa Cruz,087,273765,56406,55757,2886,58643,267
2022-07-02,Shasta,089,179085,32522,32280,6663,38943,570
2022-07-02,Sierra,091,2930,288,283,58,341,4
2022-07-02,Siskiyou,093,43540,4841,4808,3071,7879,82
2022-07-02,Solano,095,438530,95239,94437,6949,101386,455
2022-07-02,Sonoma,097,501317,98198,97379,4489,101868,495
2022-07-02,Stanislaus,099,539301,126653,125788,19287,145075,1681
2022-07-02,Sutter,101,95872,22085,21935,2395,24330,228
2022-07-02,Tehama,103,63373,12705,12615,2816,15431,205
2022-07-02,Trinity,105,12862,1270,1256,316,1572,20
2022-07-02,Tulare,107,460477,112815,112118,32056,144174,1500
2022-07-02,Tuolumne,109,53932,13993,13886,797,14683,189
2022-07-02,Ventura,111,848112,191156,189493,12323,201816,1517
2022-07-02,Yolo,113,214977,44127,42760,3949,46709,324
2022-07-02,Yuba,115,75493,17295,17168,1511,18679,124
2022-07-01,Alameda,001,1643700,311009,307672,17904,325576,1898
2022-07-01,Alpine,003,1148,129,129,1,130,0
2022-07-01,Amador,005,37829,9316,9243,783,10026,87
2022-07-01,Butte,007,227075,36068,35846,7792,43638,436
2022-07-01,Calaveras,009,45235,7874,7836,438,8274,124
2022-07-01,Colusa,011,21464,3580,3566,1170,4736,22
2022-07-01,Contra Costa,013,1133247,223964,221545,17395,238940,1343
2022-07-01,Del Norte,015,27424,6627,6543,360,6903,53
2022-07-01,El Dorado,017,186661,29990,29764,3815,33579,217
2022-07-01,Fresno,019,978130,249589,247952,26758,274710,2783
2022-07-01,Glenn,021,27897,5226,5211,1746,6957,48
2022-07-01,Humboldt,023,135768,19629,19516,4037,23553,149
2022-07-01,Imperial,025,180216,59320,58768,12351,71119,944
2022-07-01,Inyo,027,18085,4287,4261,709,4970,56
2022-07-01,Kern,029,883053,203775,202502,52408,254910,2352
2022-07-01,Kings,031,150075,54533,54262,3823,58085,449
2022-07-01,Lake,033,64148,11663,11595,1040,12635,140
2022-07-01,Lassen,035,31185,9352,9336,958,10294,64
2022-07-01,Los Angeles,037,10098052,2994350,2969395,148593,3117988,32089
2022-07-01,Madera,039,155013,39970,39738,6913,46651,372
2022-07-01,Marin,041,260295,41051,40653,4743,45396,297
2022-07-01,Mariposa,043,17540,2802,2780,276,3056,30
2022-07-01,Mendocino,045,87422,14545,14464,3836,18300,127
2022-07-01,Merced,047,269075,66472,66093,9933,76026,832
2022-07-01,Modoc,049,8938,791,787,281,1068,8
2022-07-01,Mono,051,14174,3106,3099,197,3296,7
2022-07-01,Monterey,053,433212,86784,86212,17747,103959,744
2022-07-01,Napa,055,140530,29720,29486,1311,30797,145
2022-07-01,Nevada,057,99092,17674,17546,1511,19057,131
2022-07-01,Orange,059,3164182,608070,603511,51539,655050,7114
2022-07-01,Placer,061,380077,70201,69606,8477,78083,631
2022-07-01,Plumas,063,18699,3313,3294,409,3703,13
2022-07-01,Riverside,065,2383286,636623,632038,31547,663585,6502
2022-07-01,Sacramento,067,1510023,317424,315165,31846,347011,3100
2022-07-01,San Benito,069,59416,14550,14420,732,15152,100
2022-07-01,San Bernardino,071,2135413,608595,604093,27413,631506,7860
2022-07-01,San Diego,073,3302833,840106,834116,61779,895895,5341
2022-07-01,San Francisco,075,870044,160850,158871,10834,169705,910
2022-07-01,San Joaquin,077,732212,181541,180368,12352,192720,2256
2022-07-01,San Luis Obispo,079,281455,58513,58079,5878,63957,489
2022-07-01,San Mateo,081,765935,151400,149812,9705,159517,723
2022-07-01,Santa Barbara,083,443738,95885,95214,5713,100927,699
2022-07-01,Santa Clara,085,1922200,385809,381630,16967,398597,2355
2022-07-01,Santa Cruz,087,273765,56347,55757,2871,58628,267
2022-07-01,Shasta,089,179085,32505,32280,6653,38933,570
2022-07-01,Sierra,091,2930,288,283,58,341,4
2022-07-01,Siskiyou,093,43540,4837,4808,3069,7877,82
2022-07-01,Solano,095,438530,95093,94437,6934,101371,455
2022-07-01,Sonoma,097,501317,98083,97379,4472,101851,495
2022-07-01,Stanislaus,099,539301,126525,125788,19256,145044,1681
2022-07-01,Sutter,101,95872,22055,21935,2395,24330,228
2022-07-01,Tehama,103,63373,12698,12615,2813,15428,205
2022-07-01,Trinity,105,12862,1269,1256,316,1572,20
2022-07-01,Tulare,107,460477,112723,112118,32009,144127,1500
2022-07-01,Tuolumne,109,53932,13975,13886,788,14674,189
2022-07-01,Ventura,111,848112,190953,189493,12284,201777,1517
2022-07-01,Yolo,113,214977,44094,42760,3934,46694,324
2022-07-01,Yuba,115,75493,17275,17168,1511,18679,124
2022-06-30,Alameda,001,1643700,310224,307672,17823,325495,1898
2022-06-30,Alpine,003,1148,129,129,1,130,0
2022-06-30,Amador,005,37829,9308,9243,779,10022,87
2022-06-30,Butte,007,227075,36023,35846,7771,43617,436
2022-06-30,Calaveras,009,45235,7864,7836,437,8273,124
2022-06-30,Colusa,011,21464,3576,3566,1169,4735,22
2022-06-30,Contra Costa,013,1133247,223437,221545,17321,238866,1343
2022-06-30,Del Norte,015,27424,6612,6543,353,6896,53
2022-06-30,El Dorado,017,186661,29947,29764,3809,33573,217
2022-06-30,Fresno,019,978130,249209,247952,26719,274671,2783
2022-06-30,Glenn,021,27897,5223,5211,1744,6955,48
2022-06-30,Humboldt,023,135768,19593,19516,4029,23545,149
2022-06-30,Imperial,025,180216,59211,58768,12316,71084,944
2022-06-30,Inyo,027,18085,4281,4261,709,4970,56
2022-06-30,Kern,029,883053,203470,202502,52260,254762,2352
2022-06-30,Kings,031,150075,54457,54262,3819,58081,449
2022-06-30,Lake,033,64148,11646,11595,1037,12632,140
2022-06-30,Lassen,035,31185,9349,9336,957,10293,64
2022-06-30,Los Angeles,037,10098052,2989207,2969395,148060,3117455,32089
2022-06-30,Madera,039,155013,39908,39738,6887,46625,372
2022-06-30,Marin,041,260295,40970,40653,4734,45387,297
2022-06-30,Mariposa,043,17540,2796,2780,274,3054,30
2022-06-30,Mendocino,045,87422,14530,14464,3829,18293,127
2022-06-30,Merced,047,269075,66378,66093,9914,76007,832
2022-06-30,Modoc,049,8938,790,787,280,1067,8
2022-06-30,Mono,051,14174,3105,3099,194,3293,7
2022-06-30,Monterey,053,433212,86645,86212,17679,103891,744
2022-06-30,Napa,055,140530,29662,29486,1305,30791,145
2022-06-30,Nevada,057,99092,17647,17546,1505,19051,131
2022-06-30,Orange,059,3164182,606908,603511,51344,654855,7114
2022-06-30,Placer,061,380077,70061,69606,8460,78066,631
2022-06-30,Plumas,063,18699,3309,3294,408,3702,13
2022-06-30,Riverside,065,2383286,635565,632038,31467,663505,6502
2022-06-30,Sacramento,067,1510023,316843,315165,31800,346965,3100
2022-06-30,San Benito,069,59416,14513,14420,728,15148,100
2022-06-30,San Bernardino,071,2135413,607603,604093,27370,631463,7860
2022-06-30,San Diego,073,3302833,838601,834116,61598,895714,5341
2022-06-30,San Francisco,075,870044,160424,158871,10801,169672,910
2022-06-30,San Joaquin,077,732212,181269,180368,12323,192691,2256
2022-06-30,San Luis Obispo,079,281455,58414,58079,5848,63927,489
2022-06-30,San Mateo,081,765935,151016,149812,9667,159479,723
2022-06-30,Santa Barbara,083,443738,95690,95214,5702,100916,699
2022-06-30,Santa Clara,085,1922200,384743,381630,16924,398554,2355
2022-06-30,Santa Cruz,087,273765,56234,55757,2858,58615,267
2022-06-30,Shasta,089,179085,32466,32280,6634,38914,570
2022-06-30,Sierra,091,2930,288,283,58,341,4
2022-06-30,Siskiyou,093,43540,4829,4808,3062,7870,82
2022-06-30,Solano,095,438530,94913,94437,6901,101338,455
2022-06-30,Sonoma,097,501317,97936,97379,4451,101830,495
2022-06-30,Stanislaus,099,539301,126336,125788,19229,145017,1681
2022-06-30,Sutter,101,95872,22023,21935,2393,24328,228
2022-06-30,Tehama,103,63373,12678,12615,2809,15424,205
2022-06-30,Trinity,105,12862,1263,1256,313,1569,20
2022-06-30,Tulare,107,460477,112574,112118,31922,144040,1500
2022-06-30,Tuolumne,109,53932,13958,13886,781,14667,189
2022-06-30,Ventura,111,848112,190618,189493,12201,201694,1517
2022-06-30,Yolo,113,214977,44026,42760,3918,46678,324
2022-06-30,Yuba,115,75493,17247,17168,1505,18673,124
2022-06-29,Alameda,001,1643700,309438,305288,17782,323070,1895
2022-06-29,Alpine,003,1148,129,129,1,130,0
2022-06-29,Amador,005,37829,9301,9205,778,9983,87
2022-06-29,Butte,007,227075,35974,35651,7757,43408,434
2022-06-29,Calaveras,009,45235,7853,7798,434,8232,124
2022-06-29,Colusa,011,21464,3573,3548,1166,4714,22
2022-06-29,Contra Costa,013,1133247,222957,219921,17265,237186,1339
2022-06-29,Del Norte,015,27424,6592,6484,345,6829,53
2022-06-29,El Dorado,017,186661,29893,29549,3798,33347,216
2022-06-29,Fresno,019,978130,248822,246740,26657,273397,2777
2022-06-29,Glenn,021,27897,5222,5192,1742,6934,48
2022-06-29,Humboldt,023,135768,19568,19411,4018,23429,149
2022-06-29,Imperial,025,180216,59091,58498,12263,70761,944
2022-06-29,Inyo,027,18085,4278,4243,704,4947,56
2022-06-29,Kern,029,883053,203191,201537,52123,253660,2343
2022-06-29,Kings,031,150075,54367,54031,3817,57848,448
2022-06-29,Lake,033,64148,11618,11548,1032,12580,140
2022-06-29,Lassen,035,31185,9344,9310,957,10267,64
2022-06-29,Los Angeles,037,10098052,2983771,2955489,147515,3103004,32062
2022-06-29,Madera,039,155013,39857,39554,6875,46429,372
2022-06-29,Marin,041,260295,40867,40397,4727,45124,297
2022-06-29,Mariposa,043,17540,2794,2753,274,3027,30
2022-06-29,Mendocino,045,87422,14501,14383,3812,18195,127
2022-06-29,Merced,047,269075,66288,65733,9899,75632,830
2022-06-29,Modoc,049,8938,789,780,279,1059,8
2022-06-29,Mono,051,14174,3104,3081,193,3274,7
2022-06-29,Monterey,053,433212,86515,85711,17622,103333,743
2022-06-29,Napa,055,140530,29612,29285,1300,30585,144
2022-06-29,Nevada,057,99092,17615,17439,1500,18939,129
2022-06-29,Orange,059,3164182,605749,599951,51171,651122,7095
2022-06-29,Placer,061,380077,69930,69244,8450,77694,629
2022-06-29,Plumas,063,18699,3306,3267,406,3673,13
2022-06-29,Riverside,065,2383286,634517,629035,31379,660414,6493
2022-06-29,Sacramento,067,1510023,316254,313224,31750,344974,3082
2022-06-29,San Benito,069,59416,14477,14302,720,15022,100
2022-06-29,San Bernardino,071,2135413,606633,600960,27263,628223,7825
2022-06-29,San Diego,073,3302833,836895,828907,61374,890281,5336
2022-06-29,San Francisco,075,870044,159942,157419,10765,168184,902
2022-06-29,San Joaquin,077,732212,180974,179476,12282,191758,2252
2022-06-29,San Luis Obispo,079,281455,58283,57783,5807,63590,486
2022-06-29,San Mateo,081,765935,150644,148533,9644,158177,723
2022-06-29,Santa Barbara,083,443738,95540,94683,5690,100373,699
2022-06-29,Santa Clara,085,1922200,383764,378000,16873,394873,2348
2022-06-29,Santa Cruz,087,273765,56111,55432,2845,58277,266
2022-06-29,Shasta,089,179085,32421,32106,6615,38721,570
2022-06-29,Sierra,091,2930,286,283,58,341,4
2022-06-29,Siskiyou,093,43540,4821,4773,3061,7834,82
2022-06-29,Solano,095,438530,94701,92975,6885,99860,455
2022-06-29,Sonoma,097,501317,97761,96854,4436,101290,493
2022-06-29,Stanislaus,099,539301,126161,125189,19198,144387,1674
2022-06-29,Sutter,101,95872,21968,21836,2387,24223,227
2022-06-29,Tehama,103,63373,12659,12561,2808,15369,205
2022-06-29,Trinity,105,12862,1261,1245,312,1557,20
2022-06-29,Tulare,107,460477,112442,111707,31832,143539,1499
2022-06-29,Tuolumne,109,53932,13935,13779,760,14539,189
2022-06-29,Ventura,111,848112,190314,188519,12133,200652,1514
2022-06-29,Yolo,113,214977,43923,42410,3904,46314,323
2022-06-29,Yuba,115,75493,17218,17082,1503,18585,124
2022-06-28,Alameda,001,1643700,308620,305288,17748,323036,1895
2022-06-28,Alpine,003,1148,129,129,1,130,0
2022-06-28,Amador,005,37829,9296,9205,777,9982,87
2022-06-28,Butte,007,227075,35910,35651,7739,43390,434
2022-06-28,Calaveras,009,45235,7841,7798,433,8231,124
2022-06-28,Colusa,011,21464,3572,3548,1165,4713,22
2022-06-28,Contra Costa,013,1133247,222352,219921,17198,237119,1339
2022-06-28,Del Norte,015,27424,6559,6484,340,6824,53
2022-06-28,El Dorado,017,186661,29849,29549,3790,33339,216
2022-06-28,Fresno,019,978130,248391,246740,26595,273335,2777
2022-06-28,Glenn,021,27897,5214,5192,1737,6929,48
2022-06-28,Humboldt,023,135768,19548,19411,4010,23421,149
2022-06-28,Imperial,025,180216,58992,58498,12179,70677,944
2022-06-28,Inyo,027,18085,4271,4243,698,4941,56
2022-06-28,Kern,029,883053,202915,201537,51922,253459,2343
2022-06-28,Kings,031,150075,54286,54031,3812,57843,448
2022-06-28,Lake,033,64148,11606,11548,1031,12579,140
2022-06-28,Lassen,035,31185,9337,9310,957,10267,64
2022-06-28,Los Angeles,037,10098052,2978033,2955489,146952,3102441,32062
2022-06-28,Madera,039,155013,39800,39554,6856,46410,372
2022-06-28,Marin,041,260295,40759,40397,4720,45117,297
2022-06-28,Mariposa,043,17540,2786,2753,272,3025,30
2022-06-28,Mendocino,045,87422,14473,14383,3800,18183,127
2022-06-28,Merced,047,269075,66186,65733,9877,75610,830
2022-06-28,Modoc,049,8938,787,780,278,1058,8
2022-06-28,Mono,051,14174,3097,3081,191,3272,7
2022-06-28,Monterey,053,433212,86390,85711,17567,103278,743
2022-06-28,Napa,055,140530,29544,29285,1297,30582,144
2022-06-28,Nevada,057,99092,17590,17439,1496,18935,129
2022-06-28,Orange,059,3164182,604408,599951,50989,650940,7095
2022-06-28,Placer,061,380077,69768,69244,8442,77686,629
2022-06-28,Plumas,063,18699,3306,3267,405,3672,13
2022-06-28,Riverside,065,2383286,633323,629035,31323,660358,6493
2022-06-28,Sacramento,067,1510023,315602,313224,31691,344915,3082
2022-06-28,San Benito,069,59416,14438,14302,718,15020,100
2022-06-28,San Bernardino,071,2135413,605519,600960,27211,628171,7825
2022-06-28,San Diego,073,3302833,835053,828907,61152,890059,5336
2022-06-28,San Francisco,075,870044,159419,157419,10736,168155,902
2022-06-28,San Joaquin,077,732212,180666,179476,12242,191718,2252
2022-06-28,San Luis Obispo,079,281455,58167,57783,5766,63549,486
2022-06-28,San Mateo,081,765935,150197,148533,9615,158148,723
2022-06-28,Santa Barbara,083,443738,95370,94683,5673,100356,699
2022-06-28,Santa Clara,085,1922200,382668,378000,16818,394818,2348
2022-06-28,Santa Cruz,087,273765,55979,55432,2837,58269,266
2022-06-28,Shasta,089,179085,32379,32106,6599,38705,570
2022-06-28,Sierra,091,2930,286,283,58,341,4
2022-06-28,Siskiyou,093,43540,4817,4773,3054,7827,82
2022-06-28,Solano,095,438530,94467,92975,6865,99840,455
2022-06-28,Sonoma,097,501317,97558,96854,4419,101273,493
2022-06-28,Stanislaus,099,539301,125959,125189,19175,144364,1674
2022-06-28,Sutter,101,95872,21932,21836,2383,24219,227
2022-06-28,Tehama,103,63373,12644,12561,2803,15364,205
2022-06-28,Trinity,105,12862,1258,1245,308,1553,20
2022-06-28,Tulare,107,460477,112256,111707,31749,143456,1499
2022-06-28,Tuolumne,109,53932,13905,13779,753,14532,189
2022-06-28,Ventura,111,848112,189997,188519,12044,200563,1514
2022-06-28,Yolo,113,214977,43815,42410,3895,46305,323
2022-06-28,Yuba,115,75493,17183,17082,1498,18580,124
2022-06-27,Alameda,001,1643700,307701,305288,17694,322982,1895
2022-06-27,Alpine,003,1148,129,129,1,130,0
2022-06-27,Amador,005,37829,9281,9205,774,9979,87
2022-06-27,Butte,007,227075,35859,35651,7719,43370,434
2022-06-27,Calaveras,009,45235,7827,7798,433,8231,124
2022-06-27,Colusa,011,21464,3568,3548,1163,4711,22
2022-06-27,Contra Costa,013,1133247,221674,219921,17132,237053,1339
2022-06-27,Del Norte,015,27424,6538,6484,334,6818,53
2022-06-27,El Dorado,017,186661,29788,29549,3779,33328,216
2022-06-27,Fresno,019,978130,247927,246740,26518,273258,2777
2022-06-27,Glenn,021,27897,5209,5192,1730,6922,48
2022-06-27,Humboldt,023,135768,19511,19411,3997,23408,149
2022-06-27,Imperial,025,180216,58850,58498,12097,70595,944
2022-06-27,Inyo,027,18085,4261,4243,687,4930,56
2022-06-27,Kern,029,883053,202581,201537,51709,253246,2343
2022-06-27,Kings,031,150075,54199,54031,3809,57840,448
2022-06-27,Lake,033,64148,11588,11548,1026,12574,140
2022-06-27,Lassen,035,31185,9328,9310,957,10267,64
2022-06-27,Los Angeles,037,10098052,2972051,2955489,146403,3101892,32062
2022-06-27,Madera,039,155013,39734,39554,6836,46390,372
2022-06-27,Marin,041,260295,40652,40397,4707,45104,297
2022-06-27,Mariposa,043,17540,2777,2753,268,3021,30
2022-06-27,Mendocino,045,87422,14444,14383,3792,18175,127
2022-06-27,Merced,047,269075,66078,65733,9836,75569,830
2022-06-27,Modoc,049,8938,782,780,277,1057,8
2022-06-27,Mono,051,14174,3096,3081,191,3272,7
2022-06-27,Monterey,053,433212,86242,85711,17499,103210,743
2022-06-27,Napa,055,140530,29474,29285,1293,30578,144
2022-06-27,Nevada,057,99092,17562,17439,1479,18918,129
2022-06-27,Orange,059,3164182,603071,599951,50759,650710,7095
2022-06-27,Placer,061,380077,69655,69244,8418,77662,629
2022-06-27,Plumas,063,18699,3301,3267,403,3670,13
2022-06-27,Riverside,065,2383286,632180,629035,31246,660281,6493
2022-06-27,Sacramento,067,1510023,314869,313224,31637,344861,3082
2022-06-27,San Benito,069,59416,14383,14302,715,15017,100
2022-06-27,San Bernardino,071,2135413,604423,600960,27158,628118,7825
2022-06-27,San Diego,073,3302833,833131,828907,60926,889833,5336
2022-06-27,San Francisco,075,870044,158878,157419,10709,168128,902
2022-06-27,San Joaquin,077,732212,180327,179476,12204,191680,2252
2022-06-27,San Luis Obispo,079,281455,58056,57783,5730,63513,486
2022-06-27,San Mateo,081,765935,149730,148533,9578,158111,723
2022-06-27,Santa Barbara,083,443738,95185,94683,5657,100340,699
2022-06-27,Santa Clara,085,1922200,381241,378000,16765,394765,2348
2022-06-27,Santa Cruz,087,273765,55809,55432,2829,58261,266
2022-06-27,Shasta,089,179085,32318,32106,6580,38686,570
2022-06-27,Sierra,091,2930,286,283,58,341,4
2022-06-27,Siskiyou,093,43540,4807,4773,3047,7820,82
2022-06-27,Solano,095,438530,94176,92975,6822,99797,455
2022-06-27,Sonoma,097,501317,97366,96854,4401,101255,493
2022-06-27,Stanislaus,099,539301,125732,125189,19155,144344,1674
2022-06-27,Sutter,101,95872,21892,21836,2379,24215,227
2022-06-27,Tehama,103,63373,12623,12561,2799,15360,205
2022-06-27,Trinity,105,12862,1256,1245,306,1551,20
2022-06-27,Tulare,107,460477,112075,111707,31648,143355,1499
2022-06-27,Tuolumne,109,53932,13871,13779,742,14521,189
2022-06-27,Ventura,111,848112,189615,188519,11979,200498,1514
2022-06-27,Yolo,113,214977,43691,42410,3886,46296,323
2022-06-27,Yuba,115,75493,17155,17082,1495,18577,124
2022-06-26,Alameda,001,1643700,306632,302071,17613,319684,1891
2022-06-26,Alpine,003,1148,129,129,1,130,0
2022-06-26,Amador,005,37829,9242,9135,772,9907,87
2022-06-26,Butte,007,227075,35784,35406,7692,43098,433
2022-06-26,Calaveras,009,45235,7813,7754,430,8184,124
2022-06-26,Colusa,011,21464,3559,3540,1158,4698,22
2022-06-26,Contra Costa,013,1133247,221054,218053,17051,235104,1335
2022-06-26,Del Norte,015,27424,6516,6398,330,6728,52
2022-06-26,El Dorado,017,186661,29705,29313,3758,33071,216
2022-06-26,Fresno,019,978130,247388,245118,26449,271567,2777
2022-06-26,Glenn,021,27897,5203,5178,1727,6905,48
2022-06-26,Humboldt,023,135768,19479,19234,3984,23218,149
2022-06-26,Imperial,025,180216,58707,58127,11996,70123,944
2022-06-26,Inyo,027,18085,4251,4228,672,4900,56
2022-06-26,Kern,029,883053,202281,200556,51497,252053,2344
2022-06-26,Kings,031,150075,54090,53783,3803,57586,448
2022-06-26,Lake,033,64148,11570,11471,1022,12493,140
2022-06-26,Lassen,035,31185,9320,9287,954,10241,64
2022-06-26,Los Angeles,037,10098052,2965684,2936815,145780,3082595,32036
2022-06-26,Madera,039,155013,39664,39319,6815,46134,372
2022-06-26,Marin,041,260295,40531,39979,4685,44664,297
2022-06-26,Mariposa,043,17540,2769,2713,268,2981,30
2022-06-26,Mendocino,045,87422,14417,14292,3763,18055,127
2022-06-26,Merced,047,269075,65946,65408,9808,75216,828
2022-06-26,Modoc,049,8938,782,777,275,1052,8
2022-06-26,Mono,051,14174,3086,3076,191,3267,7
2022-06-26,Monterey,053,433212,86067,85275,17435,102710,743
2022-06-26,Napa,055,140530,29394,29054,1290,30344,144
2022-06-26,Nevada,057,99092,17519,17339,1475,18814,129
2022-06-26,Orange,059,3164182,601586,595761,50544,646305,7090
2022-06-26,Placer,061,380077,69522,68785,8399,77184,628
2022-06-26,Plumas,063,18699,3289,3241,403,3644,13
2022-06-26,Riverside,065,2383286,630954,625794,31175,656969,6493
2022-06-26,Sacramento,067,1510023,314056,310837,31557,342394,3077
2022-06-26,San Benito,069,59416,14338,14192,712,14904,99
2022-06-26,San Bernardino,071,2135413,603230,598062,27098,625160,7803
2022-06-26,San Diego,073,3302833,830953,822848,60759,883607,5332
2022-06-26,San Francisco,075,870044,158236,155609,10654,166263,899
2022-06-26,San Joaquin,077,732212,179954,178447,12163,190610,2252
2022-06-26,San Luis Obispo,079,281455,57926,57472,5675,63147,485
2022-06-26,San Mateo,081,765935,149222,146955,9548,156503,723
2022-06-26,Santa Barbara,083,443738,94975,94017,5627,99644,699
2022-06-26,Santa Clara,085,1922200,379868,373961,16689,390650,2338
2022-06-26,Santa Cruz,087,273765,55653,54874,2818,57692,265
2022-06-26,Shasta,089,179085,32238,31921,6555,38476,570
2022-06-26,Sierra,091,2930,285,283,58,341,4
2022-06-26,Siskiyou,093,43540,4789,4744,3042,7786,81
2022-06-26,Solano,095,438530,93923,92248,6782,99030,455
2022-06-26,Sonoma,097,501317,97130,95981,4369,100350,493
2022-06-26,Stanislaus,099,539301,125531,124493,19129,143622,1672
2022-06-26,Sutter,101,95872,21852,21733,2378,24111,227
2022-06-26,Tehama,103,63373,12607,12510,2792,15302,205
2022-06-26,Trinity,105,12862,1251,1233,305,1538,20
2022-06-26,Tulare,107,460477,111891,111188,31560,142748,1496
2022-06-26,Tuolumne,109,53932,13843,13688,734,14422,189
2022-06-26,Ventura,111,848112,189224,187389,11894,199283,1514
2022-06-26,Yolo,113,214977,43578,41932,3872,45804,323
2022-06-26,Yuba,115,75493,17117,16994,1485,18479,124
2022-06-25,Alameda,001,1643700,306171,302071,17592,319663,1891
2022-06-25,Alpine,003,1148,129,129,1,130,0
2022-06-25,Amador,005,37829,9232,9135,771,9906,87
2022-06-25,Butte,007,227075,35745,35406,7670,43076,433
2022-06-25,Calaveras,009,45235,7805,7754,430,8184,124
2022-06-25,Colusa,011,21464,3554,3540,1158,4698,22
2022-06-25,Contra Costa,013,1133247,220699,218053,17006,235059,1335
2022-06-25,Del Norte,015,27424,6503,6398,327,6725,52
2022-06-25,El Dorado,017,186661,29665,29313,3752,33065,216
2022-06-25,Fresno,019,978130,247161,245118,26427,271545,2777
2022-06-25,Glenn,021,27897,5198,5178,1725,6903,48
2022-06-25,Humboldt,023,135768,19459,19234,3974,23208,149
2022-06-25,Imperial,025,180216,58627,58127,11967,70094,944
2022-06-25,Inyo,027,18085,4249,4228,668,4896,56
2022-06-25,Kern,029,883053,202124,200556,51390,251946,2344
2022-06-25,Kings,031,150075,54052,53783,3802,57585,448
2022-06-25,Lake,033,64148,11561,11471,1021,12492,140
2022-06-25,Lassen,035,31185,9315,9287,952,10239,64
2022-06-25,Los Angeles,037,10098052,2962809,2936815,145405,3082220,32036
2022-06-25,Madera,039,155013,39631,39319,6809,46128,372
2022-06-25,Marin,041,260295,40478,39979,4678,44657,297
2022-06-25,Mariposa,043,17540,2767,2713,268,2981,30
2022-06-25,Mendocino,045,87422,14405,14292,3759,18051,127
2022-06-25,Merced,047,269075,65869,65408,9805,75213,828
2022-06-25,Modoc,049,8938,782,777,275,1052,8
2022-06-25,Mono,051,14174,3082,3076,191,3267,7
2022-06-25,Monterey,053,433212,85965,85275,17404,102679,743
2022-06-25,Napa,055,140530,29362,29054,1286,30340,144
2022-06-25,Nevada,057,99092,17495,17339,1471,18810,129
2022-06-25,Orange,059,3164182,600887,595761,50398,646159,7090
2022-06-25,Placer,061,380077,69427,68785,8381,77166,628
2022-06-25,Plumas,063,18699,3285,3241,403,3644,13
2022-06-25,Riverside,065,2383286,630315,625794,31125,656919,6493
2022-06-25,Sacramento,067,1510023,313746,310837,31532,342369,3077
2022-06-25,San Benito,069,59416,14314,14192,711,14903,99
2022-06-25,San Bernardino,071,2135413,602647,598062,27068,625130,7803
2022-06-25,San Diego,073,3302833,830057,822848,60704,883552,5332
2022-06-25,San Francisco,075,870044,157938,155609,10631,166240,899
2022-06-25,San Joaquin,077,732212,179806,178447,12147,190594,2252
2022-06-25,San Luis Obispo,079,281455,57854,57472,5664,63136,485
2022-06-25,San Mateo,081,765935,148946,146955,9525,156480,723
2022-06-25,Santa Barbara,083,443738,94833,94017,5613,99630,699
2022-06-25,Santa Clara,085,1922200,379016,373961,16668,390629,2338
2022-06-25,Santa Cruz,087,273765,55584,54874,2814,57688,265
2022-06-25,Shasta,089,179085,32201,31921,6539,38460,570
2022-06-25,Sierra,091,2930,285,283,58,341,4
2022-06-25,Siskiyou,093,43540,4786,4744,3039,7783,81
2022-06-25,Solano,095,438530,93840,92248,6761,99009,455
2022-06-25,Sonoma,097,501317,97020,95981,4358,100339,493
2022-06-25,Stanislaus,099,539301,125400,124493,19110,143603,1672
2022-06-25,Sutter,101,95872,21829,21733,2377,24110,227
2022-06-25,Tehama,103,63373,12595,12510,2786,15296,205
2022-06-25,Trinity,105,12862,1250,1233,303,1536,20
2022-06-25,Tulare,107,460477,111815,111188,31505,142693,1496
2022-06-25,Tuolumne,109,53932,13825,13688,729,14417,189
2022-06-25,Ventura,111,848112,189018,187389,11862,199251,1514
2022-06-25,Yolo,113,214977,43513,41932,3866,45798,323
2022-06-25,Yuba,115,75493,17095,16994,1484,18478,124
2022-06-24,Alameda,001,1643700,305585,302071,17554,319625,1891
2022-06-24,Alpine,003,1148,129,129,1,130,0
2022-06-24,Amador,005,37829,9225,9135,769,9904,87
2022-06-24,Butte,007,227075,35714,35406,7655,43061,433
2022-06-24,Calaveras,009,45235,7800,7754,429,8183,124
2022-06-24,Colusa,011,21464,3553,3540,1155,4695,22
2022-06-24,Contra Costa,013,1133247,220358,218053,16982,235035,1335
2022-06-24,Del Norte,015,27424,6494,6398,325,6723,52
2022-06-24,El Dorado,017,186661,29622,29313,3748,33061,216
2022-06-24,Fresno,019,978130,246873,245118,26397,271515,2777
2022-06-24,Glenn,021,27897,5196,5178,1725,6903,48
2022-06-24,Humboldt,023,135768,19429,19234,3969,23203,149
2022-06-24,Imperial,025,180216,58557,58127,11931,70058,944
2022-06-24,Inyo,027,18085,4248,4228,664,4892,56
2022-06-24,Kern,029,883053,201951,200556,51288,251844,2344
2022-06-24,Kings,031,150075,54008,53783,3798,57581,448
2022-06-24,Lake,033,64148,11550,11471,1021,12492,140
2022-06-24,Lassen,035,31185,9312,9287,951,10238,64
2022-06-24,Los Angeles,037,10098052,2959622,2936815,145091,3081906,32036
2022-06-24,Madera,039,155013,39586,39319,6802,46121,372
2022-06-24,Marin,041,260295,40402,39979,4664,44643,297
2022-06-24,Mariposa,043,17540,2760,2713,268,2981,30
2022-06-24,Mendocino,045,87422,14398,14292,3756,18048,127
2022-06-24,Merced,047,269075,65832,65408,9795,75203,828
2022-06-24,Modoc,049,8938,782,777,275,1052,8
2022-06-24,Mono,051,14174,3080,3076,190,3266,7
2022-06-24,Monterey,053,433212,85886,85275,17378,102653,743
2022-06-24,Napa,055,140530,29335,29054,1285,30339,144
2022-06-24,Nevada,057,99092,17479,17339,1465,18804,129
2022-06-24,Orange,059,3164182,600199,595761,50251,646012,7090
2022-06-24,Placer,061,380077,69352,68785,8372,77157,628
2022-06-24,Plumas,063,18699,3281,3241,403,3644,13
2022-06-24,Riverside,065,2383286,629668,625794,31075,656869,6493
2022-06-24,Sacramento,067,1510023,313351,310837,31506,342343,3077
2022-06-24,San Benito,069,59416,14301,14192,709,14901,99
2022-06-24,San Bernardino,071,2135413,602070,598062,27043,625105,7803
2022-06-24,San Diego,073,3302833,829026,822848,60630,883478,5332
2022-06-24,San Francisco,075,870044,157624,155609,10606,166215,899
2022-06-24,San Joaquin,077,732212,179627,178447,12122,190569,2252
2022-06-24,San Luis Obispo,079,281455,57808,57472,5658,63130,485
2022-06-24,San Mateo,081,765935,148616,146955,9510,156465,723
2022-06-24,Santa Barbara,083,443738,94702,94017,5609,99626,699
2022-06-24,Santa Clara,085,1922200,378197,373961,16621,390582,2338
2022-06-24,Santa Cruz,087,273765,55484,54874,2804,57678,265
2022-06-24,Shasta,089,179085,32172,31921,6530,38451,570
2022-06-24,Sierra,091,2930,285,283,58,341,4
2022-06-24,Siskiyou,093,43540,4778,4744,3038,7782,81
2022-06-24,Solano,095,438530,93692,92248,6746,98994,455
2022-06-24,Sonoma,097,501317,96882,95981,4340,100321,493
2022-06-24,Stanislaus,099,539301,125273,124493,19085,143578,1672
2022-06-24,Sutter,101,95872,21814,21733,2376,24109,227
2022-06-24,Tehama,103,63373,12581,12510,2780,15290,205
2022-06-24,Trinity,105,12862,1247,1233,303,1536,20
2022-06-24,Tulare,107,460477,111717,111188,31441,142629,1496
2022-06-24,Tuolumne,109,53932,13806,13688,723,14411,189
2022-06-24,Ventura,111,848112,188791,187389,11830,199219,1514
2022-06-24,Yolo,113,214977,43419,41932,3858,45790,323
2022-06-24,Yuba,115,75493,17077,16994,1484,18478,124
2022-06-23,Alameda,001,1643700,304771,302071,17478,319549,1891
2022-06-23,Alpine,003,1148,129,129,1,130,0
2022-06-23,Amador,005,37829,9216,9135,767,9902,87
2022-06-23,Butte,007,227075,35655,35406,7635,43041,433
2022-06-23,Calaveras,009,45235,7789,7754,428,8182,124
2022-06-23,Colusa,011,21464,3546,3540,1153,4693,22
2022-06-23,Contra Costa,013,1133247,219850,218053,16875,234928,1335
2022-06-23,Del Norte,015,27424,6464,6398,323,6721,52
2022-06-23,El Dorado,017,186661,29564,29313,3736,33049,216
2022-06-23,Fresno,019,978130,246469,245118,26336,271454,2777
2022-06-23,Glenn,021,27897,5193,5178,1715,6893,48
2022-06-23,Humboldt,023,135768,19405,19234,3966,23200,149
2022-06-23,Imperial,025,180216,58484,58127,11871,69998,944
2022-06-23,Inyo,027,18085,4245,4228,660,4888,56
2022-06-23,Kern,029,883053,201671,200556,51127,251683,2344
2022-06-23,Kings,031,150075,53949,53783,3795,57578,448
2022-06-23,Lake,033,64148,11529,11471,1021,12492,140
2022-06-23,Lassen,035,31185,9302,9287,950,10237,64
2022-06-23,Los Angeles,037,10098052,2955048,2936815,144573,3081388,32036
2022-06-23,Madera,039,155013,39525,39319,6788,46107,372
2022-06-23,Marin,041,260295,40288,39979,4639,44618,297
2022-06-23,Mariposa,043,17540,2748,2713,268,2981,30
2022-06-23,Mendocino,045,87422,14369,14292,3750,18042,127
2022-06-23,Merced,047,269075,65754,65408,9781,75189,828
2022-06-23,Modoc,049,8938,781,777,275,1052,8
2022-06-23,Mono,051,14174,3078,3076,189,3265,7
2022-06-23,Monterey,053,433212,85740,85275,17317,102592,743
2022-06-23,Napa,055,140530,29278,29054,1283,30337,144
2022-06-23,Nevada,057,99092,17444,17339,1465,18804,129
2022-06-23,Orange,059,3164182,599185,595761,50052,645813,7090
2022-06-23,Placer,061,380077,69216,68785,8354,77139,628
2022-06-23,Plumas,063,18699,3276,3241,401,3642,13
2022-06-23,Riverside,065,2383286,628747,625794,31023,656817,6493
2022-06-23,Sacramento,067,1510023,312743,310837,31461,342298,3077
2022-06-23,San Benito,069,59416,14270,14192,707,14899,99
2022-06-23,San Bernardino,071,2135413,601284,598062,27006,625068,7803
2022-06-23,San Diego,073,3302833,827566,822848,60435,883283,5332
2022-06-23,San Francisco,075,870044,157159,155609,10570,166179,899
2022-06-23,San Joaquin,077,732212,179350,178447,12095,190542,2252
2022-06-23,San Luis Obispo,079,281455,57722,57472,5623,63095,485
2022-06-23,San Mateo,081,765935,148266,146955,9474,156429,723
2022-06-23,Santa Barbara,083,443738,94538,94017,5578,99595,699
2022-06-23,Santa Clara,085,1922200,377214,373961,16571,390532,2338
2022-06-23,Santa Cruz,087,273765,55373,54874,2793,57667,265
2022-06-23,Shasta,089,179085,32130,31921,6517,38438,570
2022-06-23,Sierra,091,2930,284,283,58,341,4
2022-06-23,Siskiyou,093,43540,4772,4744,3030,7774,81
2022-06-23,Solano,095,438530,93457,92248,6700,98948,455
2022-06-23,Sonoma,097,501317,96686,95981,4316,100297,493
2022-06-23,Stanislaus,099,539301,125092,124493,19055,143548,1672
2022-06-23,Sutter,101,95872,21780,21733,2376,24109,227
2022-06-23,Tehama,103,63373,12572,12510,2777,15287,205
2022-06-23,Trinity,105,12862,1245,1233,303,1536,20
2022-06-23,Tulare,107,460477,111589,111188,31362,142550,1496
2022-06-23,Tuolumne,109,53932,13779,13688,708,14396,189
2022-06-23,Ventura,111,848112,188493,187389,11785,199174,1514
2022-06-23,Yolo,113,214977,43315,41932,3846,45778,323
2022-06-23,Yuba,115,75493,17056,16994,1477,18471,124
2022-06-22,Alameda,001,1643700,303940,299567,17392,316959,1888
2022-06-22,Alpine,003,1148,129,129,1,130,0
2022-06-22,Amador,005,37829,9210,9049,766,9815,87
2022-06-22,Butte,007,227075,35588,35203,7615,42818,433
2022-06-22,Calaveras,009,45235,7778,7716,427,8143,122
2022-06-22,Colusa,011,21464,3543,3529,1153,4682,21
2022-06-22,Contra Costa,013,1133247,219334,216355,16817,233172,1328
2022-06-22,Del Norte,015,27424,6446,6367,320,6687,52
2022-06-22,El Dorado,017,186661,29501,29139,3722,32861,215
2022-06-22,Fresno,019,978130,246052,244129,26281,270410,2772
2022-06-22,Glenn,021,27897,5191,5161,1710,6871,48
2022-06-22,Humboldt,023,135768,19354,19111,3946,23057,148
2022-06-22,Imperial,025,180216,58385,57866,11838,69704,944
2022-06-22,Inyo,027,18085,4240,4222,658,4880,56
2022-06-22,Kern,029,883053,201399,199721,50985,250706,2341
2022-06-22,Kings,031,150075,53885,53568,3791,57359,448
2022-06-22,Lake,033,64148,11512,11426,1015,12441,140
2022-06-22,Lassen,035,31185,9294,9259,948,10207,64
2022-06-22,Los Angeles,037,10098052,2950142,2925667,144118,3069785,32015
2022-06-22,Madera,039,155013,39469,39139,6770,45909,372
2022-06-22,Marin,041,260295,40188,39687,4634,44321,297
2022-06-22,Mariposa,043,17540,2743,2695,265,2960,30
2022-06-22,Mendocino,045,87422,14353,14201,3735,17936,127
2022-06-22,Merced,047,269075,65658,65120,9756,74876,827
2022-06-22,Modoc,049,8938,780,773,271,1044,8
2022-06-22,Mono,051,14174,3076,3073,187,3260,7
2022-06-22,Monterey,053,433212,85614,84752,17271,102023,742
2022-06-22,Napa,055,140530,29207,28894,1279,30173,144
2022-06-22,Nevada,057,99092,17423,17280,1456,18736,129
2022-06-22,Orange,059,3164182,597990,592215,49861,642076,7084
2022-06-22,Placer,061,380077,69099,68447,8344,76791,628
2022-06-22,Plumas,063,18699,3266,3220,401,3621,13
2022-06-22,Riverside,065,2383286,627896,623584,30952,654536,6491
2022-06-22,Sacramento,067,1510023,312117,309105,31417,340522,3071
2022-06-22,San Benito,069,59416,14246,14128,702,14830,99
2022-06-22,San Bernardino,071,2135413,600492,595517,26972,622489,7774
2022-06-22,San Diego,073,3302833,825965,815124,60259,875383,5318
2022-06-22,San Francisco,075,870044,156670,154213,10537,164750,897
2022-06-22,San Joaquin,077,732212,179095,177637,12070,189707,2251
2022-06-22,San Luis Obispo,079,281455,57634,57177,5581,62758,485
2022-06-22,San Mateo,081,765935,147860,145781,9451,155232,723
2022-06-22,Santa Barbara,083,443738,94391,93576,5561,99137,700
2022-06-22,Santa Clara,085,1922200,376128,370678,16456,387134,2340
2022-06-22,Santa Cruz,087,273765,55254,54525,2778,57303,265
2022-06-22,Shasta,089,179085,32085,31786,6502,38288,570
2022-06-22,Sierra,091,2930,284,283,58,341,4
2022-06-22,Siskiyou,093,43540,4765,4711,3026,7737,81
2022-06-22,Solano,095,438530,93222,91528,6619,98147,454
2022-06-22,Sonoma,097,501317,96483,95363,4294,99657,493
2022-06-22,Stanislaus,099,539301,124898,124023,18990,143013,1670
2022-06-22,Sutter,101,95872,21748,21649,2374,24023,227
2022-06-22,Tehama,103,63373,12561,12465,2774,15239,205
2022-06-22,Trinity,105,12862,1243,1223,303,1526,20
2022-06-22,Tulare,107,460477,111453,110768,31270,142038,1496
2022-06-22,Tuolumne,109,53932,13761,13596,700,14296,189
2022-06-22,Ventura,111,848112,188191,186601,11731,198332,1514
2022-06-22,Yolo,113,214977,43193,41689,3833,45522,323
2022-06-22,Yuba,115,75493,17036,16912,1472,18384,124
2022-06-21,Alameda,001,1643700,303145,299567,17358,316925,1888
2022-06-21,Alpine,003,1148,129,129,1,130,0
2022-06-21,Amador,005,37829,9203,9049,763,9812,87
2022-06-21,Butte,007,227075,35516,35203,7604,42807,433
2022-06-21,Calaveras,009,45235,7769,7716,426,8142,122
2022-06-21,Colusa,011,21464,3540,3529,1150,4679,21
2022-06-21,Contra Costa,013,1133247,218776,216355,16763,233118,1328
2022-06-21,Del Norte,015,27424,6417,6367,317,6684,52
2022-06-21,El Dorado,017,186661,29427,29139,3717,32856,215
2022-06-21,Fresno,019,978130,245618,244129,26219,270348,2772
2022-06-21,Glenn,021,27897,5184,5161,1708,6869,48
2022-06-21,Humboldt,023,135768,19302,19111,3931,23042,148
2022-06-21,Imperial,025,180216,58293,57866,11798,69664,944
2022-06-21,Inyo,027,18085,4235,4222,652,4874,56
2022-06-21,Kern,029,883053,201076,199721,50794,250515,2341
2022-06-21,Kings,031,150075,53809,53568,3787,57355,448
2022-06-21,Lake,033,64148,11489,11426,1012,12438,140
2022-06-21,Lassen,035,31185,9285,9259,946,10205,64
2022-06-21,Los Angeles,037,10098052,2945412,2925667,143625,3069292,32015
2022-06-21,Madera,039,155013,39382,39139,6759,45898,372
2022-06-21,Marin,041,260295,40099,39687,4621,44308,297
2022-06-21,Mariposa,043,17540,2737,2695,264,2959,30
2022-06-21,Mendocino,045,87422,14324,14201,3726,17927,127
2022-06-21,Merced,047,269075,65557,65120,9722,74842,827
2022-06-21,Modoc,049,8938,777,773,270,1043,8
2022-06-21,Mono,051,14174,3075,3073,184,3257,7
2022-06-21,Monterey,053,433212,85459,84752,17224,101976,742
2022-06-21,Napa,055,140530,29154,28894,1278,30172,144
2022-06-21,Nevada,057,99092,17396,17280,1453,18733,129
2022-06-21,Orange,059,3164182,596792,592215,49708,641923,7084
2022-06-21,Placer,061,380077,68969,68447,8333,76780,628
2022-06-21,Plumas,063,18699,3257,3220,400,3620,13
2022-06-21,Riverside,065,2383286,626936,623584,30883,654467,6491
2022-06-21,Sacramento,067,1510023,311418,309105,31362,340467,3071
2022-06-21,San Benito,069,59416,14210,14128,698,14826,99
2022-06-21,San Bernardino,071,2135413,599666,595517,26922,622439,7774
2022-06-21,San Diego,073,3302833,824291,815124,60064,875188,5318
2022-06-21,San Francisco,075,870044,156181,154213,10501,164714,897
2022-06-21,San Joaquin,077,732212,178778,177637,12039,189676,2251
2022-06-21,San Luis Obispo,079,281455,57525,57177,5529,62706,485
2022-06-21,San Mateo,081,765935,147373,145781,9432,155213,723
2022-06-21,Santa Barbara,083,443738,94224,93576,5546,99122,700
2022-06-21,Santa Clara,085,1922200,374978,370678,16411,387089,2340
2022-06-21,Santa Cruz,087,273765,55124,54525,2768,57293,265
2022-06-21,Shasta,089,179085,32038,31786,6485,38271,570
2022-06-21,Sierra,091,2930,284,283,58,341,4
2022-06-21,Siskiyou,093,43540,4757,4711,3018,7729,81
2022-06-21,Solano,095,438530,92972,91528,6602,98130,454
2022-06-21,Sonoma,097,501317,96250,95363,4270,99633,493
2022-06-21,Stanislaus,099,539301,124704,124023,18962,142985,1670
2022-06-21,Sutter,101,95872,21724,21649,2372,24021,227
2022-06-21,Tehama,103,63373,12547,12465,2774,15239,205
2022-06-21,Trinity,105,12862,1237,1223,303,1526,20
2022-06-21,Tulare,107,460477,111310,110768,31205,141973,1496
2022-06-21,Tuolumne,109,53932,13738,13596,692,14288,189
2022-06-21,Ventura,111,848112,187871,186601,11668,198269,1514
2022-06-21,Yolo,113,214977,43062,41689,3820,45509,323
2022-06-21,Yuba,115,75493,17006,16912,1471,18383,124
2022-06-20,Alameda,001,1643700,302247,299567,17301,316868,1888
2022-06-20,Alpine,003,1148,129,129,1,130,0
2022-06-20,Amador,005,37829,9192,9049,759,9808,87
2022-06-20,Butte,007,227075,35445,35203,7586,42789,433
2022-06-20,Calaveras,009,45235,7762,7716,426,8142,122
2022-06-20,Colusa,011,21464,3539,3529,1149,4678,21
2022-06-20,Contra Costa,013,1133247,218181,216355,16693,233048,1328
2022-06-20,Del Norte,015,27424,6404,6367,311,6678,52
2022-06-20,El Dorado,017,186661,29356,29139,3696,32835,215
2022-06-20,Fresno,019,978130,245133,244129,26149,270278,2772
2022-06-20,Glenn,021,27897,5180,5161,1703,6864,48
2022-06-20,Humboldt,023,135768,19257,19111,3912,23023,148
2022-06-20,Imperial,025,180216,58161,57866,11752,69618,944
2022-06-20,Inyo,027,18085,4231,4222,647,4869,56
2022-06-20,Kern,029,883053,200785,199721,50645,250366,2341
2022-06-20,Kings,031,150075,53728,53568,3785,57353,448
2022-06-20,Lake,033,64148,11467,11426,1008,12434,140
2022-06-20,Lassen,035,31185,9280,9259,945,10204,64
2022-06-20,Los Angeles,037,10098052,2940065,2925667,143165,3068832,32015
2022-06-20,Madera,039,155013,39320,39139,6740,45879,372
2022-06-20,Marin,041,260295,39996,39687,4598,44285,297
2022-06-20,Mariposa,043,17540,2724,2695,264,2959,30
2022-06-20,Mendocino,045,87422,14295,14201,3721,17922,127
2022-06-20,Merced,047,269075,65465,65120,9695,74815,827
2022-06-20,Modoc,049,8938,776,773,269,1042,8
2022-06-20,Mono,051,14174,3074,3073,181,3254,7
2022-06-20,Monterey,053,433212,85307,84752,17155,101907,742
2022-06-20,Napa,055,140530,29081,28894,1275,30169,144
2022-06-20,Nevada,057,99092,17371,17280,1443,18723,129
2022-06-20,Orange,059,3164182,595523,592215,49541,641756,7084
2022-06-20,Placer,061,380077,68855,68447,8322,76769,628
2022-06-20,Plumas,063,18699,3251,3220,400,3620,13
2022-06-20,Riverside,065,2383286,625993,623584,30807,654391,6491
2022-06-20,Sacramento,067,1510023,310714,309105,31289,340394,3071
2022-06-20,San Benito,069,59416,14164,14128,691,14819,99
2022-06-20,San Bernardino,071,2135413,598758,595517,26880,622397,7774
2022-06-20,San Diego,073,3302833,822306,815124,59821,874945,5318
2022-06-20,San Francisco,075,870044,155567,154213,10458,164671,897
2022-06-20,San Joaquin,077,732212,178453,177637,11992,189629,2251
2022-06-20,San Luis Obispo,079,281455,57425,57177,5477,62654,485
2022-06-20,San Mateo,081,765935,146865,145781,9407,155188,723
2022-06-20,Santa Barbara,083,443738,94040,93576,5513,99089,700
2022-06-20,Santa Clara,085,1922200,373766,370678,16354,387032,2340
2022-06-20,Santa Cruz,087,273765,54950,54525,2761,57286,265
2022-06-20,Shasta,089,179085,31980,31786,6470,38256,570
2022-06-20,Sierra,091,2930,284,283,57,340,4
2022-06-20,Siskiyou,093,43540,4744,4711,3005,7716,81
2022-06-20,Solano,095,438530,92657,91528,6583,98111,454
2022-06-20,Sonoma,097,501317,96014,95363,4244,99607,493
2022-06-20,Stanislaus,099,539301,124519,124023,18935,142958,1670
2022-06-20,Sutter,101,95872,21692,21649,2354,24003,227
2022-06-20,Tehama,103,63373,12532,12465,2771,15236,205
2022-06-20,Trinity,105,12862,1232,1223,303,1526,20
2022-06-20,Tulare,107,460477,111167,110768,31128,141896,1496
2022-06-20,Tuolumne,109,53932,13700,13596,692,14288,189
2022-06-20,Ventura,111,848112,187535,186601,11627,198228,1514
2022-06-20,Yolo,113,214977,42902,41689,3800,45489,323
2022-06-20,Yuba,115,75493,16981,16912,1465,18377,124
2022-06-19,Alameda,001,1643700,301320,296062,17269,313331,1883
2022-06-19,Alpine,003,1148,129,129,1,130,0
2022-06-19,Amador,005,37829,9143,8985,746,9731,87
2022-06-19,Butte,007,227075,35384,34920,7562,42482,432
2022-06-19,Calaveras,009,45235,7744,7664,425,8089,122
2022-06-19,Colusa,011,21464,3534,3519,1143,4662,21
2022-06-19,Contra Costa,013,1133247,217500,213994,16618,230612,1323
2022-06-19,Del Norte,015,27424,6387,6307,307,6614,52
2022-06-19,El Dorado,017,186661,29274,28904,3682,32586,215
2022-06-19,Fresno,019,978130,244688,242214,26090,268304,2768
2022-06-19,Glenn,021,27897,5171,5131,1700,6831,48
2022-06-19,Humboldt,023,135768,19212,18885,3886,22771,148
2022-06-19,Imperial,025,180216,58042,57450,11709,69159,944
2022-06-19,Inyo,027,18085,4230,4209,646,4855,56
2022-06-19,Kern,029,883053,200421,198567,50451,249018,2340
2022-06-19,Kings,031,150075,53632,53242,3781,57023,448
2022-06-19,Lake,033,64148,11454,11318,1006,12324,140
2022-06-19,Lassen,035,31185,9267,9225,943,10168,64
2022-06-19,Los Angeles,037,10098052,2935321,2909197,142633,3051830,31999
2022-06-19,Madera,039,155013,39224,38859,6717,45576,372
2022-06-19,Marin,041,260295,39870,39214,4586,43800,294
2022-06-19,Mariposa,043,17540,2717,2662,263,2925,30
2022-06-19,Mendocino,045,87422,14268,14090,3707,17797,127
2022-06-19,Merced,047,269075,65366,64734,9661,74395,827
2022-06-19,Modoc,049,8938,773,771,268,1039,8
2022-06-19,Mono,051,14174,3073,3066,180,3246,6
2022-06-19,Monterey,053,433212,85159,84032,17101,101133,744
2022-06-19,Napa,055,140530,29020,28619,1270,29889,144
2022-06-19,Nevada,057,99092,17342,17134,1433,18567,129
2022-06-19,Orange,059,3164182,594260,587176,49338,636514,7074
2022-06-19,Placer,061,380077,68736,67961,8302,76263,628
2022-06-19,Plumas,063,18699,3243,3201,399,3600,13
2022-06-19,Riverside,065,2383286,625121,619760,30747,650507,6488
2022-06-19,Sacramento,067,1510023,309991,306215,31227,337442,3072
2022-06-19,San Benito,069,59416,14145,13985,689,14674,99
2022-06-19,San Bernardino,071,2135413,597944,591926,26837,618763,7765
2022-06-19,San Diego,073,3302833,820782,815124,59706,874830,5318
2022-06-19,San Francisco,075,870044,155050,151898,10415,162313,897
2022-06-19,San Joaquin,077,732212,178134,176323,11949,188272,2251
2022-06-19,San Luis Obispo,079,281455,57292,56767,5412,62179,485
2022-06-19,San Mateo,081,765935,146414,143879,9373,153252,723
2022-06-19,Santa Barbara,083,443738,93877,92906,5492,98398,699
2022-06-19,Santa Clara,085,1922200,372596,365638,16295,381933,2328
2022-06-19,Santa Cruz,087,273765,54789,53866,2743,56609,264
2022-06-19,Shasta,089,179085,31921,31647,6456,38103,568
2022-06-19,Sierra,091,2930,284,281,57,338,4
2022-06-19,Siskiyou,093,43540,4732,4672,2999,7671,81
2022-06-19,Solano,095,438530,92404,90548,6569,97117,454
2022-06-19,Sonoma,097,501317,95773,94318,4223,98541,493
2022-06-19,Stanislaus,099,539301,124333,123264,18889,142153,1668
2022-06-19,Sutter,101,95872,21657,21501,2346,23847,227
2022-06-19,Tehama,103,63373,12523,12410,2765,15175,205
2022-06-19,Trinity,105,12862,1229,1220,303,1523,20
2022-06-19,Tulare,107,460477,110981,110041,31055,141096,1496
2022-06-19,Tuolumne,109,53932,13673,13487,691,14178,189
2022-06-19,Ventura,111,848112,187188,185219,11576,196795,1513
2022-06-19,Yolo,113,214977,42813,41135,3786,44921,323
2022-06-19,Yuba,115,75493,16950,16786,1462,18248,124
2022-06-18,Alameda,001,1643700,300856,296062,17251,313313,1883
2022-06-18,Alpine,003,1148,129,129,1,130,0
2022-06-18,Amador,005,37829,9136,8985,742,9727,87
2022-06-18,Butte,007,227075,35333,34920,7550,42470,432
2022-06-18,Calaveras,009,45235,7732,7664,425,8089,122
2022-06-18,Colusa,011,21464,3531,3519,1143,4662,21
2022-06-18,Contra Costa,013,1133247,217188,213994,16587,230581,1323
2022-06-18,Del Norte,015,27424,6381,6307,306,6613,52
2022-06-18,El Dorado,017,186661,29245,28904,3679,32583,215
2022-06-18,Fresno,019,978130,244490,242214,26071,268285,2768
2022-06-18,Glenn,021,27897,5168,5131,1698,6829,48
2022-06-18,Humboldt,023,135768,19183,18885,3878,22763,148
2022-06-18,Imperial,025,180216,57973,57450,11695,69145,944
2022-06-18,Inyo,027,18085,4229,4209,645,4854,56
2022-06-18,Kern,029,883053,200298,198567,50352,248919,2340
2022-06-18,Kings,031,150075,53596,53242,3780,57022,448
2022-06-18,Lake,033,64148,11443,11318,1004,12322,140
2022-06-18,Lassen,035,31185,9263,9225,943,10168,64
2022-06-18,Los Angeles,037,10098052,2932958,2909197,142347,3051544,31999
2022-06-18,Madera,039,155013,39199,38859,6710,45569,372
2022-06-18,Marin,041,260295,39805,39214,4576,43790,294
2022-06-18,Mariposa,043,17540,2712,2662,263,2925,30
2022-06-18,Mendocino,045,87422,14246,14090,3703,17793,127
2022-06-18,Merced,047,269075,65303,64734,9651,74385,827
2022-06-18,Modoc,049,8938,773,771,268,1039,8
2022-06-18,Mono,051,14174,3072,3066,180,3246,6
2022-06-18,Monterey,053,433212,85069,84032,17069,101101,744
2022-06-18,Napa,055,140530,28995,28619,1268,29887,144
2022-06-18,Nevada,057,99092,17330,17134,1431,18565,129
2022-06-18,Orange,059,3164182,593643,587176,49223,636399,7074
2022-06-18,Placer,061,380077,68671,67961,8289,76250,628
2022-06-18,Plumas,063,18699,3235,3201,399,3600,13
2022-06-18,Riverside,065,2383286,624586,619760,30725,650485,6488
2022-06-18,Sacramento,067,1510023,309677,306215,31203,337418,3072
2022-06-18,San Benito,069,59416,14130,13985,681,14666,99
2022-06-18,San Bernardino,071,2135413,597515,591926,26815,618741,7765
2022-06-18,San Diego,073,3302833,820067,815124,59664,874788,5318
2022-06-18,San Francisco,075,870044,154719,151898,10393,162291,897
2022-06-18,San Joaquin,077,732212,177972,176323,11937,188260,2251
2022-06-18,San Luis Obispo,079,281455,57247,56767,5404,62171,485
2022-06-18,San Mateo,081,765935,146147,143879,9346,153225,723
2022-06-18,Santa Barbara,083,443738,93766,92906,5480,98386,699
2022-06-18,Santa Clara,085,1922200,371840,365638,16250,381888,2328
2022-06-18,Santa Cruz,087,273765,54713,53866,2729,56595,264
2022-06-18,Shasta,089,179085,31900,31647,6453,38100,568
2022-06-18,Sierra,091,2930,284,281,57,338,4
2022-06-18,Siskiyou,093,43540,4724,4672,2995,7667,81
2022-06-18,Solano,095,438530,92321,90548,6557,97105,454
2022-06-18,Sonoma,097,501317,95637,94318,4205,98523,493
2022-06-18,Stanislaus,099,539301,124225,123264,18871,142135,1668
2022-06-18,Sutter,101,95872,21636,21501,2343,23844,227
2022-06-18,Tehama,103,63373,12514,12410,2761,15171,205
2022-06-18,Trinity,105,12862,1228,1220,303,1523,20
2022-06-18,Tulare,107,460477,110898,110041,31010,141051,1496
2022-06-18,Tuolumne,109,53932,13651,13487,689,14176,189
2022-06-18,Ventura,111,848112,187015,185219,11552,196771,1513
2022-06-18,Yolo,113,214977,42744,41135,3778,44913,323
2022-06-18,Yuba,115,75493,16937,16786,1462,18248,124
2022-06-17,Alameda,001,1643700,300363,296062,17226,313288,1883
2022-06-17,Alpine,003,1148,129,129,1,130,0
2022-06-17,Amador,005,37829,9127,8985,741,9726,87
2022-06-17,Butte,007,227075,35300,34920,7537,42457,432
2022-06-17,Calaveras,009,45235,7724,7664,425,8089,122
2022-06-17,Colusa,011,21464,3530,3519,1138,4657,21
2022-06-17,Contra Costa,013,1133247,216895,213994,16564,230558,1323
2022-06-17,Del Norte,015,27424,6368,6307,305,6612,52
2022-06-17,El Dorado,017,186661,29214,28904,3675,32579,215
2022-06-17,Fresno,019,978130,244252,242214,26036,268250,2768
2022-06-17,Glenn,021,27897,5167,5131,1693,6824,48
2022-06-17,Humboldt,023,135768,19156,18885,3874,22759,148
2022-06-17,Imperial,025,180216,57922,57450,11683,69133,944
2022-06-17,Inyo,027,18085,4225,4209,638,4847,56
2022-06-17,Kern,029,883053,200149,198567,50292,248859,2340
2022-06-17,Kings,031,150075,53569,53242,3779,57021,448
2022-06-17,Lake,033,64148,11435,11318,1003,12321,140
2022-06-17,Lassen,035,31185,9262,9225,942,10167,64
2022-06-17,Los Angeles,037,10098052,2930154,2909197,142046,3051243,31999
2022-06-17,Madera,039,155013,39174,38859,6704,45563,372
2022-06-17,Marin,041,260295,39711,39214,4563,43777,294
2022-06-17,Mariposa,043,17540,2708,2662,263,2925,30
2022-06-17,Mendocino,045,87422,14231,14090,3700,17790,127
2022-06-17,Merced,047,269075,65246,64734,9646,74380,827
2022-06-17,Modoc,049,8938,773,771,268,1039,8
2022-06-17,Mono,051,14174,3072,3066,180,3246,6
2022-06-17,Monterey,053,433212,84979,84032,17034,101066,744
2022-06-17,Napa,055,140530,28957,28619,1267,29886,144
2022-06-17,Nevada,057,99092,17311,17134,1426,18560,129
2022-06-17,Orange,059,3164182,592961,587176,49083,636259,7074
2022-06-17,Placer,061,380077,68616,67961,8278,76239,628
2022-06-17,Plumas,063,18699,3234,3201,398,3599,13
2022-06-17,Riverside,065,2383286,624032,619760,30685,650445,6488
2022-06-17,Sacramento,067,1510023,309286,306215,31182,337397,3072
2022-06-17,San Benito,069,59416,14118,13985,681,14666,99
2022-06-17,San Bernardino,071,2135413,597077,591926,26782,618708,7765
2022-06-17,San Diego,073,3302833,819107,815124,59561,874685,5318
2022-06-17,San Francisco,075,870044,154401,151898,10358,162256,897
2022-06-17,San Joaquin,077,732212,177823,176323,11922,188245,2251
2022-06-17,San Luis Obispo,079,281455,57210,56767,5398,62165,485
2022-06-17,San Mateo,081,765935,145846,143879,9328,153207,723
2022-06-17,Santa Barbara,083,443738,93660,92906,5467,98373,699
2022-06-17,Santa Clara,085,1922200,371019,365638,16217,381855,2328
2022-06-17,Santa Cruz,087,273765,54647,53866,2724,56590,264
2022-06-17,Shasta,089,179085,31875,31647,6445,38092,568
2022-06-17,Sierra,091,2930,284,281,57,338,4
2022-06-17,Siskiyou,093,43540,4717,4672,2995,7667,81
2022-06-17,Solano,095,438530,92176,90548,6546,97094,454
2022-06-17,Sonoma,097,501317,95474,94318,4189,98507,493
2022-06-17,Stanislaus,099,539301,124128,123264,18860,142124,1668
2022-06-17,Sutter,101,95872,21614,21501,2336,23837,227
2022-06-17,Tehama,103,63373,12499,12410,2757,15167,205
2022-06-17,Trinity,105,12862,1228,1220,303,1523,20
2022-06-17,Tulare,107,460477,110817,110041,30963,141004,1496
2022-06-17,Tuolumne,109,53932,13638,13487,688,14175,189
2022-06-17,Ventura,111,848112,186836,185219,11526,196745,1513
2022-06-17,Yolo,113,214977,42663,41135,3765,44900,323
2022-06-17,Yuba,115,75493,16929,16786,1459,18245,124
2022-06-16,Alameda,001,1643700,299557,296062,17160,313222,1883
2022-06-16,Alpine,003,1148,129,129,1,130,0
2022-06-16,Amador,005,37829,9120,8985,736,9721,87
2022-06-16,Butte,007,227075,35225,34920,7520,42440,432
2022-06-16,Calaveras,009,45235,7713,7664,423,8087,122
2022-06-16,Colusa,011,21464,3528,3519,1137,4656,21
2022-06-16,Contra Costa,013,1133247,216432,213994,16512,230506,1323
2022-06-16,Del Norte,015,27424,6355,6307,302,6609,52
2022-06-16,El Dorado,017,186661,29162,28904,3662,32566,215
2022-06-16,Fresno,019,978130,243883,242214,25973,268187,2768
2022-06-16,Glenn,021,27897,5159,5131,1689,6820,48
2022-06-16,Humboldt,023,135768,19126,18885,3859,22744,148
2022-06-16,Imperial,025,180216,57825,57450,11652,69102,944
2022-06-16,Inyo,027,18085,4224,4209,634,4843,56
2022-06-16,Kern,029,883053,199935,198567,50164,248731,2340
2022-06-16,Kings,031,150075,53503,53242,3772,57014,448
2022-06-16,Lake,033,64148,11419,11318,1003,12321,140
2022-06-16,Lassen,035,31185,9255,9225,941,10166,64
2022-06-16,Los Angeles,037,10098052,2926212,2909197,141695,3050892,31999
2022-06-16,Madera,039,155013,39144,38859,6694,45553,372
2022-06-16,Marin,041,260295,39613,39214,4549,43763,294
2022-06-16,Mariposa,043,17540,2700,2662,262,2924,30
2022-06-16,Mendocino,045,87422,14203,14090,3691,17781,127
2022-06-16,Merced,047,269075,65172,64734,9628,74362,827
2022-06-16,Modoc,049,8938,773,771,268,1039,8
2022-06-16,Mono,051,14174,3071,3066,179,3245,6
2022-06-16,Monterey,053,433212,84830,84032,16978,101010,744
2022-06-16,Napa,055,140530,28913,28619,1264,29883,144
2022-06-16,Nevada,057,99092,17288,17134,1421,18555,129
2022-06-16,Orange,059,3164182,591932,587176,48939,636115,7074
2022-06-16,Placer,061,380077,68531,67961,8258,76219,628
2022-06-16,Plumas,063,18699,3227,3201,397,3598,13
2022-06-16,Riverside,065,2383286,623289,619760,30638,650398,6488
2022-06-16,Sacramento,067,1510023,308702,306215,31148,337363,3072
2022-06-16,San Benito,069,59416,14093,13985,678,14663,99
2022-06-16,San Bernardino,071,2135413,596423,591926,26741,618667,7765
2022-06-16,San Diego,073,3302833,817592,815124,59401,874525,5318
2022-06-16,San Francisco,075,870044,153949,151898,10316,162214,897
2022-06-16,San Joaquin,077,732212,177572,176323,11903,188226,2251
2022-06-16,San Luis Obispo,079,281455,57132,56767,5378,62145,485
2022-06-16,San Mateo,081,765935,145485,143879,9313,153192,723
2022-06-16,Santa Barbara,083,443738,93512,92906,5452,98358,699
2022-06-16,Santa Clara,085,1922200,370074,365638,16170,381808,2328
2022-06-16,Santa Cruz,087,273765,54515,53866,2711,56577,264
2022-06-16,Shasta,089,179085,31844,31647,6434,38081,568
2022-06-16,Sierra,091,2930,283,281,57,338,4
2022-06-16,Siskiyou,093,43540,4708,4672,2986,7658,81
2022-06-16,Solano,095,438530,91989,90548,6531,97079,454
2022-06-16,Sonoma,097,501317,95289,94318,4170,98488,493
2022-06-16,Stanislaus,099,539301,123969,123264,18840,142104,1668
2022-06-16,Sutter,101,95872,21589,21501,2334,23835,227
2022-06-16,Tehama,103,63373,12480,12410,2754,15164,205
2022-06-16,Trinity,105,12862,1226,1220,300,1520,20
2022-06-16,Tulare,107,460477,110684,110041,30910,140951,1496
2022-06-16,Tuolumne,109,53932,13614,13487,684,14171,189
2022-06-16,Ventura,111,848112,186565,185219,11477,196696,1513
2022-06-16,Yolo,113,214977,42572,41135,3750,44885,323
2022-06-16,Yuba,115,75493,16905,16786,1455,18241,124
2022-06-15,Alameda,001,1643700,298758,295002,17097,312099,1880
2022-06-15,Alpine,003,1148,129,129,1,130,0
2022-06-15,Amador,005,37829,9112,8972,736,9708,87
2022-06-15,Butte,007,227075,35159,34841,7498,42339,430
2022-06-15,Calaveras,009,45235,7710,7648,420,8068,122
2022-06-15,Colusa,011,21464,3524,3515,1135,4650,21
2022-06-15,Contra Costa,013,1133247,215983,213219,16470,229689,1321
2022-06-15,Del Norte,015,27424,6345,6298,300,6598,52
2022-06-15,El Dorado,017,186661,29109,28829,3648,32477,215
2022-06-15,Fresno,019,978130,243518,241768,25928,267696,2767
2022-06-15,Glenn,021,27897,5154,5128,1681,6809,48
2022-06-15,Humboldt,023,135768,19088,18836,3833,22669,148
2022-06-15,Imperial,025,180216,57743,57373,11624,68997,941
2022-06-15,Inyo,027,18085,4222,4205,633,4838,56
2022-06-15,Kern,029,883053,199675,198216,50047,248263,2338
2022-06-15,Kings,031,150075,53449,53170,3769,56939,448
2022-06-15,Lake,033,64148,11401,11303,998,12301,140
2022-06-15,Lassen,035,31185,9251,9209,940,10149,64
2022-06-15,Los Angeles,037,10098052,2922006,2897298,141348,3038646,31971
2022-06-15,Madera,039,155013,39100,38776,6677,45453,372
2022-06-15,Marin,041,260295,39524,39027,4542,43569,294
2022-06-15,Mariposa,043,17540,2696,2651,260,2911,30
2022-06-15,Mendocino,045,87422,14177,14052,3687,17739,127
2022-06-15,Merced,047,269075,65091,64595,9613,74208,825
2022-06-15,Modoc,049,8938,772,772,268,1040,8
2022-06-15,Mono,051,14174,3071,3060,179,3239,6
2022-06-15,Monterey,053,433212,84692,83837,16930,100767,741
2022-06-15,Napa,055,140530,28853,28518,1257,29775,144
2022-06-15,Nevada,057,99092,17263,17107,1417,18524,127
2022-06-15,Orange,059,3164182,590886,585496,48750,634246,7067
2022-06-15,Placer,061,380077,68410,67805,8246,76051,628
2022-06-15,Plumas,063,18699,3222,3185,395,3580,13
2022-06-15,Riverside,065,2383286,622571,618584,30581,649165,6482
2022-06-15,Sacramento,067,1510023,308111,305361,31095,336456,3059
2022-06-15,San Benito,069,59416,14056,13953,670,14623,99
2022-06-15,San Bernardino,071,2135413,595776,590328,26697,617025,7735
2022-06-15,San Diego,073,3302833,816038,811093,59235,870328,5316
2022-06-15,San Francisco,075,870044,153513,151170,10290,161460,890
2022-06-15,San Joaquin,077,732212,177330,175966,11863,187829,2244
2022-06-15,San Luis Obispo,079,281455,57046,56535,5336,61871,486
2022-06-15,San Mateo,081,765935,145085,143277,9297,152574,722
2022-06-15,Santa Barbara,083,443738,93379,92710,5444,98154,698
2022-06-15,Santa Clara,085,1922200,369077,364014,16136,380150,2323
2022-06-15,Santa Cruz,087,273765,54400,53718,2705,56423,265
2022-06-15,Shasta,089,179085,31804,31598,6426,38024,568
2022-06-15,Sierra,091,2930,281,280,56,336,4
2022-06-15,Siskiyou,093,43540,4697,4656,2975,7631,81
2022-06-15,Solano,095,438530,91779,90265,6523,96788,453
2022-06-15,Sonoma,097,501317,95095,94041,4159,98200,492
2022-06-15,Stanislaus,099,539301,123828,122944,18815,141759,1668
2022-06-15,Sutter,101,95872,21561,21448,2329,23777,227
2022-06-15,Tehama,103,63373,12472,12392,2748,15140,205
2022-06-15,Trinity,105,12862,1225,1217,299,1516,20
2022-06-15,Tulare,107,460477,110578,109930,30869,140799,1495
2022-06-15,Tuolumne,109,53932,13603,13459,684,14143,189
2022-06-15,Ventura,111,848112,186291,184750,11427,196177,1509
2022-06-15,Yolo,113,214977,42468,40756,3735,44491,322
2022-06-15,Yuba,115,75493,16880,16754,1450,18204,124
2022-06-14,Alameda,001,1643700,298054,295002,17039,312041,1880
2022-06-14,Alpine,003,1148,129,129,1,130,0
2022-06-14,Amador,005,37829,9096,8972,730,9702,87
2022-06-14,Butte,007,227075,35106,34841,7481,42322,430
2022-06-14,Calaveras,009,45235,7700,7648,419,8067,122
2022-06-14,Colusa,011,21464,3522,3515,1134,4649,21
2022-06-14,Contra Costa,013,1133247,215454,213219,16408,229627,1321
2022-06-14,Del Norte,015,27424,6337,6298,297,6595,52
2022-06-14,El Dorado,017,186661,29057,28829,3639,32468,215
2022-06-14,Fresno,019,978130,243125,241768,25867,267635,2767
2022-06-14,Glenn,021,27897,5146,5128,1677,6805,48
2022-06-14,Humboldt,023,135768,19038,18836,3814,22650,148
2022-06-14,Imperial,025,180216,57669,57373,11589,68962,941
2022-06-14,Inyo,027,18085,4217,4205,631,4836,56
2022-06-14,Kern,029,883053,199416,198216,49913,248129,2338
2022-06-14,Kings,031,150075,53381,53170,3767,56937,448
2022-06-14,Lake,033,64148,11375,11303,996,12299,140
2022-06-14,Lassen,035,31185,9245,9209,934,10143,64
2022-06-14,Los Angeles,037,10098052,2917554,2897298,140932,3038230,31971
2022-06-14,Madera,039,155013,39046,38776,6668,45444,372
2022-06-14,Marin,041,260295,39417,39027,4531,43558,294
2022-06-14,Mariposa,043,17540,2685,2651,258,2909,30
2022-06-14,Mendocino,045,87422,14149,14052,3673,17725,127
2022-06-14,Merced,047,269075,65010,64595,9584,74179,825
2022-06-14,Modoc,049,8938,772,772,266,1038,8
2022-06-14,Mono,051,14174,3071,3060,178,3238,6
2022-06-14,Monterey,053,433212,84553,83837,16882,100719,741
2022-06-14,Napa,055,140530,28791,28518,1255,29773,144
2022-06-14,Nevada,057,99092,17231,17107,1412,18519,127
2022-06-14,Orange,059,3164182,589755,585496,48574,634070,7067
2022-06-14,Placer,061,380077,68287,67805,8233,76038,628
2022-06-14,Plumas,063,18699,3217,3185,395,3580,13
2022-06-14,Riverside,065,2383286,621791,618584,30540,649124,6482
2022-06-14,Sacramento,067,1510023,307487,305361,31003,336364,3059
2022-06-14,San Benito,069,59416,14021,13953,668,14621,99
2022-06-14,San Bernardino,071,2135413,595071,590328,26652,616980,7735
2022-06-14,San Diego,073,3302833,814330,811093,59086,870179,5316
2022-06-14,San Francisco,075,870044,153026,151170,10263,161433,890
2022-06-14,San Joaquin,077,732212,177062,175966,11829,187795,2244
2022-06-14,San Luis Obispo,079,281455,56939,56535,5281,61816,486
2022-06-14,San Mateo,081,765935,144705,143277,9282,152559,722
2022-06-14,Santa Barbara,083,443738,93243,92710,5429,98139,698
2022-06-14,Santa Clara,085,1922200,368016,364014,16082,380096,2323
2022-06-14,Santa Cruz,087,273765,54275,53718,2693,56411,265
2022-06-14,Shasta,089,179085,31772,31598,6418,38016,568
2022-06-14,Sierra,091,2930,281,280,56,336,4
2022-06-14,Siskiyou,093,43540,4687,4656,2969,7625,81
2022-06-14,Solano,095,438530,91520,90265,6501,96766,453
2022-06-14,Sonoma,097,501317,94884,94041,4145,98186,492
2022-06-14,Stanislaus,099,539301,123649,122944,18785,141729,1668
2022-06-14,Sutter,101,95872,21523,21448,2325,23773,227
2022-06-14,Tehama,103,63373,12454,12392,2745,15137,205
2022-06-14,Trinity,105,12862,1224,1217,299,1516,20
2022-06-14,Tulare,107,460477,110436,109930,30821,140751,1495
2022-06-14,Tuolumne,109,53932,13583,13459,680,14139,189
2022-06-14,Ventura,111,848112,185998,184750,11384,196134,1509
2022-06-14,Yolo,113,214977,42360,40756,3724,44480,322
2022-06-14,Yuba,115,75493,16850,16754,1447,18201,124
2022-06-13,Alameda,001,1643700,297228,295002,16985,311987,1880
2022-06-13,Alpine,003,1148,129,129,1,130,0
2022-06-13,Amador,005,37829,9089,8972,728,9700,87
2022-06-13,Butte,007,227075,35033,34841,7454,42295,430
2022-06-13,Calaveras,009,45235,7681,7648,419,8067,122
2022-06-13,Colusa,011,21464,3522,3515,1131,4646,21
2022-06-13,Contra Costa,013,1133247,214876,213219,16334,229553,1321
2022-06-13,Del Norte,015,27424,6325,6298,293,6591,52
2022-06-13,El Dorado,017,186661,29007,28829,3627,32456,215
2022-06-13,Fresno,019,978130,242706,241768,25808,267576,2767
2022-06-13,Glenn,021,27897,5142,5128,1672,6800,48
2022-06-13,Humboldt,023,135768,18983,18836,3788,22624,148
2022-06-13,Imperial,025,180216,57574,57373,11538,68911,941
2022-06-13,Inyo,027,18085,4213,4205,626,4831,56
2022-06-13,Kern,029,883053,199146,198216,49758,247974,2338
2022-06-13,Kings,031,150075,53316,53170,3763,56933,448
2022-06-13,Lake,033,64148,11350,11303,995,12298,140
2022-06-13,Lassen,035,31185,9237,9209,931,10140,64
2022-06-13,Los Angeles,037,10098052,2913050,2897298,140545,3037843,31971
2022-06-13,Madera,039,155013,38978,38776,6649,45425,372
2022-06-13,Marin,041,260295,39310,39027,4502,43529,294
2022-06-13,Mariposa,043,17540,2672,2651,257,2908,30
2022-06-13,Mendocino,045,87422,14125,14052,3657,17709,127
2022-06-13,Merced,047,269075,64933,64595,9551,74146,825
2022-06-13,Modoc,049,8938,771,772,266,1038,8
2022-06-13,Mono,051,14174,3069,3060,178,3238,6
2022-06-13,Monterey,053,433212,84420,83837,16825,100662,741
2022-06-13,Napa,055,140530,28721,28518,1251,29769,144
2022-06-13,Nevada,057,99092,17200,17107,1409,18516,127
2022-06-13,Orange,059,3164182,588508,585496,48388,633884,7067
2022-06-13,Placer,061,380077,68192,67805,8212,76017,628
2022-06-13,Plumas,063,18699,3212,3185,394,3579,13
2022-06-13,Riverside,065,2383286,621050,618584,30501,649085,6482
2022-06-13,Sacramento,067,1510023,306813,305361,30932,336293,3059
2022-06-13,San Benito,069,59416,13995,13953,662,14615,99
2022-06-13,San Bernardino,071,2135413,594287,590328,26622,616950,7735
2022-06-13,San Diego,073,3302833,812618,811093,58985,870078,5316
2022-06-13,San Francisco,075,870044,152480,151170,10243,161413,890
2022-06-13,San Joaquin,077,732212,176801,175966,11788,187754,2244
2022-06-13,San Luis Obispo,079,281455,56840,56535,5227,61762,486
2022-06-13,San Mateo,081,765935,144276,143277,9254,152531,722
2022-06-13,Santa Barbara,083,443738,93115,92710,5414,98124,698
2022-06-13,Santa Clara,085,1922200,367005,364014,16026,380040,2323
2022-06-13,Santa Cruz,087,273765,54137,53718,2686,56404,265
2022-06-13,Shasta,089,179085,31740,31598,6411,38009,568
2022-06-13,Sierra,091,2930,281,280,56,336,4
2022-06-13,Siskiyou,093,43540,4683,4656,2961,7617,81
2022-06-13,Solano,095,438530,91283,90265,6476,96741,453
2022-06-13,Sonoma,097,501317,94655,94041,4122,98163,492
2022-06-13,Stanislaus,099,539301,123478,122944,18763,141707,1668
2022-06-13,Sutter,101,95872,21495,21448,2321,23769,227
2022-06-13,Tehama,103,63373,12434,12392,2742,15134,205
2022-06-13,Trinity,105,12862,1222,1217,299,1516,20
2022-06-13,Tulare,107,460477,110283,109930,30761,140691,1495
2022-06-13,Tuolumne,109,53932,13562,13459,677,14136,189
2022-06-13,Ventura,111,848112,185707,184750,11329,196079,1509
2022-06-13,Yolo,113,214977,42222,40756,3710,44466,322
2022-06-13,Yuba,115,75493,16832,16754,1441,18195,124
2022-06-12,Alameda,001,1643700,296415,292112,16922,309034,1877
2022-06-12,Alpine,003,1148,129,129,1,130,0
2022-06-12,Amador,005,37829,9065,8869,727,9596,87
2022-06-12,Butte,007,227075,34975,34596,7429,42025,427
2022-06-12,Calaveras,009,45235,7667,7604,415,8019,122
2022-06-12,Colusa,011,21464,3521,3505,1130,4635,21
2022-06-12,Contra Costa,013,1133247,214288,211229,16255,227484,1315
2022-06-12,Del Norte,015,27424,6311,6253,293,6546,52
2022-06-12,El Dorado,017,186661,28945,28641,3607,32248,215
2022-06-12,Fresno,019,978130,242248,240345,25751,266096,2766
2022-06-12,Glenn,021,27897,5138,5104,1670,6774,48
2022-06-12,Humboldt,023,135768,18916,18696,3749,22445,148
2022-06-12,Imperial,025,180216,57504,57129,11488,68617,941
2022-06-12,Inyo,027,18085,4212,4194,624,4818,56
2022-06-12,Kern,029,883053,198864,197353,49620,246973,2338
2022-06-12,Kings,031,150075,53237,52978,3754,56732,447
2022-06-12,Lake,033,64148,11326,11202,994,12196,139
2022-06-12,Lassen,035,31185,9219,9172,928,10100,64
2022-06-12,Los Angeles,037,10098052,2908158,2878981,140071,3019052,31947
2022-06-12,Madera,039,155013,38885,38567,6622,45189,372
2022-06-12,Marin,041,260295,39202,38593,4476,43069,294
2022-06-12,Mariposa,043,17540,2666,2625,256,2881,30
2022-06-12,Mendocino,045,87422,14102,13945,3651,17596,127
2022-06-12,Merced,047,269075,64819,64286,9517,73803,825
2022-06-12,Modoc,049,8938,771,767,266,1033,8
2022-06-12,Mono,051,14174,3065,3052,177,3229,6
2022-06-12,Monterey,053,433212,84264,83391,16738,100129,739
2022-06-12,Napa,055,140530,28660,28202,1242,29444,143
2022-06-12,Nevada,057,99092,17157,16989,1403,18392,127
2022-06-12,Orange,059,3164182,587228,581624,48193,629817,7057
2022-06-12,Placer,061,380077,68079,67306,8188,75494,628
2022-06-12,Plumas,063,18699,3206,3172,393,3565,13
2022-06-12,Riverside,065,2383286,620110,615556,30426,645982,6481
2022-06-12,Sacramento,067,1510023,306080,302721,30825,333546,3058
2022-06-12,San Benito,069,59416,13960,13832,656,14488,99
2022-06-12,San Bernardino,071,2135413,593381,587385,26571,613956,7708
2022-06-12,San Diego,073,3302833,810895,805360,58854,864214,5315
2022-06-12,San Francisco,075,870044,151920,149278,10193,159471,890
2022-06-12,San Joaquin,077,732212,176450,174822,11758,186580,2244
2022-06-12,San Luis Obispo,079,281455,56704,56160,5152,61312,485
2022-06-12,San Mateo,081,765935,143812,141719,9211,150930,715
2022-06-12,Santa Barbara,083,443738,92942,92177,5400,97577,694
2022-06-12,Santa Clara,085,1922200,365826,359925,15975,375900,2322
2022-06-12,Santa Cruz,087,273765,53977,53171,2680,55851,264
2022-06-12,Shasta,089,179085,31693,31483,6397,37880,566
2022-06-12,Sierra,091,2930,281,278,56,334,4
2022-06-12,Siskiyou,093,43540,4675,4633,2956,7589,81
2022-06-12,Solano,095,438530,90994,89424,6453,95877,453
2022-06-12,Sonoma,097,501317,94404,93218,4097,97315,492
2022-06-12,Stanislaus,099,539301,123279,122267,18722,140989,1665
2022-06-12,Sutter,101,95872,21454,21333,2302,23635,227
2022-06-12,Tehama,103,63373,12416,12343,2735,15078,205
2022-06-12,Trinity,105,12862,1219,1213,299,1512,20
2022-06-12,Tulare,107,460477,110079,109467,30685,140152,1495
2022-06-12,Tuolumne,109,53932,13534,13382,674,14056,189
2022-06-12,Ventura,111,848112,185350,183680,11281,194961,1508
2022-06-12,Yolo,113,214977,42103,40202,3701,43903,323
2022-06-12,Yuba,115,75493,16804,16653,1433,18086,123
2022-06-11,Alameda,001,1643700,296002,292112,16897,309009,1877
2022-06-11,Alpine,003,1148,129,129,1,130,0
2022-06-11,Amador,005,37829,9051,8869,727,9596,87
2022-06-11,Butte,007,227075,34939,34596,7409,42005,427
2022-06-11,Calaveras,009,45235,7660,7604,414,8018,122
2022-06-11,Colusa,011,21464,3519,3505,1129,4634,21
2022-06-11,Contra Costa,013,1133247,213979,211229,16218,227447,1315
2022-06-11,Del Norte,015,27424,6303,6253,293,6546,52
2022-06-11,El Dorado,017,186661,28926,28641,3605,32246,215
2022-06-11,Fresno,019,978130,242054,240345,25730,266075,2766
2022-06-11,Glenn,021,27897,5136,5104,1670,6774,48
2022-06-11,Humboldt,023,135768,18893,18696,3739,22435,148
2022-06-11,Imperial,025,180216,57447,57129,11474,68603,941
2022-06-11,Inyo,027,18085,4212,4194,622,4816,56
2022-06-11,Kern,029,883053,198739,197353,49538,246891,2338
2022-06-11,Kings,031,150075,53205,52978,3753,56731,447
2022-06-11,Lake,033,64148,11318,11202,991,12193,139
2022-06-11,Lassen,035,31185,9214,9172,927,10099,64
2022-06-11,Los Angeles,037,10098052,2905828,2878981,139789,3018770,31947
2022-06-11,Madera,039,155013,38864,38567,6620,45187,372
2022-06-11,Marin,041,260295,39125,38593,4441,43034,294
2022-06-11,Mariposa,043,17540,2662,2625,255,2880,30
2022-06-11,Mendocino,045,87422,14091,13945,3648,17593,127
2022-06-11,Merced,047,269075,64771,64286,9512,73798,825
2022-06-11,Modoc,049,8938,771,767,266,1033,8
2022-06-11,Mono,051,14174,3065,3052,177,3229,6
2022-06-11,Monterey,053,433212,84181,83391,16706,100097,739
2022-06-11,Napa,055,140530,28620,28202,1238,29440,143
2022-06-11,Nevada,057,99092,17144,16989,1401,18390,127
2022-06-11,Orange,059,3164182,586581,581624,48050,629674,7057
2022-06-11,Placer,061,380077,67993,67306,8179,75485,628
2022-06-11,Plumas,063,18699,3203,3172,393,3565,13
2022-06-11,Riverside,065,2383286,619581,615556,30395,645951,6481
2022-06-11,Sacramento,067,1510023,305774,302721,30787,333508,3058
2022-06-11,San Benito,069,59416,13950,13832,653,14485,99
2022-06-11,San Bernardino,071,2135413,592971,587385,26549,613934,7708
2022-06-11,San Diego,073,3302833,810195,805360,58810,864170,5315
2022-06-11,San Francisco,075,870044,151600,149278,10171,159449,890
2022-06-11,San Joaquin,077,732212,176295,174822,11738,186560,2244
2022-06-11,San Luis Obispo,079,281455,56670,56160,5142,61302,485
2022-06-11,San Mateo,081,765935,143588,141719,9188,150907,715
2022-06-11,Santa Barbara,083,443738,92875,92177,5386,97563,694
2022-06-11,Santa Clara,085,1922200,365068,359925,15934,375859,2322
2022-06-11,Santa Cruz,087,273765,53922,53171,2664,55835,264
2022-06-11,Shasta,089,179085,31677,31483,6391,37874,566
2022-06-11,Sierra,091,2930,281,278,56,334,4
2022-06-11,Siskiyou,093,43540,4669,4633,2948,7581,81
2022-06-11,Solano,095,438530,90906,89424,6441,95865,453
2022-06-11,Sonoma,097,501317,94297,93218,4072,97290,492
2022-06-11,Stanislaus,099,539301,123176,122267,18701,140968,1665
2022-06-11,Sutter,101,95872,21437,21333,2300,23633,227
2022-06-11,Tehama,103,63373,12409,12343,2734,15077,205
2022-06-11,Trinity,105,12862,1219,1213,299,1512,20
2022-06-11,Tulare,107,460477,109998,109467,30647,140114,1495
2022-06-11,Tuolumne,109,53932,13508,13382,672,14054,189
2022-06-11,Ventura,111,848112,185174,183680,11248,194928,1508
2022-06-11,Yolo,113,214977,42040,40202,3695,43897,323
2022-06-11,Yuba,115,75493,16785,16653,1428,18081,123
2022-06-10,Alameda,001,1643700,295531,292112,16871,308983,1877
2022-06-10,Alpine,003,1148,129,129,1,130,0
2022-06-10,Amador,005,37829,9038,8869,726,9595,87
2022-06-10,Butte,007,227075,34909,34596,7399,41995,427
2022-06-10,Calaveras,009,45235,7655,7604,414,8018,122
2022-06-10,Colusa,011,21464,3514,3505,1127,4632,21
2022-06-10,Contra Costa,013,1133247,213713,211229,16184,227413,1315
2022-06-10,Del Norte,015,27424,6297,6253,292,6545,52
2022-06-10,El Dorado,017,186661,28897,28641,3599,32240,215
2022-06-10,Fresno,019,978130,241826,240345,25704,266049,2766
2022-06-10,Glenn,021,27897,5134,5104,1666,6770,48
2022-06-10,Humboldt,023,135768,18871,18696,3732,22428,148
2022-06-10,Imperial,025,180216,57401,57129,11471,68600,941
2022-06-10,Inyo,027,18085,4211,4194,618,4812,56
2022-06-10,Kern,029,883053,198593,197353,49438,246791,2338
2022-06-10,Kings,031,150075,53185,52978,3752,56730,447
2022-06-10,Lake,033,64148,11303,11202,990,12192,139
2022-06-10,Lassen,035,31185,9211,9172,927,10099,64
2022-06-10,Los Angeles,037,10098052,2903114,2878981,139523,3018504,31947
2022-06-10,Madera,039,155013,38836,38567,6612,45179,372
2022-06-10,Marin,041,260295,39029,38593,4413,43006,294
2022-06-10,Mariposa,043,17540,2658,2625,254,2879,30
2022-06-10,Mendocino,045,87422,14073,13945,3640,17585,127
2022-06-10,Merced,047,269075,64728,64286,9506,73792,825
2022-06-10,Modoc,049,8938,771,767,266,1033,8
2022-06-10,Mono,051,14174,3065,3052,176,3228,6
2022-06-10,Monterey,053,433212,84090,83391,16661,100052,739
2022-06-10,Napa,055,140530,28589,28202,1237,29439,143
2022-06-10,Nevada,057,99092,17132,16989,1400,18389,127
2022-06-10,Orange,059,3164182,585917,581624,47930,629554,7057
2022-06-10,Placer,061,380077,67924,67306,8162,75468,628
2022-06-10,Plumas,063,18699,3199,3172,393,3565,13
2022-06-10,Riverside,065,2383286,619060,615556,30365,645921,6481
2022-06-10,Sacramento,067,1510023,305377,302721,30764,333485,3058
2022-06-10,San Benito,069,59416,13936,13832,652,14484,99
2022-06-10,San Bernardino,071,2135413,592574,587385,26514,613899,7708
2022-06-10,San Diego,073,3302833,809279,805360,58776,864136,5315
2022-06-10,San Francisco,075,870044,151281,149278,10130,159408,890
2022-06-10,San Joaquin,077,732212,176181,174822,11721,186543,2244
2022-06-10,San Luis Obispo,079,281455,56635,56160,5134,61294,485
2022-06-10,San Mateo,081,765935,143335,141719,9173,150892,715
2022-06-10,Santa Barbara,083,443738,92776,92177,5382,97559,694
2022-06-10,Santa Clara,085,1922200,364325,359925,15900,375825,2322
2022-06-10,Santa Cruz,087,273765,53823,53171,2654,55825,264
2022-06-10,Shasta,089,179085,31657,31483,6381,37864,566
2022-06-10,Sierra,091,2930,280,278,56,334,4
2022-06-10,Siskiyou,093,43540,4662,4633,2942,7575,81
2022-06-10,Solano,095,438530,90746,89424,6427,95851,453
2022-06-10,Sonoma,097,501317,94138,93218,4047,97265,492
2022-06-10,Stanislaus,099,539301,123057,122267,18688,140955,1665
2022-06-10,Sutter,101,95872,21422,21333,2298,23631,227
2022-06-10,Tehama,103,63373,12401,12343,2733,15076,205
2022-06-10,Trinity,105,12862,1217,1213,299,1512,20
2022-06-10,Tulare,107,460477,109931,109467,30617,140084,1495
2022-06-10,Tuolumne,109,53932,13495,13382,668,14050,189
2022-06-10,Ventura,111,848112,184986,183680,11214,194894,1508
2022-06-10,Yolo,113,214977,41950,40202,3687,43889,323
2022-06-10,Yuba,115,75493,16764,16653,1425,18078,123
2022-06-09,Alameda,001,1643700,294621,292112,16811,308923,1877
2022-06-09,Alpine,003,1148,129,129,1,130,0
2022-06-09,Amador,005,37829,9027,8869,723,9592,87
2022-06-09,Butte,007,227075,34850,34596,7390,41986,427
2022-06-09,Calaveras,009,45235,7645,7604,414,8018,122
2022-06-09,Colusa,011,21464,3513,3505,1125,4630,21
2022-06-09,Contra Costa,013,1133247,213202,211229,16137,227366,1315
2022-06-09,Del Norte,015,27424,6286,6253,289,6542,52
2022-06-09,El Dorado,017,186661,28839,28641,3591,32232,215
2022-06-09,Fresno,019,978130,241471,240345,25657,266002,2766
2022-06-09,Glenn,021,27897,5129,5104,1664,6768,48
2022-06-09,Humboldt,023,135768,18823,18696,3720,22416,148
2022-06-09,Imperial,025,180216,57346,57129,11450,68579,941
2022-06-09,Inyo,027,18085,4208,4194,613,4807,56
2022-06-09,Kern,029,883053,198392,197353,49333,246686,2338
2022-06-09,Kings,031,150075,53142,52978,3748,56726,447
2022-06-09,Lake,033,64148,11278,11202,989,12191,139
2022-06-09,Lassen,035,31185,9192,9172,925,10097,64
2022-06-09,Los Angeles,037,10098052,2898683,2878981,139137,3018118,31947
2022-06-09,Madera,039,155013,38782,38567,6597,45164,372
2022-06-09,Marin,041,260295,38926,38593,4388,42981,294
2022-06-09,Mariposa,043,17540,2654,2625,253,2878,30
2022-06-09,Mendocino,045,87422,14045,13945,3638,17583,127
2022-06-09,Merced,047,269075,64650,64286,9496,73782,825
2022-06-09,Modoc,049,8938,770,767,266,1033,8
2022-06-09,Mono,051,14174,3060,3052,174,3226,6
2022-06-09,Monterey,053,433212,83970,83391,16589,99980,739
2022-06-09,Napa,055,140530,28529,28202,1235,29437,143
2022-06-09,Nevada,057,99092,17098,16989,1399,18388,127
2022-06-09,Orange,059,3164182,584845,581624,47775,629399,7057
2022-06-09,Placer,061,380077,67804,67306,8149,75455,628
2022-06-09,Plumas,063,18699,3193,3172,393,3565,13
2022-06-09,Riverside,065,2383286,618370,615556,30321,645877,6481
2022-06-09,Sacramento,067,1510023,304797,302721,30678,333399,3058
2022-06-09,San Benito,069,59416,13917,13832,649,14481,99
2022-06-09,San Bernardino,071,2135413,591910,587385,26479,613864,7708
2022-06-09,San Diego,073,3302833,807872,805360,58655,864015,5315
2022-06-09,San Francisco,075,870044,150880,149278,10098,159376,890
2022-06-09,San Joaquin,077,732212,175893,174822,11700,186522,2244
2022-06-09,San Luis Obispo,079,281455,56548,56160,5104,61264,485
2022-06-09,San Mateo,081,765935,142953,141719,9146,150865,715
2022-06-09,Santa Barbara,083,443738,92645,92177,5377,97554,694
2022-06-09,Santa Clara,085,1922200,363360,359925,15832,375757,2322
2022-06-09,Santa Cruz,087,273765,53691,53171,2643,55814,264
2022-06-09,Shasta,089,179085,31626,31483,6371,37854,566
2022-06-09,Sierra,091,2930,280,278,56,334,4
2022-06-09,Siskiyou,093,43540,4655,4633,2928,7561,81
2022-06-09,Solano,095,438530,90502,89424,6412,95836,453
2022-06-09,Sonoma,097,501317,93982,93218,4027,97245,492
2022-06-09,Stanislaus,099,539301,122889,122267,18674,140941,1665
2022-06-09,Sutter,101,95872,21384,21333,2298,23631,227
2022-06-09,Tehama,103,63373,12383,12343,2732,15075,205
2022-06-09,Trinity,105,12862,1216,1213,299,1512,20
2022-06-09,Tulare,107,460477,109813,109467,30573,140040,1495
2022-06-09,Tuolumne,109,53932,13464,13382,665,14047,189
2022-06-09,Ventura,111,848112,184719,183680,11180,194860,1508
2022-06-09,Yolo,113,214977,41838,40202,3672,43874,323
2022-06-09,Yuba,115,75493,16742,16653,1422,18075,123
2022-06-08,Alameda,001,1643700,293860,289661,16769,306430,1873
2022-06-08,Alpine,003,1148,129,128,1,129,0
2022-06-08,Amador,005,37829,9019,8818,721,9539,87
2022-06-08,Butte,007,227075,34785,34380,7372,41752,427
2022-06-08,Calaveras,009,45235,7631,7564,414,7978,122
2022-06-08,Colusa,011,21464,3511,3495,1122,4617,21
2022-06-08,Contra Costa,013,1133247,212696,209384,16094,225478,1310
2022-06-08,Del Norte,015,27424,6265,6229,289,6518,52
2022-06-08,El Dorado,017,186661,28787,28478,3587,32065,215
2022-06-08,Fresno,019,978130,241134,239376,25589,264965,2766
2022-06-08,Glenn,021,27897,5125,5095,1663,6758,48
2022-06-08,Humboldt,023,135768,18793,18598,3693,22291,147
2022-06-08,Imperial,025,180216,57274,56912,11431,68343,941
2022-06-08,Inyo,027,18085,4206,4189,613,4802,56
2022-06-08,Kern,029,883053,198120,196763,49214,245977,2338
2022-06-08,Kings,031,150075,53072,52821,3742,56563,447
2022-06-08,Lake,033,64148,11257,11158,989,12147,137
2022-06-08,Lassen,035,31185,9179,9148,925,10073,64
2022-06-08,Los Angeles,037,10098052,2894040,2865901,138760,3004661,31920
2022-06-08,Madera,039,155013,38737,38408,6589,44997,372
2022-06-08,Marin,041,260295,38833,38338,4371,42709,294
2022-06-08,Mariposa,043,17540,2644,2614,253,2867,30
2022-06-08,Mendocino,045,87422,14025,13859,3631,17490,127
2022-06-08,Merced,047,269075,64585,64080,9480,73560,825
2022-06-08,Modoc,049,8938,766,761,266,1027,8
2022-06-08,Mono,051,14174,3056,3044,174,3218,6
2022-06-08,Monterey,053,433212,83860,83063,16542,99605,740
2022-06-08,Napa,055,140530,28441,27996,1232,29228,143
2022-06-08,Nevada,057,99092,17072,16907,1397,18304,127
2022-06-08,Orange,059,3164182,583743,578530,47581,626111,7044
2022-06-08,Placer,061,380077,67675,66951,8144,75095,627
2022-06-08,Plumas,063,18699,3190,3150,392,3542,13
2022-06-08,Riverside,065,2383286,617687,613469,30288,643757,6480
2022-06-08,Sacramento,067,1510023,304167,300875,30590,331465,3054
2022-06-08,San Benito,069,59416,13884,13734,648,14382,99
2022-06-08,San Bernardino,071,2135413,591220,585029,26439,611468,7685
2022-06-08,San Diego,073,3302833,806382,800840,58507,859347,5308
2022-06-08,San Francisco,075,870044,150457,147960,10072,158032,885
2022-06-08,San Joaquin,077,732212,175619,173887,11671,185558,2241
2022-06-08,San Luis Obispo,079,281455,56392,55822,5038,60860,484
2022-06-08,San Mateo,081,765935,142556,140569,9101,149670,710
2022-06-08,Santa Barbara,083,443738,92507,91747,5374,97121,693
2022-06-08,Santa Clara,085,1922200,362397,356452,15782,372234,2321
2022-06-08,Santa Cruz,087,273765,53551,52753,2629,55382,264
2022-06-08,Shasta,089,179085,31593,31394,6365,37759,565
2022-06-08,Sierra,091,2930,280,278,56,334,4
2022-06-08,Siskiyou,093,43540,4650,4609,2925,7534,81
2022-06-08,Solano,095,438530,90235,88522,6395,94917,453
2022-06-08,Sonoma,097,501317,93798,92644,3993,96637,491
2022-06-08,Stanislaus,099,539301,122705,121787,18650,140437,1662
2022-06-08,Sutter,101,95872,21361,21256,2294,23550,227
2022-06-08,Tehama,103,63373,12376,12306,2730,15036,205
2022-06-08,Trinity,105,12862,1215,1211,298,1509,20
2022-06-08,Tulare,107,460477,109726,109091,30519,139610,1494
2022-06-08,Tuolumne,109,53932,13448,13335,663,13998,189
2022-06-08,Ventura,111,848112,184445,182847,11157,194004,1506
2022-06-08,Yolo,113,214977,41733,39962,3662,43624,321
2022-06-08,Yuba,115,75493,16717,16558,1412,17970,122
2022-06-07,Alameda,001,1643700,293056,289661,16709,306370,1873
2022-06-07,Alpine,003,1148,129,128,1,129,0
2022-06-07,Amador,005,37829,9009,8818,719,9537,87
2022-06-07,Butte,007,227075,34706,34380,7344,41724,427
2022-06-07,Calaveras,009,45235,7623,7564,413,7977,122
2022-06-07,Colusa,011,21464,3511,3495,1118,4613,21
2022-06-07,Contra Costa,013,1133247,212137,209384,16033,225417,1310
2022-06-07,Del Norte,015,27424,6259,6229,285,6514,52
2022-06-07,El Dorado,017,186661,28723,28478,3577,32055,215
2022-06-07,Fresno,019,978130,240749,239376,25518,264894,2766
2022-06-07,Glenn,021,27897,5118,5095,1663,6758,48
2022-06-07,Humboldt,023,135768,18754,18598,3676,22274,147
2022-06-07,Imperial,025,180216,57219,56912,11395,68307,941
2022-06-07,Inyo,027,18085,4205,4189,605,4794,56
2022-06-07,Kern,029,883053,197862,196763,49099,245862,2338
2022-06-07,Kings,031,150075,53015,52821,3735,56556,447
2022-06-07,Lake,033,64148,11232,11158,984,12142,137
2022-06-07,Lassen,035,31185,9170,9148,924,10072,64
2022-06-07,Los Angeles,037,10098052,2888729,2865901,138321,3004222,31920
2022-06-07,Madera,039,155013,38665,38408,6571,44979,372
2022-06-07,Marin,041,260295,38749,38338,4343,42681,294
2022-06-07,Mariposa,043,17540,2637,2614,251,2865,30
2022-06-07,Mendocino,045,87422,13993,13859,3600,17459,127
2022-06-07,Merced,047,269075,64494,64080,9462,73542,825
2022-06-07,Modoc,049,8938,766,761,264,1025,8
2022-06-07,Mono,051,14174,3054,3044,171,3215,6
2022-06-07,Monterey,053,433212,83731,83063,16486,99549,740
2022-06-07,Napa,055,140530,28366,27996,1224,29220,143
2022-06-07,Nevada,057,99092,17045,16907,1390,18297,127
2022-06-07,Orange,059,3164182,582622,578530,47409,625939,7044
2022-06-07,Placer,061,380077,67526,66951,8126,75077,627
2022-06-07,Plumas,063,18699,3185,3150,391,3541,13
2022-06-07,Riverside,065,2383286,616812,613469,30223,643692,6480
2022-06-07,Sacramento,067,1510023,303451,300875,30476,331351,3054
2022-06-07,San Benito,069,59416,13842,13734,643,14377,99
2022-06-07,San Bernardino,071,2135413,590450,585029,26406,611435,7685
2022-06-07,San Diego,073,3302833,804804,800840,58301,859141,5308
2022-06-07,San Francisco,075,870044,149931,147960,10050,158010,885
2022-06-07,San Joaquin,077,732212,175289,173887,11621,185508,2241
2022-06-07,San Luis Obispo,079,281455,56288,55822,4988,60810,484
2022-06-07,San Mateo,081,765935,142138,140569,9043,149612,710
2022-06-07,Santa Barbara,083,443738,92361,91747,5361,97108,693
2022-06-07,Santa Clara,085,1922200,361264,356452,15697,372149,2321
2022-06-07,Santa Cruz,087,273765,53450,52753,2622,55375,264
2022-06-07,Shasta,089,179085,31556,31394,6358,37752,565
2022-06-07,Sierra,091,2930,279,278,56,334,4
2022-06-07,Siskiyou,093,43540,4643,4609,2921,7530,81
2022-06-07,Solano,095,438530,89912,88522,6377,94899,453
2022-06-07,Sonoma,097,501317,93572,92644,3958,96602,491
2022-06-07,Stanislaus,099,539301,122532,121787,18627,140414,1662
2022-06-07,Sutter,101,95872,21333,21256,2292,23548,227
2022-06-07,Tehama,103,63373,12361,12306,2725,15031,205
2022-06-07,Trinity,105,12862,1214,1211,298,1509,20
2022-06-07,Tulare,107,460477,109601,109091,30463,139554,1494
2022-06-07,Tuolumne,109,53932,13435,13335,660,13995,189
2022-06-07,Ventura,111,848112,184090,182847,11109,193956,1506
2022-06-07,Yolo,113,214977,41616,39962,3650,43612,321
2022-06-07,Yuba,115,75493,16688,16558,1410,17968,122
2022-06-06,Alameda,001,1643700,292169,289661,16645,306306,1873
2022-06-06,Alpine,003,1148,129,128,1,129,0
2022-06-06,Amador,005,37829,8958,8818,717,9535,87
2022-06-06,Butte,007,227075,34643,34380,7329,41709,427
2022-06-06,Calaveras,009,45235,7612,7564,413,7977,122
2022-06-06,Colusa,011,21464,3510,3495,1113,4608,21
2022-06-06,Contra Costa,013,1133247,211485,209384,15942,225326,1310
2022-06-06,Del Norte,015,27424,6251,6229,283,6512,52
2022-06-06,El Dorado,017,186661,28675,28478,3564,32042,215
2022-06-06,Fresno,019,978130,240330,239376,25457,264833,2766
2022-06-06,Glenn,021,27897,5111,5095,1659,6754,48
2022-06-06,Humboldt,023,135768,18716,18598,3662,22260,147
2022-06-06,Imperial,025,180216,57147,56912,11354,68266,941
2022-06-06,Inyo,027,18085,4201,4189,602,4791,56
2022-06-06,Kern,029,883053,197581,196763,48952,245715,2338
2022-06-06,Kings,031,150075,52956,52821,3731,56552,447
2022-06-06,Lake,033,64148,11212,11158,977,12135,137
2022-06-06,Lassen,035,31185,9160,9148,923,10071,64
2022-06-06,Los Angeles,037,10098052,2883188,2865901,137912,3003813,31920
2022-06-06,Madera,039,155013,38597,38408,6544,44952,372
2022-06-06,Marin,041,260295,38624,38338,4304,42642,294
2022-06-06,Mariposa,043,17540,2627,2614,248,2862,30
2022-06-06,Mendocino,045,87422,13964,13859,3587,17446,127
2022-06-06,Merced,047,269075,64371,64080,9437,73517,825
2022-06-06,Modoc,049,8938,764,761,262,1023,8
2022-06-06,Mono,051,14174,3051,3044,170,3214,6
2022-06-06,Monterey,053,433212,83588,83063,16417,99480,740
2022-06-06,Napa,055,140530,28287,27996,1213,29209,143
2022-06-06,Nevada,057,99092,17017,16907,1386,18293,127
2022-06-06,Orange,059,3164182,581489,578530,47234,625764,7044
2022-06-06,Placer,061,380077,67413,66951,8104,75055,627
2022-06-06,Plumas,063,18699,3178,3150,390,3540,13
2022-06-06,Riverside,065,2383286,616022,613469,30166,643635,6480
2022-06-06,Sacramento,067,1510023,302680,300875,30366,331241,3054
2022-06-06,San Benito,069,59416,13794,13734,639,14373,99
2022-06-06,San Bernardino,071,2135413,589687,585029,26356,611385,7685
2022-06-06,San Diego,073,3302833,803019,800840,58067,858907,5308
2022-06-06,San Francisco,075,870044,149403,147960,10028,157988,885
2022-06-06,San Joaquin,077,732212,174906,173887,11585,185472,2241
2022-06-06,San Luis Obispo,079,281455,56177,55822,4951,60773,484
2022-06-06,San Mateo,081,765935,141662,140569,9003,149572,710
2022-06-06,Santa Barbara,083,443738,92184,91747,5342,97089,693
2022-06-06,Santa Clara,085,1922200,360000,356452,15610,372062,2321
2022-06-06,Santa Cruz,087,273765,53296,52753,2610,55363,264
2022-06-06,Shasta,089,179085,31522,31394,6344,37738,565
2022-06-06,Sierra,091,2930,279,278,56,334,4
2022-06-06,Siskiyou,093,43540,4633,4609,2910,7519,81
2022-06-06,Solano,095,438530,89623,88522,6356,94878,453
2022-06-06,Sonoma,097,501317,93336,92644,3927,96571,491
2022-06-06,Stanislaus,099,539301,122345,121787,18604,140391,1662
2022-06-06,Sutter,101,95872,21302,21256,2286,23542,227
2022-06-06,Tehama,103,63373,12350,12306,2723,15029,205
2022-06-06,Trinity,105,12862,1212,1211,298,1509,20
2022-06-06,Tulare,107,460477,109465,109091,30400,139491,1494
2022-06-06,Tuolumne,109,53932,13416,13335,659,13994,189
2022-06-06,Ventura,111,848112,183784,182847,11059,193906,1506
2022-06-06,Yolo,113,214977,41459,39962,3636,43598,321
2022-06-06,Yuba,115,75493,16644,16558,1402,17960,122
2022-06-05,Alameda,001,1643700,291119,285785,16580,302365,1873
2022-06-05,Alpine,003,1148,128,128,1,129,0
2022-06-05,Amador,005,37829,8921,8775,714,9489,87
2022-06-05,Butte,007,227075,34563,34129,7310,41439,427
2022-06-05,Calaveras,009,45235,7596,7525,407,7932,121
2022-06-05,Colusa,011,21464,3503,3484,1113,4597,21
2022-06-05,Contra Costa,013,1133247,210777,206711,15817,222528,1310
2022-06-05,Del Norte,015,27424,6241,6206,278,6484,52
2022-06-05,El Dorado,017,186661,28599,28241,3557,31798,214
2022-06-05,Fresno,019,978130,239868,237945,25360,263305,2766
2022-06-05,Glenn,021,27897,5105,5063,1659,6722,48
2022-06-05,Humboldt,023,135768,18666,18433,3638,22071,147
2022-06-05,Imperial,025,180216,57054,56690,11303,67993,941
2022-06-05,Inyo,027,18085,4197,4176,597,4773,56
2022-06-05,Kern,029,883053,197271,195863,48833,244696,2338
2022-06-05,Kings,031,150075,52882,52597,3722,56319,447
2022-06-05,Lake,033,64148,11193,11064,973,12037,137
2022-06-05,Lassen,035,31185,9152,9106,918,10024,64
2022-06-05,Los Angeles,037,10098052,2877289,2846989,137393,2984382,31899
2022-06-05,Madera,039,155013,38536,38188,6527,44715,372
2022-06-05,Marin,041,260295,38511,37879,4269,42148,294
2022-06-05,Mariposa,043,17540,2625,2557,246,2803,30
2022-06-05,Mendocino,045,87422,13928,13738,3537,17275,125
2022-06-05,Merced,047,269075,64279,63756,9401,73157,825
2022-06-05,Modoc,049,8938,763,759,262,1021,8
2022-06-05,Mono,051,14174,3048,3037,168,3205,6
2022-06-05,Monterey,053,433212,83426,82451,16324,98775,738
2022-06-05,Napa,055,140530,28158,27686,1203,28889,143
2022-06-05,Nevada,057,99092,16974,16728,1369,18097,127
2022-06-05,Orange,059,3164182,580223,574146,47040,621186,7038
2022-06-05,Placer,061,380077,67272,66428,8089,74517,627
2022-06-05,Plumas,063,18699,3170,3138,390,3528,13
2022-06-05,Riverside,065,2383286,615087,610369,30096,640465,6481
2022-06-05,Sacramento,067,1510023,301771,297787,30213,328000,3052
2022-06-05,San Benito,069,59416,13748,13572,632,14204,99
2022-06-05,San Bernardino,071,2135413,588712,582305,26306,608611,7664
2022-06-05,San Diego,073,3302833,801116,794822,57877,852699,5303
2022-06-05,San Francisco,075,870044,148810,145876,9968,155844,881
2022-06-05,San Joaquin,077,732212,174475,172621,11536,184157,2242
2022-06-05,San Luis Obispo,079,281455,56016,55333,4875,60208,484
2022-06-05,San Mateo,081,765935,141153,138536,8957,147493,710
2022-06-05,Santa Barbara,083,443738,91992,90911,5321,96232,693
2022-06-05,Santa Clara,085,1922200,358593,351492,15514,367006,2317
2022-06-05,Santa Cruz,087,273765,53104,52333,2596,54929,263
2022-06-05,Shasta,089,179085,31481,31272,6333,37605,565
2022-06-05,Sierra,091,2930,279,278,56,334,4
2022-06-05,Siskiyou,093,43540,4628,4591,2898,7489,81
2022-06-05,Solano,095,438530,89284,87571,6340,93911,452
2022-06-05,Sonoma,097,501317,93057,91518,3894,95412,491
2022-06-05,Stanislaus,099,539301,122146,121001,18571,139572,1661
2022-06-05,Sutter,101,95872,21270,21125,2278,23403,227
2022-06-05,Tehama,103,63373,12331,12262,2720,14982,204
2022-06-05,Trinity,105,12862,1212,1204,298,1502,20
2022-06-05,Tulare,107,460477,109270,108598,30312,138910,1490
2022-06-05,Tuolumne,109,53932,13387,13251,646,13897,189
2022-06-05,Ventura,111,848112,183430,181709,11004,192713,1505
2022-06-05,Yolo,113,214977,41327,39561,3623,43184,321
2022-06-05,Yuba,115,75493,16604,16467,1393,17860,122
2022-06-04,Alameda,001,1643700,290621,285785,16555,302340,1873
2022-06-04,Alpine,003,1148,128,128,1,129,0
2022-06-04,Amador,005,37829,8912,8775,712,9487,87
2022-06-04,Butte,007,227075,34522,34129,7304,41433,427
2022-06-04,Calaveras,009,45235,7582,7525,406,7931,121
2022-06-04,Colusa,011,21464,3500,3484,1108,4592,21
2022-06-04,Contra Costa,013,1133247,210390,206711,15772,222483,1310
2022-06-04,Del Norte,015,27424,6239,6206,278,6484,52
2022-06-04,El Dorado,017,186661,28560,28241,3553,31794,214
2022-06-04,Fresno,019,978130,239697,237945,25344,263289,2766
2022-06-04,Glenn,021,27897,5101,5063,1658,6721,48
2022-06-04,Humboldt,023,135768,18645,18433,3632,22065,147
2022-06-04,Imperial,025,180216,57003,56690,11291,67981,941
2022-06-04,Inyo,027,18085,4197,4176,596,4772,56
2022-06-04,Kern,029,883053,197150,195863,48762,244625,2338
2022-06-04,Kings,031,150075,52839,52597,3722,56319,447
2022-06-04,Lake,033,64148,11178,11064,966,12030,137
2022-06-04,Lassen,035,31185,9147,9106,917,10023,64
2022-06-04,Los Angeles,037,10098052,2874921,2846989,137127,2984116,31899
2022-06-04,Madera,039,155013,38501,38188,6523,44711,372
2022-06-04,Marin,041,260295,38434,37879,4228,42107,294
2022-06-04,Mariposa,043,17540,2622,2557,246,2803,30
2022-06-04,Mendocino,045,87422,13915,13738,3536,17274,125
2022-06-04,Merced,047,269075,64231,63756,9391,73147,825
2022-06-04,Modoc,049,8938,762,759,261,1020,8
2022-06-04,Mono,051,14174,3048,3037,168,3205,6
2022-06-04,Monterey,053,433212,83341,82451,16287,98738,738
2022-06-04,Napa,055,140530,28115,27686,1201,28887,143
2022-06-04,Nevada,057,99092,16961,16728,1367,18095,127
2022-06-04,Orange,059,3164182,579583,574146,46908,621054,7038
2022-06-04,Placer,061,380077,67191,66428,8083,74511,627
2022-06-04,Plumas,063,18699,3166,3138,389,3527,13
2022-06-04,Riverside,065,2383286,614554,610369,30067,640436,6481
2022-06-04,Sacramento,067,1510023,301414,297787,30184,327971,3052
2022-06-04,San Benito,069,59416,13722,13572,629,14201,99
2022-06-04,San Bernardino,071,2135413,588268,582305,26277,608582,7664
2022-06-04,San Diego,073,3302833,800394,794822,57833,852655,5303
2022-06-04,San Francisco,075,870044,148474,145876,9945,155821,881
2022-06-04,San Joaquin,077,732212,174330,172621,11500,184121,2242
2022-06-04,San Luis Obispo,079,281455,55978,55333,4868,60201,484
2022-06-04,San Mateo,081,765935,140852,138536,8928,147464,710
2022-06-04,Santa Barbara,083,443738,91894,90911,5299,96210,693
2022-06-04,Santa Clara,085,1922200,357716,351492,15474,366966,2317
2022-06-04,Santa Cruz,087,273765,53020,52333,2582,54915,263
2022-06-04,Shasta,089,179085,31456,31272,6330,37602,565
2022-06-04,Sierra,091,2930,279,278,56,334,4
2022-06-04,Siskiyou,093,43540,4624,4591,2892,7483,81
2022-06-04,Solano,095,438530,89202,87571,6325,93896,452
2022-06-04,Sonoma,097,501317,92907,91518,3877,95395,491
2022-06-04,Stanislaus,099,539301,122007,121001,18558,139559,1661
2022-06-04,Sutter,101,95872,21244,21125,2274,23399,227
2022-06-04,Tehama,103,63373,12317,12262,2720,14982,204
2022-06-04,Trinity,105,12862,1212,1204,298,1502,20
2022-06-04,Tulare,107,460477,109203,108598,30268,138866,1490
2022-06-04,Tuolumne,109,53932,13377,13251,641,13892,189
2022-06-04,Ventura,111,848112,183246,181709,10987,192696,1505
2022-06-04,Yolo,113,214977,41249,39561,3617,43178,321
2022-06-04,Yuba,115,75493,16588,16467,1389,17856,122
2022-06-03,Alameda,001,1643700,290093,285785,16519,302304,1873
2022-06-03,Alpine,003,1148,128,128,1,129,0
2022-06-03,Amador,005,37829,8907,8775,710,9485,87
2022-06-03,Butte,007,227075,34470,34129,7292,41421,427
2022-06-03,Calaveras,009,45235,7577,7525,406,7931,121
2022-06-03,Colusa,011,21464,3500,3484,1106,4590,21
2022-06-03,Contra Costa,013,1133247,210078,206711,15741,222452,1310
2022-06-03,Del Norte,015,27424,6235,6206,275,6481,52
2022-06-03,El Dorado,017,186661,28531,28241,3550,31791,214
2022-06-03,Fresno,019,978130,239472,237945,25314,263259,2766
2022-06-03,Glenn,021,27897,5095,5063,1655,6718,48
2022-06-03,Humboldt,023,135768,18625,18433,3626,22059,147
2022-06-03,Imperial,025,180216,56958,56690,11279,67969,941
2022-06-03,Inyo,027,18085,4196,4176,596,4772,56
2022-06-03,Kern,029,883053,197009,195863,48693,244556,2338
2022-06-03,Kings,031,150075,52815,52597,3722,56319,447
2022-06-03,Lake,033,64148,11167,11064,963,12027,137
2022-06-03,Lassen,035,31185,9142,9106,917,10023,64
2022-06-03,Los Angeles,037,10098052,2872084,2846989,136851,2983840,31899
2022-06-03,Madera,039,155013,38457,38188,6516,44704,372
2022-06-03,Marin,041,260295,38364,37879,4192,42071,294
2022-06-03,Mariposa,043,17540,2618,2557,246,2803,30
2022-06-03,Mendocino,045,87422,13893,13738,3535,17273,125
2022-06-03,Merced,047,269075,64176,63756,9387,73143,825
2022-06-03,Modoc,049,8938,762,759,261,1020,8
2022-06-03,Mono,051,14174,3045,3037,168,3205,6
2022-06-03,Monterey,053,433212,83242,82451,16233,98684,738
2022-06-03,Napa,055,140530,28065,27686,1193,28879,143
2022-06-03,Nevada,057,99092,16940,16728,1366,18094,127
2022-06-03,Orange,059,3164182,578885,574146,46792,620938,7038
2022-06-03,Placer,061,380077,67110,66428,8068,74496,627
2022-06-03,Plumas,063,18699,3164,3138,388,3526,13
2022-06-03,Riverside,065,2383286,614030,610369,30034,640403,6481
2022-06-03,Sacramento,067,1510023,300951,297787,30148,327935,3052
2022-06-03,San Benito,069,59416,13708,13572,624,14196,99
2022-06-03,San Bernardino,071,2135413,587819,582305,26244,608549,7664
2022-06-03,San Diego,073,3302833,799443,794822,57715,852537,5303
2022-06-03,San Francisco,075,870044,148100,145876,9912,155788,881
2022-06-03,San Joaquin,077,732212,174168,172621,11482,184103,2242
2022-06-03,San Luis Obispo,079,281455,55934,55333,4861,60194,484
2022-06-03,San Mateo,081,765935,140569,138536,8915,147451,710
2022-06-03,Santa Barbara,083,443738,91775,90911,5297,96208,693
2022-06-03,Santa Clara,085,1922200,356813,351492,15427,366919,2317
2022-06-03,Santa Cruz,087,273765,52888,52333,2566,54899,263
2022-06-03,Shasta,089,179085,31444,31272,6329,37601,565
2022-06-03,Sierra,091,2930,279,278,56,334,4
2022-06-03,Siskiyou,093,43540,4619,4591,2891,7482,81
2022-06-03,Solano,095,438530,89088,87571,6316,93887,452
2022-06-03,Sonoma,097,501317,92763,91518,3866,95384,491
2022-06-03,Stanislaus,099,539301,121898,121001,18542,139543,1661
2022-06-03,Sutter,101,95872,21221,21125,2273,23398,227
2022-06-03,Tehama,103,63373,12311,12262,2719,14981,204
2022-06-03,Trinity,105,12862,1210,1204,298,1502,20
2022-06-03,Tulare,107,460477,109137,108598,30228,138826,1490
2022-06-03,Tuolumne,109,53932,13366,13251,638,13889,189
2022-06-03,Ventura,111,848112,183060,181709,10960,192669,1505
2022-06-03,Yolo,113,214977,41186,39561,3602,43163,321
2022-06-03,Yuba,115,75493,16563,16467,1387,17854,122
2022-06-02,Alameda,001,1643700,289194,285785,16441,302226,1873
2022-06-02,Alpine,003,1148,128,128,1,129,0
2022-06-02,Amador,005,37829,8884,8775,708,9483,87
2022-06-02,Butte,007,227075,34394,34129,7273,41402,427
2022-06-02,Calaveras,009,45235,7564,7525,405,7930,121
2022-06-02,Colusa,011,21464,3498,3484,1106,4590,21
2022-06-02,Contra Costa,013,1133247,209492,206711,15649,222360,1310
2022-06-02,Del Norte,015,27424,6226,6206,273,6479,52
2022-06-02,El Dorado,017,186661,28465,28241,3536,31777,214
2022-06-02,Fresno,019,978130,239132,237945,25254,263199,2766
2022-06-02,Glenn,021,27897,5089,5063,1650,6713,48
2022-06-02,Humboldt,023,135768,18584,18433,3604,22037,147
2022-06-02,Imperial,025,180216,56901,56690,11264,67954,941
2022-06-02,Inyo,027,18085,4196,4176,593,4769,56
2022-06-02,Kern,029,883053,196725,195863,48580,244443,2338
2022-06-02,Kings,031,150075,52762,52597,3716,56313,447
2022-06-02,Lake,033,64148,11145,11064,961,12025,137
2022-06-02,Lassen,035,31185,9131,9106,917,10023,64
2022-06-02,Los Angeles,037,10098052,2867234,2846989,136433,2983422,31899
2022-06-02,Madera,039,155013,38404,38188,6502,44690,372
2022-06-02,Marin,041,260295,38265,37879,4164,42043,294
2022-06-02,Mariposa,043,17540,2613,2557,244,2801,30
2022-06-02,Mendocino,045,87422,13864,13738,3527,17265,125
2022-06-02,Merced,047,269075,64099,63756,9378,73134,825
2022-06-02,Modoc,049,8938,761,759,261,1020,8
2022-06-02,Mono,051,14174,3045,3037,167,3204,6
2022-06-02,Monterey,053,433212,83093,82451,16162,98613,738
2022-06-02,Napa,055,140530,27989,27686,1189,28875,143
2022-06-02,Nevada,057,99092,16903,16728,1362,18090,127
2022-06-02,Orange,059,3164182,577847,574146,46640,620786,7038
2022-06-02,Placer,061,380077,66989,66428,8056,74484,627
2022-06-02,Plumas,063,18699,3155,3138,388,3526,13
2022-06-02,Riverside,065,2383286,613347,610369,29971,640340,6481
2022-06-02,Sacramento,067,1510023,300318,297787,30038,327825,3052
2022-06-02,San Benito,069,59416,13676,13572,621,14193,99
2022-06-02,San Bernardino,071,2135413,587148,582305,26194,608499,7664
2022-06-02,San Diego,073,3302833,798076,794822,57550,852372,5303
2022-06-02,San Francisco,075,870044,147674,145876,9855,155731,881
2022-06-02,San Joaquin,077,732212,173857,172621,11452,184073,2242
2022-06-02,San Luis Obispo,079,281455,55803,55333,4824,60157,484
2022-06-02,San Mateo,081,765935,140193,138536,8860,147396,710
2022-06-02,Santa Barbara,083,443738,91601,90911,5280,96191,693
2022-06-02,Santa Clara,085,1922200,355714,351492,15308,366800,2317
2022-06-02,Santa Cruz,087,273765,52773,52333,2553,54886,263
2022-06-02,Shasta,089,179085,31414,31272,6321,37593,565
2022-06-02,Sierra,091,2930,279,278,56,334,4
2022-06-02,Siskiyou,093,43540,4612,4591,2881,7472,81
2022-06-02,Solano,095,438530,88815,87571,6306,93877,452
2022-06-02,Sonoma,097,501317,92538,91518,3838,95356,491
2022-06-02,Stanislaus,099,539301,121738,121001,18515,139516,1661
2022-06-02,Sutter,101,95872,21193,21125,2267,23392,227
2022-06-02,Tehama,103,63373,12300,12262,2712,14974,204
2022-06-02,Trinity,105,12862,1208,1204,298,1502,20
2022-06-02,Tulare,107,460477,109014,108598,30152,138750,1490
2022-06-02,Tuolumne,109,53932,13347,13251,634,13885,189
2022-06-02,Ventura,111,848112,182787,181709,10923,192632,1505
2022-06-02,Yolo,113,214977,41077,39561,3592,43153,321
2022-06-02,Yuba,115,75493,16542,16467,1380,17847,122
2022-06-01,Alameda,001,1643700,288186,284051,16369,300420,1868
2022-06-01,Alpine,003,1148,128,128,1,129,0
2022-06-01,Amador,005,37829,8878,8741,706,9447,87
2022-06-01,Butte,007,227075,34324,34059,7258,41317,427
2022-06-01,Calaveras,009,45235,7559,7502,402,7904,120
2022-06-01,Colusa,011,21464,3495,3476,1106,4582,21
2022-06-01,Contra Costa,013,1133247,208850,205699,15562,221261,1310
2022-06-01,Del Norte,015,27424,6218,6188,269,6457,51
2022-06-01,El Dorado,017,186661,28403,28133,3517,31650,214
2022-06-01,Fresno,019,978130,238774,237367,25198,262565,2765
2022-06-01,Glenn,021,27897,5084,5059,1650,6709,48
2022-06-01,Humboldt,023,135768,18541,18371,3580,21951,147
2022-06-01,Imperial,025,180216,56834,56445,11233,67678,938
2022-06-01,Inyo,027,18085,4192,4171,587,4758,56
2022-06-01,Kern,029,883053,196498,195438,48497,243935,2336
2022-06-01,Kings,031,150075,52706,52491,3710,56201,447
2022-06-01,Lake,033,64148,11124,11024,956,11980,137
2022-06-01,Lassen,035,31185,9118,9083,915,9998,64
2022-06-01,Los Angeles,037,10098052,2861914,2836856,136009,2972865,31882
2022-06-01,Madera,039,155013,38366,38115,6490,44605,372
2022-06-01,Marin,041,260295,38151,37654,4123,41777,293
2022-06-01,Mariposa,043,17540,2598,2549,242,2791,30
2022-06-01,Mendocino,045,87422,13838,13692,3511,17203,125
2022-06-01,Merced,047,269075,64023,63637,9359,72996,824
2022-06-01,Modoc,049,8938,760,755,259,1014,8
2022-06-01,Mono,051,14174,3043,3035,166,3201,6
2022-06-01,Monterey,053,433212,82938,82215,16097,98312,737
2022-06-01,Napa,055,140530,27912,27580,1180,28760,143
2022-06-01,Nevada,057,99092,16864,16693,1351,18044,127
2022-06-01,Orange,059,3164182,576593,571973,46478,618451,7032
2022-06-01,Placer,061,380077,66849,66199,8042,74241,627
2022-06-01,Plumas,063,18699,3148,3117,387,3504,13
2022-06-01,Riverside,065,2383286,612612,608913,29921,638834,6480
2022-06-01,Sacramento,067,1510023,299573,296457,29926,326383,3045
2022-06-01,San Benito,069,59416,13638,13510,610,14120,98
2022-06-01,San Bernardino,071,2135413,586448,580767,26148,606915,7641
2022-06-01,San Diego,073,3302833,796379,791557,57353,848910,5292
2022-06-01,San Francisco,075,870044,147150,144476,9811,154287,879
2022-06-01,San Joaquin,077,732212,173558,172170,11416,183586,2241
2022-06-01,San Luis Obispo,079,281455,55637,55099,4790,59889,482
2022-06-01,San Mateo,081,765935,139712,137566,8782,146348,710
2022-06-01,Santa Barbara,083,443738,91419,90531,5263,95794,693
2022-06-01,Santa Clara,085,1922200,354547,348742,15226,363968,2317
2022-06-01,Santa Cruz,087,273765,52662,52141,2542,54683,263
2022-06-01,Shasta,089,179085,31383,31247,6317,37564,564
2022-06-01,Sierra,091,2930,279,280,56,336,4
2022-06-01,Siskiyou,093,43540,4607,4574,2874,7448,81
2022-06-01,Solano,095,438530,88582,87206,6275,93481,452
2022-06-01,Sonoma,097,501317,92289,91174,3813,94987,491
2022-06-01,Stanislaus,099,539301,121547,120778,18495,139273,1656
2022-06-01,Sutter,101,95872,21162,21065,2262,23327,227
2022-06-01,Tehama,103,63373,12293,12245,2708,14953,204
2022-06-01,Trinity,105,12862,1207,1200,297,1497,20
2022-06-01,Tulare,107,460477,108899,108401,30089,138490,1490
2022-06-01,Tuolumne,109,53932,13333,13221,633,13854,189
2022-06-01,Ventura,111,848112,182501,181163,10888,192051,1503
2022-06-01,Yolo,113,214977,40993,39371,3579,42950,320
2022-06-01,Yuba,115,75493,16518,16406,1372,17778,122
2022-05-31,Alameda,001,1643700,287090,284051,16307,300358,1868
2022-05-31,Alpine,003,1148,128,128,1,129,0
2022-05-31,Amador,005,37829,8860,8741,700,9441,87
2022-05-31,Butte,007,227075,34259,34059,7237,41296,427
2022-05-31,Calaveras,009,45235,7548,7502,402,7904,120
2022-05-31,Colusa,011,21464,3490,3476,1105,4581,21
2022-05-31,Contra Costa,013,1133247,208103,205699,15466,221165,1310
2022-05-31,Del Norte,015,27424,6210,6188,267,6455,51
2022-05-31,El Dorado,017,186661,28341,28133,3496,31629,214
2022-05-31,Fresno,019,978130,238371,237367,25130,262497,2765
2022-05-31,Glenn,021,27897,5076,5059,1648,6707,48
2022-05-31,Humboldt,023,135768,18510,18371,3554,21925,147
2022-05-31,Imperial,025,180216,56770,56445,11208,67653,938
2022-05-31,Inyo,027,18085,4186,4171,585,4756,56
2022-05-31,Kern,029,883053,196253,195438,48401,243839,2336
2022-05-31,Kings,031,150075,52655,52491,3703,56194,447
2022-05-31,Lake,033,64148,11105,11024,952,11976,137
2022-05-31,Lassen,035,31185,9106,9083,914,9997,64
2022-05-31,Los Angeles,037,10098052,2855927,2836856,135553,2972409,31882
2022-05-31,Madera,039,155013,38301,38115,6468,44583,372
2022-05-31,Marin,041,260295,38014,37654,4083,41737,293
2022-05-31,Mariposa,043,17540,2592,2549,237,2786,30
2022-05-31,Mendocino,045,87422,13803,13692,3494,17186,125
2022-05-31,Merced,047,269075,63936,63637,9333,72970,824
2022-05-31,Modoc,049,8938,758,755,259,1014,8
2022-05-31,Mono,051,14174,3039,3035,165,3200,6
2022-05-31,Monterey,053,433212,82780,82215,16026,98241,737
2022-05-31,Napa,055,140530,27820,27580,1175,28755,143
2022-05-31,Nevada,057,99092,16818,16693,1348,18041,127
2022-05-31,Orange,059,3164182,575354,571973,46283,618256,7032
2022-05-31,Placer,061,380077,66690,66199,8024,74223,627
2022-05-31,Plumas,063,18699,3144,3117,386,3503,13
2022-05-31,Riverside,065,2383286,611698,608913,29853,638766,6480
2022-05-31,Sacramento,067,1510023,298711,296457,29776,326233,3045
2022-05-31,San Benito,069,59416,13582,13510,604,14114,98
2022-05-31,San Bernardino,071,2135413,585570,580767,26111,606878,7641
2022-05-31,San Diego,073,3302833,794497,791557,57150,848707,5292
2022-05-31,San Francisco,075,870044,146501,144476,9769,154245,879
2022-05-31,San Joaquin,077,732212,173179,172170,11366,183536,2241
2022-05-31,San Luis Obispo,079,281455,55487,55099,4719,59818,482
2022-05-31,San Mateo,081,765935,139157,137566,8735,146301,710
2022-05-31,Santa Barbara,083,443738,91195,90531,5239,95770,693
2022-05-31,Santa Clara,085,1922200,353037,348742,15147,363889,2317
2022-05-31,Santa Cruz,087,273765,52544,52141,2518,54659,263
2022-05-31,Shasta,089,179085,31346,31247,6305,37552,564
2022-05-31,Sierra,091,2930,278,280,55,335,4
2022-05-31,Siskiyou,093,43540,4602,4574,2867,7441,81
2022-05-31,Solano,095,438530,88253,87206,6252,93458,452
2022-05-31,Sonoma,097,501317,92001,91174,3772,94946,491
2022-05-31,Stanislaus,099,539301,121340,120778,18471,139249,1656
2022-05-31,Sutter,101,95872,21133,21065,2256,23321,227
2022-05-31,Tehama,103,63373,12284,12245,2703,14948,204
2022-05-31,Trinity,105,12862,1206,1200,297,1497,20
2022-05-31,Tulare,107,460477,108761,108401,30024,138425,1490
2022-05-31,Tuolumne,109,53932,13317,13221,630,13851,189
2022-05-31,Ventura,111,848112,182178,181163,10837,192000,1503
2022-05-31,Yolo,113,214977,40821,39371,3566,42937,320
2022-05-31,Yuba,115,75493,16485,16406,1365,17771,122
2022-05-30,Alameda,001,1643700,285713,284051,16213,300264,1868
2022-05-30,Alpine,003,1148,128,128,1,129,0
2022-05-30,Amador,005,37829,8845,8741,699,9440,87
2022-05-30,Butte,007,227075,34183,34059,7213,41272,427
2022-05-30,Calaveras,009,45235,7539,7502,402,7904,120
2022-05-30,Colusa,011,21464,3488,3476,1104,4580,21
2022-05-30,Contra Costa,013,1133247,207259,205699,15312,221011,1310
2022-05-30,Del Norte,015,27424,6195,6188,266,6454,51
2022-05-30,El Dorado,017,186661,28264,28133,3476,31609,214
2022-05-30,Fresno,019,978130,237902,237367,25051,262418,2765
2022-05-30,Glenn,021,27897,5071,5059,1645,6704,48
2022-05-30,Humboldt,023,135768,18456,18371,3523,21894,147
2022-05-30,Imperial,025,180216,56687,56445,11174,67619,938
2022-05-30,Inyo,027,18085,4181,4171,584,4755,56
2022-05-30,Kern,029,883053,195968,195438,48284,243722,2336
2022-05-30,Kings,031,150075,52558,52491,3703,56194,447
2022-05-30,Lake,033,64148,11076,11024,943,11967,137
2022-05-30,Lassen,035,31185,9092,9083,910,9993,64
2022-05-30,Los Angeles,037,10098052,2848663,2836856,135049,2971905,31882
2022-05-30,Madera,039,155013,38245,38115,6425,44540,372
2022-05-30,Marin,041,260295,37889,37654,4041,41695,293
2022-05-30,Mariposa,043,17540,2569,2549,233,2782,30
2022-05-30,Mendocino,045,87422,13755,13692,3476,17168,125
2022-05-30,Merced,047,269075,63842,63637,9293,72930,824
2022-05-30,Modoc,049,8938,755,755,257,1012,8
2022-05-30,Mono,051,14174,3036,3035,165,3200,6
2022-05-30,Monterey,053,433212,82591,82215,15934,98149,737
2022-05-30,Napa,055,140530,27743,27580,1167,28747,143
2022-05-30,Nevada,057,99092,16771,16693,1343,18036,127
2022-05-30,Orange,059,3164182,573879,571973,46063,618036,7032
2022-05-30,Placer,061,380077,66549,66199,7998,74197,627
2022-05-30,Plumas,063,18699,3138,3117,383,3500,13
2022-05-30,Riverside,065,2383286,610690,608913,29764,638677,6480
2022-05-30,Sacramento,067,1510023,297755,296457,29609,326066,3045
2022-05-30,San Benito,069,59416,13521,13510,596,14106,98
2022-05-30,San Bernardino,071,2135413,584584,580767,26068,606835,7641
2022-05-30,San Diego,073,3302833,792215,791557,56846,848403,5292
2022-05-30,San Francisco,075,870044,145839,144476,9712,154188,879
2022-05-30,San Joaquin,077,732212,172783,172170,11320,183490,2241
2022-05-30,San Luis Obispo,079,281455,55284,55099,4644,59743,482
2022-05-30,San Mateo,081,765935,138481,137566,8681,146247,710
2022-05-30,Santa Barbara,083,443738,90939,90531,5200,95731,693
2022-05-30,Santa Clara,085,1922200,351481,348742,15055,363797,2317
2022-05-30,Santa Cruz,087,273765,52405,52141,2505,54646,263
2022-05-30,Shasta,089,179085,31308,31247,6296,37543,564
2022-05-30,Sierra,091,2930,278,280,55,335,4
2022-05-30,Siskiyou,093,43540,4593,4574,2855,7429,81
2022-05-30,Solano,095,438530,87910,87206,6194,93400,452
2022-05-30,Sonoma,097,501317,91716,91174,3726,94900,491
2022-05-30,Stanislaus,099,539301,121149,120778,18440,139218,1656
2022-05-30,Sutter,101,95872,21094,21065,2250,23315,227
2022-05-30,Tehama,103,63373,12268,12245,2699,14944,204
2022-05-30,Trinity,105,12862,1205,1200,297,1497,20
2022-05-30,Tulare,107,460477,108598,108401,29924,138325,1490
2022-05-30,Tuolumne,109,53932,13293,13221,626,13847,189
2022-05-30,Ventura,111,848112,181804,181163,10782,191945,1503
2022-05-30,Yolo,113,214977,40630,39371,3554,42925,320
2022-05-30,Yuba,115,75493,16457,16406,1361,17767,122
2022-05-29,Alameda,001,1643700,285233,280775,16187,296962,1863
2022-05-29,Alpine,003,1148,128,126,1,127,0
2022-05-29,Amador,005,37829,8839,8696,696,9392,86
2022-05-29,Butte,007,227075,34168,33876,7205,41081,426
2022-05-29,Calaveras,009,45235,7528,7469,402,7871,120
2022-05-29,Colusa,011,21464,3487,3474,1103,4577,21
2022-05-29,Contra Costa,013,1133247,206918,203528,15289,218817,1306
2022-05-29,Del Norte,015,27424,6193,6166,264,6430,51
2022-05-29,El Dorado,017,186661,28237,27898,3470,31368,214
2022-05-29,Fresno,019,978130,237776,236250,25032,261282,2764
2022-05-29,Glenn,021,27897,5066,5048,1645,6693,48
2022-05-29,Humboldt,023,135768,18435,18257,3512,21769,147
2022-05-29,Imperial,025,180216,56650,56323,11158,67481,939
2022-05-29,Inyo,027,18085,4180,4161,584,4745,56
2022-05-29,Kern,029,883053,195867,194687,48213,242900,2334
2022-05-29,Kings,031,150075,52532,52292,3702,55994,447
2022-05-29,Lake,033,64148,11067,10958,941,11899,137
2022-05-29,Lassen,035,31185,9088,9049,910,9959,64
2022-05-29,Los Angeles,037,10098052,2846483,2819145,134784,2953929,31862
2022-05-29,Madera,039,155013,38223,37955,6417,44372,371
2022-05-29,Marin,041,260295,37823,37215,4008,41223,293
2022-05-29,Mariposa,043,17540,2564,2526,233,2759,31
2022-05-29,Mendocino,045,87422,13735,13612,3475,17087,124
2022-05-29,Merced,047,269075,63822,63389,9290,72679,824
2022-05-29,Modoc,049,8938,755,751,257,1008,8
2022-05-29,Mono,051,14174,3035,3030,165,3195,6
2022-05-29,Monterey,053,433212,82527,81875,15889,97764,737
2022-05-29,Napa,055,140530,27715,27376,1166,28542,144
2022-05-29,Nevada,057,99092,16756,16568,1341,17909,127
2022-05-29,Orange,059,3164182,573294,568369,45888,614257,7028
2022-05-29,Placer,061,380077,66479,65672,7990,73662,626
2022-05-29,Plumas,063,18699,3131,3096,383,3479,13
2022-05-29,Riverside,065,2383286,610350,606444,29726,636170,6480
2022-05-29,Sacramento,067,1510023,297302,294000,29587,323587,3032
2022-05-29,San Benito,069,59416,13515,13402,594,13996,98
2022-05-29,San Bernardino,071,2135413,584298,578656,26052,604708,7610
2022-05-29,San Diego,073,3302833,791478,786243,56767,843010,5288
2022-05-29,San Francisco,075,870044,145407,142456,9701,152157,879
2022-05-29,San Joaquin,077,732212,172621,171282,11308,182590,2241
2022-05-29,San Luis Obispo,079,281455,55232,54701,4632,59333,481
2022-05-29,San Mateo,081,765935,138233,135746,8668,144414,710
2022-05-29,Santa Barbara,083,443738,90809,89940,5198,95138,693
2022-05-29,Santa Clara,085,1922200,350684,344223,15013,359236,2304
2022-05-29,Santa Cruz,087,273765,52329,51819,2498,54317,263
2022-05-29,Shasta,089,179085,31297,31165,6294,37459,564
2022-05-29,Sierra,091,2930,278,278,55,333,4
2022-05-29,Siskiyou,093,43540,4588,4537,2853,7390,81
2022-05-29,Solano,095,438530,87857,86565,6182,92747,452
2022-05-29,Sonoma,097,501317,91624,90364,3710,94074,490
2022-05-29,Stanislaus,099,539301,121050,120241,18422,138663,1657
2022-05-29,Sutter,101,95872,21074,20976,2250,23226,227
2022-05-29,Tehama,103,63373,12257,12210,2698,14908,204
2022-05-29,Trinity,105,12862,1204,1196,297,1493,20
2022-05-29,Tulare,107,460477,108518,108029,29875,137904,1484
2022-05-29,Tuolumne,109,53932,13278,13141,626,13767,189
2022-05-29,Ventura,111,848112,181663,179953,10773,190726,1503
2022-05-29,Yolo,113,214977,40580,39016,3551,42567,319
2022-05-29,Yuba,115,75493,16441,16314,1356,17670,122
2022-05-28,Alameda,001,1643700,284861,280775,16162,296937,1863
2022-05-28,Alpine,003,1148,128,126,1,127,0
2022-05-28,Amador,005,37829,8830,8696,696,9392,86
2022-05-28,Butte,007,227075,34148,33876,7189,41065,426
2022-05-28,Calaveras,009,45235,7524,7469,402,7871,120
2022-05-28,Colusa,011,21464,3482,3474,1102,4576,21
2022-05-28,Contra Costa,013,1133247,206652,203528,15272,218800,1306
2022-05-28,Del Norte,015,27424,6190,6166,264,6430,51
2022-05-28,El Dorado,017,186661,28207,27898,3469,31367,214
2022-05-28,Fresno,019,978130,237618,236250,25004,261254,2764
2022-05-28,Glenn,021,27897,5063,5048,1645,6693,48
2022-05-28,Humboldt,023,135768,18411,18257,3510,21767,147
2022-05-28,Imperial,025,180216,56624,56323,11147,67470,939
2022-05-28,Inyo,027,18085,4180,4161,581,4742,56
2022-05-28,Kern,029,883053,195765,194687,48160,242847,2334
2022-05-28,Kings,031,150075,52508,52292,3701,55993,447
2022-05-28,Lake,033,64148,11057,10958,940,11898,137
2022-05-28,Lassen,035,31185,9083,9049,910,9959,64
2022-05-28,Los Angeles,037,10098052,2844524,2819145,134519,2953664,31862
2022-05-28,Madera,039,155013,38206,37955,6415,44370,371
2022-05-28,Marin,041,260295,37758,37215,3977,41192,293
2022-05-28,Mariposa,043,17540,2560,2526,233,2759,31
2022-05-28,Mendocino,045,87422,13723,13612,3474,17086,124
2022-05-28,Merced,047,269075,63791,63389,9283,72672,824
2022-05-28,Modoc,049,8938,755,751,257,1008,8
2022-05-28,Mono,051,14174,3035,3030,164,3194,6
2022-05-28,Monterey,053,433212,82461,81875,15858,97733,737
2022-05-28,Napa,055,140530,27670,27376,1164,28540,144
2022-05-28,Nevada,057,99092,16744,16568,1339,17907,127
2022-05-28,Orange,059,3164182,572774,568369,45766,614135,7028
2022-05-28,Placer,061,380077,66405,65672,7976,73648,626
2022-05-28,Plumas,063,18699,3125,3096,382,3478,13
2022-05-28,Riverside,065,2383286,609973,606444,29700,636144,6480
2022-05-28,Sacramento,067,1510023,297025,294000,29570,323570,3032
2022-05-28,San Benito,069,59416,13500,13402,593,13995,98
2022-05-28,San Bernardino,071,2135413,583940,578656,26025,604681,7610
2022-05-28,San Diego,073,3302833,790817,786243,56725,842968,5288
2022-05-28,San Francisco,075,870044,145102,142456,9678,152134,879
2022-05-28,San Joaquin,077,732212,172517,171282,11298,182580,2241
2022-05-28,San Luis Obispo,079,281455,55197,54701,4627,59328,481
2022-05-28,San Mateo,081,765935,137959,135746,8646,144392,710
2022-05-28,Santa Barbara,083,443738,90708,89940,5189,95129,693
2022-05-28,Santa Clara,085,1922200,349896,344223,14985,359208,2304
2022-05-28,Santa Cruz,087,273765,52288,51819,2490,54309,263
2022-05-28,Shasta,089,179085,31286,31165,6289,37454,564
2022-05-28,Sierra,091,2930,278,278,54,332,4
2022-05-28,Siskiyou,093,43540,4580,4537,2848,7385,81
2022-05-28,Solano,095,438530,87785,86565,6173,92738,452
2022-05-28,Sonoma,097,501317,91484,90364,3699,94063,490
2022-05-28,Stanislaus,099,539301,120951,120241,18415,138656,1657
2022-05-28,Sutter,101,95872,21059,20976,2246,23222,227
2022-05-28,Tehama,103,63373,12245,12210,2695,14905,204
2022-05-28,Trinity,105,12862,1203,1196,297,1493,20
2022-05-28,Tulare,107,460477,108460,108029,29840,137869,1484
2022-05-28,Tuolumne,109,53932,13263,13141,625,13766,189
2022-05-28,Ventura,111,848112,181496,179953,10751,190704,1503
2022-05-28,Yolo,113,214977,40526,39016,3545,42561,319
2022-05-28,Yuba,115,75493,16427,16314,1354,17668,122
2022-05-27,Alameda,001,1643700,284393,280775,16132,296907,1863
2022-05-27,Alpine,003,1148,127,126,1,127,0
2022-05-27,Amador,005,37829,8825,8696,696,9392,86
2022-05-27,Butte,007,227075,34124,33876,7174,41050,426
2022-05-27,Calaveras,009,45235,7517,7469,402,7871,120
2022-05-27,Colusa,011,21464,3482,3474,1102,4576,21
2022-05-27,Contra Costa,013,1133247,206369,203528,15251,218779,1306
2022-05-27,Del Norte,015,27424,6184,6166,264,6430,51
2022-05-27,El Dorado,017,186661,28183,27898,3461,31359,214
2022-05-27,Fresno,019,978130,237446,236250,24978,261228,2764
2022-05-27,Glenn,021,27897,5061,5048,1645,6693,48
2022-05-27,Humboldt,023,135768,18401,18257,3505,21762,147
2022-05-27,Imperial,025,180216,56541,56323,11140,67463,939
2022-05-27,Inyo,027,18085,4178,4161,580,4741,56
2022-05-27,Kern,029,883053,195655,194687,48091,242778,2334
2022-05-27,Kings,031,150075,52480,52292,3698,55990,447
2022-05-27,Lake,033,64148,11051,10958,936,11894,137
2022-05-27,Lassen,035,31185,9079,9049,910,9959,64
2022-05-27,Los Angeles,037,10098052,2842202,2819145,134271,2953416,31862
2022-05-27,Madera,039,155013,38172,37955,6410,44365,371
2022-05-27,Marin,041,260295,37693,37215,3942,41157,293
2022-05-27,Mariposa,043,17540,2554,2526,233,2759,31
2022-05-27,Mendocino,045,87422,13706,13612,3470,17082,124
2022-05-27,Merced,047,269075,63748,63389,9277,72666,824
2022-05-27,Modoc,049,8938,755,751,257,1008,8
2022-05-27,Mono,051,14174,3034,3030,164,3194,6
2022-05-27,Monterey,053,433212,82402,81875,15815,97690,737
2022-05-27,Napa,055,140530,27638,27376,1160,28536,144
2022-05-27,Nevada,057,99092,16733,16568,1336,17904,127
2022-05-27,Orange,059,3164182,572212,568369,45650,614019,7028
2022-05-27,Placer,061,380077,66334,65672,7968,73640,626
2022-05-27,Plumas,063,18699,3122,3096,382,3478,13
2022-05-27,Riverside,065,2383286,609562,606444,29670,636114,6480
2022-05-27,Sacramento,067,1510023,296648,294000,29530,323530,3032
2022-05-27,San Benito,069,59416,13489,13402,593,13995,98
2022-05-27,San Bernardino,071,2135413,583611,578656,26011,604667,7610
2022-05-27,San Diego,073,3302833,789943,786243,56672,842915,5288
2022-05-27,San Francisco,075,870044,144768,142456,9635,152091,879
2022-05-27,San Joaquin,077,732212,172388,171282,11277,182559,2241
2022-05-27,San Luis Obispo,079,281455,55137,54701,4613,59314,481
2022-05-27,San Mateo,081,765935,137712,135746,8623,144369,710
2022-05-27,Santa Barbara,083,443738,90619,89940,5187,95127,693
2022-05-27,Santa Clara,085,1922200,349142,344223,14967,359190,2304
2022-05-27,Santa Cruz,087,273765,52233,51819,2481,54300,263
2022-05-27,Shasta,089,179085,31277,31165,6283,37448,564
2022-05-27,Sierra,091,2930,278,278,54,332,4
2022-05-27,Siskiyou,093,43540,4577,4537,2846,7383,81
2022-05-27,Solano,095,438530,87660,86565,6161,92726,452
2022-05-27,Sonoma,097,501317,91337,90364,3687,94051,490
2022-05-27,Stanislaus,099,539301,120867,120241,18401,138642,1657
2022-05-27,Sutter,101,95872,21042,20976,2245,23221,227
2022-05-27,Tehama,103,63373,12242,12210,2694,14904,204
2022-05-27,Trinity,105,12862,1203,1196,297,1493,20
2022-05-27,Tulare,107,460477,108393,108029,29799,137828,1484
2022-05-27,Tuolumne,109,53932,13253,13141,625,13766,189
2022-05-27,Ventura,111,848112,181318,179953,10730,190683,1503
2022-05-27,Yolo,113,214977,40455,39016,3539,42555,319
2022-05-27,Yuba,115,75493,16413,16314,1352,17666,122
2022-05-26,Alameda,001,1643700,283544,280775,16056,296831,1863
2022-05-26,Alpine,003,1148,127,126,1,127,0
2022-05-26,Amador,005,37829,8812,8696,696,9392,86
2022-05-26,Butte,007,227075,34071,33876,7153,41029,426
2022-05-26,Calaveras,009,45235,7507,7469,402,7871,120
2022-05-26,Colusa,011,21464,3479,3474,1098,4572,21
2022-05-26,Contra Costa,013,1133247,205894,203528,15210,218738,1306
2022-05-26,Del Norte,015,27424,6176,6166,260,6426,51
2022-05-26,El Dorado,017,186661,28134,27898,3451,31349,214
2022-05-26,Fresno,019,978130,237188,236250,24933,261183,2764
2022-05-26,Glenn,021,27897,5056,5048,1645,6693,48
2022-05-26,Humboldt,023,135768,18362,18257,3493,21750,147
2022-05-26,Imperial,025,180216,56509,56323,11125,67448,939
2022-05-26,Inyo,027,18085,4177,4161,577,4738,56
2022-05-26,Kern,029,883053,195490,194687,48014,242701,2334
2022-05-26,Kings,031,150075,52431,52292,3694,55986,447
2022-05-26,Lake,033,64148,11036,10958,936,11894,137
2022-05-26,Lassen,035,31185,9070,9049,910,9959,64
2022-05-26,Los Angeles,037,10098052,2838038,2819145,133938,2953083,31862
2022-05-26,Madera,039,155013,38131,37955,6408,44363,371
2022-05-26,Marin,041,260295,37598,37215,3904,41119,293
2022-05-26,Mariposa,043,17540,2549,2526,233,2759,31
2022-05-26,Mendocino,045,87422,13680,13612,3460,17072,124
2022-05-26,Merced,047,269075,63683,63389,9269,72658,824
2022-05-26,Modoc,049,8938,754,751,257,1008,8
2022-05-26,Mono,051,14174,3033,3030,163,3193,6
2022-05-26,Monterey,053,433212,82323,81875,15766,97641,737
2022-05-26,Napa,055,140530,27586,27376,1160,28536,144
2022-05-26,Nevada,057,99092,16702,16568,1332,17900,127
2022-05-26,Orange,059,3164182,571300,568369,45523,613892,7028
2022-05-26,Placer,061,380077,66197,65672,7951,73623,626
2022-05-26,Plumas,063,18699,3118,3096,381,3477,13
2022-05-26,Riverside,065,2383286,608949,606444,29617,636061,6480
2022-05-26,Sacramento,067,1510023,295996,294000,29439,323439,3032
2022-05-26,San Benito,069,59416,13474,13402,591,13993,98
2022-05-26,San Bernardino,071,2135413,583076,578656,25996,604652,7610
2022-05-26,San Diego,073,3302833,788639,786243,56559,842802,5288
2022-05-26,San Francisco,075,870044,144307,142456,9588,152044,879
2022-05-26,San Joaquin,077,732212,172169,171282,11248,182530,2241
2022-05-26,San Luis Obispo,079,281455,55041,54701,4581,59282,481
2022-05-26,San Mateo,081,765935,137324,135746,8584,144330,710
2022-05-26,Santa Barbara,083,443738,90473,89940,5171,95111,693
2022-05-26,Santa Clara,085,1922200,348172,344223,14875,359098,2304
2022-05-26,Santa Cruz,087,273765,52142,51819,2475,54294,263
2022-05-26,Shasta,089,179085,31252,31165,6280,37445,564
2022-05-26,Sierra,091,2930,278,278,54,332,4
2022-05-26,Siskiyou,093,43540,4573,4537,2843,7380,81
2022-05-26,Solano,095,438530,87459,86565,6153,92718,452
2022-05-26,Sonoma,097,501317,91146,90364,3659,94023,490
2022-05-26,Stanislaus,099,539301,120761,120241,18388,138629,1657
2022-05-26,Sutter,101,95872,21022,20976,2242,23218,227
2022-05-26,Tehama,103,63373,12232,12210,2693,14903,204
2022-05-26,Trinity,105,12862,1201,1196,297,1493,20
2022-05-26,Tulare,107,460477,108325,108029,29740,137769,1484
2022-05-26,Tuolumne,109,53932,13233,13141,623,13764,189
2022-05-26,Ventura,111,848112,181053,179953,10697,190650,1503
2022-05-26,Yolo,113,214977,40351,39016,3529,42545,319
2022-05-26,Yuba,115,75493,16397,16314,1350,17664,122
2022-05-25,Alameda,001,1643700,282645,278228,15994,294222,1860
2022-05-25,Alpine,003,1148,126,126,1,127,0
2022-05-25,Amador,005,37829,8796,8654,694,9348,86
2022-05-25,Butte,007,227075,34007,33755,7130,40885,426
2022-05-25,Calaveras,009,45235,7499,7450,400,7850,120
2022-05-25,Colusa,011,21464,3478,3471,1096,4567,21
2022-05-25,Contra Costa,013,1133247,205341,201866,15152,217018,1306
2022-05-25,Del Norte,015,27424,6170,6145,254,6399,50
2022-05-25,El Dorado,017,186661,28082,27715,3444,31159,213
2022-05-25,Fresno,019,978130,236905,235569,24886,260455,2763
2022-05-25,Glenn,021,27897,5051,5030,1643,6673,48
2022-05-25,Humboldt,023,135768,18335,18133,3482,21615,147
2022-05-25,Imperial,025,180216,56452,56203,11114,67317,923
2022-05-25,Inyo,027,18085,4174,4152,577,4729,56
2022-05-25,Kern,029,883053,195296,194251,47925,242176,2336
2022-05-25,Kings,031,150075,52380,52178,3690,55868,447
2022-05-25,Lake,033,64148,11023,10908,935,11843,137
2022-05-25,Lassen,035,31185,9063,9028,910,9938,64
2022-05-25,Los Angeles,037,10098052,2833425,2806770,133573,2940343,31845
2022-05-25,Madera,039,155013,38091,37867,6400,44267,370
2022-05-25,Marin,041,260295,37498,36890,3877,40767,293
2022-05-25,Mariposa,043,17540,2539,2514,232,2746,30
2022-05-25,Mendocino,045,87422,13665,13545,3453,16998,124
2022-05-25,Merced,047,269075,63615,63220,9242,72462,823
2022-05-25,Modoc,049,8938,753,750,256,1006,8
2022-05-25,Mono,051,14174,3033,3024,162,3186,6
2022-05-25,Monterey,053,433212,82257,81592,15721,97313,737
2022-05-25,Napa,055,140530,27536,27240,1153,28393,143
2022-05-25,Nevada,057,99092,16667,16517,1325,17842,127
2022-05-25,Orange,059,3164182,570284,565564,45369,610933,7026
2022-05-25,Placer,061,380077,66047,65309,7934,73243,626
2022-05-25,Plumas,063,18699,3112,3065,380,3445,13
2022-05-25,Riverside,065,2383286,608274,604465,29558,634023,6480
2022-05-25,Sacramento,067,1510023,295350,292211,29326,321537,3028
2022-05-25,San Benito,069,59416,13439,13338,588,13926,98
2022-05-25,San Bernardino,071,2135413,582538,576982,25967,602949,7568
2022-05-25,San Diego,073,3302833,787179,782420,56421,838841,5284
2022-05-25,San Francisco,075,870044,143804,141015,9560,150575,872
2022-05-25,San Joaquin,077,732212,171934,170626,11226,181852,2238
2022-05-25,San Luis Obispo,079,281455,54935,54342,4531,58873,481
2022-05-25,San Mateo,081,765935,136867,134441,8527,142968,710
2022-05-25,Santa Barbara,083,443738,90307,89426,5160,94586,693
2022-05-25,Santa Clara,085,1922200,347097,340868,14758,355626,2304
2022-05-25,Santa Cruz,087,273765,52060,51644,2462,54106,263
2022-05-25,Shasta,089,179085,31225,31072,6271,37343,564
2022-05-25,Sierra,091,2930,278,277,54,331,4
2022-05-25,Siskiyou,093,43540,4563,4516,2840,7356,81
2022-05-25,Solano,095,438530,87250,86024,6135,92159,451
2022-05-25,Sonoma,097,501317,90953,89810,3620,93430,490
2022-05-25,Stanislaus,099,539301,120621,119894,18366,138260,1654
2022-05-25,Sutter,101,95872,20998,20904,2239,23143,226
2022-05-25,Tehama,103,63373,12226,12189,2689,14878,201
2022-05-25,Trinity,105,12862,1201,1194,297,1491,20
2022-05-25,Tulare,107,460477,108243,107790,29694,137484,1482
2022-05-25,Tuolumne,109,53932,13212,13086,620,13706,182
2022-05-25,Ventura,111,848112,180763,179116,10665,189781,1499
2022-05-25,Yolo,113,214977,40258,38782,3519,42301,319
2022-05-25,Yuba,115,75493,16370,16260,1343,17603,122
2022-05-24,Alameda,001,1643700,281771,278228,15938,294166,1860
2022-05-24,Alpine,003,1148,126,126,1,127,0
2022-05-24,Amador,005,37829,8789,8654,693,9347,86
2022-05-24,Butte,007,227075,33961,33755,7109,40864,426
2022-05-24,Calaveras,009,45235,7492,7450,398,7848,120
2022-05-24,Colusa,011,21464,3476,3471,1094,4565,21
2022-05-24,Contra Costa,013,1133247,204690,201866,15066,216932,1306
2022-05-24,Del Norte,015,27424,6165,6145,252,6397,50
2022-05-24,El Dorado,017,186661,28014,27715,3438,31153,213
2022-05-24,Fresno,019,978130,236586,235569,24849,260418,2763
2022-05-24,Glenn,021,27897,5049,5030,1643,6673,48
2022-05-24,Humboldt,023,135768,18303,18133,3466,21599,147
2022-05-24,Imperial,025,180216,56397,56203,11100,67303,923
2022-05-24,Inyo,027,18085,4166,4152,575,4727,56
2022-05-24,Kern,029,883053,195101,194251,47820,242071,2336
2022-05-24,Kings,031,150075,52313,52178,3683,55861,447
2022-05-24,Lake,033,64148,11006,10908,933,11841,137
2022-05-24,Lassen,035,31185,9050,9028,906,9934,64
2022-05-24,Los Angeles,037,10098052,2828153,2806770,133195,2939965,31845
2022-05-24,Madera,039,155013,38042,37867,6391,44258,370
2022-05-24,Marin,041,260295,37393,36890,3825,40715,293
2022-05-24,Mariposa,043,17540,2532,2514,231,2745,30
2022-05-24,Mendocino,045,87422,13641,13545,3445,16990,124
2022-05-24,Merced,047,269075,63553,63220,9211,72431,823
2022-05-24,Modoc,049,8938,752,750,255,1005,8
2022-05-24,Mono,051,14174,3030,3024,162,3186,6
2022-05-24,Monterey,053,433212,82166,81592,15660,97252,737
2022-05-24,Napa,055,140530,27489,27240,1141,28381,143
2022-05-24,Nevada,057,99092,16626,16517,1323,17840,127
2022-05-24,Orange,059,3164182,569243,565564,45194,610758,7026
2022-05-24,Placer,061,380077,65949,65309,7919,73228,626
2022-05-24,Plumas,063,18699,3106,3065,380,3445,13
2022-05-24,Riverside,065,2383286,607581,604465,29511,633976,6480
2022-05-24,Sacramento,067,1510023,294666,292211,29204,321415,3028
2022-05-24,San Benito,069,59416,13405,13338,587,13925,98
2022-05-24,San Bernardino,071,2135413,581923,576982,25934,602916,7568
2022-05-24,San Diego,073,3302833,785530,782420,56253,838673,5284
2022-05-24,San Francisco,075,870044,143259,141015,9540,150555,872
2022-05-24,San Joaquin,077,732212,171672,170626,11191,181817,2238
2022-05-24,San Luis Obispo,079,281455,54785,54342,4472,58814,481
2022-05-24,San Mateo,081,765935,136337,134441,8478,142919,710
2022-05-24,Santa Barbara,083,443738,90145,89426,5138,94564,693
2022-05-24,Santa Clara,085,1922200,345818,340868,14660,355528,2304
2022-05-24,Santa Cruz,087,273765,51984,51644,2452,54096,263
2022-05-24,Shasta,089,179085,31200,31072,6260,37332,564
2022-05-24,Sierra,091,2930,278,277,54,331,4
2022-05-24,Siskiyou,093,43540,4553,4516,2832,7348,81
2022-05-24,Solano,095,438530,87021,86024,6108,92132,451
2022-05-24,Sonoma,097,501317,90748,89810,3585,93395,490
2022-05-24,Stanislaus,099,539301,120482,119894,18334,138228,1654
2022-05-24,Sutter,101,95872,20977,20904,2234,23138,226
2022-05-24,Tehama,103,63373,12217,12189,2687,14876,201
2022-05-24,Trinity,105,12862,1198,1194,297,1491,20
2022-05-24,Tulare,107,460477,108126,107790,29634,137424,1482
2022-05-24,Tuolumne,109,53932,13197,13086,620,13706,182
2022-05-24,Ventura,111,848112,180450,179116,10640,189756,1499
2022-05-24,Yolo,113,214977,40153,38782,3511,42293,319
2022-05-24,Yuba,115,75493,16342,16260,1336,17596,122
2022-05-23,Alameda,001,1643700,280833,278228,15859,294087,1860
2022-05-23,Alpine,003,1148,126,126,1,127,0
2022-05-23,Amador,005,37829,8757,8654,690,9344,86
2022-05-23,Butte,007,227075,33910,33755,7084,40839,426
2022-05-23,Calaveras,009,45235,7485,7450,396,7846,120
2022-05-23,Colusa,011,21464,3475,3471,1091,4562,21
2022-05-23,Contra Costa,013,1133247,203958,201866,15001,216867,1306
2022-05-23,Del Norte,015,27424,6160,6145,248,6393,50
2022-05-23,El Dorado,017,186661,27932,27715,3431,31146,213
2022-05-23,Fresno,019,978130,236240,235569,24786,260355,2763
2022-05-23,Glenn,021,27897,5045,5030,1640,6670,48
2022-05-23,Humboldt,023,135768,18276,18133,3453,21586,147
2022-05-23,Imperial,025,180216,56351,56203,11078,67281,923
2022-05-23,Inyo,027,18085,4163,4152,573,4725,56
2022-05-23,Kern,029,883053,194879,194251,47729,241980,2336
2022-05-23,Kings,031,150075,52266,52178,3677,55855,447
2022-05-23,Lake,033,64148,10987,10908,933,11841,137
2022-05-23,Lassen,035,31185,9042,9028,903,9931,64
2022-05-23,Los Angeles,037,10098052,2822732,2806770,132828,2939598,31845
2022-05-23,Madera,039,155013,38011,37867,6374,44241,370
2022-05-23,Marin,041,260295,37252,36890,3781,40671,293
2022-05-23,Mariposa,043,17540,2530,2514,229,2743,30
2022-05-23,Mendocino,045,87422,13619,13545,3437,16982,124
2022-05-23,Merced,047,269075,63475,63220,9184,72404,823
2022-05-23,Modoc,049,8938,752,750,255,1005,8
2022-05-23,Mono,051,14174,3030,3024,162,3186,6
2022-05-23,Monterey,053,433212,82067,81592,15595,97187,737
2022-05-23,Napa,055,140530,27432,27240,1134,28374,143
2022-05-23,Nevada,057,99092,16591,16517,1322,17839,127
2022-05-23,Orange,059,3164182,568223,565564,45043,610607,7026
2022-05-23,Placer,061,380077,65805,65309,7897,73206,626
2022-05-23,Plumas,063,18699,3103,3065,379,3444,13
2022-05-23,Riverside,065,2383286,606857,604465,29462,633927,6480
2022-05-23,Sacramento,067,1510023,293919,292211,29076,321287,3028
2022-05-23,San Benito,069,59416,13370,13338,584,13922,98
2022-05-23,San Bernardino,071,2135413,581277,576982,25900,602882,7568
2022-05-23,San Diego,073,3302833,783809,782420,56065,838485,5284
2022-05-23,San Francisco,075,870044,142684,141015,9507,150522,872
2022-05-23,San Joaquin,077,732212,171403,170626,11160,181786,2238
2022-05-23,San Luis Obispo,079,281455,54638,54342,4426,58768,481
2022-05-23,San Mateo,081,765935,135768,134441,8442,142883,710
2022-05-23,Santa Barbara,083,443738,89910,89426,5119,94545,693
2022-05-23,Santa Clara,085,1922200,344441,340868,14577,355445,2304
2022-05-23,Santa Cruz,087,273765,51883,51644,2440,54084,263
2022-05-23,Shasta,089,179085,31177,31072,6255,37327,564
2022-05-23,Sierra,091,2930,278,277,54,331,4
2022-05-23,Siskiyou,093,43540,4539,4516,2828,7344,81
2022-05-23,Solano,095,438530,86748,86024,6091,92115,451
2022-05-23,Sonoma,097,501317,90517,89810,3538,93348,490
2022-05-23,Stanislaus,099,539301,120340,119894,18296,138190,1654
2022-05-23,Sutter,101,95872,20937,20904,2230,23134,226
2022-05-23,Tehama,103,63373,12205,12189,2684,14873,201
2022-05-23,Trinity,105,12862,1197,1194,297,1491,20
2022-05-23,Tulare,107,460477,108000,107790,29560,137350,1482
2022-05-23,Tuolumne,109,53932,13173,13086,618,13704,182
2022-05-23,Ventura,111,848112,180114,179116,10621,189737,1499
2022-05-23,Yolo,113,214977,40020,38782,3495,42277,319
2022-05-23,Yuba,115,75493,16313,16260,1332,17592,122
2022-05-22,Alameda,001,1643700,279746,274996,15752,290748,1858
2022-05-22,Alpine,003,1148,126,126,1,127,0
2022-05-22,Amador,005,37829,8740,8628,688,9316,86
2022-05-22,Butte,007,227075,33854,33606,7060,40666,426
2022-05-22,Calaveras,009,45235,7474,7424,391,7815,120
2022-05-22,Colusa,011,21464,3471,3468,1088,4556,21
2022-05-22,Contra Costa,013,1133247,203230,199703,14890,214593,1305
2022-05-22,Del Norte,015,27424,6145,6045,237,6282,50
2022-05-22,El Dorado,017,186661,27856,27517,3421,30938,213
2022-05-22,Fresno,019,978130,235902,234657,24740,259397,2760
2022-05-22,Glenn,021,27897,5035,5020,1640,6660,48
2022-05-22,Humboldt,023,135768,18223,17984,3428,21412,146
2022-05-22,Imperial,025,180216,56281,56014,11064,67078,923
2022-05-22,Inyo,027,18085,4156,4135,571,4706,56
2022-05-22,Kern,029,883053,194642,193705,47629,241334,2334
2022-05-22,Kings,031,150075,52203,52038,3672,55710,447
2022-05-22,Lake,033,64148,10955,10867,933,11800,137
2022-05-22,Lassen,035,31185,9026,9011,900,9911,64
2022-05-22,Los Angeles,037,10098052,2816859,2791671,132394,2924065,31815
2022-05-22,Madera,039,155013,37965,37744,6344,44088,370
2022-05-22,Marin,041,260295,37105,36394,3736,40130,293
2022-05-22,Mariposa,043,17540,2526,2490,227,2717,30
2022-05-22,Mendocino,045,87422,13591,13461,3412,16873,124
2022-05-22,Merced,047,269075,63396,62969,9150,72119,823
2022-05-22,Modoc,049,8938,751,750,255,1005,8
2022-05-22,Mono,051,14174,3029,3012,162,3174,6
2022-05-22,Monterey,053,433212,81908,81224,15493,96717,735
2022-05-22,Napa,055,140530,27362,27034,1126,28160,143
2022-05-22,Nevada,057,99092,16557,16410,1317,17727,127
2022-05-22,Orange,059,3164182,567124,562531,44844,607375,7025
2022-05-22,Placer,061,380077,65647,64802,7867,72669,626
2022-05-22,Plumas,063,18699,3096,3052,377,3429,13
2022-05-22,Riverside,065,2383286,606025,601808,29395,631203,6476
2022-05-22,Sacramento,067,1510023,293119,289972,28917,318889,3027
2022-05-22,San Benito,069,59416,13338,13234,578,13812,98
2022-05-22,San Bernardino,071,2135413,580565,575194,25860,601054,7523
2022-05-22,San Diego,073,3302833,782190,777404,55876,833280,5282
2022-05-22,San Francisco,075,870044,141991,138922,9488,148410,871
2022-05-22,San Joaquin,077,732212,171102,169745,11117,180862,2237
2022-05-22,San Luis Obispo,079,281455,54484,54012,4366,58378,481
2022-05-22,San Mateo,081,765935,135204,132636,8394,141030,711
2022-05-22,Santa Barbara,083,443738,89680,88783,5091,93874,692
2022-05-22,Santa Clara,085,1922200,342997,336488,14498,350986,2301
2022-05-22,Santa Cruz,087,273765,51792,51333,2428,53761,263
2022-05-22,Shasta,089,179085,31128,30966,6241,37207,564
2022-05-22,Sierra,091,2930,278,276,54,330,4
2022-05-22,Siskiyou,093,43540,4530,4501,2826,7327,81
2022-05-22,Solano,095,438530,86467,85038,6064,91102,451
2022-05-22,Sonoma,097,501317,90229,88889,3486,92375,489
2022-05-22,Stanislaus,099,539301,120166,119396,18272,137668,1653
2022-05-22,Sutter,101,95872,20908,20809,2221,23030,226
2022-05-22,Tehama,103,63373,12196,12162,2679,14841,201
2022-05-22,Trinity,105,12862,1197,1191,297,1488,20
2022-05-22,Tulare,107,460477,107895,107485,29479,136964,1477
2022-05-22,Tuolumne,109,53932,13153,12977,618,13595,182
2022-05-22,Ventura,111,848112,179757,178024,10592,188616,1499
2022-05-22,Yolo,113,214977,39893,38377,3470,41847,319
2022-05-22,Yuba,115,75493,16286,16180,1324,17504,122
2022-05-21,Alameda,001,1643700,279294,274996,15728,290724,1858
2022-05-21,Alpine,003,1148,126,126,1,127,0
2022-05-21,Amador,005,37829,8729,8628,687,9315,86
2022-05-21,Butte,007,227075,33835,33606,7048,40654,426
2022-05-21,Calaveras,009,45235,7468,7424,391,7815,120
2022-05-21,Colusa,011,21464,3471,3468,1087,4555,21
2022-05-21,Contra Costa,013,1133247,202873,199703,14874,214577,1305
2022-05-21,Del Norte,015,27424,6140,6045,235,6280,50
2022-05-21,El Dorado,017,186661,27820,27517,3419,30936,213
2022-05-21,Fresno,019,978130,235769,234657,24721,259378,2760
2022-05-21,Glenn,021,27897,5031,5020,1639,6659,48
2022-05-21,Humboldt,023,135768,18198,17984,3426,21410,146
2022-05-21,Imperial,025,180216,56246,56014,11061,67075,923
2022-05-21,Inyo,027,18085,4154,4135,569,4704,56
2022-05-21,Kern,029,883053,194547,193705,47563,241268,2334
2022-05-21,Kings,031,150075,52180,52038,3671,55709,447
2022-05-21,Lake,033,64148,10947,10867,933,11800,137
2022-05-21,Lassen,035,31185,9023,9011,900,9911,64
2022-05-21,Los Angeles,037,10098052,2814564,2791671,132152,2923823,31815
2022-05-21,Madera,039,155013,37947,37744,6339,44083,370
2022-05-21,Marin,041,260295,37010,36394,3691,40085,293
2022-05-21,Mariposa,043,17540,2524,2490,227,2717,30
2022-05-21,Mendocino,045,87422,13580,13461,3407,16868,124
2022-05-21,Merced,047,269075,63361,62969,9144,72113,823
2022-05-21,Modoc,049,8938,750,750,255,1005,8
2022-05-21,Mono,051,14174,3029,3012,162,3174,6
2022-05-21,Monterey,053,433212,81841,81224,15438,96662,735
2022-05-21,Napa,055,140530,27329,27034,1123,28157,143
2022-05-21,Nevada,057,99092,16551,16410,1317,17727,127
2022-05-21,Orange,059,3164182,566611,562531,44737,607268,7025
2022-05-21,Placer,061,380077,65539,64802,7853,72655,626
2022-05-21,Plumas,063,18699,3089,3052,377,3429,13
2022-05-21,Riverside,065,2383286,605554,601808,29368,631176,6476
2022-05-21,Sacramento,067,1510023,292789,289972,28889,318861,3027
2022-05-21,San Benito,069,59416,13326,13234,577,13811,98
2022-05-21,San Bernardino,071,2135413,580229,575194,25836,601030,7523
2022-05-21,San Diego,073,3302833,781498,777404,55821,833225,5282
2022-05-21,San Francisco,075,870044,141679,138922,9474,148396,871
2022-05-21,San Joaquin,077,732212,170984,169745,11098,180843,2237
2022-05-21,San Luis Obispo,079,281455,54405,54012,4353,58365,481
2022-05-21,San Mateo,081,765935,134893,132636,8374,141010,711
2022-05-21,Santa Barbara,083,443738,89589,88783,5088,93871,692
2022-05-21,Santa Clara,085,1922200,342147,336488,14455,350943,2301
2022-05-21,Santa Cruz,087,273765,51747,51333,2421,53754,263
2022-05-21,Shasta,089,179085,31116,30966,6238,37204,564
2022-05-21,Sierra,091,2930,277,276,54,330,4
2022-05-21,Siskiyou,093,43540,4526,4501,2824,7325,81
2022-05-21,Solano,095,438530,86383,85038,6061,91099,451
2022-05-21,Sonoma,097,501317,90103,88889,3480,92369,489
2022-05-21,Stanislaus,099,539301,120087,119396,18251,137647,1653
2022-05-21,Sutter,101,95872,20898,20809,2216,23025,226
2022-05-21,Tehama,103,63373,12194,12162,2678,14840,201
2022-05-21,Trinity,105,12862,1197,1191,297,1488,20
2022-05-21,Tulare,107,460477,107832,107485,29440,136925,1477
2022-05-21,Tuolumne,109,53932,13146,12977,618,13595,182
2022-05-21,Ventura,111,848112,179587,178024,10577,188601,1499
2022-05-21,Yolo,113,214977,39828,38377,3462,41839,319
2022-05-21,Yuba,115,75493,16273,16180,1322,17502,122
2022-05-20,Alameda,001,1643700,278755,274996,15706,290702,1858
2022-05-20,Alpine,003,1148,126,126,1,127,0
2022-05-20,Amador,005,37829,8722,8628,687,9315,86
2022-05-20,Butte,007,227075,33815,33606,7039,40645,426
2022-05-20,Calaveras,009,45235,7460,7424,391,7815,120
2022-05-20,Colusa,011,21464,3471,3468,1087,4555,21
2022-05-20,Contra Costa,013,1133247,202517,199703,14865,214568,1305
2022-05-20,Del Norte,015,27424,6136,6045,234,6279,50
2022-05-20,El Dorado,017,186661,27788,27517,3416,30933,213
2022-05-20,Fresno,019,978130,235611,234657,24697,259354,2760
2022-05-20,Glenn,021,27897,5028,5020,1639,6659,48
2022-05-20,Humboldt,023,135768,18176,17984,3424,21408,146
2022-05-20,Imperial,025,180216,56221,56014,11058,67072,923
2022-05-20,Inyo,027,18085,4151,4135,565,4700,56
2022-05-20,Kern,029,883053,194444,193705,47512,241217,2334
2022-05-20,Kings,031,150075,52165,52038,3670,55708,447
2022-05-20,Lake,033,64148,10930,10867,933,11800,137
2022-05-20,Lassen,035,31185,9021,9011,900,9911,64
2022-05-20,Los Angeles,037,10098052,2812224,2791671,131933,2923604,31815
2022-05-20,Madera,039,155013,37928,37744,6337,44081,370
2022-05-20,Marin,041,260295,36937,36394,3652,40046,293
2022-05-20,Mariposa,043,17540,2519,2490,227,2717,30
2022-05-20,Mendocino,045,87422,13565,13461,3406,16867,124
2022-05-20,Merced,047,269075,63327,62969,9141,72110,823
2022-05-20,Modoc,049,8938,750,750,255,1005,8
2022-05-20,Mono,051,14174,3025,3012,162,3174,6
2022-05-20,Monterey,053,433212,81782,81224,15404,96628,735
2022-05-20,Napa,055,140530,27299,27034,1120,28154,143
2022-05-20,Nevada,057,99092,16543,16410,1315,17725,127
2022-05-20,Orange,059,3164182,566033,562531,44632,607163,7025
2022-05-20,Placer,061,380077,65465,64802,7838,72640,626
2022-05-20,Plumas,063,18699,3087,3052,377,3429,13
2022-05-20,Riverside,065,2383286,605107,601808,29343,631151,6476
2022-05-20,Sacramento,067,1510023,292409,289972,28866,318838,3027
2022-05-20,San Benito,069,59416,13310,13234,577,13811,98
2022-05-20,San Bernardino,071,2135413,579909,575194,25819,601013,7523
2022-05-20,San Diego,073,3302833,780703,777404,55761,833165,5282
2022-05-20,San Francisco,075,870044,141346,138922,9443,148365,871
2022-05-20,San Joaquin,077,732212,170862,169745,11091,180836,2237
2022-05-20,San Luis Obispo,079,281455,54369,54012,4349,58361,481
2022-05-20,San Mateo,081,765935,134577,132636,8353,140989,711
2022-05-20,Santa Barbara,083,443738,89505,88783,5083,93866,692
2022-05-20,Santa Clara,085,1922200,341353,336488,14400,350888,2301
2022-05-20,Santa Cruz,087,273765,51703,51333,2401,53734,263
2022-05-20,Shasta,089,179085,31102,30966,6234,37200,564
2022-05-20,Sierra,091,2930,277,276,54,330,4
2022-05-20,Siskiyou,093,43540,4523,4501,2822,7323,81
2022-05-20,Solano,095,438530,86243,85038,6054,91092,451
2022-05-20,Sonoma,097,501317,89976,88889,3467,92356,489
2022-05-20,Stanislaus,099,539301,120005,119396,18241,137637,1653
2022-05-20,Sutter,101,95872,20889,20809,2216,23025,226
2022-05-20,Tehama,103,63373,12191,12162,2677,14839,201
2022-05-20,Trinity,105,12862,1197,1191,297,1488,20
2022-05-20,Tulare,107,460477,107775,107485,29399,136884,1477
2022-05-20,Tuolumne,109,53932,13127,12977,617,13594,182
2022-05-20,Ventura,111,848112,179391,178024,10567,188591,1499
2022-05-20,Yolo,113,214977,39757,38377,3457,41834,319
2022-05-20,Yuba,115,75493,16258,16180,1318,17498,122
2022-05-19,Alameda,001,1643700,277926,274996,15638,290634,1858
2022-05-19,Alpine,003,1148,126,126,1,127,0
2022-05-19,Amador,005,37829,8714,8628,687,9315,86
2022-05-19,Butte,007,227075,33784,33606,7030,40636,426
2022-05-19,Calaveras,009,45235,7454,7424,388,7812,120
2022-05-19,Colusa,011,21464,3470,3468,1086,4554,21
2022-05-19,Contra Costa,013,1133247,201975,199703,14801,214504,1305
2022-05-19,Del Norte,015,27424,6131,6045,227,6272,50
2022-05-19,El Dorado,017,186661,27736,27517,3409,30926,213
2022-05-19,Fresno,019,978130,235388,234657,24658,259315,2760
2022-05-19,Glenn,021,27897,5027,5020,1635,6655,48
2022-05-19,Humboldt,023,135768,18142,17984,3414,21398,146
2022-05-19,Imperial,025,180216,56175,56014,11056,67070,923
2022-05-19,Inyo,027,18085,4147,4135,564,4699,56
2022-05-19,Kern,029,883053,194301,193705,47431,241136,2334
2022-05-19,Kings,031,150075,52138,52038,3668,55706,447
2022-05-19,Lake,033,64148,10922,10867,932,11799,137
2022-05-19,Lassen,035,31185,9017,9011,899,9910,64
2022-05-19,Los Angeles,037,10098052,2808268,2791671,131604,2923275,31815
2022-05-19,Madera,039,155013,37892,37744,6328,44072,370
2022-05-19,Marin,041,260295,36841,36394,3618,40012,293
2022-05-19,Mariposa,043,17540,2511,2490,227,2717,30
2022-05-19,Mendocino,045,87422,13542,13461,3399,16860,124
2022-05-19,Merced,047,269075,63264,62969,9127,72096,823
2022-05-19,Modoc,049,8938,750,750,255,1005,8
2022-05-19,Mono,051,14174,3024,3012,158,3170,6
2022-05-19,Monterey,053,433212,81702,81224,15337,96561,735
2022-05-19,Napa,055,140530,27242,27034,1117,28151,143
2022-05-19,Nevada,057,99092,16509,16410,1310,17720,127
2022-05-19,Orange,059,3164182,565192,562531,44496,607027,7025
2022-05-19,Placer,061,380077,65346,64802,7825,72627,626
2022-05-19,Plumas,063,18699,3081,3052,376,3428,13
2022-05-19,Riverside,065,2383286,604475,601808,29300,631108,6476
2022-05-19,Sacramento,067,1510023,291850,289972,28779,318751,3027
2022-05-19,San Benito,069,59416,13282,13234,576,13810,98
2022-05-19,San Bernardino,071,2135413,579396,575194,25799,600993,7523
2022-05-19,San Diego,073,3302833,779468,777404,55641,833045,5282
2022-05-19,San Francisco,075,870044,140871,138922,9403,148325,871
2022-05-19,San Joaquin,077,732212,170622,169745,11073,180818,2237
2022-05-19,San Luis Obispo,079,281455,54266,54012,4318,58330,481
2022-05-19,San Mateo,081,765935,134114,132636,8300,140936,711
2022-05-19,Santa Barbara,083,443738,89351,88783,5065,93848,692
2022-05-19,Santa Clara,085,1922200,340257,336488,14302,350790,2301
2022-05-19,Santa Cruz,087,273765,51625,51333,2390,53723,263
2022-05-19,Shasta,089,179085,31073,30966,6227,37193,564
2022-05-19,Sierra,091,2930,277,276,54,330,4
2022-05-19,Siskiyou,093,43540,4520,4501,2820,7321,81
2022-05-19,Solano,095,438530,86061,85038,6031,91069,451
2022-05-19,Sonoma,097,501317,89772,88889,3433,92322,489
2022-05-19,Stanislaus,099,539301,119876,119396,18221,137617,1653
2022-05-19,Sutter,101,95872,20853,20809,2212,23021,226
2022-05-19,Tehama,103,63373,12181,12162,2673,14835,201
2022-05-19,Trinity,105,12862,1196,1191,297,1488,20
2022-05-19,Tulare,107,460477,107684,107485,29351,136836,1477
2022-05-19,Tuolumne,109,53932,13102,12977,616,13593,182
2022-05-19,Ventura,111,848112,179119,178024,10534,188558,1499
2022-05-19,Yolo,113,214977,39666,38377,3451,41828,319
2022-05-19,Yuba,115,75493,16238,16180,1309,17489,122
2022-05-18,Alameda,001,1643700,277076,272530,15574,288104,1859
2022-05-18,Alpine,003,1148,126,126,1,127,0
2022-05-18,Amador,005,37829,8696,8592,687,9279,86
2022-05-18,Butte,007,227075,33744,33486,7015,40501,426
2022-05-18,Calaveras,009,45235,7446,7400,388,7788,120
2022-05-18,Colusa,011,21464,3470,3467,1085,4552,21
2022-05-18,Contra Costa,013,1133247,201422,198207,14740,212947,1303
2022-05-18,Del Norte,015,27424,6124,6001,223,6224,50
2022-05-18,El Dorado,017,186661,27685,27388,3402,30790,212
2022-05-18,Fresno,019,978130,235127,234055,24620,258675,2759
2022-05-18,Glenn,021,27897,5026,5012,1635,6647,48
2022-05-18,Humboldt,023,135768,18117,17868,3402,21270,146
2022-05-18,Imperial,025,180216,56113,55915,11050,66965,918
2022-05-18,Inyo,027,18085,4143,4120,558,4678,56
2022-05-18,Kern,029,883053,194180,193338,47371,240709,2327
2022-05-18,Kings,031,150075,52109,51903,3664,55567,447
2022-05-18,Lake,033,64148,10913,10831,931,11762,137
2022-05-18,Lassen,035,31185,9011,8994,899,9893,65
2022-05-18,Los Angeles,037,10098052,2803928,2780354,131325,2911679,31789
2022-05-18,Madera,039,155013,37855,37644,6321,43965,365
2022-05-18,Marin,041,260295,36750,36024,3578,39602,293
2022-05-18,Mariposa,043,17540,2504,2481,227,2708,30
2022-05-18,Mendocino,045,87422,13521,13403,3383,16786,124
2022-05-18,Merced,047,269075,63198,62802,9098,71900,818
2022-05-18,Modoc,049,8938,750,748,255,1003,8
2022-05-18,Mono,051,14174,3022,3010,156,3166,6
2022-05-18,Monterey,053,433212,81592,80955,15279,96234,735
2022-05-18,Napa,055,140530,27201,26912,1111,28023,143
2022-05-18,Nevada,057,99092,16489,16361,1307,17668,127
2022-05-18,Orange,059,3164182,564378,560094,44380,604474,7021
2022-05-18,Placer,061,380077,65202,64432,7815,72247,626
2022-05-18,Plumas,063,18699,3073,3022,374,3396,13
2022-05-18,Riverside,065,2383286,603832,599947,29248,629195,6471
2022-05-18,Sacramento,067,1510023,291326,288335,28689,317024,3022
2022-05-18,San Benito,069,59416,13259,13186,574,13760,98
2022-05-18,San Bernardino,071,2135413,578926,573790,25774,599564,7455
2022-05-18,San Diego,073,3302833,778033,773934,55506,829440,5277
2022-05-18,San Francisco,075,870044,140338,137341,9380,146721,869
2022-05-18,San Joaquin,077,732212,170388,169045,10981,180026,2236
2022-05-18,San Luis Obispo,079,281455,54169,53756,4280,58036,478
2022-05-18,San Mateo,081,765935,133690,131330,8235,139565,709
2022-05-18,Santa Barbara,083,443738,89190,88317,5047,93364,693
2022-05-18,Santa Clara,085,1922200,339102,333230,14201,347431,2300
2022-05-18,Santa Cruz,087,273765,51533,51020,2377,53397,263
2022-05-18,Shasta,089,179085,31050,30899,6221,37120,558
2022-05-18,Sierra,091,2930,277,275,54,329,4
2022-05-18,Siskiyou,093,43540,4515,4495,2818,7313,81
2022-05-18,Solano,095,438530,85802,84476,6015,90491,451
2022-05-18,Sonoma,097,501317,89574,88195,3399,91594,489
2022-05-18,Stanislaus,099,539301,119767,119025,18192,137217,1645
2022-05-18,Sutter,101,95872,20831,20763,2204,22967,226
2022-05-18,Tehama,103,63373,12175,12133,2670,14803,201
2022-05-18,Trinity,105,12862,1196,1189,297,1486,20
2022-05-18,Tulare,107,460477,107613,107292,29294,136586,1477
2022-05-18,Tuolumne,109,53932,13083,12917,614,13531,182
2022-05-18,Ventura,111,848112,178852,177233,10506,187739,1497
2022-05-18,Yolo,113,214977,39554,38139,3442,41581,316
2022-05-18,Yuba,115,75493,16214,16109,1303,17412,122
2022-05-17,Alameda,001,1643700,276256,272530,15516,288046,1859
2022-05-17,Alpine,003,1148,126,126,1,127,0
2022-05-17,Amador,005,37829,8688,8592,686,9278,86
2022-05-17,Butte,007,227075,33691,33486,7002,40488,426
2022-05-17,Calaveras,009,45235,7439,7400,388,7788,120
2022-05-17,Colusa,011,21464,3469,3467,1084,4551,21
2022-05-17,Contra Costa,013,1133247,200783,198207,14672,212879,1303
2022-05-17,Del Norte,015,27424,6112,6001,222,6223,50
2022-05-17,El Dorado,017,186661,27630,27388,3399,30787,212
2022-05-17,Fresno,019,978130,234875,234055,24593,258648,2759
2022-05-17,Glenn,021,27897,5023,5012,1634,6646,48
2022-05-17,Humboldt,023,135768,18077,17868,3387,21255,146
2022-05-17,Imperial,025,180216,56069,55915,11038,66953,918
2022-05-17,Inyo,027,18085,4141,4120,549,4669,56
2022-05-17,Kern,029,883053,194023,193338,47313,240651,2327
2022-05-17,Kings,031,150075,52066,51903,3660,55563,447
2022-05-17,Lake,033,64148,10898,10831,929,11760,137
2022-05-17,Lassen,035,31185,9006,8994,898,9892,65
2022-05-17,Los Angeles,037,10098052,2799389,2780354,131024,2911378,31789
2022-05-17,Madera,039,155013,37829,37644,6306,43950,365
2022-05-17,Marin,041,260295,36616,36024,3516,39540,293
2022-05-17,Mariposa,043,17540,2499,2481,226,2707,30
2022-05-17,Mendocino,045,87422,13495,13403,3374,16777,124
2022-05-17,Merced,047,269075,63133,62802,9078,71880,818
2022-05-17,Modoc,049,8938,750,748,255,1003,8
2022-05-17,Mono,051,14174,3018,3010,155,3165,6
2022-05-17,Monterey,053,433212,81476,80955,15206,96161,735
2022-05-17,Napa,055,140530,27153,26912,1103,28015,143
2022-05-17,Nevada,057,99092,16460,16361,1301,17662,127
2022-05-17,Orange,059,3164182,563472,560094,44237,604331,7021
2022-05-17,Placer,061,380077,65040,64432,7783,72215,626
2022-05-17,Plumas,063,18699,3067,3022,373,3395,13
2022-05-17,Riverside,065,2383286,603148,599947,29203,629150,6471
2022-05-17,Sacramento,067,1510023,290695,288335,28574,316909,3022
2022-05-17,San Benito,069,59416,13223,13186,574,13760,98
2022-05-17,San Bernardino,071,2135413,578442,573790,25760,599550,7455
2022-05-17,San Diego,073,3302833,776527,773934,55361,829295,5277
2022-05-17,San Francisco,075,870044,139758,137341,9348,146689,869
2022-05-17,San Joaquin,077,732212,170146,169045,10942,179987,2236
2022-05-17,San Luis Obispo,079,281455,54076,53756,4233,57989,478
2022-05-17,San Mateo,081,765935,133198,131330,8196,139526,709
2022-05-17,Santa Barbara,083,443738,88991,88317,5033,93350,693
2022-05-17,Santa Clara,085,1922200,337914,333230,14120,347350,2300
2022-05-17,Santa Cruz,087,273765,51456,51020,2368,53388,263
2022-05-17,Shasta,089,179085,31013,30899,6216,37115,558
2022-05-17,Sierra,091,2930,277,275,54,329,4
2022-05-17,Siskiyou,093,43540,4513,4495,2816,7311,81
2022-05-17,Solano,095,438530,85521,84476,5989,90465,451
2022-05-17,Sonoma,097,501317,89330,88195,3354,91549,489
2022-05-17,Stanislaus,099,539301,119619,119025,18166,137191,1645
2022-05-17,Sutter,101,95872,20811,20763,2201,22964,226
2022-05-17,Tehama,103,63373,12163,12133,2666,14799,201
2022-05-17,Trinity,105,12862,1195,1189,297,1486,20
2022-05-17,Tulare,107,460477,107520,107292,29250,136542,1477
2022-05-17,Tuolumne,109,53932,13068,12917,614,13531,182
2022-05-17,Ventura,111,848112,178530,177233,10465,187698,1497
2022-05-17,Yolo,113,214977,39416,38139,3435,41574,316
2022-05-17,Yuba,115,75493,16190,16109,1300,17409,122
2022-05-16,Alameda,001,1643700,275255,272530,15443,287973,1859
2022-05-16,Alpine,003,1148,126,126,1,127,0
2022-05-16,Amador,005,37829,8678,8592,685,9277,86
2022-05-16,Butte,007,227075,33635,33486,6991,40477,426
2022-05-16,Calaveras,009,45235,7432,7400,386,7786,120
2022-05-16,Colusa,011,21464,3468,3467,1084,4551,21
2022-05-16,Contra Costa,013,1133247,200145,198207,14611,212818,1303
2022-05-16,Del Norte,015,27424,6099,6001,219,6220,50
2022-05-16,El Dorado,017,186661,27574,27388,3392,30780,212
2022-05-16,Fresno,019,978130,234616,234055,24557,258612,2759
2022-05-16,Glenn,021,27897,5019,5012,1631,6643,48
2022-05-16,Humboldt,023,135768,18032,17868,3377,21245,146
2022-05-16,Imperial,025,180216,56005,55915,11026,66941,918
2022-05-16,Inyo,027,18085,4137,4120,546,4666,56
2022-05-16,Kern,029,883053,193870,193338,47245,240583,2327
2022-05-16,Kings,031,150075,52016,51903,3659,55562,447
2022-05-16,Lake,033,64148,10892,10831,928,11759,137
2022-05-16,Lassen,035,31185,9001,8994,895,9889,65
2022-05-16,Los Angeles,037,10098052,2794948,2780354,130743,2911097,31789
2022-05-16,Madera,039,155013,37797,37644,6295,43939,365
2022-05-16,Marin,041,260295,36452,36024,3466,39490,293
2022-05-16,Mariposa,043,17540,2498,2481,225,2706,30
2022-05-16,Mendocino,045,87422,13469,13403,3362,16765,124
2022-05-16,Merced,047,269075,63063,62802,9047,71849,818
2022-05-16,Modoc,049,8938,750,748,255,1003,8
2022-05-16,Mono,051,14174,3016,3010,155,3165,6
2022-05-16,Monterey,053,433212,81365,80955,15116,96071,735
2022-05-16,Napa,055,140530,27101,26912,1100,28012,143
2022-05-16,Nevada,057,99092,16441,16361,1295,17656,127
2022-05-16,Orange,059,3164182,562612,560094,44105,604199,7021
2022-05-16,Placer,061,380077,64933,64432,7755,72187,626
2022-05-16,Plumas,063,18699,3057,3022,373,3395,13
2022-05-16,Riverside,065,2383286,602434,599947,29150,629097,6471
2022-05-16,Sacramento,067,1510023,290032,288335,28477,316812,3022
2022-05-16,San Benito,069,59416,13205,13186,569,13755,98
2022-05-16,San Bernardino,071,2135413,577981,573790,25730,599520,7455
2022-05-16,San Diego,073,3302833,774993,773934,55210,829144,5277
2022-05-16,San Francisco,075,870044,139048,137341,9315,146656,869
2022-05-16,San Joaquin,077,732212,169868,169045,10738,179783,2236
2022-05-16,San Luis Obispo,079,281455,53973,53756,4203,57959,478
2022-05-16,San Mateo,081,765935,132657,131330,8149,139479,709
2022-05-16,Santa Barbara,083,443738,88848,88317,5024,93341,693
2022-05-16,Santa Clara,085,1922200,336587,333230,14040,347270,2300
2022-05-16,Santa Cruz,087,273765,51380,51020,2355,53375,263
2022-05-16,Shasta,089,179085,30980,30899,6207,37106,558
2022-05-16,Sierra,091,2930,277,275,53,328,4
2022-05-16,Siskiyou,093,43540,4510,4495,2809,7304,81
2022-05-16,Solano,095,438530,85260,84476,5966,90442,451
2022-05-16,Sonoma,097,501317,89031,88195,3321,91516,489
2022-05-16,Stanislaus,099,539301,119473,119025,18131,137156,1645
2022-05-16,Sutter,101,95872,20797,20763,2196,22959,226
2022-05-16,Tehama,103,63373,12155,12133,2663,14796,201
2022-05-16,Trinity,105,12862,1194,1189,297,1486,20
2022-05-16,Tulare,107,460477,107445,107292,29194,136486,1477
2022-05-16,Tuolumne,109,53932,13036,12917,612,13529,182
2022-05-16,Ventura,111,848112,178196,177233,10411,187644,1497
2022-05-16,Yolo,113,214977,39281,38139,3426,41565,316
2022-05-16,Yuba,115,75493,16163,16109,1297,17406,122
2022-05-15,Alameda,001,1643700,274195,268944,15378,284322,1857
2022-05-15,Alpine,003,1148,126,125,1,126,0
2022-05-15,Amador,005,37829,8662,8574,684,9258,86
2022-05-15,Butte,007,227075,33581,33377,6967,40344,424
2022-05-15,Calaveras,009,45235,7413,7378,384,7762,120
2022-05-15,Colusa,011,21464,3465,3463,1082,4545,21
2022-05-15,Contra Costa,013,1133247,199390,195925,14542,210467,1301
2022-05-15,Del Norte,015,27424,6027,5919,217,6136,50
2022-05-15,El Dorado,017,186661,27513,27216,3380,30596,212
2022-05-15,Fresno,019,978130,234349,233305,24523,257828,2757
2022-05-15,Glenn,021,27897,5016,5004,1630,6634,48
2022-05-15,Humboldt,023,135768,17982,17633,3342,20975,146
2022-05-15,Imperial,025,180216,55969,55756,11001,66757,917
2022-05-15,Inyo,027,18085,4133,4114,541,4655,56
2022-05-15,Kern,029,883053,193696,192939,47163,240102,2314
2022-05-15,Kings,031,150075,51956,51779,3654,55433,447
2022-05-15,Lake,033,64148,10875,10790,925,11715,137
2022-05-15,Lassen,035,31185,8993,8987,894,9881,65
2022-05-15,Los Angeles,037,10098052,2790343,2768726,130368,2899094,31768
2022-05-15,Madera,039,155013,37755,37520,6280,43800,365
2022-05-15,Marin,041,260295,36281,35486,3426,38912,293
2022-05-15,Mariposa,043,17540,2493,2463,224,2687,30
2022-05-15,Mendocino,045,87422,13450,13349,3335,16684,124
2022-05-15,Merced,047,269075,62978,62627,9001,71628,818
2022-05-15,Modoc,049,8938,749,747,255,1002,8
2022-05-15,Mono,051,14174,3013,3002,153,3155,6
2022-05-15,Monterey,053,433212,81255,80620,15022,95642,735
2022-05-15,Napa,055,140530,27049,26698,1096,27794,143
2022-05-15,Nevada,057,99092,16411,16240,1293,17533,127
2022-05-15,Orange,059,3164182,561660,557134,43964,601098,7017
2022-05-15,Placer,061,380077,64752,63963,7731,71694,626
2022-05-15,Plumas,063,18699,3051,3006,373,3379,13
2022-05-15,Riverside,065,2383286,601715,597914,29080,626994,6471
2022-05-15,Sacramento,067,1510023,289316,286403,28336,314739,3022
2022-05-15,San Benito,069,59416,13180,13106,567,13673,98
2022-05-15,San Bernardino,071,2135413,577431,572057,25701,597758,7423
2022-05-15,San Diego,073,3302833,773494,770323,55024,825347,5271
2022-05-15,San Francisco,075,870044,138327,134916,9278,144194,866
2022-05-15,San Joaquin,077,732212,169625,168174,10662,178836,2236
2022-05-15,San Luis Obispo,079,281455,53846,53502,4158,57660,478
2022-05-15,San Mateo,081,765935,132126,129480,8082,137562,709
2022-05-15,Santa Barbara,083,443738,88617,87773,4992,92765,693
2022-05-15,Santa Clara,085,1922200,335166,328609,13954,342563,2297
2022-05-15,Santa Cruz,087,273765,51278,50268,2339,52607,263
2022-05-15,Shasta,089,179085,30938,30799,6201,37000,557
2022-05-15,Sierra,091,2930,277,275,53,328,4
2022-05-15,Siskiyou,093,43540,4508,4482,2806,7288,81
2022-05-15,Solano,095,438530,84942,83669,5936,89605,451
2022-05-15,Sonoma,097,501317,88708,87070,3296,90366,488
2022-05-15,Stanislaus,099,539301,119303,118586,18099,136685,1645
2022-05-15,Sutter,101,95872,20770,20690,2190,22880,226
2022-05-15,Tehama,103,63373,12137,12115,2657,14772,201
2022-05-15,Trinity,105,12862,1193,1188,297,1485,20
2022-05-15,Tulare,107,460477,107345,107077,29137,136214,1469
2022-05-15,Tuolumne,109,53932,12985,12851,611,13462,182
2022-05-15,Ventura,111,848112,177851,176317,10364,186681,1497
2022-05-15,Yolo,113,214977,39166,37737,3413,41150,316
2022-05-15,Yuba,115,75493,16129,16028,1287,17315,122
2022-05-14,Alameda,001,1643700,273777,268944,15360,284304,1857
2022-05-14,Alpine,003,1148,125,125,1,126,0
2022-05-14,Amador,005,37829,8656,8574,684,9258,86
2022-05-14,Butte,007,227075,33562,33377,6958,40335,424
2022-05-14,Calaveras,009,45235,7411,7378,384,7762,120
2022-05-14,Colusa,011,21464,3465,3463,1082,4545,21
2022-05-14,Contra Costa,013,1133247,199022,195925,14510,210435,1301
2022-05-14,Del Norte,015,27424,6021,5919,215,6134,50
2022-05-14,El Dorado,017,186661,27483,27216,3374,30590,212
2022-05-14,Fresno,019,978130,234226,233305,24515,257820,2757
2022-05-14,Glenn,021,27897,5015,5004,1626,6630,48
2022-05-14,Humboldt,023,135768,17956,17633,3335,20968,146
2022-05-14,Imperial,025,180216,55938,55756,10997,66753,917
2022-05-14,Inyo,027,18085,4128,4114,541,4655,56
2022-05-14,Kern,029,883053,193623,192939,47116,240055,2314
2022-05-14,Kings,031,150075,51929,51779,3654,55433,447
2022-05-14,Lake,033,64148,10865,10790,920,11710,137
2022-05-14,Lassen,035,31185,8991,8987,894,9881,65
2022-05-14,Los Angeles,037,10098052,2788434,2768726,130144,2898870,31768
2022-05-14,Madera,039,155013,37741,37520,6280,43800,365
2022-05-14,Marin,041,260295,36176,35486,3375,38861,293
2022-05-14,Mariposa,043,17540,2492,2463,224,2687,30
2022-05-14,Mendocino,045,87422,13440,13349,3333,16682,124
2022-05-14,Merced,047,269075,62944,62627,8997,71624,818
2022-05-14,Modoc,049,8938,748,747,255,1002,8
2022-05-14,Mono,051,14174,3013,3002,152,3154,6
2022-05-14,Monterey,053,433212,81191,80620,14966,95586,735
2022-05-14,Napa,055,140530,27026,26698,1089,27787,143
2022-05-14,Nevada,057,99092,16396,16240,1292,17532,127
2022-05-14,Orange,059,3164182,561215,557134,43871,601005,7017
2022-05-14,Placer,061,380077,64646,63963,7709,71672,626
2022-05-14,Plumas,063,18699,3047,3006,373,3379,13
2022-05-14,Riverside,065,2383286,601308,597914,29052,626966,6471
2022-05-14,Sacramento,067,1510023,289045,286403,28314,314717,3022
2022-05-14,San Benito,069,59416,13169,13106,565,13671,98
2022-05-14,San Bernardino,071,2135413,577154,572057,25688,597745,7423
2022-05-14,San Diego,073,3302833,772898,770323,54979,825302,5271
2022-05-14,San Francisco,075,870044,137965,134916,9256,144172,866
2022-05-14,San Joaquin,077,732212,169486,168174,10647,178821,2236
2022-05-14,San Luis Obispo,079,281455,53819,53502,4155,57657,478
2022-05-14,San Mateo,081,765935,131798,129480,8060,137540,709
2022-05-14,Santa Barbara,083,443738,88510,87773,4992,92765,693
2022-05-14,Santa Clara,085,1922200,334335,328609,13913,342522,2297
2022-05-14,Santa Cruz,087,273765,51231,50268,2329,52597,263
2022-05-14,Shasta,089,179085,30933,30799,6200,36999,557
2022-05-14,Sierra,091,2930,277,275,53,328,4
2022-05-14,Siskiyou,093,43540,4505,4482,2804,7286,81
2022-05-14,Solano,095,438530,84881,83669,5924,89593,451
2022-05-14,Sonoma,097,501317,88563,87070,3287,90357,488
2022-05-14,Stanislaus,099,539301,119219,118586,18088,136674,1645
2022-05-14,Sutter,101,95872,20762,20690,2189,22879,226
2022-05-14,Tehama,103,63373,12131,12115,2656,14771,201
2022-05-14,Trinity,105,12862,1193,1188,297,1485,20
2022-05-14,Tulare,107,460477,107300,107077,29105,136182,1469
2022-05-14,Tuolumne,109,53932,12973,12851,611,13462,182
2022-05-14,Ventura,111,848112,177688,176317,10342,186659,1497
2022-05-14,Yolo,113,214977,39096,37737,3406,41143,316
2022-05-14,Yuba,115,75493,16122,16028,1286,17314,122
2022-05-13,Alameda,001,1643700,273302,268944,15333,284277,1857
2022-05-13,Alpine,003,1148,125,125,1,126,0
2022-05-13,Amador,005,37829,8651,8574,683,9257,86
2022-05-13,Butte,007,227075,33545,33377,6955,40332,424
2022-05-13,Calaveras,009,45235,7407,7378,384,7762,120
2022-05-13,Colusa,011,21464,3464,3463,1082,4545,21
2022-05-13,Contra Costa,013,1133247,198683,195925,14480,210405,1301
2022-05-13,Del Norte,015,27424,6018,5919,215,6134,50
2022-05-13,El Dorado,017,186661,27455,27216,3374,30590,212
2022-05-13,Fresno,019,978130,234118,233305,24494,257799,2757
2022-05-13,Glenn,021,27897,5013,5004,1625,6629,48
2022-05-13,Humboldt,023,135768,17932,17633,3327,20960,146
2022-05-13,Imperial,025,180216,55919,55756,10996,66752,917
2022-05-13,Inyo,027,18085,4128,4114,540,4654,56
2022-05-13,Kern,029,883053,193549,192939,47085,240024,2314
2022-05-13,Kings,031,150075,51905,51779,3654,55433,447
2022-05-13,Lake,033,64148,10862,10790,920,11710,137
2022-05-13,Lassen,035,31185,8990,8987,894,9881,65
2022-05-13,Los Angeles,037,10098052,2786495,2768726,129954,2898680,31768
2022-05-13,Madera,039,155013,37721,37520,6271,43791,365
2022-05-13,Marin,041,260295,36074,35486,3332,38818,293
2022-05-13,Mariposa,043,17540,2490,2463,224,2687,30
2022-05-13,Mendocino,045,87422,13426,13349,3328,16677,124
2022-05-13,Merced,047,269075,62909,62627,8989,71616,818
2022-05-13,Modoc,049,8938,748,747,255,1002,8
2022-05-13,Mono,051,14174,3011,3002,151,3153,6
2022-05-13,Monterey,053,433212,81135,80620,14922,95542,735
2022-05-13,Napa,055,140530,26990,26698,1087,27785,143
2022-05-13,Nevada,057,99092,16381,16240,1291,17531,127
2022-05-13,Orange,059,3164182,560746,557134,43795,600929,7017
2022-05-13,Placer,061,380077,64567,63963,7699,71662,626
2022-05-13,Plumas,063,18699,3040,3006,373,3379,13
2022-05-13,Riverside,065,2383286,600920,597914,29021,626935,6471
2022-05-13,Sacramento,067,1510023,288705,286403,28295,314698,3022
2022-05-13,San Benito,069,59416,13165,13106,565,13671,98
2022-05-13,San Bernardino,071,2135413,576917,572057,25678,597735,7423
2022-05-13,San Diego,073,3302833,772260,770323,54901,825224,5271
2022-05-13,San Francisco,075,870044,137611,134916,9236,144152,866
2022-05-13,San Joaquin,077,732212,169367,168174,10635,178809,2236
2022-05-13,San Luis Obispo,079,281455,53783,53502,4151,57653,478
2022-05-13,San Mateo,081,765935,131510,129480,8039,137519,709
2022-05-13,Santa Barbara,083,443738,88417,87773,4989,92762,693
2022-05-13,Santa Clara,085,1922200,333535,328609,13881,342490,2297
2022-05-13,Santa Cruz,087,273765,51144,50268,2321,52589,263
2022-05-13,Shasta,089,179085,30930,30799,6200,36999,557
2022-05-13,Sierra,091,2930,276,275,50,325,4
2022-05-13,Siskiyou,093,43540,4504,4482,2803,7285,81
2022-05-13,Solano,095,438530,84758,83669,5917,89586,451
2022-05-13,Sonoma,097,501317,88387,87070,3277,90347,488
2022-05-13,Stanislaus,099,539301,119123,118586,18079,136665,1645
2022-05-13,Sutter,101,95872,20750,20690,2188,22878,226
2022-05-13,Tehama,103,63373,12129,12115,2654,14769,201
2022-05-13,Trinity,105,12862,1192,1188,297,1485,20
2022-05-13,Tulare,107,460477,107255,107077,29066,136143,1469
2022-05-13,Tuolumne,109,53932,12957,12851,611,13462,182
2022-05-13,Ventura,111,848112,177512,176317,10330,186647,1497
2022-05-13,Yolo,113,214977,39034,37737,3402,41139,316
2022-05-13,Yuba,115,75493,16109,16028,1283,17311,122
2022-05-12,Alameda,001,1643700,272559,268944,15278,284222,1857
2022-05-12,Alpine,003,1148,125,125,1,126,0
2022-05-12,Amador,005,37829,8642,8574,683,9257,86
2022-05-12,Butte,007,227075,33520,33377,6941,40318,424
2022-05-12,Calaveras,009,45235,7403,7378,383,7761,120
2022-05-12,Colusa,011,21464,3464,3463,1081,4544,21
2022-05-12,Contra Costa,013,1133247,198161,195925,14415,210340,1301
2022-05-12,Del Norte,015,27424,6001,5919,213,6132,50
2022-05-12,El Dorado,017,186661,27414,27216,3365,30581,212
2022-05-12,Fresno,019,978130,233969,233305,24475,257780,2757
2022-05-12,Glenn,021,27897,5009,5004,1625,6629,48
2022-05-12,Humboldt,023,135768,17889,17633,3312,20945,146
2022-05-12,Imperial,025,180216,55892,55756,10981,66737,917
2022-05-12,Inyo,027,18085,4124,4114,535,4649,56
2022-05-12,Kern,029,883053,193484,192939,47035,239974,2314
2022-05-12,Kings,031,150075,51883,51779,3651,55430,447
2022-05-12,Lake,033,64148,10844,10790,915,11705,137
2022-05-12,Lassen,035,31185,8989,8987,893,9880,65
2022-05-12,Los Angeles,037,10098052,2783285,2768726,129681,2898407,31768
2022-05-12,Madera,039,155013,37695,37520,6260,43780,365
2022-05-12,Marin,041,260295,35974,35486,3309,38795,293
2022-05-12,Mariposa,043,17540,2485,2463,223,2686,30
2022-05-12,Mendocino,045,87422,13409,13349,3315,16664,124
2022-05-12,Merced,047,269075,62876,62627,8974,71601,818
2022-05-12,Modoc,049,8938,747,747,255,1002,8
2022-05-12,Mono,051,14174,3011,3002,150,3152,6
2022-05-12,Monterey,053,433212,81076,80620,14869,95489,735
2022-05-12,Napa,055,140530,26944,26698,1085,27783,143
2022-05-12,Nevada,057,99092,16359,16240,1290,17530,127
2022-05-12,Orange,059,3164182,560106,557134,43684,600818,7017
2022-05-12,Placer,061,380077,64469,63963,7676,71639,626
2022-05-12,Plumas,063,18699,3034,3006,373,3379,13
2022-05-12,Riverside,065,2383286,600462,597914,28986,626900,6471
2022-05-12,Sacramento,067,1510023,288247,286403,28227,314630,3022
2022-05-12,San Benito,069,59416,13150,13106,563,13669,98
2022-05-12,San Bernardino,071,2135413,576571,572057,25656,597713,7423
2022-05-12,San Diego,073,3302833,771305,770323,54812,825135,5271
2022-05-12,San Francisco,075,870044,137229,134916,9193,144109,866
2022-05-12,San Joaquin,077,732212,169188,168174,10599,178773,2236
2022-05-12,San Luis Obispo,079,281455,53724,53502,4122,57624,478
2022-05-12,San Mateo,081,765935,131102,129480,7983,137463,709
2022-05-12,Santa Barbara,083,443738,88311,87773,4978,92751,693
2022-05-12,Santa Clara,085,1922200,332555,328609,13789,342398,2297
2022-05-12,Santa Cruz,087,273765,51000,50268,2316,52584,263
2022-05-12,Shasta,089,179085,30917,30799,6197,36996,557
2022-05-12,Sierra,091,2930,275,275,50,325,4
2022-05-12,Siskiyou,093,43540,4499,4482,2801,7283,81
2022-05-12,Solano,095,438530,84542,83669,5904,89573,451
2022-05-12,Sonoma,097,501317,88170,87070,3253,90323,488
2022-05-12,Stanislaus,099,539301,119022,118586,18052,136638,1645
2022-05-12,Sutter,101,95872,20734,20690,2187,22877,226
2022-05-12,Tehama,103,63373,12122,12115,2652,14767,201
2022-05-12,Trinity,105,12862,1191,1188,296,1484,20
2022-05-12,Tulare,107,460477,107203,107077,29009,136086,1469
2022-05-12,Tuolumne,109,53932,12936,12851,608,13459,182
2022-05-12,Ventura,111,848112,177281,176317,10292,186609,1497
2022-05-12,Yolo,113,214977,38920,37737,3391,41128,316
2022-05-12,Yuba,115,75493,16093,16028,1279,17307,122
2022-05-11,Alameda,001,1643700,271851,267982,15224,283206,1853
2022-05-11,Alpine,003,1148,125,125,1,126,0
2022-05-11,Amador,005,37829,8635,8564,682,9246,86
2022-05-11,Butte,007,227075,33487,33339,6936,40275,423
2022-05-11,Calaveras,009,45235,7398,7368,379,7747,120
2022-05-11,Colusa,011,21464,3463,3462,1081,4543,21
2022-05-11,Contra Costa,013,1133247,197649,195153,14360,209513,1302
2022-05-11,Del Norte,015,27424,5991,5911,213,6124,50
2022-05-11,El Dorado,017,186661,27378,27172,3357,30529,212
2022-05-11,Fresno,019,978130,233805,233021,24446,257467,2754
2022-05-11,Glenn,021,27897,5009,5001,1624,6625,48
2022-05-11,Humboldt,023,135768,17847,17585,3296,20881,146
2022-05-11,Imperial,025,180216,55865,55751,10970,66721,917
2022-05-11,Inyo,027,18085,4123,4093,534,4627,56
2022-05-11,Kern,029,883053,193388,192795,46987,239782,2292
2022-05-11,Kings,031,150075,51855,51752,3649,55401,447
2022-05-11,Lake,033,64148,10831,10786,914,11700,137
2022-05-11,Lassen,035,31185,8988,8984,892,9876,65
2022-05-11,Los Angeles,037,10098052,2780152,2761410,129450,2890860,31747
2022-05-11,Madera,039,155013,37661,37496,6249,43745,365
2022-05-11,Marin,041,260295,35873,35336,3265,38601,292
2022-05-11,Mariposa,043,17540,2480,2461,223,2684,30
2022-05-11,Mendocino,045,87422,13394,13320,3298,16618,124
2022-05-11,Merced,047,269075,62834,62567,8951,71518,818
2022-05-11,Modoc,049,8938,746,747,255,1002,8
2022-05-11,Mono,051,14174,3011,2999,149,3148,6
2022-05-11,Monterey,053,433212,81013,80534,14814,95348,733
2022-05-11,Napa,055,140530,26892,26660,1083,27743,143
2022-05-11,Nevada,057,99092,16343,16230,1285,17515,127
2022-05-11,Orange,059,3164182,559429,556265,43600,599865,7009
2022-05-11,Placer,061,380077,64370,63823,7661,71484,625
2022-05-11,Plumas,063,18699,3026,2998,373,3371,13
2022-05-11,Riverside,065,2383286,600011,597302,28951,626253,6468
2022-05-11,Sacramento,067,1510023,287833,285799,28177,313976,3020
2022-05-11,San Benito,069,59416,13130,13088,563,13651,98
2022-05-11,San Bernardino,071,2135413,576207,571372,25647,597019,7354
2022-05-11,San Diego,073,3302833,770323,768135,54680,822815,5257
2022-05-11,San Francisco,075,870044,136730,134027,9160,143187,864
2022-05-11,San Joaquin,077,732212,169013,167949,10574,178523,2233
2022-05-11,San Luis Obispo,079,281455,53677,53420,4104,57524,478
2022-05-11,San Mateo,081,765935,130706,128821,7935,136756,711
2022-05-11,Santa Barbara,083,443738,88181,87593,4964,92557,693
2022-05-11,Santa Clara,085,1922200,331549,327177,13739,340916,2294
2022-05-11,Santa Cruz,087,273765,50842,50031,2301,52332,263
2022-05-11,Shasta,089,179085,30885,30768,6194,36962,564
2022-05-11,Sierra,091,2930,275,275,50,325,4
2022-05-11,Siskiyou,093,43540,4497,4478,2801,7279,81
2022-05-11,Solano,095,438530,84345,83464,5892,89356,450
2022-05-11,Sonoma,097,501317,87965,86798,3241,90039,488
2022-05-11,Stanislaus,099,539301,118922,118445,18033,136478,1644
2022-05-11,Sutter,101,95872,20719,20668,2186,22854,225
2022-05-11,Tehama,103,63373,12122,12106,2651,14757,201
2022-05-11,Trinity,105,12862,1189,1188,296,1484,20
2022-05-11,Tulare,107,460477,107147,107068,28975,136043,1468
2022-05-11,Tuolumne,109,53932,12917,12829,608,13437,181
2022-05-11,Ventura,111,848112,177084,175955,10250,186205,1491
2022-05-11,Yolo,113,214977,38805,37654,3389,41043,316
2022-05-11,Yuba,115,75493,16074,15997,1270,17267,122
2022-05-10,Alameda,001,1643700,271075,267982,15171,283153,1853
2022-05-10,Alpine,003,1148,125,125,1,126,0
2022-05-10,Amador,005,37829,8631,8564,681,9245,86
2022-05-10,Butte,007,227075,33463,33339,6932,40271,423
2022-05-10,Calaveras,009,45235,7394,7368,377,7745,120
2022-05-10,Colusa,011,21464,3463,3462,1080,4542,21
2022-05-10,Contra Costa,013,1133247,197169,195153,14320,209473,1302
2022-05-10,Del Norte,015,27424,5938,5911,213,6124,50
2022-05-10,El Dorado,017,186661,27341,27172,3351,30523,212
2022-05-10,Fresno,019,978130,233645,233021,24417,257438,2754
2022-05-10,Glenn,021,27897,5006,5001,1624,6625,48
2022-05-10,Humboldt,023,135768,17809,17585,3280,20865,146
2022-05-10,Imperial,025,180216,55830,55751,10951,66702,917
2022-05-10,Inyo,027,18085,4121,4093,527,4620,56
2022-05-10,Kern,029,883053,193286,192795,46947,239742,2292
2022-05-10,Kings,031,150075,51823,51752,3649,55401,447
2022-05-10,Lake,033,64148,10826,10786,914,11700,137
2022-05-10,Lassen,035,31185,8983,8984,892,9876,65
2022-05-10,Los Angeles,037,10098052,2776858,2761410,129216,2890626,31747
2022-05-10,Madera,039,155013,37629,37496,6235,43731,365
2022-05-10,Marin,041,260295,35761,35336,3221,38557,292
2022-05-10,Mariposa,043,17540,2480,2461,223,2684,30
2022-05-10,Mendocino,045,87422,13382,13320,3285,16605,124
2022-05-10,Merced,047,269075,62788,62567,8931,71498,818
2022-05-10,Modoc,049,8938,746,747,255,1002,8
2022-05-10,Mono,051,14174,3007,2999,146,3145,6
2022-05-10,Monterey,053,433212,80947,80534,14768,95302,733
2022-05-10,Napa,055,140530,26853,26660,1081,27741,143
2022-05-10,Nevada,057,99092,16323,16230,1280,17510,127
2022-05-10,Orange,059,3164182,558718,556265,43504,599769,7009
2022-05-10,Placer,061,380077,64257,63823,7646,71469,625
2022-05-10,Plumas,063,18699,3018,2998,372,3370,13
2022-05-10,Riverside,065,2383286,599584,597302,28916,626218,6468
2022-05-10,Sacramento,067,1510023,287332,285799,28105,313904,3020
2022-05-10,San Benito,069,59416,13113,13088,558,13646,98
2022-05-10,San Bernardino,071,2135413,575852,571372,25617,596989,7354
2022-05-10,San Diego,073,3302833,769303,768135,54561,822696,5257
2022-05-10,San Francisco,075,870044,136177,134027,9129,143156,864
2022-05-10,San Joaquin,077,732212,168855,167949,10507,178456,2233
2022-05-10,San Luis Obispo,079,281455,53601,53420,4077,57497,478
2022-05-10,San Mateo,081,765935,130330,128821,7893,136714,711
2022-05-10,Santa Barbara,083,443738,88065,87593,4949,92542,693
2022-05-10,Santa Clara,085,1922200,330523,327177,13654,340831,2294
2022-05-10,Santa Cruz,087,273765,50717,50031,2291,52322,263
2022-05-10,Shasta,089,179085,30865,30768,6193,36961,564
2022-05-10,Sierra,091,2930,275,275,49,324,4
2022-05-10,Siskiyou,093,43540,4493,4478,2800,7278,81
2022-05-10,Solano,095,438530,84161,83464,5868,89332,450
2022-05-10,Sonoma,097,501317,87724,86798,3202,90000,488
2022-05-10,Stanislaus,099,539301,118828,118445,18014,136459,1644
2022-05-10,Sutter,101,95872,20700,20668,2183,22851,225
2022-05-10,Tehama,103,63373,12119,12106,2644,14750,201
2022-05-10,Trinity,105,12862,1189,1188,296,1484,20
2022-05-10,Tulare,107,460477,107105,107068,28943,136011,1468
2022-05-10,Tuolumne,109,53932,12905,12829,608,13437,181
2022-05-10,Ventura,111,848112,176870,175955,10215,186170,1491
2022-05-10,Yolo,113,214977,38702,37654,3378,41032,316
2022-05-10,Yuba,115,75493,16053,15997,1267,17264,122
2022-05-09,Alameda,001,1643700,270310,267982,15124,283106,1853
2022-05-09,Alpine,003,1148,125,125,1,126,0
2022-05-09,Amador,005,37829,8624,8564,681,9245,86
2022-05-09,Butte,007,227075,33437,33339,6924,40263,423
2022-05-09,Calaveras,009,45235,7388,7368,377,7745,120
2022-05-09,Colusa,011,21464,3461,3462,1078,4540,21
2022-05-09,Contra Costa,013,1133247,196701,195153,14258,209411,1302
2022-05-09,Del Norte,015,27424,5929,5911,212,6123,50
2022-05-09,El Dorado,017,186661,27305,27172,3343,30515,212
2022-05-09,Fresno,019,978130,233486,233021,24392,257413,2754
2022-05-09,Glenn,021,27897,5004,5001,1622,6623,48
2022-05-09,Humboldt,023,135768,17758,17585,3257,20842,146
2022-05-09,Imperial,025,180216,55797,55751,10936,66687,917
2022-05-09,Inyo,027,18085,4118,4093,524,4617,56
2022-05-09,Kern,029,883053,193187,192795,46889,239684,2292
2022-05-09,Kings,031,150075,51792,51752,3648,55400,447
2022-05-09,Lake,033,64148,10818,10786,913,11699,137
2022-05-09,Lassen,035,31185,8981,8984,892,9876,65
2022-05-09,Los Angeles,037,10098052,2773502,2761410,128972,2890382,31747
2022-05-09,Madera,039,155013,37599,37496,6225,43721,365
2022-05-09,Marin,041,260295,35644,35336,3184,38520,292
2022-05-09,Mariposa,043,17540,2475,2461,223,2684,30
2022-05-09,Mendocino,045,87422,13371,13320,3274,16594,124
2022-05-09,Merced,047,269075,62747,62567,8911,71478,818
2022-05-09,Modoc,049,8938,746,747,255,1002,8
2022-05-09,Mono,051,14174,3005,2999,144,3143,6
2022-05-09,Monterey,053,433212,80852,80534,14713,95247,733
2022-05-09,Napa,055,140530,26803,26660,1079,27739,143
2022-05-09,Nevada,057,99092,16296,16230,1274,17504,127
2022-05-09,Orange,059,3164182,558045,556265,43418,599683,7009
2022-05-09,Placer,061,380077,64198,63823,7629,71452,625
2022-05-09,Plumas,063,18699,3009,2998,372,3370,13
2022-05-09,Riverside,065,2383286,599097,597302,28876,626178,6468
2022-05-09,Sacramento,067,1510023,286905,285799,28024,313823,3020
2022-05-09,San Benito,069,59416,13095,13088,554,13642,98
2022-05-09,San Bernardino,071,2135413,575522,571372,25600,596972,7354
2022-05-09,San Diego,073,3302833,768326,768135,54418,822553,5257
2022-05-09,San Francisco,075,870044,135624,134027,9104,143131,864
2022-05-09,San Joaquin,077,732212,168671,167949,10479,178428,2233
2022-05-09,San Luis Obispo,079,281455,53549,53420,4057,57477,478
2022-05-09,San Mateo,081,765935,129905,128821,7853,136674,711
2022-05-09,Santa Barbara,083,443738,87937,87593,4937,92530,693
2022-05-09,Santa Clara,085,1922200,329372,327177,13588,340765,2294
2022-05-09,Santa Cruz,087,273765,50580,50031,2283,52314,263
2022-05-09,Shasta,089,179085,30851,30768,6191,36959,564
2022-05-09,Sierra,091,2930,275,275,49,324,4
2022-05-09,Siskiyou,093,43540,4491,4478,2800,7278,81
2022-05-09,Solano,095,438530,84005,83464,5853,89317,450
2022-05-09,Sonoma,097,501317,87464,86798,3175,89973,488
2022-05-09,Stanislaus,099,539301,118732,118445,17996,136441,1644
2022-05-09,Sutter,101,95872,20687,20668,2181,22849,225
2022-05-09,Tehama,103,63373,12117,12106,2642,14748,201
2022-05-09,Trinity,105,12862,1189,1188,296,1484,20
2022-05-09,Tulare,107,460477,107057,107068,28902,135970,1468
2022-05-09,Tuolumne,109,53932,12897,12829,608,13437,181
2022-05-09,Ventura,111,848112,176652,175955,10165,186120,1491
2022-05-09,Yolo,113,214977,38593,37654,3368,41022,316
2022-05-09,Yuba,115,75493,16044,15997,1266,17263,122
2022-05-08,Alameda,001,1643700,269426,265198,15056,280254,1855
2022-05-08,Alpine,003,1148,125,125,1,126,0
2022-05-08,Amador,005,37829,8613,8556,679,9235,86
2022-05-08,Butte,007,227075,33414,33269,6913,40182,421
2022-05-08,Calaveras,009,45235,7381,7353,376,7729,120
2022-05-08,Colusa,011,21464,3460,3459,1077,4536,21
2022-05-08,Contra Costa,013,1133247,196189,193961,14175,208136,1302
2022-05-08,Del Norte,015,27424,5915,5884,212,6096,50
2022-05-08,El Dorado,017,186661,27267,27081,3337,30418,210
2022-05-08,Fresno,019,978130,233319,232655,24368,257023,2754
2022-05-08,Glenn,021,27897,5002,4996,1622,6618,48
2022-05-08,Humboldt,023,135768,17705,17410,3218,20628,146
2022-05-08,Imperial,025,180216,55763,55683,10924,66607,917
2022-05-08,Inyo,027,18085,4111,4087,523,4610,56
2022-05-08,Kern,029,883053,193093,192590,46842,239432,2287
2022-05-08,Kings,031,150075,51775,51702,3648,55350,447
2022-05-08,Lake,033,64148,10811,10766,913,11679,137
2022-05-08,Lassen,035,31185,8977,8978,892,9870,65
2022-05-08,Los Angeles,037,10098052,2769923,2751478,128677,2880155,31738
2022-05-08,Madera,039,155013,37579,37420,6206,43626,365
2022-05-08,Marin,041,260295,35520,34934,3135,38069,292
2022-05-08,Mariposa,043,17540,2468,2438,222,2660,30
2022-05-08,Mendocino,045,87422,13352,13270,3246,16516,124
2022-05-08,Merced,047,269075,62696,62471,8881,71352,818
2022-05-08,Modoc,049,8938,746,745,255,1000,8
2022-05-08,Mono,051,14174,3004,2997,142,3139,6
2022-05-08,Monterey,053,433212,80760,80246,14625,94871,733
2022-05-08,Napa,055,140530,26762,26524,1076,27600,143
2022-05-08,Nevada,057,99092,16272,16171,1272,17443,127
2022-05-08,Orange,059,3164182,557367,554411,43305,597716,7007
2022-05-08,Placer,061,380077,64081,63577,7600,71177,625
2022-05-08,Plumas,063,18699,3005,2996,372,3368,13
2022-05-08,Riverside,065,2383286,598608,596022,28833,624855,6467
2022-05-08,Sacramento,067,1510023,286399,284564,27948,312512,3016
2022-05-08,San Benito,069,59416,13080,13047,550,13597,98
2022-05-08,San Bernardino,071,2135413,575090,570381,25562,595943,7306
2022-05-08,San Diego,073,3302833,767300,765377,54314,819691,5244
2022-05-08,San Francisco,075,870044,134963,132659,9069,141728,861
2022-05-08,San Joaquin,077,732212,168483,167568,10437,178005,2229
2022-05-08,San Luis Obispo,079,281455,53478,53273,4035,57308,477
2022-05-08,San Mateo,081,765935,129443,127615,7799,135414,709
2022-05-08,Santa Barbara,083,443738,87803,87305,4928,92233,692
2022-05-08,Santa Clara,085,1922200,328293,324946,13516,338462,2287
2022-05-08,Santa Cruz,087,273765,50400,49605,2278,51883,262
2022-05-08,Shasta,089,179085,30823,30721,6187,36908,563
2022-05-08,Sierra,091,2930,275,275,49,324,4
2022-05-08,Siskiyou,093,43540,4488,4470,2795,7265,81
2022-05-08,Solano,095,438530,83835,83038,5827,88865,450
2022-05-08,Sonoma,097,501317,87243,86150,3140,89290,488
2022-05-08,Stanislaus,099,539301,118625,118235,17972,136207,1643
2022-05-08,Sutter,101,95872,20666,20694,2176,22870,225
2022-05-08,Tehama,103,63373,12111,12098,2639,14737,201
2022-05-08,Trinity,105,12862,1188,1180,296,1476,20
2022-05-08,Tulare,107,460477,107015,106987,28864,135851,1468
2022-05-08,Tuolumne,109,53932,12884,12793,604,13397,181
2022-05-08,Ventura,111,848112,176416,175454,10111,185565,1491
2022-05-08,Yolo,113,214977,38487,37456,3353,40809,315
2022-05-08,Yuba,115,75493,16022,15964,1262,17226,122
2022-05-07,Alameda,001,1643700,269055,265198,15038,280236,1855
2022-05-07,Alpine,003,1148,125,125,1,126,0
2022-05-07,Amador,005,37829,8611,8556,679,9235,86
2022-05-07,Butte,007,227075,33406,33269,6905,40174,421
2022-05-07,Calaveras,009,45235,7374,7353,376,7729,120
2022-05-07,Colusa,011,21464,3460,3459,1077,4536,21
2022-05-07,Contra Costa,013,1133247,195952,193961,14158,208119,1302
2022-05-07,Del Norte,015,27424,5913,5884,212,6096,50
2022-05-07,El Dorado,017,186661,27249,27081,3336,30417,210
2022-05-07,Fresno,019,978130,233264,232655,24361,257016,2754
2022-05-07,Glenn,021,27897,5001,4996,1622,6618,48
2022-05-07,Humboldt,023,135768,17676,17410,3210,20620,146
2022-05-07,Imperial,025,180216,55740,55683,10915,66598,917
2022-05-07,Inyo,027,18085,4108,4087,523,4610,56
2022-05-07,Kern,029,883053,193058,192590,46820,239410,2287
2022-05-07,Kings,031,150075,51764,51702,3648,55350,447
2022-05-07,Lake,033,64148,10807,10766,913,11679,137
2022-05-07,Lassen,035,31185,8977,8978,892,9870,65
2022-05-07,Los Angeles,037,10098052,2768333,2751478,128508,2879986,31738
2022-05-07,Madera,039,155013,37572,37420,6206,43626,365
2022-05-07,Marin,041,260295,35446,34934,3102,38036,292
2022-05-07,Mariposa,043,17540,2465,2438,222,2660,30
2022-05-07,Mendocino,045,87422,13343,13270,3243,16513,124
2022-05-07,Merced,047,269075,62683,62471,8880,71351,818
2022-05-07,Modoc,049,8938,746,745,255,1000,8
2022-05-07,Mono,051,14174,3003,2997,142,3139,6
2022-05-07,Monterey,053,433212,80700,80246,14599,94845,733
2022-05-07,Napa,055,140530,26732,26524,1075,27599,143
2022-05-07,Nevada,057,99092,16262,16171,1267,17438,127
2022-05-07,Orange,059,3164182,557037,554411,43250,597661,7007
2022-05-07,Placer,061,380077,64018,63577,7594,71171,625
2022-05-07,Plumas,063,18699,3005,2996,371,3367,13
2022-05-07,Riverside,065,2383286,598353,596022,28804,624826,6467
2022-05-07,Sacramento,067,1510023,286205,284564,27934,312498,3016
2022-05-07,San Benito,069,59416,13071,13047,545,13592,98
2022-05-07,San Bernardino,071,2135413,574878,570381,25557,595938,7306
2022-05-07,San Diego,073,3302833,766815,765377,54285,819662,5244
2022-05-07,San Francisco,075,870044,134630,132659,9049,141708,861
2022-05-07,San Joaquin,077,732212,168377,167568,10429,177997,2229
2022-05-07,San Luis Obispo,079,281455,53466,53273,4024,57297,477
2022-05-07,San Mateo,081,765935,129158,127615,7776,135391,709
2022-05-07,Santa Barbara,083,443738,87723,87305,4925,92230,692
2022-05-07,Santa Clara,085,1922200,327674,324946,13493,338439,2287
2022-05-07,Santa Cruz,087,273765,50347,49605,2268,51873,262
2022-05-07,Shasta,089,179085,30815,30721,6187,36908,563
2022-05-07,Sierra,091,2930,275,275,49,324,4
2022-05-07,Siskiyou,093,43540,4486,4470,2794,7264,81
2022-05-07,Solano,095,438530,83780,83038,5822,88860,450
2022-05-07,Sonoma,097,501317,87119,86150,3130,89280,488
2022-05-07,Stanislaus,099,539301,118578,118235,17964,136199,1643
2022-05-07,Sutter,101,95872,20657,20694,2176,22870,225
2022-05-07,Tehama,103,63373,12109,12098,2638,14736,201
2022-05-07,Trinity,105,12862,1188,1180,296,1476,20
2022-05-07,Tulare,107,460477,106991,106987,28851,135838,1468
2022-05-07,Tuolumne,109,53932,12877,12793,604,13397,181
2022-05-07,Ventura,111,848112,176306,175454,10082,185536,1491
2022-05-07,Yolo,113,214977,38442,37456,3351,40807,315
2022-05-07,Yuba,115,75493,16013,15964,1261,17225,122
2022-05-06,Alameda,001,1643700,268678,265198,15015,280213,1855
2022-05-06,Alpine,003,1148,125,125,1,126,0
2022-05-06,Amador,005,37829,8610,8556,678,9234,86
2022-05-06,Butte,007,227075,33397,33269,6903,40172,421
2022-05-06,Calaveras,009,45235,7371,7353,376,7729,120
2022-05-06,Colusa,011,21464,3460,3459,1077,4536,21
2022-05-06,Contra Costa,013,1133247,195726,193961,14145,208106,1302
2022-05-06,Del Norte,015,27424,5904,5884,212,6096,50
2022-05-06,El Dorado,017,186661,27224,27081,3334,30415,210
2022-05-06,Fresno,019,978130,233188,232655,24350,257005,2754
2022-05-06,Glenn,021,27897,5001,4996,1622,6618,48
2022-05-06,Humboldt,023,135768,17649,17410,3203,20613,146
2022-05-06,Imperial,025,180216,55730,55683,10910,66593,917
2022-05-06,Inyo,027,18085,4098,4087,520,4607,56
2022-05-06,Kern,029,883053,193006,192590,46791,239381,2287
2022-05-06,Kings,031,150075,51756,51702,3648,55350,447
2022-05-06,Lake,033,64148,10805,10766,913,11679,137
2022-05-06,Lassen,035,31185,8977,8978,892,9870,65
2022-05-06,Los Angeles,037,10098052,2766508,2751478,128364,2879842,31738
2022-05-06,Madera,039,155013,37558,37420,6203,43623,365
2022-05-06,Marin,041,260295,35368,34934,3054,37988,292
2022-05-06,Mariposa,043,17540,2464,2438,215,2653,30
2022-05-06,Mendocino,045,87422,13331,13270,3240,16510,124
2022-05-06,Merced,047,269075,62666,62471,8879,71350,818
2022-05-06,Modoc,049,8938,746,745,255,1000,8
2022-05-06,Mono,051,14174,3002,2997,142,3139,6
2022-05-06,Monterey,053,433212,80661,80246,14561,94807,733
2022-05-06,Napa,055,140530,26715,26524,1075,27599,143
2022-05-06,Nevada,057,99092,16250,16171,1264,17435,127
2022-05-06,Orange,059,3164182,556691,554411,43180,597591,7007
2022-05-06,Placer,061,380077,63958,63577,7581,71158,625
2022-05-06,Plumas,063,18699,3003,2996,371,3367,13
2022-05-06,Riverside,065,2383286,598124,596022,28782,624804,6467
2022-05-06,Sacramento,067,1510023,285948,284564,27914,312478,3016
2022-05-06,San Benito,069,59416,13067,13047,545,13592,98
2022-05-06,San Bernardino,071,2135413,574703,570381,25550,595931,7306
2022-05-06,San Diego,073,3302833,766305,765377,54249,819626,5244
2022-05-06,San Francisco,075,870044,134302,132659,9022,141681,861
2022-05-06,San Joaquin,077,732212,168287,167568,10416,177984,2229
2022-05-06,San Luis Obispo,079,281455,53442,53273,4019,57292,477
2022-05-06,San Mateo,081,765935,128931,127615,7767,135382,709
2022-05-06,Santa Barbara,083,443738,87669,87305,4923,92228,692
2022-05-06,Santa Clara,085,1922200,327083,324946,13478,338424,2287
2022-05-06,Santa Cruz,087,273765,50283,49605,2264,51869,262
2022-05-06,Shasta,089,179085,30809,30721,6186,36907,563
2022-05-06,Sierra,091,2930,275,275,49,324,4
2022-05-06,Siskiyou,093,43540,4484,4470,2791,7261,81
2022-05-06,Solano,095,438530,83692,83038,5814,88852,450
2022-05-06,Sonoma,097,501317,86997,86150,3115,89265,488
2022-05-06,Stanislaus,099,539301,118522,118235,17957,136192,1643
2022-05-06,Sutter,101,95872,20651,20694,2176,22870,225
2022-05-06,Tehama,103,63373,12104,12098,2638,14736,201
2022-05-06,Trinity,105,12862,1187,1180,296,1476,20
2022-05-06,Tulare,107,460477,106972,106987,28839,135826,1468
2022-05-06,Tuolumne,109,53932,12870,12793,603,13396,181
2022-05-06,Ventura,111,848112,176188,175454,10051,185505,1491
2022-05-06,Yolo,113,214977,38396,37456,3346,40802,315
2022-05-06,Yuba,115,75493,16002,15964,1260,17224,122
2022-05-05,Alameda,001,1643700,268091,265198,14968,280166,1855
2022-05-05,Alpine,003,1148,125,125,1,126,0
2022-05-05,Amador,005,37829,8608,8556,677,9233,86
2022-05-05,Butte,007,227075,33378,33269,6897,40166,421
2022-05-05,Calaveras,009,45235,7368,7353,373,7726,120
2022-05-05,Colusa,011,21464,3460,3459,1074,4533,21
2022-05-05,Contra Costa,013,1133247,195337,193961,14096,208057,1302
2022-05-05,Del Norte,015,27424,5903,5884,212,6096,50
2022-05-05,El Dorado,017,186661,27199,27081,3327,30408,210
2022-05-05,Fresno,019,978130,233087,232655,24326,256981,2754
2022-05-05,Glenn,021,27897,5001,4996,1622,6618,48
2022-05-05,Humboldt,023,135768,17612,17410,3189,20599,146
2022-05-05,Imperial,025,180216,55723,55683,10899,66582,917
2022-05-05,Inyo,027,18085,4094,4087,519,4606,56
2022-05-05,Kern,029,883053,192949,192590,46753,239343,2287
2022-05-05,Kings,031,150075,51748,51702,3648,55350,447
2022-05-05,Lake,033,64148,10801,10766,913,11679,137
2022-05-05,Lassen,035,31185,8977,8978,892,9870,65
2022-05-05,Los Angeles,037,10098052,2763923,2751478,128138,2879616,31738
2022-05-05,Madera,039,155013,37541,37420,6197,43617,365
2022-05-05,Marin,041,260295,35259,34934,3029,37963,292
2022-05-05,Mariposa,043,17540,2462,2438,214,2652,30
2022-05-05,Mendocino,045,87422,13320,13270,3231,16501,124
2022-05-05,Merced,047,269075,62633,62471,8874,71345,818
2022-05-05,Modoc,049,8938,746,745,253,998,8
2022-05-05,Mono,051,14174,3001,2997,141,3138,6
2022-05-05,Monterey,053,433212,80608,80246,14531,94777,733
2022-05-05,Napa,055,140530,26682,26524,1074,27598,143
2022-05-05,Nevada,057,99092,16240,16171,1261,17432,127
2022-05-05,Orange,059,3164182,556176,554411,43121,597532,7007
2022-05-05,Placer,061,380077,63897,63577,7572,71149,625
2022-05-05,Plumas,063,18699,3002,2996,371,3367,13
2022-05-05,Riverside,065,2383286,597784,596022,28752,624774,6467
2022-05-05,Sacramento,067,1510023,285615,284564,27857,312421,3016
2022-05-05,San Benito,069,59416,13056,13047,543,13590,98
2022-05-05,San Bernardino,071,2135413,574416,570381,25533,595914,7306
2022-05-05,San Diego,073,3302833,765564,765377,54179,819556,5244
2022-05-05,San Francisco,075,870044,133889,132659,8985,141644,861
2022-05-05,San Joaquin,077,732212,168195,167568,10384,177952,2229
2022-05-05,San Luis Obispo,079,281455,53406,53273,4002,57275,477
2022-05-05,San Mateo,081,765935,128595,127615,7738,135353,709
2022-05-05,Santa Barbara,083,443738,87594,87305,4918,92223,692
2022-05-05,Santa Clara,085,1922200,326283,324946,13416,338362,2287
2022-05-05,Santa Cruz,087,273765,50185,49605,2260,51865,262
2022-05-05,Shasta,089,179085,30799,30721,6184,36905,563
2022-05-05,Sierra,091,2930,275,275,49,324,4
2022-05-05,Siskiyou,093,43540,4482,4470,2791,7261,81
2022-05-05,Solano,095,438530,83572,83038,5796,88834,450
2022-05-05,Sonoma,097,501317,86824,86150,3096,89246,488
2022-05-05,Stanislaus,099,539301,118465,118235,17941,136176,1643
2022-05-05,Sutter,101,95872,20649,20694,2174,22868,225
2022-05-05,Tehama,103,63373,12100,12098,2636,14734,201
2022-05-05,Trinity,105,12862,1187,1180,296,1476,20
2022-05-05,Tulare,107,460477,106942,106987,28819,135806,1468
2022-05-05,Tuolumne,109,53932,12852,12793,599,13392,181
2022-05-05,Ventura,111,848112,176005,175454,10005,185459,1491
2022-05-05,Yolo,113,214977,38325,37456,3334,40790,315
2022-05-05,Yuba,115,75493,15992,15964,1257,17221,122
2022-05-04,Alameda,001,1643700,267431,263736,14924,278660,1850
2022-05-04,Alpine,003,1148,125,124,1,125,0
2022-05-04,Amador,005,37829,8605,8546,676,9222,86
2022-05-04,Butte,007,227075,33360,33220,6890,40110,417
2022-05-04,Calaveras,009,45235,7363,7344,373,7717,120
2022-05-04,Colusa,011,21464,3459,3460,1074,4534,21
2022-05-04,Contra Costa,013,1133247,194975,193175,14038,207213,1302
2022-05-04,Del Norte,015,27424,5895,5866,212,6078,50
2022-05-04,El Dorado,017,186661,27173,27021,3320,30341,210
2022-05-04,Fresno,019,978130,232970,232332,24313,256645,2751
2022-05-04,Glenn,021,27897,4999,4995,1622,6617,48
2022-05-04,Humboldt,023,135768,17572,17316,3178,20494,146
2022-05-04,Imperial,025,180216,55701,55548,10888,66436,910
2022-05-04,Inyo,027,18085,4094,4085,516,4601,56
2022-05-04,Kern,029,883053,192885,192432,46716,239148,2281
2022-05-04,Kings,031,150075,51731,51663,3646,55309,447
2022-05-04,Lake,033,64148,10796,10758,913,11671,137
2022-05-04,Lassen,035,31185,8976,8972,890,9862,65
2022-05-04,Los Angeles,037,10098052,2761148,2744894,127946,2872840,31722
2022-05-04,Madera,039,155013,37517,37395,6189,43584,365
2022-05-04,Marin,041,260295,35174,34727,3006,37733,291
2022-05-04,Mariposa,043,17540,2456,2435,209,2644,30
2022-05-04,Mendocino,045,87422,13312,13247,3223,16470,123
2022-05-04,Merced,047,269075,62607,62419,8864,71283,818
2022-05-04,Modoc,049,8938,746,746,253,999,8
2022-05-04,Mono,051,14174,3000,2993,138,3131,6
2022-05-04,Monterey,053,433212,80546,80038,14504,94542,732
2022-05-04,Napa,055,140530,26644,26434,1070,27504,143
2022-05-04,Nevada,057,99092,16224,16136,1257,17393,127
2022-05-04,Orange,059,3164182,555590,553177,43044,596221,7006
2022-05-04,Placer,061,380077,63814,63410,7566,70976,625
2022-05-04,Plumas,063,18699,3000,2947,371,3318,13
2022-05-04,Riverside,065,2383286,597448,594981,28722,623703,6457
2022-05-04,Sacramento,067,1510023,285286,283939,27816,311755,3013
2022-05-04,San Benito,069,59416,13046,13019,537,13556,98
2022-05-04,San Bernardino,071,2135413,574156,569570,25519,595089,7240
2022-05-04,San Diego,073,3302833,764816,763453,54087,817540,5239
2022-05-04,San Francisco,075,870044,133476,131599,8963,140562,860
2022-05-04,San Joaquin,077,732212,168089,167280,10352,177632,2225
2022-05-04,San Luis Obispo,079,281455,53362,53156,3991,57147,477
2022-05-04,San Mateo,081,765935,128273,126800,7702,134502,710
2022-05-04,Santa Barbara,083,443738,87490,87058,4903,91961,688
2022-05-04,Santa Clara,085,1922200,325476,322805,13357,336162,2285
2022-05-04,Santa Cruz,087,273765,50071,49230,2257,51487,262
2022-05-04,Shasta,089,179085,30783,30681,6181,36862,556
2022-05-04,Sierra,091,2930,275,275,49,324,4
2022-05-04,Siskiyou,093,43540,4478,4463,2787,7250,81
2022-05-04,Solano,095,438530,83428,82796,5784,88580,449
2022-05-04,Sonoma,097,501317,86648,85694,3072,88766,488
2022-05-04,Stanislaus,099,539301,118403,118123,17930,136053,1643
2022-05-04,Sutter,101,95872,20638,20672,2172,22844,224
2022-05-04,Tehama,103,63373,12098,12090,2633,14723,201
2022-05-04,Trinity,105,12862,1187,1180,296,1476,20
2022-05-04,Tulare,107,460477,106923,106935,28803,135738,1464
2022-05-04,Tuolumne,109,53932,12845,12757,597,13354,181
2022-05-04,Ventura,111,848112,175840,175066,9960,185026,1486
2022-05-04,Yolo,113,214977,38250,37344,3327,40671,315
2022-05-04,Yuba,115,75493,15983,15940,1254,17194,122
2022-05-03,Alameda,001,1643700,266819,263736,14878,278614,1850
2022-05-03,Alpine,003,1148,125,124,1,125,0
2022-05-03,Amador,005,37829,8602,8546,675,9221,86
2022-05-03,Butte,007,227075,33344,33220,6885,40105,417
2022-05-03,Calaveras,009,45235,7356,7344,372,7716,120
2022-05-03,Colusa,011,21464,3458,3460,1074,4534,21
2022-05-03,Contra Costa,013,1133247,194584,193175,13993,207168,1302
2022-05-03,Del Norte,015,27424,5889,5866,210,6076,50
2022-05-03,El Dorado,017,186661,27151,27021,3316,30337,210
2022-05-03,Fresno,019,978130,232859,232332,24293,256625,2751
2022-05-03,Glenn,021,27897,4998,4995,1620,6615,48
2022-05-03,Humboldt,023,135768,17536,17316,3158,20474,146
2022-05-03,Imperial,025,180216,55680,55548,10881,66429,910
2022-05-03,Inyo,027,18085,4092,4085,516,4601,56
2022-05-03,Kern,029,883053,192807,192432,46683,239115,2281
2022-05-03,Kings,031,150075,51719,51663,3646,55309,447
2022-05-03,Lake,033,64148,10791,10758,912,11670,137
2022-05-03,Lassen,035,31185,8976,8972,890,9862,65
2022-05-03,Los Angeles,037,10098052,2758090,2744894,127714,2872608,31722
2022-05-03,Madera,039,155013,37486,37395,6183,43578,365
2022-05-03,Marin,041,260295,35063,34727,2983,37710,291
2022-05-03,Mariposa,043,17540,2448,2435,209,2644,30
2022-05-03,Mendocino,045,87422,13298,13247,3205,16452,123
2022-05-03,Merced,047,269075,62580,62419,8844,71263,818
2022-05-03,Modoc,049,8938,745,746,253,999,8
2022-05-03,Mono,051,14174,2998,2993,137,3130,6
2022-05-03,Monterey,053,433212,80492,80038,14469,94507,732
2022-05-03,Napa,055,140530,26609,26434,1063,27497,143
2022-05-03,Nevada,057,99092,16213,16136,1256,17392,127
2022-05-03,Orange,059,3164182,555062,553177,42964,596141,7006
2022-05-03,Placer,061,380077,63720,63410,7552,70962,625
2022-05-03,Plumas,063,18699,2996,2947,371,3318,13
2022-05-03,Riverside,065,2383286,597079,594981,28696,623677,6457
2022-05-03,Sacramento,067,1510023,284973,283939,27764,311703,3013
2022-05-03,San Benito,069,59416,13032,13019,534,13553,98
2022-05-03,San Bernardino,071,2135413,573891,569570,25503,595073,7240
2022-05-03,San Diego,073,3302833,763972,763453,53987,817440,5239
2022-05-03,San Francisco,075,870044,132998,131599,8929,140528,860
2022-05-03,San Joaquin,077,732212,168005,167280,10322,177602,2225
2022-05-03,San Luis Obispo,079,281455,53314,53156,3981,57137,477
2022-05-03,San Mateo,081,765935,127929,126800,7662,134462,710
2022-05-03,Santa Barbara,083,443738,87398,87058,4900,91958,688
2022-05-03,Santa Clara,085,1922200,324661,322805,13302,336107,2285
2022-05-03,Santa Cruz,087,273765,49981,49230,2252,51482,262
2022-05-03,Shasta,089,179085,30764,30681,6180,36861,556
2022-05-03,Sierra,091,2930,275,275,49,324,4
2022-05-03,Siskiyou,093,43540,4477,4463,2787,7250,81
2022-05-03,Solano,095,438530,83241,82796,5774,88570,449
2022-05-03,Sonoma,097,501317,86469,85694,3047,88741,488
2022-05-03,Stanislaus,099,539301,118349,118123,17919,136042,1643
2022-05-03,Sutter,101,95872,20633,20672,2170,22842,224
2022-05-03,Tehama,103,63373,12094,12090,2632,14722,201
2022-05-03,Trinity,105,12862,1187,1180,296,1476,20
2022-05-03,Tulare,107,460477,106894,106935,28789,135724,1464
2022-05-03,Tuolumne,109,53932,12832,12757,597,13354,181
2022-05-03,Ventura,111,848112,175671,175066,9915,184981,1486
2022-05-03,Yolo,113,214977,38180,37344,3324,40668,315
2022-05-03,Yuba,115,75493,15972,15940,1246,17186,122
2022-05-02,Alameda,001,1643700,266195,263736,14833,278569,1850
2022-05-02,Alpine,003,1148,125,124,1,125,0
2022-05-02,Amador,005,37829,8599,8546,672,9218,86
2022-05-02,Butte,007,227075,33322,33220,6883,40103,417
2022-05-02,Calaveras,009,45235,7355,7344,371,7715,120
2022-05-02,Colusa,011,21464,3458,3460,1074,4534,21
2022-05-02,Contra Costa,013,1133247,194216,193175,13951,207126,1302
2022-05-02,Del Norte,015,27424,5884,5866,204,6070,50
2022-05-02,El Dorado,017,186661,27128,27021,3309,30330,210
2022-05-02,Fresno,019,978130,232749,232332,24263,256595,2751
2022-05-02,Glenn,021,27897,4996,4995,1620,6615,48
2022-05-02,Humboldt,023,135768,17486,17316,3143,20459,146
2022-05-02,Imperial,025,180216,55668,55548,10874,66422,910
2022-05-02,Inyo,027,18085,4091,4085,514,4599,56
2022-05-02,Kern,029,883053,192723,192432,46653,239085,2281
2022-05-02,Kings,031,150075,51703,51663,3646,55309,447
2022-05-02,Lake,033,64148,10787,10758,912,11670,137
2022-05-02,Lassen,035,31185,8975,8972,890,9862,65
2022-05-02,Los Angeles,037,10098052,2755048,2744894,127496,2872390,31722
2022-05-02,Madera,039,155013,37469,37395,6176,43571,365
2022-05-02,Marin,041,260295,34938,34727,2959,37686,291
2022-05-02,Mariposa,043,17540,2443,2435,209,2644,30
2022-05-02,Mendocino,045,87422,13280,13247,3192,16439,123
2022-05-02,Merced,047,269075,62549,62419,8837,71256,818
2022-05-02,Modoc,049,8938,744,746,253,999,8
2022-05-02,Mono,051,14174,2996,2993,136,3129,6
2022-05-02,Monterey,053,433212,80415,80038,14427,94465,732
2022-05-02,Napa,055,140530,26570,26434,1061,27495,143
2022-05-02,Nevada,057,99092,16195,16136,1254,17390,127
2022-05-02,Orange,059,3164182,554519,553177,42870,596047,7006
2022-05-02,Placer,061,380077,63663,63410,7544,70954,625
2022-05-02,Plumas,063,18699,2996,2947,371,3318,13
2022-05-02,Riverside,065,2383286,596689,594981,28663,623644,6457
2022-05-02,Sacramento,067,1510023,284664,283939,27721,311660,3013
2022-05-02,San Benito,069,59416,13020,13019,534,13553,98
2022-05-02,San Bernardino,071,2135413,573605,569570,25482,595052,7240
2022-05-02,San Diego,073,3302833,763108,763453,53893,817346,5239
2022-05-02,San Francisco,075,870044,132560,131599,8896,140495,860
2022-05-02,San Joaquin,077,732212,167888,167280,10310,177590,2225
2022-05-02,San Luis Obispo,079,281455,53261,53156,3969,57125,477
2022-05-02,San Mateo,081,765935,127605,126800,7647,134447,710
2022-05-02,Santa Barbara,083,443738,87297,87058,4896,91954,688
2022-05-02,Santa Clara,085,1922200,323754,322805,13254,336059,2285
2022-05-02,Santa Cruz,087,273765,49853,49230,2248,51478,262
2022-05-02,Shasta,089,179085,30745,30681,6179,36860,556
2022-05-02,Sierra,091,2930,275,275,49,324,4
2022-05-02,Siskiyou,093,43540,4474,4463,2785,7248,81
2022-05-02,Solano,095,438530,83101,82796,5763,88559,449
2022-05-02,Sonoma,097,501317,86287,85694,3027,88721,488
2022-05-02,Stanislaus,099,539301,118276,118123,17905,136028,1643
2022-05-02,Sutter,101,95872,20626,20672,2167,22839,224
2022-05-02,Tehama,103,63373,12089,12090,2629,14719,201
2022-05-02,Trinity,105,12862,1186,1180,296,1476,20
2022-05-02,Tulare,107,460477,106872,106935,28769,135704,1464
2022-05-02,Tuolumne,109,53932,12826,12757,597,13354,181
2022-05-02,Ventura,111,848112,175508,175066,9881,184947,1486
2022-05-02,Yolo,113,214977,38101,37344,3318,40662,315
2022-05-02,Yuba,115,75493,15967,15940,1243,17183,122
2022-05-01,Alameda,001,1643700,265496,262027,14779,276806,1851
2022-05-01,Alpine,003,1148,125,124,1,125,0
2022-05-01,Amador,005,37829,8599,8533,672,9205,86
2022-05-01,Butte,007,227075,33294,33172,6876,40048,418
2022-05-01,Calaveras,009,45235,7351,7328,365,7693,120
2022-05-01,Colusa,011,21464,3458,3457,1074,4531,21
2022-05-01,Contra Costa,013,1133247,193835,192136,13878,206014,1301
2022-05-01,Del Norte,015,27424,5876,5841,204,6045,50
2022-05-01,El Dorado,017,186661,27096,26946,3305,30251,210
2022-05-01,Fresno,019,978130,232644,232067,24242,256309,2748
2022-05-01,Glenn,021,27897,4996,4995,1620,6615,48
2022-05-01,Humboldt,023,135768,17422,17194,3117,20311,145
2022-05-01,Imperial,025,180216,55644,55503,10869,66372,910
2022-05-01,Inyo,027,18085,4090,4084,513,4597,56
2022-05-01,Kern,029,883053,192660,192250,46606,238856,2265
2022-05-01,Kings,031,150075,51681,51640,3642,55282,447
2022-05-01,Lake,033,64148,10780,10742,910,11652,137
2022-05-01,Lassen,035,31185,8975,8966,890,9856,65
2022-05-01,Los Angeles,037,10098052,2752041,2736900,127259,2864159,31712
2022-05-01,Madera,039,155013,37451,37360,6163,43523,365
2022-05-01,Marin,041,260295,34851,34519,2926,37445,291
2022-05-01,Mariposa,043,17540,2442,2430,209,2639,30
2022-05-01,Mendocino,045,87422,13261,13219,3174,16393,123
2022-05-01,Merced,047,269075,62518,62357,8819,71176,818
2022-05-01,Modoc,049,8938,744,745,253,998,8
2022-05-01,Mono,051,14174,2993,2989,133,3122,6
2022-05-01,Monterey,053,433212,80335,79881,14383,94264,731
2022-05-01,Napa,055,140530,26525,26319,1057,27376,143
2022-05-01,Nevada,057,99092,16175,16100,1251,17351,127
2022-05-01,Orange,059,3164182,553962,551822,42771,594593,6998
2022-05-01,Placer,061,380077,63590,63273,7528,70801,625
2022-05-01,Plumas,063,18699,2995,2946,371,3317,13
2022-05-01,Riverside,065,2383286,596227,593965,28625,622590,6457
2022-05-01,Sacramento,067,1510023,284332,283048,27656,310704,3007
2022-05-01,San Benito,069,59416,13012,12988,532,13520,98
2022-05-01,San Bernardino,071,2135413,573288,568758,25460,594218,7191
2022-05-01,San Diego,073,3302833,762227,761253,53803,815056,5238
2022-05-01,San Francisco,075,870044,132066,130241,8867,139108,860
2022-05-01,San Joaquin,077,732212,167746,167028,10274,177302,2225
2022-05-01,San Luis Obispo,079,281455,53189,53040,3951,56991,477
2022-05-01,San Mateo,081,765935,127239,125807,7607,133414,705
2022-05-01,Santa Barbara,083,443738,87192,86768,4886,91654,688
2022-05-01,Santa Clara,085,1922200,322814,320709,13199,333908,2281
2022-05-01,Santa Cruz,087,273765,49701,48798,2240,51038,262
2022-05-01,Shasta,089,179085,30729,30649,6177,36826,554
2022-05-01,Sierra,091,2930,275,274,49,323,4
2022-05-01,Siskiyou,093,43540,4473,4458,2779,7237,81
2022-05-01,Solano,095,438530,82969,82459,5749,88208,449
2022-05-01,Sonoma,097,501317,86067,85290,2997,88287,488
2022-05-01,Stanislaus,099,539301,118220,117943,17889,135832,1643
2022-05-01,Sutter,101,95872,20618,20644,2159,22803,224
2022-05-01,Tehama,103,63373,12088,12078,2628,14706,202
2022-05-01,Trinity,105,12862,1186,1179,296,1475,20
2022-05-01,Tulare,107,460477,106839,106856,28748,135604,1458
2022-05-01,Tuolumne,109,53932,12806,12713,591,13304,181
2022-05-01,Ventura,111,848112,175337,174679,9826,184505,1486
2022-05-01,Yolo,113,214977,38036,37173,3306,40479,314
2022-05-01,Yuba,115,75493,15957,15917,1239,17156,121
2022-04-30,Alameda,001,1643700,265096,262027,14764,276791,1851
2022-04-30,Alpine,003,1148,125,124,1,125,0
2022-04-30,Amador,005,37829,8597,8533,672,9205,86
2022-04-30,Butte,007,227075,33289,33172,6871,40043,418
2022-04-30,Calaveras,009,45235,7348,7328,364,7692,120
2022-04-30,Colusa,011,21464,3457,3457,1074,4531,21
2022-04-30,Contra Costa,013,1133247,193591,192136,13867,206003,1301
2022-04-30,Del Norte,015,27424,5871,5841,204,6045,50
2022-04-30,El Dorado,017,186661,27078,26946,3301,30247,210
2022-04-30,Fresno,019,978130,232599,232067,24234,256301,2748
2022-04-30,Glenn,021,27897,4995,4995,1620,6615,48
2022-04-30,Humboldt,023,135768,17380,17194,3108,20302,145
2022-04-30,Imperial,025,180216,55631,55503,10867,66370,910
2022-04-30,Inyo,027,18085,4090,4084,513,4597,56
2022-04-30,Kern,029,883053,192624,192250,46587,238837,2265
2022-04-30,Kings,031,150075,51676,51640,3641,55281,447
2022-04-30,Lake,033,64148,10777,10742,910,11652,137
2022-04-30,Lassen,035,31185,8975,8966,890,9856,65
2022-04-30,Los Angeles,037,10098052,2750669,2736900,127085,2863985,31712
2022-04-30,Madera,039,155013,37440,37360,6162,43522,365
2022-04-30,Marin,041,260295,34805,34519,2894,37413,291
2022-04-30,Mariposa,043,17540,2440,2430,208,2638,30
2022-04-30,Mendocino,045,87422,13257,13219,3174,16393,123
2022-04-30,Merced,047,269075,62504,62357,8817,71174,818
2022-04-30,Modoc,049,8938,744,745,253,998,8
2022-04-30,Mono,051,14174,2992,2989,131,3120,6
2022-04-30,Monterey,053,433212,80268,79881,14360,94241,731
2022-04-30,Napa,055,140530,26501,26319,1056,27375,143
2022-04-30,Nevada,057,99092,16161,16100,1250,17350,127
2022-04-30,Orange,059,3164182,553694,551822,42731,594553,6998
2022-04-30,Placer,061,380077,63545,63273,7522,70795,625
2022-04-30,Plumas,063,18699,2992,2946,371,3317,13
2022-04-30,Riverside,065,2383286,595983,593965,28604,622569,6457
2022-04-30,Sacramento,067,1510023,284210,283048,27643,310691,3007
2022-04-30,San Benito,069,59416,13009,12988,532,13520,98
2022-04-30,San Bernardino,071,2135413,573115,568758,25448,594206,7191
2022-04-30,San Diego,073,3302833,761853,761253,53775,815028,5238
2022-04-30,San Francisco,075,870044,131781,130241,8844,139085,860
2022-04-30,San Joaquin,077,732212,167691,167028,10268,177296,2225
2022-04-30,San Luis Obispo,079,281455,53178,53040,3948,56988,477
2022-04-30,San Mateo,081,765935,127021,125807,7587,133394,705
2022-04-30,Santa Barbara,083,443738,87136,86768,4882,91650,688
2022-04-30,Santa Clara,085,1922200,322238,320709,13174,333883,2281
2022-04-30,Santa Cruz,087,273765,49654,48798,2240,51038,262
2022-04-30,Shasta,089,179085,30723,30649,6175,36824,554
2022-04-30,Sierra,091,2930,275,274,49,323,4
2022-04-30,Siskiyou,093,43540,4471,4458,2778,7236,81
2022-04-30,Solano,095,438530,82952,82459,5748,88207,449
2022-04-30,Sonoma,097,501317,85950,85290,2985,88275,488
2022-04-30,Stanislaus,099,539301,118188,117943,17882,135825,1643
2022-04-30,Sutter,101,95872,20613,20644,2159,22803,224
2022-04-30,Tehama,103,63373,12084,12078,2626,14704,202
2022-04-30,Trinity,105,12862,1186,1179,296,1475,20
2022-04-30,Tulare,107,460477,106821,106856,28734,135590,1458
2022-04-30,Tuolumne,109,53932,12798,12713,591,13304,181
2022-04-30,Ventura,111,848112,175253,174679,9794,184473,1486
2022-04-30,Yolo,113,214977,37989,37173,3306,40479,314
2022-04-30,Yuba,115,75493,15950,15917,1238,17155,121
2022-04-29,Alameda,001,1643700,264786,262027,14749,276776,1851
2022-04-29,Alpine,003,1148,124,124,1,125,0
2022-04-29,Amador,005,37829,8590,8533,670,9203,86
2022-04-29,Butte,007,227075,33285,33172,6865,40037,418
2022-04-29,Calaveras,009,45235,7346,7328,364,7692,120
2022-04-29,Colusa,011,21464,3456,3457,1074,4531,21
2022-04-29,Contra Costa,013,1133247,193396,192136,13847,205983,1301
2022-04-29,Del Norte,015,27424,5867,5841,204,6045,50
2022-04-29,El Dorado,017,186661,27066,26946,3299,30245,210
2022-04-29,Fresno,019,978130,232548,232067,24225,256292,2748
2022-04-29,Glenn,021,27897,4995,4995,1619,6614,48
2022-04-29,Humboldt,023,135768,17355,17194,3100,20294,145
2022-04-29,Imperial,025,180216,55615,55503,10866,66369,910
2022-04-29,Inyo,027,18085,4090,4084,511,4595,56
2022-04-29,Kern,029,883053,192597,192250,46575,238825,2265
2022-04-29,Kings,031,150075,51671,51640,3641,55281,447
2022-04-29,Lake,033,64148,10776,10742,910,11652,137
2022-04-29,Lassen,035,31185,8974,8966,890,9856,65
2022-04-29,Los Angeles,037,10098052,2749369,2736900,126935,2863835,31712
2022-04-29,Madera,039,155013,37430,37360,6162,43522,365
2022-04-29,Marin,041,260295,34739,34519,2874,37393,291
2022-04-29,Mariposa,043,17540,2438,2430,208,2638,30
2022-04-29,Mendocino,045,87422,13252,13219,3173,16392,123
2022-04-29,Merced,047,269075,62492,62357,8816,71173,818
2022-04-29,Modoc,049,8938,744,745,253,998,8
2022-04-29,Mono,051,14174,2992,2989,131,3120,6
2022-04-29,Monterey,053,433212,80234,79881,14345,94226,731
2022-04-29,Napa,055,140530,26473,26319,1054,27373,143
2022-04-29,Nevada,057,99092,16154,16100,1249,17349,127
2022-04-29,Orange,059,3164182,553429,551822,42684,594506,6998
2022-04-29,Placer,061,380077,63516,63273,7515,70788,625
2022-04-29,Plumas,063,18699,2991,2946,371,3317,13
2022-04-29,Riverside,065,2383286,595763,593965,28583,622548,6457
2022-04-29,Sacramento,067,1510023,284064,283048,27635,310683,3007
2022-04-29,San Benito,069,59416,13004,12988,532,13520,98
2022-04-29,San Bernardino,071,2135413,572958,568758,25438,594196,7191
2022-04-29,San Diego,073,3302833,761434,761253,53750,815003,5238
2022-04-29,San Francisco,075,870044,131560,130241,8822,139063,860
2022-04-29,San Joaquin,077,732212,167635,167028,10263,177291,2225
2022-04-29,San Luis Obispo,079,281455,53163,53040,3943,56983,477
2022-04-29,San Mateo,081,765935,126823,125807,7572,133379,705
2022-04-29,Santa Barbara,083,443738,87096,86768,4880,91648,688
2022-04-29,Santa Clara,085,1922200,321729,320709,13143,333852,2281
2022-04-29,Santa Cruz,087,273765,49598,48798,2236,51034,262
2022-04-29,Shasta,089,179085,30721,30649,6174,36823,554
2022-04-29,Sierra,091,2930,275,274,49,323,4
2022-04-29,Siskiyou,093,43540,4470,4458,2778,7236,81
2022-04-29,Solano,095,438530,82895,82459,5742,88201,449
2022-04-29,Sonoma,097,501317,85842,85290,2970,88260,488
2022-04-29,Stanislaus,099,539301,118165,117943,17877,135820,1643
2022-04-29,Sutter,101,95872,20606,20644,2158,22802,224
2022-04-29,Tehama,103,63373,12082,12078,2626,14704,202
2022-04-29,Trinity,105,12862,1186,1179,296,1475,20
2022-04-29,Tulare,107,460477,106803,106856,28717,135573,1458
2022-04-29,Tuolumne,109,53932,12791,12713,588,13301,181
2022-04-29,Ventura,111,848112,175177,174679,9770,184449,1486
2022-04-29,Yolo,113,214977,37956,37173,3303,40476,314
2022-04-29,Yuba,115,75493,15945,15917,1238,17155,121
2022-04-28,Alameda,001,1643700,264346,262027,14711,276738,1851
2022-04-28,Alpine,003,1148,124,124,1,125,0
2022-04-28,Amador,005,37829,8587,8533,670,9203,86
2022-04-28,Butte,007,227075,33276,33172,6860,40032,418
2022-04-28,Calaveras,009,45235,7342,7328,364,7692,120
2022-04-28,Colusa,011,21464,3455,3457,1074,4531,21
2022-04-28,Contra Costa,013,1133247,193140,192136,13805,205941,1301
2022-04-28,Del Norte,015,27424,5863,5841,204,6045,50
2022-04-28,El Dorado,017,186661,27044,26946,3295,30241,210
2022-04-28,Fresno,019,978130,232489,232067,24215,256282,2748
2022-04-28,Glenn,021,27897,4992,4995,1619,6614,48
2022-04-28,Humboldt,023,135768,17321,17194,3084,20278,145
2022-04-28,Imperial,025,180216,55603,55503,10861,66364,910
2022-04-28,Inyo,027,18085,4090,4084,511,4595,56
2022-04-28,Kern,029,883053,192558,192250,46558,238808,2265
2022-04-28,Kings,031,150075,51665,51640,3641,55281,447
2022-04-28,Lake,033,64148,10772,10742,910,11652,137
2022-04-28,Lassen,035,31185,8974,8966,890,9856,65
2022-04-28,Los Angeles,037,10098052,2747302,2736900,126751,2863651,31712
2022-04-28,Madera,039,155013,37424,37360,6157,43517,365
2022-04-28,Marin,041,260295,34689,34519,2858,37377,291
2022-04-28,Mariposa,043,17540,2438,2430,208,2638,30
2022-04-28,Mendocino,045,87422,13241,13219,3156,16375,123
2022-04-28,Merced,047,269075,62474,62357,8808,71165,818
2022-04-28,Modoc,049,8938,744,745,253,998,8
2022-04-28,Mono,051,14174,2990,2989,131,3120,6
2022-04-28,Monterey,053,433212,80195,79881,14319,94200,731
2022-04-28,Napa,055,140530,26443,26319,1051,27370,143
2022-04-28,Nevada,057,99092,16146,16100,1246,17346,127
2022-04-28,Orange,059,3164182,553068,551822,42621,594443,6998
2022-04-28,Placer,061,380077,63468,63273,7507,70780,625
2022-04-28,Plumas,063,18699,2990,2946,371,3317,13
2022-04-28,Riverside,065,2383286,595480,593965,28557,622522,6457
2022-04-28,Sacramento,067,1510023,283883,283048,27594,310642,3007
2022-04-28,San Benito,069,59416,12995,12988,530,13518,98
2022-04-28,San Bernardino,071,2135413,572758,568758,25430,594188,7191
2022-04-28,San Diego,073,3302833,760892,761253,53687,814940,5238
2022-04-28,San Francisco,075,870044,131260,130241,8788,139029,860
2022-04-28,San Joaquin,077,732212,167565,167028,10248,177276,2225
2022-04-28,San Luis Obispo,079,281455,53135,53040,3925,56965,477
2022-04-28,San Mateo,081,765935,126578,125807,7543,133350,705
2022-04-28,Santa Barbara,083,443738,87043,86768,4877,91645,688
2022-04-28,Santa Clara,085,1922200,321187,320709,13106,333815,2281
2022-04-28,Santa Cruz,087,273765,49503,48798,2230,51028,262
2022-04-28,Shasta,089,179085,30713,30649,6174,36823,554
2022-04-28,Sierra,091,2930,275,274,49,323,4
2022-04-28,Siskiyou,093,43540,4467,4458,2778,7236,81
2022-04-28,Solano,095,438530,82811,82459,5736,88195,449
2022-04-28,Sonoma,097,501317,85727,85290,2957,88247,488
2022-04-28,Stanislaus,099,539301,118126,117943,17869,135812,1643
2022-04-28,Sutter,101,95872,20596,20644,2155,22799,224
2022-04-28,Tehama,103,63373,12081,12078,2625,14703,202
2022-04-28,Trinity,105,12862,1186,1179,296,1475,20
2022-04-28,Tulare,107,460477,106781,106856,28704,135560,1458
2022-04-28,Tuolumne,109,53932,12779,12713,587,13300,181
2022-04-28,Ventura,111,848112,175088,174679,9730,184409,1486
2022-04-28,Yolo,113,214977,37918,37173,3298,40471,314
2022-04-28,Yuba,115,75493,15936,15917,1235,17152,121
2022-04-27,Alameda,001,1643700,263863,260871,14666,275537,1843
2022-04-27,Alpine,003,1148,124,124,1,125,0
2022-04-27,Amador,005,37829,8586,8518,670,9188,86
2022-04-27,Butte,007,227075,33264,33118,6854,39972,411
2022-04-27,Calaveras,009,45235,7339,7307,364,7671,119
2022-04-27,Colusa,011,21464,3454,3457,1074,4531,21
2022-04-27,Contra Costa,013,1133247,192876,191412,13772,205184,1300
2022-04-27,Del Norte,015,27424,5858,5833,204,6037,50
2022-04-27,El Dorado,017,186661,27034,26898,3290,30188,209
2022-04-27,Fresno,019,978130,232424,231951,24200,256151,2744
2022-04-27,Glenn,021,27897,4992,4993,1619,6612,48
2022-04-27,Humboldt,023,135768,17291,17138,3073,20211,145
2022-04-27,Imperial,025,180216,55585,55480,10856,66336,910
2022-04-27,Inyo,027,18085,4089,4080,510,4590,56
2022-04-27,Kern,029,883053,192522,192157,46537,238694,2271
2022-04-27,Kings,031,150075,51660,51617,3640,55257,444
2022-04-27,Lake,033,64148,10768,10732,910,11642,135
2022-04-27,Lassen,035,31185,8973,8965,890,9855,65
2022-04-27,Los Angeles,037,10098052,2744974,2731988,126565,2858553,31691
2022-04-27,Madera,039,155013,37415,37339,6156,43495,354
2022-04-27,Marin,041,260295,34628,34354,2844,37198,288
2022-04-27,Mariposa,043,17540,2436,2427,208,2635,30
2022-04-27,Mendocino,045,87422,13234,13188,3147,16335,123
2022-04-27,Merced,047,269075,62460,62315,8804,71119,815
2022-04-27,Modoc,049,8938,744,745,253,998,8
2022-04-27,Mono,051,14174,2990,2989,131,3120,6
2022-04-27,Monterey,053,433212,80152,79695,14277,93972,729
2022-04-27,Napa,055,140530,26414,26210,1046,27256,143
2022-04-27,Nevada,057,99092,16130,16080,1243,17323,127
2022-04-27,Orange,059,3164182,552694,550859,42561,593420,6991
2022-04-27,Placer,061,380077,63426,63154,7490,70644,623
2022-04-27,Plumas,063,18699,2989,2934,371,3305,13
2022-04-27,Riverside,065,2383286,595215,593397,28536,621933,6453
2022-04-27,Sacramento,067,1510023,283682,281802,27559,309361,3001
2022-04-27,San Benito,069,59416,12982,12989,528,13517,98
2022-04-27,San Bernardino,071,2135413,572560,568018,25420,593438,7105
2022-04-27,San Diego,073,3302833,760320,759873,53625,813498,5236
2022-04-27,San Francisco,075,870044,130909,129284,8763,138047,857
2022-04-27,San Joaquin,077,732212,167492,166848,10231,177079,2225
2022-04-27,San Luis Obispo,079,281455,53090,52911,3913,56824,476
2022-04-27,San Mateo,081,765935,126347,125018,7485,132503,702
2022-04-27,Santa Barbara,083,443738,86979,86557,4870,91427,685
2022-04-27,Santa Clara,085,1922200,320620,319077,13058,332135,2282
2022-04-27,Santa Cruz,087,273765,49421,48500,2222,50722,262
2022-04-27,Shasta,089,179085,30701,30633,6170,36803,554
2022-04-27,Sierra,091,2930,274,276,49,325,4
2022-04-27,Siskiyou,093,43540,4467,4455,2774,7229,81
2022-04-27,Solano,095,438530,82699,82220,5725,87945,448
2022-04-27,Sonoma,097,501317,85617,84983,2935,87918,487
2022-04-27,Stanislaus,099,539301,118082,117841,17857,135698,1643
2022-04-27,Sutter,101,95872,20592,20627,2151,22778,224
2022-04-27,Tehama,103,63373,12081,12073,2625,14698,201
2022-04-27,Trinity,105,12862,1186,1179,296,1475,20
2022-04-27,Tulare,107,460477,106763,106580,28694,135274,1453
2022-04-27,Tuolumne,109,53932,12762,12684,586,13270,181
2022-04-27,Ventura,111,848112,174985,174425,9714,184139,1480
2022-04-27,Yolo,113,214977,37869,37096,3292,40388,314
2022-04-27,Yuba,115,75493,15932,15902,1230,17132,121
2022-04-26,Alameda,001,1643700,263351,260871,14624,275495,1843
2022-04-26,Alpine,003,1148,124,124,1,125,0
2022-04-26,Amador,005,37829,8583,8518,669,9187,86
2022-04-26,Butte,007,227075,33248,33118,6848,39966,411
2022-04-26,Calaveras,009,45235,7335,7307,363,7670,119
2022-04-26,Colusa,011,21464,3454,3457,1074,4531,21
2022-04-26,Contra Costa,013,1133247,192616,191412,13734,205146,1300
2022-04-26,Del Norte,015,27424,5851,5833,204,6037,50
2022-04-26,El Dorado,017,186661,27013,26898,3286,30184,209
2022-04-26,Fresno,019,978130,232345,231951,24190,256141,2744
2022-04-26,Glenn,021,27897,4992,4993,1618,6611,48
2022-04-26,Humboldt,023,135768,17260,17138,3066,20204,145
2022-04-26,Imperial,025,180216,55565,55480,10849,66329,910
2022-04-26,Inyo,027,18085,4089,4080,510,4590,56
2022-04-26,Kern,029,883053,192474,192157,46512,238669,2271
2022-04-26,Kings,031,150075,51654,51617,3640,55257,444
2022-04-26,Lake,033,64148,10761,10732,910,11642,135
2022-04-26,Lassen,035,31185,8968,8965,890,9855,65
2022-04-26,Los Angeles,037,10098052,2742585,2731988,126381,2858369,31691
2022-04-26,Madera,039,155013,37407,37339,6148,43487,354
2022-04-26,Marin,041,260295,34575,34354,2825,37179,288
2022-04-26,Mariposa,043,17540,2436,2427,208,2635,30
2022-04-26,Mendocino,045,87422,13230,13188,3141,16329,123
2022-04-26,Merced,047,269075,62437,62315,8786,71101,815
2022-04-26,Modoc,049,8938,744,745,253,998,8
2022-04-26,Mono,051,14174,2990,2989,130,3119,6
2022-04-26,Monterey,053,433212,80098,79695,14235,93930,729
2022-04-26,Napa,055,140530,26384,26210,1041,27251,143
2022-04-26,Nevada,057,99092,16121,16080,1243,17323,127
2022-04-26,Orange,059,3164182,552285,550859,42501,593360,6991
2022-04-26,Placer,061,380077,63396,63154,7488,70642,623
2022-04-26,Plumas,063,18699,2989,2934,371,3305,13
2022-04-26,Riverside,065,2383286,594908,593397,28508,621905,6453
2022-04-26,Sacramento,067,1510023,283448,281802,27536,309338,3001
2022-04-26,San Benito,069,59416,12978,12989,527,13516,98
2022-04-26,San Bernardino,071,2135413,572350,568018,25402,593420,7105
2022-04-26,San Diego,073,3302833,759662,759873,53523,813396,5236
2022-04-26,San Francisco,075,870044,130510,129284,8741,138025,857
2022-04-26,San Joaquin,077,732212,167430,166848,10218,177066,2225
2022-04-26,San Luis Obispo,079,281455,53060,52911,3901,56812,476
2022-04-26,San Mateo,081,765935,126077,125018,7448,132466,702
2022-04-26,Santa Barbara,083,443738,86918,86557,4864,91421,685
2022-04-26,Santa Clara,085,1922200,320059,319077,13008,332085,2282
2022-04-26,Santa Cruz,087,273765,49321,48500,2219,50719,262
2022-04-26,Shasta,089,179085,30689,30633,6170,36803,554
2022-04-26,Sierra,091,2930,274,276,49,325,4
2022-04-26,Siskiyou,093,43540,4465,4455,2772,7227,81
2022-04-26,Solano,095,438530,82600,82220,5716,87936,448
2022-04-26,Sonoma,097,501317,85511,84983,2916,87899,487
2022-04-26,Stanislaus,099,539301,118046,117841,17845,135686,1643
2022-04-26,Sutter,101,95872,20582,20627,2151,22778,224
2022-04-26,Tehama,103,63373,12072,12073,2625,14698,201
2022-04-26,Trinity,105,12862,1186,1179,296,1475,20
2022-04-26,Tulare,107,460477,106735,106580,28679,135259,1453
2022-04-26,Tuolumne,109,53932,12743,12684,584,13268,181
2022-04-26,Ventura,111,848112,174874,174425,9687,184112,1480
2022-04-26,Yolo,113,214977,37811,37096,3286,40382,314
2022-04-26,Yuba,115,75493,15930,15902,1230,17132,121
2022-04-25,Alameda,001,1643700,262844,260871,14579,275450,1843
2022-04-25,Alpine,003,1148,124,124,1,125,0
2022-04-25,Amador,005,37829,8580,8518,669,9187,86
2022-04-25,Butte,007,227075,33233,33118,6839,39957,411
2022-04-25,Calaveras,009,45235,7332,7307,363,7670,119
2022-04-25,Colusa,011,21464,3454,3457,1074,4531,21
2022-04-25,Contra Costa,013,1133247,192349,191412,13695,205107,1300
2022-04-25,Del Norte,015,27424,5845,5833,202,6035,50
2022-04-25,El Dorado,017,186661,26992,26898,3284,30182,209
2022-04-25,Fresno,019,978130,232255,231951,24175,256126,2744
2022-04-25,Glenn,021,27897,4991,4993,1618,6611,48
2022-04-25,Humboldt,023,135768,17218,17138,3058,20196,145
2022-04-25,Imperial,025,180216,55545,55480,10844,66324,910
2022-04-25,Inyo,027,18085,4089,4080,510,4590,56
2022-04-25,Kern,029,883053,192430,192157,46492,238649,2271
2022-04-25,Kings,031,150075,51645,51617,3639,55256,444
2022-04-25,Lake,033,64148,10758,10732,909,11641,135
2022-04-25,Lassen,035,31185,8967,8965,890,9855,65
2022-04-25,Los Angeles,037,10098052,2740199,2731988,126216,2858204,31691
2022-04-25,Madera,039,155013,37394,37339,6144,43483,354
2022-04-25,Marin,041,260295,34510,34354,2801,37155,288
2022-04-25,Mariposa,043,17540,2436,2427,207,2634,30
2022-04-25,Mendocino,045,87422,13220,13188,3123,16311,123
2022-04-25,Merced,047,269075,62424,62315,8783,71098,815
2022-04-25,Modoc,049,8938,744,745,253,998,8
2022-04-25,Mono,051,14174,2989,2989,130,3119,6
2022-04-25,Monterey,053,433212,80060,79695,14207,93902,729
2022-04-25,Napa,055,140530,26344,26210,1039,27249,143
2022-04-25,Nevada,057,99092,16115,16080,1241,17321,127
2022-04-25,Orange,059,3164182,551877,550859,42438,593297,6991
2022-04-25,Placer,061,380077,63360,63154,7483,70637,623
2022-04-25,Plumas,063,18699,2987,2934,371,3305,13
2022-04-25,Riverside,065,2383286,594643,593397,28489,621886,6453
2022-04-25,Sacramento,067,1510023,283283,281802,27500,309302,3001
2022-04-25,San Benito,069,59416,12971,12989,526,13515,98
2022-04-25,San Bernardino,071,2135413,572124,568018,25385,593403,7105
2022-04-25,San Diego,073,3302833,758983,759873,53451,813324,5236
2022-04-25,San Francisco,075,870044,130151,129284,8723,138007,857
2022-04-25,San Joaquin,077,732212,167346,166848,10201,177049,2225
2022-04-25,San Luis Obispo,079,281455,53011,52911,3893,56804,476
2022-04-25,San Mateo,081,765935,125805,125018,7427,132445,702
2022-04-25,Santa Barbara,083,443738,86857,86557,4858,91415,685
2022-04-25,Santa Clara,085,1922200,319414,319077,12962,332039,2282
2022-04-25,Santa Cruz,087,273765,49181,48500,2210,50710,262
2022-04-25,Shasta,089,179085,30677,30633,6167,36800,554
2022-04-25,Sierra,091,2930,274,276,49,325,4
2022-04-25,Siskiyou,093,43540,4465,4455,2771,7226,81
2022-04-25,Solano,095,438530,82482,82220,5705,87925,448
2022-04-25,Sonoma,097,501317,85388,84983,2896,87879,487
2022-04-25,Stanislaus,099,539301,117999,117841,17838,135679,1643
2022-04-25,Sutter,101,95872,20579,20627,2151,22778,224
2022-04-25,Tehama,103,63373,12072,12073,2625,14698,201
2022-04-25,Trinity,105,12862,1185,1179,296,1475,20
2022-04-25,Tulare,107,460477,106710,106580,28666,135246,1453
2022-04-25,Tuolumne,109,53932,12734,12684,584,13268,181
2022-04-25,Ventura,111,848112,174764,174425,9664,184089,1480
2022-04-25,Yolo,113,214977,37747,37096,3281,40377,314
2022-04-25,Yuba,115,75493,15920,15902,1229,17131,121
2022-04-24,Alameda,001,1643700,262261,259619,14531,274150,1837
2022-04-24,Alpine,003,1148,124,124,1,125,0
2022-04-24,Amador,005,37829,8571,8509,668,9177,86
2022-04-24,Butte,007,227075,33211,33105,6831,39936,411
2022-04-24,Calaveras,009,45235,7323,7296,361,7657,119
2022-04-24,Colusa,011,21464,3453,3453,1074,4527,21
2022-04-24,Contra Costa,013,1133247,192043,190611,13660,204271,1298
2022-04-24,Del Norte,015,27424,5836,5827,200,6027,50
2022-04-24,El Dorado,017,186661,26974,26837,3282,30119,209
2022-04-24,Fresno,019,978130,232174,231751,24160,255911,2744
2022-04-24,Glenn,021,27897,4991,4989,1616,6605,48
2022-04-24,Humboldt,023,135768,17193,17033,3043,20076,145
2022-04-24,Imperial,025,180216,55533,55434,10835,66269,910
2022-04-24,Inyo,027,18085,4085,4079,509,4588,56
2022-04-24,Kern,029,883053,192378,192012,46477,238489,2267
2022-04-24,Kings,031,150075,51636,51588,3639,55227,444
2022-04-24,Lake,033,64148,10750,10720,906,11626,134
2022-04-24,Lassen,035,31185,8966,8966,890,9856,65
2022-04-24,Los Angeles,037,10098052,2737851,2725630,126069,2851699,31667
2022-04-24,Madera,039,155013,37379,37333,6137,43470,354
2022-04-24,Marin,041,260295,34456,34150,2767,36917,288
2022-04-24,Mariposa,043,17540,2433,2422,207,2629,30
2022-04-24,Mendocino,045,87422,13215,13158,3111,16269,122
2022-04-24,Merced,047,269075,62401,62286,8773,71059,815
2022-04-24,Modoc,049,8938,744,745,253,998,8
2022-04-24,Mono,051,14174,2988,2986,130,3116,6
2022-04-24,Monterey,053,433212,80007,79560,14174,93734,729
2022-04-24,Napa,055,140530,26308,26093,1038,27131,143
2022-04-24,Nevada,057,99092,16099,16052,1239,17291,127
2022-04-24,Orange,059,3164182,551454,549765,42373,592138,6989
2022-04-24,Placer,061,380077,63306,63037,7475,70512,622
2022-04-24,Plumas,063,18699,2985,2934,371,3305,13
2022-04-24,Riverside,065,2383286,594367,592683,28447,621130,6450
2022-04-24,Sacramento,067,1510023,283076,280551,27463,308014,2993
2022-04-24,San Benito,069,59416,12966,12966,526,13492,98
2022-04-24,San Bernardino,071,2135413,571891,566806,25360,592166,7047
2022-04-24,San Diego,073,3302833,758353,758311,53390,811701,5233
2022-04-24,San Francisco,075,870044,129705,128323,8698,137021,857
2022-04-24,San Joaquin,077,732212,167258,166626,10158,176784,2224
2022-04-24,San Luis Obispo,079,281455,52935,52826,3882,56708,476
2022-04-24,San Mateo,081,765935,125497,124106,7393,131499,703
2022-04-24,Santa Barbara,083,443738,86788,86376,4856,91232,685
2022-04-24,Santa Clara,085,1922200,318729,317487,12907,330394,2277
2022-04-24,Santa Cruz,087,273765,49069,48255,2204,50459,261
2022-04-24,Shasta,089,179085,30665,30607,6165,36772,557
2022-04-24,Sierra,091,2930,274,276,49,325,4
2022-04-24,Siskiyou,093,43540,4463,4453,2769,7222,81
2022-04-24,Solano,095,438530,82375,81982,5696,87678,448
2022-04-24,Sonoma,097,501317,85253,84581,2874,87455,486
2022-04-24,Stanislaus,099,539301,117948,117737,17832,135569,1632
2022-04-24,Sutter,101,95872,20570,20605,2148,22753,224
2022-04-24,Tehama,103,63373,12068,12064,2625,14689,201
2022-04-24,Trinity,105,12862,1185,1177,296,1473,20
2022-04-24,Tulare,107,460477,106683,106354,28655,135009,1446
2022-04-24,Tuolumne,109,53932,12721,12664,583,13247,181
2022-04-24,Ventura,111,848112,174652,174091,9643,183734,1479
2022-04-24,Yolo,113,214977,37707,36990,3278,40268,314
2022-04-24,Yuba,115,75493,15916,15888,1228,17116,121
2022-04-23,Alameda,001,1643700,262017,259619,14518,274137,1837
2022-04-23,Alpine,003,1148,124,124,1,125,0
2022-04-23,Amador,005,37829,8565,8509,668,9177,86
2022-04-23,Butte,007,227075,33202,33105,6828,39933,411
2022-04-23,Calaveras,009,45235,7315,7296,361,7657,119
2022-04-23,Colusa,011,21464,3453,3453,1074,4527,21
2022-04-23,Contra Costa,013,1133247,191887,190611,13641,204252,1298
2022-04-23,Del Norte,015,27424,5834,5827,199,6026,50
2022-04-23,El Dorado,017,186661,26964,26837,3281,30118,209
2022-04-23,Fresno,019,978130,232141,231751,24154,255905,2744
2022-04-23,Glenn,021,27897,4991,4989,1616,6605,48
2022-04-23,Humboldt,023,135768,17177,17033,3040,20073,145
2022-04-23,Imperial,025,180216,55523,55434,10833,66267,910
2022-04-23,Inyo,027,18085,4085,4079,508,4587,56
2022-04-23,Kern,029,883053,192350,192012,46462,238474,2267
2022-04-23,Kings,031,150075,51631,51588,3638,55226,444
2022-04-23,Lake,033,64148,10749,10720,906,11626,134
2022-04-23,Lassen,035,31185,8966,8966,890,9856,65
2022-04-23,Los Angeles,037,10098052,2736912,2725630,125972,2851602,31667
2022-04-23,Madera,039,155013,37372,37333,6136,43469,354
2022-04-23,Marin,041,260295,34421,34150,2721,36871,288
2022-04-23,Mariposa,043,17540,2433,2422,207,2629,30
2022-04-23,Mendocino,045,87422,13208,13158,3111,16269,122
2022-04-23,Merced,047,269075,62391,62286,8773,71059,815
2022-04-23,Modoc,049,8938,744,745,253,998,8
2022-04-23,Mono,051,14174,2988,2986,130,3116,6
2022-04-23,Monterey,053,433212,79938,79560,14159,93719,729
2022-04-23,Napa,055,140530,26287,26093,1036,27129,143
2022-04-23,Nevada,057,99092,16093,16052,1237,17289,127
2022-04-23,Orange,059,3164182,551238,549765,42322,592087,6989
2022-04-23,Placer,061,380077,63276,63037,7475,70512,622
2022-04-23,Plumas,063,18699,2985,2934,371,3305,13
2022-04-23,Riverside,065,2383286,594229,592683,28436,621119,6450
2022-04-23,Sacramento,067,1510023,282978,280551,27460,308011,2993
2022-04-23,San Benito,069,59416,12965,12966,526,13492,98
2022-04-23,San Bernardino,071,2135413,571774,566806,25355,592161,7047
2022-04-23,San Diego,073,3302833,758091,758311,53372,811683,5233
2022-04-23,San Francisco,075,870044,129502,128323,8673,136996,857
2022-04-23,San Joaquin,077,732212,167217,166626,10150,176776,2224
2022-04-23,San Luis Obispo,079,281455,52920,52826,3878,56704,476
2022-04-23,San Mateo,081,765935,125339,124106,7383,131489,703
2022-04-23,Santa Barbara,083,443738,86752,86376,4855,91231,685
2022-04-23,Santa Clara,085,1922200,318352,317487,12880,330367,2277
2022-04-23,Santa Cruz,087,273765,49019,48255,2202,50457,261
2022-04-23,Shasta,089,179085,30662,30607,6165,36772,557
2022-04-23,Sierra,091,2930,274,276,49,325,4
2022-04-23,Siskiyou,093,43540,4461,4453,2768,7221,81
2022-04-23,Solano,095,438530,82348,81982,5693,87675,448
2022-04-23,Sonoma,097,501317,85185,84581,2864,87445,486
2022-04-23,Stanislaus,099,539301,117912,117737,17829,135566,1632
2022-04-23,Sutter,101,95872,20564,20605,2148,22753,224
2022-04-23,Tehama,103,63373,12067,12064,2625,14689,201
2022-04-23,Trinity,105,12862,1185,1177,296,1473,20
2022-04-23,Tulare,107,460477,106675,106354,28645,134999,1446
2022-04-23,Tuolumne,109,53932,12716,12664,583,13247,181
2022-04-23,Ventura,111,848112,174590,174091,9635,183726,1479
2022-04-23,Yolo,113,214977,37679,36990,3274,40264,314
2022-04-23,Yuba,115,75493,15914,15888,1228,17116,121
2022-04-22,Alameda,001,1643700,261779,259619,14499,274118,1837
2022-04-22,Alpine,003,1148,124,124,1,125,0
2022-04-22,Amador,005,37829,8564,8509,666,9175,86
2022-04-22,Butte,007,227075,33195,33105,6826,39931,411
2022-04-22,Calaveras,009,45235,7314,7296,361,7657,119
2022-04-22,Colusa,011,21464,3453,3453,1074,4527,21
2022-04-22,Contra Costa,013,1133247,191751,190611,13622,204233,1298
2022-04-22,Del Norte,015,27424,5834,5827,199,6026,50
2022-04-22,El Dorado,017,186661,26951,26837,3276,30113,209
2022-04-22,Fresno,019,978130,232111,231751,24149,255900,2744
2022-04-22,Glenn,021,27897,4990,4989,1616,6605,48
2022-04-22,Humboldt,023,135768,17161,17033,3033,20066,145
2022-04-22,Imperial,025,180216,55517,55434,10833,66267,910
2022-04-22,Inyo,027,18085,4085,4079,507,4586,56
2022-04-22,Kern,029,883053,192330,192012,46458,238470,2267
2022-04-22,Kings,031,150075,51627,51588,3637,55225,444
2022-04-22,Lake,033,64148,10748,10720,906,11626,134
2022-04-22,Lassen,035,31185,8966,8966,890,9856,65
2022-04-22,Los Angeles,037,10098052,2735817,2725630,125913,2851543,31667
2022-04-22,Madera,039,155013,37367,37333,6135,43468,354
2022-04-22,Marin,041,260295,34384,34150,2710,36860,288
2022-04-22,Mariposa,043,17540,2432,2422,207,2629,30
2022-04-22,Mendocino,045,87422,13203,13158,3106,16264,122
2022-04-22,Merced,047,269075,62384,62286,8761,71047,815
2022-04-22,Modoc,049,8938,744,745,253,998,8
2022-04-22,Mono,051,14174,2988,2986,129,3115,6
2022-04-22,Monterey,053,433212,79903,79560,14145,93705,729
2022-04-22,Napa,055,140530,26270,26093,1034,27127,143
2022-04-22,Nevada,057,99092,16093,16052,1237,17289,127
2022-04-22,Orange,059,3164182,551052,549765,42271,592036,6989
2022-04-22,Placer,061,380077,63253,63037,7472,70509,622
2022-04-22,Plumas,063,18699,2985,2934,371,3305,13
2022-04-22,Riverside,065,2383286,594086,592683,28420,621103,6450
2022-04-22,Sacramento,067,1510023,282890,280551,27447,307998,2993
2022-04-22,San Benito,069,59416,12960,12966,526,13492,98
2022-04-22,San Bernardino,071,2135413,571661,566806,25346,592152,7047
2022-04-22,San Diego,073,3302833,757771,758311,53344,811655,5233
2022-04-22,San Francisco,075,870044,129339,128323,8646,136969,857
2022-04-22,San Joaquin,077,732212,167187,166626,10149,176775,2224
2022-04-22,San Luis Obispo,079,281455,52914,52826,3877,56703,476
2022-04-22,San Mateo,081,765935,125177,124106,7369,131475,703
2022-04-22,Santa Barbara,083,443738,86705,86376,4854,91230,685
2022-04-22,Santa Clara,085,1922200,318003,317487,12863,330350,2277
2022-04-22,Santa Cruz,087,273765,48981,48255,2201,50456,261
2022-04-22,Shasta,089,179085,30657,30607,6164,36771,557
2022-04-22,Sierra,091,2930,274,276,48,324,4
2022-04-22,Siskiyou,093,43540,4461,4453,2768,7221,81
2022-04-22,Solano,095,438530,82291,81982,5691,87673,448
2022-04-22,Sonoma,097,501317,85121,84581,2860,87441,486
2022-04-22,Stanislaus,099,539301,117890,117737,17824,135561,1632
2022-04-22,Sutter,101,95872,20558,20605,2148,22753,224
2022-04-22,Tehama,103,63373,12062,12064,2624,14688,201
2022-04-22,Trinity,105,12862,1185,1177,295,1472,20
2022-04-22,Tulare,107,460477,106665,106354,28636,134990,1446
2022-04-22,Tuolumne,109,53932,12709,12664,581,13245,181
2022-04-22,Ventura,111,848112,174514,174091,9624,183715,1479
2022-04-22,Yolo,113,214977,37658,36990,3271,40261,314
2022-04-22,Yuba,115,75493,15911,15888,1227,17115,121
2022-04-21,Alameda,001,1643700,261421,259619,14457,274076,1837
2022-04-21,Alpine,003,1148,124,124,1,125,0
2022-04-21,Amador,005,37829,8561,8509,666,9175,86
2022-04-21,Butte,007,227075,33187,33105,6819,39924,411
2022-04-21,Calaveras,009,45235,7311,7296,361,7657,119
2022-04-21,Colusa,011,21464,3452,3453,1074,4527,21
2022-04-21,Contra Costa,013,1133247,191555,190611,13595,204206,1298
2022-04-21,Del Norte,015,27424,5833,5827,199,6026,50
2022-04-21,El Dorado,017,186661,26935,26837,3275,30112,209
2022-04-21,Fresno,019,978130,232069,231751,24141,255892,2744
2022-04-21,Glenn,021,27897,4990,4989,1615,6604,48
2022-04-21,Humboldt,023,135768,17138,17033,3024,20057,145
2022-04-21,Imperial,025,180216,55508,55434,10833,66267,910
2022-04-21,Inyo,027,18085,4085,4079,507,4586,56
2022-04-21,Kern,029,883053,192297,192012,46443,238455,2267
2022-04-21,Kings,031,150075,51619,51588,3637,55225,444
2022-04-21,Lake,033,64148,10745,10720,905,11625,134
2022-04-21,Lassen,035,31185,8966,8966,890,9856,65
2022-04-21,Los Angeles,037,10098052,2734173,2725630,125798,2851428,31667
2022-04-21,Madera,039,155013,37364,37333,6134,43467,354
2022-04-21,Marin,041,260295,34336,34150,2700,36850,288
2022-04-21,Mariposa,043,17540,2431,2422,207,2629,30
2022-04-21,Mendocino,045,87422,13196,13158,3102,16260,122
2022-04-21,Merced,047,269075,62366,62286,8758,71044,815
2022-04-21,Modoc,049,8938,744,745,253,998,8
2022-04-21,Mono,051,14174,2987,2986,128,3114,6
2022-04-21,Monterey,053,433212,79876,79560,14130,93690,729
2022-04-21,Napa,055,140530,26239,26093,1033,27126,143
2022-04-21,Nevada,057,99092,16089,16052,1237,17289,127
2022-04-21,Orange,059,3164182,550795,549765,42230,591995,6989
2022-04-21,Placer,061,380077,63215,63037,7466,70503,622
2022-04-21,Plumas,063,18699,2985,2934,371,3305,13
2022-04-21,Riverside,065,2383286,593926,592683,28401,621084,6450
2022-04-21,Sacramento,067,1510023,282742,280551,27423,307974,2993
2022-04-21,San Benito,069,59416,12954,12966,526,13492,98
2022-04-21,San Bernardino,071,2135413,571471,566806,25332,592138,7047
2022-04-21,San Diego,073,3302833,757346,758311,53300,811611,5233
2022-04-21,San Francisco,075,870044,129116,128323,8618,136941,857
2022-04-21,San Joaquin,077,732212,167134,166626,10143,176769,2224
2022-04-21,San Luis Obispo,079,281455,52894,52826,3870,56696,476
2022-04-21,San Mateo,081,765935,124976,124106,7348,131454,703
2022-04-21,Santa Barbara,083,443738,86646,86376,4850,91226,685
2022-04-21,Santa Clara,085,1922200,317552,317487,12841,330328,2277
2022-04-21,Santa Cruz,087,273765,48936,48255,2198,50453,261
2022-04-21,Shasta,089,179085,30649,30607,6164,36771,557
2022-04-21,Sierra,091,2930,274,276,48,324,4
2022-04-21,Siskiyou,093,43540,4461,4453,2768,7221,81
2022-04-21,Solano,095,438530,82229,81982,5684,87666,448
2022-04-21,Sonoma,097,501317,85007,84581,2840,87421,486
2022-04-21,Stanislaus,099,539301,117852,117737,17816,135553,1632
2022-04-21,Sutter,101,95872,20549,20605,2146,22751,224
2022-04-21,Tehama,103,63373,12062,12064,2624,14688,201
2022-04-21,Trinity,105,12862,1185,1177,295,1472,20
2022-04-21,Tulare,107,460477,106658,106354,28632,134986,1446
2022-04-21,Tuolumne,109,53932,12704,12664,580,13244,181
2022-04-21,Ventura,111,848112,174431,174091,9618,183709,1479
2022-04-21,Yolo,113,214977,37629,36990,3271,40261,314
2022-04-21,Yuba,115,75493,15909,15888,1227,17115,121
2022-04-20,Alameda,001,1643700,261057,258734,14427,273161,1832
2022-04-20,Alpine,003,1148,124,124,1,125,0
2022-04-20,Amador,005,37829,8559,8494,666,9160,86
2022-04-20,Butte,007,227075,33178,33083,6812,39895,408
2022-04-20,Calaveras,009,45235,7305,7288,360,7648,119
2022-04-20,Colusa,011,21464,3452,3453,1074,4527,21
2022-04-20,Contra Costa,013,1133247,191321,190042,13570,203612,1299
2022-04-20,Del Norte,015,27424,5828,5814,199,6013,50
2022-04-20,El Dorado,017,186661,26920,26821,3270,30091,209
2022-04-20,Fresno,019,978130,232019,231568,24139,255707,2740
2022-04-20,Glenn,021,27897,4989,4988,1612,6600,48
2022-04-20,Humboldt,023,135768,17116,16976,3019,19995,145
2022-04-20,Imperial,025,180216,55500,55405,10830,66235,910
2022-04-20,Inyo,027,18085,4085,4075,506,4581,56
2022-04-20,Kern,029,883053,192262,191915,46426,238341,2262
2022-04-20,Kings,031,150075,51610,51571,3635,55206,445
2022-04-20,Lake,033,64148,10745,10711,905,11616,134
2022-04-20,Lassen,035,31185,8966,8951,890,9841,65
2022-04-20,Los Angeles,037,10098052,2732433,2721699,125678,2847377,31630
2022-04-20,Madera,039,155013,37361,37333,6131,43464,354
2022-04-20,Marin,041,260295,34295,33985,2676,36661,288
2022-04-20,Mariposa,043,17540,2429,2412,207,2619,30
2022-04-20,Mendocino,045,87422,13190,13128,3090,16218,122
2022-04-20,Merced,047,269075,62356,62322,8743,71065,813
2022-04-20,Modoc,049,8938,744,744,253,997,8
2022-04-20,Mono,051,14174,2986,2984,128,3112,6
2022-04-20,Monterey,053,433212,79831,79419,14108,93527,727
2022-04-20,Napa,055,140530,26205,26016,1028,27044,143
2022-04-20,Nevada,057,99092,16079,16034,1234,17268,127
2022-04-20,Orange,059,3164182,550467,549136,42181,591317,6963
2022-04-20,Placer,061,380077,63190,62928,7461,70389,619
2022-04-20,Plumas,063,18699,2985,2932,371,3303,13
2022-04-20,Riverside,065,2383286,593732,592224,28378,620602,6447
2022-04-20,Sacramento,067,1510023,282599,279326,27404,306730,2987
2022-04-20,San Benito,069,59416,12948,12971,523,13494,98
2022-04-20,San Bernardino,071,2135413,571264,565405,25311,590716,6977
2022-04-20,San Diego,073,3302833,756902,757138,53240,810378,5231
2022-04-20,San Francisco,075,870044,128809,127594,8599,136193,854
2022-04-20,San Joaquin,077,732212,167063,166531,10134,176665,2222
2022-04-20,San Luis Obispo,079,281455,52867,52740,3862,56602,476
2022-04-20,San Mateo,081,765935,124758,123279,7315,130594,701
2022-04-20,Santa Barbara,083,443738,86609,86214,4843,91057,685
2022-04-20,Santa Clara,085,1922200,317142,316355,12802,329157,2274
2022-04-20,Santa Cruz,087,273765,48873,47997,2194,50191,261
2022-04-20,Shasta,089,179085,30645,30590,6163,36753,554
2022-04-20,Sierra,091,2930,274,276,48,324,4
2022-04-20,Siskiyou,093,43540,4460,4446,2767,7213,80
2022-04-20,Solano,095,438530,82157,81841,5682,87523,447
2022-04-20,Sonoma,097,501317,84919,84429,2816,87245,485
2022-04-20,Stanislaus,099,539301,117817,117540,17803,135343,1630
2022-04-20,Sutter,101,95872,20542,20632,2146,22778,224
2022-04-20,Tehama,103,63373,12059,12061,2623,14684,199
2022-04-20,Trinity,105,12862,1185,1178,295,1473,20
2022-04-20,Tulare,107,460477,106650,105974,28621,134595,1439
2022-04-20,Tuolumne,109,53932,12699,12648,579,13227,180
2022-04-20,Ventura,111,848112,174343,173904,9609,183513,1475
2022-04-20,Yolo,113,214977,37580,36785,3267,40052,311
2022-04-20,Yuba,115,75493,15905,15868,1225,17093,121
2022-04-19,Alameda,001,1643700,260701,258734,14392,273126,1832
2022-04-19,Alpine,003,1148,124,124,1,125,0
2022-04-19,Amador,005,37829,8555,8494,663,9157,86
2022-04-19,Butte,007,227075,33171,33083,6808,39891,408
2022-04-19,Calaveras,009,45235,7302,7288,360,7648,119
2022-04-19,Colusa,011,21464,3452,3453,1074,4527,21
2022-04-19,Contra Costa,013,1133247,191074,190042,13551,203593,1299
2022-04-19,Del Norte,015,27424,5826,5814,197,6011,50
2022-04-19,El Dorado,017,186661,26905,26821,3267,30088,209
2022-04-19,Fresno,019,978130,231965,231568,24128,255696,2740
2022-04-19,Glenn,021,27897,4988,4988,1612,6600,48
2022-04-19,Humboldt,023,135768,17078,16976,3008,19984,145
2022-04-19,Imperial,025,180216,55493,55405,10826,66231,910
2022-04-19,Inyo,027,18085,4082,4075,506,4581,56
2022-04-19,Kern,029,883053,192226,191915,46414,238329,2262
2022-04-19,Kings,031,150075,51596,51571,3634,55205,445
2022-04-19,Lake,033,64148,10741,10711,904,11615,134
2022-04-19,Lassen,035,31185,8966,8951,890,9841,65
2022-04-19,Los Angeles,037,10098052,2730636,2721699,125550,2847249,31630
2022-04-19,Madera,039,155013,37358,37333,6129,43462,354
2022-04-19,Marin,041,260295,34244,33985,2659,36644,288
2022-04-19,Mariposa,043,17540,2429,2412,206,2618,30
2022-04-19,Mendocino,045,87422,13182,13128,3079,16207,122
2022-04-19,Merced,047,269075,62337,62322,8738,71060,813
2022-04-19,Modoc,049,8938,744,744,253,997,8
2022-04-19,Mono,051,14174,2986,2984,128,3112,6
2022-04-19,Monterey,053,433212,79810,79419,14094,93513,727
2022-04-19,Napa,055,140530,26182,26016,1019,27035,143
2022-04-19,Nevada,057,99092,16073,16034,1232,17266,127
2022-04-19,Orange,059,3164182,550188,549136,42136,591272,6963
2022-04-19,Placer,061,380077,63158,62928,7456,70384,619
2022-04-19,Plumas,063,18699,2985,2932,371,3303,13
2022-04-19,Riverside,065,2383286,593549,592224,28363,620587,6447
2022-04-19,Sacramento,067,1510023,282425,279326,27380,306706,2987
2022-04-19,San Benito,069,59416,12942,12971,522,13493,98
2022-04-19,San Bernardino,071,2135413,571048,565405,25288,590693,6977
2022-04-19,San Diego,073,3302833,756438,757138,53177,810315,5231
2022-04-19,San Francisco,075,870044,128474,127594,8581,136175,854
2022-04-19,San Joaquin,077,732212,167012,166531,10127,176658,2222
2022-04-19,San Luis Obispo,079,281455,52832,52740,3854,56594,476
2022-04-19,San Mateo,081,765935,124528,123279,7292,130571,701
2022-04-19,Santa Barbara,083,443738,86555,86214,4835,91049,685
2022-04-19,Santa Clara,085,1922200,316719,316355,12772,329127,2274
2022-04-19,Santa Cruz,087,273765,48818,47997,2192,50189,261
2022-04-19,Shasta,089,179085,30633,30590,6162,36752,554
2022-04-19,Sierra,091,2930,274,276,48,324,4
2022-04-19,Siskiyou,093,43540,4459,4446,2765,7211,80
2022-04-19,Solano,095,438530,82079,81841,5677,87518,447
2022-04-19,Sonoma,097,501317,84816,84429,2788,87217,485
2022-04-19,Stanislaus,099,539301,117791,117540,17798,135338,1630
2022-04-19,Sutter,101,95872,20542,20632,2146,22778,224
2022-04-19,Tehama,103,63373,12058,12061,2623,14684,199
2022-04-19,Trinity,105,12862,1184,1178,295,1473,20
2022-04-19,Tulare,107,460477,106634,105974,28615,134589,1439
2022-04-19,Tuolumne,109,53932,12697,12648,579,13227,180
2022-04-19,Ventura,111,848112,174249,173904,9596,183500,1475
2022-04-19,Yolo,113,214977,37535,36785,3265,40050,311
2022-04-19,Yuba,115,75493,15898,15868,1225,17093,121
2022-04-18,Alameda,001,1643700,260316,258734,14370,273104,1832
2022-04-18,Alpine,003,1148,124,124,1,125,0
2022-04-18,Amador,005,37829,8554,8494,662,9156,86
2022-04-18,Butte,007,227075,33167,33083,6803,39886,408
2022-04-18,Calaveras,009,45235,7298,7288,359,7647,119
2022-04-18,Colusa,011,21464,3451,3453,1074,4527,21
2022-04-18,Contra Costa,013,1133247,190837,190042,13525,203567,1299
2022-04-18,Del Norte,015,27424,5821,5814,197,6011,50
2022-04-18,El Dorado,017,186661,26888,26821,3264,30085,209
2022-04-18,Fresno,019,978130,231920,231568,24117,255685,2740
2022-04-18,Glenn,021,27897,4987,4988,1611,6599,48
2022-04-18,Humboldt,023,135768,17047,16976,3005,19981,145
2022-04-18,Imperial,025,180216,55481,55405,10824,66229,910
2022-04-18,Inyo,027,18085,4082,4075,506,4581,56
2022-04-18,Kern,029,883053,192181,191915,46402,238317,2262
2022-04-18,Kings,031,150075,51591,51571,3634,55205,445
2022-04-18,Lake,033,64148,10737,10711,903,11614,134
2022-04-18,Lassen,035,31185,8966,8951,890,9841,65
2022-04-18,Los Angeles,037,10098052,2728802,2721699,125434,2847133,31630
2022-04-18,Madera,039,155013,37350,37333,6128,43461,354
2022-04-18,Marin,041,260295,34180,33985,2636,36621,288
2022-04-18,Mariposa,043,17540,2427,2412,206,2618,30
2022-04-18,Mendocino,045,87422,13165,13128,3073,16201,122
2022-04-18,Merced,047,269075,62325,62322,8732,71054,813
2022-04-18,Modoc,049,8938,743,744,253,997,8
2022-04-18,Mono,051,14174,2985,2984,128,3112,6
2022-04-18,Monterey,053,433212,79736,79419,14077,93496,727
2022-04-18,Napa,055,140530,26146,26016,1018,27034,143
2022-04-18,Nevada,057,99092,16063,16034,1230,17264,127
2022-04-18,Orange,059,3164182,549897,549136,42102,591238,6963
2022-04-18,Placer,061,380077,63125,62928,7454,70382,619
2022-04-18,Plumas,063,18699,2985,2932,371,3303,13
2022-04-18,Riverside,065,2383286,593341,592224,28342,620566,6447
2022-04-18,Sacramento,067,1510023,282268,279326,27367,306693,2987
2022-04-18,San Benito,069,59416,12936,12971,522,13493,98
2022-04-18,San Bernardino,071,2135413,570837,565405,25264,590669,6977
2022-04-18,San Diego,073,3302833,755969,757138,53118,810256,5231
2022-04-18,San Francisco,075,870044,128155,127594,8569,136163,854
2022-04-18,San Joaquin,077,732212,166953,166531,10120,176651,2222
2022-04-18,San Luis Obispo,079,281455,52804,52740,3849,56589,476
2022-04-18,San Mateo,081,765935,124296,123279,7269,130548,701
2022-04-18,Santa Barbara,083,443738,86484,86214,4830,91044,685
2022-04-18,Santa Clara,085,1922200,316271,316355,12747,329102,2274
2022-04-18,Santa Cruz,087,273765,48713,47997,2187,50184,261
2022-04-18,Shasta,089,179085,30627,30590,6159,36749,554
2022-04-18,Sierra,091,2930,274,276,48,324,4
2022-04-18,Siskiyou,093,43540,4458,4446,2764,7210,80
2022-04-18,Solano,095,438530,82018,81841,5671,87512,447
2022-04-18,Sonoma,097,501317,84717,84429,2772,87201,485
2022-04-18,Stanislaus,099,539301,117761,117540,17794,135334,1630
2022-04-18,Sutter,101,95872,20540,20632,2143,22775,224
2022-04-18,Tehama,103,63373,12054,12061,2623,14684,199
2022-04-18,Trinity,105,12862,1184,1178,295,1473,20
2022-04-18,Tulare,107,460477,106620,105974,28604,134578,1439
2022-04-18,Tuolumne,109,53932,12690,12648,578,13226,180
2022-04-18,Ventura,111,848112,174157,173904,9586,183490,1475
2022-04-18,Yolo,113,214977,37478,36785,3265,40050,311
2022-04-18,Yuba,115,75493,15889,15868,1222,17090,121
2022-04-17,Alameda,001,1643700,259926,257897,14342,272239,1829
2022-04-17,Alpine,003,1148,124,124,1,125,0
2022-04-17,Amador,005,37829,8549,8491,660,9151,86
2022-04-17,Butte,007,227075,33164,33053,6800,39853,405
2022-04-17,Calaveras,009,45235,7295,7275,357,7632,119
2022-04-17,Colusa,011,21464,3450,3450,1074,4524,21
2022-04-17,Contra Costa,013,1133247,190609,189742,13486,203228,1298
2022-04-17,Del Norte,015,27424,5817,5809,197,6006,50
2022-04-17,El Dorado,017,186661,26875,26796,3262,30058,209
2022-04-17,Fresno,019,978130,231842,231455,24110,255565,2739
2022-04-17,Glenn,021,27897,4987,4991,1611,6602,48
2022-04-17,Humboldt,023,135768,17013,16929,2999,19928,143
2022-04-17,Imperial,025,180216,55472,55371,10822,66193,910
2022-04-17,Inyo,027,18085,4080,4075,506,4581,56
2022-04-17,Kern,029,883053,192146,191866,46387,238253,2258
2022-04-17,Kings,031,150075,51580,51544,3632,55176,445
2022-04-17,Lake,033,64148,10736,10702,903,11605,134
2022-04-17,Lassen,035,31185,8966,8950,890,9840,65
2022-04-17,Los Angeles,037,10098052,2726807,2717479,125313,2842792,31598
2022-04-17,Madera,039,155013,37344,37362,6128,43490,354
2022-04-17,Marin,041,260295,34113,33829,2606,36435,288
2022-04-17,Mariposa,043,17540,2419,2406,206,2612,30
2022-04-17,Mendocino,045,87422,13150,13107,3069,16176,122
2022-04-17,Merced,047,269075,62305,62295,8725,71020,813
2022-04-17,Modoc,049,8938,743,743,253,996,8
2022-04-17,Mono,051,14174,2984,2977,128,3105,6
2022-04-17,Monterey,053,433212,79704,79311,14056,93367,727
2022-04-17,Napa,055,140530,26102,25929,1012,26941,143
2022-04-17,Nevada,057,99092,16047,16014,1225,17239,123
2022-04-17,Orange,059,3164182,549530,548311,42050,590361,6945
2022-04-17,Placer,061,380077,63085,62882,7447,70329,618
2022-04-17,Plumas,063,18699,2985,2929,371,3300,13
2022-04-17,Riverside,065,2383286,593123,591772,28319,620091,6443
2022-04-17,Sacramento,067,1510023,282106,278523,27341,305864,2978
2022-04-17,San Benito,069,59416,12933,12926,521,13447,98
2022-04-17,San Bernardino,071,2135413,570597,564397,25246,589643,6948
2022-04-17,San Diego,073,3302833,755478,756165,53050,809215,5229
2022-04-17,San Francisco,075,870044,127837,126976,8553,135529,854
2022-04-17,San Joaquin,077,732212,166903,166645,10113,176758,2220
2022-04-17,San Luis Obispo,079,281455,52735,52698,3844,56542,476
2022-04-17,San Mateo,081,765935,124060,122652,7253,129905,699
2022-04-17,Santa Barbara,083,443738,86426,86030,4824,90854,684
2022-04-17,Santa Clara,085,1922200,315774,315296,12718,328014,2268
2022-04-17,Santa Cruz,087,273765,48591,47895,2184,50079,261
2022-04-17,Shasta,089,179085,30616,30578,6155,36733,554
2022-04-17,Sierra,091,2930,274,276,48,324,4
2022-04-17,Siskiyou,093,43540,4453,4444,2763,7207,80
2022-04-17,Solano,095,438530,81955,81781,5667,87448,447
2022-04-17,Sonoma,097,501317,84605,84172,2764,86936,485
2022-04-17,Stanislaus,099,539301,117731,117567,17786,135353,1619
2022-04-17,Sutter,101,95872,20535,20621,2142,22763,224
2022-04-17,Tehama,103,63373,12053,12061,2623,14684,199
2022-04-17,Trinity,105,12862,1183,1178,295,1473,20
2022-04-17,Tulare,107,460477,106606,105757,28594,134351,1428
2022-04-17,Tuolumne,109,53932,12684,12640,578,13218,180
2022-04-17,Ventura,111,848112,174061,173665,9567,183232,1474
2022-04-17,Yolo,113,214977,37430,36752,3263,40015,311
2022-04-17,Yuba,115,75493,15883,15857,1222,17079,121
2022-04-16,Alameda,001,1643700,259773,257897,14332,272229,1829
2022-04-16,Alpine,003,1148,124,124,1,125,0
2022-04-16,Amador,005,37829,8547,8491,660,9151,86
2022-04-16,Butte,007,227075,33161,33053,6798,39851,405
2022-04-16,Calaveras,009,45235,7293,7275,357,7632,119
2022-04-16,Colusa,011,21464,3450,3450,1074,4524,21
2022-04-16,Contra Costa,013,1133247,190518,189742,13480,203222,1298
2022-04-16,Del Norte,015,27424,5817,5809,197,6006,50
2022-04-16,El Dorado,017,186661,26864,26796,3262,30058,209
2022-04-16,Fresno,019,978130,231814,231455,24109,255564,2739
2022-04-16,Glenn,021,27897,4987,4991,1611,6602,48
2022-04-16,Humboldt,023,135768,17005,16929,2994,19923,143
2022-04-16,Imperial,025,180216,55466,55371,10821,66192,910
2022-04-16,Inyo,027,18085,4080,4075,506,4581,56
2022-04-16,Kern,029,883053,192135,191866,46374,238240,2258
2022-04-16,Kings,031,150075,51577,51544,3632,55176,445
2022-04-16,Lake,033,64148,10734,10702,903,11605,134
2022-04-16,Lassen,035,31185,8966,8950,890,9840,65
2022-04-16,Los Angeles,037,10098052,2726101,2717479,125263,2842742,31598
2022-04-16,Madera,039,155013,37342,37362,6128,43490,354
2022-04-16,Marin,041,260295,34075,33829,2579,36408,288
2022-04-16,Mariposa,043,17540,2418,2406,206,2612,30
2022-04-16,Mendocino,045,87422,13144,13107,3069,16176,122
2022-04-16,Merced,047,269075,62302,62295,8725,71020,813
2022-04-16,Modoc,049,8938,743,743,253,996,8
2022-04-16,Mono,051,14174,2984,2977,128,3105,6
2022-04-16,Monterey,053,433212,79688,79311,14047,93358,727
2022-04-16,Napa,055,140530,26079,25929,1009,26938,143
2022-04-16,Nevada,057,99092,16044,16014,1224,17238,123
2022-04-16,Orange,059,3164182,549415,548311,42021,590332,6945
2022-04-16,Placer,061,380077,63069,62882,7445,70327,618
2022-04-16,Plumas,063,18699,2983,2929,371,3300,13
2022-04-16,Riverside,065,2383286,593043,591772,28313,620085,6443
2022-04-16,Sacramento,067,1510023,282055,278523,27333,305856,2978
2022-04-16,San Benito,069,59416,12932,12926,521,13447,98
2022-04-16,San Bernardino,071,2135413,570498,564397,25242,589639,6948
2022-04-16,San Diego,073,3302833,755331,756165,53038,809203,5229
2022-04-16,San Francisco,075,870044,127681,126976,8544,135520,854
2022-04-16,San Joaquin,077,732212,166863,166645,10109,176754,2220
2022-04-16,San Luis Obispo,079,281455,52729,52698,3843,56541,476
2022-04-16,San Mateo,081,765935,123964,122652,7246,129898,699
2022-04-16,Santa Barbara,083,443738,86396,86030,4824,90854,684
2022-04-16,Santa Clara,085,1922200,315533,315296,12709,328005,2268
2022-04-16,Santa Cruz,087,273765,48564,47895,2184,50079,261
2022-04-16,Shasta,089,179085,30612,30578,6155,36733,554
2022-04-16,Sierra,091,2930,274,276,48,324,4
2022-04-16,Siskiyou,093,43540,4453,4444,2763,7207,80
2022-04-16,Solano,095,438530,81940,81781,5664,87445,447
2022-04-16,Sonoma,097,501317,84555,84172,2754,86926,485
2022-04-16,Stanislaus,099,539301,117711,117567,17781,135348,1619
2022-04-16,Sutter,101,95872,20531,20621,2142,22763,224
2022-04-16,Tehama,103,63373,12052,12061,2623,14684,199
2022-04-16,Trinity,105,12862,1183,1178,295,1473,20
2022-04-16,Tulare,107,460477,106595,105757,28591,134348,1428
2022-04-16,Tuolumne,109,53932,12683,12640,578,13218,180
2022-04-16,Ventura,111,848112,174032,173665,9563,183228,1474
2022-04-16,Yolo,113,214977,37421,36752,3262,40014,311
2022-04-16,Yuba,115,75493,15879,15857,1222,17079,121
2022-04-15,Alameda,001,1643700,259589,257897,14324,272221,1829
2022-04-15,Alpine,003,1148,124,124,1,125,0
2022-04-15,Amador,005,37829,8546,8491,658,9149,86
2022-04-15,Butte,007,227075,33159,33053,6795,39848,405
2022-04-15,Calaveras,009,45235,7291,7275,357,7632,119
2022-04-15,Colusa,011,21464,3450,3450,1074,4524,21
2022-04-15,Contra Costa,013,1133247,190401,189742,13473,203215,1298
2022-04-15,Del Norte,015,27424,5817,5809,197,6006,50
2022-04-15,El Dorado,017,186661,26850,26796,3261,30057,209
2022-04-15,Fresno,019,978130,231785,231455,24109,255564,2739
2022-04-15,Glenn,021,27897,4987,4991,1611,6602,48
2022-04-15,Humboldt,023,135768,16993,16929,2993,19922,143
2022-04-15,Imperial,025,180216,55464,55371,10821,66192,910
2022-04-15,Inyo,027,18085,4080,4075,505,4580,56
2022-04-15,Kern,029,883053,192120,191866,46363,238229,2258
2022-04-15,Kings,031,150075,51573,51544,3632,55176,445
2022-04-15,Lake,033,64148,10729,10702,903,11605,134
2022-04-15,Lassen,035,31185,8966,8950,890,9840,65
2022-04-15,Los Angeles,037,10098052,2725327,2717479,125196,2842675,31598
2022-04-15,Madera,039,155013,37340,37362,6128,43490,354
2022-04-15,Marin,041,260295,34041,33829,2558,36387,288
2022-04-15,Mariposa,043,17540,2417,2406,206,2612,30
2022-04-15,Mendocino,045,87422,13138,13107,3067,16174,122
2022-04-15,Merced,047,269075,62298,62295,8725,71020,813
2022-04-15,Modoc,049,8938,743,743,253,996,8
2022-04-15,Mono,051,14174,2980,2977,127,3104,6
2022-04-15,Monterey,053,433212,79661,79311,14041,93352,727
2022-04-15,Napa,055,140530,26062,25929,1007,26936,143
2022-04-15,Nevada,057,99092,16042,16014,1223,17237,123
2022-04-15,Orange,059,3164182,549294,548311,41991,590302,6945
2022-04-15,Placer,061,380077,63054,62882,7444,70326,618
2022-04-15,Plumas,063,18699,2983,2929,371,3300,13
2022-04-15,Riverside,065,2383286,592942,591772,28307,620079,6443
2022-04-15,Sacramento,067,1510023,281976,278523,27329,305852,2978
2022-04-15,San Benito,069,59416,12930,12926,520,13446,98
2022-04-15,San Bernardino,071,2135413,570415,564397,25238,589635,6948
2022-04-15,San Diego,073,3302833,755140,756165,53019,809184,5229
2022-04-15,San Francisco,075,870044,127530,126976,8530,135506,854
2022-04-15,San Joaquin,077,732212,166840,166645,10106,176751,2220
2022-04-15,San Luis Obispo,079,281455,52721,52698,3843,56541,476
2022-04-15,San Mateo,081,765935,123833,122652,7235,129887,699
2022-04-15,Santa Barbara,083,443738,86363,86030,4823,90853,684
2022-04-15,Santa Clara,085,1922200,315241,315296,12701,327997,2268
2022-04-15,Santa Cruz,087,273765,48536,47895,2183,50078,261
2022-04-15,Shasta,089,179085,30603,30578,6155,36733,554
2022-04-15,Sierra,091,2930,274,276,48,324,4
2022-04-15,Siskiyou,093,43540,4451,4444,2763,7207,80
2022-04-15,Solano,095,438530,81915,81781,5664,87445,447
2022-04-15,Sonoma,097,501317,84503,84172,2738,86910,485
2022-04-15,Stanislaus,099,539301,117692,117567,17779,135346,1619
2022-04-15,Sutter,101,95872,20528,20621,2142,22763,224
2022-04-15,Tehama,103,63373,12052,12061,2623,14684,199
2022-04-15,Trinity,105,12862,1183,1178,295,1473,20
2022-04-15,Tulare,107,460477,106589,105757,28585,134342,1428
2022-04-15,Tuolumne,109,53932,12680,12640,575,13215,180
2022-04-15,Ventura,111,848112,174003,173665,9556,183221,1474
2022-04-15,Yolo,113,214977,37404,36752,3262,40014,311
2022-04-15,Yuba,115,75493,15876,15857,1222,17079,121
2022-04-14,Alameda,001,1643700,259321,257897,14313,272210,1829
2022-04-14,Alpine,003,1148,124,124,1,125,0
2022-04-14,Amador,005,37829,8546,8491,658,9149,86
2022-04-14,Butte,007,227075,33154,33053,6789,39842,405
2022-04-14,Calaveras,009,45235,7290,7275,357,7632,119
2022-04-14,Colusa,011,21464,3450,3450,1074,4524,21
2022-04-14,Contra Costa,013,1133247,190247,189742,13460,203202,1298
2022-04-14,Del Norte,015,27424,5815,5809,197,6006,50
2022-04-14,El Dorado,017,186661,26847,26796,3259,30055,209
2022-04-14,Fresno,019,978130,231759,231455,24108,255563,2739
2022-04-14,Glenn,021,27897,4986,4991,1609,6600,48
2022-04-14,Humboldt,023,135768,16978,16929,2991,19920,143
2022-04-14,Imperial,025,180216,55454,55371,10821,66192,910
2022-04-14,Inyo,027,18085,4080,4075,504,4579,56
2022-04-14,Kern,029,883053,192101,191866,46355,238221,2258
2022-04-14,Kings,031,150075,51565,51544,3632,55176,445
2022-04-14,Lake,033,64148,10728,10702,903,11605,134
2022-04-14,Lassen,035,31185,8966,8950,889,9839,65
2022-04-14,Los Angeles,037,10098052,2724241,2717479,125105,2842584,31598
2022-04-14,Madera,039,155013,37338,37362,6128,43490,354
2022-04-14,Marin,041,260295,34007,33829,2530,36359,288
2022-04-14,Mariposa,043,17540,2416,2406,206,2612,30
2022-04-14,Mendocino,045,87422,13133,13107,3067,16174,122
2022-04-14,Merced,047,269075,62293,62295,8724,71019,813
2022-04-14,Modoc,049,8938,742,743,253,996,8
2022-04-14,Mono,051,14174,2980,2977,126,3103,6
2022-04-14,Monterey,053,433212,79636,79311,14035,93346,727
2022-04-14,Napa,055,140530,26040,25929,1006,26935,143
2022-04-14,Nevada,057,99092,16035,16014,1222,17236,123
2022-04-14,Orange,059,3164182,549105,548311,41963,590274,6945
2022-04-14,Placer,061,380077,63036,62882,7439,70321,618
2022-04-14,Plumas,063,18699,2983,2929,371,3300,13
2022-04-14,Riverside,065,2383286,592824,591772,28296,620068,6443
2022-04-14,Sacramento,067,1510023,281856,278523,27314,305837,2978
2022-04-14,San Benito,069,59416,12924,12926,520,13446,98
2022-04-14,San Bernardino,071,2135413,570244,564397,25232,589629,6948
2022-04-14,San Diego,073,3302833,754862,756165,52981,809146,5229
2022-04-14,San Francisco,075,870044,127328,126976,8519,135495,854
2022-04-14,San Joaquin,077,732212,166809,166645,10103,176748,2220
2022-04-14,San Luis Obispo,079,281455,52705,52698,3839,56537,476
2022-04-14,San Mateo,081,765935,123678,122652,7216,129868,699
2022-04-14,Santa Barbara,083,443738,86318,86030,4821,90851,684
2022-04-14,Santa Clara,085,1922200,314939,315296,12692,327988,2268
2022-04-14,Santa Cruz,087,273765,48506,47895,2182,50077,261
2022-04-14,Shasta,089,179085,30601,30578,6154,36732,554
2022-04-14,Sierra,091,2930,274,276,48,324,4
2022-04-14,Siskiyou,093,43540,4451,4444,2762,7206,80
2022-04-14,Solano,095,438530,81876,81781,5657,87438,447
2022-04-14,Sonoma,097,501317,84411,84172,2733,86905,485
2022-04-14,Stanislaus,099,539301,117672,117567,17776,135343,1619
2022-04-14,Sutter,101,95872,20526,20621,2133,22754,224
2022-04-14,Tehama,103,63373,12051,12061,2622,14683,199
2022-04-14,Trinity,105,12862,1183,1178,295,1473,20
2022-04-14,Tulare,107,460477,106575,105757,28581,134338,1428
2022-04-14,Tuolumne,109,53932,12676,12640,574,13214,180
2022-04-14,Ventura,111,848112,173954,173665,9549,183214,1474
2022-04-14,Yolo,113,214977,37378,36752,3258,40010,311
2022-04-14,Yuba,115,75493,15873,15857,1222,17079,121
2022-04-13,Alameda,001,1643700,259070,257440,14293,271733,1833
2022-04-13,Alpine,003,1148,124,124,1,125,0
2022-04-13,Amador,005,37829,8544,8490,658,9148,86
2022-04-13,Butte,007,227075,33146,33044,6789,39833,402
2022-04-13,Calaveras,009,45235,7289,7270,357,7627,119
2022-04-13,Colusa,011,21464,3450,3451,1074,4525,21
2022-04-13,Contra Costa,013,1133247,190114,189471,13444,202915,1298
2022-04-13,Del Norte,015,27424,5813,5812,197,6009,50
2022-04-13,El Dorado,017,186661,26843,26794,3259,30053,208
2022-04-13,Fresno,019,978130,231727,231325,24095,255420,2738
2022-04-13,Glenn,021,27897,4985,4989,1609,6598,48
2022-04-13,Humboldt,023,135768,16964,16922,2990,19912,143
2022-04-13,Imperial,025,180216,55441,55353,10817,66170,910
2022-04-13,Inyo,027,18085,4080,4074,501,4575,56
2022-04-13,Kern,029,883053,192076,191859,46349,238208,2249
2022-04-13,Kings,031,150075,51559,51535,3632,55167,443
2022-04-13,Lake,033,64148,10726,10695,903,11598,134
2022-04-13,Lassen,035,31185,8965,8949,889,9838,65
2022-04-13,Los Angeles,037,10098052,2722982,2715722,125028,2840750,31578
2022-04-13,Madera,039,155013,37335,37361,6127,43488,354
2022-04-13,Marin,041,260295,33968,33747,2500,36247,288
2022-04-13,Mariposa,043,17540,2410,2402,206,2608,29
2022-04-13,Mendocino,045,87422,13124,13101,3065,16166,120
2022-04-13,Merced,047,269075,62283,62276,8723,70999,811
2022-04-13,Modoc,049,8938,742,743,253,996,8
2022-04-13,Mono,051,14174,2978,2971,126,3097,6
2022-04-13,Monterey,053,433212,79622,79179,14026,93205,727
2022-04-13,Napa,055,140530,26023,25892,1003,26895,143
2022-04-13,Nevada,057,99092,16029,16002,1222,17224,123
2022-04-13,Orange,059,3164182,548902,547783,41936,589719,6935
2022-04-13,Placer,061,380077,63009,62851,7435,70286,615
2022-04-13,Plumas,063,18699,2982,2923,371,3294,13
2022-04-13,Riverside,065,2383286,592685,591659,28288,619947,6437
2022-04-13,Sacramento,067,1510023,281770,277866,27311,305177,2974
2022-04-13,San Benito,069,59416,12918,12927,520,13447,98
2022-04-13,San Bernardino,071,2135413,570100,563709,25224,588933,6905
2022-04-13,San Diego,073,3302833,754576,755584,52949,808533,5223
2022-04-13,San Francisco,075,870044,127160,126608,8499,135107,850
2022-04-13,San Joaquin,077,732212,166774,166654,10101,176755,2219
2022-04-13,San Luis Obispo,079,281455,52681,52660,3839,56499,476
2022-04-13,San Mateo,081,765935,123527,122167,7190,129357,699
2022-04-13,Santa Barbara,083,443738,86280,85938,4816,90754,684
2022-04-13,Santa Clara,085,1922200,314670,314863,12674,327537,2267
2022-04-13,Santa Cruz,087,273765,48452,47765,2180,49945,260
2022-04-13,Shasta,089,179085,30599,30569,6154,36723,551
2022-04-13,Sierra,091,2930,274,276,48,324,4
2022-04-13,Siskiyou,093,43540,4450,4444,2761,7205,80
2022-04-13,Solano,095,438530,81838,81843,5654,87497,448
2022-04-13,Sonoma,097,501317,84342,84033,2718,86751,485
2022-04-13,Stanislaus,099,539301,117654,117573,17771,135344,1577
2022-04-13,Sutter,101,95872,20522,20610,2133,22743,223
2022-04-13,Tehama,103,63373,12050,12062,2621,14683,200
2022-04-13,Trinity,105,12862,1183,1177,295,1472,20
2022-04-13,Tulare,107,460477,106568,105519,28576,134095,1426
2022-04-13,Tuolumne,109,53932,12670,12639,574,13213,180
2022-04-13,Ventura,111,848112,173896,173558,9542,183100,1474
2022-04-13,Yolo,113,214977,37341,36684,3256,39940,311
2022-04-13,Yuba,115,75493,15869,15851,1222,17073,121
2022-04-12,Alameda,001,1643700,258828,257440,14283,271723,1833
2022-04-12,Alpine,003,1148,124,124,1,125,0
2022-04-12,Amador,005,37829,8543,8490,658,9148,86
2022-04-12,Butte,007,227075,33134,33044,6782,39826,402
2022-04-12,Calaveras,009,45235,7285,7270,356,7626,119
2022-04-12,Colusa,011,21464,3450,3451,1074,4525,21
2022-04-12,Contra Costa,013,1133247,189956,189471,13430,202901,1298
2022-04-12,Del Norte,015,27424,5811,5812,197,6009,50
2022-04-12,El Dorado,017,186661,26831,26794,3259,30053,208
2022-04-12,Fresno,019,978130,231697,231325,24088,255413,2738
2022-04-12,Glenn,021,27897,4985,4989,1609,6598,48
2022-04-12,Humboldt,023,135768,16956,16922,2988,19910,143
2022-04-12,Imperial,025,180216,55437,55353,10808,66161,910
2022-04-12,Inyo,027,18085,4080,4074,500,4574,56
2022-04-12,Kern,029,883053,192056,191859,46340,238199,2249
2022-04-12,Kings,031,150075,51551,51535,3630,55165,443
2022-04-12,Lake,033,64148,10722,10695,902,11597,134
2022-04-12,Lassen,035,31185,8965,8949,889,9838,65
2022-04-12,Los Angeles,037,10098052,2721736,2715722,124927,2840649,31578
2022-04-12,Madera,039,155013,37334,37361,6127,43488,354
2022-04-12,Marin,041,260295,33923,33747,2473,36220,288
2022-04-12,Mariposa,043,17540,2410,2402,206,2608,29
2022-04-12,Mendocino,045,87422,13116,13101,3059,16160,120
2022-04-12,Merced,047,269075,62269,62276,8720,70996,811
2022-04-12,Modoc,049,8938,742,743,252,995,8
2022-04-12,Mono,051,14174,2978,2971,126,3097,6
2022-04-12,Monterey,053,433212,79598,79179,14019,93198,727
2022-04-12,Napa,055,140530,26000,25892,993,26885,143
2022-04-12,Nevada,057,99092,16026,16002,1221,17223,123
2022-04-12,Orange,059,3164182,548648,547783,41903,589686,6935
2022-04-12,Placer,061,380077,62986,62851,7430,70281,615
2022-04-12,Plumas,063,18699,2981,2923,371,3294,13
2022-04-12,Riverside,065,2383286,592539,591659,28266,619925,6437
2022-04-12,Sacramento,067,1510023,281654,277866,27309,305175,2974
2022-04-12,San Benito,069,59416,12914,12927,519,13446,98
2022-04-12,San Bernardino,071,2135413,569927,563709,25218,588927,6905
2022-04-12,San Diego,073,3302833,754243,755584,52907,808491,5223
2022-04-12,San Francisco,075,870044,126950,126608,8482,135090,850
2022-04-12,San Joaquin,077,732212,166744,166654,10099,176753,2219
2022-04-12,San Luis Obispo,079,281455,52648,52660,3833,56493,476
2022-04-12,San Mateo,081,765935,123370,122167,7165,129332,699
2022-04-12,Santa Barbara,083,443738,86234,85938,4812,90750,684
2022-04-12,Santa Clara,085,1922200,314378,314863,12663,327526,2267
2022-04-12,Santa Cruz,087,273765,48373,47765,2177,49942,260
2022-04-12,Shasta,089,179085,30599,30569,6153,36722,551
2022-04-12,Sierra,091,2930,274,276,48,324,4
2022-04-12,Siskiyou,093,43540,4450,4444,2759,7203,80
2022-04-12,Solano,095,438530,81798,81843,5652,87495,448
2022-04-12,Sonoma,097,501317,84284,84033,2712,86745,485
2022-04-12,Stanislaus,099,539301,117634,117573,17765,135338,1577
2022-04-12,Sutter,101,95872,20519,20610,2133,22743,223
2022-04-12,Tehama,103,63373,12048,12062,2621,14683,200
2022-04-12,Trinity,105,12862,1183,1177,295,1472,20
2022-04-12,Tulare,107,460477,106553,105519,28571,134090,1426
2022-04-12,Tuolumne,109,53932,12668,12639,572,13211,180
2022-04-12,Ventura,111,848112,173847,173558,9536,183094,1474
2022-04-12,Yolo,113,214977,37302,36684,3249,39933,311
2022-04-12,Yuba,115,75493,15864,15851,1222,17073,121
2022-04-11,Alameda,001,1643700,258536,256649,14266,270915,1826
2022-04-11,Alpine,003,1148,124,124,1,125,0
2022-04-11,Amador,005,37829,8542,8489,658,9147,86
2022-04-11,Butte,007,227075,33121,33031,6778,39809,399
2022-04-11,Calaveras,009,45235,7282,7260,356,7616,119
2022-04-11,Colusa,011,21464,3448,3449,1074,4523,21
2022-04-11,Contra Costa,013,1133247,189789,189154,13413,202567,1296
2022-04-11,Del Norte,015,27424,5810,5811,197,6008,50
2022-04-11,El Dorado,017,186661,26819,26757,3258,30015,207
2022-04-11,Fresno,019,978130,231676,231090,24087,255177,2731
2022-04-11,Glenn,021,27897,4984,4988,1608,6596,47
2022-04-11,Humboldt,023,135768,16941,16913,2986,19899,141
2022-04-11,Imperial,025,180216,55432,55267,10806,66073,910
2022-04-11,Inyo,027,18085,4079,4071,500,4571,56
2022-04-11,Kern,029,883053,192031,191542,46335,237877,2244
2022-04-11,Kings,031,150075,51547,51519,3630,55149,443
2022-04-11,Lake,033,64148,10721,10690,901,11591,134
2022-04-11,Lassen,035,31185,8965,8948,889,9837,65
2022-04-11,Los Angeles,037,10098052,2720477,2709735,124856,2834591,31509
2022-04-11,Madera,039,155013,37327,37356,6127,43483,354
2022-04-11,Marin,041,260295,33867,33648,2454,36102,288
2022-04-11,Mariposa,043,17540,2409,2394,206,2600,29
2022-04-11,Mendocino,045,87422,13112,13087,3057,16144,120
2022-04-11,Merced,047,269075,62260,62231,8718,70949,811
2022-04-11,Modoc,049,8938,742,743,252,995,8
2022-04-11,Mono,051,14174,2977,2967,125,3092,6
2022-04-11,Monterey,053,433212,79578,79103,14008,93111,727
2022-04-11,Napa,055,140530,25983,25824,991,26815,144
2022-04-11,Nevada,057,99092,16022,15976,1221,17197,123
2022-04-11,Orange,059,3164182,548440,546983,41867,588850,6912
2022-04-11,Placer,061,380077,62964,62831,7428,70259,616
2022-04-11,Plumas,063,18699,2979,2887,371,3258,13
2022-04-11,Riverside,065,2383286,592412,591268,28247,619515,6429
2022-04-11,Sacramento,067,1510023,281554,277125,27306,304431,2972
2022-04-11,San Benito,069,59416,12912,12917,519,13436,98
2022-04-11,San Bernardino,071,2135413,569776,562571,25209,587780,6892
2022-04-11,San Diego,073,3302833,753916,754281,52868,807149,5210
2022-04-11,San Francisco,075,870044,126718,125963,8469,134432,844
2022-04-11,San Joaquin,077,732212,166706,166547,10093,176640,2212
2022-04-11,San Luis Obispo,079,281455,52625,52609,3832,56441,476
2022-04-11,San Mateo,081,765935,123184,121514,7151,128665,698
2022-04-11,Santa Barbara,083,443738,86186,85754,4807,90561,680
2022-04-11,Santa Clara,085,1922200,314035,313965,12648,326613,2266
2022-04-11,Santa Cruz,087,273765,48279,47624,2168,49792,259
2022-04-11,Shasta,089,179085,30594,30586,6152,36738,549
2022-04-11,Sierra,091,2930,274,272,48,320,4
2022-04-11,Siskiyou,093,43540,4450,4444,2757,7201,80
2022-04-11,Solano,095,438530,81770,81886,5651,87537,448
2022-04-11,Sonoma,097,501317,84216,83600,2701,86301,485
2022-04-11,Stanislaus,099,539301,117600,117528,17757,135285,1578
2022-04-11,Sutter,101,95872,20516,20591,2133,22724,223
2022-04-11,Tehama,103,63373,12047,12059,2620,14679,201
2022-04-11,Trinity,105,12862,1183,1177,295,1472,20
2022-04-11,Tulare,107,460477,106542,105278,28563,133841,1415
2022-04-11,Tuolumne,109,53932,12665,12632,572,13204,180
2022-04-11,Ventura,111,848112,173789,173343,9534,182877,1467
2022-04-11,Yolo,113,214977,37259,36587,3247,39834,312
2022-04-11,Yuba,115,75493,15861,15848,1221,17069,121
2022-04-10,Alameda,001,1643700,258200,256649,14253,270902,1826
2022-04-10,Alpine,003,1148,124,124,1,125,0
2022-04-10,Amador,005,37829,8540,8489,658,9147,86
2022-04-10,Butte,007,227075,33117,33031,6773,39804,399
2022-04-10,Calaveras,009,45235,7279,7260,356,7616,119
2022-04-10,Colusa,011,21464,3447,3449,1074,4523,21
2022-04-10,Contra Costa,013,1133247,189629,189154,13392,202546,1296
2022-04-10,Del Norte,015,27424,5807,5811,197,6008,50
2022-04-10,El Dorado,017,186661,26812,26757,3256,30013,207
2022-04-10,Fresno,019,978130,231638,231090,24085,255175,2731
2022-04-10,Glenn,021,27897,4984,4988,1608,6596,47
2022-04-10,Humboldt,023,135768,16931,16913,2984,19897,141
2022-04-10,Imperial,025,180216,55428,55267,10802,66069,910
2022-04-10,Inyo,027,18085,4079,4071,498,4569,56
2022-04-10,Kern,029,883053,192012,191542,46330,237872,2244
2022-04-10,Kings,031,150075,51545,51519,3630,55149,443
2022-04-10,Lake,033,64148,10717,10690,899,11589,134
2022-04-10,Lassen,035,31185,8964,8948,889,9837,65
2022-04-10,Los Angeles,037,10098052,2719147,2709735,124764,2834499,31509
2022-04-10,Madera,039,155013,37322,37356,6126,43482,354
2022-04-10,Marin,041,260295,33827,33648,2425,36073,288
2022-04-10,Mariposa,043,17540,2407,2394,206,2600,29
2022-04-10,Mendocino,045,87422,13104,13087,3056,16143,120
2022-04-10,Merced,047,269075,62248,62231,8716,70947,811
2022-04-10,Modoc,049,8938,742,743,252,995,8
2022-04-10,Mono,051,14174,2974,2967,125,3092,6
2022-04-10,Monterey,053,433212,79562,79103,13998,93101,727
2022-04-10,Napa,055,140530,25961,25824,989,26813,144
2022-04-10,Nevada,057,99092,16005,15976,1221,17197,123
2022-04-10,Orange,059,3164182,548188,546983,41826,588809,6912
2022-04-10,Placer,061,380077,62931,62831,7427,70258,616
2022-04-10,Plumas,063,18699,2976,2887,371,3258,13
2022-04-10,Riverside,065,2383286,592261,591268,28234,619502,6429
2022-04-10,Sacramento,067,1510023,281457,277125,27295,304420,2972
2022-04-10,San Benito,069,59416,12909,12917,519,13436,98
2022-04-10,San Bernardino,071,2135413,569541,562571,25198,587769,6892
2022-04-10,San Diego,073,3302833,753590,754281,52823,807104,5210
2022-04-10,San Francisco,075,870044,126480,125963,8453,134416,844
2022-04-10,San Joaquin,077,732212,166658,166547,10086,176633,2212
2022-04-10,San Luis Obispo,079,281455,52591,52609,3829,56438,476
2022-04-10,San Mateo,081,765935,123018,121514,7133,128647,698
2022-04-10,Santa Barbara,083,443738,86102,85754,4797,90551,680
2022-04-10,Santa Clara,085,1922200,313706,313965,12634,326599,2266
2022-04-10,Santa Cruz,087,273765,48189,47624,2165,49789,259
2022-04-10,Shasta,089,179085,30587,30586,6152,36738,549
2022-04-10,Sierra,091,2930,274,272,48,320,4
2022-04-10,Siskiyou,093,43540,4450,4444,2755,7199,80
2022-04-10,Solano,095,438530,81723,81886,5646,87532,448
2022-04-10,Sonoma,097,501317,84115,83600,2696,86296,485
2022-04-10,Stanislaus,099,539301,117577,117528,17750,135278,1578
2022-04-10,Sutter,101,95872,20512,20591,2129,22720,223
2022-04-10,Tehama,103,63373,12045,12059,2620,14679,201
2022-04-10,Trinity,105,12862,1183,1177,295,1472,20
2022-04-10,Tulare,107,460477,106527,105278,28556,133834,1415
2022-04-10,Tuolumne,109,53932,12658,12632,572,13204,180
2022-04-10,Ventura,111,848112,173710,173343,9528,182871,1467
2022-04-10,Yolo,113,214977,37213,36587,3241,39828,312
2022-04-10,Yuba,115,75493,15860,15848,1221,17069,121
2022-04-09,Alameda,001,1643700,258026,256649,14248,270897,1826
2022-04-09,Alpine,003,1148,124,124,1,125,0
2022-04-09,Amador,005,37829,8540,8489,657,9146,86
2022-04-09,Butte,007,227075,33114,33031,6773,39804,399
2022-04-09,Calaveras,009,45235,7278,7260,356,7616,119
2022-04-09,Colusa,011,21464,3446,3449,1074,4523,21
2022-04-09,Contra Costa,013,1133247,189532,189154,13383,202537,1296
2022-04-09,Del Norte,015,27424,5806,5811,197,6008,50
2022-04-09,El Dorado,017,186661,26805,26757,3256,30013,207
2022-04-09,Fresno,019,978130,231617,231090,24085,255175,2731
2022-04-09,Glenn,021,27897,4984,4988,1608,6596,47
2022-04-09,Humboldt,023,135768,16924,16913,2984,19897,141
2022-04-09,Imperial,025,180216,55423,55267,10802,66069,910
2022-04-09,Inyo,027,18085,4079,4071,498,4569,56
2022-04-09,Kern,029,883053,192003,191542,46325,237867,2244
2022-04-09,Kings,031,150075,51539,51519,3630,55149,443
2022-04-09,Lake,033,64148,10715,10690,899,11589,134
2022-04-09,Lassen,035,31185,8964,8948,889,9837,65
2022-04-09,Los Angeles,037,10098052,2718472,2709735,124691,2834426,31509
2022-04-09,Madera,039,155013,37319,37356,6126,43482,354
2022-04-09,Marin,041,260295,33794,33648,2382,36030,288
2022-04-09,Mariposa,043,17540,2407,2394,206,2600,29
2022-04-09,Mendocino,045,87422,13102,13087,3056,16143,120
2022-04-09,Merced,047,269075,62232,62231,8714,70945,811
2022-04-09,Modoc,049,8938,742,743,252,995,8
2022-04-09,Mono,051,14174,2973,2967,124,3091,6
2022-04-09,Monterey,053,433212,79553,79103,13994,93097,727
2022-04-09,Napa,055,140530,25937,25824,989,26813,144
2022-04-09,Nevada,057,99092,16002,15976,1221,17197,123
2022-04-09,Orange,059,3164182,548064,546983,41805,588788,6912
2022-04-09,Placer,061,380077,62915,62831,7425,70256,616
2022-04-09,Plumas,063,18699,2976,2887,371,3258,13
2022-04-09,Riverside,065,2383286,592170,591268,28224,619492,6429
2022-04-09,Sacramento,067,1510023,281410,277125,27293,304418,2972
2022-04-09,San Benito,069,59416,12908,12917,518,13435,98
2022-04-09,San Bernardino,071,2135413,569475,562571,25193,587764,6892
2022-04-09,San Diego,073,3302833,753442,754281,52809,807090,5210
2022-04-09,San Francisco,075,870044,126356,125963,8447,134410,844
2022-04-09,San Joaquin,077,732212,166642,166547,10083,176630,2212
2022-04-09,San Luis Obispo,079,281455,52591,52609,3826,56435,476
2022-04-09,San Mateo,081,765935,122928,121514,7126,128640,698
2022-04-09,Santa Barbara,083,443738,86069,85754,4797,90551,680
2022-04-09,Santa Clara,085,1922200,313510,313965,12631,326596,2266
2022-04-09,Santa Cruz,087,273765,48156,47624,2163,49787,259
2022-04-09,Shasta,089,179085,30585,30586,6152,36738,549
2022-04-09,Sierra,091,2930,274,272,48,320,4
2022-04-09,Siskiyou,093,43540,4449,4444,2754,7198,80
2022-04-09,Solano,095,438530,81705,81886,5645,87531,448
2022-04-09,Sonoma,097,501317,84076,83600,2692,86292,485
2022-04-09,Stanislaus,099,539301,117564,117528,17747,135275,1578
2022-04-09,Sutter,101,95872,20512,20591,2129,22720,223
2022-04-09,Tehama,103,63373,12045,12059,2620,14679,201
2022-04-09,Trinity,105,12862,1183,1177,295,1472,20
2022-04-09,Tulare,107,460477,106524,105278,28554,133832,1415
2022-04-09,Tuolumne,109,53932,12656,12632,572,13204,180
2022-04-09,Ventura,111,848112,173673,173343,9525,182868,1467
2022-04-09,Yolo,113,214977,37194,36587,3241,39828,312
2022-04-09,Yuba,115,75493,15859,15848,1221,17069,121
2022-04-08,Alameda,001,1643700,257870,256649,14242,270891,1826
2022-04-08,Alpine,003,1148,124,124,1,125,0
2022-04-08,Amador,005,37829,8538,8489,656,9145,86
2022-04-08,Butte,007,227075,33108,33031,6770,39801,399
2022-04-08,Calaveras,009,45235,7276,7260,356,7616,119
2022-04-08,Colusa,011,21464,3446,3449,1074,4523,21
2022-04-08,Contra Costa,013,1133247,189454,189154,13370,202524,1296
2022-04-08,Del Norte,015,27424,5804,5811,197,6008,50
2022-04-08,El Dorado,017,186661,26803,26757,3256,30013,207
2022-04-08,Fresno,019,978130,231597,231090,24082,255172,2731
2022-04-08,Glenn,021,27897,4984,4988,1608,6596,47
2022-04-08,Humboldt,023,135768,16920,16913,2982,19895,141
2022-04-08,Imperial,025,180216,55419,55267,10802,66069,910
2022-04-08,Inyo,027,18085,4077,4071,497,4568,56
2022-04-08,Kern,029,883053,191984,191542,46324,237866,2244
2022-04-08,Kings,031,150075,51534,51519,3630,55149,443
2022-04-08,Lake,033,64148,10715,10690,899,11589,134
2022-04-08,Lassen,035,31185,8964,8948,889,9837,65
2022-04-08,Los Angeles,037,10098052,2717842,2709735,124635,2834370,31509
2022-04-08,Madera,039,155013,37317,37356,6124,43480,354
2022-04-08,Marin,041,260295,33774,33648,2366,36014,288
2022-04-08,Mariposa,043,17540,2407,2394,205,2599,29
2022-04-08,Mendocino,045,87422,13100,13087,3056,16143,120
2022-04-08,Merced,047,269075,62225,62231,8712,70943,811
2022-04-08,Modoc,049,8938,742,743,252,995,8
2022-04-08,Mono,051,14174,2971,2967,124,3091,6
2022-04-08,Monterey,053,433212,79543,79103,13993,93096,727
2022-04-08,Napa,055,140530,25925,25824,981,26805,144
2022-04-08,Nevada,057,99092,15999,15976,1220,17196,123
2022-04-08,Orange,059,3164182,547945,546983,41790,588773,6912
2022-04-08,Placer,061,380077,62897,62831,7423,70254,616
2022-04-08,Plumas,063,18699,2973,2887,371,3258,13
2022-04-08,Riverside,065,2383286,592094,591268,28221,619489,6429
2022-04-08,Sacramento,067,1510023,281364,277125,27291,304416,2972
2022-04-08,San Benito,069,59416,12908,12917,518,13435,98
2022-04-08,San Bernardino,071,2135413,569422,562571,25190,587761,6892
2022-04-08,San Diego,073,3302833,753272,754281,52799,807080,5210
2022-04-08,San Francisco,075,870044,126260,125963,8443,134406,844
2022-04-08,San Joaquin,077,732212,166624,166547,10081,176628,2212
2022-04-08,San Luis Obispo,079,281455,52586,52609,3826,56435,476
2022-04-08,San Mateo,081,765935,122822,121514,7121,128635,698
2022-04-08,Santa Barbara,083,443738,86048,85754,4797,90551,680
2022-04-08,Santa Clara,085,1922200,313324,313965,12623,326588,2266
2022-04-08,Santa Cruz,087,273765,48139,47624,2160,49784,259
2022-04-08,Shasta,089,179085,30582,30586,6152,36738,549
2022-04-08,Sierra,091,2930,274,272,48,320,4
2022-04-08,Siskiyou,093,43540,4449,4444,2754,7198,80
2022-04-08,Solano,095,438530,81685,81886,5644,87530,448
2022-04-08,Sonoma,097,501317,84025,83600,2687,86287,485
2022-04-08,Stanislaus,099,539301,117549,117528,17746,135274,1578
2022-04-08,Sutter,101,95872,20512,20591,2129,22720,223
2022-04-08,Tehama,103,63373,12045,12059,2620,14679,201
2022-04-08,Trinity,105,12862,1183,1177,295,1472,20
2022-04-08,Tulare,107,460477,106519,105278,28550,133828,1415
2022-04-08,Tuolumne,109,53932,12655,12632,571,13203,180
2022-04-08,Ventura,111,848112,173644,173343,9523,182866,1467
2022-04-08,Yolo,113,214977,37184,36587,3240,39827,312
2022-04-08,Yuba,115,75493,15858,15848,1221,17069,121
2022-04-07,Alameda,001,1643700,257676,256649,14233,270882,1826
2022-04-07,Alpine,003,1148,124,124,1,125,0
2022-04-07,Amador,005,37829,8537,8489,653,9142,86
2022-04-07,Butte,007,227075,33104,33031,6769,39800,399
2022-04-07,Calaveras,009,45235,7274,7260,356,7616,119
2022-04-07,Colusa,011,21464,3445,3449,1074,4523,21
2022-04-07,Contra Costa,013,1133247,189334,189154,13357,202511,1296
2022-04-07,Del Norte,015,27424,5803,5811,197,6008,50
2022-04-07,El Dorado,017,186661,26791,26757,3254,30011,207
2022-04-07,Fresno,019,978130,231571,231090,24080,255170,2731
2022-04-07,Glenn,021,27897,4982,4988,1607,6595,47
2022-04-07,Humboldt,023,135768,16913,16913,2980,19893,141
2022-04-07,Imperial,025,180216,55417,55267,10799,66066,910
2022-04-07,Inyo,027,18085,4077,4071,497,4568,56
2022-04-07,Kern,029,883053,191960,191542,46321,237863,2244
2022-04-07,Kings,031,150075,51526,51519,3630,55149,443
2022-04-07,Lake,033,64148,10711,10690,899,11589,134
2022-04-07,Lassen,035,31185,8964,8948,889,9837,65
2022-04-07,Los Angeles,037,10098052,2716927,2709735,124558,2834293,31509
2022-04-07,Madera,039,155013,37312,37356,6124,43480,354
2022-04-07,Marin,041,260295,33756,33648,2346,35994,288
2022-04-07,Mariposa,043,17540,2404,2394,204,2598,29
2022-04-07,Mendocino,045,87422,13096,13087,3055,16142,120
2022-04-07,Merced,047,269075,62216,62231,8708,70939,811
2022-04-07,Modoc,049,8938,742,743,252,995,8
2022-04-07,Mono,051,14174,2970,2967,123,3090,6
2022-04-07,Monterey,053,433212,79522,79103,13989,93092,727
2022-04-07,Napa,055,140530,25909,25824,977,26801,144
2022-04-07,Nevada,057,99092,15991,15976,1219,17195,123
2022-04-07,Orange,059,3164182,547786,546983,41760,588743,6912
2022-04-07,Placer,061,380077,62880,62831,7420,70251,616
2022-04-07,Plumas,063,18699,2973,2887,371,3258,13
2022-04-07,Riverside,065,2383286,591992,591268,28207,619475,6429
2022-04-07,Sacramento,067,1510023,281298,277125,27284,304409,2972
2022-04-07,San Benito,069,59416,12907,12917,518,13435,98
2022-04-07,San Bernardino,071,2135413,569259,562571,25177,587748,6892
2022-04-07,San Diego,073,3302833,753005,754281,52767,807048,5210
2022-04-07,San Francisco,075,870044,126104,125963,8428,134391,844
2022-04-07,San Joaquin,077,732212,166585,166547,10078,176625,2212
2022-04-07,San Luis Obispo,079,281455,52568,52609,3824,56433,476
2022-04-07,San Mateo,081,765935,122700,121514,7104,128618,698
2022-04-07,Santa Barbara,083,443738,86004,85754,4794,90548,680
2022-04-07,Santa Clara,085,1922200,313101,313965,12610,326575,2266
2022-04-07,Santa Cruz,087,273765,48120,47624,2156,49780,259
2022-04-07,Shasta,089,179085,30580,30586,6152,36738,549
2022-04-07,Sierra,091,2930,274,272,48,320,4
2022-04-07,Siskiyou,093,43540,4449,4444,2752,7196,80
2022-04-07,Solano,095,438530,81655,81886,5643,87529,448
2022-04-07,Sonoma,097,501317,83982,83600,2681,86281,485
2022-04-07,Stanislaus,099,539301,117527,117528,17742,135270,1578
2022-04-07,Sutter,101,95872,20508,20591,2128,22719,223
2022-04-07,Tehama,103,63373,12043,12059,2620,14679,201
2022-04-07,Trinity,105,12862,1183,1177,295,1472,20
2022-04-07,Tulare,107,460477,106513,105278,28548,133826,1415
2022-04-07,Tuolumne,109,53932,12653,12632,570,13202,180
2022-04-07,Ventura,111,848112,173615,173343,9521,182864,1467
2022-04-07,Yolo,113,214977,37162,36587,3240,39827,312
2022-04-07,Yuba,115,75493,15856,15848,1221,17069,121
2022-04-06,Alameda,001,1643700,257489,256143,14226,270369,1814
2022-04-06,Alpine,003,1148,124,124,1,125,0
2022-04-06,Amador,005,37829,8536,8488,653,9141,86
2022-04-06,Butte,007,227075,33099,32997,6767,39764,396
2022-04-06,Calaveras,009,45235,7272,7258,356,7614,120
2022-04-06,Colusa,011,21464,3445,3447,1074,4521,21
2022-04-06,Contra Costa,013,1133247,189267,188850,13341,202191,1296
2022-04-06,Del Norte,015,27424,5802,5809,197,6006,50
2022-04-06,El Dorado,017,186661,26788,26744,3254,29998,205
2022-04-06,Fresno,019,978130,231536,230942,24075,255017,2725
2022-04-06,Glenn,021,27897,4982,4986,1606,6592,47
2022-04-06,Humboldt,023,135768,16909,16904,2979,19883,140
2022-04-06,Imperial,025,180216,55411,55294,10799,66093,908
2022-04-06,Inyo,027,18085,4076,4068,495,4563,56
2022-04-06,Kern,029,883053,191938,191449,46318,237767,2234
2022-04-06,Kings,031,150075,51525,51491,3629,55120,443
2022-04-06,Lake,033,64148,10707,10679,899,11578,136
2022-04-06,Lassen,035,31185,8964,8945,889,9834,65
2022-04-06,Los Angeles,037,10098052,2715881,2707306,124493,2831799,31465
2022-04-06,Madera,039,155013,37307,37349,6124,43473,354
2022-04-06,Marin,041,260295,33736,33566,2338,35904,288
2022-04-06,Mariposa,043,17540,2403,2392,204,2596,29
2022-04-06,Mendocino,045,87422,13092,13074,3054,16128,119
2022-04-06,Merced,047,269075,62207,62195,8705,70900,810
2022-04-06,Modoc,049,8938,742,741,252,993,8
2022-04-06,Mono,051,14174,2969,2967,123,3090,6
2022-04-06,Monterey,053,433212,79509,79019,13979,92998,727
2022-04-06,Napa,055,140530,25890,25790,973,26763,143
2022-04-06,Nevada,057,99092,15989,15974,1219,17193,123
2022-04-06,Orange,059,3164182,547615,546491,41733,588224,6887
2022-04-06,Placer,061,380077,62874,62787,7419,70206,615
2022-04-06,Plumas,063,18699,2973,2850,371,3221,13
2022-04-06,Riverside,065,2383286,591895,590826,28202,619028,6424
2022-04-06,Sacramento,067,1510023,281219,276567,27280,303847,2953
2022-04-06,San Benito,069,59416,12906,12908,518,13426,98
2022-04-06,San Bernardino,071,2135413,569128,561648,25175,586823,6883
2022-04-06,San Diego,073,3302833,752710,753402,52729,806131,5192
2022-04-06,San Francisco,075,870044,125944,125536,8421,133957,843
2022-04-06,San Joaquin,077,732212,166554,166415,10074,176489,2207
2022-04-06,San Luis Obispo,079,281455,52546,52557,3822,56379,475
2022-04-06,San Mateo,081,765935,122592,121041,7092,128133,693
2022-04-06,Santa Barbara,083,443738,85965,85630,4790,90420,679
2022-04-06,Santa Clara,085,1922200,312902,313278,12587,325865,2265
2022-04-06,Santa Cruz,087,273765,48065,47446,2150,49596,259
2022-04-06,Shasta,089,179085,30579,30565,6152,36717,529
2022-04-06,Sierra,091,2930,274,272,48,320,4
2022-04-06,Siskiyou,093,43540,4449,4442,2752,7194,80
2022-04-06,Solano,095,438530,81621,81789,5638,87427,447
2022-04-06,Sonoma,097,501317,83918,83361,2674,86035,485
2022-04-06,Stanislaus,099,539301,117511,117534,17736,135270,1578
2022-04-06,Sutter,101,95872,20503,20581,2128,22709,222
2022-04-06,Tehama,103,63373,12042,12049,2620,14669,198
2022-04-06,Trinity,105,12862,1183,1173,295,1468,20
2022-04-06,Tulare,107,460477,106507,104826,28543,133369,1414
2022-04-06,Tuolumne,109,53932,12651,12621,570,13191,180
2022-04-06,Ventura,111,848112,173561,173179,9516,182695,1460
2022-04-06,Yolo,113,214977,37134,36393,3239,39632,314
2022-04-06,Yuba,115,75493,15851,15839,1221,17060,121
2022-04-05,Alameda,001,1643700,257275,256143,14217,270360,1814
2022-04-05,Alpine,003,1148,124,124,1,125,0
2022-04-05,Amador,005,37829,8534,8488,653,9141,86
2022-04-05,Butte,007,227075,33093,32997,6763,39760,396
2022-04-05,Calaveras,009,45235,7268,7258,356,7614,120
2022-04-05,Colusa,011,21464,3443,3447,1073,4520,21
2022-04-05,Contra Costa,013,1133247,189171,188850,13334,202184,1296
2022-04-05,Del Norte,015,27424,5800,5809,197,6006,50
2022-04-05,El Dorado,017,186661,26776,26744,3254,29998,205
2022-04-05,Fresno,019,978130,231500,230942,24067,255009,2725
2022-04-05,Glenn,021,27897,4982,4986,1605,6591,47
2022-04-05,Humboldt,023,135768,16903,16904,2979,19883,140
2022-04-05,Imperial,025,180216,55409,55294,10799,66093,908
2022-04-05,Inyo,027,18085,4075,4068,494,4562,56
2022-04-05,Kern,029,883053,191918,191449,46315,237764,2234
2022-04-05,Kings,031,150075,51522,51491,3629,55120,443
2022-04-05,Lake,033,64148,10704,10679,899,11578,136
2022-04-05,Lassen,035,31185,8964,8945,889,9834,65
2022-04-05,Los Angeles,037,10098052,2714822,2707306,124418,2831724,31465
2022-04-05,Madera,039,155013,37300,37349,6122,43471,354
2022-04-05,Marin,041,260295,33681,33566,2323,35889,288
2022-04-05,Mariposa,043,17540,2403,2392,204,2596,29
2022-04-05,Mendocino,045,87422,13086,13074,3053,16127,119
2022-04-05,Merced,047,269075,62196,62195,8698,70893,810
2022-04-05,Modoc,049,8938,742,741,252,993,8
2022-04-05,Mono,051,14174,2968,2967,123,3090,6
2022-04-05,Monterey,053,433212,79486,79019,13967,92986,727
2022-04-05,Napa,055,140530,25881,25790,968,26758,143
2022-04-05,Nevada,057,99092,15981,15974,1219,17193,123
2022-04-05,Orange,059,3164182,547429,546491,41704,588195,6887
2022-04-05,Placer,061,380077,62848,62787,7419,70206,615
2022-04-05,Plumas,063,18699,2973,2850,371,3221,13
2022-04-05,Riverside,065,2383286,591774,590826,28190,619016,6424
2022-04-05,Sacramento,067,1510023,281140,276567,27275,303842,2953
2022-04-05,San Benito,069,59416,12898,12908,518,13426,98
2022-04-05,San Bernardino,071,2135413,569002,561648,25163,586811,6883
2022-04-05,San Diego,073,3302833,752402,753402,52685,806087,5192
2022-04-05,San Francisco,075,870044,125740,125536,8413,133949,843
2022-04-05,San Joaquin,077,732212,166512,166415,10071,176486,2207
2022-04-05,San Luis Obispo,079,281455,52529,52557,3817,56374,475
2022-04-05,San Mateo,081,765935,122475,121041,7081,128122,693
2022-04-05,Santa Barbara,083,443738,85929,85630,4788,90418,679
2022-04-05,Santa Clara,085,1922200,312642,313278,12574,325852,2265
2022-04-05,Santa Cruz,087,273765,47998,47446,2147,49593,259
2022-04-05,Shasta,089,179085,30579,30565,6150,36715,529
2022-04-05,Sierra,091,2930,274,272,48,320,4
2022-04-05,Siskiyou,093,43540,4449,4442,2752,7194,80
2022-04-05,Solano,095,438530,81571,81789,5635,87424,447
2022-04-05,Sonoma,097,501317,83854,83361,2665,86026,485
2022-04-05,Stanislaus,099,539301,117497,117534,17726,135260,1578
2022-04-05,Sutter,101,95872,20499,20581,2127,22708,222
2022-04-05,Tehama,103,63373,12040,12049,2619,14668,198
2022-04-05,Trinity,105,12862,1183,1173,295,1468,20
2022-04-05,Tulare,107,460477,106496,104826,28540,133366,1414
2022-04-05,Tuolumne,109,53932,12650,12621,570,13191,180
2022-04-05,Ventura,111,848112,173504,173179,9508,182687,1460
2022-04-05,Yolo,113,214977,37118,36393,3236,39629,314
2022-04-05,Yuba,115,75493,15849,15839,1221,17060,121
2022-04-04,Alameda,001,1643700,257042,256143,14203,270346,1814
2022-04-04,Alpine,003,1148,124,124,1,125,0
2022-04-04,Amador,005,37829,8533,8488,652,9140,86
2022-04-04,Butte,007,227075,33088,32997,6760,39757,396
2022-04-04,Calaveras,009,45235,7268,7258,356,7614,120
2022-04-04,Colusa,011,21464,3442,3447,1073,4520,21
2022-04-04,Contra Costa,013,1133247,189071,188850,13326,202176,1296
2022-04-04,Del Norte,015,27424,5800,5809,197,6006,50
2022-04-04,El Dorado,017,186661,26771,26744,3252,29996,205
2022-04-04,Fresno,019,978130,231482,230942,24062,255004,2725
2022-04-04,Glenn,021,27897,4981,4986,1605,6591,47
2022-04-04,Humboldt,023,135768,16895,16904,2974,19878,140
2022-04-04,Imperial,025,180216,55404,55294,10799,66093,908
2022-04-04,Inyo,027,18085,4075,4068,492,4560,56
2022-04-04,Kern,029,883053,191896,191449,46309,237758,2234
2022-04-04,Kings,031,150075,51515,51491,3629,55120,443
2022-04-04,Lake,033,64148,10699,10679,899,11578,136
2022-04-04,Lassen,035,31185,8964,8945,889,9834,65
2022-04-04,Los Angeles,037,10098052,2713722,2707306,124371,2831677,31465
2022-04-04,Madera,039,155013,37296,37349,6122,43471,354
2022-04-04,Marin,041,260295,33664,33566,2314,35880,288
2022-04-04,Mariposa,043,17540,2402,2392,204,2596,29
2022-04-04,Mendocino,045,87422,13080,13074,3051,16125,119
2022-04-04,Merced,047,269075,62186,62195,8693,70888,810
2022-04-04,Modoc,049,8938,742,741,252,993,8
2022-04-04,Mono,051,14174,2968,2967,123,3090,6
2022-04-04,Monterey,053,433212,79470,79019,13961,92980,727
2022-04-04,Napa,055,140530,25864,25790,967,26757,143
2022-04-04,Nevada,057,99092,15977,15974,1218,17192,123
2022-04-04,Orange,059,3164182,547262,546491,41678,588169,6887
2022-04-04,Placer,061,380077,62838,62787,7418,70205,615
2022-04-04,Plumas,063,18699,2972,2850,371,3221,13
2022-04-04,Riverside,065,2383286,591682,590826,28178,619004,6424
2022-04-04,Sacramento,067,1510023,281048,276567,27265,303832,2953
2022-04-04,San Benito,069,59416,12895,12908,518,13426,98
2022-04-04,San Bernardino,071,2135413,568868,561648,25155,586803,6883
2022-04-04,San Diego,073,3302833,752083,753402,52648,806050,5192
2022-04-04,San Francisco,075,870044,125542,125536,8404,133940,843
2022-04-04,San Joaquin,077,732212,166486,166415,10068,176483,2207
2022-04-04,San Luis Obispo,079,281455,52506,52557,3815,56372,475
2022-04-04,San Mateo,081,765935,122339,121041,7067,128108,693
2022-04-04,Santa Barbara,083,443738,85884,85630,4787,90417,679
2022-04-04,Santa Clara,085,1922200,312373,313278,12562,325840,2265
2022-04-04,Santa Cruz,087,273765,47951,47446,2146,49592,259
2022-04-04,Shasta,089,179085,30576,30565,6149,36714,529
2022-04-04,Sierra,091,2930,274,272,48,320,4
2022-04-04,Siskiyou,093,43540,4449,4442,2752,7194,80
2022-04-04,Solano,095,438530,81526,81789,5632,87421,447
2022-04-04,Sonoma,097,501317,83799,83361,2658,86019,485
2022-04-04,Stanislaus,099,539301,117476,117534,17718,135252,1578
2022-04-04,Sutter,101,95872,20496,20581,2127,22708,222
2022-04-04,Tehama,103,63373,12038,12049,2619,14668,198
2022-04-04,Trinity,105,12862,1183,1173,295,1468,20
2022-04-04,Tulare,107,460477,106487,104826,28536,133362,1414
2022-04-04,Tuolumne,109,53932,12643,12621,570,13191,180
2022-04-04,Ventura,111,848112,173464,173179,9506,182685,1460
2022-04-04,Yolo,113,214977,37100,36393,3234,39627,314
2022-04-04,Yuba,115,75493,15847,15839,1221,17060,121
2022-04-03,Alameda,001,1643700,256782,255650,14201,269851,1813
2022-04-03,Alpine,003,1148,124,124,1,125,0
2022-04-03,Amador,005,37829,8532,8485,652,9137,86
2022-04-03,Butte,007,227075,33081,32981,6758,39739,396
2022-04-03,Calaveras,009,45235,7268,7254,356,7610,119
2022-04-03,Colusa,011,21464,3442,3445,1073,4518,21
2022-04-03,Contra Costa,013,1133247,188965,188658,13316,201974,1291
2022-04-03,Del Norte,015,27424,5800,5812,197,6009,50
2022-04-03,El Dorado,017,186661,26757,26732,3250,29982,200
2022-04-03,Fresno,019,978130,231449,230559,24060,254619,2722
2022-04-03,Glenn,021,27897,4981,4982,1605,6587,47
2022-04-03,Humboldt,023,135768,16890,16898,2974,19872,140
2022-04-03,Imperial,025,180216,55402,55266,10796,66062,908
2022-04-03,Inyo,027,18085,4073,4063,492,4555,56
2022-04-03,Kern,029,883053,191871,191384,46304,237688,2224
2022-04-03,Kings,031,150075,51509,51470,3627,55097,443
2022-04-03,Lake,033,64148,10697,10674,899,11573,136
2022-04-03,Lassen,035,31185,8963,8943,889,9832,65
2022-04-03,Los Angeles,037,10098052,2712528,2703576,124286,2827862,31410
2022-04-03,Madera,039,155013,37294,37333,6120,43453,354
2022-04-03,Marin,041,260295,33629,33493,2305,35798,287
2022-04-03,Mariposa,043,17540,2401,2391,204,2595,29
2022-04-03,Mendocino,045,87422,13074,13058,3049,16107,119
2022-04-03,Merced,047,269075,62171,62149,8689,70838,808
2022-04-03,Modoc,049,8938,741,741,252,993,8
2022-04-03,Mono,051,14174,2968,2967,123,3090,6
2022-04-03,Monterey,053,433212,79452,78964,13936,92900,726
2022-04-03,Napa,055,140530,25844,25757,966,26723,143
2022-04-03,Nevada,057,99092,15971,15962,1217,17179,123
2022-04-03,Orange,059,3164182,547060,546047,41652,587699,6880
2022-04-03,Placer,061,380077,62812,62740,7413,70153,614
2022-04-03,Plumas,063,18699,2971,2803,371,3174,14
2022-04-03,Riverside,065,2383286,591525,590563,28161,618724,6418
2022-04-03,Sacramento,067,1510023,280972,276218,27251,303469,2950
2022-04-03,San Benito,069,59416,12891,12901,518,13419,98
2022-04-03,San Bernardino,071,2135413,568722,561362,25150,586512,6865
2022-04-03,San Diego,073,3302833,751752,752281,52611,804892,5178
2022-04-03,San Francisco,075,870044,125311,125075,8398,133473,843
2022-04-03,San Joaquin,077,732212,166429,166336,10063,176399,2202
2022-04-03,San Luis Obispo,079,281455,52487,52512,3815,56327,475
2022-04-03,San Mateo,081,765935,122199,120717,7060,127777,693
2022-04-03,Santa Barbara,083,443738,85839,85611,4785,90396,678
2022-04-03,Santa Clara,085,1922200,312074,312517,12552,325069,2258
2022-04-03,Santa Cruz,087,273765,47897,47371,2144,49515,259
2022-04-03,Shasta,089,179085,30566,30556,6148,36704,530
2022-04-03,Sierra,091,2930,274,273,48,321,4
2022-04-03,Siskiyou,093,43540,4449,4439,2752,7191,80
2022-04-03,Solano,095,438530,81485,81848,5627,87475,446
2022-04-03,Sonoma,097,501317,83721,83235,2650,85885,485
2022-04-03,Stanislaus,099,539301,117445,117536,17712,135248,1581
2022-04-03,Sutter,101,95872,20493,20570,2127,22697,222
2022-04-03,Tehama,103,63373,12035,12046,2619,14665,198
2022-04-03,Trinity,105,12862,1183,1173,295,1468,20
2022-04-03,Tulare,107,460477,106480,104736,28527,133263,1410
2022-04-03,Tuolumne,109,53932,12642,12618,570,13188,180
2022-04-03,Ventura,111,848112,173411,173044,9502,182546,1460
2022-04-03,Yolo,113,214977,37076,36347,3232,39579,313
2022-04-03,Yuba,115,75493,15845,15835,1221,17056,120
2022-04-02,Alameda,001,1643700,256678,255650,14200,269850,1813
2022-04-02,Alpine,003,1148,124,124,1,125,0
2022-04-02,Amador,005,37829,8532,8485,652,9137,86
2022-04-02,Butte,007,227075,33077,32981,6758,39739,396
2022-04-02,Calaveras,009,45235,7268,7254,356,7610,119
2022-04-02,Colusa,011,21464,3442,3445,1073,4518,21
2022-04-02,Contra Costa,013,1133247,188906,188658,13313,201971,1291
2022-04-02,Del Norte,015,27424,5799,5812,197,6009,50
2022-04-02,El Dorado,017,186661,26754,26732,3250,29982,200
2022-04-02,Fresno,019,978130,231421,230559,24059,254618,2722
2022-04-02,Glenn,021,27897,4981,4982,1605,6587,47
2022-04-02,Humboldt,023,135768,16886,16898,2974,19872,140
2022-04-02,Imperial,025,180216,55398,55266,10796,66062,908
2022-04-02,Inyo,027,18085,4073,4063,492,4555,56
2022-04-02,Kern,029,883053,191857,191384,46300,237684,2224
2022-04-02,Kings,031,150075,51506,51470,3627,55097,443
2022-04-02,Lake,033,64148,10696,10674,899,11573,136
2022-04-02,Lassen,035,31185,8963,8943,889,9832,65
2022-04-02,Los Angeles,037,10098052,2712020,2703576,124246,2827822,31410
2022-04-02,Madera,039,155013,37291,37333,6120,43453,354
2022-04-02,Marin,041,260295,33606,33493,2297,35790,287
2022-04-02,Mariposa,043,17540,2400,2391,204,2595,29
2022-04-02,Mendocino,045,87422,13072,13058,3049,16107,119
2022-04-02,Merced,047,269075,62168,62149,8689,70838,808
2022-04-02,Modoc,049,8938,741,741,252,993,8
2022-04-02,Mono,051,14174,2968,2967,122,3089,6
2022-04-02,Monterey,053,433212,79439,78964,13930,92894,726
2022-04-02,Napa,055,140530,25830,25757,965,26722,143
2022-04-02,Nevada,057,99092,15967,15962,1216,17178,123
2022-04-02,Orange,059,3164182,546954,546047,41639,587686,6880
2022-04-02,Placer,061,380077,62801,62740,7411,70151,614
2022-04-02,Plumas,063,18699,2971,2803,371,3174,14
2022-04-02,Riverside,065,2383286,591451,590563,28156,618719,6418
2022-04-02,Sacramento,067,1510023,280934,276218,27250,303468,2950
2022-04-02,San Benito,069,59416,12890,12901,518,13419,98
2022-04-02,San Bernardino,071,2135413,568670,561362,25146,586508,6865
2022-04-02,San Diego,073,3302833,751627,752281,52602,804883,5178
2022-04-02,San Francisco,075,870044,125207,125075,8389,133464,843
2022-04-02,San Joaquin,077,732212,166408,166336,10061,176397,2202
2022-04-02,San Luis Obispo,079,281455,52482,52512,3815,56327,475
2022-04-02,San Mateo,081,765935,122104,120717,7051,127768,693
2022-04-02,Santa Barbara,083,443738,85820,85611,4784,90395,678
2022-04-02,Santa Clara,085,1922200,311908,312517,12548,325065,2258
2022-04-02,Santa Cruz,087,273765,47885,47371,2143,49514,259
2022-04-02,Shasta,089,179085,30565,30556,6148,36704,530
2022-04-02,Sierra,091,2930,274,273,48,321,4
2022-04-02,Siskiyou,093,43540,4448,4439,2751,7190,80
2022-04-02,Solano,095,438530,81470,81848,5627,87475,446
2022-04-02,Sonoma,097,501317,83673,83235,2644,85879,485
2022-04-02,Stanislaus,099,539301,117436,117536,17710,135246,1581
2022-04-02,Sutter,101,95872,20488,20570,2127,22697,222
2022-04-02,Tehama,103,63373,12035,12046,2619,14665,198
2022-04-02,Trinity,105,12862,1183,1173,295,1468,20
2022-04-02,Tulare,107,460477,106477,104736,28527,133263,1410
2022-04-02,Tuolumne,109,53932,12640,12618,570,13188,180
2022-04-02,Ventura,111,848112,173371,173044,9502,182546,1460
2022-04-02,Yolo,113,214977,37062,36347,3229,39576,313
2022-04-02,Yuba,115,75493,15844,15835,1221,17056,120
2022-04-01,Alameda,001,1643700,256563,255650,14196,269846,1813
2022-04-01,Alpine,003,1148,124,124,1,125,0
2022-04-01,Amador,005,37829,8532,8485,652,9137,86
2022-04-01,Butte,007,227075,33073,32981,6754,39735,396
2022-04-01,Calaveras,009,45235,7266,7254,356,7610,119
2022-04-01,Colusa,011,21464,3441,3445,1073,4518,21
2022-04-01,Contra Costa,013,1133247,188853,188658,13312,201970,1291
2022-04-01,Del Norte,015,27424,5797,5812,197,6009,50
2022-04-01,El Dorado,017,186661,26751,26732,3249,29981,200
2022-04-01,Fresno,019,978130,231395,230559,24057,254616,2722
2022-04-01,Glenn,021,27897,4981,4982,1605,6587,47
2022-04-01,Humboldt,023,135768,16884,16898,2974,19872,140
2022-04-01,Imperial,025,180216,55396,55266,10796,66062,908
2022-04-01,Inyo,027,18085,4071,4063,491,4554,56
2022-04-01,Kern,029,883053,191846,191384,46297,237681,2224
2022-04-01,Kings,031,150075,51503,51470,3627,55097,443
2022-04-01,Lake,033,64148,10694,10674,899,11573,136
2022-04-01,Lassen,035,31185,8962,8943,889,9832,65
2022-04-01,Los Angeles,037,10098052,2711522,2703576,124203,2827779,31410
2022-04-01,Madera,039,155013,37290,37333,6120,43453,354
2022-04-01,Marin,041,260295,33588,33493,2290,35783,287
2022-04-01,Mariposa,043,17540,2397,2391,204,2595,29
2022-04-01,Mendocino,045,87422,13069,13058,3048,16106,119
2022-04-01,Merced,047,269075,62161,62149,8687,70836,808
2022-04-01,Modoc,049,8938,741,741,252,993,8
2022-04-01,Mono,051,14174,2968,2967,122,3089,6
2022-04-01,Monterey,053,433212,79421,78964,13927,92891,726
2022-04-01,Napa,055,140530,25821,25757,965,26722,143
2022-04-01,Nevada,057,99092,15967,15962,1215,17177,123
2022-04-01,Orange,059,3164182,546846,546047,41629,587676,6880
2022-04-01,Placer,061,380077,62787,62740,7411,70151,614
2022-04-01,Plumas,063,18699,2971,2803,370,3173,14
2022-04-01,Riverside,065,2383286,591385,590563,28142,618705,6418
2022-04-01,Sacramento,067,1510023,280895,276218,27246,303464,2950
2022-04-01,San Benito,069,59416,12889,12901,518,13419,98
2022-04-01,San Bernardino,071,2135413,568614,561362,25142,586504,6865
2022-04-01,San Diego,073,3302833,751479,752281,52587,804868,5178
2022-04-01,San Francisco,075,870044,125096,125075,8382,133457,843
2022-04-01,San Joaquin,077,732212,166388,166336,10059,176395,2202
2022-04-01,San Luis Obispo,079,281455,52476,52512,3814,56326,475
2022-04-01,San Mateo,081,765935,122042,120717,7045,127762,693
2022-04-01,Santa Barbara,083,443738,85800,85611,4784,90395,678
2022-04-01,Santa Clara,085,1922200,311758,312517,12547,325064,2258
2022-04-01,Santa Cruz,087,273765,47870,47371,2141,49512,259
2022-04-01,Shasta,089,179085,30564,30556,6148,36704,530
2022-04-01,Sierra,091,2930,274,273,48,321,4
2022-04-01,Siskiyou,093,43540,4448,4439,2750,7189,80
2022-04-01,Solano,095,438530,81455,81848,5627,87475,446
2022-04-01,Sonoma,097,501317,83629,83235,2643,85878,485
2022-04-01,Stanislaus,099,539301,117425,117536,17707,135243,1581
2022-04-01,Sutter,101,95872,20488,20570,2127,22697,222
2022-04-01,Tehama,103,63373,12035,12046,2619,14665,198
2022-04-01,Trinity,105,12862,1183,1173,295,1468,20
2022-04-01,Tulare,107,460477,106472,104736,28523,133259,1410
2022-04-01,Tuolumne,109,53932,12639,12618,570,13188,180
2022-04-01,Ventura,111,848112,173340,173044,9498,182542,1460
2022-04-01,Yolo,113,214977,37046,36347,3228,39575,313
2022-04-01,Yuba,115,75493,15843,15835,1221,17056,120
2022-03-31,Alameda,001,1643700,256388,255650,14183,269833,1813
2022-03-31,Alpine,003,1148,124,124,1,125,0
2022-03-31,Amador,005,37829,8532,8485,652,9137,86
2022-03-31,Butte,007,227075,33069,32981,6751,39732,396
2022-03-31,Calaveras,009,45235,7263,7254,356,7610,119
2022-03-31,Colusa,011,21464,3440,3445,1073,4518,21
2022-03-31,Contra Costa,013,1133247,188757,188658,13306,201964,1291
2022-03-31,Del Norte,015,27424,5796,5812,197,6009,50
2022-03-31,El Dorado,017,186661,26744,26732,3249,29981,200
2022-03-31,Fresno,019,978130,231359,230559,24032,254591,2722
2022-03-31,Glenn,021,27897,4979,4982,1605,6587,47
2022-03-31,Humboldt,023,135768,16880,16898,2974,19872,140
2022-03-31,Imperial,025,180216,55393,55266,10795,66061,908
2022-03-31,Inyo,027,18085,4070,4063,488,4551,56
2022-03-31,Kern,029,883053,191830,191384,46288,237672,2224
2022-03-31,Kings,031,150075,51494,51470,3627,55097,443
2022-03-31,Lake,033,64148,10693,10674,898,11572,136
2022-03-31,Lassen,035,31185,8960,8943,889,9832,65
2022-03-31,Los Angeles,037,10098052,2710776,2703576,124150,2827726,31410
2022-03-31,Madera,039,155013,37287,37333,6120,43453,354
2022-03-31,Marin,041,260295,33562,33493,2278,35771,287
2022-03-31,Mariposa,043,17540,2396,2391,203,2594,29
2022-03-31,Mendocino,045,87422,13065,13058,3048,16106,119
2022-03-31,Merced,047,269075,62156,62149,8684,70833,808
2022-03-31,Modoc,049,8938,741,741,252,993,8
2022-03-31,Mono,051,14174,2968,2967,122,3089,6
2022-03-31,Monterey,053,433212,79404,78964,13915,92879,726
2022-03-31,Napa,055,140530,25812,25757,963,26720,143
2022-03-31,Nevada,057,99092,15960,15962,1214,17176,123
2022-03-31,Orange,059,3164182,546698,546047,41614,587661,6880
2022-03-31,Placer,061,380077,62762,62740,7408,70148,614
2022-03-31,Plumas,063,18699,2971,2803,369,3172,14
2022-03-31,Riverside,065,2383286,591274,590563,28138,618701,6418
2022-03-31,Sacramento,067,1510023,280822,276218,27238,303456,2950
2022-03-31,San Benito,069,59416,12888,12901,518,13419,98
2022-03-31,San Bernardino,071,2135413,568517,561362,25130,586492,6865
2022-03-31,San Diego,073,3302833,751243,752281,52560,804841,5178
2022-03-31,San Francisco,075,870044,124937,125075,8369,133444,843
2022-03-31,San Joaquin,077,732212,166354,166336,10045,176381,2202
2022-03-31,San Luis Obispo,079,281455,52462,52512,3813,56325,475
2022-03-31,San Mateo,081,765935,121932,120717,7043,127760,693
2022-03-31,Santa Barbara,083,443738,85771,85611,4784,90395,678
2022-03-31,Santa Clara,085,1922200,311530,312517,12533,325050,2258
2022-03-31,Santa Cruz,087,273765,47851,47371,2139,49510,259
2022-03-31,Shasta,089,179085,30558,30556,6148,36704,530
2022-03-31,Sierra,091,2930,271,273,48,321,4
2022-03-31,Siskiyou,093,43540,4446,4439,2750,7189,80
2022-03-31,Solano,095,438530,81426,81848,5624,87472,446
2022-03-31,Sonoma,097,501317,83586,83235,2637,85872,485
2022-03-31,Stanislaus,099,539301,117407,117536,17702,135238,1581
2022-03-31,Sutter,101,95872,20485,20570,2126,22696,222
2022-03-31,Tehama,103,63373,12035,12046,2618,14664,198
2022-03-31,Trinity,105,12862,1183,1173,295,1468,20
2022-03-31,Tulare,107,460477,106463,104736,28515,133251,1410
2022-03-31,Tuolumne,109,53932,12638,12618,570,13188,180
2022-03-31,Ventura,111,848112,173300,173044,9495,182539,1460
2022-03-31,Yolo,113,214977,37028,36347,3228,39575,313
2022-03-31,Yuba,115,75493,15843,15835,1218,17053,120
2022-03-30,Alameda,001,1643700,256257,255467,14175,269642,1812
2022-03-30,Alpine,003,1148,124,124,1,125,0
2022-03-30,Amador,005,37829,8532,8485,652,9137,86
2022-03-30,Butte,007,227075,33064,32968,6744,39712,396
2022-03-30,Calaveras,009,45235,7261,7253,355,7608,119
2022-03-30,Colusa,011,21464,3440,3445,1073,4518,21
2022-03-30,Contra Costa,013,1133247,188695,188496,13294,201790,1291
2022-03-30,Del Norte,015,27424,5794,5808,197,6005,50
2022-03-30,El Dorado,017,186661,26736,26722,3249,29971,200
2022-03-30,Fresno,019,978130,231348,230448,24026,254474,2720
2022-03-30,Glenn,021,27897,4978,4982,1605,6587,47
2022-03-30,Humboldt,023,135768,16877,16894,2974,19868,140
2022-03-30,Imperial,025,180216,55389,55252,10792,66044,908
2022-03-30,Inyo,027,18085,4069,4062,486,4548,56
2022-03-30,Kern,029,883053,191802,191363,46283,237646,2219
2022-03-30,Kings,031,150075,51488,51446,3625,55071,443
2022-03-30,Lake,033,64148,10691,10674,898,11572,136
2022-03-30,Lassen,035,31185,8960,8943,889,9832,65
2022-03-30,Los Angeles,037,10098052,2709951,2702536,124096,2826632,31384
2022-03-30,Madera,039,155013,37282,37330,6119,43449,354
2022-03-30,Marin,041,260295,33542,33453,2259,35712,287
2022-03-30,Mariposa,043,17540,2396,2390,203,2593,27
2022-03-30,Mendocino,045,87422,13061,13055,3045,16100,118
2022-03-30,Merced,047,269075,62150,62136,8678,70814,808
2022-03-30,Modoc,049,8938,741,739,252,991,8
2022-03-30,Mono,051,14174,2967,2967,122,3089,6
2022-03-30,Monterey,053,433212,79387,78911,13908,92819,726
2022-03-30,Napa,055,140530,25800,25745,962,26707,141
2022-03-30,Nevada,057,99092,15957,15960,1212,17172,123
2022-03-30,Orange,059,3164182,546544,545895,41591,587486,6876
2022-03-30,Placer,061,380077,62747,62705,7404,70109,614
2022-03-30,Plumas,063,18699,2971,2762,367,3129,13
2022-03-30,Riverside,065,2383286,591191,590437,28124,618561,6411
2022-03-30,Sacramento,067,1510023,280754,276081,27231,303312,2949
2022-03-30,San Benito,069,59416,12884,12898,518,13416,98
2022-03-30,San Bernardino,071,2135413,568433,561153,25125,586278,6863
2022-03-30,San Diego,073,3302833,751011,751684,52534,804218,5169
2022-03-30,San Francisco,075,870044,124831,124930,8358,133288,841
2022-03-30,San Joaquin,077,732212,166326,166299,10039,176338,2201
2022-03-30,San Luis Obispo,079,281455,52449,52484,3809,56293,475
2022-03-30,San Mateo,081,765935,121830,120548,7043,127591,693
2022-03-30,Santa Barbara,083,443738,85749,85488,4781,90269,677
2022-03-30,Santa Clara,085,1922200,311347,312253,12513,324766,2258
2022-03-30,Santa Cruz,087,273765,47795,47340,2138,49478,259
2022-03-30,Shasta,089,179085,30555,30555,6148,36703,530
2022-03-30,Sierra,091,2930,271,273,48,321,4
2022-03-30,Siskiyou,093,43540,4446,4439,2750,7189,80
2022-03-30,Solano,095,438530,81407,81816,5620,87436,443
2022-03-30,Sonoma,097,501317,83549,83163,2636,85799,485
2022-03-30,Stanislaus,099,539301,117394,117593,17699,135292,1559
2022-03-30,Sutter,101,95872,20480,20565,2126,22691,222
2022-03-30,Tehama,103,63373,12034,12045,2617,14662,198
2022-03-30,Trinity,105,12862,1182,1173,295,1468,20
2022-03-30,Tulare,107,460477,106457,104667,28509,133176,1410
2022-03-30,Tuolumne,109,53932,12636,12616,570,13186,180
2022-03-30,Ventura,111,848112,173259,172984,9487,182471,1460
2022-03-30,Yolo,113,214977,37018,36325,3225,39550,313
2022-03-30,Yuba,115,75493,15841,15830,1218,17048,120
2022-03-29,Alameda,001,1643700,256131,255261,14165,269426,1810
2022-03-29,Alpine,003,1148,124,124,1,125,0
2022-03-29,Amador,005,37829,8532,8483,652,9135,86
2022-03-29,Butte,007,227075,33061,32954,6743,39697,396
2022-03-29,Calaveras,009,45235,7260,7250,354,7604,119
2022-03-29,Colusa,011,21464,3440,3445,1073,4518,21
2022-03-29,Contra Costa,013,1133247,188607,188359,13286,201645,1290
2022-03-29,Del Norte,015,27424,5794,5806,196,6002,50
2022-03-29,El Dorado,017,186661,26731,26706,3249,29955,200
2022-03-29,Fresno,019,978130,231320,230256,24020,254276,2718
2022-03-29,Glenn,021,27897,4977,4983,1605,6588,47
2022-03-29,Humboldt,023,135768,16874,16892,2971,19863,140
2022-03-29,Imperial,025,180216,55375,55233,10791,66024,908
2022-03-29,Inyo,027,18085,4067,4062,485,4547,56
2022-03-29,Kern,029,883053,191770,191338,46276,237614,2220
2022-03-29,Kings,031,150075,51480,51416,3624,55040,443
2022-03-29,Lake,033,64148,10687,10674,898,11572,136
2022-03-29,Lassen,035,31185,8959,8943,889,9832,65
2022-03-29,Los Angeles,037,10098052,2709123,2702005,124049,2826054,31378
2022-03-29,Madera,039,155013,37274,37325,6116,43441,354
2022-03-29,Marin,041,260295,33522,33431,2254,35685,287
2022-03-29,Mariposa,043,17540,2396,2388,202,2590,23
2022-03-29,Mendocino,045,87422,13057,13053,3044,16097,119
2022-03-29,Merced,047,269075,62138,62123,8677,70800,806
2022-03-29,Modoc,049,8938,739,737,252,989,8
2022-03-29,Mono,051,14174,2967,2966,122,3088,5
2022-03-29,Monterey,053,433212,79374,78774,13900,92674,725
2022-03-29,Napa,055,140530,25793,25732,962,26694,141
2022-03-29,Nevada,057,99092,15949,15956,1212,17168,123
2022-03-29,Orange,059,3164182,546396,545832,41575,587407,6871
2022-03-29,Placer,061,380077,62729,62687,7399,70086,614
2022-03-29,Plumas,063,18699,2969,2761,367,3128,13
2022-03-29,Riverside,065,2383286,591091,590359,28116,618475,6403
2022-03-29,Sacramento,067,1510023,280688,276040,27218,303258,2946
2022-03-29,San Benito,069,59416,12882,12892,518,13410,97
2022-03-29,San Bernardino,071,2135413,568336,561026,25115,586141,6860
2022-03-29,San Diego,073,3302833,750767,751240,52512,803752,5159
2022-03-29,San Francisco,075,870044,124680,124789,8352,133141,840
2022-03-29,San Joaquin,077,732212,166289,166241,10031,176272,2198
2022-03-29,San Luis Obispo,079,281455,52433,52455,3805,56260,472
2022-03-29,San Mateo,081,765935,121736,120435,7040,127475,686
2022-03-29,Santa Barbara,083,443738,85726,85464,4781,90245,676
2022-03-29,Santa Clara,085,1922200,311107,312067,12495,324562,2259
2022-03-29,Santa Cruz,087,273765,47775,47323,2137,49460,259
2022-03-29,Shasta,089,179085,30548,30552,6145,36697,529
2022-03-29,Sierra,091,2930,271,273,48,321,4
2022-03-29,Siskiyou,093,43540,4446,4439,2749,7188,80
2022-03-29,Solano,095,438530,81384,81713,5617,87330,441
2022-03-29,Sonoma,097,501317,83515,83130,2630,85760,485
2022-03-29,Stanislaus,099,539301,117375,117683,17693,135376,1559
2022-03-29,Sutter,101,95872,20478,20556,2125,22681,221
2022-03-29,Tehama,103,63373,12032,12045,2617,14662,198
2022-03-29,Trinity,105,12862,1182,1173,295,1468,20
2022-03-29,Tulare,107,460477,106452,104622,28503,133125,1406
2022-03-29,Tuolumne,109,53932,12633,12615,570,13185,180
2022-03-29,Ventura,111,848112,173204,172946,9486,182432,1460
2022-03-29,Yolo,113,214977,37005,36296,3224,39520,313
2022-03-29,Yuba,115,75493,15837,15824,1217,17041,117
2022-03-28,Alameda,001,1643700,255979,255192,14154,269346,1808
2022-03-28,Alpine,003,1148,124,124,1,125,0
2022-03-28,Amador,005,37829,8531,8480,652,9132,86
2022-03-28,Butte,007,227075,33044,32947,6742,39689,392
2022-03-28,Calaveras,009,45235,7260,7247,354,7601,119
2022-03-28,Colusa,011,21464,3440,3445,1073,4518,21
2022-03-28,Contra Costa,013,1133247,188526,188305,13281,201586,1290
2022-03-28,Del Norte,015,27424,5792,5834,196,6030,50
2022-03-28,El Dorado,017,186661,26724,26703,3247,29950,200
2022-03-28,Fresno,019,978130,231292,230144,24003,254147,2717
2022-03-28,Glenn,021,27897,4977,4983,1605,6588,47
2022-03-28,Humboldt,023,135768,16873,16916,2971,19887,140
2022-03-28,Imperial,025,180216,55364,55245,10791,66036,909
2022-03-28,Inyo,027,18085,4066,4062,485,4547,56
2022-03-28,Kern,029,883053,191746,191333,46266,237599,2212
2022-03-28,Kings,031,150075,51467,51405,3624,55029,443
2022-03-28,Lake,033,64148,10685,10673,898,11571,136
2022-03-28,Lassen,035,31185,8959,8946,889,9835,63
2022-03-28,Los Angeles,037,10098052,2708240,2700997,124010,2825007,31349
2022-03-28,Madera,039,155013,37270,37324,6116,43440,354
2022-03-28,Marin,041,260295,33497,33391,2249,35640,287
2022-03-28,Mariposa,043,17540,2395,2388,202,2590,23
2022-03-28,Mendocino,045,87422,13055,13046,3043,16089,118
2022-03-28,Merced,047,269075,62128,62116,8672,70788,805
2022-03-28,Modoc,049,8938,738,736,252,988,7
2022-03-28,Mono,051,14174,2967,2966,122,3088,5
2022-03-28,Monterey,053,433212,79341,78784,13895,92679,724
2022-03-28,Napa,055,140530,25787,25723,961,26684,140
2022-03-28,Nevada,057,99092,15947,15969,1212,17181,123
2022-03-28,Orange,059,3164182,546264,545700,41547,587247,6860
2022-03-28,Placer,061,380077,62708,62687,7398,70085,613
2022-03-28,Plumas,063,18699,2968,2760,367,3127,13
2022-03-28,Riverside,065,2383286,590992,590298,28106,618404,6397
2022-03-28,Sacramento,067,1510023,280619,275889,27206,303095,2946
2022-03-28,San Benito,069,59416,12882,12889,518,13407,97
2022-03-28,San Bernardino,071,2135413,568253,560836,25102,585938,6858
2022-03-28,San Diego,073,3302833,750527,750659,52478,803137,5155
2022-03-28,San Francisco,075,870044,124540,124678,8341,133019,839
2022-03-28,San Joaquin,077,732212,166257,166247,10027,176274,2196
2022-03-28,San Luis Obispo,079,281455,52408,52434,3801,56235,470
2022-03-28,San Mateo,081,765935,121622,120337,7033,127370,686
2022-03-28,Santa Barbara,083,443738,85698,85442,4779,90221,675
2022-03-28,Santa Clara,085,1922200,310878,311953,12485,324438,2257
2022-03-28,Santa Cruz,087,273765,47742,47324,2137,49461,259
2022-03-28,Shasta,089,179085,30547,30550,6144,36694,527
2022-03-28,Sierra,091,2930,271,273,48,321,4
2022-03-28,Siskiyou,093,43540,4445,4438,2749,7187,80
2022-03-28,Solano,095,438530,81356,81704,5612,87316,441
2022-03-28,Sonoma,097,501317,83471,83105,2625,85730,485
2022-03-28,Stanislaus,099,539301,117363,117783,17688,135471,1562
2022-03-28,Sutter,101,95872,20473,20549,2125,22674,221
2022-03-28,Tehama,103,63373,12032,12041,2616,14657,200
2022-03-28,Trinity,105,12862,1182,1173,295,1468,20
2022-03-28,Tulare,107,460477,106440,104576,28496,133072,1404
2022-03-28,Tuolumne,109,53932,12633,12627,570,13197,180
2022-03-28,Ventura,111,848112,173164,172867,9485,182352,1455
2022-03-28,Yolo,113,214977,36987,36282,3222,39504,312
2022-03-28,Yuba,115,75493,15836,15821,1215,17036,117
2022-03-27,Alameda,001,1643700,255795,255132,14145,269277,1809
2022-03-27,Alpine,003,1148,124,124,1,125,0
2022-03-27,Amador,005,37829,8528,8480,652,9132,86
2022-03-27,Butte,007,227075,33031,32943,6735,39678,392
2022-03-27,Calaveras,009,45235,7258,7245,354,7599,119
2022-03-27,Colusa,011,21464,3440,3445,1072,4517,21
2022-03-27,Contra Costa,013,1133247,188411,188251,13262,201513,1290
2022-03-27,Del Norte,015,27424,5791,5836,196,6032,50
2022-03-27,El Dorado,017,186661,26710,26699,3244,29943,200
2022-03-27,Fresno,019,978130,231245,230049,23985,254034,2717
2022-03-27,Glenn,021,27897,4976,4983,1605,6588,47
2022-03-27,Humboldt,023,135768,16869,16920,2971,19891,140
2022-03-27,Imperial,025,180216,55351,55240,10788,66028,909
2022-03-27,Inyo,027,18085,4065,4062,483,4545,56
2022-03-27,Kern,029,883053,191708,191332,46260,237592,2213
2022-03-27,Kings,031,150075,51458,51400,3624,55024,443
2022-03-27,Lake,033,64148,10684,10672,897,11569,136
2022-03-27,Lassen,035,31185,8959,8946,889,9835,63
2022-03-27,Los Angeles,037,10098052,2707431,2700983,123963,2824946,31348
2022-03-27,Madera,039,155013,37266,37323,6114,43437,354
2022-03-27,Marin,041,260295,33460,33391,2239,35630,287
2022-03-27,Mariposa,043,17540,2395,2390,202,2592,23
2022-03-27,Mendocino,045,87422,13051,13046,3041,16087,118
2022-03-27,Merced,047,269075,62118,62110,8670,70780,805
2022-03-27,Modoc,049,8938,737,736,250,986,7
2022-03-27,Mono,051,14174,2967,2966,122,3088,5
2022-03-27,Monterey,053,433212,79320,78778,13883,92661,724
2022-03-27,Napa,055,140530,25772,25723,961,26684,140
2022-03-27,Nevada,057,99092,15943,15967,1210,17177,123
2022-03-27,Orange,059,3164182,546130,545644,41512,587156,6860
2022-03-27,Placer,061,380077,62689,62680,7397,70077,613
2022-03-27,Plumas,063,18699,2967,2760,365,3125,13
2022-03-27,Riverside,065,2383286,590906,590251,28095,618346,6395
2022-03-27,Sacramento,067,1510023,280538,275854,27199,303053,2941
2022-03-27,San Benito,069,59416,12877,12889,517,13406,97
2022-03-27,San Bernardino,071,2135413,568137,560853,25098,585951,6862
2022-03-27,San Diego,073,3302833,750272,750659,52455,803114,5155
2022-03-27,San Francisco,075,870044,124354,124619,8329,132948,839
2022-03-27,San Joaquin,077,732212,166221,166238,10023,176261,2196
2022-03-27,San Luis Obispo,079,281455,52387,52430,3799,56229,470
2022-03-27,San Mateo,081,765935,121518,120324,7027,127351,686
2022-03-27,Santa Barbara,083,443738,85662,85434,4777,90211,675
2022-03-27,Santa Clara,085,1922200,310666,311822,12478,324300,2257
2022-03-27,Santa Cruz,087,273765,47709,47321,2132,49453,259
2022-03-27,Shasta,089,179085,30543,30550,6142,36692,527
2022-03-27,Sierra,091,2930,271,273,48,321,4
2022-03-27,Siskiyou,093,43540,4445,4436,2748,7184,80
2022-03-27,Solano,095,438530,81315,81691,5609,87300,441
2022-03-27,Sonoma,097,501317,83418,83088,2621,85709,485
2022-03-27,Stanislaus,099,539301,117343,117778,17685,135463,1562
2022-03-27,Sutter,101,95872,20467,20545,2125,22670,221
2022-03-27,Tehama,103,63373,12032,12040,2616,14656,200
2022-03-27,Trinity,105,12862,1182,1173,295,1468,20
2022-03-27,Tulare,107,460477,106431,104582,28486,133068,1404
2022-03-27,Tuolumne,109,53932,12631,12628,570,13198,180
2022-03-27,Ventura,111,848112,173119,172831,9483,182314,1455
2022-03-27,Yolo,113,214977,36965,36232,3219,39451,312
2022-03-27,Yuba,115,75493,15833,15821,1208,17029,117
2022-03-26,Alameda,001,1643700,255715,254691,14144,268835,1803
2022-03-26,Alpine,003,1148,124,124,1,125,0
2022-03-26,Amador,005,37829,8528,8476,652,9128,86
2022-03-26,Butte,007,227075,33027,32929,6733,39662,391
2022-03-26,Calaveras,009,45235,7256,7240,354,7594,120
2022-03-26,Colusa,011,21464,3438,3445,1072,4517,21
2022-03-26,Contra Costa,013,1133247,188357,187990,13258,201248,1285
2022-03-26,Del Norte,015,27424,5789,5831,196,6027,50
2022-03-26,El Dorado,017,186661,26702,26674,3242,29916,200
2022-03-26,Fresno,019,978130,231222,229799,23984,253783,2710
2022-03-26,Glenn,021,27897,4976,4978,1605,6583,47
2022-03-26,Humboldt,023,135768,16865,16911,2971,19882,139
2022-03-26,Imperial,025,180216,55345,55230,10787,66017,913
2022-03-26,Inyo,027,18085,4065,4060,482,4542,56
2022-03-26,Kern,029,883053,191694,191288,46255,237543,2201
2022-03-26,Kings,031,150075,51457,51397,3624,55021,444
2022-03-26,Lake,033,64148,10684,10659,897,11556,136
2022-03-26,Lassen,035,31185,8959,8944,889,9833,63
2022-03-26,Los Angeles,037,10098052,2706973,2698028,123921,2821949,31291
2022-03-26,Madera,039,155013,37263,37321,6112,43433,354
2022-03-26,Marin,041,260295,33450,33317,2235,35552,287
2022-03-26,Mariposa,043,17540,2395,2386,202,2588,23
2022-03-26,Mendocino,045,87422,13047,13038,3041,16079,118
2022-03-26,Merced,047,269075,62112,62083,8668,70751,805
2022-03-26,Modoc,049,8938,737,736,250,986,7
2022-03-26,Mono,051,14174,2967,2966,122,3088,5
2022-03-26,Monterey,053,433212,79313,78688,13881,92569,724
2022-03-26,Napa,055,140530,25769,25701,961,26662,139
2022-03-26,Nevada,057,99092,15939,15960,1210,17170,123
2022-03-26,Orange,059,3164182,546053,545294,41501,586795,6853
2022-03-26,Placer,061,380077,62677,62634,7393,70027,613
2022-03-26,Plumas,063,18699,2967,2758,364,3122,13
2022-03-26,Riverside,065,2383286,590836,590060,28094,618154,6397
2022-03-26,Sacramento,067,1510023,280505,275529,27197,302726,2935
2022-03-26,San Benito,069,59416,12877,12885,517,13402,97
2022-03-26,San Bernardino,071,2135413,568078,560742,25094,585836,6840
2022-03-26,San Diego,073,3302833,750148,750170,52448,802618,5146
2022-03-26,San Francisco,075,870044,124248,124265,8320,132585,839
2022-03-26,San Joaquin,077,732212,166200,166079,10022,176101,2195
2022-03-26,San Luis Obispo,079,281455,52381,52369,3799,56168,469
2022-03-26,San Mateo,081,765935,121459,120165,7019,127184,684
2022-03-26,Santa Barbara,083,443738,85642,85477,4775,90252,674
2022-03-26,Santa Clara,085,1922200,310508,311189,12469,323658,2250
2022-03-26,Santa Cruz,087,273765,47698,47329,2132,49461,259
2022-03-26,Shasta,089,179085,30542,30542,6141,36683,527
2022-03-26,Sierra,091,2930,271,273,48,321,4
2022-03-26,Siskiyou,093,43540,4444,4433,2748,7181,80
2022-03-26,Solano,095,438530,81306,81659,5609,87268,441
2022-03-26,Sonoma,097,501317,83388,83113,2616,85729,485
2022-03-26,Stanislaus,099,539301,117336,117962,17684,135646,1565
2022-03-26,Sutter,101,95872,20465,20536,2125,22661,221
2022-03-26,Tehama,103,63373,12032,12036,2615,14651,195
2022-03-26,Trinity,105,12862,1182,1174,295,1469,20
2022-03-26,Tulare,107,460477,106424,104538,28485,133023,1400
2022-03-26,Tuolumne,109,53932,12629,12628,570,13198,180
2022-03-26,Ventura,111,848112,173078,172690,9479,182169,1455
2022-03-26,Yolo,113,214977,36956,36234,3219,39453,311
2022-03-26,Yuba,115,75493,15832,15807,1208,17015,117
2022-03-25,Alameda,001,1643700,255650,254691,14142,268833,1803
2022-03-25,Alpine,003,1148,124,124,1,125,0
2022-03-25,Amador,005,37829,8527,8476,652,9128,86
2022-03-25,Butte,007,227075,33022,32929,6732,39661,391
2022-03-25,Calaveras,009,45235,7255,7240,354,7594,120
2022-03-25,Colusa,011,21464,3438,3445,1072,4517,21
2022-03-25,Contra Costa,013,1133247,188309,187990,13254,201244,1285
2022-03-25,Del Norte,015,27424,5789,5831,196,6027,50
2022-03-25,El Dorado,017,186661,26698,26674,3242,29916,200
2022-03-25,Fresno,019,978130,231194,229799,23975,253774,2710
2022-03-25,Glenn,021,27897,4976,4978,1605,6583,47
2022-03-25,Humboldt,023,135768,16865,16911,2971,19882,139
2022-03-25,Imperial,025,180216,55340,55230,10786,66016,913
2022-03-25,Inyo,027,18085,4064,4060,482,4542,56
2022-03-25,Kern,029,883053,191684,191288,46254,237542,2201
2022-03-25,Kings,031,150075,51456,51397,3624,55021,444
2022-03-25,Lake,033,64148,10684,10659,897,11556,136
2022-03-25,Lassen,035,31185,8958,8944,889,9833,63
2022-03-25,Los Angeles,037,10098052,2706555,2698028,123890,2821918,31291
2022-03-25,Madera,039,155013,37262,37321,6111,43432,354
2022-03-25,Marin,041,260295,33435,33317,2226,35543,287
2022-03-25,Mariposa,043,17540,2395,2386,202,2588,23
2022-03-25,Mendocino,045,87422,13047,13038,3041,16079,118
2022-03-25,Merced,047,269075,62105,62083,8667,70750,805
2022-03-25,Modoc,049,8938,737,736,250,986,7
2022-03-25,Mono,051,14174,2966,2966,122,3088,5
2022-03-25,Monterey,053,433212,79302,78688,13878,92566,724
2022-03-25,Napa,055,140530,25762,25701,961,26662,139
2022-03-25,Nevada,057,99092,15938,15960,1210,17170,123
2022-03-25,Orange,059,3164182,545978,545294,41484,586778,6853
2022-03-25,Placer,061,380077,62671,62634,7390,70024,613
2022-03-25,Plumas,063,18699,2966,2758,364,3122,13
2022-03-25,Riverside,065,2383286,590777,590060,28083,618143,6397
2022-03-25,Sacramento,067,1510023,280463,275529,27195,302724,2935
2022-03-25,San Benito,069,59416,12877,12885,517,13402,97
2022-03-25,San Bernardino,071,2135413,568039,560742,25091,585833,6840
2022-03-25,San Diego,073,3302833,750026,750170,52438,802608,5146
2022-03-25,San Francisco,075,870044,124167,124265,8306,132571,839
2022-03-25,San Joaquin,077,732212,166186,166079,10019,176098,2195
2022-03-25,San Luis Obispo,079,281455,52378,52369,3798,56167,469
2022-03-25,San Mateo,081,765935,121407,120165,7019,127184,684
2022-03-25,Santa Barbara,083,443738,85627,85477,4773,90250,674
2022-03-25,Santa Clara,085,1922200,310357,311189,12464,323653,2250
2022-03-25,Santa Cruz,087,273765,47690,47329,2132,49461,259
2022-03-25,Shasta,089,179085,30538,30542,6140,36682,527
2022-03-25,Sierra,091,2930,271,273,48,321,4
2022-03-25,Siskiyou,093,43540,4442,4433,2746,7179,80
2022-03-25,Solano,095,438530,81292,81659,5607,87266,441
2022-03-25,Sonoma,097,501317,83351,83113,2616,85729,485
2022-03-25,Stanislaus,099,539301,117322,117962,17683,135645,1565
2022-03-25,Sutter,101,95872,20460,20536,2125,22661,221
2022-03-25,Tehama,103,63373,12030,12036,2615,14651,195
2022-03-25,Trinity,105,12862,1182,1174,295,1469,20
2022-03-25,Tulare,107,460477,106420,104538,28482,133020,1400
2022-03-25,Tuolumne,109,53932,12628,12628,570,13198,180
2022-03-25,Ventura,111,848112,173040,172690,9479,182169,1455
2022-03-25,Yolo,113,214977,36944,36234,3219,39453,311
2022-03-25,Yuba,115,75493,15827,15807,1207,17014,117
2022-03-24,Alameda,001,1643700,255533,254691,14125,268816,1803
2022-03-24,Alpine,003,1148,124,124,1,125,0
2022-03-24,Amador,005,37829,8527,8476,652,9128,86
2022-03-24,Butte,007,227075,33016,32929,6732,39661,391
2022-03-24,Calaveras,009,45235,7252,7240,354,7594,120
2022-03-24,Colusa,011,21464,3438,3445,1072,4517,21
2022-03-24,Contra Costa,013,1133247,188230,187990,13251,201241,1285
2022-03-24,Del Norte,015,27424,5785,5831,196,6027,50
2022-03-24,El Dorado,017,186661,26687,26674,3242,29916,200
2022-03-24,Fresno,019,978130,231153,229799,23963,253762,2710
2022-03-24,Glenn,021,27897,4975,4978,1605,6583,47
2022-03-24,Humboldt,023,135768,16860,16911,2969,19880,139
2022-03-24,Imperial,025,180216,55333,55230,10786,66016,913
2022-03-24,Inyo,027,18085,4063,4060,482,4542,56
2022-03-24,Kern,029,883053,191674,191288,46251,237539,2201
2022-03-24,Kings,031,150075,51447,51397,3622,55019,444
2022-03-24,Lake,033,64148,10683,10659,897,11556,136
2022-03-24,Lassen,035,31185,8957,8944,889,9833,63
2022-03-24,Los Angeles,037,10098052,2705993,2698028,123845,2821873,31291
2022-03-24,Madera,039,155013,37260,37321,6109,43430,354
2022-03-24,Marin,041,260295,33413,33317,2217,35534,287
2022-03-24,Mariposa,043,17540,2395,2386,202,2588,23
2022-03-24,Mendocino,045,87422,13041,13038,3038,16076,118
2022-03-24,Merced,047,269075,62098,62083,8666,70749,805
2022-03-24,Modoc,049,8938,737,736,250,986,7
2022-03-24,Mono,051,14174,2966,2966,122,3088,5
2022-03-24,Monterey,053,433212,79276,78688,13864,92552,724
2022-03-24,Napa,055,140530,25753,25701,961,26662,139
2022-03-24,Nevada,057,99092,15934,15960,1209,17169,123
2022-03-24,Orange,059,3164182,545876,545294,41467,586761,6853
2022-03-24,Placer,061,380077,62651,62634,7389,70023,613
2022-03-24,Plumas,063,18699,2966,2758,364,3122,13
2022-03-24,Riverside,065,2383286,590701,590060,28074,618134,6397
2022-03-24,Sacramento,067,1510023,280394,275529,27190,302719,2935
2022-03-24,San Benito,069,59416,12876,12885,516,13401,97
2022-03-24,San Bernardino,071,2135413,567955,560742,25087,585829,6840
2022-03-24,San Diego,073,3302833,749817,750170,52425,802595,5146
2022-03-24,San Francisco,075,870044,124086,124265,8300,132565,839
2022-03-24,San Joaquin,077,732212,166159,166079,10018,176097,2195
2022-03-24,San Luis Obispo,079,281455,52363,52369,3797,56166,469
2022-03-24,San Mateo,081,765935,121359,120165,7014,127179,684
2022-03-24,Santa Barbara,083,443738,85612,85477,4770,90247,674
2022-03-24,Santa Clara,085,1922200,310211,311189,12446,323635,2250
2022-03-24,Santa Cruz,087,273765,47673,47329,2131,49460,259
2022-03-24,Shasta,089,179085,30530,30542,6140,36682,527
2022-03-24,Sierra,091,2930,271,273,48,321,4
2022-03-24,Siskiyou,093,43540,4439,4433,2746,7179,80
2022-03-24,Solano,095,438530,81273,81659,5606,87265,441
2022-03-24,Sonoma,097,501317,83316,83113,2614,85727,485
2022-03-24,Stanislaus,099,539301,117312,117962,17680,135642,1565
2022-03-24,Sutter,101,95872,20455,20536,2125,22661,221
2022-03-24,Tehama,103,63373,12028,12036,2613,14649,195
2022-03-24,Trinity,105,12862,1182,1174,295,1469,20
2022-03-24,Tulare,107,460477,106409,104538,28476,133014,1400
2022-03-24,Tuolumne,109,53932,12626,12628,570,13198,180
2022-03-24,Ventura,111,848112,172997,172690,9478,182168,1455
2022-03-24,Yolo,113,214977,36938,36234,3215,39449,311
2022-03-24,Yuba,115,75493,15823,15807,1204,17011,117
2022-03-23,Alameda,001,1643700,255398,254559,14114,268673,1802
2022-03-23,Alpine,003,1148,124,124,1,125,0
2022-03-23,Amador,005,37829,8527,8475,652,9127,86
2022-03-23,Butte,007,227075,33002,32920,6731,39651,387
2022-03-23,Calaveras,009,45235,7247,7237,354,7591,120
2022-03-23,Colusa,011,21464,3437,3444,1072,4516,21
2022-03-23,Contra Costa,013,1133247,188131,187898,13239,201137,1279
2022-03-23,Del Norte,015,27424,5783,5830,196,6026,50
2022-03-23,El Dorado,017,186661,26681,26670,3242,29912,200
2022-03-23,Fresno,019,978130,231117,229656,23949,253605,2710
2022-03-23,Glenn,021,27897,4975,4975,1605,6580,47
2022-03-23,Humboldt,023,135768,16859,16908,2967,19875,139
2022-03-23,Imperial,025,180216,55327,55211,10785,65996,909
2022-03-23,Inyo,027,18085,4063,4060,482,4542,56
2022-03-23,Kern,029,883053,191657,191241,46246,237487,2196
2022-03-23,Kings,031,150075,51436,51384,3621,55005,442
2022-03-23,Lake,033,64148,10679,10658,896,11554,135
2022-03-23,Lassen,035,31185,8956,8944,888,9832,63
2022-03-23,Los Angeles,037,10098052,2705315,2697227,123814,2821041,31267
2022-03-23,Madera,039,155013,37255,37317,6105,43422,354
2022-03-23,Marin,041,260295,33387,33274,2212,35486,287
2022-03-23,Mariposa,043,17540,2393,2382,201,2583,11
2022-03-23,Mendocino,045,87422,13037,13033,3037,16070,118
2022-03-23,Merced,047,269075,62088,62056,8662,70718,805
2022-03-23,Modoc,049,8938,737,736,250,986,7
2022-03-23,Mono,051,14174,2966,2966,122,3088,5
2022-03-23,Monterey,053,433212,79259,78655,13839,92494,724
2022-03-23,Napa,055,140530,25740,25691,959,26650,139
2022-03-23,Nevada,057,99092,15932,15958,1209,17167,123
2022-03-23,Orange,059,3164182,545746,545158,41454,586612,6852
2022-03-23,Placer,061,380077,62632,62622,7387,70009,613
2022-03-23,Plumas,063,18699,2966,2747,364,3111,13
2022-03-23,Riverside,065,2383286,590628,589947,28069,618016,6388
2022-03-23,Sacramento,067,1510023,280332,275398,27183,302581,2934
2022-03-23,San Benito,069,59416,12875,12884,516,13400,97
2022-03-23,San Bernardino,071,2135413,567881,560550,25082,585632,6828
2022-03-23,San Diego,073,3302833,749623,749871,52402,802273,5143
2022-03-23,San Francisco,075,870044,123973,124110,8293,132403,838
2022-03-23,San Joaquin,077,732212,166121,166041,10011,176052,2187
2022-03-23,San Luis Obispo,079,281455,52346,52344,3791,56135,469
2022-03-23,San Mateo,081,765935,121275,120080,7004,127084,685
2022-03-23,Santa Barbara,083,443738,85595,85464,4769,90233,673
2022-03-23,Santa Clara,085,1922200,310047,310956,12434,323390,2250
2022-03-23,Santa Cruz,087,273765,47654,47314,2125,49439,259
2022-03-23,Shasta,089,179085,30526,30524,6139,36663,526
2022-03-23,Sierra,091,2930,271,273,48,321,4
2022-03-23,Siskiyou,093,43540,4438,4433,2746,7179,80
2022-03-23,Solano,095,438530,81239,81615,5605,87220,441
2022-03-23,Sonoma,097,501317,83282,83074,2611,85685,482
2022-03-23,Stanislaus,099,539301,117295,118041,17677,135718,1568
2022-03-23,Sutter,101,95872,20452,20532,2125,22657,218
2022-03-23,Tehama,103,63373,12025,12035,2613,14648,195
2022-03-23,Trinity,105,12862,1182,1174,295,1469,20
2022-03-23,Tulare,107,460477,106392,104489,28470,132959,1394
2022-03-23,Tuolumne,109,53932,12625,12629,570,13199,180
2022-03-23,Ventura,111,848112,172949,172647,9476,182123,1455
2022-03-23,Yolo,113,214977,36918,36197,3213,39410,308
2022-03-23,Yuba,115,75493,15816,15801,1203,17004,117
2022-03-22,Alameda,001,1643700,255275,254467,13742,268209,1802
2022-03-22,Alpine,003,1148,124,122,1,123,0
2022-03-22,Amador,005,37829,8526,8462,651,9113,86
2022-03-22,Butte,007,227075,32992,32907,6727,39634,387
2022-03-22,Calaveras,009,45235,7245,7237,354,7591,120
2022-03-22,Colusa,011,21464,3436,3445,1072,4517,21
2022-03-22,Contra Costa,013,1133247,188055,187813,13217,201030,1279
2022-03-22,Del Norte,015,27424,5778,5824,196,6020,50
2022-03-22,El Dorado,017,186661,26674,26661,3242,29903,200
2022-03-22,Fresno,019,978130,231068,229551,23939,253490,2708
2022-03-22,Glenn,021,27897,4972,4971,1605,6576,47
2022-03-22,Humboldt,023,135768,16856,16911,2967,19878,139
2022-03-22,Imperial,025,180216,55316,55170,10782,65952,908
2022-03-22,Inyo,027,18085,4063,4060,482,4542,56
2022-03-22,Kern,029,883053,191634,191213,46237,237450,2195
2022-03-22,Kings,031,150075,51424,51369,3620,54989,442
2022-03-22,Lake,033,64148,10677,10657,895,11552,135
2022-03-22,Lassen,035,31185,8956,8940,887,9827,63
2022-03-22,Los Angeles,037,10098052,2704652,2696746,123765,2820511,31250
2022-03-22,Madera,039,155013,37251,37304,6102,43406,354
2022-03-22,Marin,041,260295,33362,33253,2208,35461,287
2022-03-22,Mariposa,043,17540,2391,2382,201,2583,6
2022-03-22,Mendocino,045,87422,13032,13030,3035,16065,118
2022-03-22,Merced,047,269075,62078,62056,8658,70714,805
2022-03-22,Modoc,049,8938,737,735,250,985,7
2022-03-22,Mono,051,14174,2966,2963,122,3085,5
2022-03-22,Monterey,053,433212,79242,78614,13828,92442,724
2022-03-22,Napa,055,140530,25730,25688,958,26646,139
2022-03-22,Nevada,057,99092,15924,15950,1209,17159,123
2022-03-22,Orange,059,3164182,545602,545075,41434,586509,6843
2022-03-22,Placer,061,380077,62619,62604,7385,69989,610
2022-03-22,Plumas,063,18699,2965,2744,364,3108,13
2022-03-22,Riverside,065,2383286,590553,589816,28066,617882,6383
2022-03-22,Sacramento,067,1510023,280256,275374,27172,302546,2927
2022-03-22,San Benito,069,59416,12874,12884,515,13399,97
2022-03-22,San Bernardino,071,2135413,567799,560371,25062,585433,6811
2022-03-22,San Diego,073,3302833,749423,749647,52382,802029,5141
2022-03-22,San Francisco,075,870044,123866,123998,8287,132285,838
2022-03-22,San Joaquin,077,732212,166093,165992,10007,175999,2187
2022-03-22,San Luis Obispo,079,281455,52338,52257,3791,56048,465
2022-03-22,San Mateo,081,765935,121201,119975,7000,126975,686
2022-03-22,Santa Barbara,083,443738,85578,85457,4768,90225,672
2022-03-22,Santa Clara,085,1922200,309878,310787,12422,323209,2249
2022-03-22,Santa Cruz,087,273765,47634,47287,2124,49411,259
2022-03-22,Shasta,089,179085,30520,30528,6138,36666,525
2022-03-22,Sierra,091,2930,271,273,48,321,4
2022-03-22,Siskiyou,093,43540,4438,4429,2745,7174,80
2022-03-22,Solano,095,438530,81216,81587,5604,87191,440
2022-03-22,Sonoma,097,501317,83253,83042,2607,85649,482
2022-03-22,Stanislaus,099,539301,117278,118025,17674,135699,1568
2022-03-22,Sutter,101,95872,20451,20525,2121,22646,218
2022-03-22,Tehama,103,63373,12023,12034,2613,14647,162
2022-03-22,Trinity,105,12862,1182,1174,295,1469,20
2022-03-22,Tulare,107,460477,106380,104431,28461,132892,1391
2022-03-22,Tuolumne,109,53932,12625,12628,570,13198,180
2022-03-22,Ventura,111,848112,172900,172590,9474,182064,1455
2022-03-22,Yolo,113,214977,36898,36184,3212,39396,308
2022-03-22,Yuba,115,75493,15813,15795,1202,16997,117
2022-03-21,Alameda,001,1643700,255059,254354,13733,268087,1799
2022-03-21,Alpine,003,1148,124,122,1,123,0
2022-03-21,Amador,005,37829,8523,8461,650,9111,85
2022-03-21,Butte,007,227075,32981,32895,6723,39618,385
2022-03-21,Calaveras,009,45235,7244,7237,354,7591,119
2022-03-21,Colusa,011,21464,3436,3445,1072,4517,21
2022-03-21,Contra Costa,013,1133247,187991,187509,13200,200709,1276
2022-03-21,Del Norte,015,27424,5777,5824,196,6020,50
2022-03-21,El Dorado,017,186661,26663,26610,3241,29851,199
2022-03-21,Fresno,019,978130,231019,229374,23930,253304,2707
2022-03-21,Glenn,021,27897,4970,4972,1599,6571,46
2022-03-21,Humboldt,023,135768,16846,16912,2954,19866,139
2022-03-21,Imperial,025,180216,55303,55133,10781,65914,908
2022-03-21,Inyo,027,18085,4062,4060,482,4542,56
2022-03-21,Kern,029,883053,191601,191184,46231,237415,2187
2022-03-21,Kings,031,150075,51410,51366,3618,54984,441
2022-03-21,Lake,033,64148,10675,10655,895,11550,135
2022-03-21,Lassen,035,31185,8955,8939,887,9826,63
2022-03-21,Los Angeles,037,10098052,2703787,2694711,123716,2818427,31218
2022-03-21,Madera,039,155013,37246,37288,6098,43386,354
2022-03-21,Marin,041,260295,33318,33242,2203,35445,287
2022-03-21,Mariposa,043,17540,2390,2383,200,2583,6
2022-03-21,Mendocino,045,87422,13024,13028,3033,16061,118
2022-03-21,Merced,047,269075,62064,62048,8653,70701,803
2022-03-21,Modoc,049,8938,735,734,250,984,7
2022-03-21,Mono,051,14174,2966,2962,122,3084,5
2022-03-21,Monterey,053,433212,79193,78572,13814,92386,724
2022-03-21,Napa,055,140530,25722,25684,956,26640,138
2022-03-21,Nevada,057,99092,15920,15963,1208,17171,123
2022-03-21,Orange,059,3164182,545448,544943,41417,586360,6841
2022-03-21,Placer,061,380077,62600,62550,7384,69934,610
2022-03-21,Plumas,063,18699,2965,2744,364,3108,13
2022-03-21,Riverside,065,2383286,590472,589707,28060,617767,6376
2022-03-21,Sacramento,067,1510023,280165,275334,27158,302492,2925
2022-03-21,San Benito,069,59416,12868,12872,515,13387,97
2022-03-21,San Bernardino,071,2135413,567710,560210,25049,585259,6807
2022-03-21,San Diego,073,3302833,749199,748833,52362,801195,5138
2022-03-21,San Francisco,075,870044,123698,123912,8278,132190,835
2022-03-21,San Joaquin,077,732212,166067,165939,10004,175943,2185
2022-03-21,San Luis Obispo,079,281455,52313,52219,3786,56005,463
2022-03-21,San Mateo,081,765935,121042,119899,6998,126897,684
2022-03-21,Santa Barbara,083,443738,85563,85416,4766,90182,672
2022-03-21,Santa Clara,085,1922200,309617,310509,12419,322928,2245
2022-03-21,Santa Cruz,087,273765,47598,47267,2123,49390,259
2022-03-21,Shasta,089,179085,30514,30523,6136,36659,525
2022-03-21,Sierra,091,2930,271,273,48,321,4
2022-03-21,Siskiyou,093,43540,4438,4426,2745,7171,80
2022-03-21,Solano,095,438530,81188,81399,5604,87003,441
2022-03-21,Sonoma,097,501317,83214,82979,2602,85581,482
2022-03-21,Stanislaus,099,539301,117245,118144,17671,135815,1571
2022-03-21,Sutter,101,95872,20448,20523,2108,22631,218
2022-03-21,Tehama,103,63373,12019,12030,2613,14643,160
2022-03-21,Trinity,105,12862,1182,1174,295,1469,20
2022-03-21,Tulare,107,460477,106360,104350,28456,132806,1389
2022-03-21,Tuolumne,109,53932,12625,12620,570,13190,180
2022-03-21,Ventura,111,848112,172830,172537,9470,182007,1452
2022-03-21,Yolo,113,214977,36882,36141,3210,39351,307
2022-03-21,Yuba,115,75493,15810,15790,1201,16991,117
2022-03-20,Alameda,001,1643700,254924,254293,13722,268015,1801
2022-03-20,Alpine,003,1148,122,122,1,123,0
2022-03-20,Amador,005,37829,8520,8460,650,9110,85
2022-03-20,Butte,007,227075,32966,32892,6719,39611,385
2022-03-20,Calaveras,009,45235,7243,7233,351,7584,119
2022-03-20,Colusa,011,21464,3436,3446,1072,4518,21
2022-03-20,Contra Costa,013,1133247,187887,187467,13189,200656,1276
2022-03-20,Del Norte,015,27424,5775,5821,196,6017,50
2022-03-20,El Dorado,017,186661,26655,26608,3241,29849,199
2022-03-20,Fresno,019,978130,230942,229297,23919,253216,2707
2022-03-20,Glenn,021,27897,4969,4972,1599,6571,46
2022-03-20,Humboldt,023,135768,16844,16913,2952,19865,139
2022-03-20,Imperial,025,180216,55292,55133,10780,65913,908
2022-03-20,Inyo,027,18085,4062,4060,482,4542,56
2022-03-20,Kern,029,883053,191557,191170,46226,237396,2187
2022-03-20,Kings,031,150075,51399,51360,3618,54978,441
2022-03-20,Lake,033,64148,10671,10652,895,11547,135
2022-03-20,Lassen,035,31185,8953,8938,887,9825,63
2022-03-20,Los Angeles,037,10098052,2702991,2694698,123670,2818368,31219
2022-03-20,Madera,039,155013,37241,37284,6094,43378,354
2022-03-20,Marin,041,260295,33302,33232,2202,35434,275
2022-03-20,Mariposa,043,17540,2390,2383,200,2583,6
2022-03-20,Mendocino,045,87422,13017,13027,3028,16055,118
2022-03-20,Merced,047,269075,62053,62041,8647,70688,803
2022-03-20,Modoc,049,8938,735,734,250,984,7
2022-03-20,Mono,051,14174,2964,2962,122,3084,5
2022-03-20,Monterey,053,433212,79160,78566,13803,92369,723
2022-03-20,Napa,055,140530,25710,25682,955,26637,138
2022-03-20,Nevada,057,99092,15916,15964,1208,17172,123
2022-03-20,Orange,059,3164182,545327,544862,41397,586259,6841
2022-03-20,Placer,061,380077,62580,62525,7384,69909,610
2022-03-20,Plumas,063,18699,2965,2744,364,3108,13
2022-03-20,Riverside,065,2383286,590375,589657,28055,617712,6376
2022-03-20,Sacramento,067,1510023,280087,275317,27142,302459,2927
2022-03-20,San Benito,069,59416,12868,12869,514,13383,97
2022-03-20,San Bernardino,071,2135413,567629,560220,25040,585260,6805
2022-03-20,San Diego,073,3302833,748963,748833,52329,801162,5138
2022-03-20,San Francisco,075,870044,123548,123858,8266,132124,835
2022-03-20,San Joaquin,077,732212,166034,165927,10000,175927,2185
2022-03-20,San Luis Obispo,079,281455,52289,52217,3783,56000,463
2022-03-20,San Mateo,081,765935,120982,119901,6992,126893,684
2022-03-20,Santa Barbara,083,443738,85538,85412,4764,90176,672
2022-03-20,Santa Clara,085,1922200,309408,310412,12411,322823,2243
2022-03-20,Santa Cruz,087,273765,47571,47265,2122,49387,259
2022-03-20,Shasta,089,179085,30504,30522,6135,36657,525
2022-03-20,Sierra,091,2930,271,273,48,321,4
2022-03-20,Siskiyou,093,43540,4437,4426,2745,7171,80
2022-03-20,Solano,095,438530,81158,81393,5602,86995,441
2022-03-20,Sonoma,097,501317,83171,82965,2601,85566,481
2022-03-20,Stanislaus,099,539301,117219,118146,17667,135813,1572
2022-03-20,Sutter,101,95872,20441,20519,2098,22617,218
2022-03-20,Tehama,103,63373,12017,12030,2613,14643,160
2022-03-20,Trinity,105,12862,1182,1174,295,1469,20
2022-03-20,Tulare,107,460477,106339,104353,28442,132795,1389
2022-03-20,Tuolumne,109,53932,12620,12617,570,13187,180
2022-03-20,Ventura,111,848112,172780,172514,9465,181979,1451
2022-03-20,Yolo,113,214977,36863,36135,3209,39344,307
2022-03-20,Yuba,115,75493,15801,15787,1199,16986,117
2022-03-19,Alameda,001,1643700,254846,253936,13720,267656,1797
2022-03-19,Alpine,003,1148,122,122,1,123,0
2022-03-19,Amador,005,37829,8517,8456,650,9106,85
2022-03-19,Butte,007,227075,32958,32856,6719,39575,385
2022-03-19,Calaveras,009,45235,7243,7229,351,7580,119
2022-03-19,Colusa,011,21464,3434,3445,1072,4517,21
2022-03-19,Contra Costa,013,1133247,187851,187225,13188,200413,1276
2022-03-19,Del Norte,015,27424,5772,5815,196,6011,48
2022-03-19,El Dorado,017,186661,26651,26618,3241,29859,199
2022-03-19,Fresno,019,978130,230919,228965,23918,252883,2694
2022-03-19,Glenn,021,27897,4969,4971,1599,6570,44
2022-03-19,Humboldt,023,135768,16838,16901,2952,19853,138
2022-03-19,Imperial,025,180216,55291,55038,10779,65817,898
2022-03-19,Inyo,027,18085,4062,4061,482,4543,56
2022-03-19,Kern,029,883053,191542,190943,46218,237161,2184
2022-03-19,Kings,031,150075,51394,51334,3618,54952,441
2022-03-19,Lake,033,64148,10671,10641,895,11536,135
2022-03-19,Lassen,035,31185,8953,8925,887,9812,63
2022-03-19,Los Angeles,037,10098052,2702617,2686759,123636,2810395,31133
2022-03-19,Madera,039,155013,37241,37273,6094,43367,354
2022-03-19,Marin,041,260295,33284,33163,2198,35361,272
2022-03-19,Mariposa,043,17540,2389,2378,200,2578,6
2022-03-19,Mendocino,045,87422,13017,13012,3028,16040,117
2022-03-19,Merced,047,269075,62047,61985,8645,70630,800
2022-03-19,Modoc,049,8938,735,734,250,984,7
2022-03-19,Mono,051,14174,2964,2961,122,3083,5
2022-03-19,Monterey,053,433212,79149,78483,13796,92279,720
2022-03-19,Napa,055,140530,25707,25654,955,26609,138
2022-03-19,Nevada,057,99092,15914,15960,1208,17168,123
2022-03-19,Orange,059,3164182,545255,543907,41381,585288,6817
2022-03-19,Placer,061,380077,62566,62483,7384,69867,605
2022-03-19,Plumas,063,18699,2965,2724,364,3088,13
2022-03-19,Riverside,065,2383286,590324,589017,28047,617064,6359
2022-03-19,Sacramento,067,1510023,280046,274855,27138,301993,2913
2022-03-19,San Benito,069,59416,12867,12859,514,13373,97
2022-03-19,San Bernardino,071,2135413,567583,559935,25038,584973,6778
2022-03-19,San Diego,073,3302833,748863,747344,52317,799661,5133
2022-03-19,San Francisco,075,870044,123478,123587,8263,131850,833
2022-03-19,San Joaquin,077,732212,166009,165765,9997,175762,2181
2022-03-19,San Luis Obispo,079,281455,52283,52174,3783,55957,463
2022-03-19,San Mateo,081,765935,120945,119782,6991,126773,667
2022-03-19,Santa Barbara,083,443738,85524,85336,4763,90099,671
2022-03-19,Santa Clara,085,1922200,309286,309918,12402,322320,2225
2022-03-19,Santa Cruz,087,273765,47563,47203,2118,49321,256
2022-03-19,Shasta,089,179085,30500,30495,6135,36630,525
2022-03-19,Sierra,091,2930,271,273,48,321,4
2022-03-19,Siskiyou,093,43540,4436,4422,2745,7167,76
2022-03-19,Solano,095,438530,81149,81340,5599,86939,441
2022-03-19,Sonoma,097,501317,83154,82838,2598,85436,472
2022-03-19,Stanislaus,099,539301,117209,118138,17665,135803,1568
2022-03-19,Sutter,101,95872,20438,20503,2098,22601,218
2022-03-19,Tehama,103,63373,12017,12007,2613,14620,160
2022-03-19,Trinity,105,12862,1182,1173,295,1468,20
2022-03-19,Tulare,107,460477,106330,104290,28437,132727,1384
2022-03-19,Tuolumne,109,53932,12619,12617,570,13187,180
2022-03-19,Ventura,111,848112,172749,172380,9464,181844,1451
2022-03-19,Yolo,113,214977,36854,36086,3209,39295,306
2022-03-19,Yuba,115,75493,15797,15768,1198,16966,117
2022-03-18,Alameda,001,1643700,254787,253936,13716,267652,1797
2022-03-18,Alpine,003,1148,122,122,1,123,0
2022-03-18,Amador,005,37829,8517,8456,650,9106,85
2022-03-18,Butte,007,227075,32953,32856,6717,39573,385
2022-03-18,Calaveras,009,45235,7243,7229,351,7580,119
2022-03-18,Colusa,011,21464,3434,3445,1072,4517,21
2022-03-18,Contra Costa,013,1133247,187819,187225,13186,200411,1276
2022-03-18,Del Norte,015,27424,5770,5815,195,6010,48
2022-03-18,El Dorado,017,186661,26646,26618,3239,29857,199
2022-03-18,Fresno,019,978130,230887,228965,23918,252883,2694
2022-03-18,Glenn,021,27897,4969,4971,1599,6570,44
2022-03-18,Humboldt,023,135768,16835,16901,2951,19852,138
2022-03-18,Imperial,025,180216,55289,55038,10779,65817,898
2022-03-18,Inyo,027,18085,4062,4061,482,4543,56
2022-03-18,Kern,029,883053,191531,190943,46215,237158,2184
2022-03-18,Kings,031,150075,51386,51334,3618,54952,441
2022-03-18,Lake,033,64148,10669,10641,894,11535,135
2022-03-18,Lassen,035,31185,8952,8925,887,9812,63
2022-03-18,Los Angeles,037,10098052,2702267,2686759,123610,2810369,31133
2022-03-18,Madera,039,155013,37236,37273,6094,43367,354
2022-03-18,Marin,041,260295,33270,33163,2198,35361,272
2022-03-18,Mariposa,043,17540,2388,2378,200,2578,6
2022-03-18,Mendocino,045,87422,13013,13012,3028,16040,117
2022-03-18,Merced,047,269075,62036,61985,8645,70630,800
2022-03-18,Modoc,049,8938,735,734,250,984,7
2022-03-18,Mono,051,14174,2963,2961,122,3083,5
2022-03-18,Monterey,053,433212,79131,78483,13793,92276,720
2022-03-18,Napa,055,140530,25704,25654,955,26609,138
2022-03-18,Nevada,057,99092,15911,15960,1207,17167,123
2022-03-18,Orange,059,3164182,545189,543907,41372,585279,6817
2022-03-18,Placer,061,380077,62557,62483,7384,69867,605
2022-03-18,Plumas,063,18699,2965,2724,364,3088,13
2022-03-18,Riverside,065,2383286,590264,589017,28043,617060,6359
2022-03-18,Sacramento,067,1510023,280009,274855,27133,301988,2913
2022-03-18,San Benito,069,59416,12865,12859,514,13373,97
2022-03-18,San Bernardino,071,2135413,567545,559935,25036,584971,6778
2022-03-18,San Diego,073,3302833,748755,747344,52302,799646,5133
2022-03-18,San Francisco,075,870044,123399,123587,8256,131843,833
2022-03-18,San Joaquin,077,732212,165994,165765,9992,175757,2181
2022-03-18,San Luis Obispo,079,281455,52277,52174,3783,55957,463
2022-03-18,San Mateo,081,765935,120910,119782,6988,126770,667
2022-03-18,Santa Barbara,083,443738,85514,85336,4762,90098,671
2022-03-18,Santa Clara,085,1922200,309182,309918,12399,322317,2225
2022-03-18,Santa Cruz,087,273765,47551,47203,2117,49320,256
2022-03-18,Shasta,089,179085,30499,30495,6135,36630,525
2022-03-18,Sierra,091,2930,271,273,48,321,4
2022-03-18,Siskiyou,093,43540,4436,4422,2745,7167,76
2022-03-18,Solano,095,438530,81138,81340,5593,86933,441
2022-03-18,Sonoma,097,501317,83133,82838,2597,85435,472
2022-03-18,Stanislaus,099,539301,117196,118138,17665,135803,1568
2022-03-18,Sutter,101,95872,20435,20503,2098,22601,218
2022-03-18,Tehama,103,63373,12016,12007,2613,14620,160
2022-03-18,Trinity,105,12862,1182,1173,295,1468,20
2022-03-18,Tulare,107,460477,106324,104290,28431,132721,1384
2022-03-18,Tuolumne,109,53932,12618,12617,570,13187,180
2022-03-18,Ventura,111,848112,172729,172380,9459,181839,1451
2022-03-18,Yolo,113,214977,36843,36086,3209,39295,306
2022-03-18,Yuba,115,75493,15795,15768,1198,16966,117
2022-03-17,Alameda,001,1643700,254687,253936,13710,267646,1797
2022-03-17,Alpine,003,1148,122,122,1,123,0
2022-03-17,Amador,005,37829,8510,8456,650,9106,85
2022-03-17,Butte,007,227075,32939,32856,6715,39571,385
2022-03-17,Calaveras,009,45235,7240,7229,351,7580,119
2022-03-17,Colusa,011,21464,3434,3445,1072,4517,21
2022-03-17,Contra Costa,013,1133247,187755,187225,13175,200400,1276
2022-03-17,Del Norte,015,27424,5768,5815,195,6010,48
2022-03-17,El Dorado,017,186661,26640,26618,3239,29857,199
2022-03-17,Fresno,019,978130,230837,228965,23913,252878,2694
2022-03-17,Glenn,021,27897,4969,4971,1599,6570,44
2022-03-17,Humboldt,023,135768,16831,16901,2949,19850,138
2022-03-17,Imperial,025,180216,55278,55038,10779,65817,898
2022-03-17,Inyo,027,18085,4062,4061,482,4543,56
2022-03-17,Kern,029,883053,191502,190943,46212,237155,2184
2022-03-17,Kings,031,150075,51383,51334,3617,54951,441
2022-03-17,Lake,033,64148,10666,10641,894,11535,135
2022-03-17,Lassen,035,31185,8950,8925,887,9812,63
2022-03-17,Los Angeles,037,10098052,2701604,2686759,123574,2810333,31133
2022-03-17,Madera,039,155013,37232,37273,6093,43366,354
2022-03-17,Marin,041,260295,33258,33163,2197,35360,272
2022-03-17,Mariposa,043,17540,2388,2378,200,2578,6
2022-03-17,Mendocino,045,87422,13009,13012,3025,16037,117
2022-03-17,Merced,047,269075,62030,61985,8643,70628,800
2022-03-17,Modoc,049,8938,735,734,250,984,7
2022-03-17,Mono,051,14174,2963,2961,121,3082,5
2022-03-17,Monterey,053,433212,79108,78483,13787,92270,720
2022-03-17,Napa,055,140530,25699,25654,955,26609,138
2022-03-17,Nevada,057,99092,15908,15960,1207,17167,123
2022-03-17,Orange,059,3164182,545095,543907,41362,585269,6817
2022-03-17,Placer,061,380077,62542,62483,7382,69865,605
2022-03-17,Plumas,063,18699,2964,2724,364,3088,13
2022-03-17,Riverside,065,2383286,590184,589017,28036,617053,6359
2022-03-17,Sacramento,067,1510023,279942,274855,27125,301980,2913
2022-03-17,San Benito,069,59416,12864,12859,514,13373,97
2022-03-17,San Bernardino,071,2135413,567481,559935,25033,584968,6778
2022-03-17,San Diego,073,3302833,748579,747344,52288,799632,5133
2022-03-17,San Francisco,075,870044,123318,123587,8251,131838,833
2022-03-17,San Joaquin,077,732212,165974,165765,9990,175755,2181
2022-03-17,San Luis Obispo,079,281455,52263,52174,3781,55955,463
2022-03-17,San Mateo,081,765935,120863,119782,6984,126766,667
2022-03-17,Santa Barbara,083,443738,85498,85336,4762,90098,671
2022-03-17,Santa Clara,085,1922200,309061,309918,12394,322312,2225
2022-03-17,Santa Cruz,087,273765,47535,47203,2115,49318,256
2022-03-17,Shasta,089,179085,30495,30495,6133,36628,525
2022-03-17,Sierra,091,2930,271,273,48,321,4
2022-03-17,Siskiyou,093,43540,4435,4422,2745,7167,76
2022-03-17,Solano,095,438530,81109,81340,5590,86930,441
2022-03-17,Sonoma,097,501317,83104,82838,2595,85433,472
2022-03-17,Stanislaus,099,539301,117182,118138,17660,135798,1568
2022-03-17,Sutter,101,95872,20425,20503,2084,22587,218
2022-03-17,Tehama,103,63373,12016,12007,2612,14619,160
2022-03-17,Trinity,105,12862,1182,1173,295,1468,20
2022-03-17,Tulare,107,460477,106308,104290,28420,132710,1384
2022-03-17,Tuolumne,109,53932,12615,12617,569,13186,180
2022-03-17,Ventura,111,848112,172680,172380,9457,181837,1451
2022-03-17,Yolo,113,214977,36829,36086,3209,39295,306
2022-03-17,Yuba,115,75493,15793,15768,1197,16965,117
2022-03-16,Alameda,001,1643700,254587,253792,13706,267498,1794
2022-03-16,Alpine,003,1148,122,122,1,123,0
2022-03-16,Amador,005,37829,8502,8449,650,9099,85
2022-03-16,Butte,007,227075,32928,32837,6710,39547,385
2022-03-16,Calaveras,009,45235,7238,7229,351,7580,120
2022-03-16,Colusa,011,21464,3434,3445,1072,4517,22
2022-03-16,Contra Costa,013,1133247,187697,187100,13164,200264,1266
2022-03-16,Del Norte,015,27424,5767,5811,193,6004,48
2022-03-16,El Dorado,017,186661,26627,26602,3238,29840,199
2022-03-16,Fresno,019,978130,230790,228786,23902,252688,2689
2022-03-16,Glenn,021,27897,4969,4969,1598,6567,44
2022-03-16,Humboldt,023,135768,16828,16893,2949,19842,138
2022-03-16,Imperial,025,180216,55266,55002,10778,65780,897
2022-03-16,Inyo,027,18085,4061,4061,482,4543,56
2022-03-16,Kern,029,883053,191460,190835,46205,237040,2170
2022-03-16,Kings,031,150075,51368,51321,3617,54938,437
2022-03-16,Lake,033,64148,10664,10633,893,11526,133
2022-03-16,Lassen,035,31185,8947,8924,887,9811,62
2022-03-16,Los Angeles,037,10098052,2700976,2685789,123533,2809322,31102
2022-03-16,Madera,039,155013,37222,37262,6092,43354,354
2022-03-16,Marin,041,260295,33237,33136,2195,35331,272
2022-03-16,Mariposa,043,17540,2386,2376,200,2576,6
2022-03-16,Mendocino,045,87422,13006,13011,3024,16035,117
2022-03-16,Merced,047,269075,62015,61959,8637,70596,798
2022-03-16,Modoc,049,8938,734,734,250,984,7
2022-03-16,Mono,051,14174,2963,2960,121,3081,5
2022-03-16,Monterey,053,433212,79086,78416,13782,92198,720
2022-03-16,Napa,055,140530,25690,25638,954,26592,138
2022-03-16,Nevada,057,99092,15906,15960,1207,17167,123
2022-03-16,Orange,059,3164182,544972,543326,41338,584664,6791
2022-03-16,Placer,061,380077,62526,62435,7380,69815,605
2022-03-16,Plumas,063,18699,2964,2723,364,3087,13
2022-03-16,Riverside,065,2383286,590087,588761,28033,616794,6351
2022-03-16,Sacramento,067,1510023,279876,274709,27118,301827,2910
2022-03-16,San Benito,069,59416,12859,12854,514,13368,97
2022-03-16,San Bernardino,071,2135413,567401,559746,25026,584772,6775
2022-03-16,San Diego,073,3302833,748374,746970,52264,799234,5126
2022-03-16,San Francisco,075,870044,123218,123446,8243,131689,831
2022-03-16,San Joaquin,077,732212,165927,165703,9987,175690,2169
2022-03-16,San Luis Obispo,079,281455,52245,52132,3777,55909,462
2022-03-16,San Mateo,081,765935,120800,119680,6975,126655,660
2022-03-16,Santa Barbara,083,443738,85465,85322,4757,90079,670
2022-03-16,Santa Clara,085,1922200,308875,309689,12379,322068,2224
2022-03-16,Santa Cruz,087,273765,47506,47161,2115,49276,255
2022-03-16,Shasta,089,179085,30486,30489,6129,36618,527
2022-03-16,Sierra,091,2930,271,273,48,321,4
2022-03-16,Siskiyou,093,43540,4432,4419,2743,7162,76
2022-03-16,Solano,095,438530,81086,81277,5588,86865,440
2022-03-16,Sonoma,097,501317,83061,82791,2586,85377,472
2022-03-16,Stanislaus,099,539301,117157,118072,17658,135730,1567
2022-03-16,Sutter,101,95872,20423,20494,2083,22577,218
2022-03-16,Tehama,103,63373,12014,11999,2612,14611,160
2022-03-16,Trinity,105,12862,1182,1173,295,1468,20
2022-03-16,Tulare,107,460477,106295,104217,28414,132631,1377
2022-03-16,Tuolumne,109,53932,12610,12610,569,13179,180
2022-03-16,Ventura,111,848112,172639,172212,9453,181665,1451
2022-03-16,Yolo,113,214977,36806,36079,3206,39285,307
2022-03-16,Yuba,115,75493,15788,15758,1197,16955,117
2022-03-15,Alameda,001,1643700,254455,253694,13696,267390,1793
2022-03-15,Alpine,003,1148,122,122,1,123,0
2022-03-15,Amador,005,37829,8499,8448,650,9098,85
2022-03-15,Butte,007,227075,32915,32822,6708,39530,385
2022-03-15,Calaveras,009,45235,7236,7236,351,7587,118
2022-03-15,Colusa,011,21464,3434,3445,1072,4517,21
2022-03-15,Contra Costa,013,1133247,187616,187021,13155,200176,1265
2022-03-15,Del Norte,015,27424,5764,5806,190,5996,48
2022-03-15,El Dorado,017,186661,26624,26596,3237,29833,199
2022-03-15,Fresno,019,978130,230747,228631,23892,252523,2689
2022-03-15,Glenn,021,27897,4967,4966,1598,6564,44
2022-03-15,Humboldt,023,135768,16822,16889,2948,19837,138
2022-03-15,Imperial,025,180216,55256,54981,10774,65755,896
2022-03-15,Inyo,027,18085,4061,4062,481,4543,56
2022-03-15,Kern,029,883053,191431,190645,46195,236840,2168
2022-03-15,Kings,031,150075,51349,51317,3613,54930,437
2022-03-15,Lake,033,64148,10660,10631,893,11524,131
2022-03-15,Lassen,035,31185,8945,8926,886,9812,62
2022-03-15,Los Angeles,037,10098052,2700297,2685071,123474,2808545,31077
2022-03-15,Madera,039,155013,37213,37258,6091,43349,354
2022-03-15,Marin,041,260295,33214,33111,2194,35305,272
2022-03-15,Mariposa,043,17540,2384,2377,200,2577,6
2022-03-15,Mendocino,045,87422,13001,13005,3023,16028,117
2022-03-15,Merced,047,269075,61998,61916,8628,70544,798
2022-03-15,Modoc,049,8938,734,733,250,983,7
2022-03-15,Mono,051,14174,2963,2961,121,3082,5
2022-03-15,Monterey,053,433212,79056,78400,13774,92174,718
2022-03-15,Napa,055,140530,25682,25657,952,26609,138
2022-03-15,Nevada,057,99092,15904,15960,1205,17165,123
2022-03-15,Orange,059,3164182,544831,543197,41331,584528,6780
2022-03-15,Placer,061,380077,62509,62398,7376,69774,604
2022-03-15,Plumas,063,18699,2963,2722,364,3086,13
2022-03-15,Riverside,065,2383286,589986,588622,28025,616647,6333
2022-03-15,Sacramento,067,1510023,279791,274633,27111,301744,2907
2022-03-15,San Benito,069,59416,12855,12849,514,13363,95
2022-03-15,San Bernardino,071,2135413,567326,559605,25021,584626,6770
2022-03-15,San Diego,073,3302833,748130,746474,52242,798716,5116
2022-03-15,San Francisco,075,870044,123102,123526,8234,131760,831
2022-03-15,San Joaquin,077,732212,165884,165664,9981,175645,2161
2022-03-15,San Luis Obispo,079,281455,52235,52060,3773,55833,458
2022-03-15,San Mateo,081,765935,120749,119586,6969,126555,649
2022-03-15,Santa Barbara,083,443738,85440,85353,4753,90106,668
2022-03-15,Santa Clara,085,1922200,308714,309535,12367,321902,2224
2022-03-15,Santa Cruz,087,273765,47453,47117,2115,49232,255
2022-03-15,Shasta,089,179085,30477,30476,6126,36602,524
2022-03-15,Sierra,091,2930,271,273,48,321,4
2022-03-15,Siskiyou,093,43540,4432,4420,2743,7163,76
2022-03-15,Solano,095,438530,81051,81260,5587,86847,440
2022-03-15,Sonoma,097,501317,83020,82737,2586,85323,472
2022-03-15,Stanislaus,099,539301,117139,118085,17654,135739,1567
2022-03-15,Sutter,101,95872,20420,20480,2073,22553,217
2022-03-15,Tehama,103,63373,12011,11997,2611,14608,160
2022-03-15,Trinity,105,12862,1182,1173,295,1468,20
2022-03-15,Tulare,107,460477,106276,104153,28402,132555,1375
2022-03-15,Tuolumne,109,53932,12606,12602,569,13171,180
2022-03-15,Ventura,111,848112,172594,172150,9449,181599,1451
2022-03-15,Yolo,113,214977,36790,36079,3200,39279,308
2022-03-15,Yuba,115,75493,15780,15756,1197,16953,116
2022-03-14,Alameda,001,1643700,254342,253629,13691,267320,1791
2022-03-14,Alpine,003,1148,122,122,1,123,0
2022-03-14,Amador,005,37829,8494,8448,650,9098,85
2022-03-14,Butte,007,227075,32897,32812,6707,39519,385
2022-03-14,Calaveras,009,45235,7235,7245,351,7596,118
2022-03-14,Colusa,011,21464,3433,3445,1072,4517,21
2022-03-14,Contra Costa,013,1133247,187523,186969,13146,200115,1265
2022-03-14,Del Norte,015,27424,5758,5807,190,5997,48
2022-03-14,El Dorado,017,186661,26619,26570,3237,29807,199
2022-03-14,Fresno,019,978130,230673,228470,23882,252352,2682
2022-03-14,Glenn,021,27897,4965,4966,1597,6563,44
2022-03-14,Humboldt,023,135768,16815,16890,2946,19836,137
2022-03-14,Imperial,025,180216,55245,54933,10773,65706,897
2022-03-14,Inyo,027,18085,4061,4062,481,4543,56
2022-03-14,Kern,029,883053,191396,190526,46184,236710,2166
2022-03-14,Kings,031,150075,51331,51293,3612,54905,437
2022-03-14,Lake,033,64148,10657,10631,893,11524,131
2022-03-14,Lassen,035,31185,8945,8927,885,9812,62
2022-03-14,Los Angeles,037,10098052,2699666,2683369,123407,2806776,31034
2022-03-14,Madera,039,155013,37206,37255,6090,43345,354
2022-03-14,Marin,041,260295,33185,33099,2194,35293,272
2022-03-14,Mariposa,043,17540,2383,2376,200,2576,6
2022-03-14,Mendocino,045,87422,12996,12992,3016,16008,117
2022-03-14,Merced,047,269075,61979,61905,8626,70531,795
2022-03-14,Modoc,049,8938,733,731,250,981,7
2022-03-14,Mono,051,14174,2962,2961,121,3082,5
2022-03-14,Monterey,053,433212,79041,78376,13738,92114,718
2022-03-14,Napa,055,140530,25668,25649,952,26601,138
2022-03-14,Nevada,057,99092,15902,15954,1205,17159,123
2022-03-14,Orange,059,3164182,544693,543099,41323,584422,6775
2022-03-14,Placer,061,380077,62491,62389,7374,69763,601
2022-03-14,Plumas,063,18699,2963,2711,364,3075,13
2022-03-14,Riverside,065,2383286,589851,588531,28013,616544,6332
2022-03-14,Sacramento,067,1510023,279711,274682,27106,301788,2899
2022-03-14,San Benito,069,59416,12850,12846,513,13359,95
2022-03-14,San Bernardino,071,2135413,567239,559505,25016,584521,6767
2022-03-14,San Diego,073,3302833,747827,745515,52214,797729,5108
2022-03-14,San Francisco,075,870044,123011,123575,8228,131803,824
2022-03-14,San Joaquin,077,732212,165845,165662,9980,175642,2142
2022-03-14,San Luis Obispo,079,281455,52208,52046,3770,55816,458
2022-03-14,San Mateo,081,765935,120676,119564,6966,126530,649
2022-03-14,Santa Barbara,083,443738,85403,85396,4752,90148,667
2022-03-14,Santa Clara,085,1922200,308530,309600,12362,321962,2223
2022-03-14,Santa Cruz,087,273765,47415,47107,2112,49219,255
2022-03-14,Shasta,089,179085,30472,30462,6123,36585,520
2022-03-14,Sierra,091,2930,271,273,48,321,4
2022-03-14,Siskiyou,093,43540,4427,4419,2742,7161,76
2022-03-14,Solano,095,438530,81003,81233,5582,86815,440
2022-03-14,Sonoma,097,501317,82984,82731,2582,85313,473
2022-03-14,Stanislaus,099,539301,117103,118088,17650,135738,1567
2022-03-14,Sutter,101,95872,20413,20478,2073,22551,217
2022-03-14,Tehama,103,63373,12009,11996,2611,14607,160
2022-03-14,Trinity,105,12862,1182,1172,295,1467,20
2022-03-14,Tulare,107,460477,106247,104121,28394,132515,1365
2022-03-14,Tuolumne,109,53932,12605,12567,568,13135,180
2022-03-14,Ventura,111,848112,172541,172107,9447,181554,1442
2022-03-14,Yolo,113,214977,36774,36059,3198,39257,308
2022-03-14,Yuba,115,75493,15768,15748,1197,16945,116
2022-03-13,Alameda,001,1643700,254218,253547,13683,267230,1792
2022-03-13,Alpine,003,1148,122,122,1,123,0
2022-03-13,Amador,005,37829,8492,8444,650,9094,85
2022-03-13,Butte,007,227075,32877,32806,6703,39509,384
2022-03-13,Calaveras,009,45235,7230,7253,351,7604,118
2022-03-13,Colusa,011,21464,3433,3444,1070,4514,21
2022-03-13,Contra Costa,013,1133247,187427,186911,13131,200042,1265
2022-03-13,Del Norte,015,27424,5754,5808,190,5998,48
2022-03-13,El Dorado,017,186661,26614,26563,3236,29799,199
2022-03-13,Fresno,019,978130,230593,228421,23868,252289,2683
2022-03-13,Glenn,021,27897,4961,4966,1596,6562,44
2022-03-13,Humboldt,023,135768,16807,16883,2946,19829,137
2022-03-13,Imperial,025,180216,55234,54934,10771,65705,897
2022-03-13,Inyo,027,18085,4061,4062,480,4542,56
2022-03-13,Kern,029,883053,191342,190495,46170,236665,2166
2022-03-13,Kings,031,150075,51323,51273,3611,54884,437
2022-03-13,Lake,033,64148,10654,10626,893,11519,131
2022-03-13,Lassen,035,31185,8944,8929,884,9813,62
2022-03-13,Los Angeles,037,10098052,2698943,2683351,123363,2806714,31034
2022-03-13,Madera,039,155013,37198,37248,6090,43338,354
2022-03-13,Marin,041,260295,33161,33083,2192,35275,272
2022-03-13,Mariposa,043,17540,2381,2376,200,2576,6
2022-03-13,Mendocino,045,87422,12990,12987,3011,15998,117
2022-03-13,Merced,047,269075,61956,61895,8615,70510,795
2022-03-13,Modoc,049,8938,733,731,250,981,7
2022-03-13,Mono,051,14174,2962,2961,121,3082,5
2022-03-13,Monterey,053,433212,79005,78366,13688,92054,718
2022-03-13,Napa,055,140530,25654,25639,951,26590,138
2022-03-13,Nevada,057,99092,15895,15959,1205,17164,123
2022-03-13,Orange,059,3164182,544571,543036,41299,584335,6774
2022-03-13,Placer,061,380077,62464,62372,7371,69743,601
2022-03-13,Plumas,063,18699,2963,2711,364,3075,13
2022-03-13,Riverside,065,2383286,589718,588487,28007,616494,6332
2022-03-13,Sacramento,067,1510023,279612,274715,27094,301809,2899
2022-03-13,San Benito,069,59416,12844,12844,511,13355,95
2022-03-13,San Bernardino,071,2135413,567147,559450,25005,584455,6767
2022-03-13,San Diego,073,3302833,747485,745515,52180,797695,5108
2022-03-13,San Francisco,075,870044,122890,123622,8222,131844,824
2022-03-13,San Joaquin,077,732212,165796,165641,9978,175619,2142
2022-03-13,San Luis Obispo,079,281455,52178,52040,3767,55807,458
2022-03-13,San Mateo,081,765935,120598,119521,6957,126478,649
2022-03-13,Santa Barbara,083,443738,85363,85453,4750,90203,667
2022-03-13,Santa Clara,085,1922200,308359,309493,12353,321846,2225
2022-03-13,Santa Cruz,087,273765,47364,47087,2111,49198,255
2022-03-13,Shasta,089,179085,30455,30457,6121,36578,520
2022-03-13,Sierra,091,2930,271,273,48,321,4
2022-03-13,Siskiyou,093,43540,4427,4418,2742,7160,76
2022-03-13,Solano,095,438530,80968,81217,5578,86795,440
2022-03-13,Sonoma,097,501317,82949,82711,2579,85290,473
2022-03-13,Stanislaus,099,539301,117069,118075,17647,135722,1567
2022-03-13,Sutter,101,95872,20409,20474,2072,22546,217
2022-03-13,Tehama,103,63373,12008,11997,2610,14607,160
2022-03-13,Trinity,105,12862,1182,1172,295,1467,20
2022-03-13,Tulare,107,460477,106214,104119,28385,132504,1365
2022-03-13,Tuolumne,109,53932,12602,12565,568,13133,180
2022-03-13,Ventura,111,848112,172483,172080,9440,181520,1442
2022-03-13,Yolo,113,214977,36755,36019,3194,39213,308
2022-03-13,Yuba,115,75493,15763,15741,1197,16938,116
2022-03-12,Alameda,001,1643700,254151,253079,13678,266757,1783
2022-03-12,Alpine,003,1148,122,122,1,123,0
2022-03-12,Amador,005,37829,8488,8427,650,9077,84
2022-03-12,Butte,007,227075,32873,32774,6701,39475,380
2022-03-12,Calaveras,009,45235,7229,7253,351,7604,118
2022-03-12,Colusa,011,21464,3433,3440,1070,4510,21
2022-03-12,Contra Costa,013,1133247,187384,186618,13130,199748,1256
2022-03-12,Del Norte,015,27424,5753,5791,190,5981,48
2022-03-12,El Dorado,017,186661,26610,26538,3236,29774,199
2022-03-12,Fresno,019,978130,230571,228041,23868,251909,2653
2022-03-12,Glenn,021,27897,4961,4955,1596,6551,44
2022-03-12,Humboldt,023,135768,16803,16862,2945,19807,137
2022-03-12,Imperial,025,180216,55229,54837,10767,65604,896
2022-03-12,Inyo,027,18085,4061,4056,480,4536,56
2022-03-12,Kern,029,883053,191325,190330,46165,236495,2162
2022-03-12,Kings,031,150075,51317,51145,3611,54756,436
2022-03-12,Lake,033,64148,10652,10594,892,11486,131
2022-03-12,Lassen,035,31185,8943,8915,884,9799,62
2022-03-12,Los Angeles,037,10098052,2698616,2678858,123343,2802201,30901
2022-03-12,Madera,039,155013,37193,37223,6090,43313,354
2022-03-12,Marin,041,260295,33137,33015,2191,35206,272
2022-03-12,Mariposa,043,17540,2381,2372,200,2572,6
2022-03-12,Mendocino,045,87422,12986,12965,3011,15976,117
2022-03-12,Merced,047,269075,61949,61840,8614,70454,795
2022-03-12,Modoc,049,8938,733,730,250,980,7
2022-03-12,Mono,051,14174,2962,2960,120,3080,5
2022-03-12,Monterey,053,433212,78998,78285,13686,91971,716
2022-03-12,Napa,055,140530,25644,25584,950,26534,138
2022-03-12,Nevada,057,99092,15889,15947,1205,17152,123
2022-03-12,Orange,059,3164182,544505,542354,41290,583644,6718
2022-03-12,Placer,061,380077,62455,62282,7371,69653,598
2022-03-12,Plumas,063,18699,2963,2707,364,3071,13
2022-03-12,Riverside,065,2383286,589653,588022,28002,616024,6317
2022-03-12,Sacramento,067,1510023,279573,274519,27090,301609,2886
2022-03-12,San Benito,069,59416,12841,12868,511,13379,95
2022-03-12,San Bernardino,071,2135413,567103,559013,25004,584017,6734
2022-03-12,San Diego,073,3302833,747363,744386,52158,796544,5090
2022-03-12,San Francisco,075,870044,122825,123610,8216,131826,823
2022-03-12,San Joaquin,077,732212,165779,165516,9975,175491,2117
2022-03-12,San Luis Obispo,079,281455,52169,51947,3764,55711,457
2022-03-12,San Mateo,081,765935,120562,119288,6956,126244,641
2022-03-12,Santa Barbara,083,443738,85344,85421,4750,90171,664
2022-03-12,Santa Clara,085,1922200,308261,308989,12347,321336,2208
2022-03-12,Santa Cruz,087,273765,47351,46982,2110,49092,254
2022-03-12,Shasta,089,179085,30443,30419,6119,36538,517
2022-03-12,Sierra,091,2930,271,273,48,321,4
2022-03-12,Siskiyou,093,43540,4427,4405,2742,7147,75
2022-03-12,Solano,095,438530,80954,81058,5578,86636,436
2022-03-12,Sonoma,097,501317,82932,82622,2577,85199,473
2022-03-12,Stanislaus,099,539301,117055,117884,17646,135530,1564
2022-03-12,Sutter,101,95872,20408,20429,2072,22501,217
2022-03-12,Tehama,103,63373,12008,11983,2610,14593,159
2022-03-12,Trinity,105,12862,1181,1172,295,1467,20
2022-03-12,Tulare,107,460477,106209,103994,28379,132373,1358
2022-03-12,Tuolumne,109,53932,12601,12476,568,13044,180
2022-03-12,Ventura,111,848112,172458,171932,9438,181370,1442
2022-03-12,Yolo,113,214977,36748,35982,3192,39174,308
2022-03-12,Yuba,115,75493,15763,15722,1197,16919,116
2022-03-11,Alameda,001,1643700,254086,253079,13678,266757,1783
2022-03-11,Alpine,003,1148,122,122,1,123,0
2022-03-11,Amador,005,37829,8486,8427,650,9077,84
2022-03-11,Butte,007,227075,32869,32774,6700,39474,380
2022-03-11,Calaveras,009,45235,7229,7253,351,7604,118
2022-03-11,Colusa,011,21464,3433,3440,1070,4510,21
2022-03-11,Contra Costa,013,1133247,187336,186618,13128,199746,1256
2022-03-11,Del Norte,015,27424,5749,5791,190,5981,48
2022-03-11,El Dorado,017,186661,26606,26538,3236,29774,199
2022-03-11,Fresno,019,978130,230515,228041,23864,251905,2653
2022-03-11,Glenn,021,27897,4961,4955,1596,6551,44
2022-03-11,Humboldt,023,135768,16798,16862,2943,19805,137
2022-03-11,Imperial,025,180216,55223,54837,10766,65603,896
2022-03-11,Inyo,027,18085,4061,4056,480,4536,56
2022-03-11,Kern,029,883053,191304,190330,46160,236490,2162
2022-03-11,Kings,031,150075,51297,51145,3611,54756,436
2022-03-11,Lake,033,64148,10648,10594,892,11486,131
2022-03-11,Lassen,035,31185,8942,8915,884,9799,62
2022-03-11,Los Angeles,037,10098052,2698296,2678858,123318,2802176,30901
2022-03-11,Madera,039,155013,37188,37223,6090,43313,354
2022-03-11,Marin,041,260295,33121,33015,2190,35205,272
2022-03-11,Mariposa,043,17540,2380,2372,200,2572,6
2022-03-11,Mendocino,045,87422,12980,12965,3011,15976,117
2022-03-11,Merced,047,269075,61939,61840,8612,70452,795
2022-03-11,Modoc,049,8938,733,730,250,980,7
2022-03-11,Mono,051,14174,2961,2960,120,3080,5
2022-03-11,Monterey,053,433212,78985,78285,13680,91965,716
2022-03-11,Napa,055,140530,25633,25584,950,26534,138
2022-03-11,Nevada,057,99092,15886,15947,1205,17152,123
2022-03-11,Orange,059,3164182,544435,542354,41276,583630,6718
2022-03-11,Placer,061,380077,62444,62282,7370,69652,598
2022-03-11,Plumas,063,18699,2961,2707,364,3071,13
2022-03-11,Riverside,065,2383286,589575,588022,27998,616020,6317
2022-03-11,Sacramento,067,1510023,279505,274519,27087,301606,2886
2022-03-11,San Benito,069,59416,12840,12868,511,13379,95
2022-03-11,San Bernardino,071,2135413,567046,559013,24998,584011,6734
2022-03-11,San Diego,073,3302833,747197,744386,52144,796530,5090
2022-03-11,San Francisco,075,870044,122774,123610,8212,131822,823
2022-03-11,San Joaquin,077,732212,165745,165516,9972,175488,2117
2022-03-11,San Luis Obispo,079,281455,52161,51947,3763,55710,457
2022-03-11,San Mateo,081,765935,120513,119288,6953,126241,641
2022-03-11,Santa Barbara,083,443738,85324,85421,4749,90170,664
2022-03-11,Santa Clara,085,1922200,308161,308989,12343,321332,2208
2022-03-11,Santa Cruz,087,273765,47336,46982,2110,49092,254
2022-03-11,Shasta,089,179085,30438,30419,6116,36535,517
2022-03-11,Sierra,091,2930,271,273,48,321,4
2022-03-11,Siskiyou,093,43540,4425,4405,2740,7145,75
2022-03-11,Solano,095,438530,80940,81058,5577,86635,436
2022-03-11,Sonoma,097,501317,82907,82622,2575,85197,473
2022-03-11,Stanislaus,099,539301,117041,117884,17645,135529,1564
2022-03-11,Sutter,101,95872,20406,20429,2072,22501,217
2022-03-11,Tehama,103,63373,12006,11983,2610,14593,159
2022-03-11,Trinity,105,12862,1181,1172,295,1467,20
2022-03-11,Tulare,107,460477,106195,103994,28373,132367,1358
2022-03-11,Tuolumne,109,53932,12599,12476,568,13044,180
2022-03-11,Ventura,111,848112,172422,171932,9433,181365,1442
2022-03-11,Yolo,113,214977,36737,35982,3192,39174,308
2022-03-11,Yuba,115,75493,15760,15722,1197,16919,116
2022-03-10,Alameda,001,1643700,253975,253079,13672,266751,1783
2022-03-10,Alpine,003,1148,122,122,1,123,0
2022-03-10,Amador,005,37829,8485,8427,650,9077,84
2022-03-10,Butte,007,227075,32855,32774,6698,39472,380
2022-03-10,Calaveras,009,45235,7228,7253,350,7603,118
2022-03-10,Colusa,011,21464,3433,3440,1070,4510,21
2022-03-10,Contra Costa,013,1133247,187252,186618,13118,199736,1256
2022-03-10,Del Norte,015,27424,5740,5791,190,5981,48
2022-03-10,El Dorado,017,186661,26594,26538,3235,29773,199
2022-03-10,Fresno,019,978130,230441,228041,23854,251895,2653
2022-03-10,Glenn,021,27897,4959,4955,1596,6551,44
2022-03-10,Humboldt,023,135768,16789,16862,2942,19804,137
2022-03-10,Imperial,025,180216,55213,54837,10765,65602,896
2022-03-10,Inyo,027,18085,4060,4056,480,4536,56
2022-03-10,Kern,029,883053,191271,190330,46145,236475,2162
2022-03-10,Kings,031,150075,51268,51145,3610,54755,436
2022-03-10,Lake,033,64148,10638,10594,891,11485,131
2022-03-10,Lassen,035,31185,8942,8915,884,9799,62
2022-03-10,Los Angeles,037,10098052,2697742,2678858,123279,2802137,30901
2022-03-10,Madera,039,155013,37182,37223,6083,43306,354
2022-03-10,Marin,041,260295,33108,33015,2186,35201,272
2022-03-10,Mariposa,043,17540,2380,2372,200,2572,6
2022-03-10,Mendocino,045,87422,12976,12965,3011,15976,117
2022-03-10,Merced,047,269075,61923,61840,8606,70446,795
2022-03-10,Modoc,049,8938,732,730,250,980,7
2022-03-10,Mono,051,14174,2961,2960,120,3080,5
2022-03-10,Monterey,053,433212,78962,78285,13654,91939,716
2022-03-10,Napa,055,140530,25624,25584,949,26533,138
2022-03-10,Nevada,057,99092,15879,15947,1205,17152,123
2022-03-10,Orange,059,3164182,544310,542354,41259,583613,6718
2022-03-10,Placer,061,380077,62422,62282,7364,69646,598
2022-03-10,Plumas,063,18699,2960,2707,364,3071,13
2022-03-10,Riverside,065,2383286,589460,588022,27991,616013,6317
2022-03-10,Sacramento,067,1510023,279428,274519,27081,301600,2886
2022-03-10,San Benito,069,59416,12839,12868,510,13378,95
2022-03-10,San Bernardino,071,2135413,566973,559013,24991,584004,6734
2022-03-10,San Diego,073,3302833,746941,744386,52113,796499,5090
2022-03-10,San Francisco,075,870044,122706,123610,8205,131815,823
2022-03-10,San Joaquin,077,732212,165714,165516,9970,175486,2117
2022-03-10,San Luis Obispo,079,281455,52138,51947,3760,55707,457
2022-03-10,San Mateo,081,765935,120450,119288,6950,126238,641
2022-03-10,Santa Barbara,083,443738,85292,85421,4748,90169,664
2022-03-10,Santa Clara,085,1922200,308035,308989,12334,321323,2208
2022-03-10,Santa Cruz,087,273765,47304,46982,2110,49092,254
2022-03-10,Shasta,089,179085,30429,30419,6114,36533,517
2022-03-10,Sierra,091,2930,271,273,48,321,4
2022-03-10,Siskiyou,093,43540,4425,4405,2740,7145,75
2022-03-10,Solano,095,438530,80904,81058,5572,86630,436
2022-03-10,Sonoma,097,501317,82880,82622,2575,85197,473
2022-03-10,Stanislaus,099,539301,117005,117884,17643,135527,1564
2022-03-10,Sutter,101,95872,20402,20429,2072,22501,217
2022-03-10,Tehama,103,63373,12005,11983,2610,14593,159
2022-03-10,Trinity,105,12862,1181,1172,295,1467,20
2022-03-10,Tulare,107,460477,106176,103994,28367,132361,1358
2022-03-10,Tuolumne,109,53932,12596,12476,568,13044,180
2022-03-10,Ventura,111,848112,172381,171932,9430,181362,1442
2022-03-10,Yolo,113,214977,36724,35982,3191,39173,308
2022-03-10,Yuba,115,75493,15750,15722,1196,16918,116
2022-03-09,Alameda,001,1643700,253853,252893,13665,266558,1781
2022-03-09,Alpine,003,1148,122,125,1,126,0
2022-03-09,Amador,005,37829,8479,8409,650,9059,84
2022-03-09,Butte,007,227075,32846,32767,6693,39460,380
2022-03-09,Calaveras,009,45235,7226,7249,350,7599,117
2022-03-09,Colusa,011,21464,3432,3439,1070,4509,21
2022-03-09,Contra Costa,013,1133247,187157,186483,13102,199585,1256
2022-03-09,Del Norte,015,27424,5736,5765,190,5955,48
2022-03-09,El Dorado,017,186661,26589,26515,3235,29750,198
2022-03-09,Fresno,019,978130,230343,227885,23846,251731,2653
2022-03-09,Glenn,021,27897,4957,4953,1595,6548,44
2022-03-09,Humboldt,023,135768,16784,16854,2939,19793,137
2022-03-09,Imperial,025,180216,55208,54764,10763,65527,894
2022-03-09,Inyo,027,18085,4060,4056,480,4536,56
2022-03-09,Kern,029,883053,191223,190254,46132,236386,2159
2022-03-09,Kings,031,150075,51247,51122,3610,54732,435
2022-03-09,Lake,033,64148,10631,10586,891,11477,130
2022-03-09,Lassen,035,31185,8942,8901,884,9785,62
2022-03-09,Los Angeles,037,10098052,2697094,2677901,123240,2801141,30842
2022-03-09,Madera,039,155013,37175,37207,6082,43289,354
2022-03-09,Marin,041,260295,33090,32967,2186,35153,272
2022-03-09,Mariposa,043,17540,2377,2372,200,2572,6
2022-03-09,Mendocino,045,87422,12972,12957,3006,15963,117
2022-03-09,Merced,047,269075,61908,61792,8600,70392,792
2022-03-09,Modoc,049,8938,731,730,249,979,7
2022-03-09,Mono,051,14174,2961,2962,120,3082,5
2022-03-09,Monterey,053,433212,78938,78258,13607,91865,716
2022-03-09,Napa,055,140530,25603,25561,948,26509,138
2022-03-09,Nevada,057,99092,15870,15938,1204,17142,123
2022-03-09,Orange,059,3164182,544178,542278,41246,583524,6700
2022-03-09,Placer,061,380077,62400,62242,7360,69602,598
2022-03-09,Plumas,063,18699,2959,2708,364,3072,13
2022-03-09,Riverside,065,2383286,589363,587833,27981,615814,6305
2022-03-09,Sacramento,067,1510023,279343,274373,27064,301437,2877
2022-03-09,San Benito,069,59416,12836,12864,510,13374,95
2022-03-09,San Bernardino,071,2135413,566879,558795,24979,583774,6723
2022-03-09,San Diego,073,3302833,746670,743956,52086,796042,5083
2022-03-09,San Francisco,075,870044,122616,123676,8201,131877,812
2022-03-09,San Joaquin,077,732212,165674,165444,9964,175408,2113
2022-03-09,San Luis Obispo,079,281455,52119,51923,3757,55680,457
2022-03-09,San Mateo,081,765935,120392,119194,6938,126132,639
2022-03-09,Santa Barbara,083,443738,85276,85382,4746,90128,661
2022-03-09,Santa Clara,085,1922200,307898,308765,12323,321088,2206
2022-03-09,Santa Cruz,087,273765,47264,46917,2109,49026,254
2022-03-09,Shasta,089,179085,30407,30407,6113,36520,493
2022-03-09,Sierra,091,2930,271,273,48,321,4
2022-03-09,Siskiyou,093,43540,4423,4403,2739,7142,75
2022-03-09,Solano,095,438530,80868,80984,5570,86554,436
2022-03-09,Sonoma,097,501317,82847,82574,2573,85147,473
2022-03-09,Stanislaus,099,539301,116968,117827,17638,135465,1541
2022-03-09,Sutter,101,95872,20391,20409,2068,22477,217
2022-03-09,Tehama,103,63373,12001,11980,2610,14590,159
2022-03-09,Trinity,105,12862,1181,1174,295,1469,20
2022-03-09,Tulare,107,460477,106148,103932,28352,132284,1350
2022-03-09,Tuolumne,109,53932,12594,12444,568,13012,180
2022-03-09,Ventura,111,848112,172331,171852,9427,181279,1448
2022-03-09,Yolo,113,214977,36705,35973,3176,39149,308
2022-03-09,Yuba,115,75493,15745,15714,1195,16909,115
2022-03-08,Alameda,001,1643700,253699,252744,13653,266397,1769
2022-03-08,Alpine,003,1148,122,125,1,126,0
2022-03-08,Amador,005,37829,8465,8407,650,9057,84
2022-03-08,Butte,007,227075,32833,32759,6688,39447,380
2022-03-08,Calaveras,009,45235,7222,7245,350,7595,117
2022-03-08,Colusa,011,21464,3429,3439,1069,4508,21
2022-03-08,Contra Costa,013,1133247,187070,186396,13088,199484,1256
2022-03-08,Del Norte,015,27424,5731,5763,190,5953,48
2022-03-08,El Dorado,017,186661,26579,26503,3228,29731,197
2022-03-08,Fresno,019,978130,230244,227808,23837,251645,2653
2022-03-08,Glenn,021,27897,4956,4944,1594,6538,43
2022-03-08,Humboldt,023,135768,16772,16837,2926,19763,137
2022-03-08,Imperial,025,180216,55193,54721,10761,65482,890
2022-03-08,Inyo,027,18085,4057,4056,480,4536,56
2022-03-08,Kern,029,883053,191159,190208,46117,236325,2154
2022-03-08,Kings,031,150075,51205,51089,3607,54696,434
2022-03-08,Lake,033,64148,10621,10571,891,11462,130
2022-03-08,Lassen,035,31185,8941,8897,884,9781,62
2022-03-08,Los Angeles,037,10098052,2696400,2677166,123201,2800367,30803
2022-03-08,Madera,039,155013,37165,37185,6081,43266,354
2022-03-08,Marin,041,260295,33053,32943,2185,35128,272
2022-03-08,Mariposa,043,17540,2375,2371,200,2571,6
2022-03-08,Mendocino,045,87422,12968,12950,3005,15955,117
2022-03-08,Merced,047,269075,61888,61767,8590,70357,791
2022-03-08,Modoc,049,8938,730,729,249,978,7
2022-03-08,Mono,051,14174,2960,2961,120,3081,5
2022-03-08,Monterey,053,433212,78918,78247,13568,91815,711
2022-03-08,Napa,055,140530,25577,25528,947,26475,137
2022-03-08,Nevada,057,99092,15859,15939,1203,17142,122
2022-03-08,Orange,059,3164182,544028,542164,41225,583389,6692
2022-03-08,Placer,061,380077,62373,62221,7359,69580,594
2022-03-08,Plumas,063,18699,2959,2703,364,3067,13
2022-03-08,Riverside,065,2383286,589253,587686,27973,615659,6294
2022-03-08,Sacramento,067,1510023,279249,274276,27045,301321,2872
2022-03-08,San Benito,069,59416,12834,12855,510,13365,94
2022-03-08,San Bernardino,071,2135413,566786,558512,24969,583481,6715
2022-03-08,San Diego,073,3302833,746326,743604,52069,795673,5077
2022-03-08,San Francisco,075,870044,122527,123675,8196,131871,807
2022-03-08,San Joaquin,077,732212,165639,165381,9960,175341,2104
2022-03-08,San Luis Obispo,079,281455,52093,51900,3754,55654,451
2022-03-08,San Mateo,081,765935,120311,119103,6928,126031,638
2022-03-08,Santa Barbara,083,443738,85244,85363,4746,90109,659
2022-03-08,Santa Clara,085,1922200,307689,308528,12314,320842,2206
2022-03-08,Santa Cruz,087,273765,47228,46875,2108,48983,254
2022-03-08,Shasta,089,179085,30388,30372,6110,36482,493
2022-03-08,Sierra,091,2930,271,273,48,321,4
2022-03-08,Siskiyou,093,43540,4419,4404,2739,7143,74
2022-03-08,Solano,095,438530,80840,80924,5566,86490,434
2022-03-08,Sonoma,097,501317,82799,82571,2572,85143,473
2022-03-08,Stanislaus,099,539301,116924,117782,17629,135411,1541
2022-03-08,Sutter,101,95872,20383,20403,2068,22471,217
2022-03-08,Tehama,103,63373,11997,11972,2609,14581,158
2022-03-08,Trinity,105,12862,1181,1174,295,1469,20
2022-03-08,Tulare,107,460477,106109,103893,28340,132233,1334
2022-03-08,Tuolumne,109,53932,12589,12427,566,12993,180
2022-03-08,Ventura,111,848112,172267,171806,9420,181226,1447
2022-03-08,Yolo,113,214977,36679,35946,3175,39121,306
2022-03-08,Yuba,115,75493,15739,15705,1194,16899,115
2022-03-07,Alameda,001,1643700,253495,252578,13638,266216,1766
2022-03-07,Alpine,003,1148,122,125,1,126,0
2022-03-07,Amador,005,37829,8462,8368,650,9018,84
2022-03-07,Butte,007,227075,32818,32734,6685,39419,378
2022-03-07,Calaveras,009,45235,7218,7242,350,7592,116
2022-03-07,Colusa,011,21464,3427,3437,1069,4506,21
2022-03-07,Contra Costa,013,1133247,186971,186087,13064,199151,1256
2022-03-07,Del Norte,015,27424,5727,5758,190,5948,48
2022-03-07,El Dorado,017,186661,26573,26487,3227,29714,196
2022-03-07,Fresno,019,978130,230154,227670,23813,251483,2653
2022-03-07,Glenn,021,27897,4950,4939,1594,6533,43
2022-03-07,Humboldt,023,135768,16759,16829,2921,19750,137
2022-03-07,Imperial,025,180216,55171,54712,10756,65468,890
2022-03-07,Inyo,027,18085,4055,4054,480,4534,56
2022-03-07,Kern,029,883053,191101,190163,46092,236255,2152
2022-03-07,Kings,031,150075,51175,51065,3601,54666,433
2022-03-07,Lake,033,64148,10609,10562,890,11452,130
2022-03-07,Lassen,035,31185,8940,8896,884,9780,62
2022-03-07,Los Angeles,037,10098052,2695588,2675497,123161,2798658,30759
2022-03-07,Madera,039,155013,37155,37164,6078,43242,354
2022-03-07,Marin,041,260295,33015,32919,2182,35101,272
2022-03-07,Mariposa,043,17540,2374,2369,200,2569,6
2022-03-07,Mendocino,045,87422,12961,12940,3004,15944,117
2022-03-07,Merced,047,269075,61848,61751,8583,70334,791
2022-03-07,Modoc,049,8938,730,729,249,978,7
2022-03-07,Mono,051,14174,2960,2960,120,3080,5
2022-03-07,Monterey,053,433212,78884,78161,13519,91680,706
2022-03-07,Napa,055,140530,25547,25500,947,26447,136
2022-03-07,Nevada,057,99092,15852,15935,1197,17132,122
2022-03-07,Orange,059,3164182,543853,542028,41199,583227,6687
2022-03-07,Placer,061,380077,62344,62215,7357,69572,591
2022-03-07,Plumas,063,18699,2959,2702,364,3066,13
2022-03-07,Riverside,065,2383286,589122,587537,27965,615502,6279
2022-03-07,Sacramento,067,1510023,279148,274079,27032,301111,2866
2022-03-07,San Benito,069,59416,12828,12843,510,13353,94
2022-03-07,San Bernardino,071,2135413,566682,558265,24957,583222,6703
2022-03-07,San Diego,073,3302833,745984,742287,52026,794313,5068
2022-03-07,San Francisco,075,870044,122424,123655,8190,131845,807
2022-03-07,San Joaquin,077,732212,165588,165343,9952,175295,2091
2022-03-07,San Luis Obispo,079,281455,52051,51874,3749,55623,448
2022-03-07,San Mateo,081,765935,120235,119035,6921,125956,630
2022-03-07,Santa Barbara,083,443738,85206,85345,4745,90090,659
2022-03-07,Santa Clara,085,1922200,307502,308517,12308,320825,2202
2022-03-07,Santa Cruz,087,273765,47178,46823,2107,48930,254
2022-03-07,Shasta,089,179085,30375,30352,6107,36459,493
2022-03-07,Sierra,091,2930,271,273,48,321,4
2022-03-07,Siskiyou,093,43540,4415,4398,2738,7136,74
2022-03-07,Solano,095,438530,80783,80886,5564,86450,435
2022-03-07,Sonoma,097,501317,82756,82530,2571,85101,473
2022-03-07,Stanislaus,099,539301,116885,117713,17621,135334,1537
2022-03-07,Sutter,101,95872,20372,20400,2067,22467,217
2022-03-07,Tehama,103,63373,11991,11966,2606,14572,158
2022-03-07,Trinity,105,12862,1179,1173,295,1468,20
2022-03-07,Tulare,107,460477,106072,103834,28330,132164,1316
2022-03-07,Tuolumne,109,53932,12583,12408,565,12973,179
2022-03-07,Ventura,111,848112,172216,171886,9418,181304,1436
2022-03-07,Yolo,113,214977,36656,35934,3169,39103,306
2022-03-07,Yuba,115,75493,15732,15701,1193,16894,115
2022-03-06,Alameda,001,1643700,253307,252460,13629,266089,1766
2022-03-06,Alpine,003,1148,122,125,1,126,0
2022-03-06,Amador,005,37829,8459,8367,648,9015,84
2022-03-06,Butte,007,227075,32808,32714,6681,39395,376
2022-03-06,Calaveras,009,45235,7216,7236,349,7585,116
2022-03-06,Colusa,011,21464,3427,3435,1068,4503,21
2022-03-06,Contra Costa,013,1133247,186857,185974,13039,199013,1256
2022-03-06,Del Norte,015,27424,5711,5744,188,5932,48
2022-03-06,El Dorado,017,186661,26564,26478,3225,29703,196
2022-03-06,Fresno,019,978130,230011,227514,23802,251316,2653
2022-03-06,Glenn,021,27897,4946,4939,1594,6533,43
2022-03-06,Humboldt,023,135768,16748,16813,2918,19731,137
2022-03-06,Imperial,025,180216,55153,54719,10744,65463,890
2022-03-06,Inyo,027,18085,4053,4053,480,4533,56
2022-03-06,Kern,029,883053,191046,190088,46070,236158,2152
2022-03-06,Kings,031,150075,51106,51050,3598,54648,432
2022-03-06,Lake,033,64148,10595,10539,889,11428,130
2022-03-06,Lassen,035,31185,8927,8887,883,9770,62
2022-03-06,Los Angeles,037,10098052,2694655,2675456,123104,2798560,30759
2022-03-06,Madera,039,155013,37125,37135,6070,43205,354
2022-03-06,Marin,041,260295,32989,32879,2181,35060,272
2022-03-06,Mariposa,043,17540,2373,2365,199,2564,6
2022-03-06,Mendocino,045,87422,12949,12923,3000,15923,116
2022-03-06,Merced,047,269075,61816,61722,8566,70288,791
2022-03-06,Modoc,049,8938,730,729,249,978,7
2022-03-06,Mono,051,14174,2960,2959,120,3079,5
2022-03-06,Monterey,053,433212,78838,78154,13487,91641,706
2022-03-06,Napa,055,140530,25512,25457,945,26402,136
2022-03-06,Nevada,057,99092,15841,15924,1196,17120,122
2022-03-06,Orange,059,3164182,543694,541903,41151,583054,6688
2022-03-06,Placer,061,380077,62311,62185,7353,69538,591
2022-03-06,Plumas,063,18699,2954,2704,364,3068,13
2022-03-06,Riverside,065,2383286,588960,587388,27944,615332,6279
2022-03-06,Sacramento,067,1510023,279013,273935,27008,300943,2869
2022-03-06,San Benito,069,59416,12817,12835,509,13344,94
2022-03-06,San Bernardino,071,2135413,566559,558139,24943,583082,6701
2022-03-06,San Diego,073,3302833,745589,742287,51977,794264,5068
2022-03-06,San Francisco,075,870044,122303,123742,8187,131929,806
2022-03-06,San Joaquin,077,732212,165506,165252,9946,175198,2091
2022-03-06,San Luis Obispo,079,281455,52013,51828,3746,55574,448
2022-03-06,San Mateo,081,765935,120152,118916,6912,125828,630
2022-03-06,Santa Barbara,083,443738,85166,85317,4740,90057,659
2022-03-06,Santa Clara,085,1922200,307243,308250,12306,320556,2201
2022-03-06,Santa Cruz,087,273765,47127,46755,2106,48861,254
2022-03-06,Shasta,089,179085,30352,30332,6090,36422,493
2022-03-06,Sierra,091,2930,271,273,48,321,4
2022-03-06,Siskiyou,093,43540,4411,4398,2736,7134,74
2022-03-06,Solano,095,438530,80727,80833,5558,86391,435
2022-03-06,Sonoma,097,501317,82721,82458,2566,85024,473
2022-03-06,Stanislaus,099,539301,116839,117680,17611,135291,1536
2022-03-06,Sutter,101,95872,20361,20390,2063,22453,217
2022-03-06,Tehama,103,63373,11983,11963,2606,14569,158
2022-03-06,Trinity,105,12862,1179,1172,294,1466,20
2022-03-06,Tulare,107,460477,106014,103794,28315,132109,1316
2022-03-06,Tuolumne,109,53932,12577,12379,563,12942,179
2022-03-06,Ventura,111,848112,172147,171819,9416,181235,1436
2022-03-06,Yolo,113,214977,36630,35882,3165,39047,306
2022-03-06,Yuba,115,75493,15728,15694,1192,16886,115
2022-03-05,Alameda,001,1643700,253192,251988,13624,265612,1760
2022-03-05,Alpine,003,1148,122,125,1,126,0
2022-03-05,Amador,005,37829,8456,8344,648,8992,83
2022-03-05,Butte,007,227075,32801,32663,6676,39339,372
2022-03-05,Calaveras,009,45235,7213,7236,349,7585,116
2022-03-05,Colusa,011,21464,3427,3433,1068,4501,21
2022-03-05,Contra Costa,013,1133247,186794,185734,13033,198767,1235
2022-03-05,Del Norte,015,27424,5708,5725,188,5913,48
2022-03-05,El Dorado,017,186661,26558,26446,3222,29668,193
2022-03-05,Fresno,019,978130,229959,227154,23800,250954,2640
2022-03-05,Glenn,021,27897,4944,4927,1594,6521,43
2022-03-05,Humboldt,023,135768,16742,16781,2916,19697,136
2022-03-05,Imperial,025,180216,55143,54650,10742,65392,880
2022-03-05,Inyo,027,18085,4052,4043,479,4522,56
2022-03-05,Kern,029,883053,191014,189817,46052,235869,2141
2022-03-05,Kings,031,150075,51099,50926,3596,54522,431
2022-03-05,Lake,033,64148,10587,10512,888,11400,130
2022-03-05,Lassen,035,31185,8918,8818,883,9701,62
2022-03-05,Los Angeles,037,10098052,2694298,2671564,123067,2794631,30608
2022-03-05,Madera,039,155013,37110,37100,6070,43170,354
2022-03-05,Marin,041,260295,32977,32829,2181,35010,272
2022-03-05,Mariposa,043,17540,2373,2363,199,2562,6
2022-03-05,Mendocino,045,87422,12946,12845,2999,15844,113
2022-03-05,Merced,047,269075,61806,61653,8566,70219,789
2022-03-05,Modoc,049,8938,730,729,249,978,7
2022-03-05,Mono,051,14174,2960,2961,120,3081,5
2022-03-05,Monterey,053,433212,78819,78028,13480,91508,704
2022-03-05,Napa,055,140530,25494,25405,945,26350,134
2022-03-05,Nevada,057,99092,15837,15907,1196,17103,122
2022-03-05,Orange,059,3164182,543569,541463,41140,582603,6638
2022-03-05,Placer,061,380077,62297,62117,7346,69463,591
2022-03-05,Plumas,063,18699,2953,2701,364,3065,13
2022-03-05,Riverside,065,2383286,588869,586785,27940,614725,6239
2022-03-05,Sacramento,067,1510023,278949,273487,27003,300490,2847
2022-03-05,San Benito,069,59416,12815,12820,509,13329,94
2022-03-05,San Bernardino,071,2135413,566501,557421,24937,582358,6641
2022-03-05,San Diego,073,3302833,745399,740747,51966,792713,5045
2022-03-05,San Francisco,075,870044,122239,123537,8182,131719,798
2022-03-05,San Joaquin,077,732212,165465,165085,9937,175022,2069
2022-03-05,San Luis Obispo,079,281455,52005,51739,3744,55483,446
2022-03-05,San Mateo,081,765935,120097,118646,6909,125555,621
2022-03-05,Santa Barbara,083,443738,85151,85249,4740,89989,655
2022-03-05,Santa Clara,085,1922200,307126,307689,12303,319992,2195
2022-03-05,Santa Cruz,087,273765,47107,46622,2106,48728,253
2022-03-05,Shasta,089,179085,30340,30282,6089,36371,492
2022-03-05,Sierra,091,2930,271,273,47,320,4
2022-03-05,Siskiyou,093,43540,4410,4389,2735,7124,74
2022-03-05,Solano,095,438530,80710,80690,5558,86248,435
2022-03-05,Sonoma,097,501317,82699,82313,2566,84879,473
2022-03-05,Stanislaus,099,539301,116813,117501,17608,135109,1531
2022-03-05,Sutter,101,95872,20353,20346,2063,22409,217
2022-03-05,Tehama,103,63373,11981,11939,2606,14545,158
2022-03-05,Trinity,105,12862,1179,1170,292,1462,20
2022-03-05,Tulare,107,460477,106001,103534,28306,131840,1305
2022-03-05,Tuolumne,109,53932,12573,12325,562,12887,178
2022-03-05,Ventura,111,848112,172106,171666,9414,181080,1436
2022-03-05,Yolo,113,214977,36616,35856,3165,39021,306
2022-03-05,Yuba,115,75493,15720,15666,1192,16858,115
2022-03-04,Alameda,001,1643700,253097,251988,13616,265604,1760
2022-03-04,Alpine,003,1148,122,125,1,126,0
2022-03-04,Amador,005,37829,8455,8344,648,8992,83
2022-03-04,Butte,007,227075,32795,32663,6670,39333,372
2022-03-04,Calaveras,009,45235,7212,7236,349,7585,116
2022-03-04,Colusa,011,21464,3425,3433,1068,4501,21
2022-03-04,Contra Costa,013,1133247,186726,185734,13030,198764,1235
2022-03-04,Del Norte,015,27424,5698,5725,188,5913,48
2022-03-04,El Dorado,017,186661,26554,26446,3222,29668,193
2022-03-04,Fresno,019,978130,229896,227154,23793,250947,2640
2022-03-04,Glenn,021,27897,4943,4927,1594,6521,43
2022-03-04,Humboldt,023,135768,16738,16781,2916,19697,136
2022-03-04,Imperial,025,180216,55136,54650,10738,65388,880
2022-03-04,Inyo,027,18085,4052,4043,479,4522,56
2022-03-04,Kern,029,883053,190973,189817,46040,235857,2141
2022-03-04,Kings,031,150075,51086,50926,3596,54522,431
2022-03-04,Lake,033,64148,10586,10512,888,11400,130
2022-03-04,Lassen,035,31185,8916,8818,883,9701,62
2022-03-04,Los Angeles,037,10098052,2693773,2671564,123037,2794601,30608
2022-03-04,Madera,039,155013,37101,37100,6070,43170,354
2022-03-04,Marin,041,260295,32955,32829,2179,35008,272
2022-03-04,Mariposa,043,17540,2368,2363,199,2562,6
2022-03-04,Mendocino,045,87422,12940,12845,2999,15844,113
2022-03-04,Merced,047,269075,61794,61653,8564,70217,789
2022-03-04,Modoc,049,8938,730,729,249,978,7
2022-03-04,Mono,051,14174,2960,2961,120,3081,5
2022-03-04,Monterey,053,433212,78799,78028,13473,91501,704
2022-03-04,Napa,055,140530,25479,25405,944,26349,134
2022-03-04,Nevada,057,99092,15832,15907,1196,17103,122
2022-03-04,Orange,059,3164182,543450,541463,41121,582584,6638
2022-03-04,Placer,061,380077,62284,62117,7343,69460,591
2022-03-04,Plumas,063,18699,2953,2701,363,3064,13
2022-03-04,Riverside,065,2383286,588782,586785,27939,614724,6239
2022-03-04,Sacramento,067,1510023,278876,273487,26999,300486,2847
2022-03-04,San Benito,069,59416,12811,12820,509,13329,94
2022-03-04,San Bernardino,071,2135413,566418,557421,24936,582357,6641
2022-03-04,San Diego,073,3302833,745160,740747,51949,792696,5045
2022-03-04,San Francisco,075,870044,122179,123537,8175,131712,798
2022-03-04,San Joaquin,077,732212,165433,165085,9936,175021,2069
2022-03-04,San Luis Obispo,079,281455,51997,51739,3743,55482,446
2022-03-04,San Mateo,081,765935,120039,118646,6907,125553,621
2022-03-04,Santa Barbara,083,443738,85129,85249,4740,89989,655
2022-03-04,Santa Clara,085,1922200,306976,307689,12300,319989,2195
2022-03-04,Santa Cruz,087,273765,47084,46622,2106,48728,253
2022-03-04,Shasta,089,179085,30332,30282,6086,36368,492
2022-03-04,Sierra,091,2930,271,273,47,320,4
2022-03-04,Siskiyou,093,43540,4408,4389,2731,7120,74
2022-03-04,Solano,095,438530,80677,80690,5555,86245,435
2022-03-04,Sonoma,097,501317,82668,82313,2565,84878,473
2022-03-04,Stanislaus,099,539301,116794,117501,17606,135107,1531
2022-03-04,Sutter,101,95872,20349,20346,2063,22409,217
2022-03-04,Tehama,103,63373,11978,11939,2606,14545,158
2022-03-04,Trinity,105,12862,1179,1170,292,1462,20
2022-03-04,Tulare,107,460477,105982,103534,28301,131835,1305
2022-03-04,Tuolumne,109,53932,12568,12325,562,12887,178
2022-03-04,Ventura,111,848112,172059,171666,9411,181077,1436
2022-03-04,Yolo,113,214977,36599,35856,3165,39021,306
2022-03-04,Yuba,115,75493,15715,15666,1191,16857,115
2022-03-03,Alameda,001,1643700,252978,251988,13604,265592,1760
2022-03-03,Alpine,003,1148,122,125,1,126,0
2022-03-03,Amador,005,37829,8454,8344,648,8992,83
2022-03-03,Butte,007,227075,32778,32663,6664,39327,372
2022-03-03,Calaveras,009,45235,7199,7236,349,7585,116
2022-03-03,Colusa,011,21464,3425,3433,1068,4501,21
2022-03-03,Contra Costa,013,1133247,186651,185734,13015,198749,1235
2022-03-03,Del Norte,015,27424,5691,5725,188,5913,48
2022-03-03,El Dorado,017,186661,26536,26446,3221,29667,193
2022-03-03,Fresno,019,978130,229769,227154,23785,250939,2640
2022-03-03,Glenn,021,27897,4941,4927,1593,6520,43
2022-03-03,Humboldt,023,135768,16723,16781,2915,19696,136
2022-03-03,Imperial,025,180216,55120,54650,10736,65386,880
2022-03-03,Inyo,027,18085,4051,4043,479,4522,56
2022-03-03,Kern,029,883053,190905,189817,46021,235838,2141
2022-03-03,Kings,031,150075,51063,50926,3593,54519,431
2022-03-03,Lake,033,64148,10581,10512,886,11398,130
2022-03-03,Lassen,035,31185,8908,8818,883,9701,62
2022-03-03,Los Angeles,037,10098052,2693048,2671564,122996,2794560,30608
2022-03-03,Madera,039,155013,37085,37100,6065,43165,354
2022-03-03,Marin,041,260295,32929,32829,2178,35007,272
2022-03-03,Mariposa,043,17540,2367,2363,199,2562,6
2022-03-03,Mendocino,045,87422,12929,12845,2996,15841,113
2022-03-03,Merced,047,269075,61775,61653,8558,70211,789
2022-03-03,Modoc,049,8938,730,729,249,978,7
2022-03-03,Mono,051,14174,2959,2961,120,3081,5
2022-03-03,Monterey,053,433212,78769,78028,13455,91483,704
2022-03-03,Napa,055,140530,25455,25405,943,26348,134
2022-03-03,Nevada,057,99092,15827,15907,1191,17098,122
2022-03-03,Orange,059,3164182,543273,541463,41095,582558,6638
2022-03-03,Placer,061,380077,62262,62117,7339,69456,591
2022-03-03,Plumas,063,18699,2952,2701,363,3064,13
2022-03-03,Riverside,065,2383286,588648,586785,27934,614719,6239
2022-03-03,Sacramento,067,1510023,278769,273487,26981,300468,2847
2022-03-03,San Benito,069,59416,12808,12820,509,13329,94
2022-03-03,San Bernardino,071,2135413,566311,557421,24930,582351,6641
2022-03-03,San Diego,073,3302833,744815,740747,51931,792678,5045
2022-03-03,San Francisco,075,870044,122106,123537,8164,131701,798
2022-03-03,San Joaquin,077,732212,165359,165085,9933,175018,2069
2022-03-03,San Luis Obispo,079,281455,51942,51739,3735,55474,446
2022-03-03,San Mateo,081,765935,119964,118646,6897,125543,621
2022-03-03,Santa Barbara,083,443738,85110,85249,4731,89980,655
2022-03-03,Santa Clara,085,1922200,306794,307689,12285,319974,2195
2022-03-03,Santa Cruz,087,273765,47036,46622,2104,48726,253
2022-03-03,Shasta,089,179085,30314,30282,6082,36364,492
2022-03-03,Sierra,091,2930,271,273,47,320,4
2022-03-03,Siskiyou,093,43540,4405,4389,2731,7120,74
2022-03-03,Solano,095,438530,80628,80690,5553,86243,435
2022-03-03,Sonoma,097,501317,82622,82313,2560,84873,473
2022-03-03,Stanislaus,099,539301,116761,117501,17598,135099,1531
2022-03-03,Sutter,101,95872,20341,20346,2063,22409,217
2022-03-03,Tehama,103,63373,11975,11939,2606,14545,158
2022-03-03,Trinity,105,12862,1178,1170,292,1462,20
2022-03-03,Tulare,107,460477,105939,103534,28291,131825,1305
2022-03-03,Tuolumne,109,53932,12557,12325,562,12887,178
2022-03-03,Ventura,111,848112,172006,171666,9409,181075,1436
2022-03-03,Yolo,113,214977,36575,35856,3158,39014,306
2022-03-03,Yuba,115,75493,15709,15666,1186,16852,115
2022-03-02,Alameda,001,1643700,252800,251886,13587,265473,1759
2022-03-02,Alpine,003,1148,122,125,1,126,0
2022-03-02,Amador,005,37829,8442,8341,648,8989,83
2022-03-02,Butte,007,227075,32766,32636,6659,39295,372
2022-03-02,Calaveras,009,45235,7198,7225,349,7574,116
2022-03-02,Colusa,011,21464,3422,3428,1068,4496,21
2022-03-02,Contra Costa,013,1133247,186558,185589,12996,198585,1236
2022-03-02,Del Norte,015,27424,5684,5708,186,5894,47
2022-03-02,El Dorado,017,186661,26525,26433,3218,29651,192
2022-03-02,Fresno,019,978130,229637,226932,23774,250706,2629
2022-03-02,Glenn,021,27897,4941,4922,1592,6514,43
2022-03-02,Humboldt,023,135768,16713,16747,2908,19655,135
2022-03-02,Imperial,025,180216,55094,54629,10731,65360,878
2022-03-02,Inyo,027,18085,4049,4041,478,4519,56
2022-03-02,Kern,029,883053,190839,189656,46001,235657,2136
2022-03-02,Kings,031,150075,51037,50819,3590,54409,431
2022-03-02,Lake,033,64148,10568,10495,884,11379,130
2022-03-02,Lassen,035,31185,8905,8811,882,9693,62
2022-03-02,Los Angeles,037,10098052,2692167,2670287,122949,2793236,30535
2022-03-02,Madera,039,155013,37068,37077,6063,43140,354
2022-03-02,Marin,041,260295,32911,32794,2177,34971,272
2022-03-02,Mariposa,043,17540,2367,2359,199,2558,6
2022-03-02,Mendocino,045,87422,12916,12832,2991,15823,112
2022-03-02,Merced,047,269075,61749,61606,8548,70154,785
2022-03-02,Modoc,049,8938,730,729,249,978,7
2022-03-02,Mono,051,14174,2959,2961,120,3081,5
2022-03-02,Monterey,053,433212,78733,77963,13432,91395,703
2022-03-02,Napa,055,140530,25406,25382,942,26324,134
2022-03-02,Nevada,057,99092,15816,15920,1190,17110,122
2022-03-02,Orange,059,3164182,543067,541230,41068,582298,6623
2022-03-02,Placer,061,380077,62240,62066,7336,69402,589
2022-03-02,Plumas,063,18699,2952,2700,362,3062,13
2022-03-02,Riverside,065,2383286,588498,586513,27923,614436,6229
2022-03-02,Sacramento,067,1510023,278652,273291,26970,300261,2837
2022-03-02,San Benito,069,59416,12797,12814,509,13323,94
2022-03-02,San Bernardino,071,2135413,566202,557082,24924,582006,6619
2022-03-02,San Diego,073,3302833,744455,739803,51883,791686,5034
2022-03-02,San Francisco,075,870044,122011,123442,8162,131604,792
2022-03-02,San Joaquin,077,732212,165300,164968,9928,174896,2063
2022-03-02,San Luis Obispo,079,281455,51904,51686,3730,55416,446
2022-03-02,San Mateo,081,765935,119877,118518,6881,125399,617
2022-03-02,Santa Barbara,083,443738,85085,85183,4730,89913,655
2022-03-02,Santa Clara,085,1922200,306579,307354,12271,319625,2184
2022-03-02,Santa Cruz,087,273765,46966,46534,2103,48637,253
2022-03-02,Shasta,089,179085,30289,30253,6072,36325,490
2022-03-02,Sierra,091,2930,271,273,47,320,4
2022-03-02,Siskiyou,093,43540,4403,4384,2728,7112,74
2022-03-02,Solano,095,438530,80562,80626,5550,86176,433
2022-03-02,Sonoma,097,501317,82576,82208,2556,84764,473
2022-03-02,Stanislaus,099,539301,116725,117411,17572,134983,1519
2022-03-02,Sutter,101,95872,20319,20317,2045,22362,216
2022-03-02,Tehama,103,63373,11970,11930,2605,14535,158
2022-03-02,Trinity,105,12862,1176,1160,292,1452,20
2022-03-02,Tulare,107,460477,105897,103451,28274,131725,1302
2022-03-02,Tuolumne,109,53932,12552,12297,562,12859,179
2022-03-02,Ventura,111,848112,171953,171770,9405,181175,1427
2022-03-02,Yolo,113,214977,36557,35799,3152,38951,305
2022-03-02,Yuba,115,75493,15696,15653,1181,16834,115
2022-03-01,Alameda,001,1643700,252635,251830,13576,265406,1749
2022-03-01,Alpine,003,1148,122,125,1,126,0
2022-03-01,Amador,005,37829,8394,8334,646,8980,83
2022-03-01,Butte,007,227075,32742,32575,6655,39230,372
2022-03-01,Calaveras,009,45235,7195,7223,348,7571,116
2022-03-01,Colusa,011,21464,3421,3423,1068,4491,21
2022-03-01,Contra Costa,013,1133247,186448,185378,12981,198359,1231
2022-03-01,Del Norte,015,27424,5681,5701,184,5885,45
2022-03-01,El Dorado,017,186661,26506,26413,3216,29629,192
2022-03-01,Fresno,019,978130,229497,226594,23761,250355,2628
2022-03-01,Glenn,021,27897,4940,4919,1590,6509,40
2022-03-01,Humboldt,023,135768,16692,16727,2901,19628,135
2022-03-01,Imperial,025,180216,55077,54570,10725,65295,875
2022-03-01,Inyo,027,18085,4045,4041,477,4518,56
2022-03-01,Kern,029,883053,190765,189365,45977,235342,2120
2022-03-01,Kings,031,150075,51015,50763,3586,54349,427
2022-03-01,Lake,033,64148,10557,10471,882,11353,128
2022-03-01,Lassen,035,31185,8901,8801,882,9683,61
2022-03-01,Los Angeles,037,10098052,2691218,2669489,122891,2792380,30486
2022-03-01,Madera,039,155013,37048,37046,6056,43102,354
2022-03-01,Marin,041,260295,32886,32764,2175,34939,272
2022-03-01,Mariposa,043,17540,2366,2357,198,2555,6
2022-03-01,Mendocino,045,87422,12905,12818,2989,15807,112
2022-03-01,Merced,047,269075,61721,61549,8533,70082,781
2022-03-01,Modoc,049,8938,730,729,249,978,7
2022-03-01,Mono,051,14174,2958,2960,120,3080,6
2022-03-01,Monterey,053,433212,78707,77911,13420,91331,696
2022-03-01,Napa,055,140530,25374,25344,942,26286,134
2022-03-01,Nevada,057,99092,15808,15916,1187,17103,121
2022-03-01,Orange,059,3164182,542847,541054,41032,582086,6612
2022-03-01,Placer,061,380077,62212,62021,7330,69351,583
2022-03-01,Plumas,063,18699,2952,2694,362,3056,13
2022-03-01,Riverside,065,2383286,588332,586184,27922,614106,6198
2022-03-01,Sacramento,067,1510023,278521,273089,26956,300045,2831
2022-03-01,San Benito,069,59416,12793,12806,509,13315,94
2022-03-01,San Bernardino,071,2135413,566072,556743,24921,581664,6588
2022-03-01,San Diego,073,3302833,744029,739136,51841,790977,5029
2022-03-01,San Francisco,075,870044,121909,123481,8156,131637,792
2022-03-01,San Joaquin,077,732212,165233,164894,9923,174817,2062
2022-03-01,San Luis Obispo,079,281455,51868,51592,3726,55318,445
2022-03-01,San Mateo,081,765935,119800,118358,6874,125232,613
2022-03-01,Santa Barbara,083,443738,85047,85134,4726,89860,654
2022-03-01,Santa Clara,085,1922200,306328,306978,12259,319237,2190
2022-03-01,Santa Cruz,087,273765,46916,46471,2100,48571,253
2022-03-01,Shasta,089,179085,30260,30227,6069,36296,489
2022-03-01,Sierra,091,2930,271,274,47,321,5
2022-03-01,Siskiyou,093,43540,4399,4384,2723,7107,74
2022-03-01,Solano,095,438530,80500,80556,5547,86103,434
2022-03-01,Sonoma,097,501317,82506,82103,2550,84653,477
2022-03-01,Stanislaus,099,539301,116673,117308,17547,134855,1521
2022-03-01,Sutter,101,95872,20305,20288,2041,22329,217
2022-03-01,Tehama,103,63373,11964,11923,2602,14525,158
2022-03-01,Trinity,105,12862,1175,1159,292,1451,20
2022-03-01,Tulare,107,460477,105815,103371,28254,131625,1302
2022-03-01,Tuolumne,109,53932,12545,12276,560,12836,175
2022-03-01,Ventura,111,848112,171883,171672,9398,181070,1427
2022-03-01,Yolo,113,214977,36532,35801,3146,38947,299
2022-03-01,Yuba,115,75493,15688,15637,1181,16818,116
2022-02-28,Alameda,001,1643700,252417,251714,13561,265275,1742
2022-02-28,Alpine,003,1148,122,125,1,126,0
2022-02-28,Amador,005,37829,8388,8308,645,8953,83
2022-02-28,Butte,007,227075,32719,32550,6650,39200,368
2022-02-28,Calaveras,009,45235,7192,7220,347,7567,110
2022-02-28,Colusa,011,21464,3418,3422,1066,4488,21
2022-02-28,Contra Costa,013,1133247,186340,185272,12961,198233,1231
2022-02-28,Del Norte,015,27424,5677,5699,183,5882,45
2022-02-28,El Dorado,017,186661,26496,26409,3211,29620,191
2022-02-28,Fresno,019,978130,229296,226519,23739,250258,2622
2022-02-28,Glenn,021,27897,4936,4918,1590,6508,40
2022-02-28,Humboldt,023,135768,16677,16717,2897,19614,135
2022-02-28,Imperial,025,180216,55051,54517,10720,65237,875
2022-02-28,Inyo,027,18085,4045,4041,476,4517,56
2022-02-28,Kern,029,883053,190675,189245,45946,235191,2115
2022-02-28,Kings,031,150075,50976,50741,3585,54326,427
2022-02-28,Lake,033,64148,10545,10468,878,11346,128
2022-02-28,Lassen,035,31185,8844,8794,882,9676,55
2022-02-28,Los Angeles,037,10098052,2690045,2666804,122795,2789599,30410
2022-02-28,Madera,039,155013,37021,37023,6040,43063,354
2022-02-28,Marin,041,260295,32861,32775,2175,34950,272
2022-02-28,Mariposa,043,17540,2363,2354,196,2550,6
2022-02-28,Mendocino,045,87422,12896,12800,2981,15781,112
2022-02-28,Merced,047,269075,61677,61519,8515,70034,781
2022-02-28,Modoc,049,8938,730,727,249,976,7
2022-02-28,Mono,051,14174,2958,2961,120,3081,5
2022-02-28,Monterey,053,433212,78640,77865,13397,91262,693
2022-02-28,Napa,055,140530,25347,25317,942,26259,129
2022-02-28,Nevada,057,99092,15802,15908,1181,17089,121
2022-02-28,Orange,059,3164182,542594,540839,41018,581857,6605
2022-02-28,Placer,061,380077,62180,61976,7324,69300,577
2022-02-28,Plumas,063,18699,2952,2691,361,3052,13
2022-02-28,Riverside,065,2383286,588136,585891,27889,613780,6179
2022-02-28,Sacramento,067,1510023,278383,273038,26931,299969,2825
2022-02-28,San Benito,069,59416,12789,12798,509,13307,94
2022-02-28,San Bernardino,071,2135413,565884,556540,24907,581447,6576
2022-02-28,San Diego,073,3302833,743641,737760,51811,789571,5018
2022-02-28,San Francisco,075,870044,121749,123402,8148,131550,792
2022-02-28,San Joaquin,077,732212,165147,164833,9913,174746,2060
2022-02-28,San Luis Obispo,079,281455,51809,51565,3718,55283,440
2022-02-28,San Mateo,081,765935,119700,118301,6868,125169,611
2022-02-28,Santa Barbara,083,443738,85004,85076,4721,89797,653
2022-02-28,Santa Clara,085,1922200,306052,306930,12237,319167,2180
2022-02-28,Santa Cruz,087,273765,46846,46447,2099,48546,253
2022-02-28,Shasta,089,179085,30235,30213,6065,36278,488
2022-02-28,Sierra,091,2930,271,273,47,320,4
2022-02-28,Siskiyou,093,43540,4396,4382,2717,7099,74
2022-02-28,Solano,095,438530,80434,80544,5536,86080,430
2022-02-28,Sonoma,097,501317,82438,82058,2547,84605,477
2022-02-28,Stanislaus,099,539301,116609,117231,17531,134762,1521
2022-02-28,Sutter,101,95872,20292,20285,2038,22323,214
2022-02-28,Tehama,103,63373,11951,11917,2601,14518,158
2022-02-28,Trinity,105,12862,1175,1160,292,1452,20
2022-02-28,Tulare,107,460477,105765,103304,28236,131540,1300
2022-02-28,Tuolumne,109,53932,12535,12247,559,12806,175
2022-02-28,Ventura,111,848112,171799,171614,9397,181011,1423
2022-02-28,Yolo,113,214977,36496,35754,3139,38893,299
2022-02-28,Yuba,115,75493,15673,15625,1180,16805,115
2022-02-27,Alameda,001,1643700,252139,251624,13552,265176,1744
2022-02-27,Alpine,003,1148,122,125,1,126,0
2022-02-27,Amador,005,37829,8384,8305,642,8947,83
2022-02-27,Butte,007,227075,32682,32551,6637,39188,368
2022-02-27,Calaveras,009,45235,7185,7214,347,7561,110
2022-02-27,Colusa,011,21464,3417,3422,1066,4488,21
2022-02-27,Contra Costa,013,1133247,186214,185185,12941,198126,1230
2022-02-27,Del Norte,015,27424,5659,5691,181,5872,45
2022-02-27,El Dorado,017,186661,26478,26410,3209,29619,191
2022-02-27,Fresno,019,978130,229098,226397,23711,250108,2621
2022-02-27,Glenn,021,27897,4934,4915,1590,6505,40
2022-02-27,Humboldt,023,135768,16655,16713,2890,19603,135
2022-02-27,Imperial,025,180216,55003,54509,10702,65211,875
2022-02-27,Inyo,027,18085,4044,4041,472,4513,56
2022-02-27,Kern,029,883053,190556,189219,45906,235125,2115
2022-02-27,Kings,031,150075,50948,50733,3583,54316,428
2022-02-27,Lake,033,64148,10526,10463,878,11341,128
2022-02-27,Lassen,035,31185,8836,8786,882,9668,55
2022-02-27,Los Angeles,037,10098052,2688738,2666789,122712,2789501,30410
2022-02-27,Madera,039,155013,36995,37009,6032,43041,354
2022-02-27,Marin,041,260295,32823,32756,2173,34929,272
2022-02-27,Mariposa,043,17540,2360,2352,196,2548,6
2022-02-27,Mendocino,045,87422,12880,12798,2968,15766,112
2022-02-27,Merced,047,269075,61625,61491,8498,69989,779
2022-02-27,Modoc,049,8938,729,727,249,976,7
2022-02-27,Mono,051,14174,2957,2960,120,3080,5
2022-02-27,Monterey,053,433212,78582,77851,13371,91222,693
2022-02-27,Napa,055,140530,25309,25316,942,26258,129
2022-02-27,Nevada,057,99092,15794,15900,1177,17077,121
2022-02-27,Orange,059,3164182,542347,540659,40988,581647,6605
2022-02-27,Placer,061,380077,62138,61965,7320,69285,577
2022-02-27,Plumas,063,18699,2949,2691,361,3052,13
2022-02-27,Riverside,065,2383286,587894,585833,27863,613696,6179
2022-02-27,Sacramento,067,1510023,278197,272927,26899,299826,2822
2022-02-27,San Benito,069,59416,12782,12798,509,13307,94
2022-02-27,San Bernardino,071,2135413,565700,556457,24897,581354,6572
2022-02-27,San Diego,073,3302833,743168,737760,51766,789526,5018
2022-02-27,San Francisco,075,870044,121626,123327,8137,131464,791
2022-02-27,San Joaquin,077,732212,165043,164814,9909,174723,2060
2022-02-27,San Luis Obispo,079,281455,51717,51564,3711,55275,439
2022-02-27,San Mateo,081,765935,119587,118244,6863,125107,611
2022-02-27,Santa Barbara,083,443738,84966,85050,4717,89767,653
2022-02-27,Santa Clara,085,1922200,305764,306756,12208,318964,2180
2022-02-27,Santa Cruz,087,273765,46786,46411,2098,48509,253
2022-02-27,Shasta,089,179085,30203,30206,6059,36265,488
2022-02-27,Sierra,091,2930,271,273,47,320,4
2022-02-27,Siskiyou,093,43540,4391,4378,2704,7082,74
2022-02-27,Solano,095,438530,80358,80515,5523,86038,430
2022-02-27,Sonoma,097,501317,82356,82041,2541,84582,476
2022-02-27,Stanislaus,099,539301,116542,117200,17512,134712,1522
2022-02-27,Sutter,101,95872,20275,20280,2032,22312,214
2022-02-27,Tehama,103,63373,11938,11915,2600,14515,158
2022-02-27,Trinity,105,12862,1174,1158,292,1450,20
2022-02-27,Tulare,107,460477,105696,103270,28185,131455,1300
2022-02-27,Tuolumne,109,53932,12522,12243,558,12801,175
2022-02-27,Ventura,111,848112,171724,171660,9393,181053,1423
2022-02-27,Yolo,113,214977,36468,35744,3134,38878,299
2022-02-27,Yuba,115,75493,15663,15619,1178,16797,113
2022-02-26,Alameda,001,1643700,252032,250867,13547,264414,1716
2022-02-26,Alpine,003,1148,122,125,1,126,0
2022-02-26,Amador,005,37829,8382,8282,641,8923,83
2022-02-26,Butte,007,227075,32668,32466,6635,39101,368
2022-02-26,Calaveras,009,45235,7184,7192,347,7539,110
2022-02-26,Colusa,011,21464,3417,3414,1066,4480,21
2022-02-26,Contra Costa,013,1133247,186145,184686,12922,197608,1209
2022-02-26,Del Norte,015,27424,5654,5639,181,5820,45
2022-02-26,El Dorado,017,186661,26467,26355,3205,29560,191
2022-02-26,Fresno,019,978130,229008,225679,23711,249390,2597
2022-02-26,Glenn,021,27897,4932,4909,1589,6498,40
2022-02-26,Humboldt,023,135768,16630,16619,2889,19508,133
2022-02-26,Imperial,025,180216,54976,54367,10700,65067,871
2022-02-26,Inyo,027,18085,4043,4034,467,4501,56
2022-02-26,Kern,029,883053,190503,188584,45887,234471,2106
2022-02-26,Kings,031,150075,50935,50579,3583,54162,423
2022-02-26,Lake,033,64148,10521,10383,878,11261,128
2022-02-26,Lassen,035,31185,8835,8761,882,9643,55
2022-02-26,Los Angeles,037,10098052,2688164,2660973,122672,2783645,30202
2022-02-26,Madera,039,155013,36980,36933,6030,42963,330
2022-02-26,Marin,041,260295,32807,32651,2171,34822,267
2022-02-26,Mariposa,043,17540,2359,2332,196,2528,6
2022-02-26,Mendocino,045,87422,12873,12762,2968,15730,111
2022-02-26,Merced,047,269075,61604,61348,8497,69845,775
2022-02-26,Modoc,049,8938,729,726,249,975,7
2022-02-26,Mono,051,14174,2957,2959,119,3078,5
2022-02-26,Monterey,053,433212,78551,77610,13365,90975,692
2022-02-26,Napa,055,140530,25294,25221,941,26162,130
2022-02-26,Nevada,057,99092,15790,15850,1175,17025,121
2022-02-26,Orange,059,3164182,542236,539992,40971,580963,6540
2022-02-26,Placer,061,380077,62119,61803,7317,69120,573
2022-02-26,Plumas,063,18699,2949,2673,361,3034,13
2022-02-26,Riverside,065,2383286,587774,584835,27854,612689,6143
2022-02-26,Sacramento,067,1510023,278103,272339,26886,299225,2793
2022-02-26,San Benito,069,59416,12778,12770,509,13279,92
2022-02-26,San Bernardino,071,2135413,565609,555668,24891,580559,6505
2022-02-26,San Diego,073,3302833,742945,736049,51744,787793,5002
2022-02-26,San Francisco,075,870044,121556,123079,8129,131208,769
2022-02-26,San Joaquin,077,732212,165009,164418,9908,174326,2048
2022-02-26,San Luis Obispo,079,281455,51704,51358,3708,55066,438
2022-02-26,San Mateo,081,765935,119533,117860,6862,124722,603
2022-02-26,Santa Barbara,083,443738,84935,84830,4717,89547,652
2022-02-26,Santa Clara,085,1922200,305615,305895,12205,318100,2166
2022-02-26,Santa Cruz,087,273765,46763,46186,2098,48284,251
2022-02-26,Shasta,089,179085,30194,30108,6053,36161,485
2022-02-26,Sierra,091,2930,271,270,47,317,1
2022-02-26,Siskiyou,093,43540,4391,4359,2702,7061,72
2022-02-26,Solano,095,438530,80324,80225,5519,85744,428
2022-02-26,Sonoma,097,501317,82322,81702,2539,84241,432
2022-02-26,Stanislaus,099,539301,116504,116896,17507,134403,1503
2022-02-26,Sutter,101,95872,20266,20230,2032,22262,214
2022-02-26,Tehama,103,63373,11932,11878,2598,14476,158
2022-02-26,Trinity,105,12862,1173,1156,292,1448,20
2022-02-26,Tulare,107,460477,105660,102983,28170,131153,1295
2022-02-26,Tuolumne,109,53932,12519,12169,558,12727,175
2022-02-26,Ventura,111,848112,171692,171292,9390,180682,1411
2022-02-26,Yolo,113,214977,36447,35615,3131,38746,296
2022-02-26,Yuba,115,75493,15651,15587,1178,16765,113
2022-02-25,Alameda,001,1643700,251909,250867,13537,264404,1716
2022-02-25,Alpine,003,1148,122,125,1,126,0
2022-02-25,Amador,005,37829,8371,8282,641,8923,83
2022-02-25,Butte,007,227075,32656,32466,6632,39098,368
2022-02-25,Calaveras,009,45235,7182,7192,347,7539,110
2022-02-25,Colusa,011,21464,3417,3414,1066,4480,21
2022-02-25,Contra Costa,013,1133247,186061,184686,12900,197586,1209
2022-02-25,Del Norte,015,27424,5645,5639,181,5820,45
2022-02-25,El Dorado,017,186661,26458,26355,3205,29560,191
2022-02-25,Fresno,019,978130,228910,225679,23704,249383,2597
2022-02-25,Glenn,021,27897,4930,4909,1589,6498,40
2022-02-25,Humboldt,023,135768,16619,16619,2889,19508,133
2022-02-25,Imperial,025,180216,54958,54367,10699,65066,871
2022-02-25,Inyo,027,18085,4042,4034,467,4501,56
2022-02-25,Kern,029,883053,190438,188584,45874,234458,2106
2022-02-25,Kings,031,150075,50921,50579,3581,54160,423
2022-02-25,Lake,033,64148,10503,10383,878,11261,128
2022-02-25,Lassen,035,31185,8832,8761,882,9643,55
2022-02-25,Los Angeles,037,10098052,2687575,2660973,122642,2783615,30202
2022-02-25,Madera,039,155013,36960,36933,6029,42962,330
2022-02-25,Marin,041,260295,32793,32651,2171,34822,267
2022-02-25,Mariposa,043,17540,2356,2332,196,2528,6
2022-02-25,Mendocino,045,87422,12871,12762,2968,15730,111
2022-02-25,Merced,047,269075,61573,61348,8492,69840,775
2022-02-25,Modoc,049,8938,729,726,249,975,7
2022-02-25,Mono,051,14174,2956,2959,119,3078,5
2022-02-25,Monterey,053,433212,78523,77610,13359,90969,692
2022-02-25,Napa,055,140530,25285,25221,941,26162,130
2022-02-25,Nevada,057,99092,15779,15850,1172,17022,121
2022-02-25,Orange,059,3164182,542101,539992,40948,580940,6540
2022-02-25,Placer,061,380077,62103,61803,7311,69114,573
2022-02-25,Plumas,063,18699,2947,2673,361,3034,13
2022-02-25,Riverside,065,2383286,587619,584835,27842,612677,6143
2022-02-25,Sacramento,067,1510023,278001,272339,26881,299220,2793
2022-02-25,San Benito,069,59416,12776,12770,509,13279,92
2022-02-25,San Bernardino,071,2135413,565502,555668,24884,580552,6505
2022-02-25,San Diego,073,3302833,742663,736049,51725,787774,5002
2022-02-25,San Francisco,075,870044,121476,123079,8126,131205,769
2022-02-25,San Joaquin,077,732212,164968,164418,9903,174321,2048
2022-02-25,San Luis Obispo,079,281455,51700,51358,3699,55057,438
2022-02-25,San Mateo,081,765935,119471,117860,6858,124718,603
2022-02-25,Santa Barbara,083,443738,84898,84830,4717,89547,652
2022-02-25,Santa Clara,085,1922200,305429,305895,12202,318097,2166
2022-02-25,Santa Cruz,087,273765,46729,46186,2096,48282,251
2022-02-25,Shasta,089,179085,30185,30108,6051,36159,485
2022-02-25,Sierra,091,2930,271,270,47,317,1
2022-02-25,Siskiyou,093,43540,4391,4359,2701,7060,72
2022-02-25,Solano,095,438530,80295,80225,5518,85743,428
2022-02-25,Sonoma,097,501317,82271,81702,2537,84239,432
2022-02-25,Stanislaus,099,539301,116476,116896,17503,134399,1503
2022-02-25,Sutter,101,95872,20257,20230,2032,22262,214
2022-02-25,Tehama,103,63373,11930,11878,2598,14476,158
2022-02-25,Trinity,105,12862,1173,1156,292,1448,20
2022-02-25,Tulare,107,460477,105625,102983,28148,131131,1295
2022-02-25,Tuolumne,109,53932,12516,12169,558,12727,175
2022-02-25,Ventura,111,848112,171641,171292,9389,180681,1411
2022-02-25,Yolo,113,214977,36432,35615,3131,38746,296
2022-02-25,Yuba,115,75493,15644,15587,1178,16765,113
2022-02-24,Alameda,001,1643700,251704,250867,13528,264395,1716
2022-02-24,Alpine,003,1148,122,125,1,126,0
2022-02-24,Amador,005,37829,8366,8282,640,8922,83
2022-02-24,Butte,007,227075,32635,32466,6628,39094,368
2022-02-24,Calaveras,009,45235,7180,7192,345,7537,110
2022-02-24,Colusa,011,21464,3416,3414,1065,4479,21
2022-02-24,Contra Costa,013,1133247,185930,184686,12892,197578,1209
2022-02-24,Del Norte,015,27424,5630,5639,180,5819,45
2022-02-24,El Dorado,017,186661,26443,26355,3205,29560,191
2022-02-24,Fresno,019,978130,228714,225679,23689,249368,2597
2022-02-24,Glenn,021,27897,4928,4909,1588,6497,40
2022-02-24,Humboldt,023,135768,16602,16619,2888,19507,133
2022-02-24,Imperial,025,180216,54918,54367,10689,65056,871
2022-02-24,Inyo,027,18085,4041,4034,466,4500,56
2022-02-24,Kern,029,883053,190297,188584,45840,234424,2106
2022-02-24,Kings,031,150075,50891,50579,3576,54155,423
2022-02-24,Lake,033,64148,10486,10383,878,11261,128
2022-02-24,Lassen,035,31185,8828,8761,881,9642,55
2022-02-24,Los Angeles,037,10098052,2686414,2660973,122587,2783560,30202
2022-02-24,Madera,039,155013,36934,36933,6027,42960,330
2022-02-24,Marin,041,260295,32773,32651,2170,34821,267
2022-02-24,Mariposa,043,17540,2350,2332,195,2527,6
2022-02-24,Mendocino,045,87422,12864,12762,2964,15726,111
2022-02-24,Merced,047,269075,61543,61348,8483,69831,775
2022-02-24,Modoc,049,8938,728,726,249,975,7
2022-02-24,Mono,051,14174,2955,2959,119,3078,5
2022-02-24,Monterey,053,433212,78471,77610,13350,90960,692
2022-02-24,Napa,055,140530,25245,25221,937,26158,130
2022-02-24,Nevada,057,99092,15765,15850,1172,17022,121
2022-02-24,Orange,059,3164182,541851,539992,40914,580906,6540
2022-02-24,Placer,061,380077,62066,61803,7309,69112,573
2022-02-24,Plumas,063,18699,2942,2673,359,3032,13
2022-02-24,Riverside,065,2383286,587367,584835,27815,612650,6143
2022-02-24,Sacramento,067,1510023,277827,272339,26863,299202,2793
2022-02-24,San Benito,069,59416,12765,12770,508,13278,92
2022-02-24,San Bernardino,071,2135413,565310,555668,24871,580539,6505
2022-02-24,San Diego,073,3302833,742250,736049,51678,787727,5002
2022-02-24,San Francisco,075,870044,121354,123079,8119,131198,769
2022-02-24,San Joaquin,077,732212,164839,164418,9898,174316,2048
2022-02-24,San Luis Obispo,079,281455,51654,51358,3697,55055,438
2022-02-24,San Mateo,081,765935,119379,117860,6851,124711,603
2022-02-24,Santa Barbara,083,443738,84833,84830,4716,89546,652
2022-02-24,Santa Clara,085,1922200,305194,305895,12188,318083,2166
2022-02-24,Santa Cruz,087,273765,46648,46186,2094,48280,251
2022-02-24,Shasta,089,179085,30166,30108,6045,36153,485
2022-02-24,Sierra,091,2930,271,270,47,317,1
2022-02-24,Siskiyou,093,43540,4388,4359,2697,7056,72
2022-02-24,Solano,095,438530,80216,80225,5514,85739,428
2022-02-24,Sonoma,097,501317,82217,81702,2532,84234,432
2022-02-24,Stanislaus,099,539301,116400,116896,17494,134390,1503
2022-02-24,Sutter,101,95872,20243,20230,2016,22246,214
2022-02-24,Tehama,103,63373,11924,11878,2597,14475,158
2022-02-24,Trinity,105,12862,1171,1156,292,1448,20
2022-02-24,Tulare,107,460477,105568,102983,28115,131098,1295
2022-02-24,Tuolumne,109,53932,12506,12169,556,12725,175
2022-02-24,Ventura,111,848112,171562,171292,9386,180678,1411
2022-02-24,Yolo,113,214977,36406,35615,3129,38744,296
2022-02-24,Yuba,115,75493,15630,15587,1178,16765,113
2022-02-23,Alameda,001,1643700,251479,247686,13509,261195,1713
2022-02-23,Alpine,003,1148,122,125,1,126,0
2022-02-23,Amador,005,37829,8348,8274,640,8914,79
2022-02-23,Butte,007,227075,32608,32417,6625,39042,367
2022-02-23,Calaveras,009,45235,7170,7182,344,7526,107
2022-02-23,Colusa,011,21464,3412,3411,1065,4476,21
2022-02-23,Contra Costa,013,1133247,185786,184013,12877,196890,1209
2022-02-23,Del Norte,015,27424,5619,5625,179,5804,45
2022-02-23,El Dorado,017,186661,26427,26317,3201,29518,189
2022-02-23,Fresno,019,978130,228525,225308,23667,248975,2596
2022-02-23,Glenn,021,27897,4924,4909,1586,6495,40
2022-02-23,Humboldt,023,135768,16586,16601,2885,19486,132
2022-02-23,Imperial,025,180216,54879,54292,10675,64967,871
2022-02-23,Inyo,027,18085,4040,4031,463,4494,54
2022-02-23,Kern,029,883053,190194,188432,45790,234222,2106
2022-02-23,Kings,031,150075,50858,50416,3574,53990,423
2022-02-23,Lake,033,64148,10468,10368,877,11245,126
2022-02-23,Lassen,035,31185,8812,8749,881,9630,55
2022-02-23,Los Angeles,037,10098052,2685042,2659569,122541,2782110,30167
2022-02-23,Madera,039,155013,36902,36876,6017,42893,330
2022-02-23,Marin,041,260295,32750,32625,2169,34794,267
2022-02-23,Mariposa,043,17540,2345,2325,194,2519,6
2022-02-23,Mendocino,045,87422,12854,12747,2960,15707,111
2022-02-23,Merced,047,269075,61513,61295,8478,69773,772
2022-02-23,Modoc,049,8938,728,723,248,971,7
2022-02-23,Mono,051,14174,2954,2960,119,3079,5
2022-02-23,Monterey,053,433212,78433,77472,13327,90799,691
2022-02-23,Napa,055,140530,25221,25185,932,26117,128
2022-02-23,Nevada,057,99092,15759,15825,1169,16994,121
2022-02-23,Orange,059,3164182,541544,539631,40891,580522,6520
2022-02-23,Placer,061,380077,62019,61758,7301,69059,573
2022-02-23,Plumas,063,18699,2938,2663,359,3022,13
2022-02-23,Riverside,065,2383286,587076,584381,27778,612159,6119
2022-02-23,Sacramento,067,1510023,277670,272057,26840,298897,2796
2022-02-23,San Benito,069,59416,12758,12756,507,13263,92
2022-02-23,San Bernardino,071,2135413,565149,555238,24853,580091,6479
2022-02-23,San Diego,073,3302833,741747,735406,51629,787035,4988
2022-02-23,San Francisco,075,870044,121227,122127,8117,130244,769
2022-02-23,San Joaquin,077,732212,164746,164257,9893,174150,2042
2022-02-23,San Luis Obispo,079,281455,51606,51264,3695,54959,434
2022-02-23,San Mateo,081,765935,119288,117585,6842,124427,603
2022-02-23,Santa Barbara,083,443738,84772,84760,4712,89472,651
2022-02-23,Santa Clara,085,1922200,304938,305484,12179,317663,2157
2022-02-23,Santa Cruz,087,273765,46578,46059,2093,48152,251
2022-02-23,Shasta,089,179085,30139,30066,6042,36108,481
2022-02-23,Sierra,091,2930,271,270,47,317,1
2022-02-23,Siskiyou,093,43540,4385,4356,2695,7051,71
2022-02-23,Solano,095,438530,80126,80103,5512,85615,427
2022-02-23,Sonoma,097,501317,82163,81594,2530,84124,432
2022-02-23,Stanislaus,099,539301,116323,116789,17485,134274,1482
2022-02-23,Sutter,101,95872,20226,20194,2012,22206,213
2022-02-23,Tehama,103,63373,11914,11863,2597,14460,154
2022-02-23,Trinity,105,12862,1171,1156,292,1448,20
2022-02-23,Tulare,107,460477,105502,102812,28089,130901,1290
2022-02-23,Tuolumne,109,53932,12497,12158,555,12713,175
2022-02-23,Ventura,111,848112,171475,171163,9379,180542,1401
2022-02-23,Yolo,113,214977,36369,35590,3122,38712,296
2022-02-23,Yuba,115,75493,15627,15571,1176,16747,113
2022-02-22,Alameda,001,1643700,251235,247434,13494,260928,1706
2022-02-22,Alpine,003,1148,122,124,1,125,0
2022-02-22,Amador,005,37829,8338,8243,640,8883,79
2022-02-22,Butte,007,227075,32574,32359,6618,38977,366
2022-02-22,Calaveras,009,45235,7161,7178,344,7522,107
2022-02-22,Colusa,011,21464,3412,3402,1063,4465,21
2022-02-22,Contra Costa,013,1133247,185633,183812,12858,196670,1201
2022-02-22,Del Norte,015,27424,5610,5611,178,5789,45
2022-02-22,El Dorado,017,186661,26417,26289,3201,29490,189
2022-02-22,Fresno,019,978130,228298,225104,23638,248742,2592
2022-02-22,Glenn,021,27897,4923,4900,1585,6485,40
2022-02-22,Humboldt,023,135768,16564,16559,2881,19440,132
2022-02-22,Imperial,025,180216,54847,54227,10671,64898,864
2022-02-22,Inyo,027,18085,4038,4026,461,4487,54
2022-02-22,Kern,029,883053,190073,188237,45753,233990,2102
2022-02-22,Kings,031,150075,50796,50359,3571,53930,423
2022-02-22,Lake,033,64148,10457,10353,875,11228,126
2022-02-22,Lassen,035,31185,8808,8730,881,9611,55
2022-02-22,Los Angeles,037,10098052,2683577,2658230,122453,2780683,30129
2022-02-22,Madera,039,155013,36869,36833,6007,42840,330
2022-02-22,Marin,041,260295,32725,32591,2168,34759,267
2022-02-22,Mariposa,043,17540,2337,2322,194,2516,6
2022-02-22,Mendocino,045,87422,12840,12714,2950,15664,110
2022-02-22,Merced,047,269075,61453,61241,8471,69712,770
2022-02-22,Modoc,049,8938,725,720,248,968,6
2022-02-22,Mono,051,14174,2954,2961,119,3080,5
2022-02-22,Monterey,053,433212,78380,77359,13307,90666,690
2022-02-22,Napa,055,140530,25192,25151,931,26082,128
2022-02-22,Nevada,057,99092,15743,15815,1168,16983,121
2022-02-22,Orange,059,3164182,541256,539390,40858,580248,6502
2022-02-22,Placer,061,380077,61981,61709,7296,69005,572
2022-02-22,Plumas,063,18699,2932,2659,357,3016,13
2022-02-22,Riverside,065,2383286,586820,583969,27756,611725,6097
2022-02-22,Sacramento,067,1510023,277481,271789,26816,298605,2775
2022-02-22,San Benito,069,59416,12747,12742,506,13248,92
2022-02-22,San Bernardino,071,2135413,564947,554903,24834,579737,6451
2022-02-22,San Diego,073,3302833,741221,734536,51574,786110,4974
2022-02-22,San Francisco,075,870044,121098,121954,8113,130067,769
2022-02-22,San Joaquin,077,732212,164622,164111,9882,173993,2040
2022-02-22,San Luis Obispo,079,281455,51521,51193,3689,54882,431
2022-02-22,San Mateo,081,765935,119194,117418,6837,124255,603
2022-02-22,Santa Barbara,083,443738,84710,84701,4706,89407,650
2022-02-22,Santa Clara,085,1922200,304656,305045,12173,317218,2155
2022-02-22,Santa Cruz,087,273765,46513,45958,2093,48051,251
2022-02-22,Shasta,089,179085,30114,30024,6037,36061,479
2022-02-22,Sierra,091,2930,271,269,46,315,0
2022-02-22,Siskiyou,093,43540,4382,4350,2690,7040,70
2022-02-22,Solano,095,438530,80050,79968,5510,85478,425
2022-02-22,Sonoma,097,501317,82097,81412,2526,83938,431
2022-02-22,Stanislaus,099,539301,116241,116676,17467,134143,1475
2022-02-22,Sutter,101,95872,20210,20164,2010,22174,210
2022-02-22,Tehama,103,63373,11905,11852,2596,14448,152
2022-02-22,Trinity,105,12862,1171,1147,291,1438,20
2022-02-22,Tulare,107,460477,105395,102717,28055,130772,1287
2022-02-22,Tuolumne,109,53932,12478,12136,554,12690,175
2022-02-22,Ventura,111,848112,171390,171064,9373,180437,1401
2022-02-22,Yolo,113,214977,36332,35527,3116,38643,292
2022-02-22,Yuba,115,75493,15617,15550,1175,16725,110
2022-02-21,Alameda,001,1643700,250949,247434,13478,260912,1704
2022-02-21,Alpine,003,1148,122,124,1,125,0
2022-02-21,Amador,005,37829,8332,8246,640,8886,79
2022-02-21,Butte,007,227075,32534,32356,6593,38949,366
2022-02-21,Calaveras,009,45235,7153,7175,344,7519,107
2022-02-21,Colusa,011,21464,3410,3401,1061,4462,21
2022-02-21,Contra Costa,013,1133247,185407,183701,12844,196545,1201
2022-02-21,Del Norte,015,27424,5592,5601,177,5778,45
2022-02-21,El Dorado,017,186661,26390,26273,3196,29469,189
2022-02-21,Fresno,019,978130,227984,224923,23582,248505,2592
2022-02-21,Glenn,021,27897,4918,4897,1585,6482,40
2022-02-21,Humboldt,023,135768,16520,16548,2873,19421,132
2022-02-21,Imperial,025,180216,54787,54208,10654,64862,864
2022-02-21,Inyo,027,18085,4035,4023,461,4484,54
2022-02-21,Kern,029,883053,189880,188188,45700,233888,2102
2022-02-21,Kings,031,150075,50730,50188,3568,53756,422
2022-02-21,Lake,033,64148,10435,10334,873,11207,126
2022-02-21,Lassen,035,31185,8800,8705,876,9581,55
2022-02-21,Los Angeles,037,10098052,2681797,2656873,122354,2779227,30108
2022-02-21,Madera,039,155013,36831,36796,5986,42782,330
2022-02-21,Marin,041,260295,32702,32570,2168,34738,258
2022-02-21,Mariposa,043,17540,2334,2321,194,2515,6
2022-02-21,Mendocino,045,87422,12814,12706,2938,15644,110
2022-02-21,Merced,047,269075,61396,61209,8454,69663,770
2022-02-21,Modoc,049,8938,724,718,248,966,6
2022-02-21,Mono,051,14174,2953,2960,119,3079,5
2022-02-21,Monterey,053,433212,78286,77354,13265,90619,690
2022-02-21,Napa,055,140530,25153,25126,931,26057,128
2022-02-21,Nevada,057,99092,15732,15810,1165,16975,121
2022-02-21,Orange,059,3164182,540903,539068,40833,579901,6502
2022-02-21,Placer,061,380077,61927,61727,7292,69019,572
2022-02-21,Plumas,063,18699,2928,2657,352,3009,13
2022-02-21,Riverside,065,2383286,586452,583712,27708,611420,6097
2022-02-21,Sacramento,067,1510023,277227,271588,26783,298371,2769
2022-02-21,San Benito,069,59416,12734,12731,506,13237,92
2022-02-21,San Bernardino,071,2135413,564708,554662,24812,579474,6441
2022-02-21,San Diego,073,3302833,740603,732298,51496,783794,4974
2022-02-21,San Francisco,075,870044,120917,121865,8109,129974,769
2022-02-21,San Joaquin,077,732212,164478,164036,9871,173907,2040
2022-02-21,San Luis Obispo,079,281455,51430,51184,3682,54866,429
2022-02-21,San Mateo,081,765935,119101,117259,6829,124088,605
2022-02-21,Santa Barbara,083,443738,84633,84626,4698,89324,650
2022-02-21,Santa Clara,085,1922200,304328,304858,12167,317025,2158
2022-02-21,Santa Cruz,087,273765,46387,45941,2092,48033,251
2022-02-21,Shasta,089,179085,30068,30004,6029,36033,479
2022-02-21,Sierra,091,2930,271,269,46,315,0
2022-02-21,Siskiyou,093,43540,4370,4337,2685,7022,70
2022-02-21,Solano,095,438530,79958,79906,5505,85411,425
2022-02-21,Sonoma,097,501317,81983,81361,2520,83881,431
2022-02-21,Stanislaus,099,539301,116129,116597,17443,134040,1475
2022-02-21,Sutter,101,95872,20184,20152,2008,22160,210
2022-02-21,Tehama,103,63373,11892,11842,2595,14437,152
2022-02-21,Trinity,105,12862,1170,1147,291,1438,20
2022-02-21,Tulare,107,460477,105300,102614,28008,130622,1287
2022-02-21,Tuolumne,109,53932,12467,12126,551,12677,175
2022-02-21,Ventura,111,848112,171251,170939,9364,180303,1401
2022-02-21,Yolo,113,214977,36289,35518,3107,38625,292
2022-02-21,Yuba,115,75493,15598,15546,1166,16712,110
2022-02-20,Alameda,001,1643700,250719,246028,13469,259497,1700
2022-02-20,Alpine,003,1148,122,124,1,125,0
2022-02-20,Amador,005,37829,8321,8203,640,8843,79
2022-02-20,Butte,007,227075,32505,32173,6588,38761,364
2022-02-20,Calaveras,009,45235,7150,7136,343,7479,107
2022-02-20,Colusa,011,21464,3407,3389,1060,4449,21
2022-02-20,Contra Costa,013,1133247,185279,182797,12839,195636,1190
2022-02-20,Del Norte,015,27424,5577,5511,177,5688,45
2022-02-20,El Dorado,017,186661,26369,26101,3195,29296,189
2022-02-20,Fresno,019,978130,227793,223594,23566,247160,2544
2022-02-20,Glenn,021,27897,4915,4881,1585,6466,39
2022-02-20,Humboldt,023,135768,16508,16393,2869,19262,132
2022-02-20,Imperial,025,180216,54722,53967,10641,64608,862
2022-02-20,Inyo,027,18085,4035,4018,460,4478,52
2022-02-20,Kern,029,883053,189745,187158,45656,232814,2095
2022-02-20,Kings,031,150075,50702,49724,3564,53288,421
2022-02-20,Lake,033,64148,10402,10184,872,11056,126
2022-02-20,Lassen,035,31185,8788,8640,876,9516,55
2022-02-20,Los Angeles,037,10098052,2680471,2642878,122268,2765146,29842
2022-02-20,Madera,039,155013,36800,36526,5982,42508,330
2022-02-20,Marin,041,260295,32685,32441,2167,34608,258
2022-02-20,Mariposa,043,17540,2328,2310,192,2502,6
2022-02-20,Mendocino,045,87422,12804,12625,2935,15560,110
2022-02-20,Merced,047,269075,61368,60886,8452,69338,769
2022-02-20,Modoc,049,8938,723,714,248,962,6
2022-02-20,Mono,051,14174,2953,2956,119,3075,5
2022-02-20,Monterey,053,433212,78226,76765,13251,90016,682
2022-02-20,Napa,055,140530,25131,24970,929,25899,127
2022-02-20,Nevada,057,99092,15721,15715,1164,16879,121
2022-02-20,Orange,059,3164182,540584,538019,40797,578816,6416
2022-02-20,Placer,061,380077,61895,61417,7284,68701,560
2022-02-20,Plumas,063,18699,2924,2646,350,2996,13
2022-02-20,Riverside,065,2383286,586184,581788,27680,609468,6087
2022-02-20,Sacramento,067,1510023,277048,270080,26758,296838,2747
2022-02-20,San Benito,069,59416,12731,12665,506,13171,92
2022-02-20,San Bernardino,071,2135413,564500,553151,24794,577945,6400
2022-02-20,San Diego,073,3302833,740031,729549,51433,780982,4947
2022-02-20,San Francisco,075,870044,120777,121197,8099,129296,756
2022-02-20,San Joaquin,077,732212,164359,163083,9860,172943,2033
2022-02-20,San Luis Obispo,079,281455,51401,50823,3678,54501,424
2022-02-20,San Mateo,081,765935,119027,116648,6821,123469,598
2022-02-20,Santa Barbara,083,443738,84589,83988,4696,88684,642
2022-02-20,Santa Clara,085,1922200,304048,303077,12159,315236,2138
2022-02-20,Santa Cruz,087,273765,46321,45532,2089,47621,250
2022-02-20,Shasta,089,179085,30038,29847,6022,35869,479
2022-02-20,Sierra,091,2930,271,269,46,315,0
2022-02-20,Siskiyou,093,43540,4365,4307,2684,6991,70
2022-02-20,Solano,095,438530,79883,78914,5500,84414,424
2022-02-20,Sonoma,097,501317,81908,80843,2517,83360,431
2022-02-20,Stanislaus,099,539301,116062,115976,17426,133402,1454
2022-02-20,Sutter,101,95872,20172,20060,2005,22065,210
2022-02-20,Tehama,103,63373,11880,11760,2592,14352,152
2022-02-20,Trinity,105,12862,1169,1130,291,1421,20
2022-02-20,Tulare,107,460477,105212,101996,27981,129977,1286
2022-02-20,Tuolumne,109,53932,12446,12036,550,12586,175
2022-02-20,Ventura,111,848112,171155,170331,9357,179688,1384
2022-02-20,Yolo,113,214977,36263,35363,3104,38467,293
2022-02-20,Yuba,115,75493,15583,15449,1165,16614,112
2022-02-19,Alameda,001,1643700,250544,246028,13465,259493,1700
2022-02-19,Alpine,003,1148,122,124,1,125,0
2022-02-19,Amador,005,37829,8317,8203,640,8843,79
2022-02-19,Butte,007,227075,32481,32173,6585,38758,364
2022-02-19,Calaveras,009,45235,7150,7136,343,7479,107
2022-02-19,Colusa,011,21464,3406,3389,1058,4447,21
2022-02-19,Contra Costa,013,1133247,185182,182797,12838,195635,1190
2022-02-19,Del Norte,015,27424,5567,5511,176,5687,45
2022-02-19,El Dorado,017,186661,26351,26101,3193,29294,189
2022-02-19,Fresno,019,978130,227677,223594,23557,247151,2544
2022-02-19,Glenn,021,27897,4911,4881,1585,6466,39
2022-02-19,Humboldt,023,135768,16493,16393,2869,19262,132
2022-02-19,Imperial,025,180216,54706,53967,10635,64602,862
2022-02-19,Inyo,027,18085,4034,4018,459,4477,52
2022-02-19,Kern,029,883053,189642,187158,45631,232789,2095
2022-02-19,Kings,031,150075,50679,49724,3562,53286,421
2022-02-19,Lake,033,64148,10393,10184,872,11056,126
2022-02-19,Lassen,035,31185,8776,8640,875,9515,55
2022-02-19,Los Angeles,037,10098052,2679676,2642878,122227,2765105,29842
2022-02-19,Madera,039,155013,36778,36526,5981,42507,330
2022-02-19,Marin,041,260295,32662,32441,2166,34607,258
2022-02-19,Mariposa,043,17540,2325,2310,192,2502,6
2022-02-19,Mendocino,045,87422,12794,12625,2935,15560,110
2022-02-19,Merced,047,269075,61323,60886,8448,69334,769
2022-02-19,Modoc,049,8938,723,714,247,961,6
2022-02-19,Mono,051,14174,2952,2956,119,3075,5
2022-02-19,Monterey,053,433212,78137,76765,13240,90005,682
2022-02-19,Napa,055,140530,25121,24970,929,25899,127
2022-02-19,Nevada,057,99092,15713,15715,1164,16879,121
2022-02-19,Orange,059,3164182,540382,538019,40772,578791,6416
2022-02-19,Placer,061,380077,61848,61417,7283,68700,560
2022-02-19,Plumas,063,18699,2923,2646,350,2996,13
2022-02-19,Riverside,065,2383286,586001,581788,27667,609455,6087
2022-02-19,Sacramento,067,1510023,276906,270080,26747,296827,2747
2022-02-19,San Benito,069,59416,12718,12665,505,13170,92
2022-02-19,San Bernardino,071,2135413,564337,553151,24787,577938,6400
2022-02-19,San Diego,073,3302833,739685,729549,51386,780935,4947
2022-02-19,San Francisco,075,870044,120691,121197,8095,129292,756
2022-02-19,San Joaquin,077,732212,164285,163083,9849,172932,2033
2022-02-19,San Luis Obispo,079,281455,51388,50823,3674,54497,424
2022-02-19,San Mateo,081,765935,118986,116648,6819,123467,598
2022-02-19,Santa Barbara,083,443738,84522,83988,4695,88683,642
2022-02-19,Santa Clara,085,1922200,303854,303077,12157,315234,2138
2022-02-19,Santa Cruz,087,273765,46283,45532,2087,47619,250
2022-02-19,Shasta,089,179085,30024,29847,6019,35866,479
2022-02-19,Sierra,091,2930,271,269,46,315,0
2022-02-19,Siskiyou,093,43540,4362,4307,2684,6991,70
2022-02-19,Solano,095,438530,79841,78914,5499,84413,424
2022-02-19,Sonoma,097,501317,81866,80843,2517,83360,431
2022-02-19,Stanislaus,099,539301,115991,115976,17420,133396,1454
2022-02-19,Sutter,101,95872,20164,20060,2005,22065,210
2022-02-19,Tehama,103,63373,11873,11760,2592,14352,152
2022-02-19,Trinity,105,12862,1167,1130,291,1421,20
2022-02-19,Tulare,107,460477,105164,101996,27956,129952,1286
2022-02-19,Tuolumne,109,53932,12437,12036,550,12586,175
2022-02-19,Ventura,111,848112,171080,170331,9353,179684,1384
2022-02-19,Yolo,113,214977,36232,35363,3100,38463,293
2022-02-19,Yuba,115,75493,15574,15449,1165,16614,112
2022-02-18,Alameda,001,1643700,250377,246028,13457,259485,1700
2022-02-18,Alpine,003,1148,121,124,1,125,0
2022-02-18,Amador,005,37829,8310,8203,638,8841,79
2022-02-18,Butte,007,227075,32460,32173,6579,38752,364
2022-02-18,Calaveras,009,45235,7145,7136,342,7478,107
2022-02-18,Colusa,011,21464,3404,3389,1058,4447,21
2022-02-18,Contra Costa,013,1133247,185075,182797,12832,195629,1190
2022-02-18,Del Norte,015,27424,5555,5511,176,5687,45
2022-02-18,El Dorado,017,186661,26340,26101,3193,29294,189
2022-02-18,Fresno,019,978130,227489,223594,23545,247139,2544
2022-02-18,Glenn,021,27897,4910,4881,1584,6465,39
2022-02-18,Humboldt,023,135768,16476,16393,2864,19257,132
2022-02-18,Imperial,025,180216,54680,53967,10624,64591,862
2022-02-18,Inyo,027,18085,4032,4018,459,4477,52
2022-02-18,Kern,029,883053,189530,187158,45586,232744,2095
2022-02-18,Kings,031,150075,50592,49724,3562,53286,421
2022-02-18,Lake,033,64148,10375,10184,870,11054,126
2022-02-18,Lassen,035,31185,8756,8640,874,9514,55
2022-02-18,Los Angeles,037,10098052,2678691,2642878,122172,2765050,29842
2022-02-18,Madera,039,155013,36755,36526,5979,42505,330
2022-02-18,Marin,041,260295,32644,32441,2164,34605,258
2022-02-18,Mariposa,043,17540,2323,2310,192,2502,6
2022-02-18,Mendocino,045,87422,12784,12625,2935,15560,110
2022-02-18,Merced,047,269075,61281,60886,8438,69324,769
2022-02-18,Modoc,049,8938,723,714,247,961,6
2022-02-18,Mono,051,14174,2952,2956,119,3075,5
2022-02-18,Monterey,053,433212,78064,76765,13232,89997,682
2022-02-18,Napa,055,140530,25103,24970,929,25899,127
2022-02-18,Nevada,057,99092,15705,15715,1164,16879,121
2022-02-18,Orange,059,3164182,540144,538019,40733,578752,6416
2022-02-18,Placer,061,380077,61819,61417,7275,68692,560
2022-02-18,Plumas,063,18699,2920,2646,350,2996,13
2022-02-18,Riverside,065,2383286,585820,581788,27658,609446,6087
2022-02-18,Sacramento,067,1510023,276715,270080,26739,296819,2747
2022-02-18,San Benito,069,59416,12710,12665,505,13170,92
2022-02-18,San Bernardino,071,2135413,564159,553151,24782,577933,6400
2022-02-18,San Diego,073,3302833,739261,729549,51361,780910,4947
2022-02-18,San Francisco,075,870044,120603,121197,8087,129284,756
2022-02-18,San Joaquin,077,732212,164215,163083,9841,172924,2033
2022-02-18,San Luis Obispo,079,281455,51372,50823,3671,54494,424
2022-02-18,San Mateo,081,765935,118921,116648,6816,123464,598
2022-02-18,Santa Barbara,083,443738,84482,83988,4693,88681,642
2022-02-18,Santa Clara,085,1922200,303618,303077,12156,315233,2138
2022-02-18,Santa Cruz,087,273765,46249,45532,2086,47618,250
2022-02-18,Shasta,089,179085,30011,29847,6018,35865,479
2022-02-18,Sierra,091,2930,271,269,46,315,0
2022-02-18,Siskiyou,093,43540,4359,4307,2682,6989,70
2022-02-18,Solano,095,438530,79771,78914,5498,84412,424
2022-02-18,Sonoma,097,501317,81810,80843,2516,83359,431
2022-02-18,Stanislaus,099,539301,115941,115976,17406,133382,1454
2022-02-18,Sutter,101,95872,20152,20060,2005,22065,210
2022-02-18,Tehama,103,63373,11862,11760,2592,14352,152
2022-02-18,Trinity,105,12862,1166,1130,290,1420,20
2022-02-18,Tulare,107,460477,105114,101996,27913,129909,1286
2022-02-18,Tuolumne,109,53932,12431,12036,549,12585,175
2022-02-18,Ventura,111,848112,170990,170331,9348,179679,1384
2022-02-18,Yolo,113,214977,36204,35363,3098,38461,293
2022-02-18,Yuba,115,75493,15559,15449,1165,16614,112
2022-02-17,Alameda,001,1643700,250115,246028,13436,259464,1700
2022-02-17,Alpine,003,1148,121,124,1,125,0
2022-02-17,Amador,005,37829,8306,8203,636,8839,79
2022-02-17,Butte,007,227075,32422,32173,6574,38747,364
2022-02-17,Calaveras,009,45235,7136,7136,339,7475,107
2022-02-17,Colusa,011,21464,3401,3389,1058,4447,21
2022-02-17,Contra Costa,013,1133247,184879,182797,12798,195595,1190
2022-02-17,Del Norte,015,27424,5534,5511,176,5687,45
2022-02-17,El Dorado,017,186661,26315,26101,3183,29284,189
2022-02-17,Fresno,019,978130,227196,223594,23514,247108,2544
2022-02-17,Glenn,021,27897,4908,4881,1581,6462,39
2022-02-17,Humboldt,023,135768,16436,16393,2863,19256,132
2022-02-17,Imperial,025,180216,54608,53967,10607,64574,862
2022-02-17,Inyo,027,18085,4030,4018,458,4476,52
2022-02-17,Kern,029,883053,189376,187158,45536,232694,2095
2022-02-17,Kings,031,150075,50528,49724,3556,53280,421
2022-02-17,Lake,033,64148,10345,10184,866,11050,126
2022-02-17,Lassen,035,31185,8746,8640,872,9512,55
2022-02-17,Los Angeles,037,10098052,2676852,2642878,122091,2764969,29842
2022-02-17,Madera,039,155013,36712,36526,5972,42498,330
2022-02-17,Marin,041,260295,32618,32441,2162,34603,258
2022-02-17,Mariposa,043,17540,2321,2310,191,2501,6
2022-02-17,Mendocino,045,87422,12767,12625,2932,15557,110
2022-02-17,Merced,047,269075,61207,60886,8420,69306,769
2022-02-17,Modoc,049,8938,722,714,247,961,6
2022-02-17,Mono,051,14174,2950,2956,119,3075,5
2022-02-17,Monterey,053,433212,77952,76765,13190,89955,682
2022-02-17,Napa,055,140530,25071,24970,927,25897,127
2022-02-17,Nevada,057,99092,15693,15715,1163,16878,121
2022-02-17,Orange,059,3164182,539806,538019,40705,578724,6416
2022-02-17,Placer,061,380077,61777,61417,7267,68684,560
2022-02-17,Plumas,063,18699,2917,2646,350,2996,13
2022-02-17,Riverside,065,2383286,585441,581788,27631,609419,6087
2022-02-17,Sacramento,067,1510023,276430,270080,26691,296771,2747
2022-02-17,San Benito,069,59416,12699,12665,505,13170,92
2022-02-17,San Bernardino,071,2135413,563859,553151,24768,577919,6400
2022-02-17,San Diego,073,3302833,738665,729549,51311,780860,4947
2022-02-17,San Francisco,075,870044,120469,121197,8076,129273,756
2022-02-17,San Joaquin,077,732212,164051,163083,9827,172910,2033
2022-02-17,San Luis Obispo,079,281455,51267,50823,3663,54486,424
2022-02-17,San Mateo,081,765935,118827,116648,6807,123455,598
2022-02-17,Santa Barbara,083,443738,84382,83988,4685,88673,642
2022-02-17,Santa Clara,085,1922200,303253,303077,12141,315218,2138
2022-02-17,Santa Cruz,087,273765,46168,45532,2084,47616,250
2022-02-17,Shasta,089,179085,29984,29847,6015,35862,479
2022-02-17,Sierra,091,2930,271,269,46,315,0
2022-02-17,Siskiyou,093,43540,4350,4307,2678,6985,70
2022-02-17,Solano,095,438530,79690,78914,5490,84404,424
2022-02-17,Sonoma,097,501317,81744,80843,2509,83352,431
2022-02-17,Stanislaus,099,539301,115838,115976,17389,133365,1454
2022-02-17,Sutter,101,95872,20137,20060,1997,22057,210
2022-02-17,Tehama,103,63373,11854,11760,2591,14351,152
2022-02-17,Trinity,105,12862,1164,1130,288,1418,20
2022-02-17,Tulare,107,460477,105002,101996,27888,129884,1286
2022-02-17,Tuolumne,109,53932,12420,12036,549,12585,175
2022-02-17,Ventura,111,848112,170850,170331,9347,179678,1384
2022-02-17,Yolo,113,214977,36166,35363,3097,38460,293
2022-02-17,Yuba,115,75493,15544,15449,1165,16614,112
2022-02-16,Alameda,001,1643700,249804,245662,13397,259059,1691
2022-02-16,Alpine,003,1148,121,124,1,125,0
2022-02-16,Amador,005,37829,8288,8197,634,8831,77
2022-02-16,Butte,007,227075,32379,32095,6562,38657,363
2022-02-16,Calaveras,009,45235,7132,7129,336,7465,107
2022-02-16,Colusa,011,21464,3396,3384,1058,4442,21
2022-02-16,Contra Costa,013,1133247,184643,182423,12761,195184,1179
2022-02-16,Del Norte,015,27424,5515,5473,172,5645,45
2022-02-16,El Dorado,017,186661,26288,26061,3179,29240,189
2022-02-16,Fresno,019,978130,226835,223056,23463,246519,2542
2022-02-16,Glenn,021,27897,4904,4873,1576,6449,39
2022-02-16,Humboldt,023,135768,16412,16342,2852,19194,132
2022-02-16,Imperial,025,180216,54530,53901,10577,64478,861
2022-02-16,Inyo,027,18085,4027,4013,455,4468,52
2022-02-16,Kern,029,883053,189158,186740,45445,232185,2084
2022-02-16,Kings,031,150075,50475,49575,3547,53122,420
2022-02-16,Lake,033,64148,10319,10145,866,11011,125
2022-02-16,Lassen,035,31185,8713,8618,872,9490,55
2022-02-16,Los Angeles,037,10098052,2674759,2640005,121980,2761985,29749
2022-02-16,Madera,039,155013,36644,36382,5957,42339,330
2022-02-16,Marin,041,260295,32582,32381,2159,34540,257
2022-02-16,Mariposa,043,17540,2319,2305,191,2496,6
2022-02-16,Mendocino,045,87422,12745,12605,2922,15527,108
2022-02-16,Merced,047,269075,61141,60776,8387,69163,767
2022-02-16,Modoc,049,8938,722,711,243,954,6
2022-02-16,Mono,051,14174,2948,2953,119,3072,5
2022-02-16,Monterey,053,433212,77804,76624,13149,89773,682
2022-02-16,Napa,055,140530,25032,24897,924,25821,128
2022-02-16,Nevada,057,99092,15676,15677,1159,16836,121
2022-02-16,Orange,059,3164182,539404,537934,40660,578594,6392
2022-02-16,Placer,061,380077,61733,61278,7254,68532,556
2022-02-16,Plumas,063,18699,2914,2644,348,2992,13
2022-02-16,Riverside,065,2383286,585042,580828,27584,608412,6064
2022-02-16,Sacramento,067,1510023,276105,269416,26635,296051,2736
2022-02-16,San Benito,069,59416,12672,12644,505,13149,92
2022-02-16,San Bernardino,071,2135413,563586,552353,24743,577096,6379
2022-02-16,San Diego,073,3302833,737905,728610,51236,779846,4931
2022-02-16,San Francisco,075,870044,120296,120987,8071,129058,756
2022-02-16,San Joaquin,077,732212,163882,162752,9817,172569,2032
2022-02-16,San Luis Obispo,079,281455,51195,50704,3650,54354,425
2022-02-16,San Mateo,081,765935,118709,116438,6789,123227,595
2022-02-16,Santa Barbara,083,443738,84306,83968,4672,88640,642
2022-02-16,Santa Clara,085,1922200,302868,302439,12106,314545,2130
2022-02-16,Santa Cruz,087,273765,46078,45274,2082,47356,250
2022-02-16,Shasta,089,179085,29946,29767,6003,35770,477
2022-02-16,Sierra,091,2930,270,269,46,315,0
2022-02-16,Siskiyou,093,43540,4343,4302,2672,6974,71
2022-02-16,Solano,095,438530,79575,78742,5483,84225,422
2022-02-16,Sonoma,097,501317,81616,80642,2499,83141,431
2022-02-16,Stanislaus,099,539301,115719,115751,17358,133109,1443
2022-02-16,Sutter,101,95872,20120,20020,1994,22014,210
2022-02-16,Tehama,103,63373,11837,11738,2589,14327,152
2022-02-16,Trinity,105,12862,1164,1130,287,1417,20
2022-02-16,Tulare,107,460477,104882,101817,27835,129652,1281
2022-02-16,Tuolumne,109,53932,12408,11991,548,12539,171
2022-02-16,Ventura,111,848112,170713,170117,9339,179456,1372
2022-02-16,Yolo,113,214977,36115,35284,3094,38378,292
2022-02-16,Yuba,115,75493,15522,15405,1162,16567,110
2022-02-15,Alameda,001,1643700,249452,245265,13366,258631,1683
2022-02-15,Alpine,003,1148,121,124,1,125,0
2022-02-15,Amador,005,37829,8278,8183,633,8816,77
2022-02-15,Butte,007,227075,32330,32011,6548,38559,361
2022-02-15,Calaveras,009,45235,7122,7115,336,7451,106
2022-02-15,Colusa,011,21464,3388,3374,1057,4431,21
2022-02-15,Contra Costa,013,1133247,184385,182041,12729,194770,1179
2022-02-15,Del Norte,015,27424,5488,5439,170,5609,45
2022-02-15,El Dorado,017,186661,26269,25988,3174,29162,189
2022-02-15,Fresno,019,978130,226459,222673,23398,246071,2543
2022-02-15,Glenn,021,27897,4895,4862,1575,6437,39
2022-02-15,Humboldt,023,135768,16368,16297,2837,19134,132
2022-02-15,Imperial,025,180216,54467,53813,10562,64375,860
2022-02-15,Inyo,027,18085,4026,4009,454,4463,52
2022-02-15,Kern,029,883053,188937,186324,45354,231678,2072
2022-02-15,Kings,031,150075,50382,49473,3538,53011,418
2022-02-15,Lake,033,64148,10287,10112,860,10972,123
2022-02-15,Lassen,035,31185,8699,8587,870,9457,55
2022-02-15,Los Angeles,037,10098052,2672500,2638266,121847,2760113,29691
2022-02-15,Madera,039,155013,36577,36260,5936,42196,330
2022-02-15,Marin,041,260295,32540,32355,2157,34512,255
2022-02-15,Mariposa,043,17540,2318,2302,191,2493,6
2022-02-15,Mendocino,045,87422,12728,12580,2903,15483,108
2022-02-15,Merced,047,269075,61058,60674,8356,69030,763
2022-02-15,Modoc,049,8938,720,710,240,950,6
2022-02-15,Mono,051,14174,2947,2952,119,3071,5
2022-02-15,Monterey,053,433212,77678,75530,13089,88619,682
2022-02-15,Napa,055,140530,24982,24832,917,25749,127
2022-02-15,Nevada,057,99092,15650,15643,1158,16801,121
2022-02-15,Orange,059,3164182,538946,537478,40616,578094,6374
2022-02-15,Placer,061,380077,61672,61170,7243,68413,554
2022-02-15,Plumas,063,18699,2910,2638,348,2986,13
2022-02-15,Riverside,065,2383286,584555,579940,27524,607464,6049
2022-02-15,Sacramento,067,1510023,275716,268950,26555,295505,2721
2022-02-15,San Benito,069,59416,12653,12616,505,13121,91
2022-02-15,San Bernardino,071,2135413,563223,551803,24721,576524,6372
2022-02-15,San Diego,073,3302833,736943,727486,51138,778624,4914
2022-02-15,San Francisco,075,870044,120125,120759,8059,128818,756
2022-02-15,San Joaquin,077,732212,163663,162518,9803,172321,2021
2022-02-15,San Luis Obispo,079,281455,51098,50534,3635,54169,419
2022-02-15,San Mateo,081,765935,118573,116253,6767,123020,595
2022-02-15,Santa Barbara,083,443738,84171,83734,4658,88392,640
2022-02-15,Santa Clara,085,1922200,302376,301831,12067,313898,2130
2022-02-15,Santa Cruz,087,273765,45974,45171,2077,47248,250
2022-02-15,Shasta,089,179085,29895,29684,5989,35673,477
2022-02-15,Sierra,091,2930,270,269,46,315,0
2022-02-15,Siskiyou,093,43540,4336,4288,2665,6953,70
2022-02-15,Solano,095,438530,79442,78626,5476,84102,426
2022-02-15,Sonoma,097,501317,81495,80433,2493,82926,431
2022-02-15,Stanislaus,099,539301,115578,115549,17325,132874,1429
2022-02-15,Sutter,101,95872,20092,19980,1989,21969,208
2022-02-15,Tehama,103,63373,11819,11717,2587,14304,151
2022-02-15,Trinity,105,12862,1158,1125,284,1409,20
2022-02-15,Tulare,107,460477,104728,101645,27776,129421,1278
2022-02-15,Tuolumne,109,53932,12389,11945,546,12491,171
2022-02-15,Ventura,111,848112,170539,169942,9331,179273,1372
2022-02-15,Yolo,113,214977,36064,35241,3084,38325,289
2022-02-15,Yuba,115,75493,15494,15372,1157,16529,109
2022-02-14,Alameda,001,1643700,249017,244315,13333,257648,1677
2022-02-14,Alpine,003,1148,121,125,1,126,0
2022-02-14,Amador,005,37829,8263,8164,630,8794,77
2022-02-14,Butte,007,227075,32273,31946,6533,38479,360
2022-02-14,Calaveras,009,45235,7109,7097,334,7431,106
2022-02-14,Colusa,011,21464,3385,3367,1053,4420,21
2022-02-14,Contra Costa,013,1133247,184101,181753,12690,194443,1167
2022-02-14,Del Norte,015,27424,5466,5426,169,5595,45
2022-02-14,El Dorado,017,186661,26234,25915,3165,29080,188
2022-02-14,Fresno,019,978130,225979,222360,23308,245668,2538
2022-02-14,Glenn,021,27897,4889,4854,1575,6429,39
2022-02-14,Humboldt,023,135768,16328,16264,2812,19076,132
2022-02-14,Imperial,025,180216,54396,53765,10533,64298,860
2022-02-14,Inyo,027,18085,4025,4010,453,4463,52
2022-02-14,Kern,029,883053,188594,186037,45245,231282,2063
2022-02-14,Kings,031,150075,50276,49395,3529,52924,419
2022-02-14,Lake,033,64148,10250,10090,857,10947,123
2022-02-14,Lassen,035,31185,8689,8539,868,9407,55
2022-02-14,Los Angeles,037,10098052,2669920,2636064,121718,2757782,29650
2022-02-14,Madera,039,155013,36512,36194,5913,42107,330
2022-02-14,Marin,041,260295,32504,32304,2154,34458,255
2022-02-14,Mariposa,043,17540,2311,2295,191,2486,6
2022-02-14,Mendocino,045,87422,12701,12541,2871,15412,108
2022-02-14,Merced,047,269075,60969,60591,8311,68902,758
2022-02-14,Modoc,049,8938,715,707,240,947,6
2022-02-14,Mono,051,14174,2946,2954,119,3073,5
2022-02-14,Monterey,053,433212,77506,75407,13005,88412,678
2022-02-14,Napa,055,140530,24923,24776,917,25693,127
2022-02-14,Nevada,057,99092,15631,15629,1157,16786,121
2022-02-14,Orange,059,3164182,538440,536924,40550,577474,6355
2022-02-14,Placer,061,380077,61602,61123,7228,68351,554
2022-02-14,Plumas,063,18699,2908,2631,348,2979,13
2022-02-14,Riverside,065,2383286,584009,579174,27454,606628,5994
2022-02-14,Sacramento,067,1510023,275277,268547,26441,294988,2717
2022-02-14,San Benito,069,59416,12629,12598,504,13102,91
2022-02-14,San Bernardino,071,2135413,562808,551338,24701,576039,6372
2022-02-14,San Diego,073,3302833,735974,723902,51039,774941,4894
2022-02-14,San Francisco,075,870044,119935,120581,8049,128630,756
2022-02-14,San Joaquin,077,732212,163423,162363,9780,172143,2018
2022-02-14,San Luis Obispo,079,281455,50989,50465,3625,54090,416
2022-02-14,San Mateo,081,765935,118408,116129,6758,122887,592
2022-02-14,Santa Barbara,083,443738,84025,83697,4648,88345,636
2022-02-14,Santa Clara,085,1922200,301840,301319,12043,313362,2127
2022-02-14,Santa Cruz,087,273765,45811,45042,2073,47115,250
2022-02-14,Shasta,089,179085,29809,29595,5971,35566,474
2022-02-14,Sierra,091,2930,270,269,46,315,0
2022-02-14,Siskiyou,093,43540,4323,4278,2651,6929,69
2022-02-14,Solano,095,438530,79263,78533,5464,83997,427
2022-02-14,Sonoma,097,501317,81354,80336,2482,82818,431
2022-02-14,Stanislaus,099,539301,115401,115426,17279,132705,1406
2022-02-14,Sutter,101,95872,20064,19957,1983,21940,209
2022-02-14,Tehama,103,63373,11796,11686,2586,14272,151
2022-02-14,Trinity,105,12862,1155,1123,284,1407,20
2022-02-14,Tulare,107,460477,104521,101448,27675,129123,1276
2022-02-14,Tuolumne,109,53932,12360,11920,543,12463,170
2022-02-14,Ventura,111,848112,170362,169725,9319,179044,1361
2022-02-14,Yolo,113,214977,36006,35112,3074,38186,286
2022-02-14,Yuba,115,75493,15464,15375,1153,16528,108
2022-02-13,Alameda,001,1643700,248526,243681,13298,256979,1677
2022-02-13,Alpine,003,1148,121,125,1,126,0
2022-02-13,Amador,005,37829,8234,8146,627,8773,77
2022-02-13,Butte,007,227075,32201,31865,6509,38374,360
2022-02-13,Calaveras,009,45235,7102,7083,331,7414,106
2022-02-13,Colusa,011,21464,3382,3366,1051,4417,21
2022-02-13,Contra Costa,013,1133247,183735,181313,12625,193938,1159
2022-02-13,Del Norte,015,27424,5433,5379,169,5548,45
2022-02-13,El Dorado,017,186661,26197,25871,3157,29028,188
2022-02-13,Fresno,019,978130,225439,221686,23241,244927,2537
2022-02-13,Glenn,021,27897,4879,4847,1572,6419,39
2022-02-13,Humboldt,023,135768,16281,16210,2784,18994,132
2022-02-13,Imperial,025,180216,54298,53658,10495,64153,860
2022-02-13,Inyo,027,18085,4022,4006,451,4457,52
2022-02-13,Kern,029,883053,188342,185640,45158,230798,2063
2022-02-13,Kings,031,150075,50149,49243,3515,52758,416
2022-02-13,Lake,033,64148,10187,10042,849,10891,123
2022-02-13,Lassen,035,31185,8664,8503,866,9369,55
2022-02-13,Los Angeles,037,10098052,2666751,2631267,121575,2752842,29595
2022-02-13,Madera,039,155013,36394,36054,5884,41938,330
2022-02-13,Marin,041,260295,32433,32222,2147,34369,255
2022-02-13,Mariposa,043,17540,2305,2292,189,2481,6
2022-02-13,Mendocino,045,87422,12672,12521,2830,15351,108
2022-02-13,Merced,047,269075,60827,60460,8257,68717,758
2022-02-13,Modoc,049,8938,713,704,233,937,6
2022-02-13,Mono,051,14174,2945,2949,119,3068,5
2022-02-13,Monterey,053,433212,77299,75295,12930,88225,678
2022-02-13,Napa,055,140530,24846,24743,914,25657,127
2022-02-13,Nevada,057,99092,15597,15590,1150,16740,121
2022-02-13,Orange,059,3164182,537812,536134,40488,576622,6355
2022-02-13,Placer,061,380077,61525,61020,7204,68224,554
2022-02-13,Plumas,063,18699,2900,2626,345,2971,13
2022-02-13,Riverside,065,2383286,583417,578363,27409,605772,5995
2022-02-13,Sacramento,067,1510023,274768,267947,26308,294255,2699
2022-02-13,San Benito,069,59416,12596,12578,503,13081,91
2022-02-13,San Bernardino,071,2135413,562319,550632,24667,575299,6367
2022-02-13,San Diego,073,3302833,734835,723902,50920,774822,4894
2022-02-13,San Francisco,075,870044,119683,120295,8037,128332,756
2022-02-13,San Joaquin,077,732212,163116,162028,9751,171779,2018
2022-02-13,San Luis Obispo,079,281455,50844,50384,3617,54001,415
2022-02-13,San Mateo,081,765935,118187,115876,6733,122609,592
2022-02-13,Santa Barbara,083,443738,83861,83547,4640,88187,635
2022-02-13,Santa Clara,085,1922200,301200,300412,12006,312418,2114
2022-02-13,Santa Cruz,087,273765,45656,44887,2071,46958,240
2022-02-13,Shasta,089,179085,29730,29531,5947,35478,474
2022-02-13,Sierra,091,2930,270,269,46,315,0
2022-02-13,Siskiyou,093,43540,4316,4264,2635,6899,69
2022-02-13,Solano,095,438530,79107,78424,5439,83863,426
2022-02-13,Sonoma,097,501317,81188,80172,2470,82642,431
2022-02-13,Stanislaus,099,539301,115205,115156,17238,132394,1406
2022-02-13,Sutter,101,95872,20025,19900,1983,21883,209
2022-02-13,Tehama,103,63373,11770,11644,2581,14225,151
2022-02-13,Trinity,105,12862,1152,1120,281,1401,20
2022-02-13,Tulare,107,460477,104302,101135,27581,128716,1276
2022-02-13,Tuolumne,109,53932,12335,11891,538,12429,170
2022-02-13,Ventura,111,848112,170168,169422,9298,178720,1361
2022-02-13,Yolo,113,214977,35939,35057,3062,38119,286
2022-02-13,Yuba,115,75493,15430,15346,1151,16497,107
2022-02-12,Alameda,001,1643700,248305,242137,13284,255421,1668
2022-02-12,Alpine,003,1148,121,124,1,125,0
2022-02-12,Amador,005,37829,8228,8091,627,8718,76
2022-02-12,Butte,007,227075,32174,31601,6502,38103,360
2022-02-12,Calaveras,009,45235,7099,7022,330,7352,106
2022-02-12,Colusa,011,21464,3379,3345,1051,4396,21
2022-02-12,Contra Costa,013,1133247,183544,180270,12618,192888,1141
2022-02-12,Del Norte,015,27424,5413,5262,169,5431,45
2022-02-12,El Dorado,017,186661,26181,25692,3157,28849,188
2022-02-12,Fresno,019,978130,225225,219909,23224,243133,2509
2022-02-12,Glenn,021,27897,4878,4818,1571,6389,39
2022-02-12,Humboldt,023,135768,16258,16058,2780,18838,132
2022-02-12,Imperial,025,180216,54254,53304,10484,63788,860
2022-02-12,Inyo,027,18085,4020,3991,451,4442,52
2022-02-12,Kern,029,883053,188231,184639,45121,229760,2037
2022-02-12,Kings,031,150075,50109,48893,3508,52401,415
2022-02-12,Lake,033,64148,10166,9926,844,10770,123
2022-02-12,Lassen,035,31185,8641,8477,865,9342,55
2022-02-12,Los Angeles,037,10098052,2665590,2616426,121499,2737925,29364
2022-02-12,Madera,039,155013,36360,35710,5877,41587,330
2022-02-12,Marin,041,260295,32401,32048,2144,34192,255
2022-02-12,Mariposa,043,17540,2305,2286,189,2475,6
2022-02-12,Mendocino,045,87422,12656,12439,2830,15269,107
2022-02-12,Merced,047,269075,60773,60187,8252,68439,758
2022-02-12,Modoc,049,8938,713,697,233,930,6
2022-02-12,Mono,051,14174,2944,2939,119,3058,5
2022-02-12,Monterey,053,433212,77238,74842,12905,87747,672
2022-02-12,Napa,055,140530,24818,24530,914,25444,124
2022-02-12,Nevada,057,99092,15584,15499,1148,16647,119
2022-02-12,Orange,059,3164182,537523,534503,40452,574955,6305
2022-02-12,Placer,061,380077,61468,60636,7201,67837,554
2022-02-12,Plumas,063,18699,2899,2617,344,2961,13
2022-02-12,Riverside,065,2383286,583055,575566,27385,602951,5961
2022-02-12,Sacramento,067,1510023,274531,266347,26299,292646,2686
2022-02-12,San Benito,069,59416,12584,12526,503,13029,91
2022-02-12,San Bernardino,071,2135413,562086,548822,24654,573476,6360
2022-02-12,San Diego,073,3302833,734336,720287,50871,771158,4854
2022-02-12,San Francisco,075,870044,119561,119113,8026,127139,740
2022-02-12,San Joaquin,077,732212,162986,161234,9745,170979,2014
2022-02-12,San Luis Obispo,079,281455,50808,50064,3614,53678,416
2022-02-12,San Mateo,081,765935,118099,115235,6725,121960,589
2022-02-12,Santa Barbara,083,443738,83775,83390,4630,88020,631
2022-02-12,Santa Clara,085,1922200,300862,298176,11998,310174,2093
2022-02-12,Santa Cruz,087,273765,45620,44447,2069,46516,239
2022-02-12,Shasta,089,179085,29701,29370,5943,35313,473
2022-02-12,Sierra,091,2930,270,268,46,314,0
2022-02-12,Siskiyou,093,43540,4309,4231,2632,6863,68
2022-02-12,Solano,095,438530,79065,77865,5434,83299,424
2022-02-12,Sonoma,097,501317,81084,79533,2468,82001,431
2022-02-12,Stanislaus,099,539301,115080,114531,17226,131757,1406
2022-02-12,Sutter,101,95872,20010,19800,1983,21783,211
2022-02-12,Tehama,103,63373,11755,11580,2581,14161,151
2022-02-12,Trinity,105,12862,1151,1115,281,1396,20
2022-02-12,Tulare,107,460477,104207,100434,27542,127976,1273
2022-02-12,Tuolumne,109,53932,12317,11754,538,12292,125
2022-02-12,Ventura,111,848112,170060,168736,9293,178029,1340
2022-02-12,Yolo,113,214977,35898,34773,3059,37832,286
2022-02-12,Yuba,115,75493,15416,15242,1150,16392,107
2022-02-11,Alameda,001,1643700,248025,242137,13270,255407,1668
2022-02-11,Alpine,003,1148,121,124,1,125,0
2022-02-11,Amador,005,37829,8216,8091,627,8718,76
2022-02-11,Butte,007,227075,32130,31601,6491,38092,360
2022-02-11,Calaveras,009,45235,7096,7022,330,7352,106
2022-02-11,Colusa,011,21464,3377,3345,1050,4395,21
2022-02-11,Contra Costa,013,1133247,183340,180270,12599,192869,1141
2022-02-11,Del Norte,015,27424,5398,5262,168,5430,45
2022-02-11,El Dorado,017,186661,26162,25692,3156,28848,188
2022-02-11,Fresno,019,978130,224928,219909,23206,243115,2509
2022-02-11,Glenn,021,27897,4874,4818,1571,6389,39
2022-02-11,Humboldt,023,135768,16229,16058,2775,18833,132
2022-02-11,Imperial,025,180216,54224,53304,10473,63777,860
2022-02-11,Inyo,027,18085,4016,3991,446,4437,52
2022-02-11,Kern,029,883053,188073,184639,45067,229706,2037
2022-02-11,Kings,031,150075,50069,48893,3507,52400,415
2022-02-11,Lake,033,64148,10141,9926,842,10768,123
2022-02-11,Lassen,035,31185,8601,8477,865,9342,55
2022-02-11,Los Angeles,037,10098052,2663962,2616426,121410,2737836,29364
2022-02-11,Madera,039,155013,36318,35710,5871,41581,330
2022-02-11,Marin,041,260295,32369,32048,2141,34189,255
2022-02-11,Mariposa,043,17540,2300,2286,189,2475,6
2022-02-11,Mendocino,045,87422,12640,12439,2830,15269,107
2022-02-11,Merced,047,269075,60723,60187,8245,68432,758
2022-02-11,Modoc,049,8938,711,697,233,930,6
2022-02-11,Mono,051,14174,2943,2939,119,3058,5
2022-02-11,Monterey,053,433212,77122,74842,12891,87733,672
2022-02-11,Napa,055,140530,24791,24530,914,25444,124
2022-02-11,Nevada,057,99092,15570,15499,1145,16644,119
2022-02-11,Orange,059,3164182,537172,534503,40388,574891,6305
2022-02-11,Placer,061,380077,61416,60636,7199,67835,554
2022-02-11,Plumas,063,18699,2895,2617,342,2959,13
2022-02-11,Riverside,065,2383286,582636,575566,27369,602935,5961
2022-02-11,Sacramento,067,1510023,274266,266347,26287,292634,2686
2022-02-11,San Benito,069,59416,12579,12526,503,13029,91
2022-02-11,San Bernardino,071,2135413,561770,548822,24639,573461,6360
2022-02-11,San Diego,073,3302833,733633,720287,50812,771099,4854
2022-02-11,San Francisco,075,870044,119440,119113,8010,127123,740
2022-02-11,San Joaquin,077,732212,162818,161234,9733,170967,2014
2022-02-11,San Luis Obispo,079,281455,50771,50064,3610,53674,416
2022-02-11,San Mateo,081,765935,117981,115235,6716,121951,589
2022-02-11,Santa Barbara,083,443738,83691,83390,4629,88019,631
2022-02-11,Santa Clara,085,1922200,300437,298176,11978,310154,2093
2022-02-11,Santa Cruz,087,273765,45529,44447,2069,46516,239
2022-02-11,Shasta,089,179085,29670,29370,5935,35305,473
2022-02-11,Sierra,091,2930,269,268,45,313,0
2022-02-11,Siskiyou,093,43540,4298,4231,2626,6857,68
2022-02-11,Solano,095,438530,78938,77865,5428,83293,424
2022-02-11,Sonoma,097,501317,80996,79533,2463,81996,431
2022-02-11,Stanislaus,099,539301,114978,114531,17212,131743,1406
2022-02-11,Sutter,101,95872,19987,19800,1981,21781,211
2022-02-11,Tehama,103,63373,11742,11580,2580,14160,151
2022-02-11,Trinity,105,12862,1150,1115,280,1395,20
2022-02-11,Tulare,107,460477,104089,100434,27488,127922,1273
2022-02-11,Tuolumne,109,53932,12302,11754,536,12290,125
2022-02-11,Ventura,111,848112,169921,168736,9288,178024,1340
2022-02-11,Yolo,113,214977,35865,34773,3057,37830,286
2022-02-11,Yuba,115,75493,15399,15242,1149,16391,107
2022-02-10,Alameda,001,1643700,247500,242137,13223,255360,1668
2022-02-10,Alpine,003,1148,121,124,1,125,0
2022-02-10,Amador,005,37829,8204,8091,620,8711,76
2022-02-10,Butte,007,227075,32078,31601,6479,38080,360
2022-02-10,Calaveras,009,45235,7084,7022,328,7350,106
2022-02-10,Colusa,011,21464,3371,3345,1048,4393,21
2022-02-10,Contra Costa,013,1133247,182978,180270,12533,192803,1141
2022-02-10,Del Norte,015,27424,5369,5262,166,5428,45
2022-02-10,El Dorado,017,186661,26117,25692,3149,28841,188
2022-02-10,Fresno,019,978130,224348,219909,23118,243027,2509
2022-02-10,Glenn,021,27897,4870,4818,1569,6387,39
2022-02-10,Humboldt,023,135768,16179,16058,2753,18811,132
2022-02-10,Imperial,025,180216,54154,53304,10429,63733,860
2022-02-10,Inyo,027,18085,4012,3991,446,4437,52
2022-02-10,Kern,029,883053,187764,184639,44954,229593,2037
2022-02-10,Kings,031,150075,49958,48893,3496,52389,415
2022-02-10,Lake,033,64148,10110,9926,840,10766,123
2022-02-10,Lassen,035,31185,8587,8477,863,9340,55
2022-02-10,Los Angeles,037,10098052,2660810,2616426,121222,2737648,29364
2022-02-10,Madera,039,155013,36220,35710,5839,41549,330
2022-02-10,Marin,041,260295,32311,32048,2129,34177,255
2022-02-10,Mariposa,043,17540,2296,2286,188,2474,6
2022-02-10,Mendocino,045,87422,12618,12439,2806,15245,107
2022-02-10,Merced,047,269075,60598,60187,8189,68376,758
2022-02-10,Modoc,049,8938,710,697,232,929,6
2022-02-10,Mono,051,14174,2941,2939,118,3057,5
2022-02-10,Monterey,053,433212,76940,74842,12804,87646,672
2022-02-10,Napa,055,140530,24726,24530,912,25442,124
2022-02-10,Nevada,057,99092,15545,15499,1144,16643,119
2022-02-10,Orange,059,3164182,536521,534503,40318,574821,6305
2022-02-10,Placer,061,380077,61335,60636,7190,67826,554
2022-02-10,Plumas,063,18699,2892,2617,335,2952,13
2022-02-10,Riverside,065,2383286,581908,575566,27312,602878,5961
2022-02-10,Sacramento,067,1510023,273786,266347,26195,292542,2686
2022-02-10,San Benito,069,59416,12558,12526,501,13027,91
2022-02-10,San Bernardino,071,2135413,561227,548822,24607,573429,6360
2022-02-10,San Diego,073,3302833,732524,720287,50692,770979,4854
2022-02-10,San Francisco,075,870044,119227,119113,7992,127105,740
2022-02-10,San Joaquin,077,732212,162505,161234,9725,170959,2014
2022-02-10,San Luis Obispo,079,281455,50672,50064,3599,53663,416
2022-02-10,San Mateo,081,765935,117756,115235,6699,121934,589
2022-02-10,Santa Barbara,083,443738,83507,83390,4622,88012,631
2022-02-10,Santa Clara,085,1922200,299767,298176,11920,310096,2093
2022-02-10,Santa Cruz,087,273765,45385,44447,2068,46515,239
2022-02-10,Shasta,089,179085,29608,29370,5915,35285,473
2022-02-10,Sierra,091,2930,269,268,45,313,0
2022-02-10,Siskiyou,093,43540,4293,4231,2613,6844,68
2022-02-10,Solano,095,438530,78746,77865,5410,83275,424
2022-02-10,Sonoma,097,501317,80860,79533,2447,81980,431
2022-02-10,Stanislaus,099,539301,114799,114531,17168,131699,1406
2022-02-10,Sutter,101,95872,19948,19800,1966,21766,211
2022-02-10,Tehama,103,63373,11712,11580,2577,14157,151
2022-02-10,Trinity,105,12862,1147,1115,279,1394,20
2022-02-10,Tulare,107,460477,103901,100434,27407,127841,1273
2022-02-10,Tuolumne,109,53932,12280,11754,531,12285,125
2022-02-10,Ventura,111,848112,169640,168736,9273,178009,1340
2022-02-10,Yolo,113,214977,35788,34773,3051,37824,286
2022-02-10,Yuba,115,75493,15367,15242,1143,16385,107
2022-02-09,Alameda,001,1643700,246968,241141,13164,254305,1668
2022-02-09,Alpine,003,1148,120,124,1,125,0
2022-02-09,Amador,005,37829,8190,8069,615,8684,76
2022-02-09,Butte,007,227075,31985,31433,6463,37896,359
2022-02-09,Calaveras,009,45235,7069,7005,324,7329,106
2022-02-09,Colusa,011,21464,3368,3331,1047,4378,21
2022-02-09,Contra Costa,013,1133247,182625,179695,12486,192181,1132
2022-02-09,Del Norte,015,27424,5321,5204,165,5369,45
2022-02-09,El Dorado,017,186661,26080,25572,3137,28709,186
2022-02-09,Fresno,019,978130,223733,218989,23027,242016,2502
2022-02-09,Glenn,021,27897,4857,4804,1568,6372,39
2022-02-09,Humboldt,023,135768,16131,15929,2728,18657,131
2022-02-09,Imperial,025,180216,54051,53102,10356,63458,858
2022-02-09,Inyo,027,18085,4006,3989,445,4434,52
2022-02-09,Kern,029,883053,187387,184068,44839,228907,2021
2022-02-09,Kings,031,150075,49847,48718,3490,52208,410
2022-02-09,Lake,033,64148,10070,9880,835,10715,124
2022-02-09,Lassen,035,31185,8562,8459,862,9321,55
2022-02-09,Los Angeles,037,10098052,2657125,2611611,121087,2732698,29263
2022-02-09,Madera,039,155013,36122,35559,5806,41365,330
2022-02-09,Marin,041,260295,32261,31965,2122,34087,255
2022-02-09,Mariposa,043,17540,2293,2279,188,2467,6
2022-02-09,Mendocino,045,87422,12584,12378,2777,15155,107
2022-02-09,Merced,047,269075,60468,59952,8137,68089,755
2022-02-09,Modoc,049,8938,707,691,231,922,6
2022-02-09,Mono,051,14174,2939,2937,118,3055,5
2022-02-09,Monterey,053,433212,76738,74500,12714,87214,670
2022-02-09,Napa,055,140530,24680,24429,907,25336,123
2022-02-09,Nevada,057,99092,15524,15446,1142,16588,119
2022-02-09,Orange,059,3164182,535890,534316,40238,574554,6263
2022-02-09,Placer,061,380077,61240,60490,7170,67660,553
2022-02-09,Plumas,063,18699,2887,2609,331,2940,13
2022-02-09,Riverside,065,2383286,581162,573907,27265,601172,5911
2022-02-09,Sacramento,067,1510023,273219,265624,26076,291700,2673
2022-02-09,San Benito,069,59416,12534,12492,501,12993,91
2022-02-09,San Bernardino,071,2135413,560618,547768,24579,572347,6349
2022-02-09,San Diego,073,3302833,731168,717896,50582,768478,4832
2022-02-09,San Francisco,075,870044,118978,118550,7981,126531,731
2022-02-09,San Joaquin,077,732212,162201,160618,9715,170333,2014
2022-02-09,San Luis Obispo,079,281455,50526,49833,3594,53427,414
2022-02-09,San Mateo,081,765935,117568,114890,6658,121548,589
2022-02-09,Santa Barbara,083,443738,83325,82830,4616,87446,629
2022-02-09,Santa Clara,085,1922200,299049,297157,11862,309019,2090
2022-02-09,Santa Cruz,087,273765,45203,44200,2061,46261,239
2022-02-09,Shasta,089,179085,29539,29215,5894,35109,471
2022-02-09,Sierra,091,2930,268,268,44,312,0
2022-02-09,Siskiyou,093,43540,4279,4217,2607,6824,68
2022-02-09,Solano,095,438530,78555,77299,5398,82697,423
2022-02-09,Sonoma,097,501317,80687,79165,2440,81605,431
2022-02-09,Stanislaus,099,539301,114550,114039,16921,130960,1406
2022-02-09,Sutter,101,95872,19906,19758,1953,21711,207
2022-02-09,Tehama,103,63373,11685,11542,2573,14115,149
2022-02-09,Trinity,105,12862,1143,1110,278,1388,20
2022-02-09,Tulare,107,460477,103686,100049,27310,127359,1271
2022-02-09,Tuolumne,109,53932,12242,11702,528,12230,95
2022-02-09,Ventura,111,848112,169403,168253,9261,177514,1325
2022-02-09,Yolo,113,214977,35717,34588,3035,37623,285
2022-02-09,Yuba,115,75493,15336,15187,1131,16318,105
2022-02-08,Alameda,001,1643700,246333,240587,13090,253677,1651
2022-02-08,Alpine,003,1148,120,124,1,125,0
2022-02-08,Amador,005,37829,8182,8050,608,8658,76
2022-02-08,Butte,007,227075,31900,31353,6439,37792,359
2022-02-08,Calaveras,009,45235,7052,6981,322,7303,101
2022-02-08,Colusa,011,21464,3360,3320,1046,4366,21
2022-02-08,Contra Costa,013,1133247,182194,179078,12408,191486,1132
2022-02-08,Del Norte,015,27424,5295,5156,160,5316,44
2022-02-08,El Dorado,017,186661,26035,25446,3126,28572,186
2022-02-08,Fresno,019,978130,222986,218416,22921,241337,2502
2022-02-08,Glenn,021,27897,4840,4784,1564,6348,39
2022-02-08,Humboldt,023,135768,16070,15865,2695,18560,130
2022-02-08,Imperial,025,180216,53922,52977,10312,63289,855
2022-02-08,Inyo,027,18085,4001,3983,445,4428,52
2022-02-08,Kern,029,883053,187051,183519,44706,228225,2010
2022-02-08,Kings,031,150075,49687,48479,3478,51957,411
2022-02-08,Lake,033,64148,10040,9806,829,10635,125
2022-02-08,Lassen,035,31185,8553,8423,858,9281,55
2022-02-08,Los Angeles,037,10098052,2652790,2611204,120897,2732101,29259
2022-02-08,Madera,039,155013,36015,35381,5750,41131,330
2022-02-08,Marin,041,260295,32187,31878,2117,33995,255
2022-02-08,Mariposa,043,17540,2291,2266,180,2446,6
2022-02-08,Mendocino,045,87422,12552,12336,2746,15082,107
2022-02-08,Merced,047,269075,60359,59789,8078,67867,751
2022-02-08,Modoc,049,8938,703,684,231,915,6
2022-02-08,Mono,051,14174,2938,2932,118,3050,5
2022-02-08,Monterey,053,433212,76531,74316,12620,86936,670
2022-02-08,Napa,055,140530,24607,24346,900,25246,121
2022-02-08,Nevada,057,99092,15497,15383,1139,16522,117
2022-02-08,Orange,059,3164182,535203,533507,40150,573657,6205
2022-02-08,Placer,061,380077,61132,60301,7157,67458,553
2022-02-08,Plumas,063,18699,2876,2596,324,2920,13
2022-02-08,Riverside,065,2383286,580331,571892,27189,599081,5908
2022-02-08,Sacramento,067,1510023,272548,264479,25893,290372,2664
2022-02-08,San Benito,069,59416,12510,12434,499,12933,91
2022-02-08,San Bernardino,071,2135413,559908,544658,24534,569192,6335
2022-02-08,San Diego,073,3302833,729595,717896,50452,768348,4832
2022-02-08,San Francisco,075,870044,118665,117942,7972,125914,731
2022-02-08,San Joaquin,077,732212,161818,160147,9696,169843,2005
2022-02-08,San Luis Obispo,079,281455,50359,49556,3562,53118,410
2022-02-08,San Mateo,081,765935,117350,114541,6628,121169,589
2022-02-08,Santa Barbara,083,443738,83156,82461,4590,87051,627
2022-02-08,Santa Clara,085,1922200,298169,295679,11812,307491,2091
2022-02-08,Santa Cruz,087,273765,45048,43884,2056,45940,239
2022-02-08,Shasta,089,179085,29456,29084,5865,34949,470
2022-02-08,Sierra,091,2930,268,267,44,311,0
2022-02-08,Siskiyou,093,43540,4269,4191,2597,6788,68
2022-02-08,Solano,095,438530,78324,77031,5384,82415,421
2022-02-08,Sonoma,097,501317,80473,78798,2418,81216,431
2022-02-08,Stanislaus,099,539301,114297,113733,16845,130578,1406
2022-02-08,Sutter,101,95872,19868,19717,1941,21658,203
2022-02-08,Tehama,103,63373,11658,11491,2565,14056,149
2022-02-08,Trinity,105,12862,1137,1110,278,1388,20
2022-02-08,Tulare,107,460477,103394,99694,27174,126868,1267
2022-02-08,Tuolumne,109,53932,12218,11665,526,12191,92
2022-02-08,Ventura,111,848112,169166,167830,9245,177075,1325
2022-02-08,Yolo,113,214977,35635,34462,3021,37483,281
2022-02-08,Yuba,115,75493,15291,15126,1109,16235,107
2022-02-07,Alameda,001,1643700,245621,238678,13022,251700,1643
2022-02-07,Alpine,003,1148,120,124,1,125,0
2022-02-07,Amador,005,37829,8154,7980,600,8580,75
2022-02-07,Butte,007,227075,31811,31184,6413,37597,355
2022-02-07,Calaveras,009,45235,7030,6910,321,7231,100
2022-02-07,Colusa,011,21464,3349,3283,1040,4323,21
2022-02-07,Contra Costa,013,1133247,181733,177767,12336,190103,1130
2022-02-07,Del Norte,015,27424,5255,5093,155,5248,44
2022-02-07,El Dorado,017,186661,25972,25257,3114,28371,185
2022-02-07,Fresno,019,978130,222133,216495,22775,239270,2493
2022-02-07,Glenn,021,27897,4833,4762,1560,6322,39
2022-02-07,Humboldt,023,135768,15995,15764,2670,18434,129
2022-02-07,Imperial,025,180216,53808,52689,10243,62932,853
2022-02-07,Inyo,027,18085,3996,3976,439,4415,51
2022-02-07,Kern,029,883053,186578,182047,44535,226582,1998
2022-02-07,Kings,031,150075,49503,48147,3461,51608,403
2022-02-07,Lake,033,64148,9994,9519,821,10340,125
2022-02-07,Lassen,035,31185,8535,8362,852,9214,55
2022-02-07,Los Angeles,037,10098052,2648336,2607438,120685,2728123,29210
2022-02-07,Madera,039,155013,35891,35083,5700,40783,330
2022-02-07,Marin,041,260295,32121,31670,2106,33776,255
2022-02-07,Mariposa,043,17540,2286,2253,176,2429,6
2022-02-07,Mendocino,045,87422,12494,12237,2708,14945,107
2022-02-07,Merced,047,269075,60232,59472,7985,67457,748
2022-02-07,Modoc,049,8938,699,679,231,910,6
2022-02-07,Mono,051,14174,2936,2917,118,3035,5
2022-02-07,Monterey,053,433212,76277,69433,12511,81944,670
2022-02-07,Napa,055,140530,24521,23237,890,24127,120
2022-02-07,Nevada,057,99092,15462,15268,1133,16401,113
2022-02-07,Orange,059,3164182,534439,531442,40067,571509,6179
2022-02-07,Placer,061,380077,61008,59894,7142,67036,546
2022-02-07,Plumas,063,18699,2865,2573,315,2888,13
2022-02-07,Riverside,065,2383286,579387,568874,27103,595977,5868
2022-02-07,Sacramento,067,1510023,271869,262834,25701,288535,2631
2022-02-07,San Benito,069,59416,12472,12285,497,12782,90
2022-02-07,San Bernardino,071,2135413,559111,542846,24495,567341,6335
2022-02-07,San Diego,073,3302833,727875,716244,50269,766513,4811
2022-02-07,San Francisco,075,870044,118326,113945,7947,121892,727
2022-02-07,San Joaquin,077,732212,161436,159358,9676,169034,1998
2022-02-07,San Luis Obispo,079,281455,50189,48994,3541,52535,406
2022-02-07,San Mateo,081,765935,117065,107060,6599,113659,589
2022-02-07,Santa Barbara,083,443738,82968,81608,4575,86183,624
2022-02-07,Santa Clara,085,1922200,297216,293360,11764,305124,2085
2022-02-07,Santa Cruz,087,273765,44832,43244,2052,45296,239
2022-02-07,Shasta,089,179085,29365,28900,5838,34738,468
2022-02-07,Sierra,091,2930,268,265,44,309,0
2022-02-07,Siskiyou,093,43540,4258,4157,2581,6738,68
2022-02-07,Solano,095,438530,78067,73934,5358,79292,420
2022-02-07,Sonoma,097,501317,80216,78296,2405,80701,431
2022-02-07,Stanislaus,099,539301,114039,113029,16688,129717,1406
2022-02-07,Sutter,101,95872,19836,19599,1913,21512,203
2022-02-07,Tehama,103,63373,11617,11418,2557,13975,146
2022-02-07,Trinity,105,12862,1133,1109,275,1384,20
2022-02-07,Tulare,107,460477,103035,98774,27031,125805,1263
2022-02-07,Tuolumne,109,53932,12170,11578,522,12100,92
2022-02-07,Ventura,111,848112,168848,166904,9230,176134,1324
2022-02-07,Yolo,113,214977,35524,34007,3006,37013,281
2022-02-07,Yuba,115,75493,15244,14998,1102,16100,105
2022-02-06,Alameda,001,1643700,244710,237188,12938,250126,1643
2022-02-06,Alpine,003,1148,120,123,1,124,0
2022-02-06,Amador,005,37829,8124,7922,588,8510,73
2022-02-06,Butte,007,227075,31684,31021,6366,37387,355
2022-02-06,Calaveras,009,45235,7003,6870,316,7186,99
2022-02-06,Colusa,011,21464,3339,3282,1039,4321,21
2022-02-06,Contra Costa,013,1133247,181107,176863,12177,189040,1128
2022-02-06,Del Norte,015,27424,5199,5038,153,5191,44
2022-02-06,El Dorado,017,186661,25909,25165,3102,28267,185
2022-02-06,Fresno,019,978130,221288,214726,22514,237240,2489
2022-02-06,Glenn,021,27897,4820,4738,1550,6288,39
2022-02-06,Humboldt,023,135768,15911,15658,2630,18288,128
2022-02-06,Imperial,025,180216,53621,52396,10195,62591,853
2022-02-06,Inyo,027,18085,3994,3970,436,4406,51
2022-02-06,Kern,029,883053,186026,181188,44294,225482,1996
2022-02-06,Kings,031,150075,49280,47669,3435,51104,401
2022-02-06,Lake,033,64148,9925,9468,803,10271,125
2022-02-06,Lassen,035,31185,8515,8326,847,9173,55
2022-02-06,Los Angeles,037,10098052,2642803,2602620,120420,2723040,29180
2022-02-06,Madera,039,155013,35707,34901,5606,40507,330
2022-02-06,Marin,041,260295,32024,31488,2093,33581,255
2022-02-06,Mariposa,043,17540,2278,2244,165,2409,6
2022-02-06,Mendocino,045,87422,12451,12169,2638,14807,107
2022-02-06,Merced,047,269075,60014,59112,7823,66935,748
2022-02-06,Modoc,049,8938,694,675,230,905,6
2022-02-06,Mono,051,14174,2931,2901,116,3017,5
2022-02-06,Monterey,053,433212,75911,67912,12346,80258,670
2022-02-06,Napa,055,140530,24402,23230,882,24112,120
2022-02-06,Nevada,057,99092,15397,15192,1120,16312,113
2022-02-06,Orange,059,3164182,533486,527906,39965,567871,6171
2022-02-06,Placer,061,380077,60832,59507,7116,66623,544
2022-02-06,Plumas,063,18699,2851,2559,306,2865,13
2022-02-06,Riverside,065,2383286,578244,568276,27024,595300,5865
2022-02-06,Sacramento,067,1510023,270998,261353,25429,286782,2631
2022-02-06,San Benito,069,59416,12417,12186,489,12675,90
2022-02-06,San Bernardino,071,2135413,558128,541103,24424,565527,6334
2022-02-06,San Diego,073,3302833,725813,709938,50030,759968,4786
2022-02-06,San Francisco,075,870044,117943,113115,7920,121035,728
2022-02-06,San Joaquin,077,732212,160871,158510,9636,168146,1997
2022-02-06,San Luis Obispo,079,281455,49964,48843,3484,52327,405
2022-02-06,San Mateo,081,765935,116726,105556,6559,112115,587
2022-02-06,Santa Barbara,083,443738,82650,81118,4536,85654,623
2022-02-06,Santa Clara,085,1922200,296109,291732,11644,303376,2075
2022-02-06,Santa Cruz,087,273765,44519,42952,2037,44989,239
2022-02-06,Shasta,089,179085,29242,28762,5788,34550,468
2022-02-06,Sierra,091,2930,268,265,44,309,0
2022-02-06,Siskiyou,093,43540,4237,4118,2555,6673,68
2022-02-06,Solano,095,438530,77769,73475,5316,78791,419
2022-02-06,Sonoma,097,501317,79879,77887,2390,80277,431
2022-02-06,Stanislaus,099,539301,113642,112521,16540,129061,1406
2022-02-06,Sutter,101,95872,19793,19523,1870,21393,203
2022-02-06,Tehama,103,63373,11577,11366,2537,13903,146
2022-02-06,Trinity,105,12862,1132,1102,274,1376,20
2022-02-06,Tulare,107,460477,102599,98260,26827,125087,1262
2022-02-06,Tuolumne,109,53932,12118,11507,505,12012,92
2022-02-06,Ventura,111,848112,168472,166235,9219,175454,1323
2022-02-06,Yolo,113,214977,35385,33784,2990,36774,281
2022-02-06,Yuba,115,75493,15198,14917,1093,16010,104
2022-02-05,Alameda,001,1643700,244296,235698,12929,248627,1638
2022-02-05,Alpine,003,1148,120,124,1,125,0
2022-02-05,Amador,005,37829,8115,7855,585,8440,71
2022-02-05,Butte,007,227075,31630,30733,6352,37085,355
2022-02-05,Calaveras,009,45235,6987,6789,316,7105,99
2022-02-05,Colusa,011,21464,3332,3234,1037,4271,21
2022-02-05,Contra Costa,013,1133247,180838,175871,12161,188032,1115
2022-02-05,Del Norte,015,27424,5159,4978,151,5129,44
2022-02-05,El Dorado,017,186661,25878,24813,3100,27913,185
2022-02-05,Fresno,019,978130,220944,213539,22492,236031,2477
2022-02-05,Glenn,021,27897,4818,4691,1543,6234,39
2022-02-05,Humboldt,023,135768,15863,15514,2626,18140,127
2022-02-05,Imperial,025,180216,53558,52153,10182,62335,853
2022-02-05,Inyo,027,18085,3991,3948,436,4384,51
2022-02-05,Kern,029,883053,185817,180296,44189,224485,1987
2022-02-05,Kings,031,150075,49193,47538,3428,50966,402
2022-02-05,Lake,033,64148,9906,9289,796,10085,124
2022-02-05,Lassen,035,31185,8504,8288,845,9133,55
2022-02-05,Los Angeles,037,10098052,2640619,2572702,120293,2692995,28947
2022-02-05,Madera,039,155013,35654,34471,5594,40065,329
2022-02-05,Marin,041,260295,31977,31299,2089,33388,255
2022-02-05,Mariposa,043,17540,2277,2222,164,2386,6
2022-02-05,Mendocino,045,87422,12423,12066,2636,14702,107
2022-02-05,Merced,047,269075,59921,58908,7815,66723,744
2022-02-05,Modoc,049,8938,693,664,230,894,6
2022-02-05,Mono,051,14174,2930,2904,116,3020,5
2022-02-05,Monterey,053,433212,75795,67342,12302,79644,666
2022-02-05,Napa,055,140530,24346,22973,881,23854,118
2022-02-05,Nevada,057,99092,15376,15002,1115,16117,113
2022-02-05,Orange,059,3164182,533044,527516,39874,567390,6134
2022-02-05,Placer,061,380077,60707,59043,7102,66145,533
2022-02-05,Plumas,063,18699,2850,2550,305,2855,13
2022-02-05,Riverside,065,2383286,577640,563991,26953,590944,5827
2022-02-05,Sacramento,067,1510023,270603,259437,25391,284828,2610
2022-02-05,San Benito,069,59416,12372,12142,489,12631,90
2022-02-05,San Bernardino,071,2135413,557615,539312,24402,563714,6322
2022-02-05,San Diego,073,3302833,724953,703957,49956,753913,4735
2022-02-05,San Francisco,075,870044,117734,112481,7891,120372,720
2022-02-05,San Joaquin,077,732212,160685,157420,9625,167045,1989
2022-02-05,San Luis Obispo,079,281455,49927,48361,3482,51843,404
2022-02-05,San Mateo,081,765935,116538,104810,6551,111361,587
2022-02-05,Santa Barbara,083,443738,82487,80478,4524,85002,617
2022-02-05,Santa Clara,085,1922200,295454,289262,11628,300890,2067
2022-02-05,Santa Cruz,087,273765,44445,42553,2034,44587,239
2022-02-05,Shasta,089,179085,29199,28604,5778,34382,466
2022-02-05,Sierra,091,2930,268,262,44,306,0
2022-02-05,Siskiyou,093,43540,4230,4106,2542,6648,67
2022-02-05,Solano,095,438530,77694,73112,5308,78420,415
2022-02-05,Sonoma,097,501317,79712,77213,2386,79599,431
2022-02-05,Stanislaus,099,539301,113439,111783,16520,128303,1406
2022-02-05,Sutter,101,95872,19763,19406,1864,21270,203
2022-02-05,Tehama,103,63373,11558,11259,2530,13789,146
2022-02-05,Trinity,105,12862,1130,1085,274,1359,20
2022-02-05,Tulare,107,460477,102430,97414,26744,124158,1254
2022-02-05,Tuolumne,109,53932,12093,11409,502,11911,91
2022-02-05,Ventura,111,848112,168246,165532,9203,174735,1308
2022-02-05,Yolo,113,214977,35300,33614,2976,36590,281
2022-02-05,Yuba,115,75493,15167,14801,1085,15886,105
2022-02-04,Alameda,001,1643700,243808,235698,12919,248617,1638
2022-02-04,Alpine,003,1148,120,124,1,125,0
2022-02-04,Amador,005,37829,8099,7855,581,8436,71
2022-02-04,Butte,007,227075,31570,30733,6341,37074,355
2022-02-04,Calaveras,009,45235,6977,6789,314,7103,99
2022-02-04,Colusa,011,21464,3327,3234,1035,4269,21
2022-02-04,Contra Costa,013,1133247,180515,175871,12132,188003,1115
2022-02-04,Del Norte,015,27424,5139,4978,151,5129,44
2022-02-04,El Dorado,017,186661,25842,24813,3095,27908,185
2022-02-04,Fresno,019,978130,220463,213539,22460,235999,2477
2022-02-04,Glenn,021,27897,4809,4691,1540,6231,39
2022-02-04,Humboldt,023,135768,15836,15514,2623,18137,127
2022-02-04,Imperial,025,180216,53481,52153,10165,62318,853
2022-02-04,Inyo,027,18085,3988,3948,435,4383,51
2022-02-04,Kern,029,883053,185592,180296,44061,224357,1987
2022-02-04,Kings,031,150075,49117,47538,3421,50959,402
2022-02-04,Lake,033,64148,9884,9289,793,10082,124
2022-02-04,Lassen,035,31185,8481,8288,845,9133,55
2022-02-04,Los Angeles,037,10098052,2637982,2572702,120164,2692866,28947
2022-02-04,Madera,039,155013,35571,34471,5586,40057,329
2022-02-04,Marin,041,260295,31913,31299,2080,33379,255
2022-02-04,Mariposa,043,17540,2275,2222,162,2384,6
2022-02-04,Mendocino,045,87422,12392,12066,2634,14700,107
2022-02-04,Merced,047,269075,59840,58908,7805,66713,744
2022-02-04,Modoc,049,8938,693,664,230,894,6
2022-02-04,Mono,051,14174,2928,2904,116,3020,5
2022-02-04,Monterey,053,433212,75605,67342,12259,79601,666
2022-02-04,Napa,055,140530,24299,22973,877,23850,118
2022-02-04,Nevada,057,99092,15342,15002,1111,16113,113
2022-02-04,Orange,059,3164182,532494,527516,39817,567333,6134
2022-02-04,Placer,061,380077,60604,59043,7091,66134,533
2022-02-04,Plumas,063,18699,2843,2550,304,2854,13
2022-02-04,Riverside,065,2383286,576928,563991,26940,590931,5827
2022-02-04,Sacramento,067,1510023,270100,259437,25368,284805,2610
2022-02-04,San Benito,069,59416,12353,12142,487,12629,90
2022-02-04,San Bernardino,071,2135413,557034,539312,24380,563692,6322
2022-02-04,San Diego,073,3302833,723817,703957,49882,753839,4735
2022-02-04,San Francisco,075,870044,117492,112481,7866,120347,720
2022-02-04,San Joaquin,077,732212,160455,157420,9613,167033,1989
2022-02-04,San Luis Obispo,079,281455,49866,48361,3475,51836,404
2022-02-04,San Mateo,081,765935,116308,104810,6537,111347,587
2022-02-04,Santa Barbara,083,443738,82337,80478,4523,85001,617
2022-02-04,Santa Clara,085,1922200,294786,289262,11607,300869,2067
2022-02-04,Santa Cruz,087,273765,44240,42553,2030,44583,239
2022-02-04,Shasta,089,179085,29146,28604,5767,34371,466
2022-02-04,Sierra,091,2930,268,262,44,306,0
2022-02-04,Siskiyou,093,43540,4222,4106,2535,6641,67
2022-02-04,Solano,095,438530,77502,73112,5272,78384,415
2022-02-04,Sonoma,097,501317,79553,77213,2305,79518,431
2022-02-04,Stanislaus,099,539301,113258,111783,16493,128276,1406
2022-02-04,Sutter,101,95872,19739,19406,1857,21263,203
2022-02-04,Tehama,103,63373,11543,11259,2529,13788,146
2022-02-04,Trinity,105,12862,1129,1085,273,1358,20
2022-02-04,Tulare,107,460477,102245,97414,26661,124075,1254
2022-02-04,Tuolumne,109,53932,12080,11409,501,11910,91
2022-02-04,Ventura,111,848112,167977,165532,9195,174727,1308
2022-02-04,Yolo,113,214977,35205,33614,2970,36584,281
2022-02-04,Yuba,115,75493,15149,14801,1085,15886,105
2022-02-03,Alameda,001,1643700,243038,235698,12856,248554,1638
2022-02-03,Alpine,003,1148,120,124,1,125,0
2022-02-03,Amador,005,37829,8079,7855,576,8431,71
2022-02-03,Butte,007,227075,31462,30733,6313,37046,355
2022-02-03,Calaveras,009,45235,6947,6789,310,7099,99
2022-02-03,Colusa,011,21464,3314,3234,1033,4267,21
2022-02-03,Contra Costa,013,1133247,179921,175871,12031,187902,1115
2022-02-03,Del Norte,015,27424,5098,4978,148,5126,44
2022-02-03,El Dorado,017,186661,25771,24813,3089,27902,185
2022-02-03,Fresno,019,978130,219533,213539,22290,235829,2477
2022-02-03,Glenn,021,27897,4792,4691,1522,6213,39
2022-02-03,Humboldt,023,135768,15760,15514,2587,18101,127
2022-02-03,Imperial,025,180216,53337,52153,10114,62267,853
2022-02-03,Inyo,027,18085,3985,3948,431,4379,51
2022-02-03,Kern,029,883053,185129,180296,43845,224141,1987
2022-02-03,Kings,031,150075,48960,47538,3413,50951,402
2022-02-03,Lake,033,64148,9830,9289,787,10076,124
2022-02-03,Lassen,035,31185,8457,8288,844,9132,55
2022-02-03,Los Angeles,037,10098052,2632542,2572702,119900,2692602,28947
2022-02-03,Madera,039,155013,35434,34471,5540,40011,329
2022-02-03,Marin,041,260295,31817,31299,2075,33374,255
2022-02-03,Mariposa,043,17540,2263,2222,159,2381,6
2022-02-03,Mendocino,045,87422,12348,12066,2610,14676,107
2022-02-03,Merced,047,269075,59690,58908,7709,66617,744
2022-02-03,Modoc,049,8938,690,664,230,894,6
2022-02-03,Mono,051,14174,2923,2904,115,3019,5
2022-02-03,Monterey,053,433212,75318,67342,12061,79403,666
2022-02-03,Napa,055,140530,24165,22973,877,23850,118
2022-02-03,Nevada,057,99092,15301,15002,1100,16102,113
2022-02-03,Orange,059,3164182,531570,527516,39724,567240,6134
2022-02-03,Placer,061,380077,60407,59043,7068,66111,533
2022-02-03,Plumas,063,18699,2829,2550,300,2850,13
2022-02-03,Riverside,065,2383286,575729,563991,26868,590859,5827
2022-02-03,Sacramento,067,1510023,269145,259437,25175,284612,2610
2022-02-03,San Benito,069,59416,12326,12142,484,12626,90
2022-02-03,San Bernardino,071,2135413,556018,539312,24340,563652,6322
2022-02-03,San Diego,073,3302833,721847,703957,49719,753676,4735
2022-02-03,San Francisco,075,870044,117157,112481,7835,120316,720
2022-02-03,San Joaquin,077,732212,159973,157420,9584,167004,1989
2022-02-03,San Luis Obispo,079,281455,49667,48361,3458,51819,404
2022-02-03,San Mateo,081,765935,115956,104810,6503,111313,587
2022-02-03,Santa Barbara,083,443738,81979,80478,4494,84972,617
2022-02-03,Santa Clara,085,1922200,293621,289262,11497,300759,2067
2022-02-03,Santa Cruz,087,273765,43900,42553,2023,44576,239
2022-02-03,Shasta,089,179085,29041,28604,5739,34343,466
2022-02-03,Sierra,091,2930,268,262,44,306,0
2022-02-03,Siskiyou,093,43540,4207,4106,2518,6624,67
2022-02-03,Solano,095,438530,77173,73112,5254,78366,415
2022-02-03,Sonoma,097,501317,79256,77213,2298,79511,431
2022-02-03,Stanislaus,099,539301,112880,111783,16406,128189,1406
2022-02-03,Sutter,101,95872,19687,19406,1838,21244,203
2022-02-03,Tehama,103,63373,11512,11259,2521,13780,146
2022-02-03,Trinity,105,12862,1127,1085,272,1357,20
2022-02-03,Tulare,107,460477,101837,97414,26514,123928,1254
2022-02-03,Tuolumne,109,53932,12039,11409,489,11898,91
2022-02-03,Ventura,111,848112,167592,165532,9184,174716,1308
2022-02-03,Yolo,113,214977,35096,33614,2957,36571,281
2022-02-03,Yuba,115,75493,15099,14801,1069,15870,105
2022-02-02,Alameda,001,1643700,242093,234300,12752,247052,1632
2022-02-02,Alpine,003,1148,120,123,1,124,0
2022-02-02,Amador,005,37829,8049,7781,566,8347,71
2022-02-02,Butte,007,227075,31353,30550,6282,36832,355
2022-02-02,Calaveras,009,45235,6921,6753,306,7059,99
2022-02-02,Colusa,011,21464,3299,3211,1032,4243,21
2022-02-02,Contra Costa,013,1133247,179331,174876,11934,186810,1113
2022-02-02,Del Norte,015,27424,5058,4924,143,5067,44
2022-02-02,El Dorado,017,186661,25704,24690,3070,27760,185
2022-02-02,Fresno,019,978130,218520,211976,22157,234133,2463
2022-02-02,Glenn,021,27897,4768,4667,1512,6179,39
2022-02-02,Humboldt,023,135768,15699,15392,2548,17940,127
2022-02-02,Imperial,025,180216,53141,51875,9986,61861,853
2022-02-02,Inyo,027,18085,3979,3944,430,4374,51
2022-02-02,Kern,029,883053,184531,179386,43626,223012,1974
2022-02-02,Kings,031,150075,48769,47061,3387,50448,401
2022-02-02,Lake,033,64148,9772,9235,780,10015,120
2022-02-02,Lassen,035,31185,8444,8258,835,9093,55
2022-02-02,Los Angeles,037,10098052,2626319,2561902,119510,2681412,28850
2022-02-02,Madera,039,155013,35266,34265,5466,39731,329
2022-02-02,Marin,041,260295,31714,31149,2065,33214,255
2022-02-02,Mariposa,043,17540,2252,2215,155,2370,6
2022-02-02,Mendocino,045,87422,12295,11996,2570,14566,105
2022-02-02,Merced,047,269075,59517,58532,7622,66154,744
2022-02-02,Modoc,049,8938,684,662,230,892,6
2022-02-02,Mono,051,14174,2912,2887,115,3002,5
2022-02-02,Monterey,053,433212,74927,66852,11873,78725,666
2022-02-02,Napa,055,140530,24044,22859,864,23723,117
2022-02-02,Nevada,057,99092,15243,14895,1076,15971,112
2022-02-02,Orange,059,3164182,530514,524418,39630,564048,6127
2022-02-02,Placer,061,380077,60214,58654,7037,65691,533
2022-02-02,Plumas,063,18699,2813,2540,296,2836,12
2022-02-02,Riverside,065,2383286,574450,561220,26820,588040,5827
2022-02-02,Sacramento,067,1510023,268136,258078,24961,283039,2602
2022-02-02,San Benito,069,59416,12287,12058,480,12538,90
2022-02-02,San Bernardino,071,2135413,555008,537485,24274,561759,6317
2022-02-02,San Diego,073,3302833,719644,703957,49538,753495,4735
2022-02-02,San Francisco,075,870044,116788,112008,7819,119827,714
2022-02-02,San Joaquin,077,732212,159397,156537,9560,166097,1986
2022-02-02,San Luis Obispo,079,281455,49469,48119,3445,51564,403
2022-02-02,San Mateo,081,765935,115584,104201,6435,110636,587
2022-02-02,Santa Barbara,083,443738,81636,79979,4463,84442,612
2022-02-02,Santa Clara,085,1922200,292476,287443,11382,298825,2051
2022-02-02,Santa Cruz,087,273765,43610,42127,2012,44139,239
2022-02-02,Shasta,089,179085,28939,28429,5694,34123,465
2022-02-02,Sierra,091,2930,268,262,44,306,0
2022-02-02,Siskiyou,093,43540,4197,4078,2491,6569,67
2022-02-02,Solano,095,438530,76819,72711,5230,77941,414
2022-02-02,Sonoma,097,501317,78944,76681,2285,78966,431
2022-02-02,Stanislaus,099,539301,112485,111167,16273,127440,1403
2022-02-02,Sutter,101,95872,19622,19290,1809,21099,203
2022-02-02,Tehama,103,63373,11456,11193,2502,13695,146
2022-02-02,Trinity,105,12862,1124,1074,270,1344,20
2022-02-02,Tulare,107,460477,101445,96820,26340,123160,1249
2022-02-02,Tuolumne,109,53932,11962,11342,486,11828,91
2022-02-02,Ventura,111,848112,167193,164905,9165,174070,1292
2022-02-02,Yolo,113,214977,34972,33332,2934,36266,281
2022-02-02,Yuba,115,75493,15034,14720,1061,15781,104
2022-02-01,Alameda,001,1643700,241015,233782,12647,246429,1620
2022-02-01,Alpine,003,1148,120,123,1,124,0
2022-02-01,Amador,005,37829,8003,7783,560,8343,73
2022-02-01,Butte,007,227075,31215,30496,6244,36740,355
2022-02-01,Calaveras,009,45235,6884,6749,302,7051,98
2022-02-01,Colusa,011,21464,3283,3202,1010,4212,21
2022-02-01,Contra Costa,013,1133247,178597,174379,11793,186172,1115
2022-02-01,Del Norte,015,27424,5012,4907,140,5047,44
2022-02-01,El Dorado,017,186661,25645,24664,3053,27717,184
2022-02-01,Fresno,019,978130,217357,211352,21994,233346,2464
2022-02-01,Glenn,021,27897,4754,4649,1502,6151,39
2022-02-01,Humboldt,023,135768,15617,15354,2518,17872,127
2022-02-01,Imperial,025,180216,52926,51675,9919,61594,846
2022-02-01,Inyo,027,18085,3969,3928,427,4355,51
2022-02-01,Kern,029,883053,183884,178987,43379,222366,1967
2022-02-01,Kings,031,150075,48510,46959,3363,50322,400
2022-02-01,Lake,033,64148,9716,9211,773,9984,119
2022-02-01,Lassen,035,31185,8426,8231,830,9061,55
2022-02-01,Los Angeles,037,10098052,2619128,2548794,119133,2667927,28752
2022-02-01,Madera,039,155013,35045,34124,5385,39509,329
2022-02-01,Marin,041,260295,31592,31099,2049,33148,255
2022-02-01,Mariposa,043,17540,2245,2210,154,2364,6
2022-02-01,Mendocino,045,87422,12233,11978,2533,14511,105
2022-02-01,Merced,047,269075,59333,58362,7497,65859,743
2022-02-01,Modoc,049,8938,677,664,230,894,6
2022-02-01,Mono,051,14174,2906,2888,115,3003,5
2022-02-01,Monterey,053,433212,74506,66553,11671,78224,665
2022-02-01,Napa,055,140530,23945,22795,848,23643,116
2022-02-01,Nevada,057,99092,15182,14863,1063,15926,112
2022-02-01,Orange,059,3164182,529364,523741,39486,563227,6108
2022-02-01,Placer,061,380077,59967,58486,6997,65483,532
2022-02-01,Plumas,063,18699,2798,2526,293,2819,12
2022-02-01,Riverside,065,2383286,573060,560010,26771,586781,5825
2022-02-01,Sacramento,067,1510023,267082,257504,24683,282187,2593
2022-02-01,San Benito,069,59416,12221,12053,477,12530,90
2022-02-01,San Bernardino,071,2135413,553748,536591,24208,560799,6311
2022-02-01,San Diego,073,3302833,717123,701009,49320,750329,4710
2022-02-01,San Francisco,075,870044,116322,111606,7800,119406,713
2022-02-01,San Joaquin,077,732212,158867,156300,9537,165837,1987
2022-02-01,San Luis Obispo,079,281455,49240,47842,3383,51225,403
2022-02-01,San Mateo,081,765935,115116,103868,6393,110261,589
2022-02-01,Santa Barbara,083,443738,81191,79659,4427,84086,608
2022-02-01,Santa Clara,085,1922200,290955,286109,11276,297385,2070
2022-02-01,Santa Cruz,087,273765,43311,41782,1996,43778,239
2022-02-01,Shasta,089,179085,28820,28382,5641,34023,465
2022-02-01,Sierra,091,2930,266,262,44,306,0
2022-02-01,Siskiyou,093,43540,4183,4072,2464,6536,66
2022-02-01,Solano,095,438530,76547,72494,5212,77706,415
2022-02-01,Sonoma,097,501317,78583,76379,2261,78640,431
2022-02-01,Stanislaus,099,539301,112074,110925,16168,127093,1403
2022-02-01,Sutter,101,95872,19554,19256,1776,21032,202
2022-02-01,Tehama,103,63373,11399,11165,2488,13653,146
2022-02-01,Trinity,105,12862,1120,1073,270,1343,19
2022-02-01,Tulare,107,460477,100953,96467,26121,122588,1247
2022-02-01,Tuolumne,109,53932,11912,11318,477,11795,91
2022-02-01,Ventura,111,848112,166688,164721,9141,173862,1293
2022-02-01,Yolo,113,214977,34823,33257,2905,36162,275
2022-02-01,Yuba,115,75493,14973,14693,1054,15747,103
2022-01-31,Alameda,001,1643700,239664,232743,12528,245271,1607
2022-01-31,Alpine,003,1148,119,123,1,124,0
2022-01-31,Amador,005,37829,7949,7682,543,8225,73
2022-01-31,Butte,007,227075,31053,30371,6205,36576,354
2022-01-31,Calaveras,009,45235,6849,6700,291,6991,96
2022-01-31,Colusa,011,21464,3271,3187,1001,4188,21
2022-01-31,Contra Costa,013,1133247,177799,173466,11665,185131,1115
2022-01-31,Del Norte,015,27424,4979,4879,136,5015,43
2022-01-31,El Dorado,017,186661,25542,24545,3023,27568,184
2022-01-31,Fresno,019,978130,215872,210589,21788,232377,2464
2022-01-31,Glenn,021,27897,4718,4641,1490,6131,39
2022-01-31,Humboldt,023,135768,15528,15308,2485,17793,126
2022-01-31,Imperial,025,180216,52710,51472,9803,61275,846
2022-01-31,Inyo,027,18085,3958,3922,421,4343,50
2022-01-31,Kern,029,883053,183103,178375,43052,221427,1967
2022-01-31,Kings,031,150075,48153,46845,3329,50174,398
2022-01-31,Lake,033,64148,9643,9141,761,9902,119
2022-01-31,Lassen,035,31185,8395,8162,824,8986,55
2022-01-31,Los Angeles,037,10098052,2610874,2541189,118725,2659914,28718
2022-01-31,Madera,039,155013,34829,33886,5289,39175,329
2022-01-31,Marin,041,260295,31467,31023,2032,33055,253
2022-01-31,Mariposa,043,17540,2235,2203,145,2348,6
2022-01-31,Mendocino,045,87422,12167,11896,2490,14386,104
2022-01-31,Merced,047,269075,59055,58198,7305,65503,740
2022-01-31,Modoc,049,8938,674,661,230,891,6
2022-01-31,Mono,051,14174,2892,2889,115,3004,5
2022-01-31,Monterey,053,433212,74055,66117,11449,77566,661
2022-01-31,Napa,055,140530,23777,22707,831,23538,113
2022-01-31,Nevada,057,99092,15106,14813,1050,15863,112
2022-01-31,Orange,059,3164182,528040,522358,39350,561708,6098
2022-01-31,Placer,061,380077,59719,58252,6964,65216,523
2022-01-31,Plumas,063,18699,2785,2513,291,2804,12
2022-01-31,Riverside,065,2383286,571243,558166,26704,584870,5785
2022-01-31,Sacramento,067,1510023,265787,256594,24421,281015,2571
2022-01-31,San Benito,069,59416,12162,11976,476,12452,90
2022-01-31,San Bernardino,071,2135413,552109,535276,24120,559396,6302
2022-01-31,San Diego,073,3302833,714214,698571,49059,747630,4686
2022-01-31,San Francisco,075,870044,115913,111119,7766,118885,712
2022-01-31,San Joaquin,077,732212,158109,155736,9504,165240,1985
2022-01-31,San Luis Obispo,079,281455,48986,47656,3324,50980,395
2022-01-31,San Mateo,081,765935,114605,103313,6333,109646,589
2022-01-31,Santa Barbara,083,443738,80683,79267,4385,83652,606
2022-01-31,Santa Clara,085,1922200,289279,284562,11168,295730,2041
2022-01-31,Santa Cruz,087,273765,42932,41630,1989,43619,239
2022-01-31,Shasta,089,179085,28689,28190,5600,33790,462
2022-01-31,Sierra,091,2930,266,261,44,305,0
2022-01-31,Siskiyou,093,43540,4167,4054,2448,6502,66
2022-01-31,Solano,095,438530,75841,72258,5161,77419,414
2022-01-31,Sonoma,097,501317,78129,76199,2228,78427,431
2022-01-31,Stanislaus,099,539301,111547,110493,15998,126491,1403
2022-01-31,Sutter,101,95872,19474,19189,1723,20912,202
2022-01-31,Tehama,103,63373,11337,11112,2458,13570,145
2022-01-31,Trinity,105,12862,1115,1071,267,1338,19
2022-01-31,Tulare,107,460477,100309,96053,25866,121919,1245
2022-01-31,Tuolumne,109,53932,11821,11278,470,11748,91
2022-01-31,Ventura,111,848112,166152,164060,9114,173174,1286
2022-01-31,Yolo,113,214977,34662,33175,2880,36055,274
2022-01-31,Yuba,115,75493,14910,14652,1034,15686,103
2022-01-30,Alameda,001,1643700,238118,231838,12376,244214,1607
2022-01-30,Alpine,003,1148,119,123,1,124,0
2022-01-30,Amador,005,37829,7898,7644,519,8163,73
2022-01-30,Butte,007,227075,30850,30255,6136,36391,354
2022-01-30,Calaveras,009,45235,6794,6676,277,6953,96
2022-01-30,Colusa,011,21464,3251,3168,989,4157,21
2022-01-30,Contra Costa,013,1133247,176850,172902,11460,184362,1102
2022-01-30,Del Norte,015,27424,4938,4833,133,4966,43
2022-01-30,El Dorado,017,186661,25421,24491,2996,27487,184
2022-01-30,Fresno,019,978130,214310,209645,21526,231171,2463
2022-01-30,Glenn,021,27897,4687,4619,1480,6099,39
2022-01-30,Humboldt,023,135768,15416,15247,2428,17675,126
2022-01-30,Imperial,025,180216,52384,51415,9628,61043,846
2022-01-30,Inyo,027,18085,3941,3921,418,4339,50
2022-01-30,Kern,029,883053,182238,177924,42727,220651,1967
2022-01-30,Kings,031,150075,47801,46654,3270,49924,398
2022-01-30,Lake,033,64148,9554,9080,740,9820,119
2022-01-30,Lassen,035,31185,8371,8158,816,8974,55
2022-01-30,Los Angeles,037,10098052,2600732,2530739,118244,2648983,28678
2022-01-30,Madera,039,155013,34529,33752,5101,38853,329
2022-01-30,Marin,041,260295,31319,30875,2018,32893,253
2022-01-30,Mariposa,043,17540,2223,2177,139,2316,6
2022-01-30,Mendocino,045,87422,12094,11860,2384,14244,104
2022-01-30,Merced,047,269075,58690,58006,7010,65016,740
2022-01-30,Modoc,049,8938,671,661,230,891,6
2022-01-30,Mono,051,14174,2886,2888,115,3003,5
2022-01-30,Monterey,053,433212,73468,65996,11164,77160,661
2022-01-30,Napa,055,140530,23609,22588,814,23402,114
2022-01-30,Nevada,057,99092,15018,14741,1034,15775,112
2022-01-30,Orange,059,3164182,526408,521334,39202,560536,6098
2022-01-30,Placer,061,380077,59389,58030,6923,64953,523
2022-01-30,Plumas,063,18699,2760,2510,277,2787,12
2022-01-30,Riverside,065,2383286,569176,557088,26602,583690,5767
2022-01-30,Sacramento,067,1510023,264327,255715,23915,279630,2572
2022-01-30,San Benito,069,59416,12096,11945,471,12416,90
2022-01-30,San Bernardino,071,2135413,550371,534050,24010,558060,6302
2022-01-30,San Diego,073,3302833,710674,687145,48635,735780,4665
2022-01-30,San Francisco,075,870044,115365,110772,7731,118503,712
2022-01-30,San Joaquin,077,732212,157124,155165,9469,164634,1985
2022-01-30,San Luis Obispo,079,281455,48588,47599,3286,50885,394
2022-01-30,San Mateo,081,765935,114030,102979,6286,109265,589
2022-01-30,Santa Barbara,083,443738,80006,79072,4324,83396,606
2022-01-30,Santa Clara,085,1922200,287317,282846,11037,293883,2035
2022-01-30,Santa Cruz,087,273765,42473,41330,1979,43309,239
2022-01-30,Shasta,089,179085,28529,28105,5514,33619,462
2022-01-30,Sierra,091,2930,266,261,44,305,0
2022-01-30,Siskiyou,093,43540,4137,4039,2401,6440,66
2022-01-30,Solano,095,438530,75317,71857,5109,76966,414
2022-01-30,Sonoma,097,501317,77611,75890,2200,78090,431
2022-01-30,Stanislaus,099,539301,110891,110111,15796,125907,1403
2022-01-30,Sutter,101,95872,19382,19108,1626,20734,202
2022-01-30,Tehama,103,63373,11265,11071,2428,13499,145
2022-01-30,Trinity,105,12862,1109,1068,267,1335,19
2022-01-30,Tulare,107,460477,99564,95676,25572,121248,1245
2022-01-30,Tuolumne,109,53932,11714,11242,433,11675,91
2022-01-30,Ventura,111,848112,165572,163521,9084,172605,1286
2022-01-30,Yolo,113,214977,34444,33043,2847,35890,274
2022-01-30,Yuba,115,75493,14820,14584,1014,15598,103
2022-01-29,Alameda,001,1643700,237443,225602,12359,237961,1605
2022-01-29,Alpine,003,1148,119,123,1,124,0
2022-01-29,Amador,005,37829,7876,7505,516,8021,73
2022-01-29,Butte,007,227075,30765,29557,6111,35668,353
2022-01-29,Calaveras,009,45235,6775,6484,277,6761,96
2022-01-29,Colusa,011,21464,3246,3107,985,4092,21
2022-01-29,Contra Costa,013,1133247,176327,168003,11430,179433,1101
2022-01-29,Del Norte,015,27424,4920,4589,130,4719,43
2022-01-29,El Dorado,017,186661,25378,24008,2989,26997,184
2022-01-29,Fresno,019,978130,213853,202691,21484,224175,2457
2022-01-29,Glenn,021,27897,4680,4516,1473,5989,39
2022-01-29,Humboldt,023,135768,15369,14812,2421,17233,126
2022-01-29,Imperial,025,180216,52268,50153,9572,59725,845
2022-01-29,Inyo,027,18085,3939,3895,410,4305,50
2022-01-29,Kern,029,883053,181898,174456,42560,217016,1962
2022-01-29,Kings,031,150075,47683,45047,3263,48310,397
2022-01-29,Lake,033,64148,9521,8747,736,9483,119
2022-01-29,Lassen,035,31185,8350,7961,813,8774,55
2022-01-29,Los Angeles,037,10098052,2596805,2473332,117976,2591308,28467
2022-01-29,Madera,039,155013,34419,32753,5071,37824,329
2022-01-29,Marin,041,260295,31254,30137,2016,32153,253
2022-01-29,Mariposa,043,17540,2221,2117,137,2254,6
2022-01-29,Mendocino,045,87422,12070,11591,2368,13959,104
2022-01-29,Merced,047,269075,58584,56472,7005,63477,735
2022-01-29,Modoc,049,8938,671,654,230,884,6
2022-01-29,Mono,051,14174,2884,2860,115,2975,5
2022-01-29,Monterey,053,433212,73313,64090,11099,75189,658
2022-01-29,Napa,055,140530,23552,22121,812,22933,113
2022-01-29,Nevada,057,99092,14984,14337,1031,15368,112
2022-01-29,Orange,059,3164182,525703,511255,39095,550350,6038
2022-01-29,Placer,061,380077,59196,56562,6907,63469,523
2022-01-29,Plumas,063,18699,2750,2463,273,2736,12
2022-01-29,Riverside,065,2383286,568153,548121,26560,574681,5726
2022-01-29,Sacramento,067,1510023,263681,249130,23868,272998,2558
2022-01-29,San Benito,069,59416,12039,11670,470,12140,90
2022-01-29,San Bernardino,071,2135413,549620,525249,23966,549215,6297
2022-01-29,San Diego,073,3302833,709341,683027,48537,731564,4643
2022-01-29,San Francisco,075,870044,115090,108265,7683,115948,712
2022-01-29,San Joaquin,077,732212,156879,150849,9447,160296,1971
2022-01-29,San Luis Obispo,079,281455,48498,46374,3282,49656,391
2022-01-29,San Mateo,081,765935,113693,100306,6263,106569,586
2022-01-29,Santa Barbara,083,443738,79784,76546,4318,80864,604
2022-01-29,Santa Clara,085,1922200,286380,273879,11009,284888,2019
2022-01-29,Santa Cruz,087,273765,42342,39228,1977,41205,240
2022-01-29,Shasta,089,179085,28469,27504,5500,33004,452
2022-01-29,Sierra,091,2930,266,260,43,303,0
2022-01-29,Siskiyou,093,43540,4127,3987,2394,6381,66
2022-01-29,Solano,095,438530,75174,69862,5097,74959,407
2022-01-29,Sonoma,097,501317,77397,73439,2195,75634,427
2022-01-29,Stanislaus,099,539301,110642,107668,15749,123417,1403
2022-01-29,Sutter,101,95872,19334,18797,1609,20406,202
2022-01-29,Tehama,103,63373,11230,10880,2419,13299,145
2022-01-29,Trinity,105,12862,1106,1033,266,1299,19
2022-01-29,Tulare,107,460477,99308,93154,25494,118648,1237
2022-01-29,Tuolumne,109,53932,11689,10806,425,11231,91
2022-01-29,Ventura,111,848112,165242,160466,9065,169531,1271
2022-01-29,Yolo,113,214977,34330,32123,2831,34954,275
2022-01-29,Yuba,115,75493,14779,14295,1012,15307,103
2022-01-28,Alameda,001,1643700,236495,225602,12341,237943,1605
2022-01-28,Alpine,003,1148,119,123,1,124,0
2022-01-28,Amador,005,37829,7850,7505,515,8020,73
2022-01-28,Butte,007,227075,30689,29557,6092,35649,353
2022-01-28,Calaveras,009,45235,6757,6484,276,6760,96
2022-01-28,Colusa,011,21464,3241,3107,983,4090,21
2022-01-28,Contra Costa,013,1133247,175805,168003,11393,179396,1101
2022-01-28,Del Norte,015,27424,4896,4589,129,4718,43
2022-01-28,El Dorado,017,186661,25331,24008,2983,26991,184
2022-01-28,Fresno,019,978130,212982,202691,21427,224118,2457
2022-01-28,Glenn,021,27897,4667,4516,1471,5987,39
2022-01-28,Humboldt,023,135768,15333,14812,2411,17223,126
2022-01-28,Imperial,025,180216,52139,50153,9540,59693,845
2022-01-28,Inyo,027,18085,3935,3895,407,4302,50
2022-01-28,Kern,029,883053,181487,174456,42401,216857,1962
2022-01-28,Kings,031,150075,47552,45047,3253,48300,397
2022-01-28,Lake,033,64148,9489,8747,734,9481,119
2022-01-28,Lassen,035,31185,8280,7961,811,8772,55
2022-01-28,Los Angeles,037,10098052,2591072,2473332,117761,2591093,28467
2022-01-28,Madera,039,155013,34291,32753,5054,37807,329
2022-01-28,Marin,041,260295,31161,30137,1994,32131,253
2022-01-28,Mariposa,043,17540,2211,2117,135,2252,6
2022-01-28,Mendocino,045,87422,12026,11591,2366,13957,104
2022-01-28,Merced,047,269075,58488,56472,6990,63462,735
2022-01-28,Modoc,049,8938,670,654,230,884,6
2022-01-28,Mono,051,14174,2879,2860,114,2974,5
2022-01-28,Monterey,053,433212,73111,64090,11050,75140,658
2022-01-28,Napa,055,140530,23474,22121,810,22931,113
2022-01-28,Nevada,057,99092,14947,14337,1029,15366,112
2022-01-28,Orange,059,3164182,524634,511255,39005,550260,6038
2022-01-28,Placer,061,380077,58992,56562,6884,63446,523
2022-01-28,Plumas,063,18699,2742,2463,271,2734,12
2022-01-28,Riverside,065,2383286,566830,548121,26519,574640,5726
2022-01-28,Sacramento,067,1510023,262900,249130,23814,272944,2558
2022-01-28,San Benito,069,59416,12017,11670,465,12135,90
2022-01-28,San Bernardino,071,2135413,548583,525249,23927,549176,6297
2022-01-28,San Diego,073,3302833,707519,683027,48460,731487,4643
2022-01-28,San Francisco,075,870044,114735,108265,7634,115899,712
2022-01-28,San Joaquin,077,732212,156590,150849,9433,160282,1971
2022-01-28,San Luis Obispo,079,281455,48414,46374,3274,49648,391
2022-01-28,San Mateo,081,765935,113341,100306,6241,106547,586
2022-01-28,Santa Barbara,083,443738,79535,76546,4316,80862,604
2022-01-28,Santa Clara,085,1922200,285196,273879,10960,284839,2019
2022-01-28,Santa Cruz,087,273765,42150,39228,1964,41192,240
2022-01-28,Shasta,089,179085,28409,27504,5486,32990,452
2022-01-28,Sierra,091,2930,266,260,43,303,0
2022-01-28,Siskiyou,093,43540,4117,3987,2390,6377,66
2022-01-28,Solano,095,438530,74621,69862,5030,74892,407
2022-01-28,Sonoma,097,501317,77191,73439,2186,75625,427
2022-01-28,Stanislaus,099,539301,110369,107668,15707,123375,1403
2022-01-28,Sutter,101,95872,19289,18797,1607,20404,202
2022-01-28,Tehama,103,63373,11198,10880,2412,13292,145
2022-01-28,Trinity,105,12862,1097,1033,266,1299,19
2022-01-28,Tulare,107,460477,99032,93154,25385,118539,1237
2022-01-28,Tuolumne,109,53932,11656,10806,421,11227,91
2022-01-28,Ventura,111,848112,164787,160466,9044,169510,1271
2022-01-28,Yolo,113,214977,34225,32123,2823,34946,275
2022-01-28,Yuba,115,75493,14740,14295,1007,15302,103
2022-01-27,Alameda,001,1643700,234914,225602,12205,237807,1605
2022-01-27,Alpine,003,1148,119,123,1,124,0
2022-01-27,Amador,005,37829,7803,7505,503,8008,73
2022-01-27,Butte,007,227075,30537,29557,6040,35597,353
2022-01-27,Calaveras,009,45235,6731,6484,260,6744,96
2022-01-27,Colusa,011,21464,3226,3107,979,4086,21
2022-01-27,Contra Costa,013,1133247,174799,168003,11219,179222,1101
2022-01-27,Del Norte,015,27424,4852,4589,125,4714,43
2022-01-27,El Dorado,017,186661,25220,24008,2963,26971,184
2022-01-27,Fresno,019,978130,211353,202691,21210,223901,2457
2022-01-27,Glenn,021,27897,4636,4516,1463,5979,39
2022-01-27,Humboldt,023,135768,15245,14812,2374,17186,126
2022-01-27,Imperial,025,180216,51870,50153,9426,59579,845
2022-01-27,Inyo,027,18085,3928,3895,397,4292,50
2022-01-27,Kern,029,883053,180707,174456,42036,216492,1962
2022-01-27,Kings,031,150075,47209,45047,3214,48261,397
2022-01-27,Lake,033,64148,9436,8747,717,9464,119
2022-01-27,Lassen,035,31185,8239,7961,805,8766,55
2022-01-27,Los Angeles,037,10098052,2579914,2473332,117246,2590578,28467
2022-01-27,Madera,039,155013,34081,32753,4947,37700,329
2022-01-27,Marin,041,260295,30998,30137,1979,32116,253
2022-01-27,Mariposa,043,17540,2188,2117,132,2249,6
2022-01-27,Mendocino,045,87422,11975,11591,2317,13908,104
2022-01-27,Merced,047,269075,58227,56472,6825,63297,735
2022-01-27,Modoc,049,8938,668,654,229,883,6
2022-01-27,Mono,051,14174,2874,2860,114,2974,5
2022-01-27,Monterey,053,433212,72490,64090,10795,74885,658
2022-01-27,Napa,055,140530,23317,22121,782,22903,113
2022-01-27,Nevada,057,99092,14874,14337,1001,15338,112
2022-01-27,Orange,059,3164182,522908,511255,38869,550124,6038
2022-01-27,Placer,061,380077,58675,56562,6830,63392,523
2022-01-27,Plumas,063,18699,2731,2463,259,2722,12
2022-01-27,Riverside,065,2383286,564655,548121,26448,574569,5726
2022-01-27,Sacramento,067,1510023,261620,249130,23482,272612,2558
2022-01-27,San Benito,069,59416,11962,11670,460,12130,90
2022-01-27,San Bernardino,071,2135413,546688,525249,23826,549075,6297
2022-01-27,San Diego,073,3302833,704174,683027,48105,731132,4643
2022-01-27,San Francisco,075,870044,114229,108265,7573,115838,712
2022-01-27,San Joaquin,077,732212,155732,150849,9364,160213,1971
2022-01-27,San Luis Obispo,079,281455,48143,46374,3236,49610,391
2022-01-27,San Mateo,081,765935,112758,100306,6172,106478,586
2022-01-27,Santa Barbara,083,443738,79056,76546,4260,80806,604
2022-01-27,Santa Clara,085,1922200,283135,273879,10811,284690,2019
2022-01-27,Santa Cruz,087,273765,41485,39228,1945,41173,240
2022-01-27,Shasta,089,179085,28283,27504,5437,32941,452
2022-01-27,Sierra,091,2930,265,260,42,302,0
2022-01-27,Siskiyou,093,43540,4096,3987,2353,6340,66
2022-01-27,Solano,095,438530,73983,69862,4979,74841,407
2022-01-27,Sonoma,097,501317,76724,73439,2173,75612,427
2022-01-27,Stanislaus,099,539301,109842,107668,15560,123228,1403
2022-01-27,Sutter,101,95872,19184,18797,1582,20379,202
2022-01-27,Tehama,103,63373,11145,10880,2396,13276,145
2022-01-27,Trinity,105,12862,1093,1033,265,1298,19
2022-01-27,Tulare,107,460477,98365,93154,25102,118256,1237
2022-01-27,Tuolumne,109,53932,11602,10806,412,11218,91
2022-01-27,Ventura,111,848112,164136,160466,9009,169475,1271
2022-01-27,Yolo,113,214977,34081,32123,2805,34928,275
2022-01-27,Yuba,115,75493,14662,14295,991,15286,103
2022-01-26,Alameda,001,1643700,233019,222680,12034,234714,1596
2022-01-26,Alpine,003,1148,119,123,1,124,0
2022-01-26,Amador,005,37829,7729,7427,488,7915,73
2022-01-26,Butte,007,227075,30338,29229,5984,35213,353
2022-01-26,Calaveras,009,45235,6693,6387,253,6640,96
2022-01-26,Colusa,011,21464,3208,3094,972,4066,21
2022-01-26,Contra Costa,013,1133247,173667,165972,11055,177027,1095
2022-01-26,Del Norte,015,27424,4795,4542,124,4666,43
2022-01-26,El Dorado,017,186661,25100,23819,2940,26759,181
2022-01-26,Fresno,019,978130,209501,199689,20992,220681,2452
2022-01-26,Glenn,021,27897,4603,4472,1458,5930,39
2022-01-26,Humboldt,023,135768,15146,14715,2330,17045,126
2022-01-26,Imperial,025,180216,51513,49477,9278,58755,839
2022-01-26,Inyo,027,18085,3925,3889,366,4255,50
2022-01-26,Kern,029,883053,179768,173052,41691,214743,1953
2022-01-26,Kings,031,150075,46804,44367,3184,47551,396
2022-01-26,Lake,033,64148,9354,8645,707,9352,119
2022-01-26,Lassen,035,31185,8199,7888,805,8693,55
2022-01-26,Los Angeles,037,10098052,2567689,2450620,116796,2567416,28382
2022-01-26,Madera,039,155013,33842,32323,4810,37133,329
2022-01-26,Marin,041,260295,30816,29813,1962,31775,253
2022-01-26,Mariposa,043,17540,2171,2108,125,2233,6
2022-01-26,Mendocino,045,87422,11928,11453,2266,13719,103
2022-01-26,Merced,047,269075,57858,56060,6647,62707,733
2022-01-26,Modoc,049,8938,667,652,228,880,6
2022-01-26,Mono,051,14174,2871,2852,114,2966,4
2022-01-26,Monterey,053,433212,71933,63264,10499,73763,659
2022-01-26,Napa,055,140530,23161,21864,771,22635,112
2022-01-26,Nevada,057,99092,14780,14128,990,15118,112
2022-01-26,Orange,059,3164182,520920,506419,38705,545124,6007
2022-01-26,Placer,061,380077,58336,55892,6766,62658,524
2022-01-26,Plumas,063,18699,2704,2425,257,2682,12
2022-01-26,Riverside,065,2383286,562130,543788,26329,570117,5701
2022-01-26,Sacramento,067,1510023,259928,246416,23142,269558,2559
2022-01-26,San Benito,069,59416,11891,11563,448,12011,90
2022-01-26,San Bernardino,071,2135413,544457,521699,23717,545416,6291
2022-01-26,San Diego,073,3302833,699957,676392,47747,724139,4622
2022-01-26,San Francisco,075,870044,113593,107174,7539,114713,704
2022-01-26,San Joaquin,077,732212,154744,148770,9310,158080,1971
2022-01-26,San Luis Obispo,079,281455,47839,45716,3209,48925,391
2022-01-26,San Mateo,081,765935,112091,99016,6043,105059,586
2022-01-26,Santa Barbara,083,443738,78527,75548,4199,79747,600
2022-01-26,Santa Clara,085,1922200,281045,270470,10635,281105,2015
2022-01-26,Santa Cruz,087,273765,40965,38298,1931,40229,239
2022-01-26,Shasta,089,179085,28135,27255,5390,32645,452
2022-01-26,Sierra,091,2930,264,260,41,301,0
2022-01-26,Siskiyou,093,43540,4080,3971,2328,6299,66
2022-01-26,Solano,095,438530,73288,69150,4912,74062,401
2022-01-26,Sonoma,097,501317,76164,72509,2138,74647,423
2022-01-26,Stanislaus,099,539301,109285,106582,15340,121922,1396
2022-01-26,Sutter,101,95872,19074,18670,1536,20206,202
2022-01-26,Tehama,103,63373,11091,10749,2379,13128,145
2022-01-26,Trinity,105,12862,1088,1008,265,1273,19
2022-01-26,Tulare,107,460477,97553,91904,24857,116761,1234
2022-01-26,Tuolumne,109,53932,11419,10699,401,11100,91
2022-01-26,Ventura,111,848112,163424,159077,8967,168044,1263
2022-01-26,Yolo,113,214977,33865,31913,2766,34679,275
2022-01-26,Yuba,115,75493,14577,14171,969,15140,103
2022-01-25,Alameda,001,1643700,231127,219753,11852,231605,1589
2022-01-25,Alpine,003,1148,119,122,1,123,0
2022-01-25,Amador,005,37829,7652,7352,477,7829,73
2022-01-25,Butte,007,227075,30130,28887,5910,34797,351
2022-01-25,Calaveras,009,45235,6635,6266,239,6505,95
2022-01-25,Colusa,011,21464,3188,3074,970,4044,21
2022-01-25,Contra Costa,013,1133247,172348,163792,10837,174629,1092
2022-01-25,Del Norte,015,27424,4725,4514,118,4632,43
2022-01-25,El Dorado,017,186661,24964,23339,2914,26253,179
2022-01-25,Fresno,019,978130,207358,198262,20707,218969,2434
2022-01-25,Glenn,021,27897,4571,4418,1442,5860,39
2022-01-25,Humboldt,023,135768,15055,14574,2304,16878,126
2022-01-25,Imperial,025,180216,51057,48913,9052,57965,832
2022-01-25,Inyo,027,18085,3910,3857,321,4178,50
2022-01-25,Kern,029,883053,178762,171695,41231,212926,1947
2022-01-25,Kings,031,150075,46334,43853,3138,46991,396
2022-01-25,Lake,033,64148,9275,8543,695,9238,118
2022-01-25,Lassen,035,31185,8168,7834,794,8628,55
2022-01-25,Los Angeles,037,10098052,2552747,2433516,116157,2549673,28293
2022-01-25,Madera,039,155013,33520,31794,4674,36468,329
2022-01-25,Marin,041,260295,30638,29589,1949,31538,253
2022-01-25,Mariposa,043,17540,2159,2069,119,2188,6
2022-01-25,Mendocino,045,87422,11808,11280,2163,13443,103
2022-01-25,Merced,047,269075,57476,55555,6506,62061,733
2022-01-25,Modoc,049,8938,665,652,228,880,6
2022-01-25,Mono,051,14174,2861,2826,113,2939,4
2022-01-25,Monterey,053,433212,71359,62498,10091,72589,654
2022-01-25,Napa,055,140530,22966,21668,736,22404,111
2022-01-25,Nevada,057,99092,14667,13944,966,14910,112
2022-01-25,Orange,059,3164182,518640,504274,38512,542786,5980
2022-01-25,Placer,061,380077,57934,55465,6693,62158,518
2022-01-25,Plumas,063,18699,2679,2397,253,2650,12
2022-01-25,Riverside,065,2383286,559036,540723,26161,566884,5686
2022-01-25,Sacramento,067,1510023,257987,244468,22597,267065,2545
2022-01-25,San Benito,069,59416,11791,11446,444,11890,88
2022-01-25,San Bernardino,071,2135413,541906,519150,23601,542751,6288
2022-01-25,San Diego,073,3302833,694963,670110,47296,717406,4604
2022-01-25,San Francisco,075,870044,112831,106254,7495,113749,703
2022-01-25,San Joaquin,077,732212,153753,147271,9245,156516,1972
2022-01-25,San Luis Obispo,079,281455,47477,45130,3161,48291,391
2022-01-25,San Mateo,081,765935,111257,98010,5932,103942,586
2022-01-25,Santa Barbara,083,443738,77859,74686,4117,78803,594
2022-01-25,Santa Clara,085,1922200,278433,268031,10430,278461,2006
2022-01-25,Santa Cruz,087,273765,40294,37850,1915,39765,237
2022-01-25,Shasta,089,179085,27973,27090,5323,32413,452
2022-01-25,Sierra,091,2930,264,260,37,297,0
2022-01-25,Siskiyou,093,43540,4056,3958,2293,6251,65
2022-01-25,Solano,095,438530,72720,68657,4854,73511,399
2022-01-25,Sonoma,097,501317,75472,71633,2098,73731,423
2022-01-25,Stanislaus,099,539301,108613,105965,15116,121081,1396
2022-01-25,Sutter,101,95872,18971,18508,1494,20002,200
2022-01-25,Tehama,103,63373,11028,10669,2353,13022,145
2022-01-25,Trinity,105,12862,1081,999,263,1262,19
2022-01-25,Tulare,107,460477,96681,91237,24513,115750,1229
2022-01-25,Tuolumne,109,53932,11238,10516,377,10893,91
2022-01-25,Ventura,111,848112,162569,157971,8919,166890,1263
2022-01-25,Yolo,113,214977,33605,31677,2721,34398,274
2022-01-25,Yuba,115,75493,14492,14038,941,14979,103
2022-01-24,Alameda,001,1643700,228670,216252,11583,227835,1581
2022-01-24,Alpine,003,1148,119,120,1,121,0
2022-01-24,Amador,005,37829,7601,7166,439,7605,73
2022-01-24,Butte,007,227075,29903,28607,5847,34454,350
2022-01-24,Calaveras,009,45235,6586,6172,225,6397,95
2022-01-24,Colusa,011,21464,3169,3052,954,4006,21
2022-01-24,Contra Costa,013,1133247,170861,162161,10619,172780,1092
2022-01-24,Del Norte,015,27424,4665,4460,118,4578,43
2022-01-24,El Dorado,017,186661,24797,23128,2885,26013,179
2022-01-24,Fresno,019,978130,205054,196092,20401,216493,2430
2022-01-24,Glenn,021,27897,4530,4367,1432,5799,39
2022-01-24,Humboldt,023,135768,14943,14416,2258,16674,126
2022-01-24,Imperial,025,180216,50515,48228,8765,56993,824
2022-01-24,Inyo,027,18085,3904,3805,296,4101,50
2022-01-24,Kern,029,883053,177452,169892,40753,210645,1946
2022-01-24,Kings,031,150075,45760,43260,3065,46325,396
2022-01-24,Lake,033,64148,9166,8423,680,9103,118
2022-01-24,Lassen,035,31185,8084,7732,775,8507,55
2022-01-24,Los Angeles,037,10098052,2536222,2391045,115378,2506423,28230
2022-01-24,Madera,039,155013,33082,31339,4486,35825,329
2022-01-24,Marin,041,260295,30407,29301,1912,31213,253
2022-01-24,Mariposa,043,17540,2134,2033,115,2148,6
2022-01-24,Mendocino,045,87422,11704,11002,2082,13084,103
2022-01-24,Merced,047,269075,56984,54970,6222,61192,730
2022-01-24,Modoc,049,8938,662,648,227,875,6
2022-01-24,Mono,051,14174,2851,2802,112,2914,4
2022-01-24,Monterey,053,433212,70498,61975,9728,71703,654
2022-01-24,Napa,055,140530,22786,21494,723,22217,111
2022-01-24,Nevada,057,99092,14540,13774,943,14717,112
2022-01-24,Orange,059,3164182,516067,501634,38250,539884,5969
2022-01-24,Placer,061,380077,57456,54933,6642,61575,518
2022-01-24,Plumas,063,18699,2648,2370,239,2609,12
2022-01-24,Riverside,065,2383286,555307,535962,25951,561913,5661
2022-01-24,Sacramento,067,1510023,255620,241522,22015,263537,2526
2022-01-24,San Benito,069,59416,11694,11331,431,11762,88
2022-01-24,San Bernardino,071,2135413,538986,515604,23438,539042,6285
2022-01-24,San Diego,073,3302833,689310,663580,46745,710325,4586
2022-01-24,San Francisco,075,870044,111871,105418,7399,112817,703
2022-01-24,San Joaquin,077,732212,152440,145984,9169,155153,1959
2022-01-24,San Luis Obispo,079,281455,47005,44616,3106,47722,387
2022-01-24,San Mateo,081,765935,110295,96968,5815,102783,586
2022-01-24,Santa Barbara,083,443738,77048,73866,4021,77887,591
2022-01-24,Santa Clara,085,1922200,275559,265341,10218,275559,2006
2022-01-24,Santa Cruz,087,273765,39496,37188,1893,39081,237
2022-01-24,Shasta,089,179085,27790,26871,5235,32106,452
2022-01-24,Sierra,091,2930,264,258,37,295,0
2022-01-24,Siskiyou,093,43540,4047,3934,2254,6188,64
2022-01-24,Solano,095,438530,72037,68094,4774,72868,400
2022-01-24,Sonoma,097,501317,74557,70733,2066,72799,423
2022-01-24,Stanislaus,099,539301,107856,104933,14840,119773,1395
2022-01-24,Sutter,101,95872,18855,18336,1405,19741,200
2022-01-24,Tehama,103,63373,10958,10567,2333,12900,145
2022-01-24,Trinity,105,12862,1072,978,261,1239,19
2022-01-24,Tulare,107,460477,95609,90089,24112,114201,1219
2022-01-24,Tuolumne,109,53932,11117,10374,368,10742,91
2022-01-24,Ventura,111,848112,161546,156551,8871,165422,1261
2022-01-24,Yolo,113,214977,33312,31480,2684,34164,273
2022-01-24,Yuba,115,75493,14385,13862,900,14762,103
2022-01-23,Alameda,001,1643700,225966,214003,11251,225254,1583
2022-01-23,Alpine,003,1148,119,120,1,121,0
2022-01-23,Amador,005,37829,7545,7090,399,7489,73
2022-01-23,Butte,007,227075,29607,28340,5739,34079,350
2022-01-23,Calaveras,009,45235,6521,6095,202,6297,95
2022-01-23,Colusa,011,21464,3145,3040,947,3987,21
2022-01-23,Contra Costa,013,1133247,169014,160798,10256,171054,1092
2022-01-23,Del Norte,015,27424,4599,4419,112,4531,43
2022-01-23,El Dorado,017,186661,24606,22925,2836,25761,179
2022-01-23,Fresno,019,978130,202583,193642,19923,213565,2430
2022-01-23,Glenn,021,27897,4479,4340,1408,5748,39
2022-01-23,Humboldt,023,135768,14821,14296,2176,16472,126
2022-01-23,Imperial,025,180216,49917,47935,8477,56412,824
2022-01-23,Inyo,027,18085,3877,3781,282,4063,50
2022-01-23,Kern,029,883053,176089,168585,40223,208808,1946
2022-01-23,Kings,031,150075,45125,42622,2961,45583,397
2022-01-23,Lake,033,64148,8996,8363,653,9016,118
2022-01-23,Lassen,035,31185,8035,7710,751,8461,55
2022-01-23,Los Angeles,037,10098052,2515926,2390590,114221,2504811,28231
2022-01-23,Madera,039,155013,32723,30962,4244,35206,329
2022-01-23,Marin,041,260295,30154,29025,1874,30899,253
2022-01-23,Mariposa,043,17540,2119,2011,112,2123,6
2022-01-23,Mendocino,045,87422,11579,10889,1950,12839,103
2022-01-23,Merced,047,269075,56430,54644,5775,60419,730
2022-01-23,Modoc,049,8938,660,645,224,869,6
2022-01-23,Mono,051,14174,2843,2788,110,2898,4
2022-01-23,Monterey,053,433212,69661,61522,9283,70805,654
2022-01-23,Napa,055,140530,22524,21281,710,21991,111
2022-01-23,Nevada,057,99092,14375,13629,915,14544,112
2022-01-23,Orange,059,3164182,512968,498968,37956,536924,5970
2022-01-23,Placer,061,380077,56885,54568,6552,61120,518
2022-01-23,Plumas,063,18699,2615,2368,210,2578,12
2022-01-23,Riverside,065,2383286,550861,532273,25645,557918,5661
2022-01-23,Sacramento,067,1510023,252980,239589,21045,260634,2530
2022-01-23,San Benito,069,59416,11572,11225,420,11645,88
2022-01-23,San Bernardino,071,2135413,535546,512657,23157,535814,6281
2022-01-23,San Diego,073,3302833,682697,640215,45944,686159,4566
2022-01-23,San Francisco,075,870044,110805,104485,7291,111776,704
2022-01-23,San Joaquin,077,732212,150823,144621,9086,153707,1959
2022-01-23,San Luis Obispo,079,281455,46311,44183,3027,47210,386
2022-01-23,San Mateo,081,765935,109178,95940,5667,101607,586
2022-01-23,Santa Barbara,083,443738,75925,73041,3895,76936,590
2022-01-23,Santa Clara,085,1922200,272260,261991,9892,271883,2005
2022-01-23,Santa Cruz,087,273765,38965,36547,1861,38408,237
2022-01-23,Shasta,089,179085,27510,26732,5113,31845,452
2022-01-23,Sierra,091,2930,263,252,37,289,0
2022-01-23,Siskiyou,093,43540,4021,3916,2196,6112,64
2022-01-23,Solano,095,438530,71240,67457,4678,72135,400
2022-01-23,Sonoma,097,501317,73600,69791,2010,71801,423
2022-01-23,Stanislaus,099,539301,106997,104067,14558,118625,1395
2022-01-23,Sutter,101,95872,18698,18175,1290,19465,200
2022-01-23,Tehama,103,63373,10860,10481,2301,12782,145
2022-01-23,Trinity,105,12862,1069,961,259,1220,19
2022-01-23,Tulare,107,460477,94349,89120,23674,112794,1219
2022-01-23,Tuolumne,109,53932,10925,10243,350,10593,91
2022-01-23,Ventura,111,848112,160364,155052,8794,163846,1261
2022-01-23,Yolo,113,214977,32934,30908,2642,33550,273
2022-01-23,Yuba,115,75493,14261,13762,845,14607,103
2022-01-22,Alameda,001,1643700,224875,203927,11217,215144,1575
2022-01-22,Alpine,003,1148,118,119,1,120,0
2022-01-22,Amador,005,37829,7511,6845,394,7239,73
2022-01-22,Butte,007,227075,29489,27232,5715,32947,350
2022-01-22,Calaveras,009,45235,6491,5835,201,6036,95
2022-01-22,Colusa,011,21464,3128,2954,944,3898,21
2022-01-22,Contra Costa,013,1133247,168083,154111,10226,164337,1091
2022-01-22,Del Norte,015,27424,4562,4269,108,4377,43
2022-01-22,El Dorado,017,186661,24537,22273,2826,25099,179
2022-01-22,Fresno,019,978130,201763,185292,19854,205146,2429
2022-01-22,Glenn,021,27897,4473,4174,1405,5579,39
2022-01-22,Humboldt,023,135768,14754,13628,2163,15791,125
2022-01-22,Imperial,025,180216,49727,45741,8417,54158,820
2022-01-22,Inyo,027,18085,3873,3706,258,3964,50
2022-01-22,Kern,029,883053,175463,162902,39918,202820,1946
2022-01-22,Kings,031,150075,44917,40580,2948,43528,396
2022-01-22,Lake,033,64148,8962,8056,645,8701,118
2022-01-22,Lassen,035,31185,8001,7545,744,8289,55
2022-01-22,Los Angeles,037,10098052,2508525,2286280,113711,2399991,28038
2022-01-22,Madera,039,155013,32604,29595,4229,33824,329
2022-01-22,Marin,041,260295,30028,27893,1869,29762,253
2022-01-22,Mariposa,043,17540,2115,1920,112,2032,6
2022-01-22,Mendocino,045,87422,11529,10395,1928,12323,103
2022-01-22,Merced,047,269075,56277,53025,5767,58792,727
2022-01-22,Modoc,049,8938,659,639,224,863,6
2022-01-22,Mono,051,14174,2842,2723,106,2829,4
2022-01-22,Monterey,053,433212,69454,59038,9239,68277,651
2022-01-22,Napa,055,140530,22429,20402,700,21102,111
2022-01-22,Nevada,057,99092,14307,12957,907,13864,112
2022-01-22,Orange,059,3164182,511362,480329,37707,518036,5946
2022-01-22,Placer,061,380077,56615,52557,6513,59070,512
2022-01-22,Plumas,063,18699,2598,2289,206,2495,12
2022-01-22,Riverside,065,2383286,548945,513567,25572,539139,5623
2022-01-22,Sacramento,067,1510023,251930,230206,20940,251146,2510
2022-01-22,San Benito,069,59416,11514,10743,415,11158,88
2022-01-22,San Bernardino,071,2135413,534040,495209,23062,518271,6267
2022-01-22,San Diego,073,3302833,680207,628904,45730,674634,4559
2022-01-22,San Francisco,075,870044,110149,100238,7143,107381,702
2022-01-22,San Joaquin,077,732212,150384,138264,9043,147307,1960
2022-01-22,San Luis Obispo,079,281455,46193,42154,3020,45174,385
2022-01-22,San Mateo,081,765935,108593,91440,5604,97044,585
2022-01-22,Santa Barbara,083,443738,75503,69555,3889,73444,589
2022-01-22,Santa Clara,085,1922200,270581,249205,9825,259030,1993
2022-01-22,Santa Cruz,087,273765,38783,33741,1854,35595,237
2022-01-22,Shasta,089,179085,27414,25919,5091,31010,450
2022-01-22,Sierra,091,2930,263,248,36,284,0
2022-01-22,Siskiyou,093,43540,4003,3845,2175,6020,62
2022-01-22,Solano,095,438530,71017,63882,4639,68521,391
2022-01-22,Sonoma,097,501317,73177,66013,2000,68013,422
2022-01-22,Stanislaus,099,539301,106539,100092,14467,114559,1393
2022-01-22,Sutter,101,95872,18630,17616,1277,18893,199
2022-01-22,Tehama,103,63373,10825,10171,2291,12462,142
2022-01-22,Trinity,105,12862,1067,925,259,1184,19
2022-01-22,Tulare,107,460477,93968,85223,23545,108768,1211
2022-01-22,Tuolumne,109,53932,10857,9731,344,10075,91
2022-01-22,Ventura,111,848112,159673,148742,8753,157495,1250
2022-01-22,Yolo,113,214977,32756,30061,2625,32686,273
2022-01-22,Yuba,115,75493,14172,13288,840,14128,103
2022-01-21,Alameda,001,1643700,223298,203927,11185,215112,1575
2022-01-21,Alpine,003,1148,118,119,1,120,0
2022-01-21,Amador,005,37829,7454,6845,391,7236,73
2022-01-21,Butte,007,227075,29361,27232,5673,32905,350
2022-01-21,Calaveras,009,45235,6445,5835,201,6036,95
2022-01-21,Colusa,011,21464,3121,2954,939,3893,21
2022-01-21,Contra Costa,013,1133247,167031,154111,10147,164258,1091
2022-01-21,Del Norte,015,27424,4521,4269,108,4377,43
2022-01-21,El Dorado,017,186661,24454,22273,2809,25082,179
2022-01-21,Fresno,019,978130,200519,185292,19752,205044,2429
2022-01-21,Glenn,021,27897,4454,4174,1400,5574,39
2022-01-21,Humboldt,023,135768,14685,13628,2144,15772,125
2022-01-21,Imperial,025,180216,49537,45741,8339,54080,820
2022-01-21,Inyo,027,18085,3860,3706,253,3959,50
2022-01-21,Kern,029,883053,174745,162902,39543,202445,1946
2022-01-21,Kings,031,150075,44720,40580,2940,43520,396
2022-01-21,Lake,033,64148,8905,8056,632,8688,118
2022-01-21,Lassen,035,31185,7952,7545,740,8285,55
2022-01-21,Los Angeles,037,10098052,2497219,2286280,113252,2399532,28038
2022-01-21,Madera,039,155013,32312,29595,4201,33796,329
2022-01-21,Marin,041,260295,29851,27893,1849,29742,253
2022-01-21,Mariposa,043,17540,2103,1920,111,2031,6
2022-01-21,Mendocino,045,87422,11448,10395,1925,12320,103
2022-01-21,Merced,047,269075,56117,53025,5763,58788,727
2022-01-21,Modoc,049,8938,658,639,224,863,6
2022-01-21,Mono,051,14174,2828,2723,103,2826,4
2022-01-21,Monterey,053,433212,68982,59038,9108,68146,651
2022-01-21,Napa,055,140530,22309,20402,692,21094,111
2022-01-21,Nevada,057,99092,14211,12957,903,13860,112
2022-01-21,Orange,059,3164182,509124,480329,37461,517790,5946
2022-01-21,Placer,061,380077,56222,52557,6451,59008,512
2022-01-21,Plumas,063,18699,2586,2289,201,2490,12
2022-01-21,Riverside,065,2383286,546287,513567,25493,539060,5623
2022-01-21,Sacramento,067,1510023,250485,230206,20837,251043,2510
2022-01-21,San Benito,069,59416,11479,10743,412,11155,88
2022-01-21,San Bernardino,071,2135413,532004,495209,22987,518196,6267
2022-01-21,San Diego,073,3302833,676039,628904,45553,674457,4559
2022-01-21,San Francisco,075,870044,109390,100238,7055,107293,702
2022-01-21,San Joaquin,077,732212,149790,138264,8982,147246,1960
2022-01-21,San Luis Obispo,079,281455,46067,42154,3017,45171,385
2022-01-21,San Mateo,081,765935,107921,91440,5563,97003,585
2022-01-21,Santa Barbara,083,443738,75001,69555,3879,73434,589
2022-01-21,Santa Clara,085,1922200,268756,249205,9717,258922,1993
2022-01-21,Santa Cruz,087,273765,38064,33741,1841,35582,237
2022-01-21,Shasta,089,179085,27325,25919,5044,30963,450
2022-01-21,Sierra,091,2930,261,248,35,283,0
2022-01-21,Siskiyou,093,43540,3994,3845,2157,6002,62
2022-01-21,Solano,095,438530,70606,63882,4557,68439,391
2022-01-21,Sonoma,097,501317,72652,66013,1990,68003,422
2022-01-21,Stanislaus,099,539301,106036,100092,14407,114499,1393
2022-01-21,Sutter,101,95872,18543,17616,1263,18879,199
2022-01-21,Tehama,103,63373,10789,10171,2289,12460,142
2022-01-21,Trinity,105,12862,1061,925,258,1183,19
2022-01-21,Tulare,107,460477,93489,85223,23382,108605,1211
2022-01-21,Tuolumne,109,53932,10774,9731,336,10067,91
2022-01-21,Ventura,111,848112,158864,148742,8722,157464,1250
2022-01-21,Yolo,113,214977,32592,30061,2602,32663,273
2022-01-21,Yuba,115,75493,14100,13288,833,14121,103
2022-01-20,Alameda,001,1643700,220232,203927,10945,214872,1575
2022-01-20,Alpine,003,1148,118,119,1,120,0
2022-01-20,Amador,005,37829,7390,6845,373,7218,73
2022-01-20,Butte,007,227075,29106,27232,5594,32826,350
2022-01-20,Calaveras,009,45235,6340,5835,192,6027,95
2022-01-20,Colusa,011,21464,3091,2954,927,3881,21
2022-01-20,Contra Costa,013,1133247,165069,154111,9881,163992,1091
2022-01-20,Del Norte,015,27424,4481,4269,105,4374,43
2022-01-20,El Dorado,017,186661,24250,22273,2766,25039,179
2022-01-20,Fresno,019,978130,197919,185292,19384,204676,2429
2022-01-20,Glenn,021,27897,4419,4174,1391,5565,39
2022-01-20,Humboldt,023,135768,14556,13628,2092,15720,125
2022-01-20,Imperial,025,180216,49017,45741,8160,53901,820
2022-01-20,Inyo,027,18085,3848,3706,242,3948,50
2022-01-20,Kern,029,883053,173219,162902,38997,201899,1946
2022-01-20,Kings,031,150075,44164,40580,2897,43477,396
2022-01-20,Lake,033,64148,8809,8056,604,8660,118
2022-01-20,Lassen,035,31185,7899,7545,725,8270,55
2022-01-20,Los Angeles,037,10098052,2472499,2286280,112268,2398548,28038
2022-01-20,Madera,039,155013,31924,29595,4074,33669,329
2022-01-20,Marin,041,260295,29558,27893,1812,29705,253
2022-01-20,Mariposa,043,17540,2076,1920,108,2028,6
2022-01-20,Mendocino,045,87422,11350,10395,1847,12242,103
2022-01-20,Merced,047,269075,55688,53025,5534,58559,727
2022-01-20,Modoc,049,8938,656,639,224,863,6
2022-01-20,Mono,051,14174,2820,2723,102,2825,4
2022-01-20,Monterey,053,433212,68216,59038,8689,67727,651
2022-01-20,Napa,055,140530,22043,20402,653,21055,111
2022-01-20,Nevada,057,99092,14063,12957,880,13837,112
2022-01-20,Orange,059,3164182,505181,480329,37090,517419,5946
2022-01-20,Placer,061,380077,55734,52557,6391,58948,512
2022-01-20,Plumas,063,18699,2559,2289,197,2486,12
2022-01-20,Riverside,065,2383286,541710,513567,25257,538824,5623
2022-01-20,Sacramento,067,1510023,248194,230206,20186,250392,2510
2022-01-20,San Benito,069,59416,11368,10743,399,11142,88
2022-01-20,San Bernardino,071,2135413,527858,495209,22701,517910,6267
2022-01-20,San Diego,073,3302833,668936,628904,44850,673754,4559
2022-01-20,San Francisco,075,870044,108237,100238,6914,107152,702
2022-01-20,San Joaquin,077,732212,148154,138264,8855,147119,1960
2022-01-20,San Luis Obispo,079,281455,45556,42154,2983,45137,385
2022-01-20,San Mateo,081,765935,106694,91440,5357,96797,585
2022-01-20,Santa Barbara,083,443738,74103,69555,3767,73322,589
2022-01-20,Santa Clara,085,1922200,265446,249205,9388,258593,1993
2022-01-20,Santa Cruz,087,273765,37180,33741,1818,35559,237
2022-01-20,Shasta,089,179085,27135,25919,4977,30896,450
2022-01-20,Sierra,091,2930,261,248,33,281,0
2022-01-20,Siskiyou,093,43540,3982,3845,2124,5969,62
2022-01-20,Solano,095,438530,69659,63882,4468,68350,391
2022-01-20,Sonoma,097,501317,71626,66013,1940,67953,422
2022-01-20,Stanislaus,099,539301,105079,100092,14200,114292,1393
2022-01-20,Sutter,101,95872,18378,17616,1234,18850,199
2022-01-20,Tehama,103,63373,10716,10171,2271,12442,142
2022-01-20,Trinity,105,12862,1047,925,257,1182,19
2022-01-20,Tulare,107,460477,92432,85223,23076,108299,1211
2022-01-20,Tuolumne,109,53932,10632,9731,324,10055,91
2022-01-20,Ventura,111,848112,157479,148742,8645,157387,1250
2022-01-20,Yolo,113,214977,32304,30061,2569,32630,273
2022-01-20,Yuba,115,75493,13994,13288,800,14088,103
2022-01-19,Alameda,001,1643700,216837,199739,10609,210348,1571
2022-01-19,Alpine,003,1148,117,119,1,120,0
2022-01-19,Amador,005,37829,7309,6789,331,7120,73
2022-01-19,Butte,007,227075,28804,26839,5518,32357,351
2022-01-19,Calaveras,009,45235,6250,5765,183,5948,95
2022-01-19,Colusa,011,21464,3066,2938,920,3858,21
2022-01-19,Contra Costa,013,1133247,162758,151543,9640,161183,1091
2022-01-19,Del Norte,015,27424,4442,4240,104,4344,43
2022-01-19,El Dorado,017,186661,23995,21953,2724,24677,177
2022-01-19,Fresno,019,978130,195016,181526,19054,200580,2430
2022-01-19,Glenn,021,27897,4368,4127,1381,5508,39
2022-01-19,Humboldt,023,135768,14397,13391,2039,15430,125
2022-01-19,Imperial,025,180216,48283,45156,7957,53113,820
2022-01-19,Inyo,027,18085,3825,3680,203,3883,49
2022-01-19,Kern,029,883053,171456,160747,38313,199060,1946
2022-01-19,Kings,031,150075,43468,40027,2818,42845,395
2022-01-19,Lake,033,64148,8682,7972,591,8563,118
2022-01-19,Lassen,035,31185,7842,7507,703,8210,55
2022-01-19,Los Angeles,037,10098052,2444116,2251718,110836,2362554,27934
2022-01-19,Madera,039,155013,31542,29021,3901,32922,329
2022-01-19,Marin,041,260295,29262,27375,1769,29144,251
2022-01-19,Mariposa,043,17540,2051,1896,102,1998,6
2022-01-19,Mendocino,045,87422,11179,10252,1753,12005,103
2022-01-19,Merced,047,269075,55142,52355,5178,57533,724
2022-01-19,Modoc,049,8938,654,635,223,858,6
2022-01-19,Mono,051,14174,2798,2677,100,2777,4
2022-01-19,Monterey,053,433212,67307,58426,8226,66652,651
2022-01-19,Napa,055,140530,21790,20090,626,20716,110
2022-01-19,Nevada,057,99092,13906,12703,851,13554,112
2022-01-19,Orange,059,3164182,500696,468460,36718,505178,5943
2022-01-19,Placer,061,380077,55170,51545,6320,57865,511
2022-01-19,Plumas,063,18699,2519,2239,190,2429,12
2022-01-19,Riverside,065,2383286,536182,503575,25017,528592,5604
2022-01-19,Sacramento,067,1510023,245299,226035,19444,245479,2512
2022-01-19,San Benito,069,59416,11227,10639,387,11026,88
2022-01-19,San Bernardino,071,2135413,523222,487846,22320,510166,6265
2022-01-19,San Diego,073,3302833,660158,614709,44118,658827,4553
2022-01-19,San Francisco,075,870044,106866,98652,6835,105487,694
2022-01-19,San Joaquin,077,732212,146260,135953,8723,144676,1959
2022-01-19,San Luis Obispo,079,281455,44957,41374,2917,44291,382
2022-01-19,San Mateo,081,765935,105278,89715,5090,94805,585
2022-01-19,Santa Barbara,083,443738,73106,68531,3666,72197,586
2022-01-19,Santa Clara,085,1922200,261717,244922,9023,253945,1991
2022-01-19,Santa Cruz,087,273765,35876,33026,1793,34819,237
2022-01-19,Shasta,089,179085,26867,25355,4905,30260,450
2022-01-19,Sierra,091,2930,261,245,32,277,0
2022-01-19,Siskiyou,093,43540,3958,3821,2068,5889,62
2022-01-19,Solano,095,438530,68817,63003,4340,67343,392
2022-01-19,Sonoma,097,501317,70526,64689,1895,66584,420
2022-01-19,Stanislaus,099,539301,104028,98952,13908,112860,1381
2022-01-19,Sutter,101,95872,18211,17436,1142,18578,199
2022-01-19,Tehama,103,63373,10602,10064,2222,12286,142
2022-01-19,Trinity,105,12862,1035,916,256,1172,19
2022-01-19,Tulare,107,460477,91142,83743,22591,106334,1200
2022-01-19,Tuolumne,109,53932,10474,9613,300,9913,91
2022-01-19,Ventura,111,848112,155963,144738,8571,153309,1234
2022-01-19,Yolo,113,214977,31939,29392,2533,31925,273
2022-01-19,Yuba,115,75493,13831,13114,787,13901,104
2022-01-18,Alameda,001,1643700,213474,195728,10292,206020,1566
2022-01-18,Alpine,003,1148,117,118,1,119,0
2022-01-18,Amador,005,37829,7171,6691,294,6985,73
2022-01-18,Butte,007,227075,28414,26514,5440,31954,347
2022-01-18,Calaveras,009,45235,6161,5684,168,5852,94
2022-01-18,Colusa,011,21464,3022,2903,915,3818,21
2022-01-18,Contra Costa,013,1133247,160749,149446,9272,158718,1085
2022-01-18,Del Norte,015,27424,4372,4229,99,4328,43
2022-01-18,El Dorado,017,186661,23614,21707,2678,24385,175
2022-01-18,Fresno,019,978130,191511,178922,18613,197535,2425
2022-01-18,Glenn,021,27897,4335,4070,1369,5439,39
2022-01-18,Humboldt,023,135768,14230,13218,1967,15185,125
2022-01-18,Imperial,025,180216,47587,44742,7771,52513,819
2022-01-18,Inyo,027,18085,3784,3654,192,3846,49
2022-01-18,Kern,029,883053,169433,158864,37549,196413,1943
2022-01-18,Kings,031,150075,42593,39440,2736,42176,392
2022-01-18,Lake,033,64148,8569,7919,571,8490,117
2022-01-18,Lassen,035,31185,7759,7461,664,8125,55
2022-01-18,Los Angeles,037,10098052,2410703,2227360,109396,2336756,27871
2022-01-18,Madera,039,155013,31020,28717,3707,32424,329
2022-01-18,Marin,041,260295,28959,27036,1726,28762,251
2022-01-18,Mariposa,043,17540,2026,1872,98,1970,6
2022-01-18,Mendocino,045,87422,11010,10114,1665,11779,103
2022-01-18,Merced,047,269075,54529,51746,4890,56636,718
2022-01-18,Modoc,049,8938,652,633,218,851,6
2022-01-18,Mono,051,14174,2777,2643,99,2742,4
2022-01-18,Monterey,053,433212,66531,57846,7744,65590,650
2022-01-18,Napa,055,140530,21457,19911,609,20520,109
2022-01-18,Nevada,057,99092,13721,12584,808,13392,111
2022-01-18,Orange,059,3164182,495349,461324,36207,497531,5938
2022-01-18,Placer,061,380077,54528,50983,6245,57228,508
2022-01-18,Plumas,063,18699,2481,2218,184,2402,12
2022-01-18,Riverside,065,2383286,530202,497278,24708,521986,5599
2022-01-18,Sacramento,067,1510023,242209,223745,18435,242180,2496
2022-01-18,San Benito,069,59416,11086,10520,373,10893,88
2022-01-18,San Bernardino,071,2135413,517865,483753,21887,505640,6258
2022-01-18,San Diego,073,3302833,649955,605137,43080,648217,4547
2022-01-18,San Francisco,075,870044,105402,96505,6719,103224,694
2022-01-18,San Joaquin,077,732212,144319,134365,8505,142870,1957
2022-01-18,San Luis Obispo,079,281455,44275,40848,2830,43678,381
2022-01-18,San Mateo,081,765935,103766,88225,4892,93117,585
2022-01-18,Santa Barbara,083,443738,71884,67216,3493,70709,581
2022-01-18,Santa Clara,085,1922200,257600,240281,8622,248903,1986
2022-01-18,Santa Cruz,087,273765,35225,32203,1758,33961,237
2022-01-18,Shasta,089,179085,26585,25162,4811,29973,448
2022-01-18,Sierra,091,2930,257,244,32,276,0
2022-01-18,Siskiyou,093,43540,3925,3799,2014,5813,62
2022-01-18,Solano,095,438530,67968,62204,4231,66435,391
2022-01-18,Sonoma,097,501317,69138,63714,1839,65553,419
2022-01-18,Stanislaus,099,539301,102811,98000,13540,111540,1379
2022-01-18,Sutter,101,95872,18020,17295,1070,18365,198
2022-01-18,Tehama,103,63373,10506,9975,2169,12144,142
2022-01-18,Trinity,105,12862,1022,907,255,1162,19
2022-01-18,Tulare,107,460477,89675,82667,22164,104831,1196
2022-01-18,Tuolumne,109,53932,10306,9528,288,9816,91
2022-01-18,Ventura,111,848112,154249,143384,8486,151870,1233
2022-01-18,Yolo,113,214977,31541,28786,2482,31268,270
2022-01-18,Yuba,115,75493,13670,12971,761,13732,101
2022-01-17,Alameda,001,1643700,208766,193276,9701,202977,1565
2022-01-17,Alpine,003,1148,116,118,0,118,0
2022-01-17,Amador,005,37829,7056,6640,236,6876,73
2022-01-17,Butte,007,227075,28031,26303,5335,31638,348
2022-01-17,Calaveras,009,45235,6030,5584,140,5724,94
2022-01-17,Colusa,011,21464,2998,2905,908,3813,21
2022-01-17,Contra Costa,013,1133247,157987,147993,8787,156780,1086
2022-01-17,Del Norte,015,27424,4321,4209,92,4301,43
2022-01-17,El Dorado,017,186661,23366,21540,2596,24136,175
2022-01-17,Fresno,019,978130,187803,176959,18108,195067,2426
2022-01-17,Glenn,021,27897,4282,4055,1355,5410,39
2022-01-17,Humboldt,023,135768,14026,13120,1801,14921,125
2022-01-17,Imperial,025,180216,46900,44412,7600,52012,821
2022-01-17,Inyo,027,18085,3762,3650,166,3816,49
2022-01-17,Kern,029,883053,166889,157645,36665,194310,1944
2022-01-17,Kings,031,150075,41460,39143,2614,41757,392
2022-01-17,Lake,033,64148,8420,7864,531,8395,117
2022-01-17,Lassen,035,31185,7666,7417,626,8043,55
2022-01-17,Los Angeles,037,10098052,2371516,2205740,107430,2313170,27832
2022-01-17,Madera,039,155013,30367,28568,3521,32089,329
2022-01-17,Marin,041,260295,28553,26633,1670,28303,251
2022-01-17,Mariposa,043,17540,2000,1862,92,1954,6
2022-01-17,Mendocino,045,87422,10787,10030,1523,11553,103
2022-01-17,Merced,047,269075,53849,51227,4329,55556,718
2022-01-17,Modoc,049,8938,648,630,218,848,6
2022-01-17,Mono,051,14174,2754,2642,98,2740,4
2022-01-17,Monterey,053,433212,65412,57318,7321,64639,647
2022-01-17,Napa,055,140530,21112,19647,586,20233,109
2022-01-17,Nevada,057,99092,13536,12414,770,13184,111
2022-01-17,Orange,059,3164182,489389,457418,35730,493148,5933
2022-01-17,Placer,061,380077,53797,50511,6100,56611,508
2022-01-17,Plumas,063,18699,2435,2205,152,2357,12
2022-01-17,Riverside,065,2383286,523390,491322,24250,515572,5600
2022-01-17,Sacramento,067,1510023,238127,221143,17054,238197,2497
2022-01-17,San Benito,069,59416,10919,10432,345,10777,88
2022-01-17,San Bernardino,071,2135413,511535,480243,21328,501571,6259
2022-01-17,San Diego,073,3302833,637736,569241,41874,611115,4545
2022-01-17,San Francisco,075,870044,103775,95292,6525,101817,694
2022-01-17,San Joaquin,077,732212,141484,133414,8314,141728,1958
2022-01-17,San Luis Obispo,079,281455,43446,40425,2728,43153,379
2022-01-17,San Mateo,081,765935,101798,87013,4634,91647,585
2022-01-17,Santa Barbara,083,443738,70561,66704,3292,69996,581
2022-01-17,Santa Clara,085,1922200,253113,237934,8179,246113,1985
2022-01-17,Santa Cruz,087,273765,34454,31714,1720,33434,237
2022-01-17,Shasta,089,179085,26305,25025,4689,29714,448
2022-01-17,Sierra,091,2930,256,242,32,274,0
2022-01-17,Siskiyou,093,43540,3886,3764,1934,5698,62
2022-01-17,Solano,095,438530,66930,61497,3969,65466,391
2022-01-17,Sonoma,097,501317,67633,62763,1775,64538,419
2022-01-17,Stanislaus,099,539301,101499,96951,13053,110004,1379
2022-01-17,Sutter,101,95872,17811,17159,932,18091,198
2022-01-17,Tehama,103,63373,10383,9912,2110,12022,142
2022-01-17,Trinity,105,12862,1009,906,251,1157,19
2022-01-17,Tulare,107,460477,87917,81741,21596,103337,1199
2022-01-17,Tuolumne,109,53932,10171,9416,254,9670,91
2022-01-17,Ventura,111,848112,152132,142070,8369,150439,1234
2022-01-17,Yolo,113,214977,31010,28638,2415,31053,270
2022-01-17,Yuba,115,75493,13474,12871,704,13575,101
2022-01-16,Alameda,001,1643700,205693,190691,9436,200127,1564
2022-01-16,Alpine,003,1148,116,118,0,118,0
2022-01-16,Amador,005,37829,6983,6618,228,6846,73
2022-01-16,Butte,007,227075,27688,26139,5286,31425,348
2022-01-16,Calaveras,009,45235,5929,5537,136,5673,94
2022-01-16,Colusa,011,21464,2981,2886,896,3782,21
2022-01-16,Contra Costa,013,1133247,156076,146307,8585,154892,1086
2022-01-16,Del Norte,015,27424,4279,4177,90,4267,43
2022-01-16,El Dorado,017,186661,23091,21303,2557,23860,175
2022-01-16,Fresno,019,978130,185090,174818,17751,192569,2425
2022-01-16,Glenn,021,27897,4227,4049,1333,5382,39
2022-01-16,Humboldt,023,135768,13879,13075,1782,14857,125
2022-01-16,Imperial,025,180216,46328,44035,7431,51466,821
2022-01-16,Inyo,027,18085,3725,3602,144,3746,49
2022-01-16,Kern,029,883053,165617,156655,35874,192529,1944
2022-01-16,Kings,031,150075,41087,38861,2585,41446,392
2022-01-16,Lake,033,64148,8316,7823,497,8320,117
2022-01-16,Lassen,035,31185,7621,7391,612,8003,55
2022-01-16,Los Angeles,037,10098052,2348344,2174403,105899,2280302,27805
2022-01-16,Madera,039,155013,29997,28313,3469,31782,329
2022-01-16,Marin,041,260295,28259,26292,1656,27948,251
2022-01-16,Mariposa,043,17540,1973,1851,87,1938,6
2022-01-16,Mendocino,045,87422,10640,9992,1406,11398,102
2022-01-16,Merced,047,269075,53259,50882,4304,55186,718
2022-01-16,Modoc,049,8938,645,629,218,847,6
2022-01-16,Mono,051,14174,2750,2614,96,2710,4
2022-01-16,Monterey,053,433212,64646,57012,7171,64183,647
2022-01-16,Napa,055,140530,20845,19521,575,20096,109
2022-01-16,Nevada,057,99092,13321,12307,751,13058,111
2022-01-16,Orange,059,3164182,483991,451962,35177,487139,5932
2022-01-16,Placer,061,380077,53090,50076,5987,56063,508
2022-01-16,Plumas,063,18699,2400,2204,142,2346,12
2022-01-16,Riverside,065,2383286,517886,485191,24023,509214,5600
2022-01-16,Sacramento,067,1510023,235168,218819,16313,235132,2491
2022-01-16,San Benito,069,59416,10761,10377,343,10720,88
2022-01-16,San Bernardino,071,2135413,507631,474425,21071,495496,6259
2022-01-16,San Diego,073,3302833,630149,569241,41437,610678,4545
2022-01-16,San Francisco,075,870044,102259,94139,6386,100525,694
2022-01-16,San Joaquin,077,732212,139701,132214,8170,140384,1958
2022-01-16,San Luis Obispo,079,281455,42789,40113,2688,42801,379
2022-01-16,San Mateo,081,765935,100270,85966,4539,90505,585
2022-01-16,Santa Barbara,083,443738,69534,66111,3252,69363,582
2022-01-16,Santa Clara,085,1922200,249448,234293,8025,242318,1984
2022-01-16,Santa Cruz,087,273765,33825,31469,1697,33166,237
2022-01-16,Shasta,089,179085,26049,24980,4621,29601,449
2022-01-16,Sierra,091,2930,252,238,31,269,0
2022-01-16,Siskiyou,093,43540,3858,3748,1894,5642,62
2022-01-16,Solano,095,438530,66256,60885,3837,64722,391
2022-01-16,Sonoma,097,501317,66554,61842,1756,63598,419
2022-01-16,Stanislaus,099,539301,100435,96370,12899,109269,1379
2022-01-16,Sutter,101,95872,17611,16996,909,17905,198
2022-01-16,Tehama,103,63373,10299,9868,2088,11956,142
2022-01-16,Trinity,105,12862,1004,889,249,1138,19
2022-01-16,Tulare,107,460477,86598,80867,21324,102191,1199
2022-01-16,Tuolumne,109,53932,10066,9369,246,9615,91
2022-01-16,Ventura,111,848112,150558,140715,8289,149004,1234
2022-01-16,Yolo,113,214977,30618,28481,2361,30842,270
2022-01-16,Yuba,115,75493,13296,12760,698,13458,101
2022-01-15,Alameda,001,1643700,204326,177768,9383,187151,1561
2022-01-15,Alpine,003,1148,116,117,0,117,0
2022-01-15,Amador,005,37829,6951,6434,214,6648,72
2022-01-15,Butte,007,227075,27533,25032,5237,30269,348
2022-01-15,Calaveras,009,45235,5897,5258,136,5394,93
2022-01-15,Colusa,011,21464,2967,2796,888,3684,21
2022-01-15,Contra Costa,013,1133247,154865,137643,8541,146184,1082
2022-01-15,Del Norte,015,27424,4264,4065,88,4153,43
2022-01-15,El Dorado,017,186661,22993,20434,2540,22974,175
2022-01-15,Fresno,019,978130,184160,167361,17663,185024,2415
2022-01-15,Glenn,021,27897,4220,3906,1326,5232,39
2022-01-15,Humboldt,023,135768,13775,12419,1766,14185,123
2022-01-15,Imperial,025,180216,46190,42508,7319,49827,817
2022-01-15,Inyo,027,18085,3715,3395,144,3539,49
2022-01-15,Kern,029,883053,164773,150085,35482,185567,1938
2022-01-15,Kings,031,150075,40838,37221,2573,39794,391
2022-01-15,Lake,033,64148,8277,7641,484,8125,117
2022-01-15,Lassen,035,31185,7580,7274,606,7880,55
2022-01-15,Los Angeles,037,10098052,2336816,2047927,104947,2152874,27641
2022-01-15,Madera,039,155013,29850,27294,3446,30740,329
2022-01-15,Marin,041,260295,28073,25248,1649,26897,251
2022-01-15,Mariposa,043,17540,1966,1762,87,1849,6
2022-01-15,Mendocino,045,87422,10567,9534,1400,10934,102
2022-01-15,Merced,047,269075,53092,48904,4293,53197,715
2022-01-15,Modoc,049,8938,643,628,218,846,6
2022-01-15,Mono,051,14174,2745,2508,95,2603,4
2022-01-15,Monterey,053,433212,64132,55315,7103,62418,647
2022-01-15,Napa,055,140530,20724,17648,570,18218,109
2022-01-15,Nevada,057,99092,13262,11773,737,12510,111
2022-01-15,Orange,059,3164182,481397,433141,34901,468042,5914
2022-01-15,Placer,061,380077,52800,47780,5953,53733,501
2022-01-15,Plumas,063,18699,2379,2158,136,2294,12
2022-01-15,Riverside,065,2383286,515203,466381,23888,490269,5578
2022-01-15,Sacramento,067,1510023,234010,208156,16209,224365,2491
2022-01-15,San Benito,069,59416,10662,9868,337,10205,87
2022-01-15,San Bernardino,071,2135413,505316,454395,20918,475313,6233
2022-01-15,San Diego,073,3302833,626359,559385,41181,600566,4540
2022-01-15,San Francisco,075,870044,101266,88004,6251,94255,692
2022-01-15,San Joaquin,077,732212,139137,125136,8070,133206,1954
2022-01-15,San Luis Obispo,079,281455,42600,38231,2675,40906,374
2022-01-15,San Mateo,081,765935,99314,80494,4498,84992,582
2022-01-15,Santa Barbara,083,443738,68936,62312,3241,65553,579
2022-01-15,Santa Clara,085,1922200,247245,218986,7900,226886,1974
2022-01-15,Santa Cruz,087,273765,33471,29414,1689,31103,235
2022-01-15,Shasta,089,179085,25958,24482,4589,29071,445
2022-01-15,Sierra,091,2930,251,232,30,262,0
2022-01-15,Siskiyou,093,43540,3846,3661,1883,5544,62
2022-01-15,Solano,095,438530,65977,58061,3786,61847,389
2022-01-15,Sonoma,097,501317,65966,58181,1750,59931,418
2022-01-15,Stanislaus,099,539301,99853,92986,12801,105787,1379
2022-01-15,Sutter,101,95872,17520,16345,899,17244,197
2022-01-15,Tehama,103,63373,10249,9572,2070,11642,141
2022-01-15,Trinity,105,12862,1001,872,249,1121,19
2022-01-15,Tulare,107,460477,86151,77769,21201,98970,1192
2022-01-15,Tuolumne,109,53932,9967,9042,241,9283,91
2022-01-15,Ventura,111,848112,149783,134736,8251,142987,1227
2022-01-15,Yolo,113,214977,30438,27311,2341,29652,270
2022-01-15,Yuba,115,75493,13233,12200,694,12894,101
2022-01-14,Alameda,001,1643700,202283,177768,9331,187099,1561
2022-01-14,Alpine,003,1148,116,117,0,117,0
2022-01-14,Amador,005,37829,6875,6434,205,6639,72
2022-01-14,Butte,007,227075,27352,25032,5207,30239,348
2022-01-14,Calaveras,009,45235,5860,5258,135,5393,93
2022-01-14,Colusa,011,21464,2958,2796,878,3674,21
2022-01-14,Contra Costa,013,1133247,153422,137643,8441,146084,1082
2022-01-14,Del Norte,015,27424,4239,4065,87,4152,43
2022-01-14,El Dorado,017,186661,22838,20434,2522,22956,175
2022-01-14,Fresno,019,978130,182506,167361,17587,184948,2415
2022-01-14,Glenn,021,27897,4198,3906,1317,5223,39
2022-01-14,Humboldt,023,135768,13668,12419,1733,14152,123
2022-01-14,Imperial,025,180216,46018,42508,7299,49807,817
2022-01-14,Inyo,027,18085,3690,3395,140,3535,49
2022-01-14,Kern,029,883053,163774,150085,35045,185130,1938
2022-01-14,Kings,031,150075,40587,37221,2564,39785,391
2022-01-14,Lake,033,64148,8220,7641,471,8112,117
2022-01-14,Lassen,035,31185,7546,7274,594,7868,55
2022-01-14,Los Angeles,037,10098052,2317502,2047927,103905,2151832,27641
2022-01-14,Madera,039,155013,29613,27294,3421,30715,329
2022-01-14,Marin,041,260295,27814,25248,1614,26862,251
2022-01-14,Mariposa,043,17540,1951,1762,87,1849,6
2022-01-14,Mendocino,045,87422,10455,9534,1387,10921,102
2022-01-14,Merced,047,269075,52908,48904,4278,53182,715
2022-01-14,Modoc,049,8938,642,628,218,846,6
2022-01-14,Mono,051,14174,2724,2508,93,2601,4
2022-01-14,Monterey,053,433212,63435,55315,7010,62325,647
2022-01-14,Napa,055,140530,20554,17648,564,18212,109
2022-01-14,Nevada,057,99092,13139,11773,724,12497,111
2022-01-14,Orange,059,3164182,477664,433141,34580,467721,5914
2022-01-14,Placer,061,380077,52363,47780,5867,53647,501
2022-01-14,Plumas,063,18699,2371,2158,129,2287,12
2022-01-14,Riverside,065,2383286,511676,466381,23744,490125,5578
2022-01-14,Sacramento,067,1510023,232065,208156,16052,224208,2491
2022-01-14,San Benito,069,59416,10610,9868,336,10204,87
2022-01-14,San Bernardino,071,2135413,502185,454395,20729,475124,6233
2022-01-14,San Diego,073,3302833,620706,559385,40871,600256,4540
2022-01-14,San Francisco,075,870044,100094,88004,6075,94079,692
2022-01-14,San Joaquin,077,732212,138288,125136,7988,133124,1954
2022-01-14,San Luis Obispo,079,281455,42434,38231,2652,40883,374
2022-01-14,San Mateo,081,765935,98087,80494,4469,84963,582
2022-01-14,Santa Barbara,083,443738,68417,62312,3231,65543,579
2022-01-14,Santa Clara,085,1922200,244671,218986,7793,226779,1974
2022-01-14,Santa Cruz,087,273765,33094,29414,1679,31093,235
2022-01-14,Shasta,089,179085,25837,24482,4555,29037,445
2022-01-14,Sierra,091,2930,249,232,28,260,0
2022-01-14,Siskiyou,093,43540,3835,3661,1870,5531,62
2022-01-14,Solano,095,438530,65134,58061,3696,61757,389
2022-01-14,Sonoma,097,501317,65427,58181,1723,59904,418
2022-01-14,Stanislaus,099,539301,99247,92986,12700,105686,1379
2022-01-14,Sutter,101,95872,17394,16345,890,17235,197
2022-01-14,Tehama,103,63373,10196,9572,2057,11629,141
2022-01-14,Trinity,105,12862,996,872,247,1119,19
2022-01-14,Tulare,107,460477,85618,77769,21027,98796,1192
2022-01-14,Tuolumne,109,53932,9844,9042,236,9278,91
2022-01-14,Ventura,111,848112,148676,134736,8191,142927,1227
2022-01-14,Yolo,113,214977,30196,27311,2311,29622,270
2022-01-14,Yuba,115,75493,13130,12200,689,12889,101
2022-01-13,Alameda,001,1643700,197958,177768,8981,186749,1561
2022-01-13,Alpine,003,1148,115,117,0,117,0
2022-01-13,Amador,005,37829,6815,6434,184,6618,72
2022-01-13,Butte,007,227075,27051,25032,5095,30127,348
2022-01-13,Calaveras,009,45235,5769,5258,131,5389,93
2022-01-13,Colusa,011,21464,2926,2796,868,3664,21
2022-01-13,Contra Costa,013,1133247,150899,137643,7986,145629,1082
2022-01-13,Del Norte,015,27424,4203,4065,86,4151,43
2022-01-13,El Dorado,017,186661,22589,20434,2476,22910,175
2022-01-13,Fresno,019,978130,179702,167361,17222,184583,2415
2022-01-13,Glenn,021,27897,4151,3906,1291,5197,39
2022-01-13,Humboldt,023,135768,13514,12419,1671,14090,123
2022-01-13,Imperial,025,180216,45474,42508,7079,49587,817
2022-01-13,Inyo,027,18085,3634,3395,123,3518,49
2022-01-13,Kern,029,883053,162189,150085,34448,184533,1938
2022-01-13,Kings,031,150075,40106,37221,2519,39740,391
2022-01-13,Lake,033,64148,8119,7641,450,8091,117
2022-01-13,Lassen,035,31185,7512,7274,578,7852,55
2022-01-13,Los Angeles,037,10098052,2281043,2047927,102119,2150046,27641
2022-01-13,Madera,039,155013,29146,27294,3327,30621,329
2022-01-13,Marin,041,260295,27469,25248,1570,26818,251
2022-01-13,Mariposa,043,17540,1928,1762,84,1846,6
2022-01-13,Mendocino,045,87422,10364,9534,1319,10853,102
2022-01-13,Merced,047,269075,52249,48904,4016,52920,715
2022-01-13,Modoc,049,8938,639,628,218,846,6
2022-01-13,Mono,051,14174,2701,2508,90,2598,4
2022-01-13,Monterey,053,433212,62499,55315,6721,62036,647
2022-01-13,Napa,055,140530,20256,17648,554,18202,109
2022-01-13,Nevada,057,99092,12948,11773,694,12467,111
2022-01-13,Orange,059,3164182,471223,433141,34125,467266,5914
2022-01-13,Placer,061,380077,51732,47780,5752,53532,501
2022-01-13,Plumas,063,18699,2351,2158,119,2277,12
2022-01-13,Riverside,065,2383286,505378,466381,23413,489794,5578
2022-01-13,Sacramento,067,1510023,228966,208156,15247,223403,2491
2022-01-13,San Benito,069,59416,10506,9868,328,10196,87
2022-01-13,San Bernardino,071,2135413,496462,454395,20254,474649,6233
2022-01-13,San Diego,073,3302833,612186,559385,39996,599381,4540
2022-01-13,San Francisco,075,870044,98358,88004,5879,93883,692
2022-01-13,San Joaquin,077,732212,136222,125136,7838,132974,1954
2022-01-13,San Luis Obispo,079,281455,41831,38231,2547,40778,374
2022-01-13,San Mateo,081,765935,96305,80494,4228,84722,582
2022-01-13,Santa Barbara,083,443738,67419,62312,3045,65357,579
2022-01-13,Santa Clara,085,1922200,240419,218986,7456,226442,1974
2022-01-13,Santa Cruz,087,273765,32278,29414,1657,31071,235
2022-01-13,Shasta,089,179085,25628,24482,4482,28964,445
2022-01-13,Sierra,091,2930,248,232,28,260,0
2022-01-13,Siskiyou,093,43540,3813,3661,1829,5490,62
2022-01-13,Solano,095,438530,64003,58061,3584,61645,389
2022-01-13,Sonoma,097,501317,64359,58181,1665,59846,418
2022-01-13,Stanislaus,099,539301,98130,92986,12418,105404,1379
2022-01-13,Sutter,101,95872,17198,16345,825,17170,197
2022-01-13,Tehama,103,63373,10097,9572,2008,11580,141
2022-01-13,Trinity,105,12862,988,872,247,1119,19
2022-01-13,Tulare,107,460477,84335,77769,20713,98482,1192
2022-01-13,Tuolumne,109,53932,9705,9042,218,9260,91
2022-01-13,Ventura,111,848112,146893,134736,8097,142833,1227
2022-01-13,Yolo,113,214977,29783,27311,2265,29576,270
2022-01-13,Yuba,115,75493,12995,12200,660,12860,101
2022-01-12,Alameda,001,1643700,193326,173001,8521,181522,1563
2022-01-12,Alpine,003,1148,115,117,0,117,0
2022-01-12,Amador,005,37829,6767,6354,170,6524,71
2022-01-12,Butte,007,227075,26726,24631,5005,29636,348
2022-01-12,Calaveras,009,45235,5690,5151,125,5276,93
2022-01-12,Colusa,011,21464,2887,2772,855,3627,21
2022-01-12,Contra Costa,013,1133247,148353,134579,7623,142202,1077
2022-01-12,Del Norte,015,27424,4176,4019,84,4103,43
2022-01-12,El Dorado,017,186661,22266,20092,2435,22527,175
2022-01-12,Fresno,019,978130,176971,165316,16805,182121,2413
2022-01-12,Glenn,021,27897,4099,3859,1269,5128,39
2022-01-12,Humboldt,023,135768,13342,12081,1589,13670,122
2022-01-12,Imperial,025,180216,44818,41985,6765,48750,814
2022-01-12,Inyo,027,18085,3588,3334,107,3441,49
2022-01-12,Kern,029,883053,160050,148435,33710,182145,1933
2022-01-12,Kings,031,150075,39474,36780,2475,39255,391
2022-01-12,Lake,033,64148,8003,7535,406,7941,117
2022-01-12,Lassen,035,31185,7470,7223,551,7774,55
2022-01-12,Los Angeles,037,10098052,2241324,2005065,99871,2104936,27601
2022-01-12,Madera,039,155013,28829,26952,3229,30181,329
2022-01-12,Marin,041,260295,26979,24704,1519,26223,251
2022-01-12,Mariposa,043,17540,1899,1725,82,1807,6
2022-01-12,Mendocino,045,87422,10200,9379,1219,10598,103
2022-01-12,Merced,047,269075,51549,48441,3740,52181,710
2022-01-12,Modoc,049,8938,637,627,218,845,6
2022-01-12,Mono,051,14174,2665,2466,86,2552,4
2022-01-12,Monterey,053,433212,61513,54524,6357,60881,647
2022-01-12,Napa,055,140530,19998,17347,531,17878,109
2022-01-12,Nevada,057,99092,12734,11552,645,12197,111
2022-01-12,Orange,059,3164182,464437,425737,33535,459272,5912
2022-01-12,Placer,061,380077,51076,47004,5639,52643,501
2022-01-12,Plumas,063,18699,2311,2135,108,2243,12
2022-01-12,Riverside,065,2383286,498166,458881,23068,481949,5565
2022-01-12,Sacramento,067,1510023,225377,204696,14348,219044,2479
2022-01-12,San Benito,069,59416,10375,9737,316,10053,87
2022-01-12,San Bernardino,071,2135413,490142,447869,19630,467499,6222
2022-01-12,San Diego,073,3302833,601680,551669,39137,590806,4529
2022-01-12,San Francisco,075,870044,96523,85700,5766,91466,691
2022-01-12,San Joaquin,077,732212,133939,122850,7709,130559,1948
2022-01-12,San Luis Obispo,079,281455,41103,37727,2464,40191,373
2022-01-12,San Mateo,081,765935,94273,78476,3850,82326,582
2022-01-12,Santa Barbara,083,443738,66275,60815,2940,63755,578
2022-01-12,Santa Clara,085,1922200,235926,213177,7073,220250,1971
2022-01-12,Santa Cruz,087,273765,31623,28463,1608,30071,235
2022-01-12,Shasta,089,179085,25415,24324,4416,28740,446
2022-01-12,Sierra,091,2930,247,228,28,256,0
2022-01-12,Siskiyou,093,43540,3785,3639,1782,5421,62
2022-01-12,Solano,095,438530,62957,57052,3462,60514,386
2022-01-12,Sonoma,097,501317,63073,56394,1581,57975,417
2022-01-12,Stanislaus,099,539301,96898,91738,12075,103813,1373
2022-01-12,Sutter,101,95872,17003,16135,792,16927,197
2022-01-12,Tehama,103,63373,10008,9475,1947,11422,141
2022-01-12,Trinity,105,12862,984,868,246,1114,19
2022-01-12,Tulare,107,460477,83209,76943,20303,97246,1192
2022-01-12,Tuolumne,109,53932,9574,8870,201,9071,91
2022-01-12,Ventura,111,848112,144982,132180,8011,140191,1220
2022-01-12,Yolo,113,214977,29370,26888,2187,29075,270
2022-01-12,Yuba,115,75493,12835,12015,633,12648,101
2022-01-11,Alameda,001,1643700,188796,169181,8121,177302,1561
2022-01-11,Alpine,003,1148,115,116,0,116,0
2022-01-11,Amador,005,37829,6683,6317,155,6472,71
2022-01-11,Butte,007,227075,26333,24479,4915,29394,347
2022-01-11,Calaveras,009,45235,5559,5083,111,5194,93
2022-01-11,Colusa,011,21464,2864,2766,841,3607,21
2022-01-11,Contra Costa,013,1133247,145383,132410,7140,139550,1077
2022-01-11,Del Norte,015,27424,4143,4006,82,4088,43
2022-01-11,El Dorado,017,186661,21920,19842,2362,22204,174
2022-01-11,Fresno,019,978130,173925,163509,16462,179971,2404
2022-01-11,Glenn,021,27897,4037,3844,1224,5068,39
2022-01-11,Humboldt,023,135768,13121,11960,1496,13456,122
2022-01-11,Imperial,025,180216,44213,41444,6559,48003,813
2022-01-11,Inyo,027,18085,3490,3278,100,3378,49
2022-01-11,Kern,029,883053,157766,146942,32878,179820,1929
2022-01-11,Kings,031,150075,38886,36524,2444,38968,389
2022-01-11,Lake,033,64148,7925,7494,390,7884,117
2022-01-11,Lassen,035,31185,7420,7210,537,7747,55
2022-01-11,Los Angeles,037,10098052,2198900,1966319,97642,2063961,27563
2022-01-11,Madera,039,155013,28413,26688,3149,29837,329
2022-01-11,Marin,041,260295,26622,24387,1474,25861,251
2022-01-11,Mariposa,043,17540,1877,1718,78,1796,6
2022-01-11,Mendocino,045,87422,10039,9301,1121,10422,102
2022-01-11,Merced,047,269075,50784,48068,3557,51625,708
2022-01-11,Modoc,049,8938,636,626,217,843,6
2022-01-11,Mono,051,14174,2622,2425,85,2510,4
2022-01-11,Monterey,053,433212,60470,53911,6006,59917,646
2022-01-11,Napa,055,140530,19557,17020,484,17504,109
2022-01-11,Nevada,057,99092,12508,11467,610,12077,110
2022-01-11,Orange,059,3164182,456764,417703,32899,450602,5909
2022-01-11,Placer,061,380077,50322,46459,5495,51954,500
2022-01-11,Plumas,063,18699,2276,2099,100,2199,12
2022-01-11,Riverside,065,2383286,490438,453766,22751,476517,5551
2022-01-11,Sacramento,067,1510023,221193,201058,13297,214355,2489
2022-01-11,San Benito,069,59416,10238,9624,303,9927,83
2022-01-11,San Bernardino,071,2135413,482388,442960,19020,461980,6198
2022-01-11,San Diego,073,3302833,589672,536954,38027,574981,4520
2022-01-11,San Francisco,075,870044,94319,83678,5606,89284,691
2022-01-11,San Joaquin,077,732212,131563,121139,7537,128676,1944
2022-01-11,San Luis Obispo,079,281455,40328,37183,2345,39528,372
2022-01-11,San Mateo,081,765935,91978,76756,3628,80384,582
2022-01-11,Santa Barbara,083,443738,64970,59758,2801,62559,578
2022-01-11,Santa Clara,085,1922200,230543,208425,6616,215041,1971
2022-01-11,Santa Cruz,087,273765,31115,27709,1557,29266,232
2022-01-11,Shasta,089,179085,25156,24132,4322,28454,446
2022-01-11,Sierra,091,2930,245,228,28,256,0
2022-01-11,Siskiyou,093,43540,3761,3621,1732,5353,62
2022-01-11,Solano,095,438530,61561,56349,3306,59655,388
2022-01-11,Sonoma,097,501317,61555,55411,1501,56912,416
2022-01-11,Stanislaus,099,539301,95531,90998,11708,102706,1372
2022-01-11,Sutter,101,95872,16802,15993,736,16729,197
2022-01-11,Tehama,103,63373,9879,9406,1899,11305,140
2022-01-11,Trinity,105,12862,972,858,244,1102,19
2022-01-11,Tulare,107,460477,81903,76267,19894,96161,1188
2022-01-11,Tuolumne,109,53932,9415,8811,194,9005,91
2022-01-11,Ventura,111,848112,142751,129548,7864,137412,1220
2022-01-11,Yolo,113,214977,28794,26482,2123,28605,270
2022-01-11,Yuba,115,75493,12661,11912,612,12524,101
2022-01-10,Alameda,001,1643700,183677,165657,7594,173251,1559
2022-01-10,Alpine,003,1148,115,116,0,116,0
2022-01-10,Amador,005,37829,6580,6279,139,6418,71
2022-01-10,Butte,007,227075,25994,24217,4824,29041,347
2022-01-10,Calaveras,009,45235,5460,5025,105,5130,93
2022-01-10,Colusa,011,21464,2835,2758,832,3590,21
2022-01-10,Contra Costa,013,1133247,142653,129951,6627,136578,1077
2022-01-10,Del Norte,015,27424,4120,3970,82,4052,43
2022-01-10,El Dorado,017,186661,21354,19606,2305,21911,172
2022-01-10,Fresno,019,978130,170881,161593,16063,177656,2404
2022-01-10,Glenn,021,27897,3978,3807,1210,5017,39
2022-01-10,Humboldt,023,135768,12878,11778,1363,13141,121
2022-01-10,Imperial,025,180216,43487,41080,6337,47417,811
2022-01-10,Inyo,027,18085,3435,3227,88,3315,49
2022-01-10,Kern,029,883053,155194,145744,32125,177869,1929
2022-01-10,Kings,031,150075,38267,36286,2407,38693,389
2022-01-10,Lake,033,64148,7836,7416,366,7782,117
2022-01-10,Lassen,035,31185,7382,7192,514,7706,55
2022-01-10,Los Angeles,037,10098052,2153380,1932475,95155,2027630,27546
2022-01-10,Madera,039,155013,27960,26501,3047,29548,328
2022-01-10,Marin,041,260295,26133,24023,1400,25423,251
2022-01-10,Mariposa,043,17540,1837,1684,72,1756,6
2022-01-10,Mendocino,045,87422,9866,9163,1033,10196,101
2022-01-10,Merced,047,269075,49975,47632,3276,50908,707
2022-01-10,Modoc,049,8938,635,622,215,837,6
2022-01-10,Mono,051,14174,2556,2415,80,2495,4
2022-01-10,Monterey,053,433212,59514,53485,5688,59173,645
2022-01-10,Napa,055,140530,19180,16775,469,17244,109
2022-01-10,Nevada,057,99092,12284,11300,572,11872,110
2022-01-10,Orange,059,3164182,448070,406170,32045,438215,5906
2022-01-10,Placer,061,380077,49472,45642,5333,50975,498
2022-01-10,Plumas,063,18699,2241,2086,98,2184,12
2022-01-10,Riverside,065,2383286,482183,445536,22297,467833,5546
2022-01-10,Sacramento,067,1510023,216686,198023,12225,210248,2474
2022-01-10,San Benito,069,59416,10067,9467,293,9760,83
2022-01-10,San Bernardino,071,2135413,474150,437207,18294,455501,6184
2022-01-10,San Diego,073,3302833,576972,530506,36887,567393,4500
2022-01-10,San Francisco,075,870044,92525,82209,5344,87553,690
2022-01-10,San Joaquin,077,732212,128899,119587,7252,126839,1927
2022-01-10,San Luis Obispo,079,281455,39511,36618,2247,38865,371
2022-01-10,San Mateo,081,765935,89330,75210,3370,78580,582
2022-01-10,Santa Barbara,083,443738,63710,58957,2611,61568,578
2022-01-10,Santa Clara,085,1922200,224762,203540,6130,209670,1971
2022-01-10,Santa Cruz,087,273765,30274,26906,1518,28424,232
2022-01-10,Shasta,089,179085,24959,23983,4244,28227,446
2022-01-10,Sierra,091,2930,242,223,28,251,0
2022-01-10,Siskiyou,093,43540,3728,3592,1688,5280,62
2022-01-10,Solano,095,438530,60522,55663,3098,58761,385
2022-01-10,Sonoma,097,501317,60007,54478,1454,55932,412
2022-01-10,Stanislaus,099,539301,94197,89997,11377,101374,1372
2022-01-10,Sutter,101,95872,16558,15823,689,16512,196
2022-01-10,Tehama,103,63373,9767,9360,1844,11204,140
2022-01-10,Trinity,105,12862,968,849,242,1091,19
2022-01-10,Tulare,107,460477,80403,75498,19481,94979,1186
2022-01-10,Tuolumne,109,53932,9289,8685,182,8867,91
2022-01-10,Ventura,111,848112,140143,126240,7712,133952,1217
2022-01-10,Yolo,113,214977,28197,26065,2068,28133,270
2022-01-10,Yuba,115,75493,12413,11776,577,12353,101
2022-01-09,Alameda,001,1643700,179161,162701,6921,169622,1561
2022-01-09,Alpine,003,1148,115,116,0,116,0
2022-01-09,Amador,005,37829,6492,6215,127,6342,71
2022-01-09,Butte,007,227075,25606,24018,4708,28726,347
2022-01-09,Calaveras,009,45235,5331,4976,96,5072,93
2022-01-09,Colusa,011,21464,2808,2750,809,3559,21
2022-01-09,Contra Costa,013,1133247,139790,128050,5973,134023,1077
2022-01-09,Del Norte,015,27424,4080,3950,78,4028,43
2022-01-09,El Dorado,017,186661,20992,19430,2239,21669,172
2022-01-09,Fresno,019,978130,168298,159989,15680,175669,2405
2022-01-09,Glenn,021,27897,3923,3797,1189,4986,39
2022-01-09,Humboldt,023,135768,12634,11582,1240,12822,121
2022-01-09,Imperial,025,180216,42648,40608,6069,46677,811
2022-01-09,Inyo,027,18085,3332,3149,79,3228,49
2022-01-09,Kern,029,883053,152735,144819,31376,176195,1927
2022-01-09,Kings,031,150075,37589,36041,2369,38410,389
2022-01-09,Lake,033,64148,7725,7393,321,7714,117
2022-01-09,Lassen,035,31185,7318,7172,485,7657,55
2022-01-09,Los Angeles,037,10098052,2105361,1887830,92155,1979985,27532
2022-01-09,Madera,039,155013,27578,26325,2946,29271,328
2022-01-09,Marin,041,260295,25683,23708,1309,25017,251
2022-01-09,Mariposa,043,17540,1787,1660,71,1731,6
2022-01-09,Mendocino,045,87422,9659,9097,921,10018,101
2022-01-09,Merced,047,269075,49104,47294,3004,50298,706
2022-01-09,Modoc,049,8938,633,619,215,834,6
2022-01-09,Mono,051,14174,2521,2390,73,2463,4
2022-01-09,Monterey,053,433212,58451,53251,5418,58669,645
2022-01-09,Napa,055,140530,18685,16614,453,17067,109
2022-01-09,Nevada,057,99092,12029,11152,511,11663,110
2022-01-09,Orange,059,3164182,438075,400563,31086,431649,5905
2022-01-09,Placer,061,380077,48481,45081,5182,50263,498
2022-01-09,Plumas,063,18699,2202,2081,78,2159,12
2022-01-09,Riverside,065,2383286,473196,440413,21749,462162,5546
2022-01-09,Sacramento,067,1510023,211885,195444,11075,206519,2475
2022-01-09,San Benito,069,59416,9881,9363,265,9628,83
2022-01-09,San Bernardino,071,2135413,465929,430257,17475,447732,6180
2022-01-09,San Diego,073,3302833,563817,478206,35031,513237,4500
2022-01-09,San Francisco,075,870044,90660,80463,5096,85559,690
2022-01-09,San Joaquin,077,732212,125821,118422,7085,125507,1927
2022-01-09,San Luis Obispo,079,281455,38705,36291,2139,38430,371
2022-01-09,San Mateo,081,765935,86820,73867,3039,76906,582
2022-01-09,Santa Barbara,083,443738,62026,58280,2348,60628,578
2022-01-09,Santa Clara,085,1922200,218712,199889,5584,205473,1976
2022-01-09,Santa Cruz,087,273765,29523,26513,1486,27999,232
2022-01-09,Shasta,089,179085,24718,23926,4156,28082,446
2022-01-09,Sierra,091,2930,239,223,26,249,0
2022-01-09,Siskiyou,093,43540,3699,3580,1627,5207,62
2022-01-09,Solano,095,438530,59365,54985,2810,57795,384
2022-01-09,Sonoma,097,501317,58331,53543,1417,54960,412
2022-01-09,Stanislaus,099,539301,92828,89248,11104,100352,1372
2022-01-09,Sutter,101,95872,16270,15695,609,16304,196
2022-01-09,Tehama,103,63373,9649,9306,1792,11098,140
2022-01-09,Trinity,105,12862,964,848,240,1088,19
2022-01-09,Tulare,107,460477,78986,75085,19087,94172,1186
2022-01-09,Tuolumne,109,53932,9132,8595,163,8758,91
2022-01-09,Ventura,111,848112,137090,124269,7467,131736,1217
2022-01-09,Yolo,113,214977,27590,25632,2021,27653,270
2022-01-09,Yuba,115,75493,12215,11666,546,12212,101
2022-01-08,Alameda,001,1643700,177269,148560,6777,155337,1558
2022-01-08,Alpine,003,1148,115,114,0,114,0
2022-01-08,Amador,005,37829,6461,6091,122,6213,71
2022-01-08,Butte,007,227075,25422,23429,4669,28098,347
2022-01-08,Calaveras,009,45235,5286,4823,92,4915,93
2022-01-08,Colusa,011,21464,2800,2713,806,3519,21
2022-01-08,Contra Costa,013,1133247,138283,119907,5893,125800,1077
2022-01-08,Del Norte,015,27424,4063,3902,78,3980,43
2022-01-08,El Dorado,017,186661,20811,18599,2205,20804,172
2022-01-08,Fresno,019,978130,167413,155394,15545,170939,2393
2022-01-08,Glenn,021,27897,3915,3732,1184,4916,39
2022-01-08,Humboldt,023,135768,12513,11149,1214,12363,121
2022-01-08,Imperial,025,180216,42460,39429,5924,45353,800
2022-01-08,Inyo,027,18085,3318,3020,76,3096,49
2022-01-08,Kern,029,883053,151599,140410,30942,171352,1921
2022-01-08,Kings,031,150075,37348,35275,2351,37626,390
2022-01-08,Lake,033,64148,7685,7209,313,7522,117
2022-01-08,Lassen,035,31185,7288,7127,469,7596,55
2022-01-08,Los Angeles,037,10098052,2086985,1765787,90409,1856196,27476
2022-01-08,Madera,039,155013,27411,25767,2909,28676,328
2022-01-08,Marin,041,260295,25401,22377,1298,23675,251
2022-01-08,Mariposa,043,17540,1777,1588,71,1659,6
2022-01-08,Mendocino,045,87422,9585,8792,919,9711,101
2022-01-08,Merced,047,269075,48931,46094,2984,49078,703
2022-01-08,Modoc,049,8938,633,610,215,825,6
2022-01-08,Mono,051,14174,2510,2240,68,2308,4
2022-01-08,Monterey,053,433212,58064,51721,5325,57046,644
2022-01-08,Napa,055,140530,18531,15819,427,16246,109
2022-01-08,Nevada,057,99092,11942,10765,498,11263,110
2022-01-08,Orange,059,3164182,434280,375124,30231,405355,5903
2022-01-08,Placer,061,380077,48037,43172,5140,48312,495
2022-01-08,Plumas,063,18699,2192,2053,73,2126,12
2022-01-08,Riverside,065,2383286,469680,422591,21476,444067,5535
2022-01-08,Sacramento,067,1510023,210453,185118,10910,196028,2470
2022-01-08,San Benito,069,59416,9719,9016,262,9278,83
2022-01-08,San Bernardino,071,2135413,462559,411724,17077,428801,6122
2022-01-08,San Diego,073,3302833,558914,472273,34488,506761,4495
2022-01-08,San Francisco,075,870044,89461,73660,4815,78475,690
2022-01-08,San Joaquin,077,732212,124854,112514,6984,119498,1916
2022-01-08,San Luis Obispo,079,281455,38503,34489,2096,36585,369
2022-01-08,San Mateo,081,765935,85437,67918,2952,70870,582
2022-01-08,Santa Barbara,083,443738,61331,54617,2314,56931,575
2022-01-08,Santa Clara,085,1922200,215671,183842,5376,189218,1966
2022-01-08,Santa Cruz,087,273765,29097,24678,1465,26143,230
2022-01-08,Shasta,089,179085,24627,23585,4124,27709,445
2022-01-08,Sierra,091,2930,235,215,25,240,0
2022-01-08,Siskiyou,093,43540,3687,3545,1613,5158,62
2022-01-08,Solano,095,438530,58957,52452,2735,55187,383
2022-01-08,Sonoma,097,501317,57807,50130,1383,51513,411
2022-01-08,Stanislaus,099,539301,92188,87049,10987,98036,1372
2022-01-08,Sutter,101,95872,16151,15261,596,15857,195
2022-01-08,Tehama,103,63373,9618,9109,1784,10893,140
2022-01-08,Trinity,105,12862,958,836,240,1076,19
2022-01-08,Tulare,107,460477,78593,73600,18950,92550,1185
2022-01-08,Tuolumne,109,53932,9026,8360,160,8520,91
2022-01-08,Ventura,111,848112,135920,117229,7332,124561,1216
2022-01-08,Yolo,113,214977,27296,24006,1991,25997,270
2022-01-08,Yuba,115,75493,12128,11277,543,11820,101
2022-01-07,Alameda,001,1643700,174579,148560,6664,155224,1558
2022-01-07,Alpine,003,1148,115,114,0,114,0
2022-01-07,Amador,005,37829,6412,6091,119,6210,71
2022-01-07,Butte,007,227075,25217,23429,4634,28063,347
2022-01-07,Calaveras,009,45235,5247,4823,92,4915,93
2022-01-07,Colusa,011,21464,2791,2713,795,3508,21
2022-01-07,Contra Costa,013,1133247,136418,119907,5772,125679,1077
2022-01-07,Del Norte,015,27424,4047,3902,77,3979,43
2022-01-07,El Dorado,017,186661,20648,18599,2191,20790,172
2022-01-07,Fresno,019,978130,166053,155394,15447,170841,2393
2022-01-07,Glenn,021,27897,3895,3732,1181,4913,39
2022-01-07,Humboldt,023,135768,12370,11149,1186,12335,121
2022-01-07,Imperial,025,180216,42301,39429,5840,45269,800
2022-01-07,Inyo,027,18085,3299,3020,74,3094,49
2022-01-07,Kern,029,883053,150629,140410,30498,170908,1921
2022-01-07,Kings,031,150075,37167,35275,2337,37612,390
2022-01-07,Lake,033,64148,7637,7209,287,7496,117
2022-01-07,Lassen,035,31185,7272,7127,466,7593,55
2022-01-07,Los Angeles,037,10098052,2055809,1765787,88944,1854731,27476
2022-01-07,Madera,039,155013,27229,25767,2874,28641,328
2022-01-07,Marin,041,260295,25020,22377,1280,23657,251
2022-01-07,Mariposa,043,17540,1761,1588,71,1659,6
2022-01-07,Mendocino,045,87422,9492,8792,918,9710,101
2022-01-07,Merced,047,269075,48765,46094,2960,49054,703
2022-01-07,Modoc,049,8938,632,610,215,825,6
2022-01-07,Mono,051,14174,2472,2240,62,2302,4
2022-01-07,Monterey,053,433212,57644,51721,5230,56951,644
2022-01-07,Napa,055,140530,18304,15819,406,16225,109
2022-01-07,Nevada,057,99092,11813,10765,477,11242,110
2022-01-07,Orange,059,3164182,429467,375124,29612,404736,5903
2022-01-07,Placer,061,380077,47530,43172,5091,48263,495
2022-01-07,Plumas,063,18699,2183,2053,72,2125,12
2022-01-07,Riverside,065,2383286,465851,422591,21246,443837,5535
2022-01-07,Sacramento,067,1510023,208175,185118,10750,195868,2470
2022-01-07,San Benito,069,59416,9674,9016,261,9277,83
2022-01-07,San Bernardino,071,2135413,458595,411724,16844,428568,6122
2022-01-07,San Diego,073,3302833,551786,472273,33941,506214,4495
2022-01-07,San Francisco,075,870044,88020,73660,4555,78215,690
2022-01-07,San Joaquin,077,732212,123904,112514,6922,119436,1916
2022-01-07,San Luis Obispo,079,281455,38288,34489,2041,36530,369
2022-01-07,San Mateo,081,765935,83970,67918,2893,70811,582
2022-01-07,Santa Barbara,083,443738,60635,54617,2292,56909,575
2022-01-07,Santa Clara,085,1922200,212424,183842,5266,189108,1966
2022-01-07,Santa Cruz,087,273765,28617,24678,1449,26127,230
2022-01-07,Shasta,089,179085,24528,23585,4090,27675,445
2022-01-07,Sierra,091,2930,232,215,25,240,0
2022-01-07,Siskiyou,093,43540,3676,3545,1601,5146,62
2022-01-07,Solano,095,438530,58276,52452,2690,55142,383
2022-01-07,Sonoma,097,501317,57204,50130,1295,51425,411
2022-01-07,Stanislaus,099,539301,91660,87049,10895,97944,1372
2022-01-07,Sutter,101,95872,16000,15261,583,15844,195
2022-01-07,Tehama,103,63373,9582,9109,1771,10880,140
2022-01-07,Trinity,105,12862,951,836,239,1075,19
2022-01-07,Tulare,107,460477,78166,73600,18810,92410,1185
2022-01-07,Tuolumne,109,53932,8938,8360,156,8516,91
2022-01-07,Ventura,111,848112,134291,117229,7196,124425,1216
2022-01-07,Yolo,113,214977,26922,24006,1972,25978,270
2022-01-07,Yuba,115,75493,12023,11277,538,11815,101
2022-01-06,Alameda,001,1643700,169204,148560,6250,154810,1558
2022-01-06,Alpine,003,1148,114,114,0,114,0
2022-01-06,Amador,005,37829,6361,6091,114,6205,71
2022-01-06,Butte,007,227075,24922,23429,4550,27979,347
2022-01-06,Calaveras,009,45235,5130,4823,90,4913,93
2022-01-06,Colusa,011,21464,2771,2713,786,3499,21
2022-01-06,Contra Costa,013,1133247,133547,119907,5357,125264,1077
2022-01-06,Del Norte,015,27424,4013,3902,75,3977,43
2022-01-06,El Dorado,017,186661,20316,18599,2151,20750,172
2022-01-06,Fresno,019,978130,163925,155394,15181,170575,2393
2022-01-06,Glenn,021,27897,3868,3732,1155,4887,39
2022-01-06,Humboldt,023,135768,12144,11149,1145,12294,121
2022-01-06,Imperial,025,180216,41716,39429,5638,45067,800
2022-01-06,Inyo,027,18085,3261,3020,74,3094,49
2022-01-06,Kern,029,883053,148960,140410,29822,170232,1921
2022-01-06,Kings,031,150075,36842,35275,2311,37586,390
2022-01-06,Lake,033,64148,7564,7209,275,7484,117
2022-01-06,Lassen,035,31185,7249,7127,460,7587,55
2022-01-06,Los Angeles,037,10098052,2001668,1765787,86585,1852372,27476
2022-01-06,Madera,039,155013,26924,25767,2817,28584,328
2022-01-06,Marin,041,260295,24619,22377,1247,23624,251
2022-01-06,Mariposa,043,17540,1742,1588,70,1658,6
2022-01-06,Mendocino,045,87422,9395,8792,877,9669,101
2022-01-06,Merced,047,269075,48216,46094,2820,48914,703
2022-01-06,Modoc,049,8938,631,610,215,825,6
2022-01-06,Mono,051,14174,2449,2240,59,2299,4
2022-01-06,Monterey,053,433212,56923,51721,4975,56696,644
2022-01-06,Napa,055,140530,17906,15819,397,16216,109
2022-01-06,Nevada,057,99092,11618,10765,465,11230,110
2022-01-06,Orange,059,3164182,420018,375124,28864,403988,5903
2022-01-06,Placer,061,380077,46784,43172,5003,48175,495
2022-01-06,Plumas,063,18699,2165,2053,64,2117,12
2022-01-06,Riverside,065,2383286,458377,422591,20951,443542,5535
2022-01-06,Sacramento,067,1510023,204117,185118,9987,195105,2470
2022-01-06,San Benito,069,59416,9573,9016,254,9270,83
2022-01-06,San Bernardino,071,2135413,451163,411724,16351,428075,6122
2022-01-06,San Diego,073,3302833,540144,472273,32938,505211,4495
2022-01-06,San Francisco,075,870044,85707,73660,4301,77961,690
2022-01-06,San Joaquin,077,732212,121739,112514,6837,119351,1916
2022-01-06,San Luis Obispo,079,281455,37588,34489,1970,36459,369
2022-01-06,San Mateo,081,765935,81548,67918,2712,70630,582
2022-01-06,Santa Barbara,083,443738,59467,54617,2230,56847,575
2022-01-06,Santa Clara,085,1922200,207531,183842,4875,188717,1966
2022-01-06,Santa Cruz,087,273765,28057,24678,1425,26103,230
2022-01-06,Shasta,089,179085,24381,23585,4040,27625,445
2022-01-06,Sierra,091,2930,229,215,25,240,0
2022-01-06,Siskiyou,093,43540,3660,3545,1555,5100,62
2022-01-06,Solano,095,438530,57264,52452,2504,54956,383
2022-01-06,Sonoma,097,501317,55812,50130,1262,51392,411
2022-01-06,Stanislaus,099,539301,90510,87049,10730,97779,1372
2022-01-06,Sutter,101,95872,15823,15261,554,15815,195
2022-01-06,Tehama,103,63373,9504,9109,1744,10853,140
2022-01-06,Trinity,105,12862,944,836,238,1074,19
2022-01-06,Tulare,107,460477,77458,73600,18635,92235,1185
2022-01-06,Tuolumne,109,53932,8829,8360,150,8510,91
2022-01-06,Ventura,111,848112,131595,117229,7035,124264,1216
2022-01-06,Yolo,113,214977,26366,24006,1929,25935,270
2022-01-06,Yuba,115,75493,11887,11277,521,11798,101
2022-01-05,Alameda,001,1643700,164035,144824,5827,150651,1548
2022-01-05,Alpine,003,1148,114,112,0,112,0
2022-01-05,Amador,005,37829,6318,6012,111,6123,70
2022-01-05,Butte,007,227075,24618,23134,4492,27626,343
2022-01-05,Calaveras,009,45235,5073,4758,88,4846,90
2022-01-05,Colusa,011,21464,2759,2704,775,3479,21
2022-01-05,Contra Costa,013,1133247,130537,117188,4908,122096,1071
2022-01-05,Del Norte,015,27424,3992,3862,73,3935,43
2022-01-05,El Dorado,017,186661,19930,18367,2121,20488,171
2022-01-05,Fresno,019,978130,161913,153033,14909,167942,2377
2022-01-05,Glenn,021,27897,3820,3700,1145,4845,39
2022-01-05,Humboldt,023,135768,11940,10938,1097,12035,120
2022-01-05,Imperial,025,180216,41087,38789,5483,44272,800
2022-01-05,Inyo,027,18085,3179,2939,70,3009,49
2022-01-05,Kern,029,883053,147182,138186,29245,167431,1913
2022-01-05,Kings,031,150075,36499,34893,2292,37185,387
2022-01-05,Lake,033,64148,7481,7129,259,7388,117
2022-01-05,Lassen,035,31185,7229,7077,452,7529,55
2022-01-05,Los Angeles,037,10098052,1945397,1729640,84192,1813832,27443
2022-01-05,Madera,039,155013,26684,25392,2725,28117,327
2022-01-05,Marin,041,260295,24273,21829,1195,23024,251
2022-01-05,Mariposa,043,17540,1716,1564,69,1633,6
2022-01-05,Mendocino,045,87422,9264,8625,842,9467,101
2022-01-05,Merced,047,269075,47640,45721,2688,48409,700
2022-01-05,Modoc,049,8938,628,603,215,818,6
2022-01-05,Mono,051,14174,2430,2201,55,2256,4
2022-01-05,Monterey,053,433212,56099,51241,4775,56016,639
2022-01-05,Napa,055,140530,17542,15494,365,15859,108
2022-01-05,Nevada,057,99092,11423,10624,448,11072,110
2022-01-05,Orange,059,3164182,409977,366139,27811,393950,5869
2022-01-05,Placer,061,380077,45907,42456,4907,47363,492
2022-01-05,Plumas,063,18699,2145,2020,62,2082,12
2022-01-05,Riverside,065,2383286,450920,415253,20596,435849,5502
2022-01-05,Sacramento,067,1510023,199335,181488,9000,190488,2455
2022-01-05,San Benito,069,59416,9380,8829,242,9071,83
2022-01-05,San Bernardino,071,2135413,442774,405323,15792,421115,6085
2022-01-05,San Diego,073,3302833,526543,466602,31957,498559,4495
2022-01-05,San Francisco,075,870044,83145,71405,4163,75568,686
2022-01-05,San Joaquin,077,732212,119210,110497,6757,117254,1903
2022-01-05,San Luis Obispo,079,281455,36791,34066,1893,35959,369
2022-01-05,San Mateo,081,765935,79383,66018,2513,68531,578
2022-01-05,Santa Barbara,083,443738,58161,53082,2150,55232,570
2022-01-05,Santa Clara,085,1922200,201776,178629,4457,183086,1961
2022-01-05,Santa Cruz,087,273765,27303,24394,1402,25796,229
2022-01-05,Shasta,089,179085,24225,23361,4011,27372,441
2022-01-05,Sierra,091,2930,226,210,23,233,0
2022-01-05,Siskiyou,093,43540,3650,3513,1526,5039,60
2022-01-05,Solano,095,438530,56218,51505,2368,53873,380
2022-01-05,Sonoma,097,501317,54546,49120,1100,50220,412
2022-01-05,Stanislaus,099,539301,89527,86248,10570,96818,1360
2022-01-05,Sutter,101,95872,15621,15117,514,15631,193
2022-01-05,Tehama,103,63373,9407,9011,1713,10724,140
2022-01-05,Trinity,105,12862,940,822,236,1058,19
2022-01-05,Tulare,107,460477,76676,72718,18459,91177,1173
2022-01-05,Tuolumne,109,53932,8737,8223,143,8366,90
2022-01-05,Ventura,111,848112,128843,114752,6825,121577,1211
2022-01-05,Yolo,113,214977,25754,23401,1885,25286,269
2022-01-05,Yuba,115,75493,11705,11138,495,11633,100
2022-01-04,Alameda,001,1643700,158551,143360,5421,148781,1532
2022-01-04,Alpine,003,1148,114,113,0,113,0
2022-01-04,Amador,005,37829,6251,6025,105,6130,71
2022-01-04,Butte,007,227075,24319,23094,4424,27518,346
2022-01-04,Calaveras,009,45235,4997,4767,85,4852,93
2022-01-04,Colusa,011,21464,2742,2689,768,3457,21
2022-01-04,Contra Costa,013,1133247,127435,116005,4549,120554,1075
2022-01-04,Del Norte,015,27424,3960,3882,70,3952,43
2022-01-04,El Dorado,017,186661,19571,18339,2100,20439,172
2022-01-04,Fresno,019,978130,159759,153244,14656,167900,2380
2022-01-04,Glenn,021,27897,3790,3705,1131,4836,39
2022-01-04,Humboldt,023,135768,11690,10865,1046,11911,120
2022-01-04,Imperial,025,180216,40486,38596,5221,43817,800
2022-01-04,Inyo,027,18085,3096,2870,69,2939,49
2022-01-04,Kern,029,883053,145250,138245,28657,166902,1916
2022-01-04,Kings,031,150075,36177,34931,2276,37207,388
2022-01-04,Lake,033,64148,7440,7152,249,7401,117
2022-01-04,Lassen,035,31185,7206,7111,448,7559,55
2022-01-04,Los Angeles,037,10098052,1885454,1705253,81847,1787100,27419
2022-01-04,Madera,039,155013,26340,25425,2657,28082,328
2022-01-04,Marin,041,260295,23792,21675,1135,22810,251
2022-01-04,Mariposa,043,17540,1680,1564,68,1632,6
2022-01-04,Mendocino,045,87422,9141,8636,818,9454,101
2022-01-04,Merced,047,269075,47029,45583,2557,48140,700
2022-01-04,Modoc,049,8938,625,611,215,826,6
2022-01-04,Mono,051,14174,2381,2190,45,2235,4
2022-01-04,Monterey,053,433212,55365,51176,4551,55727,643
2022-01-04,Napa,055,140530,17038,15370,335,15705,107
2022-01-04,Nevada,057,99092,11265,10608,436,11044,110
2022-01-04,Orange,059,3164182,399224,362051,26670,388721,5897
2022-01-04,Placer,061,380077,45069,42285,4789,47074,494
2022-01-04,Plumas,063,18699,2119,2014,60,2074,12
2022-01-04,Riverside,065,2383286,442387,413366,20245,433611,5504
2022-01-04,Sacramento,067,1510023,194359,181271,8243,189514,2453
2022-01-04,San Benito,069,59416,9193,8763,234,8997,79
2022-01-04,San Bernardino,071,2135413,433940,404409,15255,419664,6060
2022-01-04,San Diego,073,3302833,510185,458499,30990,489489,4487
2022-01-04,San Francisco,075,870044,80300,70666,4017,74683,688
2022-01-04,San Joaquin,077,732212,116795,110374,6603,116977,1911
2022-01-04,San Luis Obispo,079,281455,35983,33788,1805,35593,371
2022-01-04,San Mateo,081,765935,77078,65157,2323,67480,582
2022-01-04,Santa Barbara,083,443738,56637,52449,2072,54521,574
2022-01-04,Santa Clara,085,1922200,195811,176854,3989,180843,1964
2022-01-04,Santa Cruz,087,273765,26540,23904,1366,25270,228
2022-01-04,Shasta,089,179085,24080,23366,3957,27323,442
2022-01-04,Sierra,091,2930,225,214,22,236,0
2022-01-04,Siskiyou,093,43540,3634,3509,1507,5016,61
2022-01-04,Solano,095,438530,54915,51300,2171,53471,383
2022-01-04,Sonoma,097,501317,52838,48653,977,49630,410
2022-01-04,Stanislaus,099,539301,88467,86107,10406,96513,1361
2022-01-04,Sutter,101,95872,15468,15032,490,15522,193
2022-01-04,Tehama,103,63373,9328,9020,1690,10710,140
2022-01-04,Trinity,105,12862,935,833,232,1065,18
2022-01-04,Tulare,107,460477,75884,72893,18253,91146,1172
2022-01-04,Tuolumne,109,53932,8627,8235,138,8373,91
2022-01-04,Ventura,111,848112,125777,114079,6589,120668,1213
2022-01-04,Yolo,113,214977,25103,22938,1840,24778,270
2022-01-04,Yuba,115,75493,11525,11104,480,11584,101
2022-01-03,Alameda,001,1643700,152608,142090,4984,147074,1529
2022-01-03,Alpine,003,1148,113,113,0,113,0
2022-01-03,Amador,005,37829,6189,6004,100,6104,71
2022-01-03,Butte,007,227075,24027,22924,4370,27294,345
2022-01-03,Calaveras,009,45235,4938,4742,80,4822,93
2022-01-03,Colusa,011,21464,2733,2683,761,3444,21
2022-01-03,Contra Costa,013,1133247,124139,114966,3961,118927,1073
2022-01-03,Del Norte,015,27424,3940,3873,66,3939,43
2022-01-03,El Dorado,017,186661,19178,18183,2073,20256,172
2022-01-03,Fresno,019,978130,157776,152674,14457,167131,2379
2022-01-03,Glenn,021,27897,3761,3703,1096,4799,39
2022-01-03,Humboldt,023,135768,11482,10784,998,11782,119
2022-01-03,Imperial,025,180216,39854,38411,5040,43451,800
2022-01-03,Inyo,027,18085,3027,2845,65,2910,49
2022-01-03,Kern,029,883053,143255,137773,28060,165833,1916
2022-01-03,Kings,031,150075,35854,34817,2247,37064,387
2022-01-03,Lake,033,64148,7338,7134,231,7365,117
2022-01-03,Lassen,035,31185,7188,7103,445,7548,55
2022-01-03,Los Angeles,037,10098052,1824673,1686203,79086,1765289,27394
2022-01-03,Madera,039,155013,26047,25323,2613,27936,320
2022-01-03,Marin,041,260295,23199,21532,1096,22628,251
2022-01-03,Mariposa,043,17540,1638,1559,68,1627,6
2022-01-03,Mendocino,045,87422,8993,8573,768,9341,101
2022-01-03,Merced,047,269075,46434,45459,2449,47908,696
2022-01-03,Modoc,049,8938,622,602,215,817,6
2022-01-03,Mono,051,14174,2303,2172,40,2212,4
2022-01-03,Monterey,053,433212,54537,51047,4344,55391,644
2022-01-03,Napa,055,140530,16530,15260,302,15562,107
2022-01-03,Nevada,057,99092,11100,10572,427,10999,110
2022-01-03,Orange,059,3164182,388050,358052,25476,383528,5894
2022-01-03,Placer,061,380077,44246,42054,4725,46779,489
2022-01-03,Plumas,063,18699,2099,2005,60,2065,12
2022-01-03,Riverside,065,2383286,433909,410155,19748,429903,5504
2022-01-03,Sacramento,067,1510023,189197,179992,7676,187668,2452
2022-01-03,San Benito,069,59416,9029,8688,227,8915,79
2022-01-03,San Bernardino,071,2135413,425381,401938,14793,416731,6056
2022-01-03,San Diego,073,3302833,494069,451154,30027,481181,4476
2022-01-03,San Francisco,075,870044,77497,69315,3766,73081,686
2022-01-03,San Joaquin,077,732212,114482,109757,6467,116224,1903
2022-01-03,San Luis Obispo,079,281455,35173,33667,1712,35379,367
2022-01-03,San Mateo,081,765935,74371,64470,2166,66636,582
2022-01-03,Santa Barbara,083,443738,55176,51912,1977,53889,571
2022-01-03,Santa Clara,085,1922200,189875,174215,3512,177727,1963
2022-01-03,Santa Cruz,087,273765,25732,23765,1333,25098,228
2022-01-03,Shasta,089,179085,23902,23301,3930,27231,440
2022-01-03,Sierra,091,2930,218,213,21,234,0
2022-01-03,Siskiyou,093,43540,3608,3500,1485,4985,61
2022-01-03,Solano,095,438530,53616,51030,1979,53009,380
2022-01-03,Sonoma,097,501317,51137,48391,879,49270,410
2022-01-03,Stanislaus,099,539301,87475,85793,10229,96022,1332
2022-01-03,Sutter,101,95872,15311,14973,469,15442,193
2022-01-03,Tehama,103,63373,9253,9005,1664,10669,140
2022-01-03,Trinity,105,12862,930,833,231,1064,18
2022-01-03,Tulare,107,460477,75186,72664,18030,90694,1167
2022-01-03,Tuolumne,109,53932,8491,8179,134,8313,91
2022-01-03,Ventura,111,848112,122604,112762,6346,119108,1211
2022-01-03,Yolo,113,214977,24421,22563,1777,24340,270
2022-01-03,Yuba,115,75493,11392,11037,461,11498,99
2022-01-02,Alameda,001,1643700,148197,133486,4504,137990,1528
2022-01-02,Alpine,003,1148,111,113,0,113,0
2022-01-02,Amador,005,37829,6121,5913,95,6008,70
2022-01-02,Butte,007,227075,23689,22469,4310,26779,341
2022-01-02,Calaveras,009,45235,4869,4668,72,4740,93
2022-01-02,Colusa,011,21464,2727,2659,750,3409,21
2022-01-02,Contra Costa,013,1133247,120580,109593,3521,113114,1073
2022-01-02,Del Norte,015,27424,3908,3841,64,3905,43
2022-01-02,El Dorado,017,186661,18841,17621,2021,19642,172
2022-01-02,Fresno,019,978130,156057,149927,14226,164153,2379
2022-01-02,Glenn,021,27897,3742,3663,1087,4750,39
2022-01-02,Humboldt,023,135768,11239,10381,920,11301,119
2022-01-02,Imperial,025,180216,39198,37672,4829,42501,800
2022-01-02,Inyo,027,18085,2958,2726,54,2780,49
2022-01-02,Kern,029,883053,141335,136123,27461,163584,1917
2022-01-02,Kings,031,150075,35530,34318,2212,36530,386
2022-01-02,Lake,033,64148,7267,7060,217,7277,117
2022-01-02,Lassen,035,31185,7172,7089,443,7532,55
2022-01-02,Los Angeles,037,10098052,1773532,1596123,76200,1672323,27371
2022-01-02,Madera,039,155013,25794,25002,2554,27556,320
2022-01-02,Marin,041,260295,22635,20475,1025,21500,249
2022-01-02,Mariposa,043,17540,1607,1509,66,1575,6
2022-01-02,Mendocino,045,87422,8869,8422,750,9172,101
2022-01-02,Merced,047,269075,45896,44769,2353,47122,694
2022-01-02,Modoc,049,8938,620,601,214,815,6
2022-01-02,Mono,051,14174,2274,2101,35,2136,4
2022-01-02,Monterey,053,433212,53912,50251,4133,54384,643
2022-01-02,Napa,055,140530,15988,14439,291,14730,107
2022-01-02,Nevada,057,99092,10911,10299,411,10710,110
2022-01-02,Orange,059,3164182,377039,339526,24323,363849,5890
2022-01-02,Placer,061,380077,43520,40857,4638,45495,489
2022-01-02,Plumas,063,18699,2084,1994,56,2050,12
2022-01-02,Riverside,065,2383286,425567,397124,19228,416352,5501
2022-01-02,Sacramento,067,1510023,185113,173562,6815,180377,2448
2022-01-02,San Benito,069,59416,8847,8320,212,8532,79
2022-01-02,San Bernardino,071,2135413,417554,386278,14232,400510,6051
2022-01-02,San Diego,073,3302833,479038,427087,28848,455935,4469
2022-01-02,San Francisco,075,870044,74559,64498,3526,68024,682
2022-01-02,San Joaquin,077,732212,112608,106640,6318,112958,1902
2022-01-02,San Luis Obispo,079,281455,34438,32342,1629,33971,365
2022-01-02,San Mateo,081,765935,71802,60504,1924,62428,581
2022-01-02,Santa Barbara,083,443738,53742,49555,1914,51469,568
2022-01-02,Santa Clara,085,1922200,183729,164547,3111,167658,1969
2022-01-02,Santa Cruz,087,273765,25062,22980,1300,24280,228
2022-01-02,Shasta,089,179085,23709,23161,3881,27042,435
2022-01-02,Sierra,091,2930,217,206,21,227,0
2022-01-02,Siskiyou,093,43540,3583,3474,1462,4936,61
2022-01-02,Solano,095,438530,52676,48957,1814,50771,379
2022-01-02,Sonoma,097,501317,49819,46040,842,46882,410
2022-01-02,Stanislaus,099,539301,86622,84367,10095,94462,1332
2022-01-02,Sutter,101,95872,15138,14741,450,15191,193
2022-01-02,Tehama,103,63373,9190,8944,1641,10585,139
2022-01-02,Trinity,105,12862,928,832,230,1062,17
2022-01-02,Tulare,107,460477,74526,71941,17837,89778,1160
2022-01-02,Tuolumne,109,53932,8385,8044,129,8173,91
2022-01-02,Ventura,111,848112,119680,107992,6123,114115,1211
2022-01-02,Yolo,113,214977,23746,21747,1707,23454,270
2022-01-02,Yuba,115,75493,11267,10844,444,11288,99
2022-01-01,Alameda,001,1643700,146390,133486,4253,137739,1528
2022-01-01,Alpine,003,1148,111,113,0,113,0
2022-01-01,Amador,005,37829,6085,5913,90,6003,70
2022-01-01,Butte,007,227075,23493,22469,4276,26745,341
2022-01-01,Calaveras,009,45235,4832,4668,70,4738,93
2022-01-01,Colusa,011,21464,2723,2659,739,3398,21
2022-01-01,Contra Costa,013,1133247,119218,109593,3393,112986,1073
2022-01-01,Del Norte,015,27424,3902,3841,64,3905,43
2022-01-01,El Dorado,017,186661,18693,17621,2006,19627,172
2022-01-01,Fresno,019,978130,155391,149927,14148,164075,2379
2022-01-01,Glenn,021,27897,3735,3663,1087,4750,39
2022-01-01,Humboldt,023,135768,11102,10381,899,11280,119
2022-01-01,Imperial,025,180216,39050,37672,4781,42453,800
2022-01-01,Inyo,027,18085,2929,2726,52,2778,49
2022-01-01,Kern,029,883053,140635,136123,27151,163274,1917
2022-01-01,Kings,031,150075,35389,34318,2185,36503,386
2022-01-01,Lake,033,64148,7229,7060,212,7272,117
2022-01-01,Lassen,035,31185,7166,7089,438,7527,55
2022-01-01,Los Angeles,037,10098052,1753418,1596123,74238,1670361,27371
2022-01-01,Madera,039,155013,25710,25002,2540,27542,320
2022-01-01,Marin,041,260295,22322,20475,984,21459,249
2022-01-01,Mariposa,043,17540,1596,1509,66,1575,6
2022-01-01,Mendocino,045,87422,8777,8422,744,9166,101
2022-01-01,Merced,047,269075,45763,44769,2342,47111,694
2022-01-01,Modoc,049,8938,617,601,214,815,6
2022-01-01,Mono,051,14174,2250,2101,30,2131,4
2022-01-01,Monterey,053,433212,53602,50251,4046,54297,643
2022-01-01,Napa,055,140530,15838,14439,276,14715,107
2022-01-01,Nevada,057,99092,10836,10299,404,10703,110
2022-01-01,Orange,059,3164182,372818,339526,23613,363139,5890
2022-01-01,Placer,061,380077,43217,40857,4573,45430,489
2022-01-01,Plumas,063,18699,2072,1994,56,2050,12
2022-01-01,Riverside,065,2383286,422076,397124,19024,416148,5501
2022-01-01,Sacramento,067,1510023,183840,173562,6547,180109,2448
2022-01-01,San Benito,069,59416,8757,8320,212,8532,79
2022-01-01,San Bernardino,071,2135413,414380,386278,13942,400220,6051
2022-01-01,San Diego,073,3302833,473103,427087,28329,455416,4469
2022-01-01,San Francisco,075,870044,73161,64498,3314,67812,682
2022-01-01,San Joaquin,077,732212,111903,106640,6244,112884,1902
2022-01-01,San Luis Obispo,079,281455,34236,32342,1619,33961,365
2022-01-01,San Mateo,081,765935,70335,60504,1773,62277,581
2022-01-01,Santa Barbara,083,443738,53002,49555,1878,51433,568
2022-01-01,Santa Clara,085,1922200,180693,164547,2913,167460,1969
2022-01-01,Santa Cruz,087,273765,24742,22980,1282,24262,228
2022-01-01,Shasta,089,179085,23625,23161,3863,27024,435
2022-01-01,Sierra,091,2930,216,206,21,227,0
2022-01-01,Siskiyou,093,43540,3580,3474,1452,4926,61
2022-01-01,Solano,095,438530,52409,48957,1756,50713,379
2022-01-01,Sonoma,097,501317,49426,46040,810,46850,410
2022-01-01,Stanislaus,099,539301,86215,84367,10018,94385,1332
2022-01-01,Sutter,101,95872,15061,14741,448,15189,193
2022-01-01,Tehama,103,63373,9157,8944,1629,10573,139
2022-01-01,Trinity,105,12862,925,832,230,1062,17
2022-01-01,Tulare,107,460477,74280,71941,17732,89673,1160
2022-01-01,Tuolumne,109,53932,8325,8044,126,8170,91
2022-01-01,Ventura,111,848112,118293,107992,5993,113985,1211
2022-01-01,Yolo,113,214977,23326,21747,1667,23414,270
2022-01-01,Yuba,115,75493,11201,10844,438,11282,99
2021-12-31,Alameda,001,1643700,145647,133486,4158,137644,1528
2021-12-31,Alpine,003,1148,111,113,0,113,0
2021-12-31,Amador,005,37829,6061,5913,89,6002,70
2021-12-31,Butte,007,227075,23388,22469,4244,26713,341
2021-12-31,Calaveras,009,45235,4799,4668,70,4738,93
2021-12-31,Colusa,011,21464,2714,2659,733,3392,21
2021-12-31,Contra Costa,013,1133247,118338,109593,3314,112907,1073
2021-12-31,Del Norte,015,27424,3893,3841,62,3903,43
2021-12-31,El Dorado,017,186661,18612,17621,1988,19609,172
2021-12-31,Fresno,019,978130,155086,149927,14126,164053,2379
2021-12-31,Glenn,021,27897,3734,3663,1085,4748,39
2021-12-31,Humboldt,023,135768,11015,10381,880,11261,119
2021-12-31,Imperial,025,180216,38919,37672,4765,42437,800
2021-12-31,Inyo,027,18085,2902,2726,52,2778,49
2021-12-31,Kern,029,883053,140130,136123,27012,163135,1917
2021-12-31,Kings,031,150075,35279,34318,2175,36493,386
2021-12-31,Lake,033,64148,7206,7060,207,7267,117
2021-12-31,Lassen,035,31185,7152,7089,438,7527,55
2021-12-31,Los Angeles,037,10098052,1742654,1596123,73481,1669604,27371
2021-12-31,Madera,039,155013,25641,25002,2523,27525,320
2021-12-31,Marin,041,260295,22166,20475,953,21428,249
2021-12-31,Mariposa,043,17540,1589,1509,65,1574,6
2021-12-31,Mendocino,045,87422,8744,8422,741,9163,101
2021-12-31,Merced,047,269075,45679,44769,2324,47093,694
2021-12-31,Modoc,049,8938,613,601,212,813,6
2021-12-31,Mono,051,14174,2238,2101,29,2130,4
2021-12-31,Monterey,053,433212,53476,50251,3980,54231,643
2021-12-31,Napa,055,140530,15726,14439,266,14705,107
2021-12-31,Nevada,057,99092,10769,10299,398,10697,110
2021-12-31,Orange,059,3164182,370309,339526,23189,362715,5890
2021-12-31,Placer,061,380077,42983,40857,4507,45364,489
2021-12-31,Plumas,063,18699,2067,1994,56,2050,12
2021-12-31,Riverside,065,2383286,420387,397124,18868,415992,5501
2021-12-31,Sacramento,067,1510023,182976,173562,6441,180003,2448
2021-12-31,San Benito,069,59416,8743,8320,211,8531,79
2021-12-31,San Bernardino,071,2135413,412148,386278,13750,400028,6051
2021-12-31,San Diego,073,3302833,469889,427087,28011,455098,4469
2021-12-31,San Francisco,075,870044,72238,64498,3258,67756,682
2021-12-31,San Joaquin,077,732212,111276,106640,6178,112818,1902
2021-12-31,San Luis Obispo,079,281455,34128,32342,1606,33948,365
2021-12-31,San Mateo,081,765935,69457,60504,1719,62223,581
2021-12-31,Santa Barbara,083,443738,52603,49555,1864,51419,568
2021-12-31,Santa Clara,085,1922200,178740,164547,2771,167318,1969
2021-12-31,Santa Cruz,087,273765,24504,22980,1260,24240,228
2021-12-31,Shasta,089,179085,23562,23161,3842,27003,435
2021-12-31,Sierra,091,2930,216,206,21,227,0
2021-12-31,Siskiyou,093,43540,3573,3474,1441,4915,61
2021-12-31,Solano,095,438530,52251,48957,1730,50687,379
2021-12-31,Sonoma,097,501317,49173,46040,797,46837,410
2021-12-31,Stanislaus,099,539301,85888,84367,9965,94332,1332
2021-12-31,Sutter,101,95872,15000,14741,442,15183,193
2021-12-31,Tehama,103,63373,9125,8944,1620,10564,139
2021-12-31,Trinity,105,12862,924,832,230,1062,17
2021-12-31,Tulare,107,460477,74075,71941,17644,89585,1160
2021-12-31,Tuolumne,109,53932,8281,8044,125,8169,91
2021-12-31,Ventura,111,848112,117319,107992,5911,113903,1211
2021-12-31,Yolo,113,214977,23105,21747,1644,23391,270
2021-12-31,Yuba,115,75493,11144,10844,432,11276,99
2021-12-30,Alameda,001,1643700,144377,133486,4028,137514,1528
2021-12-30,Alpine,003,1148,110,113,0,113,0
2021-12-30,Amador,005,37829,6042,5913,88,6001,70
2021-12-30,Butte,007,227075,23259,22469,4220,26689,341
2021-12-30,Calaveras,009,45235,4780,4668,70,4738,93
2021-12-30,Colusa,011,21464,2713,2659,731,3390,21
2021-12-30,Contra Costa,013,1133247,117246,109593,3203,112796,1073
2021-12-30,Del Norte,015,27424,3882,3841,61,3902,43
2021-12-30,El Dorado,017,186661,18507,17621,1967,19588,172
2021-12-30,Fresno,019,978130,154558,149927,14051,163978,2379
2021-12-30,Glenn,021,27897,3729,3663,1082,4745,39
2021-12-30,Humboldt,023,135768,10946,10381,868,11249,119
2021-12-30,Imperial,025,180216,38751,37672,4651,42323,800
2021-12-30,Inyo,027,18085,2883,2726,50,2776,49
2021-12-30,Kern,029,883053,139596,136123,26711,162834,1917
2021-12-30,Kings,031,150075,35161,34318,2160,36478,386
2021-12-30,Lake,033,64148,7191,7060,202,7262,117
2021-12-30,Lassen,035,31185,7146,7089,438,7527,55
2021-12-30,Los Angeles,037,10098052,1719340,1596123,72223,1668346,27371
2021-12-30,Madera,039,155013,25563,25002,2503,27505,320
2021-12-30,Marin,041,260295,21988,20475,929,21404,249
2021-12-30,Mariposa,043,17540,1583,1509,65,1574,6
2021-12-30,Mendocino,045,87422,8727,8422,730,9152,101
2021-12-30,Merced,047,269075,45577,44769,2309,47078,694
2021-12-30,Modoc,049,8938,612,601,212,813,6
2021-12-30,Mono,051,14174,2233,2101,28,2129,4
2021-12-30,Monterey,053,433212,53164,50251,3919,54170,643
2021-12-30,Napa,055,140530,15582,14439,257,14696,107
2021-12-30,Nevada,057,99092,10705,10299,389,10688,110
2021-12-30,Orange,059,3164182,365220,339526,22632,362158,5890
2021-12-30,Placer,061,380077,42708,40857,4459,45316,489
2021-12-30,Plumas,063,18699,2063,1994,55,2049,12
2021-12-30,Riverside,065,2383286,417113,397124,18712,415836,5501
2021-12-30,Sacramento,067,1510023,181718,173562,6293,179855,2448
2021-12-30,San Benito,069,59416,8698,8320,208,8528,79
2021-12-30,San Bernardino,071,2135413,409602,386278,13602,399880,6051
2021-12-30,San Diego,073,3302833,464746,427087,27500,454587,4469
2021-12-30,San Francisco,075,870044,71149,64498,3185,67683,682
2021-12-30,San Joaquin,077,732212,110681,106640,6133,112773,1902
2021-12-30,San Luis Obispo,079,281455,34009,32342,1592,33934,365
2021-12-30,San Mateo,081,765935,68412,60504,1588,62092,581
2021-12-30,Santa Barbara,083,443738,52125,49555,1844,51399,568
2021-12-30,Santa Clara,085,1922200,176463,164547,2647,167194,1969
2021-12-30,Santa Cruz,087,273765,24266,22980,1225,24205,228
2021-12-30,Shasta,089,179085,23509,23161,3836,26997,435
2021-12-30,Sierra,091,2930,216,206,21,227,0
2021-12-30,Siskiyou,093,43540,3564,3474,1439,4913,61
2021-12-30,Solano,095,438530,51902,48957,1683,50640,379
2021-12-30,Sonoma,097,501317,48837,46040,787,46827,410
2021-12-30,Stanislaus,099,539301,85574,84367,9910,94277,1332
2021-12-30,Sutter,101,95872,14938,14741,441,15182,193
2021-12-30,Tehama,103,63373,9097,8944,1614,10558,139
2021-12-30,Trinity,105,12862,921,832,230,1062,17
2021-12-30,Tulare,107,460477,73893,71941,17561,89502,1160
2021-12-30,Tuolumne,109,53932,8242,8044,124,8168,91
2021-12-30,Ventura,111,848112,116060,107992,5808,113800,1211
2021-12-30,Yolo,113,214977,22967,21747,1619,23366,270
2021-12-30,Yuba,115,75493,11097,10844,430,11274,99
2021-12-29,Alameda,001,1643700,141203,131586,3873,135459,1529
2021-12-29,Alpine,003,1148,110,113,0,113,0
2021-12-29,Amador,005,37829,6019,5905,85,5990,70
2021-12-29,Butte,007,227075,23119,22353,4182,26535,338
2021-12-29,Calaveras,009,45235,4752,4646,68,4714,93
2021-12-29,Colusa,011,21464,2703,2657,726,3383,21
2021-12-29,Contra Costa,013,1133247,115151,108165,3077,111242,1072
2021-12-29,Del Norte,015,27424,3868,3826,59,3885,43
2021-12-29,El Dorado,017,186661,18283,17489,1949,19438,172
2021-12-29,Fresno,019,978130,153428,149318,13936,163254,2364
2021-12-29,Glenn,021,27897,3719,3653,1080,4733,39
2021-12-29,Humboldt,023,135768,10837,10249,846,11095,119
2021-12-29,Imperial,025,180216,38515,37460,4583,42043,800
2021-12-29,Inyo,027,18085,2850,2703,50,2753,49
2021-12-29,Kern,029,883053,138793,135648,26322,161970,1913
2021-12-29,Kings,031,150075,35046,34216,2154,36370,386
2021-12-29,Lake,033,64148,7160,7048,200,7248,117
2021-12-29,Lassen,035,31185,7142,7085,437,7522,55
2021-12-29,Los Angeles,037,10098052,1689352,1576414,70499,1646913,27349
2021-12-29,Madera,039,155013,25459,24923,2492,27415,320
2021-12-29,Marin,041,260295,21632,20025,908,20933,249
2021-12-29,Mariposa,043,17540,1561,1507,65,1572,6
2021-12-29,Mendocino,045,87422,8668,8386,726,9112,99
2021-12-29,Merced,047,269075,45361,44548,2295,46843,693
2021-12-29,Modoc,049,8938,609,600,212,812,6
2021-12-29,Mono,051,14174,2209,2056,27,2083,4
2021-12-29,Monterey,053,433212,52753,50097,3814,53911,641
2021-12-29,Napa,055,140530,15258,14247,238,14485,107
2021-12-29,Nevada,057,99092,10613,10274,388,10662,110
2021-12-29,Orange,059,3164182,357682,334557,21954,356511,5887
2021-12-29,Placer,061,380077,42220,40545,4384,44929,489
2021-12-29,Plumas,063,18699,2051,1990,55,2045,12
2021-12-29,Riverside,065,2383286,411691,392989,18501,411490,5486
2021-12-29,Sacramento,067,1510023,179387,172145,6128,178273,2437
2021-12-29,San Benito,069,59416,8555,8239,207,8446,79
2021-12-29,San Bernardino,071,2135413,404222,382872,13389,396261,6049
2021-12-29,San Diego,073,3302833,453923,421045,26782,447827,4461
2021-12-29,San Francisco,075,870044,69452,63117,3113,66230,684
2021-12-29,San Joaquin,077,732212,109499,106063,6058,112121,1891
2021-12-29,San Luis Obispo,079,281455,33615,31936,1543,33479,365
2021-12-29,San Mateo,081,765935,66798,59478,1478,60956,581
2021-12-29,Santa Barbara,083,443738,51284,49003,1819,50822,568
2021-12-29,Santa Clara,085,1922200,173311,162008,2514,164522,1962
2021-12-29,Santa Cruz,087,273765,23987,22669,1193,23862,228
2021-12-29,Shasta,089,179085,23434,23083,3824,26907,435
2021-12-29,Sierra,091,2930,215,206,21,227,0
2021-12-29,Siskiyou,093,43540,3552,3472,1428,4900,61
2021-12-29,Solano,095,438530,51197,48562,1627,50189,379
2021-12-29,Sonoma,097,501317,48035,45479,763,46242,410
2021-12-29,Stanislaus,099,539301,85092,84083,9853,93936,1332
2021-12-29,Sutter,101,95872,14869,14688,439,15127,193
2021-12-29,Tehama,103,63373,9072,8914,1601,10515,138
2021-12-29,Trinity,105,12862,919,832,230,1062,17
2021-12-29,Tulare,107,460477,73603,71752,17444,89196,1160
2021-12-29,Tuolumne,109,53932,8189,8012,123,8135,91
2021-12-29,Ventura,111,848112,114118,106974,5628,112602,1207
2021-12-29,Yolo,113,214977,22728,21564,1588,23152,270
2021-12-29,Yuba,115,75493,11036,10808,426,11234,99
2021-12-28,Alameda,001,1643700,138107,130427,3714,134141,1522
2021-12-28,Alpine,003,1148,110,113,0,113,0
2021-12-28,Amador,005,37829,5999,5900,84,5984,70
2021-12-28,Butte,007,227075,22976,22285,4165,26450,338
2021-12-28,Calaveras,009,45235,4735,4641,67,4708,91
2021-12-28,Colusa,011,21464,2697,2653,724,3377,21
2021-12-28,Contra Costa,013,1133247,112849,107160,2959,110119,1072
2021-12-28,Del Norte,015,27424,3862,3815,59,3874,43
2021-12-28,El Dorado,017,186661,18058,17419,1938,19357,172
2021-12-28,Fresno,019,978130,152348,148987,13852,162839,2365
2021-12-28,Glenn,021,27897,3693,3639,1076,4715,39
2021-12-28,Humboldt,023,135768,10716,10198,822,11020,119
2021-12-28,Imperial,025,180216,38218,37223,4479,41702,800
2021-12-28,Inyo,027,18085,2792,2676,49,2725,48
2021-12-28,Kern,029,883053,138072,135346,25967,161313,1909
2021-12-28,Kings,031,150075,34910,34165,2139,36304,386
2021-12-28,Lake,033,64148,7141,7044,194,7238,116
2021-12-28,Lassen,035,31185,7133,7083,437,7520,55
2021-12-28,Los Angeles,037,10098052,1657126,1561791,68834,1630625,27323
2021-12-28,Madera,039,155013,25333,24865,2472,27337,320
2021-12-28,Marin,041,260295,21221,19739,878,20617,249
2021-12-28,Mariposa,043,17540,1550,1499,64,1563,6
2021-12-28,Mendocino,045,87422,8608,8366,718,9084,98
2021-12-28,Merced,047,269075,45121,44434,2285,46719,691
2021-12-28,Modoc,049,8938,609,599,211,810,6
2021-12-28,Mono,051,14174,2186,2045,25,2070,4
2021-12-28,Monterey,053,433212,52377,49973,3741,53714,639
2021-12-28,Napa,055,140530,14941,14131,211,14342,107
2021-12-28,Nevada,057,99092,10522,10250,385,10635,110
2021-12-28,Orange,059,3164182,350008,331279,21213,352492,5882
2021-12-28,Placer,061,380077,41753,40410,4314,44724,489
2021-12-28,Plumas,063,18699,2048,1989,55,2044,12
2021-12-28,Riverside,065,2383286,406448,390343,18254,408597,5470
2021-12-28,Sacramento,067,1510023,177101,171290,5995,177285,2426
2021-12-28,San Benito,069,59416,8412,8170,205,8375,79
2021-12-28,San Bernardino,071,2135413,398580,381316,13175,394491,6047
2021-12-28,San Diego,073,3302833,443239,417383,26224,443607,4450
2021-12-28,San Francisco,075,870044,67834,61745,3054,64799,682
2021-12-28,San Joaquin,077,732212,108445,105572,6013,111585,1884
2021-12-28,San Luis Obispo,079,281455,33155,31759,1527,33286,365
2021-12-28,San Mateo,081,765935,65284,58712,1389,60101,582
2021-12-28,Santa Barbara,083,443738,50639,48493,1799,50292,568
2021-12-28,Santa Clara,085,1922200,170176,160811,2418,163229,1962
2021-12-28,Santa Cruz,087,273765,23613,22513,1154,23667,228
2021-12-28,Shasta,089,179085,23364,23035,3819,26854,434
2021-12-28,Sierra,091,2930,212,206,21,227,0
2021-12-28,Siskiyou,093,43540,3543,3468,1423,4891,60
2021-12-28,Solano,095,438530,50282,48318,1573,49891,378
2021-12-28,Sonoma,097,501317,47175,45086,737,45823,410
2021-12-28,Stanislaus,099,539301,84612,83946,9791,93737,1331
2021-12-28,Sutter,101,95872,14820,14662,436,15098,193
2021-12-28,Tehama,103,63373,9055,8893,1599,10492,138
2021-12-28,Trinity,105,12862,917,831,229,1060,17
2021-12-28,Tulare,107,460477,73323,71630,17319,88949,1156
2021-12-28,Tuolumne,109,53932,8146,8006,123,8129,91
2021-12-28,Ventura,111,848112,112008,105883,5497,111380,1207
2021-12-28,Yolo,113,214977,22391,21320,1536,22856,270
2021-12-28,Yuba,115,75493,10980,10778,423,11201,99
2021-12-27,Alameda,001,1643700,135526,129910,3576,133486,1530
2021-12-27,Alpine,003,1148,110,113,0,113,0
2021-12-27,Amador,005,37829,5971,5891,84,5975,70
2021-12-27,Butte,007,227075,22841,22234,4142,26376,335
2021-12-27,Calaveras,009,45235,4710,4630,66,4696,91
2021-12-27,Colusa,011,21464,2686,2652,718,3370,21
2021-12-27,Contra Costa,013,1133247,110686,106692,2878,109570,1071
2021-12-27,Del Norte,015,27424,3853,3802,58,3860,43
2021-12-27,El Dorado,017,186661,17899,17361,1925,19286,172
2021-12-27,Fresno,019,978130,151387,148826,13771,162597,2364
2021-12-27,Glenn,021,27897,3685,3634,1070,4704,39
2021-12-27,Humboldt,023,135768,10603,10164,800,10964,119
2021-12-27,Imperial,025,180216,37977,37180,4381,41561,800
2021-12-27,Inyo,027,18085,2763,2662,47,2709,48
2021-12-27,Kern,029,883053,137421,135119,25663,160782,1907
2021-12-27,Kings,031,150075,34761,34126,2126,36252,382
2021-12-27,Lake,033,64148,7118,7037,184,7221,116
2021-12-27,Lassen,035,31185,7127,7080,437,7517,55
2021-12-27,Los Angeles,037,10098052,1620801,1554074,67079,1621153,27300
2021-12-27,Madera,039,155013,25213,24840,2453,27293,320
2021-12-27,Marin,041,260295,20831,19601,851,20452,249
2021-12-27,Mariposa,043,17540,1535,1495,64,1559,6
2021-12-27,Mendocino,045,87422,8541,8351,713,9064,98
2021-12-27,Merced,047,269075,44891,44383,2268,46651,690
2021-12-27,Modoc,049,8938,607,599,211,810,6
2021-12-27,Mono,051,14174,2123,2026,25,2051,4
2021-12-27,Monterey,053,433212,52076,49918,3690,53608,639
2021-12-27,Napa,055,140530,14671,14083,202,14285,107
2021-12-27,Nevada,057,99092,10453,10239,377,10616,110
2021-12-27,Orange,059,3164182,342529,329222,20404,349626,5875
2021-12-27,Placer,061,380077,41376,40263,4265,44528,489
2021-12-27,Plumas,063,18699,2046,1988,53,2041,12
2021-12-27,Riverside,065,2383286,401860,389096,17995,407091,5470
2021-12-27,Sacramento,067,1510023,175073,170858,5823,176681,2422
2021-12-27,San Benito,069,59416,8295,8133,201,8334,79
2021-12-27,San Bernardino,071,2135413,392804,380526,12974,393500,6047
2021-12-27,San Diego,073,3302833,433042,414968,25734,440702,4445
2021-12-27,San Francisco,075,870044,66093,60920,2988,63908,682
2021-12-27,San Joaquin,077,732212,107525,105413,5949,111362,1876
2021-12-27,San Luis Obispo,079,281455,32712,31671,1505,33176,365
2021-12-27,San Mateo,081,765935,63759,58397,1289,59686,581
2021-12-27,Santa Barbara,083,443738,49853,48209,1778,49987,568
2021-12-27,Santa Clara,085,1922200,167206,159904,2291,162195,1961
2021-12-27,Santa Cruz,087,273765,23324,22456,1136,23592,228
2021-12-27,Shasta,089,179085,23302,23015,3808,26823,432
2021-12-27,Sierra,091,2930,212,206,21,227,0
2021-12-27,Siskiyou,093,43540,3534,3466,1418,4884,60
2021-12-27,Solano,095,438530,49549,48172,1525,49697,378
2021-12-27,Sonoma,097,501317,46599,44990,718,45708,410
2021-12-27,Stanislaus,099,539301,84163,83833,9750,93583,1331
2021-12-27,Sutter,101,95872,14764,14642,431,15073,191
2021-12-27,Tehama,103,63373,9040,8887,1592,10479,136
2021-12-27,Trinity,105,12862,917,827,229,1056,17
2021-12-27,Tulare,107,460477,73057,71562,17222,88784,1146
2021-12-27,Tuolumne,109,53932,8108,7978,122,8100,91
2021-12-27,Ventura,111,848112,109920,105212,5361,110573,1206
2021-12-27,Yolo,113,214977,22098,21300,1501,22801,270
2021-12-27,Yuba,115,75493,10919,10759,422,11181,98
2021-12-26,Alameda,001,1643700,133459,127221,3502,130723,1525
2021-12-26,Alpine,003,1148,110,113,0,113,0
2021-12-26,Amador,005,37829,5955,5861,82,5943,70
2021-12-26,Butte,007,227075,22686,22087,4119,26206,330
2021-12-26,Calaveras,009,45235,4688,4591,66,4657,91
2021-12-26,Colusa,011,21464,2675,2647,712,3359,21
2021-12-26,Contra Costa,013,1133247,108924,105022,2779,107801,1071
2021-12-26,Del Norte,015,27424,3848,3795,58,3853,43
2021-12-26,El Dorado,017,186661,17744,17188,1916,19104,172
2021-12-26,Fresno,019,978130,150682,148027,13691,161718,2358
2021-12-26,Glenn,021,27897,3677,3611,1059,4670,39
2021-12-26,Humboldt,023,135768,10460,10052,777,10829,119
2021-12-26,Imperial,025,180216,37674,36878,4289,41167,800
2021-12-26,Inyo,027,18085,2739,2636,44,2680,47
2021-12-26,Kern,029,883053,136699,134591,25406,159997,1908
2021-12-26,Kings,031,150075,34608,34009,2120,36129,379
2021-12-26,Lake,033,64148,7096,7019,181,7200,116
2021-12-26,Lassen,035,31185,7121,7072,436,7508,55
2021-12-26,Los Angeles,037,10098052,1590955,1515469,65279,1580748,27257
2021-12-26,Madera,039,155013,25094,24741,2437,27178,320
2021-12-26,Marin,041,260295,20452,19085,791,19876,249
2021-12-26,Mariposa,043,17540,1529,1480,64,1544,6
2021-12-26,Mendocino,045,87422,8490,8314,711,9025,98
2021-12-26,Merced,047,269075,44640,44208,2257,46465,690
2021-12-26,Modoc,049,8938,606,597,209,806,6
2021-12-26,Mono,051,14174,2097,2000,25,2025,4
2021-12-26,Monterey,053,433212,51795,49709,3641,53350,638
2021-12-26,Napa,055,140530,14434,13809,197,14006,107
2021-12-26,Nevada,057,99092,10393,10153,370,10523,110
2021-12-26,Orange,059,3164182,336194,322991,19601,342592,5863
2021-12-26,Placer,061,380077,41025,39852,4194,44046,489
2021-12-26,Plumas,063,18699,2038,1987,52,2039,12
2021-12-26,Riverside,065,2383286,397674,384567,17825,402392,5470
2021-12-26,Sacramento,067,1510023,173348,169144,5673,174817,2418
2021-12-26,San Benito,069,59416,8206,7991,197,8188,79
2021-12-26,San Bernardino,071,2135413,388114,376052,12795,388847,6043
2021-12-26,San Diego,073,3302833,424051,406616,25241,431857,4442
2021-12-26,San Francisco,075,870044,64521,58229,2926,61155,682
2021-12-26,San Joaquin,077,732212,106709,104590,5896,110486,1872
2021-12-26,San Luis Obispo,079,281455,32272,31290,1487,32777,365
2021-12-26,San Mateo,081,765935,62359,56973,1241,58214,581
2021-12-26,Santa Barbara,083,443738,49177,47553,1748,49301,567
2021-12-26,Santa Clara,085,1922200,164506,156872,2158,159030,1967
2021-12-26,Santa Cruz,087,273765,23039,22176,1122,23298,228
2021-12-26,Shasta,089,179085,23219,22959,3796,26755,432
2021-12-26,Sierra,091,2930,212,202,21,223,0
2021-12-26,Siskiyou,093,43540,3526,3460,1409,4869,60
2021-12-26,Solano,095,438530,49046,47646,1487,49133,377
2021-12-26,Sonoma,097,501317,46102,44358,686,45044,408
2021-12-26,Stanislaus,099,539301,83791,83368,9708,93076,1331
2021-12-26,Sutter,101,95872,14699,14533,428,14961,191
2021-12-26,Tehama,103,63373,9007,8861,1589,10450,136
2021-12-26,Trinity,105,12862,917,826,228,1054,17
2021-12-26,Tulare,107,460477,72807,71292,17111,88403,1137
2021-12-26,Tuolumne,109,53932,8070,7919,122,8041,91
2021-12-26,Ventura,111,848112,108083,103498,5211,108709,1206
2021-12-26,Yolo,113,214977,21812,21084,1461,22545,270
2021-12-26,Yuba,115,75493,10868,10694,420,11114,98
2021-12-25,Alameda,001,1643700,132384,127221,3437,130658,1525
2021-12-25,Alpine,003,1148,110,113,0,113,0
2021-12-25,Amador,005,37829,5936,5861,82,5943,70
2021-12-25,Butte,007,227075,22589,22087,4103,26190,330
2021-12-25,Calaveras,009,45235,4659,4591,65,4656,91
2021-12-25,Colusa,011,21464,2670,2647,706,3353,21
2021-12-25,Contra Costa,013,1133247,108102,105022,2725,107747,1071
2021-12-25,Del Norte,015,27424,3841,3795,57,3852,43
2021-12-25,El Dorado,017,186661,17691,17188,1905,19093,172
2021-12-25,Fresno,019,978130,150369,148027,13643,161670,2358
2021-12-25,Glenn,021,27897,3666,3611,1055,4666,39
2021-12-25,Humboldt,023,135768,10379,10052,770,10822,119
2021-12-25,Imperial,025,180216,37552,36878,4266,41144,800
2021-12-25,Inyo,027,18085,2719,2636,44,2680,47
2021-12-25,Kern,029,883053,136352,134591,25280,159871,1908
2021-12-25,Kings,031,150075,34518,34009,2113,36122,379
2021-12-25,Lake,033,64148,7084,7019,179,7198,116
2021-12-25,Lassen,035,31185,7119,7072,436,7508,55
2021-12-25,Los Angeles,037,10098052,1578145,1515469,63955,1579424,27257
2021-12-25,Madera,039,155013,25044,24741,2431,27172,320
2021-12-25,Marin,041,260295,20110,19085,742,19827,249
2021-12-25,Mariposa,043,17540,1523,1480,64,1544,6
2021-12-25,Mendocino,045,87422,8452,8314,711,9025,98
2021-12-25,Merced,047,269075,44540,44208,2255,46463,690
2021-12-25,Modoc,049,8938,606,597,209,806,6
2021-12-25,Mono,051,14174,2080,2000,25,2025,4
2021-12-25,Monterey,053,433212,51627,49709,3606,53315,638
2021-12-25,Napa,055,140530,14319,13809,189,13998,107
2021-12-25,Nevada,057,99092,10364,10153,370,10523,110
2021-12-25,Orange,059,3164182,333325,322991,19026,342017,5863
2021-12-25,Placer,061,380077,40841,39852,4158,44010,489
2021-12-25,Plumas,063,18699,2036,1987,52,2039,12
2021-12-25,Riverside,065,2383286,395393,384567,17705,402272,5470
2021-12-25,Sacramento,067,1510023,172534,169144,5565,174709,2418
2021-12-25,San Benito,069,59416,8141,7991,197,8188,79
2021-12-25,San Bernardino,071,2135413,385907,376052,12656,388708,6043
2021-12-25,San Diego,073,3302833,419983,406616,24971,431587,4442
2021-12-25,San Francisco,075,870044,63496,58229,2890,61119,682
2021-12-25,San Joaquin,077,732212,106374,104590,5864,110454,1872
2021-12-25,San Luis Obispo,079,281455,32117,31290,1478,32768,365
2021-12-25,San Mateo,081,765935,61328,56973,1198,58171,581
2021-12-25,Santa Barbara,083,443738,48813,47553,1736,49289,567
2021-12-25,Santa Clara,085,1922200,163028,156872,2091,158963,1967
2021-12-25,Santa Cruz,087,273765,22879,22176,1116,23292,228
2021-12-25,Shasta,089,179085,23186,22959,3790,26749,432
2021-12-25,Sierra,091,2930,212,202,21,223,0
2021-12-25,Siskiyou,093,43540,3523,3460,1403,4863,60
2021-12-25,Solano,095,438530,48921,47646,1469,49115,377
2021-12-25,Sonoma,097,501317,45716,44358,660,45018,408
2021-12-25,Stanislaus,099,539301,83578,83368,9682,93050,1331
2021-12-25,Sutter,101,95872,14658,14533,426,14959,191
2021-12-25,Tehama,103,63373,8987,8861,1585,10446,136
2021-12-25,Trinity,105,12862,916,826,228,1054,17
2021-12-25,Tulare,107,460477,72671,71292,17031,88323,1137
2021-12-25,Tuolumne,109,53932,8039,7919,122,8041,91
2021-12-25,Ventura,111,848112,106910,103498,5102,108600,1206
2021-12-25,Yolo,113,214977,21701,21084,1439,22523,270
2021-12-25,Yuba,115,75493,10841,10694,419,11113,98
2021-12-24,Alameda,001,1643700,131771,127221,3420,130641,1525
2021-12-24,Alpine,003,1148,110,113,0,113,0
2021-12-24,Amador,005,37829,5928,5861,81,5942,70
2021-12-24,Butte,007,227075,22534,22087,4089,26176,330
2021-12-24,Calaveras,009,45235,4653,4591,65,4656,91
2021-12-24,Colusa,011,21464,2668,2647,705,3352,21
2021-12-24,Contra Costa,013,1133247,107784,105022,2693,107715,1071
2021-12-24,Del Norte,015,27424,3834,3795,57,3852,43
2021-12-24,El Dorado,017,186661,17638,17188,1900,19088,172
2021-12-24,Fresno,019,978130,150203,148027,13629,161656,2358
2021-12-24,Glenn,021,27897,3665,3611,1055,4666,39
2021-12-24,Humboldt,023,135768,10323,10052,764,10816,119
2021-12-24,Imperial,025,180216,37469,36878,4262,41140,800
2021-12-24,Inyo,027,18085,2699,2636,44,2680,47
2021-12-24,Kern,029,883053,136229,134591,25238,159829,1908
2021-12-24,Kings,031,150075,34450,34009,2112,36121,379
2021-12-24,Lake,033,64148,7080,7019,179,7198,116
2021-12-24,Lassen,035,31185,7116,7072,436,7508,55
2021-12-24,Los Angeles,037,10098052,1573286,1515469,63426,1578895,27257
2021-12-24,Madera,039,155013,25009,24741,2426,27167,320
2021-12-24,Marin,041,260295,19964,19085,711,19796,249
2021-12-24,Mariposa,043,17540,1521,1480,64,1544,6
2021-12-24,Mendocino,045,87422,8435,8314,711,9025,98
2021-12-24,Merced,047,269075,44490,44208,2253,46461,690
2021-12-24,Modoc,049,8938,606,597,209,806,6
2021-12-24,Mono,051,14174,2067,2000,25,2025,4
2021-12-24,Monterey,053,433212,51530,49709,3580,53289,638
2021-12-24,Napa,055,140530,14253,13809,185,13994,107
2021-12-24,Nevada,057,99092,10338,10153,368,10521,110
2021-12-24,Orange,059,3164182,332273,322991,18866,341857,5863
2021-12-24,Placer,061,380077,40721,39852,4142,43994,489
2021-12-24,Plumas,063,18699,2035,1987,52,2039,12
2021-12-24,Riverside,065,2383286,394396,384567,17614,402181,5470
2021-12-24,Sacramento,067,1510023,172219,169144,5529,174673,2418
2021-12-24,San Benito,069,59416,8132,7991,196,8187,79
2021-12-24,San Bernardino,071,2135413,384788,376052,12584,388636,6043
2021-12-24,San Diego,073,3302833,418862,406616,24844,431460,4442
2021-12-24,San Francisco,075,870044,62987,58229,2872,61101,682
2021-12-24,San Joaquin,077,732212,106179,104590,5856,110446,1872
2021-12-24,San Luis Obispo,079,281455,32055,31290,1468,32758,365
2021-12-24,San Mateo,081,765935,60896,56973,1175,58148,581
2021-12-24,Santa Barbara,083,443738,48608,47553,1729,49282,567
2021-12-24,Santa Clara,085,1922200,162204,156872,2057,158929,1967
2021-12-24,Santa Cruz,087,273765,22796,22176,1113,23289,228
2021-12-24,Shasta,089,179085,23152,22959,3786,26745,432
2021-12-24,Sierra,091,2930,211,202,21,223,0
2021-12-24,Siskiyou,093,43540,3518,3460,1399,4859,60
2021-12-24,Solano,095,438530,48869,47646,1467,49113,377
2021-12-24,Sonoma,097,501317,45550,44358,652,45010,408
2021-12-24,Stanislaus,099,539301,83466,83368,9659,93027,1331
2021-12-24,Sutter,101,95872,14638,14533,423,14956,191
2021-12-24,Tehama,103,63373,8978,8861,1582,10443,136
2021-12-24,Trinity,105,12862,914,826,228,1054,17
2021-12-24,Tulare,107,460477,72604,71292,16988,88280,1137
2021-12-24,Tuolumne,109,53932,8014,7919,122,8041,91
2021-12-24,Ventura,111,848112,106463,103498,5046,108544,1206
2021-12-24,Yolo,113,214977,21627,21084,1421,22505,270
2021-12-24,Yuba,115,75493,10818,10694,418,11112,98
2021-12-23,Alameda,001,1643700,131070,127221,3386,130607,1525
2021-12-23,Alpine,003,1148,110,113,0,113,0
2021-12-23,Amador,005,37829,5916,5861,79,5940,70
2021-12-23,Butte,007,227075,22483,22087,4077,26164,330
2021-12-23,Calaveras,009,45235,4642,4591,65,4656,91
2021-12-23,Colusa,011,21464,2662,2647,701,3348,21
2021-12-23,Contra Costa,013,1133247,107354,105022,2648,107670,1071
2021-12-23,Del Norte,015,27424,3831,3795,57,3852,43
2021-12-23,El Dorado,017,186661,17575,17188,1894,19082,172
2021-12-23,Fresno,019,978130,149998,148027,13608,161635,2358
2021-12-23,Glenn,021,27897,3661,3611,1055,4666,39
2021-12-23,Humboldt,023,135768,10270,10052,761,10813,119
2021-12-23,Imperial,025,180216,37395,36878,4234,41112,800
2021-12-23,Inyo,027,18085,2686,2636,44,2680,47
2021-12-23,Kern,029,883053,136078,134591,25140,159731,1908
2021-12-23,Kings,031,150075,34409,34009,2111,36120,379
2021-12-23,Lake,033,64148,7068,7019,177,7196,116
2021-12-23,Lassen,035,31185,7115,7072,436,7508,55
2021-12-23,Los Angeles,037,10098052,1563752,1515469,62330,1577799,27257
2021-12-23,Madera,039,155013,24976,24741,2421,27162,320
2021-12-23,Marin,041,260295,19830,19085,694,19779,249
2021-12-23,Mariposa,043,17540,1516,1480,64,1544,6
2021-12-23,Mendocino,045,87422,8426,8314,711,9025,98
2021-12-23,Merced,047,269075,44441,44208,2251,46459,690
2021-12-23,Modoc,049,8938,606,597,209,806,6
2021-12-23,Mono,051,14174,2046,2000,24,2024,4
2021-12-23,Monterey,053,433212,51408,49709,3559,53268,638
2021-12-23,Napa,055,140530,14172,13809,180,13989,107
2021-12-23,Nevada,057,99092,10314,10153,367,10520,110
2021-12-23,Orange,059,3164182,330583,322991,18533,341524,5863
2021-12-23,Placer,061,380077,40598,39852,4126,43978,489
2021-12-23,Plumas,063,18699,2035,1987,52,2039,12
2021-12-23,Riverside,065,2383286,393178,384567,17545,402112,5470
2021-12-23,Sacramento,067,1510023,171762,169144,5481,174625,2418
2021-12-23,San Benito,069,59416,8113,7991,194,8185,79
2021-12-23,San Bernardino,071,2135413,383618,376052,12477,388529,6043
2021-12-23,San Diego,073,3302833,417014,406616,24644,431260,4442
2021-12-23,San Francisco,075,870044,62258,58229,2844,61073,682
2021-12-23,San Joaquin,077,732212,105961,104590,5843,110433,1872
2021-12-23,San Luis Obispo,079,281455,31983,31290,1464,32754,365
2021-12-23,San Mateo,081,765935,60334,56973,1154,58127,581
2021-12-23,Santa Barbara,083,443738,48409,47553,1727,49280,567
2021-12-23,Santa Clara,085,1922200,161298,156872,1998,158870,1967
2021-12-23,Santa Cruz,087,273765,22681,22176,1101,23277,228
2021-12-23,Shasta,089,179085,23122,22959,3783,26742,432
2021-12-23,Sierra,091,2930,208,202,21,223,0
2021-12-23,Siskiyou,093,43540,3518,3460,1397,4857,60
2021-12-23,Solano,095,438530,48763,47646,1451,49097,377
2021-12-23,Sonoma,097,501317,45373,44358,649,45007,408
2021-12-23,Stanislaus,099,539301,83337,83368,9638,93006,1331
2021-12-23,Sutter,101,95872,14621,14533,422,14955,191
2021-12-23,Tehama,103,63373,8966,8861,1578,10439,136
2021-12-23,Trinity,105,12862,914,826,228,1054,17
2021-12-23,Tulare,107,460477,72529,71292,16944,88236,1137
2021-12-23,Tuolumne,109,53932,7996,7919,121,8040,91
2021-12-23,Ventura,111,848112,105927,103498,4979,108477,1206
2021-12-23,Yolo,113,214977,21555,21084,1403,22487,270
2021-12-23,Yuba,115,75493,10805,10694,418,11112,98
2021-12-22,Alameda,001,1643700,130146,126533,3301,129834,1522
2021-12-22,Alpine,003,1148,110,112,0,112,0
2021-12-22,Amador,005,37829,5903,5850,78,5928,70
2021-12-22,Butte,007,227075,22433,22070,4065,26135,330
2021-12-22,Calaveras,009,45235,4633,4580,65,4645,91
2021-12-22,Colusa,011,21464,2662,2645,698,3343,21
2021-12-22,Contra Costa,013,1133247,106717,104559,2605,107164,1070
2021-12-22,Del Norte,015,27424,3831,3794,57,3851,43
2021-12-22,El Dorado,017,186661,17514,17140,1885,19025,172
2021-12-22,Fresno,019,978130,149716,147838,13574,161412,2349
2021-12-22,Glenn,021,27897,3656,3604,1055,4659,39
2021-12-22,Humboldt,023,135768,10209,10022,756,10778,119
2021-12-22,Imperial,025,180216,37309,36755,4197,40952,798
2021-12-22,Inyo,027,18085,2668,2632,44,2676,47
2021-12-22,Kern,029,883053,135843,134433,25055,159488,1900
2021-12-22,Kings,031,150075,34359,33953,2104,36057,376
2021-12-22,Lake,033,64148,7061,7008,175,7183,116
2021-12-22,Lassen,035,31185,7110,7069,435,7504,55
2021-12-22,Los Angeles,037,10098052,1550218,1507110,61155,1568265,27234
2021-12-22,Madera,039,155013,24938,24702,2417,27119,320
2021-12-22,Marin,041,260295,19609,18927,671,19598,249
2021-12-22,Mariposa,043,17540,1509,1480,64,1544,6
2021-12-22,Mendocino,045,87422,8417,8299,711,9010,99
2021-12-22,Merced,047,269075,44370,44137,2249,46386,689
2021-12-22,Modoc,049,8938,606,595,209,804,6
2021-12-22,Mono,051,14174,2042,1979,24,2003,4
2021-12-22,Monterey,053,433212,51251,49650,3542,53192,639
2021-12-22,Napa,055,140530,14045,13746,170,13916,107
2021-12-22,Nevada,057,99092,10286,10101,362,10463,110
2021-12-22,Orange,059,3164182,328288,321765,18101,339866,5858
2021-12-22,Placer,061,380077,40414,39758,4089,43847,489
2021-12-22,Plumas,063,18699,2031,1986,52,2038,12
2021-12-22,Riverside,065,2383286,391347,383319,17430,400749,5472
2021-12-22,Sacramento,067,1510023,171103,168695,5412,174107,2422
2021-12-22,San Benito,069,59416,8061,7971,192,8163,79
2021-12-22,San Bernardino,071,2135413,381948,375044,12392,387436,6039
2021-12-22,San Diego,073,3302833,412895,404269,24315,428584,4434
2021-12-22,San Francisco,075,870044,61269,57520,2799,60319,682
2021-12-22,San Joaquin,077,732212,105691,104385,5829,110214,1870
2021-12-22,San Luis Obispo,079,281455,31842,31175,1444,32619,365
2021-12-22,San Mateo,081,765935,59649,56604,1125,57729,581
2021-12-22,Santa Barbara,083,443738,48153,47372,1711,49083,566
2021-12-22,Santa Clara,085,1922200,160178,156258,1957,158215,1954
2021-12-22,Santa Cruz,087,273765,22574,22075,1095,23170,228
2021-12-22,Shasta,089,179085,23093,22937,3778,26715,432
2021-12-22,Sierra,091,2930,208,202,21,223,0
2021-12-22,Siskiyou,093,43540,3515,3458,1394,4852,59
2021-12-22,Solano,095,438530,48534,47531,1437,48968,375
2021-12-22,Sonoma,097,501317,45098,44201,638,44839,408
2021-12-22,Stanislaus,099,539301,83196,83245,9618,92863,1331
2021-12-22,Sutter,101,95872,14585,14513,419,14932,191
2021-12-22,Tehama,103,63373,8953,8853,1575,10428,136
2021-12-22,Trinity,105,12862,914,826,228,1054,17
2021-12-22,Tulare,107,460477,72428,71226,16892,88118,1137
2021-12-22,Tuolumne,109,53932,7975,7903,121,8024,91
2021-12-22,Ventura,111,848112,105321,103089,4872,107961,1206
2021-12-22,Yolo,113,214977,21479,21012,1387,22399,270
2021-12-22,Yuba,115,75493,10788,10681,418,11099,98
2021-12-21,Alameda,001,1643700,129149,126007,3245,129252,1518
2021-12-21,Alpine,003,1148,110,112,0,112,0
2021-12-21,Amador,005,37829,5893,5845,78,5923,70
2021-12-21,Butte,007,227075,22370,22041,4051,26092,330
2021-12-21,Calaveras,009,45235,4620,4575,65,4640,91
2021-12-21,Colusa,011,21464,2660,2643,697,3340,21
2021-12-21,Contra Costa,013,1133247,106085,104255,2539,106794,1068
2021-12-21,Del Norte,015,27424,3830,3793,57,3850,43
2021-12-21,El Dorado,017,186661,17449,17098,1873,18971,172
2021-12-21,Fresno,019,978130,149429,147707,13539,161246,2341
2021-12-21,Glenn,021,27897,3642,3602,1055,4657,39
2021-12-21,Humboldt,023,135768,10144,9989,751,10740,118
2021-12-21,Imperial,025,180216,37211,36580,4155,40735,792
2021-12-21,Inyo,027,18085,2657,2627,44,2671,47
2021-12-21,Kern,029,883053,135634,134321,24949,159270,1892
2021-12-21,Kings,031,150075,34298,33914,2103,36017,376
2021-12-21,Lake,033,64148,7056,7004,173,7177,116
2021-12-21,Lassen,035,31185,7108,7069,435,7504,55
2021-12-21,Los Angeles,037,10098052,1536333,1501169,60125,1561294,27220
2021-12-21,Madera,039,155013,24901,24688,2410,27098,320
2021-12-21,Marin,041,260295,19439,18828,636,19464,249
2021-12-21,Mariposa,043,17540,1508,1480,63,1543,6
2021-12-21,Mendocino,045,87422,8401,8282,709,8991,97
2021-12-21,Merced,047,269075,44298,44096,2246,46342,688
2021-12-21,Modoc,049,8938,604,595,207,802,6
2021-12-21,Mono,051,14174,2023,1979,24,2003,4
2021-12-21,Monterey,053,433212,51160,49586,3525,53111,638
2021-12-21,Napa,055,140530,13944,13703,159,13862,107
2021-12-21,Nevada,057,99092,10257,10095,362,10457,110
2021-12-21,Orange,059,3164182,326162,320705,17647,338352,5855
2021-12-21,Placer,061,380077,40273,39649,4060,43709,487
2021-12-21,Plumas,063,18699,2031,1975,52,2027,12
2021-12-21,Riverside,065,2383286,389621,382415,17309,399724,5465
2021-12-21,Sacramento,067,1510023,170452,168422,5356,173778,2419
2021-12-21,San Benito,069,59416,8022,7950,189,8139,79
2021-12-21,San Bernardino,071,2135413,380317,374219,12284,386503,6026
2021-12-21,San Diego,073,3302833,409169,402386,23978,426364,4424
2021-12-21,San Francisco,075,870044,60317,56950,2765,59715,681
2021-12-21,San Joaquin,077,732212,105404,104238,5810,110048,1870
2021-12-21,San Luis Obispo,079,281455,31678,31103,1432,32535,365
2021-12-21,San Mateo,081,765935,59032,56381,1101,57482,581
2021-12-21,Santa Barbara,083,443738,47925,47194,1696,48890,564
2021-12-21,Santa Clara,085,1922200,159154,155769,1915,157684,1951
2021-12-21,Santa Cruz,087,273765,22457,22028,1084,23112,228
2021-12-21,Shasta,089,179085,23062,22920,3774,26694,429
2021-12-21,Sierra,091,2930,206,201,21,222,0
2021-12-21,Siskiyou,093,43540,3514,3455,1394,4849,59
2021-12-21,Solano,095,438530,48380,47474,1430,48904,372
2021-12-21,Sonoma,097,501317,44875,44051,628,44679,408
2021-12-21,Stanislaus,099,539301,83041,83167,9587,92754,1331
2021-12-21,Sutter,101,95872,14562,14492,418,14910,190
2021-12-21,Tehama,103,63373,8945,8849,1570,10419,136
2021-12-21,Trinity,105,12862,913,826,228,1054,17
2021-12-21,Tulare,107,460477,72335,71166,16850,88016,1137
2021-12-21,Tuolumne,109,53932,7951,7893,121,8014,91
2021-12-21,Ventura,111,848112,104702,102631,4759,107390,1205
2021-12-21,Yolo,113,214977,21370,20944,1383,22327,267
2021-12-21,Yuba,115,75493,10771,10668,418,11086,98
2021-12-20,Alameda,001,1643700,128217,125762,3176,128938,1515
2021-12-20,Alpine,003,1148,110,112,0,112,0
2021-12-20,Amador,005,37829,5879,5838,78,5916,70
2021-12-20,Butte,007,227075,22308,22030,4042,26072,329
2021-12-20,Calaveras,009,45235,4610,4569,65,4634,91
2021-12-20,Colusa,011,21464,2659,2644,697,3341,21
2021-12-20,Contra Costa,013,1133247,105550,104051,2492,106543,1068
2021-12-20,Del Norte,015,27424,3828,3792,57,3849,43
2021-12-20,El Dorado,017,186661,17388,17083,1865,18948,172
2021-12-20,Fresno,019,978130,149186,147605,13510,161115,2341
2021-12-20,Glenn,021,27897,3636,3597,1055,4652,39
2021-12-20,Humboldt,023,135768,10102,9973,747,10720,118
2021-12-20,Imperial,025,180216,37095,36532,4125,40657,792
2021-12-20,Inyo,027,18085,2654,2615,44,2659,47
2021-12-20,Kern,029,883053,135435,134203,24889,159092,1883
2021-12-20,Kings,031,150075,34256,33898,2102,36000,376
2021-12-20,Lake,033,64148,7051,6999,173,7172,116
2021-12-20,Lassen,035,31185,7106,7065,434,7499,55
2021-12-20,Los Angeles,037,10098052,1524860,1495251,59395,1554646,27188
2021-12-20,Madera,039,155013,24872,24668,2406,27074,313
2021-12-20,Marin,041,260295,19225,18747,618,19365,249
2021-12-20,Mariposa,043,17540,1499,1479,63,1542,6
2021-12-20,Mendocino,045,87422,8389,8264,707,8971,96
2021-12-20,Merced,047,269075,44241,44071,2241,46312,687
2021-12-20,Modoc,049,8938,604,595,204,799,6
2021-12-20,Mono,051,14174,2000,1973,24,1997,4
2021-12-20,Monterey,053,433212,51063,49556,3505,53061,636
2021-12-20,Napa,055,140530,13859,13672,149,13821,107
2021-12-20,Nevada,057,99092,10217,10079,361,10440,109
2021-12-20,Orange,059,3164182,324556,320235,17328,337563,5852
2021-12-20,Placer,061,380077,40144,39579,4030,43609,485
2021-12-20,Plumas,063,18699,2028,1971,50,2021,12
2021-12-20,Riverside,065,2383286,388172,381841,17219,399060,5452
2021-12-20,Sacramento,067,1510023,169882,168153,5313,173466,2414
2021-12-20,San Benito,069,59416,7978,7934,187,8121,79
2021-12-20,San Bernardino,071,2135413,378819,373881,12199,386080,6023
2021-12-20,San Diego,073,3302833,405958,401483,23738,425221,4412
2021-12-20,San Francisco,075,870044,59263,56661,2705,59366,681
2021-12-20,San Joaquin,077,732212,105161,104188,5801,109989,1865
2021-12-20,San Luis Obispo,079,281455,31565,31075,1424,32499,365
2021-12-20,San Mateo,081,765935,58484,56247,1082,57329,581
2021-12-20,Santa Barbara,083,443738,47715,47131,1691,48822,562
2021-12-20,Santa Clara,085,1922200,158193,155427,1866,157293,1950
2021-12-20,Santa Cruz,087,273765,22376,21989,1079,23068,227
2021-12-20,Shasta,089,179085,23041,22888,3769,26657,429
2021-12-20,Sierra,091,2930,205,201,21,222,0
2021-12-20,Siskiyou,093,43540,3513,3453,1392,4845,59
2021-12-20,Solano,095,438530,48252,47394,1422,48816,370
2021-12-20,Sonoma,097,501317,44683,43982,620,44602,408
2021-12-20,Stanislaus,099,539301,82917,83110,9558,92668,1331
2021-12-20,Sutter,101,95872,14539,14480,418,14898,190
2021-12-20,Tehama,103,63373,8937,8840,1567,10407,136
2021-12-20,Trinity,105,12862,913,826,228,1054,17
2021-12-20,Tulare,107,460477,72241,71124,16790,87914,1129
2021-12-20,Tuolumne,109,53932,7937,7867,117,7984,91
2021-12-20,Ventura,111,848112,104194,102452,4681,107133,1203
2021-12-20,Yolo,113,214977,21277,20903,1371,22274,267
2021-12-20,Yuba,115,75493,10755,10656,415,11071,97
2021-12-19,Alameda,001,1643700,127331,125464,3133,128597,1519
2021-12-19,Alpine,003,1148,110,112,0,112,0
2021-12-19,Amador,005,37829,5867,5832,77,5909,70
2021-12-19,Butte,007,227075,22254,22022,4036,26058,329
2021-12-19,Calaveras,009,45235,4594,4563,64,4627,91
2021-12-19,Colusa,011,21464,2659,2643,694,3337,21
2021-12-19,Contra Costa,013,1133247,105059,103906,2457,106363,1068
2021-12-19,Del Norte,015,27424,3824,3797,57,3854,43
2021-12-19,El Dorado,017,186661,17331,17067,1863,18930,172
2021-12-19,Fresno,019,978130,148945,147505,13484,160989,2341
2021-12-19,Glenn,021,27897,3632,3596,1054,4650,39
2021-12-19,Humboldt,023,135768,10060,9957,742,10699,118
2021-12-19,Imperial,025,180216,36966,36501,4081,40582,792
2021-12-19,Inyo,027,18085,2645,2613,44,2657,47
2021-12-19,Kern,029,883053,135236,134136,24818,158954,1883
2021-12-19,Kings,031,150075,34198,33874,2098,35972,378
2021-12-19,Lake,033,64148,7042,6999,170,7169,116
2021-12-19,Lassen,035,31185,7102,7065,434,7499,55
2021-12-19,Los Angeles,037,10098052,1515876,1495082,58787,1553869,27189
2021-12-19,Madera,039,155013,24848,24642,2400,27042,313
2021-12-19,Marin,041,260295,19049,18707,595,19302,249
2021-12-19,Mariposa,043,17540,1493,1475,63,1538,6
2021-12-19,Mendocino,045,87422,8372,8257,704,8961,96
2021-12-19,Merced,047,269075,44146,44045,2234,46279,687
2021-12-19,Modoc,049,8938,603,595,204,799,6
2021-12-19,Mono,051,14174,1989,1968,23,1991,4
2021-12-19,Monterey,053,433212,50961,49516,3483,52999,636
2021-12-19,Napa,055,140530,13786,13659,140,13799,107
2021-12-19,Nevada,057,99092,10181,10057,358,10415,109
2021-12-19,Orange,059,3164182,323150,319615,17101,336716,5852
2021-12-19,Placer,061,380077,40022,39525,4013,43538,485
2021-12-19,Plumas,063,18699,2025,1971,50,2021,12
2021-12-19,Riverside,065,2383286,386728,381305,17143,398448,5452
2021-12-19,Sacramento,067,1510023,169387,167933,5284,173217,2415
2021-12-19,San Benito,069,59416,7952,7929,186,8115,79
2021-12-19,San Bernardino,071,2135413,377518,373480,12159,385639,6023
2021-12-19,San Diego,073,3302833,403481,398197,23542,421739,4406
2021-12-19,San Francisco,075,870044,58390,56358,2649,59007,681
2021-12-19,San Joaquin,077,732212,104904,104125,5787,109912,1865
2021-12-19,San Luis Obispo,079,281455,31442,31035,1412,32447,366
2021-12-19,San Mateo,081,765935,58019,56132,1067,57199,581
2021-12-19,Santa Barbara,083,443738,47492,47070,1684,48754,562
2021-12-19,Santa Clara,085,1922200,157306,155049,1838,156887,1950
2021-12-19,Santa Cruz,087,273765,22277,21960,1074,23034,227
2021-12-19,Shasta,089,179085,23004,22875,3765,26640,429
2021-12-19,Sierra,091,2930,204,201,21,222,0
2021-12-19,Siskiyou,093,43540,3510,3452,1392,4844,59
2021-12-19,Solano,095,438530,48130,47341,1416,48757,370
2021-12-19,Sonoma,097,501317,44499,43944,618,44562,408
2021-12-19,Stanislaus,099,539301,82779,83040,9526,92566,1331
2021-12-19,Sutter,101,95872,14499,14475,417,14892,190
2021-12-19,Tehama,103,63373,8929,8840,1567,10407,136
2021-12-19,Trinity,105,12862,913,826,228,1054,17
2021-12-19,Tulare,107,460477,72148,71085,16748,87833,1129
2021-12-19,Tuolumne,109,53932,7920,7865,116,7981,91
2021-12-19,Ventura,111,848112,103614,102170,4616,106786,1203
2021-12-19,Yolo,113,214977,21196,20887,1351,22238,267
2021-12-19,Yuba,115,75493,10738,10646,413,11059,97
2021-12-18,Alameda,001,1643700,126925,124583,3108,127691,1512
2021-12-18,Alpine,003,1148,110,110,0,110,0
2021-12-18,Amador,005,37829,5861,5821,77,5898,69
2021-12-18,Butte,007,227075,22238,21956,4031,25987,328
2021-12-18,Calaveras,009,45235,4587,4534,64,4598,91
2021-12-18,Colusa,011,21464,2655,2635,692,3327,21
2021-12-18,Contra Costa,013,1133247,104845,103380,2443,105823,1065
2021-12-18,Del Norte,015,27424,3821,3791,57,3848,43
2021-12-18,El Dorado,017,186661,17303,16968,1860,18828,171
2021-12-18,Fresno,019,978130,148842,147038,13470,160508,2335
2021-12-18,Glenn,021,27897,3629,3590,1054,4644,39
2021-12-18,Humboldt,023,135768,10044,9889,742,10631,118
2021-12-18,Imperial,025,180216,36893,36280,4069,40349,790
2021-12-18,Inyo,027,18085,2639,2607,44,2651,47
2021-12-18,Kern,029,883053,135146,133754,24771,158525,1873
2021-12-18,Kings,031,150075,34165,33783,2094,35877,374
2021-12-18,Lake,033,64148,7041,6976,170,7146,115
2021-12-18,Lassen,035,31185,7100,7061,433,7494,55
2021-12-18,Los Angeles,037,10098052,1511790,1484840,58474,1543314,27135
2021-12-18,Madera,039,155013,24833,24575,2398,26973,313
2021-12-18,Marin,041,260295,18948,18537,583,19120,249
2021-12-18,Mariposa,043,17540,1492,1468,63,1531,6
2021-12-18,Mendocino,045,87422,8366,8219,704,8923,95
2021-12-18,Merced,047,269075,44111,43929,2232,46161,686
2021-12-18,Modoc,049,8938,601,595,204,799,6
2021-12-18,Mono,051,14174,1987,1956,23,1979,4
2021-12-18,Monterey,053,433212,50903,49343,3478,52821,635
2021-12-18,Napa,055,140530,13760,13581,138,13719,107
2021-12-18,Nevada,057,99092,10159,9991,356,10347,108
2021-12-18,Orange,059,3164182,322486,318149,16963,335112,5844
2021-12-18,Placer,061,380077,39921,39336,3999,43335,485
2021-12-18,Plumas,063,18699,2025,1964,50,2014,13
2021-12-18,Riverside,065,2383286,386030,379354,17101,396455,5439
2021-12-18,Sacramento,067,1510023,169150,167046,5264,172310,2404
2021-12-18,San Benito,069,59416,7937,7894,186,8080,79
2021-12-18,San Bernardino,071,2135413,376858,371658,12131,383789,6017
2021-12-18,San Diego,073,3302833,402516,397130,23490,420620,4399
2021-12-18,San Francisco,075,870044,57895,55562,2619,58181,679
2021-12-18,San Joaquin,077,732212,104817,103698,5777,109475,1858
2021-12-18,San Luis Obispo,079,281455,31399,30873,1406,32279,365
2021-12-18,San Mateo,081,765935,57779,55730,1062,56792,580
2021-12-18,Santa Barbara,083,443738,47396,46776,1682,48458,562
2021-12-18,Santa Clara,085,1922200,156850,154243,1825,156068,1946
2021-12-18,Santa Cruz,087,273765,22225,21805,1072,22877,225
2021-12-18,Shasta,089,179085,22983,22811,3765,26576,429
2021-12-18,Sierra,091,2930,204,199,21,220,0
2021-12-18,Siskiyou,093,43540,3508,3441,1391,4832,58
2021-12-18,Solano,095,438530,48084,47174,1414,48588,369
2021-12-18,Sonoma,097,501317,44389,43658,614,44272,407
2021-12-18,Stanislaus,099,539301,82697,82736,9514,92250,1330
2021-12-18,Sutter,101,95872,14481,14435,417,14852,190
2021-12-18,Tehama,103,63373,8923,8814,1566,10380,136
2021-12-18,Trinity,105,12862,913,823,228,1051,17
2021-12-18,Tulare,107,460477,72110,70922,16723,87645,1120
2021-12-18,Tuolumne,109,53932,7906,7834,116,7950,91
2021-12-18,Ventura,111,848112,103329,101612,4592,106204,1201
2021-12-18,Yolo,113,214977,21156,20793,1345,22138,267
2021-12-18,Yuba,115,75493,10727,10599,413,11012,96
2021-12-17,Alameda,001,1643700,126591,124583,3089,127672,1512
2021-12-17,Alpine,003,1148,110,110,0,110,0
2021-12-17,Amador,005,37829,5854,5821,77,5898,69
2021-12-17,Butte,007,227075,22218,21956,4025,25981,328
2021-12-17,Calaveras,009,45235,4583,4534,64,4598,91
2021-12-17,Colusa,011,21464,2654,2635,691,3326,21
2021-12-17,Contra Costa,013,1133247,104643,103380,2439,105819,1065
2021-12-17,Del Norte,015,27424,3820,3791,57,3848,43
2021-12-17,El Dorado,017,186661,17274,16968,1857,18825,171
2021-12-17,Fresno,019,978130,148739,147038,13470,160508,2335
2021-12-17,Glenn,021,27897,3622,3590,1054,4644,39
2021-12-17,Humboldt,023,135768,10024,9889,740,10629,118
2021-12-17,Imperial,025,180216,36830,36280,4051,40331,790
2021-12-17,Inyo,027,18085,2634,2607,44,2651,47
2021-12-17,Kern,029,883053,135055,133754,24729,158483,1873
2021-12-17,Kings,031,150075,34146,33783,2094,35877,374
2021-12-17,Lake,033,64148,7037,6976,170,7146,115
2021-12-17,Lassen,035,31185,7100,7061,432,7493,55
2021-12-17,Los Angeles,037,10098052,1507849,1484840,58232,1543072,27135
2021-12-17,Madera,039,155013,24817,24575,2393,26968,313
2021-12-17,Marin,041,260295,18872,18537,579,19116,249
2021-12-17,Mariposa,043,17540,1488,1468,63,1531,6
2021-12-17,Mendocino,045,87422,8355,8219,704,8923,95
2021-12-17,Merced,047,269075,44084,43929,2231,46160,686
2021-12-17,Modoc,049,8938,601,595,204,799,6
2021-12-17,Mono,051,14174,1984,1956,23,1979,4
2021-12-17,Monterey,053,433212,50845,49343,3473,52816,635
2021-12-17,Napa,055,140530,13733,13581,137,13718,107
2021-12-17,Nevada,057,99092,10148,9991,356,10347,108
2021-12-17,Orange,059,3164182,321922,318149,16895,335044,5844
2021-12-17,Placer,061,380077,39866,39336,3993,43329,485
2021-12-17,Plumas,063,18699,2024,1964,50,2014,13
2021-12-17,Riverside,065,2383286,385378,379354,17090,396444,5439
2021-12-17,Sacramento,067,1510023,168918,167046,5251,172297,2404
2021-12-17,San Benito,069,59416,7935,7894,186,8080,79
2021-12-17,San Bernardino,071,2135413,376310,371658,12114,383772,6017
2021-12-17,San Diego,073,3302833,401588,397130,23442,420572,4399
2021-12-17,San Francisco,075,870044,57569,55562,2589,58151,679
2021-12-17,San Joaquin,077,732212,104742,103698,5760,109458,1858
2021-12-17,San Luis Obispo,079,281455,31371,30873,1402,32275,365
2021-12-17,San Mateo,081,765935,57590,55730,1055,56785,580
2021-12-17,Santa Barbara,083,443738,47319,46776,1676,48452,562
2021-12-17,Santa Clara,085,1922200,156478,154243,1810,156053,1946
2021-12-17,Santa Cruz,087,273765,22178,21805,1069,22874,225
2021-12-17,Shasta,089,179085,22971,22811,3763,26574,429
2021-12-17,Sierra,091,2930,203,199,21,220,0
2021-12-17,Siskiyou,093,43540,3504,3441,1389,4830,58
2021-12-17,Solano,095,438530,48016,47174,1410,48584,369
2021-12-17,Sonoma,097,501317,44292,43658,611,44269,407
2021-12-17,Stanislaus,099,539301,82646,82736,9507,92243,1330
2021-12-17,Sutter,101,95872,14469,14435,415,14850,190
2021-12-17,Tehama,103,63373,8916,8814,1565,10379,136
2021-12-17,Trinity,105,12862,913,823,228,1051,17
2021-12-17,Tulare,107,460477,72068,70922,16693,87615,1120
2021-12-17,Tuolumne,109,53932,7894,7834,116,7950,91
2021-12-17,Ventura,111,848112,103079,101612,4580,106192,1201
2021-12-17,Yolo,113,214977,21123,20793,1339,22132,267
2021-12-17,Yuba,115,75493,10716,10599,410,11009,96
2021-12-16,Alameda,001,1643700,126218,124583,3074,127657,1512
2021-12-16,Alpine,003,1148,108,110,0,110,0
2021-12-16,Amador,005,37829,5846,5821,77,5898,69
2021-12-16,Butte,007,227075,22198,21956,4022,25978,328
2021-12-16,Calaveras,009,45235,4576,4534,64,4598,91
2021-12-16,Colusa,011,21464,2654,2635,691,3326,21
2021-12-16,Contra Costa,013,1133247,104420,103380,2426,105806,1065
2021-12-16,Del Norte,015,27424,3817,3791,57,3848,43
2021-12-16,El Dorado,017,186661,17239,16968,1852,18820,171
2021-12-16,Fresno,019,978130,148579,147038,13463,160501,2335
2021-12-16,Glenn,021,27897,3621,3590,1051,4641,39
2021-12-16,Humboldt,023,135768,10000,9889,730,10619,118
2021-12-16,Imperial,025,180216,36746,36280,4021,40301,790
2021-12-16,Inyo,027,18085,2630,2607,43,2650,47
2021-12-16,Kern,029,883053,134911,133754,24678,158432,1873
2021-12-16,Kings,031,150075,34122,33783,2093,35876,374
2021-12-16,Lake,033,64148,7033,6976,170,7146,115
2021-12-16,Lassen,035,31185,7097,7061,431,7492,55
2021-12-16,Los Angeles,037,10098052,1503632,1484840,57965,1542805,27135
2021-12-16,Madera,039,155013,24788,24575,2389,26964,313
2021-12-16,Marin,041,260295,18826,18537,572,19109,249
2021-12-16,Mariposa,043,17540,1486,1468,63,1531,6
2021-12-16,Mendocino,045,87422,8344,8219,699,8918,95
2021-12-16,Merced,047,269075,44045,43929,2230,46159,686
2021-12-16,Modoc,049,8938,601,595,204,799,6
2021-12-16,Mono,051,14174,1981,1956,23,1979,4
2021-12-16,Monterey,053,433212,50774,49343,3456,52799,635
2021-12-16,Napa,055,140530,13701,13581,137,13718,107
2021-12-16,Nevada,057,99092,10122,9991,356,10347,108
2021-12-16,Orange,059,3164182,321314,318149,16816,334965,5844
2021-12-16,Placer,061,380077,39789,39336,3988,43324,485
2021-12-16,Plumas,063,18699,2024,1964,50,2014,13
2021-12-16,Riverside,065,2383286,384572,379354,17076,396430,5439
2021-12-16,Sacramento,067,1510023,168632,167046,5226,172272,2404
2021-12-16,San Benito,069,59416,7928,7894,186,8080,79
2021-12-16,San Bernardino,071,2135413,375658,371658,12095,383753,6017
2021-12-16,San Diego,073,3302833,400421,397130,23376,420506,4399
2021-12-16,San Francisco,075,870044,57193,55562,2567,58129,679
2021-12-16,San Joaquin,077,732212,104618,103698,5753,109451,1858
2021-12-16,San Luis Obispo,079,281455,31301,30873,1396,32269,365
2021-12-16,San Mateo,081,765935,57390,55730,1052,56782,580
2021-12-16,Santa Barbara,083,443738,47198,46776,1672,48448,562
2021-12-16,Santa Clara,085,1922200,156148,154243,1800,156043,1946
2021-12-16,Santa Cruz,087,273765,22132,21805,1068,22873,225
2021-12-16,Shasta,089,179085,22941,22811,3761,26572,429
2021-12-16,Sierra,091,2930,203,199,21,220,0
2021-12-16,Siskiyou,093,43540,3503,3441,1385,4826,58
2021-12-16,Solano,095,438530,47948,47174,1403,48577,369
2021-12-16,Sonoma,097,501317,44193,43658,609,44267,407
2021-12-16,Stanislaus,099,539301,82559,82736,9493,92229,1330
2021-12-16,Sutter,101,95872,14455,14435,414,14849,190
2021-12-16,Tehama,103,63373,8909,8814,1564,10378,136
2021-12-16,Trinity,105,12862,913,823,228,1051,17
2021-12-16,Tulare,107,460477,72020,70922,16668,87590,1120
2021-12-16,Tuolumne,109,53932,7875,7834,116,7950,91
2021-12-16,Ventura,111,848112,102811,101612,4573,106185,1201
2021-12-16,Yolo,113,214977,21072,20793,1334,22127,267
2021-12-16,Yuba,115,75493,10700,10599,409,11008,96
2021-12-15,Alameda,001,1643700,125890,124342,3062,127404,1509
2021-12-15,Alpine,003,1148,108,109,0,109,0
2021-12-15,Amador,005,37829,5840,5810,77,5887,69
2021-12-15,Butte,007,227075,22176,21922,4021,25943,327
2021-12-15,Calaveras,009,45235,4570,4523,64,4587,89
2021-12-15,Colusa,011,21464,2653,2632,690,3322,21
2021-12-15,Contra Costa,013,1133247,104201,103236,2423,105659,1064
2021-12-15,Del Norte,015,27424,3816,3789,56,3845,43
2021-12-15,El Dorado,017,186661,17207,16936,1846,18782,171
2021-12-15,Fresno,019,978130,148451,146859,13448,160307,2319
2021-12-15,Glenn,021,27897,3621,3589,1051,4640,39
2021-12-15,Humboldt,023,135768,9980,9854,729,10583,118
2021-12-15,Imperial,025,180216,36667,36187,3977,40164,789
2021-12-15,Inyo,027,18085,2625,2606,43,2649,47
2021-12-15,Kern,029,883053,134772,133590,24631,158221,1866
2021-12-15,Kings,031,150075,34093,33716,2089,35805,374
2021-12-15,Lake,033,64148,7025,6968,169,7137,115
2021-12-15,Lassen,035,31185,7097,7062,431,7493,55
2021-12-15,Los Angeles,037,10098052,1499742,1482735,57770,1540505,27116
2021-12-15,Madera,039,155013,24770,24549,2383,26932,313
2021-12-15,Marin,041,260295,18767,18514,567,19081,249
2021-12-15,Mariposa,043,17540,1483,1463,63,1526,6
2021-12-15,Mendocino,045,87422,8339,8209,696,8905,95
2021-12-15,Merced,047,269075,44003,43890,2218,46108,685
2021-12-15,Modoc,049,8938,601,595,204,799,6
2021-12-15,Mono,051,14174,1977,1955,23,1978,4
2021-12-15,Monterey,053,433212,50719,49279,3438,52717,635
2021-12-15,Napa,055,140530,13672,13557,135,13692,107
2021-12-15,Nevada,057,99092,10101,9958,356,10314,107
2021-12-15,Orange,059,3164182,320733,317808,16774,334582,5838
2021-12-15,Placer,061,380077,39733,39264,3978,43242,485
2021-12-15,Plumas,063,18699,2020,1957,50,2007,12
2021-12-15,Riverside,065,2383286,383852,378769,17064,395833,5438
2021-12-15,Sacramento,067,1510023,168323,166793,5205,171998,2401
2021-12-15,San Benito,069,59416,7913,7877,186,8063,79
2021-12-15,San Bernardino,071,2135413,375106,371122,12062,383184,6013
2021-12-15,San Diego,073,3302833,399227,396546,23306,419852,4395
2021-12-15,San Francisco,075,870044,56875,55414,2549,57963,679
2021-12-15,San Joaquin,077,732212,104461,103579,5743,109322,1853
2021-12-15,San Luis Obispo,079,281455,31252,30784,1389,32173,365
2021-12-15,San Mateo,081,765935,57248,55657,1042,56699,580
2021-12-15,Santa Barbara,083,443738,47117,46681,1670,48351,562
2021-12-15,Santa Clara,085,1922200,155837,153928,1779,155707,1944
2021-12-15,Santa Cruz,087,273765,22092,21753,1061,22814,225
2021-12-15,Shasta,089,179085,22926,22778,3757,26535,427
2021-12-15,Sierra,091,2930,203,199,21,220,0
2021-12-15,Siskiyou,093,43540,3502,3434,1384,4818,58
2021-12-15,Solano,095,438530,47877,47098,1396,48494,367
2021-12-15,Sonoma,097,501317,44111,43580,604,44184,407
2021-12-15,Stanislaus,099,539301,82453,82628,9485,92113,1298
2021-12-15,Sutter,101,95872,14435,14428,413,14841,189
2021-12-15,Tehama,103,63373,8902,8806,1563,10369,136
2021-12-15,Trinity,105,12862,912,822,228,1050,17
2021-12-15,Tulare,107,460477,71969,70846,16639,87485,1120
2021-12-15,Tuolumne,109,53932,7866,7818,115,7933,91
2021-12-15,Ventura,111,848112,102596,101447,4567,106014,1199
2021-12-15,Yolo,113,214977,21044,20749,1329,22078,267
2021-12-15,Yuba,115,75493,10689,10587,408,10995,96
2021-12-14,Alameda,001,1643700,125562,124272,3049,127321,1506
2021-12-14,Alpine,003,1148,107,109,0,109,0
2021-12-14,Amador,005,37829,5834,5808,76,5884,69
2021-12-14,Butte,007,227075,22143,21901,4019,25920,326
2021-12-14,Calaveras,009,45235,4558,4517,64,4581,89
2021-12-14,Colusa,011,21464,2651,2628,690,3318,21
2021-12-14,Contra Costa,013,1133247,104017,103135,2419,105554,1064
2021-12-14,Del Norte,015,27424,3813,3788,56,3844,43
2021-12-14,El Dorado,017,186661,17173,16915,1844,18759,170
2021-12-14,Fresno,019,978130,148281,146756,13440,160196,2316
2021-12-14,Glenn,021,27897,3620,3589,1051,4640,39
2021-12-14,Humboldt,023,135768,9968,9836,721,10557,118
2021-12-14,Imperial,025,180216,36594,36049,3934,39983,789
2021-12-14,Inyo,027,18085,2624,2601,43,2644,46
2021-12-14,Kern,029,883053,134634,133498,24582,158080,1863
2021-12-14,Kings,031,150075,34056,33693,2086,35779,373
2021-12-14,Lake,033,64148,7016,6961,169,7130,115
2021-12-14,Lassen,035,31185,7096,7061,431,7492,55
2021-12-14,Los Angeles,037,10098052,1496084,1481131,57589,1538720,27099
2021-12-14,Madera,039,155013,24743,24535,2375,26910,313
2021-12-14,Marin,041,260295,18719,18491,565,19056,249
2021-12-14,Mariposa,043,17540,1480,1463,62,1525,6
2021-12-14,Mendocino,045,87422,8311,8206,694,8900,95
2021-12-14,Merced,047,269075,43957,43870,2216,46086,684
2021-12-14,Modoc,049,8938,600,595,204,799,6
2021-12-14,Mono,051,14174,1970,1955,23,1978,4
2021-12-14,Monterey,053,433212,50635,49237,3427,52664,635
2021-12-14,Napa,055,140530,13643,13528,135,13663,107
2021-12-14,Nevada,057,99092,10075,9956,355,10311,106
2021-12-14,Orange,059,3164182,320179,317465,16720,334185,5827
2021-12-14,Placer,061,380077,39658,39221,3973,43194,482
2021-12-14,Plumas,063,18699,2016,1950,48,1998,12
2021-12-14,Riverside,065,2383286,383160,378227,17047,395274,5427
2021-12-14,Sacramento,067,1510023,168012,166605,5182,171787,2394
2021-12-14,San Benito,069,59416,7894,7871,186,8057,79
2021-12-14,San Bernardino,071,2135413,374483,370604,12031,382635,6013
2021-12-14,San Diego,073,3302833,398088,395876,23255,419131,4393
2021-12-14,San Francisco,075,870044,56562,55278,2537,57815,679
2021-12-14,San Joaquin,077,732212,104315,103488,5725,109213,1848
2021-12-14,San Luis Obispo,079,281455,31192,30753,1385,32138,363
2021-12-14,San Mateo,081,765935,57084,55601,1035,56636,580
2021-12-14,Santa Barbara,083,443738,47015,46648,1665,48313,560
2021-12-14,Santa Clara,085,1922200,155514,153814,1766,155580,1945
2021-12-14,Santa Cruz,087,273765,22027,21737,1056,22793,225
2021-12-14,Shasta,089,179085,22899,22756,3756,26512,427
2021-12-14,Sierra,091,2930,201,199,21,220,0
2021-12-14,Siskiyou,093,43540,3497,3430,1383,4813,58
2021-12-14,Solano,095,438530,47830,47065,1390,48455,367
2021-12-14,Sonoma,097,501317,44028,43538,602,44140,407
2021-12-14,Stanislaus,099,539301,82367,82581,9469,92050,1293
2021-12-14,Sutter,101,95872,14423,14421,412,14833,189
2021-12-14,Tehama,103,63373,8898,8805,1563,10368,134
2021-12-14,Trinity,105,12862,912,821,228,1049,17
2021-12-14,Tulare,107,460477,71897,70803,16608,87411,1120
2021-12-14,Tuolumne,109,53932,7853,7815,115,7930,91
2021-12-14,Ventura,111,848112,102371,101343,4560,105903,1199
2021-12-14,Yolo,113,214977,21010,20734,1316,22050,267
2021-12-14,Yuba,115,75493,10672,10574,408,10982,92
2021-12-13,Alameda,001,1643700,125278,124174,3032,127206,1501
2021-12-13,Alpine,003,1148,107,109,0,109,0
2021-12-13,Amador,005,37829,5830,5797,76,5873,69
2021-12-13,Butte,007,227075,22119,21889,4015,25904,326
2021-12-13,Calaveras,009,45235,4551,4507,63,4570,89
2021-12-13,Colusa,011,21464,2649,2627,690,3317,21
2021-12-13,Contra Costa,013,1133247,103866,103041,2408,105449,1064
2021-12-13,Del Norte,015,27424,3809,3787,56,3843,42
2021-12-13,El Dorado,017,186661,17150,16896,1842,18738,170
2021-12-13,Fresno,019,978130,148130,146641,13430,160071,2312
2021-12-13,Glenn,021,27897,3615,3589,1049,4638,37
2021-12-13,Humboldt,023,135768,9939,9821,717,10538,118
2021-12-13,Imperial,025,180216,36510,35974,3913,39887,787
2021-12-13,Inyo,027,18085,2623,2592,43,2635,46
2021-12-13,Kern,029,883053,134508,133381,24529,157910,1863
2021-12-13,Kings,031,150075,34013,33680,2081,35761,372
2021-12-13,Lake,033,64148,7014,6958,167,7125,115
2021-12-13,Lassen,035,31185,7095,7057,431,7488,55
2021-12-13,Los Angeles,037,10098052,1493303,1480195,57424,1537619,27085
2021-12-13,Madera,039,155013,24714,24527,2370,26897,311
2021-12-13,Marin,041,260295,18659,18471,562,19033,249
2021-12-13,Mariposa,043,17540,1478,1462,62,1524,6
2021-12-13,Mendocino,045,87422,8298,8196,692,8888,95
2021-12-13,Merced,047,269075,43918,43848,2212,46060,682
2021-12-13,Modoc,049,8938,599,595,204,799,6
2021-12-13,Mono,051,14174,1963,1952,23,1975,4
2021-12-13,Monterey,053,433212,50583,49222,3407,52629,631
2021-12-13,Napa,055,140530,13630,13518,135,13653,107
2021-12-13,Nevada,057,99092,10056,9946,354,10300,106
2021-12-13,Orange,059,3164182,319709,317112,16666,333778,5824
2021-12-13,Placer,061,380077,39597,39168,3962,43130,481
2021-12-13,Plumas,063,18699,2012,1943,48,1991,12
2021-12-13,Riverside,065,2383286,382577,377728,17032,394760,5414
2021-12-13,Sacramento,067,1510023,167733,166439,5150,171589,2392
2021-12-13,San Benito,069,59416,7885,7856,186,8042,79
2021-12-13,San Bernardino,071,2135413,373905,370274,12023,382297,6011
2021-12-13,San Diego,073,3302833,397282,395266,23202,418468,4389
2021-12-13,San Francisco,075,870044,56292,55245,2524,57769,678
2021-12-13,San Joaquin,077,732212,104199,103449,5716,109165,1846
2021-12-13,San Luis Obispo,079,281455,31142,30746,1381,32127,363
2021-12-13,San Mateo,081,765935,56925,55569,1026,56595,580
2021-12-13,Santa Barbara,083,443738,46927,46608,1660,48268,560
2021-12-13,Santa Clara,085,1922200,155249,153672,1755,155427,1944
2021-12-13,Santa Cruz,087,273765,21972,21698,1053,22751,225
2021-12-13,Shasta,089,179085,22878,22731,3754,26485,426
2021-12-13,Sierra,091,2930,201,199,21,220,0
2021-12-13,Siskiyou,093,43540,3493,3426,1380,4806,57
2021-12-13,Solano,095,438530,47756,47045,1385,48430,365
2021-12-13,Sonoma,097,501317,43932,43492,600,44092,407
2021-12-13,Stanislaus,099,539301,82251,82507,9446,91953,1282
2021-12-13,Sutter,101,95872,14416,14408,412,14820,188
2021-12-13,Tehama,103,63373,8885,8800,1563,10363,134
2021-12-13,Trinity,105,12862,912,820,228,1048,17
2021-12-13,Tulare,107,460477,71839,70758,16584,87342,1114
2021-12-13,Tuolumne,109,53932,7842,7804,115,7919,91
2021-12-13,Ventura,111,848112,102146,101180,4549,105729,1197
2021-12-13,Yolo,113,214977,20961,20706,1311,22017,267
2021-12-13,Yuba,115,75493,10655,10570,408,10978,92
2021-12-12,Alameda,001,1643700,124991,124075,3019,127094,1503
2021-12-12,Alpine,003,1148,107,109,0,109,0
2021-12-12,Amador,005,37829,5822,5797,75,5872,69
2021-12-12,Butte,007,227075,22095,21874,4010,25884,326
2021-12-12,Calaveras,009,45235,4540,4501,63,4564,89
2021-12-12,Colusa,011,21464,2644,2627,687,3314,21
2021-12-12,Contra Costa,013,1133247,103677,102976,2406,105382,1065
2021-12-12,Del Norte,015,27424,3806,3793,56,3849,42
2021-12-12,El Dorado,017,186661,17114,16890,1834,18724,170
2021-12-12,Fresno,019,978130,147968,146518,13414,159932,2310
2021-12-12,Glenn,021,27897,3612,3589,1049,4638,37
2021-12-12,Humboldt,023,135768,9915,9804,710,10514,118
2021-12-12,Imperial,025,180216,36376,35926,3881,39807,787
2021-12-12,Inyo,027,18085,2618,2592,43,2635,46
2021-12-12,Kern,029,883053,134342,133314,24488,157802,1861
2021-12-12,Kings,031,150075,33962,33661,2079,35740,372
2021-12-12,Lake,033,64148,7007,6955,165,7120,115
2021-12-12,Lassen,035,31185,7094,7057,431,7488,55
2021-12-12,Los Angeles,037,10098052,1490400,1479054,57241,1536295,27074
2021-12-12,Madera,039,155013,24685,24493,2363,26856,311
2021-12-12,Marin,041,260295,18606,18451,558,19009,249
2021-12-12,Mariposa,043,17540,1477,1461,62,1523,6
2021-12-12,Mendocino,045,87422,8285,8190,691,8881,95
2021-12-12,Merced,047,269075,43884,43821,2205,46026,682
2021-12-12,Modoc,049,8938,599,595,203,798,6
2021-12-12,Mono,051,14174,1959,1947,23,1970,4
2021-12-12,Monterey,053,433212,50530,49192,3381,52573,631
2021-12-12,Napa,055,140530,13587,13508,133,13641,107
2021-12-12,Nevada,057,99092,10029,9938,353,10291,106
2021-12-12,Orange,059,3164182,319203,316918,16601,333519,5825
2021-12-12,Placer,061,380077,39532,39139,3956,43095,481
2021-12-12,Plumas,063,18699,2008,1942,46,1988,12
2021-12-12,Riverside,065,2383286,381901,377467,17006,394473,5414
2021-12-12,Sacramento,067,1510023,167467,166291,5129,171420,2392
2021-12-12,San Benito,069,59416,7865,7853,186,8039,79
2021-12-12,San Bernardino,071,2135413,373261,369977,11999,381976,6011
2021-12-12,San Diego,073,3302833,396388,393307,23164,416471,4378
2021-12-12,San Francisco,075,870044,56037,55180,2512,57692,678
2021-12-12,San Joaquin,077,732212,104060,103405,5706,109111,1846
2021-12-12,San Luis Obispo,079,281455,31089,30719,1379,32098,363
2021-12-12,San Mateo,081,765935,56810,55505,1022,56527,580
2021-12-12,Santa Barbara,083,443738,46852,46586,1658,48244,560
2021-12-12,Santa Clara,085,1922200,154969,153452,1741,155193,1945
2021-12-12,Santa Cruz,087,273765,21923,21671,1051,22722,225
2021-12-12,Shasta,089,179085,22850,22732,3753,26485,426
2021-12-12,Sierra,091,2930,201,199,21,220,0
2021-12-12,Siskiyou,093,43540,3493,3424,1380,4804,57
2021-12-12,Solano,095,438530,47690,47021,1380,48401,365
2021-12-12,Sonoma,097,501317,43839,43424,597,44021,407
2021-12-12,Stanislaus,099,539301,82153,82460,9433,91893,1282
2021-12-12,Sutter,101,95872,14405,14396,412,14808,189
2021-12-12,Tehama,103,63373,8874,8796,1561,10357,134
2021-12-12,Trinity,105,12862,910,820,228,1048,17
2021-12-12,Tulare,107,460477,71762,70733,16542,87275,1115
2021-12-12,Tuolumne,109,53932,7825,7794,115,7909,91
2021-12-12,Ventura,111,848112,101952,101105,4535,105640,1197
2021-12-12,Yolo,113,214977,20911,20685,1300,21985,267
2021-12-12,Yuba,115,75493,10641,10565,405,10970,92
2021-12-11,Alameda,001,1643700,124854,123572,3017,126589,1496
2021-12-11,Alpine,003,1148,107,109,0,109,0
2021-12-11,Amador,005,37829,5817,5787,75,5862,69
2021-12-11,Butte,007,227075,22081,21819,4009,25828,326
2021-12-11,Calaveras,009,45235,4532,4469,62,4531,89
2021-12-11,Colusa,011,21464,2640,2619,686,3305,21
2021-12-11,Contra Costa,013,1133247,103591,102618,2404,105022,1061
2021-12-11,Del Norte,015,27424,3806,3778,56,3834,42
2021-12-11,El Dorado,017,186661,17094,16796,1833,18629,170
2021-12-11,Fresno,019,978130,147880,145988,13405,159393,2294
2021-12-11,Glenn,021,27897,3611,3585,1049,4634,37
2021-12-11,Humboldt,023,135768,9898,9721,707,10428,118
2021-12-11,Imperial,025,180216,36317,35635,3871,39506,782
2021-12-11,Inyo,027,18085,2613,2576,43,2619,46
2021-12-11,Kern,029,883053,134273,132852,24453,157305,1854
2021-12-11,Kings,031,150075,33949,33530,2077,35607,371
2021-12-11,Lake,033,64148,7006,6932,163,7095,114
2021-12-11,Lassen,035,31185,7093,7049,431,7480,55
2021-12-11,Los Angeles,037,10098052,1489185,1474030,57149,1531179,27031
2021-12-11,Madera,039,155013,24679,24417,2362,26779,311
2021-12-11,Marin,041,260295,18573,18339,555,18894,249
2021-12-11,Mariposa,043,17540,1476,1450,62,1512,6
2021-12-11,Mendocino,045,87422,8278,8130,691,8821,95
2021-12-11,Merced,047,269075,43865,43690,2204,45894,681
2021-12-11,Modoc,049,8938,599,594,203,797,6
2021-12-11,Mono,051,14174,1955,1926,23,1949,4
2021-12-11,Monterey,053,433212,50502,49008,3378,52386,631
2021-12-11,Napa,055,140530,13570,13459,133,13592,107
2021-12-11,Nevada,057,99092,10016,9880,353,10233,106
2021-12-11,Orange,059,3164182,318952,315759,16574,332333,5805
2021-12-11,Placer,061,380077,39474,38959,3949,42908,481
2021-12-11,Plumas,063,18699,2002,1934,46,1980,12
2021-12-11,Riverside,065,2383286,381481,375649,16991,392640,5408
2021-12-11,Sacramento,067,1510023,167337,165530,5119,170649,2386
2021-12-11,San Benito,069,59416,7851,7808,186,7994,79
2021-12-11,San Bernardino,071,2135413,372899,368145,11989,380134,6007
2021-12-11,San Diego,073,3302833,395968,392274,23126,415400,4374
2021-12-11,San Francisco,075,870044,55884,54869,2507,57376,678
2021-12-11,San Joaquin,077,732212,103999,103013,5702,108715,1842
2021-12-11,San Luis Obispo,079,281455,31067,30567,1375,31942,362
2021-12-11,San Mateo,081,765935,56731,55284,1020,56304,580
2021-12-11,Santa Barbara,083,443738,46817,46309,1658,47967,559
2021-12-11,Santa Clara,085,1922200,154771,152846,1729,154575,1941
2021-12-11,Santa Cruz,087,273765,21899,21557,1051,22608,225
2021-12-11,Shasta,089,179085,22835,22660,3749,26409,419
2021-12-11,Sierra,091,2930,201,199,21,220,0
2021-12-11,Siskiyou,093,43540,3487,3418,1377,4795,57
2021-12-11,Solano,095,438530,47661,46891,1375,48266,365
2021-12-11,Sonoma,097,501317,43791,43227,597,43824,407
2021-12-11,Stanislaus,099,539301,82104,82133,9424,91557,1264
2021-12-11,Sutter,101,95872,14396,14354,412,14766,187
2021-12-11,Tehama,103,63373,8871,8776,1559,10335,134
2021-12-11,Trinity,105,12862,910,819,228,1047,17
2021-12-11,Tulare,107,460477,71718,70523,16532,87055,1103
2021-12-11,Tuolumne,109,53932,7816,7760,115,7875,91
2021-12-11,Ventura,111,848112,101877,100711,4528,105239,1195
2021-12-11,Yolo,113,214977,20892,20608,1296,21904,267
2021-12-11,Yuba,115,75493,10629,10519,404,10923,92
2021-12-10,Alameda,001,1643700,124728,123572,3010,126582,1496
2021-12-10,Alpine,003,1148,106,109,0,109,0
2021-12-10,Amador,005,37829,5810,5787,75,5862,69
2021-12-10,Butte,007,227075,22068,21819,4007,25826,326
2021-12-10,Calaveras,009,45235,4529,4469,62,4531,89
2021-12-10,Colusa,011,21464,2639,2619,686,3305,21
2021-12-10,Contra Costa,013,1133247,103495,102618,2403,105021,1061
2021-12-10,Del Norte,015,27424,3806,3778,56,3834,42
2021-12-10,El Dorado,017,186661,17081,16796,1833,18629,170
2021-12-10,Fresno,019,978130,147792,145988,13394,159382,2294
2021-12-10,Glenn,021,27897,3611,3585,1049,4634,37
2021-12-10,Humboldt,023,135768,9881,9721,705,10426,118
2021-12-10,Imperial,025,180216,36262,35635,3856,39491,782
2021-12-10,Inyo,027,18085,2610,2576,43,2619,46
2021-12-10,Kern,029,883053,134184,132852,24429,157281,1854
2021-12-10,Kings,031,150075,33934,33530,2075,35605,371
2021-12-10,Lake,033,64148,6999,6932,163,7095,114
2021-12-10,Lassen,035,31185,7092,7049,431,7480,55
2021-12-10,Los Angeles,037,10098052,1488093,1474030,57061,1531091,27031
2021-12-10,Madera,039,155013,24661,24417,2360,26777,311
2021-12-10,Marin,041,260295,18551,18339,555,18894,249
2021-12-10,Mariposa,043,17540,1473,1450,62,1512,6
2021-12-10,Mendocino,045,87422,8271,8130,690,8820,95
2021-12-10,Merced,047,269075,43847,43690,2202,45892,681
2021-12-10,Modoc,049,8938,599,594,203,797,6
2021-12-10,Mono,051,14174,1952,1926,23,1949,4
2021-12-10,Monterey,053,433212,50465,49008,3372,52380,631
2021-12-10,Napa,055,140530,13558,13459,132,13591,107
2021-12-10,Nevada,057,99092,10007,9880,353,10233,106
2021-12-10,Orange,059,3164182,318680,315759,16542,332301,5805
2021-12-10,Placer,061,380077,39431,38959,3946,42905,481
2021-12-10,Plumas,063,18699,2000,1934,46,1980,12
2021-12-10,Riverside,065,2383286,381074,375649,16980,392629,5408
2021-12-10,Sacramento,067,1510023,167184,165530,5117,170647,2386
2021-12-10,San Benito,069,59416,7847,7808,186,7994,79
2021-12-10,San Bernardino,071,2135413,372527,368145,11966,380111,6007
2021-12-10,San Diego,073,3302833,395488,392274,23112,415386,4374
2021-12-10,San Francisco,075,870044,55799,54869,2501,57370,678
2021-12-10,San Joaquin,077,732212,103944,103013,5698,108711,1842
2021-12-10,San Luis Obispo,079,281455,31057,30567,1372,31939,362
2021-12-10,San Mateo,081,765935,56674,55284,1017,56301,580
2021-12-10,Santa Barbara,083,443738,46781,46309,1657,47966,559
2021-12-10,Santa Clara,085,1922200,154601,152846,1716,154562,1941
2021-12-10,Santa Cruz,087,273765,21879,21557,1050,22607,225
2021-12-10,Shasta,089,179085,22824,22660,3746,26406,419
2021-12-10,Sierra,091,2930,201,199,21,220,0
2021-12-10,Siskiyou,093,43540,3480,3418,1377,4795,57
2021-12-10,Solano,095,438530,47619,46891,1371,48262,365
2021-12-10,Sonoma,097,501317,43757,43227,596,43823,407
2021-12-10,Stanislaus,099,539301,82038,82133,9418,91551,1264
2021-12-10,Sutter,101,95872,14388,14354,412,14766,187
2021-12-10,Tehama,103,63373,8869,8776,1557,10333,134
2021-12-10,Trinity,105,12862,910,819,228,1047,17
2021-12-10,Tulare,107,460477,71689,70523,16507,87030,1103
2021-12-10,Tuolumne,109,53932,7810,7760,115,7875,91
2021-12-10,Ventura,111,848112,101773,100711,4525,105236,1195
2021-12-10,Yolo,113,214977,20878,20608,1294,21902,267
2021-12-10,Yuba,115,75493,10617,10519,403,10922,92
2021-12-09,Alameda,001,1643700,124583,123572,3005,126577,1496
2021-12-09,Alpine,003,1148,106,109,0,109,0
2021-12-09,Amador,005,37829,5807,5787,74,5861,69
2021-12-09,Butte,007,227075,22048,21819,4003,25822,326
2021-12-09,Calaveras,009,45235,4520,4469,62,4531,89
2021-12-09,Colusa,011,21464,2637,2619,686,3305,21
2021-12-09,Contra Costa,013,1133247,103376,102618,2397,105015,1061
2021-12-09,Del Norte,015,27424,3805,3778,56,3834,42
2021-12-09,El Dorado,017,186661,17053,16796,1828,18624,170
2021-12-09,Fresno,019,978130,147646,145988,13382,159370,2294
2021-12-09,Glenn,021,27897,3611,3585,1049,4634,37
2021-12-09,Humboldt,023,135768,9858,9721,704,10425,118
2021-12-09,Imperial,025,180216,36191,35635,3826,39461,782
2021-12-09,Inyo,027,18085,2608,2576,43,2619,46
2021-12-09,Kern,029,883053,134058,132852,24396,157248,1854
2021-12-09,Kings,031,150075,33906,33530,2072,35602,371
2021-12-09,Lake,033,64148,6991,6932,163,7095,114
2021-12-09,Lassen,035,31185,7090,7049,431,7480,55
2021-12-09,Los Angeles,037,10098052,1486557,1474030,56975,1531005,27031
2021-12-09,Madera,039,155013,24636,24417,2357,26774,311
2021-12-09,Marin,041,260295,18537,18339,553,18892,249
2021-12-09,Mariposa,043,17540,1472,1450,62,1512,6
2021-12-09,Mendocino,045,87422,8258,8130,687,8817,95
2021-12-09,Merced,047,269075,43809,43690,2190,45880,681
2021-12-09,Modoc,049,8938,599,594,203,797,6
2021-12-09,Mono,051,14174,1948,1926,23,1949,4
2021-12-09,Monterey,053,433212,50418,49008,3361,52369,631
2021-12-09,Napa,055,140530,13538,13459,128,13587,107
2021-12-09,Nevada,057,99092,9988,9880,353,10233,106
2021-12-09,Orange,059,3164182,318347,315759,16503,332262,5805
2021-12-09,Placer,061,380077,39387,38959,3933,42892,481
2021-12-09,Plumas,063,18699,1992,1934,46,1980,12
2021-12-09,Riverside,065,2383286,380524,375649,16964,392613,5408
2021-12-09,Sacramento,067,1510023,166965,165530,5102,170632,2386
2021-12-09,San Benito,069,59416,7835,7808,185,7993,79
2021-12-09,San Bernardino,071,2135413,372020,368145,11942,380087,6007
2021-12-09,San Diego,073,3302833,394843,392274,23082,415356,4374
2021-12-09,San Francisco,075,870044,55714,54869,2494,57363,678
2021-12-09,San Joaquin,077,732212,103852,103013,5692,108705,1842
2021-12-09,San Luis Obispo,079,281455,31029,30567,1370,31937,362
2021-12-09,San Mateo,081,765935,56586,55284,1015,56299,580
2021-12-09,Santa Barbara,083,443738,46701,46309,1650,47959,559
2021-12-09,Santa Clara,085,1922200,154386,152846,1705,154551,1941
2021-12-09,Santa Cruz,087,273765,21851,21557,1050,22607,225
2021-12-09,Shasta,089,179085,22808,22660,3745,26405,419
2021-12-09,Sierra,091,2930,201,199,21,220,0
2021-12-09,Siskiyou,093,43540,3476,3418,1376,4794,57
2021-12-09,Solano,095,438530,47582,46891,1369,48260,365
2021-12-09,Sonoma,097,501317,43700,43227,595,43822,407
2021-12-09,Stanislaus,099,539301,81968,82133,9403,91536,1264
2021-12-09,Sutter,101,95872,14373,14354,412,14766,187
2021-12-09,Tehama,103,63373,8862,8776,1555,10331,134
2021-12-09,Trinity,105,12862,910,819,228,1047,17
2021-12-09,Tulare,107,460477,71633,70523,16478,87001,1103
2021-12-09,Tuolumne,109,53932,7799,7760,115,7875,91
2021-12-09,Ventura,111,848112,101628,100711,4513,105224,1195
2021-12-09,Yolo,113,214977,20855,20608,1286,21894,267
2021-12-09,Yuba,115,75493,10609,10519,400,10919,92
2021-12-08,Alameda,001,1643700,124434,123438,2995,126433,1496
2021-12-08,Alpine,003,1148,106,108,0,108,0
2021-12-08,Amador,005,37829,5802,5781,74,5855,69
2021-12-08,Butte,007,227075,22031,21780,4000,25780,326
2021-12-08,Calaveras,009,45235,4512,4455,62,4517,89
2021-12-08,Colusa,011,21464,2634,2619,685,3304,21
2021-12-08,Contra Costa,013,1133247,103247,102506,2396,104902,1058
2021-12-08,Del Norte,015,27424,3804,3767,56,3823,42
2021-12-08,El Dorado,017,186661,17021,16757,1828,18585,170
2021-12-08,Fresno,019,978130,147485,145830,13368,159198,2293
2021-12-08,Glenn,021,27897,3611,3584,1045,4629,37
2021-12-08,Humboldt,023,135768,9836,9704,702,10406,117
2021-12-08,Imperial,025,180216,36111,35537,3795,39332,782
2021-12-08,Inyo,027,18085,2605,2570,43,2613,46
2021-12-08,Kern,029,883053,133935,132709,24348,157057,1846
2021-12-08,Kings,031,150075,33871,33468,2071,35539,371
2021-12-08,Lake,033,64148,6985,6927,162,7089,114
2021-12-08,Lassen,035,31185,7089,7041,429,7470,55
2021-12-08,Los Angeles,037,10098052,1485006,1472410,56863,1529273,27018
2021-12-08,Madera,039,155013,24615,24396,2350,26746,311
2021-12-08,Marin,041,260295,18516,18305,550,18855,249
2021-12-08,Mariposa,043,17540,1469,1447,62,1509,6
2021-12-08,Mendocino,045,87422,8245,8118,686,8804,95
2021-12-08,Merced,047,269075,43777,43631,2183,45814,680
2021-12-08,Modoc,049,8938,599,594,203,797,6
2021-12-08,Mono,051,14174,1942,1924,23,1947,4
2021-12-08,Monterey,053,433212,50353,48957,3346,52303,631
2021-12-08,Napa,055,140530,13524,13421,128,13549,107
2021-12-08,Nevada,057,99092,9972,9862,353,10215,106
2021-12-08,Orange,059,3164182,317998,315421,16466,331887,5795
2021-12-08,Placer,061,380077,39336,38934,3928,42862,478
2021-12-08,Plumas,063,18699,1990,1924,46,1970,12
2021-12-08,Riverside,065,2383286,380010,375099,16941,392040,5404
2021-12-08,Sacramento,067,1510023,166711,165278,5074,170352,2373
2021-12-08,San Benito,069,59416,7826,7793,185,7978,79
2021-12-08,San Bernardino,071,2135413,371542,367516,11914,379430,6006
2021-12-08,San Diego,073,3302833,394194,391676,23050,414726,4369
2021-12-08,San Francisco,075,870044,55627,54792,2486,57278,677
2021-12-08,San Joaquin,077,732212,103750,102877,5683,108560,1841
2021-12-08,San Luis Obispo,079,281455,30981,30519,1365,31884,361
2021-12-08,San Mateo,081,765935,56519,55220,1009,56229,580
2021-12-08,Santa Barbara,083,443738,46646,46250,1647,47897,558
2021-12-08,Santa Clara,085,1922200,154222,152674,1694,154368,1937
2021-12-08,Santa Cruz,087,273765,21805,21505,1048,22553,224
2021-12-08,Shasta,089,179085,22788,22616,3739,26355,419
2021-12-08,Sierra,091,2930,201,199,21,220,0
2021-12-08,Siskiyou,093,43540,3475,3415,1374,4789,57
2021-12-08,Solano,095,438530,47552,46837,1368,48205,365
2021-12-08,Sonoma,097,501317,43638,43179,594,43773,405
2021-12-08,Stanislaus,099,539301,81886,82038,9390,91428,1264
2021-12-08,Sutter,101,95872,14357,14336,410,14746,187
2021-12-08,Tehama,103,63373,8853,8768,1555,10323,133
2021-12-08,Trinity,105,12862,910,818,228,1046,17
2021-12-08,Tulare,107,460477,71570,70472,16453,86925,1102
2021-12-08,Tuolumne,109,53932,7786,7749,115,7864,91
2021-12-08,Ventura,111,848112,101499,100647,4510,105157,1194
2021-12-08,Yolo,113,214977,20829,20575,1280,21855,267
2021-12-08,Yuba,115,75493,10595,10499,397,10896,92
2021-12-07,Alameda,001,1643700,124258,123325,2986,126311,1497
2021-12-07,Alpine,003,1148,106,108,0,108,0
2021-12-07,Amador,005,37829,5799,5778,73,5851,69
2021-12-07,Butte,007,227075,22006,21761,3995,25756,324
2021-12-07,Calaveras,009,45235,4495,4445,62,4507,88
2021-12-07,Colusa,011,21464,2632,2619,685,3304,21
2021-12-07,Contra Costa,013,1133247,103127,102421,2388,104809,1058
2021-12-07,Del Norte,015,27424,3803,3766,56,3822,42
2021-12-07,El Dorado,017,186661,16996,16742,1825,18567,170
2021-12-07,Fresno,019,978130,147337,145715,13353,159068,2289
2021-12-07,Glenn,021,27897,3610,3579,1045,4624,36
2021-12-07,Humboldt,023,135768,9811,9693,697,10390,117
2021-12-07,Imperial,025,180216,36033,35502,3774,39276,778
2021-12-07,Inyo,027,18085,2602,2567,43,2610,46
2021-12-07,Kern,029,883053,133775,132564,24295,156859,1838
2021-12-07,Kings,031,150075,33839,33441,2068,35509,372
2021-12-07,Lake,033,64148,6980,6925,162,7087,113
2021-12-07,Lassen,035,31185,7087,7040,428,7468,55
2021-12-07,Los Angeles,037,10098052,1483221,1470904,56761,1527665,27007
2021-12-07,Madera,039,155013,24592,24367,2343,26710,311
2021-12-07,Marin,041,260295,18483,18284,544,18828,249
2021-12-07,Mariposa,043,17540,1467,1446,62,1508,6
2021-12-07,Mendocino,045,87422,8226,8107,686,8793,95
2021-12-07,Merced,047,269075,43736,43600,2176,45776,675
2021-12-07,Modoc,049,8938,599,594,202,796,6
2021-12-07,Mono,051,14174,1940,1921,23,1944,4
2021-12-07,Monterey,053,433212,50270,48880,3329,52209,631
2021-12-07,Napa,055,140530,13506,13409,128,13537,107
2021-12-07,Nevada,057,99092,9957,9858,352,10210,105
2021-12-07,Orange,059,3164182,317665,315138,16417,331555,5784
2021-12-07,Placer,061,380077,39259,38860,3924,42784,474
2021-12-07,Plumas,063,18699,1986,1915,46,1961,12
2021-12-07,Riverside,065,2383286,379477,374552,16925,391477,5397
2021-12-07,Sacramento,067,1510023,166464,165148,5060,170208,2375
2021-12-07,San Benito,069,59416,7809,7776,185,7961,78
2021-12-07,San Bernardino,071,2135413,370959,366981,11895,378876,6007
2021-12-07,San Diego,073,3302833,393352,391110,23012,414122,4357
2021-12-07,San Francisco,075,870044,55517,54729,2481,57210,676
2021-12-07,San Joaquin,077,732212,103632,102797,5671,108468,1839
2021-12-07,San Luis Obispo,079,281455,30941,30495,1363,31858,361
2021-12-07,San Mateo,081,765935,56427,55163,1003,56166,580
2021-12-07,Santa Barbara,083,443738,46574,46205,1645,47850,556
2021-12-07,Santa Clara,085,1922200,154036,152465,1685,154150,1941
2021-12-07,Santa Cruz,087,273765,21758,21493,1048,22541,224
2021-12-07,Shasta,089,179085,22766,22594,3736,26330,418
2021-12-07,Sierra,091,2930,201,199,21,220,0
2021-12-07,Siskiyou,093,43540,3473,3412,1374,4786,57
2021-12-07,Solano,095,438530,47512,46812,1366,48178,365
2021-12-07,Sonoma,097,501317,43564,43154,593,43747,405
2021-12-07,Stanislaus,099,539301,81809,81980,9379,91359,1258
2021-12-07,Sutter,101,95872,14349,14322,409,14731,186
2021-12-07,Tehama,103,63373,8845,8765,1554,10319,133
2021-12-07,Trinity,105,12862,910,818,228,1046,17
2021-12-07,Tulare,107,460477,71514,70411,16424,86835,1103
2021-12-07,Tuolumne,109,53932,7778,7743,115,7858,91
2021-12-07,Ventura,111,848112,101402,100569,4500,105069,1194
2021-12-07,Yolo,113,214977,20803,20560,1277,21837,263
2021-12-07,Yuba,115,75493,10577,10491,396,10887,91
2021-12-06,Alameda,001,1643700,124094,123227,2983,126210,1496
2021-12-06,Alpine,003,1148,106,108,0,108,0
2021-12-06,Amador,005,37829,5792,5769,72,5841,67
2021-12-06,Butte,007,227075,21988,21732,3992,25724,321
2021-12-06,Calaveras,009,45235,4488,4443,62,4505,88
2021-12-06,Colusa,011,21464,2631,2615,681,3296,21
2021-12-06,Contra Costa,013,1133247,103006,102327,2384,104711,1058
2021-12-06,Del Norte,015,27424,3801,3744,56,3800,42
2021-12-06,El Dorado,017,186661,16971,16726,1823,18549,168
2021-12-06,Fresno,019,978130,147139,145539,13343,158882,2285
2021-12-06,Glenn,021,27897,3607,3577,1044,4621,36
2021-12-06,Humboldt,023,135768,9791,9671,690,10361,117
2021-12-06,Imperial,025,180216,35952,35453,3756,39209,778
2021-12-06,Inyo,027,18085,2596,2562,42,2604,46
2021-12-06,Kern,029,883053,133588,132366,24237,156603,1835
2021-12-06,Kings,031,150075,33806,33399,2063,35462,368
2021-12-06,Lake,033,64148,6976,6922,162,7084,113
2021-12-06,Lassen,035,31185,7082,7032,426,7458,51
2021-12-06,Los Angeles,037,10098052,1481556,1470059,56669,1526728,26993
2021-12-06,Madera,039,155013,24565,24334,2340,26674,307
2021-12-06,Marin,041,260295,18455,18252,542,18794,249
2021-12-06,Mariposa,043,17540,1464,1443,62,1505,6
2021-12-06,Mendocino,045,87422,8213,8079,682,8761,95
2021-12-06,Merced,047,269075,43696,43549,2166,45715,672
2021-12-06,Modoc,049,8938,599,593,202,795,6
2021-12-06,Mono,051,14174,1935,1913,23,1936,4
2021-12-06,Monterey,053,433212,50193,48831,3310,52141,626
2021-12-06,Napa,055,140530,13483,13387,126,13513,107
2021-12-06,Nevada,057,99092,9929,9847,351,10198,105
2021-12-06,Orange,059,3164182,317284,314859,16375,331234,5771
2021-12-06,Placer,061,380077,39201,38785,3919,42704,473
2021-12-06,Plumas,063,18699,1978,1913,46,1959,10
2021-12-06,Riverside,065,2383286,378952,374116,16911,391027,5388
2021-12-06,Sacramento,067,1510023,166187,164926,5039,169965,2367
2021-12-06,San Benito,069,59416,7793,7755,185,7940,78
2021-12-06,San Bernardino,071,2135413,370401,366606,11867,378473,5998
2021-12-06,San Diego,073,3302833,392507,390389,22967,413356,4352
2021-12-06,San Francisco,075,870044,55410,54659,2476,57135,674
2021-12-06,San Joaquin,077,732212,103504,102728,5664,108392,1837
2021-12-06,San Luis Obispo,079,281455,30904,30464,1361,31825,361
2021-12-06,San Mateo,081,765935,56353,55112,1000,56112,580
2021-12-06,Santa Barbara,083,443738,46481,46146,1644,47790,556
2021-12-06,Santa Clara,085,1922200,153826,152310,1668,153978,1937
2021-12-06,Santa Cruz,087,273765,21723,21450,1045,22495,224
2021-12-06,Shasta,089,179085,22743,22556,3728,26284,416
2021-12-06,Sierra,091,2930,200,198,21,219,0
2021-12-06,Siskiyou,093,43540,3471,3409,1369,4778,57
2021-12-06,Solano,095,438530,47467,46748,1365,48113,360
2021-12-06,Sonoma,097,501317,43494,43114,585,43699,405
2021-12-06,Stanislaus,099,539301,81715,81889,9345,91234,1241
2021-12-06,Sutter,101,95872,14337,14319,409,14728,186
2021-12-06,Tehama,103,63373,8837,8760,1554,10314,133
2021-12-06,Trinity,105,12862,910,815,227,1042,17
2021-12-06,Tulare,107,460477,71437,70285,16385,86670,1101
2021-12-06,Tuolumne,109,53932,7764,7726,115,7841,91
2021-12-06,Ventura,111,848112,101300,100426,4492,104918,1194
2021-12-06,Yolo,113,214977,20779,20548,1276,21824,263
2021-12-06,Yuba,115,75493,10562,10480,391,10871,91
2021-12-05,Alameda,001,1643700,123910,123104,2975,126079,1496
2021-12-05,Alpine,003,1148,105,108,0,108,0
2021-12-05,Amador,005,37829,5789,5761,72,5833,67
2021-12-05,Butte,007,227075,21955,21720,3986,25706,320
2021-12-05,Calaveras,009,45235,4471,4434,62,4496,88
2021-12-05,Colusa,011,21464,2630,2615,680,3295,21
2021-12-05,Contra Costa,013,1133247,102875,102251,2374,104625,1058
2021-12-05,Del Norte,015,27424,3799,3751,56,3807,42
2021-12-05,El Dorado,017,186661,16933,16717,1817,18534,168
2021-12-05,Fresno,019,978130,146965,145452,13322,158774,2284
2021-12-05,Glenn,021,27897,3605,3577,1043,4620,36
2021-12-05,Humboldt,023,135768,9761,9662,687,10349,117
2021-12-05,Imperial,025,180216,35858,35422,3727,39149,778
2021-12-05,Inyo,027,18085,2589,2559,42,2601,46
2021-12-05,Kern,029,883053,133424,132286,24185,156471,1833
2021-12-05,Kings,031,150075,33743,33360,2063,35423,369
2021-12-05,Lake,033,64148,6971,6919,161,7080,113
2021-12-05,Lassen,035,31185,7080,7031,426,7457,51
2021-12-05,Los Angeles,037,10098052,1479709,1468937,56530,1525467,26991
2021-12-05,Madera,039,155013,24524,24311,2337,26648,307
2021-12-05,Marin,041,260295,18408,18216,534,18750,249
2021-12-05,Mariposa,043,17540,1461,1440,61,1501,6
2021-12-05,Mendocino,045,87422,8194,8069,676,8745,95
2021-12-05,Merced,047,269075,43651,43534,2157,45691,672
2021-12-05,Modoc,049,8938,599,593,202,795,6
2021-12-05,Mono,051,14174,1928,1907,23,1930,4
2021-12-05,Monterey,053,433212,50121,48813,3278,52091,626
2021-12-05,Napa,055,140530,13457,13382,123,13505,107
2021-12-05,Nevada,057,99092,9908,9827,351,10178,105
2021-12-05,Orange,059,3164182,316849,314560,16332,330892,5771
2021-12-05,Placer,061,380077,39143,38738,3910,42648,473
2021-12-05,Plumas,063,18699,1974,1913,45,1958,9
2021-12-05,Riverside,065,2383286,378295,373827,16881,390708,5388
2021-12-05,Sacramento,067,1510023,165882,164721,5021,169742,2367
2021-12-05,San Benito,069,59416,7776,7748,184,7932,78
2021-12-05,San Bernardino,071,2135413,369697,366282,11820,378102,5998
2021-12-05,San Diego,073,3302833,391713,387979,22918,410897,4351
2021-12-05,San Francisco,075,870044,55309,54603,2474,57077,674
2021-12-05,San Joaquin,077,732212,103363,102698,5659,108357,1837
2021-12-05,San Luis Obispo,079,281455,30834,30454,1358,31812,360
2021-12-05,San Mateo,081,765935,56264,55050,990,56040,580
2021-12-05,Santa Barbara,083,443738,46398,46097,1636,47733,555
2021-12-05,Santa Clara,085,1922200,153573,152114,1648,153762,1933
2021-12-05,Santa Cruz,087,273765,21673,21424,1045,22469,224
2021-12-05,Shasta,089,179085,22686,22550,3727,26277,416
2021-12-05,Sierra,091,2930,200,198,21,219,0
2021-12-05,Siskiyou,093,43540,3469,3409,1368,4777,57
2021-12-05,Solano,095,438530,47404,46715,1363,48078,360
2021-12-05,Sonoma,097,501317,43417,43038,580,43618,405
2021-12-05,Stanislaus,099,539301,81582,81847,9335,91182,1241
2021-12-05,Sutter,101,95872,14313,14303,404,14707,186
2021-12-05,Tehama,103,63373,8829,8755,1553,10308,133
2021-12-05,Trinity,105,12862,909,815,227,1042,17
2021-12-05,Tulare,107,460477,71356,70254,16337,86591,1102
2021-12-05,Tuolumne,109,53932,7751,7718,115,7833,91
2021-12-05,Ventura,111,848112,101164,100367,4479,104846,1194
2021-12-05,Yolo,113,214977,20737,20512,1274,21786,263
2021-12-05,Yuba,115,75493,10549,10467,384,10851,91
2021-12-04,Alameda,001,1643700,123795,122508,2971,125479,1494
2021-12-04,Alpine,003,1148,105,108,0,108,0
2021-12-04,Amador,005,37829,5786,5729,72,5801,67
2021-12-04,Butte,007,227075,21936,21638,3982,25620,318
2021-12-04,Calaveras,009,45235,4463,4392,61,4453,88
2021-12-04,Colusa,011,21464,2630,2600,678,3278,21
2021-12-04,Contra Costa,013,1133247,102803,101824,2368,104192,1056
2021-12-04,Del Norte,015,27424,3796,3726,56,3782,42
2021-12-04,El Dorado,017,186661,16924,16621,1816,18437,168
2021-12-04,Fresno,019,978130,146876,144734,13313,158047,2270
2021-12-04,Glenn,021,27897,3605,3559,1043,4602,36
2021-12-04,Humboldt,023,135768,9746,9596,683,10279,117
2021-12-04,Imperial,025,180216,35804,35206,3714,38920,776
2021-12-04,Inyo,027,18085,2584,2538,42,2580,46
2021-12-04,Kern,029,883053,133344,131771,24162,155933,1817
2021-12-04,Kings,031,150075,33719,33183,2062,35245,367
2021-12-04,Lake,033,64148,6962,6903,161,7064,113
2021-12-04,Lassen,035,31185,7079,7014,424,7438,51
2021-12-04,Los Angeles,037,10098052,1478832,1463270,56453,1519723,26952
2021-12-04,Madera,039,155013,24510,24188,2333,26521,307
2021-12-04,Marin,041,260295,18387,18075,533,18608,249
2021-12-04,Mariposa,043,17540,1457,1421,61,1482,6
2021-12-04,Mendocino,045,87422,8189,7981,676,8657,91
2021-12-04,Merced,047,269075,43624,43337,2155,45492,671
2021-12-04,Modoc,049,8938,599,591,202,793,6
2021-12-04,Mono,051,14174,1928,1883,23,1906,4
2021-12-04,Monterey,053,433212,50089,48682,3271,51953,626
2021-12-04,Napa,055,140530,13447,13327,122,13449,106
2021-12-04,Nevada,057,99092,9900,9752,351,10103,105
2021-12-04,Orange,059,3164182,316618,313112,16306,329418,5748
2021-12-04,Placer,061,380077,39103,38460,3904,42364,473
2021-12-04,Plumas,063,18699,1971,1903,45,1948,7
2021-12-04,Riverside,065,2383286,377936,371768,16875,388643,5381
2021-12-04,Sacramento,067,1510023,165738,163900,5013,168913,2365
2021-12-04,San Benito,069,59416,7750,7688,184,7872,78
2021-12-04,San Bernardino,071,2135413,369308,364154,11806,375960,5983
2021-12-04,San Diego,073,3302833,391233,386710,22888,409598,4350
2021-12-04,San Francisco,075,870044,55241,54286,2471,56757,674
2021-12-04,San Joaquin,077,732212,103309,102286,5657,107943,1835
2021-12-04,San Luis Obispo,079,281455,30813,30318,1354,31672,360
2021-12-04,San Mateo,081,765935,56215,54774,987,55761,579
2021-12-04,Santa Barbara,083,443738,46353,45774,1636,47410,555
2021-12-04,Santa Clara,085,1922200,153418,151275,1634,152909,1928
2021-12-04,Santa Cruz,087,273765,21647,21286,1044,22330,224
2021-12-04,Shasta,089,179085,22669,22418,3725,26143,414
2021-12-04,Sierra,091,2930,200,196,21,217,0
2021-12-04,Siskiyou,093,43540,3467,3398,1368,4766,57
2021-12-04,Solano,095,438530,47384,46529,1362,47891,360
2021-12-04,Sonoma,097,501317,43372,42778,577,43355,405
2021-12-04,Stanislaus,099,539301,81511,81462,9328,90790,1231
2021-12-04,Sutter,101,95872,14305,14258,403,14661,186
2021-12-04,Tehama,103,63373,8827,8742,1553,10295,131
2021-12-04,Trinity,105,12862,908,801,227,1028,17
2021-12-04,Tulare,107,460477,71318,70014,16309,86323,1100
2021-12-04,Tuolumne,109,53932,7746,7676,115,7791,91
2021-12-04,Ventura,111,848112,101073,99751,4475,104226,1192
2021-12-04,Yolo,113,214977,20714,20442,1271,21713,261
2021-12-04,Yuba,115,75493,10538,10418,383,10801,91
2021-12-03,Alameda,001,1643700,123703,122508,2961,125469,1494
2021-12-03,Alpine,003,1148,105,108,0,108,0
2021-12-03,Amador,005,37829,5781,5729,71,5800,67
2021-12-03,Butte,007,227075,21923,21638,3977,25615,318
2021-12-03,Calaveras,009,45235,4454,4392,61,4453,88
2021-12-03,Colusa,011,21464,2628,2600,678,3278,21
2021-12-03,Contra Costa,013,1133247,102730,101824,2362,104186,1056
2021-12-03,Del Norte,015,27424,3794,3726,56,3782,42
2021-12-03,El Dorado,017,186661,16894,16621,1814,18435,168
2021-12-03,Fresno,019,978130,146762,144734,13310,158044,2270
2021-12-03,Glenn,021,27897,3604,3559,1042,4601,36
2021-12-03,Humboldt,023,135768,9729,9596,681,10277,117
2021-12-03,Imperial,025,180216,35762,35206,3684,38890,776
2021-12-03,Inyo,027,18085,2577,2538,42,2580,46
2021-12-03,Kern,029,883053,133272,131771,24127,155898,1817
2021-12-03,Kings,031,150075,33692,33183,2062,35245,367
2021-12-03,Lake,033,64148,6962,6903,161,7064,113
2021-12-03,Lassen,035,31185,7077,7014,423,7437,51
2021-12-03,Los Angeles,037,10098052,1477890,1463270,56373,1519643,26952
2021-12-03,Madera,039,155013,24484,24188,2329,26517,307
2021-12-03,Marin,041,260295,18354,18075,529,18604,249
2021-12-03,Mariposa,043,17540,1455,1421,61,1482,6
2021-12-03,Mendocino,045,87422,8182,7981,676,8657,91
2021-12-03,Merced,047,269075,43601,43337,2152,45489,671
2021-12-03,Modoc,049,8938,599,591,202,793,6
2021-12-03,Mono,051,14174,1922,1883,23,1906,4
2021-12-03,Monterey,053,433212,50050,48682,3260,51942,626
2021-12-03,Napa,055,140530,13435,13327,122,13449,106
2021-12-03,Nevada,057,99092,9889,9752,351,10103,105
2021-12-03,Orange,059,3164182,316347,313112,16274,329386,5748
2021-12-03,Placer,061,380077,39066,38460,3897,42357,473
2021-12-03,Plumas,063,18699,1968,1903,45,1948,7
2021-12-03,Riverside,065,2383286,377543,371768,16869,388637,5381
2021-12-03,Sacramento,067,1510023,165558,163900,4999,168899,2365
2021-12-03,San Benito,069,59416,7743,7688,184,7872,78
2021-12-03,San Bernardino,071,2135413,368861,364154,11795,375949,5983
2021-12-03,San Diego,073,3302833,390758,386710,22864,409574,4350
2021-12-03,San Francisco,075,870044,55172,54286,2467,56753,674
2021-12-03,San Joaquin,077,732212,103252,102286,5656,107942,1835
2021-12-03,San Luis Obispo,079,281455,30787,30318,1351,31669,360
2021-12-03,San Mateo,081,765935,56150,54774,984,55758,579
2021-12-03,Santa Barbara,083,443738,46317,45774,1636,47410,555
2021-12-03,Santa Clara,085,1922200,153236,151275,1619,152894,1928
2021-12-03,Santa Cruz,087,273765,21620,21286,1044,22330,224
2021-12-03,Shasta,089,179085,22654,22418,3725,26143,414
2021-12-03,Sierra,091,2930,200,196,21,217,0
2021-12-03,Siskiyou,093,43540,3464,3398,1366,4764,57
2021-12-03,Solano,095,438530,47342,46529,1361,47890,360
2021-12-03,Sonoma,097,501317,43336,42778,575,43353,405
2021-12-03,Stanislaus,099,539301,81454,81462,9319,90781,1231
2021-12-03,Sutter,101,95872,14292,14258,401,14659,186
2021-12-03,Tehama,103,63373,8826,8742,1552,10294,131
2021-12-03,Trinity,105,12862,908,801,227,1028,17
2021-12-03,Tulare,107,460477,71279,70014,16277,86291,1100
2021-12-03,Tuolumne,109,53932,7737,7676,115,7791,91
2021-12-03,Ventura,111,848112,100987,99751,4468,104219,1192
2021-12-03,Yolo,113,214977,20697,20442,1270,21712,261
2021-12-03,Yuba,115,75493,10530,10418,383,10801,91
2021-12-02,Alameda,001,1643700,123546,122508,2953,125461,1494
2021-12-02,Alpine,003,1148,105,108,0,108,0
2021-12-02,Amador,005,37829,5776,5729,70,5799,67
2021-12-02,Butte,007,227075,21898,21638,3973,25611,318
2021-12-02,Calaveras,009,45235,4444,4392,60,4452,88
2021-12-02,Colusa,011,21464,2627,2600,678,3278,21
2021-12-02,Contra Costa,013,1133247,102615,101824,2358,104182,1056
2021-12-02,Del Norte,015,27424,3786,3726,56,3782,42
2021-12-02,El Dorado,017,186661,16873,16621,1812,18433,168
2021-12-02,Fresno,019,978130,146593,144734,13298,158032,2270
2021-12-02,Glenn,021,27897,3604,3559,1039,4598,36
2021-12-02,Humboldt,023,135768,9710,9596,680,10276,117
2021-12-02,Imperial,025,180216,35694,35206,3661,38867,776
2021-12-02,Inyo,027,18085,2572,2538,42,2580,46
2021-12-02,Kern,029,883053,133101,131771,24074,155845,1817
2021-12-02,Kings,031,150075,33639,33183,2060,35243,367
2021-12-02,Lake,033,64148,6958,6903,161,7064,113
2021-12-02,Lassen,035,31185,7073,7014,423,7437,51
2021-12-02,Los Angeles,037,10098052,1476371,1463270,56282,1519552,26952
2021-12-02,Madera,039,155013,24447,24188,2320,26508,307
2021-12-02,Marin,041,260295,18323,18075,525,18600,249
2021-12-02,Mariposa,043,17540,1453,1421,61,1482,6
2021-12-02,Mendocino,045,87422,8166,7981,675,8656,91
2021-12-02,Merced,047,269075,43555,43337,2147,45484,671
2021-12-02,Modoc,049,8938,598,591,202,793,6
2021-12-02,Mono,051,14174,1916,1883,23,1906,4
2021-12-02,Monterey,053,433212,49973,48682,3238,51920,626
2021-12-02,Napa,055,140530,13422,13327,122,13449,106
2021-12-02,Nevada,057,99092,9871,9752,350,10102,105
2021-12-02,Orange,059,3164182,316004,313112,16237,329349,5748
2021-12-02,Placer,061,380077,39001,38460,3892,42352,473
2021-12-02,Plumas,063,18699,1965,1903,45,1948,7
2021-12-02,Riverside,065,2383286,377016,371768,16859,388627,5381
2021-12-02,Sacramento,067,1510023,165330,163900,4989,168889,2365
2021-12-02,San Benito,069,59416,7723,7688,184,7872,78
2021-12-02,San Bernardino,071,2135413,368315,364154,11775,375929,5983
2021-12-02,San Diego,073,3302833,390117,386710,22809,409519,4350
2021-12-02,San Francisco,075,870044,55077,54286,2462,56748,674
2021-12-02,San Joaquin,077,732212,103138,102286,5651,107937,1835
2021-12-02,San Luis Obispo,079,281455,30753,30318,1344,31662,360
2021-12-02,San Mateo,081,765935,56069,54774,976,55750,579
2021-12-02,Santa Barbara,083,443738,46236,45774,1633,47407,555
2021-12-02,Santa Clara,085,1922200,152990,151275,1602,152877,1928
2021-12-02,Santa Cruz,087,273765,21569,21286,1043,22329,224
2021-12-02,Shasta,089,179085,22621,22418,3724,26142,414
2021-12-02,Sierra,091,2930,200,196,21,217,0
2021-12-02,Siskiyou,093,43540,3463,3398,1359,4757,57
2021-12-02,Solano,095,438530,47292,46529,1359,47888,360
2021-12-02,Sonoma,097,501317,43262,42778,575,43353,405
2021-12-02,Stanislaus,099,539301,81362,81462,9311,90773,1231
2021-12-02,Sutter,101,95872,14279,14258,398,14656,186
2021-12-02,Tehama,103,63373,8819,8742,1550,10292,131
2021-12-02,Trinity,105,12862,908,801,227,1028,17
2021-12-02,Tulare,107,460477,71192,70014,16227,86241,1100
2021-12-02,Tuolumne,109,53932,7722,7676,114,7790,91
2021-12-02,Ventura,111,848112,100862,99751,4466,104217,1192
2021-12-02,Yolo,113,214977,20673,20442,1266,21708,261
2021-12-02,Yuba,115,75493,10514,10418,380,10798,91
2021-12-01,Alameda,001,1643700,123394,122298,2943,125241,1492
2021-12-01,Alpine,003,1148,105,108,0,108,0
2021-12-01,Amador,005,37829,5769,5723,70,5793,67
2021-12-01,Butte,007,227075,21879,21600,3967,25567,318
2021-12-01,Calaveras,009,45235,4439,4371,60,4431,88
2021-12-01,Colusa,011,21464,2620,2595,675,3270,20
2021-12-01,Contra Costa,013,1133247,102507,101651,2347,103998,1048
2021-12-01,Del Norte,015,27424,3784,3722,56,3778,42
2021-12-01,El Dorado,017,186661,16852,16575,1810,18385,166
2021-12-01,Fresno,019,978130,146385,144507,13290,157797,2264
2021-12-01,Glenn,021,27897,3597,3556,1038,4594,36
2021-12-01,Humboldt,023,135768,9686,9573,675,10248,117
2021-12-01,Imperial,025,180216,35614,35085,3634,38719,776
2021-12-01,Inyo,027,18085,2568,2533,42,2575,46
2021-12-01,Kern,029,883053,132954,131580,24019,155599,1804
2021-12-01,Kings,031,150075,33589,33112,2059,35171,364
2021-12-01,Lake,033,64148,6950,6896,160,7056,112
2021-12-01,Lassen,035,31185,7068,7008,421,7429,51
2021-12-01,Los Angeles,037,10098052,1474780,1461394,56187,1517581,26928
2021-12-01,Madera,039,155013,24416,24134,2311,26445,307
2021-12-01,Marin,041,260295,18285,18038,519,18557,249
2021-12-01,Mariposa,043,17540,1449,1415,61,1476,6
2021-12-01,Mendocino,045,87422,8152,7966,670,8636,90
2021-12-01,Merced,047,269075,43499,43259,2126,45385,670
2021-12-01,Modoc,049,8938,598,576,202,778,5
2021-12-01,Mono,051,14174,1911,1876,23,1899,4
2021-12-01,Monterey,053,433212,49924,48611,3229,51840,626
2021-12-01,Napa,055,140530,13405,13319,119,13438,107
2021-12-01,Nevada,057,99092,9858,9706,350,10056,105
2021-12-01,Orange,059,3164182,315639,312772,16199,328971,5735
2021-12-01,Placer,061,380077,38946,38373,3886,42259,472
2021-12-01,Plumas,063,18699,1961,1893,45,1938,7
2021-12-01,Riverside,065,2383286,376491,371189,16842,388031,5369
2021-12-01,Sacramento,067,1510023,165117,163616,4970,168586,2360
2021-12-01,San Benito,069,59416,7709,7669,184,7853,78
2021-12-01,San Bernardino,071,2135413,367725,363368,11747,375115,5973
2021-12-01,San Diego,073,3302833,389321,386056,22754,408810,4346
2021-12-01,San Francisco,075,870044,54995,54199,2455,56654,672
2021-12-01,San Joaquin,077,732212,103031,102109,5650,107759,1834
2021-12-01,San Luis Obispo,079,281455,30711,30238,1340,31578,360
2021-12-01,San Mateo,081,765935,55988,54711,973,55684,579
2021-12-01,Santa Barbara,083,443738,46166,45681,1631,47312,554
2021-12-01,Santa Clara,085,1922200,152770,150961,1585,152546,1925
2021-12-01,Santa Cruz,087,273765,21540,21191,1042,22233,224
2021-12-01,Shasta,089,179085,22589,22375,3718,26093,410
2021-12-01,Sierra,091,2930,200,195,21,216,0
2021-12-01,Siskiyou,093,43540,3460,3391,1359,4750,55
2021-12-01,Solano,095,438530,47247,46485,1359,47844,360
2021-12-01,Sonoma,097,501317,43186,42713,574,43287,405
2021-12-01,Stanislaus,099,539301,81269,81330,9298,90628,1231
2021-12-01,Sutter,101,95872,14264,14229,397,14626,186
2021-12-01,Tehama,103,63373,8809,8728,1550,10278,130
2021-12-01,Trinity,105,12862,903,801,227,1028,17
2021-12-01,Tulare,107,460477,71115,69953,16187,86140,1098
2021-12-01,Tuolumne,109,53932,7714,7655,114,7769,91
2021-12-01,Ventura,111,848112,100756,99680,4455,104135,1191
2021-12-01,Yolo,113,214977,20645,20393,1266,21659,260
2021-12-01,Yuba,115,75493,10503,10401,380,10781,89
2021-11-30,Alameda,001,1643700,123222,122196,2934,125130,1489
2021-11-30,Alpine,003,1148,105,108,0,108,0
2021-11-30,Amador,005,37829,5761,5716,70,5786,66
2021-11-30,Butte,007,227075,21850,21565,3957,25522,318
2021-11-30,Calaveras,009,45235,4421,4360,60,4420,88
2021-11-30,Colusa,011,21464,2619,2592,675,3267,21
2021-11-30,Contra Costa,013,1133247,102371,101538,2340,103878,1046
2021-11-30,Del Norte,015,27424,3778,3718,56,3774,42
2021-11-30,El Dorado,017,186661,16824,16558,1804,18362,166
2021-11-30,Fresno,019,978130,146184,144384,13282,157666,2259
2021-11-30,Glenn,021,27897,3592,3555,1037,4592,36
2021-11-30,Humboldt,023,135768,9655,9539,669,10208,116
2021-11-30,Imperial,025,180216,35506,34999,3606,38605,773
2021-11-30,Inyo,027,18085,2559,2530,42,2572,46
2021-11-30,Kern,029,883053,132782,131451,23962,155413,1799
2021-11-30,Kings,031,150075,33537,33074,2055,35129,362
2021-11-30,Lake,033,64148,6944,6892,158,7050,110
2021-11-30,Lassen,035,31185,7064,7003,420,7423,51
2021-11-30,Los Angeles,037,10098052,1472988,1460177,56086,1516263,26913
2021-11-30,Madera,039,155013,24382,24108,2306,26414,307
2021-11-30,Marin,041,260295,18241,18010,517,18527,249
2021-11-30,Mariposa,043,17540,1443,1412,61,1473,6
2021-11-30,Mendocino,045,87422,8123,7960,664,8624,89
2021-11-30,Merced,047,269075,43431,43200,2118,45318,668
2021-11-30,Modoc,049,8938,597,576,202,778,5
2021-11-30,Mono,051,14174,1908,1873,23,1896,4
2021-11-30,Monterey,053,433212,49861,48581,3219,51800,626
2021-11-30,Napa,055,140530,13385,13308,119,13427,105
2021-11-30,Nevada,057,99092,9842,9699,349,10048,105
2021-11-30,Orange,059,3164182,315218,312451,16157,328608,5724
2021-11-30,Placer,061,380077,38843,38324,3878,42202,470
2021-11-30,Plumas,063,18699,1956,1887,44,1931,7
2021-11-30,Riverside,065,2383286,375805,370739,16817,387556,5358
2021-11-30,Sacramento,067,1510023,164837,163420,4948,168368,2353
2021-11-30,San Benito,069,59416,7687,7645,183,7828,78
2021-11-30,San Bernardino,071,2135413,367048,363006,11724,374730,5967
2021-11-30,San Diego,073,3302833,388392,385405,22707,408112,4340
2021-11-30,San Francisco,075,870044,54888,54147,2447,56594,672
2021-11-30,San Joaquin,077,732212,102905,101972,5642,107614,1834
2021-11-30,San Luis Obispo,079,281455,30686,30200,1337,31537,360
2021-11-30,San Mateo,081,765935,55883,54656,963,55619,579
2021-11-30,Santa Barbara,083,443738,46070,45628,1625,47253,553
2021-11-30,Santa Clara,085,1922200,152511,150799,1567,152366,1929
2021-11-30,Santa Cruz,087,273765,21482,21169,1038,22207,224
2021-11-30,Shasta,089,179085,22559,22347,3715,26062,401
2021-11-30,Sierra,091,2930,197,195,21,216,0
2021-11-30,Siskiyou,093,43540,3456,3385,1356,4741,55
2021-11-30,Solano,095,438530,47184,46434,1353,47787,358
2021-11-30,Sonoma,097,501317,43107,42663,572,43235,405
2021-11-30,Stanislaus,099,539301,81168,81276,9271,90547,1227
2021-11-30,Sutter,101,95872,14253,14210,394,14604,186
2021-11-30,Tehama,103,63373,8802,8727,1549,10276,130
2021-11-30,Trinity,105,12862,902,799,227,1026,17
2021-11-30,Tulare,107,460477,71028,69900,16138,86038,1099
2021-11-30,Tuolumne,109,53932,7699,7643,114,7757,91
2021-11-30,Ventura,111,848112,100602,99601,4443,104044,1191
2021-11-30,Yolo,113,214977,20603,20376,1260,21636,260
2021-11-30,Yuba,115,75493,10484,10398,375,10773,89
2021-11-29,Alameda,001,1643700,123065,122136,2925,125061,1489
2021-11-29,Alpine,003,1148,105,108,0,108,0
2021-11-29,Amador,005,37829,5754,5706,70,5776,66
2021-11-29,Butte,007,227075,21819,21544,3950,25494,314
2021-11-29,Calaveras,009,45235,4405,4353,60,4413,88
2021-11-29,Colusa,011,21464,2617,2585,672,3257,20
2021-11-29,Contra Costa,013,1133247,102222,101441,2332,103773,1046
2021-11-29,Del Norte,015,27424,3775,3704,56,3760,42
2021-11-29,El Dorado,017,186661,16806,16534,1799,18333,166
2021-11-29,Fresno,019,978130,145978,144282,13259,157541,2254
2021-11-29,Glenn,021,27897,3589,3555,1036,4591,36
2021-11-29,Humboldt,023,135768,9638,9514,662,10176,115
2021-11-29,Imperial,025,180216,35441,34960,3585,38545,773
2021-11-29,Inyo,027,18085,2554,2529,42,2571,46
2021-11-29,Kern,029,883053,132598,131362,23920,155282,1789
2021-11-29,Kings,031,150075,33484,33059,2051,35110,363
2021-11-29,Lake,033,64148,6932,6889,158,7047,110
2021-11-29,Lassen,035,31185,7061,7003,418,7421,51
2021-11-29,Los Angeles,037,10098052,1471142,1459446,56000,1515446,26889
2021-11-29,Madera,039,155013,24346,24069,2298,26367,307
2021-11-29,Marin,041,260295,18194,17980,512,18492,249
2021-11-29,Mariposa,043,17540,1435,1409,61,1470,6
2021-11-29,Mendocino,045,87422,8106,7954,660,8614,89
2021-11-29,Merced,047,269075,43357,43167,2110,45277,667
2021-11-29,Modoc,049,8938,596,569,202,771,5
2021-11-29,Mono,051,14174,1891,1859,23,1882,4
2021-11-29,Monterey,053,433212,49800,48548,3203,51751,626
2021-11-29,Napa,055,140530,13375,13304,119,13423,104
2021-11-29,Nevada,057,99092,9828,9689,349,10038,105
2021-11-29,Orange,059,3164182,314815,312203,16111,328314,5709
2021-11-29,Placer,061,380077,38778,38261,3873,42134,470
2021-11-29,Plumas,063,18699,1953,1884,44,1928,7
2021-11-29,Riverside,065,2383286,375267,370334,16806,387140,5358
2021-11-29,Sacramento,067,1510023,164590,163282,4915,168197,2342
2021-11-29,San Benito,069,59416,7668,7631,182,7813,77
2021-11-29,San Bernardino,071,2135413,366440,362694,11690,374384,5962
2021-11-29,San Diego,073,3302833,387504,384853,22673,407526,4335
2021-11-29,San Francisco,075,870044,54790,54125,2443,56568,669
2021-11-29,San Joaquin,077,732212,102766,101927,5635,107562,1834
2021-11-29,San Luis Obispo,079,281455,30652,30165,1333,31498,359
2021-11-29,San Mateo,081,765935,55780,54622,959,55581,579
2021-11-29,Santa Barbara,083,443738,45973,45576,1621,47197,549
2021-11-29,Santa Clara,085,1922200,152237,150620,1561,152181,1925
2021-11-29,Santa Cruz,087,273765,21444,21149,1037,22186,224
2021-11-29,Shasta,089,179085,22524,22315,3711,26026,399
2021-11-29,Sierra,091,2930,197,195,21,216,0
2021-11-29,Siskiyou,093,43540,3453,3374,1349,4723,55
2021-11-29,Solano,095,438530,47132,46412,1351,47763,357
2021-11-29,Sonoma,097,501317,43030,42624,569,43193,405
2021-11-29,Stanislaus,099,539301,81086,81227,9253,90480,1223
2021-11-29,Sutter,101,95872,14237,14204,391,14595,186
2021-11-29,Tehama,103,63373,8797,8720,1544,10264,130
2021-11-29,Trinity,105,12862,897,798,227,1025,17
2021-11-29,Tulare,107,460477,70949,69850,16104,85954,1096
2021-11-29,Tuolumne,109,53932,7686,7627,114,7741,90
2021-11-29,Ventura,111,848112,100482,99520,4433,103953,1190
2021-11-29,Yolo,113,214977,20558,20344,1258,21602,257
2021-11-29,Yuba,115,75493,10467,10395,374,10769,89
2021-11-28,Alameda,001,1643700,122845,122082,2919,125001,1491
2021-11-28,Alpine,003,1148,105,108,0,108,0
2021-11-28,Amador,005,37829,5744,5703,70,5773,66
2021-11-28,Butte,007,227075,21780,21530,3947,25477,313
2021-11-28,Calaveras,009,45235,4384,4350,60,4410,88
2021-11-28,Colusa,011,21464,2613,2586,671,3257,19
2021-11-28,Contra Costa,013,1133247,102049,101355,2322,103677,1046
2021-11-28,Del Norte,015,27424,3770,3703,56,3759,42
2021-11-28,El Dorado,017,186661,16765,16527,1797,18324,166
2021-11-28,Fresno,019,978130,145732,144164,13233,157397,2252
2021-11-28,Glenn,021,27897,3586,3547,1034,4581,36
2021-11-28,Humboldt,023,135768,9606,9499,658,10157,115
2021-11-28,Imperial,025,180216,35333,34929,3561,38490,773
2021-11-28,Inyo,027,18085,2547,2531,42,2573,46
2021-11-28,Kern,029,883053,132391,131279,23863,155142,1789
2021-11-28,Kings,031,150075,33411,33057,2044,35101,364
2021-11-28,Lake,033,64148,6922,6885,157,7042,110
2021-11-28,Lassen,035,31185,7052,7002,414,7416,51
2021-11-28,Los Angeles,037,10098052,1468969,1458646,55912,1514558,26878
2021-11-28,Madera,039,155013,24298,24055,2291,26346,307
2021-11-28,Marin,041,260295,18146,17962,508,18470,249
2021-11-28,Mariposa,043,17540,1431,1406,61,1467,6
2021-11-28,Mendocino,045,87422,8076,7943,655,8598,89
2021-11-28,Merced,047,269075,43291,43166,2095,45261,667
2021-11-28,Modoc,049,8938,595,569,202,771,5
2021-11-28,Mono,051,14174,1885,1841,23,1864,4
2021-11-28,Monterey,053,433212,49735,48537,3184,51721,626
2021-11-28,Napa,055,140530,13362,13303,119,13422,104
2021-11-28,Nevada,057,99092,9802,9684,348,10032,105
2021-11-28,Orange,059,3164182,314429,312028,16068,328096,5693
2021-11-28,Placer,061,380077,38696,38240,3854,42094,470
2021-11-28,Plumas,063,18699,1947,1884,43,1927,7
2021-11-28,Riverside,065,2383286,374606,370051,16784,386835,5358
2021-11-28,Sacramento,067,1510023,164233,163170,4892,168062,2335
2021-11-28,San Benito,069,59416,7649,7623,181,7804,77
2021-11-28,San Bernardino,071,2135413,365712,362407,11662,374069,5958
2021-11-28,San Diego,073,3302833,386615,383025,22609,405634,4325
2021-11-28,San Francisco,075,870044,54714,54082,2438,56520,669
2021-11-28,San Joaquin,077,732212,102585,101895,5618,107513,1834
2021-11-28,San Luis Obispo,079,281455,30588,30152,1329,31481,358
2021-11-28,San Mateo,081,765935,55686,54567,955,55522,579
2021-11-28,Santa Barbara,083,443738,45894,45551,1610,47161,549
2021-11-28,Santa Clara,085,1922200,151936,150436,1546,151982,1920
2021-11-28,Santa Cruz,087,273765,21373,21110,1036,22146,224
2021-11-28,Shasta,089,179085,22485,22316,3709,26025,400
2021-11-28,Sierra,091,2930,197,195,21,216,0
2021-11-28,Siskiyou,093,43540,3447,3372,1345,4717,55
2021-11-28,Solano,095,438530,47070,46385,1350,47735,356
2021-11-28,Sonoma,097,501317,42944,42583,566,43149,405
2021-11-28,Stanislaus,099,539301,80967,81181,9231,90412,1223
2021-11-28,Sutter,101,95872,14215,14192,385,14577,186
2021-11-28,Tehama,103,63373,8789,8720,1540,10260,130
2021-11-28,Trinity,105,12862,896,797,227,1024,17
2021-11-28,Tulare,107,460477,70851,69833,16051,85884,1095
2021-11-28,Tuolumne,109,53932,7665,7620,114,7734,90
2021-11-28,Ventura,111,848112,100326,99486,4422,103908,1190
2021-11-28,Yolo,113,214977,20515,20333,1257,21590,257
2021-11-28,Yuba,115,75493,10449,10391,372,10763,89
2021-11-27,Alameda,001,1643700,122747,121618,2916,124534,1477
2021-11-27,Alpine,003,1148,105,106,0,106,0
2021-11-27,Amador,005,37829,5743,5670,70,5740,66
2021-11-27,Butte,007,227075,21757,21384,3942,25326,309
2021-11-27,Calaveras,009,45235,4378,4294,60,4354,85
2021-11-27,Colusa,011,21464,2612,2568,669,3237,19
2021-11-27,Contra Costa,013,1133247,101964,100961,2321,103282,1045
2021-11-27,Del Norte,015,27424,3763,3661,56,3717,42
2021-11-27,El Dorado,017,186661,16730,16399,1796,18195,161
2021-11-27,Fresno,019,978130,145620,143386,13227,156613,2246
2021-11-27,Glenn,021,27897,3582,3532,1033,4565,36
2021-11-27,Humboldt,023,135768,9578,9399,656,10055,115
2021-11-27,Imperial,025,180216,35251,34611,3545,38156,769
2021-11-27,Inyo,027,18085,2544,2506,42,2548,45
2021-11-27,Kern,029,883053,132307,130245,23834,154079,1773
2021-11-27,Kings,031,150075,33389,32891,2041,34932,358
2021-11-27,Lake,033,64148,6919,6836,156,6992,110
2021-11-27,Lassen,035,31185,7050,6959,413,7372,47
2021-11-27,Los Angeles,037,10098052,1467963,1454495,55842,1510337,26817
2021-11-27,Madera,039,155013,24277,23880,2286,26166,296
2021-11-27,Marin,041,260295,18107,17857,503,18360,248
2021-11-27,Mariposa,043,17540,1429,1374,61,1435,6
2021-11-27,Mendocino,045,87422,8057,7871,655,8526,89
2021-11-27,Merced,047,269075,43256,42921,2092,45013,664
2021-11-27,Modoc,049,8938,593,551,202,753,5
2021-11-27,Mono,051,14174,1883,1810,23,1833,4
2021-11-27,Monterey,053,433212,49702,48400,3170,51570,625
2021-11-27,Napa,055,140530,13348,13256,119,13375,104
2021-11-27,Nevada,057,99092,9780,9584,347,9931,103
2021-11-27,Orange,059,3164182,314178,310809,16031,326840,5665
2021-11-27,Placer,061,380077,38635,38001,3848,41849,468
2021-11-27,Plumas,063,18699,1943,1860,43,1903,7
2021-11-27,Riverside,065,2383286,374248,367601,16777,384378,5306
2021-11-27,Sacramento,067,1510023,164075,162328,4889,167217,2335
2021-11-27,San Benito,069,59416,7633,7575,181,7756,77
2021-11-27,San Bernardino,071,2135413,365280,360033,11653,371686,5932
2021-11-27,San Diego,073,3302833,386120,382634,22583,405217,4319
2021-11-27,San Francisco,075,870044,54664,53830,2435,56265,669
2021-11-27,San Joaquin,077,732212,102518,101368,5615,106983,1833
2021-11-27,San Luis Obispo,079,281455,30553,29983,1325,31308,358
2021-11-27,San Mateo,081,765935,55629,54360,952,55312,577
2021-11-27,Santa Barbara,083,443738,45840,45318,1608,46926,548
2021-11-27,Santa Clara,085,1922200,151729,149700,1539,151239,1922
2021-11-27,Santa Cruz,087,273765,21333,20929,1033,21962,222
2021-11-27,Shasta,089,179085,22462,22151,3708,25859,396
2021-11-27,Sierra,091,2930,196,194,21,215,0
2021-11-27,Siskiyou,093,43540,3444,3336,1343,4679,54
2021-11-27,Solano,095,438530,47034,46163,1347,47510,356
2021-11-27,Sonoma,097,501317,42881,42368,566,42934,405
2021-11-27,Stanislaus,099,539301,80899,80782,9213,89995,1220
2021-11-27,Sutter,101,95872,14207,14127,384,14511,181
2021-11-27,Tehama,103,63373,8787,8675,1539,10214,129
2021-11-27,Trinity,105,12862,896,789,227,1016,17
2021-11-27,Tulare,107,460477,70799,69377,16035,85412,1082
2021-11-27,Tuolumne,109,53932,7652,7574,114,7688,90
2021-11-27,Ventura,111,848112,100253,99163,4415,103578,1188
2021-11-27,Yolo,113,214977,20494,20237,1248,21485,257
2021-11-27,Yuba,115,75493,10438,10335,372,10707,88
2021-11-26,Alameda,001,1643700,122636,121618,2914,124532,1477
2021-11-26,Alpine,003,1148,105,106,0,106,0
2021-11-26,Amador,005,37829,5739,5670,70,5740,66
2021-11-26,Butte,007,227075,21733,21384,3937,25321,309
2021-11-26,Calaveras,009,45235,4369,4294,60,4354,85
2021-11-26,Colusa,011,21464,2610,2568,668,3236,19
2021-11-26,Contra Costa,013,1133247,101876,100961,2317,103278,1045
2021-11-26,Del Norte,015,27424,3760,3661,56,3717,42
2021-11-26,El Dorado,017,186661,16713,16399,1793,18192,161
2021-11-26,Fresno,019,978130,145488,143386,13217,156603,2246
2021-11-26,Glenn,021,27897,3580,3532,1033,4565,36
2021-11-26,Humboldt,023,135768,9559,9399,652,10051,115
2021-11-26,Imperial,025,180216,35194,34611,3532,38143,769
2021-11-26,Inyo,027,18085,2544,2506,42,2548,45
2021-11-26,Kern,029,883053,132224,130245,23790,154035,1773
2021-11-26,Kings,031,150075,33365,32891,2039,34930,358
2021-11-26,Lake,033,64148,6917,6836,156,6992,110
2021-11-26,Lassen,035,31185,7044,6959,413,7372,47
2021-11-26,Los Angeles,037,10098052,1467119,1454495,55781,1510276,26817
2021-11-26,Madera,039,155013,24250,23880,2284,26164,296
2021-11-26,Marin,041,260295,18078,17857,503,18360,248
2021-11-26,Mariposa,043,17540,1423,1374,60,1434,6
2021-11-26,Mendocino,045,87422,8047,7871,655,8526,89
2021-11-26,Merced,047,269075,43226,42921,2087,45008,664
2021-11-26,Modoc,049,8938,591,551,202,753,5
2021-11-26,Mono,051,14174,1872,1810,23,1833,4
2021-11-26,Monterey,053,433212,49658,48400,3163,51563,625
2021-11-26,Napa,055,140530,13332,13256,119,13375,104
2021-11-26,Nevada,057,99092,9768,9584,347,9931,103
2021-11-26,Orange,059,3164182,313909,310809,15999,326808,5665
2021-11-26,Placer,061,380077,38590,38001,3840,41841,468
2021-11-26,Plumas,063,18699,1938,1860,43,1903,7
2021-11-26,Riverside,065,2383286,373847,367601,16770,384371,5306
2021-11-26,Sacramento,067,1510023,163962,162328,4884,167212,2335
2021-11-26,San Benito,069,59416,7625,7575,181,7756,77
2021-11-26,San Bernardino,071,2135413,364854,360033,11646,371679,5932
2021-11-26,San Diego,073,3302833,385575,382634,22571,405205,4319
2021-11-26,San Francisco,075,870044,54617,53830,2433,56263,669
2021-11-26,San Joaquin,077,732212,102461,101368,5614,106982,1833
2021-11-26,San Luis Obispo,079,281455,30511,29983,1322,31305,358
2021-11-26,San Mateo,081,765935,55566,54360,951,55311,577
2021-11-26,Santa Barbara,083,443738,45793,45318,1607,46925,548
2021-11-26,Santa Clara,085,1922200,151560,149700,1531,151231,1922
2021-11-26,Santa Cruz,087,273765,21293,20929,1033,21962,222
2021-11-26,Shasta,089,179085,22442,22151,3706,25857,396
2021-11-26,Sierra,091,2930,196,194,21,215,0
2021-11-26,Siskiyou,093,43540,3441,3336,1342,4678,54
2021-11-26,Solano,095,438530,46993,46163,1346,47509,356
2021-11-26,Sonoma,097,501317,42831,42368,564,42932,405
2021-11-26,Stanislaus,099,539301,80826,80782,9202,89984,1220
2021-11-26,Sutter,101,95872,14194,14127,383,14510,181
2021-11-26,Tehama,103,63373,8785,8675,1538,10213,129
2021-11-26,Trinity,105,12862,895,789,227,1016,17
2021-11-26,Tulare,107,460477,70753,69377,16003,85380,1082
2021-11-26,Tuolumne,109,53932,7642,7574,114,7688,90
2021-11-26,Ventura,111,848112,100173,99163,4410,103573,1188
2021-11-26,Yolo,113,214977,20475,20237,1240,21477,257
2021-11-26,Yuba,115,75493,10432,10335,372,10707,88
2021-11-25,Alameda,001,1643700,122528,121618,2909,124527,1477
2021-11-25,Alpine,003,1148,105,106,0,106,0
2021-11-25,Amador,005,37829,5731,5670,70,5740,66
2021-11-25,Butte,007,227075,21715,21384,3935,25319,309
2021-11-25,Calaveras,009,45235,4364,4294,60,4354,85
2021-11-25,Colusa,011,21464,2607,2568,666,3234,19
2021-11-25,Contra Costa,013,1133247,101772,100961,2313,103274,1045
2021-11-25,Del Norte,015,27424,3755,3661,56,3717,42
2021-11-25,El Dorado,017,186661,16694,16399,1792,18191,161
2021-11-25,Fresno,019,978130,145354,143386,13208,156594,2246
2021-11-25,Glenn,021,27897,3579,3532,1032,4564,36
2021-11-25,Humboldt,023,135768,9540,9399,649,10048,115
2021-11-25,Imperial,025,180216,35149,34611,3521,38132,769
2021-11-25,Inyo,027,18085,2542,2506,42,2548,45
2021-11-25,Kern,029,883053,132126,130245,23744,153989,1773
2021-11-25,Kings,031,150075,33337,32891,2038,34929,358
2021-11-25,Lake,033,64148,6910,6836,156,6992,110
2021-11-25,Lassen,035,31185,7042,6959,412,7371,47
2021-11-25,Los Angeles,037,10098052,1466152,1454495,55725,1510220,26817
2021-11-25,Madera,039,155013,24214,23880,2283,26163,296
2021-11-25,Marin,041,260295,18051,17857,497,18354,248
2021-11-25,Mariposa,043,17540,1420,1374,60,1434,6
2021-11-25,Mendocino,045,87422,8029,7871,655,8526,89
2021-11-25,Merced,047,269075,43187,42921,2081,45002,664
2021-11-25,Modoc,049,8938,590,551,202,753,5
2021-11-25,Mono,051,14174,1861,1810,23,1833,4
2021-11-25,Monterey,053,433212,49614,48400,3154,51554,625
2021-11-25,Napa,055,140530,13324,13256,119,13375,104
2021-11-25,Nevada,057,99092,9749,9584,344,9928,103
2021-11-25,Orange,059,3164182,313647,310809,15967,326776,5665
2021-11-25,Placer,061,380077,38544,38001,3834,41835,468
2021-11-25,Plumas,063,18699,1936,1860,43,1903,7
2021-11-25,Riverside,065,2383286,373432,367601,16763,384364,5306
2021-11-25,Sacramento,067,1510023,163783,162328,4878,167206,2335
2021-11-25,San Benito,069,59416,7618,7575,181,7756,77
2021-11-25,San Bernardino,071,2135413,364459,360033,11629,371662,5932
2021-11-25,San Diego,073,3302833,385134,382634,22552,405186,4319
2021-11-25,San Francisco,075,870044,54567,53830,2430,56260,669
2021-11-25,San Joaquin,077,732212,102378,101368,5610,106978,1833
2021-11-25,San Luis Obispo,079,281455,30481,29983,1320,31303,358
2021-11-25,San Mateo,081,765935,55517,54360,949,55309,577
2021-11-25,Santa Barbara,083,443738,45754,45318,1605,46923,548
2021-11-25,Santa Clara,085,1922200,151403,149700,1526,151226,1922
2021-11-25,Santa Cruz,087,273765,21260,20929,1033,21962,222
2021-11-25,Shasta,089,179085,22416,22151,3706,25857,396
2021-11-25,Sierra,091,2930,196,194,21,215,0
2021-11-25,Siskiyou,093,43540,3438,3336,1342,4678,54
2021-11-25,Solano,095,438530,46956,46163,1345,47508,356
2021-11-25,Sonoma,097,501317,42774,42368,560,42928,405
2021-11-25,Stanislaus,099,539301,80761,80782,9188,89970,1220
2021-11-25,Sutter,101,95872,14178,14127,382,14509,181
2021-11-25,Tehama,103,63373,8777,8675,1538,10213,129
2021-11-25,Trinity,105,12862,895,789,227,1016,17
2021-11-25,Tulare,107,460477,70685,69377,15977,85354,1082
2021-11-25,Tuolumne,109,53932,7630,7574,114,7688,90
2021-11-25,Ventura,111,848112,100107,99163,4407,103570,1188
2021-11-25,Yolo,113,214977,20445,20237,1235,21472,257
2021-11-25,Yuba,115,75493,10423,10335,371,10706,88
2021-11-24,Alameda,001,1643700,122464,121618,2905,124523,1477
2021-11-24,Alpine,003,1148,105,106,0,106,0
2021-11-24,Amador,005,37829,5721,5670,70,5740,66
2021-11-24,Butte,007,227075,21699,21384,3934,25318,309
2021-11-24,Calaveras,009,45235,4357,4294,60,4354,85
2021-11-24,Colusa,011,21464,2607,2568,665,3233,19
2021-11-24,Contra Costa,013,1133247,101734,100961,2310,103271,1045
2021-11-24,Del Norte,015,27424,3752,3661,56,3717,42
2021-11-24,El Dorado,017,186661,16683,16399,1791,18190,161
2021-11-24,Fresno,019,978130,145299,143386,13207,156593,2246
2021-11-24,Glenn,021,27897,3574,3532,1031,4563,36
2021-11-24,Humboldt,023,135768,9525,9399,649,10048,115
2021-11-24,Imperial,025,180216,35120,34611,3515,38126,769
2021-11-24,Inyo,027,18085,2539,2506,42,2548,45
2021-11-24,Kern,029,883053,132064,130245,23732,153977,1773
2021-11-24,Kings,031,150075,33323,32891,2037,34928,358
2021-11-24,Lake,033,64148,6906,6836,156,6992,110
2021-11-24,Lassen,035,31185,7042,6959,412,7371,47
2021-11-24,Los Angeles,037,10098052,1465666,1454495,55682,1510177,26817
2021-11-24,Madera,039,155013,24191,23880,2277,26157,296
2021-11-24,Marin,041,260295,18039,17857,495,18352,248
2021-11-24,Mariposa,043,17540,1420,1374,60,1434,6
2021-11-24,Mendocino,045,87422,8017,7871,655,8526,89
2021-11-24,Merced,047,269075,43155,42921,2078,44999,664
2021-11-24,Modoc,049,8938,590,551,202,753,5
2021-11-24,Mono,051,14174,1858,1810,23,1833,4
2021-11-24,Monterey,053,433212,49601,48400,3152,51552,625
2021-11-24,Napa,055,140530,13320,13256,119,13375,104
2021-11-24,Nevada,057,99092,9734,9584,344,9928,103
2021-11-24,Orange,059,3164182,313492,310809,15952,326761,5665
2021-11-24,Placer,061,380077,38511,38001,3832,41833,468
2021-11-24,Plumas,063,18699,1934,1860,43,1903,7
2021-11-24,Riverside,065,2383286,373253,367601,16757,384358,5306
2021-11-24,Sacramento,067,1510023,163711,162328,4878,167206,2335
2021-11-24,San Benito,069,59416,7616,7575,181,7756,77
2021-11-24,San Bernardino,071,2135413,364247,360033,11619,371652,5932
2021-11-24,San Diego,073,3302833,384876,382634,22539,405173,4319
2021-11-24,San Francisco,075,870044,54536,53830,2428,56258,669
2021-11-24,San Joaquin,077,732212,102337,101368,5607,106975,1833
2021-11-24,San Luis Obispo,079,281455,30462,29983,1320,31303,358
2021-11-24,San Mateo,081,765935,55487,54360,948,55308,577
2021-11-24,Santa Barbara,083,443738,45727,45318,1605,46923,548
2021-11-24,Santa Clara,085,1922200,151307,149700,1525,151225,1922
2021-11-24,Santa Cruz,087,273765,21237,20929,1032,21961,222
2021-11-24,Shasta,089,179085,22405,22151,3703,25854,396
2021-11-24,Sierra,091,2930,196,194,21,215,0
2021-11-24,Siskiyou,093,43540,3435,3336,1342,4678,54
2021-11-24,Solano,095,438530,46928,46163,1343,47506,356
2021-11-24,Sonoma,097,501317,42742,42368,558,42926,405
2021-11-24,Stanislaus,099,539301,80724,80782,9183,89965,1220
2021-11-24,Sutter,101,95872,14165,14127,380,14507,181
2021-11-24,Tehama,103,63373,8774,8675,1537,10212,129
2021-11-24,Trinity,105,12862,895,789,227,1016,17
2021-11-24,Tulare,107,460477,70661,69377,15958,85335,1082
2021-11-24,Tuolumne,109,53932,7626,7574,114,7688,90
2021-11-24,Ventura,111,848112,100072,99163,4403,103566,1188
2021-11-24,Yolo,113,214977,20437,20237,1234,21471,257
2021-11-24,Yuba,115,75493,10419,10335,370,10705,88
2021-11-23,Alameda,001,1643700,122345,121618,2898,124516,1477
2021-11-23,Alpine,003,1148,105,106,0,106,0
2021-11-23,Amador,005,37829,5714,5670,70,5740,66
2021-11-23,Butte,007,227075,21670,21384,3930,25314,309
2021-11-23,Calaveras,009,45235,4351,4294,59,4353,85
2021-11-23,Colusa,011,21464,2603,2568,663,3231,19
2021-11-23,Contra Costa,013,1133247,101627,100961,2308,103269,1045
2021-11-23,Del Norte,015,27424,3749,3661,56,3717,42
2021-11-23,El Dorado,017,186661,16651,16399,1788,18187,161
2021-11-23,Fresno,019,978130,145161,143386,13198,156584,2246
2021-11-23,Glenn,021,27897,3569,3532,1031,4563,36
2021-11-23,Humboldt,023,135768,9503,9399,646,10045,115
2021-11-23,Imperial,025,180216,35051,34611,3496,38107,769
2021-11-23,Inyo,027,18085,2535,2506,42,2548,45
2021-11-23,Kern,029,883053,131955,130245,23683,153928,1773
2021-11-23,Kings,031,150075,33281,32891,2036,34927,358
2021-11-23,Lake,033,64148,6901,6836,156,6992,110
2021-11-23,Lassen,035,31185,7039,6959,409,7368,47
2021-11-23,Los Angeles,037,10098052,1464651,1454495,55614,1510109,26817
2021-11-23,Madera,039,155013,24165,23880,2275,26155,296
2021-11-23,Marin,041,260295,18008,17857,492,18349,248
2021-11-23,Mariposa,043,17540,1417,1374,60,1434,6
2021-11-23,Mendocino,045,87422,7996,7871,652,8523,89
2021-11-23,Merced,047,269075,43117,42921,2077,44998,664
2021-11-23,Modoc,049,8938,588,551,202,753,5
2021-11-23,Mono,051,14174,1844,1810,23,1833,4
2021-11-23,Monterey,053,433212,49565,48400,3146,51546,625
2021-11-23,Napa,055,140530,13311,13256,119,13375,104
2021-11-23,Nevada,057,99092,9705,9584,343,9927,103
2021-11-23,Orange,059,3164182,313242,310809,15916,326725,5665
2021-11-23,Placer,061,380077,38452,38001,3815,41816,468
2021-11-23,Plumas,063,18699,1930,1860,43,1903,7
2021-11-23,Riverside,065,2383286,372870,367601,16744,384345,5306
2021-11-23,Sacramento,067,1510023,163525,162328,4867,167195,2335
2021-11-23,San Benito,069,59416,7607,7575,179,7754,77
2021-11-23,San Bernardino,071,2135413,363830,360033,11604,371637,5932
2021-11-23,San Diego,073,3302833,384393,382634,22516,405150,4319
2021-11-23,San Francisco,075,870044,54477,53830,2425,56255,669
2021-11-23,San Joaquin,077,732212,102228,101368,5596,106964,1833
2021-11-23,San Luis Obispo,079,281455,30427,29983,1317,31300,358
2021-11-23,San Mateo,081,765935,55438,54360,947,55307,577
2021-11-23,Santa Barbara,083,443738,45674,45318,1605,46923,548
2021-11-23,Santa Clara,085,1922200,151096,149700,1513,151213,1922
2021-11-23,Santa Cruz,087,273765,21199,20929,1032,21961,222
2021-11-23,Shasta,089,179085,22369,22151,3701,25852,396
2021-11-23,Sierra,091,2930,196,194,21,215,0
2021-11-23,Siskiyou,093,43540,3430,3336,1341,4677,54
2021-11-23,Solano,095,438530,46874,46163,1339,47502,356
2021-11-23,Sonoma,097,501317,42691,42368,555,42923,405
2021-11-23,Stanislaus,099,539301,80655,80782,9170,89952,1220
2021-11-23,Sutter,101,95872,14149,14127,379,14506,181
2021-11-23,Tehama,103,63373,8761,8675,1536,10211,129
2021-11-23,Trinity,105,12862,894,789,227,1016,17
2021-11-23,Tulare,107,460477,70614,69377,15928,85305,1082
2021-11-23,Tuolumne,109,53932,7614,7574,113,7687,90
2021-11-23,Ventura,111,848112,99989,99163,4397,103560,1188
2021-11-23,Yolo,113,214977,20416,20237,1226,21463,257
2021-11-23,Yuba,115,75493,10407,10335,370,10705,88
2021-11-22,Alameda,001,1643700,122232,121566,2896,124462,1475
2021-11-22,Alpine,003,1148,105,106,0,106,0
2021-11-22,Amador,005,37829,5701,5670,70,5740,66
2021-11-22,Butte,007,227075,21632,21363,3924,25287,305
2021-11-22,Calaveras,009,45235,4339,4294,59,4353,84
2021-11-22,Colusa,011,21464,2600,2565,663,3228,19
2021-11-22,Contra Costa,013,1133247,101539,100877,2303,103180,1045
2021-11-22,Del Norte,015,27424,3746,3659,56,3715,42
2021-11-22,El Dorado,017,186661,16628,16378,1785,18163,161
2021-11-22,Fresno,019,978130,145028,143290,13190,156480,2243
2021-11-22,Glenn,021,27897,3564,3530,1030,4560,36
2021-11-22,Humboldt,023,135768,9477,9389,641,10030,115
2021-11-22,Imperial,025,180216,34990,34562,3482,38044,766
2021-11-22,Inyo,027,18085,2529,2501,42,2543,44
2021-11-22,Kern,029,883053,131794,130091,23632,153723,1762
2021-11-22,Kings,031,150075,33244,32867,2031,34898,358
2021-11-22,Lake,033,64148,6896,6837,156,6993,110
2021-11-22,Lassen,035,31185,7037,6954,408,7362,47
2021-11-22,Los Angeles,037,10098052,1463587,1453945,55532,1509477,26800
2021-11-22,Madera,039,155013,24131,23872,2267,26139,296
2021-11-22,Marin,041,260295,17977,17842,490,18332,248
2021-11-22,Mariposa,043,17540,1413,1372,60,1432,6
2021-11-22,Mendocino,045,87422,7980,7859,651,8510,89
2021-11-22,Merced,047,269075,43066,42898,2066,44964,660
2021-11-22,Modoc,049,8938,587,551,202,753,5
2021-11-22,Mono,051,14174,1837,1809,23,1832,4
2021-11-22,Monterey,053,433212,49537,48374,3142,51516,611
2021-11-22,Napa,055,140530,13303,13255,118,13373,104
2021-11-22,Nevada,057,99092,9688,9575,341,9916,96
2021-11-22,Orange,059,3164182,313001,310654,15890,326544,5663
2021-11-22,Placer,061,380077,38407,37956,3807,41763,465
2021-11-22,Plumas,063,18699,1927,1858,43,1901,7
2021-11-22,Riverside,065,2383286,372433,367301,16735,384036,5283
2021-11-22,Sacramento,067,1510023,163333,162222,4858,167080,2328
2021-11-22,San Benito,069,59416,7587,7567,179,7746,77
2021-11-22,San Bernardino,071,2135413,363415,359851,11594,371445,5916
2021-11-22,San Diego,073,3302833,383899,382132,22492,404624,4317
2021-11-22,San Francisco,075,870044,54385,53778,2419,56197,669
2021-11-22,San Joaquin,077,732212,102103,101299,5591,106890,1833
2021-11-22,San Luis Obispo,079,281455,30401,29963,1314,31277,358
2021-11-22,San Mateo,081,765935,55381,54330,945,55275,577
2021-11-22,Santa Barbara,083,443738,45598,45279,1605,46884,546
2021-11-22,Santa Clara,085,1922200,150912,149541,1503,151044,1919
2021-11-22,Santa Cruz,087,273765,21158,20891,1032,21923,222
2021-11-22,Shasta,089,179085,22355,22116,3696,25812,393
2021-11-22,Sierra,091,2930,196,193,21,214,0
2021-11-22,Siskiyou,093,43540,3425,3336,1339,4675,54
2021-11-22,Solano,095,438530,46825,46153,1337,47490,356
2021-11-22,Sonoma,097,501317,42630,42344,554,42898,404
2021-11-22,Stanislaus,099,539301,80567,80718,9160,89878,1209
2021-11-22,Sutter,101,95872,14133,14125,377,14502,181
2021-11-22,Tehama,103,63373,8754,8669,1531,10200,127
2021-11-22,Trinity,105,12862,893,785,227,1012,17
2021-11-22,Tulare,107,460477,70552,69314,15891,85205,1075
2021-11-22,Tuolumne,109,53932,7599,7567,113,7680,90
2021-11-22,Ventura,111,848112,99923,99114,4394,103508,1186
2021-11-22,Yolo,113,214977,20393,20227,1224,21451,257
2021-11-22,Yuba,115,75493,10398,10332,369,10701,88
2021-11-21,Alameda,001,1643700,122100,121443,2892,124335,1475
2021-11-21,Alpine,003,1148,103,106,0,106,0
2021-11-21,Amador,005,37829,5696,5662,69,5731,66
2021-11-21,Butte,007,227075,21590,21342,3919,25261,306
2021-11-21,Calaveras,009,45235,4330,4287,59,4346,84
2021-11-21,Colusa,011,21464,2596,2562,662,3224,19
2021-11-21,Contra Costa,013,1133247,101437,100807,2297,103104,1045
2021-11-21,Del Norte,015,27424,3742,3659,56,3715,42
2021-11-21,El Dorado,017,186661,16601,16370,1779,18149,161
2021-11-21,Fresno,019,978130,144856,143203,13170,156373,2242
2021-11-21,Glenn,021,27897,3560,3529,1030,4559,36
2021-11-21,Humboldt,023,135768,9454,9378,640,10018,115
2021-11-21,Imperial,025,180216,34902,34527,3472,37999,766
2021-11-21,Inyo,027,18085,2522,2501,42,2543,44
2021-11-21,Kern,029,883053,131631,130020,23586,153606,1762
2021-11-21,Kings,031,150075,33206,32843,2027,34870,356
2021-11-21,Lake,033,64148,6889,6834,156,6990,110
2021-11-21,Lassen,035,31185,7028,6953,408,7361,47
2021-11-21,Los Angeles,037,10098052,1462517,1453181,55476,1508657,26793
2021-11-21,Madera,039,155013,24106,23856,2262,26118,296
2021-11-21,Marin,041,260295,17948,17829,487,18316,248
2021-11-21,Mariposa,043,17540,1412,1371,59,1430,6
2021-11-21,Mendocino,045,87422,7974,7846,648,8494,89
2021-11-21,Merced,047,269075,43011,42881,2062,44943,660
2021-11-21,Modoc,049,8938,583,551,202,753,5
2021-11-21,Mono,051,14174,1827,1799,22,1821,4
2021-11-21,Monterey,053,433212,49491,48358,3133,51491,611
2021-11-21,Napa,055,140530,13290,13250,118,13368,104
2021-11-21,Nevada,057,99092,9662,9556,340,9896,96
2021-11-21,Orange,059,3164182,312744,310477,15858,326335,5663
2021-11-21,Placer,061,380077,38325,37929,3806,41735,465
2021-11-21,Plumas,063,18699,1922,1858,43,1901,7
2021-11-21,Riverside,065,2383286,371941,367093,16727,383820,5283
2021-11-21,Sacramento,067,1510023,163116,162087,4848,166935,2327
2021-11-21,San Benito,069,59416,7573,7563,178,7741,77
2021-11-21,San Bernardino,071,2135413,362923,359621,11557,371178,5912
2021-11-21,San Diego,073,3302833,383368,380747,22467,403214,4317
2021-11-21,San Francisco,075,870044,54316,53741,2414,56155,669
2021-11-21,San Joaquin,077,732212,101997,101264,5578,106842,1833
2021-11-21,San Luis Obispo,079,281455,30363,29948,1314,31262,358
2021-11-21,San Mateo,081,765935,55329,54290,943,55233,577
2021-11-21,Santa Barbara,083,443738,45537,45237,1602,46839,546
2021-11-21,Santa Clara,085,1922200,150707,149387,1483,150870,1918
2021-11-21,Santa Cruz,087,273765,21114,20866,1030,21896,222
2021-11-21,Shasta,089,179085,22325,22112,3694,25806,393
2021-11-21,Sierra,091,2930,196,193,21,214,0
2021-11-21,Siskiyou,093,43540,3420,3333,1338,4671,54
2021-11-21,Solano,095,438530,46769,46122,1330,47452,356
2021-11-21,Sonoma,097,501317,42570,42298,553,42851,404
2021-11-21,Stanislaus,099,539301,80472,80687,9145,89832,1209
2021-11-21,Sutter,101,95872,14119,14111,377,14488,181
2021-11-21,Tehama,103,63373,8748,8669,1530,10199,127
2021-11-21,Trinity,105,12862,891,784,225,1009,17
2021-11-21,Tulare,107,460477,70468,69285,15852,85137,1075
2021-11-21,Tuolumne,109,53932,7591,7560,112,7672,90
2021-11-21,Ventura,111,848112,99832,99081,4390,103471,1186
2021-11-21,Yolo,113,214977,20365,20209,1221,21430,257
2021-11-21,Yuba,115,75493,10389,10326,369,10695,88
2021-11-20,Alameda,001,1643700,122007,121059,2885,123944,1473
2021-11-20,Alpine,003,1148,103,105,0,105,0
2021-11-20,Amador,005,37829,5690,5652,68,5720,66
2021-11-20,Butte,007,227075,21575,21265,3915,25180,300
2021-11-20,Calaveras,009,45235,4320,4268,59,4327,84
2021-11-20,Colusa,011,21464,2595,2549,661,3210,19
2021-11-20,Contra Costa,013,1133247,101360,100491,2293,102784,1043
2021-11-20,Del Norte,015,27424,3739,3637,56,3693,42
2021-11-20,El Dorado,017,186661,16580,16308,1777,18085,161
2021-11-20,Fresno,019,978130,144786,142579,13161,155740,2233
2021-11-20,Glenn,021,27897,3559,3526,1029,4555,35
2021-11-20,Humboldt,023,135768,9441,9302,638,9940,115
2021-11-20,Imperial,025,180216,34850,34312,3466,37778,766
2021-11-20,Inyo,027,18085,2521,2467,42,2509,44
2021-11-20,Kern,029,883053,131530,129488,23549,153037,1750
2021-11-20,Kings,031,150075,33196,32720,2027,34747,354
2021-11-20,Lake,033,64148,6886,6808,156,6964,110
2021-11-20,Lassen,035,31185,7027,6931,408,7339,47
2021-11-20,Los Angeles,037,10098052,1461897,1448963,55428,1504391,26741
2021-11-20,Madera,039,155013,24092,23720,2258,25978,296
2021-11-20,Marin,041,260295,17933,17774,487,18261,248
2021-11-20,Mariposa,043,17540,1411,1354,59,1413,6
2021-11-20,Mendocino,045,87422,7966,7773,648,8421,89
2021-11-20,Merced,047,269075,42985,42692,2062,44754,656
2021-11-20,Modoc,049,8938,582,550,202,752,5
2021-11-20,Mono,051,14174,1821,1767,22,1789,4
2021-11-20,Monterey,053,433212,49478,48260,3125,51385,609
2021-11-20,Napa,055,140530,13287,13184,118,13302,103
2021-11-20,Nevada,057,99092,9646,9480,340,9820,92
2021-11-20,Orange,059,3164182,312545,309672,15841,325513,5658
2021-11-20,Placer,061,380077,38285,37800,3801,41601,462
2021-11-20,Plumas,063,18699,1918,1841,43,1884,7
2021-11-20,Riverside,065,2383286,371668,365809,16715,382524,5265
2021-11-20,Sacramento,067,1510023,163012,161533,4844,166377,2316
2021-11-20,San Benito,069,59416,7569,7533,178,7711,77
2021-11-20,San Bernardino,071,2135413,362649,358322,11546,369868,5897
2021-11-20,San Diego,073,3302833,383043,380147,22441,402588,4311
2021-11-20,San Francisco,075,870044,54277,53525,2413,55938,669
2021-11-20,San Joaquin,077,732212,101947,100922,5573,106495,1832
2021-11-20,San Luis Obispo,079,281455,30349,29815,1313,31128,355
2021-11-20,San Mateo,081,765935,55295,54132,942,55074,577
2021-11-20,Santa Barbara,083,443738,45505,45074,1602,46676,544
2021-11-20,Santa Clara,085,1922200,150600,148829,1482,150311,1917
2021-11-20,Santa Cruz,087,273765,21096,20756,1030,21786,222
2021-11-20,Shasta,089,179085,22301,21968,3693,25661,383
2021-11-20,Sierra,091,2930,196,191,21,212,0
2021-11-20,Siskiyou,093,43540,3417,3313,1338,4651,54
2021-11-20,Solano,095,438530,46748,46006,1330,47336,356
2021-11-20,Sonoma,097,501317,42539,42151,553,42704,403
2021-11-20,Stanislaus,099,539301,80426,80412,9141,89553,1205
2021-11-20,Sutter,101,95872,14111,14074,377,14451,181
2021-11-20,Tehama,103,63373,8743,8648,1530,10178,125
2021-11-20,Trinity,105,12862,887,771,225,996,17
2021-11-20,Tulare,107,460477,70429,69074,15831,84905,1054
2021-11-20,Tuolumne,109,53932,7583,7511,112,7623,90
2021-11-20,Ventura,111,848112,99783,98893,4383,103276,1186
2021-11-20,Yolo,113,214977,20357,20139,1217,21356,257
2021-11-20,Yuba,115,75493,10383,10290,368,10658,88
2021-11-19,Alameda,001,1643700,121931,121059,2882,123941,1473
2021-11-19,Alpine,003,1148,103,105,0,105,0
2021-11-19,Amador,005,37829,5680,5652,68,5720,66
2021-11-19,Butte,007,227075,21552,21265,3909,25174,300
2021-11-19,Calaveras,009,45235,4313,4268,59,4327,84
2021-11-19,Colusa,011,21464,2593,2549,660,3209,19
2021-11-19,Contra Costa,013,1133247,101303,100491,2288,102779,1043
2021-11-19,Del Norte,015,27424,3734,3637,56,3693,42
2021-11-19,El Dorado,017,186661,16558,16308,1775,18083,161
2021-11-19,Fresno,019,978130,144668,142579,13152,155731,2233
2021-11-19,Glenn,021,27897,3558,3526,1028,4554,35
2021-11-19,Humboldt,023,135768,9428,9302,635,9937,115
2021-11-19,Imperial,025,180216,34813,34312,3459,37771,766
2021-11-19,Inyo,027,18085,2517,2467,42,2509,44
2021-11-19,Kern,029,883053,131427,129488,23506,152994,1750
2021-11-19,Kings,031,150075,33171,32720,2025,34745,354
2021-11-19,Lake,033,64148,6883,6808,156,6964,110
2021-11-19,Lassen,035,31185,7022,6931,407,7338,47
2021-11-19,Los Angeles,037,10098052,1461211,1448963,55374,1504337,26741
2021-11-19,Madera,039,155013,24071,23720,2253,25973,296
2021-11-19,Marin,041,260295,17915,17774,485,18259,248
2021-11-19,Mariposa,043,17540,1409,1354,59,1413,6
2021-11-19,Mendocino,045,87422,7946,7773,648,8421,89
2021-11-19,Merced,047,269075,42959,42692,2061,44753,656
2021-11-19,Modoc,049,8938,581,550,202,752,5
2021-11-19,Mono,051,14174,1810,1767,22,1789,4
2021-11-19,Monterey,053,433212,49456,48260,3125,51385,609
2021-11-19,Napa,055,140530,13277,13184,117,13301,103
2021-11-19,Nevada,057,99092,9633,9480,340,9820,92
2021-11-19,Orange,059,3164182,312391,309672,15816,325488,5658
2021-11-19,Placer,061,380077,38248,37800,3797,41597,462
2021-11-19,Plumas,063,18699,1914,1841,43,1884,7
2021-11-19,Riverside,065,2383286,371394,365809,16711,382520,5265
2021-11-19,Sacramento,067,1510023,162887,161533,4840,166373,2316
2021-11-19,San Benito,069,59416,7563,7533,176,7709,77
2021-11-19,San Bernardino,071,2135413,362326,358322,11537,369859,5897
2021-11-19,San Diego,073,3302833,382652,380147,22415,402562,4311
2021-11-19,San Francisco,075,870044,54239,53525,2413,55938,669
2021-11-19,San Joaquin,077,732212,101890,100922,5569,106491,1832
2021-11-19,San Luis Obispo,079,281455,30331,29815,1311,31126,355
2021-11-19,San Mateo,081,765935,55247,54132,938,55070,577
2021-11-19,Santa Barbara,083,443738,45468,45074,1602,46676,544
2021-11-19,Santa Clara,085,1922200,150451,148829,1479,150308,1917
2021-11-19,Santa Cruz,087,273765,21069,20756,1027,21783,222
2021-11-19,Shasta,089,179085,22289,21968,3692,25660,383
2021-11-19,Sierra,091,2930,196,191,21,212,0
2021-11-19,Siskiyou,093,43540,3414,3313,1338,4651,54
2021-11-19,Solano,095,438530,46718,46006,1326,47332,356
2021-11-19,Sonoma,097,501317,42506,42151,550,42701,403
2021-11-19,Stanislaus,099,539301,80369,80412,9131,89543,1205
2021-11-19,Sutter,101,95872,14109,14074,377,14451,181
2021-11-19,Tehama,103,63373,8740,8648,1530,10178,125
2021-11-19,Trinity,105,12862,885,771,225,996,17
2021-11-19,Tulare,107,460477,70388,69074,15803,84877,1054
2021-11-19,Tuolumne,109,53932,7572,7511,112,7623,90
2021-11-19,Ventura,111,848112,99718,98893,4379,103272,1186
2021-11-19,Yolo,113,214977,20346,20139,1215,21354,257
2021-11-19,Yuba,115,75493,10380,10290,368,10658,88
2021-11-18,Alameda,001,1643700,121806,121059,2875,123934,1473
2021-11-18,Alpine,003,1148,103,105,0,105,0
2021-11-18,Amador,005,37829,5678,5652,68,5720,66
2021-11-18,Butte,007,227075,21535,21265,3901,25166,300
2021-11-18,Calaveras,009,45235,4306,4268,58,4326,84
2021-11-18,Colusa,011,21464,2585,2549,660,3209,19
2021-11-18,Contra Costa,013,1133247,101201,100491,2280,102771,1043
2021-11-18,Del Norte,015,27424,3731,3637,56,3693,42
2021-11-18,El Dorado,017,186661,16539,16308,1772,18080,161
2021-11-18,Fresno,019,978130,144528,142579,13142,155721,2233
2021-11-18,Glenn,021,27897,3557,3526,1027,4553,35
2021-11-18,Humboldt,023,135768,9412,9302,630,9932,115
2021-11-18,Imperial,025,180216,34758,34312,3443,37755,766
2021-11-18,Inyo,027,18085,2509,2467,42,2509,44
2021-11-18,Kern,029,883053,131281,129488,23458,152946,1750
2021-11-18,Kings,031,150075,33134,32720,2022,34742,354
2021-11-18,Lake,033,64148,6878,6808,156,6964,110
2021-11-18,Lassen,035,31185,7019,6931,402,7333,47
2021-11-18,Los Angeles,037,10098052,1460220,1448963,55312,1504275,26741
2021-11-18,Madera,039,155013,24046,23720,2249,25969,296
2021-11-18,Marin,041,260295,17898,17774,481,18255,248
2021-11-18,Mariposa,043,17540,1406,1354,59,1413,6
2021-11-18,Mendocino,045,87422,7924,7773,639,8412,89
2021-11-18,Merced,047,269075,42902,42692,2059,44751,656
2021-11-18,Modoc,049,8938,569,550,202,752,5
2021-11-18,Mono,051,14174,1802,1767,22,1789,4
2021-11-18,Monterey,053,433212,49431,48260,3120,51380,609
2021-11-18,Napa,055,140530,13265,13184,116,13300,103
2021-11-18,Nevada,057,99092,9609,9480,340,9820,92
2021-11-18,Orange,059,3164182,312154,309672,15796,325468,5658
2021-11-18,Placer,061,380077,38205,37800,3786,41586,462
2021-11-18,Plumas,063,18699,1913,1841,43,1884,7
2021-11-18,Riverside,065,2383286,371021,365809,16698,382507,5265
2021-11-18,Sacramento,067,1510023,162659,161533,4825,166358,2316
2021-11-18,San Benito,069,59416,7553,7533,176,7709,77
2021-11-18,San Bernardino,071,2135413,361892,358322,11518,369840,5897
2021-11-18,San Diego,073,3302833,382154,380147,22399,402546,4311
2021-11-18,San Francisco,075,870044,54187,53525,2409,55934,669
2021-11-18,San Joaquin,077,732212,101797,100922,5560,106482,1832
2021-11-18,San Luis Obispo,079,281455,30301,29815,1310,31125,355
2021-11-18,San Mateo,081,765935,55188,54132,935,55067,577
2021-11-18,Santa Barbara,083,443738,45422,45074,1595,46669,544
2021-11-18,Santa Clara,085,1922200,150264,148829,1471,150300,1917
2021-11-18,Santa Cruz,087,273765,21018,20756,1026,21782,222
2021-11-18,Shasta,089,179085,22253,21968,3687,25655,383
2021-11-18,Sierra,091,2930,195,191,21,212,0
2021-11-18,Siskiyou,093,43540,3414,3313,1334,4647,54
2021-11-18,Solano,095,438530,46676,46006,1323,47329,356
2021-11-18,Sonoma,097,501317,42457,42151,548,42699,403
2021-11-18,Stanislaus,099,539301,80302,80412,9123,89535,1205
2021-11-18,Sutter,101,95872,14098,14074,376,14450,181
2021-11-18,Tehama,103,63373,8735,8648,1530,10178,125
2021-11-18,Trinity,105,12862,884,771,225,996,17
2021-11-18,Tulare,107,460477,70315,69074,15755,84829,1054
2021-11-18,Tuolumne,109,53932,7562,7511,112,7623,90
2021-11-18,Ventura,111,848112,99641,98893,4375,103268,1186
2021-11-18,Yolo,113,214977,20329,20139,1211,21350,257
2021-11-18,Yuba,115,75493,10374,10290,368,10658,88
2021-11-17,Alameda,001,1643700,121684,120913,2874,123787,1472
2021-11-17,Alpine,003,1148,103,105,0,105,0
2021-11-17,Amador,005,37829,5672,5646,68,5714,66
2021-11-17,Butte,007,227075,21509,21230,3898,25128,300
2021-11-17,Calaveras,009,45235,4299,4259,58,4317,84
2021-11-17,Colusa,011,21464,2582,2546,659,3205,19
2021-11-17,Contra Costa,013,1133247,101109,100387,2276,102663,1039
2021-11-17,Del Norte,015,27424,3728,3630,56,3686,42
2021-11-17,El Dorado,017,186661,16520,16269,1771,18040,161
2021-11-17,Fresno,019,978130,144345,142366,13129,155495,2230
2021-11-17,Glenn,021,27897,3555,3527,1026,4553,34
2021-11-17,Humboldt,023,135768,9401,9270,627,9897,115
2021-11-17,Imperial,025,180216,34702,34256,3421,37677,766
2021-11-17,Inyo,027,18085,2503,2457,42,2499,44
2021-11-17,Kern,029,883053,131108,129307,23416,152723,1743
2021-11-17,Kings,031,150075,33107,32669,2018,34687,352
2021-11-17,Lake,033,64148,6874,6795,155,6950,110
2021-11-17,Lassen,035,31185,7017,6918,402,7320,47
2021-11-17,Los Angeles,037,10098052,1459120,1447947,55246,1503193,26721
2021-11-17,Madera,039,155013,24013,23673,2247,25920,287
2021-11-17,Marin,041,260295,17878,17757,479,18236,248
2021-11-17,Mariposa,043,17540,1402,1353,59,1412,6
2021-11-17,Mendocino,045,87422,7916,7735,638,8373,89
2021-11-17,Merced,047,269075,42843,42612,2054,44666,654
2021-11-17,Modoc,049,8938,565,540,202,742,5
2021-11-17,Mono,051,14174,1798,1765,22,1787,5
2021-11-17,Monterey,053,433212,49383,48221,3109,51330,609
2021-11-17,Napa,055,140530,13241,13167,116,13283,103
2021-11-17,Nevada,057,99092,9596,9447,340,9787,92
2021-11-17,Orange,059,3164182,311907,309396,15762,325158,5651
2021-11-17,Placer,061,380077,38157,37725,3777,41502,460
2021-11-17,Plumas,063,18699,1908,1833,43,1876,7
2021-11-17,Riverside,065,2383286,370610,365406,16685,382091,5229
2021-11-17,Sacramento,067,1510023,162489,161269,4818,166087,2302
2021-11-17,San Benito,069,59416,7546,7524,176,7700,77
2021-11-17,San Bernardino,071,2135413,361526,357947,11501,369448,5893
2021-11-17,San Diego,073,3302833,381664,379769,22373,402142,4301
2021-11-17,San Francisco,075,870044,54132,53469,2406,55875,667
2021-11-17,San Joaquin,077,732212,101695,100764,5555,106319,1828
2021-11-17,San Luis Obispo,079,281455,30275,29731,1307,31038,354
2021-11-17,San Mateo,081,765935,55120,54092,932,55024,577
2021-11-17,Santa Barbara,083,443738,45384,45000,1595,46595,542
2021-11-17,Santa Clara,085,1922200,150100,148626,1463,150089,1915
2021-11-17,Santa Cruz,087,273765,20983,20700,1026,21726,222
2021-11-17,Shasta,089,179085,22220,21883,3685,25568,382
2021-11-17,Sierra,091,2930,194,189,21,210,0
2021-11-17,Siskiyou,093,43540,3410,3307,1331,4638,54
2021-11-17,Solano,095,438530,46643,45948,1322,47270,353
2021-11-17,Sonoma,097,501317,42411,42093,545,42638,403
2021-11-17,Stanislaus,099,539301,80213,80276,9113,89389,1199
2021-11-17,Sutter,101,95872,14084,14064,374,14438,181
2021-11-17,Tehama,103,63373,8725,8633,1527,10160,125
2021-11-17,Trinity,105,12862,883,765,225,990,17
2021-11-17,Tulare,107,460477,70243,68977,15728,84705,1047
2021-11-17,Tuolumne,109,53932,7545,7485,112,7597,90
2021-11-17,Ventura,111,848112,99579,98812,4369,103181,1183
2021-11-17,Yolo,113,214977,20310,20100,1207,21307,257
2021-11-17,Yuba,115,75493,10362,10275,364,10639,88
2021-11-16,Alameda,001,1643700,121574,120809,2870,123679,1467
2021-11-16,Alpine,003,1148,103,105,0,105,0
2021-11-16,Amador,005,37829,5666,5644,68,5712,66
2021-11-16,Butte,007,227075,21484,21208,3893,25101,297
2021-11-16,Calaveras,009,45235,4290,4249,58,4307,83
2021-11-16,Colusa,011,21464,2576,2538,659,3197,19
2021-11-16,Contra Costa,013,1133247,100988,100320,2273,102593,1038
2021-11-16,Del Norte,015,27424,3722,3630,56,3686,42
2021-11-16,El Dorado,017,186661,16495,16248,1769,18017,159
2021-11-16,Fresno,019,978130,144158,142200,13107,155307,2218
2021-11-16,Glenn,021,27897,3554,3527,1023,4550,34
2021-11-16,Humboldt,023,135768,9380,9252,623,9875,115
2021-11-16,Imperial,025,180216,34618,34177,3407,37584,766
2021-11-16,Inyo,027,18085,2496,2449,42,2491,42
2021-11-16,Kern,029,883053,130948,129136,23355,152491,1735
2021-11-16,Kings,031,150075,33054,32614,2011,34625,350
2021-11-16,Lake,033,64148,6869,6789,155,6944,110
2021-11-16,Lassen,035,31185,7007,6915,402,7317,47
2021-11-16,Los Angeles,037,10098052,1457948,1446815,55174,1501989,26703
2021-11-16,Madera,039,155013,23975,23642,2241,25883,287
2021-11-16,Marin,041,260295,17859,17736,478,18214,248
2021-11-16,Mariposa,043,17540,1394,1349,58,1407,6
2021-11-16,Mendocino,045,87422,7874,7723,634,8357,89
2021-11-16,Merced,047,269075,42806,42578,2047,44625,653
2021-11-16,Modoc,049,8938,564,539,201,740,5
2021-11-16,Mono,051,14174,1789,1767,22,1789,4
2021-11-16,Monterey,053,433212,49353,48195,3095,51290,609
2021-11-16,Napa,055,140530,13230,13151,116,13267,103
2021-11-16,Nevada,057,99092,9579,9435,339,9774,92
2021-11-16,Orange,059,3164182,311640,309170,15727,324897,5651
2021-11-16,Placer,061,380077,38115,37676,3771,41447,459
2021-11-16,Plumas,063,18699,1899,1832,43,1875,7
2021-11-16,Riverside,065,2383286,370188,365078,16663,381741,5208
2021-11-16,Sacramento,067,1510023,162309,161102,4806,165908,2299
2021-11-16,San Benito,069,59416,7532,7513,176,7689,77
2021-11-16,San Bernardino,071,2135413,361109,357528,11448,368976,5901
2021-11-16,San Diego,073,3302833,381112,379435,22346,401781,4287
2021-11-16,San Francisco,075,870044,54059,53415,2398,55813,667
2021-11-16,San Joaquin,077,732212,101555,100637,5539,106176,1807
2021-11-16,San Luis Obispo,079,281455,30243,29703,1304,31007,356
2021-11-16,San Mateo,081,765935,55058,54034,930,54964,577
2021-11-16,Santa Barbara,083,443738,45316,44932,1592,46524,539
2021-11-16,Santa Clara,085,1922200,149919,148452,1451,149903,1916
2021-11-16,Santa Cruz,087,273765,20938,20684,1024,21708,222
2021-11-16,Shasta,089,179085,22181,21853,3681,25534,379
2021-11-16,Sierra,091,2930,194,189,21,210,0
2021-11-16,Siskiyou,093,43540,3407,3304,1329,4633,54
2021-11-16,Solano,095,438530,46603,45908,1321,47229,351
2021-11-16,Sonoma,097,501317,42362,42056,544,42600,401
2021-11-16,Stanislaus,099,539301,80118,80214,9089,89303,1196
2021-11-16,Sutter,101,95872,14072,14058,373,14431,181
2021-11-16,Tehama,103,63373,8718,8621,1520,10141,125
2021-11-16,Trinity,105,12862,883,762,224,986,17
2021-11-16,Tulare,107,460477,70163,68881,15691,84572,1039
2021-11-16,Tuolumne,109,53932,7535,7478,112,7590,90
2021-11-16,Ventura,111,848112,99504,98731,4366,103097,1183
2021-11-16,Yolo,113,214977,20271,20077,1205,21282,257
2021-11-16,Yuba,115,75493,10354,10262,362,10624,85
2021-11-15,Alameda,001,1643700,121418,120731,2865,123596,1464
2021-11-15,Alpine,003,1148,103,105,0,105,0
2021-11-15,Amador,005,37829,5661,5637,68,5705,66
2021-11-15,Butte,007,227075,21459,21182,3889,25071,296
2021-11-15,Calaveras,009,45235,4276,4237,58,4295,83
2021-11-15,Colusa,011,21464,2569,2535,656,3191,19
2021-11-15,Contra Costa,013,1133247,100881,100251,2270,102521,1038
2021-11-15,Del Norte,015,27424,3717,3630,55,3685,42
2021-11-15,El Dorado,017,186661,16471,16236,1765,18001,159
2021-11-15,Fresno,019,978130,143935,142015,13085,155100,2210
2021-11-15,Glenn,021,27897,3552,3526,1023,4549,34
2021-11-15,Humboldt,023,135768,9357,9230,615,9845,115
2021-11-15,Imperial,025,180216,34545,34130,3391,37521,766
2021-11-15,Inyo,027,18085,2491,2442,42,2484,42
2021-11-15,Kern,029,883053,130739,128928,23284,152212,1730
2021-11-15,Kings,031,150075,33020,32584,2006,34590,348
2021-11-15,Lake,033,64148,6865,6784,155,6939,109
2021-11-15,Lassen,035,31185,6996,6915,400,7315,47
2021-11-15,Los Angeles,037,10098052,1456761,1446114,55111,1501225,26677
2021-11-15,Madera,039,155013,23937,23605,2230,25835,287
2021-11-15,Marin,041,260295,17842,17723,477,18200,248
2021-11-15,Mariposa,043,17540,1393,1347,56,1403,6
2021-11-15,Mendocino,045,87422,7854,7694,628,8322,89
2021-11-15,Merced,047,269075,42749,42552,2036,44588,648
2021-11-15,Modoc,049,8938,563,538,200,738,5
2021-11-15,Mono,051,14174,1784,1763,22,1785,4
2021-11-15,Monterey,053,433212,49321,48154,3089,51243,609
2021-11-15,Napa,055,140530,13222,13143,116,13259,103
2021-11-15,Nevada,057,99092,9550,9420,338,9758,92
2021-11-15,Orange,059,3164182,311363,308859,15702,324561,5646
2021-11-15,Placer,061,380077,38051,37610,3767,41377,452
2021-11-15,Plumas,063,18699,1892,1829,43,1872,7
2021-11-15,Riverside,065,2383286,369741,364750,16644,381394,5199
2021-11-15,Sacramento,067,1510023,162089,160937,4794,165731,2293
2021-11-15,San Benito,069,59416,7527,7511,175,7686,77
2021-11-15,San Bernardino,071,2135413,360688,357306,11429,368735,5898
2021-11-15,San Diego,073,3302833,380576,378845,22321,401166,4284
2021-11-15,San Francisco,075,870044,53991,53374,2395,55769,667
2021-11-15,San Joaquin,077,732212,101401,100587,5528,106115,1799
2021-11-15,San Luis Obispo,079,281455,30200,29669,1292,30961,351
2021-11-15,San Mateo,081,765935,55005,54010,928,54938,576
2021-11-15,Santa Barbara,083,443738,45260,44879,1586,46465,539
2021-11-15,Santa Clara,085,1922200,149702,148313,1444,149757,1914
2021-11-15,Santa Cruz,087,273765,20896,20630,1023,21653,223
2021-11-15,Shasta,089,179085,22136,21779,3676,25455,374
2021-11-15,Sierra,091,2930,194,189,21,210,0
2021-11-15,Siskiyou,093,43540,3400,3302,1327,4629,54
2021-11-15,Solano,095,438530,46564,45885,1316,47201,351
2021-11-15,Sonoma,097,501317,42311,42021,543,42564,401
2021-11-15,Stanislaus,099,539301,80033,80129,9075,89204,1174
2021-11-15,Sutter,101,95872,14059,14043,372,14415,181
2021-11-15,Tehama,103,63373,8712,8615,1519,10134,125
2021-11-15,Trinity,105,12862,881,757,222,979,17
2021-11-15,Tulare,107,460477,70076,68826,15645,84471,1039
2021-11-15,Tuolumne,109,53932,7524,7461,112,7573,90
2021-11-15,Ventura,111,848112,99420,98605,4361,102966,1183
2021-11-15,Yolo,113,214977,20241,20065,1200,21265,255
2021-11-15,Yuba,115,75493,10335,10254,358,10612,85
2021-11-14,Alameda,001,1643700,121243,120629,2861,123490,1461
2021-11-14,Alpine,003,1148,102,105,0,105,0
2021-11-14,Amador,005,37829,5654,5632,67,5699,66
2021-11-14,Butte,007,227075,21428,21146,3880,25026,296
2021-11-14,Calaveras,009,45235,4265,4222,58,4280,83
2021-11-14,Colusa,011,21464,2567,2532,653,3185,19
2021-11-14,Contra Costa,013,1133247,100773,100188,2268,102456,1038
2021-11-14,Del Norte,015,27424,3714,3629,55,3684,42
2021-11-14,El Dorado,017,186661,16429,16212,1760,17972,159
2021-11-14,Fresno,019,978130,143652,141869,13052,154921,2209
2021-11-14,Glenn,021,27897,3550,3521,1023,4544,34
2021-11-14,Humboldt,023,135768,9327,9215,605,9820,115
2021-11-14,Imperial,025,180216,34442,34078,3376,37454,766
2021-11-14,Inyo,027,18085,2479,2441,42,2483,42
2021-11-14,Kern,029,883053,130499,128842,23214,152056,1730
2021-11-14,Kings,031,150075,32963,32545,1999,34544,349
2021-11-14,Lake,033,64148,6857,6777,155,6932,109
2021-11-14,Lassen,035,31185,6986,6911,399,7310,47
2021-11-14,Los Angeles,037,10098052,1455397,1445284,55035,1500319,26667
2021-11-14,Madera,039,155013,23887,23566,2221,25787,287
2021-11-14,Marin,041,260295,17827,17712,477,18189,247
2021-11-14,Mariposa,043,17540,1383,1337,52,1389,6
2021-11-14,Mendocino,045,87422,7821,7684,623,8307,89
2021-11-14,Merced,047,269075,42659,42513,2030,44543,648
2021-11-14,Modoc,049,8938,561,538,200,738,5
2021-11-14,Mono,051,14174,1772,1760,22,1782,4
2021-11-14,Monterey,053,433212,49266,48135,3071,51206,609
2021-11-14,Napa,055,140530,13204,13132,116,13248,103
2021-11-14,Nevada,057,99092,9522,9408,338,9746,92
2021-11-14,Orange,059,3164182,311043,308699,15681,324380,5646
2021-11-14,Placer,061,380077,37971,37569,3757,41326,452
2021-11-14,Plumas,063,18699,1889,1829,42,1871,7
2021-11-14,Riverside,065,2383286,369243,364490,16627,381117,5199
2021-11-14,Sacramento,067,1510023,161852,160761,4777,165538,2295
2021-11-14,San Benito,069,59416,7516,7507,174,7681,77
2021-11-14,San Bernardino,071,2135413,360108,357014,11412,368426,5897
2021-11-14,San Diego,073,3302833,379980,377633,22290,399923,4280
2021-11-14,San Francisco,075,870044,53916,53338,2390,55728,667
2021-11-14,San Joaquin,077,732212,101273,100518,5523,106041,1799
2021-11-14,San Luis Obispo,079,281455,30118,29645,1288,30933,352
2021-11-14,San Mateo,081,765935,54952,53978,926,54904,576
2021-11-14,Santa Barbara,083,443738,45181,44842,1583,46425,539
2021-11-14,Santa Clara,085,1922200,149504,148152,1436,149588,1913
2021-11-14,Santa Cruz,087,273765,20842,20609,1021,21630,223
2021-11-14,Shasta,089,179085,22084,21771,3663,25434,373
2021-11-14,Sierra,091,2930,194,189,21,210,0
2021-11-14,Siskiyou,093,43540,3391,3302,1326,4628,54
2021-11-14,Solano,095,438530,46508,45860,1309,47169,351
2021-11-14,Sonoma,097,501317,42245,41974,541,42515,401
2021-11-14,Stanislaus,099,539301,79898,80076,9057,89133,1174
2021-11-14,Sutter,101,95872,14042,14031,367,14398,181
2021-11-14,Tehama,103,63373,8702,8607,1517,10124,125
2021-11-14,Trinity,105,12862,878,754,220,974,17
2021-11-14,Tulare,107,460477,69958,68772,15587,84359,1037
2021-11-14,Tuolumne,109,53932,7506,7439,111,7550,90
2021-11-14,Ventura,111,848112,99305,98550,4360,102910,1183
2021-11-14,Yolo,113,214977,20214,20040,1194,21234,255
2021-11-14,Yuba,115,75493,10328,10238,357,10595,85
2021-11-13,Alameda,001,1643700,121171,120407,2859,123266,1454
2021-11-13,Alpine,003,1148,102,105,0,105,0
2021-11-13,Amador,005,37829,5653,5614,67,5681,66
2021-11-13,Butte,007,227075,21408,21104,3877,24981,296
2021-11-13,Calaveras,009,45235,4254,4203,58,4261,83
2021-11-13,Colusa,011,21464,2565,2522,653,3175,19
2021-11-13,Contra Costa,013,1133247,100701,100004,2262,102266,1028
2021-11-13,Del Norte,015,27424,3714,3629,55,3684,42
2021-11-13,El Dorado,017,186661,16417,16163,1757,17920,159
2021-11-13,Fresno,019,978130,143545,141452,13038,154490,2205
2021-11-13,Glenn,021,27897,3550,3514,1022,4536,34
2021-11-13,Humboldt,023,135768,9311,9177,600,9777,115
2021-11-13,Imperial,025,180216,34392,33990,3359,37349,766
2021-11-13,Inyo,027,18085,2473,2436,42,2478,42
2021-11-13,Kern,029,883053,130397,128472,23170,151642,1719
2021-11-13,Kings,031,150075,32946,32452,1998,34450,347
2021-11-13,Lake,033,64148,6852,6769,155,6924,109
2021-11-13,Lassen,035,31185,6981,6897,399,7296,47
2021-11-13,Los Angeles,037,10098052,1454739,1443088,54994,1498082,26649
2021-11-13,Madera,039,155013,23856,23462,2216,25678,287
2021-11-13,Marin,041,260295,17814,17684,475,18159,247
2021-11-13,Mariposa,043,17540,1380,1323,52,1375,6
2021-11-13,Mendocino,045,87422,7802,7652,622,8274,89
2021-11-13,Merced,047,269075,42621,42411,2027,44438,644
2021-11-13,Modoc,049,8938,560,536,200,736,5
2021-11-13,Mono,051,14174,1768,1750,22,1772,4
2021-11-13,Monterey,053,433212,49240,48087,3069,51156,609
2021-11-13,Napa,055,140530,13196,13110,116,13226,103
2021-11-13,Nevada,057,99092,9502,9369,336,9705,92
2021-11-13,Orange,059,3164182,310877,308211,15653,323864,5641
2021-11-13,Placer,061,380077,37921,37453,3754,41207,445
2021-11-13,Plumas,063,18699,1886,1828,42,1870,8
2021-11-13,Riverside,065,2383286,368937,363801,16620,380421,5187
2021-11-13,Sacramento,067,1510023,161715,160397,4764,165161,2291
2021-11-13,San Benito,069,59416,7503,7491,173,7664,77
2021-11-13,San Bernardino,071,2135413,359855,356325,11405,367730,5873
2021-11-13,San Diego,073,3302833,379650,377633,22262,399895,4280
2021-11-13,San Francisco,075,870044,53884,53195,2389,55584,667
2021-11-13,San Joaquin,077,732212,101216,100263,5514,105777,1799
2021-11-13,San Luis Obispo,079,281455,30088,29589,1286,30875,351
2021-11-13,San Mateo,081,765935,54914,53853,925,54778,574
2021-11-13,Santa Barbara,083,443738,45148,44734,1583,46317,537
2021-11-13,Santa Clara,085,1922200,149384,147821,1431,149252,1905
2021-11-13,Santa Cruz,087,273765,20827,20565,1020,21585,223
2021-11-13,Shasta,089,179085,22053,21713,3659,25372,366
2021-11-13,Sierra,091,2930,193,188,21,209,0
2021-11-13,Siskiyou,093,43540,3382,3299,1325,4624,54
2021-11-13,Solano,095,438530,46479,45774,1305,47079,350
2021-11-13,Sonoma,097,501317,42211,41882,540,42422,399
2021-11-13,Stanislaus,099,539301,79823,79872,9043,88915,1174
2021-11-13,Sutter,101,95872,14032,14017,366,14383,181
2021-11-13,Tehama,103,63373,8696,8592,1513,10105,125
2021-11-13,Trinity,105,12862,877,749,220,969,17
2021-11-13,Tulare,107,460477,69892,68619,15564,84183,1033
2021-11-13,Tuolumne,109,53932,7488,7392,111,7503,90
2021-11-13,Ventura,111,848112,99247,98452,4357,102809,1183
2021-11-13,Yolo,113,214977,20200,20009,1189,21198,255
2021-11-13,Yuba,115,75493,10318,10218,355,10573,85
2021-11-12,Alameda,001,1643700,121088,120407,2856,123263,1454
2021-11-12,Alpine,003,1148,102,105,0,105,0
2021-11-12,Amador,005,37829,5649,5614,66,5680,66
2021-11-12,Butte,007,227075,21391,21104,3873,24977,296
2021-11-12,Calaveras,009,45235,4243,4203,58,4261,83
2021-11-12,Colusa,011,21464,2561,2522,652,3174,19
2021-11-12,Contra Costa,013,1133247,100646,100004,2261,102265,1028
2021-11-12,Del Norte,015,27424,3714,3629,55,3684,42
2021-11-12,El Dorado,017,186661,16398,16163,1756,17919,159
2021-11-12,Fresno,019,978130,143402,141452,13024,154476,2205
2021-11-12,Glenn,021,27897,3547,3514,1021,4535,34
2021-11-12,Humboldt,023,135768,9304,9177,598,9775,115
2021-11-12,Imperial,025,180216,34366,33990,3349,37339,766
2021-11-12,Inyo,027,18085,2469,2436,42,2478,42
2021-11-12,Kern,029,883053,130260,128472,23138,151610,1719
2021-11-12,Kings,031,150075,32920,32452,1996,34448,347
2021-11-12,Lake,033,64148,6848,6769,155,6924,109
2021-11-12,Lassen,035,31185,6977,6897,398,7295,47
2021-11-12,Los Angeles,037,10098052,1454012,1443088,54949,1498037,26649
2021-11-12,Madera,039,155013,23827,23462,2211,25673,287
2021-11-12,Marin,041,260295,17798,17684,474,18158,247
2021-11-12,Mariposa,043,17540,1373,1323,52,1375,6
2021-11-12,Mendocino,045,87422,7790,7652,619,8271,89
2021-11-12,Merced,047,269075,42592,42411,2025,44436,644
2021-11-12,Modoc,049,8938,559,536,200,736,5
2021-11-12,Mono,051,14174,1766,1750,22,1772,4
2021-11-12,Monterey,053,433212,49208,48087,3063,51150,609
2021-11-12,Napa,055,140530,13187,13110,116,13226,103
2021-11-12,Nevada,057,99092,9488,9369,335,9704,92
2021-11-12,Orange,059,3164182,310689,308211,15635,323846,5641
2021-11-12,Placer,061,380077,37882,37453,3751,41204,445
2021-11-12,Plumas,063,18699,1880,1828,42,1870,8
2021-11-12,Riverside,065,2383286,368670,363801,16616,380417,5187
2021-11-12,Sacramento,067,1510023,161556,160397,4759,165156,2291
2021-11-12,San Benito,069,59416,7503,7491,173,7664,77
2021-11-12,San Bernardino,071,2135413,359547,356325,11395,367720,5873
2021-11-12,San Diego,073,3302833,379285,377633,22240,399873,4280
2021-11-12,San Francisco,075,870044,53849,53195,2385,55580,667
2021-11-12,San Joaquin,077,732212,101171,100263,5508,105771,1799
2021-11-12,San Luis Obispo,079,281455,30059,29589,1285,30874,351
2021-11-12,San Mateo,081,765935,54864,53853,922,54775,574
2021-11-12,Santa Barbara,083,443738,45093,44734,1582,46316,537
2021-11-12,Santa Clara,085,1922200,149242,147821,1426,149247,1905
2021-11-12,Santa Cruz,087,273765,20799,20565,1018,21583,223
2021-11-12,Shasta,089,179085,22020,21713,3656,25369,366
2021-11-12,Sierra,091,2930,192,188,21,209,0
2021-11-12,Siskiyou,093,43540,3381,3299,1323,4622,54
2021-11-12,Solano,095,438530,46452,45774,1301,47075,350
2021-11-12,Sonoma,097,501317,42171,41882,540,42422,399
2021-11-12,Stanislaus,099,539301,79771,79872,9035,88907,1174
2021-11-12,Sutter,101,95872,14025,14017,366,14383,181
2021-11-12,Tehama,103,63373,8692,8592,1512,10104,125
2021-11-12,Trinity,105,12862,870,749,220,969,17
2021-11-12,Tulare,107,460477,69850,68619,15529,84148,1033
2021-11-12,Tuolumne,109,53932,7475,7392,110,7502,90
2021-11-12,Ventura,111,848112,99182,98452,4356,102808,1183
2021-11-12,Yolo,113,214977,20186,20009,1183,21192,255
2021-11-12,Yuba,115,75493,10309,10218,354,10572,85
2021-11-11,Alameda,001,1643700,120972,120147,2848,122995,1453
2021-11-11,Alpine,003,1148,102,105,0,105,0
2021-11-11,Amador,005,37829,5646,5603,65,5668,66
2021-11-11,Butte,007,227075,21348,21047,3867,24914,293
2021-11-11,Calaveras,009,45235,4225,4179,58,4237,83
2021-11-11,Colusa,011,21464,2553,2518,650,3168,19
2021-11-11,Contra Costa,013,1133247,100541,99808,2256,102064,1028
2021-11-11,Del Norte,015,27424,3712,3622,55,3677,42
2021-11-11,El Dorado,017,186661,16364,16085,1753,17838,159
2021-11-11,Fresno,019,978130,143197,140833,12990,153823,2202
2021-11-11,Glenn,021,27897,3545,3503,1021,4524,34
2021-11-11,Humboldt,023,135768,9281,9125,595,9720,115
2021-11-11,Imperial,025,180216,34297,33844,3327,37171,766
2021-11-11,Inyo,027,18085,2464,2428,42,2470,42
2021-11-11,Kern,029,883053,130075,128023,23074,151097,1709
2021-11-11,Kings,031,150075,32870,32318,1994,34312,345
2021-11-11,Lake,033,64148,6841,6745,155,6900,107
2021-11-11,Lassen,035,31185,6971,6875,398,7273,47
2021-11-11,Los Angeles,037,10098052,1452915,1440436,54891,1495327,26614
2021-11-11,Madera,039,155013,23779,23316,2203,25519,287
2021-11-11,Marin,041,260295,17788,17639,474,18113,247
2021-11-11,Mariposa,043,17540,1363,1317,52,1369,6
2021-11-11,Mendocino,045,87422,7775,7612,610,8222,89
2021-11-11,Merced,047,269075,42536,42292,2022,44314,643
2021-11-11,Modoc,049,8938,557,536,200,736,5
2021-11-11,Mono,051,14174,1762,1743,22,1765,4
2021-11-11,Monterey,053,433212,49173,48008,3051,51059,609
2021-11-11,Napa,055,140530,13179,13075,116,13191,103
2021-11-11,Nevada,057,99092,9466,9308,335,9643,92
2021-11-11,Orange,059,3164182,310415,307674,15597,323271,5633
2021-11-11,Placer,061,380077,37831,37333,3743,41076,440
2021-11-11,Plumas,063,18699,1876,1814,42,1856,7
2021-11-11,Riverside,065,2383286,368236,362930,16598,379528,5175
2021-11-11,Sacramento,067,1510023,161343,159962,4740,164702,2289
2021-11-11,San Benito,069,59416,7495,7473,173,7646,76
2021-11-11,San Bernardino,071,2135413,359117,355413,11382,366795,5849
2021-11-11,San Diego,073,3302833,378777,376428,22217,398645,4272
2021-11-11,San Francisco,075,870044,53790,53063,2383,55446,666
2021-11-11,San Joaquin,077,732212,101076,99937,5493,105430,1799
2021-11-11,San Luis Obispo,079,281455,30008,29532,1283,30815,351
2021-11-11,San Mateo,081,765935,54815,53722,917,54639,574
2021-11-11,Santa Barbara,083,443738,45035,44603,1579,46182,534
2021-11-11,Santa Clara,085,1922200,149060,147458,1420,148878,1901
2021-11-11,Santa Cruz,087,273765,20754,20479,1018,21497,222
2021-11-11,Shasta,089,179085,21973,21600,3654,25254,364
2021-11-11,Sierra,091,2930,191,186,21,207,0
2021-11-11,Siskiyou,093,43540,3375,3297,1322,4619,53
2021-11-11,Solano,095,438530,46415,45679,1300,46979,350
2021-11-11,Sonoma,097,501317,42134,41774,540,42314,395
2021-11-11,Stanislaus,099,539301,79689,79570,9019,88589,1166
2021-11-11,Sutter,101,95872,14011,13993,365,14358,181
2021-11-11,Tehama,103,63373,8680,8565,1510,10075,125
2021-11-11,Trinity,105,12862,869,748,220,968,17
2021-11-11,Tulare,107,460477,69757,68367,15493,83860,1028
2021-11-11,Tuolumne,109,53932,7462,7354,110,7464,90
2021-11-11,Ventura,111,848112,99104,98297,4349,102646,1182
2021-11-11,Yolo,113,214977,20159,19946,1181,21127,255
2021-11-11,Yuba,115,75493,10293,10191,354,10545,85
2021-11-10,Alameda,001,1643700,120863,120147,2838,122985,1453
2021-11-10,Alpine,003,1148,102,105,0,105,0
2021-11-10,Amador,005,37829,5640,5603,65,5668,66
2021-11-10,Butte,007,227075,21322,21047,3863,24910,293
2021-11-10,Calaveras,009,45235,4214,4179,58,4237,83
2021-11-10,Colusa,011,21464,2547,2518,650,3168,19
2021-11-10,Contra Costa,013,1133247,100458,99808,2252,102060,1028
2021-11-10,Del Norte,015,27424,3711,3622,55,3677,42
2021-11-10,El Dorado,017,186661,16348,16085,1752,17837,159
2021-11-10,Fresno,019,978130,143019,140833,12976,153809,2202
2021-11-10,Glenn,021,27897,3545,3503,1020,4523,34
2021-11-10,Humboldt,023,135768,9263,9125,595,9720,115
2021-11-10,Imperial,025,180216,34249,33844,3308,37152,766
2021-11-10,Inyo,027,18085,2457,2428,42,2470,42
2021-11-10,Kern,029,883053,129925,128023,23018,151041,1709
2021-11-10,Kings,031,150075,32837,32318,1992,34310,345
2021-11-10,Lake,033,64148,6831,6745,155,6900,107
2021-11-10,Lassen,035,31185,6966,6875,398,7273,47
2021-11-10,Los Angeles,037,10098052,1451963,1440436,54833,1495269,26614
2021-11-10,Madera,039,155013,23729,23316,2197,25513,287
2021-11-10,Marin,041,260295,17775,17639,472,18111,247
2021-11-10,Mariposa,043,17540,1357,1317,52,1369,6
2021-11-10,Mendocino,045,87422,7763,7612,609,8221,89
2021-11-10,Merced,047,269075,42501,42292,2020,44312,643
2021-11-10,Modoc,049,8938,556,536,199,735,5
2021-11-10,Mono,051,14174,1760,1743,22,1765,4
2021-11-10,Monterey,053,433212,49139,48008,3040,51048,609
2021-11-10,Napa,055,140530,13165,13075,115,13190,103
2021-11-10,Nevada,057,99092,9459,9308,333,9641,92
2021-11-10,Orange,059,3164182,310152,307674,15565,323239,5633
2021-11-10,Placer,061,380077,37785,37333,3736,41069,440
2021-11-10,Plumas,063,18699,1870,1814,41,1855,7
2021-11-10,Riverside,065,2383286,367855,362930,16592,379522,5175
2021-11-10,Sacramento,067,1510023,161188,159962,4730,164692,2289
2021-11-10,San Benito,069,59416,7487,7473,173,7646,76
2021-11-10,San Bernardino,071,2135413,358779,355413,11375,366788,5849
2021-11-10,San Diego,073,3302833,378374,376428,22195,398623,4272
2021-11-10,San Francisco,075,870044,53729,53063,2380,55443,666
2021-11-10,San Joaquin,077,732212,100970,99937,5487,105424,1799
2021-11-10,San Luis Obispo,079,281455,29977,29532,1282,30814,351
2021-11-10,San Mateo,081,765935,54761,53722,916,54638,574
2021-11-10,Santa Barbara,083,443738,44997,44603,1578,46181,534
2021-11-10,Santa Clara,085,1922200,148913,147458,1414,148872,1901
2021-11-10,Santa Cruz,087,273765,20727,20479,1017,21496,222
2021-11-10,Shasta,089,179085,21937,21600,3652,25252,364
2021-11-10,Sierra,091,2930,190,186,21,207,0
2021-11-10,Siskiyou,093,43540,3373,3297,1322,4619,53
2021-11-10,Solano,095,438530,46385,45679,1298,46977,350
2021-11-10,Sonoma,097,501317,42083,41774,540,42314,395
2021-11-10,Stanislaus,099,539301,79587,79570,9003,88573,1166
2021-11-10,Sutter,101,95872,14003,13993,365,14358,181
2021-11-10,Tehama,103,63373,8668,8565,1504,10069,125
2021-11-10,Trinity,105,12862,865,748,219,967,17
2021-11-10,Tulare,107,460477,69697,68367,15452,83819,1028
2021-11-10,Tuolumne,109,53932,7438,7354,110,7464,90
2021-11-10,Ventura,111,848112,99033,98297,4349,102646,1182
2021-11-10,Yolo,113,214977,20140,19946,1180,21126,255
2021-11-10,Yuba,115,75493,10284,10191,354,10545,85
2021-11-09,Alameda,001,1643700,120726,120051,2828,122879,1450
2021-11-09,Alpine,003,1148,102,105,0,105,0
2021-11-09,Amador,005,37829,5634,5596,65,5661,66
2021-11-09,Butte,007,227075,21300,21022,3859,24881,291
2021-11-09,Calaveras,009,45235,4210,4174,58,4232,84
2021-11-09,Colusa,011,21464,2542,2517,649,3166,19
2021-11-09,Contra Costa,013,1133247,100363,99732,2244,101976,1028
2021-11-09,Del Norte,015,27424,3710,3620,55,3675,42
2021-11-09,El Dorado,017,186661,16310,16073,1747,17820,160
2021-11-09,Fresno,019,978130,142773,140666,12961,153627,2188
2021-11-09,Glenn,021,27897,3540,3499,1020,4519,34
2021-11-09,Humboldt,023,135768,9242,9112,590,9702,115
2021-11-09,Imperial,025,180216,34196,33751,3294,37045,766
2021-11-09,Inyo,027,18085,2453,2404,42,2446,42
2021-11-09,Kern,029,883053,129679,127901,22956,150857,1694
2021-11-09,Kings,031,150075,32770,32279,1988,34267,344
2021-11-09,Lake,033,64148,6822,6743,155,6898,106
2021-11-09,Lassen,035,31185,6954,6846,398,7244,47
2021-11-09,Los Angeles,037,10098052,1450699,1439125,54770,1493895,26581
2021-11-09,Madera,039,155013,23679,23285,2188,25473,287
2021-11-09,Marin,041,260295,17756,17630,470,18100,247
2021-11-09,Mariposa,043,17540,1349,1317,51,1368,5
2021-11-09,Mendocino,045,87422,7740,7598,603,8201,85
2021-11-09,Merced,047,269075,42460,42251,2014,44265,613
2021-11-09,Modoc,049,8938,555,536,197,733,5
2021-11-09,Mono,051,14174,1755,1738,22,1760,4
2021-11-09,Monterey,053,433212,49103,47975,3016,50991,609
2021-11-09,Napa,055,140530,13147,13051,115,13166,103
2021-11-09,Nevada,057,99092,9440,9288,333,9621,92
2021-11-09,Orange,059,3164182,309868,307412,15537,322949,5621
2021-11-09,Placer,061,380077,37730,37291,3719,41010,440
2021-11-09,Plumas,063,18699,1868,1802,41,1843,7
2021-11-09,Riverside,065,2383286,367389,362557,16577,379134,5160
2021-11-09,Sacramento,067,1510023,160947,159856,4721,164577,2286
2021-11-09,San Benito,069,59416,7477,7471,172,7643,76
2021-11-09,San Bernardino,071,2135413,358331,354972,11358,366330,5839
2021-11-09,San Diego,073,3302833,377879,375997,22169,398166,4272
2021-11-09,San Francisco,075,870044,53655,52996,2374,55370,666
2021-11-09,San Joaquin,077,732212,100795,99848,5474,105322,1794
2021-11-09,San Luis Obispo,079,281455,29934,29488,1281,30769,350
2021-11-09,San Mateo,081,765935,54714,53697,906,54603,574
2021-11-09,Santa Barbara,083,443738,44930,44579,1571,46150,533
2021-11-09,Santa Clara,085,1922200,148707,147281,1407,148688,1901
2021-11-09,Santa Cruz,087,273765,20693,20463,1016,21479,222
2021-11-09,Shasta,089,179085,21882,21558,3647,25205,364
2021-11-09,Sierra,091,2930,190,186,21,207,0
2021-11-09,Siskiyou,093,43540,3371,3295,1320,4615,52
2021-11-09,Solano,095,438530,46330,45639,1297,46936,350
2021-11-09,Sonoma,097,501317,42026,41727,538,42265,395
2021-11-09,Stanislaus,099,539301,79481,79505,8986,88491,1165
2021-11-09,Sutter,101,95872,13988,13988,363,14351,180
2021-11-09,Tehama,103,63373,8650,8555,1502,10057,125
2021-11-09,Trinity,105,12862,864,746,219,965,17
2021-11-09,Tulare,107,460477,69591,68298,15412,83710,1024
2021-11-09,Tuolumne,109,53932,7418,7347,110,7457,90
2021-11-09,Ventura,111,848112,98955,98202,4344,102546,1182
2021-11-09,Yolo,113,214977,20116,19931,1176,21107,255
2021-11-09,Yuba,115,75493,10267,10175,348,10523,85
2021-11-08,Alameda,001,1643700,120583,119983,2822,122805,1447
2021-11-08,Alpine,003,1148,102,105,0,105,0
2021-11-08,Amador,005,37829,5628,5590,65,5655,66
2021-11-08,Butte,007,227075,21272,21000,3851,24851,288
2021-11-08,Calaveras,009,45235,4202,4166,58,4224,82
2021-11-08,Colusa,011,21464,2541,2514,648,3162,19
2021-11-08,Contra Costa,013,1133247,100259,99669,2240,101909,1028
2021-11-08,Del Norte,015,27424,3706,3619,55,3674,42
2021-11-08,El Dorado,017,186661,16291,16055,1742,17797,156
2021-11-08,Fresno,019,978130,142472,140466,12939,153405,2179
2021-11-08,Glenn,021,27897,3538,3496,1016,4512,34
2021-11-08,Humboldt,023,135768,9215,9095,580,9675,109
2021-11-08,Imperial,025,180216,34116,33690,3276,36966,766
2021-11-08,Inyo,027,18085,2446,2398,42,2440,41
2021-11-08,Kern,029,883053,129443,127722,22873,150595,1692
2021-11-08,Kings,031,150075,32724,32248,1987,34235,344
2021-11-08,Lake,033,64148,6816,6737,155,6892,106
2021-11-08,Lassen,035,31185,6947,6830,396,7226,46
2021-11-08,Los Angeles,037,10098052,1449355,1438322,54711,1493033,26575
2021-11-08,Madera,039,155013,23630,23253,2177,25430,287
2021-11-08,Marin,041,260295,17739,17617,467,18084,247
2021-11-08,Mariposa,043,17540,1341,1316,50,1366,5
2021-11-08,Mendocino,045,87422,7727,7581,597,8178,85
2021-11-08,Merced,047,269075,42390,42224,2004,44228,607
2021-11-08,Modoc,049,8938,554,529,197,726,5
2021-11-08,Mono,051,14174,1751,1739,22,1761,4
2021-11-08,Monterey,053,433212,49062,47942,2995,50937,602
2021-11-08,Napa,055,140530,13133,13045,115,13160,103
2021-11-08,Nevada,057,99092,9421,9278,331,9609,92
2021-11-08,Orange,059,3164182,309595,307156,15506,322662,5616
2021-11-08,Placer,061,380077,37676,37250,3716,40966,439
2021-11-08,Plumas,063,18699,1867,1788,40,1828,7
2021-11-08,Riverside,065,2383286,366934,362201,16563,378764,5152
2021-11-08,Sacramento,067,1510023,160731,159735,4701,164436,2275
2021-11-08,San Benito,069,59416,7475,7461,172,7633,75
2021-11-08,San Bernardino,071,2135413,357821,354741,11340,366081,5836
2021-11-08,San Diego,073,3302833,377317,375557,22122,397679,4259
2021-11-08,San Francisco,075,870044,53602,52942,2368,55310,666
2021-11-08,San Joaquin,077,732212,100681,99736,5472,105208,1794
2021-11-08,San Luis Obispo,079,281455,29882,29464,1276,30740,350
2021-11-08,San Mateo,081,765935,54641,53658,901,54559,574
2021-11-08,Santa Barbara,083,443738,44876,44548,1570,46118,532
2021-11-08,Santa Clara,085,1922200,148480,147183,1401,148584,1899
2021-11-08,Santa Cruz,087,273765,20664,20435,1016,21451,222
2021-11-08,Shasta,089,179085,21835,21504,3641,25145,354
2021-11-08,Sierra,091,2930,190,183,21,204,0
2021-11-08,Siskiyou,093,43540,3367,3290,1309,4599,50
2021-11-08,Solano,095,438530,46289,45613,1293,46906,350
2021-11-08,Sonoma,097,501317,41958,41669,536,42205,395
2021-11-08,Stanislaus,099,539301,79329,79417,8972,88389,1150
2021-11-08,Sutter,101,95872,13980,13976,359,14335,180
2021-11-08,Tehama,103,63373,8641,8534,1502,10036,123
2021-11-08,Trinity,105,12862,864,743,218,961,13
2021-11-08,Tulare,107,460477,69474,68199,15374,83573,1020
2021-11-08,Tuolumne,109,53932,7399,7328,109,7437,90
2021-11-08,Ventura,111,848112,98862,98144,4342,102486,1182
2021-11-08,Yolo,113,214977,20078,19916,1171,21087,255
2021-11-08,Yuba,115,75493,10256,10172,345,10517,83
2021-11-07,Alameda,001,1643700,120425,119902,2816,122718,1444
2021-11-07,Alpine,003,1148,102,105,0,105,0
2021-11-07,Amador,005,37829,5620,5580,63,5643,66
2021-11-07,Butte,007,227075,21231,20969,3842,24811,288
2021-11-07,Calaveras,009,45235,4175,4158,57,4215,82
2021-11-07,Colusa,011,21464,2535,2511,646,3157,19
2021-11-07,Contra Costa,013,1133247,100148,99596,2231,101827,1028
2021-11-07,Del Norte,015,27424,3704,3617,55,3672,42
2021-11-07,El Dorado,017,186661,16254,16040,1739,17779,156
2021-11-07,Fresno,019,978130,142130,140263,12911,153174,2179
2021-11-07,Glenn,021,27897,3531,3493,1015,4508,34
2021-11-07,Humboldt,023,135768,9190,9074,576,9650,109
2021-11-07,Imperial,025,180216,34043,33674,3256,36930,766
2021-11-07,Inyo,027,18085,2433,2394,42,2436,41
2021-11-07,Kern,029,883053,129171,127583,22781,150364,1692
2021-11-07,Kings,031,150075,32633,32221,1984,34205,343
2021-11-07,Lake,033,64148,6800,6734,154,6888,106
2021-11-07,Lassen,035,31185,6939,6819,392,7211,46
2021-11-07,Los Angeles,037,10098052,1447858,1437314,54635,1491949,26573
2021-11-07,Madera,039,155013,23585,23225,2169,25394,287
2021-11-07,Marin,041,260295,17719,17594,466,18060,247
2021-11-07,Mariposa,043,17540,1339,1306,50,1356,5
2021-11-07,Mendocino,045,87422,7699,7567,593,8160,85
2021-11-07,Merced,047,269075,42312,42186,1973,44159,607
2021-11-07,Modoc,049,8938,551,528,196,724,5
2021-11-07,Mono,051,14174,1745,1739,22,1761,4
2021-11-07,Monterey,053,433212,49010,47924,2990,50914,602
2021-11-07,Napa,055,140530,13112,13041,115,13156,103
2021-11-07,Nevada,057,99092,9373,9254,331,9585,92
2021-11-07,Orange,059,3164182,309271,306954,15468,322422,5616
2021-11-07,Placer,061,380077,37600,37202,3701,40903,439
2021-11-07,Plumas,063,18699,1860,1787,39,1826,7
2021-11-07,Riverside,065,2383286,366397,361960,16543,378503,5152
2021-11-07,Sacramento,067,1510023,160499,159549,4684,164233,2277
2021-11-07,San Benito,069,59416,7462,7460,172,7632,75
2021-11-07,San Bernardino,071,2135413,357314,354488,11317,365805,5832
2021-11-07,San Diego,073,3302833,376736,375165,22089,397254,4250
2021-11-07,San Francisco,075,870044,53518,52868,2362,55230,666
2021-11-07,San Joaquin,077,732212,100496,99696,5466,105162,1794
2021-11-07,San Luis Obispo,079,281455,29832,29454,1272,30726,350
2021-11-07,San Mateo,081,765935,54582,53600,899,54499,574
2021-11-07,Santa Barbara,083,443738,44813,44501,1569,46070,532
2021-11-07,Santa Clara,085,1922200,148276,147054,1388,148442,1898
2021-11-07,Santa Cruz,087,273765,20606,20397,1015,21412,222
2021-11-07,Shasta,089,179085,21787,21479,3635,25114,354
2021-11-07,Sierra,091,2930,188,183,21,204,0
2021-11-07,Siskiyou,093,43540,3361,3289,1307,4596,51
2021-11-07,Solano,095,438530,46234,45582,1286,46868,350
2021-11-07,Sonoma,097,501317,41908,41630,535,42165,395
2021-11-07,Stanislaus,099,539301,79174,79351,8950,88301,1150
2021-11-07,Sutter,101,95872,13967,13964,356,14320,180
2021-11-07,Tehama,103,63373,8617,8528,1500,10028,121
2021-11-07,Trinity,105,12862,863,742,217,959,13
2021-11-07,Tulare,107,460477,69321,68145,15331,83476,1020
2021-11-07,Tuolumne,109,53932,7381,7300,107,7407,90
2021-11-07,Ventura,111,848112,98771,98085,4340,102425,1182
2021-11-07,Yolo,113,214977,20057,19899,1166,21065,255
2021-11-07,Yuba,115,75493,10239,10162,340,10502,83
2021-11-06,Alameda,001,1643700,120361,119499,2813,122312,1436
2021-11-06,Alpine,003,1148,102,105,0,105,0
2021-11-06,Amador,005,37829,5614,5557,63,5620,66
2021-11-06,Butte,007,227075,21211,20796,3838,24634,288
2021-11-06,Calaveras,009,45235,4167,4105,57,4162,82
2021-11-06,Colusa,011,21464,2534,2501,645,3146,19
2021-11-06,Contra Costa,013,1133247,100093,99282,2229,101511,1025
2021-11-06,Del Norte,015,27424,3701,3607,55,3662,42
2021-11-06,El Dorado,017,186661,16237,15958,1739,17697,156
2021-11-06,Fresno,019,978130,142012,139249,12906,152155,2170
2021-11-06,Glenn,021,27897,3528,3479,1015,4494,33
2021-11-06,Humboldt,023,135768,9178,8972,572,9544,109
2021-11-06,Imperial,025,180216,33999,33471,3250,36721,766
2021-11-06,Inyo,027,18085,2427,2353,42,2395,41
2021-11-06,Kern,029,883053,129037,126848,22728,149576,1684
2021-11-06,Kings,031,150075,32600,32018,1979,33997,342
2021-11-06,Lake,033,64148,6798,6695,154,6849,106
2021-11-06,Lassen,035,31185,6934,6796,391,7187,46
2021-11-06,Los Angeles,037,10098052,1447083,1433081,54593,1487674,26533
2021-11-06,Madera,039,155013,23549,22994,2159,25153,287
2021-11-06,Marin,041,260295,17700,17520,463,17983,247
2021-11-06,Mariposa,043,17540,1337,1282,50,1332,5
2021-11-06,Mendocino,045,87422,7677,7486,593,8079,85
2021-11-06,Merced,047,269075,42288,41958,1965,43923,604
2021-11-06,Modoc,049,8938,550,523,196,719,5
2021-11-06,Mono,051,14174,1743,1725,22,1747,4
2021-11-06,Monterey,053,433212,48978,47830,2980,50810,602
2021-11-06,Napa,055,140530,13102,12950,115,13065,103
2021-11-06,Nevada,057,99092,9351,9169,330,9499,91
2021-11-06,Orange,059,3164182,309064,306049,15442,321491,5611
2021-11-06,Placer,061,380077,37559,36967,3698,40665,438
2021-11-06,Plumas,063,18699,1856,1755,38,1793,7
2021-11-06,Riverside,065,2383286,366079,360584,16534,377118,5138
2021-11-06,Sacramento,067,1510023,160406,158766,4679,163445,2263
2021-11-06,San Benito,069,59416,7455,7429,172,7601,75
2021-11-06,San Bernardino,071,2135413,357043,353142,11313,364455,5813
2021-11-06,San Diego,073,3302833,376400,373423,22071,395494,4246
2021-11-06,San Francisco,075,870044,53465,52556,2359,54915,666
2021-11-06,San Joaquin,077,732212,100438,99372,5465,104837,1782
2021-11-06,San Luis Obispo,079,281455,29804,29335,1268,30603,350
2021-11-06,San Mateo,081,765935,54548,53442,898,54340,574
2021-11-06,Santa Barbara,083,443738,44777,44301,1568,45869,532
2021-11-06,Santa Clara,085,1922200,148131,146519,1383,147902,1894
2021-11-06,Santa Cruz,087,273765,20587,20311,1013,21324,222
2021-11-06,Shasta,089,179085,21768,21281,3630,24911,349
2021-11-06,Sierra,091,2930,188,181,21,202,0
2021-11-06,Siskiyou,093,43540,3361,3279,1305,4584,48
2021-11-06,Solano,095,438530,46204,45465,1285,46750,350
2021-11-06,Sonoma,097,501317,41858,41398,534,41932,395
2021-11-06,Stanislaus,099,539301,79106,78902,8942,87844,1193
2021-11-06,Sutter,101,95872,13963,13908,355,14263,180
2021-11-06,Tehama,103,63373,8606,8474,1498,9972,120
2021-11-06,Trinity,105,12862,860,732,217,949,11
2021-11-06,Tulare,107,460477,69271,67767,15302,83069,1010
2021-11-06,Tuolumne,109,53932,7369,7245,107,7352,90
2021-11-06,Ventura,111,848112,98704,97770,4335,102105,1180
2021-11-06,Yolo,113,214977,20040,19827,1162,20989,255
2021-11-06,Yuba,115,75493,10225,10107,340,10447,83
2021-11-05,Alameda,001,1643700,120277,119499,2811,122310,1436
2021-11-05,Alpine,003,1148,102,105,0,105,0
2021-11-05,Amador,005,37829,5609,5557,63,5620,66
2021-11-05,Butte,007,227075,21198,20796,3837,24633,288
2021-11-05,Calaveras,009,45235,4162,4105,57,4162,82
2021-11-05,Colusa,011,21464,2534,2501,644,3145,19
2021-11-05,Contra Costa,013,1133247,100028,99282,2227,101509,1025
2021-11-05,Del Norte,015,27424,3699,3607,55,3662,42
2021-11-05,El Dorado,017,186661,16219,15958,1733,17691,156
2021-11-05,Fresno,019,978130,141834,139249,12896,152145,2170
2021-11-05,Glenn,021,27897,3528,3479,1014,4493,33
2021-11-05,Humboldt,023,135768,9164,8972,572,9544,109
2021-11-05,Imperial,025,180216,33963,33471,3247,36718,766
2021-11-05,Inyo,027,18085,2419,2353,42,2395,41
2021-11-05,Kern,029,883053,128910,126848,22672,149520,1684
2021-11-05,Kings,031,150075,32576,32018,1978,33996,342
2021-11-05,Lake,033,64148,6792,6695,154,6849,106
2021-11-05,Lassen,035,31185,6930,6796,390,7186,46
2021-11-05,Los Angeles,037,10098052,1446263,1433081,54556,1487637,26533
2021-11-05,Madera,039,155013,23511,22994,2157,25151,287
2021-11-05,Marin,041,260295,17678,17520,462,17982,247
2021-11-05,Mariposa,043,17540,1334,1282,49,1331,5
2021-11-05,Mendocino,045,87422,7666,7486,592,8078,85
2021-11-05,Merced,047,269075,42262,41958,1956,43914,604
2021-11-05,Modoc,049,8938,550,523,196,719,5
2021-11-05,Mono,051,14174,1742,1725,22,1747,4
2021-11-05,Monterey,053,433212,48948,47830,2978,50808,602
2021-11-05,Napa,055,140530,13080,12950,115,13065,103
2021-11-05,Nevada,057,99092,9338,9169,330,9499,91
2021-11-05,Orange,059,3164182,308867,306049,15420,321469,5611
2021-11-05,Placer,061,380077,37532,36967,3689,40656,438
2021-11-05,Plumas,063,18699,1848,1755,38,1793,7
2021-11-05,Riverside,065,2383286,365738,360584,16524,377108,5138
2021-11-05,Sacramento,067,1510023,160284,158766,4673,163439,2263
2021-11-05,San Benito,069,59416,7453,7429,171,7600,75
2021-11-05,San Bernardino,071,2135413,356712,353142,11302,364444,5813
2021-11-05,San Diego,073,3302833,376047,373423,22059,395482,4246
2021-11-05,San Francisco,075,870044,53414,52556,2356,54912,666
2021-11-05,San Joaquin,077,732212,100385,99372,5456,104828,1782
2021-11-05,San Luis Obispo,079,281455,29781,29335,1268,30603,350
2021-11-05,San Mateo,081,765935,54506,53442,896,54338,574
2021-11-05,Santa Barbara,083,443738,44732,44301,1567,45868,532
2021-11-05,Santa Clara,085,1922200,147994,146519,1382,147901,1894
2021-11-05,Santa Cruz,087,273765,20563,20311,1012,21323,222
2021-11-05,Shasta,089,179085,21736,21281,3625,24906,349
2021-11-05,Sierra,091,2930,188,181,21,202,0
2021-11-05,Siskiyou,093,43540,3356,3279,1304,4583,48
2021-11-05,Solano,095,438530,46159,45465,1282,46747,350
2021-11-05,Sonoma,097,501317,41818,41398,534,41932,395
2021-11-05,Stanislaus,099,539301,79048,78902,8930,87832,1193
2021-11-05,Sutter,101,95872,13955,13908,354,14262,180
2021-11-05,Tehama,103,63373,8599,8474,1497,9971,120
2021-11-05,Trinity,105,12862,860,732,217,949,11
2021-11-05,Tulare,107,460477,69198,67767,15266,83033,1010
2021-11-05,Tuolumne,109,53932,7352,7245,106,7351,90
2021-11-05,Ventura,111,848112,98664,97770,4332,102102,1180
2021-11-05,Yolo,113,214977,20029,19827,1161,20988,255
2021-11-05,Yuba,115,75493,10212,10107,338,10445,83
2021-11-04,Alameda,001,1643700,120160,119499,2805,122304,1436
2021-11-04,Alpine,003,1148,102,105,0,105,0
2021-11-04,Amador,005,37829,5601,5557,63,5620,66
2021-11-04,Butte,007,227075,21156,20796,3826,24622,288
2021-11-04,Calaveras,009,45235,4148,4105,55,4160,82
2021-11-04,Colusa,011,21464,2528,2501,643,3144,19
2021-11-04,Contra Costa,013,1133247,99937,99282,2222,101504,1025
2021-11-04,Del Norte,015,27424,3696,3607,55,3662,42
2021-11-04,El Dorado,017,186661,16193,15958,1729,17687,156
2021-11-04,Fresno,019,978130,141552,139249,12887,152136,2170
2021-11-04,Glenn,021,27897,3523,3479,1013,4492,33
2021-11-04,Humboldt,023,135768,9139,8972,569,9541,109
2021-11-04,Imperial,025,180216,33906,33471,3238,36709,766
2021-11-04,Inyo,027,18085,2411,2353,42,2395,41
2021-11-04,Kern,029,883053,128678,126848,22604,149452,1684
2021-11-04,Kings,031,150075,32497,32018,1968,33986,342
2021-11-04,Lake,033,64148,6782,6695,152,6847,106
2021-11-04,Lassen,035,31185,6920,6796,385,7181,46
2021-11-04,Los Angeles,037,10098052,1444954,1433081,54474,1487555,26533
2021-11-04,Madera,039,155013,23456,22994,2146,25140,287
2021-11-04,Marin,041,260295,17666,17520,460,17980,247
2021-11-04,Mariposa,043,17540,1327,1282,49,1331,5
2021-11-04,Mendocino,045,87422,7653,7486,586,8072,85
2021-11-04,Merced,047,269075,42207,41958,1952,43910,604
2021-11-04,Modoc,049,8938,549,523,196,719,5
2021-11-04,Mono,051,14174,1737,1725,22,1747,4
2021-11-04,Monterey,053,433212,48904,47830,2962,50792,602
2021-11-04,Napa,055,140530,13059,12950,115,13065,103
2021-11-04,Nevada,057,99092,9307,9169,329,9498,91
2021-11-04,Orange,059,3164182,308619,306049,15401,321450,5611
2021-11-04,Placer,061,380077,37460,36967,3680,40647,438
2021-11-04,Plumas,063,18699,1840,1755,34,1789,7
2021-11-04,Riverside,065,2383286,365340,360584,16515,377099,5138
2021-11-04,Sacramento,067,1510023,160050,158766,4653,163419,2263
2021-11-04,San Benito,069,59416,7447,7429,171,7600,75
2021-11-04,San Bernardino,071,2135413,356275,353142,11294,364436,5813
2021-11-04,San Diego,073,3302833,375578,373423,22038,395461,4246
2021-11-04,San Francisco,075,870044,53333,52556,2352,54908,666
2021-11-04,San Joaquin,077,732212,100278,99372,5444,104816,1782
2021-11-04,San Luis Obispo,079,281455,29757,29335,1262,30597,350
2021-11-04,San Mateo,081,765935,54447,53442,890,54332,574
2021-11-04,Santa Barbara,083,443738,44676,44301,1567,45868,532
2021-11-04,Santa Clara,085,1922200,147840,146519,1378,147897,1894
2021-11-04,Santa Cruz,087,273765,20528,20311,1012,21323,222
2021-11-04,Shasta,089,179085,21678,21281,3619,24900,349
2021-11-04,Sierra,091,2930,186,181,21,202,0
2021-11-04,Siskiyou,093,43540,3353,3279,1297,4576,48
2021-11-04,Solano,095,438530,46117,45465,1281,46746,350
2021-11-04,Sonoma,097,501317,41758,41398,534,41932,395
2021-11-04,Stanislaus,099,539301,78910,78902,8922,87824,1193
2021-11-04,Sutter,101,95872,13944,13908,352,14260,180
2021-11-04,Tehama,103,63373,8590,8474,1493,9967,120
2021-11-04,Trinity,105,12862,859,732,217,949,11
2021-11-04,Tulare,107,460477,69083,67767,15220,82987,1010
2021-11-04,Tuolumne,109,53932,7330,7245,104,7349,90
2021-11-04,Ventura,111,848112,98576,97770,4329,102099,1180
2021-11-04,Yolo,113,214977,20004,19827,1155,20982,255
2021-11-04,Yuba,115,75493,10198,10107,336,10443,83
2021-11-03,Alameda,001,1643700,120019,119356,2801,122157,1428
2021-11-03,Alpine,003,1148,102,105,0,105,0
2021-11-03,Amador,005,37829,5595,5545,62,5607,66
2021-11-03,Butte,007,227075,21111,20769,3817,24586,284
2021-11-03,Calaveras,009,45235,4130,4087,54,4141,82
2021-11-03,Colusa,011,21464,2522,2499,643,3142,20
2021-11-03,Contra Costa,013,1133247,99837,99168,2217,101385,1025
2021-11-03,Del Norte,015,27424,3694,3600,54,3654,42
2021-11-03,El Dorado,017,186661,16166,15915,1725,17640,156
2021-11-03,Fresno,019,978130,141190,138873,12863,151736,2166
2021-11-03,Glenn,021,27897,3519,3470,1013,4483,33
2021-11-03,Humboldt,023,135768,9122,8949,564,9513,109
2021-11-03,Imperial,025,180216,33834,33402,3228,36630,766
2021-11-03,Inyo,027,18085,2390,2344,42,2386,41
2021-11-03,Kern,029,883053,128418,126523,22502,149025,1681
2021-11-03,Kings,031,150075,32442,31923,1961,33884,341
2021-11-03,Lake,033,64148,6766,6685,152,6837,106
2021-11-03,Lassen,035,31185,6903,6782,380,7162,46
2021-11-03,Los Angeles,037,10098052,1443601,1431209,54389,1485598,26517
2021-11-03,Madera,039,155013,23388,22893,2137,25030,287
2021-11-03,Marin,041,260295,17645,17491,456,17947,247
2021-11-03,Mariposa,043,17540,1317,1276,49,1325,5
2021-11-03,Mendocino,045,87422,7637,7457,578,8035,84
2021-11-03,Merced,047,269075,42146,41849,1942,43791,597
2021-11-03,Modoc,049,8938,549,521,194,715,5
2021-11-03,Mono,051,14174,1733,1719,22,1741,4
2021-11-03,Monterey,053,433212,48854,47794,2949,50743,601
2021-11-03,Napa,055,140530,13047,12937,114,13051,103
2021-11-03,Nevada,057,99092,9280,9131,328,9459,91
2021-11-03,Orange,059,3164182,308308,305661,15368,321029,5607
2021-11-03,Placer,061,380077,37390,36868,3675,40543,438
2021-11-03,Plumas,063,18699,1829,1739,33,1772,7
2021-11-03,Riverside,065,2383286,364882,360060,16511,376571,5131
2021-11-03,Sacramento,067,1510023,159826,158311,4642,162953,2259
2021-11-03,San Benito,069,59416,7439,7419,171,7590,75
2021-11-03,San Bernardino,071,2135413,355800,352225,11274,363499,5813
2021-11-03,San Diego,073,3302833,375078,372951,22015,394966,4241
2021-11-03,San Francisco,075,870044,53240,52493,2347,54840,663
2021-11-03,San Joaquin,077,732212,100166,99188,5433,104621,1776
2021-11-03,San Luis Obispo,079,281455,29715,29276,1256,30532,348
2021-11-03,San Mateo,081,765935,54383,53396,884,54280,571
2021-11-03,Santa Barbara,083,443738,44619,44220,1564,45784,531
2021-11-03,Santa Clara,085,1922200,147670,146259,1371,147630,1897
2021-11-03,Santa Cruz,087,273765,20493,20275,1012,21287,222
2021-11-03,Shasta,089,179085,21620,21215,3612,24827,346
2021-11-03,Sierra,091,2930,184,180,21,201,0
2021-11-03,Siskiyou,093,43540,3349,3276,1295,4571,46
2021-11-03,Solano,095,438530,46090,45411,1279,46690,351
2021-11-03,Sonoma,097,501317,41681,41326,532,41858,395
2021-11-03,Stanislaus,099,539301,78779,78736,8906,87642,1193
2021-11-03,Sutter,101,95872,13931,13876,350,14226,179
2021-11-03,Tehama,103,63373,8578,8438,1493,9931,118
2021-11-03,Trinity,105,12862,858,730,217,947,11
2021-11-03,Tulare,107,460477,68955,67588,15178,82766,1007
2021-11-03,Tuolumne,109,53932,7312,7218,102,7320,90
2021-11-03,Ventura,111,848112,98467,97682,4325,102007,1178
2021-11-03,Yolo,113,214977,19986,19758,1147,20905,250
2021-11-03,Yuba,115,75493,10186,10092,336,10428,83
2021-11-02,Alameda,001,1643700,119874,119241,2795,122036,1425
2021-11-02,Alpine,003,1148,101,105,0,105,0
2021-11-02,Amador,005,37829,5590,5535,62,5597,66
2021-11-02,Butte,007,227075,21067,20744,3806,24550,282
2021-11-02,Calaveras,009,45235,4107,4075,54,4129,82
2021-11-02,Colusa,011,21464,2517,2497,642,3139,19
2021-11-02,Contra Costa,013,1133247,99733,99080,2205,101285,1025
2021-11-02,Del Norte,015,27424,3692,3596,54,3650,42
2021-11-02,El Dorado,017,186661,16137,15883,1725,17608,154
2021-11-02,Fresno,019,978130,140866,138644,12832,151476,2158
2021-11-02,Glenn,021,27897,3511,3469,1010,4479,33
2021-11-02,Humboldt,023,135768,9080,8937,563,9500,109
2021-11-02,Imperial,025,180216,33761,33371,3216,36587,766
2021-11-02,Inyo,027,18085,2383,2324,42,2366,41
2021-11-02,Kern,029,883053,128163,126311,22380,148691,1665
2021-11-02,Kings,031,150075,32383,31896,1956,33852,339
2021-11-02,Lake,033,64148,6761,6681,151,6832,106
2021-11-02,Lassen,035,31185,6891,6777,377,7154,45
2021-11-02,Los Angeles,037,10098052,1442151,1429601,54312,1483913,26496
2021-11-02,Madera,039,155013,23307,22837,2126,24963,287
2021-11-02,Marin,041,260295,17617,17482,456,17938,247
2021-11-02,Mariposa,043,17540,1306,1270,48,1318,5
2021-11-02,Mendocino,045,87422,7613,7447,566,8013,84
2021-11-02,Merced,047,269075,42079,41785,1934,43719,596
2021-11-02,Modoc,049,8938,546,520,193,713,5
2021-11-02,Mono,051,14174,1729,1718,22,1740,4
2021-11-02,Monterey,053,433212,48803,47775,2931,50706,599
2021-11-02,Napa,055,140530,13029,12930,114,13044,104
2021-11-02,Nevada,057,99092,9250,9122,327,9449,91
2021-11-02,Orange,059,3164182,307992,305369,15321,320690,5600
2021-11-02,Placer,061,380077,37318,36817,3660,40477,438
2021-11-02,Plumas,063,18699,1818,1721,33,1754,7
2021-11-02,Riverside,065,2383286,364428,359586,16491,376077,5116
2021-11-02,Sacramento,067,1510023,159570,158112,4619,162731,2250
2021-11-02,San Benito,069,59416,7423,7407,171,7578,75
2021-11-02,San Bernardino,071,2135413,355325,351832,11220,363052,5813
2021-11-02,San Diego,073,3302833,374493,372440,21985,394425,4232
2021-11-02,San Francisco,075,870044,53121,52450,2343,54793,663
2021-11-02,San Joaquin,077,732212,100032,99076,5422,104498,1772
2021-11-02,San Luis Obispo,079,281455,29682,29224,1252,30476,348
2021-11-02,San Mateo,081,765935,54311,53351,881,54232,571
2021-11-02,Santa Barbara,083,443738,44563,44177,1561,45738,531
2021-11-02,Santa Clara,085,1922200,147476,146115,1364,147479,1896
2021-11-02,Santa Cruz,087,273765,20460,20266,1011,21277,222
2021-11-02,Shasta,089,179085,21546,21127,3602,24729,344
2021-11-02,Sierra,091,2930,184,180,20,200,0
2021-11-02,Siskiyou,093,43540,3347,3272,1292,4564,46
2021-11-02,Solano,095,438530,46050,45378,1273,46651,350
2021-11-02,Sonoma,097,501317,41600,41288,531,41819,395
2021-11-02,Stanislaus,099,539301,78624,78629,8886,87515,1193
2021-11-02,Sutter,101,95872,13911,13868,350,14218,179
2021-11-02,Tehama,103,63373,8562,8422,1490,9912,116
2021-11-02,Trinity,105,12862,858,729,217,946,11
2021-11-02,Tulare,107,460477,68830,67502,15129,82631,1002
2021-11-02,Tuolumne,109,53932,7291,7204,100,7304,90
2021-11-02,Ventura,111,848112,98362,97574,4321,101895,1178
2021-11-02,Yolo,113,214977,19956,19736,1145,20881,250
2021-11-02,Yuba,115,75493,10163,10080,334,10414,83
2021-11-01,Alameda,001,1643700,119733,119159,2792,121951,1421
2021-11-01,Alpine,003,1148,101,105,0,105,0
2021-11-01,Amador,005,37829,5588,5532,62,5594,64
2021-11-01,Butte,007,227075,21017,20710,3801,24511,281
2021-11-01,Calaveras,009,45235,4097,4059,53,4112,82
2021-11-01,Colusa,011,21464,2515,2494,639,3133,19
2021-11-01,Contra Costa,013,1133247,99608,99011,2197,101208,1025
2021-11-01,Del Norte,015,27424,3690,3594,54,3648,42
2021-11-01,El Dorado,017,186661,16113,15858,1719,17577,154
2021-11-01,Fresno,019,978130,140490,138421,12795,151216,2149
2021-11-01,Glenn,021,27897,3503,3461,1008,4469,33
2021-11-01,Humboldt,023,135768,9052,8929,559,9488,108
2021-11-01,Imperial,025,180216,33711,33342,3207,36549,766
2021-11-01,Inyo,027,18085,2371,2307,42,2349,41
2021-11-01,Kern,029,883053,127863,126092,22265,148357,1660
2021-11-01,Kings,031,150075,32330,31866,1952,33818,337
2021-11-01,Lake,033,64148,6750,6676,150,6826,106
2021-11-01,Lassen,035,31185,6876,6775,374,7149,42
2021-11-01,Los Angeles,037,10098052,1440766,1428891,54221,1483112,26483
2021-11-01,Madera,039,155013,23228,22801,2121,24922,283
2021-11-01,Marin,041,260295,17597,17460,454,17914,247
2021-11-01,Mariposa,043,17540,1298,1266,47,1313,5
2021-11-01,Mendocino,045,87422,7580,7422,548,7970,84
2021-11-01,Merced,047,269075,41988,41740,1932,43672,594
2021-11-01,Modoc,049,8938,541,520,191,711,5
2021-11-01,Mono,051,14174,1725,1714,22,1736,3
2021-11-01,Monterey,053,433212,48760,47756,2919,50675,597
2021-11-01,Napa,055,140530,13002,12916,113,13029,101
2021-11-01,Nevada,057,99092,9227,9108,326,9434,91
2021-11-01,Orange,059,3164182,307650,305192,15278,320470,5596
2021-11-01,Placer,061,380077,37235,36747,3648,40395,435
2021-11-01,Plumas,063,18699,1799,1719,33,1752,7
2021-11-01,Riverside,065,2383286,363926,359263,16469,375732,5115
2021-11-01,Sacramento,067,1510023,159298,157893,4595,162488,2239
2021-11-01,San Benito,069,59416,7413,7406,170,7576,73
2021-11-01,San Bernardino,071,2135413,354836,351620,11198,362818,5815
2021-11-01,San Diego,073,3302833,373930,372043,21967,394010,4232
2021-11-01,San Francisco,075,870044,53036,52418,2336,54754,661
2021-11-01,San Joaquin,077,732212,99869,98969,5415,104384,1772
2021-11-01,San Luis Obispo,079,281455,29638,29199,1247,30446,343
2021-11-01,San Mateo,081,765935,54244,53314,877,54191,571
2021-11-01,Santa Barbara,083,443738,44496,44146,1557,45703,529
2021-11-01,Santa Clara,085,1922200,147279,145978,1359,147337,1907
2021-11-01,Santa Cruz,087,273765,20425,20238,1011,21249,221
2021-11-01,Shasta,089,179085,21493,21104,3595,24699,338
2021-11-01,Sierra,091,2930,184,180,20,200,0
2021-11-01,Siskiyou,093,43540,3340,3272,1287,4559,46
2021-11-01,Solano,095,438530,45996,45358,1273,46631,350
2021-11-01,Sonoma,097,501317,41527,41234,530,41764,395
2021-11-01,Stanislaus,099,539301,78495,78534,8871,87405,1193
2021-11-01,Sutter,101,95872,13887,13852,348,14200,179
2021-11-01,Tehama,103,63373,8534,8412,1487,9899,116
2021-11-01,Trinity,105,12862,856,727,217,944,11
2021-11-01,Tulare,107,460477,68686,67388,15077,82465,1002
2021-11-01,Tuolumne,109,53932,7275,7175,99,7274,90
2021-11-01,Ventura,111,848112,98272,97507,4319,101826,1178
2021-11-01,Yolo,113,214977,19936,19708,1138,20846,250
2021-11-01,Yuba,115,75493,10145,10066,332,10398,83
2021-10-31,Alameda,001,1643700,119588,119071,2789,121860,1419
2021-10-31,Alpine,003,1148,101,105,0,105,0
2021-10-31,Amador,005,37829,5577,5518,62,5580,64
2021-10-31,Butte,007,227075,20956,20689,3790,24479,281
2021-10-31,Calaveras,009,45235,4079,4052,52,4104,82
2021-10-31,Colusa,011,21464,2513,2493,636,3129,18
2021-10-31,Contra Costa,013,1133247,99480,98936,2194,101130,1025
2021-10-31,Del Norte,015,27424,3684,3591,54,3645,42
2021-10-31,El Dorado,017,186661,16067,15841,1716,17557,154
2021-10-31,Fresno,019,978130,140083,138165,12758,150923,2147
2021-10-31,Glenn,021,27897,3498,3459,1008,4467,33
2021-10-31,Humboldt,023,135768,9004,8919,553,9472,108
2021-10-31,Imperial,025,180216,33636,33334,3195,36529,766
2021-10-31,Inyo,027,18085,2352,2309,42,2351,41
2021-10-31,Kern,029,883053,127494,125917,22141,148058,1666
2021-10-31,Kings,031,150075,32244,31814,1940,33754,338
2021-10-31,Lake,033,64148,6739,6665,148,6813,106
2021-10-31,Lassen,035,31185,6861,6768,369,7137,42
2021-10-31,Los Angeles,037,10098052,1439220,1427933,54136,1482069,26474
2021-10-31,Madera,039,155013,23132,22744,2108,24852,283
2021-10-31,Marin,041,260295,17569,17443,453,17896,247
2021-10-31,Mariposa,043,17540,1292,1257,46,1303,5
2021-10-31,Mendocino,045,87422,7539,7403,531,7934,84
2021-10-31,Merced,047,269075,41895,41699,1912,43611,589
2021-10-31,Modoc,049,8938,535,517,188,705,5
2021-10-31,Mono,051,14174,1721,1711,22,1733,3
2021-10-31,Monterey,053,433212,48719,47744,2901,50645,596
2021-10-31,Napa,055,140530,12984,12906,111,13017,101
2021-10-31,Nevada,057,99092,9190,9084,321,9405,91
2021-10-31,Orange,059,3164182,307301,305032,15195,320227,5596
2021-10-31,Placer,061,380077,37138,36698,3634,40332,435
2021-10-31,Plumas,063,18699,1781,1716,33,1749,7
2021-10-31,Riverside,065,2383286,363347,359005,16455,375460,5104
2021-10-31,Sacramento,067,1510023,158946,157667,4580,162247,2243
2021-10-31,San Benito,069,59416,7404,7397,168,7565,73
2021-10-31,San Bernardino,071,2135413,354304,351411,11184,362595,5810
2021-10-31,San Diego,073,3302833,373378,371603,21936,393539,4218
2021-10-31,San Francisco,075,870044,52928,52370,2330,54700,661
2021-10-31,San Joaquin,077,732212,99705,98893,5401,104294,1772
2021-10-31,San Luis Obispo,079,281455,29584,29176,1246,30422,343
2021-10-31,San Mateo,081,765935,54185,53284,875,54159,571
2021-10-31,Santa Barbara,083,443738,44426,44113,1552,45665,529
2021-10-31,Santa Clara,085,1922200,147064,145829,1345,147174,1908
2021-10-31,Santa Cruz,087,273765,20390,20218,1010,21228,221
2021-10-31,Shasta,089,179085,21410,21086,3583,24669,338
2021-10-31,Sierra,091,2930,184,180,20,200,0
2021-10-31,Siskiyou,093,43540,3334,3271,1286,4557,46
2021-10-31,Solano,095,438530,45948,45310,1266,46576,350
2021-10-31,Sonoma,097,501317,41457,41183,527,41710,395
2021-10-31,Stanislaus,099,539301,78305,78426,8854,87280,1193
2021-10-31,Sutter,101,95872,13868,13838,345,14183,179
2021-10-31,Tehama,103,63373,8503,8391,1483,9874,116
2021-10-31,Trinity,105,12862,856,724,217,941,11
2021-10-31,Tulare,107,460477,68492,67310,14987,82297,1002
2021-10-31,Tuolumne,109,53932,7246,7141,98,7239,90
2021-10-31,Ventura,111,848112,98150,97460,4314,101774,1178
2021-10-31,Yolo,113,214977,19892,19662,1132,20794,250
2021-10-31,Yuba,115,75493,10127,10051,322,10373,83
2021-10-30,Alameda,001,1643700,119528,118632,2786,121418,1419
2021-10-30,Alpine,003,1148,101,105,0,105,0
2021-10-30,Amador,005,37829,5568,5480,61,5541,64
2021-10-30,Butte,007,227075,20941,20516,3784,24300,277
2021-10-30,Calaveras,009,45235,4072,3992,52,4044,82
2021-10-30,Colusa,011,21464,2513,2484,635,3119,19
2021-10-30,Contra Costa,013,1133247,99418,98562,2193,100755,1024
2021-10-30,Del Norte,015,27424,3681,3574,54,3628,42
2021-10-30,El Dorado,017,186661,16051,15752,1711,17463,154
2021-10-30,Fresno,019,978130,139937,136901,12746,149647,2131
2021-10-30,Glenn,021,27897,3494,3442,1008,4450,33
2021-10-30,Humboldt,023,135768,8989,8871,551,9422,105
2021-10-30,Imperial,025,180216,33590,33156,3191,36347,766
2021-10-30,Inyo,027,18085,2349,2249,42,2291,41
2021-10-30,Kern,029,883053,127341,124892,22070,146962,1653
2021-10-30,Kings,031,150075,32210,31578,1936,33514,337
2021-10-30,Lake,033,64148,6734,6610,148,6758,106
2021-10-30,Lassen,035,31185,6855,6719,367,7086,42
2021-10-30,Los Angeles,037,10098052,1438496,1424257,54083,1478340,26625
2021-10-30,Madera,039,155013,23088,22524,2103,24627,283
2021-10-30,Marin,041,260295,17554,17380,451,17831,247
2021-10-30,Mariposa,043,17540,1289,1228,46,1274,5
2021-10-30,Mendocino,045,87422,7516,7338,529,7867,84
2021-10-30,Merced,047,269075,41855,41428,1910,43338,586
2021-10-30,Modoc,049,8938,533,513,187,700,5
2021-10-30,Mono,051,14174,1721,1684,22,1706,3
2021-10-30,Monterey,053,433212,48702,47649,2895,50544,588
2021-10-30,Napa,055,140530,12970,12863,110,12973,101
2021-10-30,Nevada,057,99092,9171,9015,321,9336,91
2021-10-30,Orange,059,3164182,307122,304120,15173,319293,5588
2021-10-30,Placer,061,380077,37092,36400,3628,40028,434
2021-10-30,Plumas,063,18699,1776,1695,33,1728,7
2021-10-30,Riverside,065,2383286,363045,357645,16446,374091,5088
2021-10-30,Sacramento,067,1510023,158787,157125,4571,161696,2233
2021-10-30,San Benito,069,59416,7397,7362,168,7530,71
2021-10-30,San Bernardino,071,2135413,354027,350076,11170,361246,5777
2021-10-30,San Diego,073,3302833,373015,370006,21914,391920,4213
2021-10-30,San Francisco,075,870044,52899,52161,2328,54489,661
2021-10-30,San Joaquin,077,732212,99649,98314,5400,103714,1768
2021-10-30,San Luis Obispo,079,281455,29552,29053,1243,30296,341
2021-10-30,San Mateo,081,765935,54146,53083,875,53958,571
2021-10-30,Santa Barbara,083,443738,44391,43972,1551,45523,528
2021-10-30,Santa Clara,085,1922200,146959,145262,1341,146603,1903
2021-10-30,Santa Cruz,087,273765,20372,20134,1008,21142,221
2021-10-30,Shasta,089,179085,21366,20878,3577,24455,332
2021-10-30,Sierra,091,2930,184,175,20,195,0
2021-10-30,Siskiyou,093,43540,3333,3257,1283,4540,46
2021-10-30,Solano,095,438530,45927,45146,1264,46410,346
2021-10-30,Sonoma,097,501317,41418,40924,527,41451,393
2021-10-30,Stanislaus,099,539301,78235,77871,8847,86718,1191
2021-10-30,Sutter,101,95872,13854,13773,345,14118,178
2021-10-30,Tehama,103,63373,8492,8307,1478,9785,114
2021-10-30,Trinity,105,12862,854,708,216,924,11
2021-10-30,Tulare,107,460477,68421,66745,14942,81687,995
2021-10-30,Tuolumne,109,53932,7222,7050,97,7147,90
2021-10-30,Ventura,111,848112,98101,97182,4311,101493,1174
2021-10-30,Yolo,113,214977,19873,19568,1130,20698,250
2021-10-30,Yuba,115,75493,10116,9969,322,10291,82
2021-10-29,Alameda,001,1643700,119448,118632,2781,121413,1419
2021-10-29,Alpine,003,1148,101,105,0,105,0
2021-10-29,Amador,005,37829,5557,5480,61,5541,64
2021-10-29,Butte,007,227075,20917,20516,3774,24290,277
2021-10-29,Calaveras,009,45235,4065,3992,52,4044,82
2021-10-29,Colusa,011,21464,2513,2484,633,3117,19
2021-10-29,Contra Costa,013,1133247,99350,98562,2191,100753,1024
2021-10-29,Del Norte,015,27424,3674,3574,54,3628,42
2021-10-29,El Dorado,017,186661,16037,15752,1711,17463,154
2021-10-29,Fresno,019,978130,139722,136901,12731,149632,2131
2021-10-29,Glenn,021,27897,3493,3442,1007,4449,33
2021-10-29,Humboldt,023,135768,8984,8871,550,9421,105
2021-10-29,Imperial,025,180216,33563,33156,3188,36344,766
2021-10-29,Inyo,027,18085,2346,2249,42,2291,41
2021-10-29,Kern,029,883053,127164,124892,21980,146872,1653
2021-10-29,Kings,031,150075,32176,31578,1934,33512,337
2021-10-29,Lake,033,64148,6725,6610,145,6755,106
2021-10-29,Lassen,035,31185,6846,6719,364,7083,42
2021-10-29,Los Angeles,037,10098052,1437651,1424257,54039,1478296,26625
2021-10-29,Madera,039,155013,23036,22524,2098,24622,283
2021-10-29,Marin,041,260295,17538,17380,450,17830,247
2021-10-29,Mariposa,043,17540,1285,1228,46,1274,5
2021-10-29,Mendocino,045,87422,7508,7338,529,7867,84
2021-10-29,Merced,047,269075,41805,41428,1904,43332,586
2021-10-29,Modoc,049,8938,531,513,186,699,5
2021-10-29,Mono,051,14174,1719,1684,22,1706,3
2021-10-29,Monterey,053,433212,48679,47649,2895,50544,588
2021-10-29,Napa,055,140530,12949,12863,110,12973,101
2021-10-29,Nevada,057,99092,9159,9015,321,9336,91
2021-10-29,Orange,059,3164182,306897,304120,15153,319273,5588
2021-10-29,Placer,061,380077,37056,36400,3617,40017,434
2021-10-29,Plumas,063,18699,1770,1695,33,1728,7
2021-10-29,Riverside,065,2383286,362711,357645,16441,374086,5088
2021-10-29,Sacramento,067,1510023,158598,157125,4562,161687,2233
2021-10-29,San Benito,069,59416,7394,7362,168,7530,71
2021-10-29,San Bernardino,071,2135413,353727,350076,11159,361235,5777
2021-10-29,San Diego,073,3302833,372645,370006,21886,391892,4213
2021-10-29,San Francisco,075,870044,52839,52161,2322,54483,661
2021-10-29,San Joaquin,077,732212,99591,98314,5395,103709,1768
2021-10-29,San Luis Obispo,079,281455,29526,29053,1241,30294,341
2021-10-29,San Mateo,081,765935,54103,53083,873,53956,571
2021-10-29,Santa Barbara,083,443738,44351,43972,1548,45520,528
2021-10-29,Santa Clara,085,1922200,146844,145262,1334,146596,1903
2021-10-29,Santa Cruz,087,273765,20365,20134,1007,21141,221
2021-10-29,Shasta,089,179085,21328,20878,3571,24449,332
2021-10-29,Sierra,091,2930,182,175,20,195,0
2021-10-29,Siskiyou,093,43540,3333,3257,1282,4539,46
2021-10-29,Solano,095,438530,45890,45146,1263,46409,346
2021-10-29,Sonoma,097,501317,41397,40924,527,41451,393
2021-10-29,Stanislaus,099,539301,78150,77871,8835,86706,1191
2021-10-29,Sutter,101,95872,13835,13773,345,14118,178
2021-10-29,Tehama,103,63373,8479,8307,1477,9784,114
2021-10-29,Trinity,105,12862,853,708,216,924,11
2021-10-29,Tulare,107,460477,68316,66745,14897,81642,995
2021-10-29,Tuolumne,109,53932,7209,7050,97,7147,90
2021-10-29,Ventura,111,848112,98046,97182,4307,101489,1174
2021-10-29,Yolo,113,214977,19855,19568,1125,20693,250
2021-10-29,Yuba,115,75493,10108,9969,318,10287,82
2021-10-28,Alameda,001,1643700,119327,118632,2774,121406,1419
2021-10-28,Alpine,003,1148,101,105,0,105,0
2021-10-28,Amador,005,37829,5544,5480,61,5541,64
2021-10-28,Butte,007,227075,20874,20516,3765,24281,277
2021-10-28,Calaveras,009,45235,4052,3992,52,4044,82
2021-10-28,Colusa,011,21464,2510,2484,632,3116,19
2021-10-28,Contra Costa,013,1133247,99220,98562,2187,100749,1024
2021-10-28,Del Norte,015,27424,3673,3574,54,3628,42
2021-10-28,El Dorado,017,186661,16011,15752,1708,17460,154
2021-10-28,Fresno,019,978130,139389,136901,12698,149599,2131
2021-10-28,Glenn,021,27897,3490,3442,1005,4447,33
2021-10-28,Humboldt,023,135768,8968,8871,545,9416,105
2021-10-28,Imperial,025,180216,33497,33156,3181,36337,766
2021-10-28,Inyo,027,18085,2329,2249,42,2291,41
2021-10-28,Kern,029,883053,126917,124892,21867,146759,1653
2021-10-28,Kings,031,150075,32107,31578,1929,33507,337
2021-10-28,Lake,033,64148,6715,6610,145,6755,106
2021-10-28,Lassen,035,31185,6836,6719,360,7079,42
2021-10-28,Los Angeles,037,10098052,1436512,1424257,53966,1478223,26625
2021-10-28,Madera,039,155013,22982,22524,2087,24611,283
2021-10-28,Marin,041,260295,17520,17380,449,17829,247
2021-10-28,Mariposa,043,17540,1281,1228,46,1274,5
2021-10-28,Mendocino,045,87422,7495,7338,518,7856,84
2021-10-28,Merced,047,269075,41720,41428,1892,43320,586
2021-10-28,Modoc,049,8938,530,513,186,699,5
2021-10-28,Mono,051,14174,1713,1684,22,1706,3
2021-10-28,Monterey,053,433212,48648,47649,2878,50527,588
2021-10-28,Napa,055,140530,12940,12863,109,12972,101
2021-10-28,Nevada,057,99092,9141,9015,321,9336,91
2021-10-28,Orange,059,3164182,306609,304120,15088,319208,5588
2021-10-28,Placer,061,380077,36977,36400,3608,40008,434
2021-10-28,Plumas,063,18699,1762,1695,33,1728,7
2021-10-28,Riverside,065,2383286,362273,357645,16417,374062,5088
2021-10-28,Sacramento,067,1510023,158332,157125,4550,161675,2233
2021-10-28,San Benito,069,59416,7386,7362,168,7530,71
2021-10-28,San Bernardino,071,2135413,353312,350076,11137,361213,5777
2021-10-28,San Diego,073,3302833,372189,370006,21863,391869,4213
2021-10-28,San Francisco,075,870044,52793,52161,2315,54476,661
2021-10-28,San Joaquin,077,732212,99463,98314,5394,103708,1768
2021-10-28,San Luis Obispo,079,281455,29497,29053,1238,30291,341
2021-10-28,San Mateo,081,765935,54058,53083,871,53954,571
2021-10-28,Santa Barbara,083,443738,44312,43972,1546,45518,528
2021-10-28,Santa Clara,085,1922200,146687,145262,1329,146591,1903
2021-10-28,Santa Cruz,087,273765,20341,20134,1007,21141,221
2021-10-28,Shasta,089,179085,21254,20878,3564,24442,332
2021-10-28,Sierra,091,2930,181,175,20,195,0
2021-10-28,Siskiyou,093,43540,3332,3257,1282,4539,46
2021-10-28,Solano,095,438530,45851,45146,1262,46408,346
2021-10-28,Sonoma,097,501317,41329,40924,526,41450,393
2021-10-28,Stanislaus,099,539301,77997,77871,8819,86690,1191
2021-10-28,Sutter,101,95872,13822,13773,341,14114,178
2021-10-28,Tehama,103,63373,8442,8307,1474,9781,114
2021-10-28,Trinity,105,12862,850,708,216,924,11
2021-10-28,Tulare,107,460477,68177,66745,14841,81586,995
2021-10-28,Tuolumne,109,53932,7178,7050,97,7147,90
2021-10-28,Ventura,111,848112,97961,97182,4304,101486,1174
2021-10-28,Yolo,113,214977,19817,19568,1120,20688,250
2021-10-28,Yuba,115,75493,10079,9969,315,10284,82
2021-10-27,Alameda,001,1643700,119205,118487,2772,121259,1414
2021-10-27,Alpine,003,1148,101,105,0,105,0
2021-10-27,Amador,005,37829,5532,5470,60,5530,64
2021-10-27,Butte,007,227075,20830,20446,3750,24196,274
2021-10-27,Calaveras,009,45235,4034,3970,51,4021,82
2021-10-27,Colusa,011,21464,2509,2480,631,3111,18
2021-10-27,Contra Costa,013,1133247,99112,98442,2175,100617,1018
2021-10-27,Del Norte,015,27424,3666,3571,53,3624,42
2021-10-27,El Dorado,017,186661,15980,15723,1703,17426,154
2021-10-27,Fresno,019,978130,139007,136447,12664,149111,2128
2021-10-27,Glenn,021,27897,3488,3435,1004,4439,33
2021-10-27,Humboldt,023,135768,8948,8851,543,9394,105
2021-10-27,Imperial,025,180216,33457,33068,3176,36244,766
2021-10-27,Inyo,027,18085,2309,2236,42,2278,41
2021-10-27,Kern,029,883053,126648,124557,21767,146324,1647
2021-10-27,Kings,031,150075,32041,31437,1923,33360,335
2021-10-27,Lake,033,64148,6689,6589,145,6734,105
2021-10-27,Lassen,035,31185,6823,6706,358,7064,42
2021-10-27,Los Angeles,037,10098052,1435278,1422615,53908,1476523,26604
2021-10-27,Madera,039,155013,22897,22413,2063,24476,283
2021-10-27,Marin,041,260295,17505,17362,449,17811,247
2021-10-27,Mariposa,043,17540,1268,1228,46,1274,5
2021-10-27,Mendocino,045,87422,7481,7321,511,7832,84
2021-10-27,Merced,047,269075,41623,41310,1878,43188,583
2021-10-27,Modoc,049,8938,526,513,186,699,5
2021-10-27,Mono,051,14174,1710,1682,22,1704,3
2021-10-27,Monterey,053,433212,48611,47610,2857,50467,588
2021-10-27,Napa,055,140530,12925,12856,109,12965,101
2021-10-27,Nevada,057,99092,9123,8987,320,9307,90
2021-10-27,Orange,059,3164182,306287,303825,15038,318863,5584
2021-10-27,Placer,061,380077,36912,36296,3601,39897,434
2021-10-27,Plumas,063,18699,1754,1686,33,1719,7
2021-10-27,Riverside,065,2383286,361843,357152,16409,373561,5081
2021-10-27,Sacramento,067,1510023,158064,156830,4529,161359,2230
2021-10-27,San Benito,069,59416,7379,7337,168,7505,71
2021-10-27,San Bernardino,071,2135413,352888,349624,11115,360739,5770
2021-10-27,San Diego,073,3302833,371632,369579,21839,391418,4207
2021-10-27,San Francisco,075,870044,52742,52108,2311,54419,655
2021-10-27,San Joaquin,077,732212,99305,98168,5379,103547,1753
2021-10-27,San Luis Obispo,079,281455,29458,29002,1236,30238,341
2021-10-27,San Mateo,081,765935,54003,53032,863,53895,571
2021-10-27,Santa Barbara,083,443738,44259,43901,1543,45444,527
2021-10-27,Santa Clara,085,1922200,146510,145081,1321,146402,1902
2021-10-27,Santa Cruz,087,273765,20314,20091,1005,21096,221
2021-10-27,Shasta,089,179085,21178,20813,3556,24369,331
2021-10-27,Sierra,091,2930,180,176,20,196,0
2021-10-27,Siskiyou,093,43540,3329,3256,1278,4534,46
2021-10-27,Solano,095,438530,45806,45089,1254,46343,346
2021-10-27,Sonoma,097,501317,41253,40829,524,41353,393
2021-10-27,Stanislaus,099,539301,77837,77687,8804,86491,1191
2021-10-27,Sutter,101,95872,13808,13754,341,14095,177
2021-10-27,Tehama,103,63373,8420,8265,1472,9737,113
2021-10-27,Trinity,105,12862,850,706,215,921,11
2021-10-27,Tulare,107,460477,68023,66568,14783,81351,991
2021-10-27,Tuolumne,109,53932,7151,7009,96,7105,90
2021-10-27,Ventura,111,848112,97869,97108,4299,101407,1172
2021-10-27,Yolo,113,214977,19788,19517,1113,20630,250
2021-10-27,Yuba,115,75493,10058,9945,313,10258,82
2021-10-26,Alameda,001,1643700,119069,118360,2770,121130,1407
2021-10-26,Alpine,003,1148,101,105,0,105,0
2021-10-26,Amador,005,37829,5524,5465,59,5524,64
2021-10-26,Butte,007,227075,20771,20387,3733,24120,274
2021-10-26,Calaveras,009,45235,4023,3966,51,4017,81
2021-10-26,Colusa,011,21464,2507,2478,630,3108,18
2021-10-26,Contra Costa,013,1133247,98990,98352,2164,100516,1017
2021-10-26,Del Norte,015,27424,3661,3563,53,3616,42
2021-10-26,El Dorado,017,186661,15952,15690,1694,17384,153
2021-10-26,Fresno,019,978130,138557,136211,12619,148830,2122
2021-10-26,Glenn,021,27897,3473,3431,1001,4432,33
2021-10-26,Humboldt,023,135768,8930,8830,537,9367,105
2021-10-26,Imperial,025,180216,33392,33012,3171,36183,766
2021-10-26,Inyo,027,18085,2294,2200,42,2242,41
2021-10-26,Kern,029,883053,126305,124351,21647,145998,1645
2021-10-26,Kings,031,150075,31974,31382,1916,33298,336
2021-10-26,Lake,033,64148,6679,6584,143,6727,105
2021-10-26,Lassen,035,31185,6802,6689,356,7045,42
2021-10-26,Los Angeles,037,10098052,1433937,1421795,53838,1475633,26599
2021-10-26,Madera,039,155013,22807,22363,2052,24415,283
2021-10-26,Marin,041,260295,17488,17354,448,17802,244
2021-10-26,Mariposa,043,17540,1263,1225,45,1270,5
2021-10-26,Mendocino,045,87422,7452,7308,495,7803,83
2021-10-26,Merced,047,269075,41545,41267,1870,43137,583
2021-10-26,Modoc,049,8938,526,513,186,699,5
2021-10-26,Mono,051,14174,1705,1680,22,1702,3
2021-10-26,Monterey,053,433212,48572,47572,2847,50419,588
2021-10-26,Napa,055,140530,12913,12849,109,12958,101
2021-10-26,Nevada,057,99092,9092,8971,319,9290,90
2021-10-26,Orange,059,3164182,306017,303533,14999,318532,5580
2021-10-26,Placer,061,380077,36815,36245,3595,39840,434
2021-10-26,Plumas,063,18699,1745,1645,33,1678,7
2021-10-26,Riverside,065,2383286,361353,356775,16399,373174,5068
2021-10-26,Sacramento,067,1510023,157763,156643,4512,161155,2228
2021-10-26,San Benito,069,59416,7356,7325,168,7493,71
2021-10-26,San Bernardino,071,2135413,352465,349346,11100,360446,5764
2021-10-26,San Diego,073,3302833,371116,369043,21809,390852,4198
2021-10-26,San Francisco,075,870044,52667,52063,2308,54371,655
2021-10-26,San Joaquin,077,732212,99126,98036,5364,103400,1748
2021-10-26,San Luis Obispo,079,281455,29419,28928,1230,30158,337
2021-10-26,San Mateo,081,765935,53931,52974,860,53834,571
2021-10-26,Santa Barbara,083,443738,44213,43835,1542,45377,525
2021-10-26,Santa Clara,085,1922200,146311,144932,1315,146247,1903
2021-10-26,Santa Cruz,087,273765,20283,20067,1004,21071,221
2021-10-26,Shasta,089,179085,21117,20725,3538,24263,330
2021-10-26,Sierra,091,2930,180,169,20,189,0
2021-10-26,Siskiyou,093,43540,3323,3254,1276,4530,46
2021-10-26,Solano,095,438530,45750,45044,1253,46297,344
2021-10-26,Sonoma,097,501317,41171,40794,522,41316,393
2021-10-26,Stanislaus,099,539301,77663,77552,8779,86331,1157
2021-10-26,Sutter,101,95872,13779,13739,340,14079,176
2021-10-26,Tehama,103,63373,8392,8247,1466,9713,112
2021-10-26,Trinity,105,12862,846,705,215,920,11
2021-10-26,Tulare,107,460477,67863,66476,14722,81198,991
2021-10-26,Tuolumne,109,53932,7125,6995,94,7089,90
2021-10-26,Ventura,111,848112,97760,97014,4295,101309,1170
2021-10-26,Yolo,113,214977,19759,19490,1110,20600,248
2021-10-26,Yuba,115,75493,10040,9927,308,10235,82
2021-10-25,Alameda,001,1643700,118924,118319,2769,121088,1404
2021-10-25,Alpine,003,1148,101,105,0,105,0
2021-10-25,Amador,005,37829,5510,5455,59,5514,64
2021-10-25,Butte,007,227075,20698,20331,3725,24056,273
2021-10-25,Calaveras,009,45235,3993,3942,50,3992,82
2021-10-25,Colusa,011,21464,2505,2471,628,3099,18
2021-10-25,Contra Costa,013,1133247,98873,98267,2160,100427,1017
2021-10-25,Del Norte,015,27424,3654,3562,53,3615,42
2021-10-25,El Dorado,017,186661,15917,15663,1692,17355,149
2021-10-25,Fresno,019,978130,138122,135974,12580,148554,2112
2021-10-25,Glenn,021,27897,3470,3421,1000,4421,33
2021-10-25,Humboldt,023,135768,8907,8825,532,9357,105
2021-10-25,Imperial,025,180216,33331,32968,3160,36128,766
2021-10-25,Inyo,027,18085,2276,2183,42,2225,41
2021-10-25,Kern,029,883053,125953,124078,21508,145586,1649
2021-10-25,Kings,031,150075,31885,31329,1907,33236,335
2021-10-25,Lake,033,64148,6666,6571,143,6714,105
2021-10-25,Lassen,035,31185,6791,6688,354,7042,42
2021-10-25,Los Angeles,037,10098052,1432577,1421061,53771,1474832,26579
2021-10-25,Madera,039,155013,22753,22325,2045,24370,281
2021-10-25,Marin,041,260295,17466,17334,446,17780,244
2021-10-25,Mariposa,043,17540,1249,1220,45,1265,5
2021-10-25,Mendocino,045,87422,7422,7296,491,7787,82
2021-10-25,Merced,047,269075,41477,41207,1843,43050,583
2021-10-25,Modoc,049,8938,524,512,184,696,5
2021-10-25,Mono,051,14174,1697,1677,22,1699,3
2021-10-25,Monterey,053,433212,48539,47547,2845,50392,587
2021-10-25,Napa,055,140530,12900,12841,109,12950,100
2021-10-25,Nevada,057,99092,9066,8958,319,9277,90
2021-10-25,Orange,059,3164182,305720,303279,14962,318241,5574
2021-10-25,Placer,061,380077,36707,36153,3585,39738,431
2021-10-25,Plumas,063,18699,1733,1641,33,1674,7
2021-10-25,Riverside,065,2383286,360926,356381,16384,372765,5056
2021-10-25,Sacramento,067,1510023,157460,156516,4486,161002,2235
2021-10-25,San Benito,069,59416,7343,7314,167,7481,71
2021-10-25,San Bernardino,071,2135413,351969,349075,11088,360163,5748
2021-10-25,San Diego,073,3302833,370548,368386,21781,390167,4196
2021-10-25,San Francisco,075,870044,52594,52041,2301,54342,649
2021-10-25,San Joaquin,077,732212,98924,97980,5355,103335,1740
2021-10-25,San Luis Obispo,079,281455,29371,28907,1225,30132,336
2021-10-25,San Mateo,081,765935,53871,52927,856,53783,571
2021-10-25,Santa Barbara,083,443738,44154,43775,1542,45317,525
2021-10-25,Santa Clara,085,1922200,146120,144895,1310,146205,1901
2021-10-25,Santa Cruz,087,273765,20254,20053,1003,21056,221
2021-10-25,Shasta,089,179085,21045,20666,3531,24197,326
2021-10-25,Sierra,091,2930,180,168,20,188,0
2021-10-25,Siskiyou,093,43540,3319,3248,1271,4519,46
2021-10-25,Solano,095,438530,45689,45022,1251,46273,344
2021-10-25,Sonoma,097,501317,41098,40746,520,41266,393
2021-10-25,Stanislaus,099,539301,77471,77452,8750,86202,1145
2021-10-25,Sutter,101,95872,13766,13721,337,14058,176
2021-10-25,Tehama,103,63373,8365,8224,1462,9686,111
2021-10-25,Trinity,105,12862,841,699,214,913,11
2021-10-25,Tulare,107,460477,67668,66357,14660,81017,986
2021-10-25,Tuolumne,109,53932,7091,6952,92,7044,90
2021-10-25,Ventura,111,848112,97669,96932,4292,101224,1167
2021-10-25,Yolo,113,214977,19710,19457,1106,20563,248
2021-10-25,Yuba,115,75493,10024,9924,304,10228,82
2021-10-24,Alameda,001,1643700,118793,117816,2764,120580,1397
2021-10-24,Alpine,003,1148,101,105,0,105,0
2021-10-24,Amador,005,37829,5505,5412,59,5471,64
2021-10-24,Butte,007,227075,20625,20101,3713,23814,273
2021-10-24,Calaveras,009,45235,3974,3865,49,3914,81
2021-10-24,Colusa,011,21464,2501,2458,625,3083,18
2021-10-24,Contra Costa,013,1133247,98755,97855,2151,100006,1008
2021-10-24,Del Norte,015,27424,3650,3540,53,3593,42
2021-10-24,El Dorado,017,186661,15881,15540,1688,17228,149
2021-10-24,Fresno,019,978130,137686,134466,12531,146997,2094
2021-10-24,Glenn,021,27897,3463,3399,998,4397,33
2021-10-24,Humboldt,023,135768,8894,8753,526,9279,105
2021-10-24,Imperial,025,180216,33253,32777,3154,35931,766
2021-10-24,Inyo,027,18085,2244,2108,42,2150,41
2021-10-24,Kern,029,883053,125619,122939,21390,144329,1636
2021-10-24,Kings,031,150075,31756,30942,1891,32833,325
2021-10-24,Lake,033,64148,6643,6501,142,6643,105
2021-10-24,Lassen,035,31185,6774,6632,353,6985,27
2021-10-24,Los Angeles,037,10098052,1431139,1415919,53703,1469622,26527
2021-10-24,Madera,039,155013,22676,22062,2032,24094,281
2021-10-24,Marin,041,260295,17450,17264,445,17709,244
2021-10-24,Mariposa,043,17540,1246,1184,45,1229,5
2021-10-24,Mendocino,045,87422,7398,7220,481,7701,82
2021-10-24,Merced,047,269075,41356,40808,1837,42645,581
2021-10-24,Modoc,049,8938,523,507,184,691,5
2021-10-24,Mono,051,14174,1692,1655,22,1677,3
2021-10-24,Monterey,053,433212,48491,47456,2834,50290,586
2021-10-24,Napa,055,140530,12889,12789,109,12898,100
2021-10-24,Nevada,057,99092,9043,8861,316,9177,90
2021-10-24,Orange,059,3164182,305369,302237,14925,317162,5546
2021-10-24,Placer,061,380077,36603,35822,3571,39393,426
2021-10-24,Plumas,063,18699,1723,1623,32,1655,7
2021-10-24,Riverside,065,2383286,360452,354688,16364,371052,5041
2021-10-24,Sacramento,067,1510023,157119,155125,4463,159588,2232
2021-10-24,San Benito,069,59416,7323,7280,167,7447,71
2021-10-24,San Bernardino,071,2135413,351417,347681,11076,358757,5688
2021-10-24,San Diego,073,3302833,369965,366085,21750,387835,4183
2021-10-24,San Francisco,075,870044,52531,51820,2295,54115,649
2021-10-24,San Joaquin,077,732212,98751,97440,5349,102789,1721
2021-10-24,San Luis Obispo,079,281455,29310,28755,1218,29973,333
2021-10-24,San Mateo,081,765935,53799,52719,856,53575,571
2021-10-24,Santa Barbara,083,443738,44087,43552,1540,45092,523
2021-10-24,Santa Clara,085,1922200,145929,144276,1300,145576,1897
2021-10-24,Santa Cruz,087,273765,20216,19967,1002,20969,221
2021-10-24,Shasta,089,179085,20946,20386,3525,23911,321
2021-10-24,Sierra,091,2930,180,168,20,188,0
2021-10-24,Siskiyou,093,43540,3312,3231,1267,4498,46
2021-10-24,Solano,095,438530,45639,44861,1246,46107,341
2021-10-24,Sonoma,097,501317,41015,40476,520,40996,393
2021-10-24,Stanislaus,099,539301,77280,76812,8738,85550,1145
2021-10-24,Sutter,101,95872,13739,13616,329,13945,175
2021-10-24,Tehama,103,63373,8317,8105,1450,9555,110
2021-10-24,Trinity,105,12862,837,696,211,907,11
2021-10-24,Tulare,107,460477,67496,65585,14587,80172,978
2021-10-24,Tuolumne,109,53932,7051,6840,90,6930,90
2021-10-24,Ventura,111,848112,97562,96664,4291,100955,1167
2021-10-24,Yolo,113,214977,19661,19280,1103,20383,248
2021-10-24,Yuba,115,75493,9999,9838,303,10141,82
2021-10-23,Alameda,001,1643700,118705,117816,2759,120575,1397
2021-10-23,Alpine,003,1148,101,105,0,105,0
2021-10-23,Amador,005,37829,5498,5412,59,5471,64
2021-10-23,Butte,007,227075,20588,20101,3704,23805,273
2021-10-23,Calaveras,009,45235,3967,3865,48,3913,81
2021-10-23,Colusa,011,21464,2499,2458,624,3082,18
2021-10-23,Contra Costa,013,1133247,98703,97855,2147,100002,1008
2021-10-23,Del Norte,015,27424,3648,3540,53,3593,42
2021-10-23,El Dorado,017,186661,15855,15540,1686,17226,149
2021-10-23,Fresno,019,978130,137508,134466,12518,146984,2094
2021-10-23,Glenn,021,27897,3461,3399,997,4396,33
2021-10-23,Humboldt,023,135768,8880,8753,521,9274,105
2021-10-23,Imperial,025,180216,33206,32777,3150,35927,766
2021-10-23,Inyo,027,18085,2233,2108,42,2150,41
2021-10-23,Kern,029,883053,125459,122939,21302,144241,1636
2021-10-23,Kings,031,150075,31710,30942,1889,32831,325
2021-10-23,Lake,033,64148,6638,6501,142,6643,105
2021-10-23,Lassen,035,31185,6771,6632,351,6983,27
2021-10-23,Los Angeles,037,10098052,1430458,1415919,53649,1469568,26527
2021-10-23,Madera,039,155013,22627,22062,2024,24086,281
2021-10-23,Marin,041,260295,17433,17264,444,17708,244
2021-10-23,Mariposa,043,17540,1243,1184,44,1228,5
2021-10-23,Mendocino,045,87422,7391,7220,480,7700,82
2021-10-23,Merced,047,269075,41315,40808,1832,42640,581
2021-10-23,Modoc,049,8938,521,507,184,691,5
2021-10-23,Mono,051,14174,1686,1655,22,1677,3
2021-10-23,Monterey,053,433212,48474,47456,2830,50286,586
2021-10-23,Napa,055,140530,12884,12789,109,12898,100
2021-10-23,Nevada,057,99092,9032,8861,314,9175,90
2021-10-23,Orange,059,3164182,305183,302237,14909,317146,5546
2021-10-23,Placer,061,380077,36541,35822,3565,39387,426
2021-10-23,Plumas,063,18699,1722,1623,32,1655,7
2021-10-23,Riverside,065,2383286,360131,354688,16357,371045,5041
2021-10-23,Sacramento,067,1510023,156990,155125,4454,159579,2232
2021-10-23,San Benito,069,59416,7313,7280,167,7447,71
2021-10-23,San Bernardino,071,2135413,351147,347681,11068,358749,5688
2021-10-23,San Diego,073,3302833,369624,366085,21719,387804,4183
2021-10-23,San Francisco,075,870044,52496,51820,2294,54114,649
2021-10-23,San Joaquin,077,732212,98683,97440,5340,102780,1721
2021-10-23,San Luis Obispo,079,281455,29273,28755,1216,29971,333
2021-10-23,San Mateo,081,765935,53761,52719,855,53574,571
2021-10-23,Santa Barbara,083,443738,44056,43552,1538,45090,523
2021-10-23,Santa Clara,085,1922200,145821,144276,1296,145572,1897
2021-10-23,Santa Cruz,087,273765,20204,19967,1002,20969,221
2021-10-23,Shasta,089,179085,20910,20386,3513,23899,321
2021-10-23,Sierra,091,2930,179,168,20,188,0
2021-10-23,Siskiyou,093,43540,3310,3231,1267,4498,46
2021-10-23,Solano,095,438530,45614,44861,1243,46104,341
2021-10-23,Sonoma,097,501317,40975,40476,520,40996,393
2021-10-23,Stanislaus,099,539301,77191,76812,8718,85530,1145
2021-10-23,Sutter,101,95872,13733,13616,328,13944,175
2021-10-23,Tehama,103,63373,8305,8105,1449,9554,110
2021-10-23,Trinity,105,12862,836,696,211,907,11
2021-10-23,Tulare,107,460477,67408,65585,14528,80113,978
2021-10-23,Tuolumne,109,53932,7030,6840,90,6930,90
2021-10-23,Ventura,111,848112,97501,96664,4291,100955,1167
2021-10-23,Yolo,113,214977,19644,19280,1100,20380,248
2021-10-23,Yuba,115,75493,9991,9838,303,10141,82
2021-10-22,Alameda,001,1643700,118621,117816,2756,120572,1397
2021-10-22,Alpine,003,1148,101,105,0,105,0
2021-10-22,Amador,005,37829,5487,5412,59,5471,64
2021-10-22,Butte,007,227075,20556,20101,3700,23801,273
2021-10-22,Calaveras,009,45235,3959,3865,48,3913,81
2021-10-22,Colusa,011,21464,2496,2458,624,3082,18
2021-10-22,Contra Costa,013,1133247,98612,97855,2145,100000,1008
2021-10-22,Del Norte,015,27424,3644,3540,53,3593,42
2021-10-22,El Dorado,017,186661,15842,15540,1684,17224,149
2021-10-22,Fresno,019,978130,137292,134466,12496,146962,2094
2021-10-22,Glenn,021,27897,3451,3399,997,4396,33
2021-10-22,Humboldt,023,135768,8866,8753,520,9273,105
2021-10-22,Imperial,025,180216,33163,32777,3150,35927,766
2021-10-22,Inyo,027,18085,2220,2108,42,2150,41
2021-10-22,Kern,029,883053,125272,122939,21229,144168,1636
2021-10-22,Kings,031,150075,31675,30942,1888,32830,325
2021-10-22,Lake,033,64148,6628,6501,142,6643,105
2021-10-22,Lassen,035,31185,6764,6632,348,6980,27
2021-10-22,Los Angeles,037,10098052,1429705,1415919,53590,1469509,26527
2021-10-22,Madera,039,155013,22577,22062,2011,24073,281
2021-10-22,Marin,041,260295,17421,17264,444,17708,244
2021-10-22,Mariposa,043,17540,1240,1184,44,1228,5
2021-10-22,Mendocino,045,87422,7377,7220,479,7699,82
2021-10-22,Merced,047,269075,41278,40808,1825,42633,581
2021-10-22,Modoc,049,8938,521,507,184,691,5
2021-10-22,Mono,051,14174,1684,1655,22,1677,3
2021-10-22,Monterey,053,433212,48441,47456,2828,50284,586
2021-10-22,Napa,055,140530,12878,12789,109,12898,100
2021-10-22,Nevada,057,99092,9015,8861,313,9174,90
2021-10-22,Orange,059,3164182,304967,302237,14878,317115,5546
2021-10-22,Placer,061,380077,36513,35822,3556,39378,426
2021-10-22,Plumas,063,18699,1716,1623,32,1655,7
2021-10-22,Riverside,065,2383286,359820,354688,16352,371040,5041
2021-10-22,Sacramento,067,1510023,156804,155125,4444,159569,2232
2021-10-22,San Benito,069,59416,7308,7280,167,7447,71
2021-10-22,San Bernardino,071,2135413,350817,347681,11052,358733,5688
2021-10-22,San Diego,073,3302833,369226,366085,21701,387786,4183
2021-10-22,San Francisco,075,870044,52461,51820,2287,54107,649
2021-10-22,San Joaquin,077,732212,98624,97440,5337,102777,1721
2021-10-22,San Luis Obispo,079,281455,29243,28755,1216,29971,333
2021-10-22,San Mateo,081,765935,53709,52719,848,53567,571
2021-10-22,Santa Barbara,083,443738,44015,43552,1538,45090,523
2021-10-22,Santa Clara,085,1922200,145665,144276,1289,145565,1897
2021-10-22,Santa Cruz,087,273765,20182,19967,1002,20969,221
2021-10-22,Shasta,089,179085,20877,20386,3510,23896,321
2021-10-22,Sierra,091,2930,178,168,19,187,0
2021-10-22,Siskiyou,093,43540,3308,3231,1264,4495,46
2021-10-22,Solano,095,438530,45579,44861,1239,46100,341
2021-10-22,Sonoma,097,501317,40918,40476,520,40996,393
2021-10-22,Stanislaus,099,539301,77088,76812,8700,85512,1145
2021-10-22,Sutter,101,95872,13718,13616,328,13944,175
2021-10-22,Tehama,103,63373,8283,8105,1444,9549,110
2021-10-22,Trinity,105,12862,835,696,211,907,11
2021-10-22,Tulare,107,460477,67322,65585,14474,80059,978
2021-10-22,Tuolumne,109,53932,6995,6840,90,6930,90
2021-10-22,Ventura,111,848112,97448,96664,4285,100949,1167
2021-10-22,Yolo,113,214977,19617,19280,1098,20378,248
2021-10-22,Yuba,115,75493,9977,9838,301,10139,82
2021-10-21,Alameda,001,1643700,118505,117816,2751,120567,1397
2021-10-21,Alpine,003,1148,101,105,0,105,0
2021-10-21,Amador,005,37829,5479,5412,59,5471,64
2021-10-21,Butte,007,227075,20472,20101,3687,23788,273
2021-10-21,Calaveras,009,45235,3940,3865,48,3913,81
2021-10-21,Colusa,011,21464,2492,2458,620,3078,18
2021-10-21,Contra Costa,013,1133247,98497,97855,2139,99994,1008
2021-10-21,Del Norte,015,27424,3638,3540,52,3592,42
2021-10-21,El Dorado,017,186661,15814,15540,1677,17217,149
2021-10-21,Fresno,019,978130,136942,134466,12452,146918,2094
2021-10-21,Glenn,021,27897,3447,3399,994,4393,33
2021-10-21,Humboldt,023,135768,8852,8753,516,9269,105
2021-10-21,Imperial,025,180216,33108,32777,3146,35923,766
2021-10-21,Inyo,027,18085,2198,2108,42,2150,41
2021-10-21,Kern,029,883053,125024,122939,21118,144057,1636
2021-10-21,Kings,031,150075,31577,30942,1882,32824,325
2021-10-21,Lake,033,64148,6614,6501,141,6642,105
2021-10-21,Lassen,035,31185,6751,6632,344,6976,27
2021-10-21,Los Angeles,037,10098052,1428591,1415919,53540,1469459,26527
2021-10-21,Madera,039,155013,22519,22062,2001,24063,281
2021-10-21,Marin,041,260295,17403,17264,444,17708,244
2021-10-21,Mariposa,043,17540,1234,1184,43,1227,5
2021-10-21,Mendocino,045,87422,7359,7220,472,7692,82
2021-10-21,Merced,047,269075,41181,40808,1814,42622,581
2021-10-21,Modoc,049,8938,521,507,184,691,5
2021-10-21,Mono,051,14174,1675,1655,22,1677,3
2021-10-21,Monterey,053,433212,48407,47456,2817,50273,586
2021-10-21,Napa,055,140530,12866,12789,109,12898,100
2021-10-21,Nevada,057,99092,8990,8861,313,9174,90
2021-10-21,Orange,059,3164182,304695,302237,14842,317079,5546
2021-10-21,Placer,061,380077,36424,35822,3543,39365,426
2021-10-21,Plumas,063,18699,1702,1623,32,1655,7
2021-10-21,Riverside,065,2383286,359375,354688,16341,371029,5041
2021-10-21,Sacramento,067,1510023,156485,155125,4418,159543,2232
2021-10-21,San Benito,069,59416,7301,7280,165,7445,71
2021-10-21,San Bernardino,071,2135413,350437,347681,11017,358698,5688
2021-10-21,San Diego,073,3302833,368715,366085,21671,387756,4183
2021-10-21,San Francisco,075,870044,52406,51820,2286,54106,649
2021-10-21,San Joaquin,077,732212,98485,97440,5330,102770,1721
2021-10-21,San Luis Obispo,079,281455,29201,28755,1214,29969,333
2021-10-21,San Mateo,081,765935,53662,52719,847,53566,571
2021-10-21,Santa Barbara,083,443738,43949,43552,1536,45088,523
2021-10-21,Santa Clara,085,1922200,145494,144276,1285,145561,1897
2021-10-21,Santa Cruz,087,273765,20158,19967,1000,20967,221
2021-10-21,Shasta,089,179085,20816,20386,3495,23881,321
2021-10-21,Sierra,091,2930,177,168,18,186,0
2021-10-21,Siskiyou,093,43540,3303,3231,1262,4493,46
2021-10-21,Solano,095,438530,45527,44861,1237,46098,341
2021-10-21,Sonoma,097,501317,40849,40476,518,40994,393
2021-10-21,Stanislaus,099,539301,76919,76812,8689,85501,1145
2021-10-21,Sutter,101,95872,13690,13616,324,13940,175
2021-10-21,Tehama,103,63373,8256,8105,1437,9542,110
2021-10-21,Trinity,105,12862,833,696,211,907,11
2021-10-21,Tulare,107,460477,67132,65585,14403,79988,978
2021-10-21,Tuolumne,109,53932,6957,6840,89,6929,90
2021-10-21,Ventura,111,848112,97357,96664,4283,100947,1167
2021-10-21,Yolo,113,214977,19570,19280,1096,20376,248
2021-10-21,Yuba,115,75493,9953,9838,300,10138,82
2021-10-20,Alameda,001,1643700,118385,117654,2751,120405,1390
2021-10-20,Alpine,003,1148,101,103,0,103,0
2021-10-20,Amador,005,37829,5471,5379,59,5438,64
2021-10-20,Butte,007,227075,20418,20021,3672,23693,270
2021-10-20,Calaveras,009,45235,3920,3844,47,3891,81
2021-10-20,Colusa,011,21464,2488,2454,618,3072,18
2021-10-20,Contra Costa,013,1133247,98381,97721,2135,99856,1008
2021-10-20,Del Norte,015,27424,3634,3536,52,3588,42
2021-10-20,El Dorado,017,186661,15784,15502,1674,17176,149
2021-10-20,Fresno,019,978130,136540,134025,12415,146440,2084
2021-10-20,Glenn,021,27897,3439,3382,993,4375,33
2021-10-20,Humboldt,023,135768,8830,8727,514,9241,105
2021-10-20,Imperial,025,180216,33034,32705,3138,35843,766
2021-10-20,Inyo,027,18085,2178,2077,41,2118,40
2021-10-20,Kern,029,883053,124730,122630,20997,143627,1623
2021-10-20,Kings,031,150075,31500,30805,1872,32677,322
2021-10-20,Lake,033,64148,6592,6475,140,6615,104
2021-10-20,Lassen,035,31185,6736,6622,344,6966,27
2021-10-20,Los Angeles,037,10098052,1427480,1414931,53469,1468400,26506
2021-10-20,Madera,039,155013,22449,21983,1992,23975,281
2021-10-20,Marin,041,260295,17382,17250,442,17692,244
2021-10-20,Mariposa,043,17540,1227,1174,43,1217,5
2021-10-20,Mendocino,045,87422,7331,7189,469,7658,82
2021-10-20,Merced,047,269075,41100,40685,1797,42482,581
2021-10-20,Modoc,049,8938,521,504,184,688,5
2021-10-20,Mono,051,14174,1675,1653,22,1675,3
2021-10-20,Monterey,053,433212,48375,47430,2808,50238,587
2021-10-20,Napa,055,140530,12852,12773,108,12881,100
2021-10-20,Nevada,057,99092,8962,8836,313,9149,90
2021-10-20,Orange,059,3164182,304409,301957,14820,316777,5534
2021-10-20,Placer,061,380077,36334,35729,3534,39263,425
2021-10-20,Plumas,063,18699,1695,1604,32,1636,7
2021-10-20,Riverside,065,2383286,358931,354311,16324,370635,5030
2021-10-20,Sacramento,067,1510023,156185,154822,4395,159217,2222
2021-10-20,San Benito,069,59416,7298,7275,163,7438,71
2021-10-20,San Bernardino,071,2135413,350035,347217,10986,358203,5663
2021-10-20,San Diego,073,3302833,368207,365698,21652,387350,4178
2021-10-20,San Francisco,075,870044,52357,51755,2285,54040,646
2021-10-20,San Joaquin,077,732212,98340,97246,5322,102568,1721
2021-10-20,San Luis Obispo,079,281455,29156,28727,1210,29937,332
2021-10-20,San Mateo,081,765935,53591,52663,839,53502,571
2021-10-20,Santa Barbara,083,443738,43886,43489,1535,45024,523
2021-10-20,Santa Clara,085,1922200,145359,144124,1280,145404,1896
2021-10-20,Santa Cruz,087,273765,20145,19951,1000,20951,219
2021-10-20,Shasta,089,179085,20754,20313,3468,23781,320
2021-10-20,Sierra,091,2930,177,168,18,186,0
2021-10-20,Siskiyou,093,43540,3303,3224,1256,4480,46
2021-10-20,Solano,095,438530,45495,44819,1235,46054,341
2021-10-20,Sonoma,097,501317,40802,40404,518,40922,393
2021-10-20,Stanislaus,099,539301,76769,76631,8670,85301,1145
2021-10-20,Sutter,101,95872,13666,13592,318,13910,175
2021-10-20,Tehama,103,63373,8225,8081,1426,9507,110
2021-10-20,Trinity,105,12862,833,693,210,903,11
2021-10-20,Tulare,107,460477,66958,65413,14357,79770,967
2021-10-20,Tuolumne,109,53932,6934,6803,89,6892,89
2021-10-20,Ventura,111,848112,97275,96610,4279,100889,1166
2021-10-20,Yolo,113,214977,19526,19236,1093,20329,248
2021-10-20,Yuba,115,75493,9936,9808,297,10105,82
2021-10-19,Alameda,001,1643700,118264,117542,2745,120287,1383
2021-10-19,Alpine,003,1148,101,103,0,103,0
2021-10-19,Amador,005,37829,5455,5367,59,5426,64
2021-10-19,Butte,007,227075,20365,19974,3664,23638,268
2021-10-19,Calaveras,009,45235,3903,3826,46,3872,80
2021-10-19,Colusa,011,21464,2485,2447,616,3063,18
2021-10-19,Contra Costa,013,1133247,98290,97613,2130,99743,1004
2021-10-19,Del Norte,015,27424,3627,3531,52,3583,42
2021-10-19,El Dorado,017,186661,15759,15478,1669,17147,149
2021-10-19,Fresno,019,978130,136176,133813,12367,146180,2073
2021-10-19,Glenn,021,27897,3436,3380,991,4371,33
2021-10-19,Humboldt,023,135768,8806,8714,508,9222,105
2021-10-19,Imperial,025,180216,32968,32632,3134,35766,764
2021-10-19,Inyo,027,18085,2147,2045,41,2086,40
2021-10-19,Kern,029,883053,124413,122391,20873,143264,1613
2021-10-19,Kings,031,150075,31406,30757,1865,32622,322
2021-10-19,Lake,033,64148,6588,6465,140,6605,104
2021-10-19,Lassen,035,31185,6730,6612,340,6952,27
2021-10-19,Los Angeles,037,10098052,1426236,1413882,53395,1467277,26473
2021-10-19,Madera,039,155013,22386,21950,1984,23934,281
2021-10-19,Marin,041,260295,17368,17241,439,17680,244
2021-10-19,Mariposa,043,17540,1221,1171,41,1212,5
2021-10-19,Mendocino,045,87422,7316,7172,466,7638,82
2021-10-19,Merced,047,269075,40985,40628,1776,42404,580
2021-10-19,Modoc,049,8938,519,502,184,686,5
2021-10-19,Mono,051,14174,1671,1651,22,1673,3
2021-10-19,Monterey,053,433212,48338,47412,2797,50209,583
2021-10-19,Napa,055,140530,12845,12769,108,12877,100
2021-10-19,Nevada,057,99092,8941,8829,312,9141,90
2021-10-19,Orange,059,3164182,304152,301700,14786,316486,5527
2021-10-19,Placer,061,380077,36213,35663,3519,39182,422
2021-10-19,Plumas,063,18699,1677,1586,32,1618,8
2021-10-19,Riverside,065,2383286,358509,353891,16316,370207,5020
2021-10-19,Sacramento,067,1510023,155879,154570,4369,158939,2227
2021-10-19,San Benito,069,59416,7282,7264,163,7427,71
2021-10-19,San Bernardino,071,2135413,349633,346814,10957,357771,5627
2021-10-19,San Diego,073,3302833,367626,365285,21621,386906,4170
2021-10-19,San Francisco,075,870044,52294,51704,2283,53987,645
2021-10-19,San Joaquin,077,732212,98173,97105,5311,102416,1721
2021-10-19,San Luis Obispo,079,281455,29108,28670,1207,29877,332
2021-10-19,San Mateo,081,765935,53533,52617,837,53454,571
2021-10-19,Santa Barbara,083,443738,43819,43413,1533,44946,522
2021-10-19,Santa Clara,085,1922200,145186,143989,1272,145261,1898
2021-10-19,Santa Cruz,087,273765,20121,19895,998,20893,218
2021-10-19,Shasta,089,179085,20678,20209,3460,23669,319
2021-10-19,Sierra,091,2930,174,168,18,186,0
2021-10-19,Siskiyou,093,43540,3299,3216,1251,4467,46
2021-10-19,Solano,095,438530,45453,44782,1229,46011,341
2021-10-19,Sonoma,097,501317,40728,40379,517,40896,392
2021-10-19,Stanislaus,099,539301,76627,76526,8658,85184,1145
2021-10-19,Sutter,101,95872,13642,13569,317,13886,174
2021-10-19,Tehama,103,63373,8195,8057,1410,9467,108
2021-10-19,Trinity,105,12862,826,691,210,901,11
2021-10-19,Tulare,107,460477,66770,65253,14288,79541,958
2021-10-19,Tuolumne,109,53932,6905,6782,88,6870,89
2021-10-19,Ventura,111,848112,97199,96539,4274,100813,1166
2021-10-19,Yolo,113,214977,19481,19206,1088,20294,248
2021-10-19,Yuba,115,75493,9918,9796,296,10092,82
2021-10-18,Alameda,001,1643700,118127,117506,2736,120242,1381
2021-10-18,Alpine,003,1148,101,103,0,103,0
2021-10-18,Amador,005,37829,5444,5345,59,5404,64
2021-10-18,Butte,007,227075,20314,19921,3654,23575,265
2021-10-18,Calaveras,009,45235,3878,3819,45,3864,80
2021-10-18,Colusa,011,21464,2484,2444,614,3058,18
2021-10-18,Contra Costa,013,1133247,98179,97585,2126,99711,995
2021-10-18,Del Norte,015,27424,3620,3529,52,3581,41
2021-10-18,El Dorado,017,186661,15728,15452,1666,17118,149
2021-10-18,Fresno,019,978130,135774,133688,12324,146012,2063
2021-10-18,Glenn,021,27897,3432,3370,987,4357,32
2021-10-18,Humboldt,023,135768,8787,8699,500,9199,104
2021-10-18,Imperial,025,180216,32877,32558,3134,35692,764
2021-10-18,Inyo,027,18085,2129,2020,41,2061,40
2021-10-18,Kern,029,883053,124114,122231,20778,143009,1605
2021-10-18,Kings,031,150075,31291,30698,1852,32550,320
2021-10-18,Lake,033,64148,6569,6455,136,6591,104
2021-10-18,Lassen,035,31185,6710,6607,337,6944,26
2021-10-18,Los Angeles,037,10098052,1424994,1413291,53319,1466610,26446
2021-10-18,Madera,039,155013,22332,21909,1971,23880,277
2021-10-18,Marin,041,260295,17348,17232,436,17668,244
2021-10-18,Mariposa,043,17540,1213,1160,41,1201,5
2021-10-18,Mendocino,045,87422,7297,7156,458,7614,82
2021-10-18,Merced,047,269075,40862,40573,1765,42338,579
2021-10-18,Modoc,049,8938,519,498,184,682,5
2021-10-18,Mono,051,14174,1665,1648,21,1669,3
2021-10-18,Monterey,053,433212,48316,47389,2792,50181,583
2021-10-18,Napa,055,140530,12830,12762,108,12870,100
2021-10-18,Nevada,057,99092,8922,8816,312,9128,90
2021-10-18,Orange,059,3164182,303813,301573,14752,316325,5524
2021-10-18,Placer,061,380077,36136,35598,3515,39113,420
2021-10-18,Plumas,063,18699,1669,1579,32,1611,6
2021-10-18,Riverside,065,2383286,358094,353699,16302,370001,5008
2021-10-18,Sacramento,067,1510023,155574,154428,4337,158765,2203
2021-10-18,San Benito,069,59416,7270,7253,163,7416,71
2021-10-18,San Bernardino,071,2135413,349211,346742,10942,357684,5606
2021-10-18,San Diego,073,3302833,367071,364948,21583,386531,4169
2021-10-18,San Francisco,075,870044,52231,51671,2277,53948,644
2021-10-18,San Joaquin,077,732212,98007,97041,5301,102342,1721
2021-10-18,San Luis Obispo,079,281455,29069,28644,1204,29848,331
2021-10-18,San Mateo,081,765935,53468,52594,836,53430,571
2021-10-18,Santa Barbara,083,443738,43760,43386,1531,44917,522
2021-10-18,Santa Clara,085,1922200,145031,143891,1263,145154,1895
2021-10-18,Santa Cruz,087,273765,20107,19876,996,20872,218
2021-10-18,Shasta,089,179085,20598,20146,3449,23595,313
2021-10-18,Sierra,091,2930,174,166,18,184,0
2021-10-18,Siskiyou,093,43540,3296,3210,1243,4453,42
2021-10-18,Solano,095,438530,45409,44758,1226,45984,339
2021-10-18,Sonoma,097,501317,40664,40349,514,40863,392
2021-10-18,Stanislaus,099,539301,76463,76466,8644,85110,1145
2021-10-18,Sutter,101,95872,13608,13557,315,13872,172
2021-10-18,Tehama,103,63373,8160,8042,1398,9440,107
2021-10-18,Trinity,105,12862,825,688,210,898,11
2021-10-18,Tulare,107,460477,66593,65171,14223,79394,958
2021-10-18,Tuolumne,109,53932,6876,6755,88,6843,89
2021-10-18,Ventura,111,848112,97104,96506,4271,100777,1165
2021-10-18,Yolo,113,214977,19443,19197,1085,20282,248
2021-10-18,Yuba,115,75493,9891,9782,294,10076,82
2021-10-17,Alameda,001,1643700,117974,117423,2731,120154,1376
2021-10-17,Alpine,003,1148,101,103,0,103,0
2021-10-17,Amador,005,37829,5421,5341,58,5399,64
2021-10-17,Butte,007,227075,20229,19897,3644,23541,265
2021-10-17,Calaveras,009,45235,3862,3805,45,3850,80
2021-10-17,Colusa,011,21464,2479,2442,607,3049,18
2021-10-17,Contra Costa,013,1133247,98057,97485,2115,99600,995
2021-10-17,Del Norte,015,27424,3615,3526,52,3578,41
2021-10-17,El Dorado,017,186661,15670,15438,1659,17097,149
2021-10-17,Fresno,019,978130,135307,133429,12281,145710,2063
2021-10-17,Glenn,021,27897,3422,3364,982,4346,32
2021-10-17,Humboldt,023,135768,8767,8690,497,9187,104
2021-10-17,Imperial,025,180216,32794,32520,3127,35647,764
2021-10-17,Inyo,027,18085,2101,2000,41,2041,40
2021-10-17,Kern,029,883053,123764,122085,20678,142763,1603
2021-10-17,Kings,031,150075,31178,30636,1843,32479,315
2021-10-17,Lake,033,64148,6553,6437,136,6573,104
2021-10-17,Lassen,035,31185,6698,6605,333,6938,26
2021-10-17,Los Angeles,037,10098052,1423656,1412371,53243,1465614,26443
2021-10-17,Madera,039,155013,22270,21869,1960,23829,277
2021-10-17,Marin,041,260295,17326,17211,436,17647,243
2021-10-17,Mariposa,043,17540,1206,1150,41,1191,5
2021-10-17,Mendocino,045,87422,7268,7148,452,7600,82
2021-10-17,Merced,047,269075,40736,40531,1749,42280,579
2021-10-17,Modoc,049,8938,516,498,182,680,5
2021-10-17,Mono,051,14174,1663,1640,20,1660,3
2021-10-17,Monterey,053,433212,48275,47369,2782,50151,583
2021-10-17,Napa,055,140530,12815,12753,105,12858,100
2021-10-17,Nevada,057,99092,8905,8794,311,9105,90
2021-10-17,Orange,059,3164182,303498,301414,14719,316133,5524
2021-10-17,Placer,061,380077,36036,35559,3500,39059,420
2021-10-17,Plumas,063,18699,1645,1571,31,1602,6
2021-10-17,Riverside,065,2383286,357610,353500,16288,369788,5008
2021-10-17,Sacramento,067,1510023,155174,154080,4319,158399,2213
2021-10-17,San Benito,069,59416,7261,7250,162,7412,71
2021-10-17,San Bernardino,071,2135413,348778,346524,10922,357446,5597
2021-10-17,San Diego,073,3302833,366480,364675,21555,386230,4163
2021-10-17,San Francisco,075,870044,52159,51625,2268,53893,644
2021-10-17,San Joaquin,077,732212,97834,96950,5292,102242,1721
2021-10-17,San Luis Obispo,079,281455,29017,28604,1196,29800,331
2021-10-17,San Mateo,081,765935,53416,52541,832,53373,571
2021-10-17,Santa Barbara,083,443738,43697,43344,1530,44874,522
2021-10-17,Santa Clara,085,1922200,144854,143768,1254,145022,1895
2021-10-17,Santa Cruz,087,273765,20079,19861,994,20855,218
2021-10-17,Shasta,089,179085,20508,20116,3439,23555,312
2021-10-17,Sierra,091,2930,172,165,18,183,0
2021-10-17,Siskiyou,093,43540,3288,3204,1240,4444,42
2021-10-17,Solano,095,438530,45352,44722,1225,45947,340
2021-10-17,Sonoma,097,501317,40588,40306,513,40819,392
2021-10-17,Stanislaus,099,539301,76266,76354,8629,84983,1145
2021-10-17,Sutter,101,95872,13591,13543,313,13856,172
2021-10-17,Tehama,103,63373,8128,8015,1381,9396,107
2021-10-17,Trinity,105,12862,822,686,209,895,11
2021-10-17,Tulare,107,460477,66408,65057,14149,79206,958
2021-10-17,Tuolumne,109,53932,6842,6735,87,6822,89
2021-10-17,Ventura,111,848112,97004,96458,4268,100726,1165
2021-10-17,Yolo,113,214977,19401,19171,1076,20247,248
2021-10-17,Yuba,115,75493,9865,9771,292,10063,82
2021-10-16,Alameda,001,1643700,117884,117027,2729,119756,1365
2021-10-16,Alpine,003,1148,100,102,0,102,0
2021-10-16,Amador,005,37829,5414,5310,58,5368,64
2021-10-16,Butte,007,227075,20198,19612,3636,23248,260
2021-10-16,Calaveras,009,45235,3855,3771,45,3816,80
2021-10-16,Colusa,011,21464,2475,2431,604,3035,18
2021-10-16,Contra Costa,013,1133247,97965,97107,2108,99215,982
2021-10-16,Del Norte,015,27424,3612,3516,52,3568,41
2021-10-16,El Dorado,017,186661,15649,15315,1657,16972,149
2021-10-16,Fresno,019,978130,135153,132433,12264,144697,2051
2021-10-16,Glenn,021,27897,3416,3331,982,4313,26
2021-10-16,Humboldt,023,135768,8755,8621,492,9113,104
2021-10-16,Imperial,025,180216,32779,32368,3125,35493,764
2021-10-16,Inyo,027,18085,2087,1932,41,1973,39
2021-10-16,Kern,029,883053,123608,121354,20596,141950,1590
2021-10-16,Kings,031,150075,31132,30418,1840,32258,314
2021-10-16,Lake,033,64148,6542,6378,136,6514,104
2021-10-16,Lassen,035,31185,6689,6559,328,6887,26
2021-10-16,Los Angeles,037,10098052,1423000,1409418,53189,1462607,26398
2021-10-16,Madera,039,155013,22226,21707,1956,23663,277
2021-10-16,Marin,041,260295,17316,17148,436,17584,243
2021-10-16,Mariposa,043,17540,1203,1096,41,1137,5
2021-10-16,Mendocino,045,87422,7257,7099,452,7551,82
2021-10-16,Merced,047,269075,40704,40265,1747,42012,577
2021-10-16,Modoc,049,8938,513,492,182,674,5
2021-10-16,Mono,051,14174,1659,1628,20,1648,3
2021-10-16,Monterey,053,433212,48258,47293,2774,50067,582
2021-10-16,Napa,055,140530,12804,12706,105,12811,100
2021-10-16,Nevada,057,99092,8885,8739,311,9050,90
2021-10-16,Orange,059,3164182,303322,300722,14694,315416,5509
2021-10-16,Placer,061,380077,35952,35343,3494,38837,412
2021-10-16,Plumas,063,18699,1640,1542,30,1572,6
2021-10-16,Riverside,065,2383286,357340,352435,16276,368711,4990
2021-10-16,Sacramento,067,1510023,154975,153264,4315,157579,2192
2021-10-16,San Benito,069,59416,7248,7210,161,7371,71
2021-10-16,San Bernardino,071,2135413,348571,345418,10914,356332,5566
2021-10-16,San Diego,073,3302833,366164,363109,21539,384648,4151
2021-10-16,San Francisco,075,870044,52112,51436,2264,53700,645
2021-10-16,San Joaquin,077,732212,97762,96507,5289,101796,1708
2021-10-16,San Luis Obispo,079,281455,28991,28460,1195,29655,329
2021-10-16,San Mateo,081,765935,53367,52399,831,53230,569
2021-10-16,Santa Barbara,083,443738,43661,43175,1529,44704,521
2021-10-16,Santa Clara,085,1922200,144754,143282,1246,144528,1890
2021-10-16,Santa Cruz,087,273765,20064,19794,993,20787,218
2021-10-16,Shasta,089,179085,20458,19932,3428,23360,309
2021-10-16,Sierra,091,2930,170,160,18,178,0
2021-10-16,Siskiyou,093,43540,3286,3173,1233,4406,42
2021-10-16,Solano,095,438530,45326,44585,1221,45806,334
2021-10-16,Sonoma,097,501317,40548,40195,513,40708,390
2021-10-16,Stanislaus,099,539301,76180,75868,8619,84487,1142
2021-10-16,Sutter,101,95872,13572,13471,312,13783,169
2021-10-16,Tehama,103,63373,8115,7907,1376,9283,104
2021-10-16,Trinity,105,12862,822,679,209,888,11
2021-10-16,Tulare,107,460477,66270,64489,14118,78607,951
2021-10-16,Tuolumne,109,53932,6810,6666,87,6753,89
2021-10-16,Ventura,111,848112,96972,96181,4263,100444,1164
2021-10-16,Yolo,113,214977,19374,19078,1070,20148,247
2021-10-16,Yuba,115,75493,9841,9705,289,9994,82
2021-10-15,Alameda,001,1643700,117812,117027,2725,119752,1365
2021-10-15,Alpine,003,1148,100,102,0,102,0
2021-10-15,Amador,005,37829,5390,5310,58,5368,64
2021-10-15,Butte,007,227075,20162,19612,3629,23241,260
2021-10-15,Calaveras,009,45235,3849,3771,45,3816,80
2021-10-15,Colusa,011,21464,2473,2431,601,3032,18
2021-10-15,Contra Costa,013,1133247,97883,97107,2104,99211,982
2021-10-15,Del Norte,015,27424,3610,3516,52,3568,41
2021-10-15,El Dorado,017,186661,15629,15315,1652,16967,149
2021-10-15,Fresno,019,978130,134899,132433,12255,144688,2051
2021-10-15,Glenn,021,27897,3410,3331,981,4312,26
2021-10-15,Humboldt,023,135768,8746,8621,490,9111,104
2021-10-15,Imperial,025,180216,32732,32368,3121,35489,764
2021-10-15,Inyo,027,18085,2069,1932,41,1973,39
2021-10-15,Kern,029,883053,123472,121354,20521,141875,1590
2021-10-15,Kings,031,150075,31077,30418,1836,32254,314
2021-10-15,Lake,033,64148,6533,6378,136,6514,104
2021-10-15,Lassen,035,31185,6677,6559,327,6886,26
2021-10-15,Los Angeles,037,10098052,1422305,1409418,53141,1462559,26398
2021-10-15,Madera,039,155013,22182,21707,1948,23655,277
2021-10-15,Marin,041,260295,17305,17148,436,17584,243
2021-10-15,Mariposa,043,17540,1195,1096,41,1137,5
2021-10-15,Mendocino,045,87422,7242,7099,452,7551,82
2021-10-15,Merced,047,269075,40674,40265,1744,42009,577
2021-10-15,Modoc,049,8938,512,492,182,674,5
2021-10-15,Mono,051,14174,1656,1628,20,1648,3
2021-10-15,Monterey,053,433212,48236,47293,2772,50065,582
2021-10-15,Napa,055,140530,12800,12706,105,12811,100
2021-10-15,Nevada,057,99092,8870,8739,311,9050,90
2021-10-15,Orange,059,3164182,303153,300722,14676,315398,5509
2021-10-15,Placer,061,380077,35898,35343,3488,38831,412
2021-10-15,Plumas,063,18699,1632,1542,30,1572,6
2021-10-15,Riverside,065,2383286,357098,352435,16271,368706,4990
2021-10-15,Sacramento,067,1510023,154788,153264,4305,157569,2192
2021-10-15,San Benito,069,59416,7245,7210,161,7371,71
2021-10-15,San Bernardino,071,2135413,348337,345418,10911,356329,5566
2021-10-15,San Diego,073,3302833,365804,363109,21514,384623,4151
2021-10-15,San Francisco,075,870044,52071,51436,2257,53693,645
2021-10-15,San Joaquin,077,732212,97683,96507,5282,101789,1708
2021-10-15,San Luis Obispo,079,281455,28970,28460,1193,29653,329
2021-10-15,San Mateo,081,765935,53323,52399,830,53229,569
2021-10-15,Santa Barbara,083,443738,43623,43175,1529,44704,521
2021-10-15,Santa Clara,085,1922200,144631,143282,1238,144520,1890
2021-10-15,Santa Cruz,087,273765,20053,19794,993,20787,218
2021-10-15,Shasta,089,179085,20402,19932,3420,23352,309
2021-10-15,Sierra,091,2930,170,160,18,178,0
2021-10-15,Siskiyou,093,43540,3285,3173,1230,4403,42
2021-10-15,Solano,095,438530,45300,44585,1221,45806,334
2021-10-15,Sonoma,097,501317,40514,40195,512,40707,390
2021-10-15,Stanislaus,099,539301,76100,75868,8603,84471,1142
2021-10-15,Sutter,101,95872,13555,13471,310,13781,169
2021-10-15,Tehama,103,63373,8094,7907,1370,9277,104
2021-10-15,Trinity,105,12862,822,679,209,888,11
2021-10-15,Tulare,107,460477,66191,64489,14081,78570,951
2021-10-15,Tuolumne,109,53932,6787,6666,85,6751,89
2021-10-15,Ventura,111,848112,96930,96181,4260,100441,1164
2021-10-15,Yolo,113,214977,19359,19078,1066,20144,247
2021-10-15,Yuba,115,75493,9831,9705,288,9993,82
2021-10-14,Alameda,001,1643700,117702,117027,2720,119747,1365
2021-10-14,Alpine,003,1148,100,102,0,102,0
2021-10-14,Amador,005,37829,5379,5310,58,5368,64
2021-10-14,Butte,007,227075,20110,19612,3623,23235,260
2021-10-14,Calaveras,009,45235,3836,3771,44,3815,80
2021-10-14,Colusa,011,21464,2471,2431,599,3030,18
2021-10-14,Contra Costa,013,1133247,97748,97107,2096,99203,982
2021-10-14,Del Norte,015,27424,3604,3516,52,3568,41
2021-10-14,El Dorado,017,186661,15591,15315,1649,16964,149
2021-10-14,Fresno,019,978130,134604,132433,12225,144658,2051
2021-10-14,Glenn,021,27897,3405,3331,980,4311,26
2021-10-14,Humboldt,023,135768,8729,8621,487,9108,104
2021-10-14,Imperial,025,180216,32669,32368,3114,35482,764
2021-10-14,Inyo,027,18085,2050,1932,41,1973,39
2021-10-14,Kern,029,883053,123200,121354,20421,141775,1590
2021-10-14,Kings,031,150075,31012,30418,1828,32246,314
2021-10-14,Lake,033,64148,6512,6378,135,6513,104
2021-10-14,Lassen,035,31185,6671,6559,326,6885,26
2021-10-14,Los Angeles,037,10098052,1421319,1409418,53089,1462507,26398
2021-10-14,Madera,039,155013,22117,21707,1942,23649,277
2021-10-14,Marin,041,260295,17300,17148,434,17582,243
2021-10-14,Mariposa,043,17540,1182,1096,40,1136,5
2021-10-14,Mendocino,045,87422,7228,7099,450,7549,82
2021-10-14,Merced,047,269075,40586,40265,1730,41995,577
2021-10-14,Modoc,049,8938,512,492,182,674,5
2021-10-14,Mono,051,14174,1649,1628,20,1648,3
2021-10-14,Monterey,053,433212,48210,47293,2767,50060,582
2021-10-14,Napa,055,140530,12785,12706,105,12811,100
2021-10-14,Nevada,057,99092,8843,8739,309,9048,90
2021-10-14,Orange,059,3164182,302945,300722,14659,315381,5509
2021-10-14,Placer,061,380077,35831,35343,3474,38817,412
2021-10-14,Plumas,063,18699,1617,1542,30,1572,6
2021-10-14,Riverside,065,2383286,356701,352435,16260,368695,4990
2021-10-14,Sacramento,067,1510023,154536,153264,4283,157547,2192
2021-10-14,San Benito,069,59416,7234,7210,161,7371,71
2021-10-14,San Bernardino,071,2135413,347977,345418,10905,356323,5566
2021-10-14,San Diego,073,3302833,365365,363109,21487,384596,4151
2021-10-14,San Francisco,075,870044,52015,51436,2253,53689,645
2021-10-14,San Joaquin,077,732212,97554,96507,5273,101780,1708
2021-10-14,San Luis Obispo,079,281455,28926,28460,1189,29649,329
2021-10-14,San Mateo,081,765935,53275,52399,829,53228,569
2021-10-14,Santa Barbara,083,443738,43567,43175,1524,44699,521
2021-10-14,Santa Clara,085,1922200,144490,143282,1232,144514,1890
2021-10-14,Santa Cruz,087,273765,20030,19794,993,20787,218
2021-10-14,Shasta,089,179085,20345,19932,3408,23340,309
2021-10-14,Sierra,091,2930,169,160,18,178,0
2021-10-14,Siskiyou,093,43540,3282,3173,1222,4395,42
2021-10-14,Solano,095,438530,45250,44585,1213,45798,334
2021-10-14,Sonoma,097,501317,40463,40195,509,40704,390
2021-10-14,Stanislaus,099,539301,75954,75868,8590,84458,1142
2021-10-14,Sutter,101,95872,13535,13471,309,13780,169
2021-10-14,Tehama,103,63373,8063,7907,1363,9270,104
2021-10-14,Trinity,105,12862,821,679,208,887,11
2021-10-14,Tulare,107,460477,66007,64489,14033,78522,951
2021-10-14,Tuolumne,109,53932,6756,6666,84,6750,89
2021-10-14,Ventura,111,848112,96862,96181,4254,100435,1164
2021-10-14,Yolo,113,214977,19326,19078,1059,20137,247
2021-10-14,Yuba,115,75493,9817,9705,279,9984,82
2021-10-13,Alameda,001,1643700,117596,116914,2714,119628,1360
2021-10-13,Alpine,003,1148,100,102,0,102,0
2021-10-13,Amador,005,37829,5365,5305,58,5363,63
2021-10-13,Butte,007,227075,20035,19546,3618,23164,257
2021-10-13,Calaveras,009,45235,3815,3756,42,3798,79
2021-10-13,Colusa,011,21464,2464,2430,595,3025,18
2021-10-13,Contra Costa,013,1133247,97632,96975,2095,99070,969
2021-10-13,Del Norte,015,27424,3599,3512,52,3564,39
2021-10-13,El Dorado,017,186661,15567,15302,1644,16946,149
2021-10-13,Fresno,019,978130,134270,132055,12192,144247,2048
2021-10-13,Glenn,021,27897,3400,3327,976,4303,26
2021-10-13,Humboldt,023,135768,8718,8604,483,9087,102
2021-10-13,Imperial,025,180216,32609,32317,3111,35428,762
2021-10-13,Inyo,027,18085,2013,1907,41,1948,39
2021-10-13,Kern,029,883053,122956,120956,20326,141282,1586
2021-10-13,Kings,031,150075,30931,30246,1821,32067,312
2021-10-13,Lake,033,64148,6492,6371,135,6506,103
2021-10-13,Lassen,035,31185,6660,6535,320,6855,25
2021-10-13,Los Angeles,037,10098052,1420266,1408384,53032,1461416,26379
2021-10-13,Madera,039,155013,22064,21609,1928,23537,277
2021-10-13,Marin,041,260295,17276,17137,433,17570,243
2021-10-13,Mariposa,043,17540,1168,1090,40,1130,5
2021-10-13,Mendocino,045,87422,7212,7088,442,7530,82
2021-10-13,Merced,047,269075,40501,40164,1719,41883,577
2021-10-13,Modoc,049,8938,510,490,180,670,5
2021-10-13,Mono,051,14174,1649,1612,20,1632,3
2021-10-13,Monterey,053,433212,48191,47273,2760,50033,582
2021-10-13,Napa,055,140530,12774,12695,103,12798,100
2021-10-13,Nevada,057,99092,8821,8725,309,9034,90
2021-10-13,Orange,059,3164182,302737,300468,14643,315111,5503
2021-10-13,Placer,061,380077,35764,35254,3465,38719,412
2021-10-13,Plumas,063,18699,1603,1514,30,1544,6
2021-10-13,Riverside,065,2383286,356371,352044,16247,368291,4978
2021-10-13,Sacramento,067,1510023,154287,153141,4261,157402,2182
2021-10-13,San Benito,069,59416,7228,7196,160,7356,71
2021-10-13,San Bernardino,071,2135413,347652,344951,10888,355839,5562
2021-10-13,San Diego,073,3302833,364934,362564,21465,384029,4141
2021-10-13,San Francisco,075,870044,51973,51379,2249,53628,644
2021-10-13,San Joaquin,077,732212,97411,96343,5268,101611,1696
2021-10-13,San Luis Obispo,079,281455,28888,28397,1186,29583,330
2021-10-13,San Mateo,081,765935,53224,52352,825,53177,569
2021-10-13,Santa Barbara,083,443738,43515,43109,1524,44633,518
2021-10-13,Santa Clara,085,1922200,144352,143064,1231,144295,1886
2021-10-13,Santa Cruz,087,273765,20004,19763,992,20755,217
2021-10-13,Shasta,089,179085,20275,19802,3387,23189,307
2021-10-13,Sierra,091,2930,169,155,18,173,0
2021-10-13,Siskiyou,093,43540,3274,3173,1221,4394,42
2021-10-13,Solano,095,438530,45211,44558,1210,45768,334
2021-10-13,Sonoma,097,501317,40407,40122,509,40631,390
2021-10-13,Stanislaus,099,539301,75812,75698,8580,84278,1136
2021-10-13,Sutter,101,95872,13505,13458,307,13765,169
2021-10-13,Tehama,103,63373,8027,7849,1357,9206,103
2021-10-13,Trinity,105,12862,818,677,208,885,11
2021-10-13,Tulare,107,460477,65827,64297,13978,78275,945
2021-10-13,Tuolumne,109,53932,6742,6644,83,6727,89
2021-10-13,Ventura,111,848112,96788,96099,4248,100347,1162
2021-10-13,Yolo,113,214977,19297,19023,1057,20080,247
2021-10-13,Yuba,115,75493,9792,9690,265,9955,80
2021-10-12,Alameda,001,1643700,117493,116813,2710,119523,1357
2021-10-12,Alpine,003,1148,100,102,0,102,0
2021-10-12,Amador,005,37829,5354,5301,58,5359,63
2021-10-12,Butte,007,227075,19965,19506,3606,23112,256
2021-10-12,Calaveras,009,45235,3800,3750,42,3792,75
2021-10-12,Colusa,011,21464,2461,2428,593,3021,18
2021-10-12,Contra Costa,013,1133247,97519,96894,2086,98980,960
2021-10-12,Del Norte,015,27424,3593,3511,52,3563,39
2021-10-12,El Dorado,017,186661,15533,15287,1642,16929,148
2021-10-12,Fresno,019,978130,133908,131848,12161,144009,2042
2021-10-12,Glenn,021,27897,3386,3321,975,4296,26
2021-10-12,Humboldt,023,135768,8690,8587,477,9064,102
2021-10-12,Imperial,025,180216,32557,32267,3109,35376,762
2021-10-12,Inyo,027,18085,1981,1889,41,1930,39
2021-10-12,Kern,029,883053,122669,120826,20215,141041,1580
2021-10-12,Kings,031,150075,30857,30200,1810,32010,312
2021-10-12,Lake,033,64148,6477,6372,133,6505,97
2021-10-12,Lassen,035,31185,6650,6526,319,6845,25
2021-10-12,Los Angeles,037,10098052,1419202,1407462,52984,1460446,26362
2021-10-12,Madera,039,155013,21993,21574,1915,23489,277
2021-10-12,Marin,041,260295,17253,17126,433,17559,242
2021-10-12,Mariposa,043,17540,1154,1088,40,1128,5
2021-10-12,Mendocino,045,87422,7183,7077,439,7516,82
2021-10-12,Merced,047,269075,40422,40113,1713,41826,567
2021-10-12,Modoc,049,8938,505,485,179,664,5
2021-10-12,Mono,051,14174,1647,1608,20,1628,3
2021-10-12,Monterey,053,433212,48160,47254,2752,50006,582
2021-10-12,Napa,055,140530,12760,12671,103,12774,97
2021-10-12,Nevada,057,99092,8809,8720,308,9028,89
2021-10-12,Orange,059,3164182,302482,300256,14617,314873,5499
2021-10-12,Placer,061,380077,35701,35214,3457,38671,404
2021-10-12,Plumas,063,18699,1589,1488,29,1517,6
2021-10-12,Riverside,065,2383286,356045,351771,16233,368004,4973
2021-10-12,Sacramento,067,1510023,153982,152935,4236,157171,2170
2021-10-12,San Benito,069,59416,7214,7193,160,7353,71
2021-10-12,San Bernardino,071,2135413,347339,344788,10878,355666,5563
2021-10-12,San Diego,073,3302833,364421,362256,21436,383692,4137
2021-10-12,San Francisco,075,870044,51909,51301,2248,53549,643
2021-10-12,San Joaquin,077,732212,97274,96237,5263,101500,1690
2021-10-12,San Luis Obispo,079,281455,28841,28379,1185,29564,327
2021-10-12,San Mateo,081,765935,53174,52328,824,53152,569
2021-10-12,Santa Barbara,083,443738,43454,43076,1524,44600,515
2021-10-12,Santa Clara,085,1922200,144199,142954,1229,144183,1882
2021-10-12,Santa Cruz,087,273765,19979,19757,992,20749,218
2021-10-12,Shasta,089,179085,20201,19731,3366,23097,304
2021-10-12,Sierra,091,2930,169,153,18,171,0
2021-10-12,Siskiyou,093,43540,3263,3166,1215,4381,42
2021-10-12,Solano,095,438530,45169,44516,1204,45720,329
2021-10-12,Sonoma,097,501317,40366,40105,508,40613,390
2021-10-12,Stanislaus,099,539301,75660,75589,8567,84156,1126
2021-10-12,Sutter,101,95872,13482,13436,303,13739,168
2021-10-12,Tehama,103,63373,7995,7820,1353,9173,103
2021-10-12,Trinity,105,12862,815,676,208,884,11
2021-10-12,Tulare,107,460477,65642,64216,13921,78137,944
2021-10-12,Tuolumne,109,53932,6725,6637,82,6719,89
2021-10-12,Ventura,111,848112,96687,96022,4243,100265,1160
2021-10-12,Yolo,113,214977,19270,18987,1049,20036,247
2021-10-12,Yuba,115,75493,9777,9676,261,9937,70
2021-10-11,Alameda,001,1643700,117351,116759,2709,119468,1358
2021-10-11,Alpine,003,1148,100,102,0,102,0
2021-10-11,Amador,005,37829,5342,5286,58,5344,62
2021-10-11,Butte,007,227075,19906,19452,3601,23053,253
2021-10-11,Calaveras,009,45235,3779,3750,42,3792,75
2021-10-11,Colusa,011,21464,2457,2427,585,3012,18
2021-10-11,Contra Costa,013,1133247,97383,96832,2081,98913,960
2021-10-11,Del Norte,015,27424,3590,3510,48,3558,39
2021-10-11,El Dorado,017,186661,15504,15273,1638,16911,146
2021-10-11,Fresno,019,978130,133578,131703,12126,143829,2036
2021-10-11,Glenn,021,27897,3369,3308,972,4280,26
2021-10-11,Humboldt,023,135768,8665,8571,470,9041,101
2021-10-11,Imperial,025,180216,32507,32207,3103,35310,762
2021-10-11,Inyo,027,18085,1958,1862,40,1902,39
2021-10-11,Kern,029,883053,122433,120684,20119,140803,1575
2021-10-11,Kings,031,150075,30768,30180,1800,31980,309
2021-10-11,Lake,033,64148,6461,6361,129,6490,97
2021-10-11,Lassen,035,31185,6630,6499,316,6815,25
2021-10-11,Los Angeles,037,10098052,1418159,1406826,52933,1459759,26346
2021-10-11,Madera,039,155013,21935,21555,1898,23453,272
2021-10-11,Marin,041,260295,17235,17121,429,17550,242
2021-10-11,Mariposa,043,17540,1124,1083,39,1122,5
2021-10-11,Mendocino,045,87422,7167,7064,435,7499,82
2021-10-11,Merced,047,269075,40306,40064,1688,41752,566
2021-10-11,Modoc,049,8938,502,482,176,658,5
2021-10-11,Mono,051,14174,1637,1604,20,1624,3
2021-10-11,Monterey,053,433212,48131,47241,2745,49986,580
2021-10-11,Napa,055,140530,12737,12654,101,12755,96
2021-10-11,Nevada,057,99092,8789,8716,307,9023,90
2021-10-11,Orange,059,3164182,302252,299941,14587,314528,5499
2021-10-11,Placer,061,380077,35632,35173,3440,38613,404
2021-10-11,Plumas,063,18699,1571,1469,27,1496,6
2021-10-11,Riverside,065,2383286,355700,351444,16228,367672,4973
2021-10-11,Sacramento,067,1510023,153693,152681,4205,156886,2169
2021-10-11,San Benito,069,59416,7193,7184,158,7342,71
2021-10-11,San Bernardino,071,2135413,346953,344594,10870,355464,5549
2021-10-11,San Diego,073,3302833,363909,361712,21404,383116,4124
2021-10-11,San Francisco,075,870044,51838,51275,2245,53520,643
2021-10-11,San Joaquin,077,732212,97119,96152,5252,101404,1681
2021-10-11,San Luis Obispo,079,281455,28794,28355,1180,29535,327
2021-10-11,San Mateo,081,765935,53126,52298,823,53121,569
2021-10-11,Santa Barbara,083,443738,43407,43018,1523,44541,515
2021-10-11,Santa Clara,085,1922200,144037,142836,1225,144061,1882
2021-10-11,Santa Cruz,087,273765,19955,19745,991,20736,217
2021-10-11,Shasta,089,179085,20122,19662,3350,23012,295
2021-10-11,Sierra,091,2930,166,147,17,164,0
2021-10-11,Siskiyou,093,43540,3256,3159,1211,4370,42
2021-10-11,Solano,095,438530,45120,44474,1201,45675,329
2021-10-11,Sonoma,097,501317,40321,40067,508,40575,390
2021-10-11,Stanislaus,099,539301,75489,75478,8546,84024,1118
2021-10-11,Sutter,101,95872,13463,13427,301,13728,165
2021-10-11,Tehama,103,63373,7954,7795,1344,9139,102
2021-10-11,Trinity,105,12862,809,675,207,882,11
2021-10-11,Tulare,107,460477,65462,64094,13854,77948,942
2021-10-11,Tuolumne,109,53932,6687,6602,82,6684,89
2021-10-11,Ventura,111,848112,96590,95876,4236,100112,1160
2021-10-11,Yolo,113,214977,19224,18977,1046,20023,247
2021-10-11,Yuba,115,75493,9760,9657,249,9906,69
2021-10-10,Alameda,001,1643700,117232,116679,2705,119384,1358
2021-10-10,Alpine,003,1148,100,102,0,102,0
2021-10-10,Amador,005,37829,5328,5278,58,5336,62
2021-10-10,Butte,007,227075,19841,19430,3586,23016,253
2021-10-10,Calaveras,009,45235,3767,3747,42,3789,75
2021-10-10,Colusa,011,21464,2456,2425,584,3009,18
2021-10-10,Contra Costa,013,1133247,97284,96760,2075,98835,960
2021-10-10,Del Norte,015,27424,3586,3507,48,3555,39
2021-10-10,El Dorado,017,186661,15474,15250,1632,16882,146
2021-10-10,Fresno,019,978130,133248,131434,12095,143529,2035
2021-10-10,Glenn,021,27897,3364,3297,970,4267,26
2021-10-10,Humboldt,023,135768,8643,8554,466,9020,101
2021-10-10,Imperial,025,180216,32433,32167,3102,35269,762
2021-10-10,Inyo,027,18085,1937,1857,40,1897,39
2021-10-10,Kern,029,883053,122107,120552,20015,140567,1573
2021-10-10,Kings,031,150075,30679,30122,1790,31912,308
2021-10-10,Lake,033,64148,6445,6349,128,6477,97
2021-10-10,Lassen,035,31185,6610,6495,315,6810,26
2021-10-10,Los Angeles,037,10098052,1416974,1406034,52859,1458893,26338
2021-10-10,Madera,039,155013,21889,21486,1889,23375,272
2021-10-10,Marin,041,260295,17218,17112,429,17541,242
2021-10-10,Mariposa,043,17540,1121,1074,39,1113,5
2021-10-10,Mendocino,045,87422,7152,7060,427,7487,81
2021-10-10,Merced,047,269075,40221,40036,1669,41705,566
2021-10-10,Modoc,049,8938,502,482,176,658,5
2021-10-10,Mono,051,14174,1636,1596,20,1616,3
2021-10-10,Monterey,053,433212,48101,47228,2744,49972,580
2021-10-10,Napa,055,140530,12714,12641,101,12742,96
2021-10-10,Nevada,057,99092,8777,8689,307,8996,90
2021-10-10,Orange,059,3164182,301990,299787,14559,314346,5499
2021-10-10,Placer,061,380077,35539,35128,3428,38556,404
2021-10-10,Plumas,063,18699,1555,1468,25,1493,6
2021-10-10,Riverside,065,2383286,355326,351248,16209,367457,4973
2021-10-10,Sacramento,067,1510023,153426,152405,4188,156593,2178
2021-10-10,San Benito,069,59416,7188,7180,157,7337,71
2021-10-10,San Bernardino,071,2135413,346646,344423,10862,355285,5551
2021-10-10,San Diego,073,3302833,363393,361038,21357,382395,4113
2021-10-10,San Francisco,075,870044,51791,51216,2243,53459,643
2021-10-10,San Joaquin,077,732212,96948,96084,5237,101321,1681
2021-10-10,San Luis Obispo,079,281455,28750,28343,1180,29523,326
2021-10-10,San Mateo,081,765935,53084,52273,822,53095,569
2021-10-10,Santa Barbara,083,443738,43360,42987,1522,44509,515
2021-10-10,Santa Clara,085,1922200,143872,142768,1218,143986,1881
2021-10-10,Santa Cruz,087,273765,19935,19727,991,20718,217
2021-10-10,Shasta,089,179085,20034,19635,3341,22976,296
2021-10-10,Sierra,091,2930,164,147,17,164,0
2021-10-10,Siskiyou,093,43540,3242,3155,1204,4359,42
2021-10-10,Solano,095,438530,45064,44431,1201,45632,329
2021-10-10,Sonoma,097,501317,40269,40027,508,40535,390
2021-10-10,Stanislaus,099,539301,75312,75403,8532,83935,1118
2021-10-10,Sutter,101,95872,13439,13412,296,13708,165
2021-10-10,Tehama,103,63373,7916,7764,1335,9099,102
2021-10-10,Trinity,105,12862,808,669,206,875,11
2021-10-10,Tulare,107,460477,65290,63930,13804,77734,940
2021-10-10,Tuolumne,109,53932,6663,6580,81,6661,89
2021-10-10,Ventura,111,848112,96501,95829,4236,100065,1160
2021-10-10,Yolo,113,214977,19192,18952,1041,19993,247
2021-10-10,Yuba,115,75493,9744,9641,244,9885,69
2021-10-09,Alameda,001,1643700,117133,116253,2703,118956,1356
2021-10-09,Alpine,003,1148,99,102,0,102,0
2021-10-09,Amador,005,37829,5326,5237,57,5294,62
2021-10-09,Butte,007,227075,19810,19277,3582,22859,250
2021-10-09,Calaveras,009,45235,3763,3716,42,3758,75
2021-10-09,Colusa,011,21464,2452,2419,583,3002,18
2021-10-09,Contra Costa,013,1133247,97214,96378,2069,98447,958
2021-10-09,Del Norte,015,27424,3585,3495,48,3543,39
2021-10-09,El Dorado,017,186661,15456,15153,1629,16782,144
2021-10-09,Fresno,019,978130,133116,130508,12076,142584,2018
2021-10-09,Glenn,021,27897,3360,3277,968,4245,26
2021-10-09,Humboldt,023,135768,8629,8448,464,8912,97
2021-10-09,Imperial,025,180216,32399,31989,3100,35089,760
2021-10-09,Inyo,027,18085,1928,1808,40,1848,39
2021-10-09,Kern,029,883053,121966,119795,19988,139783,1559
2021-10-09,Kings,031,150075,30630,29894,1788,31682,308
2021-10-09,Lake,033,64148,6426,6283,127,6410,97
2021-10-09,Lassen,035,31185,6605,6442,314,6756,25
2021-10-09,Los Angeles,037,10098052,1416384,1402810,52820,1455630,26280
2021-10-09,Madera,039,155013,21856,21313,1875,23188,271
2021-10-09,Marin,041,260295,17213,17049,427,17476,242
2021-10-09,Mariposa,043,17540,1114,1042,38,1080,5
2021-10-09,Mendocino,045,87422,7145,7011,426,7437,82
2021-10-09,Merced,047,269075,40178,39784,1669,41453,565
2021-10-09,Modoc,049,8938,500,477,175,652,5
2021-10-09,Mono,051,14174,1633,1577,20,1597,3
2021-10-09,Monterey,053,433212,48089,47168,2741,49909,577
2021-10-09,Napa,055,140530,12710,12586,101,12687,96
2021-10-09,Nevada,057,99092,8766,8613,306,8919,90
2021-10-09,Orange,059,3164182,301809,299089,14540,313629,5457
2021-10-09,Placer,061,380077,35501,34877,3421,38298,393
2021-10-09,Plumas,063,18699,1544,1418,25,1443,6
2021-10-09,Riverside,065,2383286,355074,350082,16192,366274,4965
2021-10-09,Sacramento,067,1510023,153216,151566,4175,155741,2160
2021-10-09,San Benito,069,59416,7180,7123,157,7280,71
2021-10-09,San Bernardino,071,2135413,346461,343452,10858,354310,5556
2021-10-09,San Diego,073,3302833,363087,359909,21352,381261,4111
2021-10-09,San Francisco,075,870044,51743,50960,2236,53196,643
2021-10-09,San Joaquin,077,732212,96882,95606,5232,100838,1669
2021-10-09,San Luis Obispo,079,281455,28733,28197,1178,29375,324
2021-10-09,San Mateo,081,765935,53052,52121,821,52942,569
2021-10-09,Santa Barbara,083,443738,43333,42735,1522,44257,514
2021-10-09,Santa Clara,085,1922200,143748,142298,1212,143510,1873
2021-10-09,Santa Cruz,087,273765,19925,19635,990,20625,217
2021-10-09,Shasta,089,179085,19983,19437,3336,22773,290
2021-10-09,Sierra,091,2930,161,141,17,158,0
2021-10-09,Siskiyou,093,43540,3241,3124,1203,4327,42
2021-10-09,Solano,095,438530,45047,44265,1200,45465,329
2021-10-09,Sonoma,097,501317,40225,39848,507,40355,387
2021-10-09,Stanislaus,099,539301,75222,74899,8521,83420,1114
2021-10-09,Sutter,101,95872,13430,13314,294,13608,165
2021-10-09,Tehama,103,63373,7905,7670,1330,9000,99
2021-10-09,Trinity,105,12862,807,660,206,866,11
2021-10-09,Tulare,107,460477,65182,63398,13782,77180,932
2021-10-09,Tuolumne,109,53932,6644,6521,81,6602,89
2021-10-09,Ventura,111,848112,96447,95542,4233,99775,1158
2021-10-09,Yolo,113,214977,19170,18850,1038,19888,247
2021-10-09,Yuba,115,75493,9732,9551,242,9793,69
2021-10-08,Alameda,001,1643700,117052,116253,2699,118952,1356
2021-10-08,Alpine,003,1148,99,102,0,102,0
2021-10-08,Amador,005,37829,5313,5237,57,5294,62
2021-10-08,Butte,007,227075,19781,19277,3578,22855,250
2021-10-08,Calaveras,009,45235,3758,3716,42,3758,75
2021-10-08,Colusa,011,21464,2450,2419,583,3002,18
2021-10-08,Contra Costa,013,1133247,97170,96378,2064,98442,958
2021-10-08,Del Norte,015,27424,3584,3495,48,3543,39
2021-10-08,El Dorado,017,186661,15436,15153,1625,16778,144
2021-10-08,Fresno,019,978130,132920,130508,12055,142563,2018
2021-10-08,Glenn,021,27897,3352,3277,966,4243,26
2021-10-08,Humboldt,023,135768,8618,8448,461,8909,97
2021-10-08,Imperial,025,180216,32369,31989,3096,35085,760
2021-10-08,Inyo,027,18085,1910,1808,40,1848,39
2021-10-08,Kern,029,883053,121829,119795,19946,139741,1559
2021-10-08,Kings,031,150075,30536,29894,1787,31681,308
2021-10-08,Lake,033,64148,6418,6283,127,6410,97
2021-10-08,Lassen,035,31185,6591,6442,311,6753,25
2021-10-08,Los Angeles,037,10098052,1415723,1402810,52783,1455593,26280
2021-10-08,Madera,039,155013,21797,21313,1868,23181,271
2021-10-08,Marin,041,260295,17202,17049,426,17475,242
2021-10-08,Mariposa,043,17540,1107,1042,36,1078,5
2021-10-08,Mendocino,045,87422,7132,7011,426,7437,82
2021-10-08,Merced,047,269075,40146,39784,1666,41450,565
2021-10-08,Modoc,049,8938,498,477,175,652,5
2021-10-08,Mono,051,14174,1630,1577,20,1597,3
2021-10-08,Monterey,053,433212,48062,47168,2739,49907,577
2021-10-08,Napa,055,140530,12694,12586,101,12687,96
2021-10-08,Nevada,057,99092,8753,8613,306,8919,90
2021-10-08,Orange,059,3164182,301662,299089,14520,313609,5457
2021-10-08,Placer,061,380077,35463,34877,3414,38291,393
2021-10-08,Plumas,063,18699,1532,1418,25,1443,6
2021-10-08,Riverside,065,2383286,354805,350082,16181,366263,4965
2021-10-08,Sacramento,067,1510023,153051,151566,4161,155727,2160
2021-10-08,San Benito,069,59416,7176,7123,155,7278,71
2021-10-08,San Bernardino,071,2135413,346252,343452,10850,354302,5556
2021-10-08,San Diego,073,3302833,362761,359909,21333,381242,4111
2021-10-08,San Francisco,075,870044,51696,50960,2227,53187,643
2021-10-08,San Joaquin,077,732212,96814,95606,5226,100832,1669
2021-10-08,San Luis Obispo,079,281455,28706,28197,1177,29374,324
2021-10-08,San Mateo,081,765935,53024,52121,821,52942,569
2021-10-08,Santa Barbara,083,443738,43298,42735,1521,44256,514
2021-10-08,Santa Clara,085,1922200,143635,142298,1207,143505,1873
2021-10-08,Santa Cruz,087,273765,19910,19635,990,20625,217
2021-10-08,Shasta,089,179085,19941,19437,3330,22767,290
2021-10-08,Sierra,091,2930,159,141,15,156,0
2021-10-08,Siskiyou,093,43540,3233,3124,1202,4326,42
2021-10-08,Solano,095,438530,45008,44265,1199,45464,329
2021-10-08,Sonoma,097,501317,40189,39848,507,40355,387
2021-10-08,Stanislaus,099,539301,75153,74899,8512,83411,1114
2021-10-08,Sutter,101,95872,13416,13314,292,13606,165
2021-10-08,Tehama,103,63373,7888,7670,1328,8998,99
2021-10-08,Trinity,105,12862,806,660,206,866,11
2021-10-08,Tulare,107,460477,65064,63398,13750,77148,932
2021-10-08,Tuolumne,109,53932,6621,6521,81,6602,89
2021-10-08,Ventura,111,848112,96396,95542,4227,99769,1158
2021-10-08,Yolo,113,214977,19157,18850,1034,19884,247
2021-10-08,Yuba,115,75493,9712,9551,241,9792,69
2021-10-07,Alameda,001,1643700,116932,116253,2698,118951,1356
2021-10-07,Alpine,003,1148,99,102,0,102,0
2021-10-07,Amador,005,37829,5306,5237,57,5294,62
2021-10-07,Butte,007,227075,19732,19277,3567,22844,250
2021-10-07,Calaveras,009,45235,3746,3716,42,3758,75
2021-10-07,Colusa,011,21464,2447,2419,577,2996,18
2021-10-07,Contra Costa,013,1133247,97047,96378,2060,98438,958
2021-10-07,Del Norte,015,27424,3581,3495,48,3543,39
2021-10-07,El Dorado,017,186661,15399,15153,1621,16774,144
2021-10-07,Fresno,019,978130,132645,130508,12031,142539,2018
2021-10-07,Glenn,021,27897,3345,3277,964,4241,26
2021-10-07,Humboldt,023,135768,8592,8448,458,8906,97
2021-10-07,Imperial,025,180216,32298,31989,3083,35072,760
2021-10-07,Inyo,027,18085,1891,1808,40,1848,39
2021-10-07,Kern,029,883053,121598,119795,19880,139675,1559
2021-10-07,Kings,031,150075,30471,29894,1781,31675,308
2021-10-07,Lake,033,64148,6407,6283,127,6410,97
2021-10-07,Lassen,035,31185,6573,6442,309,6751,25
2021-10-07,Los Angeles,037,10098052,1414768,1402810,52739,1455549,26280
2021-10-07,Madera,039,155013,21724,21313,1854,23167,271
2021-10-07,Marin,041,260295,17184,17049,426,17475,242
2021-10-07,Mariposa,043,17540,1099,1042,36,1078,5
2021-10-07,Mendocino,045,87422,7122,7011,422,7433,82
2021-10-07,Merced,047,269075,40079,39784,1649,41433,565
2021-10-07,Modoc,049,8938,495,477,174,651,5
2021-10-07,Mono,051,14174,1622,1577,20,1597,3
2021-10-07,Monterey,053,433212,48037,47168,2730,49898,577
2021-10-07,Napa,055,140530,12679,12586,101,12687,96
2021-10-07,Nevada,057,99092,8725,8613,306,8919,90
2021-10-07,Orange,059,3164182,301436,299089,14506,313595,5457
2021-10-07,Placer,061,380077,35401,34877,3407,38284,393
2021-10-07,Plumas,063,18699,1515,1418,25,1443,6
2021-10-07,Riverside,065,2383286,354472,350082,16169,366251,4965
2021-10-07,Sacramento,067,1510023,152769,151566,4134,155700,2160
2021-10-07,San Benito,069,59416,7160,7123,153,7276,71
2021-10-07,San Bernardino,071,2135413,345980,343452,10842,354294,5556
2021-10-07,San Diego,073,3302833,362366,359909,21312,381221,4111
2021-10-07,San Francisco,075,870044,51625,50960,2224,53184,643
2021-10-07,San Joaquin,077,732212,96660,95606,5218,100824,1669
2021-10-07,San Luis Obispo,079,281455,28655,28197,1175,29372,324
2021-10-07,San Mateo,081,765935,52984,52121,820,52941,569
2021-10-07,Santa Barbara,083,443738,43230,42735,1515,44250,514
2021-10-07,Santa Clara,085,1922200,143486,142298,1201,143499,1873
2021-10-07,Santa Cruz,087,273765,19890,19635,989,20624,217
2021-10-07,Shasta,089,179085,19852,19437,3315,22752,290
2021-10-07,Sierra,091,2930,158,141,15,156,0
2021-10-07,Siskiyou,093,43540,3229,3124,1197,4321,42
2021-10-07,Solano,095,438530,44963,44265,1195,45460,329
2021-10-07,Sonoma,097,501317,40152,39848,505,40353,387
2021-10-07,Stanislaus,099,539301,74991,74899,8487,83386,1114
2021-10-07,Sutter,101,95872,13394,13314,289,13603,165
2021-10-07,Tehama,103,63373,7855,7670,1322,8992,99
2021-10-07,Trinity,105,12862,804,660,206,866,11
2021-10-07,Tulare,107,460477,64896,63398,13713,77111,932
2021-10-07,Tuolumne,109,53932,6599,6521,81,6602,89
2021-10-07,Ventura,111,848112,96323,95542,4224,99766,1158
2021-10-07,Yolo,113,214977,19124,18850,1029,19879,247
2021-10-07,Yuba,115,75493,9686,9551,234,9785,69
2021-10-06,Alameda,001,1643700,116794,116058,2692,118750,1353
2021-10-06,Alpine,003,1148,99,102,0,102,0
2021-10-06,Amador,005,37829,5303,5205,57,5262,62
2021-10-06,Butte,007,227075,19670,19208,3560,22768,247
2021-10-06,Calaveras,009,45235,3737,3669,42,3711,75
2021-10-06,Colusa,011,21464,2445,2414,570,2984,18
2021-10-06,Contra Costa,013,1133247,96922,96184,2056,98240,953
2021-10-06,Del Norte,015,27424,3578,3490,45,3535,39
2021-10-06,El Dorado,017,186661,15374,15078,1618,16696,140
2021-10-06,Fresno,019,978130,132355,130074,12006,142080,2008
2021-10-06,Glenn,021,27897,3336,3270,962,4232,26
2021-10-06,Humboldt,023,135768,8577,8416,452,8868,94
2021-10-06,Imperial,025,180216,32245,31930,3072,35002,760
2021-10-06,Inyo,027,18085,1876,1806,40,1846,39
2021-10-06,Kern,029,883053,121341,119491,19787,139278,1552
2021-10-06,Kings,031,150075,30405,29785,1773,31558,308
2021-10-06,Lake,033,64148,6393,6271,127,6398,97
2021-10-06,Lassen,035,31185,6557,6429,308,6737,25
2021-10-06,Los Angeles,037,10098052,1413809,1401675,52691,1454366,26252
2021-10-06,Madera,039,155013,21669,21230,1844,23074,269
2021-10-06,Marin,041,260295,17175,17042,423,17465,242
2021-10-06,Mariposa,043,17540,1092,1036,36,1072,5
2021-10-06,Mendocino,045,87422,7113,6986,420,7406,81
2021-10-06,Merced,047,269075,40004,39666,1637,41303,563
2021-10-06,Modoc,049,8938,495,477,172,649,5
2021-10-06,Mono,051,14174,1610,1568,20,1588,3
2021-10-06,Monterey,053,433212,48004,47136,2725,49861,577
2021-10-06,Napa,055,140530,12655,12552,100,12652,96
2021-10-06,Nevada,057,99092,8709,8582,305,8887,90
2021-10-06,Orange,059,3164182,301198,298785,14493,313278,5448
2021-10-06,Placer,061,380077,35350,34764,3401,38165,390
2021-10-06,Plumas,063,18699,1492,1383,25,1408,6
2021-10-06,Riverside,065,2383286,354116,349645,16148,365793,4953
2021-10-06,Sacramento,067,1510023,152516,151164,4103,155267,2141
2021-10-06,San Benito,069,59416,7145,7108,153,7261,69
2021-10-06,San Bernardino,071,2135413,345688,343022,10835,353857,5551
2021-10-06,San Diego,073,3302833,361874,359564,21284,380848,4104
2021-10-06,San Francisco,075,870044,51562,50894,2221,53115,641
2021-10-06,San Joaquin,077,732212,96526,95418,5206,100624,1658
2021-10-06,San Luis Obispo,079,281455,28605,28170,1169,29339,323
2021-10-06,San Mateo,081,765935,52934,52056,815,52871,569
2021-10-06,Santa Barbara,083,443738,43147,42687,1513,44200,513
2021-10-06,Santa Clara,085,1922200,143335,142124,1196,143320,1872
2021-10-06,Santa Cruz,087,273765,19861,19604,987,20591,217
2021-10-06,Shasta,089,179085,19777,19325,3302,22627,287
2021-10-06,Sierra,091,2930,156,138,15,153,0
2021-10-06,Siskiyou,093,43540,3219,3116,1190,4306,42
2021-10-06,Solano,095,438530,44929,44185,1194,45379,328
2021-10-06,Sonoma,097,501317,40102,39787,504,40291,383
2021-10-06,Stanislaus,099,539301,74849,74699,8474,83173,1114
2021-10-06,Sutter,101,95872,13373,13284,287,13571,164
2021-10-06,Tehama,103,63373,7819,7629,1315,8944,99
2021-10-06,Trinity,105,12862,801,656,206,862,11
2021-10-06,Tulare,107,460477,64717,63198,13655,76853,926
2021-10-06,Tuolumne,109,53932,6574,6486,81,6567,89
2021-10-06,Ventura,111,848112,96232,95449,4216,99665,1158
2021-10-06,Yolo,113,214977,19092,18815,1024,19839,247
2021-10-06,Yuba,115,75493,9662,9520,233,9753,69
2021-10-05,Alameda,001,1643700,116650,115968,2687,118655,1350
2021-10-05,Alpine,003,1148,99,102,0,102,0
2021-10-05,Amador,005,37829,5282,5194,56,5250,61
2021-10-05,Butte,007,227075,19621,19137,3547,22684,246
2021-10-05,Calaveras,009,45235,3721,3657,42,3699,73
2021-10-05,Colusa,011,21464,2438,2414,569,2983,18
2021-10-05,Contra Costa,013,1133247,96805,96108,2050,98158,941
2021-10-05,Del Norte,015,27424,3576,3485,44,3529,39
2021-10-05,El Dorado,017,186661,15335,15052,1615,16667,140
2021-10-05,Fresno,019,978130,132015,129957,11969,141926,1987
2021-10-05,Glenn,021,27897,3326,3270,958,4228,26
2021-10-05,Humboldt,023,135768,8546,8398,448,8846,94
2021-10-05,Imperial,025,180216,32198,31909,3067,34976,759
2021-10-05,Inyo,027,18085,1859,1800,40,1840,39
2021-10-05,Kern,029,883053,121076,119260,19685,138945,1540
2021-10-05,Kings,031,150075,30330,29749,1767,31516,301
2021-10-05,Lake,033,64148,6372,6264,126,6390,97
2021-10-05,Lassen,035,31185,6538,6417,306,6723,25
2021-10-05,Los Angeles,037,10098052,1412665,1400300,52638,1452938,26223
2021-10-05,Madera,039,155013,21611,21183,1831,23014,269
2021-10-05,Marin,041,260295,17163,17024,423,17447,242
2021-10-05,Mariposa,043,17540,1073,1033,33,1066,5
2021-10-05,Mendocino,045,87422,7097,6972,413,7385,79
2021-10-05,Merced,047,269075,39938,39608,1629,41237,562
2021-10-05,Modoc,049,8938,491,475,171,646,5
2021-10-05,Mono,051,14174,1602,1565,20,1585,3
2021-10-05,Monterey,053,433212,47987,47087,2715,49802,573
2021-10-05,Napa,055,140530,12631,12533,100,12633,96
2021-10-05,Nevada,057,99092,8679,8576,305,8881,90
2021-10-05,Orange,059,3164182,300921,298589,14461,313050,5441
2021-10-05,Placer,061,380077,35270,34728,3394,38122,382
2021-10-05,Plumas,063,18699,1467,1357,25,1382,6
2021-10-05,Riverside,065,2383286,353756,349365,16133,365498,4942
2021-10-05,Sacramento,067,1510023,152242,151111,4075,155186,2126
2021-10-05,San Benito,069,59416,7127,7103,151,7254,69
2021-10-05,San Bernardino,071,2135413,345360,342711,10828,353539,5557
2021-10-05,San Diego,073,3302833,361299,359194,21257,380451,4092
2021-10-05,San Francisco,075,870044,51465,50826,2218,53044,641
2021-10-05,San Joaquin,077,732212,96373,95276,5180,100456,1651
2021-10-05,San Luis Obispo,079,281455,28561,28113,1167,29280,324
2021-10-05,San Mateo,081,765935,52887,52008,815,52823,569
2021-10-05,Santa Barbara,083,443738,43069,42595,1509,44104,511
2021-10-05,Santa Clara,085,1922200,143175,141971,1189,143160,1873
2021-10-05,Santa Cruz,087,273765,19819,19582,987,20569,216
2021-10-05,Shasta,089,179085,19703,19285,3289,22574,286
2021-10-05,Sierra,091,2930,152,136,15,151,0
2021-10-05,Siskiyou,093,43540,3205,3107,1190,4297,42
2021-10-05,Solano,095,438530,44858,44149,1192,45341,325
2021-10-05,Sonoma,097,501317,40047,39756,499,40255,383
2021-10-05,Stanislaus,099,539301,74687,74599,8457,83056,1114
2021-10-05,Sutter,101,95872,13345,13270,286,13556,164
2021-10-05,Tehama,103,63373,7789,7607,1306,8913,98
2021-10-05,Trinity,105,12862,798,655,206,861,11
2021-10-05,Tulare,107,460477,64510,63093,13602,76695,920
2021-10-05,Tuolumne,109,53932,6559,6473,80,6553,89
2021-10-05,Ventura,111,848112,96126,95351,4215,99566,1155
2021-10-05,Yolo,113,214977,19056,18782,1018,19800,245
2021-10-05,Yuba,115,75493,9630,9504,230,9734,69
2021-10-04,Alameda,001,1643700,116488,115845,2684,118529,1347
2021-10-04,Alpine,003,1148,99,102,0,102,0
2021-10-04,Amador,005,37829,5272,5163,55,5218,61
2021-10-04,Butte,007,227075,19544,19081,3535,22616,245
2021-10-04,Calaveras,009,45235,3712,3641,42,3683,73
2021-10-04,Colusa,011,21464,2437,2414,567,2981,18
2021-10-04,Contra Costa,013,1133247,96664,95958,2045,98003,937
2021-10-04,Del Norte,015,27424,3574,3485,40,3525,39
2021-10-04,El Dorado,017,186661,15288,15031,1608,16639,138
2021-10-04,Fresno,019,978130,131705,129665,11939,141604,1978
2021-10-04,Glenn,021,27897,3319,3270,955,4225,26
2021-10-04,Humboldt,023,135768,8514,8355,440,8795,94
2021-10-04,Imperial,025,180216,32149,31866,3060,34926,757
2021-10-04,Inyo,027,18085,1847,1792,37,1829,39
2021-10-04,Kern,029,883053,120785,118984,19564,138548,1531
2021-10-04,Kings,031,150075,30237,29702,1764,31466,303
2021-10-04,Lake,033,64148,6359,6248,126,6374,97
2021-10-04,Lassen,035,31185,6521,6405,306,6711,25
2021-10-04,Los Angeles,037,10098052,1411548,1399604,52580,1452184,26186
2021-10-04,Madera,039,155013,21547,21126,1819,22945,266
2021-10-04,Marin,041,260295,17147,17008,422,17430,242
2021-10-04,Mariposa,043,17540,1061,1024,33,1057,5
2021-10-04,Mendocino,045,87422,7079,6947,410,7357,79
2021-10-04,Merced,047,269075,39822,39565,1613,41178,558
2021-10-04,Modoc,049,8938,488,473,171,644,5
2021-10-04,Mono,051,14174,1594,1561,20,1581,3
2021-10-04,Monterey,053,433212,47966,47058,2708,49766,571
2021-10-04,Napa,055,140530,12607,12506,100,12606,96
2021-10-04,Nevada,057,99092,8659,8563,305,8868,90
2021-10-04,Orange,059,3164182,300625,298165,14429,312594,5438
2021-10-04,Placer,061,380077,35188,34630,3366,37996,379
2021-10-04,Plumas,063,18699,1445,1329,25,1354,6
2021-10-04,Riverside,065,2383286,353376,348828,16123,364951,4923
2021-10-04,Sacramento,067,1510023,151918,150887,4048,154935,2115
2021-10-04,San Benito,069,59416,7114,7099,151,7250,69
2021-10-04,San Bernardino,071,2135413,345000,342418,10816,353234,5551
2021-10-04,San Diego,073,3302833,360733,358525,21226,379751,4090
2021-10-04,San Francisco,075,870044,51370,50798,2214,53012,638
2021-10-04,San Joaquin,077,732212,96176,95198,5160,100358,1649
2021-10-04,San Luis Obispo,079,281455,28516,28090,1161,29251,323
2021-10-04,San Mateo,081,765935,52827,51958,814,52772,569
2021-10-04,Santa Barbara,083,443738,42984,42585,1508,44093,511
2021-10-04,Santa Clara,085,1922200,143030,141840,1183,143023,1869
2021-10-04,Santa Cruz,087,273765,19790,19559,986,20545,216
2021-10-04,Shasta,089,179085,19596,19170,3275,22445,279
2021-10-04,Sierra,091,2930,145,136,14,150,0
2021-10-04,Siskiyou,093,43540,3196,3103,1175,4278,42
2021-10-04,Solano,095,438530,44799,44092,1188,45280,322
2021-10-04,Sonoma,097,501317,39981,39720,499,40219,381
2021-10-04,Stanislaus,099,539301,74535,74444,8438,82882,1106
2021-10-04,Sutter,101,95872,13316,13261,285,13546,164
2021-10-04,Tehama,103,63373,7748,7585,1300,8885,95
2021-10-04,Trinity,105,12862,797,649,205,854,11
2021-10-04,Tulare,107,460477,64322,62957,13533,76490,920
2021-10-04,Tuolumne,109,53932,6533,6442,80,6522,89
2021-10-04,Ventura,111,848112,96034,95170,4209,99379,1153
2021-10-04,Yolo,113,214977,19012,18761,1014,19775,242
2021-10-04,Yuba,115,75493,9591,9481,228,9709,68
2021-10-03,Alameda,001,1643700,116346,115751,2674,118425,1349
2021-10-03,Alpine,003,1148,99,102,0,102,0
2021-10-03,Amador,005,37829,5254,5160,53,5213,61
2021-10-03,Butte,007,227075,19471,19066,3518,22584,245
2021-10-03,Calaveras,009,45235,3695,3632,42,3674,73
2021-10-03,Colusa,011,21464,2436,2413,564,2977,18
2021-10-03,Contra Costa,013,1133247,96532,95890,2038,97928,937
2021-10-03,Del Norte,015,27424,3568,3483,39,3522,39
2021-10-03,El Dorado,017,186661,15229,15014,1601,16615,139
2021-10-03,Fresno,019,978130,131324,129365,11897,141262,1978
2021-10-03,Glenn,021,27897,3312,3266,947,4213,26
2021-10-03,Humboldt,023,135768,8469,8352,436,8788,94
2021-10-03,Imperial,025,180216,32082,31844,3052,34896,757
2021-10-03,Inyo,027,18085,1826,1788,37,1825,39
2021-10-03,Kern,029,883053,120480,118851,19442,138293,1535
2021-10-03,Kings,031,150075,30136,29623,1757,31380,300
2021-10-03,Lake,033,64148,6333,6239,126,6365,97
2021-10-03,Lassen,035,31185,6499,6400,304,6704,25
2021-10-03,Los Angeles,037,10098052,1410282,1398790,52525,1451315,26179
2021-10-03,Madera,039,155013,21475,21066,1809,22875,266
2021-10-03,Marin,041,260295,17124,16995,417,17412,242
2021-10-03,Mariposa,043,17540,1054,1011,33,1044,5
2021-10-03,Mendocino,045,87422,7059,6939,401,7340,79
2021-10-03,Merced,047,269075,39715,39516,1593,41109,558
2021-10-03,Modoc,049,8938,487,472,170,642,5
2021-10-03,Mono,051,14174,1590,1554,20,1574,3
2021-10-03,Monterey,053,433212,47941,47049,2697,49746,571
2021-10-03,Napa,055,140530,12579,12489,98,12587,96
2021-10-03,Nevada,057,99092,8624,8545,305,8850,90
2021-10-03,Orange,059,3164182,300343,298027,14409,312436,5447
2021-10-03,Placer,061,380077,35049,34596,3349,37945,379
2021-10-03,Plumas,063,18699,1417,1328,25,1353,6
2021-10-03,Riverside,065,2383286,352945,348593,16102,364695,4924
2021-10-03,Sacramento,067,1510023,151629,150664,4019,154683,2120
2021-10-03,San Benito,069,59416,7105,7095,151,7246,69
2021-10-03,San Bernardino,071,2135413,344587,342302,10809,353111,5555
2021-10-03,San Diego,073,3302833,360154,358153,21194,379347,4081
2021-10-03,San Francisco,075,870044,51282,50733,2211,52944,638
2021-10-03,San Joaquin,077,732212,95987,95133,5152,100285,1649
2021-10-03,San Luis Obispo,079,281455,28449,28065,1156,29221,325
2021-10-03,San Mateo,081,765935,52760,51923,813,52736,569
2021-10-03,Santa Barbara,083,443738,42888,42550,1500,44050,511
2021-10-03,Santa Clara,085,1922200,142860,141737,1175,142912,1869
2021-10-03,Santa Cruz,087,273765,19750,19548,984,20532,216
2021-10-03,Shasta,089,179085,19491,19132,3247,22379,279
2021-10-03,Sierra,091,2930,142,136,14,150,0
2021-10-03,Siskiyou,093,43540,3183,3096,1164,4260,42
2021-10-03,Solano,095,438530,44735,44051,1185,45236,322
2021-10-03,Sonoma,097,501317,39915,39679,499,40178,381
2021-10-03,Stanislaus,099,539301,74347,74366,8420,82786,1106
2021-10-03,Sutter,101,95872,13301,13248,281,13529,164
2021-10-03,Tehama,103,63373,7705,7564,1295,8859,94
2021-10-03,Trinity,105,12862,793,647,203,850,11
2021-10-03,Tulare,107,460477,64118,62860,13460,76320,924
2021-10-03,Tuolumne,109,53932,6504,6430,78,6508,89
2021-10-03,Ventura,111,848112,95929,95108,4206,99314,1153
2021-10-03,Yolo,113,214977,18983,18720,1006,19726,242
2021-10-03,Yuba,115,75493,9573,9462,227,9689,68
2021-10-02,Alameda,001,1643700,116238,115185,2670,117855,1343
2021-10-02,Alpine,003,1148,99,102,0,102,0
2021-10-02,Amador,005,37829,5245,5105,53,5158,61
2021-10-02,Butte,007,227075,19440,18911,3510,22421,243
2021-10-02,Calaveras,009,45235,3688,3585,42,3627,72
2021-10-02,Colusa,011,21464,2435,2403,562,2965,18
2021-10-02,Contra Costa,013,1133247,96461,95369,2034,97403,933
2021-10-02,Del Norte,015,27424,3563,3468,39,3507,39
2021-10-02,El Dorado,017,186661,15203,14887,1600,16487,136
2021-10-02,Fresno,019,978130,131153,128450,11884,140334,1964
2021-10-02,Glenn,021,27897,3307,3234,947,4181,26
2021-10-02,Humboldt,023,135768,8450,8244,436,8680,94
2021-10-02,Imperial,025,180216,32047,31674,3049,34723,757
2021-10-02,Inyo,027,18085,1817,1746,37,1783,39
2021-10-02,Kern,029,883053,120347,117962,19360,137322,1524
2021-10-02,Kings,031,150075,30087,29339,1753,31092,301
2021-10-02,Lake,033,64148,6324,6191,126,6317,97
2021-10-02,Lassen,035,31185,6494,6360,304,6664,25
2021-10-02,Los Angeles,037,10098052,1409674,1395070,52489,1447559,26126
2021-10-02,Madera,039,155013,21450,20931,1800,22731,266
2021-10-02,Marin,041,260295,17119,16936,414,17350,242
2021-10-02,Mariposa,043,17540,1052,967,33,1000,5
2021-10-02,Mendocino,045,87422,7049,6869,401,7270,78
2021-10-02,Merced,047,269075,39688,39196,1589,40785,552
2021-10-02,Modoc,049,8938,485,468,170,638,5
2021-10-02,Mono,051,14174,1588,1540,20,1560,3
2021-10-02,Monterey,053,433212,47886,46964,2696,49660,571
2021-10-02,Napa,055,140530,12568,12433,98,12531,96
2021-10-02,Nevada,057,99092,8613,8474,304,8778,87
2021-10-02,Orange,059,3164182,300178,297307,14389,311696,5435
2021-10-02,Placer,061,380077,34983,34377,3340,37717,381
2021-10-02,Plumas,063,18699,1406,1298,25,1323,6
2021-10-02,Riverside,065,2383286,352704,347227,16091,363318,4895
2021-10-02,Sacramento,067,1510023,151455,149897,4011,153908,2099
2021-10-02,San Benito,069,59416,7098,7055,151,7206,69
2021-10-02,San Bernardino,071,2135413,344403,341212,10757,351969,5540
2021-10-02,San Diego,073,3302833,359837,356454,21172,377626,4078
2021-10-02,San Francisco,075,870044,51233,50393,2206,52599,634
2021-10-02,San Joaquin,077,732212,95922,94599,5146,99745,1646
2021-10-02,San Luis Obispo,079,281455,28425,27915,1156,29071,323
2021-10-02,San Mateo,081,765935,52719,51767,809,52576,573
2021-10-02,Santa Barbara,083,443738,42848,42423,1500,43923,508
2021-10-02,Santa Clara,085,1922200,142746,141231,1171,142402,1862
2021-10-02,Santa Cruz,087,273765,19733,19461,983,20444,214
2021-10-02,Shasta,089,179085,19445,18912,3241,22153,270
2021-10-02,Sierra,091,2930,141,131,14,145,0
2021-10-02,Siskiyou,093,43540,3182,3053,1161,4214,42
2021-10-02,Solano,095,438530,44690,43800,1184,44984,321
2021-10-02,Sonoma,097,501317,39881,39497,498,39995,382
2021-10-02,Stanislaus,099,539301,74261,73859,8407,82266,1099
2021-10-02,Sutter,101,95872,13292,13160,280,13440,160
2021-10-02,Tehama,103,63373,7690,7453,1295,8748,93
2021-10-02,Trinity,105,12862,790,625,203,828,10
2021-10-02,Tulare,107,460477,64042,62247,13433,75680,908
2021-10-02,Tuolumne,109,53932,6490,6369,78,6447,89
2021-10-02,Ventura,111,848112,95857,94854,4201,99055,1148
2021-10-02,Yolo,113,214977,18958,18640,1002,19642,242
2021-10-02,Yuba,115,75493,9554,9370,226,9596,66
2021-10-01,Alameda,001,1643700,116162,115185,2663,117848,1343
2021-10-01,Alpine,003,1148,99,102,0,102,0
2021-10-01,Amador,005,37829,5225,5105,53,5158,61
2021-10-01,Butte,007,227075,19399,18911,3503,22414,243
2021-10-01,Calaveras,009,45235,3678,3585,42,3627,72
2021-10-01,Colusa,011,21464,2433,2403,562,2965,18
2021-10-01,Contra Costa,013,1133247,96364,95369,2030,97399,933
2021-10-01,Del Norte,015,27424,3560,3468,38,3506,39
2021-10-01,El Dorado,017,186661,15186,14887,1596,16483,136
2021-10-01,Fresno,019,978130,130965,128450,11874,140324,1964
2021-10-01,Glenn,021,27897,3305,3234,946,4180,26
2021-10-01,Humboldt,023,135768,8433,8244,436,8680,94
2021-10-01,Imperial,025,180216,32028,31674,3040,34714,757
2021-10-01,Inyo,027,18085,1808,1746,37,1783,39
2021-10-01,Kern,029,883053,120194,117962,19302,137264,1524
2021-10-01,Kings,031,150075,30053,29339,1747,31086,301
2021-10-01,Lake,033,64148,6314,6191,126,6317,97
2021-10-01,Lassen,035,31185,6483,6360,303,6663,25
2021-10-01,Los Angeles,037,10098052,1408912,1395070,52445,1447515,26126
2021-10-01,Madera,039,155013,21400,20931,1791,22722,266
2021-10-01,Marin,041,260295,17104,16936,413,17349,242
2021-10-01,Mariposa,043,17540,1045,967,33,1000,5
2021-10-01,Mendocino,045,87422,7037,6869,401,7270,78
2021-10-01,Merced,047,269075,39644,39196,1580,40776,552
2021-10-01,Modoc,049,8938,484,468,170,638,5
2021-10-01,Mono,051,14174,1585,1540,20,1560,3
2021-10-01,Monterey,053,433212,47865,46964,2693,49657,571
2021-10-01,Napa,055,140530,12558,12433,97,12530,96
2021-10-01,Nevada,057,99092,8599,8474,303,8777,87
2021-10-01,Orange,059,3164182,299994,297307,14369,311676,5435
2021-10-01,Placer,061,380077,34949,34377,3336,37713,381
2021-10-01,Plumas,063,18699,1397,1298,25,1323,6
2021-10-01,Riverside,065,2383286,352411,347227,16083,363310,4895
2021-10-01,Sacramento,067,1510023,151303,149897,4000,153897,2099
2021-10-01,San Benito,069,59416,7096,7055,149,7204,69
2021-10-01,San Bernardino,071,2135413,344203,341212,10754,351966,5540
2021-10-01,San Diego,073,3302833,359477,356454,21151,377605,4078
2021-10-01,San Francisco,075,870044,51192,50393,2204,52597,634
2021-10-01,San Joaquin,077,732212,95852,94599,5142,99741,1646
2021-10-01,San Luis Obispo,079,281455,28401,27915,1153,29068,323
2021-10-01,San Mateo,081,765935,52679,51767,806,52573,573
2021-10-01,Santa Barbara,083,443738,42812,42423,1500,43923,508
2021-10-01,Santa Clara,085,1922200,142653,141231,1166,142397,1862
2021-10-01,Santa Cruz,087,273765,19713,19461,982,20443,214
2021-10-01,Shasta,089,179085,19391,18912,3233,22145,270
2021-10-01,Sierra,091,2930,141,131,14,145,0
2021-10-01,Siskiyou,093,43540,3181,3053,1158,4211,42
2021-10-01,Solano,095,438530,44638,43800,1178,44978,321
2021-10-01,Sonoma,097,501317,39849,39497,497,39994,382
2021-10-01,Stanislaus,099,539301,74177,73859,8396,82255,1099
2021-10-01,Sutter,101,95872,13276,13160,278,13438,160
2021-10-01,Tehama,103,63373,7678,7453,1293,8746,93
2021-10-01,Trinity,105,12862,788,625,203,828,10
2021-10-01,Tulare,107,460477,63939,62247,13398,75645,908
2021-10-01,Tuolumne,109,53932,6473,6369,78,6447,89
2021-10-01,Ventura,111,848112,95790,94854,4196,99050,1148
2021-10-01,Yolo,113,214977,18934,18640,998,19638,242
2021-10-01,Yuba,115,75493,9532,9370,226,9596,66
2021-09-30,Alameda,001,1643700,116016,115185,2660,117845,1343
2021-09-30,Alpine,003,1148,99,102,0,102,0
2021-09-30,Amador,005,37829,5213,5105,53,5158,61
2021-09-30,Butte,007,227075,19350,18911,3494,22405,243
2021-09-30,Calaveras,009,45235,3664,3585,42,3627,72
2021-09-30,Colusa,011,21464,2430,2403,561,2964,18
2021-09-30,Contra Costa,013,1133247,96259,95369,2024,97393,933
2021-09-30,Del Norte,015,27424,3556,3468,35,3503,39
2021-09-30,El Dorado,017,186661,15160,14887,1588,16475,136
2021-09-30,Fresno,019,978130,130689,128450,11840,140290,1964
2021-09-30,Glenn,021,27897,3295,3234,944,4178,26
2021-09-30,Humboldt,023,135768,8401,8244,430,8674,94
2021-09-30,Imperial,025,180216,31976,31674,3038,34712,757
2021-09-30,Inyo,027,18085,1798,1746,37,1783,39
2021-09-30,Kern,029,883053,119950,117962,19220,137182,1524
2021-09-30,Kings,031,150075,29963,29339,1743,31082,301
2021-09-30,Lake,033,64148,6296,6191,126,6317,97
2021-09-30,Lassen,035,31185,6469,6360,303,6663,25
2021-09-30,Los Angeles,037,10098052,1407708,1395070,52385,1447455,26126
2021-09-30,Madera,039,155013,21317,20931,1776,22707,266
2021-09-30,Marin,041,260295,17084,16936,412,17348,242
2021-09-30,Mariposa,043,17540,1023,967,33,1000,5
2021-09-30,Mendocino,045,87422,7028,6869,392,7261,78
2021-09-30,Merced,047,269075,39547,39196,1576,40772,552
2021-09-30,Modoc,049,8938,484,468,169,637,5
2021-09-30,Mono,051,14174,1577,1540,20,1560,3
2021-09-30,Monterey,053,433212,47835,46964,2681,49645,571
2021-09-30,Napa,055,140530,12538,12433,97,12530,96
2021-09-30,Nevada,057,99092,8582,8474,302,8776,87
2021-09-30,Orange,059,3164182,299722,297307,14330,311637,5435
2021-09-30,Placer,061,380077,34895,34377,3316,37693,381
2021-09-30,Plumas,063,18699,1379,1298,25,1323,6
2021-09-30,Riverside,065,2383286,351978,347227,16062,363289,4895
2021-09-30,Sacramento,067,1510023,151042,149897,3974,153871,2099
2021-09-30,San Benito,069,59416,7090,7055,149,7204,69
2021-09-30,San Bernardino,071,2135413,343891,341212,10740,351952,5540
2021-09-30,San Diego,073,3302833,358996,356454,21125,377579,4078
2021-09-30,San Francisco,075,870044,51115,50393,2200,52593,634
2021-09-30,San Joaquin,077,732212,95722,94599,5134,99733,1646
2021-09-30,San Luis Obispo,079,281455,28353,27915,1149,29064,323
2021-09-30,San Mateo,081,765935,52630,51767,803,52570,573
2021-09-30,Santa Barbara,083,443738,42755,42423,1499,43922,508
2021-09-30,Santa Clara,085,1922200,142503,141231,1163,142394,1862
2021-09-30,Santa Cruz,087,273765,19673,19461,981,20442,214
2021-09-30,Shasta,089,179085,19329,18912,3218,22130,270
2021-09-30,Sierra,091,2930,140,131,14,145,0
2021-09-30,Siskiyou,093,43540,3173,3053,1153,4206,42
2021-09-30,Solano,095,438530,44584,43800,1175,44975,321
2021-09-30,Sonoma,097,501317,39800,39497,497,39994,382
2021-09-30,Stanislaus,099,539301,74017,73859,8377,82236,1099
2021-09-30,Sutter,101,95872,13255,13160,278,13438,160
2021-09-30,Tehama,103,63373,7641,7453,1281,8734,93
2021-09-30,Trinity,105,12862,784,625,203,828,10
2021-09-30,Tulare,107,460477,63763,62247,13340,75587,908
2021-09-30,Tuolumne,109,53932,6450,6369,78,6447,89
2021-09-30,Ventura,111,848112,95685,94854,4189,99043,1148
2021-09-30,Yolo,113,214977,18895,18640,995,19635,242
2021-09-30,Yuba,115,75493,9509,9370,225,9595,66
2021-09-29,Alameda,001,1643700,115872,114998,2657,117655,1339
2021-09-29,Alpine,003,1148,99,101,0,101,0
2021-09-29,Amador,005,37829,5191,5058,53,5111,61
2021-09-29,Butte,007,227075,19296,18835,3487,22322,242
2021-09-29,Calaveras,009,45235,3647,3553,41,3594,72
2021-09-29,Colusa,011,21464,2428,2401,561,2962,18
2021-09-29,Contra Costa,013,1133247,96145,95213,2016,97229,929
2021-09-29,Del Norte,015,27424,3550,3467,35,3502,39
2021-09-29,El Dorado,017,186661,15126,14834,1581,16415,136
2021-09-29,Fresno,019,978130,130389,128068,11819,139887,1957
2021-09-29,Glenn,021,27897,3290,3213,942,4155,26
2021-09-29,Humboldt,023,135768,8377,8203,429,8632,94
2021-09-29,Imperial,025,180216,31909,31600,3033,34633,757
2021-09-29,Inyo,027,18085,1788,1740,36,1776,39
2021-09-29,Kern,029,883053,119715,117605,19144,136749,1513
2021-09-29,Kings,031,150075,29881,29195,1728,30923,299
2021-09-29,Lake,033,64148,6276,6164,126,6290,97
2021-09-29,Lassen,035,31185,6455,6347,303,6650,25
2021-09-29,Los Angeles,037,10098052,1406496,1393617,52313,1445930,26098
2021-09-29,Madera,039,155013,21272,20818,1760,22578,266
2021-09-29,Marin,041,260295,17066,16921,410,17331,242
2021-09-29,Mariposa,043,17540,1008,963,33,996,5
2021-09-29,Mendocino,045,87422,7016,6821,384,7205,78
2021-09-29,Merced,047,269075,39453,39026,1565,40591,552
2021-09-29,Modoc,049,8938,482,468,169,637,5
2021-09-29,Mono,051,14174,1575,1527,20,1547,3
2021-09-29,Monterey,053,433212,47797,46917,2667,49584,571
2021-09-29,Napa,055,140530,12518,12416,93,12509,96
2021-09-29,Nevada,057,99092,8569,8434,302,8736,87
2021-09-29,Orange,059,3164182,299454,296936,14294,311230,5429
2021-09-29,Placer,061,380077,34831,34271,3293,37564,379
2021-09-29,Plumas,063,18699,1360,1289,25,1314,6
2021-09-29,Riverside,065,2383286,351544,346558,16049,362607,4886
2021-09-29,Sacramento,067,1510023,150791,149686,3964,153650,2099
2021-09-29,San Benito,069,59416,7079,7039,149,7188,69
2021-09-29,San Bernardino,071,2135413,343569,340672,10726,351398,5539
2021-09-29,San Diego,073,3302833,358509,355899,21095,376994,4066
2021-09-29,San Francisco,075,870044,51030,50286,2196,52482,629
2021-09-29,San Joaquin,077,732212,95564,94356,5112,99468,1645
2021-09-29,San Luis Obispo,079,281455,28307,27800,1143,28943,323
2021-09-29,San Mateo,081,765935,52570,51673,801,52474,573
2021-09-29,Santa Barbara,083,443738,42683,42328,1496,43824,507
2021-09-29,Santa Clara,085,1922200,142368,141036,1157,142193,1861
2021-09-29,Santa Cruz,087,273765,19655,19425,980,20405,214
2021-09-29,Shasta,089,179085,19263,18805,3206,22011,271
2021-09-29,Sierra,091,2930,136,130,14,144,0
2021-09-29,Siskiyou,093,43540,3160,3043,1146,4189,42
2021-09-29,Solano,095,438530,44528,43724,1168,44892,321
2021-09-29,Sonoma,097,501317,39739,39426,495,39921,370
2021-09-29,Stanislaus,099,539301,73886,73634,8366,82000,1096
2021-09-29,Sutter,101,95872,13228,13135,275,13410,155
2021-09-29,Tehama,103,63373,7611,7409,1266,8675,88
2021-09-29,Trinity,105,12862,780,616,203,819,10
2021-09-29,Tulare,107,460477,63589,62046,13281,75327,908
2021-09-29,Tuolumne,109,53932,6433,6336,78,6414,89
2021-09-29,Ventura,111,848112,95595,94753,4185,98938,1144
2021-09-29,Yolo,113,214977,18862,18587,990,19577,239
2021-09-29,Yuba,115,75493,9478,9351,221,9572,66
2021-09-28,Alameda,001,1643700,115714,114869,2651,117520,1333
2021-09-28,Alpine,003,1148,99,101,0,101,0
2021-09-28,Amador,005,37829,5169,5049,53,5102,61
2021-09-28,Butte,007,227075,19247,18764,3474,22238,241
2021-09-28,Calaveras,009,45235,3627,3530,41,3571,72
2021-09-28,Colusa,011,21464,2425,2399,559,2958,18
2021-09-28,Contra Costa,013,1133247,96004,95115,2011,97126,929
2021-09-28,Del Norte,015,27424,3547,3462,35,3497,39
2021-09-28,El Dorado,017,186661,15080,14793,1577,16370,133
2021-09-28,Fresno,019,978130,130044,127877,11785,139662,1948
2021-09-28,Glenn,021,27897,3285,3205,941,4146,26
2021-09-28,Humboldt,023,135768,8336,8159,426,8585,91
2021-09-28,Imperial,025,180216,31864,31543,3029,34572,757
2021-09-28,Inyo,027,18085,1774,1708,35,1743,39
2021-09-28,Kern,029,883053,119446,117420,19049,136469,1506
2021-09-28,Kings,031,150075,29779,29141,1720,30861,295
2021-09-28,Lake,033,64148,6261,6155,126,6281,95
2021-09-28,Lassen,035,31185,6449,6340,299,6639,25
2021-09-28,Los Angeles,037,10098052,1405202,1392445,52244,1444689,26068
2021-09-28,Madera,039,155013,21218,20764,1744,22508,266
2021-09-28,Marin,041,260295,17047,16887,408,17295,242
2021-09-28,Mariposa,043,17540,1003,952,33,985,5
2021-09-28,Mendocino,045,87422,6994,6804,382,7186,78
2021-09-28,Merced,047,269075,39366,38953,1552,40505,551
2021-09-28,Modoc,049,8938,481,467,169,636,5
2021-09-28,Mono,051,14174,1565,1527,20,1547,3
2021-09-28,Monterey,053,433212,47760,46859,2658,49517,571
2021-09-28,Napa,055,140530,12501,12388,92,12480,96
2021-09-28,Nevada,057,99092,8546,8409,301,8710,84
2021-09-28,Orange,059,3164182,299201,296596,14266,310862,5421
2021-09-28,Placer,061,380077,34766,34187,3275,37462,370
2021-09-28,Plumas,063,18699,1351,1276,25,1301,6
2021-09-28,Riverside,065,2383286,351085,346096,16028,362124,4874
2021-09-28,Sacramento,067,1510023,150501,149310,3942,153252,2086
2021-09-28,San Benito,069,59416,7062,7028,148,7176,69
2021-09-28,San Bernardino,071,2135413,343221,340342,10709,351051,5540
2021-09-28,San Diego,073,3302833,357962,355373,21063,376436,4054
2021-09-28,San Francisco,075,870044,50929,50234,2195,52429,627
2021-09-28,San Joaquin,077,732212,95410,94194,5099,99293,1639
2021-09-28,San Luis Obispo,079,281455,28273,27755,1138,28893,321
2021-09-28,San Mateo,081,765935,52525,51620,800,52420,571
2021-09-28,Santa Barbara,083,443738,42610,42226,1495,43721,506
2021-09-28,Santa Clara,085,1922200,142207,140886,1148,142034,1858
2021-09-28,Santa Cruz,087,273765,19614,19324,979,20303,214
2021-09-28,Shasta,089,179085,19202,18701,3192,21893,267
2021-09-28,Sierra,091,2930,135,130,13,143,0
2021-09-28,Siskiyou,093,43540,3148,3032,1143,4175,42
2021-09-28,Solano,095,438530,44455,43652,1165,44817,316
2021-09-28,Sonoma,097,501317,39692,39395,494,39889,370
2021-09-28,Stanislaus,099,539301,73715,73528,8354,81882,1094
2021-09-28,Sutter,101,95872,13209,13102,271,13373,155
2021-09-28,Tehama,103,63373,7593,7382,1251,8633,88
2021-09-28,Trinity,105,12862,777,613,203,816,10
2021-09-28,Tulare,107,460477,63429,61916,13222,75138,905
2021-09-28,Tuolumne,109,53932,6407,6308,78,6386,89
2021-09-28,Ventura,111,848112,95469,94632,4182,98814,1143
2021-09-28,Yolo,113,214977,18836,18564,987,19551,239
2021-09-28,Yuba,115,75493,9459,9323,220,9543,66
2021-09-27,Alameda,001,1643700,115520,114731,2642,117373,1327
2021-09-27,Alpine,003,1148,99,101,0,101,0
2021-09-27,Amador,005,37829,5155,5017,53,5070,59
2021-09-27,Butte,007,227075,19188,18687,3458,22145,239
2021-09-27,Calaveras,009,45235,3607,3514,40,3554,70
2021-09-27,Colusa,011,21464,2424,2393,558,2951,18
2021-09-27,Contra Costa,013,1133247,95873,94979,2002,96981,924
2021-09-27,Del Norte,015,27424,3545,3468,33,3501,37
2021-09-27,El Dorado,017,186661,15041,14764,1570,16334,132
2021-09-27,Fresno,019,978130,129723,127475,11751,139226,1942
2021-09-27,Glenn,021,27897,3272,3189,937,4126,26
2021-09-27,Humboldt,023,135768,8296,8118,426,8544,91
2021-09-27,Imperial,025,180216,31801,31491,3022,34513,756
2021-09-27,Inyo,027,18085,1762,1698,35,1733,39
2021-09-27,Kern,029,883053,119171,117064,18951,136015,1503
2021-09-27,Kings,031,150075,29681,28998,1708,30706,297
2021-09-27,Lake,033,64148,6241,6126,124,6250,95
2021-09-27,Lassen,035,31185,6434,6327,295,6622,25
2021-09-27,Los Angeles,037,10098052,1403870,1391538,52175,1443713,26040
2021-09-27,Madera,039,155013,21153,20691,1736,22427,262
2021-09-27,Marin,041,260295,17026,16861,407,17268,242
2021-09-27,Mariposa,043,17540,993,931,33,964,5
2021-09-27,Mendocino,045,87422,6968,6761,375,7136,74
2021-09-27,Merced,047,269075,39266,38840,1546,40386,548
2021-09-27,Modoc,049,8938,480,465,167,632,5
2021-09-27,Mono,051,14174,1553,1525,20,1545,3
2021-09-27,Monterey,053,433212,47717,46811,2646,49457,571
2021-09-27,Napa,055,140530,12477,12354,91,12445,95
2021-09-27,Nevada,057,99092,8522,8379,298,8677,84
2021-09-27,Orange,059,3164182,298896,296334,14236,310570,5409
2021-09-27,Placer,061,380077,34679,34087,3270,37357,370
2021-09-27,Plumas,063,18699,1341,1269,25,1294,6
2021-09-27,Riverside,065,2383286,350643,345529,16018,361547,4864
2021-09-27,Sacramento,067,1510023,150184,149096,3920,153016,2076
2021-09-27,San Benito,069,59416,7045,7017,148,7165,67
2021-09-27,San Bernardino,071,2135413,342808,339952,10684,350636,5544
2021-09-27,San Diego,073,3302833,357310,354755,21038,375793,4054
2021-09-27,San Francisco,075,870044,50845,50157,2191,52348,622
2021-09-27,San Joaquin,077,732212,95226,94085,5096,99181,1633
2021-09-27,San Luis Obispo,079,281455,28218,27674,1135,28809,320
2021-09-27,San Mateo,081,765935,52449,51552,800,52352,571
2021-09-27,Santa Barbara,083,443738,42543,42012,1491,43503,505
2021-09-27,Santa Clara,085,1922200,142026,140802,1138,141940,1853
2021-09-27,Santa Cruz,087,273765,19590,19292,978,20270,214
2021-09-27,Shasta,089,179085,19121,18599,3165,21764,267
2021-09-27,Sierra,091,2930,135,128,13,141,0
2021-09-27,Siskiyou,093,43540,3136,3015,1138,4153,42
2021-09-27,Solano,095,438530,44380,43582,1159,44741,314
2021-09-27,Sonoma,097,501317,39638,39347,494,39841,370
2021-09-27,Stanislaus,099,539301,73561,73370,8334,81704,1091
2021-09-27,Sutter,101,95872,13178,13082,268,13350,155
2021-09-27,Tehama,103,63373,7552,7345,1242,8587,88
2021-09-27,Trinity,105,12862,766,605,202,807,9
2021-09-27,Tulare,107,460477,63229,61708,13151,74859,904
2021-09-27,Tuolumne,109,53932,6386,6264,78,6342,89
2021-09-27,Ventura,111,848112,95344,94477,4178,98655,1138
2021-09-27,Yolo,113,214977,18803,18524,986,19510,239
2021-09-27,Yuba,115,75493,9422,9292,216,9508,64
2021-09-26,Alameda,001,1643700,115325,114601,2635,117236,1326
2021-09-26,Alpine,003,1148,99,101,0,101,0
2021-09-26,Amador,005,37829,5123,5001,52,5053,59
2021-09-26,Butte,007,227075,19113,18634,3441,22075,238
2021-09-26,Calaveras,009,45235,3585,3505,40,3545,70
2021-09-26,Colusa,011,21464,2419,2392,556,2948,18
2021-09-26,Contra Costa,013,1133247,95698,94877,1989,96866,924
2021-09-26,Del Norte,015,27424,3540,3466,32,3498,37
2021-09-26,El Dorado,017,186661,14999,14738,1562,16300,132
2021-09-26,Fresno,019,978130,129365,127235,11705,138940,1939
2021-09-26,Glenn,021,27897,3264,3182,933,4115,26
2021-09-26,Humboldt,023,135768,8261,8098,425,8523,91
2021-09-26,Imperial,025,180216,31740,31462,3021,34483,756
2021-09-26,Inyo,027,18085,1747,1685,35,1720,39
2021-09-26,Kern,029,883053,118833,116927,18841,135768,1502
2021-09-26,Kings,031,150075,29580,28930,1697,30627,293
2021-09-26,Lake,033,64148,6224,6113,124,6237,95
2021-09-26,Lassen,035,31185,6424,6319,290,6609,25
2021-09-26,Los Angeles,037,10098052,1402382,1390577,52104,1442681,26035
2021-09-26,Madera,039,155013,21078,20629,1717,22346,262
2021-09-26,Marin,041,260295,17003,16860,407,17267,242
2021-09-26,Mariposa,043,17540,987,929,33,962,5
2021-09-26,Mendocino,045,87422,6934,6744,360,7104,74
2021-09-26,Merced,047,269075,39105,38717,1538,40255,548
2021-09-26,Modoc,049,8938,480,465,166,631,5
2021-09-26,Mono,051,14174,1549,1516,20,1536,3
2021-09-26,Monterey,053,433212,47670,46792,2632,49424,571
2021-09-26,Napa,055,140530,12453,12340,90,12430,95
2021-09-26,Nevada,057,99092,8491,8356,293,8649,84
2021-09-26,Orange,059,3164182,298557,296085,14203,310288,5409
2021-09-26,Placer,061,380077,34585,34043,3260,37303,370
2021-09-26,Plumas,063,18699,1323,1268,25,1293,6
2021-09-26,Riverside,065,2383286,350111,345257,16004,361261,4864
2021-09-26,Sacramento,067,1510023,149778,148745,3901,152646,2071
2021-09-26,San Benito,069,59416,7028,7012,147,7159,67
2021-09-26,San Bernardino,071,2135413,342350,339771,10669,350440,5545
2021-09-26,San Diego,073,3302833,356688,354414,20997,375411,4051
2021-09-26,San Francisco,075,870044,50719,50092,2182,52274,622
2021-09-26,San Joaquin,077,732212,95023,93935,5082,99017,1633
2021-09-26,San Luis Obispo,079,281455,28144,27624,1130,28754,319
2021-09-26,San Mateo,081,765935,52380,51496,798,52294,571
2021-09-26,Santa Barbara,083,443738,42457,41946,1488,43434,505
2021-09-26,Santa Clara,085,1922200,141825,140667,1134,141801,1852
2021-09-26,Santa Cruz,087,273765,19565,19279,978,20257,214
2021-09-26,Shasta,089,179085,19012,18566,3142,21708,266
2021-09-26,Sierra,091,2930,135,128,13,141,0
2021-09-26,Siskiyou,093,43540,3122,2998,1128,4126,42
2021-09-26,Solano,095,438530,44313,43537,1158,44695,314
2021-09-26,Sonoma,097,501317,39579,39302,494,39796,370
2021-09-26,Stanislaus,099,539301,73361,73243,8306,81549,1091
2021-09-26,Sutter,101,95872,13141,13045,267,13312,155
2021-09-26,Tehama,103,63373,7495,7323,1231,8554,88
2021-09-26,Trinity,105,12862,763,591,202,793,9
2021-09-26,Tulare,107,460477,63008,61560,13074,74634,904
2021-09-26,Tuolumne,109,53932,6358,6236,76,6312,89
2021-09-26,Ventura,111,848112,95230,94391,4171,98562,1138
2021-09-26,Yolo,113,214977,18766,18496,978,19474,239
2021-09-26,Yuba,115,75493,9395,9275,216,9491,64
2021-09-25,Alameda,001,1643700,115246,114014,2632,116646,1324
2021-09-25,Alpine,003,1148,99,101,0,101,0
2021-09-25,Amador,005,37829,5109,4934,52,4986,59
2021-09-25,Butte,007,227075,19084,18396,3433,21829,236
2021-09-25,Calaveras,009,45235,3582,3461,40,3501,70
2021-09-25,Colusa,011,21464,2416,2387,554,2941,16
2021-09-25,Contra Costa,013,1133247,95627,94337,1985,96322,924
2021-09-25,Del Norte,015,27424,3539,3404,32,3436,35
2021-09-25,El Dorado,017,186661,14976,14641,1558,16199,130
2021-09-25,Fresno,019,978130,129220,126299,11689,137988,1927
2021-09-25,Glenn,021,27897,3259,3144,932,4076,25
2021-09-25,Humboldt,023,135768,8242,8014,423,8437,88
2021-09-25,Imperial,025,180216,31713,31280,3021,34301,755
2021-09-25,Inyo,027,18085,1739,1657,35,1692,39
2021-09-25,Kern,029,883053,118678,116021,18773,134794,1485
2021-09-25,Kings,031,150075,29529,28636,1694,30330,293
2021-09-25,Lake,033,64148,6219,6046,122,6168,92
2021-09-25,Lassen,035,31185,6412,6248,289,6537,25
2021-09-25,Los Angeles,037,10098052,1401669,1386417,52064,1438481,25964
2021-09-25,Madera,039,155013,21053,20432,1711,22143,262
2021-09-25,Marin,041,260295,16994,16802,405,17207,242
2021-09-25,Mariposa,043,17540,982,906,33,939,5
2021-09-25,Mendocino,045,87422,6915,6657,359,7016,74
2021-09-25,Merced,047,269075,39059,38393,1536,39929,546
2021-09-25,Modoc,049,8938,480,460,166,626,5
2021-09-25,Mono,051,14174,1546,1501,20,1521,3
2021-09-25,Monterey,053,433212,47640,46653,2630,49283,567
2021-09-25,Napa,055,140530,12433,12266,90,12356,95
2021-09-25,Nevada,057,99092,8474,8285,293,8578,84
2021-09-25,Orange,059,3164182,298384,294514,14185,308699,5374
2021-09-25,Placer,061,380077,34521,33764,3258,37022,367
2021-09-25,Plumas,063,18699,1319,1238,25,1263,6
2021-09-25,Riverside,065,2383286,349788,343463,15996,359459,4843
2021-09-25,Sacramento,067,1510023,149603,147728,3892,151620,2049
2021-09-25,San Benito,069,59416,7023,6965,147,7112,67
2021-09-25,San Bernardino,071,2135413,342114,338413,10655,349068,5540
2021-09-25,San Diego,073,3302833,356343,352017,20971,372988,4039
2021-09-25,San Francisco,075,870044,50675,49840,2181,52021,615
2021-09-25,San Joaquin,077,732212,94937,93273,5080,98353,1628
2021-09-25,San Luis Obispo,079,281455,28106,27447,1126,28573,318
2021-09-25,San Mateo,081,765935,52316,51266,796,52062,568
2021-09-25,Santa Barbara,083,443738,42399,41728,1488,43216,505
2021-09-25,Santa Clara,085,1922200,141719,140023,1132,141155,1844
2021-09-25,Santa Cruz,087,273765,19549,19200,976,20176,214
2021-09-25,Shasta,089,179085,18961,18256,3133,21389,262
2021-09-25,Sierra,091,2930,134,127,13,140,0
2021-09-25,Siskiyou,093,43540,3115,2956,1118,4074,41
2021-09-25,Solano,095,438530,44272,43331,1155,44486,312
2021-09-25,Sonoma,097,501317,39538,39112,494,39606,369
2021-09-25,Stanislaus,099,539301,73251,72628,8292,80920,1091
2021-09-25,Sutter,101,95872,13123,12976,264,13240,154
2021-09-25,Tehama,103,63373,7479,7200,1229,8429,86
2021-09-25,Trinity,105,12862,763,576,202,778,9
2021-09-25,Tulare,107,460477,62926,60909,13030,73939,898
2021-09-25,Tuolumne,109,53932,6346,6168,76,6244,89
2021-09-25,Ventura,111,848112,95163,94059,4167,98226,1129
2021-09-25,Yolo,113,214977,18744,18393,977,19370,239
2021-09-25,Yuba,115,75493,9375,9191,216,9407,61
2021-09-24,Alameda,001,1643700,115141,114014,2628,116642,1324
2021-09-24,Alpine,003,1148,99,101,0,101,0
2021-09-24,Amador,005,37829,5079,4934,52,4986,59
2021-09-24,Butte,007,227075,19032,18396,3423,21819,236
2021-09-24,Calaveras,009,45235,3575,3461,39,3500,70
2021-09-24,Colusa,011,21464,2413,2387,553,2940,16
2021-09-24,Contra Costa,013,1133247,95517,94337,1981,96318,924
2021-09-24,Del Norte,015,27424,3536,3404,32,3436,35
2021-09-24,El Dorado,017,186661,14958,14641,1555,16196,130
2021-09-24,Fresno,019,978130,129022,126299,11677,137976,1927
2021-09-24,Glenn,021,27897,3251,3144,932,4076,25
2021-09-24,Humboldt,023,135768,8223,8014,420,8434,88
2021-09-24,Imperial,025,180216,31675,31280,3019,34299,755
2021-09-24,Inyo,027,18085,1730,1657,35,1692,39
2021-09-24,Kern,029,883053,118542,116021,18707,134728,1485
2021-09-24,Kings,031,150075,29488,28636,1689,30325,293
2021-09-24,Lake,033,64148,6211,6046,122,6168,92
2021-09-24,Lassen,035,31185,6404,6248,288,6536,25
2021-09-24,Los Angeles,037,10098052,1400787,1386417,52022,1438439,25964
2021-09-24,Madera,039,155013,21022,20432,1702,22134,262
2021-09-24,Marin,041,260295,16980,16802,404,17206,242
2021-09-24,Mariposa,043,17540,970,906,33,939,5
2021-09-24,Mendocino,045,87422,6902,6657,359,7016,74
2021-09-24,Merced,047,269075,39015,38393,1536,39929,546
2021-09-24,Modoc,049,8938,480,460,165,625,5
2021-09-24,Mono,051,14174,1541,1501,20,1521,3
2021-09-24,Monterey,053,433212,47619,46653,2622,49275,567
2021-09-24,Napa,055,140530,12414,12266,90,12356,95
2021-09-24,Nevada,057,99092,8460,8285,290,8575,84
2021-09-24,Orange,059,3164182,298177,294514,14167,308681,5374
2021-09-24,Placer,061,380077,34466,33764,3246,37010,367
2021-09-24,Plumas,063,18699,1315,1238,25,1263,6
2021-09-24,Riverside,065,2383286,349454,343463,15987,359450,4843
2021-09-24,Sacramento,067,1510023,149418,147728,3888,151616,2049
2021-09-24,San Benito,069,59416,7017,6965,147,7112,67
2021-09-24,San Bernardino,071,2135413,341846,338413,10645,349058,5540
2021-09-24,San Diego,073,3302833,355992,352017,20956,372973,4039
2021-09-24,San Francisco,075,870044,50611,49840,2173,52013,615
2021-09-24,San Joaquin,077,732212,94824,93273,5078,98351,1628
2021-09-24,San Luis Obispo,079,281455,28075,27447,1121,28568,318
2021-09-24,San Mateo,081,765935,52256,51266,795,52061,568
2021-09-24,Santa Barbara,083,443738,42359,41728,1487,43215,505
2021-09-24,Santa Clara,085,1922200,141607,140023,1131,141154,1844
2021-09-24,Santa Cruz,087,273765,19526,19200,975,20175,214
2021-09-24,Shasta,089,179085,18907,18256,3119,21375,262
2021-09-24,Sierra,091,2930,133,127,13,140,0
2021-09-24,Siskiyou,093,43540,3106,2956,1112,4068,41
2021-09-24,Solano,095,438530,44235,43331,1153,44484,312
2021-09-24,Sonoma,097,501317,39505,39112,494,39606,369
2021-09-24,Stanislaus,099,539301,73135,72628,8277,80905,1091
2021-09-24,Sutter,101,95872,13104,12976,263,13239,154
2021-09-24,Tehama,103,63373,7467,7200,1224,8424,86
2021-09-24,Trinity,105,12862,760,576,202,778,9
2021-09-24,Tulare,107,460477,62835,60909,12988,73897,898
2021-09-24,Tuolumne,109,53932,6317,6168,76,6244,89
2021-09-24,Ventura,111,848112,95085,94059,4160,98219,1129
2021-09-24,Yolo,113,214977,18712,18393,974,19367,239
2021-09-24,Yuba,115,75493,9356,9191,216,9407,61
2021-09-23,Alameda,001,1643700,114984,114014,2622,116636,1324
2021-09-23,Alpine,003,1148,99,101,0,101,0
2021-09-23,Amador,005,37829,5066,4934,52,4986,59
2021-09-23,Butte,007,227075,18970,18396,3399,21795,236
2021-09-23,Calaveras,009,45235,3554,3461,39,3500,70
2021-09-23,Colusa,011,21464,2411,2387,550,2937,16
2021-09-23,Contra Costa,013,1133247,95376,94337,1974,96311,924
2021-09-23,Del Norte,015,27424,3527,3404,31,3435,35
2021-09-23,El Dorado,017,186661,14932,14641,1549,16190,130
2021-09-23,Fresno,019,978130,128725,126299,11658,137957,1927
2021-09-23,Glenn,021,27897,3237,3144,929,4073,25
2021-09-23,Humboldt,023,135768,8198,8014,418,8432,88
2021-09-23,Imperial,025,180216,31639,31280,3019,34299,755
2021-09-23,Inyo,027,18085,1716,1657,35,1692,39
2021-09-23,Kern,029,883053,118284,116021,18626,134647,1485
2021-09-23,Kings,031,150075,29384,28636,1680,30316,293
2021-09-23,Lake,033,64148,6201,6046,122,6168,92
2021-09-23,Lassen,035,31185,6395,6248,283,6531,25
2021-09-23,Los Angeles,037,10098052,1399591,1386417,51958,1438375,25964
2021-09-23,Madera,039,155013,20940,20432,1698,22130,262
2021-09-23,Marin,041,260295,16965,16802,401,17203,242
2021-09-23,Mariposa,043,17540,957,906,33,939,5
2021-09-23,Mendocino,045,87422,6880,6657,354,7011,74
2021-09-23,Merced,047,269075,38911,38393,1529,39922,546
2021-09-23,Modoc,049,8938,479,460,165,625,5
2021-09-23,Mono,051,14174,1538,1501,20,1521,3
2021-09-23,Monterey,053,433212,47570,46653,2610,49263,567
2021-09-23,Napa,055,140530,12397,12266,90,12356,95
2021-09-23,Nevada,057,99092,8433,8285,290,8575,84
2021-09-23,Orange,059,3164182,297880,294514,14143,308657,5374
2021-09-23,Placer,061,380077,34390,33764,3239,37003,367
2021-09-23,Plumas,063,18699,1298,1238,24,1262,6
2021-09-23,Riverside,065,2383286,349001,343463,15980,359443,4843
2021-09-23,Sacramento,067,1510023,149089,147728,3868,151596,2049
2021-09-23,San Benito,069,59416,7006,6965,147,7112,67
2021-09-23,San Bernardino,071,2135413,341482,338413,10630,349043,5540
2021-09-23,San Diego,073,3302833,355536,352017,20917,372934,4039
2021-09-23,San Francisco,075,870044,50538,49840,2171,52011,615
2021-09-23,San Joaquin,077,732212,94651,93273,5063,98336,1628
2021-09-23,San Luis Obispo,079,281455,28032,27447,1119,28566,318
2021-09-23,San Mateo,081,765935,52181,51266,794,52060,568
2021-09-23,Santa Barbara,083,443738,42281,41728,1484,43212,505
2021-09-23,Santa Clara,085,1922200,141456,140023,1124,141147,1844
2021-09-23,Santa Cruz,087,273765,19495,19200,975,20175,214
2021-09-23,Shasta,089,179085,18827,18256,3102,21358,262
2021-09-23,Sierra,091,2930,133,127,13,140,0
2021-09-23,Siskiyou,093,43540,3102,2956,1101,4057,41
2021-09-23,Solano,095,438530,44167,43331,1150,44481,312
2021-09-23,Sonoma,097,501317,39446,39112,491,39603,369
2021-09-23,Stanislaus,099,539301,72979,72628,8245,80873,1091
2021-09-23,Sutter,101,95872,13075,12976,263,13239,154
2021-09-23,Tehama,103,63373,7426,7200,1219,8419,86
2021-09-23,Trinity,105,12862,746,576,201,777,9
2021-09-23,Tulare,107,460477,62658,60909,12934,73843,898
2021-09-23,Tuolumne,109,53932,6292,6168,75,6243,89
2021-09-23,Ventura,111,848112,94981,94059,4153,98212,1129
2021-09-23,Yolo,113,214977,18681,18393,969,19362,239
2021-09-23,Yuba,115,75493,9328,9191,215,9406,61
2021-09-22,Alameda,001,1643700,114829,113862,2618,116480,1322
2021-09-22,Alpine,003,1148,99,100,0,100,0
2021-09-22,Amador,005,37829,5050,4915,52,4967,59
2021-09-22,Butte,007,227075,18909,18337,3383,21720,235
2021-09-22,Calaveras,009,45235,3538,3448,39,3487,70
2021-09-22,Colusa,011,21464,2406,2384,549,2933,16
2021-09-22,Contra Costa,013,1133247,95191,94209,1965,96174,924
2021-09-22,Del Norte,015,27424,3516,3386,30,3416,35
2021-09-22,El Dorado,017,186661,14896,14605,1542,16147,127
2021-09-22,Fresno,019,978130,128467,126006,11643,137649,1908
2021-09-22,Glenn,021,27897,3230,3138,928,4066,25
2021-09-22,Humboldt,023,135768,8176,7998,410,8408,80
2021-09-22,Imperial,025,180216,31587,31243,3012,34255,755
2021-09-22,Inyo,027,18085,1706,1651,35,1686,39
2021-09-22,Kern,029,883053,118043,115757,18504,134261,1477
2021-09-22,Kings,031,150075,29299,28589,1674,30263,292
2021-09-22,Lake,033,64148,6189,6035,122,6157,93
2021-09-22,Lassen,035,31185,6375,6209,279,6488,25
2021-09-22,Los Angeles,037,10098052,1398267,1384719,51903,1436622,25930
2021-09-22,Madera,039,155013,20883,20382,1688,22070,262
2021-09-22,Marin,041,260295,16954,16782,398,17180,242
2021-09-22,Mariposa,043,17540,951,901,33,934,5
2021-09-22,Mendocino,045,87422,6853,6624,348,6972,70
2021-09-22,Merced,047,269075,38778,38305,1527,39832,541
2021-09-22,Modoc,049,8938,476,458,165,623,5
2021-09-22,Mono,051,14174,1529,1496,19,1515,3
2021-09-22,Monterey,053,433212,47519,46615,2603,49218,566
2021-09-22,Napa,055,140530,12374,12248,89,12337,95
2021-09-22,Nevada,057,99092,8410,8273,287,8560,84
2021-09-22,Orange,059,3164182,297604,294214,14126,308340,5366
2021-09-22,Placer,061,380077,34302,33661,3226,36887,367
2021-09-22,Plumas,063,18699,1285,1230,24,1254,6
2021-09-22,Riverside,065,2383286,348466,342946,15955,358901,4830
2021-09-22,Sacramento,067,1510023,148776,147533,3837,151370,2043
2021-09-22,San Benito,069,59416,6995,6961,145,7106,67
2021-09-22,San Bernardino,071,2135413,341088,337938,10621,348559,5528
2021-09-22,San Diego,073,3302833,355085,351132,20893,372025,4027
2021-09-22,San Francisco,075,870044,50453,49734,2166,51900,610
2021-09-22,San Joaquin,077,732212,94419,93010,5038,98048,1626
2021-09-22,San Luis Obispo,079,281455,27984,27398,1115,28513,315
2021-09-22,San Mateo,081,765935,52108,51197,790,51987,568
2021-09-22,Santa Barbara,083,443738,42218,41678,1483,43161,504
2021-09-22,Santa Clara,085,1922200,141292,139803,1117,140920,1844
2021-09-22,Santa Cruz,087,273765,19457,19177,975,20152,214
2021-09-22,Shasta,089,179085,18737,18153,3091,21244,260
2021-09-22,Sierra,091,2930,133,127,13,140,0
2021-09-22,Siskiyou,093,43540,3085,2947,1091,4038,41
2021-09-22,Solano,095,438530,44102,43269,1149,44418,312
2021-09-22,Sonoma,097,501317,39393,39063,490,39553,369
2021-09-22,Stanislaus,099,539301,72814,72355,8226,80581,1091
2021-09-22,Sutter,101,95872,13055,12960,260,13220,153
2021-09-22,Tehama,103,63373,7399,7173,1216,8389,86
2021-09-22,Trinity,105,12862,745,572,201,773,9
2021-09-22,Tulare,107,460477,62449,60776,12864,73640,896
2021-09-22,Tuolumne,109,53932,6271,6155,74,6229,89
2021-09-22,Ventura,111,848112,94876,93978,4147,98125,1122
2021-09-22,Yolo,113,214977,18642,18342,962,19304,239
2021-09-22,Yuba,115,75493,9299,9169,210,9379,61
2021-09-21,Alameda,001,1643700,114675,113765,2618,116383,1321
2021-09-21,Alpine,003,1148,99,100,0,100,0
2021-09-21,Amador,005,37829,5028,4897,52,4949,59
2021-09-21,Butte,007,227075,18812,18229,3345,21574,232
2021-09-21,Calaveras,009,45235,3521,3437,39,3476,70
2021-09-21,Colusa,011,21464,2403,2378,548,2926,16
2021-09-21,Contra Costa,013,1133247,94997,94101,1951,96052,924
2021-09-21,Del Norte,015,27424,3504,3378,30,3408,34
2021-09-21,El Dorado,017,186661,14866,14578,1535,16113,127
2021-09-21,Fresno,019,978130,128116,125789,11616,137405,1892
2021-09-21,Glenn,021,27897,3223,3134,924,4058,25
2021-09-21,Humboldt,023,135768,8144,7955,405,8360,80
2021-09-21,Imperial,025,180216,31530,31185,3010,34195,755
2021-09-21,Inyo,027,18085,1696,1646,35,1681,39
2021-09-21,Kern,029,883053,117751,115534,18390,133924,1467
2021-09-21,Kings,031,150075,29211,28545,1666,30211,291
2021-09-21,Lake,033,64148,6166,6013,122,6135,90
2021-09-21,Lassen,035,31185,6357,6159,275,6434,25
2021-09-21,Los Angeles,037,10098052,1396812,1383277,51846,1435123,25893
2021-09-21,Madera,039,155013,20823,20317,1678,21995,262
2021-09-21,Marin,041,260295,16939,16748,397,17145,242
2021-09-21,Mariposa,043,17540,946,894,32,926,5
2021-09-21,Mendocino,045,87422,6815,6580,337,6917,68
2021-09-21,Merced,047,269075,38656,38225,1523,39748,539
2021-09-21,Modoc,049,8938,473,458,165,623,5
2021-09-21,Mono,051,14174,1527,1495,18,1513,3
2021-09-21,Monterey,053,433212,47450,46583,2591,49174,565
2021-09-21,Napa,055,140530,12353,12238,89,12327,95
2021-09-21,Nevada,057,99092,8383,8259,278,8537,84
2021-09-21,Orange,059,3164182,297273,293898,14096,307994,5357
2021-09-21,Placer,061,380077,34201,33609,3215,36824,365
2021-09-21,Plumas,063,18699,1278,1225,24,1249,5
2021-09-21,Riverside,065,2383286,347906,342460,15931,358391,4817
2021-09-21,Sacramento,067,1510023,148394,147378,3809,151187,2027
2021-09-21,San Benito,069,59416,6984,6950,144,7094,67
2021-09-21,San Bernardino,071,2135413,340650,337387,10604,347991,5520
2021-09-21,San Diego,073,3302833,354479,350265,20867,371132,4021
2021-09-21,San Francisco,075,870044,50357,49653,2162,51815,609
2021-09-21,San Joaquin,077,732212,94185,92762,5027,97789,1621
2021-09-21,San Luis Obispo,079,281455,27925,27318,1111,28429,314
2021-09-21,San Mateo,081,765935,52039,51136,790,51926,568
2021-09-21,Santa Barbara,083,443738,42149,41644,1479,43123,503
2021-09-21,Santa Clara,085,1922200,141075,139657,1113,140770,1843
2021-09-21,Santa Cruz,087,273765,19427,19140,974,20114,212
2021-09-21,Shasta,089,179085,18609,18027,3067,21094,258
2021-09-21,Sierra,091,2930,133,127,13,140,0
2021-09-21,Siskiyou,093,43540,3071,2927,1077,4004,36
2021-09-21,Solano,095,438530,44026,43220,1149,44369,311
2021-09-21,Sonoma,097,501317,39340,39042,490,39532,369
2021-09-21,Stanislaus,099,539301,72630,72211,8205,80416,1091
2021-09-21,Sutter,101,95872,13032,12930,257,13187,153
2021-09-21,Tehama,103,63373,7353,7151,1212,8363,85
2021-09-21,Trinity,105,12862,734,572,199,771,9
2021-09-21,Tulare,107,460477,62235,60607,12803,73410,896
2021-09-21,Tuolumne,109,53932,6239,6139,74,6213,89
2021-09-21,Ventura,111,848112,94771,93818,4139,97957,1120
2021-09-21,Yolo,113,214977,18606,18313,959,19272,239
2021-09-21,Yuba,115,75493,9271,9135,210,9345,61
2021-09-20,Alameda,001,1643700,114493,113637,2614,116251,1320
2021-09-20,Alpine,003,1148,99,100,0,100,0
2021-09-20,Amador,005,37829,5010,4883,51,4934,59
2021-09-20,Butte,007,227075,18730,18135,3329,21464,231
2021-09-20,Calaveras,009,45235,3499,3395,38,3433,66
2021-09-20,Colusa,011,21464,2401,2376,545,2921,16
2021-09-20,Contra Costa,013,1133247,94847,93919,1945,95864,924
2021-09-20,Del Norte,015,27424,3496,3374,29,3403,34
2021-09-20,El Dorado,017,186661,14833,14545,1523,16068,127
2021-09-20,Fresno,019,978130,127703,125287,11588,136875,1889
2021-09-20,Glenn,021,27897,3212,3112,921,4033,25
2021-09-20,Humboldt,023,135768,8108,7938,400,8338,80
2021-09-20,Imperial,025,180216,31447,31146,3009,34155,755
2021-09-20,Inyo,027,18085,1688,1641,34,1675,39
2021-09-20,Kern,029,883053,117412,115271,18258,133529,1459
2021-09-20,Kings,031,150075,29124,28471,1660,30131,285
2021-09-20,Lake,033,64148,6151,5984,121,6105,87
2021-09-20,Lassen,035,31185,6327,6132,275,6407,25
2021-09-20,Los Angeles,037,10098052,1395291,1382206,51766,1433972,25858
2021-09-20,Madera,039,155013,20770,20203,1671,21874,257
2021-09-20,Marin,041,260295,16914,16732,395,17127,242
2021-09-20,Mariposa,043,17540,935,887,32,919,5
2021-09-20,Mendocino,045,87422,6781,6568,331,6899,67
2021-09-20,Merced,047,269075,38545,38144,1512,39656,536
2021-09-20,Modoc,049,8938,472,457,163,620,5
2021-09-20,Mono,051,14174,1521,1480,18,1498,3
2021-09-20,Monterey,053,433212,47408,46506,2573,49079,565
2021-09-20,Napa,055,140530,12328,12209,88,12297,95
2021-09-20,Nevada,057,99092,8363,8228,276,8504,84
2021-09-20,Orange,059,3164182,296930,293642,14069,307711,5354
2021-09-20,Placer,061,380077,34111,33531,3200,36731,364
2021-09-20,Plumas,063,18699,1273,1211,24,1235,5
2021-09-20,Riverside,065,2383286,347406,341961,15918,357879,4802
2021-09-20,Sacramento,067,1510023,148021,147016,3775,150791,2016
2021-09-20,San Benito,069,59416,6975,6947,143,7090,67
2021-09-20,San Bernardino,071,2135413,340253,337059,10588,347647,5507
2021-09-20,San Diego,073,3302833,353807,349579,20830,370409,4009
2021-09-20,San Francisco,075,870044,50250,49559,2161,51720,605
2021-09-20,San Joaquin,077,732212,93941,92614,5014,97628,1615
2021-09-20,San Luis Obispo,079,281455,27849,27259,1103,28362,313
2021-09-20,San Mateo,081,765935,51952,51100,787,51887,567
2021-09-20,Santa Barbara,083,443738,42050,41589,1475,43064,500
2021-09-20,Santa Clara,085,1922200,140875,139578,1111,140689,1841
2021-09-20,Santa Cruz,087,273765,19395,19121,974,20095,211
2021-09-20,Shasta,089,179085,18510,17893,3036,20929,258
2021-09-20,Sierra,091,2930,131,126,13,139,0
2021-09-20,Siskiyou,093,43540,3049,2902,1064,3966,35
2021-09-20,Solano,095,438530,43958,43152,1141,44293,312
2021-09-20,Sonoma,097,501317,39294,38991,490,39481,369
2021-09-20,Stanislaus,099,539301,72431,72031,8186,80217,1091
2021-09-20,Sutter,101,95872,12996,12896,252,13148,153
2021-09-20,Tehama,103,63373,7321,7121,1200,8321,84
2021-09-20,Trinity,105,12862,728,568,198,766,7
2021-09-20,Tulare,107,460477,62033,60302,12748,73050,896
2021-09-20,Tuolumne,109,53932,6213,6113,74,6187,89
2021-09-20,Ventura,111,848112,94658,93700,4132,97832,1120
2021-09-20,Yolo,113,214977,18560,18287,957,19244,239
2021-09-20,Yuba,115,75493,9236,9107,208,9315,61
2021-09-19,Alameda,001,1643700,114278,113446,2609,116055,1320
2021-09-19,Alpine,003,1148,99,100,0,100,0
2021-09-19,Amador,005,37829,4970,4875,50,4925,59
2021-09-19,Butte,007,227075,18637,18063,3301,21364,230
2021-09-19,Calaveras,009,45235,3475,3390,35,3425,66
2021-09-19,Colusa,011,21464,2399,2375,543,2918,16
2021-09-19,Contra Costa,013,1133247,94662,93788,1935,95723,924
2021-09-19,Del Norte,015,27424,3470,3344,28,3372,34
2021-09-19,El Dorado,017,186661,14780,14512,1517,16029,127
2021-09-19,Fresno,019,978130,127297,124985,11543,136528,1888
2021-09-19,Glenn,021,27897,3203,3102,918,4020,25
2021-09-19,Humboldt,023,135768,8063,7914,398,8312,80
2021-09-19,Imperial,025,180216,31378,31122,3006,34128,755
2021-09-19,Inyo,027,18085,1679,1639,34,1673,39
2021-09-19,Kern,029,883053,117100,115074,18152,133226,1459
2021-09-19,Kings,031,150075,28997,28416,1651,30067,284
2021-09-19,Lake,033,64148,6120,5962,121,6083,87
2021-09-19,Lassen,035,31185,6307,6129,269,6398,25
2021-09-19,Los Angeles,037,10098052,1393315,1381200,51669,1432869,25852
2021-09-19,Madera,039,155013,20691,20161,1660,21821,257
2021-09-19,Marin,041,260295,16885,16711,393,17104,242
2021-09-19,Mariposa,043,17540,927,881,32,913,5
2021-09-19,Mendocino,045,87422,6736,6538,325,6863,67
2021-09-19,Merced,047,269075,38388,38068,1503,39571,535
2021-09-19,Modoc,049,8938,469,457,161,618,5
2021-09-19,Mono,051,14174,1516,1480,18,1498,3
2021-09-19,Monterey,053,433212,47353,46486,2570,49056,565
2021-09-19,Napa,055,140530,12307,12190,86,12276,95
2021-09-19,Nevada,057,99092,8335,8203,274,8477,84
2021-09-19,Orange,059,3164182,296562,293258,14047,307305,5354
2021-09-19,Placer,061,380077,33998,33406,3182,36588,364
2021-09-19,Plumas,063,18699,1265,1211,24,1235,5
2021-09-19,Riverside,065,2383286,346813,341566,15909,357475,4804
2021-09-19,Sacramento,067,1510023,147661,146603,3729,150332,2012
2021-09-19,San Benito,069,59416,6956,6942,143,7085,67
2021-09-19,San Bernardino,071,2135413,339763,336688,10577,347265,5506
2021-09-19,San Diego,073,3302833,353104,349225,20793,370018,4006
2021-09-19,San Francisco,075,870044,50142,49458,2152,51610,605
2021-09-19,San Joaquin,077,732212,93644,92467,5003,97470,1615
2021-09-19,San Luis Obispo,079,281455,27748,27208,1094,28302,313
2021-09-19,San Mateo,081,765935,51854,51028,786,51814,567
2021-09-19,Santa Barbara,083,443738,41944,41512,1475,42987,500
2021-09-19,Santa Clara,085,1922200,140688,139410,1106,140516,1841
2021-09-19,Santa Cruz,087,273765,19356,19096,974,20070,211
2021-09-19,Shasta,089,179085,18396,17813,3001,20814,258
2021-09-19,Sierra,091,2930,130,126,13,139,0
2021-09-19,Siskiyou,093,43540,3023,2882,1055,3937,35
2021-09-19,Solano,095,438530,43869,43056,1136,44192,312
2021-09-19,Sonoma,097,501317,39222,38956,486,39442,369
2021-09-19,Stanislaus,099,539301,72187,71830,8161,79991,1091
2021-09-19,Sutter,101,95872,12969,12868,245,13113,153
2021-09-19,Tehama,103,63373,7267,7081,1191,8272,84
2021-09-19,Trinity,105,12862,717,562,196,758,7
2021-09-19,Tulare,107,460477,61772,60160,12653,72813,896
2021-09-19,Tuolumne,109,53932,6171,6097,74,6171,89
2021-09-19,Ventura,111,848112,94496,93491,4123,97614,1120
2021-09-19,Yolo,113,214977,18511,18238,951,19189,239
2021-09-19,Yuba,115,75493,9210,9087,207,9294,61
2021-09-18,Alameda,001,1643700,114177,113300,2608,115908,1320
2021-09-18,Alpine,003,1148,99,100,0,100,0
2021-09-18,Amador,005,37829,4960,4850,50,4900,59
2021-09-18,Butte,007,227075,18600,17961,3286,21247,230
2021-09-18,Calaveras,009,45235,3470,3361,34,3395,66
2021-09-18,Colusa,011,21464,2399,2373,542,2915,16
2021-09-18,Contra Costa,013,1133247,94572,93656,1931,95587,924
2021-09-18,Del Norte,015,27424,3462,3326,26,3352,34
2021-09-18,El Dorado,017,186661,14757,14472,1514,15986,127
2021-09-18,Fresno,019,978130,127155,124771,11525,136296,1889
2021-09-18,Glenn,021,27897,3194,3086,915,4001,25
2021-09-18,Humboldt,023,135768,8049,7881,397,8278,80
2021-09-18,Imperial,025,180216,31354,31096,3005,34101,755
2021-09-18,Inyo,027,18085,1673,1636,34,1670,39
2021-09-18,Kern,029,883053,116945,114781,18088,132869,1459
2021-09-18,Kings,031,150075,28949,28330,1646,29976,285
2021-09-18,Lake,033,64148,6103,5936,121,6057,87
2021-09-18,Lassen,035,31185,6297,6121,267,6388,25
2021-09-18,Los Angeles,037,10098052,1392556,1379880,51618,1431498,25849
2021-09-18,Madera,039,155013,20647,20126,1650,21776,257
2021-09-18,Marin,041,260295,16868,16685,392,17077,242
2021-09-18,Mariposa,043,17540,924,871,32,903,5
2021-09-18,Mendocino,045,87422,6715,6523,325,6848,67
2021-09-18,Merced,047,269075,38351,37977,1497,39474,535
2021-09-18,Modoc,049,8938,469,457,160,617,5
2021-09-18,Mono,051,14174,1513,1480,18,1498,3
2021-09-18,Monterey,053,433212,47315,46466,2567,49033,565
2021-09-18,Napa,055,140530,12295,12168,86,12254,95
2021-09-18,Nevada,057,99092,8318,8183,274,8457,84
2021-09-18,Orange,059,3164182,296368,293005,14033,307038,5354
2021-09-18,Placer,061,380077,33926,33309,3179,36488,364
2021-09-18,Plumas,063,18699,1264,1204,24,1228,5
2021-09-18,Riverside,065,2383286,346429,341136,15894,357030,4802
2021-09-18,Sacramento,067,1510023,147479,146162,3720,149882,2016
2021-09-18,San Benito,069,59416,6952,6937,143,7080,67
2021-09-18,San Bernardino,071,2135413,339491,336380,10564,346944,5501
2021-09-18,San Diego,073,3302833,352713,348848,20780,369628,4006
2021-09-18,San Francisco,075,870044,50079,49359,2147,51506,605
2021-09-18,San Joaquin,077,732212,93534,92242,4991,97233,1615
2021-09-18,San Luis Obispo,079,281455,27711,27181,1091,28272,313
2021-09-18,San Mateo,081,765935,51803,50961,784,51745,567
2021-09-18,Santa Barbara,083,443738,41879,41465,1475,42940,500
2021-09-18,Santa Clara,085,1922200,140568,139233,1103,140336,1841
2021-09-18,Santa Cruz,087,273765,19336,19079,974,20053,211
2021-09-18,Shasta,089,179085,18333,17777,2985,20762,258
2021-09-18,Sierra,091,2930,129,125,13,138,0
2021-09-18,Siskiyou,093,43540,3020,2875,1049,3924,35
2021-09-18,Solano,095,438530,43829,42966,1133,44099,312
2021-09-18,Sonoma,097,501317,39187,38891,484,39375,369
2021-09-18,Stanislaus,099,539301,72042,71587,8137,79724,1091
2021-09-18,Sutter,101,95872,12955,12829,245,13074,153
2021-09-18,Tehama,103,63373,7253,7055,1184,8239,84
2021-09-18,Trinity,105,12862,715,561,196,757,7
2021-09-18,Tulare,107,460477,61696,60003,12601,72604,896
2021-09-18,Tuolumne,109,53932,6156,6069,74,6143,89
2021-09-18,Ventura,111,848112,94428,93424,4118,97542,1120
2021-09-18,Yolo,113,214977,18484,18213,946,19159,239
2021-09-18,Yuba,115,75493,9196,9061,206,9267,61
2021-09-17,Alameda,001,1643700,114051,113070,2606,115676,1320
2021-09-17,Alpine,003,1148,99,99,0,99,0
2021-09-17,Amador,005,37829,4944,4835,49,4884,58
2021-09-17,Butte,007,227075,18548,17870,3277,21147,230
2021-09-17,Calaveras,009,45235,3458,3338,33,3371,66
2021-09-17,Colusa,011,21464,2398,2369,537,2906,16
2021-09-17,Contra Costa,013,1133247,94470,93485,1928,95413,924
2021-09-17,Del Norte,015,27424,3457,3311,24,3335,34
2021-09-17,El Dorado,017,186661,14738,14421,1512,15933,127
2021-09-17,Fresno,019,978130,126936,124296,11509,135805,1882
2021-09-17,Glenn,021,27897,3177,3072,911,3983,25
2021-09-17,Humboldt,023,135768,8028,7850,397,8247,80
2021-09-17,Imperial,025,180216,31328,31031,3004,34035,755
2021-09-17,Inyo,027,18085,1665,1634,34,1668,39
2021-09-17,Kern,029,883053,116754,114303,17991,132294,1456
2021-09-17,Kings,031,150075,28884,28240,1644,29884,281
2021-09-17,Lake,033,64148,6090,5915,121,6036,87
2021-09-17,Lassen,035,31185,6282,6080,265,6345,25
2021-09-17,Los Angeles,037,10098052,1391578,1377905,51552,1429457,25820
2021-09-17,Madera,039,155013,20596,20040,1638,21678,257
2021-09-17,Marin,041,260295,16855,16658,390,17048,242
2021-09-17,Mariposa,043,17540,922,869,32,901,5
2021-09-17,Mendocino,045,87422,6696,6498,325,6823,67
2021-09-17,Merced,047,269075,38304,37803,1495,39298,533
2021-09-17,Modoc,049,8938,469,456,160,616,5
2021-09-17,Mono,051,14174,1509,1457,18,1475,3
2021-09-17,Monterey,053,433212,47292,46421,2566,48987,564
2021-09-17,Napa,055,140530,12274,12153,86,12239,95
2021-09-17,Nevada,057,99092,8303,8157,274,8431,84
2021-09-17,Orange,059,3164182,296149,292685,14015,306700,5346
2021-09-17,Placer,061,380077,33866,33188,3169,36357,362
2021-09-17,Plumas,063,18699,1255,1192,23,1215,5
2021-09-17,Riverside,065,2383286,346029,340445,15883,356328,4792
2021-09-17,Sacramento,067,1510023,147280,145985,3709,149694,1999
2021-09-17,San Benito,069,59416,6949,6929,143,7072,67
2021-09-17,San Bernardino,071,2135413,339135,335810,10557,346367,5488
2021-09-17,San Diego,073,3302833,352289,348098,20763,368861,4002
2021-09-17,San Francisco,075,870044,50027,49249,2142,51391,605
2021-09-17,San Joaquin,077,732212,93396,91977,4980,96957,1610
2021-09-17,San Luis Obispo,079,281455,27677,27102,1080,28182,311
2021-09-17,San Mateo,081,765935,51750,50854,783,51637,564
2021-09-17,Santa Barbara,083,443738,41816,41354,1474,42828,498
2021-09-17,Santa Clara,085,1922200,140419,138939,1101,140040,1838
2021-09-17,Santa Cruz,087,273765,19312,19039,974,20013,211
2021-09-17,Shasta,089,179085,18263,17617,2972,20589,254
2021-09-17,Sierra,091,2930,129,124,13,137,0
2021-09-17,Siskiyou,093,43540,3005,2852,1049,3901,35
2021-09-17,Solano,095,438530,43766,42898,1129,44027,312
2021-09-17,Sonoma,097,501317,39150,38808,483,39291,369
2021-09-17,Stanislaus,099,539301,71935,71408,8119,79527,1091
2021-09-17,Sutter,101,95872,12939,12799,242,13041,153
2021-09-17,Tehama,103,63373,7230,7020,1172,8192,84
2021-09-17,Trinity,105,12862,710,556,195,751,7
2021-09-17,Tulare,107,460477,61581,59689,12566,72255,895
2021-09-17,Tuolumne,109,53932,6137,6047,74,6121,89
2021-09-17,Ventura,111,848112,94316,93273,4116,97389,1116
2021-09-17,Yolo,113,214977,18453,18177,942,19119,239
2021-09-17,Yuba,115,75493,9169,9019,205,9224,61
2021-09-16,Alameda,001,1643700,113872,112770,2603,115373,1318
2021-09-16,Alpine,003,1148,99,99,0,99,0
2021-09-16,Amador,005,37829,4924,4819,49,4868,58
2021-09-16,Butte,007,227075,18473,17750,3261,21011,230
2021-09-16,Calaveras,009,45235,3427,3313,33,3346,66
2021-09-16,Colusa,011,21464,2396,2363,535,2898,16
2021-09-16,Contra Costa,013,1133247,94298,93213,1920,95133,917
2021-09-16,Del Norte,015,27424,3439,3285,24,3309,34
2021-09-16,El Dorado,017,186661,14697,14372,1504,15876,127
2021-09-16,Fresno,019,978130,126579,123853,11466,135319,1868
2021-09-16,Glenn,021,27897,3167,3068,909,3977,24
2021-09-16,Humboldt,023,135768,7994,7809,389,8198,80
2021-09-16,Imperial,025,180216,31285,30966,2996,33962,753
2021-09-16,Inyo,027,18085,1663,1623,34,1657,39
2021-09-16,Kern,029,883053,116483,113828,17923,131751,1448
2021-09-16,Kings,031,150075,28798,28114,1635,29749,280
2021-09-16,Lake,033,64148,6066,5890,118,6008,87
2021-09-16,Lassen,035,31185,6247,6028,260,6288,25
2021-09-16,Los Angeles,037,10098052,1390189,1376277,51487,1427764,25796
2021-09-16,Madera,039,155013,20518,19974,1632,21606,257
2021-09-16,Marin,041,260295,16828,16625,389,17014,242
2021-09-16,Mariposa,043,17540,916,849,32,881,6
2021-09-16,Mendocino,045,87422,6658,6445,314,6759,67
2021-09-16,Merced,047,269075,38197,37675,1492,39167,532
2021-09-16,Modoc,049,8938,467,455,160,615,5
2021-09-16,Mono,051,14174,1503,1449,18,1467,3
2021-09-16,Monterey,053,433212,47238,46342,2560,48902,562
2021-09-16,Napa,055,140530,12249,12115,82,12197,95
2021-09-16,Nevada,057,99092,8276,8121,273,8394,84
2021-09-16,Orange,059,3164182,295803,292183,13995,306178,5340
2021-09-16,Placer,061,380077,33770,33037,3149,36186,354
2021-09-16,Plumas,063,18699,1246,1178,23,1201,5
2021-09-16,Riverside,065,2383286,345498,339770,15869,355639,4786
2021-09-16,Sacramento,067,1510023,146924,145754,3677,149431,1996
2021-09-16,San Benito,069,59416,6937,6913,142,7055,67
2021-09-16,San Bernardino,071,2135413,338707,335129,10550,345679,5474
2021-09-16,San Diego,073,3302833,351675,347472,20724,368196,3994
2021-09-16,San Francisco,075,870044,49941,49133,2133,51266,605
2021-09-16,San Joaquin,077,732212,93158,91650,4936,96586,1608
2021-09-16,San Luis Obispo,079,281455,27604,27044,1076,28120,310
2021-09-16,San Mateo,081,765935,51673,50773,781,51554,564
2021-09-16,Santa Barbara,083,443738,41750,41272,1471,42743,497
2021-09-16,Santa Clara,085,1922200,140265,138685,1097,139782,1835
2021-09-16,Santa Cruz,087,273765,19285,19011,974,19985,211
2021-09-16,Shasta,089,179085,18138,17438,2938,20376,251
2021-09-16,Sierra,091,2930,129,123,13,136,0
2021-09-16,Siskiyou,093,43540,2985,2819,1042,3861,35
2021-09-16,Solano,095,438530,43694,42792,1120,43912,312
2021-09-16,Sonoma,097,501317,39087,38707,482,39189,369
2021-09-16,Stanislaus,099,539301,71702,71105,8102,79207,1091
2021-09-16,Sutter,101,95872,12895,12729,236,12965,152
2021-09-16,Tehama,103,63373,7190,6953,1161,8114,83
2021-09-16,Trinity,105,12862,707,547,194,741,7
2021-09-16,Tulare,107,460477,61359,59459,12491,71950,894
2021-09-16,Tuolumne,109,53932,6117,5999,73,6072,89
2021-09-16,Ventura,111,848112,94176,93087,4112,97199,1110
2021-09-16,Yolo,113,214977,18421,18135,940,19075,239
2021-09-16,Yuba,115,75493,9135,8981,202,9183,61
2021-09-15,Alameda,001,1643700,113706,112498,2596,115094,1317
2021-09-15,Alpine,003,1148,99,99,0,99,0
2021-09-15,Amador,005,37829,4916,4792,49,4841,58
2021-09-15,Butte,007,227075,18374,17664,3242,20906,228
2021-09-15,Calaveras,009,45235,3398,3293,31,3324,66
2021-09-15,Colusa,011,21464,2394,2352,532,2884,16
2021-09-15,Contra Costa,013,1133247,94118,92989,1908,94897,913
2021-09-15,Del Norte,015,27424,3426,3271,22,3293,34
2021-09-15,El Dorado,017,186661,14671,14309,1495,15804,127
2021-09-15,Fresno,019,978130,126200,123370,11408,134778,1867
2021-09-15,Glenn,021,27897,3155,3051,904,3955,20
2021-09-15,Humboldt,023,135768,7959,7754,384,8138,52
2021-09-15,Imperial,025,180216,31230,30891,2991,33882,753
2021-09-15,Inyo,027,18085,1659,1614,34,1648,39
2021-09-15,Kern,029,883053,116136,113546,17824,131370,1434
2021-09-15,Kings,031,150075,28719,27991,1626,29617,279
2021-09-15,Lake,033,64148,6034,5852,117,5969,85
2021-09-15,Lassen,035,31185,6187,6018,255,6273,25
2021-09-15,Los Angeles,037,10098052,1388688,1374307,51418,1425725,25767
2021-09-15,Madera,039,155013,20443,19880,1624,21504,257
2021-09-15,Marin,041,260295,16793,16592,384,16976,242
2021-09-15,Mariposa,043,17540,904,843,32,875,5
2021-09-15,Mendocino,045,87422,6628,6399,309,6708,66
2021-09-15,Merced,047,269075,38089,37508,1490,38998,529
2021-09-15,Modoc,049,8938,467,454,160,614,5
2021-09-15,Mono,051,14174,1497,1445,18,1463,3
2021-09-15,Monterey,053,433212,47168,46317,2548,48865,562
2021-09-15,Napa,055,140530,12228,12082,82,12164,95
2021-09-15,Nevada,057,99092,8254,8081,270,8351,84
2021-09-15,Orange,059,3164182,295479,291834,13976,305810,5328
2021-09-15,Placer,061,380077,33658,32860,3128,35988,352
2021-09-15,Plumas,063,18699,1241,1164,22,1186,5
2021-09-15,Riverside,065,2383286,344915,339077,15845,354922,4769
2021-09-15,Sacramento,067,1510023,146497,145202,3646,148848,1981
2021-09-15,San Benito,069,59416,6934,6902,142,7044,67
2021-09-15,San Bernardino,071,2135413,338242,334556,10536,345092,5470
2021-09-15,San Diego,073,3302833,351056,346933,20696,367629,3983
2021-09-15,San Francisco,075,870044,49830,48999,2128,51127,605
2021-09-15,San Joaquin,077,732212,92882,91322,4896,96218,1607
2021-09-15,San Luis Obispo,079,281455,27521,26943,1070,28013,306
2021-09-15,San Mateo,081,765935,51591,50691,778,51469,564
2021-09-15,Santa Barbara,083,443738,41647,41077,1466,42543,497
2021-09-15,Santa Clara,085,1922200,140091,138410,1092,139502,1833
2021-09-15,Santa Cruz,087,273765,19247,18984,972,19956,210
2021-09-15,Shasta,089,179085,18027,17317,2917,20234,250
2021-09-15,Sierra,091,2930,129,123,13,136,0
2021-09-15,Siskiyou,093,43540,2965,2804,1012,3816,35
2021-09-15,Solano,095,438530,43622,42682,1115,43797,312
2021-09-15,Sonoma,097,501317,39029,38629,481,39110,369
2021-09-15,Stanislaus,099,539301,71478,70852,8080,78932,1091
2021-09-15,Sutter,101,95872,12862,12699,231,12930,151
2021-09-15,Tehama,103,63373,7149,6894,1152,8046,79
2021-09-15,Trinity,105,12862,705,541,192,733,7
2021-09-15,Tulare,107,460477,61100,59149,12430,71579,890
2021-09-15,Tuolumne,109,53932,6091,5969,73,6042,89
2021-09-15,Ventura,111,848112,94033,92960,4105,97065,1109
2021-09-15,Yolo,113,214977,18387,18064,933,18997,239
2021-09-15,Yuba,115,75493,9101,8953,202,9155,61
2021-09-14,Alameda,001,1643700,113500,112329,2591,114920,1316
2021-09-14,Alpine,003,1148,99,98,0,98,0
2021-09-14,Amador,005,37829,4896,4790,49,4839,57
2021-09-14,Butte,007,227075,18239,17516,3219,20735,226
2021-09-14,Calaveras,009,45235,3378,3280,28,3308,66
2021-09-14,Colusa,011,21464,2390,2344,528,2872,16
2021-09-14,Contra Costa,013,1133247,93920,92822,1900,94722,908
2021-09-14,Del Norte,015,27424,3410,3252,21,3273,32
2021-09-14,El Dorado,017,186661,14618,14247,1487,15734,123
2021-09-14,Fresno,019,978130,125725,123151,11355,134506,1856
2021-09-14,Glenn,021,27897,3138,3045,900,3945,20
2021-09-14,Humboldt,023,135768,7925,7717,379,8096,52
2021-09-14,Imperial,025,180216,31181,30845,2988,33833,752
2021-09-14,Inyo,027,18085,1650,1605,33,1638,39
2021-09-14,Kern,029,883053,115753,113250,17698,130948,1428
2021-09-14,Kings,031,150075,28643,27955,1618,29573,278
2021-09-14,Lake,033,64148,6002,5845,117,5962,83
2021-09-14,Lassen,035,31185,6173,5977,250,6227,25
2021-09-14,Los Angeles,037,10098052,1386850,1372831,51336,1424167,25729
2021-09-14,Madera,039,155013,20361,19800,1613,21413,254
2021-09-14,Marin,041,260295,16765,16584,382,16966,242
2021-09-14,Mariposa,043,17540,893,834,31,865,5
2021-09-14,Mendocino,045,87422,6592,6372,297,6669,65
2021-09-14,Merced,047,269075,37939,37430,1486,38916,526
2021-09-14,Modoc,049,8938,466,453,160,613,5
2021-09-14,Mono,051,14174,1493,1440,18,1458,4
2021-09-14,Monterey,053,433212,47127,46224,2536,48760,558
2021-09-14,Napa,055,140530,12195,12070,81,12151,91
2021-09-14,Nevada,057,99092,8220,8056,270,8326,83
2021-09-14,Orange,059,3164182,295086,291423,13952,305375,5319
2021-09-14,Placer,061,380077,33526,32735,3108,35843,350
2021-09-14,Plumas,063,18699,1226,1148,22,1170,5
2021-09-14,Riverside,065,2383286,344274,338534,15814,354348,4748
2021-09-14,Sacramento,067,1510023,146112,145051,3598,148649,1977
2021-09-14,San Benito,069,59416,6924,6887,142,7029,64
2021-09-14,San Bernardino,071,2135413,337746,333968,10511,344479,5465
2021-09-14,San Diego,073,3302833,350396,346204,20645,366849,3966
2021-09-14,San Francisco,075,870044,49696,48998,2126,51124,603
2021-09-14,San Joaquin,077,732212,92643,91128,4886,96014,1596
2021-09-14,San Luis Obispo,079,281455,27448,26845,1065,27910,304
2021-09-14,San Mateo,081,765935,51493,50602,775,51377,564
2021-09-14,Santa Barbara,083,443738,41551,40783,1457,42240,495
2021-09-14,Santa Clara,085,1922200,139856,138321,1089,139410,1828
2021-09-14,Santa Cruz,087,273765,19207,18965,970,19935,210
2021-09-14,Shasta,089,179085,17896,17152,2896,20048,246
2021-09-14,Sierra,091,2930,129,123,13,136,0
2021-09-14,Siskiyou,093,43540,2941,2756,995,3751,35
2021-09-14,Solano,095,438530,43539,42599,1112,43711,307
2021-09-14,Sonoma,097,501317,38960,38595,477,39072,369
2021-09-14,Stanislaus,099,539301,71219,70697,8052,78749,1091
2021-09-14,Sutter,101,95872,12820,12670,224,12894,149
2021-09-14,Tehama,103,63373,7095,6859,1144,8003,80
2021-09-14,Trinity,105,12862,699,538,191,729,7
2021-09-14,Tulare,107,460477,60847,58961,12358,71319,888
2021-09-14,Tuolumne,109,53932,6070,5951,71,6022,89
2021-09-14,Ventura,111,848112,93848,92841,4088,96929,1107
2021-09-14,Yolo,113,214977,18343,18039,928,18967,239
2021-09-14,Yuba,115,75493,9065,8928,202,9130,61
2021-09-13,Alameda,001,1643700,113286,112159,2586,114745,1309
2021-09-13,Alpine,003,1148,98,98,0,98,0
2021-09-13,Amador,005,37829,4878,4761,49,4810,56
2021-09-13,Butte,007,227075,18114,17393,3191,20584,225
2021-09-13,Calaveras,009,45235,3352,3253,27,3280,65
2021-09-13,Colusa,011,21464,2381,2346,524,2870,16
2021-09-13,Contra Costa,013,1133247,93674,92658,1895,94553,908
2021-09-13,Del Norte,015,27424,3374,3232,21,3253,28
2021-09-13,El Dorado,017,186661,14557,14194,1479,15673,119
2021-09-13,Fresno,019,978130,125258,122650,11289,133939,1853
2021-09-13,Glenn,021,27897,3124,3026,894,3920,20
2021-09-13,Humboldt,023,135768,7893,7659,376,8035,52
2021-09-13,Imperial,025,180216,31128,30802,2985,33787,751
2021-09-13,Inyo,027,18085,1643,1602,33,1635,39
2021-09-13,Kern,029,883053,115370,112930,17576,130506,1424
2021-09-13,Kings,031,150075,28533,27858,1606,29464,275
2021-09-13,Lake,033,64148,5980,5809,117,5926,82
2021-09-13,Lassen,035,31185,6138,5953,249,6202,25
2021-09-13,Los Angeles,037,10098052,1384986,1371423,51268,1422691,25703
2021-09-13,Madera,039,155013,20291,19735,1598,21333,252
2021-09-13,Marin,041,260295,16729,16557,381,16938,242
2021-09-13,Mariposa,043,17540,879,825,31,856,5
2021-09-13,Mendocino,045,87422,6557,6323,288,6611,61
2021-09-13,Merced,047,269075,37788,37291,1481,38772,521
2021-09-13,Modoc,049,8938,465,451,160,611,5
2021-09-13,Mono,051,14174,1487,1435,18,1453,3
2021-09-13,Monterey,053,433212,47036,46188,2523,48711,558
2021-09-13,Napa,055,140530,12177,12039,81,12120,91
2021-09-13,Nevada,057,99092,8194,8021,268,8289,83
2021-09-13,Orange,059,3164182,294654,291128,13931,305059,5312
2021-09-13,Placer,061,380077,33361,32617,3091,35708,343
2021-09-13,Plumas,063,18699,1217,1142,22,1164,5
2021-09-13,Riverside,065,2383286,343629,337876,15796,353672,4731
2021-09-13,Sacramento,067,1510023,145625,144537,3564,148101,1956
2021-09-13,San Benito,069,59416,6909,6867,141,7008,64
2021-09-13,San Bernardino,071,2135413,337255,333613,10486,344099,5441
2021-09-13,San Diego,073,3302833,349609,345647,20593,366240,3961
2021-09-13,San Francisco,075,870044,49567,48914,2120,51034,603
2021-09-13,San Joaquin,077,732212,92358,90966,4868,95834,1581
2021-09-13,San Luis Obispo,079,281455,27351,26805,1062,27867,300
2021-09-13,San Mateo,081,765935,51403,50525,770,51295,564
2021-09-13,Santa Barbara,083,443738,41432,40661,1450,42111,494
2021-09-13,Santa Clara,085,1922200,139610,138152,1084,139236,1820
2021-09-13,Santa Cruz,087,273765,19167,18917,969,19886,210
2021-09-13,Shasta,089,179085,17766,17033,2855,19888,243
2021-09-13,Sierra,091,2930,129,123,13,136,0
2021-09-13,Siskiyou,093,43540,2926,2745,983,3728,35
2021-09-13,Solano,095,438530,43435,42501,1109,43610,306
2021-09-13,Sonoma,097,501317,38893,38513,474,38987,368
2021-09-13,Stanislaus,099,539301,70965,70477,8016,78493,1091
2021-09-13,Sutter,101,95872,12762,12624,220,12844,145
2021-09-13,Tehama,103,63373,7032,6803,1132,7935,79
2021-09-13,Trinity,105,12862,697,533,189,722,7
2021-09-13,Tulare,107,460477,60563,58768,12298,71066,887
2021-09-13,Tuolumne,109,53932,6039,5909,71,5980,89
2021-09-13,Ventura,111,848112,93686,92679,4080,96759,1107
2021-09-13,Yolo,113,214977,18298,17974,922,18896,239
2021-09-13,Yuba,115,75493,9020,8884,201,9085,61
2021-09-12,Alameda,001,1643700,113023,111961,2583,114544,1309
2021-09-12,Alpine,003,1148,98,98,0,98,0
2021-09-12,Amador,005,37829,4857,4752,49,4801,56
2021-09-12,Butte,007,227075,17968,17257,3145,20402,221
2021-09-12,Calaveras,009,45235,3321,3236,23,3259,65
2021-09-12,Colusa,011,21464,2378,2344,523,2867,16
2021-09-12,Contra Costa,013,1133247,93406,92498,1883,94381,908
2021-09-12,Del Norte,015,27424,3339,3200,21,3221,28
2021-09-12,El Dorado,017,186661,14484,14167,1463,15630,119
2021-09-12,Fresno,019,978130,124739,122407,11232,133639,1853
2021-09-12,Glenn,021,27897,3107,3016,889,3905,20
2021-09-12,Humboldt,023,135768,7823,7636,365,8001,52
2021-09-12,Imperial,025,180216,31065,30790,2980,33770,751
2021-09-12,Inyo,027,18085,1633,1596,31,1627,39
2021-09-12,Kern,029,883053,114958,112602,17417,130019,1424
2021-09-12,Kings,031,150075,28422,27764,1589,29353,274
2021-09-12,Lake,033,64148,5940,5781,115,5896,82
2021-09-12,Lassen,035,31185,6101,5943,239,6182,25
2021-09-12,Los Angeles,037,10098052,1382930,1365968,51193,1417161,25630
2021-09-12,Madera,039,155013,20204,19691,1585,21276,252
2021-09-12,Marin,041,260295,16706,16526,381,16907,242
2021-09-12,Mariposa,043,17540,868,811,29,840,5
2021-09-12,Mendocino,045,87422,6517,6283,279,6562,61
2021-09-12,Merced,047,269075,37616,37172,1470,38642,521
2021-09-12,Modoc,049,8938,465,451,159,610,5
2021-09-12,Mono,051,14174,1480,1431,18,1449,3
2021-09-12,Monterey,053,433212,46937,46167,2513,48680,558
2021-09-12,Napa,055,140530,12147,12011,81,12092,91
2021-09-12,Nevada,057,99092,8154,7987,267,8254,83
2021-09-12,Orange,059,3164182,294190,290718,13910,304628,5312
2021-09-12,Placer,061,380077,33212,32520,3067,35587,343
2021-09-12,Plumas,063,18699,1198,1138,22,1160,5
2021-09-12,Riverside,065,2383286,342946,337332,15762,353094,4731
2021-09-12,Sacramento,067,1510023,145119,144030,3524,147554,1959
2021-09-12,San Benito,069,59416,6890,6852,140,6992,64
2021-09-12,San Bernardino,071,2135413,336640,333049,10473,343522,5439
2021-09-12,San Diego,073,3302833,348799,345058,20517,365575,3942
2021-09-12,San Francisco,075,870044,49456,48819,2113,50932,603
2021-09-12,San Joaquin,077,732212,92029,90730,4860,95590,1581
2021-09-12,San Luis Obispo,079,281455,27232,26729,1049,27778,299
2021-09-12,San Mateo,081,765935,51295,50432,766,51198,564
2021-09-12,Santa Barbara,083,443738,41320,40600,1443,42043,494
2021-09-12,Santa Clara,085,1922200,139353,137899,1081,138980,1820
2021-09-12,Santa Cruz,087,273765,19134,18892,968,19860,210
2021-09-12,Shasta,089,179085,17601,16957,2797,19754,243
2021-09-12,Sierra,091,2930,129,123,13,136,0
2021-09-12,Siskiyou,093,43540,2898,2730,968,3698,35
2021-09-12,Solano,095,438530,43329,42409,1104,43513,306
2021-09-12,Sonoma,097,501317,38813,38456,472,38928,368
2021-09-12,Stanislaus,099,539301,70666,70184,7977,78161,1091
2021-09-12,Sutter,101,95872,12720,12589,214,12803,145
2021-09-12,Tehama,103,63373,6968,6732,1120,7852,79
2021-09-12,Trinity,105,12862,693,529,187,716,7
2021-09-12,Tulare,107,460477,60210,58582,12238,70820,887
2021-09-12,Tuolumne,109,53932,6006,5888,71,5959,89
2021-09-12,Ventura,111,848112,93559,92496,4074,96570,1107
2021-09-12,Yolo,113,214977,18232,17943,914,18857,239
2021-09-12,Yuba,115,75493,8985,8842,201,9043,61
2021-09-11,Alameda,001,1643700,112899,111715,2581,114296,1309
2021-09-11,Alpine,003,1148,98,98,0,98,0
2021-09-11,Amador,005,37829,4844,4728,48,4776,56
2021-09-11,Butte,007,227075,17886,17218,3118,20336,221
2021-09-11,Calaveras,009,45235,3313,3208,22,3230,65
2021-09-11,Colusa,011,21464,2377,2338,520,2858,16
2021-09-11,Contra Costa,013,1133247,93287,92269,1878,94147,908
2021-09-11,Del Norte,015,27424,3323,3184,21,3205,28
2021-09-11,El Dorado,017,186661,14465,14117,1457,15574,119
2021-09-11,Fresno,019,978130,124560,122224,11207,133431,1853
2021-09-11,Glenn,021,27897,3097,3007,886,3893,20
2021-09-11,Humboldt,023,135768,7801,7615,362,7977,52
2021-09-11,Imperial,025,180216,31040,30760,2976,33736,751
2021-09-11,Inyo,027,18085,1630,1590,31,1621,39
2021-09-11,Kern,029,883053,114708,112205,17301,129506,1424
2021-09-11,Kings,031,150075,28373,27631,1583,29214,275
2021-09-11,Lake,033,64148,5919,5761,115,5876,82
2021-09-11,Lassen,035,31185,6086,5930,235,6165,25
2021-09-11,Los Angeles,037,10098052,1381964,1365831,51128,1416959,25630
2021-09-11,Madera,039,155013,20151,19648,1580,21228,252
2021-09-11,Marin,041,260295,16678,16496,380,16876,242
2021-09-11,Mariposa,043,17540,863,799,29,828,5
2021-09-11,Mendocino,045,87422,6493,6257,279,6536,61
2021-09-11,Merced,047,269075,37562,37042,1467,38509,521
2021-09-11,Modoc,049,8938,465,449,159,608,5
2021-09-11,Mono,051,14174,1474,1431,18,1449,3
2021-09-11,Monterey,053,433212,46900,46140,2510,48650,558
2021-09-11,Napa,055,140530,12124,11991,81,12072,91
2021-09-11,Nevada,057,99092,8139,7967,267,8234,83
2021-09-11,Orange,059,3164182,293888,290429,13894,304323,5306
2021-09-11,Placer,061,380077,33129,32414,3056,35470,344
2021-09-11,Plumas,063,18699,1191,1112,22,1134,5
2021-09-11,Riverside,065,2383286,342508,336585,15748,352333,4731
2021-09-11,Sacramento,067,1510023,144818,143557,3512,147069,1955
2021-09-11,San Benito,069,59416,6877,6844,140,6984,64
2021-09-11,San Bernardino,071,2135413,336298,332512,10459,342971,5430
2021-09-11,San Diego,073,3302833,348315,344355,20493,364848,3942
2021-09-11,San Francisco,075,870044,49401,48660,2108,50768,603
2021-09-11,San Joaquin,077,732212,91886,90482,4853,95335,1581
2021-09-11,San Luis Obispo,079,281455,27186,26651,1048,27699,299
2021-09-11,San Mateo,081,765935,51223,50341,765,51106,564
2021-09-11,Santa Barbara,083,443738,41247,40451,1443,41894,494
2021-09-11,Santa Clara,085,1922200,139201,137659,1078,138737,1820
2021-09-11,Santa Cruz,087,273765,19105,18865,968,19833,210
2021-09-11,Shasta,089,179085,17507,16877,2777,19654,243
2021-09-11,Sierra,091,2930,129,123,13,136,0
2021-09-11,Siskiyou,093,43540,2881,2717,965,3682,35
2021-09-11,Solano,095,438530,43278,42344,1101,43445,306
2021-09-11,Sonoma,097,501317,38766,38399,470,38869,368
2021-09-11,Stanislaus,099,539301,70541,69974,7964,77938,1091
2021-09-11,Sutter,101,95872,12694,12538,211,12749,145
2021-09-11,Tehama,103,63373,6947,6703,1112,7815,79
2021-09-11,Trinity,105,12862,686,526,187,713,7
2021-09-11,Tulare,107,460477,60098,58321,12191,70512,889
2021-09-11,Tuolumne,109,53932,5987,5879,68,5947,89
2021-09-11,Ventura,111,848112,93477,92328,4069,96397,1107
2021-09-11,Yolo,113,214977,18208,17906,909,18815,239
2021-09-11,Yuba,115,75493,8960,8813,201,9014,61
2021-09-10,Alameda,001,1643700,112709,111386,2580,113966,1306
2021-09-10,Alpine,003,1148,97,97,0,97,0
2021-09-10,Amador,005,37829,4832,4706,48,4754,56
2021-09-10,Butte,007,227075,17811,17051,3100,20151,222
2021-09-10,Calaveras,009,45235,3305,3183,22,3205,65
2021-09-10,Colusa,011,21464,2373,2327,517,2844,16
2021-09-10,Contra Costa,013,1133247,93164,92024,1876,93900,908
2021-09-10,Del Norte,015,27424,3308,3128,20,3148,28
2021-09-10,El Dorado,017,186661,14435,14051,1453,15504,119
2021-09-10,Fresno,019,978130,124237,121659,11177,132836,1846
2021-09-10,Glenn,021,27897,3090,2977,885,3862,20
2021-09-10,Humboldt,023,135768,7769,7543,358,7901,52
2021-09-10,Imperial,025,180216,31017,30716,2974,33690,751
2021-09-10,Inyo,027,18085,1626,1590,31,1621,39
2021-09-10,Kern,029,883053,114454,111832,17185,129017,1419
2021-09-10,Kings,031,150075,28299,27473,1574,29047,274
2021-09-10,Lake,033,64148,5903,5713,113,5826,79
2021-09-10,Lassen,035,31185,6078,5914,232,6146,25
2021-09-10,Los Angeles,037,10098052,1380756,1365709,51061,1416770,25630
2021-09-10,Madera,039,155013,20105,19520,1573,21093,252
2021-09-10,Marin,041,260295,16658,16458,377,16835,242
2021-09-10,Mariposa,043,17540,858,795,29,824,5
2021-09-10,Mendocino,045,87422,6461,6184,278,6462,61
2021-09-10,Merced,047,269075,37510,36884,1466,38350,521
2021-09-10,Modoc,049,8938,465,448,159,607,5
2021-09-10,Mono,051,14174,1469,1422,18,1440,3
2021-09-10,Monterey,053,433212,46856,46084,2508,48592,557
2021-09-10,Napa,055,140530,12099,11948,81,12029,90
2021-09-10,Nevada,057,99092,8121,7932,266,8198,83
2021-09-10,Orange,059,3164182,293580,290022,13884,303906,5302
2021-09-10,Placer,061,380077,33027,32264,3043,35307,343
2021-09-10,Plumas,063,18699,1183,1111,22,1133,5
2021-09-10,Riverside,065,2383286,342035,335988,15741,351729,4720
2021-09-10,Sacramento,067,1510023,144475,143244,3504,146748,1950
2021-09-10,San Benito,069,59416,6873,6824,140,6964,64
2021-09-10,San Bernardino,071,2135413,335879,331894,10450,342344,5422
2021-09-10,San Diego,073,3302833,347768,343173,20456,363629,3941
2021-09-10,San Francisco,075,870044,49322,48518,2101,50619,602
2021-09-10,San Joaquin,077,732212,91706,90208,4847,95055,1573
2021-09-10,San Luis Obispo,079,281455,27153,26526,1046,27572,299
2021-09-10,San Mateo,081,765935,51156,50251,764,51015,564
2021-09-10,Santa Barbara,083,443738,41194,40321,1440,41761,492
2021-09-10,Santa Clara,085,1922200,139017,137337,1077,138414,1817
2021-09-10,Santa Cruz,087,273765,19086,18785,967,19752,210
2021-09-10,Shasta,089,179085,17413,16667,2749,19416,242
2021-09-10,Sierra,091,2930,129,117,13,130,0
2021-09-10,Siskiyou,093,43540,2869,2702,961,3663,35
2021-09-10,Solano,095,438530,43204,42230,1094,43324,305
2021-09-10,Sonoma,097,501317,38708,38271,469,38740,368
2021-09-10,Stanislaus,099,539301,70385,69617,7940,77557,1091
2021-09-10,Sutter,101,95872,12660,12468,211,12679,145
2021-09-10,Tehama,103,63373,6914,6652,1106,7758,77
2021-09-10,Trinity,105,12862,682,524,187,711,7
2021-09-10,Tulare,107,460477,59950,57930,12144,70074,883
2021-09-10,Tuolumne,109,53932,5968,5842,67,5909,89
2021-09-10,Ventura,111,848112,93380,92145,4065,96210,1104
2021-09-10,Yolo,113,214977,18183,17825,904,18729,239
2021-09-10,Yuba,115,75493,8941,8760,200,8960,62
2021-09-09,Alameda,001,1643700,112490,111014,2576,113590,1306
2021-09-09,Alpine,003,1148,97,94,0,94,0
2021-09-09,Amador,005,37829,4811,4698,47,4745,56
2021-09-09,Butte,007,227075,17664,16874,3072,19946,221
2021-09-09,Calaveras,009,45235,3271,3165,22,3187,65
2021-09-09,Colusa,011,21464,2366,2321,516,2837,16
2021-09-09,Contra Costa,013,1133247,92954,91687,1871,93558,904
2021-09-09,Del Norte,015,27424,3285,3102,20,3122,28
2021-09-09,El Dorado,017,186661,14378,13970,1443,15413,119
2021-09-09,Fresno,019,978130,123761,121040,11131,132171,1838
2021-09-09,Glenn,021,27897,3078,2947,881,3828,20
2021-09-09,Humboldt,023,135768,7719,7471,352,7823,52
2021-09-09,Imperial,025,180216,30979,30661,2971,33632,751
2021-09-09,Inyo,027,18085,1619,1586,31,1617,39
2021-09-09,Kern,029,883053,114107,111390,17028,128418,1414
2021-09-09,Kings,031,150075,28198,27282,1563,28845,273
2021-09-09,Lake,033,64148,5879,5638,111,5749,79
2021-09-09,Lassen,035,31185,6028,5860,226,6086,25
2021-09-09,Los Angeles,037,10098052,1378890,1363735,50987,1414722,25583
2021-09-09,Madera,039,155013,20032,19401,1560,20961,252
2021-09-09,Marin,041,260295,16635,16416,374,16790,242
2021-09-09,Mariposa,043,17540,845,779,28,807,5
2021-09-09,Mendocino,045,87422,6427,6089,269,6358,61
2021-09-09,Merced,047,269075,37356,36634,1453,38087,516
2021-09-09,Modoc,049,8938,465,448,159,607,5
2021-09-09,Mono,051,14174,1459,1420,18,1438,3
2021-09-09,Monterey,053,433212,46802,45991,2497,48488,556
2021-09-09,Napa,055,140530,12067,11878,81,11959,90
2021-09-09,Nevada,057,99092,8083,7855,266,8121,82
2021-09-09,Orange,059,3164182,293171,289109,13853,302962,5299
2021-09-09,Placer,061,380077,32909,32048,3028,35076,342
2021-09-09,Plumas,063,18699,1172,1098,22,1120,5
2021-09-09,Riverside,065,2383286,341396,334774,15723,350497,4701
2021-09-09,Sacramento,067,1510023,143995,142728,3458,146186,1929
2021-09-09,San Benito,069,59416,6863,6820,139,6959,64
2021-09-09,San Bernardino,071,2135413,335312,331040,10437,341477,5417
2021-09-09,San Diego,073,3302833,347054,342149,20399,362548,3929
2021-09-09,San Francisco,075,870044,49208,48404,2092,50496,597
2021-09-09,San Joaquin,077,732212,91431,89874,4829,94703,1570
2021-09-09,San Luis Obispo,079,281455,27071,26472,1043,27515,296
2021-09-09,San Mateo,081,765935,51034,50143,761,50904,561
2021-09-09,Santa Barbara,083,443738,41088,40180,1436,41616,490
2021-09-09,Santa Clara,085,1922200,138794,137017,1072,138089,1816
2021-09-09,Santa Cruz,087,273765,19040,18728,967,19695,210
2021-09-09,Shasta,089,179085,17267,16401,2707,19108,238
2021-09-09,Sierra,091,2930,129,115,13,128,0
2021-09-09,Siskiyou,093,43540,2846,2683,947,3630,35
2021-09-09,Solano,095,438530,43088,42081,1090,43171,303
2021-09-09,Sonoma,097,501317,38640,38171,468,38639,360
2021-09-09,Stanislaus,099,539301,70106,69178,7907,77085,1074
2021-09-09,Sutter,101,95872,12605,12396,209,12605,144
2021-09-09,Tehama,103,63373,6860,6554,1101,7655,75
2021-09-09,Trinity,105,12862,676,523,185,708,6
2021-09-09,Tulare,107,460477,59708,57564,12085,69649,879
2021-09-09,Tuolumne,109,53932,5940,5802,66,5868,89
2021-09-09,Ventura,111,848112,93235,91610,4056,95666,1098
2021-09-09,Yolo,113,214977,18125,17724,901,18625,239
2021-09-09,Yuba,115,75493,8896,8707,197,8904,55
2021-09-08,Alameda,001,1643700,112245,110781,2573,113354,1305
2021-09-08,Alpine,003,1148,97,94,0,94,0
2021-09-08,Amador,005,37829,4799,4693,47,4740,56
2021-09-08,Butte,007,227075,17530,16775,3054,19829,220
2021-09-08,Calaveras,009,45235,3253,3157,22,3179,63
2021-09-08,Colusa,011,21464,2364,2308,516,2824,16
2021-09-08,Contra Costa,013,1133247,92674,91471,1866,93337,900
2021-09-08,Del Norte,015,27424,3262,3085,20,3105,25
2021-09-08,El Dorado,017,186661,14298,13928,1422,15350,119
2021-09-08,Fresno,019,978130,123263,120644,11066,131710,1831
2021-09-08,Glenn,021,27897,3063,2942,872,3814,20
2021-09-08,Humboldt,023,135768,7675,7438,344,7782,52
2021-09-08,Imperial,025,180216,30946,30609,2958,33567,751
2021-09-08,Inyo,027,18085,1608,1580,31,1611,39
2021-09-08,Kern,029,883053,113709,110933,16888,127821,1409
2021-09-08,Kings,031,150075,28069,27235,1548,28783,267
2021-09-08,Lake,033,64148,5849,5618,109,5727,79
2021-09-08,Lassen,035,31185,6010,5848,219,6067,25
2021-09-08,Los Angeles,037,10098052,1376823,1362029,50898,1412927,25533
2021-09-08,Madera,039,155013,19972,19352,1546,20898,252
2021-09-08,Marin,041,260295,16607,16386,373,16759,242
2021-09-08,Mariposa,043,17540,833,777,27,804,5
2021-09-08,Mendocino,045,87422,6383,6069,260,6329,61
2021-09-08,Merced,047,269075,37195,36500,1441,37941,516
2021-09-08,Modoc,049,8938,465,448,159,607,5
2021-09-08,Mono,051,14174,1453,1418,18,1436,3
2021-09-08,Monterey,053,433212,46753,45959,2491,48450,554
2021-09-08,Napa,055,140530,12032,11842,79,11921,90
2021-09-08,Nevada,057,99092,8048,7843,265,8108,82
2021-09-08,Orange,059,3164182,292762,288511,13829,302340,5290
2021-09-08,Placer,061,380077,32772,31852,3011,34863,337
2021-09-08,Plumas,063,18699,1165,1072,22,1094,5
2021-09-08,Riverside,065,2383286,340637,334037,15698,349735,4683
2021-09-08,Sacramento,067,1510023,143516,142448,3409,145857,1921
2021-09-08,San Benito,069,59416,6845,6800,139,6939,64
2021-09-08,San Bernardino,071,2135413,334709,330279,10420,340699,5411
2021-09-08,San Diego,073,3302833,346138,341437,20348,361785,3926
2021-09-08,San Francisco,075,870044,49070,48263,2088,50351,589
2021-09-08,San Joaquin,077,732212,91151,89631,4805,94436,1561
2021-09-08,San Luis Obispo,079,281455,26977,26303,1038,27341,294
2021-09-08,San Mateo,081,765935,50930,50051,761,50812,561
2021-09-08,Santa Barbara,083,443738,40976,40000,1432,41432,490
2021-09-08,Santa Clara,085,1922200,138561,136836,1068,137904,1810
2021-09-08,Santa Cruz,087,273765,19003,18699,967,19666,210
2021-09-08,Shasta,089,179085,17112,16227,2660,18887,234
2021-09-08,Sierra,091,2930,129,113,13,126,0
2021-09-08,Siskiyou,093,43540,2813,2643,936,3579,35
2021-09-08,Solano,095,438530,42996,41971,1087,43058,302
2021-09-08,Sonoma,097,501317,38556,38075,467,38542,360
2021-09-08,Stanislaus,099,539301,69875,68945,7868,76813,1074
2021-09-08,Sutter,101,95872,12540,12349,206,12555,144
2021-09-08,Tehama,103,63373,6793,6520,1084,7604,75
2021-09-08,Trinity,105,12862,673,520,181,701,6
2021-09-08,Tulare,107,460477,59384,57425,12029,69454,876
2021-09-08,Tuolumne,109,53932,5908,5783,64,5847,89
2021-09-08,Ventura,111,848112,93083,91345,4038,95383,1096
2021-09-08,Yolo,113,214977,18043,17680,896,18576,239
2021-09-08,Yuba,115,75493,8854,8675,195,8870,55
2021-09-07,Alameda,001,1643700,111943,110550,2566,113116,1301
2021-09-07,Alpine,003,1148,96,94,0,94,0
2021-09-07,Amador,005,37829,4772,4679,47,4726,53
2021-09-07,Butte,007,227075,17374,16723,3017,19740,220
2021-09-07,Calaveras,009,45235,3212,3140,20,3160,63
2021-09-07,Colusa,011,21464,2354,2306,514,2820,16
2021-09-07,Contra Costa,013,1133247,92411,91167,1860,93027,891
2021-09-07,Del Norte,015,27424,3248,3081,20,3101,24
2021-09-07,El Dorado,017,186661,14226,13892,1407,15299,119
2021-09-07,Fresno,019,978130,122705,120268,10971,131239,1828
2021-09-07,Glenn,021,27897,3051,2937,866,3803,20
2021-09-07,Humboldt,023,135768,7615,7397,327,7724,52
2021-09-07,Imperial,025,180216,30906,30584,2950,33534,751
2021-09-07,Inyo,027,18085,1602,1579,30,1609,39
2021-09-07,Kern,029,883053,113277,110674,16727,127401,1408
2021-09-07,Kings,031,150075,27945,27169,1530,28699,267
2021-09-07,Lake,033,64148,5806,5597,101,5698,78
2021-09-07,Lassen,035,31185,5992,5842,213,6055,21
2021-09-07,Los Angeles,037,10098052,1374591,1360407,50806,1411213,25486
2021-09-07,Madera,039,155013,19885,19316,1538,20854,249
2021-09-07,Marin,041,260295,16568,16363,373,16736,242
2021-09-07,Mariposa,043,17540,817,771,27,798,5
2021-09-07,Mendocino,045,87422,6323,6036,250,6286,61
2021-09-07,Merced,047,269075,37021,36400,1435,37835,513
2021-09-07,Modoc,049,8938,463,449,159,608,5
2021-09-07,Mono,051,14174,1444,1416,18,1434,3
2021-09-07,Monterey,053,433212,46670,45911,2479,48390,543
2021-09-07,Napa,055,140530,11991,11814,79,11893,90
2021-09-07,Nevada,057,99092,8021,7829,265,8094,82
2021-09-07,Orange,059,3164182,292333,288225,13798,302023,5274
2021-09-07,Placer,061,380077,32619,31710,2983,34693,337
2021-09-07,Plumas,063,18699,1150,1071,22,1093,5
2021-09-07,Riverside,065,2383286,339850,333390,15679,349069,4666
2021-09-07,Sacramento,067,1510023,142977,142364,3363,145727,1905
2021-09-07,San Benito,069,59416,6827,6786,139,6925,64
2021-09-07,San Bernardino,071,2135413,333959,329962,10395,340357,5407
2021-09-07,San Diego,073,3302833,345141,340709,20282,360991,3922
2021-09-07,San Francisco,075,870044,48930,48175,2083,50258,589
2021-09-07,San Joaquin,077,732212,90816,89468,4791,94259,1548
2021-09-07,San Luis Obispo,079,281455,26859,26253,1029,27282,287
2021-09-07,San Mateo,081,765935,50837,49913,760,50673,561
2021-09-07,Santa Barbara,083,443738,40850,39957,1427,41384,489
2021-09-07,Santa Clara,085,1922200,138273,136631,1063,137694,1807
2021-09-07,Santa Cruz,087,273765,18954,18669,965,19634,210
2021-09-07,Shasta,089,179085,16956,16096,2607,18703,226
2021-09-07,Sierra,091,2930,129,111,13,124,0
2021-09-07,Siskiyou,093,43540,2787,2607,919,3526,34
2021-09-07,Solano,095,438530,42866,41862,1083,42945,300
2021-09-07,Sonoma,097,501317,38472,38013,465,38478,358
2021-09-07,Stanislaus,099,539301,69604,68831,7840,76671,1074
2021-09-07,Sutter,101,95872,12466,12310,200,12510,138
2021-09-07,Tehama,103,63373,6741,6482,1064,7546,74
2021-09-07,Trinity,105,12862,667,517,181,698,6
2021-09-07,Tulare,107,460477,59034,57228,11950,69178,874
2021-09-07,Tuolumne,109,53932,5871,5759,64,5823,88
2021-09-07,Ventura,111,848112,92872,91246,4028,95274,1093
2021-09-07,Yolo,113,214977,17974,17653,891,18544,235
2021-09-07,Yuba,115,75493,8811,8642,190,8832,55
2021-09-06,Alameda,001,1643700,111630,110357,2558,112915,1301
2021-09-06,Alpine,003,1148,94,94,0,94,0
2021-09-06,Amador,005,37829,4756,4648,46,4694,53
2021-09-06,Butte,007,227075,17182,16588,2974,19562,218
2021-09-06,Calaveras,009,45235,3190,3122,20,3142,63
2021-09-06,Colusa,011,21464,2347,2306,510,2816,16
2021-09-06,Contra Costa,013,1133247,92116,90971,1850,92821,891
2021-09-06,Del Norte,015,27424,3207,3037,19,3056,24
2021-09-06,El Dorado,017,186661,14157,13848,1391,15239,119
2021-09-06,Fresno,019,978130,122132,119738,10896,130634,1828
2021-09-06,Glenn,021,27897,3022,2912,858,3770,20
2021-09-06,Humboldt,023,135768,7539,7320,309,7629,52
2021-09-06,Imperial,025,180216,30843,30576,2944,33520,751
2021-09-06,Inyo,027,18085,1593,1578,18,1596,39
2021-09-06,Kern,029,883053,112765,110347,16539,126886,1408
2021-09-06,Kings,031,150075,27802,27094,1515,28609,264
2021-09-06,Lake,033,64148,5742,5548,94,5642,78
2021-09-06,Lassen,035,31185,5966,5822,203,6025,21
2021-09-06,Los Angeles,037,10098052,1372213,1359348,50690,1410038,25477
2021-09-06,Madera,039,155013,19782,19191,1515,20706,249
2021-09-06,Marin,041,260295,16528,16356,373,16729,242
2021-09-06,Mariposa,043,17540,805,764,27,791,5
2021-09-06,Mendocino,045,87422,6253,5984,237,6221,61
2021-09-06,Merced,047,269075,36807,36300,1421,37721,513
2021-09-06,Modoc,049,8938,460,449,159,608,5
2021-09-06,Mono,051,14174,1440,1416,18,1434,3
2021-09-06,Monterey,053,433212,46576,45833,2462,48295,541
2021-09-06,Napa,055,140530,11948,11792,78,11870,90
2021-09-06,Nevada,057,99092,7973,7748,263,8011,82
2021-09-06,Orange,059,3164182,291839,287948,13745,301693,5274
2021-09-06,Placer,061,380077,32442,31595,2945,34540,337
2021-09-06,Plumas,063,18699,1129,1068,19,1087,5
2021-09-06,Riverside,065,2383286,339035,333052,15659,348711,4666
2021-09-06,Sacramento,067,1510023,142336,141730,3295,145025,1905
2021-09-06,San Benito,069,59416,6804,6777,136,6913,64
2021-09-06,San Bernardino,071,2135413,333075,329693,10364,340057,5398
2021-09-06,San Diego,073,3302833,344142,340222,20185,360407,3922
2021-09-06,San Francisco,075,870044,48796,48120,2076,50196,589
2021-09-06,San Joaquin,077,732212,90470,89293,4765,94058,1548
2021-09-06,San Luis Obispo,079,281455,26730,26183,1025,27208,286
2021-09-06,San Mateo,081,765935,50708,49859,758,50617,561
2021-09-06,Santa Barbara,083,443738,40720,39876,1418,41294,489
2021-09-06,Santa Clara,085,1922200,137981,136458,1061,137519,1807
2021-09-06,Santa Cruz,087,273765,18905,18615,962,19577,210
2021-09-06,Shasta,089,179085,16775,15985,2553,18538,226
2021-09-06,Sierra,091,2930,129,109,13,122,0
2021-09-06,Siskiyou,093,43540,2743,2595,885,3480,34
2021-09-06,Solano,095,438530,42718,41774,1076,42850,300
2021-09-06,Sonoma,097,501317,38351,37929,464,38393,358
2021-09-06,Stanislaus,099,539301,69262,68596,7796,76392,1074
2021-09-06,Sutter,101,95872,12404,12238,191,12429,138
2021-09-06,Tehama,103,63373,6679,6413,1037,7450,74
2021-09-06,Trinity,105,12862,664,515,179,694,6
2021-09-06,Tulare,107,460477,58676,57068,11870,68938,874
2021-09-06,Tuolumne,109,53932,5835,5697,64,5761,88
2021-09-06,Ventura,111,848112,92695,91132,4016,95148,1093
2021-09-06,Yolo,113,214977,17889,17576,885,18461,235
2021-09-06,Yuba,115,75493,8761,8584,186,8770,55
2021-09-05,Alameda,001,1643700,111438,110173,2555,112728,1301
2021-09-05,Alpine,003,1148,94,94,0,94,0
2021-09-05,Amador,005,37829,4744,4642,46,4688,53
2021-09-05,Butte,007,227075,17092,16504,2946,19450,218
2021-09-05,Calaveras,009,45235,3184,3106,20,3126,63
2021-09-05,Colusa,011,21464,2339,2305,508,2813,16
2021-09-05,Contra Costa,013,1133247,91931,90862,1845,92707,891
2021-09-05,Del Norte,015,27424,3187,3023,19,3042,24
2021-09-05,El Dorado,017,186661,14128,13827,1377,15204,119
2021-09-05,Fresno,019,978130,121833,119384,10854,130238,1828
2021-09-05,Glenn,021,27897,3008,2899,856,3755,20
2021-09-05,Humboldt,023,135768,7506,7312,306,7618,52
2021-09-05,Imperial,025,180216,30814,30548,2942,33490,751
2021-09-05,Inyo,027,18085,1590,1572,18,1590,39
2021-09-05,Kern,029,883053,112465,110073,16380,126453,1408
2021-09-05,Kings,031,150075,27725,26989,1511,28500,264
2021-09-05,Lake,033,64148,5722,5525,94,5619,78
2021-09-05,Lassen,035,31185,5944,5820,199,6019,21
2021-09-05,Los Angeles,037,10098052,1370924,1357748,50619,1408367,25465
2021-09-05,Madera,039,155013,19741,19155,1504,20659,249
2021-09-05,Marin,041,260295,16509,16342,372,16714,242
2021-09-05,Mariposa,043,17540,801,761,27,788,5
2021-09-05,Mendocino,045,87422,6219,5965,237,6202,61
2021-09-05,Merced,047,269075,36732,36243,1419,37662,513
2021-09-05,Modoc,049,8938,460,447,159,606,5
2021-09-05,Mono,051,14174,1440,1416,18,1434,3
2021-09-05,Monterey,053,433212,46548,45795,2453,48248,540
2021-09-05,Napa,055,140530,11923,11770,78,11848,90
2021-09-05,Nevada,057,99092,7951,7722,262,7984,82
2021-09-05,Orange,059,3164182,291551,287614,13728,301342,5274
2021-09-05,Placer,061,380077,32314,31487,2931,34418,337
2021-09-05,Plumas,063,18699,1122,1067,19,1086,5
2021-09-05,Riverside,065,2383286,338580,332604,15647,348251,4654
2021-09-05,Sacramento,067,1510023,141898,141276,3277,144553,1905
2021-09-05,San Benito,069,59416,6803,6764,136,6900,64
2021-09-05,San Bernardino,071,2135413,332693,329062,10349,339411,5392
2021-09-05,San Diego,073,3302833,343590,339427,20144,359571,3914
2021-09-05,San Francisco,075,870044,48718,48035,2072,50107,589
2021-09-05,San Joaquin,077,732212,90304,89121,4748,93869,1548
2021-09-05,San Luis Obispo,079,281455,26681,26098,1024,27122,285
2021-09-05,San Mateo,081,765935,50640,49809,754,50563,561
2021-09-05,Santa Barbara,083,443738,40653,39762,1416,41178,489
2021-09-05,Santa Clara,085,1922200,137771,136146,1059,137205,1807
2021-09-05,Santa Cruz,087,273765,18885,18588,960,19548,210
2021-09-05,Shasta,089,179085,16692,15960,2527,18487,226
2021-09-05,Sierra,091,2930,128,109,13,122,0
2021-09-05,Siskiyou,093,43540,2726,2585,871,3456,34
2021-09-05,Solano,095,438530,42623,41687,1071,42758,300
2021-09-05,Sonoma,097,501317,38266,37881,463,38344,358
2021-09-05,Stanislaus,099,539301,69123,68434,7771,76205,1074
2021-09-05,Sutter,101,95872,12374,12179,185,12364,138
2021-09-05,Tehama,103,63373,6653,6400,1031,7431,74
2021-09-05,Trinity,105,12862,658,505,178,683,6
2021-09-05,Tulare,107,460477,58506,56915,11826,68741,874
2021-09-05,Tuolumne,109,53932,5823,5688,64,5752,88
2021-09-05,Ventura,111,848112,92559,91004,4012,95016,1093
2021-09-05,Yolo,113,214977,17852,17557,879,18436,235
2021-09-05,Yuba,115,75493,8734,8521,184,8705,55
2021-09-04,Alameda,001,1643700,111315,109944,2548,112492,1301
2021-09-04,Alpine,003,1148,94,94,0,94,0
2021-09-04,Amador,005,37829,4726,4637,45,4682,53
2021-09-04,Butte,007,227075,17034,16403,2931,19334,218
2021-09-04,Calaveras,009,45235,3172,3087,19,3106,63
2021-09-04,Colusa,011,21464,2337,2301,508,2809,16
2021-09-04,Contra Costa,013,1133247,91814,90623,1842,92465,891
2021-09-04,Del Norte,015,27424,3176,2984,19,3003,24
2021-09-04,El Dorado,017,186661,14102,13782,1368,15150,119
2021-09-04,Fresno,019,978130,121637,119033,10833,129866,1828
2021-09-04,Glenn,021,27897,2998,2878,850,3728,20
2021-09-04,Humboldt,023,135768,7475,7298,300,7598,52
2021-09-04,Imperial,025,180216,30791,30526,2940,33466,751
2021-09-04,Inyo,027,18085,1588,1571,18,1589,39
2021-09-04,Kern,029,883053,112221,109751,16249,126000,1408
2021-09-04,Kings,031,150075,27638,26896,1505,28401,263
2021-09-04,Lake,033,64148,5704,5507,94,5601,78
2021-09-04,Lassen,035,31185,5929,5814,191,6005,21
2021-09-04,Los Angeles,037,10098052,1369974,1355634,50560,1406194,25454
2021-09-04,Madera,039,155013,19708,19112,1497,20609,249
2021-09-04,Marin,041,260295,16493,16319,371,16690,242
2021-09-04,Mariposa,043,17540,796,759,27,786,5
2021-09-04,Mendocino,045,87422,6183,5933,237,6170,61
2021-09-04,Merced,047,269075,36688,36083,1414,37497,513
2021-09-04,Modoc,049,8938,460,447,159,606,5
2021-09-04,Mono,051,14174,1437,1417,18,1435,3
2021-09-04,Monterey,053,433212,46517,45756,2449,48205,540
2021-09-04,Napa,055,140530,11898,11760,76,11836,90
2021-09-04,Nevada,057,99092,7936,7691,261,7952,82
2021-09-04,Orange,059,3164182,291288,287244,13707,300951,5274
2021-09-04,Placer,061,380077,32210,31374,2914,34288,337
2021-09-04,Plumas,063,18699,1114,1067,19,1086,5
2021-09-04,Riverside,065,2383286,338110,331958,15635,347593,4654
2021-09-04,Sacramento,067,1510023,141605,140735,3269,144004,1896
2021-09-04,San Benito,069,59416,6794,6758,136,6894,64
2021-09-04,San Bernardino,071,2135413,332361,328425,10335,338760,5393
2021-09-04,San Diego,073,3302833,343155,338748,20122,358870,3914
2021-09-04,San Francisco,075,870044,48643,47937,2063,50000,589
2021-09-04,San Joaquin,077,732212,90188,88846,4740,93586,1548
2021-09-04,San Luis Obispo,079,281455,26649,26020,1024,27044,285
2021-09-04,San Mateo,081,765935,50586,49721,754,50475,560
2021-09-04,Santa Barbara,083,443738,40587,39667,1414,41081,489
2021-09-04,Santa Clara,085,1922200,137586,135845,1056,136901,1806
2021-09-04,Santa Cruz,087,273765,18867,18579,956,19535,210
2021-09-04,Shasta,089,179085,16615,15924,2501,18425,226
2021-09-04,Sierra,091,2930,126,108,13,121,0
2021-09-04,Siskiyou,093,43540,2700,2563,860,3423,34
2021-09-04,Solano,095,438530,42550,41614,1069,42683,300
2021-09-04,Sonoma,097,501317,38233,37809,463,38272,358
2021-09-04,Stanislaus,099,539301,68976,68210,7746,75956,1074
2021-09-04,Sutter,101,95872,12333,12137,184,12321,138
2021-09-04,Tehama,103,63373,6628,6367,1013,7380,74
2021-09-04,Trinity,105,12862,656,497,178,675,6
2021-09-04,Tulare,107,460477,58398,56719,11783,68502,874
2021-09-04,Tuolumne,109,53932,5805,5667,62,5729,88
2021-09-04,Ventura,111,848112,92424,90904,4009,94913,1090
2021-09-04,Yolo,113,214977,17816,17522,875,18397,235
2021-09-04,Yuba,115,75493,8705,8475,183,8658,55
2021-09-03,Alameda,001,1643700,111160,109636,2545,112181,1301
2021-09-03,Alpine,003,1148,94,94,0,94,0
2021-09-03,Amador,005,37829,4704,4614,45,4659,53
2021-09-03,Butte,007,227075,16944,16259,2905,19164,215
2021-09-03,Calaveras,009,45235,3162,3069,19,3088,63
2021-09-03,Colusa,011,21464,2332,2295,507,2802,16
2021-09-03,Contra Costa,013,1133247,91662,90299,1839,92138,886
2021-09-03,Del Norte,015,27424,3148,2943,18,2961,24
2021-09-03,El Dorado,017,186661,14069,13710,1363,15073,119
2021-09-03,Fresno,019,978130,121302,118508,10811,129319,1822
2021-09-03,Glenn,021,27897,2989,2867,843,3710,20
2021-09-03,Humboldt,023,135768,7450,7194,295,7489,52
2021-09-03,Imperial,025,180216,30768,30475,2935,33410,751
2021-09-03,Inyo,027,18085,1583,1567,18,1585,39
2021-09-03,Kern,029,883053,112005,109296,16138,125434,1407
2021-09-03,Kings,031,150075,27554,26753,1502,28255,263
2021-09-03,Lake,033,64148,5684,5479,92,5571,78
2021-09-03,Lassen,035,31185,5912,5789,186,5975,21
2021-09-03,Los Angeles,037,10098052,1368645,1351185,50494,1401679,25384
2021-09-03,Madera,039,155013,19623,19021,1491,20512,247
2021-09-03,Marin,041,260295,16471,16293,370,16663,242
2021-09-03,Mariposa,043,17540,789,753,25,778,5
2021-09-03,Mendocino,045,87422,6148,5891,237,6128,61
2021-09-03,Merced,047,269075,36634,35941,1405,37346,512
2021-09-03,Modoc,049,8938,460,445,159,604,5
2021-09-03,Mono,051,14174,1436,1410,18,1428,3
2021-09-03,Monterey,053,433212,46479,45707,2445,48152,540
2021-09-03,Napa,055,140530,11877,11733,76,11809,89
2021-09-03,Nevada,057,99092,7902,7632,261,7893,82
2021-09-03,Orange,059,3164182,290971,286818,13679,300497,5253
2021-09-03,Placer,061,380077,32103,31238,2890,34128,335
2021-09-03,Plumas,063,18699,1103,1057,19,1076,5
2021-09-03,Riverside,065,2383286,337578,331011,15619,346630,4653
2021-09-03,Sacramento,067,1510023,141236,139982,3250,143232,1886
2021-09-03,San Benito,069,59416,6788,6746,136,6882,64
2021-09-03,San Bernardino,071,2135413,331945,327599,10324,337923,5381
2021-09-03,San Diego,073,3302833,342536,337627,20089,357716,3911
2021-09-03,San Francisco,075,870044,48567,47822,2057,49879,589
2021-09-03,San Joaquin,077,732212,90035,88366,4732,93098,1540
2021-09-03,San Luis Obispo,079,281455,26573,25917,1022,26939,283
2021-09-03,San Mateo,081,765935,50491,49617,752,50369,560
2021-09-03,Santa Barbara,083,443738,40520,39507,1411,40918,489
2021-09-03,Santa Clara,085,1922200,137384,135522,1052,136574,1801
2021-09-03,Santa Cruz,087,273765,18842,18532,956,19488,210
2021-09-03,Shasta,089,179085,16540,15778,2477,18255,226
2021-09-03,Sierra,091,2930,124,105,13,118,0
2021-09-03,Siskiyou,093,43540,2688,2529,847,3376,34
2021-09-03,Solano,095,438530,42454,41457,1066,42523,300
2021-09-03,Sonoma,097,501317,38170,37699,463,38162,358
2021-09-03,Stanislaus,099,539301,68801,67887,7720,75607,1074
2021-09-03,Sutter,101,95872,12294,12073,183,12256,139
2021-09-03,Tehama,103,63373,6589,6334,1006,7340,72
2021-09-03,Trinity,105,12862,654,490,173,663,6
2021-09-03,Tulare,107,460477,58272,56401,11730,68131,872
2021-09-03,Tuolumne,109,53932,5763,5630,62,5692,88
2021-09-03,Ventura,111,848112,92290,90742,4005,94747,1088
2021-09-03,Yolo,113,214977,17793,17446,869,18315,235
2021-09-03,Yuba,115,75493,8674,8412,183,8595,55
2021-09-02,Alameda,001,1643700,110900,109377,2542,111919,1301
2021-09-02,Alpine,003,1148,93,92,0,92,0
2021-09-02,Amador,005,37829,4688,4606,45,4651,53
2021-09-02,Butte,007,227075,16817,16154,2887,19041,215
2021-09-02,Calaveras,009,45235,3149,3042,19,3061,62
2021-09-02,Colusa,011,21464,2328,2290,507,2797,16
2021-09-02,Contra Costa,013,1133247,91479,90038,1828,91866,886
2021-09-02,Del Norte,015,27424,3117,2891,18,2909,24
2021-09-02,El Dorado,017,186661,14010,13641,1338,14979,119
2021-09-02,Fresno,019,978130,120814,117974,10756,128730,1804
2021-09-02,Glenn,021,27897,2973,2855,837,3692,20
2021-09-02,Humboldt,023,135768,7403,7141,284,7425,52
2021-09-02,Imperial,025,180216,30724,30449,2930,33379,751
2021-09-02,Inyo,027,18085,1578,1564,17,1581,39
2021-09-02,Kern,029,883053,111593,108930,15994,124924,1404
2021-09-02,Kings,031,150075,27461,26638,1492,28130,263
2021-09-02,Lake,033,64148,5654,5432,88,5520,78
2021-09-02,Lassen,035,31185,5898,5747,179,5926,21
2021-09-02,Los Angeles,037,10098052,1366785,1351105,50400,1401505,25382
2021-09-02,Madera,039,155013,19532,18937,1472,20409,247
2021-09-02,Marin,041,260295,16458,16244,368,16612,242
2021-09-02,Mariposa,043,17540,782,745,22,767,5
2021-09-02,Mendocino,045,87422,6106,5848,234,6082,61
2021-09-02,Merced,047,269075,36471,35820,1398,37218,508
2021-09-02,Modoc,049,8938,460,437,159,596,5
2021-09-02,Mono,051,14174,1436,1409,18,1427,3
2021-09-02,Monterey,053,433212,46413,45648,2430,48078,539
2021-09-02,Napa,055,140530,11848,11684,76,11760,88
2021-09-02,Nevada,057,99092,7850,7575,260,7835,82
2021-09-02,Orange,059,3164182,290511,286326,13645,299971,5240
2021-09-02,Placer,061,380077,31966,31067,2861,33928,330
2021-09-02,Plumas,063,18699,1092,1045,18,1063,5
2021-09-02,Riverside,065,2383286,336863,330190,15595,345785,4644
2021-09-02,Sacramento,067,1510023,140653,139274,3211,142485,1882
2021-09-02,San Benito,069,59416,6783,6734,135,6869,64
2021-09-02,San Bernardino,071,2135413,331338,326940,10251,337191,5369
2021-09-02,San Diego,073,3302833,341578,336382,20036,356418,3909
2021-09-02,San Francisco,075,870044,48459,47674,2053,49727,587
2021-09-02,San Joaquin,077,732212,89751,88056,4708,92764,1540
2021-09-02,San Luis Obispo,079,281455,26488,25851,1017,26868,283
2021-09-02,San Mateo,081,765935,50392,49490,749,50239,558
2021-09-02,Santa Barbara,083,443738,40430,39386,1398,40784,486
2021-09-02,Santa Clara,085,1922200,137083,135216,1046,136262,1799
2021-09-02,Santa Cruz,087,273765,18808,18473,953,19426,210
2021-09-02,Shasta,089,179085,16402,15670,2448,18118,224
2021-09-02,Sierra,091,2930,124,105,13,118,0
2021-09-02,Siskiyou,093,43540,2667,2513,819,3332,34
2021-09-02,Solano,095,438530,42348,41293,1063,42356,294
2021-09-02,Sonoma,097,501317,38089,37558,463,38021,352
2021-09-02,Stanislaus,099,539301,68560,67576,7698,75274,1074
2021-09-02,Sutter,101,95872,12225,11995,179,12174,138
2021-09-02,Tehama,103,63373,6531,6265,987,7252,72
2021-09-02,Trinity,105,12862,650,484,171,655,6
2021-09-02,Tulare,107,460477,58042,56105,11678,67783,872
2021-09-02,Tuolumne,109,53932,5707,5578,62,5640,88
2021-09-02,Ventura,111,848112,92107,90610,4000,94610,1084
2021-09-02,Yolo,113,214977,17723,17357,858,18215,235
2021-09-02,Yuba,115,75493,8614,8363,183,8546,55
2021-09-01,Alameda,001,1643700,110633,109075,2537,111612,1299
2021-09-01,Alpine,003,1148,93,92,0,92,0
2021-09-01,Amador,005,37829,4672,4599,44,4643,53
2021-09-01,Butte,007,227075,16702,16046,2859,18905,215
2021-09-01,Calaveras,009,45235,3137,3023,19,3042,59
2021-09-01,Colusa,011,21464,2323,2281,506,2787,16
2021-09-01,Contra Costa,013,1133247,91244,89834,1821,91655,877
2021-09-01,Del Norte,015,27424,3084,2860,18,2878,24
2021-09-01,El Dorado,017,186661,13954,13577,1309,14886,119
2021-09-01,Fresno,019,978130,120323,117492,10686,128178,1800
2021-09-01,Glenn,021,27897,2948,2846,829,3675,20
2021-09-01,Humboldt,023,135768,7356,7090,277,7367,52
2021-09-01,Imperial,025,180216,30686,30393,2925,33318,750
2021-09-01,Inyo,027,18085,1574,1561,16,1577,39
2021-09-01,Kern,029,883053,111162,108449,15852,124301,1400
2021-09-01,Kings,031,150075,27348,26443,1481,27924,263
2021-09-01,Lake,033,64148,5613,5396,83,5479,77
2021-09-01,Lassen,035,31185,5876,5731,175,5906,21
2021-09-01,Los Angeles,037,10098052,1364520,1348589,50297,1398886,25341
2021-09-01,Madera,039,155013,19454,18852,1457,20309,247
2021-09-01,Marin,041,260295,16436,16224,363,16587,240
2021-09-01,Mariposa,043,17540,774,735,22,757,5
2021-09-01,Mendocino,045,87422,6063,5821,229,6050,59
2021-09-01,Merced,047,269075,36294,35686,1388,37074,500
2021-09-01,Modoc,049,8938,454,436,157,593,5
2021-09-01,Mono,051,14174,1436,1400,18,1418,3
2021-09-01,Monterey,053,433212,46333,45590,2415,48005,539
2021-09-01,Napa,055,140530,11815,11653,76,11729,88
2021-09-01,Nevada,057,99092,7797,7508,259,7767,82
2021-09-01,Orange,059,3164182,290037,285840,13607,299447,5233
2021-09-01,Placer,061,380077,31811,30902,2847,33749,330
2021-09-01,Plumas,063,18699,1084,1033,18,1051,5
2021-09-01,Riverside,065,2383286,336047,329388,15565,344953,4634
2021-09-01,Sacramento,067,1510023,140044,138499,3165,141664,1875
2021-09-01,San Benito,069,59416,6766,6716,135,6851,64
2021-09-01,San Bernardino,071,2135413,330687,326250,10222,336472,5364
2021-09-01,San Diego,073,3302833,340556,335302,19980,355282,3908
2021-09-01,San Francisco,075,870044,48350,47538,2046,49584,584
2021-09-01,San Joaquin,077,732212,89429,87640,4685,92325,1540
2021-09-01,San Luis Obispo,079,281455,26392,25691,1012,26703,283
2021-09-01,San Mateo,081,765935,50272,49394,743,50137,558
2021-09-01,Santa Barbara,083,443738,40313,39263,1382,40645,483
2021-09-01,Santa Clara,085,1922200,136815,134855,1039,135894,1796
2021-09-01,Santa Cruz,087,273765,18761,18453,951,19404,210
2021-09-01,Shasta,089,179085,16270,15552,2407,17959,221
2021-09-01,Sierra,091,2930,123,98,13,111,0
2021-09-01,Siskiyou,093,43540,2637,2482,799,3281,34
2021-09-01,Solano,095,438530,42197,41194,1057,42251,293
2021-09-01,Sonoma,097,501317,37995,37454,462,37916,352
2021-09-01,Stanislaus,099,539301,68275,67287,7667,74954,1075
2021-09-01,Sutter,101,95872,12161,11945,172,12117,136
2021-09-01,Tehama,103,63373,6497,6228,970,7198,72
2021-09-01,Trinity,105,12862,649,482,168,650,5
2021-09-01,Tulare,107,460477,57759,55768,11641,67409,870
2021-09-01,Tuolumne,109,53932,5668,5553,62,5615,88
2021-09-01,Ventura,111,848112,91892,90471,3984,94455,1089
2021-09-01,Yolo,113,214977,17667,17264,852,18116,235
2021-09-01,Yuba,115,75493,8552,8308,183,8491,55
2021-08-31,Alameda,001,1643700,110339,108837,2531,111368,1297
2021-08-31,Alpine,003,1148,91,92,0,92,0
2021-08-31,Amador,005,37829,4651,4555,44,4599,53
2021-08-31,Butte,007,227075,16559,15896,2817,18713,216
2021-08-31,Calaveras,009,45235,3097,3008,19,3027,59
2021-08-31,Colusa,011,21464,2321,2275,504,2779,16
2021-08-31,Contra Costa,013,1133247,90949,89546,1809,91355,871
2021-08-31,Del Norte,015,27424,3048,2830,18,2848,19
2021-08-31,El Dorado,017,186661,13883,13539,1291,14830,119
2021-08-31,Fresno,019,978130,119747,117155,10607,127762,1801
2021-08-31,Glenn,021,27897,2932,2829,819,3648,20
2021-08-31,Humboldt,023,135768,7281,7030,264,7294,52
2021-08-31,Imperial,025,180216,30649,30348,2917,33265,750
2021-08-31,Inyo,027,18085,1570,1550,16,1566,39
2021-08-31,Kern,029,883053,110660,108151,15673,123824,1393
2021-08-31,Kings,031,150075,27206,26405,1467,27872,260
2021-08-31,Lake,033,64148,5569,5359,80,5439,74
2021-08-31,Lassen,035,31185,5850,5702,172,5874,21
2021-08-31,Los Angeles,037,10098052,1361932,1346686,50218,1396904,25303
2021-08-31,Madera,039,155013,19364,18811,1439,20250,247
2021-08-31,Marin,041,260295,16407,16215,360,16575,240
2021-08-31,Mariposa,043,17540,766,732,22,754,5
2021-08-31,Mendocino,045,87422,6021,5777,227,6004,59
2021-08-31,Merced,047,269075,36124,35512,1383,36895,498
2021-08-31,Modoc,049,8938,453,436,157,593,5
2021-08-31,Mono,051,14174,1424,1398,18,1416,3
2021-08-31,Monterey,053,433212,46249,45550,2402,47952,539
2021-08-31,Napa,055,140530,11768,11618,76,11694,88
2021-08-31,Nevada,057,99092,7730,7460,259,7719,82
2021-08-31,Orange,059,3164182,289439,285310,13573,298883,5229
2021-08-31,Placer,061,380077,31621,30745,2809,33554,325
2021-08-31,Plumas,063,18699,1080,1018,17,1035,5
2021-08-31,Riverside,065,2383286,335073,328556,15532,344088,4627
2021-08-31,Sacramento,067,1510023,139359,137879,3133,141012,1863
2021-08-31,San Benito,069,59416,6754,6694,133,6827,64
2021-08-31,San Bernardino,071,2135413,329941,325446,10202,335648,5350
2021-08-31,San Diego,073,3302833,339303,334377,19922,354299,3888
2021-08-31,San Francisco,075,870044,48199,47440,2035,49475,581
2021-08-31,San Joaquin,077,732212,88983,87365,4670,92035,1540
2021-08-31,San Luis Obispo,079,281455,26269,25518,1008,26526,282
2021-08-31,San Mateo,081,765935,50160,49299,743,50042,556
2021-08-31,Santa Barbara,083,443738,40162,39091,1376,40467,481
2021-08-31,Santa Clara,085,1922200,136464,134637,1032,135669,1793
2021-08-31,Santa Cruz,087,273765,18723,18419,948,19367,210
2021-08-31,Shasta,089,179085,16118,15368,2380,17748,220
2021-08-31,Sierra,091,2930,120,95,13,108,0
2021-08-31,Siskiyou,093,43540,2617,2435,783,3218,33
2021-08-31,Solano,095,438530,42058,41067,1050,42117,289
2021-08-31,Sonoma,097,501317,37899,37379,460,37839,352
2021-08-31,Stanislaus,099,539301,67921,67004,7632,74636,1075
2021-08-31,Sutter,101,95872,12096,11901,168,12069,136
2021-08-31,Tehama,103,63373,6436,6169,939,7108,72
2021-08-31,Trinity,105,12862,643,480,168,648,3
2021-08-31,Tulare,107,460477,57425,55567,11570,67137,870
2021-08-31,Tuolumne,109,53932,5632,5516,62,5578,88
2021-08-31,Ventura,111,848112,91673,90292,3972,94264,1081
2021-08-31,Yolo,113,214977,17586,17205,843,18048,234
2021-08-31,Yuba,115,75493,8498,8253,183,8436,54
2021-08-30,Alameda,001,1643700,110015,107734,2520,110254,1296
2021-08-30,Alpine,003,1148,91,92,0,92,0
2021-08-30,Amador,005,37829,4640,4507,44,4551,53
2021-08-30,Butte,007,227075,16408,15719,2784,18503,214
2021-08-30,Calaveras,009,45235,3082,2975,19,2994,59
2021-08-30,Colusa,011,21464,2312,2271,501,2772,16
2021-08-30,Contra Costa,013,1133247,90690,87679,1799,89478,872
2021-08-30,Del Norte,015,27424,3006,2796,17,2813,11
2021-08-30,El Dorado,017,186661,13814,13217,1274,14491,119
2021-08-30,Fresno,019,978130,119174,115867,10535,126402,1790
2021-08-30,Glenn,021,27897,2921,2804,813,3617,20
2021-08-30,Humboldt,023,135768,7227,6930,258,7188,52
2021-08-30,Imperial,025,180216,30611,30311,2912,33223,750
2021-08-30,Inyo,027,18085,1565,1544,16,1560,39
2021-08-30,Kern,029,883053,110181,107615,15509,123124,1389
2021-08-30,Kings,031,150075,27090,26236,1452,27688,259
2021-08-30,Lake,033,64148,5534,5323,77,5400,74
2021-08-30,Lassen,035,31185,5828,5667,166,5833,21
2021-08-30,Los Angeles,037,10098052,1359471,1344949,50133,1395082,25269
2021-08-30,Madera,039,155013,19282,18622,1419,20041,247
2021-08-30,Marin,041,260295,16376,16160,360,16520,240
2021-08-30,Mariposa,043,17540,760,715,21,736,5
2021-08-30,Mendocino,045,87422,5987,5721,223,5944,55
2021-08-30,Merced,047,269075,35996,35335,1379,36714,497
2021-08-30,Modoc,049,8938,451,436,156,592,5
2021-08-30,Mono,051,14174,1423,1390,18,1408,3
2021-08-30,Monterey,053,433212,46187,45463,2385,47848,539
2021-08-30,Napa,055,140530,11719,11579,74,11653,87
2021-08-30,Nevada,057,99092,7671,7356,256,7612,82
2021-08-30,Orange,059,3164182,288858,284750,13524,298274,5223
2021-08-30,Placer,061,380077,31456,29825,2786,32611,319
2021-08-30,Plumas,063,18699,1063,998,17,1015,5
2021-08-30,Riverside,065,2383286,334176,327593,15501,343094,4623
2021-08-30,Sacramento,067,1510023,138701,134571,3087,137658,1847
2021-08-30,San Benito,069,59416,6745,6663,133,6796,64
2021-08-30,San Bernardino,071,2135413,329263,324870,10172,335042,5348
2021-08-30,San Diego,073,3302833,338032,333011,19842,352853,3885
2021-08-30,San Francisco,075,870044,48060,46966,2021,48987,581
2021-08-30,San Joaquin,077,732212,88652,86203,4649,90852,1528
2021-08-30,San Luis Obispo,079,281455,26144,25422,1001,26423,280
2021-08-30,San Mateo,081,765935,50034,48839,737,49576,554
2021-08-30,Santa Barbara,083,443738,40010,38998,1371,40369,481
2021-08-30,Santa Clara,085,1922200,136143,133281,1025,134306,1789
2021-08-30,Santa Cruz,087,273765,18669,18326,944,19270,210
2021-08-30,Shasta,089,179085,15989,15238,2339,17577,217
2021-08-30,Sierra,091,2930,118,91,13,104,0
2021-08-30,Siskiyou,093,43540,2604,2411,772,3183,33
2021-08-30,Solano,095,438530,41897,39986,1046,41032,290
2021-08-30,Sonoma,097,501317,37793,36764,460,37224,352
2021-08-30,Stanislaus,099,539301,67582,66173,7601,73774,1074
2021-08-30,Sutter,101,95872,12026,11791,161,11952,136
2021-08-30,Tehama,103,63373,6357,6085,915,7000,71
2021-08-30,Trinity,105,12862,632,468,165,633,3
2021-08-30,Tulare,107,460477,57113,55140,11494,66634,870
2021-08-30,Tuolumne,109,53932,5586,5492,62,5554,74
2021-08-30,Ventura,111,848112,91457,90149,3960,94109,1082
2021-08-30,Yolo,113,214977,17524,17071,839,17910,231
2021-08-30,Yuba,115,75493,8424,8129,182,8311,54
2021-08-29,Alameda,001,1643700,109670,107494,2509,110003,1296
2021-08-29,Alpine,003,1148,91,92,0,92,0
2021-08-29,Amador,005,37829,4626,4501,44,4545,53
2021-08-29,Butte,007,227075,16237,15602,2747,18349,214
2021-08-29,Calaveras,009,45235,3050,2970,19,2989,59
2021-08-29,Colusa,011,21464,2305,2260,495,2755,16
2021-08-29,Contra Costa,013,1133247,90393,87439,1794,89233,872
2021-08-29,Del Norte,015,27424,2963,2752,17,2769,11
2021-08-29,El Dorado,017,186661,13758,13166,1263,14429,119
2021-08-29,Fresno,019,978130,118577,115502,10465,125967,1790
2021-08-29,Glenn,021,27897,2903,2778,806,3584,20
2021-08-29,Humboldt,023,135768,7183,6922,243,7165,52
2021-08-29,Imperial,025,180216,30550,30293,2901,33194,750
2021-08-29,Inyo,027,18085,1555,1543,15,1558,39
2021-08-29,Kern,029,883053,109730,107324,15339,122663,1389
2021-08-29,Kings,031,150075,26937,26143,1437,27580,259
2021-08-29,Lake,033,64148,5494,5293,67,5360,74
2021-08-29,Lassen,035,31185,5805,5666,162,5828,21
2021-08-29,Los Angeles,037,10098052,1356711,1342541,50022,1392563,25263
2021-08-29,Madera,039,155013,19195,18594,1403,19997,247
2021-08-29,Marin,041,260295,16345,16134,358,16492,240
2021-08-29,Mariposa,043,17540,754,709,19,728,5
2021-08-29,Mendocino,045,87422,5929,5689,210,5899,55
2021-08-29,Merced,047,269075,35757,35250,1367,36617,497
2021-08-29,Modoc,049,8938,448,436,156,592,5
2021-08-29,Mono,051,14174,1416,1387,18,1405,3
2021-08-29,Monterey,053,433212,46081,45424,2361,47785,539
2021-08-29,Napa,055,140530,11688,11552,74,11626,87
2021-08-29,Nevada,057,99092,7614,7294,255,7549,82
2021-08-29,Orange,059,3164182,288229,284432,13481,297913,5223
2021-08-29,Placer,061,380077,31284,29674,2745,32419,319
2021-08-29,Plumas,063,18699,1052,996,17,1013,5
2021-08-29,Riverside,065,2383286,333319,326987,15480,342467,4623
2021-08-29,Sacramento,067,1510023,137948,133981,3038,137019,1843
2021-08-29,San Benito,069,59416,6720,6646,133,6779,64
2021-08-29,San Bernardino,071,2135413,328478,324266,10138,334404,5347
2021-08-29,San Diego,073,3302833,336926,332014,19746,351760,3880
2021-08-29,San Francisco,075,870044,47925,46885,2009,48894,581
2021-08-29,San Joaquin,077,732212,88205,85922,4628,90550,1528
2021-08-29,San Luis Obispo,079,281455,25946,25288,993,26281,280
2021-08-29,San Mateo,081,765935,49921,48737,732,49469,554
2021-08-29,Santa Barbara,083,443738,39844,38900,1367,40267,481
2021-08-29,Santa Clara,085,1922200,135790,132979,1019,133998,1789
2021-08-29,Santa Cruz,087,273765,18622,18285,942,19227,210
2021-08-29,Shasta,089,179085,15835,15198,2312,17510,217
2021-08-29,Sierra,091,2930,116,91,13,104,0
2021-08-29,Siskiyou,093,43540,2557,2407,752,3159,33
2021-08-29,Solano,095,438530,41743,39887,1039,40926,290
2021-08-29,Sonoma,097,501317,37657,36650,456,37106,352
2021-08-29,Stanislaus,099,539301,67237,65956,7565,73521,1074
2021-08-29,Sutter,101,95872,11967,11719,154,11873,136
2021-08-29,Tehama,103,63373,6286,6040,892,6932,71
2021-08-29,Trinity,105,12862,629,468,161,629,3
2021-08-29,Tulare,107,460477,56780,54974,11410,66384,870
2021-08-29,Tuolumne,109,53932,5561,5478,61,5539,74
2021-08-29,Ventura,111,848112,91199,90114,3951,94065,1082
2021-08-29,Yolo,113,214977,17424,17015,827,17842,231
2021-08-29,Yuba,115,75493,8360,8042,182,8224,54
2021-08-28,Alameda,001,1643700,109505,107007,2500,109507,1296
2021-08-28,Alpine,003,1148,91,92,0,92,0
2021-08-28,Amador,005,37829,4607,4484,43,4527,53
2021-08-28,Butte,007,227075,16178,15487,2720,18207,214
2021-08-28,Calaveras,009,45235,3040,2926,19,2945,59
2021-08-28,Colusa,011,21464,2301,2252,493,2745,16
2021-08-28,Contra Costa,013,1133247,90181,86938,1791,88729,872
2021-08-28,Del Norte,015,27424,2936,2734,16,2750,11
2021-08-28,El Dorado,017,186661,13718,13089,1257,14346,119
2021-08-28,Fresno,019,978130,118336,115079,10434,125513,1792
2021-08-28,Glenn,021,27897,2894,2773,799,3572,20
2021-08-28,Humboldt,023,135768,7148,6887,238,7125,52
2021-08-28,Imperial,025,180216,30523,30260,2898,33158,750
2021-08-28,Inyo,027,18085,1553,1539,15,1554,39
2021-08-28,Kern,029,883053,109492,107012,15197,122209,1389
2021-08-28,Kings,031,150075,26870,26059,1434,27493,257
2021-08-28,Lake,033,64148,5471,5267,63,5330,74
2021-08-28,Lassen,035,31185,5790,5665,161,5826,21
2021-08-28,Los Angeles,037,10098052,1355500,1337097,49949,1387046,25234
2021-08-28,Madera,039,155013,19144,18553,1389,19942,247
2021-08-28,Marin,041,260295,16330,16106,358,16464,240
2021-08-28,Mariposa,043,17540,752,704,19,723,5
2021-08-28,Mendocino,045,87422,5904,5658,210,5868,55
2021-08-28,Merced,047,269075,35705,35108,1364,36472,497
2021-08-28,Modoc,049,8938,448,436,155,591,5
2021-08-28,Mono,051,14174,1413,1385,18,1403,3
2021-08-28,Monterey,053,433212,46039,45394,2356,47750,539
2021-08-28,Napa,055,140530,11665,11512,73,11585,88
2021-08-28,Nevada,057,99092,7590,7238,253,7491,82
2021-08-28,Orange,059,3164182,287871,283953,13432,297385,5222
2021-08-28,Placer,061,380077,31175,29428,2732,32160,319
2021-08-28,Plumas,063,18699,1045,991,17,1008,5
2021-08-28,Riverside,065,2383286,332731,326222,15470,341692,4623
2021-08-28,Sacramento,067,1510023,137557,132985,3022,136007,1844
2021-08-28,San Benito,069,59416,6713,6636,133,6769,64
2021-08-28,San Bernardino,071,2135413,328030,323672,10130,333802,5348
2021-08-28,San Diego,073,3302833,336342,331330,19710,351040,3880
2021-08-28,San Francisco,075,870044,47853,46654,2002,48656,581
2021-08-28,San Joaquin,077,732212,88036,85481,4619,90100,1527
2021-08-28,San Luis Obispo,079,281455,25879,25138,988,26126,280
2021-08-28,San Mateo,081,765935,49847,48575,728,49303,554
2021-08-28,Santa Barbara,083,443738,39773,38780,1366,40146,481
2021-08-28,Santa Clara,085,1922200,135583,132488,1017,133505,1789
2021-08-28,Santa Cruz,087,273765,18604,18240,939,19179,210
2021-08-28,Shasta,089,179085,15732,15147,2293,17440,217
2021-08-28,Sierra,091,2930,112,91,13,104,0
2021-08-28,Siskiyou,093,43540,2549,2402,741,3143,33
2021-08-28,Solano,095,438530,41694,39610,1038,40648,290
2021-08-28,Sonoma,097,501317,37584,36466,454,36920,352
2021-08-28,Stanislaus,099,539301,67079,65670,7548,73218,1074
2021-08-28,Sutter,101,95872,11946,11669,153,11822,136
2021-08-28,Tehama,103,63373,6261,6004,879,6883,71
2021-08-28,Trinity,105,12862,625,463,160,623,3
2021-08-28,Tulare,107,460477,56650,54746,11368,66114,870
2021-08-28,Tuolumne,109,53932,5545,5469,61,5530,74
2021-08-28,Ventura,111,848112,91081,89934,3949,93883,1081
2021-08-28,Yolo,113,214977,17388,16907,820,17727,231
2021-08-28,Yuba,115,75493,8329,7985,181,8166,55
2021-08-27,Alameda,001,1643700,109294,106622,2498,109120,1296
2021-08-27,Alpine,003,1148,91,92,0,92,0
2021-08-27,Amador,005,37829,4591,4458,42,4500,53
2021-08-27,Butte,007,227075,16098,15277,2701,17978,214
2021-08-27,Calaveras,009,45235,3026,2903,19,2922,59
2021-08-27,Colusa,011,21464,2295,2240,491,2731,16
2021-08-27,Contra Costa,013,1133247,89983,86386,1788,88174,872
2021-08-27,Del Norte,015,27424,2904,2695,16,2711,11
2021-08-27,El Dorado,017,186661,13679,12968,1253,14221,119
2021-08-27,Fresno,019,978130,117902,114481,10411,124892,1774
2021-08-27,Glenn,021,27897,2876,2754,790,3544,20
2021-08-27,Humboldt,023,135768,7115,6782,235,7017,52
2021-08-27,Imperial,025,180216,30503,30201,2895,33096,750
2021-08-27,Inyo,027,18085,1552,1529,15,1544,39
2021-08-27,Kern,029,883053,109198,106570,15087,121657,1385
2021-08-27,Kings,031,150075,26791,25957,1432,27389,257
2021-08-27,Lake,033,64148,5446,5228,62,5290,74
2021-08-27,Lassen,035,31185,5774,5646,156,5802,21
2021-08-27,Los Angeles,037,10098052,1353969,1337006,49886,1386892,25230
2021-08-27,Madera,039,155013,19088,18476,1376,19852,247
2021-08-27,Marin,041,260295,16314,16055,356,16411,240
2021-08-27,Mariposa,043,17540,746,690,19,709,5
2021-08-27,Mendocino,045,87422,5873,5602,209,5811,55
2021-08-27,Merced,047,269075,35651,34906,1355,36261,495
2021-08-27,Modoc,049,8938,448,434,155,589,5
2021-08-27,Mono,051,14174,1408,1385,18,1403,3
2021-08-27,Monterey,053,433212,45990,45337,2348,47685,539
2021-08-27,Napa,055,140530,11631,11460,73,11533,87
2021-08-27,Nevada,057,99092,7550,7169,251,7420,82
2021-08-27,Orange,059,3164182,287510,283407,13393,296800,5206
2021-08-27,Placer,061,380077,31045,29157,2712,31869,320
2021-08-27,Plumas,063,18699,1039,984,17,1001,5
2021-08-27,Riverside,065,2383286,332213,325379,15455,340834,4622
2021-08-27,Sacramento,067,1510023,137122,131921,3009,134930,1838
2021-08-27,San Benito,069,59416,6707,6622,133,6755,64
2021-08-27,San Bernardino,071,2135413,327505,322893,10112,333005,5342
2021-08-27,San Diego,073,3302833,335562,330162,19656,349818,3877
2021-08-27,San Francisco,075,870044,47777,46456,1984,48440,581
2021-08-27,San Joaquin,077,732212,87853,84949,4600,89549,1524
2021-08-27,San Luis Obispo,079,281455,25830,24952,985,25937,280
2021-08-27,San Mateo,081,765935,49772,48424,724,49148,553
2021-08-27,Santa Barbara,083,443738,39681,38675,1364,40039,480
2021-08-27,Santa Clara,085,1922200,135353,132011,1014,133025,1783
2021-08-27,Santa Cruz,087,273765,18565,18163,935,19098,210
2021-08-27,Shasta,089,179085,15652,14996,2277,17273,217
2021-08-27,Sierra,091,2930,111,91,13,104,0
2021-08-27,Siskiyou,093,43540,2534,2358,727,3085,33
2021-08-27,Solano,095,438530,41580,39347,1034,40381,287
2021-08-27,Sonoma,097,501317,37512,36326,453,36779,342
2021-08-27,Stanislaus,099,539301,66869,65167,7510,72677,1061
2021-08-27,Sutter,101,95872,11900,11590,151,11741,135
2021-08-27,Tehama,103,63373,6228,5964,864,6828,71
2021-08-27,Trinity,105,12862,625,458,159,617,3
2021-08-27,Tulare,107,460477,56515,54443,11323,65766,870
2021-08-27,Tuolumne,109,53932,5513,5438,61,5499,74
2021-08-27,Ventura,111,848112,90952,89774,3945,93719,1076
2021-08-27,Yolo,113,214977,17345,16805,815,17620,231
2021-08-27,Yuba,115,75493,8272,7926,181,8107,54
2021-08-26,Alameda,001,1643700,109019,106146,2489,108635,1296
2021-08-26,Alpine,003,1148,91,92,0,92,0
2021-08-26,Amador,005,37829,4576,4442,41,4483,53
2021-08-26,Butte,007,227075,15964,15159,2665,17824,214
2021-08-26,Calaveras,009,45235,3015,2873,19,2892,59
2021-08-26,Colusa,011,21464,2288,2234,487,2721,16
2021-08-26,Contra Costa,013,1133247,89624,85808,1782,87590,866
2021-08-26,Del Norte,015,27424,2868,2625,16,2641,8
2021-08-26,El Dorado,017,186661,13610,12863,1239,14102,118
2021-08-26,Fresno,019,978130,117400,113854,10357,124211,1770
2021-08-26,Glenn,021,27897,2858,2740,781,3521,20
2021-08-26,Humboldt,023,135768,7057,6695,225,6920,53
2021-08-26,Imperial,025,180216,30454,30121,2887,33008,748
2021-08-26,Inyo,027,18085,1542,1521,14,1535,39
2021-08-26,Kern,029,883053,108770,106051,14944,120995,1380
2021-08-26,Kings,031,150075,26668,25838,1424,27262,260
2021-08-26,Lake,033,64148,5400,5196,59,5255,74
2021-08-26,Lassen,035,31185,5762,5626,154,5780,21
2021-08-26,Los Angeles,037,10098052,1351697,1334372,49791,1384163,25199
2021-08-26,Madera,039,155013,19018,18393,1363,19756,247
2021-08-26,Marin,041,260295,16285,15983,353,16336,240
2021-08-26,Mariposa,043,17540,736,677,19,696,5
2021-08-26,Mendocino,045,87422,5835,5533,204,5737,55
2021-08-26,Merced,047,269075,35484,34755,1334,36089,495
2021-08-26,Modoc,049,8938,448,433,155,588,5
2021-08-26,Mono,051,14174,1404,1385,18,1403,3
2021-08-26,Monterey,053,433212,45917,45265,2337,47602,539
2021-08-26,Napa,055,140530,11609,11394,72,11466,87
2021-08-26,Nevada,057,99092,7491,7086,248,7334,80
2021-08-26,Orange,059,3164182,287018,282814,13369,296183,5200
2021-08-26,Placer,061,380077,30876,28898,2686,31584,319
2021-08-26,Plumas,063,18699,1032,971,16,987,5
2021-08-26,Riverside,065,2383286,331422,324486,15434,339920,4615
2021-08-26,Sacramento,067,1510023,136589,130977,2968,133945,1827
2021-08-26,San Benito,069,59416,6697,6604,133,6737,64
2021-08-26,San Bernardino,071,2135413,326849,322100,10088,332188,5339
2021-08-26,San Diego,073,3302833,334535,328276,19590,347866,3869
2021-08-26,San Francisco,075,870044,47650,46288,1979,48267,581
2021-08-26,San Joaquin,077,732212,87475,84429,4578,89007,1513
2021-08-26,San Luis Obispo,079,281455,25680,24831,978,25809,278
2021-08-26,San Mateo,081,765935,49644,48263,722,48985,553
2021-08-26,Santa Barbara,083,443738,39597,38566,1363,39929,479
2021-08-26,Santa Clara,085,1922200,135027,131443,1010,132453,1782
2021-08-26,Santa Cruz,087,273765,18505,18072,933,19005,210
2021-08-26,Shasta,089,179085,15530,14891,2249,17140,217
2021-08-26,Sierra,091,2930,109,90,13,103,0
2021-08-26,Siskiyou,093,43540,2512,2342,714,3056,33
2021-08-26,Solano,095,438530,41431,39027,1026,40053,286
2021-08-26,Sonoma,097,501317,37423,36102,453,36555,337
2021-08-26,Stanislaus,099,539301,66570,64785,7469,72254,1061
2021-08-26,Sutter,101,95872,11840,11499,148,11647,135
2021-08-26,Tehama,103,63373,6170,5913,851,6764,68
2021-08-26,Trinity,105,12862,620,450,157,607,3
2021-08-26,Tulare,107,460477,56258,54157,11277,65434,870
2021-08-26,Tuolumne,109,53932,5493,5387,61,5448,74
2021-08-26,Ventura,111,848112,90766,89595,3936,93531,1080
2021-08-26,Yolo,113,214977,17281,16727,804,17531,231
2021-08-26,Yuba,115,75493,8199,7834,179,8013,54
2021-08-25,Alameda,001,1643700,108695,105636,2482,108118,1296
2021-08-25,Alpine,003,1148,91,92,0,92,0
2021-08-25,Amador,005,37829,4561,4415,41,4456,53
2021-08-25,Butte,007,227075,15857,15039,2623,17662,214
2021-08-25,Calaveras,009,45235,2996,2851,19,2870,59
2021-08-25,Colusa,011,21464,2281,2227,478,2705,16
2021-08-25,Contra Costa,013,1133247,89240,85322,1776,87098,863
2021-08-25,Del Norte,015,27424,2823,2573,16,2589,8
2021-08-25,El Dorado,017,186661,13551,12787,1223,14010,118
2021-08-25,Fresno,019,978130,116859,113384,10315,123699,1761
2021-08-25,Glenn,021,27897,2840,2728,766,3494,20
2021-08-25,Humboldt,023,135768,6988,6653,215,6868,52
2021-08-25,Imperial,025,180216,30417,30085,2881,32966,748
2021-08-25,Inyo,027,18085,1538,1518,14,1532,39
2021-08-25,Kern,029,883053,108339,105687,14788,120475,1379
2021-08-25,Kings,031,150075,26561,25676,1417,27093,258
2021-08-25,Lake,033,64148,5370,5163,56,5219,74
2021-08-25,Lassen,035,31185,5745,5583,153,5736,21
2021-08-25,Los Angeles,037,10098052,1349093,1331400,49693,1381093,25170
2021-08-25,Madera,039,155013,18954,18311,1340,19651,247
2021-08-25,Marin,041,260295,16263,15938,347,16285,240
2021-08-25,Mariposa,043,17540,730,676,19,695,5
2021-08-25,Mendocino,045,87422,5800,5486,198,5684,53
2021-08-25,Merced,047,269075,35352,34600,1321,35921,492
2021-08-25,Modoc,049,8938,448,433,155,588,5
2021-08-25,Mono,051,14174,1400,1382,18,1400,3
2021-08-25,Monterey,053,433212,45843,45196,2322,47518,539
2021-08-25,Napa,055,140530,11575,11348,71,11419,87
2021-08-25,Nevada,057,99092,7425,7000,247,7247,77
2021-08-25,Orange,059,3164182,286492,282061,13335,295396,5193
2021-08-25,Placer,061,380077,30700,28740,2654,31394,319
2021-08-25,Plumas,063,18699,1017,962,16,978,5
2021-08-25,Riverside,065,2383286,330578,323548,15412,338960,4610
2021-08-25,Sacramento,067,1510023,135909,130046,2929,132975,1827
2021-08-25,San Benito,069,59416,6676,6587,132,6719,64
2021-08-25,San Bernardino,071,2135413,326154,321228,10067,331295,5337
2021-08-25,San Diego,073,3302833,333267,327166,19505,346671,3859
2021-08-25,San Francisco,075,870044,47501,46107,1974,48081,578
2021-08-25,San Joaquin,077,732212,87090,84002,4562,88564,1510
2021-08-25,San Luis Obispo,079,281455,25488,24607,974,25581,276
2021-08-25,San Mateo,081,765935,49521,48153,719,48872,553
2021-08-25,Santa Barbara,083,443738,39468,38450,1363,39813,479
2021-08-25,Santa Clara,085,1922200,134658,130995,1007,132002,1783
2021-08-25,Santa Cruz,087,273765,18445,17987,930,18917,210
2021-08-25,Shasta,089,179085,15403,14752,2217,16969,217
2021-08-25,Sierra,091,2930,106,90,13,103,0
2021-08-25,Siskiyou,093,43540,2467,2322,695,3017,33
2021-08-25,Solano,095,438530,41260,38848,1014,39862,286
2021-08-25,Sonoma,097,501317,37299,35986,450,36436,336
2021-08-25,Stanislaus,099,539301,66289,64441,7437,71878,1061
2021-08-25,Sutter,101,95872,11772,11451,144,11595,134
2021-08-25,Tehama,103,63373,6111,5861,834,6695,68
2021-08-25,Trinity,105,12862,614,450,156,606,3
2021-08-25,Tulare,107,460477,55974,53877,11207,65084,866
2021-08-25,Tuolumne,109,53932,5467,5354,61,5415,74
2021-08-25,Ventura,111,848112,90582,89379,3922,93301,1068
2021-08-25,Yolo,113,214977,17216,16667,794,17461,231
2021-08-25,Yuba,115,75493,8133,7771,178,7949,54
2021-08-24,Alameda,001,1643700,108378,105319,2470,107789,1296
2021-08-24,Alpine,003,1148,91,92,0,92,0
2021-08-24,Amador,005,37829,4542,4380,41,4421,50
2021-08-24,Butte,007,227075,15702,14964,2589,17553,214
2021-08-24,Calaveras,009,45235,2957,2811,19,2830,59
2021-08-24,Colusa,011,21464,2273,2221,473,2694,16
2021-08-24,Contra Costa,013,1133247,88877,84963,1770,86733,857
2021-08-24,Del Norte,015,27424,2796,2543,16,2559,8
2021-08-24,El Dorado,017,186661,13474,12732,1207,13939,118
2021-08-24,Fresno,019,978130,116253,113024,10251,123275,1761
2021-08-24,Glenn,021,27897,2824,2717,759,3476,20
2021-08-24,Humboldt,023,135768,6925,6585,202,6787,52
2021-08-24,Imperial,025,180216,30356,30045,2875,32920,748
2021-08-24,Inyo,027,18085,1533,1512,14,1526,39
2021-08-24,Kern,029,883053,107875,105399,14620,120019,1375
2021-08-24,Kings,031,150075,26440,25629,1401,27030,258
2021-08-24,Lake,033,64148,5335,5135,56,5191,72
2021-08-24,Lassen,035,31185,5729,5576,151,5727,21
2021-08-24,Los Angeles,037,10098052,1346225,1328777,49584,1378361,25135
2021-08-24,Madera,039,155013,18878,18251,1323,19574,247
2021-08-24,Marin,041,260295,16227,15900,343,16243,240
2021-08-24,Mariposa,043,17540,723,670,19,689,5
2021-08-24,Mendocino,045,87422,5757,5416,191,5607,52
2021-08-24,Merced,047,269075,35184,34490,1310,35800,491
2021-08-24,Modoc,049,8938,448,432,155,587,5
2021-08-24,Mono,051,14174,1398,1382,18,1400,3
2021-08-24,Monterey,053,433212,45777,45126,2304,47430,539
2021-08-24,Napa,055,140530,11542,11299,70,11369,85
2021-08-24,Nevada,057,99092,7355,6981,245,7226,77
2021-08-24,Orange,059,3164182,285893,281461,13309,294770,5187
2021-08-24,Placer,061,380077,30497,28618,2615,31233,318
2021-08-24,Plumas,063,18699,1007,953,16,969,5
2021-08-24,Riverside,065,2383286,329705,322620,15381,338001,4605
2021-08-24,Sacramento,067,1510023,135225,129542,2881,132423,1812
2021-08-24,San Benito,069,59416,6663,6576,132,6708,64
2021-08-24,San Bernardino,071,2135413,325399,320300,10037,330337,5328
2021-08-24,San Diego,073,3302833,331824,325823,19396,345219,3851
2021-08-24,San Francisco,075,870044,47326,46010,1963,47973,574
2021-08-24,San Joaquin,077,732212,86650,83684,4524,88208,1508
2021-08-24,San Luis Obispo,079,281455,25311,24443,963,25406,274
2021-08-24,San Mateo,081,765935,49372,48050,717,48767,553
2021-08-24,Santa Barbara,083,443738,39337,38307,1362,39669,478
2021-08-24,Santa Clara,085,1922200,134234,130763,1003,131766,1779
2021-08-24,Santa Cruz,087,273765,18370,17928,924,18852,209
2021-08-24,Shasta,089,179085,15295,14664,2185,16849,217
2021-08-24,Sierra,091,2930,103,90,13,103,0
2021-08-24,Siskiyou,093,43540,2445,2294,680,2974,33
2021-08-24,Solano,095,438530,41051,38724,1002,39726,283
2021-08-24,Sonoma,097,501317,37171,35849,448,36297,336
2021-08-24,Stanislaus,099,539301,65960,64195,7383,71578,1058
2021-08-24,Sutter,101,95872,11705,11384,141,11525,134
2021-08-24,Tehama,103,63373,6065,5826,820,6646,67
2021-08-24,Trinity,105,12862,603,446,148,594,3
2021-08-24,Tulare,107,460477,55622,53702,11117,64819,856
2021-08-24,Tuolumne,109,53932,5436,5287,61,5348,74
2021-08-24,Ventura,111,848112,90398,89167,3911,93078,1068
2021-08-24,Yolo,113,214977,17139,16492,781,17273,231
2021-08-24,Yuba,115,75493,8050,7723,176,7899,54
2021-08-23,Alameda,001,1643700,107965,104922,2457,107379,1294
2021-08-23,Alpine,003,1148,91,91,0,91,0
2021-08-23,Amador,005,37829,4528,4369,41,4410,50
2021-08-23,Butte,007,227075,15557,14847,2551,17398,211
2021-08-23,Calaveras,009,45235,2930,2803,19,2822,59
2021-08-23,Colusa,011,21464,2269,2206,470,2676,16
2021-08-23,Contra Costa,013,1133247,88498,84651,1763,86414,857
2021-08-23,Del Norte,015,27424,2750,2499,16,2515,8
2021-08-23,El Dorado,017,186661,13371,12684,1185,13869,118
2021-08-23,Fresno,019,978130,115691,112445,10201,122646,1759
2021-08-23,Glenn,021,27897,2808,2696,749,3445,20
2021-08-23,Humboldt,023,135768,6852,6498,188,6686,52
2021-08-23,Imperial,025,180216,30305,30011,2872,32883,748
2021-08-23,Inyo,027,18085,1526,1509,14,1523,39
2021-08-23,Kern,029,883053,107420,104995,14465,119460,1375
2021-08-23,Kings,031,150075,26309,25465,1395,26860,257
2021-08-23,Lake,033,64148,5295,5099,54,5153,69
2021-08-23,Lassen,035,31185,5717,5562,151,5713,21
2021-08-23,Los Angeles,037,10098052,1343258,1326412,49453,1375865,25096
2021-08-23,Madera,039,155013,18792,18155,1308,19463,246
2021-08-23,Marin,041,260295,16179,15856,339,16195,240
2021-08-23,Mariposa,043,17540,712,645,19,664,5
2021-08-23,Mendocino,045,87422,5690,5374,184,5558,51
2021-08-23,Merced,047,269075,35002,34322,1305,35627,488
2021-08-23,Modoc,049,8938,445,431,154,585,6
2021-08-23,Mono,051,14174,1394,1384,18,1402,3
2021-08-23,Monterey,053,433212,45677,45047,2293,47340,538
2021-08-23,Napa,055,140530,11504,11257,70,11327,85
2021-08-23,Nevada,057,99092,7274,6930,243,7173,77
2021-08-23,Orange,059,3164182,285260,280891,13274,294165,5181
2021-08-23,Placer,061,380077,30297,28540,2577,31117,314
2021-08-23,Plumas,063,18699,999,934,16,950,5
2021-08-23,Riverside,065,2383286,328792,321650,15355,337005,4598
2021-08-23,Sacramento,067,1510023,134438,128969,2814,131783,1807
2021-08-23,San Benito,069,59416,6645,6562,130,6692,64
2021-08-23,San Bernardino,071,2135413,324592,319577,9998,329575,5324
2021-08-23,San Diego,073,3302833,330391,324536,19273,343809,3848
2021-08-23,San Francisco,075,870044,47171,45945,1954,47899,573
2021-08-23,San Joaquin,077,732212,86217,83466,4491,87957,1499
2021-08-23,San Luis Obispo,079,281455,25129,24317,961,25278,274
2021-08-23,San Mateo,081,765935,49234,47935,714,48649,553
2021-08-23,Santa Barbara,083,443738,39158,38181,1360,39541,478
2021-08-23,Santa Clara,085,1922200,133834,130489,999,131488,1778
2021-08-23,Santa Cruz,087,273765,18313,17871,922,18793,209
2021-08-23,Shasta,089,179085,15168,14537,2146,16683,216
2021-08-23,Sierra,091,2930,103,90,13,103,0
2021-08-23,Siskiyou,093,43540,2424,2274,659,2933,33
2021-08-23,Solano,095,438530,40898,38612,993,39605,283
2021-08-23,Sonoma,097,501317,37051,35769,447,36216,336
2021-08-23,Stanislaus,099,539301,65625,63922,7344,71266,1058
2021-08-23,Sutter,101,95872,11616,11314,133,11447,133
2021-08-23,Tehama,103,63373,6011,5805,802,6607,67
2021-08-23,Trinity,105,12862,600,435,145,580,3
2021-08-23,Tulare,107,460477,55315,53370,11045,64415,856
2021-08-23,Tuolumne,109,53932,5394,5240,61,5301,73
2021-08-23,Ventura,111,848112,90179,88960,3899,92859,1063
2021-08-23,Yolo,113,214977,17051,16445,766,17211,226
2021-08-23,Yuba,115,75493,7979,7653,174,7827,54
2021-08-22,Alameda,001,1643700,107517,104539,2429,106968,1294
2021-08-22,Alpine,003,1148,91,91,0,91,0
2021-08-22,Amador,005,37829,4498,4349,41,4390,50
2021-08-22,Butte,007,227075,15417,14791,2516,17307,211
2021-08-22,Calaveras,009,45235,2892,2771,19,2790,59
2021-08-22,Colusa,011,21464,2262,2201,464,2665,16
2021-08-22,Contra Costa,013,1133247,87957,84371,1750,86121,857
2021-08-22,Del Norte,015,27424,2690,2455,16,2471,8
2021-08-22,El Dorado,017,186661,13267,12629,1164,13793,118
2021-08-22,Fresno,019,978130,115092,112057,10132,122189,1759
2021-08-22,Glenn,021,27897,2780,2678,736,3414,20
2021-08-22,Humboldt,023,135768,6774,6483,170,6653,52
2021-08-22,Imperial,025,180216,30247,29993,2867,32860,748
2021-08-22,Inyo,027,18085,1520,1505,14,1519,39
2021-08-22,Kern,029,883053,106894,104691,14311,119002,1375
2021-08-22,Kings,031,150075,26151,25391,1378,26769,257
2021-08-22,Lake,033,64148,5250,5069,51,5120,69
2021-08-22,Lassen,035,31185,5685,5556,147,5703,21
2021-08-22,Los Angeles,037,10098052,1339950,1324151,49318,1373469,25089
2021-08-22,Madera,039,155013,18673,18120,1293,19413,246
2021-08-22,Marin,041,260295,16127,15822,331,16153,240
2021-08-22,Mariposa,043,17540,702,638,17,655,5
2021-08-22,Mendocino,045,87422,5631,5336,184,5520,51
2021-08-22,Merced,047,269075,34799,34234,1292,35526,488
2021-08-22,Modoc,049,8938,443,431,154,585,6
2021-08-22,Mono,051,14174,1392,1378,18,1396,3
2021-08-22,Monterey,053,433212,45578,45017,2279,47296,538
2021-08-22,Napa,055,140530,11459,11231,70,11301,85
2021-08-22,Nevada,057,99092,7200,6864,241,7105,77
2021-08-22,Orange,059,3164182,284566,280390,13230,293620,5181
2021-08-22,Placer,061,380077,30088,28395,2541,30936,314
2021-08-22,Plumas,063,18699,981,923,15,938,5
2021-08-22,Riverside,065,2383286,327771,320836,15307,336143,4594
2021-08-22,Sacramento,067,1510023,133662,128231,2774,131005,1802
2021-08-22,San Benito,069,59416,6629,6550,130,6680,64
2021-08-22,San Bernardino,071,2135413,323623,318839,9963,328802,5324
2021-08-22,San Diego,073,3302833,329070,323591,19167,342758,3848
2021-08-22,San Francisco,075,870044,47005,45831,1944,47775,573
2021-08-22,San Joaquin,077,732212,85757,83121,4456,87577,1498
2021-08-22,San Luis Obispo,079,281455,24923,24250,954,25204,274
2021-08-22,San Mateo,081,765935,49058,47821,709,48530,553
2021-08-22,Santa Barbara,083,443738,38977,38099,1352,39451,478
2021-08-22,Santa Clara,085,1922200,133417,130189,992,131181,1778
2021-08-22,Santa Cruz,087,273765,18255,17823,917,18740,209
2021-08-22,Shasta,089,179085,15031,14478,2110,16588,216
2021-08-22,Sierra,091,2930,103,87,13,100,0
2021-08-22,Siskiyou,093,43540,2395,2261,641,2902,33
2021-08-22,Solano,095,438530,40700,38489,980,39469,283
2021-08-22,Sonoma,097,501317,36895,35676,444,36120,336
2021-08-22,Stanislaus,099,539301,65272,63683,7254,70937,1058
2021-08-22,Sutter,101,95872,11534,11251,129,11380,133
2021-08-22,Tehama,103,63373,5965,5791,783,6574,67
2021-08-22,Trinity,105,12862,593,433,143,576,3
2021-08-22,Tulare,107,460477,54996,53220,10961,64181,856
2021-08-22,Tuolumne,109,53932,5351,5214,61,5275,73
2021-08-22,Ventura,111,848112,89970,88791,3882,92673,1063
2021-08-22,Yolo,113,214977,16948,16374,756,17130,226
2021-08-22,Yuba,115,75493,7906,7626,173,7799,54
2021-08-21,Alameda,001,1643700,107313,104281,2422,106703,1294
2021-08-21,Alpine,003,1148,91,91,0,91,0
2021-08-21,Amador,005,37829,4488,4338,39,4377,50
2021-08-21,Butte,007,227075,15349,14714,2496,17210,211
2021-08-21,Calaveras,009,45235,2876,2744,19,2763,59
2021-08-21,Colusa,011,21464,2256,2192,460,2652,16
2021-08-21,Contra Costa,013,1133247,87698,84136,1742,85878,857
2021-08-21,Del Norte,015,27424,2667,2409,16,2425,8
2021-08-21,El Dorado,017,186661,13223,12590,1160,13750,118
2021-08-21,Fresno,019,978130,114892,111765,10119,121884,1759
2021-08-21,Glenn,021,27897,2767,2654,728,3382,20
2021-08-21,Humboldt,023,135768,6736,6446,164,6610,52
2021-08-21,Imperial,025,180216,30204,29976,2864,32840,748
2021-08-21,Inyo,027,18085,1517,1500,14,1514,39
2021-08-21,Kern,029,883053,106639,104443,14187,118630,1375
2021-08-21,Kings,031,150075,26080,25313,1373,26686,257
2021-08-21,Lake,033,64148,5230,5055,49,5104,69
2021-08-21,Lassen,035,31185,5671,5553,147,5700,21
2021-08-21,Los Angeles,037,10098052,1338650,1321308,49224,1370532,25080
2021-08-21,Madera,039,155013,18635,18067,1287,19354,246
2021-08-21,Marin,041,260295,16093,15775,329,16104,240
2021-08-21,Mariposa,043,17540,692,634,17,651,5
2021-08-21,Mendocino,045,87422,5585,5307,183,5490,51
2021-08-21,Merced,047,269075,34694,34148,1287,35435,488
2021-08-21,Modoc,049,8938,443,430,154,584,6
2021-08-21,Mono,051,14174,1392,1378,18,1396,3
2021-08-21,Monterey,053,433212,45531,44969,2272,47241,538
2021-08-21,Napa,055,140530,11424,11211,70,11281,85
2021-08-21,Nevada,057,99092,7156,6810,239,7049,77
2021-08-21,Orange,059,3164182,284114,279855,13196,293051,5181
2021-08-21,Placer,061,380077,29950,28289,2516,30805,314
2021-08-21,Plumas,063,18699,977,916,14,930,5
2021-08-21,Riverside,065,2383286,327191,320086,15294,335380,4594
2021-08-21,Sacramento,067,1510023,133167,127751,2763,130514,1809
2021-08-21,San Benito,069,59416,6619,6542,129,6671,64
2021-08-21,San Bernardino,071,2135413,323172,318293,9942,328235,5324
2021-08-21,San Diego,073,3302833,328414,322620,19118,341738,3848
2021-08-21,San Francisco,075,870044,46903,45637,1937,47574,573
2021-08-21,San Joaquin,077,732212,85540,82825,4442,87267,1498
2021-08-21,San Luis Obispo,079,281455,24865,24169,954,25123,273
2021-08-21,San Mateo,081,765935,48963,47685,709,48394,553
2021-08-21,Santa Barbara,083,443738,38895,37951,1348,39299,478
2021-08-21,Santa Clara,085,1922200,133152,129911,988,130899,1778
2021-08-21,Santa Cruz,087,273765,18218,17763,912,18675,209
2021-08-21,Shasta,089,179085,14957,14417,2096,16513,217
2021-08-21,Sierra,091,2930,98,85,13,98,0
2021-08-21,Siskiyou,093,43540,2381,2246,630,2876,33
2021-08-21,Solano,095,438530,40589,38423,970,39393,281
2021-08-21,Sonoma,097,501317,36808,35582,443,36025,336
2021-08-21,Stanislaus,099,539301,65090,63512,7236,70748,1058
2021-08-21,Sutter,101,95872,11489,11204,127,11331,133
2021-08-21,Tehama,103,63373,5940,5757,776,6533,67
2021-08-21,Trinity,105,12862,588,431,141,572,3
2021-08-21,Tulare,107,460477,54853,53045,10917,63962,857
2021-08-21,Tuolumne,109,53932,5320,5193,61,5254,73
2021-08-21,Ventura,111,848112,89825,88558,3867,92425,1063
2021-08-21,Yolo,113,214977,16901,16322,750,17072,226
2021-08-21,Yuba,115,75493,7860,7580,172,7752,54
2021-08-20,Alameda,001,1643700,107073,103812,2414,106226,1294
2021-08-20,Alpine,003,1148,91,91,0,91,0
2021-08-20,Amador,005,37829,4462,4323,39,4362,50
2021-08-20,Butte,007,227075,15276,14617,2475,17092,211
2021-08-20,Calaveras,009,45235,2856,2717,19,2736,59
2021-08-20,Colusa,011,21464,2251,2178,458,2636,16
2021-08-20,Contra Costa,013,1133247,87423,83721,1735,85456,857
2021-08-20,Del Norte,015,27424,2635,2316,16,2332,8
2021-08-20,El Dorado,017,186661,13185,12495,1152,13647,118
2021-08-20,Fresno,019,978130,114536,111315,10085,121400,1759
2021-08-20,Glenn,021,27897,2760,2642,718,3360,20
2021-08-20,Humboldt,023,135768,6684,6349,159,6508,52
2021-08-20,Imperial,025,180216,30181,29934,2864,32798,747
2021-08-20,Inyo,027,18085,1511,1495,14,1509,39
2021-08-20,Kern,029,883053,106355,104048,14059,118107,1373
2021-08-20,Kings,031,150075,26014,25241,1371,26612,256
2021-08-20,Lake,033,64148,5215,5024,46,5070,69
2021-08-20,Lassen,035,31185,5651,5539,147,5686,21
2021-08-20,Los Angeles,037,10098052,1336769,1317541,49123,1366664,25049
2021-08-20,Madera,039,155013,18586,18018,1272,19290,246
2021-08-20,Marin,041,260295,16075,15727,325,16052,240
2021-08-20,Mariposa,043,17540,687,630,17,647,5
2021-08-20,Mendocino,045,87422,5539,5241,182,5423,51
2021-08-20,Merced,047,269075,34630,34035,1277,35312,486
2021-08-20,Modoc,049,8938,443,429,154,583,6
2021-08-20,Mono,051,14174,1391,1368,18,1386,3
2021-08-20,Monterey,053,433212,45493,44890,2265,47155,538
2021-08-20,Napa,055,140530,11392,11152,70,11222,83
2021-08-20,Nevada,057,99092,7114,6753,233,6986,77
2021-08-20,Orange,059,3164182,283669,279193,13175,292368,5179
2021-08-20,Placer,061,380077,29855,28156,2487,30643,313
2021-08-20,Plumas,063,18699,967,908,14,922,5
2021-08-20,Riverside,065,2383286,326495,319072,15263,334335,4594
2021-08-20,Sacramento,067,1510023,132691,127226,2746,129972,1797
2021-08-20,San Benito,069,59416,6605,6508,129,6637,64
2021-08-20,San Bernardino,071,2135413,322558,317372,9913,327285,5322
2021-08-20,San Diego,073,3302833,327505,321102,19048,340150,3846
2021-08-20,San Francisco,075,870044,46806,45432,1922,47354,573
2021-08-20,San Joaquin,077,732212,85310,82419,4424,86843,1496
2021-08-20,San Luis Obispo,079,281455,24787,23986,950,24936,273
2021-08-20,San Mateo,081,765935,48850,47561,706,48267,551
2021-08-20,Santa Barbara,083,443738,38810,37794,1343,39137,477
2021-08-20,Santa Clara,085,1922200,132869,129510,983,130493,1774
2021-08-20,Santa Cruz,087,273765,18178,17701,909,18610,209
2021-08-20,Shasta,089,179085,14877,14277,2077,16354,215
2021-08-20,Sierra,091,2930,97,83,13,96,0
2021-08-20,Siskiyou,093,43540,2365,2226,625,2851,33
2021-08-20,Solano,095,438530,40449,38214,959,39173,277
2021-08-20,Sonoma,097,501317,36740,35416,442,35858,336
2021-08-20,Stanislaus,099,539301,64901,63219,7212,70431,1047
2021-08-20,Sutter,101,95872,11433,11136,126,11262,133
2021-08-20,Tehama,103,63373,5924,5730,764,6494,66
2021-08-20,Trinity,105,12862,588,422,140,562,3
2021-08-20,Tulare,107,460477,54723,52855,10874,63729,856
2021-08-20,Tuolumne,109,53932,5296,5153,60,5213,73
2021-08-20,Ventura,111,848112,89657,88285,3864,92149,1061
2021-08-20,Yolo,113,214977,16847,16236,744,16980,225
2021-08-20,Yuba,115,75493,7819,7523,172,7695,54
2021-08-19,Alameda,001,1643700,106623,103276,2392,105668,1294
2021-08-19,Alpine,003,1148,91,91,0,91,0
2021-08-19,Amador,005,37829,4455,4317,39,4356,50
2021-08-19,Butte,007,227075,15142,14518,2446,16964,211
2021-08-19,Calaveras,009,45235,2834,2673,19,2692,59
2021-08-19,Colusa,011,21464,2242,2167,453,2620,16
2021-08-19,Contra Costa,013,1133247,86985,83296,1721,85017,852
2021-08-19,Del Norte,015,27424,2585,2257,16,2273,8
2021-08-19,El Dorado,017,186661,13099,12410,1133,13543,118
2021-08-19,Fresno,019,978130,114097,110947,10031,120978,1759
2021-08-19,Glenn,021,27897,2742,2629,711,3340,20
2021-08-19,Humboldt,023,135768,6623,6246,153,6399,52
2021-08-19,Imperial,025,180216,30135,29865,2859,32724,747
2021-08-19,Inyo,027,18085,1504,1494,14,1508,39
2021-08-19,Kern,029,883053,105959,103731,13918,117649,1371
2021-08-19,Kings,031,150075,25883,25128,1359,26487,256
2021-08-19,Lake,033,64148,5183,4991,42,5033,69
2021-08-19,Lassen,035,31185,5633,5520,146,5666,21
2021-08-19,Los Angeles,037,10098052,1333787,1314453,48980,1363433,25020
2021-08-19,Madera,039,155013,18524,17947,1257,19204,246
2021-08-19,Marin,041,260295,16042,15672,322,15994,240
2021-08-19,Mariposa,043,17540,672,618,17,635,5
2021-08-19,Mendocino,045,87422,5506,5167,179,5346,51
2021-08-19,Merced,047,269075,34495,33851,1264,35115,486
2021-08-19,Modoc,049,8938,443,427,154,581,6
2021-08-19,Mono,051,14174,1387,1349,18,1367,3
2021-08-19,Monterey,053,433212,45420,44821,2255,47076,538
2021-08-19,Napa,055,140530,11340,11104,70,11174,83
2021-08-19,Nevada,057,99092,7050,6695,231,6926,77
2021-08-19,Orange,059,3164182,283033,278562,13124,291686,5172
2021-08-19,Placer,061,380077,29675,27953,2469,30422,313
2021-08-19,Plumas,063,18699,954,896,14,910,5
2021-08-19,Riverside,065,2383286,325467,318056,15234,333290,4589
2021-08-19,Sacramento,067,1510023,131987,126720,2711,129431,1801
2021-08-19,San Benito,069,59416,6587,6493,128,6621,64
2021-08-19,San Bernardino,071,2135413,321734,316398,9890,326288,5318
2021-08-19,San Diego,073,3302833,326254,319582,18950,338532,3839
2021-08-19,San Francisco,075,870044,46643,45220,1909,47129,571
2021-08-19,San Joaquin,077,732212,84865,82047,4373,86420,1491
2021-08-19,San Luis Obispo,079,281455,24649,23878,943,24821,271
2021-08-19,San Mateo,081,765935,48718,47431,704,48135,551
2021-08-19,Santa Barbara,083,443738,38665,37693,1340,39033,477
2021-08-19,Santa Clara,085,1922200,132479,129133,976,130109,1774
2021-08-19,Santa Cruz,087,273765,18115,17644,902,18546,209
2021-08-19,Shasta,089,179085,14753,14200,2054,16254,214
2021-08-19,Sierra,091,2930,93,83,13,96,0
2021-08-19,Siskiyou,093,43540,2350,2218,613,2831,33
2021-08-19,Solano,095,438530,40291,38025,947,38972,273
2021-08-19,Sonoma,097,501317,36652,35233,441,35674,336
2021-08-19,Stanislaus,099,539301,64558,62928,7168,70096,1047
2021-08-19,Sutter,101,95872,11348,11057,125,11182,133
2021-08-19,Tehama,103,63373,5888,5683,737,6420,66
2021-08-19,Trinity,105,12862,584,414,138,552,3
2021-08-19,Tulare,107,460477,54491,52685,10810,63495,856
2021-08-19,Tuolumne,109,53932,5260,5112,59,5171,64
2021-08-19,Ventura,111,848112,89454,88073,3849,91922,1060
2021-08-19,Yolo,113,214977,16762,16153,736,16889,225
2021-08-19,Yuba,115,75493,7766,7458,171,7629,51
2021-08-18,Alameda,001,1643700,106209,102696,2370,105066,1294
2021-08-18,Alpine,003,1148,90,91,0,91,0
2021-08-18,Amador,005,37829,4438,4279,38,4317,50
2021-08-18,Butte,007,227075,15032,14426,2419,16845,208
2021-08-18,Calaveras,009,45235,2797,2643,18,2661,59
2021-08-18,Colusa,011,21464,2234,2160,449,2609,16
2021-08-18,Contra Costa,013,1133247,86484,82767,1715,84482,851
2021-08-18,Del Norte,015,27424,2528,2219,16,2235,8
2021-08-18,El Dorado,017,186661,13009,12306,1119,13425,118
2021-08-18,Fresno,019,978130,113643,110523,9968,120491,1759
2021-08-18,Glenn,021,27897,2710,2623,703,3326,20
2021-08-18,Humboldt,023,135768,6552,6195,148,6343,52
2021-08-18,Imperial,025,180216,30102,29821,2857,32678,746
2021-08-18,Inyo,027,18085,1501,1494,14,1508,39
2021-08-18,Kern,029,883053,105612,103440,13823,117263,1370
2021-08-18,Kings,031,150075,25774,24984,1351,26335,256
2021-08-18,Lake,033,64148,5142,4957,41,4998,69
2021-08-18,Lassen,035,31185,5614,5506,145,5651,21
2021-08-18,Los Angeles,037,10098052,1330635,1311477,48849,1360326,24984
2021-08-18,Madera,039,155013,18464,17871,1244,19115,246
2021-08-18,Marin,041,260295,16004,15610,319,15929,240
2021-08-18,Mariposa,043,17540,659,615,16,631,5
2021-08-18,Mendocino,045,87422,5455,5129,177,5306,51
2021-08-18,Merced,047,269075,34330,33708,1253,34961,484
2021-08-18,Modoc,049,8938,443,427,153,580,6
2021-08-18,Mono,051,14174,1384,1344,18,1362,3
2021-08-18,Monterey,053,433212,45336,44735,2238,46973,532
2021-08-18,Napa,055,140530,11301,11060,69,11129,83
2021-08-18,Nevada,057,99092,6984,6633,231,6864,76
2021-08-18,Orange,059,3164182,282396,277795,13069,290864,5168
2021-08-18,Placer,061,380077,29448,27741,2441,30182,312
2021-08-18,Plumas,063,18699,945,874,14,888,5
2021-08-18,Riverside,065,2383286,324467,317107,15200,332307,4585
2021-08-18,Sacramento,067,1510023,131227,125599,2679,128278,1781
2021-08-18,San Benito,069,59416,6576,6481,127,6608,64
2021-08-18,San Bernardino,071,2135413,320933,315477,9871,325348,5304
2021-08-18,San Diego,073,3302833,324914,318152,18884,337036,3834
2021-08-18,San Francisco,075,870044,46440,44957,1899,46856,568
2021-08-18,San Joaquin,077,732212,84413,81601,4342,85943,1491
2021-08-18,San Luis Obispo,079,281455,24499,23726,930,24656,270
2021-08-18,San Mateo,081,765935,48554,47255,703,47958,551
2021-08-18,Santa Barbara,083,443738,38534,37599,1334,38933,475
2021-08-18,Santa Clara,085,1922200,132115,128563,973,129536,1773
2021-08-18,Santa Cruz,087,273765,18060,17566,898,18464,209
2021-08-18,Shasta,089,179085,14654,14087,2035,16122,213
2021-08-18,Sierra,091,2930,92,83,13,96,0
2021-08-18,Siskiyou,093,43540,2321,2204,601,2805,33
2021-08-18,Solano,095,438530,40085,37812,932,38744,271
2021-08-18,Sonoma,097,501317,36508,35063,440,35503,333
2021-08-18,Stanislaus,099,539301,64227,62613,7124,69737,1047
2021-08-18,Sutter,101,95872,11276,11004,120,11124,130
2021-08-18,Tehama,103,63373,5853,5653,727,6380,66
2021-08-18,Trinity,105,12862,577,409,135,544,3
2021-08-18,Tulare,107,460477,54251,52486,10741,63227,856
2021-08-18,Tuolumne,109,53932,5224,5081,57,5138,64
2021-08-18,Ventura,111,848112,89222,87835,3839,91674,1055
2021-08-18,Yolo,113,214977,16679,16047,717,16764,225
2021-08-18,Yuba,115,75493,7701,7391,171,7562,51
2021-08-17,Alameda,001,1643700,105809,102379,2355,104734,1290
2021-08-17,Alpine,003,1148,90,91,0,91,0
2021-08-17,Amador,005,37829,4409,4266,38,4304,50
2021-08-17,Butte,007,227075,14925,14357,2385,16742,206
2021-08-17,Calaveras,009,45235,2763,2624,18,2642,59
2021-08-17,Colusa,011,21464,2225,2156,445,2601,16
2021-08-17,Contra Costa,013,1133247,86038,82482,1704,84186,848
2021-08-17,Del Norte,015,27424,2474,2188,16,2204,8
2021-08-17,El Dorado,017,186661,12922,12242,1106,13348,118
2021-08-17,Fresno,019,978130,113159,110263,9904,120167,1755
2021-08-17,Glenn,021,27897,2696,2608,694,3302,20
2021-08-17,Humboldt,023,135768,6472,6155,146,6301,52
2021-08-17,Imperial,025,180216,30051,29768,2853,32621,746
2021-08-17,Inyo,027,18085,1498,1492,14,1506,39
2021-08-17,Kern,029,883053,105218,103048,13699,116747,1367
2021-08-17,Kings,031,150075,25668,24930,1340,26270,254
2021-08-17,Lake,033,64148,5099,4930,35,4965,68
2021-08-17,Lassen,035,31185,5597,5499,143,5642,21
2021-08-17,Los Angeles,037,10098052,1327081,1307999,48719,1356718,24952
2021-08-17,Madera,039,155013,18390,17838,1226,19064,246
2021-08-17,Marin,041,260295,15948,15570,319,15889,240
2021-08-17,Mariposa,043,17540,651,609,15,624,5
2021-08-17,Mendocino,045,87422,5400,5097,177,5274,51
2021-08-17,Merced,047,269075,34180,33508,1243,34751,482
2021-08-17,Modoc,049,8938,440,424,151,575,6
2021-08-17,Mono,051,14174,1379,1341,18,1359,3
2021-08-17,Monterey,053,433212,45252,44672,2228,46900,528
2021-08-17,Napa,055,140530,11260,11007,68,11075,83
2021-08-17,Nevada,057,99092,6909,6605,229,6834,75
2021-08-17,Orange,059,3164182,281749,277121,13033,290154,5164
2021-08-17,Placer,061,380077,29233,27634,2412,30046,312
2021-08-17,Plumas,063,18699,933,860,14,874,5
2021-08-17,Riverside,065,2383286,323455,316051,15157,331208,4582
2021-08-17,Sacramento,067,1510023,130433,125151,2636,127787,1774
2021-08-17,San Benito,069,59416,6557,6470,127,6597,64
2021-08-17,San Bernardino,071,2135413,319995,314402,9831,324233,5302
2021-08-17,San Diego,073,3302833,323304,317058,18786,335844,3824
2021-08-17,San Francisco,075,870044,46240,44820,1893,46713,567
2021-08-17,San Joaquin,077,732212,83944,81300,4309,85609,1489
2021-08-17,San Luis Obispo,079,281455,24343,23556,927,24483,268
2021-08-17,San Mateo,081,765935,48399,47127,698,47825,551
2021-08-17,Santa Barbara,083,443738,38375,37478,1327,38805,475
2021-08-17,Santa Clara,085,1922200,131712,128354,966,129320,1773
2021-08-17,Santa Cruz,087,273765,17975,17528,897,18425,209
2021-08-17,Shasta,089,179085,14523,14012,2016,16028,214
2021-08-17,Sierra,091,2930,91,82,13,95,0
2021-08-17,Siskiyou,093,43540,2305,2183,588,2771,33
2021-08-17,Solano,095,438530,39856,37662,919,38581,269
2021-08-17,Sonoma,097,501317,36360,34943,436,35379,333
2021-08-17,Stanislaus,099,539301,63887,62385,7064,69449,1047
2021-08-17,Sutter,101,95872,11204,10973,120,11093,130
2021-08-17,Tehama,103,63373,5819,5612,705,6317,66
2021-08-17,Trinity,105,12862,572,406,132,538,3
2021-08-17,Tulare,107,460477,53983,52362,10676,63038,856
2021-08-17,Tuolumne,109,53932,5181,5042,56,5098,64
2021-08-17,Ventura,111,848112,88984,87601,3818,91419,1053
2021-08-17,Yolo,113,214977,16590,15975,703,16678,225
2021-08-17,Yuba,115,75493,7630,7355,171,7526,51
2021-08-16,Alameda,001,1643700,105307,102052,2346,104398,1287
2021-08-16,Alpine,003,1148,90,91,0,91,0
2021-08-16,Amador,005,37829,4399,4235,38,4273,50
2021-08-16,Butte,007,227075,14807,14283,2350,16633,206
2021-08-16,Calaveras,009,45235,2703,2609,17,2626,57
2021-08-16,Colusa,011,21464,2214,2147,441,2588,16
2021-08-16,Contra Costa,013,1133247,85495,82070,1694,83764,848
2021-08-16,Del Norte,015,27424,2397,2125,16,2141,8
2021-08-16,El Dorado,017,186661,12821,12139,1093,13232,118
2021-08-16,Fresno,019,978130,112661,109623,9852,119475,1753
2021-08-16,Glenn,021,27897,2677,2593,688,3281,20
2021-08-16,Humboldt,023,135768,6401,6064,125,6189,52
2021-08-16,Imperial,025,180216,30010,29737,2838,32575,746
2021-08-16,Inyo,027,18085,1495,1490,14,1504,39
2021-08-16,Kern,029,883053,104843,102690,13583,116273,1367
2021-08-16,Kings,031,150075,25565,24817,1330,26147,254
2021-08-16,Lake,033,64148,5072,4898,34,4932,68
2021-08-16,Lassen,035,31185,5581,5481,135,5616,21
2021-08-16,Los Angeles,037,10098052,1323699,1305330,48574,1353904,24923
2021-08-16,Madera,039,155013,18315,17756,1205,18961,246
2021-08-16,Marin,041,260295,15889,15497,318,15815,239
2021-08-16,Mariposa,043,17540,634,597,15,612,5
2021-08-16,Mendocino,045,87422,5344,5037,175,5212,49
2021-08-16,Merced,047,269075,33979,33364,1230,34594,481
2021-08-16,Modoc,049,8938,438,421,150,571,5
2021-08-16,Mono,051,14174,1374,1339,18,1357,3
2021-08-16,Monterey,053,433212,45173,44595,2216,46811,527
2021-08-16,Napa,055,140530,11231,10946,68,11014,83
2021-08-16,Nevada,057,99092,6854,6535,228,6763,74
2021-08-16,Orange,059,3164182,280955,275985,12986,288971,5161
2021-08-16,Placer,061,380077,29050,27384,2380,29764,306
2021-08-16,Plumas,063,18699,922,851,14,865,5
2021-08-16,Riverside,065,2383286,322364,314774,15120,329894,4582
2021-08-16,Sacramento,067,1510023,129623,124554,2593,127147,1762
2021-08-16,San Benito,069,59416,6533,6452,127,6579,64
2021-08-16,San Bernardino,071,2135413,319030,313617,9804,323421,5301
2021-08-16,San Diego,073,3302833,321706,315348,18646,333994,3824
2021-08-16,San Francisco,075,870044,46036,44681,1885,46566,567
2021-08-16,San Joaquin,077,732212,83441,81087,4282,85369,1488
2021-08-16,San Luis Obispo,079,281455,24193,23452,919,24371,265
2021-08-16,San Mateo,081,765935,48216,47024,691,47715,548
2021-08-16,Santa Barbara,083,443738,38204,37358,1322,38680,475
2021-08-16,Santa Clara,085,1922200,131248,127978,962,128940,1773
2021-08-16,Santa Cruz,087,273765,17911,17491,891,18382,209
2021-08-16,Shasta,089,179085,14434,13862,2000,15862,211
2021-08-16,Sierra,091,2930,88,82,13,95,0
2021-08-16,Siskiyou,093,43540,2288,2169,568,2737,33
2021-08-16,Solano,095,438530,39575,37436,906,38342,263
2021-08-16,Sonoma,097,501317,36192,34844,434,35278,333
2021-08-16,Stanislaus,099,539301,63548,62033,7012,69045,1039
2021-08-16,Sutter,101,95872,11135,10902,119,11021,130
2021-08-16,Tehama,103,63373,5756,5565,700,6265,66
2021-08-16,Trinity,105,12862,566,400,131,531,3
2021-08-16,Tulare,107,460477,53740,52162,10606,62768,856
2021-08-16,Tuolumne,109,53932,5142,4984,55,5039,64
2021-08-16,Ventura,111,848112,88739,86954,3800,90754,1052
2021-08-16,Yolo,113,214977,16489,15922,695,16617,225
2021-08-16,Yuba,115,75493,7546,7314,170,7484,51
2021-08-15,Alameda,001,1643700,104815,101660,2329,103989,1287
2021-08-15,Alpine,003,1148,90,91,0,91,0
2021-08-15,Amador,005,37829,4371,4231,38,4269,49
2021-08-15,Butte,007,227075,14683,14263,2327,16590,206
2021-08-15,Calaveras,009,45235,2661,2599,17,2616,57
2021-08-15,Colusa,011,21464,2202,2140,431,2571,16
2021-08-15,Contra Costa,013,1133247,85013,81781,1679,83460,848
2021-08-15,Del Norte,015,27424,2330,2060,16,2076,8
2021-08-15,El Dorado,017,186661,12686,12057,1076,13133,118
2021-08-15,Fresno,019,978130,112181,109382,9786,119168,1753
2021-08-15,Glenn,021,27897,2654,2592,676,3268,20
2021-08-15,Humboldt,023,135768,6327,6024,119,6143,52
2021-08-15,Imperial,025,180216,29944,29711,2834,32545,746
2021-08-15,Inyo,027,18085,1494,1489,14,1503,39
2021-08-15,Kern,029,883053,104399,102524,13470,115994,1367
2021-08-15,Kings,031,150075,25420,24736,1320,26056,254
2021-08-15,Lake,033,64148,5013,4886,33,4919,68
2021-08-15,Lassen,035,31185,5564,5482,134,5616,21
2021-08-15,Los Angeles,037,10098052,1320167,1302882,48402,1351284,24918
2021-08-15,Madera,039,155013,18227,17714,1189,18903,246
2021-08-15,Marin,041,260295,15830,15461,316,15777,239
2021-08-15,Mariposa,043,17540,627,591,14,605,5
2021-08-15,Mendocino,045,87422,5287,5022,169,5191,49
2021-08-15,Merced,047,269075,33735,33305,1219,34524,481
2021-08-15,Modoc,049,8938,436,421,150,571,5
2021-08-15,Mono,051,14174,1370,1334,18,1352,3
2021-08-15,Monterey,053,433212,45051,44567,2194,46761,527
2021-08-15,Napa,055,140530,11176,10919,68,10987,83
2021-08-15,Nevada,057,99092,6769,6486,228,6714,74
2021-08-15,Orange,059,3164182,280184,275447,12945,288392,5161
2021-08-15,Placer,061,380077,28828,27220,2332,29552,306
2021-08-15,Plumas,063,18699,910,850,14,864,5
2021-08-15,Riverside,065,2383286,321226,314133,15093,329226,4582
2021-08-15,Sacramento,067,1510023,128806,123924,2561,126485,1761
2021-08-15,San Benito,069,59416,6515,6446,126,6572,64
2021-08-15,San Bernardino,071,2135413,317954,313120,9774,322894,5301
2021-08-15,San Diego,073,3302833,320236,314247,18519,332766,3824
2021-08-15,San Francisco,075,870044,45813,44531,1868,46399,567
2021-08-15,San Joaquin,077,732212,82953,80832,4243,85075,1488
2021-08-15,San Luis Obispo,079,281455,23996,23404,909,24313,265
2021-08-15,San Mateo,081,765935,48028,46897,685,47582,548
2021-08-15,Santa Barbara,083,443738,38032,37276,1315,38591,475
2021-08-15,Santa Clara,085,1922200,130815,127715,956,128671,1773
2021-08-15,Santa Cruz,087,273765,17841,17440,884,18324,209
2021-08-15,Shasta,089,179085,14331,13835,1975,15810,211
2021-08-15,Sierra,091,2930,87,82,12,94,0
2021-08-15,Siskiyou,093,43540,2267,2169,554,2723,33
2021-08-15,Solano,095,438530,39319,37320,895,38215,263
2021-08-15,Sonoma,097,501317,35996,34706,426,35132,333
2021-08-15,Stanislaus,099,539301,63180,61795,6933,68728,1039
2021-08-15,Sutter,101,95872,11044,10863,119,10982,130
2021-08-15,Tehama,103,63373,5707,5550,694,6244,66
2021-08-15,Trinity,105,12862,562,400,130,530,3
2021-08-15,Tulare,107,460477,53483,52046,10546,62592,856
2021-08-15,Tuolumne,109,53932,5104,4934,53,4987,64
2021-08-15,Ventura,111,848112,88434,86797,3786,90583,1052
2021-08-15,Yolo,113,214977,16393,15873,685,16558,225
2021-08-15,Yuba,115,75493,7469,7265,169,7434,51
2021-08-14,Alameda,001,1643700,104599,101305,2325,103630,1287
2021-08-14,Alpine,003,1148,90,91,0,91,0
2021-08-14,Amador,005,37829,4353,4206,38,4244,49
2021-08-14,Butte,007,227075,14647,14192,2311,16503,206
2021-08-14,Calaveras,009,45235,2654,2579,17,2596,57
2021-08-14,Colusa,011,21464,2191,2134,427,2561,16
2021-08-14,Contra Costa,013,1133247,84764,81458,1671,83129,848
2021-08-14,Del Norte,015,27424,2303,2015,16,2031,8
2021-08-14,El Dorado,017,186661,12650,12019,1068,13087,118
2021-08-14,Fresno,019,978130,112020,109056,9756,118812,1753
2021-08-14,Glenn,021,27897,2643,2583,673,3256,20
2021-08-14,Humboldt,023,135768,6274,5998,115,6113,52
2021-08-14,Imperial,025,180216,29917,29671,2834,32505,746
2021-08-14,Inyo,027,18085,1492,1487,14,1501,39
2021-08-14,Kern,029,883053,104204,102306,13374,115680,1367
2021-08-14,Kings,031,150075,25322,24647,1311,25958,254
2021-08-14,Lake,033,64148,4996,4850,32,4882,68
2021-08-14,Lassen,035,31185,5557,5475,133,5608,21
2021-08-14,Los Angeles,037,10098052,1318393,1299346,48263,1347609,24911
2021-08-14,Madera,039,155013,18180,17691,1184,18875,246
2021-08-14,Marin,041,260295,15796,15441,316,15757,239
2021-08-14,Mariposa,043,17540,623,584,14,598,5
2021-08-14,Mendocino,045,87422,5251,4977,166,5143,49
2021-08-14,Merced,047,269075,33671,33234,1213,34447,481
2021-08-14,Modoc,049,8938,436,421,150,571,5
2021-08-14,Mono,051,14174,1365,1332,18,1350,3
2021-08-14,Monterey,053,433212,45006,44514,2191,46705,527
2021-08-14,Napa,055,140530,11146,10878,67,10945,83
2021-08-14,Nevada,057,99092,6734,6419,227,6646,74
2021-08-14,Orange,059,3164182,279750,274732,12917,287649,5161
2021-08-14,Placer,061,380077,28682,27115,2308,29423,306
2021-08-14,Plumas,063,18699,900,849,14,863,5
2021-08-14,Riverside,065,2383286,320510,313264,15072,328336,4582
2021-08-14,Sacramento,067,1510023,128312,123438,2543,125981,1758
2021-08-14,San Benito,069,59416,6502,6428,126,6554,64
2021-08-14,San Bernardino,071,2135413,317404,312142,9753,321895,5301
2021-08-14,San Diego,073,3302833,319565,313589,18451,332040,3824
2021-08-14,San Francisco,075,870044,45684,44353,1849,46202,567
2021-08-14,San Joaquin,077,732212,82737,80585,4228,84813,1488
2021-08-14,San Luis Obispo,079,281455,23935,23328,906,24234,265
2021-08-14,San Mateo,081,765935,47909,46792,681,47473,548
2021-08-14,Santa Barbara,083,443738,37938,37118,1312,38430,475
2021-08-14,Santa Clara,085,1922200,130536,127432,953,128385,1772
2021-08-14,Santa Cruz,087,273765,17802,17384,883,18267,209
2021-08-14,Shasta,089,179085,14256,13813,1954,15767,211
2021-08-14,Sierra,091,2930,86,81,12,93,0
2021-08-14,Siskiyou,093,43540,2257,2160,544,2704,33
2021-08-14,Solano,095,438530,39232,37237,883,38120,263
2021-08-14,Sonoma,097,501317,35873,34606,424,35030,333
2021-08-14,Stanislaus,099,539301,63006,61564,6888,68452,1039
2021-08-14,Sutter,101,95872,10999,10808,118,10926,130
2021-08-14,Tehama,103,63373,5683,5530,690,6220,66
2021-08-14,Trinity,105,12862,556,399,130,529,3
2021-08-14,Tulare,107,460477,53347,51951,10500,62451,856
2021-08-14,Tuolumne,109,53932,5069,4924,53,4977,64
2021-08-14,Ventura,111,848112,88278,86569,3766,90335,1052
2021-08-14,Yolo,113,214977,16348,15815,675,16490,225
2021-08-14,Yuba,115,75493,7420,7223,169,7392,51
2021-08-13,Alameda,001,1643700,104302,100930,2317,103247,1284
2021-08-13,Alpine,003,1148,90,91,0,91,0
2021-08-13,Amador,005,37829,4325,4169,38,4207,49
2021-08-13,Butte,007,227075,14577,14100,2295,16395,206
2021-08-13,Calaveras,009,45235,2648,2564,17,2581,57
2021-08-13,Colusa,011,21464,2184,2123,422,2545,16
2021-08-13,Contra Costa,013,1133247,84453,81046,1663,82709,848
2021-08-13,Del Norte,015,27424,2262,1973,16,1989,8
2021-08-13,El Dorado,017,186661,12610,11951,1056,13007,118
2021-08-13,Fresno,019,978130,111728,108638,9732,118370,1753
2021-08-13,Glenn,021,27897,2632,2574,669,3243,20
2021-08-13,Humboldt,023,135768,6227,5882,112,5994,52
2021-08-13,Imperial,025,180216,29890,29654,2833,32487,745
2021-08-13,Inyo,027,18085,1491,1484,14,1498,39
2021-08-13,Kern,029,883053,103995,102029,13265,115294,1364
2021-08-13,Kings,031,150075,25237,24531,1304,25835,253
2021-08-13,Lake,033,64148,4973,4811,31,4842,68
2021-08-13,Lassen,035,31185,5549,5455,132,5587,21
2021-08-13,Los Angeles,037,10098052,1316070,1295406,48126,1343532,24891
2021-08-13,Madera,039,155013,18131,17614,1175,18789,246
2021-08-13,Marin,041,260295,15765,15380,316,15696,239
2021-08-13,Mariposa,043,17540,617,577,14,591,5
2021-08-13,Mendocino,045,87422,5198,4924,164,5088,49
2021-08-13,Merced,047,269075,33624,33111,1207,34318,480
2021-08-13,Modoc,049,8938,435,421,149,570,5
2021-08-13,Mono,051,14174,1362,1331,18,1349,3
2021-08-13,Monterey,053,433212,44946,44450,2189,46639,527
2021-08-13,Napa,055,140530,11110,10830,67,10897,83
2021-08-13,Nevada,057,99092,6693,6356,226,6582,74
2021-08-13,Orange,059,3164182,279255,274004,12868,286872,5159
2021-08-13,Placer,061,380077,28582,26987,2281,29268,306
2021-08-13,Plumas,063,18699,886,842,14,856,5
2021-08-13,Riverside,065,2383286,319771,312408,15047,327455,4581
2021-08-13,Sacramento,067,1510023,127842,122868,2516,125384,1758
2021-08-13,San Benito,069,59416,6496,6422,124,6546,64
2021-08-13,San Bernardino,071,2135413,316736,311378,9734,321112,5301
2021-08-13,San Diego,073,3302833,318519,312293,18372,330665,3821
2021-08-13,San Francisco,075,870044,45548,44196,1826,46022,567
2021-08-13,San Joaquin,077,732212,82520,80232,4212,84444,1481
2021-08-13,San Luis Obispo,079,281455,23872,23226,903,24129,265
2021-08-13,San Mateo,081,765935,47790,46660,680,47340,548
2021-08-13,Santa Barbara,083,443738,37853,37023,1308,38331,474
2021-08-13,Santa Clara,085,1922200,130249,126958,947,127905,1769
2021-08-13,Santa Cruz,087,273765,17762,17332,876,18208,209
2021-08-13,Shasta,089,179085,14193,13698,1940,15638,211
2021-08-13,Sierra,091,2930,85,81,12,93,0
2021-08-13,Siskiyou,093,43540,2248,2147,540,2687,33
2021-08-13,Solano,095,438530,39098,37104,875,37979,264
2021-08-13,Sonoma,097,501317,35768,34464,424,34888,333
2021-08-13,Stanislaus,099,539301,62835,61294,6845,68139,1039
2021-08-13,Sutter,101,95872,10955,10751,117,10868,130
2021-08-13,Tehama,103,63373,5659,5496,688,6184,66
2021-08-13,Trinity,105,12862,552,392,130,522,3
2021-08-13,Tulare,107,460477,53243,51770,10426,62196,856
2021-08-13,Tuolumne,109,53932,5036,4899,52,4951,64
2021-08-13,Ventura,111,848112,88120,86368,3753,90121,1052
2021-08-13,Yolo,113,214977,16294,15761,665,16426,225
2021-08-13,Yuba,115,75493,7382,7184,169,7353,51
2021-08-12,Alameda,001,1643700,103810,100472,2304,102776,1284
2021-08-12,Alpine,003,1148,90,91,0,91,0
2021-08-12,Amador,005,37829,4295,4161,37,4198,49
2021-08-12,Butte,007,227075,14507,14006,2277,16283,206
2021-08-12,Calaveras,009,45235,2633,2531,17,2548,57
2021-08-12,Colusa,011,21464,2179,2111,421,2532,17
2021-08-12,Contra Costa,013,1133247,83971,80738,1648,82386,846
2021-08-12,Del Norte,015,27424,2190,1923,16,1939,8
2021-08-12,El Dorado,017,186661,12496,11880,1047,12927,118
2021-08-12,Fresno,019,978130,111306,108193,9664,117857,1753
2021-08-12,Glenn,021,27897,2624,2559,657,3216,20
2021-08-12,Humboldt,023,135768,6158,5845,108,5953,52
2021-08-12,Imperial,025,180216,29834,29585,2827,32412,745
2021-08-12,Inyo,027,18085,1489,1483,14,1497,39
2021-08-12,Kern,029,883053,103706,101698,13185,114883,1364
2021-08-12,Kings,031,150075,25137,24423,1295,25718,252
2021-08-12,Lake,033,64148,4947,4774,31,4805,68
2021-08-12,Lassen,035,31185,5527,5428,131,5559,21
2021-08-12,Los Angeles,037,10098052,1312882,1291875,47992,1339867,24874
2021-08-12,Madera,039,155013,18067,17564,1163,18727,246
2021-08-12,Marin,041,260295,15716,15277,313,15590,239
2021-08-12,Mariposa,043,17540,608,568,13,581,5
2021-08-12,Mendocino,045,87422,5168,4873,158,5031,49
2021-08-12,Merced,047,269075,33500,32960,1200,34160,480
2021-08-12,Modoc,049,8938,434,423,149,572,5
2021-08-12,Mono,051,14174,1357,1325,18,1343,3
2021-08-12,Monterey,053,433212,44870,44383,2172,46555,527
2021-08-12,Napa,055,140530,11061,10780,66,10846,83
2021-08-12,Nevada,057,99092,6632,6283,226,6509,74
2021-08-12,Orange,059,3164182,278577,273167,12810,285977,5158
2021-08-12,Placer,061,380077,28384,26856,2258,29114,306
2021-08-12,Plumas,063,18699,878,829,14,843,5
2021-08-12,Riverside,065,2383286,318761,311304,15014,326318,4575
2021-08-12,Sacramento,067,1510023,127071,122222,2486,124708,1758
2021-08-12,San Benito,069,59416,6479,6398,122,6520,64
2021-08-12,San Bernardino,071,2135413,315860,310420,9705,320125,5297
2021-08-12,San Diego,073,3302833,317149,310596,18283,328879,3821
2021-08-12,San Francisco,075,870044,45341,43774,1813,45587,564
2021-08-12,San Joaquin,077,732212,82124,79945,4189,84134,1479
2021-08-12,San Luis Obispo,079,281455,23772,23101,889,23990,264
2021-08-12,San Mateo,081,765935,47646,46435,677,47112,548
2021-08-12,Santa Barbara,083,443738,37716,36881,1300,38181,473
2021-08-12,Santa Clara,085,1922200,129800,126614,941,127555,1769
2021-08-12,Santa Cruz,087,273765,17698,17261,875,18136,209
2021-08-12,Shasta,089,179085,14107,13621,1913,15534,211
2021-08-12,Sierra,091,2930,85,81,12,93,0
2021-08-12,Siskiyou,093,43540,2241,2134,530,2664,33
2021-08-12,Solano,095,438530,38869,36980,866,37846,262
2021-08-12,Sonoma,097,501317,35620,34299,421,34720,333
2021-08-12,Stanislaus,099,539301,62571,61026,6786,67812,1039
2021-08-12,Sutter,101,95872,10894,10695,115,10810,130
2021-08-12,Tehama,103,63373,5629,5462,679,6141,66
2021-08-12,Trinity,105,12862,548,386,129,515,3
2021-08-12,Tulare,107,460477,53097,51632,10377,62009,856
2021-08-12,Tuolumne,109,53932,4989,4845,50,4895,64
2021-08-12,Ventura,111,848112,87882,86106,3729,89835,1052
2021-08-12,Yolo,113,214977,16222,15686,652,16338,224
2021-08-12,Yuba,115,75493,7334,7128,168,7296,51
2021-08-11,Alameda,001,1643700,103298,100040,2300,102340,1281
2021-08-11,Alpine,003,1148,90,91,0,91,0
2021-08-11,Amador,005,37829,4271,4127,37,4164,49
2021-08-11,Butte,007,227075,14407,13905,2252,16157,206
2021-08-11,Calaveras,009,45235,2611,2505,17,2522,57
2021-08-11,Colusa,011,21464,2169,2101,419,2520,16
2021-08-11,Contra Costa,013,1133247,83471,80275,1630,81905,843
2021-08-11,Del Norte,015,27424,2131,1893,16,1909,8
2021-08-11,El Dorado,017,186661,12385,11799,1035,12834,119
2021-08-11,Fresno,019,978130,110852,107773,9617,117390,1751
2021-08-11,Glenn,021,27897,2615,2547,647,3194,20
2021-08-11,Humboldt,023,135768,6111,5765,107,5872,52
2021-08-11,Imperial,025,180216,29791,29565,2823,32388,745
2021-08-11,Inyo,027,18085,1489,1483,14,1497,39
2021-08-11,Kern,029,883053,103392,101448,13075,114523,1363
2021-08-11,Kings,031,150075,25024,24304,1286,25590,250
2021-08-11,Lake,033,64148,4910,4713,30,4743,68
2021-08-11,Lassen,035,31185,5518,5408,129,5537,21
2021-08-11,Los Angeles,037,10098052,1309557,1288238,47805,1336043,24851
2021-08-11,Madera,039,155013,18017,17511,1152,18663,245
2021-08-11,Marin,041,260295,15667,15235,313,15548,239
2021-08-11,Mariposa,043,17540,598,554,12,566,5
2021-08-11,Mendocino,045,87422,5099,4796,149,4945,49
2021-08-11,Merced,047,269075,33367,32802,1196,33998,479
2021-08-11,Modoc,049,8938,434,421,149,570,5
2021-08-11,Mono,051,14174,1352,1320,18,1338,3
2021-08-11,Monterey,053,433212,44771,44314,2154,46468,527
2021-08-11,Napa,055,140530,11020,10732,66,10798,83
2021-08-11,Nevada,057,99092,6579,6172,223,6395,74
2021-08-11,Orange,059,3164182,277720,272212,12763,284975,5155
2021-08-11,Placer,061,380077,28172,26687,2232,28919,305
2021-08-11,Plumas,063,18699,869,824,14,838,5
2021-08-11,Riverside,065,2383286,317768,310265,14979,325244,4570
2021-08-11,Sacramento,067,1510023,126278,121603,2447,124050,1757
2021-08-11,San Benito,069,59416,6466,6381,122,6503,64
2021-08-11,San Bernardino,071,2135413,314965,309498,9684,319182,5296
2021-08-11,San Diego,073,3302833,315679,309406,18179,327585,3818
2021-08-11,San Francisco,075,870044,45116,43555,1805,45360,564
2021-08-11,San Joaquin,077,732212,81717,79641,4162,83803,1478
2021-08-11,San Luis Obispo,079,281455,23668,22920,882,23802,264
2021-08-11,San Mateo,081,765935,47478,46300,674,46974,548
2021-08-11,Santa Barbara,083,443738,37553,36699,1291,37990,472
2021-08-11,Santa Clara,085,1922200,129319,126301,933,127234,1769
2021-08-11,Santa Cruz,087,273765,17633,17191,872,18063,209
2021-08-11,Shasta,089,179085,14033,13546,1897,15443,211
2021-08-11,Sierra,091,2930,84,81,12,93,0
2021-08-11,Siskiyou,093,43540,2227,2124,523,2647,33
2021-08-11,Solano,095,438530,38634,36862,852,37714,262
2021-08-11,Sonoma,097,501317,35441,34188,416,34604,333
2021-08-11,Stanislaus,099,539301,62241,60767,6756,67523,1037
2021-08-11,Sutter,101,95872,10822,10628,115,10743,130
2021-08-11,Tehama,103,63373,5600,5410,662,6072,66
2021-08-11,Trinity,105,12862,546,385,129,514,3
2021-08-11,Tulare,107,460477,52929,51464,10332,61796,854
2021-08-11,Tuolumne,109,53932,4957,4794,50,4844,64
2021-08-11,Ventura,111,848112,87630,85863,3708,89571,1051
2021-08-11,Yolo,113,214977,16147,15593,636,16229,218
2021-08-11,Yuba,115,75493,7275,7063,167,7230,53
2021-08-10,Alameda,001,1643700,102819,99771,2292,102063,1281
2021-08-10,Alpine,003,1148,90,91,0,91,0
2021-08-10,Amador,005,37829,4255,4093,37,4130,49
2021-08-10,Butte,007,227075,14324,13853,2231,16084,205
2021-08-10,Calaveras,009,45235,2586,2491,15,2506,57
2021-08-10,Colusa,011,21464,2156,2088,410,2498,16
2021-08-10,Contra Costa,013,1133247,82927,80018,1620,81638,840
2021-08-10,Del Norte,015,27424,2087,1870,16,1886,8
2021-08-10,El Dorado,017,186661,12284,11734,1023,12757,117
2021-08-10,Fresno,019,978130,110396,107616,9561,117177,1747
2021-08-10,Glenn,021,27897,2602,2538,637,3175,20
2021-08-10,Humboldt,023,135768,6057,5718,104,5822,52
2021-08-10,Imperial,025,180216,29756,29522,2816,32338,745
2021-08-10,Inyo,027,18085,1489,1482,14,1496,39
2021-08-10,Kern,029,883053,103063,101254,12979,114233,1359
2021-08-10,Kings,031,150075,24898,24252,1270,25522,251
2021-08-10,Lake,033,64148,4869,4700,30,4730,67
2021-08-10,Lassen,035,31185,5500,5401,129,5530,21
2021-08-10,Los Angeles,037,10098052,1305805,1285140,47634,1332774,24821
2021-08-10,Madera,039,155013,17944,17481,1142,18623,245
2021-08-10,Marin,041,260295,15620,15194,313,15507,239
2021-08-10,Mariposa,043,17540,585,550,12,562,5
2021-08-10,Mendocino,045,87422,5054,4775,145,4920,49
2021-08-10,Merced,047,269075,33220,32721,1187,33908,477
2021-08-10,Modoc,049,8938,433,421,149,570,5
2021-08-10,Mono,051,14174,1347,1320,18,1338,3
2021-08-10,Monterey,053,433212,44709,44259,2139,46398,527
2021-08-10,Napa,055,140530,10964,10703,65,10768,83
2021-08-10,Nevada,057,99092,6514,6151,222,6373,73
2021-08-10,Orange,059,3164182,276841,271688,12715,284403,5155
2021-08-10,Placer,061,380077,27953,26561,2190,28751,305
2021-08-10,Plumas,063,18699,860,816,14,830,5
2021-08-10,Riverside,065,2383286,316653,309529,14953,324482,4564
2021-08-10,Sacramento,067,1510023,125425,121159,2417,123576,1755
2021-08-10,San Benito,069,59416,6452,6371,122,6493,64
2021-08-10,San Bernardino,071,2135413,314042,308672,9666,318338,5295
2021-08-10,San Diego,073,3302833,314038,308288,18087,326375,3815
2021-08-10,San Francisco,075,870044,44863,43389,1790,45179,564
2021-08-10,San Joaquin,077,732212,81320,79391,4144,83535,1478
2021-08-10,San Luis Obispo,079,281455,23542,22776,880,23656,264
2021-08-10,San Mateo,081,765935,47306,46184,672,46856,548
2021-08-10,Santa Barbara,083,443738,37388,36574,1284,37858,472
2021-08-10,Santa Clara,085,1922200,128856,126019,926,126945,1770
2021-08-10,Santa Cruz,087,273765,17550,17142,870,18012,209
2021-08-10,Shasta,089,179085,13955,13461,1873,15334,211
2021-08-10,Sierra,091,2930,84,76,12,88,0
2021-08-10,Siskiyou,093,43540,2218,2088,516,2604,33
2021-08-10,Solano,095,438530,38388,36767,841,37608,262
2021-08-10,Sonoma,097,501317,35296,34054,413,34467,333
2021-08-10,Stanislaus,099,539301,61895,60605,6719,67324,1037
2021-08-10,Sutter,101,95872,10757,10569,115,10684,130
2021-08-10,Tehama,103,63373,5571,5392,657,6049,66
2021-08-10,Trinity,105,12862,546,384,129,513,3
2021-08-10,Tulare,107,460477,52764,51390,10280,61670,854
2021-08-10,Tuolumne,109,53932,4928,4780,48,4828,64
2021-08-10,Ventura,111,848112,87340,85714,3687,89401,1051
2021-08-10,Yolo,113,214977,16060,15568,626,16194,218
2021-08-10,Yuba,115,75493,7225,7028,167,7195,50
2021-08-09,Alameda,001,1643700,102265,99496,2288,101784,1276
2021-08-09,Alpine,003,1148,90,91,0,91,0
2021-08-09,Amador,005,37829,4229,4078,37,4115,48
2021-08-09,Butte,007,227075,14225,13813,2203,16016,205
2021-08-09,Calaveras,009,45235,2561,2472,15,2487,57
2021-08-09,Colusa,011,21464,2146,2075,402,2477,16
2021-08-09,Contra Costa,013,1133247,82383,79740,1608,81348,840
2021-08-09,Del Norte,015,27424,2019,1848,16,1864,8
2021-08-09,El Dorado,017,186661,12177,11672,1009,12681,117
2021-08-09,Fresno,019,978130,109902,107310,9523,116833,1747
2021-08-09,Glenn,021,27897,2591,2532,625,3157,20
2021-08-09,Humboldt,023,135768,5966,5632,102,5734,52
2021-08-09,Imperial,025,180216,29711,29512,2812,32324,745
2021-08-09,Inyo,027,18085,1489,1481,14,1495,39
2021-08-09,Kern,029,883053,102751,101069,12893,113962,1359
2021-08-09,Kings,031,150075,24791,24155,1255,25410,250
2021-08-09,Lake,033,64148,4834,4670,28,4698,66
2021-08-09,Lassen,035,31185,5478,5393,128,5521,21
2021-08-09,Los Angeles,037,10098052,1301790,1282891,47428,1330319,24798
2021-08-09,Madera,039,155013,17885,17429,1122,18551,245
2021-08-09,Marin,041,260295,15567,15154,312,15466,239
2021-08-09,Mariposa,043,17540,572,545,12,557,5
2021-08-09,Mendocino,045,87422,5003,4732,137,4869,49
2021-08-09,Merced,047,269075,33074,32666,1180,33846,477
2021-08-09,Modoc,049,8938,433,419,149,568,5
2021-08-09,Mono,051,14174,1344,1337,18,1355,3
2021-08-09,Monterey,053,433212,44637,44190,2123,46313,527
2021-08-09,Napa,055,140530,10917,10679,65,10744,83
2021-08-09,Nevada,057,99092,6442,6088,221,6309,73
2021-08-09,Orange,059,3164182,275804,271036,12659,283695,5153
2021-08-09,Placer,061,380077,27730,26457,2159,28616,305
2021-08-09,Plumas,063,18699,843,803,14,817,5
2021-08-09,Riverside,065,2383286,315577,308678,14933,323611,4562
2021-08-09,Sacramento,067,1510023,124590,120812,2392,123204,1748
2021-08-09,San Benito,069,59416,6432,6359,120,6479,63
2021-08-09,San Bernardino,071,2135413,313057,308038,9644,317682,5295
2021-08-09,San Diego,073,3302833,312378,306855,17988,324843,3811
2021-08-09,San Francisco,075,870044,44617,43261,1772,45033,564
2021-08-09,San Joaquin,077,732212,80938,79198,4126,83324,1469
2021-08-09,San Luis Obispo,079,281455,23403,22695,871,23566,264
2021-08-09,San Mateo,081,765935,47134,46040,668,46708,548
2021-08-09,Santa Barbara,083,443738,37204,36474,1276,37750,470
2021-08-09,Santa Clara,085,1922200,128353,125791,917,126708,2187
2021-08-09,Santa Cruz,087,273765,17488,17082,870,17952,209
2021-08-09,Shasta,089,179085,13838,13397,1862,15259,210
2021-08-09,Sierra,091,2930,83,75,12,87,0
2021-08-09,Siskiyou,093,43540,2206,2047,500,2547,32
2021-08-09,Solano,095,438530,38112,36653,839,37492,262
2021-08-09,Sonoma,097,501317,35115,33933,411,34344,333
2021-08-09,Stanislaus,099,539301,61618,60410,6668,67078,1037
2021-08-09,Sutter,101,95872,10708,10525,112,10637,129
2021-08-09,Tehama,103,63373,5528,5373,655,6028,66
2021-08-09,Trinity,105,12862,544,378,127,505,3
2021-08-09,Tulare,107,460477,52603,51274,10215,61489,854
2021-08-09,Tuolumne,109,53932,4886,4745,48,4793,64
2021-08-09,Ventura,111,848112,87068,85514,3676,89190,1047
2021-08-09,Yolo,113,214977,15982,15521,605,16126,218
2021-08-09,Yuba,115,75493,7166,6994,167,7161,50
2021-08-08,Alameda,001,1643700,101711,99135,2282,101417,1276
2021-08-08,Alpine,003,1148,90,91,0,91,0
2021-08-08,Amador,005,37829,4195,4057,36,4093,48
2021-08-08,Butte,007,227075,14143,13791,2185,15976,205
2021-08-08,Calaveras,009,45235,2528,2462,15,2477,57
2021-08-08,Colusa,011,21464,2129,2070,395,2465,16
2021-08-08,Contra Costa,013,1133247,81859,79454,1601,81055,840
2021-08-08,Del Norte,015,27424,1973,1810,16,1826,8
2021-08-08,El Dorado,017,186661,12056,11631,998,12629,117
2021-08-08,Fresno,019,978130,109459,107078,9486,116564,1747
2021-08-08,Glenn,021,27897,2583,2527,618,3145,20
2021-08-08,Humboldt,023,135768,5877,5571,102,5673,52
2021-08-08,Imperial,025,180216,29687,29485,2802,32287,745
2021-08-08,Inyo,027,18085,1489,1481,14,1495,39
2021-08-08,Kern,029,883053,102431,100909,12781,113690,1359
2021-08-08,Kings,031,150075,24677,24095,1246,25341,250
2021-08-08,Lake,033,64148,4784,4636,27,4663,66
2021-08-08,Lassen,035,31185,5463,5391,127,5518,21
2021-08-08,Los Angeles,037,10098052,1297534,1279982,47243,1327225,24793
2021-08-08,Madera,039,155013,17806,17398,1105,18503,245
2021-08-08,Marin,041,260295,15514,15124,310,15434,239
2021-08-08,Mariposa,043,17540,568,538,12,550,5
2021-08-08,Mendocino,045,87422,4941,4702,124,4826,49
2021-08-08,Merced,047,269075,32927,32634,1171,33805,477
2021-08-08,Modoc,049,8938,432,419,148,567,5
2021-08-08,Mono,051,14174,1340,1336,18,1354,3
2021-08-08,Monterey,053,433212,44567,44171,2112,46283,527
2021-08-08,Napa,055,140530,10881,10668,65,10733,83
2021-08-08,Nevada,057,99092,6358,6009,219,6228,73
2021-08-08,Orange,059,3164182,274890,270532,12617,283149,5153
2021-08-08,Placer,061,380077,27521,26332,2118,28450,305
2021-08-08,Plumas,063,18699,834,803,14,817,5
2021-08-08,Riverside,065,2383286,314456,308042,14910,322952,4562
2021-08-08,Sacramento,067,1510023,123762,120109,2380,122489,1744
2021-08-08,San Benito,069,59416,6415,6350,119,6469,63
2021-08-08,San Bernardino,071,2135413,311910,307378,9614,316992,5295
2021-08-08,San Diego,073,3302833,311038,305983,17890,323873,3811
2021-08-08,San Francisco,075,870044,44357,43098,1749,44847,564
2021-08-08,San Joaquin,077,732212,80488,79002,4110,83112,1469
2021-08-08,San Luis Obispo,079,281455,23229,22668,863,23531,263
2021-08-08,San Mateo,081,765935,46944,45927,665,46592,548
2021-08-08,Santa Barbara,083,443738,37027,36417,1269,37686,470
2021-08-08,Santa Clara,085,1922200,127901,125553,912,126465,2187
2021-08-08,Santa Cruz,087,273765,17417,17035,865,17900,209
2021-08-08,Shasta,089,179085,13753,13381,1851,15232,210
2021-08-08,Sierra,091,2930,83,74,12,86,0
2021-08-08,Siskiyou,093,43540,2190,2041,495,2536,32
2021-08-08,Solano,095,438530,37860,36551,835,37386,262
2021-08-08,Sonoma,097,501317,34871,33805,410,34215,333
2021-08-08,Stanislaus,099,539301,61295,60269,6623,66892,1037
2021-08-08,Sutter,101,95872,10648,10481,111,10592,129
2021-08-08,Tehama,103,63373,5490,5359,652,6011,66
2021-08-08,Trinity,105,12862,539,378,127,505,3
2021-08-08,Tulare,107,460477,52423,51220,10155,61375,854
2021-08-08,Tuolumne,109,53932,4847,4731,48,4779,64
2021-08-08,Ventura,111,848112,86777,85382,3666,89048,1047
2021-08-08,Yolo,113,214977,15890,15477,598,16075,218
2021-08-08,Yuba,115,75493,7127,6967,167,7134,50
2021-08-07,Alameda,001,1643700,101463,98812,2276,101088,1276
2021-08-07,Alpine,003,1148,90,91,0,91,0
2021-08-07,Amador,005,37829,4178,4041,35,4076,48
2021-08-07,Butte,007,227075,14091,13714,2173,15887,205
2021-08-07,Calaveras,009,45235,2518,2446,15,2461,57
2021-08-07,Colusa,011,21464,2124,2067,386,2453,16
2021-08-07,Contra Costa,013,1133247,81563,79168,1598,80766,840
2021-08-07,Del Norte,015,27424,1941,1791,16,1807,8
2021-08-07,El Dorado,017,186661,12008,11575,991,12566,117
2021-08-07,Fresno,019,978130,109254,106861,9459,116320,1747
2021-08-07,Glenn,021,27897,2575,2515,617,3132,20
2021-08-07,Humboldt,023,135768,5827,5510,99,5609,52
2021-08-07,Imperial,025,180216,29668,29470,2802,32272,745
2021-08-07,Inyo,027,18085,1487,1476,14,1490,39
2021-08-07,Kern,029,883053,102273,100693,12726,113419,1359
2021-08-07,Kings,031,150075,24616,24048,1240,25288,250
2021-08-07,Lake,033,64148,4763,4613,27,4640,66
2021-08-07,Lassen,035,31185,5459,5386,127,5513,21
2021-08-07,Los Angeles,037,10098052,1295505,1276853,47094,1323947,24786
2021-08-07,Madera,039,155013,17771,17366,1100,18466,245
2021-08-07,Marin,041,260295,15480,15085,309,15394,239
2021-08-07,Mariposa,043,17540,565,530,12,542,5
2021-08-07,Mendocino,045,87422,4905,4690,122,4812,49
2021-08-07,Merced,047,269075,32863,32569,1168,33737,477
2021-08-07,Modoc,049,8938,432,419,148,567,5
2021-08-07,Mono,051,14174,1337,1329,18,1347,3
2021-08-07,Monterey,053,433212,44515,44124,2107,46231,527
2021-08-07,Napa,055,140530,10860,10658,64,10722,83
2021-08-07,Nevada,057,99092,6308,5967,217,6184,73
2021-08-07,Orange,059,3164182,274297,269900,12586,282486,5153
2021-08-07,Placer,061,380077,27332,26244,2110,28354,305
2021-08-07,Plumas,063,18699,829,801,14,815,5
2021-08-07,Riverside,065,2383286,313784,307326,14903,322229,4562
2021-08-07,Sacramento,067,1510023,123261,119636,2376,122012,1744
2021-08-07,San Benito,069,59416,6405,6332,119,6451,63
2021-08-07,San Bernardino,071,2135413,311321,306663,9597,316260,5295
2021-08-07,San Diego,073,3302833,310283,304974,17855,322829,3811
2021-08-07,San Francisco,075,870044,44186,42926,1731,44657,564
2021-08-07,San Joaquin,077,732212,80324,78769,4096,82865,1469
2021-08-07,San Luis Obispo,079,281455,23160,22579,862,23441,263
2021-08-07,San Mateo,081,765935,46816,45804,663,46467,548
2021-08-07,Santa Barbara,083,443738,36931,36303,1263,37566,470
2021-08-07,Santa Clara,085,1922200,127630,125196,907,126103,2188
2021-08-07,Santa Cruz,087,273765,17374,16994,863,17857,209
2021-08-07,Shasta,089,179085,13697,13361,1843,15204,210
2021-08-07,Sierra,091,2930,83,74,12,86,0
2021-08-07,Siskiyou,093,43540,2178,2039,493,2532,32
2021-08-07,Solano,095,438530,37744,36458,827,37285,262
2021-08-07,Sonoma,097,501317,34749,33716,410,34126,333
2021-08-07,Stanislaus,099,539301,61126,60093,6593,66686,1037
2021-08-07,Sutter,101,95872,10611,10447,111,10558,129
2021-08-07,Tehama,103,63373,5480,5343,647,5990,66
2021-08-07,Trinity,105,12862,535,377,126,503,3
2021-08-07,Tulare,107,460477,52336,51133,10117,61250,854
2021-08-07,Tuolumne,109,53932,4817,4721,48,4769,64
2021-08-07,Ventura,111,848112,86597,85232,3651,88883,1047
2021-08-07,Yolo,113,214977,15846,15423,591,16014,218
2021-08-07,Yuba,115,75493,7102,6937,165,7102,50
2021-08-06,Alameda,001,1643700,101134,98487,2270,100757,1275
2021-08-06,Alpine,003,1148,90,91,0,91,0
2021-08-06,Amador,005,37829,4157,4002,35,4037,48
2021-08-06,Butte,007,227075,14041,13626,2158,15784,205
2021-08-06,Calaveras,009,45235,2507,2419,15,2434,57
2021-08-06,Colusa,011,21464,2117,2045,380,2425,16
2021-08-06,Contra Costa,013,1133247,81268,78796,1592,80388,840
2021-08-06,Del Norte,015,27424,1914,1755,15,1770,8
2021-08-06,El Dorado,017,186661,11958,11498,979,12477,117
2021-08-06,Fresno,019,978130,108990,106542,9432,115974,1747
2021-08-06,Glenn,021,27897,2560,2504,614,3118,20
2021-08-06,Humboldt,023,135768,5776,5421,96,5517,52
2021-08-06,Imperial,025,180216,29657,29404,2798,32202,745
2021-08-06,Inyo,027,18085,1484,1471,14,1485,39
2021-08-06,Kern,029,883053,102096,100427,12641,113068,1359
2021-08-06,Kings,031,150075,24561,23974,1236,25210,250
2021-08-06,Lake,033,64148,4740,4557,27,4584,66
2021-08-06,Lassen,035,31185,5437,5368,127,5495,21
2021-08-06,Los Angeles,037,10098052,1293017,1273081,46942,1320023,24772
2021-08-06,Madera,039,155013,17732,17324,1091,18415,245
2021-08-06,Marin,041,260295,15447,15051,309,15360,239
2021-08-06,Mariposa,043,17540,556,511,12,523,5
2021-08-06,Mendocino,045,87422,4863,4649,121,4770,49
2021-08-06,Merced,047,269075,32803,32456,1165,33621,477
2021-08-06,Modoc,049,8938,432,419,148,567,5
2021-08-06,Mono,051,14174,1336,1328,18,1346,3
2021-08-06,Monterey,053,433212,44447,44058,2094,46152,527
2021-08-06,Napa,055,140530,10833,10620,64,10684,83
2021-08-06,Nevada,057,99092,6252,5874,217,6091,73
2021-08-06,Orange,059,3164182,273732,269077,12569,281646,5151
2021-08-06,Placer,061,380077,27209,26086,2088,28174,305
2021-08-06,Plumas,063,18699,820,795,14,809,5
2021-08-06,Riverside,065,2383286,313074,306304,14892,321196,4562
2021-08-06,Sacramento,067,1510023,122769,119169,2356,121525,1740
2021-08-06,San Benito,069,59416,6388,6315,119,6434,63
2021-08-06,San Bernardino,071,2135413,310621,305806,9588,315394,5286
2021-08-06,San Diego,073,3302833,309244,303691,17806,321497,3810
2021-08-06,San Francisco,075,870044,44029,42659,1713,44372,565
2021-08-06,San Joaquin,077,732212,80174,78405,4084,82489,1469
2021-08-06,San Luis Obispo,079,281455,23092,22472,857,23329,263
2021-08-06,San Mateo,081,765935,46663,45665,658,46323,548
2021-08-06,Santa Barbara,083,443738,36842,36208,1259,37467,470
2021-08-06,Santa Clara,085,1922200,127340,124767,901,125668,2185
2021-08-06,Santa Cruz,087,273765,17330,16924,859,17783,207
2021-08-06,Shasta,089,179085,13631,13284,1837,15121,210
2021-08-06,Sierra,091,2930,83,73,12,85,0
2021-08-06,Siskiyou,093,43540,2168,2030,489,2519,32
2021-08-06,Solano,095,438530,37634,36351,818,37169,262
2021-08-06,Sonoma,097,501317,34663,33594,409,34003,333
2021-08-06,Stanislaus,099,539301,60988,59854,6572,66426,1037
2021-08-06,Sutter,101,95872,10568,10391,111,10502,128
2021-08-06,Tehama,103,63373,5456,5325,645,5970,66
2021-08-06,Trinity,105,12862,534,371,125,496,3
2021-08-06,Tulare,107,460477,52235,51018,10070,61088,854
2021-08-06,Tuolumne,109,53932,4790,4674,48,4722,64
2021-08-06,Ventura,111,848112,86426,85046,3639,88685,1047
2021-08-06,Yolo,113,214977,15793,15299,586,15885,218
2021-08-06,Yuba,115,75493,7079,6904,165,7069,50
2021-08-05,Alameda,001,1643700,100649,98052,2265,100317,1275
2021-08-05,Alpine,003,1148,90,91,0,91,0
2021-08-05,Amador,005,37829,4137,3992,35,4027,48
2021-08-05,Butte,007,227075,13980,13564,2135,15699,206
2021-08-05,Calaveras,009,45235,2488,2397,15,2412,57
2021-08-05,Colusa,011,21464,2105,2036,376,2412,16
2021-08-05,Contra Costa,013,1133247,80840,78514,1585,80099,840
2021-08-05,Del Norte,015,27424,1887,1731,15,1746,8
2021-08-05,El Dorado,017,186661,11873,11408,969,12377,117
2021-08-05,Fresno,019,978130,108619,106219,9394,115613,1747
2021-08-05,Glenn,021,27897,2554,2494,611,3105,20
2021-08-05,Humboldt,023,135768,5702,5328,95,5423,52
2021-08-05,Imperial,025,180216,29626,29383,2794,32177,745
2021-08-05,Inyo,027,18085,1480,1468,14,1482,38
2021-08-05,Kern,029,883053,101874,100091,12556,112647,1358
2021-08-05,Kings,031,150075,24477,23906,1230,25136,249
2021-08-05,Lake,033,64148,4701,4490,25,4515,66
2021-08-05,Lassen,035,31185,5429,5344,127,5471,21
2021-08-05,Los Angeles,037,10098052,1289795,1269445,46808,1316253,24756
2021-08-05,Madera,039,155013,17691,17301,1083,18384,245
2021-08-05,Marin,041,260295,15403,15005,305,15310,239
2021-08-05,Mariposa,043,17540,545,504,11,515,5
2021-08-05,Mendocino,045,87422,4820,4597,112,4709,49
2021-08-05,Merced,047,269075,32736,32381,1154,33535,477
2021-08-05,Modoc,049,8938,431,418,148,566,5
2021-08-05,Mono,051,14174,1328,1309,18,1327,3
2021-08-05,Monterey,053,433212,44390,43992,2076,46068,527
2021-08-05,Napa,055,140530,10797,10591,62,10653,83
2021-08-05,Nevada,057,99092,6170,5778,214,5992,73
2021-08-05,Orange,059,3164182,272951,268329,12543,280872,5149
2021-08-05,Placer,061,380077,27009,25965,2061,28026,305
2021-08-05,Plumas,063,18699,811,787,14,801,5
2021-08-05,Riverside,065,2383286,312157,305415,14865,320280,4562
2021-08-05,Sacramento,067,1510023,122059,118590,2343,120933,1739
2021-08-05,San Benito,069,59416,6370,6305,119,6424,63
2021-08-05,San Bernardino,071,2135413,309784,304956,9567,314523,5284
2021-08-05,San Diego,073,3302833,307972,302220,17724,319944,3806
2021-08-05,San Francisco,075,870044,43818,42301,1704,44005,564
2021-08-05,San Joaquin,077,732212,79812,78151,4066,82217,1468
2021-08-05,San Luis Obispo,079,281455,22977,22362,851,23213,263
2021-08-05,San Mateo,081,765935,46490,45554,656,46210,548
2021-08-05,Santa Barbara,083,443738,36735,36112,1256,37368,470
2021-08-05,Santa Clara,085,1922200,127007,124490,901,125391,2185
2021-08-05,Santa Cruz,087,273765,17286,16867,856,17723,207
2021-08-05,Shasta,089,179085,13573,13217,1829,15046,210
2021-08-05,Sierra,091,2930,78,73,12,85,0
2021-08-05,Siskiyou,093,43540,2147,2024,479,2503,32
2021-08-05,Solano,095,438530,37453,36250,811,37061,262
2021-08-05,Sonoma,097,501317,34528,33455,408,33863,330
2021-08-05,Stanislaus,099,539301,60770,59692,6533,66225,1037
2021-08-05,Sutter,101,95872,10513,10349,111,10460,127
2021-08-05,Tehama,103,63373,5438,5305,642,5947,66
2021-08-05,Trinity,105,12862,528,367,125,492,3
2021-08-05,Tulare,107,460477,52118,50889,10015,60904,854
2021-08-05,Tuolumne,109,53932,4760,4619,48,4667,64
2021-08-05,Ventura,111,848112,86175,84837,3625,88462,1047
2021-08-05,Yolo,113,214977,15726,15250,576,15826,218
2021-08-05,Yuba,115,75493,7036,6872,163,7035,50
2021-08-04,Alameda,001,1643700,100146,97477,2254,99731,1274
2021-08-04,Alpine,003,1148,90,91,0,91,0
2021-08-04,Amador,005,37829,4107,3962,34,3996,48
2021-08-04,Butte,007,227075,13912,13509,2118,15627,205
2021-08-04,Calaveras,009,45235,2463,2374,15,2389,57
2021-08-04,Colusa,011,21464,2093,2025,370,2395,16
2021-08-04,Contra Costa,013,1133247,80324,77966,1580,79546,840
2021-08-04,Del Norte,015,27424,1864,1701,15,1716,8
2021-08-04,El Dorado,017,186661,11794,11319,958,12277,117
2021-08-04,Fresno,019,978130,108251,105899,9353,115252,1747
2021-08-04,Glenn,021,27897,2546,2487,609,3096,20
2021-08-04,Humboldt,023,135768,5626,5271,94,5365,52
2021-08-04,Imperial,025,180216,29578,29375,2792,32167,745
2021-08-04,Inyo,027,18085,1479,1465,14,1479,38
2021-08-04,Kern,029,883053,101624,99868,12471,112339,1358
2021-08-04,Kings,031,150075,24405,23840,1222,25062,250
2021-08-04,Lake,033,64148,4671,4423,20,4443,65
2021-08-04,Lassen,035,31185,5421,5340,127,5467,21
2021-08-04,Los Angeles,037,10098052,1286307,1265788,46646,1312434,24737
2021-08-04,Madera,039,155013,17656,17251,1076,18327,245
2021-08-04,Marin,041,260295,15356,14950,303,15253,239
2021-08-04,Mariposa,043,17540,530,497,11,508,5
2021-08-04,Mendocino,045,87422,4796,4560,108,4668,49
2021-08-04,Merced,047,269075,32598,32274,1149,33423,476
2021-08-04,Modoc,049,8938,431,416,148,564,5
2021-08-04,Mono,051,14174,1324,1307,18,1325,3
2021-08-04,Monterey,053,433212,44325,43926,2065,45991,526
2021-08-04,Napa,055,140530,10760,10544,62,10606,82
2021-08-04,Nevada,057,99092,6106,5702,213,5915,73
2021-08-04,Orange,059,3164182,272077,267199,12504,279703,5146
2021-08-04,Placer,061,380077,26792,25688,2041,27729,305
2021-08-04,Plumas,063,18699,805,784,14,798,5
2021-08-04,Riverside,065,2383286,311232,304272,14839,319111,4562
2021-08-04,Sacramento,067,1510023,121301,117882,2317,120199,1736
2021-08-04,San Benito,069,59416,6355,6300,119,6419,63
2021-08-04,San Bernardino,071,2135413,308929,304164,9548,313712,5285
2021-08-04,San Diego,073,3302833,306459,301100,17657,318757,3805
2021-08-04,San Francisco,075,870044,43564,41913,1691,43604,562
2021-08-04,San Joaquin,077,732212,79455,77846,4054,81900,1466
2021-08-04,San Luis Obispo,079,281455,22868,22245,845,23090,262
2021-08-04,San Mateo,081,765935,46318,45392,655,46047,548
2021-08-04,Santa Barbara,083,443738,36606,36013,1248,37261,470
2021-08-04,Santa Clara,085,1922200,126616,124127,894,125021,2183
2021-08-04,Santa Cruz,087,273765,17224,16820,849,17669,208
2021-08-04,Shasta,089,179085,13522,13134,1818,14952,211
2021-08-04,Sierra,091,2930,78,73,12,85,0
2021-08-04,Siskiyou,093,43540,2127,2010,474,2484,32
2021-08-04,Solano,095,438530,37253,36025,802,36827,262
2021-08-04,Sonoma,097,501317,34356,33311,406,33717,330
2021-08-04,Stanislaus,099,539301,60546,59396,6495,65891,1037
2021-08-04,Sutter,101,95872,10476,10294,111,10405,127
2021-08-04,Tehama,103,63373,5412,5281,637,5918,66
2021-08-04,Trinity,105,12862,526,362,122,484,3
2021-08-04,Tulare,107,460477,52008,50797,9971,60768,855
2021-08-04,Tuolumne,109,53932,4735,4584,48,4632,64
2021-08-04,Ventura,111,848112,85917,84406,3603,88009,1047
2021-08-04,Yolo,113,214977,15647,15189,562,15751,215
2021-08-04,Yuba,115,75493,6996,6827,161,6988,50
2021-08-03,Alameda,001,1643700,99699,97275,2249,99524,1270
2021-08-03,Alpine,003,1148,90,91,0,91,0
2021-08-03,Amador,005,37829,4071,3953,34,3987,48
2021-08-03,Butte,007,227075,13844,13468,2103,15571,205
2021-08-03,Calaveras,009,45235,2441,2356,15,2371,57
2021-08-03,Colusa,011,21464,2080,2023,364,2387,16
2021-08-03,Contra Costa,013,1133247,79842,77739,1573,79312,836
2021-08-03,Del Norte,015,27424,1832,1691,14,1705,8
2021-08-03,El Dorado,017,186661,11703,11255,948,12203,117
2021-08-03,Fresno,019,978130,107889,105732,9321,115053,1746
2021-08-03,Glenn,021,27897,2539,2481,603,3084,20
2021-08-03,Humboldt,023,135768,5561,5199,89,5288,52
2021-08-03,Imperial,025,180216,29556,29333,2785,32118,745
2021-08-03,Inyo,027,18085,1476,1459,14,1473,38
2021-08-03,Kern,029,883053,101362,99708,12392,112100,1358
2021-08-03,Kings,031,150075,24317,23780,1215,24995,249
2021-08-03,Lake,033,64148,4615,4408,16,4424,66
2021-08-03,Lassen,035,31185,5411,5341,127,5468,21
2021-08-03,Los Angeles,037,10098052,1282564,1262678,46468,1309146,24721
2021-08-03,Madera,039,155013,17615,17220,1061,18281,245
2021-08-03,Marin,041,260295,15307,14906,300,15206,243
2021-08-03,Mariposa,043,17540,519,495,11,506,5
2021-08-03,Mendocino,045,87422,4747,4546,107,4653,49
2021-08-03,Merced,047,269075,32515,32197,1147,33344,476
2021-08-03,Modoc,049,8938,431,416,148,564,5
2021-08-03,Mono,051,14174,1319,1303,18,1321,3
2021-08-03,Monterey,053,433212,44261,43872,2052,45924,525
2021-08-03,Napa,055,140530,10717,10527,61,10588,82
2021-08-03,Nevada,057,99092,6025,5685,212,5897,73
2021-08-03,Orange,059,3164182,271338,266649,12474,279123,5146
2021-08-03,Placer,061,380077,26591,25624,2017,27641,305
2021-08-03,Plumas,063,18699,798,779,14,793,5
2021-08-03,Riverside,065,2383286,310308,303499,14812,318311,4562
2021-08-03,Sacramento,067,1510023,120556,117591,2297,119888,1732
2021-08-03,San Benito,069,59416,6340,6284,118,6402,63
2021-08-03,San Bernardino,071,2135413,308008,303386,9528,312914,5265
2021-08-03,San Diego,073,3302833,305020,300189,17547,317736,3803
2021-08-03,San Francisco,075,870044,43282,41758,1671,43429,562
2021-08-03,San Joaquin,077,732212,79106,77615,4033,81648,1461
2021-08-03,San Luis Obispo,079,281455,22728,22166,838,23004,264
2021-08-03,San Mateo,081,765935,46126,45255,650,45905,548
2021-08-03,Santa Barbara,083,443738,36487,35912,1242,37154,469
2021-08-03,Santa Clara,085,1922200,126195,123914,888,124802,2183
2021-08-03,Santa Cruz,087,273765,17158,16778,846,17624,207
2021-08-03,Shasta,089,179085,13447,13091,1807,14898,211
2021-08-03,Sierra,091,2930,78,72,12,84,0
2021-08-03,Siskiyou,093,43540,2116,1998,469,2467,32
2021-08-03,Solano,095,438530,37033,35953,790,36743,261
2021-08-03,Sonoma,097,501317,34175,33243,405,33648,330
2021-08-03,Stanislaus,099,539301,60324,59282,6476,65758,1037
2021-08-03,Sutter,101,95872,10436,10263,110,10373,127
2021-08-03,Tehama,103,63373,5387,5269,632,5901,66
2021-08-03,Trinity,105,12862,523,361,119,480,3
2021-08-03,Tulare,107,460477,51913,50729,9925,60654,854
2021-08-03,Tuolumne,109,53932,4700,4563,48,4611,64
2021-08-03,Ventura,111,848112,85673,84270,3582,87852,1046
2021-08-03,Yolo,113,214977,15555,15149,547,15696,215
2021-08-03,Yuba,115,75493,6959,6781,159,6940,50
2021-08-02,Alameda,001,1643700,99142,96954,2244,99198,1270
2021-08-02,Alpine,003,1148,90,91,0,91,0
2021-08-02,Amador,005,37829,4051,3927,34,3961,48
2021-08-02,Butte,007,227075,13764,13442,2084,15526,205
2021-08-02,Calaveras,009,45235,2416,2347,15,2362,57
2021-08-02,Colusa,011,21464,2068,2019,361,2380,16
2021-08-02,Contra Costa,013,1133247,79333,77516,1559,79075,836
2021-08-02,Del Norte,015,27424,1802,1653,14,1667,8
2021-08-02,El Dorado,017,186661,11599,11226,934,12160,116
2021-08-02,Fresno,019,978130,107543,105471,9284,114755,1744
2021-08-02,Glenn,021,27897,2531,2477,600,3077,20
2021-08-02,Humboldt,023,135768,5478,5161,87,5248,52
2021-08-02,Imperial,025,180216,29523,29302,2782,32084,743
2021-08-02,Inyo,027,18085,1470,1455,14,1469,38
2021-08-02,Kern,029,883053,101107,99556,12299,111855,1357
2021-08-02,Kings,031,150075,24247,23722,1209,24931,249
2021-08-02,Lake,033,64148,4572,4375,16,4391,66
2021-08-02,Lassen,035,31185,5388,5338,125,5463,21
2021-08-02,Los Angeles,037,10098052,1278842,1260807,46260,1307067,24705
2021-08-02,Madera,039,155013,17571,17158,1048,18206,245
2021-08-02,Marin,041,260295,15264,14859,298,15157,239
2021-08-02,Mariposa,043,17540,510,490,11,501,5
2021-08-02,Mendocino,045,87422,4707,4512,104,4616,49
2021-08-02,Merced,047,269075,32417,32163,1140,33303,474
2021-08-02,Modoc,049,8938,431,415,148,563,5
2021-08-02,Mono,051,14174,1312,1296,18,1314,3
2021-08-02,Monterey,053,433212,44201,43842,2044,45886,525
2021-08-02,Napa,055,140530,10674,10490,58,10548,82
2021-08-02,Nevada,057,99092,5954,5611,211,5822,73
2021-08-02,Orange,059,3164182,270424,266050,12428,278478,5146
2021-08-02,Placer,061,380077,26444,25516,1983,27499,306
2021-08-02,Plumas,063,18699,791,762,14,776,5
2021-08-02,Riverside,065,2383286,309370,302756,14797,317553,4562
2021-08-02,Sacramento,067,1510023,119859,117183,2276,119459,1728
2021-08-02,San Benito,069,59416,6321,6276,117,6393,63
2021-08-02,San Bernardino,071,2135413,307132,303000,9496,312496,5253
2021-08-02,San Diego,073,3302833,303540,299021,17467,316488,3798
2021-08-02,San Francisco,075,870044,42996,41553,1647,43200,562
2021-08-02,San Joaquin,077,732212,78763,77447,4007,81454,1461
2021-08-02,San Luis Obispo,079,281455,22634,22093,831,22924,261
2021-08-02,San Mateo,081,765935,45949,45154,637,45791,548
2021-08-02,Santa Barbara,083,443738,36348,35851,1236,37087,469
2021-08-02,Santa Clara,085,1922200,125725,123655,880,124535,2183
2021-08-02,Santa Cruz,087,273765,17100,16746,842,17588,207
2021-08-02,Shasta,089,179085,13385,13049,1793,14842,212
2021-08-02,Sierra,091,2930,78,71,12,83,0
2021-08-02,Siskiyou,093,43540,2105,1992,455,2447,31
2021-08-02,Solano,095,438530,36785,35852,777,36629,260
2021-08-02,Sonoma,097,501317,33949,33132,400,33532,330
2021-08-02,Stanislaus,099,539301,60105,59160,6448,65608,1037
2021-08-02,Sutter,101,95872,10390,10220,110,10330,127
2021-08-02,Tehama,103,63373,5363,5260,628,5888,66
2021-08-02,Trinity,105,12862,518,359,118,477,3
2021-08-02,Tulare,107,460477,51811,50640,9852,60492,854
2021-08-02,Tuolumne,109,53932,4633,4524,48,4572,64
2021-08-02,Ventura,111,848112,85488,84143,3559,87702,1044
2021-08-02,Yolo,113,214977,15457,15072,529,15601,215
2021-08-02,Yuba,115,75493,6917,6743,156,6899,50
2021-08-01,Alameda,001,1643700,98610,96775,2238,99013,1270
2021-08-01,Alpine,003,1148,90,91,0,91,0
2021-08-01,Amador,005,37829,4013,3923,34,3957,48
2021-08-01,Butte,007,227075,13683,13406,2067,15473,205
2021-08-01,Calaveras,009,45235,2392,2341,15,2356,57
2021-08-01,Colusa,011,21464,2057,2014,359,2373,16
2021-08-01,Contra Costa,013,1133247,78898,77360,1551,78911,836
2021-08-01,Del Norte,015,27424,1770,1642,14,1656,8
2021-08-01,El Dorado,017,186661,11498,11189,923,12112,116
2021-08-01,Fresno,019,978130,107217,105339,9238,114577,1744
2021-08-01,Glenn,021,27897,2525,2476,597,3073,20
2021-08-01,Humboldt,023,135768,5401,5118,83,5201,52
2021-08-01,Imperial,025,180216,29488,29297,2777,32074,743
2021-08-01,Inyo,027,18085,1468,1454,14,1468,38
2021-08-01,Kern,029,883053,100829,99396,12225,111621,1357
2021-08-01,Kings,031,150075,24160,23700,1204,24904,249
2021-08-01,Lake,033,64148,4493,4356,16,4372,66
2021-08-01,Lassen,035,31185,5375,5336,123,5459,21
2021-08-01,Los Angeles,037,10098052,1275155,1258461,46035,1304496,24700
2021-08-01,Madera,039,155013,17514,17146,1043,18189,245
2021-08-01,Marin,041,260295,15187,14844,297,15141,239
2021-08-01,Mariposa,043,17540,503,482,11,493,5
2021-08-01,Mendocino,045,87422,4661,4476,100,4576,49
2021-08-01,Merced,047,269075,32326,32144,1134,33278,474
2021-08-01,Modoc,049,8938,429,413,148,561,5
2021-08-01,Mono,051,14174,1309,1294,18,1312,3
2021-08-01,Monterey,053,433212,44154,43808,2031,45839,525
2021-08-01,Napa,055,140530,10626,10473,56,10529,82
2021-08-01,Nevada,057,99092,5867,5561,210,5771,73
2021-08-01,Orange,059,3164182,269610,265467,12385,277852,5146
2021-08-01,Placer,061,380077,26229,25464,1953,27417,306
2021-08-01,Plumas,063,18699,785,761,14,775,5
2021-08-01,Riverside,065,2383286,308437,302256,14779,317035,4562
2021-08-01,Sacramento,067,1510023,119123,116923,2260,119183,1727
2021-08-01,San Benito,069,59416,6304,6271,117,6388,63
2021-08-01,San Bernardino,071,2135413,306197,302542,9486,312028,5248
2021-08-01,San Diego,073,3302833,302354,298002,17402,315404,3798
2021-08-01,San Francisco,075,870044,42658,41432,1634,43066,562
2021-08-01,San Joaquin,077,732212,78396,77338,3980,81318,1461
2021-08-01,San Luis Obispo,079,281455,22531,22083,826,22909,261
2021-08-01,San Mateo,081,765935,45767,45036,629,45665,548
2021-08-01,Santa Barbara,083,443738,36224,35809,1232,37041,469
2021-08-01,Santa Clara,085,1922200,125313,123511,872,124383,2183
2021-08-01,Santa Cruz,087,273765,17021,16709,835,17544,207
2021-08-01,Shasta,089,179085,13314,13036,1784,14820,212
2021-08-01,Sierra,091,2930,76,71,12,83,0
2021-08-01,Siskiyou,093,43540,2099,1989,449,2438,31
2021-08-01,Solano,095,438530,36550,35800,768,36568,260
2021-08-01,Sonoma,097,501317,33757,33076,397,33473,330
2021-08-01,Stanislaus,099,539301,59868,59078,6416,65494,1037
2021-08-01,Sutter,101,95872,10335,10198,107,10305,127
2021-08-01,Tehama,103,63373,5346,5252,624,5876,66
2021-08-01,Trinity,105,12862,515,359,117,476,3
2021-08-01,Tulare,107,460477,51654,50600,9791,60391,854
2021-08-01,Tuolumne,109,53932,4595,4489,48,4537,64
2021-08-01,Ventura,111,848112,85258,84040,3544,87584,1044
2021-08-01,Yolo,113,214977,15385,15042,520,15562,215
2021-08-01,Yuba,115,75493,6880,6721,155,6876,50
2021-07-31,Alameda,001,1643700,98278,95279,2233,97512,1265
2021-07-31,Alpine,003,1148,90,89,0,89,0
2021-07-31,Amador,005,37829,3993,3877,34,3911,48
2021-07-31,Butte,007,227075,13650,13235,2047,15282,205
2021-07-31,Calaveras,009,45235,2383,2294,15,2309,57
2021-07-31,Colusa,011,21464,2051,2006,357,2363,16
2021-07-31,Contra Costa,013,1133247,78619,75866,1549,77415,832
2021-07-31,Del Norte,015,27424,1744,1576,14,1590,8
2021-07-31,El Dorado,017,186661,11445,11017,917,11934,116
2021-07-31,Fresno,019,978130,107058,104639,9224,113863,1744
2021-07-31,Glenn,021,27897,2520,2465,592,3057,20
2021-07-31,Humboldt,023,135768,5346,4978,82,5060,52
2021-07-31,Imperial,025,180216,29471,29164,2774,31938,743
2021-07-31,Inyo,027,18085,1465,1442,14,1456,38
2021-07-31,Kern,029,883053,100664,98903,12166,111069,1357
2021-07-31,Kings,031,150075,24107,23548,1199,24747,248
2021-07-31,Lake,033,64148,4468,4238,16,4254,66
2021-07-31,Lassen,035,31185,5368,5320,123,5443,21
2021-07-31,Los Angeles,037,10098052,1272956,1248545,45889,1294434,24691
2021-07-31,Madera,039,155013,17481,17058,1037,18095,245
2021-07-31,Marin,041,260295,15143,14701,296,14997,239
2021-07-31,Mariposa,043,17540,494,470,11,481,5
2021-07-31,Mendocino,045,87422,4636,4400,97,4497,49
2021-07-31,Merced,047,269075,32278,31959,1129,33088,474
2021-07-31,Modoc,049,8938,429,413,148,561,5
2021-07-31,Mono,051,14174,1307,1287,18,1305,3
2021-07-31,Monterey,053,433212,44114,43720,2021,45741,525
2021-07-31,Napa,055,140530,10606,10401,55,10456,82
2021-07-31,Nevada,057,99092,5828,5373,209,5582,72
2021-07-31,Orange,059,3164182,269036,263446,12366,275812,5144
2021-07-31,Placer,061,380077,26096,25104,1946,27050,306
2021-07-31,Plumas,063,18699,782,743,14,757,5
2021-07-31,Riverside,065,2383286,307821,300315,14769,315084,4554
2021-07-31,Sacramento,067,1510023,118711,115259,2254,117513,1720
2021-07-31,San Benito,069,59416,6293,6251,117,6368,63
2021-07-31,San Bernardino,071,2135413,305625,300726,9483,310209,5240
2021-07-31,San Diego,073,3302833,301681,295054,17356,312410,3798
2021-07-31,San Francisco,075,870044,42430,40412,1614,42026,562
2021-07-31,San Joaquin,077,732212,78231,76575,3967,80542,1443
2021-07-31,San Luis Obispo,079,281455,22477,21922,824,22746,260
2021-07-31,San Mateo,081,765935,45610,44622,624,45246,548
2021-07-31,Santa Barbara,083,443738,36143,35531,1231,36762,467
2021-07-31,Santa Clara,085,1922200,125058,122614,870,123484,2099
2021-07-31,Santa Cruz,087,273765,16982,16576,834,17410,207
2021-07-31,Shasta,089,179085,13277,12918,1776,14694,212
2021-07-31,Sierra,091,2930,76,68,12,80,0
2021-07-31,Siskiyou,093,43540,2090,1976,443,2419,31
2021-07-31,Solano,095,438530,36449,35340,760,36100,263
2021-07-31,Sonoma,097,501317,33631,32601,397,32998,329
2021-07-31,Stanislaus,099,539301,59709,58586,6393,64979,1035
2021-07-31,Sutter,101,95872,10301,10068,106,10174,127
2021-07-31,Tehama,103,63373,5331,5216,621,5837,66
2021-07-31,Trinity,105,12862,514,354,116,470,3
2021-07-31,Tulare,107,460477,51565,50409,9738,60147,854
2021-07-31,Tuolumne,109,53932,4556,4362,48,4410,64
2021-07-31,Ventura,111,848112,85097,83509,3527,87036,1044
2021-07-31,Yolo,113,214977,15337,14863,509,15372,215
2021-07-31,Yuba,115,75493,6857,6615,151,6766,50
2021-07-30,Alameda,001,1643700,97944,95279,2229,97508,1265
2021-07-30,Alpine,003,1148,90,89,0,89,0
2021-07-30,Amador,005,37829,3970,3877,34,3911,48
2021-07-30,Butte,007,227075,13595,13235,2034,15269,205
2021-07-30,Calaveras,009,45235,2373,2294,15,2309,57
2021-07-30,Colusa,011,21464,2047,2006,355,2361,16
2021-07-30,Contra Costa,013,1133247,78375,75866,1545,77411,832
2021-07-30,Del Norte,015,27424,1726,1576,14,1590,8
2021-07-30,El Dorado,017,186661,11411,11017,911,11928,116
2021-07-30,Fresno,019,978130,106864,104639,9212,113851,1744
2021-07-30,Glenn,021,27897,2515,2465,591,3056,20
2021-07-30,Humboldt,023,135768,5283,4978,79,5057,52
2021-07-30,Imperial,025,180216,29457,29164,2771,31935,743
2021-07-30,Inyo,027,18085,1464,1442,14,1456,38
2021-07-30,Kern,029,883053,100540,98903,12119,111022,1357
2021-07-30,Kings,031,150075,24067,23548,1195,24743,248
2021-07-30,Lake,033,64148,4440,4238,16,4254,66
2021-07-30,Lassen,035,31185,5364,5320,123,5443,21
2021-07-30,Los Angeles,037,10098052,1270634,1248545,45739,1294284,24691
2021-07-30,Madera,039,155013,17439,17058,1034,18092,245
2021-07-30,Marin,041,260295,15109,14701,296,14997,239
2021-07-30,Mariposa,043,17540,490,470,11,481,5
2021-07-30,Mendocino,045,87422,4606,4400,96,4496,49
2021-07-30,Merced,047,269075,32237,31959,1125,33084,474
2021-07-30,Modoc,049,8938,427,413,148,561,5
2021-07-30,Mono,051,14174,1302,1287,18,1305,3
2021-07-30,Monterey,053,433212,44080,43720,2012,45732,525
2021-07-30,Napa,055,140530,10584,10401,54,10455,82
2021-07-30,Nevada,057,99092,5771,5373,209,5582,72
2021-07-30,Orange,059,3164182,268410,263446,12340,275786,5144
2021-07-30,Placer,061,380077,26007,25104,1928,27032,306
2021-07-30,Plumas,063,18699,777,743,14,757,5
2021-07-30,Riverside,065,2383286,307183,300315,14759,315074,4554
2021-07-30,Sacramento,067,1510023,118260,115259,2250,117509,1720
2021-07-30,San Benito,069,59416,6286,6251,117,6368,63
2021-07-30,San Bernardino,071,2135413,305112,300726,9476,310202,5240
2021-07-30,San Diego,073,3302833,300907,295054,17298,312352,3798
2021-07-30,San Francisco,075,870044,42217,40412,1599,42011,562
2021-07-30,San Joaquin,077,732212,78077,76575,3962,80537,1443
2021-07-30,San Luis Obispo,079,281455,22439,21922,820,22742,260
2021-07-30,San Mateo,081,765935,45485,44622,611,45233,548
2021-07-30,Santa Barbara,083,443738,36074,35531,1225,36756,467
2021-07-30,Santa Clara,085,1922200,124835,122614,868,123482,2099
2021-07-30,Santa Cruz,087,273765,16956,16576,832,17408,207
2021-07-30,Shasta,089,179085,13232,12918,1776,14694,212
2021-07-30,Sierra,091,2930,75,68,12,80,0
2021-07-30,Siskiyou,093,43540,2081,1976,442,2418,31
2021-07-30,Solano,095,438530,36358,35340,744,36084,263
2021-07-30,Sonoma,097,501317,33536,32601,397,32998,329
2021-07-30,Stanislaus,099,539301,59563,58586,6373,64959,1035
2021-07-30,Sutter,101,95872,10266,10068,106,10174,127
2021-07-30,Tehama,103,63373,5320,5216,621,5837,66
2021-07-30,Trinity,105,12862,514,354,116,470,3
2021-07-30,Tulare,107,460477,51522,50409,9703,60112,854
2021-07-30,Tuolumne,109,53932,4538,4362,48,4410,64
2021-07-30,Ventura,111,848112,84933,83509,3512,87021,1044
2021-07-30,Yolo,113,214977,15276,14863,505,15368,215
2021-07-30,Yuba,115,75493,6821,6615,150,6765,50
2021-07-29,Alameda,001,1643700,97526,95279,2223,97502,1265
2021-07-29,Alpine,003,1148,90,89,0,89,0
2021-07-29,Amador,005,37829,3951,3877,34,3911,48
2021-07-29,Butte,007,227075,13548,13235,2026,15261,205
2021-07-29,Calaveras,009,45235,2358,2294,15,2309,57
2021-07-29,Colusa,011,21464,2040,2006,355,2361,16
2021-07-29,Contra Costa,013,1133247,77936,75866,1541,77407,832
2021-07-29,Del Norte,015,27424,1702,1576,14,1590,8
2021-07-29,El Dorado,017,186661,11347,11017,899,11916,116
2021-07-29,Fresno,019,978130,106599,104639,9184,113823,1744
2021-07-29,Glenn,021,27897,2505,2465,590,3055,20
2021-07-29,Humboldt,023,135768,5223,4978,77,5055,52
2021-07-29,Imperial,025,180216,29412,29164,2769,31933,743
2021-07-29,Inyo,027,18085,1460,1442,14,1456,38
2021-07-29,Kern,029,883053,100333,98903,12041,110944,1357
2021-07-29,Kings,031,150075,24021,23548,1191,24739,248
2021-07-29,Lake,033,64148,4405,4238,16,4254,66
2021-07-29,Lassen,035,31185,5356,5320,120,5440,21
2021-07-29,Los Angeles,037,10098052,1267539,1248545,45557,1294102,24691
2021-07-29,Madera,039,155013,17392,17058,1030,18088,245
2021-07-29,Marin,041,260295,15066,14701,296,14997,239
2021-07-29,Mariposa,043,17540,486,470,11,481,5
2021-07-29,Mendocino,045,87422,4583,4400,94,4494,49
2021-07-29,Merced,047,269075,32182,31959,1125,33084,474
2021-07-29,Modoc,049,8938,427,413,148,561,5
2021-07-29,Mono,051,14174,1300,1287,18,1305,3
2021-07-29,Monterey,053,433212,44031,43720,2002,45722,525
2021-07-29,Napa,055,140530,10552,10401,52,10453,82
2021-07-29,Nevada,057,99092,5719,5373,208,5581,72
2021-07-29,Orange,059,3164182,267698,263446,12308,275754,5144
2021-07-29,Placer,061,380077,25884,25104,1913,27017,306
2021-07-29,Plumas,063,18699,769,743,14,757,5
2021-07-29,Riverside,065,2383286,306478,300315,14735,315050,4554
2021-07-29,Sacramento,067,1510023,117705,115259,2237,117496,1720
2021-07-29,San Benito,069,59416,6275,6251,117,6368,63
2021-07-29,San Bernardino,071,2135413,304475,300726,9466,310192,5240
2021-07-29,San Diego,073,3302833,299850,295054,17230,312284,3798
2021-07-29,San Francisco,075,870044,41969,40412,1578,41990,562
2021-07-29,San Joaquin,077,732212,77821,76575,3954,80529,1443
2021-07-29,San Luis Obispo,079,281455,22385,21922,818,22740,260
2021-07-29,San Mateo,081,765935,45358,44622,601,45223,548
2021-07-29,Santa Barbara,083,443738,35988,35531,1224,36755,467
2021-07-29,Santa Clara,085,1922200,124538,122614,865,123479,2099
2021-07-29,Santa Cruz,087,273765,16903,16576,830,17406,207
2021-07-29,Shasta,089,179085,13178,12918,1767,14685,212
2021-07-29,Sierra,091,2930,75,68,12,80,0
2021-07-29,Siskiyou,093,43540,2076,1976,440,2416,31
2021-07-29,Solano,095,438530,36198,35340,734,36074,263
2021-07-29,Sonoma,097,501317,33362,32601,395,32996,329
2021-07-29,Stanislaus,099,539301,59391,58586,6358,64944,1035
2021-07-29,Sutter,101,95872,10220,10068,105,10173,127
2021-07-29,Tehama,103,63373,5308,5216,615,5831,66
2021-07-29,Trinity,105,12862,512,354,115,469,3
2021-07-29,Tulare,107,460477,51432,50409,9663,60072,854
2021-07-29,Tuolumne,109,53932,4498,4362,47,4409,64
2021-07-29,Ventura,111,848112,84767,83509,3505,87014,1044
2021-07-29,Yolo,113,214977,15207,14863,491,15354,215
2021-07-29,Yuba,115,75493,6772,6615,147,6762,50
2021-07-28,Alameda,001,1643700,97059,94965,2216,97181,1262
2021-07-28,Alpine,003,1148,90,89,0,89,0
2021-07-28,Amador,005,37829,3937,3870,34,3904,48
2021-07-28,Butte,007,227075,13491,13184,2013,15197,205
2021-07-28,Calaveras,009,45235,2337,2289,15,2304,57
2021-07-28,Colusa,011,21464,2037,2001,354,2355,16
2021-07-28,Contra Costa,013,1133247,77449,75487,1533,77020,832
2021-07-28,Del Norte,015,27424,1669,1545,14,1559,8
2021-07-28,El Dorado,017,186661,11298,10967,890,11857,116
2021-07-28,Fresno,019,978130,106351,104458,9163,113621,1744
2021-07-28,Glenn,021,27897,2502,2464,587,3051,20
2021-07-28,Humboldt,023,135768,5172,4946,76,5022,52
2021-07-28,Imperial,025,180216,29365,29096,2769,31865,743
2021-07-28,Inyo,027,18085,1454,1439,13,1452,38
2021-07-28,Kern,029,883053,100177,98781,11995,110776,1352
2021-07-28,Kings,031,150075,23957,23503,1181,24684,248
2021-07-28,Lake,033,64148,4359,4191,15,4206,65
2021-07-28,Lassen,035,31185,5348,5318,120,5438,21
2021-07-28,Los Angeles,037,10098052,1264364,1245485,45371,1290856,24673
2021-07-28,Madera,039,155013,17351,17024,1024,18048,245
2021-07-28,Marin,041,260295,15011,14652,296,14948,239
2021-07-28,Mariposa,043,17540,479,469,11,480,5
2021-07-28,Mendocino,045,87422,4555,4377,94,4471,49
2021-07-28,Merced,047,269075,32126,31886,1121,33007,474
2021-07-28,Modoc,049,8938,425,413,148,561,5
2021-07-28,Mono,051,14174,1299,1286,18,1304,3
2021-07-28,Monterey,053,433212,43984,43668,1993,45661,524
2021-07-28,Napa,055,140530,10512,10376,50,10426,82
2021-07-28,Nevada,057,99092,5665,5320,208,5528,72
2021-07-28,Orange,059,3164182,266906,262735,12278,275013,5143
2021-07-28,Placer,061,380077,25737,24978,1897,26875,306
2021-07-28,Plumas,063,18699,764,754,14,768,5
2021-07-28,Riverside,065,2383286,305711,299611,14716,314327,4554
2021-07-28,Sacramento,067,1510023,117054,114665,2217,116882,1714
2021-07-28,San Benito,069,59416,6264,6236,117,6353,63
2021-07-28,San Bernardino,071,2135413,303854,300121,9454,309575,5236
2021-07-28,San Diego,073,3302833,298577,294176,17157,311333,3798
2021-07-28,San Francisco,075,870044,41666,40144,1552,41696,561
2021-07-28,San Joaquin,077,732212,77570,76312,3924,80236,1443
2021-07-28,San Luis Obispo,079,281455,22326,21865,817,22682,260
2021-07-28,San Mateo,081,765935,45208,44477,592,45069,547
2021-07-28,Santa Barbara,083,443738,35913,35431,1219,36650,467
2021-07-28,Santa Clara,085,1922200,124277,122345,863,123208,2099
2021-07-28,Santa Cruz,087,273765,16865,16551,829,17380,207
2021-07-28,Shasta,089,179085,13133,12882,1757,14639,212
2021-07-28,Sierra,091,2930,71,67,12,79,0
2021-07-28,Siskiyou,093,43540,2067,1971,437,2408,31
2021-07-28,Solano,095,438530,36024,35204,727,35931,262
2021-07-28,Sonoma,097,501317,33219,32434,392,32826,328
2021-07-28,Stanislaus,099,539301,59194,58427,6342,64769,1035
2021-07-28,Sutter,101,95872,10188,10033,104,10137,126
2021-07-28,Tehama,103,63373,5296,5209,612,5821,66
2021-07-28,Trinity,105,12862,511,352,115,467,3
2021-07-28,Tulare,107,460477,51344,50363,9616,59979,854
2021-07-28,Tuolumne,109,53932,4459,4313,47,4360,64
2021-07-28,Ventura,111,848112,84571,83360,3489,86849,1043
2021-07-28,Yolo,113,214977,15135,14801,482,15283,215
2021-07-28,Yuba,115,75493,6739,6591,146,6737,51
2021-07-27,Alameda,001,1643700,96655,94682,2207,96889,1256
2021-07-27,Alpine,003,1148,90,89,0,89,0
2021-07-27,Amador,005,37829,3921,3861,34,3895,48
2021-07-27,Butte,007,227075,13443,13127,2002,15129,205
2021-07-27,Calaveras,009,45235,2326,2280,15,2295,57
2021-07-27,Colusa,011,21464,2028,1999,353,2352,16
2021-07-27,Contra Costa,013,1133247,76964,75227,1529,76756,830
2021-07-27,Del Norte,015,27424,1649,1538,14,1552,8
2021-07-27,El Dorado,017,186661,11238,10941,880,11821,116
2021-07-27,Fresno,019,978130,106058,104288,9140,113428,1746
2021-07-27,Glenn,021,27897,2494,2460,585,3045,20
2021-07-27,Humboldt,023,135768,5118,4925,75,5000,52
2021-07-27,Imperial,025,180216,29320,29048,2768,31816,743
2021-07-27,Inyo,027,18085,1452,1430,13,1443,38
2021-07-27,Kern,029,883053,100007,98724,11939,110663,1352
2021-07-27,Kings,031,150075,23900,23463,1171,24634,248
2021-07-27,Lake,033,64148,4320,4157,15,4172,65
2021-07-27,Lassen,035,31185,5342,5315,120,5435,21
2021-07-27,Los Angeles,037,10098052,1260902,1243336,45162,1288498,24658
2021-07-27,Madera,039,155013,17298,16998,1018,18016,245
2021-07-27,Marin,041,260295,14963,14631,293,14924,239
2021-07-27,Mariposa,043,17540,476,468,11,479,5
2021-07-27,Mendocino,045,87422,4532,4371,94,4465,49
2021-07-27,Merced,047,269075,32059,31825,1118,32943,473
2021-07-27,Modoc,049,8938,424,413,148,561,5
2021-07-27,Mono,051,14174,1295,1288,18,1306,3
2021-07-27,Monterey,053,433212,43944,43646,1982,45628,523
2021-07-27,Napa,055,140530,10482,10354,50,10404,82
2021-07-27,Nevada,057,99092,5588,5305,206,5511,72
2021-07-27,Orange,059,3164182,266162,262193,12252,274445,5143
2021-07-27,Placer,061,380077,25578,24916,1871,26787,306
2021-07-27,Plumas,063,18699,761,752,14,766,5
2021-07-27,Riverside,065,2383286,304982,299160,14697,313857,4554
2021-07-27,Sacramento,067,1510023,116451,114413,2208,116621,1710
2021-07-27,San Benito,069,59416,6255,6229,117,6346,63
2021-07-27,San Bernardino,071,2135413,303167,299593,9432,309025,5236
2021-07-27,San Diego,073,3302833,297488,293408,17078,310486,3798
2021-07-27,San Francisco,075,870044,41310,39939,1534,41473,561
2021-07-27,San Joaquin,077,732212,77307,76166,3905,80071,1442
2021-07-27,San Luis Obispo,079,281455,22271,21803,808,22611,260
2021-07-27,San Mateo,081,765935,45057,44378,589,44967,547
2021-07-27,Santa Barbara,083,443738,35818,35355,1217,36572,467
2021-07-27,Santa Clara,085,1922200,123983,122154,861,123015,2099
2021-07-27,Santa Cruz,087,273765,16819,16523,828,17351,207
2021-07-27,Shasta,089,179085,13083,12846,1744,14590,212
2021-07-27,Sierra,091,2930,71,65,12,77,0
2021-07-27,Siskiyou,093,43540,2062,1964,434,2398,31
2021-07-27,Solano,095,438530,35892,35093,717,35810,261
2021-07-27,Sonoma,097,501317,33075,32367,390,32757,328
2021-07-27,Stanislaus,099,539301,59026,58333,6314,64647,1033
2021-07-27,Sutter,101,95872,10147,9998,104,10102,115
2021-07-27,Tehama,103,63373,5275,5192,610,5802,66
2021-07-27,Trinity,105,12862,510,351,115,466,3
2021-07-27,Tulare,107,460477,51278,50324,9585,59909,854
2021-07-27,Tuolumne,109,53932,4407,4282,47,4329,64
2021-07-27,Ventura,111,848112,84363,83189,3477,86666,1043
2021-07-27,Yolo,113,214977,15061,14759,476,15235,215
2021-07-27,Yuba,115,75493,6717,6564,144,6708,51
2021-07-26,Alameda,001,1643700,96210,94436,2203,96639,1259
2021-07-26,Alpine,003,1148,90,89,0,89,0
2021-07-26,Amador,005,37829,3911,3854,34,3888,48
2021-07-26,Butte,007,227075,13388,13082,1991,15073,203
2021-07-26,Calaveras,009,45235,2320,2276,15,2291,57
2021-07-26,Colusa,011,21464,2021,1996,351,2347,16
2021-07-26,Contra Costa,013,1133247,76467,74854,1522,76376,830
2021-07-26,Del Norte,015,27424,1628,1530,14,1544,8
2021-07-26,El Dorado,017,186661,11174,10899,877,11776,116
2021-07-26,Fresno,019,978130,105854,104143,9117,113260,1742
2021-07-26,Glenn,021,27897,2492,2461,584,3045,20
2021-07-26,Humboldt,023,135768,5079,4906,73,4979,52
2021-07-26,Imperial,025,180216,29280,29034,2768,31802,743
2021-07-26,Inyo,027,18085,1447,1429,13,1442,38
2021-07-26,Kern,029,883053,99841,98633,11874,110507,1351
2021-07-26,Kings,031,150075,23851,23426,1167,24593,247
2021-07-26,Lake,033,64148,4299,4133,15,4148,65
2021-07-26,Lassen,035,31185,5338,5314,120,5434,21
2021-07-26,Los Angeles,037,10098052,1257561,1241527,44991,1286518,24647
2021-07-26,Madera,039,155013,17270,16971,1011,17982,245
2021-07-26,Marin,041,260295,14906,14579,292,14871,239
2021-07-26,Mariposa,043,17540,475,467,11,478,5
2021-07-26,Mendocino,045,87422,4511,4354,94,4448,49
2021-07-26,Merced,047,269075,31968,31774,1114,32888,473
2021-07-26,Modoc,049,8938,424,413,148,561,5
2021-07-26,Mono,051,14174,1294,1286,18,1304,3
2021-07-26,Monterey,053,433212,43901,43595,1970,45565,521
2021-07-26,Napa,055,140530,10459,10332,50,10382,82
2021-07-26,Nevada,057,99092,5502,5280,206,5486,72
2021-07-26,Orange,059,3164182,265523,261803,12231,274034,5142
2021-07-26,Placer,061,380077,25442,24842,1850,26692,304
2021-07-26,Plumas,063,18699,757,750,14,764,5
2021-07-26,Riverside,065,2383286,304289,298626,14683,313309,4553
2021-07-26,Sacramento,067,1510023,115852,113986,2192,116178,1705
2021-07-26,San Benito,069,59416,6249,6222,117,6339,63
2021-07-26,San Bernardino,071,2135413,302551,299238,9420,308658,5237
2021-07-26,San Diego,073,3302833,296381,292688,16996,309684,3793
2021-07-26,San Francisco,075,870044,40949,39800,1508,41308,561
2021-07-26,San Joaquin,077,732212,77072,76033,3901,79934,1440
2021-07-26,San Luis Obispo,079,281455,22222,21752,805,22557,260
2021-07-26,San Mateo,081,765935,44909,44297,580,44877,547
2021-07-26,Santa Barbara,083,443738,35745,35311,1205,36516,467
2021-07-26,Santa Clara,085,1922200,123674,121978,852,122830,2099
2021-07-26,Santa Cruz,087,273765,16779,16493,825,17318,207
2021-07-26,Shasta,089,179085,13034,12819,1732,14551,211
2021-07-26,Sierra,091,2930,70,65,12,77,0
2021-07-26,Siskiyou,093,43540,2059,1962,432,2394,31
2021-07-26,Solano,095,438530,35737,34990,709,35699,259
2021-07-26,Sonoma,097,501317,32939,32283,388,32671,328
2021-07-26,Stanislaus,099,539301,58881,58219,6294,64513,1033
2021-07-26,Sutter,101,95872,10107,9963,101,10064,115
2021-07-26,Tehama,103,63373,5265,5183,606,5789,66
2021-07-26,Trinity,105,12862,510,351,114,465,3
2021-07-26,Tulare,107,460477,51212,50265,9554,59819,854
2021-07-26,Tuolumne,109,53932,4376,4271,47,4318,64
2021-07-26,Ventura,111,848112,84190,83072,3462,86534,1041
2021-07-26,Yolo,113,214977,15000,14727,464,15191,215
2021-07-26,Yuba,115,75493,6683,6538,142,6680,51
2021-07-25,Alameda,001,1643700,95717,94146,2197,96343,1259
2021-07-25,Alpine,003,1148,88,89,0,89,0
2021-07-25,Amador,005,37829,3896,3848,34,3882,48
2021-07-25,Butte,007,227075,13349,13074,1981,15055,203
2021-07-25,Calaveras,009,45235,2310,2275,15,2290,57
2021-07-25,Colusa,011,21464,2012,1996,347,2343,16
2021-07-25,Contra Costa,013,1133247,75982,74634,1508,76142,830
2021-07-25,Del Norte,015,27424,1607,1526,14,1540,8
2021-07-25,El Dorado,017,186661,11117,10878,873,11751,116
2021-07-25,Fresno,019,978130,105613,104019,9101,113120,1742
2021-07-25,Glenn,021,27897,2483,2461,582,3043,20
2021-07-25,Humboldt,023,135768,5020,4892,72,4964,52
2021-07-25,Imperial,025,180216,29243,29037,2768,31805,743
2021-07-25,Inyo,027,18085,1442,1427,13,1440,38
2021-07-25,Kern,029,883053,99669,98503,11803,110306,1351
2021-07-25,Kings,031,150075,23797,23396,1163,24559,247
2021-07-25,Lake,033,64148,4246,4109,14,4123,65
2021-07-25,Lassen,035,31185,5333,5314,120,5434,21
2021-07-25,Los Angeles,037,10098052,1254143,1239596,44795,1284391,24643
2021-07-25,Madera,039,155013,17233,16947,1004,17951,245
2021-07-25,Marin,041,260295,14856,14558,289,14847,239
2021-07-25,Mariposa,043,17540,472,465,11,476,5
2021-07-25,Mendocino,045,87422,4482,4335,92,4427,49
2021-07-25,Merced,047,269075,31895,31760,1112,32872,473
2021-07-25,Modoc,049,8938,424,413,148,561,5
2021-07-25,Mono,051,14174,1291,1286,18,1304,3
2021-07-25,Monterey,053,433212,43863,43590,1962,45552,521
2021-07-25,Napa,055,140530,10423,10316,49,10365,82
2021-07-25,Nevada,057,99092,5437,5256,203,5459,72
2021-07-25,Orange,059,3164182,264815,261351,12208,273559,5142
2021-07-25,Placer,061,380077,25320,24755,1829,26584,304
2021-07-25,Plumas,063,18699,755,750,14,764,5
2021-07-25,Riverside,065,2383286,303524,298181,14665,312846,4553
2021-07-25,Sacramento,067,1510023,115302,113611,2176,115787,1704
2021-07-25,San Benito,069,59416,6242,6217,117,6334,63
2021-07-25,San Bernardino,071,2135413,301890,298982,9414,308396,5237
2021-07-25,San Diego,073,3302833,295319,290626,16922,307548,3793
2021-07-25,San Francisco,075,870044,40599,39663,1482,41145,561
2021-07-25,San Joaquin,077,732212,76817,75926,3882,79808,1440
2021-07-25,San Luis Obispo,079,281455,22149,21741,802,22543,260
2021-07-25,San Mateo,081,765935,44746,44189,574,44763,547
2021-07-25,Santa Barbara,083,443738,35665,35261,1202,36463,467
2021-07-25,Santa Clara,085,1922200,123344,121800,847,122647,2099
2021-07-25,Santa Cruz,087,273765,16732,16474,824,17298,207
2021-07-25,Shasta,089,179085,12987,12815,1727,14542,211
2021-07-25,Sierra,091,2930,70,65,12,77,0
2021-07-25,Siskiyou,093,43540,2051,1963,429,2392,31
2021-07-25,Solano,095,438530,35545,34863,706,35569,259
2021-07-25,Sonoma,097,501317,32814,32202,385,32587,328
2021-07-25,Stanislaus,099,539301,58715,58154,6289,64443,1033
2021-07-25,Sutter,101,95872,10054,9937,99,10036,115
2021-07-25,Tehama,103,63373,5249,5181,605,5786,66
2021-07-25,Trinity,105,12862,508,351,112,463,3
2021-07-25,Tulare,107,460477,51137,50221,9516,59737,854
2021-07-25,Tuolumne,109,53932,4324,4267,47,4314,64
2021-07-25,Ventura,111,848112,83976,82986,3439,86425,1041
2021-07-25,Yolo,113,214977,14939,14693,450,15143,215
2021-07-25,Yuba,115,75493,6650,6519,142,6661,51
2021-07-24,Alameda,001,1643700,95437,93170,2193,95363,1259
2021-07-24,Alpine,003,1148,88,89,0,89,0
2021-07-24,Amador,005,37829,3887,3816,34,3850,48
2021-07-24,Butte,007,227075,13320,12982,1979,14961,203
2021-07-24,Calaveras,009,45235,2305,2267,15,2282,57
2021-07-24,Colusa,011,21464,2011,1992,345,2337,16
2021-07-24,Contra Costa,013,1133247,75754,73682,1505,75187,830
2021-07-24,Del Norte,015,27424,1596,1497,14,1511,8
2021-07-24,El Dorado,017,186661,11083,10773,870,11643,116
2021-07-24,Fresno,019,978130,105495,103637,9091,112728,1736
2021-07-24,Glenn,021,27897,2481,2457,582,3039,20
2021-07-24,Humboldt,023,135768,4985,4780,71,4851,52
2021-07-24,Imperial,025,180216,29223,28996,2768,31764,742
2021-07-24,Inyo,027,18085,1439,1424,13,1437,38
2021-07-24,Kern,029,883053,99591,98261,11781,110042,1350
2021-07-24,Kings,031,150075,23766,23304,1160,24464,246
2021-07-24,Lake,033,64148,4223,3963,14,3977,64
2021-07-24,Lassen,035,31185,5332,5311,120,5431,21
2021-07-24,Los Angeles,037,10098052,1252363,1232164,44665,1276829,24623
2021-07-24,Madera,039,155013,17209,16885,1002,17887,245
2021-07-24,Marin,041,260295,14817,14454,289,14743,238
2021-07-24,Mariposa,043,17540,472,453,11,464,5
2021-07-24,Mendocino,045,87422,4457,4293,92,4385,49
2021-07-24,Merced,047,269075,31873,31661,1111,32772,473
2021-07-24,Modoc,049,8938,424,413,148,561,5
2021-07-24,Mono,051,14174,1289,1284,18,1302,3
2021-07-24,Monterey,053,433212,43838,43525,1955,45480,521
2021-07-24,Napa,055,140530,10407,10230,49,10279,81
2021-07-24,Nevada,057,99092,5405,5183,203,5386,72
2021-07-24,Orange,059,3164182,264350,259973,12196,272169,5141
2021-07-24,Placer,061,380077,25237,24530,1824,26354,303
2021-07-24,Plumas,063,18699,754,737,14,751,4
2021-07-24,Riverside,065,2383286,303056,296912,14655,311567,4552
2021-07-24,Sacramento,067,1510023,114987,112438,2172,114610,1698
2021-07-24,San Benito,069,59416,6238,6200,116,6316,63
2021-07-24,San Bernardino,071,2135413,301500,297899,9405,307304,5236
2021-07-24,San Diego,073,3302833,294853,289368,16894,306262,3788
2021-07-24,San Francisco,075,870044,40425,38954,1466,40420,561
2021-07-24,San Joaquin,077,732212,76689,75461,3871,79332,1436
2021-07-24,San Luis Obispo,079,281455,22118,21616,800,22416,260
2021-07-24,San Mateo,081,765935,44629,43880,568,44448,542
2021-07-24,Santa Barbara,083,443738,35606,35071,1198,36269,465
2021-07-24,Santa Clara,085,1922200,123132,121092,846,121938,2099
2021-07-24,Santa Cruz,087,273765,16709,16416,824,17240,207
2021-07-24,Shasta,089,179085,12959,12759,1724,14483,211
2021-07-24,Sierra,091,2930,69,64,12,76,0
2021-07-24,Siskiyou,093,43540,2051,1951,429,2380,31
2021-07-24,Solano,095,438530,35453,34499,697,35196,259
2021-07-24,Sonoma,097,501317,32689,31928,383,32311,327
2021-07-24,Stanislaus,099,539301,58623,57879,6279,64158,1030
2021-07-24,Sutter,101,95872,10027,9890,99,9989,115
2021-07-24,Tehama,103,63373,5242,5166,603,5769,65
2021-07-24,Trinity,105,12862,508,345,112,457,3
2021-07-24,Tulare,107,460477,51094,50104,9499,59603,854
2021-07-24,Tuolumne,109,53932,4298,4216,47,4263,64
2021-07-24,Ventura,111,848112,83849,82687,3422,86109,1041
2021-07-24,Yolo,113,214977,14901,14557,447,15004,214
2021-07-24,Yuba,115,75493,6631,6449,142,6591,51
2021-07-23,Alameda,001,1643700,95184,93170,2188,95358,1259
2021-07-23,Alpine,003,1148,88,89,0,89,0
2021-07-23,Amador,005,37829,3880,3816,34,3850,48
2021-07-23,Butte,007,227075,13291,12982,1971,14953,203
2021-07-23,Calaveras,009,45235,2295,2267,15,2282,57
2021-07-23,Colusa,011,21464,2010,1992,345,2337,16
2021-07-23,Contra Costa,013,1133247,75494,73682,1495,75177,830
2021-07-23,Del Norte,015,27424,1588,1497,14,1511,8
2021-07-23,El Dorado,017,186661,11054,10773,866,11639,116
2021-07-23,Fresno,019,978130,105363,103637,9081,112718,1736
2021-07-23,Glenn,021,27897,2479,2457,579,3036,20
2021-07-23,Humboldt,023,135768,4963,4780,68,4848,52
2021-07-23,Imperial,025,180216,29211,28996,2768,31764,742
2021-07-23,Inyo,027,18085,1436,1424,13,1437,38
2021-07-23,Kern,029,883053,99509,98261,11755,110016,1350
2021-07-23,Kings,031,150075,23735,23304,1157,24461,246
2021-07-23,Lake,033,64148,4194,3963,14,3977,64
2021-07-23,Lassen,035,31185,5330,5311,120,5431,21
2021-07-23,Los Angeles,037,10098052,1250426,1232164,44556,1276720,24623
2021-07-23,Madera,039,155013,17179,16885,997,17882,245
2021-07-23,Marin,041,260295,14780,14454,287,14741,238
2021-07-23,Mariposa,043,17540,469,453,11,464,5
2021-07-23,Mendocino,045,87422,4444,4293,92,4385,49
2021-07-23,Merced,047,269075,31848,31661,1111,32772,473
2021-07-23,Modoc,049,8938,424,413,148,561,5
2021-07-23,Mono,051,14174,1288,1284,18,1302,3
2021-07-23,Monterey,053,433212,43812,43525,1955,45480,521
2021-07-23,Napa,055,140530,10386,10230,49,10279,81
2021-07-23,Nevada,057,99092,5361,5183,203,5386,72
2021-07-23,Orange,059,3164182,263900,259973,12173,272146,5141
2021-07-23,Placer,061,380077,25157,24530,1808,26338,303
2021-07-23,Plumas,063,18699,752,737,14,751,4
2021-07-23,Riverside,065,2383286,302590,296912,14643,311555,4552
2021-07-23,Sacramento,067,1510023,114633,112438,2170,114608,1698
2021-07-23,San Benito,069,59416,6232,6200,116,6316,63
2021-07-23,San Bernardino,071,2135413,301118,297899,9396,307295,5236
2021-07-23,San Diego,073,3302833,294246,289368,16846,306214,3788
2021-07-23,San Francisco,075,870044,40238,38954,1453,40407,561
2021-07-23,San Joaquin,077,732212,76585,75461,3856,79317,1436
2021-07-23,San Luis Obispo,079,281455,22079,21616,800,22416,260
2021-07-23,San Mateo,081,765935,44526,43880,563,44443,542
2021-07-23,Santa Barbara,083,443738,35541,35071,1197,36268,465
2021-07-23,Santa Clara,085,1922200,122913,121092,843,121935,2099
2021-07-23,Santa Cruz,087,273765,16684,16416,824,17240,207
2021-07-23,Shasta,089,179085,12932,12759,1721,14480,211
2021-07-23,Sierra,091,2930,69,64,12,76,0
2021-07-23,Siskiyou,093,43540,2049,1951,429,2380,31
2021-07-23,Solano,095,438530,35361,34499,693,35192,259
2021-07-23,Sonoma,097,501317,32594,31928,382,32310,327
2021-07-23,Stanislaus,099,539301,58547,57879,6270,64149,1030
2021-07-23,Sutter,101,95872,9998,9890,99,9989,115
2021-07-23,Tehama,103,63373,5233,5166,603,5769,65
2021-07-23,Trinity,105,12862,507,345,111,456,3
2021-07-23,Tulare,107,460477,51048,50104,9474,59578,854
2021-07-23,Tuolumne,109,53932,4276,4216,47,4263,64
2021-07-23,Ventura,111,848112,83687,82687,3404,86091,1041
2021-07-23,Yolo,113,214977,14864,14557,440,14997,214
2021-07-23,Yuba,115,75493,6605,6449,141,6590,51
2021-07-22,Alameda,001,1643700,94830,93170,2184,95354,1259
2021-07-22,Alpine,003,1148,88,89,0,89,0
2021-07-22,Amador,005,37829,3871,3816,34,3850,48
2021-07-22,Butte,007,227075,13257,12982,1962,14944,203
2021-07-22,Calaveras,009,45235,2285,2267,15,2282,57
2021-07-22,Colusa,011,21464,2008,1992,342,2334,16
2021-07-22,Contra Costa,013,1133247,75154,73682,1490,75172,830
2021-07-22,Del Norte,015,27424,1571,1497,14,1511,8
2021-07-22,El Dorado,017,186661,11019,10773,858,11631,116
2021-07-22,Fresno,019,978130,105234,103637,9071,112708,1736
2021-07-22,Glenn,021,27897,2475,2457,579,3036,20
2021-07-22,Humboldt,023,135768,4932,4780,66,4846,52
2021-07-22,Imperial,025,180216,29181,28996,2768,31764,742
2021-07-22,Inyo,027,18085,1434,1424,13,1437,38
2021-07-22,Kern,029,883053,99394,98261,11714,109975,1350
2021-07-22,Kings,031,150075,23696,23304,1155,24459,246
2021-07-22,Lake,033,64148,4143,3963,14,3977,64
2021-07-22,Lassen,035,31185,5327,5311,120,5431,21
2021-07-22,Los Angeles,037,10098052,1247997,1232164,44373,1276537,24623
2021-07-22,Madera,039,155013,17144,16885,995,17880,245
2021-07-22,Marin,041,260295,14739,14454,286,14740,238
2021-07-22,Mariposa,043,17540,462,453,11,464,5
2021-07-22,Mendocino,045,87422,4431,4293,91,4384,49
2021-07-22,Merced,047,269075,31806,31661,1109,32770,473
2021-07-22,Modoc,049,8938,424,413,148,561,5
2021-07-22,Mono,051,14174,1287,1284,18,1302,3
2021-07-22,Monterey,053,433212,43784,43525,1949,45474,521
2021-07-22,Napa,055,140530,10368,10230,49,10279,81
2021-07-22,Nevada,057,99092,5335,5183,202,5385,72
2021-07-22,Orange,059,3164182,263347,259973,12164,272137,5141
2021-07-22,Placer,061,380077,25063,24530,1797,26327,303
2021-07-22,Plumas,063,18699,751,737,14,751,4
2021-07-22,Riverside,065,2383286,302081,296912,14622,311534,4552
2021-07-22,Sacramento,067,1510023,114195,112438,2161,114599,1698
2021-07-22,San Benito,069,59416,6225,6200,116,6316,63
2021-07-22,San Bernardino,071,2135413,300715,297899,9380,307279,5236
2021-07-22,San Diego,073,3302833,293516,289368,16786,306154,3788
2021-07-22,San Francisco,075,870044,40025,38954,1441,40395,561
2021-07-22,San Joaquin,077,732212,76442,75461,3843,79304,1436
2021-07-22,San Luis Obispo,079,281455,22041,21616,796,22412,260
2021-07-22,San Mateo,081,765935,44414,43880,558,44438,542
2021-07-22,Santa Barbara,083,443738,35475,35071,1195,36266,465
2021-07-22,Santa Clara,085,1922200,122671,121092,840,121932,2099
2021-07-22,Santa Cruz,087,273765,16647,16416,823,17239,207
2021-07-22,Shasta,089,179085,12908,12759,1717,14476,211
2021-07-22,Sierra,091,2930,67,64,12,76,0
2021-07-22,Siskiyou,093,43540,2046,1951,429,2380,31
2021-07-22,Solano,095,438530,35215,34499,686,35185,259
2021-07-22,Sonoma,097,501317,32484,31928,380,32308,327
2021-07-22,Stanislaus,099,539301,58419,57879,6258,64137,1030
2021-07-22,Sutter,101,95872,9977,9890,99,9989,115
2021-07-22,Tehama,103,63373,5227,5166,603,5769,65
2021-07-22,Trinity,105,12862,507,345,111,456,3
2021-07-22,Tulare,107,460477,51005,50104,9446,59550,854
2021-07-22,Tuolumne,109,53932,4264,4216,47,4263,64
2021-07-22,Ventura,111,848112,83553,82687,3391,86078,1041
2021-07-22,Yolo,113,214977,14826,14557,439,14996,214
2021-07-22,Yuba,115,75493,6574,6449,138,6587,51
2021-07-21,Alameda,001,1643700,94509,92840,2181,95021,1256
2021-07-21,Alpine,003,1148,88,89,0,89,0
2021-07-21,Amador,005,37829,3858,3813,34,3847,48
2021-07-21,Butte,007,227075,13216,12939,1957,14896,203
2021-07-21,Calaveras,009,45235,2281,2257,15,2272,57
2021-07-21,Colusa,011,21464,2004,1988,341,2329,16
2021-07-21,Contra Costa,013,1133247,74890,73320,1481,74801,827
2021-07-21,Del Norte,015,27424,1561,1492,14,1506,8
2021-07-21,El Dorado,017,186661,10983,10742,854,11596,116
2021-07-21,Fresno,019,978130,105086,103504,9062,112566,1736
2021-07-21,Glenn,021,27897,2473,2455,578,3033,20
2021-07-21,Humboldt,023,135768,4900,4763,64,4827,52
2021-07-21,Imperial,025,180216,29169,28964,2765,31729,742
2021-07-21,Inyo,027,18085,1434,1423,13,1436,38
2021-07-21,Kern,029,883053,99276,98152,11673,109825,1350
2021-07-21,Kings,031,150075,23668,23270,1151,24421,246
2021-07-21,Lake,033,64148,4077,3896,14,3910,64
2021-07-21,Lassen,035,31185,5324,5310,120,5430,21
2021-07-21,Los Angeles,037,10098052,1245486,1229598,44236,1273834,24609
2021-07-21,Madera,039,155013,17120,16858,992,17850,245
2021-07-21,Marin,041,260295,14690,14427,286,14713,238
2021-07-21,Mariposa,043,17540,458,449,11,460,5
2021-07-21,Mendocino,045,87422,4413,4274,91,4365,49
2021-07-21,Merced,047,269075,31767,31607,1105,32712,473
2021-07-21,Modoc,049,8938,424,413,148,561,5
2021-07-21,Mono,051,14174,1284,1282,18,1300,3
2021-07-21,Monterey,053,433212,43754,43502,1945,45447,515
2021-07-21,Napa,055,140530,10342,10209,49,10258,81
2021-07-21,Nevada,057,99092,5300,5152,202,5354,72
2021-07-21,Orange,059,3164182,262794,259615,12133,271748,5139
2021-07-21,Placer,061,380077,24954,24441,1786,26227,303
2021-07-21,Plumas,063,18699,751,736,14,750,4
2021-07-21,Riverside,065,2383286,301568,296419,14605,311024,4552
2021-07-21,Sacramento,067,1510023,113773,112043,2150,114193,1696
2021-07-21,San Benito,069,59416,6215,6196,116,6312,63
2021-07-21,San Bernardino,071,2135413,300262,297519,9372,306891,5230
2021-07-21,San Diego,073,3302833,292666,288682,16723,305405,3787
2021-07-21,San Francisco,075,870044,39800,38699,1436,40135,559
2021-07-21,San Joaquin,077,732212,76253,75288,3831,79119,1434
2021-07-21,San Luis Obispo,079,281455,22004,21579,793,22372,260
2021-07-21,San Mateo,081,765935,44322,43755,554,44309,542
2021-07-21,Santa Barbara,083,443738,35416,34998,1179,36177,465
2021-07-21,Santa Clara,085,1922200,122461,120838,838,121676,2099
2021-07-21,Santa Cruz,087,273765,16613,16407,823,17230,207
2021-07-21,Shasta,089,179085,12875,12751,1714,14465,211
2021-07-21,Sierra,091,2930,67,64,12,76,0
2021-07-21,Siskiyou,093,43540,2044,1943,427,2370,31
2021-07-21,Solano,095,438530,35057,34374,681,35055,258
2021-07-21,Sonoma,097,501317,32368,31789,380,32169,327
2021-07-21,Stanislaus,099,539301,58317,57774,6248,64022,1028
2021-07-21,Sutter,101,95872,9953,9862,99,9961,113
2021-07-21,Tehama,103,63373,5223,5161,603,5764,65
2021-07-21,Trinity,105,12862,505,345,110,455,3
2021-07-21,Tulare,107,460477,50945,50066,9421,59487,854
2021-07-21,Tuolumne,109,53932,4227,4156,47,4203,64
2021-07-21,Ventura,111,848112,83431,82573,3379,85952,1041
2021-07-21,Yolo,113,214977,14784,14525,438,14963,213
2021-07-21,Yuba,115,75493,6546,6425,138,6563,52
2021-07-20,Alameda,001,1643700,94136,92625,2167,94792,1256
2021-07-20,Alpine,003,1148,88,89,0,89,0
2021-07-20,Amador,005,37829,3847,3807,34,3841,48
2021-07-20,Butte,007,227075,13179,12916,1952,14868,203
2021-07-20,Calaveras,009,45235,2278,2249,15,2264,57
2021-07-20,Colusa,011,21464,2004,1985,341,2326,16
2021-07-20,Contra Costa,013,1133247,74606,73143,1463,74606,825
2021-07-20,Del Norte,015,27424,1551,1490,14,1504,8
2021-07-20,El Dorado,017,186661,10943,10727,850,11577,116
2021-07-20,Fresno,019,978130,104950,103438,9043,112481,1736
2021-07-20,Glenn,021,27897,2473,2453,578,3031,20
2021-07-20,Humboldt,023,135768,4855,4735,62,4797,52
2021-07-20,Imperial,025,180216,29149,28933,2765,31698,742
2021-07-20,Inyo,027,18085,1430,1420,13,1433,36
2021-07-20,Kern,029,883053,99164,98082,11645,109727,1350
2021-07-20,Kings,031,150075,23627,23254,1147,24401,246
2021-07-20,Lake,033,64148,4052,3871,14,3885,64
2021-07-20,Lassen,035,31185,5324,5306,120,5426,21
2021-07-20,Los Angeles,037,10098052,1242691,1227404,44069,1271473,24603
2021-07-20,Madera,039,155013,17099,16856,988,17844,245
2021-07-20,Marin,041,260295,14654,14396,283,14679,234
2021-07-20,Mariposa,043,17540,456,448,11,459,5
2021-07-20,Mendocino,045,87422,4396,4259,91,4350,49
2021-07-20,Merced,047,269075,31728,31578,1098,32676,473
2021-07-20,Modoc,049,8938,424,413,148,561,5
2021-07-20,Mono,051,14174,1280,1281,18,1299,3
2021-07-20,Monterey,053,433212,43723,43481,1942,45423,515
2021-07-20,Napa,055,140530,10319,10191,49,10240,81
2021-07-20,Nevada,057,99092,5281,5148,201,5349,72
2021-07-20,Orange,059,3164182,262237,259303,12101,271404,5139
2021-07-20,Placer,061,380077,24862,24408,1763,26171,303
2021-07-20,Plumas,063,18699,749,736,14,750,4
2021-07-20,Riverside,065,2383286,301033,296118,14591,310709,4543
2021-07-20,Sacramento,067,1510023,113333,111796,2120,113916,1695
2021-07-20,San Benito,069,59416,6208,6196,116,6312,63
2021-07-20,San Bernardino,071,2135413,299852,297222,9347,306569,5231
2021-07-20,San Diego,073,3302833,291740,288209,16627,304836,3786
2021-07-20,San Francisco,075,870044,39542,38536,1425,39961,558
2021-07-20,San Joaquin,077,732212,76081,75198,3818,79016,1433
2021-07-20,San Luis Obispo,079,281455,21958,21556,792,22348,259
2021-07-20,San Mateo,081,765935,44203,43670,553,44223,542
2021-07-20,Santa Barbara,083,443738,35346,34935,1173,36108,462
2021-07-20,Santa Clara,085,1922200,122204,120704,835,121539,2098
2021-07-20,Santa Cruz,087,273765,16584,16399,823,17222,207
2021-07-20,Shasta,089,179085,12849,12734,1710,14444,211
2021-07-20,Sierra,091,2930,67,64,12,76,0
2021-07-20,Siskiyou,093,43540,2040,1931,426,2357,31
2021-07-20,Solano,095,438530,34922,34337,674,35011,258
2021-07-20,Sonoma,097,501317,32249,31763,379,32142,326
2021-07-20,Stanislaus,099,539301,58202,57706,6242,63948,1028
2021-07-20,Sutter,101,95872,9926,9854,96,9950,114
2021-07-20,Tehama,103,63373,5221,5153,603,5756,65
2021-07-20,Trinity,105,12862,503,344,109,453,3
2021-07-20,Tulare,107,460477,50903,50047,9404,59451,854
2021-07-20,Tuolumne,109,53932,4208,4156,47,4203,64
2021-07-20,Ventura,111,848112,83278,82504,3362,85866,1041
2021-07-20,Yolo,113,214977,14719,14495,435,14930,213
2021-07-20,Yuba,115,75493,6521,6393,135,6528,52
2021-07-19,Alameda,001,1643700,93761,92357,2151,94508,1256
2021-07-19,Alpine,003,1148,88,89,0,89,0
2021-07-19,Amador,005,37829,3843,3802,34,3836,48
2021-07-19,Butte,007,227075,13135,12901,1946,14847,202
2021-07-19,Calaveras,009,45235,2274,2245,15,2260,57
2021-07-19,Colusa,011,21464,2002,1981,340,2321,16
2021-07-19,Contra Costa,013,1133247,74294,72935,1443,74378,825
2021-07-19,Del Norte,015,27424,1538,1484,14,1498,8
2021-07-19,El Dorado,017,186661,10913,10703,842,11545,114
2021-07-19,Fresno,019,978130,104820,103350,9030,112380,1731
2021-07-19,Glenn,021,27897,2473,2452,577,3029,20
2021-07-19,Humboldt,023,135768,4825,4719,60,4779,52
2021-07-19,Imperial,025,180216,29122,28888,2764,31652,742
2021-07-19,Inyo,027,18085,1429,1417,13,1430,36
2021-07-19,Kern,029,883053,99050,97999,11611,109610,1349
2021-07-19,Kings,031,150075,23597,23221,1141,24362,246
2021-07-19,Lake,033,64148,4016,3848,14,3862,64
2021-07-19,Lassen,035,31185,5323,5305,120,5425,21
2021-07-19,Los Angeles,037,10098052,1240088,1225946,43878,1269824,24600
2021-07-19,Madera,039,155013,17076,16846,985,17831,244
2021-07-19,Marin,041,260295,14619,14369,280,14649,234
2021-07-19,Mariposa,043,17540,450,447,11,458,5
2021-07-19,Mendocino,045,87422,4378,4251,91,4342,49
2021-07-19,Merced,047,269075,31664,31565,1091,32656,472
2021-07-19,Modoc,049,8938,423,413,148,561,5
2021-07-19,Mono,051,14174,1278,1280,18,1298,3
2021-07-19,Monterey,053,433212,43699,43436,1941,45377,515
2021-07-19,Napa,055,140530,10294,10180,47,10227,81
2021-07-19,Nevada,057,99092,5253,5133,200,5333,72
2021-07-19,Orange,059,3164182,261714,258927,12069,270996,5138
2021-07-19,Placer,061,380077,24763,24359,1741,26100,303
2021-07-19,Plumas,063,18699,749,730,14,744,4
2021-07-19,Riverside,065,2383286,300543,295736,14553,310289,4543
2021-07-19,Sacramento,067,1510023,112969,111470,2096,113566,1696
2021-07-19,San Benito,069,59416,6205,6193,116,6309,63
2021-07-19,San Bernardino,071,2135413,299479,296929,9329,306258,5235
2021-07-19,San Diego,073,3302833,290840,287695,16522,304217,3786
2021-07-19,San Francisco,075,870044,39270,38463,1412,39875,560
2021-07-19,San Joaquin,077,732212,75916,75086,3812,78898,1431
2021-07-19,San Luis Obispo,079,281455,21913,21531,788,22319,259
2021-07-19,San Mateo,081,765935,44061,43563,544,44107,542
2021-07-19,Santa Barbara,083,443738,35274,34904,1171,36075,461
2021-07-19,Santa Clara,085,1922200,121946,120554,834,121388,2098
2021-07-19,Santa Cruz,087,273765,16568,16387,823,17210,207
2021-07-19,Shasta,089,179085,12831,12723,1708,14431,209
2021-07-19,Sierra,091,2930,66,64,12,76,0
2021-07-19,Siskiyou,093,43540,2035,1927,424,2351,31
2021-07-19,Solano,095,438530,34747,34262,663,34925,261
2021-07-19,Sonoma,097,501317,32128,31713,378,32091,325
2021-07-19,Stanislaus,099,539301,58101,57644,6232,63876,1027
2021-07-19,Sutter,101,95872,9910,9834,96,9930,114
2021-07-19,Tehama,103,63373,5215,5152,601,5753,65
2021-07-19,Trinity,105,12862,503,344,108,452,3
2021-07-19,Tulare,107,460477,50856,49994,9387,59381,855
2021-07-19,Tuolumne,109,53932,4198,4151,47,4198,64
2021-07-19,Ventura,111,848112,83182,82409,3340,85749,1041
2021-07-19,Yolo,113,214977,14687,14439,433,14872,213
2021-07-19,Yuba,115,75493,6497,6370,135,6505,52
2021-07-18,Alameda,001,1643700,93404,92162,2138,94300,1256
2021-07-18,Alpine,003,1148,88,89,0,89,0
2021-07-18,Amador,005,37829,3832,3799,34,3833,48
2021-07-18,Butte,007,227075,13092,12888,1941,14829,202
2021-07-18,Calaveras,009,45235,2271,2243,15,2258,57
2021-07-18,Colusa,011,21464,2002,1981,339,2320,16
2021-07-18,Contra Costa,013,1133247,73978,72849,1425,74274,825
2021-07-18,Del Norte,015,27424,1529,1482,14,1496,8
2021-07-18,El Dorado,017,186661,10875,10687,834,11521,114
2021-07-18,Fresno,019,978130,104666,103298,9012,112310,1731
2021-07-18,Glenn,021,27897,2472,2452,576,3028,20
2021-07-18,Humboldt,023,135768,4789,4714,60,4774,52
2021-07-18,Imperial,025,180216,29085,28877,2763,31640,742
2021-07-18,Inyo,027,18085,1425,1417,13,1430,36
2021-07-18,Kern,029,883053,98924,97963,11569,109532,1349
2021-07-18,Kings,031,150075,23576,23203,1137,24340,246
2021-07-18,Lake,033,64148,3980,3825,14,3839,64
2021-07-18,Lassen,035,31185,5323,5305,120,5425,21
2021-07-18,Los Angeles,037,10098052,1237398,1224691,43687,1268378,24598
2021-07-18,Madera,039,155013,17051,16838,981,17819,244
2021-07-18,Marin,041,260295,14583,14358,278,14636,234
2021-07-18,Mariposa,043,17540,449,447,11,458,5
2021-07-18,Mendocino,045,87422,4357,4246,91,4337,49
2021-07-18,Merced,047,269075,31633,31537,1089,32626,471
2021-07-18,Modoc,049,8938,423,413,148,561,5
2021-07-18,Mono,051,14174,1277,1280,18,1298,3
2021-07-18,Monterey,053,433212,43681,43422,1932,45354,515
2021-07-18,Napa,055,140530,10277,10174,44,10218,81
2021-07-18,Nevada,057,99092,5227,5124,200,5324,72
2021-07-18,Orange,059,3164182,261229,258724,12039,270763,5138
2021-07-18,Placer,061,380077,24696,24313,1714,26027,303
2021-07-18,Plumas,063,18699,749,730,14,744,4
2021-07-18,Riverside,065,2383286,300051,295522,14511,310033,4543
2021-07-18,Sacramento,067,1510023,112538,111255,2064,113319,1696
2021-07-18,San Benito,069,59416,6197,6191,116,6307,63
2021-07-18,San Bernardino,071,2135413,299005,296739,9314,306053,5233
2021-07-18,San Diego,073,3302833,290024,286287,16438,302725,3786
2021-07-18,San Francisco,075,870044,39035,38367,1401,39768,560
2021-07-18,San Joaquin,077,732212,75739,74997,3799,78796,1431
2021-07-18,San Luis Obispo,079,281455,21878,21527,785,22312,259
2021-07-18,San Mateo,081,765935,43948,43506,538,44044,542
2021-07-18,Santa Barbara,083,443738,35209,34880,1169,36049,461
2021-07-18,Santa Clara,085,1922200,121732,120438,827,121265,2098
2021-07-18,Santa Cruz,087,273765,16536,16372,822,17194,207
2021-07-18,Shasta,089,179085,12806,12714,1704,14418,209
2021-07-18,Sierra,091,2930,66,64,12,76,0
2021-07-18,Siskiyou,093,43540,2029,1927,419,2346,31
2021-07-18,Solano,095,438530,34619,34215,659,34874,261
2021-07-18,Sonoma,097,501317,32023,31675,377,32052,325
2021-07-18,Stanislaus,099,539301,57990,57600,6207,63807,1028
2021-07-18,Sutter,101,95872,9878,9826,96,9922,114
2021-07-18,Tehama,103,63373,5212,5150,600,5750,65
2021-07-18,Trinity,105,12862,503,344,108,452,3
2021-07-18,Tulare,107,460477,50803,49985,9364,59349,855
2021-07-18,Tuolumne,109,53932,4180,4149,47,4196,64
2021-07-18,Ventura,111,848112,83068,82361,3316,85677,1041
2021-07-18,Yolo,113,214977,14628,14425,427,14852,213
2021-07-18,Yuba,115,75493,6456,6357,135,6492,52
2021-07-17,Alameda,001,1643700,93187,91346,2126,93472,1255
2021-07-17,Alpine,003,1148,88,89,0,89,0
2021-07-17,Amador,005,37829,3823,3785,34,3819,48
2021-07-17,Butte,007,227075,13078,12824,1936,14760,202
2021-07-17,Calaveras,009,45235,2265,2237,15,2252,57
2021-07-17,Colusa,011,21464,1999,1976,339,2315,16
2021-07-17,Contra Costa,013,1133247,73796,72254,1412,73666,824
2021-07-17,Del Norte,015,27424,1521,1475,14,1489,8
2021-07-17,El Dorado,017,186661,10848,10622,830,11452,114
2021-07-17,Fresno,019,978130,104593,103055,8998,112053,1730
2021-07-17,Glenn,021,27897,2471,2451,576,3027,20
2021-07-17,Humboldt,023,135768,4776,4654,59,4713,52
2021-07-17,Imperial,025,180216,29069,28840,2763,31603,742
2021-07-17,Inyo,027,18085,1425,1416,13,1429,36
2021-07-17,Kern,029,883053,98867,97796,11532,109328,1348
2021-07-17,Kings,031,150075,23556,23163,1136,24299,246
2021-07-17,Lake,033,64148,3955,3760,14,3774,64
2021-07-17,Lassen,035,31185,5323,5302,120,5422,21
2021-07-17,Los Angeles,037,10098052,1235869,1219733,43544,1263277,24582
2021-07-17,Madera,039,155013,17043,16804,981,17785,240
2021-07-17,Marin,041,260295,14565,14297,276,14573,234
2021-07-17,Mariposa,043,17540,449,445,11,456,5
2021-07-17,Mendocino,045,87422,4345,4209,91,4300,49
2021-07-17,Merced,047,269075,31612,31451,1085,32536,471
2021-07-17,Modoc,049,8938,423,412,148,560,5
2021-07-17,Mono,051,14174,1275,1277,18,1295,3
2021-07-17,Monterey,053,433212,43658,43367,1927,45294,515
2021-07-17,Napa,055,140530,10261,10129,44,10173,81
2021-07-17,Nevada,057,99092,5212,5066,200,5266,72
2021-07-17,Orange,059,3164182,260922,257805,12000,269805,5136
2021-07-17,Placer,061,380077,24629,24169,1700,25869,303
2021-07-17,Plumas,063,18699,744,721,14,735,4
2021-07-17,Riverside,065,2383286,299744,294751,14479,309230,4542
2021-07-17,Sacramento,067,1510023,112303,110432,2042,112474,1694
2021-07-17,San Benito,069,59416,6191,6181,116,6297,63
2021-07-17,San Bernardino,071,2135413,298769,296048,9295,305343,5218
2021-07-17,San Diego,073,3302833,289617,285698,16370,302068,3786
2021-07-17,San Francisco,075,870044,38913,37978,1397,39375,560
2021-07-17,San Joaquin,077,732212,75652,74695,3793,78488,1430
2021-07-17,San Luis Obispo,079,281455,21851,21462,785,22247,258
2021-07-17,San Mateo,081,765935,43877,43324,537,43861,542
2021-07-17,Santa Barbara,083,443738,35168,34769,1166,35935,461
2021-07-17,Santa Clara,085,1922200,121560,119980,824,120804,2097
2021-07-17,Santa Cruz,087,273765,16529,16337,822,17159,207
2021-07-17,Shasta,089,179085,12791,12683,1699,14382,210
2021-07-17,Sierra,091,2930,66,62,12,74,0
2021-07-17,Siskiyou,093,43540,2024,1922,416,2338,29
2021-07-17,Solano,095,438530,34554,34015,651,34666,263
2021-07-17,Sonoma,097,501317,31955,31536,376,31912,322
2021-07-17,Stanislaus,099,539301,57913,57400,6193,63593,1028
2021-07-17,Sutter,101,95872,9868,9778,96,9874,114
2021-07-17,Tehama,103,63373,5209,5145,600,5745,64
2021-07-17,Trinity,105,12862,502,341,108,449,3
2021-07-17,Tulare,107,460477,50782,49937,9352,59289,854
2021-07-17,Tuolumne,109,53932,4170,4131,47,4178,64
2021-07-17,Ventura,111,848112,82999,82125,3305,85430,1041
2021-07-17,Yolo,113,214977,14596,14356,420,14776,213
2021-07-17,Yuba,115,75493,6445,6309,135,6444,52
2021-07-16,Alameda,001,1643700,92947,91346,2114,93460,1255
2021-07-16,Alpine,003,1148,88,89,0,89,0
2021-07-16,Amador,005,37829,3820,3785,34,3819,48
2021-07-16,Butte,007,227075,13053,12824,1933,14757,202
2021-07-16,Calaveras,009,45235,2264,2237,15,2252,57
2021-07-16,Colusa,011,21464,1997,1976,338,2314,16
2021-07-16,Contra Costa,013,1133247,73607,72254,1408,73662,824
2021-07-16,Del Norte,015,27424,1519,1475,14,1489,8
2021-07-16,El Dorado,017,186661,10829,10622,829,11451,114
2021-07-16,Fresno,019,978130,104541,103055,8978,112033,1730
2021-07-16,Glenn,021,27897,2471,2451,576,3027,20
2021-07-16,Humboldt,023,135768,4754,4654,59,4713,52
2021-07-16,Imperial,025,180216,29057,28840,2763,31603,742
2021-07-16,Inyo,027,18085,1423,1416,13,1429,36
2021-07-16,Kern,029,883053,98805,97796,11492,109288,1348
2021-07-16,Kings,031,150075,23531,23163,1134,24297,246
2021-07-16,Lake,033,64148,3928,3760,14,3774,64
2021-07-16,Lassen,035,31185,5322,5302,120,5422,21
2021-07-16,Los Angeles,037,10098052,1234366,1219733,43399,1263132,24582
2021-07-16,Madera,039,155013,17025,16804,981,17785,240
2021-07-16,Marin,041,260295,14541,14297,273,14570,234
2021-07-16,Mariposa,043,17540,449,445,11,456,5
2021-07-16,Mendocino,045,87422,4336,4209,90,4299,49
2021-07-16,Merced,047,269075,31590,31451,1083,32534,471
2021-07-16,Modoc,049,8938,423,412,148,560,5
2021-07-16,Mono,051,14174,1274,1277,18,1295,3
2021-07-16,Monterey,053,433212,43636,43367,1926,45293,515
2021-07-16,Napa,055,140530,10237,10129,43,10172,81
2021-07-16,Nevada,057,99092,5202,5066,200,5266,72
2021-07-16,Orange,059,3164182,260650,257805,11960,269765,5136
2021-07-16,Placer,061,380077,24576,24169,1695,25864,303
2021-07-16,Plumas,063,18699,743,721,14,735,4
2021-07-16,Riverside,065,2383286,299468,294751,14453,309204,4542
2021-07-16,Sacramento,067,1510023,112086,110432,2029,112461,1694
2021-07-16,San Benito,069,59416,6189,6181,116,6297,63
2021-07-16,San Bernardino,071,2135413,298491,296048,9278,305326,5218
2021-07-16,San Diego,073,3302833,289175,285698,16323,302021,3786
2021-07-16,San Francisco,075,870044,38796,37978,1392,39370,560
2021-07-16,San Joaquin,077,732212,75557,74695,3790,78485,1430
2021-07-16,San Luis Obispo,079,281455,21834,21462,785,22247,258
2021-07-16,San Mateo,081,765935,43824,43324,536,43860,542
2021-07-16,Santa Barbara,083,443738,35130,34769,1166,35935,461
2021-07-16,Santa Clara,085,1922200,121413,119980,816,120796,2097
2021-07-16,Santa Cruz,087,273765,16516,16337,822,17159,207
2021-07-16,Shasta,089,179085,12781,12683,1698,14381,210
2021-07-16,Sierra,091,2930,66,62,12,74,0
2021-07-16,Siskiyou,093,43540,2022,1922,414,2336,29
2021-07-16,Solano,095,438530,34487,34015,643,34658,263
2021-07-16,Sonoma,097,501317,31903,31536,373,31909,322
2021-07-16,Stanislaus,099,539301,57863,57400,6183,63583,1028
2021-07-16,Sutter,101,95872,9856,9778,96,9874,114
2021-07-16,Tehama,103,63373,5207,5145,600,5745,64
2021-07-16,Trinity,105,12862,502,341,107,448,3
2021-07-16,Tulare,107,460477,50758,49937,9342,59279,854
2021-07-16,Tuolumne,109,53932,4164,4131,47,4178,64
2021-07-16,Ventura,111,848112,82934,82125,3298,85423,1041
2021-07-16,Yolo,113,214977,14570,14356,416,14772,213
2021-07-16,Yuba,115,75493,6423,6309,134,6443,52
2021-07-15,Alameda,001,1643700,92650,91346,2104,93450,1255
2021-07-15,Alpine,003,1148,88,89,0,89,0
2021-07-15,Amador,005,37829,3817,3785,34,3819,48
2021-07-15,Butte,007,227075,13027,12824,1931,14755,202
2021-07-15,Calaveras,009,45235,2261,2237,15,2252,57
2021-07-15,Colusa,011,21464,1996,1976,337,2313,16
2021-07-15,Contra Costa,013,1133247,73394,72254,1401,73655,824
2021-07-15,Del Norte,015,27424,1516,1475,14,1489,8
2021-07-15,El Dorado,017,186661,10802,10622,827,11449,114
2021-07-15,Fresno,019,978130,104444,103055,8958,112013,1730
2021-07-15,Glenn,021,27897,2471,2451,576,3027,20
2021-07-15,Humboldt,023,135768,4736,4654,58,4712,52
2021-07-15,Imperial,025,180216,29034,28840,2763,31603,742
2021-07-15,Inyo,027,18085,1423,1416,13,1429,36
2021-07-15,Kern,029,883053,98735,97796,11464,109260,1348
2021-07-15,Kings,031,150075,23493,23163,1131,24294,246
2021-07-15,Lake,033,64148,3889,3760,14,3774,64
2021-07-15,Lassen,035,31185,5321,5302,120,5422,21
2021-07-15,Los Angeles,037,10098052,1232386,1219733,43240,1262973,24582
2021-07-15,Madera,039,155013,17003,16804,977,17781,240
2021-07-15,Marin,041,260295,14516,14297,273,14570,234
2021-07-15,Mariposa,043,17540,449,445,11,456,5
2021-07-15,Mendocino,045,87422,4328,4209,89,4298,49
2021-07-15,Merced,047,269075,31560,31451,1083,32534,471
2021-07-15,Modoc,049,8938,423,412,148,560,5
2021-07-15,Mono,051,14174,1274,1277,18,1295,3
2021-07-15,Monterey,053,433212,43607,43367,1923,45290,515
2021-07-15,Napa,055,140530,10212,10129,42,10171,81
2021-07-15,Nevada,057,99092,5185,5066,199,5265,72
2021-07-15,Orange,059,3164182,260299,257805,11929,269734,5136
2021-07-15,Placer,061,380077,24516,24169,1678,25847,303
2021-07-15,Plumas,063,18699,742,721,14,735,4
2021-07-15,Riverside,065,2383286,299146,294751,14438,309189,4542
2021-07-15,Sacramento,067,1510023,111782,110432,2012,112444,1694
2021-07-15,San Benito,069,59416,6187,6181,116,6297,63
2021-07-15,San Bernardino,071,2135413,298186,296048,9263,305311,5218
2021-07-15,San Diego,073,3302833,288537,285698,16245,301943,3786
2021-07-15,San Francisco,075,870044,38644,37978,1384,39362,560
2021-07-15,San Joaquin,077,732212,75440,74695,3785,78480,1430
2021-07-15,San Luis Obispo,079,281455,21802,21462,785,22247,258
2021-07-15,San Mateo,081,765935,43720,43324,531,43855,542
2021-07-15,Santa Barbara,083,443738,35074,34769,1165,35934,461
2021-07-15,Santa Clara,085,1922200,121291,119980,813,120793,2097
2021-07-15,Santa Cruz,087,273765,16503,16337,822,17159,207
2021-07-15,Shasta,089,179085,12773,12683,1694,14377,210
2021-07-15,Sierra,091,2930,66,62,12,74,0
2021-07-15,Siskiyou,093,43540,2021,1922,414,2336,29
2021-07-15,Solano,095,438530,34412,34015,637,34652,263
2021-07-15,Sonoma,097,501317,31842,31536,373,31909,322
2021-07-15,Stanislaus,099,539301,57794,57400,6170,63570,1028
2021-07-15,Sutter,101,95872,9836,9778,95,9873,114
2021-07-15,Tehama,103,63373,5201,5145,599,5744,64
2021-07-15,Trinity,105,12862,502,341,107,448,3
2021-07-15,Tulare,107,460477,50738,49937,9325,59262,854
2021-07-15,Tuolumne,109,53932,4152,4131,47,4178,64
2021-07-15,Ventura,111,848112,82857,82125,3293,85418,1041
2021-07-15,Yolo,113,214977,14543,14356,415,14771,213
2021-07-15,Yuba,115,75493,6408,6309,133,6442,52
2021-07-14,Alameda,001,1643700,92390,91092,2087,93179,1255
2021-07-14,Alpine,003,1148,88,89,0,89,0
2021-07-14,Amador,005,37829,3809,3784,34,3818,48
2021-07-14,Butte,007,227075,13000,12813,1924,14737,202
2021-07-14,Calaveras,009,45235,2254,2234,15,2249,57
2021-07-14,Colusa,011,21464,1993,1974,337,2311,16
2021-07-14,Contra Costa,013,1133247,73166,72091,1389,73480,823
2021-07-14,Del Norte,015,27424,1515,1472,14,1486,8
2021-07-14,El Dorado,017,186661,10776,10598,824,11422,114
2021-07-14,Fresno,019,978130,104364,102966,8947,111913,1728
2021-07-14,Glenn,021,27897,2471,2449,576,3025,20
2021-07-14,Humboldt,023,135768,4713,4644,56,4700,52
2021-07-14,Imperial,025,180216,29005,28822,2763,31585,742
2021-07-14,Inyo,027,18085,1422,1415,13,1428,36
2021-07-14,Kern,029,883053,98671,97736,11439,109175,1346
2021-07-14,Kings,031,150075,23480,23142,1131,24273,246
2021-07-14,Lake,033,64148,3856,3739,14,3753,63
2021-07-14,Lassen,035,31185,5320,5298,120,5418,21
2021-07-14,Los Angeles,037,10098052,1230370,1218265,43098,1261363,24578
2021-07-14,Madera,039,155013,16991,16786,975,17761,240
2021-07-14,Marin,041,260295,14482,14269,271,14540,233
2021-07-14,Mariposa,043,17540,447,445,11,456,5
2021-07-14,Mendocino,045,87422,4315,4193,89,4282,49
2021-07-14,Merced,047,269075,31523,31412,1079,32491,471
2021-07-14,Modoc,049,8938,423,412,148,560,4
2021-07-14,Mono,051,14174,1274,1278,18,1296,3
2021-07-14,Monterey,053,433212,43583,43347,1921,45268,504
2021-07-14,Napa,055,140530,10190,10121,42,10163,81
2021-07-14,Nevada,057,99092,5165,5058,199,5257,72
2021-07-14,Orange,059,3164182,259982,257558,11899,269457,5137
2021-07-14,Placer,061,380077,24463,24125,1666,25791,303
2021-07-14,Plumas,063,18699,735,719,14,733,4
2021-07-14,Riverside,065,2383286,298822,294511,14422,308933,4542
2021-07-14,Sacramento,067,1510023,111454,110193,1988,112181,1688
2021-07-14,San Benito,069,59416,6184,6177,116,6293,63
2021-07-14,San Bernardino,071,2135413,297886,295820,9248,305068,5193
2021-07-14,San Diego,073,3302833,287965,285269,16165,301434,3786
2021-07-14,San Francisco,075,870044,38505,37836,1378,39214,559
2021-07-14,San Joaquin,077,732212,75348,74599,3776,78375,1416
2021-07-14,San Luis Obispo,079,281455,21780,21444,783,22227,258
2021-07-14,San Mateo,081,765935,43621,43249,527,43776,542
2021-07-14,Santa Barbara,083,443738,35032,34719,1163,35882,461
2021-07-14,Santa Clara,085,1922200,121141,119844,810,120654,2098
2021-07-14,Santa Cruz,087,273765,16491,16326,822,17148,207
2021-07-14,Shasta,089,179085,12753,12669,1691,14360,209
2021-07-14,Sierra,091,2930,66,62,12,74,0
2021-07-14,Siskiyou,093,43540,2014,1922,411,2333,29
2021-07-14,Solano,095,438530,34339,33948,637,34585,268
2021-07-14,Sonoma,097,501317,31790,31470,373,31843,322
2021-07-14,Stanislaus,099,539301,57719,57340,6158,63498,1028
2021-07-14,Sutter,101,95872,9814,9766,95,9861,114
2021-07-14,Tehama,103,63373,5199,5142,599,5741,64
2021-07-14,Trinity,105,12862,502,341,107,448,3
2021-07-14,Tulare,107,460477,50721,49908,9311,59219,853
2021-07-14,Tuolumne,109,53932,4149,4128,46,4174,64
2021-07-14,Ventura,111,848112,82763,82041,3282,85323,1040
2021-07-14,Yolo,113,214977,14510,14332,412,14744,213
2021-07-14,Yuba,115,75493,6390,6294,133,6427,52
2021-07-13,Alameda,001,1643700,92125,90874,2077,92951,1255
2021-07-13,Alpine,003,1148,88,89,0,89,0
2021-07-13,Amador,005,37829,3802,3783,34,3817,48
2021-07-13,Butte,007,227075,12986,12802,1923,14725,202
2021-07-13,Calaveras,009,45235,2250,2230,15,2245,57
2021-07-13,Colusa,011,21464,1991,1972,333,2305,16
2021-07-13,Contra Costa,013,1133247,72941,71963,1380,73343,823
2021-07-13,Del Norte,015,27424,1511,1471,14,1485,8
2021-07-13,El Dorado,017,186661,10758,10581,821,11402,114
2021-07-13,Fresno,019,978130,104288,102909,8937,111846,1727
2021-07-13,Glenn,021,27897,2469,2448,576,3024,20
2021-07-13,Humboldt,023,135768,4698,4634,56,4690,51
2021-07-13,Imperial,025,180216,28994,28792,2763,31555,741
2021-07-13,Inyo,027,18085,1421,1415,13,1428,36
2021-07-13,Kern,029,883053,98582,97698,11400,109098,1346
2021-07-13,Kings,031,150075,23462,23132,1131,24263,246
2021-07-13,Lake,033,64148,3829,3719,13,3732,63
2021-07-13,Lassen,035,31185,5318,5292,120,5412,21
2021-07-13,Los Angeles,037,10098052,1228518,1217184,42930,1260114,24569
2021-07-13,Madera,039,155013,16981,16773,971,17744,240
2021-07-13,Marin,041,260295,14453,14254,270,14524,233
2021-07-13,Mariposa,043,17540,446,443,11,454,5
2021-07-13,Mendocino,045,87422,4308,4185,89,4274,49
2021-07-13,Merced,047,269075,31502,31379,1076,32455,471
2021-07-13,Modoc,049,8938,423,411,148,559,4
2021-07-13,Mono,051,14174,1273,1277,18,1295,3
2021-07-13,Monterey,053,433212,43565,43333,1917,45250,504
2021-07-13,Napa,055,140530,10169,10118,42,10160,81
2021-07-13,Nevada,057,99092,5140,5053,199,5252,72
2021-07-13,Orange,059,3164182,259652,257339,11870,269209,5136
2021-07-13,Placer,061,380077,24417,24091,1653,25744,303
2021-07-13,Plumas,063,18699,734,716,14,730,4
2021-07-13,Riverside,065,2383286,298499,294302,14395,308697,4541
2021-07-13,Sacramento,067,1510023,111144,109990,1965,111955,1687
2021-07-13,San Benito,069,59416,6182,6173,116,6289,63
2021-07-13,San Bernardino,071,2135413,297610,295596,9226,304822,5183
2021-07-13,San Diego,073,3302833,287417,284997,16086,301083,3785
2021-07-13,San Francisco,075,870044,38361,37725,1372,39097,559
2021-07-13,San Joaquin,077,732212,75232,74500,3773,78273,1417
2021-07-13,San Luis Obispo,079,281455,21754,21423,780,22203,258
2021-07-13,San Mateo,081,765935,43552,43180,526,43706,542
2021-07-13,Santa Barbara,083,443738,34983,34679,1160,35839,461
2021-07-13,Santa Clara,085,1922200,120988,119727,806,120533,2098
2021-07-13,Santa Cruz,087,273765,16482,16315,820,17135,207
2021-07-13,Shasta,089,179085,12740,12659,1684,14343,209
2021-07-13,Sierra,091,2930,66,62,12,74,0
2021-07-13,Siskiyou,093,43540,2013,1916,409,2325,29
2021-07-13,Solano,095,438530,34274,33918,631,34549,268
2021-07-13,Sonoma,097,501317,31731,31431,373,31804,322
2021-07-13,Stanislaus,099,539301,57649,57282,6143,63425,1028
2021-07-13,Sutter,101,95872,9796,9752,94,9846,114
2021-07-13,Tehama,103,63373,5192,5144,599,5743,64
2021-07-13,Trinity,105,12862,502,341,106,447,3
2021-07-13,Tulare,107,460477,50696,49891,9295,59186,853
2021-07-13,Tuolumne,109,53932,4141,4122,45,4167,64
2021-07-13,Ventura,111,848112,82678,81982,3257,85239,1040
2021-07-13,Yolo,113,214977,14482,14320,405,14725,213
2021-07-13,Yuba,115,75493,6373,6279,133,6412,52
2021-07-12,Alameda,001,1643700,91866,90720,2070,92790,1254
2021-07-12,Alpine,003,1148,88,89,0,89,0
2021-07-12,Amador,005,37829,3795,3781,34,3815,47
2021-07-12,Butte,007,227075,12966,12796,1921,14717,202
2021-07-12,Calaveras,009,45235,2248,2228,15,2243,57
2021-07-12,Colusa,011,21464,1987,1971,332,2303,16
2021-07-12,Contra Costa,013,1133247,72740,71833,1375,73208,823
2021-07-12,Del Norte,015,27424,1508,1469,14,1483,8
2021-07-12,El Dorado,017,186661,10730,10569,819,11388,114
2021-07-12,Fresno,019,978130,104194,102853,8924,111777,1728
2021-07-12,Glenn,021,27897,2469,2446,576,3022,20
2021-07-12,Humboldt,023,135768,4682,4621,56,4677,51
2021-07-12,Imperial,025,180216,28964,28789,2763,31552,741
2021-07-12,Inyo,027,18085,1421,1415,13,1428,36
2021-07-12,Kern,029,883053,98513,97660,11375,109035,1346
2021-07-12,Kings,031,150075,23442,23124,1129,24253,246
2021-07-12,Lake,033,64148,3808,3706,13,3719,63
2021-07-12,Lassen,035,31185,5317,5292,120,5412,21
2021-07-12,Los Angeles,037,10098052,1226726,1216230,42796,1259026,24559
2021-07-12,Madera,039,155013,16970,16772,971,17743,240
2021-07-12,Marin,041,260295,14428,14238,269,14507,233
2021-07-12,Mariposa,043,17540,446,442,11,453,5
2021-07-12,Mendocino,045,87422,4297,4175,89,4264,49
2021-07-12,Merced,047,269075,31471,31374,1075,32449,471
2021-07-12,Modoc,049,8938,422,411,148,559,4
2021-07-12,Mono,051,14174,1271,1275,18,1293,3
2021-07-12,Monterey,053,433212,43544,43315,1913,45228,504
2021-07-12,Napa,055,140530,10151,10104,41,10145,81
2021-07-12,Nevada,057,99092,5117,5046,199,5245,72
2021-07-12,Orange,059,3164182,259299,257171,11845,269016,5136
2021-07-12,Placer,061,380077,24366,24052,1647,25699,302
2021-07-12,Plumas,063,18699,734,716,14,730,4
2021-07-12,Riverside,065,2383286,298191,294108,14365,308473,4541
2021-07-12,Sacramento,067,1510023,110929,109849,1939,111788,1685
2021-07-12,San Benito,069,59416,6179,6166,116,6282,63
2021-07-12,San Bernardino,071,2135413,297339,295447,9212,304659,5171
2021-07-12,San Diego,073,3302833,286948,284648,16010,300658,3785
2021-07-12,San Francisco,075,870044,38214,37656,1369,39025,559
2021-07-12,San Joaquin,077,732212,75138,74424,3763,78187,1415
2021-07-12,San Luis Obispo,079,281455,21735,21408,779,22187,258
2021-07-12,San Mateo,081,765935,43459,43138,519,43657,542
2021-07-12,Santa Barbara,083,443738,34940,34664,1158,35822,461
2021-07-12,Santa Clara,085,1922200,120823,119634,803,120437,2098
2021-07-12,Santa Cruz,087,273765,16457,16310,819,17129,207
2021-07-12,Shasta,089,179085,12733,12648,1681,14329,208
2021-07-12,Sierra,091,2930,66,62,12,74,0
2021-07-12,Siskiyou,093,43540,2008,1916,404,2320,29
2021-07-12,Solano,095,438530,34184,33859,622,34481,268
2021-07-12,Sonoma,097,501317,31683,31377,372,31749,322
2021-07-12,Stanislaus,099,539301,57580,57243,6136,63379,1028
2021-07-12,Sutter,101,95872,9779,9736,93,9829,114
2021-07-12,Tehama,103,63373,5187,5138,598,5736,63
2021-07-12,Trinity,105,12862,498,340,104,444,3
2021-07-12,Tulare,107,460477,50668,49882,9282,59164,853
2021-07-12,Tuolumne,109,53932,4137,4116,45,4161,64
2021-07-12,Ventura,111,848112,82577,81919,3236,85155,1040
2021-07-12,Yolo,113,214977,14454,14303,401,14704,213
2021-07-12,Yuba,115,75493,6358,6266,133,6399,52
2021-07-11,Alameda,001,1643700,91535,90597,2057,92654,1254
2021-07-11,Alpine,003,1148,88,89,0,89,0
2021-07-11,Amador,005,37829,3793,3779,34,3813,47
2021-07-11,Butte,007,227075,12944,12794,1915,14709,202
2021-07-11,Calaveras,009,45235,2246,2226,14,2240,57
2021-07-11,Colusa,011,21464,1986,1971,331,2302,16
2021-07-11,Contra Costa,013,1133247,72530,71744,1368,73112,823
2021-07-11,Del Norte,015,27424,1504,1467,13,1480,8
2021-07-11,El Dorado,017,186661,10701,10554,817,11371,114
2021-07-11,Fresno,019,978130,104099,102813,8904,111717,1728
2021-07-11,Glenn,021,27897,2468,2446,576,3022,20
2021-07-11,Humboldt,023,135768,4669,4611,55,4666,51
2021-07-11,Imperial,025,180216,28946,28787,2762,31549,741
2021-07-11,Inyo,027,18085,1419,1415,13,1428,36
2021-07-11,Kern,029,883053,98440,97637,11359,108996,1346
2021-07-11,Kings,031,150075,23411,23116,1126,24242,246
2021-07-11,Lake,033,64148,3777,3699,13,3712,63
2021-07-11,Lassen,035,31185,5314,5291,120,5411,21
2021-07-11,Los Angeles,037,10098052,1224974,1215182,42638,1257820,24558
2021-07-11,Madera,039,155013,16951,16766,970,17736,240
2021-07-11,Marin,041,260295,14402,14231,269,14500,233
2021-07-11,Mariposa,043,17540,445,442,11,453,5
2021-07-11,Mendocino,045,87422,4277,4167,89,4256,49
2021-07-11,Merced,047,269075,31447,31366,1070,32436,471
2021-07-11,Modoc,049,8938,421,411,148,559,4
2021-07-11,Mono,051,14174,1271,1275,18,1293,3
2021-07-11,Monterey,053,433212,43525,43307,1909,45216,504
2021-07-11,Napa,055,140530,10147,10100,41,10141,81
2021-07-11,Nevada,057,99092,5106,5035,198,5233,72
2021-07-11,Orange,059,3164182,258986,257009,11816,268825,5136
2021-07-11,Placer,061,380077,24309,24017,1635,25652,302
2021-07-11,Plumas,063,18699,734,716,14,730,4
2021-07-11,Riverside,065,2383286,297927,293969,14347,308316,4541
2021-07-11,Sacramento,067,1510023,110650,109696,1929,111625,1685
2021-07-11,San Benito,069,59416,6174,6163,116,6279,63
2021-07-11,San Bernardino,071,2135413,297032,295342,9187,304529,5167
2021-07-11,San Diego,073,3302833,286534,283819,15924,299743,3784
2021-07-11,San Francisco,075,870044,38085,37596,1363,38959,559
2021-07-11,San Joaquin,077,732212,75021,74376,3746,78122,1415
2021-07-11,San Luis Obispo,079,281455,21702,21403,778,22181,258
2021-07-11,San Mateo,081,765935,43380,43107,512,43619,542
2021-07-11,Santa Barbara,083,443738,34893,34646,1158,35804,461
2021-07-11,Santa Clara,085,1922200,120669,119549,802,120351,2098
2021-07-11,Santa Cruz,087,273765,16441,16303,819,17122,207
2021-07-11,Shasta,089,179085,12716,12647,1679,14326,208
2021-07-11,Sierra,091,2930,66,62,12,74,0
2021-07-11,Siskiyou,093,43540,2004,1915,402,2317,29
2021-07-11,Solano,095,438530,34102,33837,618,34455,268
2021-07-11,Sonoma,097,501317,31601,31352,372,31724,322
2021-07-11,Stanislaus,099,539301,57515,57230,6125,63355,1028
2021-07-11,Sutter,101,95872,9765,9728,93,9821,114
2021-07-11,Tehama,103,63373,5184,5138,598,5736,63
2021-07-11,Trinity,105,12862,497,340,104,444,3
2021-07-11,Tulare,107,460477,50643,49877,9264,59141,853
2021-07-11,Tuolumne,109,53932,4131,4116,45,4161,64
2021-07-11,Ventura,111,848112,82504,81875,3216,85091,1040
2021-07-11,Yolo,113,214977,14428,14285,395,14680,213
2021-07-11,Yuba,115,75493,6347,6260,133,6393,52
2021-07-10,Alameda,001,1643700,91384,90090,2053,92143,1252
2021-07-10,Alpine,003,1148,88,89,0,89,0
2021-07-10,Amador,005,37829,3787,3773,34,3807,47
2021-07-10,Butte,007,227075,12933,12764,1912,14676,202
2021-07-10,Calaveras,009,45235,2245,2214,14,2228,57
2021-07-10,Colusa,011,21464,1984,1969,331,2300,16
2021-07-10,Contra Costa,013,1133247,72430,71376,1367,72743,821
2021-07-10,Del Norte,015,27424,1502,1451,13,1464,8
2021-07-10,El Dorado,017,186661,10685,10508,813,11321,114
2021-07-10,Fresno,019,978130,104066,102675,8897,111572,1730
2021-07-10,Glenn,021,27897,2465,2440,575,3015,20
2021-07-10,Humboldt,023,135768,4660,4574,55,4629,51
2021-07-10,Imperial,025,180216,28933,28729,2762,31491,741
2021-07-10,Inyo,027,18085,1418,1415,13,1428,36
2021-07-10,Kern,029,883053,98400,97538,11342,108880,1346
2021-07-10,Kings,031,150075,23404,23090,1125,24215,246
2021-07-10,Lake,033,64148,3760,3667,13,3680,63
2021-07-10,Lassen,035,31185,5314,5290,120,5410,21
2021-07-10,Los Angeles,037,10098052,1223952,1212043,42535,1254578,24542
2021-07-10,Madera,039,155013,16945,16744,967,17711,241
2021-07-10,Marin,041,260295,14388,14194,269,14463,233
2021-07-10,Mariposa,043,17540,445,442,11,453,5
2021-07-10,Mendocino,045,87422,4270,4153,88,4241,49
2021-07-10,Merced,047,269075,31434,31328,1070,32398,470
2021-07-10,Modoc,049,8938,421,410,148,558,4
2021-07-10,Mono,051,14174,1271,1275,18,1293,3
2021-07-10,Monterey,053,433212,43511,43251,1907,45158,499
2021-07-10,Napa,055,140530,10135,10077,41,10118,81
2021-07-10,Nevada,057,99092,5097,5000,198,5198,72
2021-07-10,Orange,059,3164182,258808,256438,11800,268238,5135
2021-07-10,Placer,061,380077,24280,23916,1625,25541,302
2021-07-10,Plumas,063,18699,733,717,14,731,4
2021-07-10,Riverside,065,2383286,297737,293474,14333,307807,4541
2021-07-10,Sacramento,067,1510023,110501,109091,1924,111015,1682
2021-07-10,San Benito,069,59416,6169,6141,116,6257,63
2021-07-10,San Bernardino,071,2135413,296844,294932,9175,304107,5117
2021-07-10,San Diego,073,3302833,286244,283577,15871,299448,3783
2021-07-10,San Francisco,075,870044,38002,37338,1360,38698,559
2021-07-10,San Joaquin,077,732212,74964,74150,3740,77890,1412
2021-07-10,San Luis Obispo,079,281455,21691,21375,777,22152,258
2021-07-10,San Mateo,081,765935,43328,42948,510,43458,542
2021-07-10,Santa Barbara,083,443738,34866,34595,1158,35753,460
2021-07-10,Santa Clara,085,1922200,120566,119330,799,120129,2094
2021-07-10,Santa Cruz,087,273765,16434,16286,819,17105,207
2021-07-10,Shasta,089,179085,12703,12623,1674,14297,206
2021-07-10,Sierra,091,2930,66,61,12,73,0
2021-07-10,Siskiyou,093,43540,2002,1909,399,2308,29
2021-07-10,Solano,095,438530,34060,33678,612,34290,268
2021-07-10,Sonoma,097,501317,31550,31231,372,31603,317
2021-07-10,Stanislaus,099,539301,57479,57104,6115,63219,1026
2021-07-10,Sutter,101,95872,9753,9692,93,9785,114
2021-07-10,Tehama,103,63373,5181,5131,598,5729,63
2021-07-10,Trinity,105,12862,497,341,104,445,3
2021-07-10,Tulare,107,460477,50633,49850,9258,59108,853
2021-07-10,Tuolumne,109,53932,4129,4114,45,4159,64
2021-07-10,Ventura,111,848112,82459,81713,3198,84911,1039
2021-07-10,Yolo,113,214977,14407,14250,392,14642,213
2021-07-10,Yuba,115,75493,6337,6238,133,6371,52
2021-07-09,Alameda,001,1643700,91224,90090,2048,92138,1252
2021-07-09,Alpine,003,1148,88,89,0,89,0
2021-07-09,Amador,005,37829,3786,3773,34,3807,47
2021-07-09,Butte,007,227075,12922,12764,1910,14674,202
2021-07-09,Calaveras,009,45235,2243,2214,14,2228,57
2021-07-09,Colusa,011,21464,1983,1969,331,2300,16
2021-07-09,Contra Costa,013,1133247,72305,71376,1365,72741,821
2021-07-09,Del Norte,015,27424,1497,1451,13,1464,8
2021-07-09,El Dorado,017,186661,10670,10508,812,11320,114
2021-07-09,Fresno,019,978130,104010,102675,8890,111565,1730
2021-07-09,Glenn,021,27897,2464,2440,573,3013,20
2021-07-09,Humboldt,023,135768,4641,4574,55,4629,51
2021-07-09,Imperial,025,180216,28925,28729,2761,31490,741
2021-07-09,Inyo,027,18085,1417,1415,13,1428,36
2021-07-09,Kern,029,883053,98362,97538,11330,108868,1346
2021-07-09,Kings,031,150075,23393,23090,1124,24214,246
2021-07-09,Lake,033,64148,3746,3667,13,3680,63
2021-07-09,Lassen,035,31185,5312,5290,119,5409,21
2021-07-09,Los Angeles,037,10098052,1222947,1212043,42463,1254506,24542
2021-07-09,Madera,039,155013,16935,16744,966,17710,241
2021-07-09,Marin,041,260295,14367,14194,268,14462,233
2021-07-09,Mariposa,043,17540,445,442,11,453,5
2021-07-09,Mendocino,045,87422,4263,4153,88,4241,49
2021-07-09,Merced,047,269075,31419,31328,1070,32398,470
2021-07-09,Modoc,049,8938,421,410,148,558,4
2021-07-09,Mono,051,14174,1271,1275,18,1293,3
2021-07-09,Monterey,053,433212,43502,43251,1907,45158,499
2021-07-09,Napa,055,140530,10128,10077,41,10118,81
2021-07-09,Nevada,057,99092,5088,5000,198,5198,72
2021-07-09,Orange,059,3164182,258603,256438,11786,268224,5135
2021-07-09,Placer,061,380077,24258,23916,1619,25535,302
2021-07-09,Plumas,063,18699,731,717,14,731,4
2021-07-09,Riverside,065,2383286,297551,293474,14320,307794,4541
2021-07-09,Sacramento,067,1510023,110347,109091,1915,111006,1682
2021-07-09,San Benito,069,59416,6167,6141,116,6257,63
2021-07-09,San Bernardino,071,2135413,296692,294932,9168,304100,5117
2021-07-09,San Diego,073,3302833,285955,283577,15823,299400,3783
2021-07-09,San Francisco,075,870044,37922,37338,1353,38691,559
2021-07-09,San Joaquin,077,732212,74890,74150,3733,77883,1412
2021-07-09,San Luis Obispo,079,281455,21679,21375,777,22152,258
2021-07-09,San Mateo,081,765935,43284,42948,506,43454,542
2021-07-09,Santa Barbara,083,443738,34845,34595,1157,35752,460
2021-07-09,Santa Clara,085,1922200,120456,119330,799,120129,2094
2021-07-09,Santa Cruz,087,273765,16431,16286,819,17105,207
2021-07-09,Shasta,089,179085,12697,12623,1669,14292,206
2021-07-09,Sierra,091,2930,66,61,12,73,0
2021-07-09,Siskiyou,093,43540,2000,1909,398,2307,29
2021-07-09,Solano,095,438530,34024,33678,608,34286,268
2021-07-09,Sonoma,097,501317,31514,31231,372,31603,317
2021-07-09,Stanislaus,099,539301,57450,57104,6113,63217,1026
2021-07-09,Sutter,101,95872,9744,9692,93,9785,114
2021-07-09,Tehama,103,63373,5179,5131,598,5729,63
2021-07-09,Trinity,105,12862,496,341,101,442,3
2021-07-09,Tulare,107,460477,50620,49850,9252,59102,853
2021-07-09,Tuolumne,109,53932,4125,4114,45,4159,64
2021-07-09,Ventura,111,848112,82404,81713,3189,84902,1039
2021-07-09,Yolo,113,214977,14392,14250,388,14638,213
2021-07-09,Yuba,115,75493,6324,6238,133,6371,52
2021-07-08,Alameda,001,1643700,91017,90090,2045,92135,1252
2021-07-08,Alpine,003,1148,88,89,0,89,0
2021-07-08,Amador,005,37829,3784,3773,34,3807,47
2021-07-08,Butte,007,227075,12909,12764,1907,14671,202
2021-07-08,Calaveras,009,45235,2240,2214,13,2227,57
2021-07-08,Colusa,011,21464,1983,1969,331,2300,16
2021-07-08,Contra Costa,013,1133247,72177,71376,1360,72736,821
2021-07-08,Del Norte,015,27424,1495,1451,13,1464,8
2021-07-08,El Dorado,017,186661,10653,10508,806,11314,114
2021-07-08,Fresno,019,978130,103948,102675,8879,111554,1730
2021-07-08,Glenn,021,27897,2464,2440,573,3013,20
2021-07-08,Humboldt,023,135768,4625,4574,54,4628,51
2021-07-08,Imperial,025,180216,28913,28729,2760,31489,741
2021-07-08,Inyo,027,18085,1417,1415,13,1428,36
2021-07-08,Kern,029,883053,98314,97538,11315,108853,1346
2021-07-08,Kings,031,150075,23384,23090,1124,24214,246
2021-07-08,Lake,033,64148,3732,3667,13,3680,63
2021-07-08,Lassen,035,31185,5309,5290,119,5409,21
2021-07-08,Los Angeles,037,10098052,1221733,1212043,42368,1254411,24542
2021-07-08,Madera,039,155013,16919,16744,966,17710,241
2021-07-08,Marin,041,260295,14353,14194,268,14462,233
2021-07-08,Mariposa,043,17540,444,442,11,453,5
2021-07-08,Mendocino,045,87422,4260,4153,88,4241,49
2021-07-08,Merced,047,269075,31405,31328,1068,32396,470
2021-07-08,Modoc,049,8938,421,410,148,558,4
2021-07-08,Mono,051,14174,1271,1275,18,1293,3
2021-07-08,Monterey,053,433212,43482,43251,1901,45152,499
2021-07-08,Napa,055,140530,10124,10077,41,10118,81
2021-07-08,Nevada,057,99092,5082,5000,198,5198,72
2021-07-08,Orange,059,3164182,258408,256438,11764,268202,5135
2021-07-08,Placer,061,380077,24219,23916,1611,25527,302
2021-07-08,Plumas,063,18699,730,717,14,731,4
2021-07-08,Riverside,065,2383286,297350,293474,14304,307778,4541
2021-07-08,Sacramento,067,1510023,110125,109091,1908,110999,1682
2021-07-08,San Benito,069,59416,6164,6141,116,6257,63
2021-07-08,San Bernardino,071,2135413,296517,294932,9159,304091,5117
2021-07-08,San Diego,073,3302833,285628,283577,15775,299352,3783
2021-07-08,San Francisco,075,870044,37842,37338,1349,38687,559
2021-07-08,San Joaquin,077,732212,74802,74150,3720,77870,1412
2021-07-08,San Luis Obispo,079,281455,21667,21375,774,22149,258
2021-07-08,San Mateo,081,765935,43233,42948,505,43453,542
2021-07-08,Santa Barbara,083,443738,34818,34595,1155,35750,460
2021-07-08,Santa Clara,085,1922200,120363,119330,798,120128,2094
2021-07-08,Santa Cruz,087,273765,16425,16286,819,17105,207
2021-07-08,Shasta,089,179085,12691,12623,1665,14288,206
2021-07-08,Sierra,091,2930,66,61,12,73,0
2021-07-08,Siskiyou,093,43540,1995,1909,395,2304,29
2021-07-08,Solano,095,438530,33969,33678,602,34280,268
2021-07-08,Sonoma,097,501317,31483,31231,371,31602,317
2021-07-08,Stanislaus,099,539301,57424,57104,6109,63213,1026
2021-07-08,Sutter,101,95872,9730,9692,91,9783,114
2021-07-08,Tehama,103,63373,5176,5131,597,5728,63
2021-07-08,Trinity,105,12862,496,341,101,442,3
2021-07-08,Tulare,107,460477,50602,49850,9244,59094,853
2021-07-08,Tuolumne,109,53932,4123,4114,45,4159,64
2021-07-08,Ventura,111,848112,82340,81713,3173,84886,1039
2021-07-08,Yolo,113,214977,14373,14250,386,14636,213
2021-07-08,Yuba,115,75493,6316,6238,133,6371,52
2021-07-07,Alameda,001,1643700,90832,89995,2039,92034,1253
2021-07-07,Alpine,003,1148,88,89,0,89,0
2021-07-07,Amador,005,37829,3779,3770,34,3804,47
2021-07-07,Butte,007,227075,12896,12750,1902,14652,202
2021-07-07,Calaveras,009,45235,2233,2212,13,2225,57
2021-07-07,Colusa,011,21464,1979,1969,331,2300,16
2021-07-07,Contra Costa,013,1133247,72030,71308,1358,72666,821
2021-07-07,Del Norte,015,27424,1490,1446,13,1459,8
2021-07-07,El Dorado,017,186661,10633,10494,804,11298,114
2021-07-07,Fresno,019,978130,103898,102639,8872,111511,1729
2021-07-07,Glenn,021,27897,2464,2441,573,3014,20
2021-07-07,Humboldt,023,135768,4611,4566,54,4620,51
2021-07-07,Imperial,025,180216,28906,28701,2760,31461,740
2021-07-07,Inyo,027,18085,1416,1415,13,1428,36
2021-07-07,Kern,029,883053,98270,97507,11300,108807,1348
2021-07-07,Kings,031,150075,23371,23085,1121,24206,245
2021-07-07,Lake,033,64148,3713,3660,13,3673,63
2021-07-07,Lassen,035,31185,5309,5286,119,5405,21
2021-07-07,Los Angeles,037,10098052,1220552,1211316,42264,1253580,24531
2021-07-07,Madera,039,155013,16908,16733,964,17697,241
2021-07-07,Marin,041,260295,14334,14183,267,14450,233
2021-07-07,Mariposa,043,17540,442,442,11,453,5
2021-07-07,Mendocino,045,87422,4251,4145,88,4233,49
2021-07-07,Merced,047,269075,31390,31317,1068,32385,470
2021-07-07,Modoc,049,8938,421,410,148,558,4
2021-07-07,Mono,051,14174,1270,1274,18,1292,3
2021-07-07,Monterey,053,433212,43457,43233,1899,45132,494
2021-07-07,Napa,055,140530,10113,10078,41,10119,81
2021-07-07,Nevada,057,99092,5075,4996,198,5194,72
2021-07-07,Orange,059,3164182,258182,256301,11742,268043,5132
2021-07-07,Placer,061,380077,24183,23901,1601,25502,302
2021-07-07,Plumas,063,18699,730,710,14,724,4
2021-07-07,Riverside,065,2383286,297136,293331,14294,307625,4538
2021-07-07,Sacramento,067,1510023,109935,108954,1900,110854,1682
2021-07-07,San Benito,069,59416,6159,6137,116,6253,63
2021-07-07,San Bernardino,071,2135413,296348,294787,9152,303939,5087
2021-07-07,San Diego,073,3302833,285308,283377,15735,299112,3782
2021-07-07,San Francisco,075,870044,37750,37284,1346,38630,558
2021-07-07,San Joaquin,077,732212,74726,74095,3705,77800,1410
2021-07-07,San Luis Obispo,079,281455,21658,21360,772,22132,258
2021-07-07,San Mateo,081,765935,43179,42908,502,43410,542
2021-07-07,Santa Barbara,083,443738,34792,34582,1155,35737,460
2021-07-07,Santa Clara,085,1922200,120265,119250,797,120047,2094
2021-07-07,Santa Cruz,087,273765,16416,16279,818,17097,207
2021-07-07,Shasta,089,179085,12683,12613,1662,14275,206
2021-07-07,Sierra,091,2930,66,60,12,72,0
2021-07-07,Siskiyou,093,43540,1989,1908,391,2299,29
2021-07-07,Solano,095,438530,33920,33659,595,34254,268
2021-07-07,Sonoma,097,501317,31437,31172,371,31543,316
2021-07-07,Stanislaus,099,539301,57392,57102,6104,63206,1028
2021-07-07,Sutter,101,95872,9720,9683,91,9774,114
2021-07-07,Tehama,103,63373,5175,5129,597,5726,63
2021-07-07,Trinity,105,12862,496,341,101,442,3
2021-07-07,Tulare,107,460477,50598,49835,9235,59070,853
2021-07-07,Tuolumne,109,53932,4119,4115,43,4158,64
2021-07-07,Ventura,111,848112,82296,81608,3159,84767,1036
2021-07-07,Yolo,113,214977,14363,14236,383,14619,213
2021-07-07,Yuba,115,75493,6300,6233,133,6366,51
2021-07-06,Alameda,001,1643700,90634,89918,2031,91949,1253
2021-07-06,Alpine,003,1148,88,89,0,89,0
2021-07-06,Amador,005,37829,3778,3768,33,3801,47
2021-07-06,Butte,007,227075,12883,12744,1899,14643,201
2021-07-06,Calaveras,009,45235,2233,2211,13,2224,55
2021-07-06,Colusa,011,21464,1978,1967,328,2295,16
2021-07-06,Contra Costa,013,1133247,71902,71262,1355,72617,820
2021-07-06,Del Norte,015,27424,1486,1445,13,1458,8
2021-07-06,El Dorado,017,186661,10615,10484,803,11287,113
2021-07-06,Fresno,019,978130,103846,102616,8860,111476,1727
2021-07-06,Glenn,021,27897,2463,2438,573,3011,20
2021-07-06,Humboldt,023,135768,4597,4565,53,4618,49
2021-07-06,Imperial,025,180216,28891,28693,2758,31451,739
2021-07-06,Inyo,027,18085,1416,1412,13,1425,36
2021-07-06,Kern,029,883053,98228,97491,11289,108780,1346
2021-07-06,Kings,031,150075,23363,23077,1120,24197,245
2021-07-06,Lake,033,64148,3703,3659,13,3672,63
2021-07-06,Lassen,035,31185,5308,5288,118,5406,21
2021-07-06,Los Angeles,037,10098052,1219332,1210965,42166,1253131,24525
2021-07-06,Madera,039,155013,16896,16730,964,17694,241
2021-07-06,Marin,041,260295,14320,14181,267,14448,233
2021-07-06,Mariposa,043,17540,442,442,11,453,5
2021-07-06,Mendocino,045,87422,4244,4143,88,4231,49
2021-07-06,Merced,047,269075,31373,31317,1067,32384,470
2021-07-06,Modoc,049,8938,421,411,148,559,4
2021-07-06,Mono,051,14174,1269,1274,18,1292,3
2021-07-06,Monterey,053,433212,43434,43224,1897,45121,494
2021-07-06,Napa,055,140530,10102,10081,41,10122,81
2021-07-06,Nevada,057,99092,5066,4988,198,5186,72
2021-07-06,Orange,059,3164182,257938,256227,11725,267952,5129
2021-07-06,Placer,061,380077,24142,23876,1595,25471,302
2021-07-06,Plumas,063,18699,729,708,14,722,4
2021-07-06,Riverside,065,2383286,296934,293227,14276,307503,4539
2021-07-06,Sacramento,067,1510023,109724,108850,1892,110742,1679
2021-07-06,San Benito,069,59416,6155,6137,116,6253,63
2021-07-06,San Bernardino,071,2135413,296169,294712,9139,303851,5056
2021-07-06,San Diego,073,3302833,284950,283278,15676,298954,3782
2021-07-06,San Francisco,075,870044,37633,37251,1345,38596,558
2021-07-06,San Joaquin,077,732212,74656,74019,3693,77712,1410
2021-07-06,San Luis Obispo,079,281455,21641,21354,770,22124,257
2021-07-06,San Mateo,081,765935,43104,42895,502,43397,541
2021-07-06,Santa Barbara,083,443738,34773,34572,1153,35725,460
2021-07-06,Santa Clara,085,1922200,120147,119194,794,119988,2095
2021-07-06,Santa Cruz,087,273765,16411,16274,817,17091,207
2021-07-06,Shasta,089,179085,12673,12606,1660,14266,205
2021-07-06,Sierra,091,2930,65,60,12,72,0
2021-07-06,Siskiyou,093,43540,1986,1905,387,2292,29
2021-07-06,Solano,095,438530,33869,33619,592,34211,268
2021-07-06,Sonoma,097,501317,31374,31130,370,31500,316
2021-07-06,Stanislaus,099,539301,57344,57120,6093,63213,1029
2021-07-06,Sutter,101,95872,9711,9674,90,9764,114
2021-07-06,Tehama,103,63373,5172,5126,596,5722,63
2021-07-06,Trinity,105,12862,496,341,101,442,3
2021-07-06,Tulare,107,460477,50583,49826,9224,59050,853
2021-07-06,Tuolumne,109,53932,4117,4113,43,4156,64
2021-07-06,Ventura,111,848112,82256,81534,3133,84667,1033
2021-07-06,Yolo,113,214977,14341,14227,380,14607,213
2021-07-06,Yuba,115,75493,6289,6231,133,6364,51
2021-07-05,Alameda,001,1643700,90456,89892,2026,91918,1253
2021-07-05,Alpine,003,1148,88,89,0,89,0
2021-07-05,Amador,005,37829,3776,3768,33,3801,47
2021-07-05,Butte,007,227075,12875,12740,1889,14629,201
2021-07-05,Calaveras,009,45235,2231,2211,13,2224,55
2021-07-05,Colusa,011,21464,1976,1966,327,2293,16
2021-07-05,Contra Costa,013,1133247,71774,71235,1355,72590,820
2021-07-05,Del Norte,015,27424,1482,1446,13,1459,8
2021-07-05,El Dorado,017,186661,10590,10481,803,11284,113
2021-07-05,Fresno,019,978130,103787,102592,8845,111437,1727
2021-07-05,Glenn,021,27897,2460,2438,572,3010,20
2021-07-05,Humboldt,023,135768,4583,4563,53,4616,49
2021-07-05,Imperial,025,180216,28872,28689,2758,31447,739
2021-07-05,Inyo,027,18085,1416,1412,13,1425,36
2021-07-05,Kern,029,883053,98180,97479,11268,108747,1346
2021-07-05,Kings,031,150075,23355,23065,1117,24182,245
2021-07-05,Lake,033,64148,3685,3645,13,3658,63
2021-07-05,Lassen,035,31185,5305,5288,117,5405,21
2021-07-05,Los Angeles,037,10098052,1218138,1210653,42065,1252718,24522
2021-07-05,Madera,039,155013,16885,16722,963,17685,241
2021-07-05,Marin,041,260295,14299,14178,267,14445,233
2021-07-05,Mariposa,043,17540,442,441,11,452,5
2021-07-05,Mendocino,045,87422,4239,4139,87,4226,49
2021-07-05,Merced,047,269075,31353,31312,1067,32379,470
2021-07-05,Modoc,049,8938,421,410,148,558,4
2021-07-05,Mono,051,14174,1269,1273,18,1291,3
2021-07-05,Monterey,053,433212,43414,43218,1892,45110,494
2021-07-05,Napa,055,140530,10096,10074,41,10115,81
2021-07-05,Nevada,057,99092,5048,4980,197,5177,72
2021-07-05,Orange,059,3164182,257737,256173,11707,267880,5129
2021-07-05,Placer,061,380077,24095,23867,1587,25454,302
2021-07-05,Plumas,063,18699,728,708,14,722,4
2021-07-05,Riverside,065,2383286,296743,293193,14264,307457,4539
2021-07-05,Sacramento,067,1510023,109542,108758,1883,110641,1679
2021-07-05,San Benito,069,59416,6148,6137,116,6253,63
2021-07-05,San Bernardino,071,2135413,296006,294647,9132,303779,5037
2021-07-05,San Diego,073,3302833,284587,282834,15632,298466,3782
2021-07-05,San Francisco,075,870044,37546,37237,1340,38577,558
2021-07-05,San Joaquin,077,732212,74586,73999,3688,77687,1410
2021-07-05,San Luis Obispo,079,281455,21628,21351,769,22120,257
2021-07-05,San Mateo,081,765935,43052,42876,499,43375,541
2021-07-05,Santa Barbara,083,443738,34753,34569,1153,35722,460
2021-07-05,Santa Clara,085,1922200,120041,119184,792,119976,2095
2021-07-05,Santa Cruz,087,273765,16402,16273,816,17089,208
2021-07-05,Shasta,089,179085,12664,12603,1658,14261,205
2021-07-05,Sierra,091,2930,65,60,12,72,0
2021-07-05,Siskiyou,093,43540,1984,1904,386,2290,29
2021-07-05,Solano,095,438530,33799,33612,586,34198,268
2021-07-05,Sonoma,097,501317,31321,31116,370,31486,316
2021-07-05,Stanislaus,099,539301,57314,57109,6082,63191,1029
2021-07-05,Sutter,101,95872,9699,9667,90,9757,114
2021-07-05,Tehama,103,63373,5171,5125,596,5721,63
2021-07-05,Trinity,105,12862,495,341,100,441,3
2021-07-05,Tulare,107,460477,50565,49818,9221,59039,853
2021-07-05,Tuolumne,109,53932,4113,4112,43,4155,64
2021-07-05,Ventura,111,848112,82205,81519,3114,84633,1033
2021-07-05,Yolo,113,214977,14321,14225,372,14597,213
2021-07-05,Yuba,115,75493,6281,6223,133,6356,51
2021-07-04,Alameda,001,1643700,90291,89683,2023,91706,1253
2021-07-04,Alpine,003,1148,88,89,0,89,0
2021-07-04,Amador,005,37829,3775,3758,33,3791,46
2021-07-04,Butte,007,227075,12865,12684,1889,14573,201
2021-07-04,Calaveras,009,45235,2227,2200,13,2213,55
2021-07-04,Colusa,011,21464,1976,1969,327,2296,15
2021-07-04,Contra Costa,013,1133247,71668,70941,1350,72291,818
2021-07-04,Del Norte,015,27424,1479,1439,13,1452,8
2021-07-04,El Dorado,017,186661,10581,10433,802,11235,113
2021-07-04,Fresno,019,978130,103741,102512,8828,111340,1727
2021-07-04,Glenn,021,27897,2458,2442,571,3013,20
2021-07-04,Humboldt,023,135768,4575,4530,53,4583,49
2021-07-04,Imperial,025,180216,28866,28661,2758,31419,739
2021-07-04,Inyo,027,18085,1416,1412,13,1425,35
2021-07-04,Kern,029,883053,98161,97421,11259,108680,1347
2021-07-04,Kings,031,150075,23347,23051,1117,24168,245
2021-07-04,Lake,033,64148,3675,3623,13,3636,62
2021-07-04,Lassen,035,31185,5304,5277,117,5394,20
2021-07-04,Los Angeles,037,10098052,1217278,1208705,41980,1250685,24506
2021-07-04,Madera,039,155013,16873,16696,961,17657,240
2021-07-04,Marin,041,260295,14284,14143,267,14410,233
2021-07-04,Mariposa,043,17540,442,441,11,452,5
2021-07-04,Mendocino,045,87422,4229,4122,87,4209,49
2021-07-04,Merced,047,269075,31342,31297,1067,32364,469
2021-07-04,Modoc,049,8938,421,410,148,558,4
2021-07-04,Mono,051,14174,1269,1275,18,1293,3
2021-07-04,Monterey,053,433212,43398,43212,1891,45103,492
2021-07-04,Napa,055,140530,10088,10045,40,10085,81
2021-07-04,Nevada,057,99092,5038,4966,197,5163,72
2021-07-04,Orange,059,3164182,257562,255823,11686,267509,5126
2021-07-04,Placer,061,380077,24058,23764,1580,25344,299
2021-07-04,Plumas,063,18699,728,707,14,721,4
2021-07-04,Riverside,065,2383286,296583,293260,14258,307518,4536
2021-07-04,Sacramento,067,1510023,109372,108257,1877,110134,1676
2021-07-04,San Benito,069,59416,6141,6108,116,6224,63
2021-07-04,San Bernardino,071,2135413,295839,294294,9125,303419,5003
2021-07-04,San Diego,073,3302833,284363,282692,15594,298286,3780
2021-07-04,San Francisco,075,870044,37487,37107,1334,38441,558
2021-07-04,San Joaquin,077,732212,74520,73841,3680,77521,1409
2021-07-04,San Luis Obispo,079,281455,21622,21330,768,22098,256
2021-07-04,San Mateo,081,765935,43018,42691,499,43190,541
2021-07-04,Santa Barbara,083,443738,34730,34526,1152,35678,456
2021-07-04,Santa Clara,085,1922200,119951,118966,791,119757,2090
2021-07-04,Santa Cruz,087,273765,16391,16254,816,17070,208
2021-07-04,Shasta,089,179085,12660,12582,1657,14239,204
2021-07-04,Sierra,091,2930,64,60,12,72,0
2021-07-04,Siskiyou,093,43540,1980,1899,385,2284,29
2021-07-04,Solano,095,438530,33758,33486,584,34070,268
2021-07-04,Sonoma,097,501317,31291,31000,369,31369,316
2021-07-04,Stanislaus,099,539301,57299,57018,6076,63094,1018
2021-07-04,Sutter,101,95872,9688,9644,90,9734,114
2021-07-04,Tehama,103,63373,5167,5124,596,5720,63
2021-07-04,Trinity,105,12862,494,341,100,441,3
2021-07-04,Tulare,107,460477,50555,49789,9218,59007,853
2021-07-04,Tuolumne,109,53932,4105,4113,43,4156,64
2021-07-04,Ventura,111,848112,82147,81425,3103,84528,1033
2021-07-04,Yolo,113,214977,14301,14188,369,14557,213
2021-07-04,Yuba,115,75493,6273,6197,133,6330,51
2021-07-03,Alameda,001,1643700,90203,89683,2015,91698,1253
2021-07-03,Alpine,003,1148,88,89,0,89,0
2021-07-03,Amador,005,37829,3775,3758,33,3791,46
2021-07-03,Butte,007,227075,12861,12684,1888,14572,201
2021-07-03,Calaveras,009,45235,2225,2200,13,2213,55
2021-07-03,Colusa,011,21464,1975,1969,327,2296,15
2021-07-03,Contra Costa,013,1133247,71609,70941,1347,72288,818
2021-07-03,Del Norte,015,27424,1476,1439,13,1452,8
2021-07-03,El Dorado,017,186661,10574,10433,800,11233,113
2021-07-03,Fresno,019,978130,103717,102512,8819,111331,1727
2021-07-03,Glenn,021,27897,2458,2442,571,3013,20
2021-07-03,Humboldt,023,135768,4570,4530,53,4583,49
2021-07-03,Imperial,025,180216,28856,28661,2758,31419,739
2021-07-03,Inyo,027,18085,1416,1412,13,1425,35
2021-07-03,Kern,029,883053,98141,97421,11251,108672,1347
2021-07-03,Kings,031,150075,23347,23051,1116,24167,245
2021-07-03,Lake,033,64148,3665,3623,13,3636,62
2021-07-03,Lassen,035,31185,5303,5277,117,5394,20
2021-07-03,Los Angeles,037,10098052,1216849,1208705,41949,1250654,24506
2021-07-03,Madera,039,155013,16864,16696,958,17654,240
2021-07-03,Marin,041,260295,14280,14143,267,14410,233
2021-07-03,Mariposa,043,17540,442,441,11,452,5
2021-07-03,Mendocino,045,87422,4228,4122,87,4209,49
2021-07-03,Merced,047,269075,31329,31297,1066,32363,469
2021-07-03,Modoc,049,8938,420,410,148,558,4
2021-07-03,Mono,051,14174,1268,1275,18,1293,3
2021-07-03,Monterey,053,433212,43386,43212,1888,45100,492
2021-07-03,Napa,055,140530,10083,10045,40,10085,81
2021-07-03,Nevada,057,99092,5024,4966,197,5163,72
2021-07-03,Orange,059,3164182,257478,255823,11679,267502,5126
2021-07-03,Placer,061,380077,24039,23764,1577,25341,299
2021-07-03,Plumas,063,18699,728,707,14,721,4
2021-07-03,Riverside,065,2383286,296491,293260,14254,307514,4536
2021-07-03,Sacramento,067,1510023,109298,108257,1874,110131,1676
2021-07-03,San Benito,069,59416,6134,6108,116,6224,63
2021-07-03,San Bernardino,071,2135413,295749,294294,9122,303416,5003
2021-07-03,San Diego,073,3302833,284232,282692,15575,298267,3780
2021-07-03,San Francisco,075,870044,37446,37107,1331,38438,558
2021-07-03,San Joaquin,077,732212,74484,73841,3675,77516,1409
2021-07-03,San Luis Obispo,079,281455,21610,21330,768,22098,256
2021-07-03,San Mateo,081,765935,42993,42691,498,43189,541
2021-07-03,Santa Barbara,083,443738,34721,34526,1151,35677,456
2021-07-03,Santa Clara,085,1922200,119904,118966,791,119757,2090
2021-07-03,Santa Cruz,087,273765,16384,16254,816,17070,208
2021-07-03,Shasta,089,179085,12656,12582,1655,14237,204
2021-07-03,Sierra,091,2930,64,60,12,72,0
2021-07-03,Siskiyou,093,43540,1979,1899,384,2283,29
2021-07-03,Solano,095,438530,33714,33486,584,34070,268
2021-07-03,Sonoma,097,501317,31257,31000,369,31369,316
2021-07-03,Stanislaus,099,539301,57288,57018,6068,63086,1018
2021-07-03,Sutter,101,95872,9678,9644,90,9734,114
2021-07-03,Tehama,103,63373,5165,5124,596,5720,63
2021-07-03,Trinity,105,12862,494,341,100,441,3
2021-07-03,Tulare,107,460477,50549,49789,9212,59001,853
2021-07-03,Tuolumne,109,53932,4104,4113,43,4156,64
2021-07-03,Ventura,111,848112,82117,81425,3095,84520,1033
2021-07-03,Yolo,113,214977,14291,14188,366,14554,213
2021-07-03,Yuba,115,75493,6267,6197,133,6330,51
2021-07-02,Alameda,001,1643700,90121,89683,2014,91697,1253
2021-07-02,Alpine,003,1148,88,89,0,89,0
2021-07-02,Amador,005,37829,3773,3758,33,3791,46
2021-07-02,Butte,007,227075,12854,12684,1888,14572,201
2021-07-02,Calaveras,009,45235,2223,2200,13,2213,55
2021-07-02,Colusa,011,21464,1974,1969,326,2295,15
2021-07-02,Contra Costa,013,1133247,71539,70941,1343,72284,818
2021-07-02,Del Norte,015,27424,1476,1439,13,1452,8
2021-07-02,El Dorado,017,186661,10566,10433,800,11233,113
2021-07-02,Fresno,019,978130,103688,102512,8813,111325,1727
2021-07-02,Glenn,021,27897,2457,2442,570,3012,20
2021-07-02,Humboldt,023,135768,4567,4530,52,4582,49
2021-07-02,Imperial,025,180216,28850,28661,2757,31418,739
2021-07-02,Inyo,027,18085,1416,1412,13,1425,35
2021-07-02,Kern,029,883053,98123,97421,11242,108663,1347
2021-07-02,Kings,031,150075,23337,23051,1116,24167,245
2021-07-02,Lake,033,64148,3659,3623,13,3636,62
2021-07-02,Lassen,035,31185,5303,5277,117,5394,20
2021-07-02,Los Angeles,037,10098052,1216373,1208705,41912,1250617,24506
2021-07-02,Madera,039,155013,16855,16696,957,17653,240
2021-07-02,Marin,041,260295,14276,14143,267,14410,233
2021-07-02,Mariposa,043,17540,442,441,11,452,5
2021-07-02,Mendocino,045,87422,4224,4122,86,4208,49
2021-07-02,Merced,047,269075,31320,31297,1066,32363,469
2021-07-02,Modoc,049,8938,420,410,148,558,4
2021-07-02,Mono,051,14174,1267,1275,18,1293,3
2021-07-02,Monterey,053,433212,43378,43212,1887,45099,492
2021-07-02,Napa,055,140530,10078,10045,40,10085,81
2021-07-02,Nevada,057,99092,5015,4966,197,5163,72
2021-07-02,Orange,059,3164182,257367,255823,11672,267495,5126
2021-07-02,Placer,061,380077,24022,23764,1570,25334,299
2021-07-02,Plumas,063,18699,728,707,14,721,4
2021-07-02,Riverside,065,2383286,296393,293260,14249,307509,4536
2021-07-02,Sacramento,067,1510023,109220,108257,1873,110130,1676
2021-07-02,San Benito,069,59416,6131,6108,116,6224,63
2021-07-02,San Bernardino,071,2135413,295662,294294,9120,303414,5003
2021-07-02,San Diego,073,3302833,284087,282692,15549,298241,3780
2021-07-02,San Francisco,075,870044,37397,37107,1329,38436,558
2021-07-02,San Joaquin,077,732212,74451,73841,3669,77510,1409
2021-07-02,San Luis Obispo,079,281455,21604,21330,767,22097,256
2021-07-02,San Mateo,081,765935,42957,42691,498,43189,541
2021-07-02,Santa Barbara,083,443738,34711,34526,1151,35677,456
2021-07-02,Santa Clara,085,1922200,119826,118966,791,119757,2090
2021-07-02,Santa Cruz,087,273765,16380,16254,816,17070,208
2021-07-02,Shasta,089,179085,12652,12582,1655,14237,204
2021-07-02,Sierra,091,2930,63,60,12,72,0
2021-07-02,Siskiyou,093,43540,1976,1899,383,2282,29
2021-07-02,Solano,095,438530,33689,33486,584,34070,268
2021-07-02,Sonoma,097,501317,31234,31000,369,31369,316
2021-07-02,Stanislaus,099,539301,57271,57018,6067,63085,1018
2021-07-02,Sutter,101,95872,9674,9644,90,9734,114
2021-07-02,Tehama,103,63373,5163,5124,594,5718,63
2021-07-02,Trinity,105,12862,494,341,100,441,3
2021-07-02,Tulare,107,460477,50539,49789,9204,58993,853
2021-07-02,Tuolumne,109,53932,4101,4113,43,4156,64
2021-07-02,Ventura,111,848112,82074,81425,3087,84512,1033
2021-07-02,Yolo,113,214977,14275,14188,364,14552,213
2021-07-02,Yuba,115,75493,6259,6197,133,6330,51
2021-07-01,Alameda,001,1643700,90021,89683,2012,91695,1253
2021-07-01,Alpine,003,1148,88,89,0,89,0
2021-07-01,Amador,005,37829,3772,3758,33,3791,46
2021-07-01,Butte,007,227075,12842,12684,1886,14570,201
2021-07-01,Calaveras,009,45235,2221,2200,13,2213,55
2021-07-01,Colusa,011,21464,1974,1969,324,2293,15
2021-07-01,Contra Costa,013,1133247,71467,70941,1343,72284,818
2021-07-01,Del Norte,015,27424,1475,1439,13,1452,8
2021-07-01,El Dorado,017,186661,10554,10433,800,11233,113
2021-07-01,Fresno,019,978130,103649,102512,8808,111320,1727
2021-07-01,Glenn,021,27897,2457,2442,570,3012,20
2021-07-01,Humboldt,023,135768,4565,4530,52,4582,49
2021-07-01,Imperial,025,180216,28833,28661,2757,31418,739
2021-07-01,Inyo,027,18085,1416,1412,13,1425,35
2021-07-01,Kern,029,883053,98097,97421,11232,108653,1347
2021-07-01,Kings,031,150075,23323,23051,1116,24167,245
2021-07-01,Lake,033,64148,3656,3623,13,3636,62
2021-07-01,Lassen,035,31185,5301,5277,117,5394,20
2021-07-01,Los Angeles,037,10098052,1215774,1208705,41857,1250562,24506
2021-07-01,Madera,039,155013,16846,16696,956,17652,240
2021-07-01,Marin,041,260295,14272,14143,267,14410,233
2021-07-01,Mariposa,043,17540,442,441,11,452,5
2021-07-01,Mendocino,045,87422,4220,4122,85,4207,49
2021-07-01,Merced,047,269075,31314,31297,1066,32363,469
2021-07-01,Modoc,049,8938,420,410,148,558,4
2021-07-01,Mono,051,14174,1266,1275,18,1293,3
2021-07-01,Monterey,053,433212,43370,43212,1883,45095,492
2021-07-01,Napa,055,140530,10071,10045,40,10085,81
2021-07-01,Nevada,057,99092,5010,4966,197,5163,72
2021-07-01,Orange,059,3164182,257246,255823,11653,267476,5126
2021-07-01,Placer,061,380077,24003,23764,1567,25331,299
2021-07-01,Plumas,063,18699,725,707,12,719,4
2021-07-01,Riverside,065,2383286,296284,293260,14241,307501,4536
2021-07-01,Sacramento,067,1510023,109094,108257,1866,110123,1676
2021-07-01,San Benito,069,59416,6127,6108,116,6224,63
2021-07-01,San Bernardino,071,2135413,295542,294294,9115,303409,5003
2021-07-01,San Diego,073,3302833,283909,282692,15512,298204,3780
2021-07-01,San Francisco,075,870044,37361,37107,1327,38434,558
2021-07-01,San Joaquin,077,732212,74400,73841,3665,77506,1409
2021-07-01,San Luis Obispo,079,281455,21589,21330,766,22096,256
2021-07-01,San Mateo,081,765935,42929,42691,497,43188,541
2021-07-01,Santa Barbara,083,443738,34698,34526,1151,35677,456
2021-07-01,Santa Clara,085,1922200,119777,118966,791,119757,2090
2021-07-01,Santa Cruz,087,273765,16375,16254,816,17070,208
2021-07-01,Shasta,089,179085,12644,12582,1654,14236,204
2021-07-01,Sierra,091,2930,63,60,12,72,0
2021-07-01,Siskiyou,093,43540,1976,1899,383,2282,29
2021-07-01,Solano,095,438530,33648,33486,583,34069,268
2021-07-01,Sonoma,097,501317,31190,31000,369,31369,316
2021-07-01,Stanislaus,099,539301,57253,57018,6063,63081,1018
2021-07-01,Sutter,101,95872,9665,9644,90,9734,114
2021-07-01,Tehama,103,63373,5163,5124,593,5717,63
2021-07-01,Trinity,105,12862,494,341,100,441,3
2021-07-01,Tulare,107,460477,50530,49789,9197,58986,853
2021-07-01,Tuolumne,109,53932,4094,4113,43,4156,64
2021-07-01,Ventura,111,848112,82043,81425,3076,84501,1033
2021-07-01,Yolo,113,214977,14259,14188,362,14550,213
2021-07-01,Yuba,115,75493,6252,6197,133,6330,51
2021-06-30,Alameda,001,1643700,89942,89597,2008,91605,1256
2021-06-30,Alpine,003,1148,88,89,0,89,0
2021-06-30,Amador,005,37829,3770,3756,33,3789,46
2021-06-30,Butte,007,227075,12835,12676,1877,14553,201
2021-06-30,Calaveras,009,45235,2215,2198,13,2211,55
2021-06-30,Colusa,011,21464,1972,1967,321,2288,15
2021-06-30,Contra Costa,013,1133247,71402,70869,1340,72209,818
2021-06-30,Del Norte,015,27424,1470,1435,13,1448,8
2021-06-30,El Dorado,017,186661,10535,10420,800,11220,113
2021-06-30,Fresno,019,978130,103612,102490,8805,111295,1727
2021-06-30,Glenn,021,27897,2455,2440,570,3010,20
2021-06-30,Humboldt,023,135768,4549,4522,50,4572,49
2021-06-30,Imperial,025,180216,28825,28651,2757,31408,739
2021-06-30,Inyo,027,18085,1416,1409,13,1422,35
2021-06-30,Kern,029,883053,98056,97267,11220,108487,1348
2021-06-30,Kings,031,150075,23318,23038,1115,24153,245
2021-06-30,Lake,033,64148,3643,3601,13,3614,56
2021-06-30,Lassen,035,31185,5296,5269,117,5386,20
2021-06-30,Los Angeles,037,10098052,1215102,1208246,41811,1250057,24499
2021-06-30,Madera,039,155013,16838,16688,954,17642,240
2021-06-30,Marin,041,260295,14263,14133,266,14399,232
2021-06-30,Mariposa,043,17540,441,441,11,452,5
2021-06-30,Mendocino,045,87422,4210,4115,85,4200,49
2021-06-30,Merced,047,269075,31304,31286,1066,32352,469
2021-06-30,Modoc,049,8938,420,410,148,558,4
2021-06-30,Mono,051,14174,1266,1275,18,1293,3
2021-06-30,Monterey,053,433212,43365,43209,1881,45090,492
2021-06-30,Napa,055,140530,10063,10039,40,10079,81
2021-06-30,Nevada,057,99092,4999,4958,197,5155,72
2021-06-30,Orange,059,3164182,257119,255764,11642,267406,5125
2021-06-30,Placer,061,380077,23979,23721,1564,25285,299
2021-06-30,Plumas,063,18699,725,705,12,717,4
2021-06-30,Riverside,065,2383286,296170,293280,14231,307511,4535
2021-06-30,Sacramento,067,1510023,108955,108137,1862,109999,1676
2021-06-30,San Benito,069,59416,6123,6105,116,6221,63
2021-06-30,San Bernardino,071,2135413,295382,294211,9110,303321,4975
2021-06-30,San Diego,073,3302833,283773,282583,15484,298067,3780
2021-06-30,San Francisco,075,870044,37312,37065,1322,38387,558
2021-06-30,San Joaquin,077,732212,74338,73777,3664,77441,1409
2021-06-30,San Luis Obispo,079,281455,21576,21326,765,22091,256
2021-06-30,San Mateo,081,765935,42892,42599,496,43095,537
2021-06-30,Santa Barbara,083,443738,34682,34521,1151,35672,456
2021-06-30,Santa Clara,085,1922200,119730,118930,788,119718,2090
2021-06-30,Santa Cruz,087,273765,16369,16250,816,17066,208
2021-06-30,Shasta,089,179085,12638,12564,1654,14218,204
2021-06-30,Sierra,091,2930,63,60,12,72,0
2021-06-30,Siskiyou,093,43540,1974,1900,380,2280,29
2021-06-30,Solano,095,438530,33609,33453,581,34034,268
2021-06-30,Sonoma,097,501317,31160,30947,369,31316,316
2021-06-30,Stanislaus,099,539301,57236,56997,6062,63059,1018
2021-06-30,Sutter,101,95872,9655,9638,90,9728,114
2021-06-30,Tehama,103,63373,5161,5124,593,5717,63
2021-06-30,Trinity,105,12862,494,341,100,441,3
2021-06-30,Tulare,107,460477,50519,49764,9186,58950,853
2021-06-30,Tuolumne,109,53932,4091,4112,43,4155,64
2021-06-30,Ventura,111,848112,82000,81392,3071,84463,1032
2021-06-30,Yolo,113,214977,14253,14178,359,14537,213
2021-06-30,Yuba,115,75493,6245,6191,133,6324,51
2021-06-29,Alameda,001,1643700,89835,89519,2006,91525,1257
2021-06-29,Alpine,003,1148,88,89,0,89,0
2021-06-29,Amador,005,37829,3766,3754,33,3787,46
2021-06-29,Butte,007,227075,12827,12669,1877,14546,201
2021-06-29,Calaveras,009,45235,2209,2198,13,2211,55
2021-06-29,Colusa,011,21464,1970,1967,321,2288,15
2021-06-29,Contra Costa,013,1133247,71328,70775,1339,72114,817
2021-06-29,Del Norte,015,27424,1469,1435,13,1448,8
2021-06-29,El Dorado,017,186661,10522,10403,796,11199,113
2021-06-29,Fresno,019,978130,103579,102464,8802,111266,1725
2021-06-29,Glenn,021,27897,2454,2439,570,3009,20
2021-06-29,Humboldt,023,135768,4545,4514,49,4563,49
2021-06-29,Imperial,025,180216,28816,28645,2756,31401,737
2021-06-29,Inyo,027,18085,1416,1408,13,1421,35
2021-06-29,Kern,029,883053,98035,97173,11214,108387,1347
2021-06-29,Kings,031,150075,23309,23035,1114,24149,245
2021-06-29,Lake,033,64148,3637,3594,13,3607,56
2021-06-29,Lassen,035,31185,5289,5268,117,5385,20
2021-06-29,Los Angeles,037,10098052,1214491,1207895,41781,1249676,24498
2021-06-29,Madera,039,155013,16834,16680,953,17633,240
2021-06-29,Marin,041,260295,14251,14127,266,14393,232
2021-06-29,Mariposa,043,17540,441,441,11,452,5
2021-06-29,Mendocino,045,87422,4206,4107,84,4191,49
2021-06-29,Merced,047,269075,31292,31277,1066,32343,469
2021-06-29,Modoc,049,8938,419,408,148,556,3
2021-06-29,Mono,051,14174,1266,1275,18,1293,3
2021-06-29,Monterey,053,433212,43355,43196,1879,45075,471
2021-06-29,Napa,055,140530,10057,10033,40,10073,81
2021-06-29,Nevada,057,99092,4992,4952,197,5149,72
2021-06-29,Orange,059,3164182,257019,255686,11627,267313,5124
2021-06-29,Placer,061,380077,23959,23693,1562,25255,299
2021-06-29,Plumas,063,18699,725,704,12,716,4
2021-06-29,Riverside,065,2383286,296071,292962,14224,307186,4524
2021-06-29,Sacramento,067,1510023,108803,108067,1859,109926,1677
2021-06-29,San Benito,069,59416,6112,6099,116,6215,63
2021-06-29,San Bernardino,071,2135413,295270,294118,9108,303226,4940
2021-06-29,San Diego,073,3302833,283617,282499,15457,297956,3780
2021-06-29,San Francisco,075,870044,37274,37041,1319,38360,558
2021-06-29,San Joaquin,077,732212,74290,73724,3661,77385,1409
2021-06-29,San Luis Obispo,079,281455,21566,21324,764,22088,256
2021-06-29,San Mateo,081,765935,42858,42540,496,43036,540
2021-06-29,Santa Barbara,083,443738,34672,34507,1150,35657,455
2021-06-29,Santa Clara,085,1922200,119676,118893,787,119680,2090
2021-06-29,Santa Cruz,087,273765,16363,16249,816,17065,208
2021-06-29,Shasta,089,179085,12626,12564,1653,14217,204
2021-06-29,Sierra,091,2930,63,59,12,71,0
2021-06-29,Siskiyou,093,43540,1971,1897,376,2273,29
2021-06-29,Solano,095,438530,33576,33440,579,34019,268
2021-06-29,Sonoma,097,501317,31118,30950,367,31317,316
2021-06-29,Stanislaus,099,539301,57215,56980,6055,63035,1018
2021-06-29,Sutter,101,95872,9644,9634,90,9724,114
2021-06-29,Tehama,103,63373,5161,5124,593,5717,63
2021-06-29,Trinity,105,12862,494,341,100,441,3
2021-06-29,Tulare,107,460477,50506,49751,9181,58932,852
2021-06-29,Tuolumne,109,53932,4089,4111,43,4154,64
2021-06-29,Ventura,111,848112,81962,81363,3065,84428,1032
2021-06-29,Yolo,113,214977,14241,14171,358,14529,213
2021-06-29,Yuba,115,75493,6235,6188,133,6321,51
2021-06-28,Alameda,001,1643700,89741,89638,2003,91641,1259
2021-06-28,Alpine,003,1148,88,89,0,89,0
2021-06-28,Amador,005,37829,3765,3753,33,3786,46
2021-06-28,Butte,007,227075,12818,12697,1875,14572,198
2021-06-28,Calaveras,009,45235,2206,2203,13,2216,55
2021-06-28,Colusa,011,21464,1968,1974,321,2295,15
2021-06-28,Contra Costa,013,1133247,71254,70807,1337,72144,816
2021-06-28,Del Norte,015,27424,1469,1436,13,1449,8
2021-06-28,El Dorado,017,186661,10512,10422,792,11214,115
2021-06-28,Fresno,019,978130,103548,103121,8800,111921,1727
2021-06-28,Glenn,021,27897,2454,2439,570,3009,20
2021-06-28,Humboldt,023,135768,4538,4520,48,4568,49
2021-06-28,Imperial,025,180216,28808,28981,2755,31736,741
2021-06-28,Inyo,027,18085,1413,1407,13,1420,35
2021-06-28,Kern,029,883053,98016,97252,11209,108461,1348
2021-06-28,Kings,031,150075,23303,23134,1114,24248,246
2021-06-28,Lake,033,64148,3629,3591,13,3604,56
2021-06-28,Lassen,035,31185,5287,5268,117,5385,20
2021-06-28,Los Angeles,037,10098052,1213972,1207714,41746,1249460,24496
2021-06-28,Madera,039,155013,16823,16683,952,17635,240
2021-06-28,Marin,041,260295,14236,14186,266,14452,232
2021-06-28,Mariposa,043,17540,441,440,11,451,5
2021-06-28,Mendocino,045,87422,4197,4102,83,4185,49
2021-06-28,Merced,047,269075,31280,31277,1066,32343,469
2021-06-28,Modoc,049,8938,419,411,147,558,3
2021-06-28,Mono,051,14174,1266,1276,18,1294,3
2021-06-28,Monterey,053,433212,43351,43202,1878,45080,462
2021-06-28,Napa,055,140530,10048,10050,39,10089,81
2021-06-28,Nevada,057,99092,4988,4951,197,5148,72
2021-06-28,Orange,059,3164182,256929,255755,11613,267368,5123
2021-06-28,Placer,061,380077,23939,23756,1558,25314,299
2021-06-28,Plumas,063,18699,723,704,12,716,4
2021-06-28,Riverside,065,2383286,295945,292647,14211,306858,4507
2021-06-28,Sacramento,067,1510023,108671,108342,1854,110196,1675
2021-06-28,San Benito,069,59416,6110,6101,116,6217,63
2021-06-28,San Bernardino,071,2135413,295169,294151,9103,303254,4928
2021-06-28,San Diego,073,3302833,283453,282417,15428,297845,3780
2021-06-28,San Francisco,075,870044,37238,37372,1317,38689,559
2021-06-28,San Joaquin,077,732212,74243,73973,3657,77630,1411
2021-06-28,San Luis Obispo,079,281455,21562,21340,763,22103,256
2021-06-28,San Mateo,081,765935,42824,42927,495,43422,540
2021-06-28,Santa Barbara,083,443738,34665,34534,1148,35682,455
2021-06-28,Santa Clara,085,1922200,119612,120377,786,121163,2103
2021-06-28,Santa Cruz,087,273765,16358,16245,816,17061,208
2021-06-28,Shasta,089,179085,12622,12642,1651,14293,203
2021-06-28,Sierra,091,2930,63,58,12,70,0
2021-06-28,Siskiyou,093,43540,1970,1896,376,2272,29
2021-06-28,Solano,095,438530,33540,33524,577,34101,267
2021-06-28,Sonoma,097,501317,31081,31137,366,31503,315
2021-06-28,Stanislaus,099,539301,57197,57047,6051,63098,1018
2021-06-28,Sutter,101,95872,9640,9682,90,9772,114
2021-06-28,Tehama,103,63373,5159,5122,593,5715,63
2021-06-28,Trinity,105,12862,494,341,100,441,3
2021-06-28,Tulare,107,460477,50496,49751,9177,58928,850
2021-06-28,Tuolumne,109,53932,4082,4121,43,4164,64
2021-06-28,Ventura,111,848112,81905,81393,3060,84453,1032
2021-06-28,Yolo,113,214977,14232,14199,355,14554,213
2021-06-28,Yuba,115,75493,6230,6207,133,6340,51
2021-06-27,Alameda,001,1643700,89654,89611,1999,91610,1259
2021-06-27,Alpine,003,1148,88,89,0,89,0
2021-06-27,Amador,005,37829,3764,3752,33,3785,46
2021-06-27,Butte,007,227075,12809,12696,1874,14570,198
2021-06-27,Calaveras,009,45235,2205,2203,13,2216,55
2021-06-27,Colusa,011,21464,1968,1974,321,2295,15
2021-06-27,Contra Costa,013,1133247,71168,70762,1333,72095,816
2021-06-27,Del Norte,015,27424,1466,1436,13,1449,8
2021-06-27,El Dorado,017,186661,10500,10418,789,11207,115
2021-06-27,Fresno,019,978130,103519,103110,8798,111908,1727
2021-06-27,Glenn,021,27897,2453,2439,569,3008,20
2021-06-27,Humboldt,023,135768,4526,4513,45,4558,49
2021-06-27,Imperial,025,180216,28794,28987,2755,31742,741
2021-06-27,Inyo,027,18085,1413,1407,13,1420,35
2021-06-27,Kern,029,883053,97990,97249,11202,108451,1348
2021-06-27,Kings,031,150075,23293,23132,1114,24246,246
2021-06-27,Lake,033,64148,3622,3581,13,3594,56
2021-06-27,Lassen,035,31185,5286,5265,117,5382,20
2021-06-27,Los Angeles,037,10098052,1213425,1207461,41706,1249167,24493
2021-06-27,Madera,039,155013,16815,16680,952,17632,240
2021-06-27,Marin,041,260295,14227,14182,266,14448,232
2021-06-27,Mariposa,043,17540,441,440,11,451,5
2021-06-27,Mendocino,045,87422,4190,4100,83,4183,49
2021-06-27,Merced,047,269075,31268,31266,1066,32332,469
2021-06-27,Modoc,049,8938,419,411,147,558,3
2021-06-27,Mono,051,14174,1266,1279,18,1297,3
2021-06-27,Monterey,053,433212,43338,43199,1878,45077,462
2021-06-27,Napa,055,140530,10042,10046,39,10085,81
2021-06-27,Nevada,057,99092,4982,4946,197,5143,72
2021-06-27,Orange,059,3164182,256815,255710,11602,267312,5123
2021-06-27,Placer,061,380077,23906,23731,1555,25286,299
2021-06-27,Plumas,063,18699,723,704,12,716,4
2021-06-27,Riverside,065,2383286,295843,292641,14204,306845,4507
2021-06-27,Sacramento,067,1510023,108536,108279,1850,110129,1675
2021-06-27,San Benito,069,59416,6104,6101,116,6217,63
2021-06-27,San Bernardino,071,2135413,295056,294115,9101,303216,4927
2021-06-27,San Diego,073,3302833,283313,282359,15402,297761,3780
2021-06-27,San Francisco,075,870044,37201,37360,1316,38676,559
2021-06-27,San Joaquin,077,732212,74207,73960,3655,77615,1411
2021-06-27,San Luis Obispo,079,281455,21555,21340,762,22102,256
2021-06-27,San Mateo,081,765935,42795,42925,492,43417,539
2021-06-27,Santa Barbara,083,443738,34651,34533,1146,35679,455
2021-06-27,Santa Clara,085,1922200,119561,120352,785,121137,2103
2021-06-27,Santa Cruz,087,273765,16349,16241,816,17057,208
2021-06-27,Shasta,089,179085,12616,12640,1650,14290,203
2021-06-27,Sierra,091,2930,63,58,12,70,0
2021-06-27,Siskiyou,093,43540,1968,1896,375,2271,29
2021-06-27,Solano,095,438530,33512,33516,577,34093,267
2021-06-27,Sonoma,097,501317,31043,31129,366,31495,315
2021-06-27,Stanislaus,099,539301,57157,57021,6048,63069,1018
2021-06-27,Sutter,101,95872,9634,9678,90,9768,114
2021-06-27,Tehama,103,63373,5155,5122,593,5715,63
2021-06-27,Trinity,105,12862,494,341,99,440,3
2021-06-27,Tulare,107,460477,50483,49749,9170,58919,850
2021-06-27,Tuolumne,109,53932,4080,4121,43,4164,64
2021-06-27,Ventura,111,848112,81871,81361,3051,84412,1032
2021-06-27,Yolo,113,214977,14217,14194,351,14545,213
2021-06-27,Yuba,115,75493,6224,6205,133,6338,51
2021-06-26,Alameda,001,1643700,89597,89560,1997,91557,1259
2021-06-26,Alpine,003,1148,88,89,0,89,0
2021-06-26,Amador,005,37829,3764,3748,33,3781,46
2021-06-26,Butte,007,227075,12805,12693,1871,14564,198
2021-06-26,Calaveras,009,45235,2203,2202,13,2215,55
2021-06-26,Colusa,011,21464,1968,1973,321,2294,15
2021-06-26,Contra Costa,013,1133247,71125,70712,1332,72044,816
2021-06-26,Del Norte,015,27424,1465,1432,13,1445,8
2021-06-26,El Dorado,017,186661,10492,10414,787,11201,115
2021-06-26,Fresno,019,978130,103499,103091,8796,111887,1727
2021-06-26,Glenn,021,27897,2451,2441,569,3010,20
2021-06-26,Humboldt,023,135768,4523,4509,45,4554,49
2021-06-26,Imperial,025,180216,28790,28970,2755,31725,741
2021-06-26,Inyo,027,18085,1413,1407,13,1420,35
2021-06-26,Kern,029,883053,97964,97239,11193,108432,1348
2021-06-26,Kings,031,150075,23289,23128,1113,24241,246
2021-06-26,Lake,033,64148,3611,3576,13,3589,56
2021-06-26,Lassen,035,31185,5283,5263,117,5380,20
2021-06-26,Los Angeles,037,10098052,1213117,1207198,41673,1248871,24490
2021-06-26,Madera,039,155013,16808,16679,951,17630,240
2021-06-26,Marin,041,260295,14218,14180,266,14446,232
2021-06-26,Mariposa,043,17540,441,440,11,451,5
2021-06-26,Mendocino,045,87422,4188,4096,83,4179,49
2021-06-26,Merced,047,269075,31262,31259,1065,32324,469
2021-06-26,Modoc,049,8938,419,411,147,558,3
2021-06-26,Mono,051,14174,1266,1279,18,1297,3
2021-06-26,Monterey,053,433212,43335,43192,1878,45070,462
2021-06-26,Napa,055,140530,10035,10043,39,10082,81
2021-06-26,Nevada,057,99092,4977,4939,197,5136,72
2021-06-26,Orange,059,3164182,256736,255640,11595,267235,5123
2021-06-26,Placer,061,380077,23892,23702,1553,25255,299
2021-06-26,Plumas,063,18699,723,704,12,716,4
2021-06-26,Riverside,065,2383286,295785,292480,14198,306678,4505
2021-06-26,Sacramento,067,1510023,108465,108179,1848,110027,1675
2021-06-26,San Benito,069,59416,6100,6100,116,6216,63
2021-06-26,San Bernardino,071,2135413,294961,294034,9096,303130,4928
2021-06-26,San Diego,073,3302833,283228,282263,15384,297647,3780
2021-06-26,San Francisco,075,870044,37169,37348,1315,38663,559
2021-06-26,San Joaquin,077,732212,74178,73928,3654,77582,1411
2021-06-26,San Luis Obispo,079,281455,21554,21330,761,22091,256
2021-06-26,San Mateo,081,765935,42775,42898,492,43390,539
2021-06-26,Santa Barbara,083,443738,34642,34525,1146,35671,455
2021-06-26,Santa Clara,085,1922200,119528,120321,785,121106,2103
2021-06-26,Santa Cruz,087,273765,16346,16239,816,17055,208
2021-06-26,Shasta,089,179085,12612,12635,1646,14281,203
2021-06-26,Sierra,091,2930,63,58,12,70,0
2021-06-26,Siskiyou,093,43540,1967,1896,374,2270,29
2021-06-26,Solano,095,438530,33494,33489,575,34064,267
2021-06-26,Sonoma,097,501317,31017,31088,366,31454,315
2021-06-26,Stanislaus,099,539301,57141,57006,6045,63051,1018
2021-06-26,Sutter,101,95872,9633,9669,90,9759,114
2021-06-26,Tehama,103,63373,5155,5119,593,5712,63
2021-06-26,Trinity,105,12862,494,341,99,440,3
2021-06-26,Tulare,107,460477,50477,49745,9170,58915,850
2021-06-26,Tuolumne,109,53932,4080,4121,43,4164,64
2021-06-26,Ventura,111,848112,81847,81352,3050,84402,1032
2021-06-26,Yolo,113,214977,14209,14184,351,14535,213
2021-06-26,Yuba,115,75493,6221,6200,133,6333,51
2021-06-25,Alameda,001,1643700,89530,89453,1995,91448,1271
2021-06-25,Alpine,003,1148,88,89,0,89,0
2021-06-25,Amador,005,37829,3763,3746,33,3779,46
2021-06-25,Butte,007,227075,12800,12682,1868,14550,198
2021-06-25,Calaveras,009,45235,2202,2201,13,2214,55
2021-06-25,Colusa,011,21464,1968,1972,321,2293,15
2021-06-25,Contra Costa,013,1133247,71089,70659,1332,71991,815
2021-06-25,Del Norte,015,27424,1465,1426,13,1439,8
2021-06-25,El Dorado,017,186661,10484,10406,784,11190,115
2021-06-25,Fresno,019,978130,103481,103073,8792,111865,1727
2021-06-25,Glenn,021,27897,2451,2441,569,3010,20
2021-06-25,Humboldt,023,135768,4517,4503,43,4546,49
2021-06-25,Imperial,025,180216,28787,28968,2755,31723,740
2021-06-25,Inyo,027,18085,1412,1406,13,1419,35
2021-06-25,Kern,029,883053,97945,97182,11189,108371,1347
2021-06-25,Kings,031,150075,23283,23118,1113,24231,246
2021-06-25,Lake,033,64148,3605,3571,13,3584,56
2021-06-25,Lassen,035,31185,5282,5259,117,5376,20
2021-06-25,Los Angeles,037,10098052,1212832,1206909,41656,1248565,24483
2021-06-25,Madera,039,155013,16805,16670,951,17621,240
2021-06-25,Marin,041,260295,14215,14179,266,14445,232
2021-06-25,Mariposa,043,17540,441,440,11,451,5
2021-06-25,Mendocino,045,87422,4185,4089,83,4172,49
2021-06-25,Merced,047,269075,31254,31256,1065,32321,467
2021-06-25,Modoc,049,8938,419,411,147,558,3
2021-06-25,Mono,051,14174,1266,1279,18,1297,3
2021-06-25,Monterey,053,433212,43330,43184,1877,45061,462
2021-06-25,Napa,055,140530,10030,10037,39,10076,81
2021-06-25,Nevada,057,99092,4974,4932,197,5129,72
2021-06-25,Orange,059,3164182,256665,255574,11593,267167,5119
2021-06-25,Placer,061,380077,23873,23672,1552,25224,299
2021-06-25,Plumas,063,18699,723,702,11,713,4
2021-06-25,Riverside,065,2383286,295717,291663,14191,305854,4490
2021-06-25,Sacramento,067,1510023,108393,108034,1845,109879,1673
2021-06-25,San Benito,069,59416,6096,6098,116,6214,63
2021-06-25,San Bernardino,071,2135413,294906,293941,9094,303035,4911
2021-06-25,San Diego,073,3302833,283168,282157,15371,297528,3779
2021-06-25,San Francisco,075,870044,37146,37338,1314,38652,559
2021-06-25,San Joaquin,077,732212,74145,73860,3652,77512,1410
2021-06-25,San Luis Obispo,079,281455,21551,21325,760,22085,256
2021-06-25,San Mateo,081,765935,42757,42849,492,43341,537
2021-06-25,Santa Barbara,083,443738,34633,34518,1145,35663,454
2021-06-25,Santa Clara,085,1922200,119508,120272,785,121057,2103
2021-06-25,Santa Cruz,087,273765,16343,16230,814,17044,208
2021-06-25,Shasta,089,179085,12602,12633,1645,14278,202
2021-06-25,Sierra,091,2930,63,58,12,70,0
2021-06-25,Siskiyou,093,43540,1966,1894,374,2268,29
2021-06-25,Solano,095,438530,33474,33449,575,34024,267
2021-06-25,Sonoma,097,501317,30994,31043,366,31409,314
2021-06-25,Stanislaus,099,539301,57125,56973,6038,63011,1018
2021-06-25,Sutter,101,95872,9626,9664,90,9754,114
2021-06-25,Tehama,103,63373,5154,5119,593,5712,63
2021-06-25,Trinity,105,12862,494,338,99,437,3
2021-06-25,Tulare,107,460477,50470,49731,9167,58898,850
2021-06-25,Tuolumne,109,53932,4079,4121,43,4164,64
2021-06-25,Ventura,111,848112,81818,81342,3044,84386,1032
2021-06-25,Yolo,113,214977,14203,14172,351,14523,213
2021-06-25,Yuba,115,75493,6217,6195,133,6328,51
2021-06-24,Alameda,001,1643700,89459,89358,1992,91350,1268
2021-06-24,Alpine,003,1148,88,89,0,89,0
2021-06-24,Amador,005,37829,3759,3745,33,3778,46
2021-06-24,Butte,007,227075,12794,12673,1866,14539,198
2021-06-24,Calaveras,009,45235,2199,2202,13,2215,55
2021-06-24,Colusa,011,21464,1967,1972,321,2293,15
2021-06-24,Contra Costa,013,1133247,71030,70590,1332,71922,813
2021-06-24,Del Norte,015,27424,1464,1421,13,1434,8
2021-06-24,El Dorado,017,186661,10477,10402,784,11186,115
2021-06-24,Fresno,019,978130,103461,103061,8790,111851,1727
2021-06-24,Glenn,021,27897,2450,2439,569,3008,20
2021-06-24,Humboldt,023,135768,4512,4493,43,4536,49
2021-06-24,Imperial,025,180216,28784,28981,2755,31736,740
2021-06-24,Inyo,027,18085,1411,1406,13,1419,35
2021-06-24,Kern,029,883053,97926,97129,11176,108305,1346
2021-06-24,Kings,031,150075,23279,23114,1111,24225,246
2021-06-24,Lake,033,64148,3599,3571,13,3584,56
2021-06-24,Lassen,035,31185,5281,5258,117,5375,20
2021-06-24,Los Angeles,037,10098052,1212508,1206590,41633,1248223,24480
2021-06-24,Madera,039,155013,16794,16662,950,17612,240
2021-06-24,Marin,041,260295,14211,14180,266,14446,232
2021-06-24,Mariposa,043,17540,441,440,11,451,5
2021-06-24,Mendocino,045,87422,4177,4085,83,4168,49
2021-06-24,Merced,047,269075,31244,31248,1064,32312,466
2021-06-24,Modoc,049,8938,419,411,147,558,3
2021-06-24,Mono,051,14174,1266,1276,18,1294,3
2021-06-24,Monterey,053,433212,43323,43180,1877,45057,451
2021-06-24,Napa,055,140530,10028,10036,39,10075,80
2021-06-24,Nevada,057,99092,4972,4927,197,5124,72
2021-06-24,Orange,059,3164182,256601,255520,11585,267105,5117
2021-06-24,Placer,061,380077,23848,23659,1550,25209,299
2021-06-24,Plumas,063,18699,722,702,11,713,4
2021-06-24,Riverside,065,2383286,295637,291067,14180,305247,4473
2021-06-24,Sacramento,067,1510023,108305,107965,1843,109808,1672
2021-06-24,San Benito,069,59416,6093,6098,116,6214,63
2021-06-24,San Bernardino,071,2135413,294836,293895,9089,302984,4898
2021-06-24,San Diego,073,3302833,283064,282053,15358,297411,3778
2021-06-24,San Francisco,075,870044,37124,37320,1312,38632,559
2021-06-24,San Joaquin,077,732212,74097,73814,3652,77466,1408
2021-06-24,San Luis Obispo,079,281455,21545,21326,760,22086,256
2021-06-24,San Mateo,081,765935,42731,42814,491,43305,542
2021-06-24,Santa Barbara,083,443738,34627,34512,1144,35656,454
2021-06-24,Santa Clara,085,1922200,119477,120274,784,121058,2103
2021-06-24,Santa Cruz,087,273765,16342,16227,814,17041,208
2021-06-24,Shasta,089,179085,12597,12629,1641,14270,202
2021-06-24,Sierra,091,2930,63,58,12,70,0
2021-06-24,Siskiyou,093,43540,1966,1892,374,2266,28
2021-06-24,Solano,095,438530,33451,33432,573,34005,267
2021-06-24,Sonoma,097,501317,30965,31020,366,31386,314
2021-06-24,Stanislaus,099,539301,57099,56946,6038,62984,1018
2021-06-24,Sutter,101,95872,9619,9660,90,9750,113
2021-06-24,Tehama,103,63373,5151,5115,593,5708,63
2021-06-24,Trinity,105,12862,493,338,99,437,3
2021-06-24,Tulare,107,460477,50459,49730,9165,58895,850
2021-06-24,Tuolumne,109,53932,4077,4120,43,4163,64
2021-06-24,Ventura,111,848112,81790,81332,3043,84375,1032
2021-06-24,Yolo,113,214977,14194,14169,348,14517,213
2021-06-24,Yuba,115,75493,6212,6195,133,6328,51
2021-06-23,Alameda,001,1643700,89387,89338,1991,91329,1266
2021-06-23,Alpine,003,1148,88,88,0,88,0
2021-06-23,Amador,005,37829,3757,3743,33,3776,46
2021-06-23,Butte,007,227075,12787,12666,1866,14532,198
2021-06-23,Calaveras,009,45235,2198,2199,13,2212,55
2021-06-23,Colusa,011,21464,1966,1972,321,2293,15
2021-06-23,Contra Costa,013,1133247,70965,70526,1331,71857,813
2021-06-23,Del Norte,015,27424,1460,1418,13,1431,8
2021-06-23,El Dorado,017,186661,10468,10395,781,11176,115
2021-06-23,Fresno,019,978130,103432,103020,8788,111808,1724
2021-06-23,Glenn,021,27897,2450,2437,568,3005,20
2021-06-23,Humboldt,023,135768,4503,4490,43,4533,48
2021-06-23,Imperial,025,180216,28777,28908,2755,31663,740
2021-06-23,Inyo,027,18085,1411,1406,13,1419,35
2021-06-23,Kern,029,883053,97898,97078,11163,108241,1345
2021-06-23,Kings,031,150075,23272,23105,1109,24214,245
2021-06-23,Lake,033,64148,3590,3566,13,3579,53
2021-06-23,Lassen,035,31185,5278,5257,117,5374,20
2021-06-23,Los Angeles,037,10098052,1212170,1206358,41623,1247981,24472
2021-06-23,Madera,039,155013,16787,16660,950,17610,240
2021-06-23,Marin,041,260295,14205,14177,266,14443,230
2021-06-23,Mariposa,043,17540,441,439,11,450,5
2021-06-23,Mendocino,045,87422,4173,4078,83,4161,49
2021-06-23,Merced,047,269075,31235,31260,1064,32324,465
2021-06-23,Modoc,049,8938,417,407,147,554,3
2021-06-23,Mono,051,14174,1266,1279,18,1297,3
2021-06-23,Monterey,053,433212,43314,43166,1877,45043,439
2021-06-23,Napa,055,140530,10019,10032,39,10071,80
2021-06-23,Nevada,057,99092,4969,4924,197,5121,72
2021-06-23,Orange,059,3164182,256535,255479,11577,267056,5116
2021-06-23,Placer,061,380077,23819,23630,1545,25175,299
2021-06-23,Plumas,063,18699,721,701,11,712,4
2021-06-23,Riverside,065,2383286,295554,290343,14178,304521,4462
2021-06-23,Sacramento,067,1510023,108213,107868,1838,109706,1671
2021-06-23,San Benito,069,59416,6089,6097,116,6213,63
2021-06-23,San Bernardino,071,2135413,294757,293816,9084,302900,4886
2021-06-23,San Diego,073,3302833,282964,281937,15337,297274,3777
2021-06-23,San Francisco,075,870044,37100,37304,1310,38614,559
2021-06-23,San Joaquin,077,732212,74058,73764,3650,77414,1405
2021-06-23,San Luis Obispo,079,281455,21541,21323,759,22082,257
2021-06-23,San Mateo,081,765935,42715,42756,491,43247,542
2021-06-23,Santa Barbara,083,443738,34617,34505,1144,35649,454
2021-06-23,Santa Clara,085,1922200,119448,120233,784,121017,2098
2021-06-23,Santa Cruz,087,273765,16338,16215,814,17029,209
2021-06-23,Shasta,089,179085,12590,12604,1639,14243,202
2021-06-23,Sierra,091,2930,63,57,12,69,0
2021-06-23,Siskiyou,093,43540,1964,1892,374,2266,28
2021-06-23,Solano,095,438530,33407,33408,573,33981,267
2021-06-23,Sonoma,097,501317,30925,30959,364,31323,314
2021-06-23,Stanislaus,099,539301,57069,56926,6037,62963,1017
2021-06-23,Sutter,101,95872,9613,9653,90,9743,113
2021-06-23,Tehama,103,63373,5151,5119,592,5711,63
2021-06-23,Trinity,105,12862,493,338,99,437,3
2021-06-23,Tulare,107,460477,50452,49711,9161,58872,850
2021-06-23,Tuolumne,109,53932,4074,4120,43,4163,64
2021-06-23,Ventura,111,848112,81767,81312,3040,84352,1032
2021-06-23,Yolo,113,214977,14184,14161,348,14509,212
2021-06-23,Yuba,115,75493,6209,6190,133,6323,51
2021-06-22,Alameda,001,1643700,89320,89308,1991,91299,1263
2021-06-22,Alpine,003,1148,88,88,0,88,0
2021-06-22,Amador,005,37829,3754,3743,33,3776,46
2021-06-22,Butte,007,227075,12783,12662,1863,14525,198
2021-06-22,Calaveras,009,45235,2197,2198,13,2211,55
2021-06-22,Colusa,011,21464,1965,1971,321,2292,15
2021-06-22,Contra Costa,013,1133247,70909,70480,1330,71810,813
2021-06-22,Del Norte,015,27424,1457,1417,13,1430,8
2021-06-22,El Dorado,017,186661,10463,10380,780,11160,113
2021-06-22,Fresno,019,978130,103413,102996,8784,111780,1724
2021-06-22,Glenn,021,27897,2449,2435,566,3001,19
2021-06-22,Humboldt,023,135768,4493,4483,43,4526,42
2021-06-22,Imperial,025,180216,28772,28880,2755,31635,740
2021-06-22,Inyo,027,18085,1411,1405,13,1418,35
2021-06-22,Kern,029,883053,97885,97013,11159,108172,1342
2021-06-22,Kings,031,150075,23264,23098,1108,24206,245
2021-06-22,Lake,033,64148,3588,3564,13,3577,45
2021-06-22,Lassen,035,31185,5273,5254,117,5371,20
2021-06-22,Los Angeles,037,10098052,1211856,1206146,41611,1247757,24461
2021-06-22,Madera,039,155013,16782,16652,950,17602,240
2021-06-22,Marin,041,260295,14203,14174,266,14440,230
2021-06-22,Mariposa,043,17540,441,439,11,450,5
2021-06-22,Mendocino,045,87422,4167,4072,83,4155,49
2021-06-22,Merced,047,269075,31224,31267,1064,32331,464
2021-06-22,Modoc,049,8938,415,405,146,551,3
2021-06-22,Mono,051,14174,1266,1277,18,1295,3
2021-06-22,Monterey,053,433212,43311,43162,1876,45038,427
2021-06-22,Napa,055,140530,10015,10029,39,10068,80
2021-06-22,Nevada,057,99092,4963,4923,197,5120,72
2021-06-22,Orange,059,3164182,256466,255452,11566,267018,5114
2021-06-22,Placer,061,380077,23797,23603,1545,25148,299
2021-06-22,Plumas,063,18699,721,697,11,708,4
2021-06-22,Riverside,065,2383286,295493,289839,14174,304013,4456
2021-06-22,Sacramento,067,1510023,108112,107801,1833,109634,1670
2021-06-22,San Benito,069,59416,6088,6098,116,6214,63
2021-06-22,San Bernardino,071,2135413,294682,293770,9078,302848,4873
2021-06-22,San Diego,073,3302833,282860,281867,15314,297181,3771
2021-06-22,San Francisco,075,870044,37086,37287,1310,38597,556
2021-06-22,San Joaquin,077,732212,74028,73723,3648,77371,1405
2021-06-22,San Luis Obispo,079,281455,21538,21321,758,22079,257
2021-06-22,San Mateo,081,765935,42701,42725,486,43211,542
2021-06-22,Santa Barbara,083,443738,34606,34500,1143,35643,454
2021-06-22,Santa Clara,085,1922200,119416,120194,784,120978,2095
2021-06-22,Santa Cruz,087,273765,16333,16218,814,17032,209
2021-06-22,Shasta,089,179085,12579,12616,1636,14252,202
2021-06-22,Sierra,091,2930,62,57,12,69,0
2021-06-22,Siskiyou,093,43540,1964,1892,374,2266,28
2021-06-22,Solano,095,438530,33389,33397,572,33969,267
2021-06-22,Sonoma,097,501317,30885,30933,364,31297,314
2021-06-22,Stanislaus,099,539301,57053,56915,6035,62950,1017
2021-06-22,Sutter,101,95872,9606,9649,90,9739,113
2021-06-22,Tehama,103,63373,5149,5118,591,5709,63
2021-06-22,Trinity,105,12862,491,337,99,436,3
2021-06-22,Tulare,107,460477,50442,49706,9156,58862,850
2021-06-22,Tuolumne,109,53932,4072,4119,43,4162,64
2021-06-22,Ventura,111,848112,81753,81300,3039,84339,1032
2021-06-22,Yolo,113,214977,14179,14157,346,14503,212
2021-06-22,Yuba,115,75493,6205,6181,133,6314,51
2021-06-21,Alameda,001,1643700,89263,89281,1990,91271,1262
2021-06-21,Alpine,003,1148,88,88,0,88,0
2021-06-21,Amador,005,37829,3748,3742,33,3775,46
2021-06-21,Butte,007,227075,12777,12668,1861,14529,195
2021-06-21,Calaveras,009,45235,2195,2194,13,2207,55
2021-06-21,Colusa,011,21464,1964,1970,320,2290,15
2021-06-21,Contra Costa,013,1133247,70838,70439,1328,71767,813
2021-06-21,Del Norte,015,27424,1453,1416,13,1429,8
2021-06-21,El Dorado,017,186661,10457,10375,779,11154,113
2021-06-21,Fresno,019,978130,103393,102971,8781,111752,1724
2021-06-21,Glenn,021,27897,2448,2433,566,2999,19
2021-06-21,Humboldt,023,135768,4484,4478,42,4520,42
2021-06-21,Imperial,025,180216,28768,28855,2755,31610,740
2021-06-21,Inyo,027,18085,1410,1405,13,1418,35
2021-06-21,Kern,029,883053,97856,96995,11150,108145,1342
2021-06-21,Kings,031,150075,23257,23091,1105,24196,245
2021-06-21,Lake,033,64148,3582,3563,13,3576,45
2021-06-21,Lassen,035,31185,5271,5233,117,5350,19
2021-06-21,Los Angeles,037,10098052,1211563,1205994,41589,1247583,24459
2021-06-21,Madera,039,155013,16773,16647,950,17597,240
2021-06-21,Marin,041,260295,14199,14173,266,14439,230
2021-06-21,Mariposa,043,17540,441,439,11,450,5
2021-06-21,Mendocino,045,87422,4164,4085,83,4168,49
2021-06-21,Merced,047,269075,31214,31264,1063,32327,465
2021-06-21,Modoc,049,8938,415,405,146,551,3
2021-06-21,Mono,051,14174,1266,1277,18,1295,3
2021-06-21,Monterey,053,433212,43308,43157,1876,45033,427
2021-06-21,Napa,055,140530,10010,10028,39,10067,80
2021-06-21,Nevada,057,99092,4959,4921,197,5118,72
2021-06-21,Orange,059,3164182,256393,255400,11559,266959,5113
2021-06-21,Placer,061,380077,23773,23577,1545,25122,298
2021-06-21,Plumas,063,18699,719,697,11,708,4
2021-06-21,Riverside,065,2383286,295417,289797,14169,303966,4456
2021-06-21,Sacramento,067,1510023,108001,107757,1832,109589,1669
2021-06-21,San Benito,069,59416,6084,6098,116,6214,63
2021-06-21,San Bernardino,071,2135413,294595,293736,9074,302810,4850
2021-06-21,San Diego,073,3302833,282755,281811,15294,297105,3771
2021-06-21,San Francisco,075,870044,37070,37275,1309,38584,556
2021-06-21,San Joaquin,077,732212,73987,73687,3647,77334,1405
2021-06-21,San Luis Obispo,079,281455,21529,21316,758,22074,257
2021-06-21,San Mateo,081,765935,42685,42685,485,43170,542
2021-06-21,Santa Barbara,083,443738,34601,34492,1143,35635,455
2021-06-21,Santa Clara,085,1922200,119383,120192,783,120975,2093
2021-06-21,Santa Cruz,087,273765,16331,16212,814,17026,208
2021-06-21,Shasta,089,179085,12566,12617,1633,14250,201
2021-06-21,Sierra,091,2930,62,57,12,69,0
2021-06-21,Siskiyou,093,43540,1964,1892,374,2266,27
2021-06-21,Solano,095,438530,33366,33383,571,33954,266
2021-06-21,Sonoma,097,501317,30862,30912,364,31276,314
2021-06-21,Stanislaus,099,539301,57023,56891,6030,62921,1017
2021-06-21,Sutter,101,95872,9603,9649,90,9739,113
2021-06-21,Tehama,103,63373,5149,5115,590,5705,63
2021-06-21,Trinity,105,12862,491,337,99,436,3
2021-06-21,Tulare,107,460477,50431,49689,9152,58841,849
2021-06-21,Tuolumne,109,53932,4068,4119,43,4162,63
2021-06-21,Ventura,111,848112,81725,81291,3035,84326,1031
2021-06-21,Yolo,113,214977,14173,14165,346,14511,212
2021-06-21,Yuba,115,75493,6204,6172,133,6305,51
2021-06-20,Alameda,001,1643700,89198,89255,1989,91244,1263
2021-06-20,Alpine,003,1148,88,88,0,88,0
2021-06-20,Amador,005,37829,3745,3740,33,3773,46
2021-06-20,Butte,007,227075,12770,12668,1860,14528,194
2021-06-20,Calaveras,009,45235,2194,2193,13,2206,55
2021-06-20,Colusa,011,21464,1964,1970,320,2290,15
2021-06-20,Contra Costa,013,1133247,70781,70401,1326,71727,813
2021-06-20,Del Norte,015,27424,1449,1416,13,1429,8
2021-06-20,El Dorado,017,186661,10443,10372,776,11148,113
2021-06-20,Fresno,019,978130,103352,102947,8777,111724,1724
2021-06-20,Glenn,021,27897,2448,2434,566,3000,19
2021-06-20,Humboldt,023,135768,4478,4472,42,4514,42
2021-06-20,Imperial,025,180216,28759,28855,2755,31610,740
2021-06-20,Inyo,027,18085,1409,1405,13,1418,35
2021-06-20,Kern,029,883053,97835,96985,11139,108124,1342
2021-06-20,Kings,031,150075,23252,23088,1103,24191,245
2021-06-20,Lake,033,64148,3580,3563,13,3576,45
2021-06-20,Lassen,035,31185,5268,5230,117,5347,19
2021-06-20,Los Angeles,037,10098052,1211260,1205874,41581,1247455,24456
2021-06-20,Madera,039,155013,16765,16638,948,17586,240
2021-06-20,Marin,041,260295,14196,14166,266,14432,230
2021-06-20,Mariposa,043,17540,439,439,11,450,5
2021-06-20,Mendocino,045,87422,4157,4080,83,4163,49
2021-06-20,Merced,047,269075,31201,31265,1063,32328,465
2021-06-20,Modoc,049,8938,415,405,146,551,3
2021-06-20,Mono,051,14174,1266,1275,18,1293,3
2021-06-20,Monterey,053,433212,43299,43156,1875,45031,427
2021-06-20,Napa,055,140530,10003,10026,38,10064,80
2021-06-20,Nevada,057,99092,4952,4919,197,5116,72
2021-06-20,Orange,059,3164182,256329,255377,11548,266925,5113
2021-06-20,Placer,061,380077,23739,23562,1541,25103,298
2021-06-20,Plumas,063,18699,718,697,11,708,4
2021-06-20,Riverside,065,2383286,295338,289770,14158,303928,4456
2021-06-20,Sacramento,067,1510023,107890,107700,1829,109529,1669
2021-06-20,San Benito,069,59416,6084,6098,116,6214,63
2021-06-20,San Bernardino,071,2135413,294495,293713,9070,302783,4845
2021-06-20,San Diego,073,3302833,282649,281750,15272,297022,3771
2021-06-20,San Francisco,075,870044,37047,37269,1309,38578,556
2021-06-20,San Joaquin,077,732212,73942,73676,3638,77314,1405
2021-06-20,San Luis Obispo,079,281455,21527,21313,758,22071,257
2021-06-20,San Mateo,081,765935,42656,42681,485,43166,542
2021-06-20,Santa Barbara,083,443738,34592,34487,1143,35630,455
2021-06-20,Santa Clara,085,1922200,119348,120163,783,120946,2093
2021-06-20,Santa Cruz,087,273765,16325,16210,814,17024,208
2021-06-20,Shasta,089,179085,12561,12617,1631,14248,201
2021-06-20,Sierra,091,2930,62,57,12,69,0
2021-06-20,Siskiyou,093,43540,1963,1891,374,2265,27
2021-06-20,Solano,095,438530,33344,33361,569,33930,266
2021-06-20,Sonoma,097,501317,30815,30884,361,31245,314
2021-06-20,Stanislaus,099,539301,56990,56868,6029,62897,1017
2021-06-20,Sutter,101,95872,9600,9645,90,9735,113
2021-06-20,Tehama,103,63373,5145,5115,590,5705,63
2021-06-20,Trinity,105,12862,491,337,99,436,3
2021-06-20,Tulare,107,460477,50422,49685,9150,58835,849
2021-06-20,Tuolumne,109,53932,4065,4117,43,4160,63
2021-06-20,Ventura,111,848112,81709,81282,3033,84315,1031
2021-06-20,Yolo,113,214977,14166,14160,346,14506,212
2021-06-20,Yuba,115,75493,6197,6167,133,6300,51
2021-06-19,Alameda,001,1643700,89163,89202,1989,91191,1263
2021-06-19,Alpine,003,1148,88,88,0,88,0
2021-06-19,Amador,005,37829,3743,3739,33,3772,46
2021-06-19,Butte,007,227075,12766,12659,1860,14519,194
2021-06-19,Calaveras,009,45235,2194,2192,13,2205,55
2021-06-19,Colusa,011,21464,1964,1969,320,2289,15
2021-06-19,Contra Costa,013,1133247,70750,70334,1325,71659,813
2021-06-19,Del Norte,015,27424,1448,1416,13,1429,8
2021-06-19,El Dorado,017,186661,10442,10363,775,11138,113
2021-06-19,Fresno,019,978130,103339,102922,8774,111696,1724
2021-06-19,Glenn,021,27897,2447,2434,565,2999,19
2021-06-19,Humboldt,023,135768,4467,4463,42,4505,42
2021-06-19,Imperial,025,180216,28758,28813,2755,31568,740
2021-06-19,Inyo,027,18085,1409,1405,13,1418,35
2021-06-19,Kern,029,883053,97819,96966,11135,108101,1342
2021-06-19,Kings,031,150075,23249,23086,1103,24189,245
2021-06-19,Lake,033,64148,3576,3563,13,3576,45
2021-06-19,Lassen,035,31185,5267,5225,117,5342,19
2021-06-19,Los Angeles,037,10098052,1211056,1205602,41565,1247167,24454
2021-06-19,Madera,039,155013,16763,16632,948,17580,240
2021-06-19,Marin,041,260295,14188,14152,266,14418,230
2021-06-19,Mariposa,043,17540,439,439,11,450,5
2021-06-19,Mendocino,045,87422,4151,4077,83,4160,49
2021-06-19,Merced,047,269075,31199,31256,1063,32319,465
2021-06-19,Modoc,049,8938,414,402,146,548,3
2021-06-19,Mono,051,14174,1266,1275,18,1293,3
2021-06-19,Monterey,053,433212,43293,43153,1875,45028,427
2021-06-19,Napa,055,140530,9999,10025,38,10063,80
2021-06-19,Nevada,057,99092,4947,4910,197,5107,72
2021-06-19,Orange,059,3164182,256282,255329,11545,266874,5112
2021-06-19,Placer,061,380077,23723,23537,1538,25075,298
2021-06-19,Plumas,063,18699,717,697,11,708,4
2021-06-19,Riverside,065,2383286,295292,289720,14158,303878,4456
2021-06-19,Sacramento,067,1510023,107844,107631,1826,109457,1669
2021-06-19,San Benito,069,59416,6083,6098,116,6214,63
2021-06-19,San Bernardino,071,2135413,294451,293673,9067,302740,4844
2021-06-19,San Diego,073,3302833,282589,281682,15258,296940,3771
2021-06-19,San Francisco,075,870044,37034,37256,1309,38565,556
2021-06-19,San Joaquin,077,732212,73926,73652,3634,77286,1405
2021-06-19,San Luis Obispo,079,281455,21525,21308,756,22064,257
2021-06-19,San Mateo,081,765935,42638,42646,483,43129,542
2021-06-19,Santa Barbara,083,443738,34590,34472,1143,35615,455
2021-06-19,Santa Clara,085,1922200,119325,120110,782,120892,2093
2021-06-19,Santa Cruz,087,273765,16320,16206,814,17020,208
2021-06-19,Shasta,089,179085,12559,12615,1630,14245,201
2021-06-19,Sierra,091,2930,62,57,12,69,0
2021-06-19,Siskiyou,093,43540,1963,1891,374,2265,27
2021-06-19,Solano,095,438530,33334,33341,568,33909,266
2021-06-19,Sonoma,097,501317,30774,30841,360,31201,314
2021-06-19,Stanislaus,099,539301,56971,56847,6026,62873,1017
2021-06-19,Sutter,101,95872,9597,9645,90,9735,113
2021-06-19,Tehama,103,63373,5144,5115,590,5705,63
2021-06-19,Trinity,105,12862,491,337,99,436,3
2021-06-19,Tulare,107,460477,50415,49681,9145,58826,849
2021-06-19,Tuolumne,109,53932,4065,4117,43,4160,63
2021-06-19,Ventura,111,848112,81696,81270,3032,84302,1031
2021-06-19,Yolo,113,214977,14162,14156,345,14501,212
2021-06-19,Yuba,115,75493,6196,6157,133,6290,51
2021-06-18,Alameda,001,1643700,89126,89123,1989,91112,1263
2021-06-18,Alpine,003,1148,88,88,0,88,0
2021-06-18,Amador,005,37829,3743,3739,33,3772,46
2021-06-18,Butte,007,227075,12763,12653,1857,14510,194
2021-06-18,Calaveras,009,45235,2194,2191,13,2204,55
2021-06-18,Colusa,011,21464,1963,1969,320,2289,15
2021-06-18,Contra Costa,013,1133247,70708,70271,1323,71594,813
2021-06-18,Del Norte,015,27424,1448,1415,13,1428,8
2021-06-18,El Dorado,017,186661,10439,10348,773,11121,113
2021-06-18,Fresno,019,978130,103323,102894,8772,111666,1722
2021-06-18,Glenn,021,27897,2446,2430,565,2995,19
2021-06-18,Humboldt,023,135768,4459,4450,42,4492,42
2021-06-18,Imperial,025,180216,28756,28809,2755,31564,740
2021-06-18,Inyo,027,18085,1409,1405,13,1418,35
2021-06-18,Kern,029,883053,97808,96948,11129,108077,1341
2021-06-18,Kings,031,150075,23244,23082,1103,24185,245
2021-06-18,Lake,033,64148,3572,3563,13,3576,45
2021-06-18,Lassen,035,31185,5266,5224,117,5341,19
2021-06-18,Los Angeles,037,10098052,1210897,1205472,41548,1247020,24451
2021-06-18,Madera,039,155013,16757,16625,948,17573,241
2021-06-18,Marin,041,260295,14185,14147,266,14413,230
2021-06-18,Mariposa,043,17540,439,439,11,450,5
2021-06-18,Mendocino,045,87422,4146,4068,83,4151,49
2021-06-18,Merced,047,269075,31197,31262,1063,32325,464
2021-06-18,Modoc,049,8938,414,402,146,548,3
2021-06-18,Mono,051,14174,1265,1275,17,1292,3
2021-06-18,Monterey,053,433212,43290,43148,1875,45023,427
2021-06-18,Napa,055,140530,9995,10021,38,10059,80
2021-06-18,Nevada,057,99092,4939,4903,197,5100,72
2021-06-18,Orange,059,3164182,256245,255274,11542,266816,5108
2021-06-18,Placer,061,380077,23715,23500,1535,25035,298
2021-06-18,Plumas,063,18699,717,697,11,708,4
2021-06-18,Riverside,065,2383286,295244,289676,14157,303833,4457
2021-06-18,Sacramento,067,1510023,107796,107570,1826,109396,1669
2021-06-18,San Benito,069,59416,6082,6097,116,6213,63
2021-06-18,San Bernardino,071,2135413,294406,293629,9063,302692,4826
2021-06-18,San Diego,073,3302833,282513,281608,15247,296855,3771
2021-06-18,San Francisco,075,870044,37025,37246,1309,38555,556
2021-06-18,San Joaquin,077,732212,73908,73623,3632,77255,1403
2021-06-18,San Luis Obispo,079,281455,21521,21301,755,22056,257
2021-06-18,San Mateo,081,765935,42627,42630,482,43112,542
2021-06-18,Santa Barbara,083,443738,34580,34469,1143,35612,455
2021-06-18,Santa Clara,085,1922200,119304,120081,780,120861,2093
2021-06-18,Santa Cruz,087,273765,16316,16202,814,17016,208
2021-06-18,Shasta,089,179085,12555,12607,1628,14235,201
2021-06-18,Sierra,091,2930,61,57,12,69,0
2021-06-18,Siskiyou,093,43540,1963,1890,374,2264,27
2021-06-18,Solano,095,438530,33320,33323,568,33891,266
2021-06-18,Sonoma,097,501317,30756,30816,359,31175,313
2021-06-18,Stanislaus,099,539301,56956,56803,6024,62827,1012
2021-06-18,Sutter,101,95872,9594,9643,90,9733,113
2021-06-18,Tehama,103,63373,5142,5114,590,5704,63
2021-06-18,Trinity,105,12862,491,337,98,435,3
2021-06-18,Tulare,107,460477,50413,49664,9138,58802,849
2021-06-18,Tuolumne,109,53932,4063,4116,43,4159,63
2021-06-18,Ventura,111,848112,81686,81256,3027,84283,1031
2021-06-18,Yolo,113,214977,14159,14148,343,14491,212
2021-06-18,Yuba,115,75493,6190,6150,133,6283,51
2021-06-17,Alameda,001,1643700,89079,89087,1989,91076,1262
2021-06-17,Alpine,003,1148,88,88,0,88,0
2021-06-17,Amador,005,37829,3741,3731,33,3764,46
2021-06-17,Butte,007,227075,12753,12644,1856,14500,194
2021-06-17,Calaveras,009,45235,2193,2189,13,2202,55
2021-06-17,Colusa,011,21464,1962,1969,320,2289,15
2021-06-17,Contra Costa,013,1133247,70669,70190,1319,71509,810
2021-06-17,Del Norte,015,27424,1446,1413,13,1426,8
2021-06-17,El Dorado,017,186661,10429,10341,773,11114,113
2021-06-17,Fresno,019,978130,103297,102867,8768,111635,1722
2021-06-17,Glenn,021,27897,2446,2430,565,2995,19
2021-06-17,Humboldt,023,135768,4450,4438,42,4480,42
2021-06-17,Imperial,025,180216,28748,28801,2755,31556,741
2021-06-17,Inyo,027,18085,1409,1405,13,1418,35
2021-06-17,Kern,029,883053,97793,96840,11123,107963,1340
2021-06-17,Kings,031,150075,23240,23078,1102,24180,245
2021-06-17,Lake,033,64148,3569,3563,9,3572,45
2021-06-17,Lassen,035,31185,5262,5223,117,5340,19
2021-06-17,Los Angeles,037,10098052,1210684,1205301,41519,1246820,24444
2021-06-17,Madera,039,155013,16752,16618,948,17566,241
2021-06-17,Marin,041,260295,14185,14141,266,14407,229
2021-06-17,Mariposa,043,17540,439,439,11,450,5
2021-06-17,Mendocino,045,87422,4139,4054,83,4137,49
2021-06-17,Merced,047,269075,31192,31262,1063,32325,464
2021-06-17,Modoc,049,8938,413,401,146,547,3
2021-06-17,Mono,051,14174,1264,1275,17,1292,3
2021-06-17,Monterey,053,433212,43282,43140,1875,45015,416
2021-06-17,Napa,055,140530,9995,10014,38,10052,80
2021-06-17,Nevada,057,99092,4935,4898,197,5095,72
2021-06-17,Orange,059,3164182,256199,255240,11531,266771,5109
2021-06-17,Placer,061,380077,23699,23461,1533,24994,298
2021-06-17,Plumas,063,18699,716,697,11,708,4
2021-06-17,Riverside,065,2383286,295190,289627,14155,303782,4458
2021-06-17,Sacramento,067,1510023,107732,107492,1824,109316,1666
2021-06-17,San Benito,069,59416,6082,6097,116,6213,63
2021-06-17,San Bernardino,071,2135413,294365,293560,9063,302623,4811
2021-06-17,San Diego,073,3302833,282437,281531,15233,296764,3771
2021-06-17,San Francisco,075,870044,37014,37243,1308,38551,556
2021-06-17,San Joaquin,077,732212,73885,73560,3627,77187,1403
2021-06-17,San Luis Obispo,079,281455,21519,21297,755,22052,257
2021-06-17,San Mateo,081,765935,42621,42615,482,43097,542
2021-06-17,Santa Barbara,083,443738,34574,34466,1143,35609,453
2021-06-17,Santa Clara,085,1922200,119279,120032,779,120811,2093
2021-06-17,Santa Cruz,087,273765,16312,16197,814,17011,208
2021-06-17,Shasta,089,179085,12547,12597,1628,14225,201
2021-06-17,Sierra,091,2930,61,56,12,68,0
2021-06-17,Siskiyou,093,43540,1962,1889,374,2263,27
2021-06-17,Solano,095,438530,33299,33296,567,33863,266
2021-06-17,Sonoma,097,501317,30726,30793,359,31152,323
2021-06-17,Stanislaus,099,539301,56925,56752,6019,62771,1012
2021-06-17,Sutter,101,95872,9591,9629,90,9719,113
2021-06-17,Tehama,103,63373,5141,5112,588,5700,63
2021-06-17,Trinity,105,12862,490,337,98,435,3
2021-06-17,Tulare,107,460477,50408,49649,9130,58779,849
2021-06-17,Tuolumne,109,53932,4062,4116,43,4159,63
2021-06-17,Ventura,111,848112,81677,81248,3024,84272,1030
2021-06-17,Yolo,113,214977,14151,14141,343,14484,212
2021-06-17,Yuba,115,75493,6181,6140,133,6273,51
2021-06-16,Alameda,001,1643700,89030,89045,1988,91033,1265
2021-06-16,Alpine,003,1148,88,88,0,88,0
2021-06-16,Amador,005,37829,3740,3730,33,3763,46
2021-06-16,Butte,007,227075,12751,12635,1854,14489,194
2021-06-16,Calaveras,009,45235,2191,2188,13,2201,55
2021-06-16,Colusa,011,21464,1962,1967,320,2287,15
2021-06-16,Contra Costa,013,1133247,70617,70136,1318,71454,810
2021-06-16,Del Norte,015,27424,1443,1413,13,1426,8
2021-06-16,El Dorado,017,186661,10423,10334,772,11106,113
2021-06-16,Fresno,019,978130,103267,102842,8764,111606,1722
2021-06-16,Glenn,021,27897,2446,2430,565,2995,19
2021-06-16,Humboldt,023,135768,4441,4427,41,4468,42
2021-06-16,Imperial,025,180216,28745,28796,2755,31551,741
2021-06-16,Inyo,027,18085,1408,1405,13,1418,35
2021-06-16,Kern,029,883053,97771,96789,11116,107905,1339
2021-06-16,Kings,031,150075,23239,23072,1101,24173,245
2021-06-16,Lake,033,64148,3569,3562,9,3571,45
2021-06-16,Lassen,035,31185,5259,5216,117,5333,19
2021-06-16,Los Angeles,037,10098052,1210459,1205102,41509,1246611,24439
2021-06-16,Madera,039,155013,16748,16603,948,17551,240
2021-06-16,Marin,041,260295,14183,14137,266,14403,229
2021-06-16,Mariposa,043,17540,439,437,11,448,5
2021-06-16,Mendocino,045,87422,4131,4041,83,4124,49
2021-06-16,Merced,047,269075,31184,31250,1063,32313,463
2021-06-16,Modoc,049,8938,412,383,145,528,3
2021-06-16,Mono,051,14174,1264,1275,17,1292,3
2021-06-16,Monterey,053,433212,43279,43122,1875,44997,416
2021-06-16,Napa,055,140530,9991,10011,38,10049,80
2021-06-16,Nevada,057,99092,4930,4894,197,5091,72
2021-06-16,Orange,059,3164182,256145,255188,11523,266711,5109
2021-06-16,Placer,061,380077,23689,23425,1529,24954,298
2021-06-16,Plumas,063,18699,716,697,11,708,4
2021-06-16,Riverside,065,2383286,295129,289539,14153,303692,4457
2021-06-16,Sacramento,067,1510023,107662,107422,1820,109242,1665
2021-06-16,San Benito,069,59416,6082,6090,116,6206,63
2021-06-16,San Bernardino,071,2135413,294316,293499,9061,302560,4797
2021-06-16,San Diego,073,3302833,282358,281423,15220,296643,3770
2021-06-16,San Francisco,075,870044,37001,37222,1306,38528,555
2021-06-16,San Joaquin,077,732212,73846,73530,3623,77153,1399
2021-06-16,San Luis Obispo,079,281455,21514,21294,755,22049,257
2021-06-16,San Mateo,081,765935,42605,42601,482,43083,542
2021-06-16,Santa Barbara,083,443738,34568,34459,1143,35602,460
2021-06-16,Santa Clara,085,1922200,119247,119982,779,120761,2087
2021-06-16,Santa Cruz,087,273765,16309,16187,814,17001,208
2021-06-16,Shasta,089,179085,12542,12592,1627,14219,200
2021-06-16,Sierra,091,2930,61,56,12,68,0
2021-06-16,Siskiyou,093,43540,1961,1886,374,2260,26
2021-06-16,Solano,095,438530,33271,33276,567,33843,266
2021-06-16,Sonoma,097,501317,30690,30741,359,31100,323
2021-06-16,Stanislaus,099,539301,56894,56738,6017,62755,984
2021-06-16,Sutter,101,95872,9587,9620,90,9710,113
2021-06-16,Tehama,103,63373,5139,5106,588,5694,63
2021-06-16,Trinity,105,12862,489,332,98,430,3
2021-06-16,Tulare,107,460477,50403,49578,9126,58704,849
2021-06-16,Tuolumne,109,53932,4062,4110,43,4153,63
2021-06-16,Ventura,111,848112,81663,81229,3022,84251,1029
2021-06-16,Yolo,113,214977,14142,14135,342,14477,212
2021-06-16,Yuba,115,75493,6171,6134,133,6267,51
2021-06-15,Alameda,001,1643700,88988,89008,1988,90996,1262
2021-06-15,Alpine,003,1148,88,88,0,88,0
2021-06-15,Amador,005,37829,3737,3723,33,3756,46
2021-06-15,Butte,007,227075,12743,12620,1853,14473,194
2021-06-15,Calaveras,009,45235,2190,2188,13,2201,55
2021-06-15,Colusa,011,21464,1962,1967,318,2285,15
2021-06-15,Contra Costa,013,1133247,70555,70101,1318,71419,810
2021-06-15,Del Norte,015,27424,1442,1411,13,1424,8
2021-06-15,El Dorado,017,186661,10414,10330,772,11102,113
2021-06-15,Fresno,019,978130,103235,102828,8763,111591,1722
2021-06-15,Glenn,021,27897,2445,2426,565,2991,19
2021-06-15,Humboldt,023,135768,4432,4414,40,4454,42
2021-06-15,Imperial,025,180216,28739,28789,2755,31544,741
2021-06-15,Inyo,027,18085,1408,1405,13,1418,35
2021-06-15,Kern,029,883053,97743,96782,11108,107890,1338
2021-06-15,Kings,031,150075,23233,23070,1099,24169,245
2021-06-15,Lake,033,64148,3568,3559,9,3568,45
2021-06-15,Lassen,035,31185,5258,5211,117,5328,19
2021-06-15,Los Angeles,037,10098052,1210226,1204926,41501,1246427,24435
2021-06-15,Madera,039,155013,16741,16600,947,17547,240
2021-06-15,Marin,041,260295,14175,14135,266,14401,229
2021-06-15,Mariposa,043,17540,439,437,11,448,5
2021-06-15,Mendocino,045,87422,4124,4034,83,4117,49
2021-06-15,Merced,047,269075,31178,31244,1063,32307,461
2021-06-15,Modoc,049,8938,411,383,145,528,3
2021-06-15,Mono,051,14174,1264,1275,17,1292,3
2021-06-15,Monterey,053,433212,43273,43118,1875,44993,416
2021-06-15,Napa,055,140530,9989,10010,38,10048,80
2021-06-15,Nevada,057,99092,4927,4888,197,5085,72
2021-06-15,Orange,059,3164182,256104,255127,11514,266641,5105
2021-06-15,Placer,061,380077,23667,23396,1528,24924,298
2021-06-15,Plumas,063,18699,715,697,11,708,4
2021-06-15,Riverside,065,2383286,295069,289508,14149,303657,4455
2021-06-15,Sacramento,067,1510023,107587,107370,1814,109184,1662
2021-06-15,San Benito,069,59416,6081,6089,116,6205,63
2021-06-15,San Bernardino,071,2135413,294266,293463,9055,302518,4790
2021-06-15,San Diego,073,3302833,282274,281375,15205,296580,3770
2021-06-15,San Francisco,075,870044,36992,37210,1305,38515,555
2021-06-15,San Joaquin,077,732212,73806,73494,3618,77112,1399
2021-06-15,San Luis Obispo,079,281455,21509,21293,754,22047,257
2021-06-15,San Mateo,081,765935,42592,42593,482,43075,543
2021-06-15,Santa Barbara,083,443738,34563,34451,1143,35594,460
2021-06-15,Santa Clara,085,1922200,119209,119963,779,120742,2086
2021-06-15,Santa Cruz,087,273765,16303,16180,813,16993,208
2021-06-15,Shasta,089,179085,12536,12583,1627,14210,201
2021-06-15,Sierra,091,2930,60,55,12,67,0
2021-06-15,Siskiyou,093,43540,1960,1887,374,2261,26
2021-06-15,Solano,095,438530,33252,33264,567,33831,266
2021-06-15,Sonoma,097,501317,30651,30707,358,31065,323
2021-06-15,Stanislaus,099,539301,56866,56724,6014,62738,979
2021-06-15,Sutter,101,95872,9578,9616,90,9706,113
2021-06-15,Tehama,103,63373,5137,5102,588,5690,63
2021-06-15,Trinity,105,12862,488,332,97,429,3
2021-06-15,Tulare,107,460477,50396,49561,9123,58684,848
2021-06-15,Tuolumne,109,53932,4062,4111,43,4154,63
2021-06-15,Ventura,111,848112,81652,81215,3019,84234,1029
2021-06-15,Yolo,113,214977,14138,14127,340,14467,212
2021-06-15,Yuba,115,75493,6160,6130,133,6263,51
2021-06-14,Alameda,001,1643700,88939,88966,1988,90954,1264
2021-06-14,Alpine,003,1148,88,88,0,88,0
2021-06-14,Amador,005,37829,3736,3722,33,3755,46
2021-06-14,Butte,007,227075,12732,12613,1849,14462,194
2021-06-14,Calaveras,009,45235,2189,2190,13,2203,55
2021-06-14,Colusa,011,21464,1961,1966,318,2284,15
2021-06-14,Contra Costa,013,1133247,70502,70069,1316,71385,810
2021-06-14,Del Norte,015,27424,1442,1411,13,1424,8
2021-06-14,El Dorado,017,186661,10405,10327,770,11097,113
2021-06-14,Fresno,019,978130,103213,102812,8761,111573,1719
2021-06-14,Glenn,021,27897,2445,2426,565,2991,19
2021-06-14,Humboldt,023,135768,4424,4407,39,4446,42
2021-06-14,Imperial,025,180216,28727,28836,2755,31591,741
2021-06-14,Inyo,027,18085,1407,1405,13,1418,35
2021-06-14,Kern,029,883053,97723,96760,11098,107858,1337
2021-06-14,Kings,031,150075,23230,23071,1098,24169,245
2021-06-14,Lake,033,64148,3567,3557,9,3566,45
2021-06-14,Lassen,035,31185,5255,5209,116,5325,19
2021-06-14,Los Angeles,037,10098052,1209988,1204748,41491,1246239,24434
2021-06-14,Madera,039,155013,16735,16597,946,17543,240
2021-06-14,Marin,041,260295,14173,14133,266,14399,229
2021-06-14,Mariposa,043,17540,438,437,11,448,5
2021-06-14,Mendocino,045,87422,4118,4028,83,4111,49
2021-06-14,Merced,047,269075,31169,31241,1062,32303,461
2021-06-14,Modoc,049,8938,402,382,143,525,3
2021-06-14,Mono,051,14174,1264,1275,17,1292,3
2021-06-14,Monterey,053,433212,43270,43110,1875,44985,415
2021-06-14,Napa,055,140530,9985,10000,38,10038,80
2021-06-14,Nevada,057,99092,4920,4885,197,5082,72
2021-06-14,Orange,059,3164182,256066,255069,11509,266578,5103
2021-06-14,Placer,061,380077,23642,23379,1527,24906,298
2021-06-14,Plumas,063,18699,715,696,11,707,4
2021-06-14,Riverside,065,2383286,295015,289476,14149,303625,4453
2021-06-14,Sacramento,067,1510023,107533,107334,1809,109143,1661
2021-06-14,San Benito,069,59416,6081,6087,116,6203,63
2021-06-14,San Bernardino,071,2135413,294210,293446,9051,302497,4790
2021-06-14,San Diego,073,3302833,282168,281314,15185,296499,3770
2021-06-14,San Francisco,075,870044,36979,37206,1305,38511,555
2021-06-14,San Joaquin,077,732212,73777,73453,3618,77071,1398
2021-06-14,San Luis Obispo,079,281455,21507,21302,754,22056,256
2021-06-14,San Mateo,081,765935,42579,42619,481,43100,543
2021-06-14,Santa Barbara,083,443738,34560,34449,1143,35592,460
2021-06-14,Santa Clara,085,1922200,119178,119957,778,120735,2085
2021-06-14,Santa Cruz,087,273765,16300,16175,813,16988,208
2021-06-14,Shasta,089,179085,12525,12561,1624,14185,201
2021-06-14,Sierra,091,2930,59,55,12,67,0
2021-06-14,Siskiyou,093,43540,1960,1886,374,2260,26
2021-06-14,Solano,095,438530,33235,33243,566,33809,266
2021-06-14,Sonoma,097,501317,30619,30679,357,31036,323
2021-06-14,Stanislaus,099,539301,56830,56689,6011,62700,975
2021-06-14,Sutter,101,95872,9575,9607,90,9697,112
2021-06-14,Tehama,103,63373,5135,5102,588,5690,63
2021-06-14,Trinity,105,12862,488,332,97,429,3
2021-06-14,Tulare,107,460477,50391,49538,9120,58658,848
2021-06-14,Tuolumne,109,53932,4059,4108,43,4151,63
2021-06-14,Ventura,111,848112,81642,81209,3019,84228,1028
2021-06-14,Yolo,113,214977,14130,14123,340,14463,212
2021-06-14,Yuba,115,75493,6153,6127,133,6260,50
2021-06-13,Alameda,001,1643700,88882,88947,1987,90934,1264
2021-06-13,Alpine,003,1148,87,88,0,88,0
2021-06-13,Amador,005,37829,3732,3721,33,3754,46
2021-06-13,Butte,007,227075,12721,12586,1846,14432,194
2021-06-13,Calaveras,009,45235,2189,2189,13,2202,55
2021-06-13,Colusa,011,21464,1961,1965,317,2282,15
2021-06-13,Contra Costa,013,1133247,70448,70040,1314,71354,810
2021-06-13,Del Norte,015,27424,1440,1412,13,1425,8
2021-06-13,El Dorado,017,186661,10396,10324,770,11094,113
2021-06-13,Fresno,019,978130,103182,102795,8756,111551,1719
2021-06-13,Glenn,021,27897,2444,2425,563,2988,19
2021-06-13,Humboldt,023,135768,4411,4401,39,4440,42
2021-06-13,Imperial,025,180216,28718,28800,2755,31555,741
2021-06-13,Inyo,027,18085,1407,1405,13,1418,35
2021-06-13,Kern,029,883053,97699,96743,11086,107829,1337
2021-06-13,Kings,031,150075,23225,23069,1097,24166,245
2021-06-13,Lake,033,64148,3567,3556,9,3565,45
2021-06-13,Lassen,035,31185,5250,5209,116,5325,19
2021-06-13,Los Angeles,037,10098052,1209724,1204614,41478,1246092,24433
2021-06-13,Madera,039,155013,16721,16590,946,17536,240
2021-06-13,Marin,041,260295,14167,14126,266,14392,229
2021-06-13,Mariposa,043,17540,438,434,11,445,5
2021-06-13,Mendocino,045,87422,4111,4026,83,4109,49
2021-06-13,Merced,047,269075,31163,31240,1061,32301,461
2021-06-13,Modoc,049,8938,400,382,141,523,3
2021-06-13,Mono,051,14174,1264,1275,17,1292,3
2021-06-13,Monterey,053,433212,43262,43108,1875,44983,415
2021-06-13,Napa,055,140530,9979,9995,38,10033,80
2021-06-13,Nevada,057,99092,4915,4883,197,5080,72
2021-06-13,Orange,059,3164182,256011,255043,11506,266549,5103
2021-06-13,Placer,061,380077,23616,23365,1525,24890,295
2021-06-13,Plumas,063,18699,714,696,11,707,4
2021-06-13,Riverside,065,2383286,294948,289447,14146,303593,4453
2021-06-13,Sacramento,067,1510023,107457,107289,1806,109095,1658
2021-06-13,San Benito,069,59416,6081,6086,116,6202,63
2021-06-13,San Bernardino,071,2135413,294158,293416,9046,302462,4788
2021-06-13,San Diego,073,3302833,282089,281268,15169,296437,3770
2021-06-13,San Francisco,075,870044,36966,37197,1305,38502,555
2021-06-13,San Joaquin,077,732212,73741,73438,3616,77054,1398
2021-06-13,San Luis Obispo,079,281455,21501,21298,753,22051,256
2021-06-13,San Mateo,081,765935,42566,42611,481,43092,542
2021-06-13,Santa Barbara,083,443738,34549,34449,1142,35591,460
2021-06-13,Santa Clara,085,1922200,119154,119946,778,120724,2085
2021-06-13,Santa Cruz,087,273765,16293,16172,813,16985,208
2021-06-13,Shasta,089,179085,12516,12560,1623,14183,201
2021-06-13,Sierra,091,2930,59,55,12,67,0
2021-06-13,Siskiyou,093,43540,1959,1885,374,2259,26
2021-06-13,Solano,095,438530,33214,33234,566,33800,266
2021-06-13,Sonoma,097,501317,30584,30663,355,31018,323
2021-06-13,Stanislaus,099,539301,56804,56671,6008,62679,975
2021-06-13,Sutter,101,95872,9568,9603,90,9693,112
2021-06-13,Tehama,103,63373,5133,5100,588,5688,63
2021-06-13,Trinity,105,12862,487,332,97,429,3
2021-06-13,Tulare,107,460477,50382,49537,9115,58652,848
2021-06-13,Tuolumne,109,53932,4057,4107,42,4149,63
2021-06-13,Ventura,111,848112,81628,81201,3019,84220,1028
2021-06-13,Yolo,113,214977,14121,14120,338,14458,212
2021-06-13,Yuba,115,75493,6146,6125,133,6258,50
2021-06-12,Alameda,001,1643700,88855,88901,1987,90888,1271
2021-06-12,Alpine,003,1148,87,88,0,88,0
2021-06-12,Amador,005,37829,3731,3721,33,3754,46
2021-06-12,Butte,007,227075,12717,12576,1846,14422,194
2021-06-12,Calaveras,009,45235,2189,2189,13,2202,55
2021-06-12,Colusa,011,21464,1961,1965,317,2282,15
2021-06-12,Contra Costa,013,1133247,70417,69989,1311,71300,810
2021-06-12,Del Norte,015,27424,1440,1412,13,1425,8
2021-06-12,El Dorado,017,186661,10391,10320,769,11089,113
2021-06-12,Fresno,019,978130,103172,102783,8755,111538,1720
2021-06-12,Glenn,021,27897,2442,2425,563,2988,19
2021-06-12,Humboldt,023,135768,4403,4396,39,4435,42
2021-06-12,Imperial,025,180216,28715,28799,2755,31554,741
2021-06-12,Inyo,027,18085,1407,1405,13,1418,35
2021-06-12,Kern,029,883053,97684,96731,11082,107813,1337
2021-06-12,Kings,031,150075,23223,23067,1097,24164,245
2021-06-12,Lake,033,64148,3566,3552,9,3561,45
2021-06-12,Lassen,035,31185,5250,5208,116,5324,19
2021-06-12,Los Angeles,037,10098052,1209584,1204439,41472,1245911,24434
2021-06-12,Madera,039,155013,16717,16586,946,17532,240
2021-06-12,Marin,041,260295,14164,14121,266,14387,229
2021-06-12,Mariposa,043,17540,438,434,11,445,5
2021-06-12,Mendocino,045,87422,4108,4024,83,4107,49
2021-06-12,Merced,047,269075,31160,31236,1061,32297,461
2021-06-12,Modoc,049,8938,399,382,141,523,3
2021-06-12,Mono,051,14174,1264,1275,17,1292,3
2021-06-12,Monterey,053,433212,43257,43103,1875,44978,415
2021-06-12,Napa,055,140530,9975,9986,38,10024,80
2021-06-12,Nevada,057,99092,4909,4878,197,5075,72
2021-06-12,Orange,059,3164182,255978,255004,11504,266508,5103
2021-06-12,Placer,061,380077,23597,23345,1525,24870,295
2021-06-12,Plumas,063,18699,714,696,11,707,4
2021-06-12,Riverside,065,2383286,294906,289413,14143,303556,4453
2021-06-12,Sacramento,067,1510023,107398,107199,1803,109002,1658
2021-06-12,San Benito,069,59416,6079,6083,116,6199,63
2021-06-12,San Bernardino,071,2135413,294123,293375,9044,302419,4788
2021-06-12,San Diego,073,3302833,282032,281203,15160,296363,3770
2021-06-12,San Francisco,075,870044,36956,37189,1305,38494,555
2021-06-12,San Joaquin,077,732212,73722,73413,3615,77028,1398
2021-06-12,San Luis Obispo,079,281455,21498,21293,753,22046,256
2021-06-12,San Mateo,081,765935,42560,42604,481,43085,542
2021-06-12,Santa Barbara,083,443738,34544,34450,1142,35592,460
2021-06-12,Santa Clara,085,1922200,119114,119894,778,120672,2085
2021-06-12,Santa Cruz,087,273765,16285,16170,813,16983,208
2021-06-12,Shasta,089,179085,12513,12556,1622,14178,201
2021-06-12,Sierra,091,2930,59,55,12,67,0
2021-06-12,Siskiyou,093,43540,1958,1884,374,2258,25
2021-06-12,Solano,095,438530,33205,33219,566,33785,266
2021-06-12,Sonoma,097,501317,30555,30647,355,31002,323
2021-06-12,Stanislaus,099,539301,56787,56649,6007,62656,974
2021-06-12,Sutter,101,95872,9564,9603,90,9693,112
2021-06-12,Tehama,103,63373,5133,5099,587,5686,63
2021-06-12,Trinity,105,12862,487,332,97,429,3
2021-06-12,Tulare,107,460477,50377,49533,9108,58641,848
2021-06-12,Tuolumne,109,53932,4056,4105,42,4147,63
2021-06-12,Ventura,111,848112,81616,81197,3019,84216,1028
2021-06-12,Yolo,113,214977,14118,14118,337,14455,212
2021-06-12,Yuba,115,75493,6141,6120,133,6253,50
2021-06-11,Alameda,001,1643700,88827,88844,1987,90831,1278
2021-06-11,Alpine,003,1148,87,88,0,88,0
2021-06-11,Amador,005,37829,3730,3710,33,3743,46
2021-06-11,Butte,007,227075,12713,12576,1844,14420,194
2021-06-11,Calaveras,009,45235,2189,2188,13,2201,55
2021-06-11,Colusa,011,21464,1960,1964,317,2281,15
2021-06-11,Contra Costa,013,1133247,70384,69940,1309,71249,808
2021-06-11,Del Norte,015,27424,1440,1409,13,1422,8
2021-06-11,El Dorado,017,186661,10388,10316,769,11085,113
2021-06-11,Fresno,019,978130,103153,102770,8754,111524,1720
2021-06-11,Glenn,021,27897,2442,2425,563,2988,19
2021-06-11,Humboldt,023,135768,4399,4389,39,4428,42
2021-06-11,Imperial,025,180216,28710,28793,2755,31548,741
2021-06-11,Inyo,027,18085,1407,1405,13,1418,35
2021-06-11,Kern,029,883053,97672,96718,11079,107797,1340
2021-06-11,Kings,031,150075,23219,23069,1096,24165,245
2021-06-11,Lake,033,64148,3565,3550,9,3559,45
2021-06-11,Lassen,035,31185,5249,5204,116,5320,18
2021-06-11,Los Angeles,037,10098052,1209436,1204259,41457,1245716,24434
2021-06-11,Madera,039,155013,16714,16582,946,17528,240
2021-06-11,Marin,041,260295,14161,14116,266,14382,229
2021-06-11,Mariposa,043,17540,438,434,11,445,5
2021-06-11,Mendocino,045,87422,4105,4022,83,4105,49
2021-06-11,Merced,047,269075,31155,31231,1061,32292,461
2021-06-11,Modoc,049,8938,399,382,140,522,3
2021-06-11,Mono,051,14174,1264,1274,17,1291,3
2021-06-11,Monterey,053,433212,43253,43097,1875,44972,415
2021-06-11,Napa,055,140530,9972,9977,38,10015,80
2021-06-11,Nevada,057,99092,4907,4873,197,5070,72
2021-06-11,Orange,059,3164182,255944,254975,11501,266476,5101
2021-06-11,Placer,061,380077,23592,23330,1525,24855,294
2021-06-11,Plumas,063,18699,714,696,11,707,4
2021-06-11,Riverside,065,2383286,294868,289376,14138,303514,4451
2021-06-11,Sacramento,067,1510023,107338,107119,1802,108921,1659
2021-06-11,San Benito,069,59416,6078,6082,116,6198,63
2021-06-11,San Bernardino,071,2135413,294087,293335,9040,302375,4788
2021-06-11,San Diego,073,3302833,281992,281144,15153,296297,3768
2021-06-11,San Francisco,075,870044,36951,37177,1305,38482,555
2021-06-11,San Joaquin,077,732212,73705,73347,3612,76959,1397
2021-06-11,San Luis Obispo,079,281455,21497,21288,753,22041,256
2021-06-11,San Mateo,081,765935,42546,42585,481,43066,542
2021-06-11,Santa Barbara,083,443738,34541,34438,1142,35580,460
2021-06-11,Santa Clara,085,1922200,119094,119860,778,120638,2083
2021-06-11,Santa Cruz,087,273765,16277,16164,813,16977,208
2021-06-11,Shasta,089,179085,12505,12550,1620,14170,201
2021-06-11,Sierra,091,2930,59,55,12,67,0
2021-06-11,Siskiyou,093,43540,1957,1882,374,2256,25
2021-06-11,Solano,095,438530,33185,33179,565,33744,266
2021-06-11,Sonoma,097,501317,30537,30624,355,30979,323
2021-06-11,Stanislaus,099,539301,56761,56617,6003,62620,974
2021-06-11,Sutter,101,95872,9561,9600,89,9689,112
2021-06-11,Tehama,103,63373,5132,5099,587,5686,63
2021-06-11,Trinity,105,12862,487,331,97,428,3
2021-06-11,Tulare,107,460477,50371,49516,9107,58623,848
2021-06-11,Tuolumne,109,53932,4053,4104,42,4146,63
2021-06-11,Ventura,111,848112,81606,81189,3019,84208,1026
2021-06-11,Yolo,113,214977,14111,14111,333,14444,212
2021-06-11,Yuba,115,75493,6137,6113,133,6246,50
2021-06-10,Alameda,001,1643700,88783,88806,1986,90792,1275
2021-06-10,Alpine,003,1148,87,88,0,88,0
2021-06-10,Amador,005,37829,3726,3709,33,3742,46
2021-06-10,Butte,007,227075,12696,12565,1844,14409,194
2021-06-10,Calaveras,009,45235,2188,2188,13,2201,55
2021-06-10,Colusa,011,21464,1958,1964,317,2281,15
2021-06-10,Contra Costa,013,1133247,70330,69876,1309,71185,807
2021-06-10,Del Norte,015,27424,1440,1405,13,1418,8
2021-06-10,El Dorado,017,186661,10381,10314,765,11079,113
2021-06-10,Fresno,019,978130,103127,102724,8753,111477,1717
2021-06-10,Glenn,021,27897,2442,2425,563,2988,19
2021-06-10,Humboldt,023,135768,4391,4384,39,4423,42
2021-06-10,Imperial,025,180216,28704,28779,2755,31534,739
2021-06-10,Inyo,027,18085,1407,1405,13,1418,35
2021-06-10,Kern,029,883053,97658,96706,11074,107780,1336
2021-06-10,Kings,031,150075,23218,23067,1096,24163,245
2021-06-10,Lake,033,64148,3560,3550,9,3559,45
2021-06-10,Lassen,035,31185,5247,5201,116,5317,18
2021-06-10,Los Angeles,037,10098052,1209269,1204110,41441,1245551,24440
2021-06-10,Madera,039,155013,16707,16581,945,17526,240
2021-06-10,Marin,041,260295,14158,14118,266,14384,229
2021-06-10,Mariposa,043,17540,436,434,11,445,5
2021-06-10,Mendocino,045,87422,4100,4016,83,4099,48
2021-06-10,Merced,047,269075,31147,31231,1058,32289,461
2021-06-10,Modoc,049,8938,398,381,140,521,3
2021-06-10,Mono,051,14174,1263,1274,17,1291,3
2021-06-10,Monterey,053,433212,43247,43090,1875,44965,415
2021-06-10,Napa,055,140530,9971,9974,38,10012,80
2021-06-10,Nevada,057,99092,4902,4866,197,5063,72
2021-06-10,Orange,059,3164182,255914,254950,11494,266444,5097
2021-06-10,Placer,061,380077,23579,23296,1525,24821,293
2021-06-10,Plumas,063,18699,714,696,11,707,4
2021-06-10,Riverside,065,2383286,294826,289335,14133,303468,4450
2021-06-10,Sacramento,067,1510023,107276,107049,1802,108851,1658
2021-06-10,San Benito,069,59416,6078,6079,116,6195,63
2021-06-10,San Bernardino,071,2135413,294046,293281,9037,302318,4782
2021-06-10,San Diego,073,3302833,281934,281052,15136,296188,3766
2021-06-10,San Francisco,075,870044,36941,37159,1303,38462,552
2021-06-10,San Joaquin,077,732212,73671,73276,3611,76887,1393
2021-06-10,San Luis Obispo,079,281455,21494,21280,753,22033,256
2021-06-10,San Mateo,081,765935,42539,42562,481,43043,666
2021-06-10,Santa Barbara,083,443738,34537,34434,1142,35576,460
2021-06-10,Santa Clara,085,1922200,119059,119832,777,120609,2075
2021-06-10,Santa Cruz,087,273765,16276,16159,813,16972,208
2021-06-10,Shasta,089,179085,12495,12536,1619,14155,201
2021-06-10,Sierra,091,2930,58,55,12,67,0
2021-06-10,Siskiyou,093,43540,1957,1881,374,2255,25
2021-06-10,Solano,095,438530,33168,33150,564,33714,265
2021-06-10,Sonoma,097,501317,30501,30571,353,30924,323
2021-06-10,Stanislaus,099,539301,56740,56588,5999,62587,974
2021-06-10,Sutter,101,95872,9554,9594,89,9683,112
2021-06-10,Tehama,103,63373,5132,5096,587,5683,63
2021-06-10,Trinity,105,12862,487,331,97,428,3
2021-06-10,Tulare,107,460477,50363,49503,9107,58610,848
2021-06-10,Tuolumne,109,53932,4053,4100,42,4142,63
2021-06-10,Ventura,111,848112,81595,81172,3018,84190,1026
2021-06-10,Yolo,113,214977,14108,14107,333,14440,212
2021-06-10,Yuba,115,75493,6133,6112,133,6245,50
2021-06-09,Alameda,001,1643700,88740,88762,1985,90747,1271
2021-06-09,Alpine,003,1148,87,88,0,88,0
2021-06-09,Amador,005,37829,3722,3706,33,3739,46
2021-06-09,Butte,007,227075,12690,12555,1842,14397,194
2021-06-09,Calaveras,009,45235,2186,2184,13,2197,55
2021-06-09,Colusa,011,21464,1958,1962,316,2278,15
2021-06-09,Contra Costa,013,1133247,70293,69829,1308,71137,803
2021-06-09,Del Norte,015,27424,1436,1403,13,1416,8
2021-06-09,El Dorado,017,186661,10378,10312,764,11076,113
2021-06-09,Fresno,019,978130,103107,102690,8749,111439,1717
2021-06-09,Glenn,021,27897,2441,2424,563,2987,19
2021-06-09,Humboldt,023,135768,4386,4379,38,4417,42
2021-06-09,Imperial,025,180216,28701,28754,2755,31509,739
2021-06-09,Inyo,027,18085,1407,1405,13,1418,35
2021-06-09,Kern,029,883053,97644,96697,11065,107762,1328
2021-06-09,Kings,031,150075,23216,23061,1096,24157,245
2021-06-09,Lake,033,64148,3557,3541,9,3550,45
2021-06-09,Lassen,035,31185,5246,5200,116,5316,18
2021-06-09,Los Angeles,037,10098052,1209083,1203955,41428,1245383,24432
2021-06-09,Madera,039,155013,16702,16580,945,17525,240
2021-06-09,Marin,041,260295,14153,14114,266,14380,229
2021-06-09,Mariposa,043,17540,436,434,11,445,5
2021-06-09,Mendocino,045,87422,4094,4008,83,4091,47
2021-06-09,Merced,047,269075,31143,31225,1058,32283,461
2021-06-09,Modoc,049,8938,396,377,139,516,3
2021-06-09,Mono,051,14174,1263,1274,17,1291,3
2021-06-09,Monterey,053,433212,43240,43082,1875,44957,415
2021-06-09,Napa,055,140530,9965,9971,38,10009,80
2021-06-09,Nevada,057,99092,4892,4863,196,5059,72
2021-06-09,Orange,059,3164182,255870,254893,11489,266382,5080
2021-06-09,Placer,061,380077,23560,23237,1525,24762,293
2021-06-09,Plumas,063,18699,713,697,11,708,4
2021-06-09,Riverside,065,2383286,294780,289299,14131,303430,4450
2021-06-09,Sacramento,067,1510023,107213,106971,1799,108770,1657
2021-06-09,San Benito,069,59416,6075,6078,116,6194,63
2021-06-09,San Bernardino,071,2135413,294004,293222,9037,302259,4782
2021-06-09,San Diego,073,3302833,281870,280941,15124,296065,3765
2021-06-09,San Francisco,075,870044,36928,37143,1302,38445,552
2021-06-09,San Joaquin,077,732212,73645,73232,3610,76842,1392
2021-06-09,San Luis Obispo,079,281455,21493,21259,753,22012,256
2021-06-09,San Mateo,081,765935,42523,42502,479,42981,666
2021-06-09,Santa Barbara,083,443738,34526,34422,1142,35564,460
2021-06-09,Santa Clara,085,1922200,119021,119793,776,120569,2068
2021-06-09,Santa Cruz,087,273765,16273,16155,813,16968,208
2021-06-09,Shasta,089,179085,12485,12521,1617,14138,201
2021-06-09,Sierra,091,2930,57,55,12,67,0
2021-06-09,Siskiyou,093,43540,1956,1871,374,2245,25
2021-06-09,Solano,095,438530,33152,33137,563,33700,264
2021-06-09,Sonoma,097,501317,30479,30540,353,30893,323
2021-06-09,Stanislaus,099,539301,56720,56560,5996,62556,974
2021-06-09,Sutter,101,95872,9545,9586,88,9674,111
2021-06-09,Tehama,103,63373,5131,5093,587,5680,63
2021-06-09,Trinity,105,12862,486,331,97,428,3
2021-06-09,Tulare,107,460477,50359,49496,9105,58601,847
2021-06-09,Tuolumne,109,53932,4050,4100,42,4142,63
2021-06-09,Ventura,111,848112,81585,81154,3017,84171,1026
2021-06-09,Yolo,113,214977,14106,14102,332,14434,212
2021-06-09,Yuba,115,75493,6129,6109,133,6242,50
2021-06-08,Alameda,001,1643700,88692,88731,1985,90716,1267
2021-06-08,Alpine,003,1148,87,88,0,88,0
2021-06-08,Amador,005,37829,3721,3704,33,3737,46
2021-06-08,Butte,007,227075,12684,12540,1840,14380,194
2021-06-08,Calaveras,009,45235,2185,2181,13,2194,55
2021-06-08,Colusa,011,21464,1958,1961,316,2277,15
2021-06-08,Contra Costa,013,1133247,70245,69762,1307,71069,803
2021-06-08,Del Norte,015,27424,1434,1402,13,1415,8
2021-06-08,El Dorado,017,186661,10373,10306,762,11068,113
2021-06-08,Fresno,019,978130,103082,102680,8747,111427,1717
2021-06-08,Glenn,021,27897,2440,2423,563,2986,19
2021-06-08,Humboldt,023,135768,4381,4363,38,4401,42
2021-06-08,Imperial,025,180216,28692,28752,2755,31507,738
2021-06-08,Inyo,027,18085,1407,1405,13,1418,35
2021-06-08,Kern,029,883053,97625,96671,11058,107729,1325
2021-06-08,Kings,031,150075,23215,23036,1096,24132,245
2021-06-08,Lake,033,64148,3556,3540,9,3549,45
2021-06-08,Lassen,035,31185,5246,5200,116,5316,18
2021-06-08,Los Angeles,037,10098052,1208885,1203794,41416,1245210,24426
2021-06-08,Madera,039,155013,16696,16579,944,17523,240
2021-06-08,Marin,041,260295,14151,14111,265,14376,229
2021-06-08,Mariposa,043,17540,436,434,11,445,5
2021-06-08,Mendocino,045,87422,4087,4002,83,4085,47
2021-06-08,Merced,047,269075,31135,31225,1058,32283,461
2021-06-08,Modoc,049,8938,390,377,138,515,3
2021-06-08,Mono,051,14174,1263,1274,17,1291,3
2021-06-08,Monterey,053,433212,43234,43078,1874,44952,415
2021-06-08,Napa,055,140530,9961,9962,38,10000,80
2021-06-08,Nevada,057,99092,4887,4861,196,5057,72
2021-06-08,Orange,059,3164182,255828,254852,11482,266334,5078
2021-06-08,Placer,061,380077,23542,23209,1521,24730,293
2021-06-08,Plumas,063,18699,713,692,11,703,4
2021-06-08,Riverside,065,2383286,294744,289268,14123,303391,4452
2021-06-08,Sacramento,067,1510023,107151,106901,1796,108697,1654
2021-06-08,San Benito,069,59416,6073,6076,116,6192,63
2021-06-08,San Bernardino,071,2135413,293955,293186,9033,302219,4778
2021-06-08,San Diego,073,3302833,281807,280879,15115,295994,3764
2021-06-08,San Francisco,075,870044,36913,37134,1301,38435,552
2021-06-08,San Joaquin,077,732212,73601,73186,3605,76791,1390
2021-06-08,San Luis Obispo,079,281455,21487,21251,752,22003,255
2021-06-08,San Mateo,081,765935,42510,42488,479,42967,663
2021-06-08,Santa Barbara,083,443738,34522,34418,1142,35560,459
2021-06-08,Santa Clara,085,1922200,119000,119770,775,120545,2068
2021-06-08,Santa Cruz,087,273765,16270,16160,813,16973,208
2021-06-08,Shasta,089,179085,12470,12498,1617,14115,201
2021-06-08,Sierra,091,2930,57,55,12,67,0
2021-06-08,Siskiyou,093,43540,1954,1870,372,2242,21
2021-06-08,Solano,095,438530,33131,33130,563,33693,259
2021-06-08,Sonoma,097,501317,30452,30523,351,30874,323
2021-06-08,Stanislaus,099,539301,56693,56548,5994,62542,973
2021-06-08,Sutter,101,95872,9542,9581,88,9669,111
2021-06-08,Tehama,103,63373,5128,5093,587,5680,63
2021-06-08,Trinity,105,12862,486,330,96,426,3
2021-06-08,Tulare,107,460477,50347,49485,9100,58585,847
2021-06-08,Tuolumne,109,53932,4047,4099,42,4141,63
2021-06-08,Ventura,111,848112,81569,81142,3016,84158,1026
2021-06-08,Yolo,113,214977,14101,14099,331,14430,212
2021-06-08,Yuba,115,75493,6127,6103,133,6236,50
2021-06-07,Alameda,001,1643700,88635,88688,1985,90673,1267
2021-06-07,Alpine,003,1148,87,88,0,88,0
2021-06-07,Amador,005,37829,3711,3697,33,3730,46
2021-06-07,Butte,007,227075,12677,12533,1839,14372,194
2021-06-07,Calaveras,009,45235,2184,2181,13,2194,55
2021-06-07,Colusa,011,21464,1957,1960,316,2276,15
2021-06-07,Contra Costa,013,1133247,70188,69718,1306,71024,817
2021-06-07,Del Norte,015,27424,1434,1401,13,1414,8
2021-06-07,El Dorado,017,186661,10368,10305,762,11067,113
2021-06-07,Fresno,019,978130,103051,102659,8739,111398,1717
2021-06-07,Glenn,021,27897,2440,2423,563,2986,19
2021-06-07,Humboldt,023,135768,4373,4354,38,4392,42
2021-06-07,Imperial,025,180216,28690,28754,2755,31509,738
2021-06-07,Inyo,027,18085,1407,1404,13,1417,35
2021-06-07,Kern,029,883053,97609,96645,11051,107696,1324
2021-06-07,Kings,031,150075,23211,23023,1096,24119,244
2021-06-07,Lake,033,64148,3554,3540,9,3549,45
2021-06-07,Lassen,035,31185,5241,5198,116,5314,18
2021-06-07,Los Angeles,037,10098052,1208661,1203664,41401,1245065,24413
2021-06-07,Madera,039,155013,16689,16572,944,17516,240
2021-06-07,Marin,041,260295,14147,14108,264,14372,229
2021-06-07,Mariposa,043,17540,436,434,11,445,5
2021-06-07,Mendocino,045,87422,4081,3998,83,4081,47
2021-06-07,Merced,047,269075,31123,31212,1057,32269,459
2021-06-07,Modoc,049,8938,389,375,135,510,3
2021-06-07,Mono,051,14174,1263,1275,17,1292,3
2021-06-07,Monterey,053,433212,43227,43077,1874,44951,415
2021-06-07,Napa,055,140530,9953,9962,38,10000,80
2021-06-07,Nevada,057,99092,4885,4860,196,5056,72
2021-06-07,Orange,059,3164182,255788,254808,11474,266282,5073
2021-06-07,Placer,061,380077,23523,23176,1519,24695,293
2021-06-07,Plumas,063,18699,713,692,11,703,4
2021-06-07,Riverside,065,2383286,294701,289232,14119,303351,4451
2021-06-07,Sacramento,067,1510023,107075,106841,1793,108634,1655
2021-06-07,San Benito,069,59416,6072,6074,116,6190,63
2021-06-07,San Bernardino,071,2135413,293917,293129,9032,302161,4775
2021-06-07,San Diego,073,3302833,281725,280808,15102,295910,3764
2021-06-07,San Francisco,075,870044,36897,37122,1301,38423,552
2021-06-07,San Joaquin,077,732212,73556,73130,3598,76728,1388
2021-06-07,San Luis Obispo,079,281455,21474,21252,752,22004,255
2021-06-07,San Mateo,081,765935,42494,42479,479,42958,664
2021-06-07,Santa Barbara,083,443738,34516,34407,1142,35549,459
2021-06-07,Santa Clara,085,1922200,118968,119743,775,120518,2066
2021-06-07,Santa Cruz,087,273765,16269,16159,813,16972,208
2021-06-07,Shasta,089,179085,12456,12483,1612,14095,200
2021-06-07,Sierra,091,2930,57,55,12,67,0
2021-06-07,Siskiyou,093,43540,1954,1869,372,2241,21
2021-06-07,Solano,095,438530,33109,33124,562,33686,258
2021-06-07,Sonoma,097,501317,30416,30504,350,30854,323
2021-06-07,Stanislaus,099,539301,56660,56521,5992,62513,972
2021-06-07,Sutter,101,95872,9538,9571,88,9659,111
2021-06-07,Tehama,103,63373,5124,5092,585,5677,63
2021-06-07,Trinity,105,12862,486,329,96,425,3
2021-06-07,Tulare,107,460477,50341,49471,9100,58571,847
2021-06-07,Tuolumne,109,53932,4046,4098,42,4140,63
2021-06-07,Ventura,111,848112,81552,81137,3014,84151,1025
2021-06-07,Yolo,113,214977,14096,14097,330,14427,211
2021-06-07,Yuba,115,75493,6125,6099,130,6229,49
2021-06-06,Alameda,001,1643700,88597,88636,1984,90620,1267
2021-06-06,Alpine,003,1148,87,88,0,88,0
2021-06-06,Amador,005,37829,3708,3696,33,3729,46
2021-06-06,Butte,007,227075,12666,12527,1838,14365,194
2021-06-06,Calaveras,009,45235,2183,2181,13,2194,55
2021-06-06,Colusa,011,21464,1955,1959,316,2275,15
2021-06-06,Contra Costa,013,1133247,70123,69659,1304,70963,817
2021-06-06,Del Norte,015,27424,1429,1401,13,1414,8
2021-06-06,El Dorado,017,186661,10361,10294,762,11056,113
2021-06-06,Fresno,019,978130,103018,102642,8736,111378,1717
2021-06-06,Glenn,021,27897,2439,2423,563,2986,19
2021-06-06,Humboldt,023,135768,4362,4353,38,4391,42
2021-06-06,Imperial,025,180216,28684,28762,2755,31517,738
2021-06-06,Inyo,027,18085,1406,1404,13,1417,35
2021-06-06,Kern,029,883053,97591,96623,11044,107667,1324
2021-06-06,Kings,031,150075,23205,23021,1096,24117,244
2021-06-06,Lake,033,64148,3554,3535,9,3544,45
2021-06-06,Lassen,035,31185,5239,5191,116,5307,18
2021-06-06,Los Angeles,037,10098052,1208459,1203539,41387,1244926,24410
2021-06-06,Madera,039,155013,16682,16567,944,17511,240
2021-06-06,Marin,041,260295,14141,14106,263,14369,229
2021-06-06,Mariposa,043,17540,435,435,11,446,5
2021-06-06,Mendocino,045,87422,4077,3993,83,4076,47
2021-06-06,Merced,047,269075,31117,31215,1056,32271,459
2021-06-06,Modoc,049,8938,389,375,134,509,3
2021-06-06,Mono,051,14174,1263,1275,17,1292,3
2021-06-06,Monterey,053,433212,43222,43078,1874,44952,415
2021-06-06,Napa,055,140530,9947,9963,38,10001,80
2021-06-06,Nevada,057,99092,4878,4854,195,5049,72
2021-06-06,Orange,059,3164182,255752,254782,11469,266251,5073
2021-06-06,Placer,061,380077,23498,23156,1516,24672,293
2021-06-06,Plumas,063,18699,713,692,11,703,4
2021-06-06,Riverside,065,2383286,294662,289201,14113,303314,4451
2021-06-06,Sacramento,067,1510023,106989,106749,1792,108541,1655
2021-06-06,San Benito,069,59416,6066,6074,116,6190,63
2021-06-06,San Bernardino,071,2135413,293860,293117,9023,302140,4773
2021-06-06,San Diego,073,3302833,281645,280743,15085,295828,3764
2021-06-06,San Francisco,075,870044,36884,37118,1299,38417,552
2021-06-06,San Joaquin,077,732212,73524,73105,3594,76699,1388
2021-06-06,San Luis Obispo,079,281455,21471,21246,752,21998,255
2021-06-06,San Mateo,081,765935,42477,42457,479,42936,664
2021-06-06,Santa Barbara,083,443738,34512,34403,1141,35544,459
2021-06-06,Santa Clara,085,1922200,118946,119711,775,120486,2066
2021-06-06,Santa Cruz,087,273765,16268,16158,813,16971,208
2021-06-06,Shasta,089,179085,12441,12478,1609,14087,200
2021-06-06,Sierra,091,2930,57,55,12,67,0
2021-06-06,Siskiyou,093,43540,1951,1869,372,2241,21
2021-06-06,Solano,095,438530,33082,33093,562,33655,258
2021-06-06,Sonoma,097,501317,30385,30478,349,30827,323
2021-06-06,Stanislaus,099,539301,56624,56486,5989,62475,972
2021-06-06,Sutter,101,95872,9531,9567,88,9655,111
2021-06-06,Tehama,103,63373,5114,5092,583,5675,63
2021-06-06,Trinity,105,12862,486,328,96,424,3
2021-06-06,Tulare,107,460477,50333,49466,9095,58561,847
2021-06-06,Tuolumne,109,53932,4044,4097,42,4139,63
2021-06-06,Ventura,111,848112,81541,81130,3011,84141,1025
2021-06-06,Yolo,113,214977,14088,14089,329,14418,210
2021-06-06,Yuba,115,75493,6117,6096,130,6226,49
2021-06-05,Alameda,001,1643700,88564,88612,1984,90596,1268
2021-06-05,Alpine,003,1148,87,88,0,88,0
2021-06-05,Amador,005,37829,3708,3694,33,3727,46
2021-06-05,Butte,007,227075,12660,12514,1837,14351,194
2021-06-05,Calaveras,009,45235,2183,2181,13,2194,55
2021-06-05,Colusa,011,21464,1955,1959,316,2275,15
2021-06-05,Contra Costa,013,1133247,70094,69601,1304,70905,817
2021-06-05,Del Norte,015,27424,1429,1400,13,1413,8
2021-06-05,El Dorado,017,186661,10359,10288,761,11049,113
2021-06-05,Fresno,019,978130,103009,102626,8736,111362,1717
2021-06-05,Glenn,021,27897,2438,2423,563,2986,19
2021-06-05,Humboldt,023,135768,4357,4346,38,4384,42
2021-06-05,Imperial,025,180216,28681,28764,2755,31519,738
2021-06-05,Inyo,027,18085,1406,1405,13,1418,35
2021-06-05,Kern,029,883053,97578,96597,11040,107637,1324
2021-06-05,Kings,031,150075,23202,23017,1096,24113,244
2021-06-05,Lake,033,64148,3551,3534,9,3543,45
2021-06-05,Lassen,035,31185,5238,5191,116,5307,18
2021-06-05,Los Angeles,037,10098052,1208331,1203338,41376,1244714,24411
2021-06-05,Madera,039,155013,16678,16563,944,17507,240
2021-06-05,Marin,041,260295,14139,14101,263,14364,229
2021-06-05,Mariposa,043,17540,435,435,11,446,5
2021-06-05,Mendocino,045,87422,4074,3989,83,4072,47
2021-06-05,Merced,047,269075,31115,31212,1055,32267,459
2021-06-05,Modoc,049,8938,389,375,133,508,3
2021-06-05,Mono,051,14174,1263,1274,17,1291,3
2021-06-05,Monterey,053,433212,43218,43071,1873,44944,415
2021-06-05,Napa,055,140530,9942,9960,38,9998,80
2021-06-05,Nevada,057,99092,4876,4849,195,5044,72
2021-06-05,Orange,059,3164182,255728,254752,11466,266218,5069
2021-06-05,Placer,061,380077,23482,23133,1516,24649,293
2021-06-05,Plumas,063,18699,713,692,11,703,4
2021-06-05,Riverside,065,2383286,294627,289157,14109,303266,4451
2021-06-05,Sacramento,067,1510023,106937,106688,1790,108478,1655
2021-06-05,San Benito,069,59416,6064,6074,116,6190,63
2021-06-05,San Bernardino,071,2135413,293827,293081,9021,302102,4772
2021-06-05,San Diego,073,3302833,281604,280676,15072,295748,3764
2021-06-05,San Francisco,075,870044,36875,37111,1299,38410,552
2021-06-05,San Joaquin,077,732212,73508,73078,3588,76666,1388
2021-06-05,San Luis Obispo,079,281455,21468,21236,752,21988,255
2021-06-05,San Mateo,081,765935,42467,42433,479,42912,664
2021-06-05,Santa Barbara,083,443738,34509,34399,1140,35539,459
2021-06-05,Santa Clara,085,1922200,118924,119676,773,120449,2066
2021-06-05,Santa Cruz,087,273765,16268,16154,813,16967,208
2021-06-05,Shasta,089,179085,12431,12472,1608,14080,200
2021-06-05,Sierra,091,2930,57,55,12,67,0
2021-06-05,Siskiyou,093,43540,1951,1867,372,2239,21
2021-06-05,Solano,095,438530,33067,33074,562,33636,257
2021-06-05,Sonoma,097,501317,30358,30450,347,30797,323
2021-06-05,Stanislaus,099,539301,56616,56463,5987,62450,973
2021-06-05,Sutter,101,95872,9528,9559,88,9647,111
2021-06-05,Tehama,103,63373,5113,5092,582,5674,63
2021-06-05,Trinity,105,12862,486,328,96,424,3
2021-06-05,Tulare,107,460477,50327,49463,9095,58558,847
2021-06-05,Tuolumne,109,53932,4042,4098,42,4140,63
2021-06-05,Ventura,111,848112,81532,81119,3009,84128,1025
2021-06-05,Yolo,113,214977,14086,14088,329,14417,210
2021-06-05,Yuba,115,75493,6116,6087,130,6217,49
2021-06-04,Alameda,001,1643700,88537,88585,1981,90566,1263
2021-06-04,Alpine,003,1148,87,88,0,88,0
2021-06-04,Amador,005,37829,3708,3690,33,3723,46
2021-06-04,Butte,007,227075,12649,12494,1834,14328,193
2021-06-04,Calaveras,009,45235,2183,2179,13,2192,55
2021-06-04,Colusa,011,21464,1955,1959,316,2275,15
2021-06-04,Contra Costa,013,1133247,70059,69540,1301,70841,816
2021-06-04,Del Norte,015,27424,1429,1398,13,1411,8
2021-06-04,El Dorado,017,186661,10355,10284,759,11043,112
2021-06-04,Fresno,019,978130,102993,102601,8736,111337,1712
2021-06-04,Glenn,021,27897,2438,2423,562,2985,19
2021-06-04,Humboldt,023,135768,4352,4327,38,4365,42
2021-06-04,Imperial,025,180216,28677,28753,2755,31508,738
2021-06-04,Inyo,027,18085,1406,1404,13,1417,35
2021-06-04,Kern,029,883053,97560,96573,11038,107611,1327
2021-06-04,Kings,031,150075,23201,23002,1096,24098,244
2021-06-04,Lake,033,64148,3549,3528,9,3537,45
2021-06-04,Lassen,035,31185,5238,5180,116,5296,18
2021-06-04,Los Angeles,037,10098052,1208207,1203106,41367,1244473,24400
2021-06-04,Madera,039,155013,16676,16557,944,17501,240
2021-06-04,Marin,041,260295,14138,14099,262,14361,229
2021-06-04,Mariposa,043,17540,435,435,11,446,5
2021-06-04,Mendocino,045,87422,4065,3983,83,4066,47
2021-06-04,Merced,047,269075,31110,31204,1054,32258,459
2021-06-04,Modoc,049,8938,387,375,133,508,3
2021-06-04,Mono,051,14174,1263,1275,17,1292,3
2021-06-04,Monterey,053,433212,43214,43068,1873,44941,415
2021-06-04,Napa,055,140530,9938,9958,38,9996,80
2021-06-04,Nevada,057,99092,4872,4844,195,5039,72
2021-06-04,Orange,059,3164182,255691,254730,11462,266192,5059
2021-06-04,Placer,061,380077,23466,23110,1515,24625,293
2021-06-04,Plumas,063,18699,713,691,11,702,4
2021-06-04,Riverside,065,2383286,294601,289098,14105,303203,4452
2021-06-04,Sacramento,067,1510023,106883,106616,1789,108405,1654
2021-06-04,San Benito,069,59416,6062,6073,116,6189,63
2021-06-04,San Bernardino,071,2135413,293803,293056,9019,302075,4768
2021-06-04,San Diego,073,3302833,281561,280556,15065,295621,3763
2021-06-04,San Francisco,075,870044,36870,37079,1298,38377,551
2021-06-04,San Joaquin,077,732212,73489,73039,3586,76625,1388
2021-06-04,San Luis Obispo,079,281455,21465,21234,751,21985,255
2021-06-04,San Mateo,081,765935,42455,42413,479,42892,478
2021-06-04,Santa Barbara,083,443738,34503,34402,1139,35541,459
2021-06-04,Santa Clara,085,1922200,118894,119619,773,120392,2065
2021-06-04,Santa Cruz,087,273765,16265,16150,813,16963,207
2021-06-04,Shasta,089,179085,12425,12458,1603,14061,200
2021-06-04,Sierra,091,2930,57,55,12,67,0
2021-06-04,Siskiyou,093,43540,1950,1865,372,2237,21
2021-06-04,Solano,095,438530,33056,33058,562,33620,256
2021-06-04,Sonoma,097,501317,30337,30411,347,30758,323
2021-06-04,Stanislaus,099,539301,56601,56442,5985,62427,973
2021-06-04,Sutter,101,95872,9523,9554,88,9642,111
2021-06-04,Tehama,103,63373,5108,5090,582,5672,63
2021-06-04,Trinity,105,12862,486,328,96,424,3
2021-06-04,Tulare,107,460477,50318,49452,9093,58545,847
2021-06-04,Tuolumne,109,53932,4041,4095,42,4137,63
2021-06-04,Ventura,111,848112,81525,81104,3007,84111,1023
2021-06-04,Yolo,113,214977,14084,14083,329,14412,210
2021-06-04,Yuba,115,75493,6113,6084,130,6214,49
2021-06-03,Alameda,001,1643700,88499,88555,1978,90533,1257
2021-06-03,Alpine,003,1148,87,88,0,88,0
2021-06-03,Amador,005,37829,3700,3688,33,3721,46
2021-06-03,Butte,007,227075,12645,12478,1833,14311,193
2021-06-03,Calaveras,009,45235,2183,2179,13,2192,55
2021-06-03,Colusa,011,21464,1955,1957,316,2273,15
2021-06-03,Contra Costa,013,1133247,70005,69500,1296,70796,816
2021-06-03,Del Norte,015,27424,1427,1397,13,1410,8
2021-06-03,El Dorado,017,186661,10349,10284,756,11040,112
2021-06-03,Fresno,019,978130,102976,102566,8736,111302,1709
2021-06-03,Glenn,021,27897,2438,2421,562,2983,19
2021-06-03,Humboldt,023,135768,4344,4314,38,4352,42
2021-06-03,Imperial,025,180216,28666,28737,2755,31492,738
2021-06-03,Inyo,027,18085,1406,1404,13,1417,35
2021-06-03,Kern,029,883053,97533,96507,11024,107531,1326
2021-06-03,Kings,031,150075,23197,22982,1096,24078,244
2021-06-03,Lake,033,64148,3547,3526,9,3535,45
2021-06-03,Lassen,035,31185,5229,5177,116,5293,12
2021-06-03,Los Angeles,037,10098052,1208031,1202923,41359,1244282,24386
2021-06-03,Madera,039,155013,16669,16554,944,17498,240
2021-06-03,Marin,041,260295,14133,14095,262,14357,230
2021-06-03,Mariposa,043,17540,435,435,11,446,5
2021-06-03,Mendocino,045,87422,4058,3978,83,4061,47
2021-06-03,Merced,047,269075,31107,31199,1054,32253,459
2021-06-03,Modoc,049,8938,386,376,132,508,3
2021-06-03,Mono,051,14174,1263,1275,17,1292,3
2021-06-03,Monterey,053,433212,43211,43063,1873,44936,415
2021-06-03,Napa,055,140530,9931,9957,38,9995,81
2021-06-03,Nevada,057,99092,4868,4837,195,5032,72
2021-06-03,Orange,059,3164182,255663,254676,11452,266128,5056
2021-06-03,Placer,061,380077,23457,23100,1514,24614,293
2021-06-03,Plumas,063,18699,713,691,11,702,4
2021-06-03,Riverside,065,2383286,294546,289035,14101,303136,4447
2021-06-03,Sacramento,067,1510023,106804,106526,1787,108313,1654
2021-06-03,San Benito,069,59416,6062,6073,116,6189,63
2021-06-03,San Bernardino,071,2135413,293771,293021,9019,302040,4762
2021-06-03,San Diego,073,3302833,281497,280430,15055,295485,3761
2021-06-03,San Francisco,075,870044,36864,37072,1298,38370,551
2021-06-03,San Joaquin,077,732212,73461,72989,3582,76571,1388
2021-06-03,San Luis Obispo,079,281455,21460,21224,751,21975,255
2021-06-03,San Mateo,081,765935,42442,42396,479,42875,467
2021-06-03,Santa Barbara,083,443738,34500,34391,1139,35530,459
2021-06-03,Santa Clara,085,1922200,118872,119592,771,120363,2058
2021-06-03,Santa Cruz,087,273765,16263,16144,813,16957,207
2021-06-03,Shasta,089,179085,12410,12441,1600,14041,199
2021-06-03,Sierra,091,2930,57,55,12,67,0
2021-06-03,Siskiyou,093,43540,1950,1862,371,2233,21
2021-06-03,Solano,095,438530,33042,33019,562,33581,256
2021-06-03,Sonoma,097,501317,30315,30383,346,30729,322
2021-06-03,Stanislaus,099,539301,56582,56401,5979,62380,973
2021-06-03,Sutter,101,95872,9514,9539,88,9627,111
2021-06-03,Tehama,103,63373,5108,5087,582,5669,63
2021-06-03,Trinity,105,12862,486,328,96,424,3
2021-06-03,Tulare,107,460477,50315,49442,9089,58531,848
2021-06-03,Tuolumne,109,53932,4039,4095,42,4137,63
2021-06-03,Ventura,111,848112,81513,81078,3005,84083,1023
2021-06-03,Yolo,113,214977,14080,14078,326,14404,210
2021-06-03,Yuba,115,75493,6106,6077,130,6207,49
2021-06-02,Alameda,001,1643700,88454,88525,1976,90501,1254
2021-06-02,Alpine,003,1148,87,88,0,88,0
2021-06-02,Amador,005,37829,3698,3687,33,3720,46
2021-06-02,Butte,007,227075,12625,12432,1830,14262,193
2021-06-02,Calaveras,009,45235,2180,2174,13,2187,55
2021-06-02,Colusa,011,21464,1954,1957,316,2273,15
2021-06-02,Contra Costa,013,1133247,69954,69455,1294,70749,814
2021-06-02,Del Norte,015,27424,1425,1395,13,1408,8
2021-06-02,El Dorado,017,186661,10345,10275,756,11031,110
2021-06-02,Fresno,019,978130,102952,102547,8733,111280,1707
2021-06-02,Glenn,021,27897,2438,2421,562,2983,19
2021-06-02,Humboldt,023,135768,4329,4302,38,4340,42
2021-06-02,Imperial,025,180216,28660,28737,2754,31491,738
2021-06-02,Inyo,027,18085,1405,1403,13,1416,35
2021-06-02,Kern,029,883053,97506,96481,11017,107498,1326
2021-06-02,Kings,031,150075,23195,22981,1095,24076,244
2021-06-02,Lake,033,64148,3542,3522,9,3531,45
2021-06-02,Lassen,035,31185,5228,5177,116,5293,6
2021-06-02,Los Angeles,037,10098052,1207827,1202760,41350,1244110,24375
2021-06-02,Madera,039,155013,16661,16550,944,17494,240
2021-06-02,Marin,041,260295,14131,14091,261,14352,229
2021-06-02,Mariposa,043,17540,435,434,11,445,5
2021-06-02,Mendocino,045,87422,4052,3970,83,4053,47
2021-06-02,Merced,047,269075,31094,31195,1053,32248,458
2021-06-02,Modoc,049,8938,385,375,131,506,3
2021-06-02,Mono,051,14174,1263,1275,17,1292,3
2021-06-02,Monterey,053,433212,43209,43056,1873,44929,380
2021-06-02,Napa,055,140530,9930,9953,38,9991,82
2021-06-02,Nevada,057,99092,4865,4833,195,5028,72
2021-06-02,Orange,059,3164182,255614,254637,11445,266082,5055
2021-06-02,Placer,061,380077,23436,23058,1512,24570,293
2021-06-02,Plumas,063,18699,713,690,11,701,4
2021-06-02,Riverside,065,2383286,294488,289012,14091,303103,4445
2021-06-02,Sacramento,067,1510023,106739,106435,1781,108216,1649
2021-06-02,San Benito,069,59416,6061,6073,116,6189,63
2021-06-02,San Bernardino,071,2135413,293723,293004,9014,302018,4760
2021-06-02,San Diego,073,3302833,281417,280347,15034,295381,3760
2021-06-02,San Francisco,075,870044,36844,37050,1297,38347,550
2021-06-02,San Joaquin,077,732212,73430,72893,3579,76472,1387
2021-06-02,San Luis Obispo,079,281455,21453,21214,750,21964,255
2021-06-02,San Mateo,081,765935,42432,42383,478,42861,464
2021-06-02,Santa Barbara,083,443738,34493,34381,1139,35520,456
2021-06-02,Santa Clara,085,1922200,118844,119553,770,120323,2058
2021-06-02,Santa Cruz,087,273765,16260,16144,813,16957,207
2021-06-02,Shasta,089,179085,12392,12426,1595,14021,199
2021-06-02,Sierra,091,2930,57,55,12,67,0
2021-06-02,Siskiyou,093,43540,1950,1861,369,2230,21
2021-06-02,Solano,095,438530,33030,33007,561,33568,256
2021-06-02,Sonoma,097,501317,30296,30359,341,30700,322
2021-06-02,Stanislaus,099,539301,56564,56377,5974,62351,973
2021-06-02,Sutter,101,95872,9511,9533,88,9621,111
2021-06-02,Tehama,103,63373,5105,5081,582,5663,63
2021-06-02,Trinity,105,12862,484,328,96,424,3
2021-06-02,Tulare,107,460477,50306,49434,9085,58519,846
2021-06-02,Tuolumne,109,53932,4038,4095,42,4137,63
2021-06-02,Ventura,111,848112,81488,81033,3005,84038,1020
2021-06-02,Yolo,113,214977,14077,14074,325,14399,210
2021-06-02,Yuba,115,75493,6100,6072,130,6202,48
2021-06-01,Alameda,001,1643700,88419,88472,1974,90446,1253
2021-06-01,Alpine,003,1148,87,88,0,88,0
2021-06-01,Amador,005,37829,3696,3687,33,3720,46
2021-06-01,Butte,007,227075,12611,12427,1829,14256,193
2021-06-01,Calaveras,009,45235,2178,2173,13,2186,55
2021-06-01,Colusa,011,21464,1953,1955,315,2270,15
2021-06-01,Contra Costa,013,1133247,69896,69404,1294,70698,813
2021-06-01,Del Norte,015,27424,1424,1394,13,1407,8
2021-06-01,El Dorado,017,186661,10339,10271,756,11027,110
2021-06-01,Fresno,019,978130,102928,102534,8730,111264,1706
2021-06-01,Glenn,021,27897,2438,2422,562,2984,18
2021-06-01,Humboldt,023,135768,4319,4299,38,4337,42
2021-06-01,Imperial,025,180216,28656,28722,2752,31474,736
2021-06-01,Inyo,027,18085,1405,1403,13,1416,35
2021-06-01,Kern,029,883053,97479,96477,11009,107486,1319
2021-06-01,Kings,031,150075,23191,22977,1095,24072,244
2021-06-01,Lake,033,64148,3541,3523,9,3532,45
2021-06-01,Lassen,035,31185,5221,5172,116,5288,6
2021-06-01,Los Angeles,037,10098052,1207592,1202673,41337,1244010,24367
2021-06-01,Madera,039,155013,16652,16549,943,17492,240
2021-06-01,Marin,041,260295,14129,14081,261,14342,229
2021-06-01,Mariposa,043,17540,435,431,11,442,5
2021-06-01,Mendocino,045,87422,4045,3966,83,4049,47
2021-06-01,Merced,047,269075,31084,31195,1053,32248,456
2021-06-01,Modoc,049,8938,383,375,131,506,3
2021-06-01,Mono,051,14174,1263,1275,17,1292,3
2021-06-01,Monterey,053,433212,43203,43051,1873,44924,379
2021-06-01,Napa,055,140530,9928,9949,38,9987,82
2021-06-01,Nevada,057,99092,4860,4825,194,5019,72
2021-06-01,Orange,059,3164182,255578,254603,11437,266040,5051
2021-06-01,Placer,061,380077,23406,23021,1510,24531,293
2021-06-01,Plumas,063,18699,712,690,11,701,4
2021-06-01,Riverside,065,2383286,294435,288996,14085,303081,4442
2021-06-01,Sacramento,067,1510023,106667,106330,1779,108109,1644
2021-06-01,San Benito,069,59416,6060,6073,115,6188,63
2021-06-01,San Bernardino,071,2135413,293698,292990,9013,302003,4758
2021-06-01,San Diego,073,3302833,281313,280305,15017,295322,3756
2021-06-01,San Francisco,075,870044,36828,37031,1297,38328,550
2021-06-01,San Joaquin,077,732212,73398,72858,3578,76436,1383
2021-06-01,San Luis Obispo,079,281455,21448,21217,750,21967,256
2021-06-01,San Mateo,081,765935,42416,42383,477,42860,462
2021-06-01,Santa Barbara,083,443738,34489,34374,1139,35513,456
2021-06-01,Santa Clara,085,1922200,118816,119528,770,120298,2057
2021-06-01,Santa Cruz,087,273765,16256,16143,812,16955,207
2021-06-01,Shasta,089,179085,12383,12409,1590,13999,199
2021-06-01,Sierra,091,2930,57,55,12,67,0
2021-06-01,Siskiyou,093,43540,1943,1860,368,2228,21
2021-06-01,Solano,095,438530,33005,32974,560,33534,256
2021-06-01,Sonoma,097,501317,30257,30324,340,30664,322
2021-06-01,Stanislaus,099,539301,56548,56348,5972,62320,973
2021-06-01,Sutter,101,95872,9504,9528,88,9616,111
2021-06-01,Tehama,103,63373,5103,5079,582,5661,63
2021-06-01,Trinity,105,12862,483,328,95,423,3
2021-06-01,Tulare,107,460477,50298,49419,9081,58500,845
2021-06-01,Tuolumne,109,53932,4038,4094,42,4136,63
2021-06-01,Ventura,111,848112,81472,81018,3004,84022,1021
2021-06-01,Yolo,113,214977,14071,14067,325,14392,210
2021-06-01,Yuba,115,75493,6096,6067,130,6197,48
2021-05-31,Alameda,001,1643700,88383,88458,1970,90428,1253
2021-05-31,Alpine,003,1148,87,88,0,88,0
2021-05-31,Amador,005,37829,3690,3687,33,3720,46
2021-05-31,Butte,007,227075,12598,12429,1829,14258,193
2021-05-31,Calaveras,009,45235,2177,2171,13,2184,55
2021-05-31,Colusa,011,21464,1953,1956,314,2270,15
2021-05-31,Contra Costa,013,1133247,69859,69390,1292,70682,813
2021-05-31,Del Norte,015,27424,1421,1394,13,1407,8
2021-05-31,El Dorado,017,186661,10333,10271,754,11025,110
2021-05-31,Fresno,019,978130,102891,102507,8730,111237,1706
2021-05-31,Glenn,021,27897,2437,2422,561,2983,18
2021-05-31,Humboldt,023,135768,4307,4295,38,4333,42
2021-05-31,Imperial,025,180216,28650,28732,2749,31481,736
2021-05-31,Inyo,027,18085,1404,1403,13,1416,35
2021-05-31,Kern,029,883053,97443,96457,11000,107457,1319
2021-05-31,Kings,031,150075,23187,22977,1095,24072,244
2021-05-31,Lake,033,64148,3536,3523,9,3532,45
2021-05-31,Lassen,035,31185,5219,5172,115,5287,6
2021-05-31,Los Angeles,037,10098052,1207347,1202567,41329,1243896,24364
2021-05-31,Madera,039,155013,16651,16543,942,17485,240
2021-05-31,Marin,041,260295,14127,14080,261,14341,229
2021-05-31,Mariposa,043,17540,435,430,11,441,5
2021-05-31,Mendocino,045,87422,4035,3961,83,4044,47
2021-05-31,Merced,047,269075,31079,31194,1053,32247,456
2021-05-31,Modoc,049,8938,382,374,131,505,3
2021-05-31,Mono,051,14174,1263,1275,17,1292,3
2021-05-31,Monterey,053,433212,43199,43051,1873,44924,379
2021-05-31,Napa,055,140530,9921,9948,38,9986,82
2021-05-31,Nevada,057,99092,4850,4823,193,5016,72
2021-05-31,Orange,059,3164182,255550,254572,11429,266001,5051
2021-05-31,Placer,061,380077,23379,23019,1506,24525,293
2021-05-31,Plumas,063,18699,711,690,11,701,4
2021-05-31,Riverside,065,2383286,294378,288970,14073,303043,4442
2021-05-31,Sacramento,067,1510023,106570,106278,1773,108051,1644
2021-05-31,San Benito,069,59416,6060,6072,115,6187,63
2021-05-31,San Bernardino,071,2135413,293650,292973,9012,301985,4758
2021-05-31,San Diego,073,3302833,281209,280254,15005,295259,3756
2021-05-31,San Francisco,075,870044,36813,37022,1296,38318,550
2021-05-31,San Joaquin,077,732212,73349,72856,3572,76428,1383
2021-05-31,San Luis Obispo,079,281455,21440,21215,750,21965,256
2021-05-31,San Mateo,081,765935,42400,42389,477,42866,442
2021-05-31,Santa Barbara,083,443738,34476,34369,1137,35506,456
2021-05-31,Santa Clara,085,1922200,118772,119515,770,120285,2057
2021-05-31,Santa Cruz,087,273765,16253,16139,812,16951,207
2021-05-31,Shasta,089,179085,12367,12408,1587,13995,199
2021-05-31,Sierra,091,2930,57,55,12,67,0
2021-05-31,Siskiyou,093,43540,1942,1856,367,2223,21
2021-05-31,Solano,095,438530,32955,32973,560,33533,256
2021-05-31,Sonoma,097,501317,30214,30314,340,30654,322
2021-05-31,Stanislaus,099,539301,56506,56335,5969,62304,973
2021-05-31,Sutter,101,95872,9485,9523,88,9611,111
2021-05-31,Tehama,103,63373,5100,5076,581,5657,63
2021-05-31,Trinity,105,12862,483,328,95,423,3
2021-05-31,Tulare,107,460477,50287,49404,9076,58480,845
2021-05-31,Tuolumne,109,53932,4036,4095,42,4137,63
2021-05-31,Ventura,111,848112,81457,81017,3001,84018,1021
2021-05-31,Yolo,113,214977,14067,14064,325,14389,210
2021-05-31,Yuba,115,75493,6090,6063,127,6190,48
2021-05-30,Alameda,001,1643700,88360,88429,1970,90399,1253
2021-05-30,Alpine,003,1148,87,88,0,88,0
2021-05-30,Amador,005,37829,3686,3685,33,3718,46
2021-05-30,Butte,007,227075,12588,12427,1827,14254,190
2021-05-30,Calaveras,009,45235,2173,2166,13,2179,55
2021-05-30,Colusa,011,21464,1953,1954,314,2268,15
2021-05-30,Contra Costa,013,1133247,69825,69381,1290,70671,813
2021-05-30,Del Norte,015,27424,1420,1393,13,1406,8
2021-05-30,El Dorado,017,186661,10330,10271,754,11025,110
2021-05-30,Fresno,019,978130,102874,102499,8726,111225,1706
2021-05-30,Glenn,021,27897,2437,2422,560,2982,18
2021-05-30,Humboldt,023,135768,4299,4291,38,4329,42
2021-05-30,Imperial,025,180216,28646,28732,2748,31480,736
2021-05-30,Inyo,027,18085,1404,1403,13,1416,35
2021-05-30,Kern,029,883053,97427,96443,10997,107440,1319
2021-05-30,Kings,031,150075,23186,22974,1094,24068,244
2021-05-30,Lake,033,64148,3536,3517,9,3526,45
2021-05-30,Lassen,035,31185,5217,5171,115,5286,6
2021-05-30,Los Angeles,037,10098052,1207235,1202425,41322,1243747,24360
2021-05-30,Madera,039,155013,16647,16538,942,17480,240
2021-05-30,Marin,041,260295,14123,14083,260,14343,229
2021-05-30,Mariposa,043,17540,435,430,11,441,5
2021-05-30,Mendocino,045,87422,4028,3955,83,4038,47
2021-05-30,Merced,047,269075,31075,31189,1052,32241,456
2021-05-30,Modoc,049,8938,382,374,131,505,3
2021-05-30,Mono,051,14174,1263,1275,17,1292,3
2021-05-30,Monterey,053,433212,43196,43049,1873,44922,379
2021-05-30,Napa,055,140530,9920,9948,38,9986,82
2021-05-30,Nevada,057,99092,4844,4818,193,5011,72
2021-05-30,Orange,059,3164182,255527,254559,11428,265987,5051
2021-05-30,Placer,061,380077,23373,23016,1506,24522,293
2021-05-30,Plumas,063,18699,709,690,11,701,4
2021-05-30,Riverside,065,2383286,294357,288961,14071,303032,4442
2021-05-30,Sacramento,067,1510023,106524,106252,1771,108023,1644
2021-05-30,San Benito,069,59416,6060,6072,115,6187,63
2021-05-30,San Bernardino,071,2135413,293624,292981,9011,301992,4758
2021-05-30,San Diego,073,3302833,281153,280209,15000,295209,3756
2021-05-30,San Francisco,075,870044,36794,37016,1296,38312,550
2021-05-30,San Joaquin,077,732212,73332,72853,3571,76424,1383
2021-05-30,San Luis Obispo,079,281455,21431,21211,749,21960,256
2021-05-30,San Mateo,081,765935,42392,42386,477,42863,439
2021-05-30,Santa Barbara,083,443738,34472,34369,1137,35506,456
2021-05-30,Santa Clara,085,1922200,118750,119510,766,120276,2057
2021-05-30,Santa Cruz,087,273765,16251,16140,812,16952,207
2021-05-30,Shasta,089,179085,12365,12408,1584,13992,199
2021-05-30,Sierra,091,2930,57,55,12,67,0
2021-05-30,Siskiyou,093,43540,1942,1856,367,2223,21
2021-05-30,Solano,095,438530,32944,32952,559,33511,256
2021-05-30,Sonoma,097,501317,30197,30310,339,30649,322
2021-05-30,Stanislaus,099,539301,56495,56323,5968,62291,973
2021-05-30,Sutter,101,95872,9484,9519,87,9606,111
2021-05-30,Tehama,103,63373,5100,5073,581,5654,63
2021-05-30,Trinity,105,12862,483,328,95,423,3
2021-05-30,Tulare,107,460477,50280,49397,9068,58465,845
2021-05-30,Tuolumne,109,53932,4036,4094,42,4136,63
2021-05-30,Ventura,111,848112,81453,81012,3000,84012,1021
2021-05-30,Yolo,113,214977,14062,14059,324,14383,210
2021-05-30,Yuba,115,75493,6083,6063,126,6189,48
2021-05-29,Alameda,001,1643700,88337,88433,1968,90401,1253
2021-05-29,Alpine,003,1148,87,88,0,88,0
2021-05-29,Amador,005,37829,3685,3683,33,3716,46
2021-05-29,Butte,007,227075,12582,12425,1827,14252,190
2021-05-29,Calaveras,009,45235,2172,2166,13,2179,55
2021-05-29,Colusa,011,21464,1950,1954,314,2268,15
2021-05-29,Contra Costa,013,1133247,69792,69351,1290,70641,813
2021-05-29,Del Norte,015,27424,1420,1391,13,1404,8
2021-05-29,El Dorado,017,186661,10329,10269,752,11021,110
2021-05-29,Fresno,019,978130,102862,102470,8723,111193,1706
2021-05-29,Glenn,021,27897,2437,2422,559,2981,18
2021-05-29,Humboldt,023,135768,4293,4283,38,4321,42
2021-05-29,Imperial,025,180216,28643,28729,2747,31476,736
2021-05-29,Inyo,027,18085,1404,1404,13,1417,35
2021-05-29,Kern,029,883053,97416,96424,10984,107408,1319
2021-05-29,Kings,031,150075,23185,22970,1093,24063,244
2021-05-29,Lake,033,64148,3536,3515,9,3524,45
2021-05-29,Lassen,035,31185,5217,5171,115,5286,6
2021-05-29,Los Angeles,037,10098052,1207112,1202264,41318,1243582,24359
2021-05-29,Madera,039,155013,16645,16535,942,17477,240
2021-05-29,Marin,041,260295,14119,14071,259,14330,229
2021-05-29,Mariposa,043,17540,434,428,11,439,5
2021-05-29,Mendocino,045,87422,4022,3952,83,4035,47
2021-05-29,Merced,047,269075,31063,31187,1052,32239,456
2021-05-29,Modoc,049,8938,382,374,131,505,3
2021-05-29,Mono,051,14174,1263,1275,17,1292,3
2021-05-29,Monterey,053,433212,43194,43042,1873,44915,379
2021-05-29,Napa,055,140530,9917,9948,38,9986,82
2021-05-29,Nevada,057,99092,4843,4816,193,5009,72
2021-05-29,Orange,059,3164182,255505,254537,11418,265955,5049
2021-05-29,Placer,061,380077,23358,23009,1505,24514,293
2021-05-29,Plumas,063,18699,709,689,11,700,4
2021-05-29,Riverside,065,2383286,294337,288908,14070,302978,4442
2021-05-29,Sacramento,067,1510023,106494,106218,1770,107988,1643
2021-05-29,San Benito,069,59416,6059,6072,115,6187,63
2021-05-29,San Bernardino,071,2135413,293592,292961,9010,301971,4757
2021-05-29,San Diego,073,3302833,281094,280151,14995,295146,3756
2021-05-29,San Francisco,075,870044,36785,37008,1296,38304,550
2021-05-29,San Joaquin,077,732212,73316,72827,3569,76396,1383
2021-05-29,San Luis Obispo,079,281455,21429,21201,749,21950,256
2021-05-29,San Mateo,081,765935,42384,42375,476,42851,439
2021-05-29,Santa Barbara,083,443738,34468,34367,1137,35504,456
2021-05-29,Santa Clara,085,1922200,118726,119498,765,120263,2056
2021-05-29,Santa Cruz,087,273765,16250,16137,812,16949,207
2021-05-29,Shasta,089,179085,12357,12401,1583,13984,199
2021-05-29,Sierra,091,2930,57,55,12,67,0
2021-05-29,Siskiyou,093,43540,1937,1856,367,2223,21
2021-05-29,Solano,095,438530,32935,32917,559,33476,256
2021-05-29,Sonoma,097,501317,30174,30298,338,30636,322
2021-05-29,Stanislaus,099,539301,56477,56305,5966,62271,974
2021-05-29,Sutter,101,95872,9480,9516,87,9603,111
2021-05-29,Tehama,103,63373,5099,5070,581,5651,63
2021-05-29,Trinity,105,12862,483,328,95,423,3
2021-05-29,Tulare,107,460477,50270,49392,9064,58456,845
2021-05-29,Tuolumne,109,53932,4036,4093,42,4135,63
2021-05-29,Ventura,111,848112,81445,81008,3000,84008,1021
2021-05-29,Yolo,113,214977,14061,14055,324,14379,210
2021-05-29,Yuba,115,75493,6083,6059,126,6185,48
2021-05-28,Alameda,001,1643700,88313,88391,1964,90355,1261
2021-05-28,Alpine,003,1148,87,88,0,88,0
2021-05-28,Amador,005,37829,3685,3680,33,3713,46
2021-05-28,Butte,007,227075,12579,12407,1826,14233,190
2021-05-28,Calaveras,009,45235,2171,2165,13,2178,55
2021-05-28,Colusa,011,21464,1950,1954,312,2266,15
2021-05-28,Contra Costa,013,1133247,69756,69290,1289,70579,813
2021-05-28,Del Norte,015,27424,1419,1390,13,1403,8
2021-05-28,El Dorado,017,186661,10326,10265,752,11017,110
2021-05-28,Fresno,019,978130,102847,102437,8723,111160,1705
2021-05-28,Glenn,021,27897,2437,2419,559,2978,18
2021-05-28,Humboldt,023,135768,4286,4265,38,4303,42
2021-05-28,Imperial,025,180216,28640,28722,2747,31469,736
2021-05-28,Inyo,027,18085,1404,1404,13,1417,35
2021-05-28,Kern,029,883053,97399,96396,10976,107372,1320
2021-05-28,Kings,031,150075,23183,22962,1093,24055,244
2021-05-28,Lake,033,64148,3534,3515,9,3524,45
2021-05-28,Lassen,035,31185,5217,5169,115,5284,6
2021-05-28,Los Angeles,037,10098052,1207001,1202103,41308,1243411,24357
2021-05-28,Madera,039,155013,16643,16530,942,17472,240
2021-05-28,Marin,041,260295,14118,14063,258,14321,229
2021-05-28,Mariposa,043,17540,434,428,11,439,5
2021-05-28,Mendocino,045,87422,4017,3947,83,4030,47
2021-05-28,Merced,047,269075,31060,31176,1052,32228,455
2021-05-28,Modoc,049,8938,382,374,131,505,3
2021-05-28,Mono,051,14174,1263,1274,17,1291,3
2021-05-28,Monterey,053,433212,43193,43036,1873,44909,379
2021-05-28,Napa,055,140530,9917,9941,38,9979,82
2021-05-28,Nevada,057,99092,4841,4813,193,5006,71
2021-05-28,Orange,059,3164182,255485,254494,11416,265910,5047
2021-05-28,Placer,061,380077,23348,22987,1503,24490,293
2021-05-28,Plumas,063,18699,707,688,11,699,4
2021-05-28,Riverside,065,2383286,294315,288872,14068,302940,4442
2021-05-28,Sacramento,067,1510023,106438,106131,1768,107899,1642
2021-05-28,San Benito,069,59416,6059,6074,115,6189,63
2021-05-28,San Bernardino,071,2135413,293569,292905,9010,301915,4757
2021-05-28,San Diego,073,3302833,281031,280043,14984,295027,3756
2021-05-28,San Francisco,075,870044,36779,36987,1296,38283,546
2021-05-28,San Joaquin,077,732212,73286,72793,3567,76360,1383
2021-05-28,San Luis Obispo,079,281455,21424,21190,747,21937,256
2021-05-28,San Mateo,081,765935,42378,42364,476,42840,439
2021-05-28,Santa Barbara,083,443738,34467,34371,1137,35508,455
2021-05-28,Santa Clara,085,1922200,118702,119462,765,120227,2056
2021-05-28,Santa Cruz,087,273765,16249,16129,812,16941,207
2021-05-28,Shasta,089,179085,12348,12383,1581,13964,198
2021-05-28,Sierra,091,2930,57,54,12,66,0
2021-05-28,Siskiyou,093,43540,1935,1850,367,2217,19
2021-05-28,Solano,095,438530,32920,32892,559,33451,256
2021-05-28,Sonoma,097,501317,30155,30270,338,30608,321
2021-05-28,Stanislaus,099,539301,56459,56278,5963,62241,974
2021-05-28,Sutter,101,95872,9476,9511,87,9598,111
2021-05-28,Tehama,103,63373,5093,5064,581,5645,63
2021-05-28,Trinity,105,12862,483,328,95,423,3
2021-05-28,Tulare,107,460477,50265,49375,9055,58430,846
2021-05-28,Tuolumne,109,53932,4036,4090,42,4132,63
2021-05-28,Ventura,111,848112,81434,80985,2999,83984,1021
2021-05-28,Yolo,113,214977,14058,14050,323,14373,210
2021-05-28,Yuba,115,75493,6081,6050,125,6175,48
2021-05-27,Alameda,001,1643700,88278,88342,1963,90305,1274
2021-05-27,Alpine,003,1148,87,88,0,88,0
2021-05-27,Amador,005,37829,3682,3680,33,3713,46
2021-05-27,Butte,007,227075,12574,12401,1825,14226,190
2021-05-27,Calaveras,009,45235,2170,2163,13,2176,55
2021-05-27,Colusa,011,21464,1947,1952,312,2264,15
2021-05-27,Contra Costa,013,1133247,69714,69245,1287,70532,813
2021-05-27,Del Norte,015,27424,1419,1388,13,1401,8
2021-05-27,El Dorado,017,186661,10325,10248,752,11000,112
2021-05-27,Fresno,019,978130,102831,102413,8720,111133,1704
2021-05-27,Glenn,021,27897,2437,2415,559,2974,18
2021-05-27,Humboldt,023,135768,4278,4260,38,4298,42
2021-05-27,Imperial,025,180216,28629,28728,2747,31475,736
2021-05-27,Inyo,027,18085,1404,1404,13,1417,35
2021-05-27,Kern,029,883053,97383,96364,10968,107332,1322
2021-05-27,Kings,031,150075,23180,22953,1093,24046,245
2021-05-27,Lake,033,64148,3529,3509,9,3518,45
2021-05-27,Lassen,035,31185,5216,5170,114,5284,6
2021-05-27,Los Angeles,037,10098052,1206836,1201927,41293,1243220,24348
2021-05-27,Madera,039,155013,16634,16527,942,17469,240
2021-05-27,Marin,041,260295,14114,14061,258,14319,229
2021-05-27,Mariposa,043,17540,432,427,11,438,5
2021-05-27,Mendocino,045,87422,4011,3945,83,4028,47
2021-05-27,Merced,047,269075,31048,31161,1052,32213,455
2021-05-27,Modoc,049,8938,381,374,131,505,3
2021-05-27,Mono,051,14174,1263,1276,17,1293,3
2021-05-27,Monterey,053,433212,43187,43032,1873,44905,379
2021-05-27,Napa,055,140530,9916,9934,38,9972,82
2021-05-27,Nevada,057,99092,4837,4807,191,4998,71
2021-05-27,Orange,059,3164182,255448,254438,11412,265850,5059
2021-05-27,Placer,061,380077,23339,22966,1503,24469,293
2021-05-27,Plumas,063,18699,707,687,11,698,4
2021-05-27,Riverside,065,2383286,294279,288835,14063,302898,4443
2021-05-27,Sacramento,067,1510023,106363,106015,1766,107781,1642
2021-05-27,San Benito,069,59416,6058,6074,115,6189,63
2021-05-27,San Bernardino,071,2135413,293532,292755,9008,301763,4756
2021-05-27,San Diego,073,3302833,280957,279960,14970,294930,3756
2021-05-27,San Francisco,075,870044,36773,36980,1293,38273,546
2021-05-27,San Joaquin,077,732212,73254,72714,3563,76277,1388
2021-05-27,San Luis Obispo,079,281455,21419,21171,747,21918,256
2021-05-27,San Mateo,081,765935,42369,42345,476,42821,436
2021-05-27,Santa Barbara,083,443738,34462,34355,1137,35492,456
2021-05-27,Santa Clara,085,1922200,118681,119452,765,120217,2053
2021-05-27,Santa Cruz,087,273765,16247,16134,812,16946,207
2021-05-27,Shasta,089,179085,12338,12380,1581,13961,202
2021-05-27,Sierra,091,2930,57,54,12,66,0
2021-05-27,Siskiyou,093,43540,1932,1846,367,2213,18
2021-05-27,Solano,095,438530,32879,32855,558,33413,257
2021-05-27,Sonoma,097,501317,30128,30253,334,30587,321
2021-05-27,Stanislaus,099,539301,56434,56207,5962,62169,974
2021-05-27,Sutter,101,95872,9472,9501,87,9588,111
2021-05-27,Tehama,103,63373,5090,5064,580,5644,63
2021-05-27,Trinity,105,12862,483,328,95,423,3
2021-05-27,Tulare,107,460477,50251,49366,9046,58412,840
2021-05-27,Tuolumne,109,53932,4035,4090,42,4132,66
2021-05-27,Ventura,111,848112,81421,80965,2996,83961,1023
2021-05-27,Yolo,113,214977,14055,14036,323,14359,213
2021-05-27,Yuba,115,75493,6076,6040,124,6164,48
2021-05-26,Alameda,001,1643700,88249,88297,1963,90260,1266
2021-05-26,Alpine,003,1148,87,88,0,88,0
2021-05-26,Amador,005,37829,3682,3679,33,3712,46
2021-05-26,Butte,007,227075,12565,12332,1824,14156,190
2021-05-26,Calaveras,009,45235,2169,2154,13,2167,55
2021-05-26,Colusa,011,21464,1946,1952,312,2264,15
2021-05-26,Contra Costa,013,1133247,69677,69210,1287,70497,812
2021-05-26,Del Norte,015,27424,1419,1386,12,1398,8
2021-05-26,El Dorado,017,186661,10321,10242,751,10993,112
2021-05-26,Fresno,019,978130,102798,102374,8715,111089,1702
2021-05-26,Glenn,021,27897,2436,2415,559,2974,18
2021-05-26,Humboldt,023,135768,4273,4246,38,4284,42
2021-05-26,Imperial,025,180216,28624,28712,2745,31457,734
2021-05-26,Inyo,027,18085,1404,1403,13,1416,36
2021-05-26,Kern,029,883053,97358,96343,10961,107304,1320
2021-05-26,Kings,031,150075,23176,22950,1092,24042,245
2021-05-26,Lake,033,64148,3528,3508,9,3517,45
2021-05-26,Lassen,035,31185,5215,5164,114,5278,6
2021-05-26,Los Angeles,037,10098052,1206669,1198100,41277,1239377,24221
2021-05-26,Madera,039,155013,16631,16520,942,17462,240
2021-05-26,Marin,041,260295,14111,14061,257,14318,227
2021-05-26,Mariposa,043,17540,432,427,11,438,5
2021-05-26,Mendocino,045,87422,4005,3938,83,4021,47
2021-05-26,Merced,047,269075,31039,31139,1052,32191,455
2021-05-26,Modoc,049,8938,381,371,130,501,3
2021-05-26,Mono,051,14174,1263,1274,17,1291,3
2021-05-26,Monterey,053,433212,43181,43018,1872,44890,379
2021-05-26,Napa,055,140530,9909,9932,36,9968,82
2021-05-26,Nevada,057,99092,4832,4803,191,4994,70
2021-05-26,Orange,059,3164182,255412,254368,11409,265777,5058
2021-05-26,Placer,061,380077,23315,22940,1503,24443,293
2021-05-26,Plumas,063,18699,706,685,11,696,4
2021-05-26,Riverside,065,2383286,294233,288782,14056,302838,4443
2021-05-26,Sacramento,067,1510023,106277,105919,1762,107681,1637
2021-05-26,San Benito,069,59416,6058,6074,115,6189,63
2021-05-26,San Bernardino,071,2135413,293497,292662,9007,301669,4755
2021-05-26,San Diego,073,3302833,280882,279859,14960,294819,3755
2021-05-26,San Francisco,075,870044,36761,36954,1293,38247,546
2021-05-26,San Joaquin,077,732212,73212,72681,3560,76241,1388
2021-05-26,San Luis Obispo,079,281455,21413,21163,747,21910,256
2021-05-26,San Mateo,081,765935,42361,42331,476,42807,436
2021-05-26,Santa Barbara,083,443738,34453,34348,1137,35485,459
2021-05-26,Santa Clara,085,1922200,118654,119421,764,120185,2031
2021-05-26,Santa Cruz,087,273765,16246,16139,812,16951,207
2021-05-26,Shasta,089,179085,12323,12357,1578,13935,202
2021-05-26,Sierra,091,2930,57,54,12,66,0
2021-05-26,Siskiyou,093,43540,1930,1847,365,2212,18
2021-05-26,Solano,095,438530,32843,32831,558,33389,257
2021-05-26,Sonoma,097,501317,30101,30230,334,30564,321
2021-05-26,Stanislaus,099,539301,56412,56193,5960,62153,974
2021-05-26,Sutter,101,95872,9467,9495,87,9582,112
2021-05-26,Tehama,103,63373,5089,5054,577,5631,63
2021-05-26,Trinity,105,12862,483,328,95,423,3
2021-05-26,Tulare,107,460477,50244,49352,9042,58394,839
2021-05-26,Tuolumne,109,53932,4031,4088,41,4129,66
2021-05-26,Ventura,111,848112,81398,80944,2994,83938,1023
2021-05-26,Yolo,113,214977,14052,14025,323,14348,213
2021-05-26,Yuba,115,75493,6071,6036,124,6160,49
2021-05-25,Alameda,001,1643700,88219,88237,1963,90200,1263
2021-05-25,Alpine,003,1148,87,88,0,88,0
2021-05-25,Amador,005,37829,3677,3676,33,3709,46
2021-05-25,Butte,007,227075,12554,12295,1823,14118,189
2021-05-25,Calaveras,009,45235,2167,2148,13,2161,55
2021-05-25,Colusa,011,21464,1945,1949,312,2261,15
2021-05-25,Contra Costa,013,1133247,69625,69167,1282,70449,809
2021-05-25,Del Norte,015,27424,1419,1385,12,1397,8
2021-05-25,El Dorado,017,186661,10314,10240,750,10990,112
2021-05-25,Fresno,019,978130,102777,102329,8713,111042,1701
2021-05-25,Glenn,021,27897,2435,2414,558,2972,17
2021-05-25,Humboldt,023,135768,4266,4231,36,4267,42
2021-05-25,Imperial,025,180216,28617,28586,2745,31331,735
2021-05-25,Inyo,027,18085,1404,1402,13,1415,36
2021-05-25,Kern,029,883053,97327,96319,10947,107266,1319
2021-05-25,Kings,031,150075,23169,22944,1092,24036,245
2021-05-25,Lake,033,64148,3527,3508,9,3517,44
2021-05-25,Lassen,035,31185,5211,5164,114,5278,6
2021-05-25,Los Angeles,037,10098052,1206487,1197940,41258,1239198,24212
2021-05-25,Madera,039,155013,16626,16519,941,17460,240
2021-05-25,Marin,041,260295,14105,14053,257,14310,227
2021-05-25,Mariposa,043,17540,431,427,11,438,5
2021-05-25,Mendocino,045,87422,4000,3928,83,4011,47
2021-05-25,Merced,047,269075,31018,31132,1052,32184,455
2021-05-25,Modoc,049,8938,380,367,130,497,3
2021-05-25,Mono,051,14174,1263,1274,17,1291,3
2021-05-25,Monterey,053,433212,43177,43012,1871,44883,379
2021-05-25,Napa,055,140530,9907,9926,36,9962,82
2021-05-25,Nevada,057,99092,4826,4795,191,4986,70
2021-05-25,Orange,059,3164182,255383,254321,11408,265729,5057
2021-05-25,Placer,061,380077,23304,22920,1501,24421,292
2021-05-25,Plumas,063,18699,706,684,11,695,4
2021-05-25,Riverside,065,2383286,294194,288725,14053,302778,4443
2021-05-25,Sacramento,067,1510023,106196,105828,1758,107586,1633
2021-05-25,San Benito,069,59416,6058,6073,115,6188,63
2021-05-25,San Bernardino,071,2135413,293437,292485,9005,301490,4755
2021-05-25,San Diego,073,3302833,280800,279786,14955,294741,3753
2021-05-25,San Francisco,075,870044,36738,36939,1293,38232,546
2021-05-25,San Joaquin,077,732212,73170,72628,3557,76185,1387
2021-05-25,San Luis Obispo,079,281455,21410,21153,747,21900,256
2021-05-25,San Mateo,081,765935,42351,42268,476,42744,435
2021-05-25,Santa Barbara,083,443738,34450,34337,1137,35474,459
2021-05-25,Santa Clara,085,1922200,118630,119393,763,120156,2032
2021-05-25,Santa Cruz,087,273765,16241,16141,812,16953,207
2021-05-25,Shasta,089,179085,12314,12328,1576,13904,202
2021-05-25,Sierra,091,2930,56,54,12,66,0
2021-05-25,Siskiyou,093,43540,1929,1845,364,2209,18
2021-05-25,Solano,095,438530,32824,32817,557,33374,256
2021-05-25,Sonoma,097,501317,30072,30207,333,30540,321
2021-05-25,Stanislaus,099,539301,56376,56168,5957,62125,974
2021-05-25,Sutter,101,95872,9463,9495,87,9582,112
2021-05-25,Tehama,103,63373,5087,5048,576,5624,63
2021-05-25,Trinity,105,12862,483,328,94,422,3
2021-05-25,Tulare,107,460477,50234,49326,9034,58360,838
2021-05-25,Tuolumne,109,53932,4031,4084,41,4125,66
2021-05-25,Ventura,111,848112,81380,80905,2994,83899,1022
2021-05-25,Yolo,113,214977,14044,14018,321,14339,213
2021-05-25,Yuba,115,75493,6064,6028,124,6152,49
2021-05-24,Alameda,001,1643700,88179,88182,1962,90144,1263
2021-05-24,Alpine,003,1148,87,88,0,88,0
2021-05-24,Amador,005,37829,3675,3675,33,3708,46
2021-05-24,Butte,007,227075,12541,12279,1820,14099,189
2021-05-24,Calaveras,009,45235,2165,2146,13,2159,54
2021-05-24,Colusa,011,21464,1945,1949,312,2261,15
2021-05-24,Contra Costa,013,1133247,69584,69107,1278,70385,809
2021-05-24,Del Norte,015,27424,1418,1384,12,1396,8
2021-05-24,El Dorado,017,186661,10304,10227,749,10976,112
2021-05-24,Fresno,019,978130,102735,102289,8712,111001,1698
2021-05-24,Glenn,021,27897,2435,2413,558,2971,17
2021-05-24,Humboldt,023,135768,4259,4225,36,4261,42
2021-05-24,Imperial,025,180216,28615,28575,2745,31320,735
2021-05-24,Inyo,027,18085,1404,1402,13,1415,36
2021-05-24,Kern,029,883053,97300,96296,10942,107238,1319
2021-05-24,Kings,031,150075,23165,22940,1092,24032,246
2021-05-24,Lake,033,64148,3525,3506,9,3515,43
2021-05-24,Lassen,035,31185,5207,5163,114,5277,6
2021-05-24,Los Angeles,037,10098052,1206312,1197782,41244,1239026,24201
2021-05-24,Madera,039,155013,16622,16513,940,17453,239
2021-05-24,Marin,041,260295,14103,14051,257,14308,227
2021-05-24,Mariposa,043,17540,430,427,11,438,5
2021-05-24,Mendocino,045,87422,3998,3919,83,4002,47
2021-05-24,Merced,047,269075,31008,31128,1051,32179,455
2021-05-24,Modoc,049,8938,380,366,129,495,3
2021-05-24,Mono,051,14174,1263,1270,17,1287,3
2021-05-24,Monterey,053,433212,43172,43005,1870,44875,379
2021-05-24,Napa,055,140530,9907,9924,36,9960,82
2021-05-24,Nevada,057,99092,4823,4790,191,4981,70
2021-05-24,Orange,059,3164182,255349,254287,11398,265685,5056
2021-05-24,Placer,061,380077,23285,22895,1500,24395,292
2021-05-24,Plumas,063,18699,705,683,11,694,4
2021-05-24,Riverside,065,2383286,294137,288669,14043,302712,4442
2021-05-24,Sacramento,067,1510023,106081,105716,1757,107473,1632
2021-05-24,San Benito,069,59416,6058,6072,115,6187,63
2021-05-24,San Bernardino,071,2135413,293397,292343,9004,301347,4747
2021-05-24,San Diego,073,3302833,280692,279715,14945,294660,3749
2021-05-24,San Francisco,075,870044,36718,36934,1291,38225,547
2021-05-24,San Joaquin,077,732212,73138,72586,3556,76142,1371
2021-05-24,San Luis Obispo,079,281455,21392,21146,746,21892,256
2021-05-24,San Mateo,081,765935,42341,42249,476,42725,433
2021-05-24,Santa Barbara,083,443738,34445,34322,1137,35459,459
2021-05-24,Santa Clara,085,1922200,118598,119358,763,120121,2030
2021-05-24,Santa Cruz,087,273765,16235,16135,812,16947,207
2021-05-24,Shasta,089,179085,12297,12315,1573,13888,201
2021-05-24,Sierra,091,2930,56,54,12,66,0
2021-05-24,Siskiyou,093,43540,1926,1840,364,2204,17
2021-05-24,Solano,095,438530,32799,32792,556,33348,254
2021-05-24,Sonoma,097,501317,30057,30187,333,30520,321
2021-05-24,Stanislaus,099,539301,56342,56128,5953,62081,974
2021-05-24,Sutter,101,95872,9457,9486,87,9573,113
2021-05-24,Tehama,103,63373,5084,5043,574,5617,63
2021-05-24,Trinity,105,12862,483,328,94,422,3
2021-05-24,Tulare,107,460477,50227,49318,9030,58348,838
2021-05-24,Tuolumne,109,53932,4031,4083,41,4124,65
2021-05-24,Ventura,111,848112,81367,80876,2992,83868,1022
2021-05-24,Yolo,113,214977,14027,14012,319,14331,213
2021-05-24,Yuba,115,75493,6055,6022,124,6146,49
2021-05-23,Alameda,001,1643700,88116,88157,1959,90116,1263
2021-05-23,Alpine,003,1148,87,88,0,88,0
2021-05-23,Amador,005,37829,3674,3673,33,3706,46
2021-05-23,Butte,007,227075,12527,12271,1819,14090,189
2021-05-23,Calaveras,009,45235,2157,2144,13,2157,54
2021-05-23,Colusa,011,21464,1945,1949,310,2259,15
2021-05-23,Contra Costa,013,1133247,69540,69075,1276,70351,809
2021-05-23,Del Norte,015,27424,1414,1383,12,1395,8
2021-05-23,El Dorado,017,186661,10298,10222,749,10971,112
2021-05-23,Fresno,019,978130,102690,102270,8707,110977,1698
2021-05-23,Glenn,021,27897,2433,2413,558,2971,17
2021-05-23,Humboldt,023,135768,4242,4216,36,4252,42
2021-05-23,Imperial,025,180216,28609,28569,2744,31313,735
2021-05-23,Inyo,027,18085,1404,1402,13,1415,36
2021-05-23,Kern,029,883053,97276,96282,10934,107216,1319
2021-05-23,Kings,031,150075,23152,22939,1090,24029,246
2021-05-23,Lake,033,64148,3522,3504,9,3513,43
2021-05-23,Lassen,035,31185,5203,5163,113,5276,6
2021-05-23,Los Angeles,037,10098052,1206123,1197633,41233,1238866,24197
2021-05-23,Madera,039,155013,16616,16504,940,17444,239
2021-05-23,Marin,041,260295,14094,14048,256,14304,227
2021-05-23,Mariposa,043,17540,430,427,11,438,5
2021-05-23,Mendocino,045,87422,3992,3913,82,3995,47
2021-05-23,Merced,047,269075,30998,31118,1051,32169,455
2021-05-23,Modoc,049,8938,376,366,129,495,3
2021-05-23,Mono,051,14174,1262,1270,17,1287,3
2021-05-23,Monterey,053,433212,43162,43003,1870,44873,379
2021-05-23,Napa,055,140530,9903,9923,36,9959,82
2021-05-23,Nevada,057,99092,4813,4790,191,4981,70
2021-05-23,Orange,059,3164182,255311,254277,11392,265669,5050
2021-05-23,Placer,061,380077,23265,22888,1500,24388,292
2021-05-23,Plumas,063,18699,704,683,11,694,4
2021-05-23,Riverside,065,2383286,294068,288641,14039,302680,4442
2021-05-23,Sacramento,067,1510023,105965,105663,1754,107417,1632
2021-05-23,San Benito,069,59416,6057,6072,115,6187,63
2021-05-23,San Bernardino,071,2135413,293346,292327,9003,301330,4747
2021-05-23,San Diego,073,3302833,280602,279690,14934,294624,3751
2021-05-23,San Francisco,075,870044,36707,36927,1290,38217,547
2021-05-23,San Joaquin,077,732212,73089,72571,3554,76125,1371
2021-05-23,San Luis Obispo,079,281455,21382,21141,745,21886,256
2021-05-23,San Mateo,081,765935,42324,42248,476,42724,433
2021-05-23,Santa Barbara,083,443738,34438,34319,1137,35456,459
2021-05-23,Santa Clara,085,1922200,118574,119333,763,120096,2030
2021-05-23,Santa Cruz,087,273765,16232,16130,812,16942,207
2021-05-23,Shasta,089,179085,12280,12313,1569,13882,201
2021-05-23,Sierra,091,2930,56,54,12,66,0
2021-05-23,Siskiyou,093,43540,1921,1826,357,2183,17
2021-05-23,Solano,095,438530,32781,32780,555,33335,254
2021-05-23,Sonoma,097,501317,30028,30168,332,30500,321
2021-05-23,Stanislaus,099,539301,56294,56104,5950,62054,974
2021-05-23,Sutter,101,95872,9448,9479,87,9566,113
2021-05-23,Tehama,103,63373,5077,5041,572,5613,63
2021-05-23,Trinity,105,12862,483,328,94,422,3
2021-05-23,Tulare,107,460477,50213,49310,9026,58336,838
2021-05-23,Tuolumne,109,53932,4028,4081,41,4122,65
2021-05-23,Ventura,111,848112,81337,80872,2991,83863,1022
2021-05-23,Yolo,113,214977,14015,14004,316,14320,213
2021-05-23,Yuba,115,75493,6050,6017,124,6141,49
2021-05-22,Alameda,001,1643700,88089,88101,1959,90060,1263
2021-05-22,Alpine,003,1148,87,88,0,88,0
2021-05-22,Amador,005,37829,3673,3672,33,3705,46
2021-05-22,Butte,007,227075,12515,12265,1818,14083,189
2021-05-22,Calaveras,009,45235,2153,2141,13,2154,54
2021-05-22,Colusa,011,21464,1941,1949,309,2258,15
2021-05-22,Contra Costa,013,1133247,69507,69004,1275,70279,809
2021-05-22,Del Norte,015,27424,1413,1381,12,1393,8
2021-05-22,El Dorado,017,186661,10293,10215,748,10963,112
2021-05-22,Fresno,019,978130,102676,102238,8705,110943,1698
2021-05-22,Glenn,021,27897,2433,2412,558,2970,17
2021-05-22,Humboldt,023,135768,4233,4194,35,4229,42
2021-05-22,Imperial,025,180216,28600,28574,2744,31318,735
2021-05-22,Inyo,027,18085,1404,1402,13,1415,36
2021-05-22,Kern,029,883053,97264,96260,10927,107187,1319
2021-05-22,Kings,031,150075,23152,22936,1090,24026,246
2021-05-22,Lake,033,64148,3519,3502,9,3511,43
2021-05-22,Lassen,035,31185,5203,5163,113,5276,6
2021-05-22,Los Angeles,037,10098052,1206012,1197454,41225,1238679,24192
2021-05-22,Madera,039,155013,16613,16503,940,17443,239
2021-05-22,Marin,041,260295,14091,14043,256,14299,227
2021-05-22,Mariposa,043,17540,430,427,11,438,5
2021-05-22,Mendocino,045,87422,3986,3908,82,3990,47
2021-05-22,Merced,047,269075,30988,31099,1051,32150,455
2021-05-22,Modoc,049,8938,376,366,129,495,3
2021-05-22,Mono,051,14174,1260,1270,17,1287,3
2021-05-22,Monterey,053,433212,43156,42998,1870,44868,379
2021-05-22,Napa,055,140530,9901,9918,36,9954,82
2021-05-22,Nevada,057,99092,4806,4787,190,4977,70
2021-05-22,Orange,059,3164182,255290,254238,11386,265624,5048
2021-05-22,Placer,061,380077,23251,22865,1499,24364,292
2021-05-22,Plumas,063,18699,703,683,11,694,4
2021-05-22,Riverside,065,2383286,294036,288580,14038,302618,4442
2021-05-22,Sacramento,067,1510023,105890,105551,1751,107302,1632
2021-05-22,San Benito,069,59416,6057,6071,115,6186,63
2021-05-22,San Bernardino,071,2135413,293321,292292,9003,301295,4747
2021-05-22,San Diego,073,3302833,280543,279614,14926,294540,3751
2021-05-22,San Francisco,075,870044,36697,36906,1288,38194,547
2021-05-22,San Joaquin,077,732212,73067,72528,3551,76079,1371
2021-05-22,San Luis Obispo,079,281455,21374,21134,744,21878,256
2021-05-22,San Mateo,081,765935,42314,42218,476,42694,433
2021-05-22,Santa Barbara,083,443738,34434,34313,1136,35449,459
2021-05-22,Santa Clara,085,1922200,118550,119292,763,120055,2030
2021-05-22,Santa Cruz,087,273765,16232,16125,812,16937,207
2021-05-22,Shasta,089,179085,12273,12307,1566,13873,201
2021-05-22,Sierra,091,2930,56,54,12,66,0
2021-05-22,Siskiyou,093,43540,1920,1824,356,2180,17
2021-05-22,Solano,095,438530,32768,32753,555,33308,254
2021-05-22,Sonoma,097,501317,30016,30154,332,30486,321
2021-05-22,Stanislaus,099,539301,56271,56069,5948,62017,974
2021-05-22,Sutter,101,95872,9443,9476,87,9563,113
2021-05-22,Tehama,103,63373,5076,5036,572,5608,63
2021-05-22,Trinity,105,12862,483,328,94,422,3
2021-05-22,Tulare,107,460477,50208,49299,9021,58320,838
2021-05-22,Tuolumne,109,53932,4028,4078,41,4119,65
2021-05-22,Ventura,111,848112,81333,80859,2991,83850,1022
2021-05-22,Yolo,113,214977,14013,13997,316,14313,213
2021-05-22,Yuba,115,75493,6047,6010,124,6134,49
2021-05-21,Alameda,001,1643700,88063,88041,1958,89999,1263
2021-05-21,Alpine,003,1148,87,88,0,88,0
2021-05-21,Amador,005,37829,3670,3672,33,3705,46
2021-05-21,Butte,007,227075,12509,12236,1816,14052,188
2021-05-21,Calaveras,009,45235,2151,2138,13,2151,54
2021-05-21,Colusa,011,21464,1941,1947,309,2256,15
2021-05-21,Contra Costa,013,1133247,69464,68965,1274,70239,810
2021-05-21,Del Norte,015,27424,1412,1376,12,1388,8
2021-05-21,El Dorado,017,186661,10289,10204,748,10952,112
2021-05-21,Fresno,019,978130,102648,102189,8703,110892,1698
2021-05-21,Glenn,021,27897,2432,2408,558,2966,17
2021-05-21,Humboldt,023,135768,4226,4175,35,4210,42
2021-05-21,Imperial,025,180216,28593,28572,2743,31315,732
2021-05-21,Inyo,027,18085,1404,1402,13,1415,36
2021-05-21,Kern,029,883053,97250,96233,10920,107153,1318
2021-05-21,Kings,031,150075,23152,22927,1090,24017,246
2021-05-21,Lake,033,64148,3517,3500,9,3509,43
2021-05-21,Lassen,035,31185,5202,5161,113,5274,6
2021-05-21,Los Angeles,037,10098052,1205900,1197263,41216,1238479,24180
2021-05-21,Madera,039,155013,16612,16500,939,17439,238
2021-05-21,Marin,041,260295,14086,14042,256,14298,227
2021-05-21,Mariposa,043,17540,429,427,11,438,5
2021-05-21,Mendocino,045,87422,3981,3897,82,3979,47
2021-05-21,Merced,047,269075,30980,31076,1051,32127,455
2021-05-21,Modoc,049,8938,376,365,129,494,3
2021-05-21,Mono,051,14174,1260,1269,17,1286,3
2021-05-21,Monterey,053,433212,43154,42995,1870,44865,379
2021-05-21,Napa,055,140530,9897,9913,36,9949,82
2021-05-21,Nevada,057,99092,4805,4779,190,4969,70
2021-05-21,Orange,059,3164182,255271,254171,11384,265555,5042
2021-05-21,Placer,061,380077,23242,22853,1499,24352,292
2021-05-21,Plumas,063,18699,703,683,10,693,4
2021-05-21,Riverside,065,2383286,294009,288499,14031,302530,4442
2021-05-21,Sacramento,067,1510023,105823,105476,1748,107224,1632
2021-05-21,San Benito,069,59416,6057,6068,115,6183,63
2021-05-21,San Bernardino,071,2135413,293289,292205,9000,301205,4744
2021-05-21,San Diego,073,3302833,280470,279554,14916,294470,3748
2021-05-21,San Francisco,075,870044,36692,36879,1288,38167,546
2021-05-21,San Joaquin,077,732212,73047,72467,3549,76016,1371
2021-05-21,San Luis Obispo,079,281455,21368,21128,741,21869,256
2021-05-21,San Mateo,081,765935,42301,42163,475,42638,432
2021-05-21,Santa Barbara,083,443738,34429,34302,1136,35438,459
2021-05-21,Santa Clara,085,1922200,118523,119247,763,120010,2029
2021-05-21,Santa Cruz,087,273765,16228,16120,812,16932,207
2021-05-21,Shasta,089,179085,12256,12289,1564,13853,201
2021-05-21,Sierra,091,2930,56,54,12,66,0
2021-05-21,Siskiyou,093,43540,1919,1815,356,2171,16
2021-05-21,Solano,095,438530,32753,32742,555,33297,254
2021-05-21,Sonoma,097,501317,30003,30126,332,30458,321
2021-05-21,Stanislaus,099,539301,56242,56036,5946,61982,975
2021-05-21,Sutter,101,95872,9441,9470,87,9557,113
2021-05-21,Tehama,103,63373,5070,5030,572,5602,63
2021-05-21,Trinity,105,12862,483,329,93,422,3
2021-05-21,Tulare,107,460477,50203,49271,9019,58290,838
2021-05-21,Tuolumne,109,53932,4026,4079,41,4120,65
2021-05-21,Ventura,111,848112,81325,80821,2988,83809,1021
2021-05-21,Yolo,113,214977,14007,13983,316,14299,213
2021-05-21,Yuba,115,75493,6041,6006,124,6130,49
2021-05-20,Alameda,001,1643700,88019,87975,1957,89932,1264
2021-05-20,Alpine,003,1148,87,88,0,88,0
2021-05-20,Amador,005,37829,3669,3671,33,3704,46
2021-05-20,Butte,007,227075,12502,12220,1813,14033,188
2021-05-20,Calaveras,009,45235,2147,2138,13,2151,54
2021-05-20,Colusa,011,21464,1940,1946,307,2253,15
2021-05-20,Contra Costa,013,1133247,69419,68913,1272,70185,809
2021-05-20,Del Norte,015,27424,1412,1373,12,1385,8
2021-05-20,El Dorado,017,186661,10279,10188,748,10936,112
2021-05-20,Fresno,019,978130,102626,102135,8701,110836,1696
2021-05-20,Glenn,021,27897,2429,2406,558,2964,17
2021-05-20,Humboldt,023,135768,4209,4162,34,4196,42
2021-05-20,Imperial,025,180216,28588,28551,2743,31294,732
2021-05-20,Inyo,027,18085,1404,1402,13,1415,36
2021-05-20,Kern,029,883053,97229,96204,10913,107117,1317
2021-05-20,Kings,031,150075,23150,22922,1090,24012,246
2021-05-20,Lake,033,64148,3514,3500,9,3509,43
2021-05-20,Lassen,035,31185,5200,5160,112,5272,6
2021-05-20,Los Angeles,037,10098052,1205744,1197073,41206,1238279,24168
2021-05-20,Madera,039,155013,16606,16499,937,17436,238
2021-05-20,Marin,041,260295,14082,14036,255,14291,227
2021-05-20,Mariposa,043,17540,429,426,11,437,5
2021-05-20,Mendocino,045,87422,3974,3897,82,3979,47
2021-05-20,Merced,047,269075,30967,31046,1050,32096,454
2021-05-20,Modoc,049,8938,376,365,129,494,3
2021-05-20,Mono,051,14174,1259,1269,17,1286,3
2021-05-20,Monterey,053,433212,43148,42984,1869,44853,379
2021-05-20,Napa,055,140530,9894,9913,36,9949,82
2021-05-20,Nevada,057,99092,4804,4775,190,4965,70
2021-05-20,Orange,059,3164182,255228,254127,11381,265508,5038
2021-05-20,Placer,061,380077,23229,22823,1498,24321,292
2021-05-20,Plumas,063,18699,701,682,10,692,4
2021-05-20,Riverside,065,2383286,293961,288453,14026,302479,4442
2021-05-20,Sacramento,067,1510023,105727,105414,1745,107159,1629
2021-05-20,San Benito,069,59416,6056,6067,115,6182,63
2021-05-20,San Bernardino,071,2135413,293243,292153,8999,301152,4728
2021-05-20,San Diego,073,3302833,280382,279490,14904,294394,3749
2021-05-20,San Francisco,075,870044,36683,36860,1288,38148,546
2021-05-20,San Joaquin,077,732212,73009,72388,3547,75935,1371
2021-05-20,San Luis Obispo,079,281455,21356,21095,739,21834,256
2021-05-20,San Mateo,081,765935,42287,42152,473,42625,432
2021-05-20,Santa Barbara,083,443738,34425,34293,1136,35429,459
2021-05-20,Santa Clara,085,1922200,118502,119222,763,119985,2029
2021-05-20,Santa Cruz,087,273765,16223,16119,812,16931,207
2021-05-20,Shasta,089,179085,12243,12266,1561,13827,200
2021-05-20,Sierra,091,2930,56,54,12,66,0
2021-05-20,Siskiyou,093,43540,1912,1811,355,2166,16
2021-05-20,Solano,095,438530,32738,32725,555,33280,253
2021-05-20,Sonoma,097,501317,29986,30107,331,30438,321
2021-05-20,Stanislaus,099,539301,56217,55979,5944,61923,970
2021-05-20,Sutter,101,95872,9437,9467,87,9554,113
2021-05-20,Tehama,103,63373,5068,5029,572,5601,63
2021-05-20,Trinity,105,12862,483,329,92,421,3
2021-05-20,Tulare,107,460477,50192,49217,9016,58233,837
2021-05-20,Tuolumne,109,53932,4025,4077,41,4118,65
2021-05-20,Ventura,111,848112,81314,80800,2988,83788,1019
2021-05-20,Yolo,113,214977,14002,13973,316,14289,211
2021-05-20,Yuba,115,75493,6032,6002,124,6126,49
2021-05-19,Alameda,001,1643700,87979,87889,1955,89844,1260
2021-05-19,Alpine,003,1148,87,88,0,88,0
2021-05-19,Amador,005,37829,3669,3669,33,3702,46
2021-05-19,Butte,007,227075,12492,12198,1813,14011,188
2021-05-19,Calaveras,009,45235,2143,2132,13,2145,54
2021-05-19,Colusa,011,21464,1940,1945,305,2250,15
2021-05-19,Contra Costa,013,1133247,69372,68836,1272,70108,808
2021-05-19,Del Norte,015,27424,1410,1371,12,1383,8
2021-05-19,El Dorado,017,186661,10274,10179,747,10926,112
2021-05-19,Fresno,019,978130,102596,102085,8698,110783,1693
2021-05-19,Glenn,021,27897,2429,2404,558,2962,17
2021-05-19,Humboldt,023,135768,4199,4143,34,4177,42
2021-05-19,Imperial,025,180216,28579,28550,2743,31293,732
2021-05-19,Inyo,027,18085,1404,1402,13,1415,36
2021-05-19,Kern,029,883053,97200,96173,10905,107078,1316
2021-05-19,Kings,031,150075,23144,22919,1090,24009,246
2021-05-19,Lake,033,64148,3514,3497,9,3506,43
2021-05-19,Lassen,035,31185,5199,5157,112,5269,6
2021-05-19,Los Angeles,037,10098052,1205548,1196856,41192,1238048,24143
2021-05-19,Madera,039,155013,16603,16496,937,17433,238
2021-05-19,Marin,041,260295,14078,14033,253,14286,227
2021-05-19,Mariposa,043,17540,429,425,11,436,5
2021-05-19,Mendocino,045,87422,3970,3886,82,3968,47
2021-05-19,Merced,047,269075,30951,31044,1050,32094,452
2021-05-19,Modoc,049,8938,376,364,126,490,3
2021-05-19,Mono,051,14174,1259,1266,17,1283,3
2021-05-19,Monterey,053,433212,43143,42973,1868,44841,379
2021-05-19,Napa,055,140530,9891,9906,36,9942,82
2021-05-19,Nevada,057,99092,4802,4769,190,4959,70
2021-05-19,Orange,059,3164182,255191,254087,11371,265458,5035
2021-05-19,Placer,061,380077,23210,22784,1493,24277,291
2021-05-19,Plumas,063,18699,701,682,10,692,4
2021-05-19,Riverside,065,2383286,293914,288398,14024,302422,4442
2021-05-19,Sacramento,067,1510023,105650,105225,1744,106969,1629
2021-05-19,San Benito,069,59416,6055,6064,115,6179,63
2021-05-19,San Bernardino,071,2135413,293199,292078,8996,301074,4725
2021-05-19,San Diego,073,3302833,280297,279345,14883,294228,3746
2021-05-19,San Francisco,075,870044,36670,36835,1287,38122,546
2021-05-19,San Joaquin,077,732212,72966,72338,3542,75880,1369
2021-05-19,San Luis Obispo,079,281455,21348,21085,738,21823,256
2021-05-19,San Mateo,081,765935,42280,42126,473,42599,429
2021-05-19,Santa Barbara,083,443738,34417,34292,1136,35428,459
2021-05-19,Santa Clara,085,1922200,118462,119176,762,119938,2015
2021-05-19,Santa Cruz,087,273765,16219,16121,811,16932,207
2021-05-19,Shasta,089,179085,12225,12233,1558,13791,200
2021-05-19,Sierra,091,2930,56,54,12,66,0
2021-05-19,Siskiyou,093,43540,1909,1803,354,2157,16
2021-05-19,Solano,095,438530,32711,32678,553,33231,253
2021-05-19,Sonoma,097,501317,29971,30080,331,30411,321
2021-05-19,Stanislaus,099,539301,56199,55912,5939,61851,967
2021-05-19,Sutter,101,95872,9430,9459,86,9545,113
2021-05-19,Tehama,103,63373,5059,5026,567,5593,63
2021-05-19,Trinity,105,12862,483,329,92,421,3
2021-05-19,Tulare,107,460477,50179,49163,9011,58174,837
2021-05-19,Tuolumne,109,53932,4025,4074,41,4115,64
2021-05-19,Ventura,111,848112,81299,80747,2987,83734,1019
2021-05-19,Yolo,113,214977,13995,13961,315,14276,211
2021-05-19,Yuba,115,75493,6028,5993,124,6117,49
2021-05-18,Alameda,001,1643700,87905,87816,1955,89771,1254
2021-05-18,Alpine,003,1148,87,88,0,88,0
2021-05-18,Amador,005,37829,3669,3669,33,3702,46
2021-05-18,Butte,007,227075,12479,12164,1810,13974,191
2021-05-18,Calaveras,009,45235,2139,2131,13,2144,54
2021-05-18,Colusa,011,21464,1940,1943,305,2248,14
2021-05-18,Contra Costa,013,1133247,69315,68750,1271,70021,808
2021-05-18,Del Norte,015,27424,1407,1371,12,1383,8
2021-05-18,El Dorado,017,186661,10263,10169,746,10915,112
2021-05-18,Fresno,019,978130,102560,102056,8695,110751,1690
2021-05-18,Glenn,021,27897,2423,2403,557,2960,17
2021-05-18,Humboldt,023,135768,4180,4132,34,4166,42
2021-05-18,Imperial,025,180216,28574,28538,2741,31279,730
2021-05-18,Inyo,027,18085,1404,1401,13,1414,36
2021-05-18,Kern,029,883053,97166,96128,10891,107019,1315
2021-05-18,Kings,031,150075,23138,22916,1090,24006,247
2021-05-18,Lake,033,64148,3512,3495,9,3504,43
2021-05-18,Lassen,035,31185,5198,5157,111,5268,6
2021-05-18,Los Angeles,037,10098052,1205368,1196668,41181,1237849,24133
2021-05-18,Madera,039,155013,16593,16491,936,17427,238
2021-05-18,Marin,041,260295,14075,14026,253,14279,227
2021-05-18,Mariposa,043,17540,429,424,11,435,5
2021-05-18,Mendocino,045,87422,3958,3877,81,3958,47
2021-05-18,Merced,047,269075,30932,31036,1050,32086,452
2021-05-18,Modoc,049,8938,375,364,125,489,3
2021-05-18,Mono,051,14174,1258,1265,17,1282,3
2021-05-18,Monterey,053,433212,43137,43001,1868,44869,379
2021-05-18,Napa,055,140530,9891,9905,36,9941,82
2021-05-18,Nevada,057,99092,4795,4762,190,4952,70
2021-05-18,Orange,059,3164182,255150,254041,11361,265402,5031
2021-05-18,Placer,061,380077,23177,22726,1489,24215,291
2021-05-18,Plumas,063,18699,701,682,10,692,4
2021-05-18,Riverside,065,2383286,293859,288354,14017,302371,4438
2021-05-18,Sacramento,067,1510023,105548,105083,1742,106825,1629
2021-05-18,San Benito,069,59416,6054,6065,115,6180,63
2021-05-18,San Bernardino,071,2135413,293141,292014,8991,301005,4722
2021-05-18,San Diego,073,3302833,280189,279254,14874,294128,3742
2021-05-18,San Francisco,075,870044,36650,36818,1287,38105,546
2021-05-18,San Joaquin,077,732212,72919,72282,3538,75820,1368
2021-05-18,San Luis Obispo,079,281455,21338,21080,736,21816,256
2021-05-18,San Mateo,081,765935,42268,42099,472,42571,428
2021-05-18,Santa Barbara,083,443738,34408,34278,1136,35414,459
2021-05-18,Santa Clara,085,1922200,118435,119171,762,119933,2014
2021-05-18,Santa Cruz,087,273765,16211,16137,811,16948,207
2021-05-18,Shasta,089,179085,12207,12197,1552,13749,200
2021-05-18,Sierra,091,2930,56,54,12,66,0
2021-05-18,Siskiyou,093,43540,1908,1799,354,2153,16
2021-05-18,Solano,095,438530,32686,32644,553,33197,253
2021-05-18,Sonoma,097,501317,29951,30054,330,30384,321
2021-05-18,Stanislaus,099,539301,56164,55860,5939,61799,959
2021-05-18,Sutter,101,95872,9422,9453,86,9539,113
2021-05-18,Tehama,103,63373,5053,5020,565,5585,63
2021-05-18,Trinity,105,12862,483,329,91,420,3
2021-05-18,Tulare,107,460477,50171,49142,9006,58148,836
2021-05-18,Tuolumne,109,53932,4023,4073,41,4114,64
2021-05-18,Ventura,111,848112,81283,80726,2984,83710,1017
2021-05-18,Yolo,113,214977,13988,13951,314,14265,211
2021-05-18,Yuba,115,75493,6024,5989,123,6112,49
2021-05-17,Alameda,001,1643700,87852,87766,1952,89718,1253
2021-05-17,Alpine,003,1148,87,88,0,88,0
2021-05-17,Amador,005,37829,3666,3668,33,3701,46
2021-05-17,Butte,007,227075,12471,12144,1810,13954,192
2021-05-17,Calaveras,009,45235,2139,2131,13,2144,53
2021-05-17,Colusa,011,21464,1940,1943,305,2248,14
2021-05-17,Contra Costa,013,1133247,69260,68720,1270,69990,805
2021-05-17,Del Norte,015,27424,1402,1369,12,1381,8
2021-05-17,El Dorado,017,186661,10246,10163,746,10909,112
2021-05-17,Fresno,019,978130,102516,102013,8687,110700,1690
2021-05-17,Glenn,021,27897,2423,2401,557,2958,17
2021-05-17,Humboldt,023,135768,4169,4112,34,4146,42
2021-05-17,Imperial,025,180216,28568,28533,2739,31272,729
2021-05-17,Inyo,027,18085,1404,1401,13,1414,36
2021-05-17,Kern,029,883053,97137,96095,10874,106969,1315
2021-05-17,Kings,031,150075,23135,22918,1090,24008,246
2021-05-17,Lake,033,64148,3507,3489,9,3498,43
2021-05-17,Lassen,035,31185,5195,5156,110,5266,6
2021-05-17,Los Angeles,037,10098052,1205189,1196556,41175,1237731,24123
2021-05-17,Madera,039,155013,16586,16486,936,17422,238
2021-05-17,Marin,041,260295,14069,14021,253,14274,227
2021-05-17,Mariposa,043,17540,428,423,11,434,5
2021-05-17,Mendocino,045,87422,3949,3868,81,3949,46
2021-05-17,Merced,047,269075,30917,31031,1050,32081,450
2021-05-17,Modoc,049,8938,374,362,125,487,3
2021-05-17,Mono,051,14174,1254,1265,17,1282,3
2021-05-17,Monterey,053,433212,43130,42995,1868,44863,379
2021-05-17,Napa,055,140530,9890,9894,36,9930,82
2021-05-17,Nevada,057,99092,4791,4761,189,4950,70
2021-05-17,Orange,059,3164182,255103,253993,11354,265347,5031
2021-05-17,Placer,061,380077,23154,22706,1482,24188,289
2021-05-17,Plumas,063,18699,701,682,10,692,4
2021-05-17,Riverside,065,2383286,293790,288304,14013,302317,4433
2021-05-17,Sacramento,067,1510023,105440,105035,1740,106775,1629
2021-05-17,San Benito,069,59416,6051,6067,115,6182,63
2021-05-17,San Bernardino,071,2135413,293091,291989,8983,300972,4724
2021-05-17,San Diego,073,3302833,280057,279146,14852,293998,3742
2021-05-17,San Francisco,075,870044,36638,36816,1285,38101,546
2021-05-17,San Joaquin,077,732212,72881,72234,3535,75769,1359
2021-05-17,San Luis Obispo,079,281455,21329,21079,734,21813,256
2021-05-17,San Mateo,081,765935,42240,42083,472,42555,428
2021-05-17,Santa Barbara,083,443738,34401,34275,1136,35411,459
2021-05-17,Santa Clara,085,1922200,118398,119116,760,119876,2015
2021-05-17,Santa Cruz,087,273765,16208,16151,811,16962,206
2021-05-17,Shasta,089,179085,12185,12163,1551,13714,200
2021-05-17,Sierra,091,2930,56,54,12,66,0
2021-05-17,Siskiyou,093,43540,1899,1795,351,2146,15
2021-05-17,Solano,095,438530,32668,32627,552,33179,253
2021-05-17,Sonoma,097,501317,29928,30043,329,30372,321
2021-05-17,Stanislaus,099,539301,56118,55839,5932,61771,951
2021-05-17,Sutter,101,95872,9415,9447,86,9533,113
2021-05-17,Tehama,103,63373,5049,5016,564,5580,63
2021-05-17,Trinity,105,12862,483,328,91,419,3
2021-05-17,Tulare,107,460477,50149,49107,9001,58108,836
2021-05-17,Tuolumne,109,53932,4023,4071,41,4112,64
2021-05-17,Ventura,111,848112,81263,80699,2984,83683,1017
2021-05-17,Yolo,113,214977,13981,13941,314,14255,211
2021-05-17,Yuba,115,75493,6016,5987,123,6110,49
2021-05-16,Alameda,001,1643700,87788,87743,1952,89695,1253
2021-05-16,Alpine,003,1148,87,88,0,88,0
2021-05-16,Amador,005,37829,3665,3667,33,3700,46
2021-05-16,Butte,007,227075,12457,12140,1809,13949,192
2021-05-16,Calaveras,009,45235,2137,2129,13,2142,53
2021-05-16,Colusa,011,21464,1938,1943,305,2248,14
2021-05-16,Contra Costa,013,1133247,69192,68694,1267,69961,805
2021-05-16,Del Norte,015,27424,1399,1365,12,1377,8
2021-05-16,El Dorado,017,186661,10230,10159,745,10904,112
2021-05-16,Fresno,019,978130,102472,101987,8681,110668,1690
2021-05-16,Glenn,021,27897,2423,2401,556,2957,17
2021-05-16,Humboldt,023,135768,4154,4104,34,4138,42
2021-05-16,Imperial,025,180216,28557,28516,2738,31254,729
2021-05-16,Inyo,027,18085,1404,1401,13,1414,36
2021-05-16,Kern,029,883053,97104,96083,10854,106937,1315
2021-05-16,Kings,031,150075,23131,22918,1087,24005,246
2021-05-16,Lake,033,64148,3504,3489,9,3498,43
2021-05-16,Lassen,035,31185,5194,5156,110,5266,6
2021-05-16,Los Angeles,037,10098052,1204965,1196397,41159,1237556,24120
2021-05-16,Madera,039,155013,16581,16483,933,17416,238
2021-05-16,Marin,041,260295,14066,14015,253,14268,227
2021-05-16,Mariposa,043,17540,428,423,11,434,5
2021-05-16,Mendocino,045,87422,3939,3863,81,3944,46
2021-05-16,Merced,047,269075,30896,31023,1048,32071,450
2021-05-16,Modoc,049,8938,374,362,125,487,3
2021-05-16,Mono,051,14174,1254,1265,17,1282,3
2021-05-16,Monterey,053,433212,43125,42991,1868,44859,379
2021-05-16,Napa,055,140530,9887,9891,36,9927,82
2021-05-16,Nevada,057,99092,4787,4755,189,4944,70
2021-05-16,Orange,059,3164182,255071,253962,11351,265313,5031
2021-05-16,Placer,061,380077,23122,22696,1476,24172,289
2021-05-16,Plumas,063,18699,700,682,10,692,4
2021-05-16,Riverside,065,2383286,293714,288259,14005,302264,4433
2021-05-16,Sacramento,067,1510023,105326,105013,1738,106751,1628
2021-05-16,San Benito,069,59416,6050,6067,114,6181,63
2021-05-16,San Bernardino,071,2135413,293019,291940,8981,300921,4724
2021-05-16,San Diego,073,3302833,279939,279099,14839,293938,3742
2021-05-16,San Francisco,075,870044,36615,36808,1284,38092,546
2021-05-16,San Joaquin,077,732212,72832,72218,3530,75748,1359
2021-05-16,San Luis Obispo,079,281455,21321,21072,732,21804,256
2021-05-16,San Mateo,081,765935,42229,42063,471,42534,428
2021-05-16,Santa Barbara,083,443738,34394,34270,1136,35406,459
2021-05-16,Santa Clara,085,1922200,118369,119098,759,119857,2015
2021-05-16,Santa Cruz,087,273765,16206,16143,811,16954,206
2021-05-16,Shasta,089,179085,12169,12156,1547,13703,200
2021-05-16,Sierra,091,2930,56,54,12,66,0
2021-05-16,Siskiyou,093,43540,1895,1790,350,2140,15
2021-05-16,Solano,095,438530,32635,32619,550,33169,253
2021-05-16,Sonoma,097,501317,29909,30033,329,30362,321
2021-05-16,Stanislaus,099,539301,56069,55814,5920,61734,951
2021-05-16,Sutter,101,95872,9408,9445,86,9531,113
2021-05-16,Tehama,103,63373,5045,5013,563,5576,63
2021-05-16,Trinity,105,12862,483,328,91,419,3
2021-05-16,Tulare,107,460477,50132,49091,8998,58089,837
2021-05-16,Tuolumne,109,53932,4019,4070,41,4111,64
2021-05-16,Ventura,111,848112,81232,80689,2984,83673,1017
2021-05-16,Yolo,113,214977,13966,13938,314,14252,211
2021-05-16,Yuba,115,75493,6013,5987,123,6110,49
2021-05-15,Alameda,001,1643700,87762,87677,1951,89628,1252
2021-05-15,Alpine,003,1148,87,88,0,88,0
2021-05-15,Amador,005,37829,3665,3666,33,3699,46
2021-05-15,Butte,007,227075,12450,12095,1808,13903,192
2021-05-15,Calaveras,009,45235,2136,2126,13,2139,53
2021-05-15,Colusa,011,21464,1938,1941,303,2244,14
2021-05-15,Contra Costa,013,1133247,69146,68658,1267,69925,805
2021-05-15,Del Norte,015,27424,1394,1359,12,1371,8
2021-05-15,El Dorado,017,186661,10218,10156,744,10900,112
2021-05-15,Fresno,019,978130,102435,101957,8678,110635,1690
2021-05-15,Glenn,021,27897,2423,2400,556,2956,17
2021-05-15,Humboldt,023,135768,4144,4080,34,4114,42
2021-05-15,Imperial,025,180216,28554,28504,2737,31241,729
2021-05-15,Inyo,027,18085,1404,1402,13,1415,36
2021-05-15,Kern,029,883053,97090,96061,10839,106900,1315
2021-05-15,Kings,031,150075,23130,22913,1087,24000,246
2021-05-15,Lake,033,64148,3503,3485,9,3494,43
2021-05-15,Lassen,035,31185,5191,5156,109,5265,6
2021-05-15,Los Angeles,037,10098052,1204841,1196255,41146,1237401,24115
2021-05-15,Madera,039,155013,16578,16482,933,17415,238
2021-05-15,Marin,041,260295,14062,14012,253,14265,227
2021-05-15,Mariposa,043,17540,428,423,11,434,5
2021-05-15,Mendocino,045,87422,3936,3861,81,3942,46
2021-05-15,Merced,047,269075,30875,31012,1048,32060,450
2021-05-15,Modoc,049,8938,374,362,125,487,3
2021-05-15,Mono,051,14174,1254,1265,17,1282,3
2021-05-15,Monterey,053,433212,43121,42982,1868,44850,379
2021-05-15,Napa,055,140530,9884,9887,36,9923,82
2021-05-15,Nevada,057,99092,4786,4755,189,4944,70
2021-05-15,Orange,059,3164182,255044,253919,11344,265263,5030
2021-05-15,Placer,061,380077,23101,22688,1476,24164,289
2021-05-15,Plumas,063,18699,700,681,10,691,4
2021-05-15,Riverside,065,2383286,293672,288203,14000,302203,4433
2021-05-15,Sacramento,067,1510023,105254,104929,1735,106664,1628
2021-05-15,San Benito,069,59416,6050,6066,114,6180,63
2021-05-15,San Bernardino,071,2135413,292977,291892,8979,300871,4724
2021-05-15,San Diego,073,3302833,279868,278991,14824,293815,3737
2021-05-15,San Francisco,075,870044,36599,36795,1282,38077,546
2021-05-15,San Joaquin,077,732212,72806,72197,3528,75725,1359
2021-05-15,San Luis Obispo,079,281455,21318,21061,731,21792,256
2021-05-15,San Mateo,081,765935,42213,42059,471,42530,428
2021-05-15,Santa Barbara,083,443738,34386,34259,1136,35395,459
2021-05-15,Santa Clara,085,1922200,118348,119060,759,119819,2016
2021-05-15,Santa Cruz,087,273765,16202,16137,811,16948,206
2021-05-15,Shasta,089,179085,12157,12152,1544,13696,200
2021-05-15,Sierra,091,2930,56,54,12,66,0
2021-05-15,Siskiyou,093,43540,1889,1788,348,2136,15
2021-05-15,Solano,095,438530,32626,32604,549,33153,253
2021-05-15,Sonoma,097,501317,29890,30020,329,30349,321
2021-05-15,Stanislaus,099,539301,56038,55795,5913,61708,952
2021-05-15,Sutter,101,95872,9406,9436,86,9522,113
2021-05-15,Tehama,103,63373,5041,5012,562,5574,63
2021-05-15,Trinity,105,12862,483,328,91,419,3
2021-05-15,Tulare,107,460477,50122,49080,8994,58074,837
2021-05-15,Tuolumne,109,53932,4017,4064,41,4105,63
2021-05-15,Ventura,111,848112,81221,80662,2984,83646,1017
2021-05-15,Yolo,113,214977,13959,13932,313,14245,211
2021-05-15,Yuba,115,75493,6010,5979,122,6101,49
2021-05-14,Alameda,001,1643700,87728,87621,1948,89569,1249
2021-05-14,Alpine,003,1148,87,88,0,88,0
2021-05-14,Amador,005,37829,3665,3665,33,3698,46
2021-05-14,Butte,007,227075,12441,12076,1805,13881,192
2021-05-14,Calaveras,009,45235,2132,2121,13,2134,53
2021-05-14,Colusa,011,21464,1937,1940,302,2242,14
2021-05-14,Contra Costa,013,1133247,69104,68589,1265,69854,806
2021-05-14,Del Norte,015,27424,1394,1355,12,1367,8
2021-05-14,El Dorado,017,186661,10211,10143,743,10886,113
2021-05-14,Fresno,019,978130,102406,101917,8672,110589,1688
2021-05-14,Glenn,021,27897,2422,2398,556,2954,17
2021-05-14,Humboldt,023,135768,4137,4050,34,4084,37
2021-05-14,Imperial,025,180216,28547,28485,2736,31221,728
2021-05-14,Inyo,027,18085,1404,1400,13,1413,36
2021-05-14,Kern,029,883053,97060,96033,10830,106863,1311
2021-05-14,Kings,031,150075,23129,22910,1087,23997,246
2021-05-14,Lake,033,64148,3499,3483,9,3492,43
2021-05-14,Lassen,035,31185,5191,5154,109,5263,6
2021-05-14,Los Angeles,037,10098052,1204707,1196038,41141,1237179,24101
2021-05-14,Madera,039,155013,16575,16474,933,17407,238
2021-05-14,Marin,041,260295,14058,14010,253,14263,227
2021-05-14,Mariposa,043,17540,428,422,11,433,5
2021-05-14,Mendocino,045,87422,3934,3855,81,3936,46
2021-05-14,Merced,047,269075,30865,31010,1048,32058,450
2021-05-14,Modoc,049,8938,374,362,125,487,3
2021-05-14,Mono,051,14174,1253,1265,17,1282,3
2021-05-14,Monterey,053,433212,43116,42973,1868,44841,380
2021-05-14,Napa,055,140530,9881,9883,36,9919,82
2021-05-14,Nevada,057,99092,4781,4745,189,4934,70
2021-05-14,Orange,059,3164182,255010,253855,11337,265192,5028
2021-05-14,Placer,061,380077,23082,22660,1470,24130,287
2021-05-14,Plumas,063,18699,699,680,10,690,4
2021-05-14,Riverside,065,2383286,293622,288140,13997,302137,4433
2021-05-14,Sacramento,067,1510023,105165,104828,1734,106562,1627
2021-05-14,San Benito,069,59416,6050,6064,114,6178,63
2021-05-14,San Bernardino,071,2135413,292929,291834,8979,300813,4721
2021-05-14,San Diego,073,3302833,279795,278853,14813,293666,3732
2021-05-14,San Francisco,075,870044,36590,36771,1278,38049,545
2021-05-14,San Joaquin,077,732212,72774,72160,3521,75681,1359
2021-05-14,San Luis Obispo,079,281455,21314,21051,731,21782,256
2021-05-14,San Mateo,081,765935,42203,42041,471,42512,428
2021-05-14,Santa Barbara,083,443738,34376,34243,1136,35379,456
2021-05-14,Santa Clara,085,1922200,118319,119006,759,119765,2014
2021-05-14,Santa Cruz,087,273765,16197,16130,811,16941,207
2021-05-14,Shasta,089,179085,12151,12130,1539,13669,200
2021-05-14,Sierra,091,2930,56,54,12,66,0
2021-05-14,Siskiyou,093,43540,1882,1779,347,2126,14
2021-05-14,Solano,095,438530,32606,32585,548,33133,252
2021-05-14,Sonoma,097,501317,29871,30007,329,30336,321
2021-05-14,Stanislaus,099,539301,56005,55752,5907,61659,950
2021-05-14,Sutter,101,95872,9397,9433,84,9517,113
2021-05-14,Tehama,103,63373,5034,5005,562,5567,63
2021-05-14,Trinity,105,12862,483,328,91,419,3
2021-05-14,Tulare,107,460477,50105,49060,8989,58049,836
2021-05-14,Tuolumne,109,53932,4017,4060,41,4101,63
2021-05-14,Ventura,111,848112,81207,80628,2984,83612,1014
2021-05-14,Yolo,113,214977,13954,13922,309,14231,210
2021-05-14,Yuba,115,75493,6006,5970,122,6092,47
2021-05-13,Alameda,001,1643700,87685,87557,1947,89504,1250
2021-05-13,Alpine,003,1148,87,88,0,88,0
2021-05-13,Amador,005,37829,3665,3662,33,3695,46
2021-05-13,Butte,007,227075,12426,12051,1804,13855,196
2021-05-13,Calaveras,009,45235,2132,2120,13,2133,53
2021-05-13,Colusa,011,21464,1936,1939,298,2237,14
2021-05-13,Contra Costa,013,1133247,69056,68522,1264,69786,806
2021-05-13,Del Norte,015,27424,1392,1354,12,1366,8
2021-05-13,El Dorado,017,186661,10208,10133,743,10876,112
2021-05-13,Fresno,019,978130,102377,101862,8671,110533,1687
2021-05-13,Glenn,021,27897,2421,2395,556,2951,17
2021-05-13,Humboldt,023,135768,4119,4027,34,4061,37
2021-05-13,Imperial,025,180216,28532,28468,2734,31202,729
2021-05-13,Inyo,027,18085,1404,1400,13,1413,36
2021-05-13,Kern,029,883053,97036,95996,10812,106808,1311
2021-05-13,Kings,031,150075,23128,22904,1087,23991,246
2021-05-13,Lake,033,64148,3498,3479,9,3488,43
2021-05-13,Lassen,035,31185,5191,5152,108,5260,6
2021-05-13,Los Angeles,037,10098052,1204518,1195504,41127,1236631,24083
2021-05-13,Madera,039,155013,16567,16467,933,17400,238
2021-05-13,Marin,041,260295,14053,14004,251,14255,227
2021-05-13,Mariposa,043,17540,428,422,11,433,5
2021-05-13,Mendocino,045,87422,3930,3846,81,3927,46
2021-05-13,Merced,047,269075,30858,30989,1047,32036,450
2021-05-13,Modoc,049,8938,374,362,125,487,3
2021-05-13,Mono,051,14174,1253,1265,17,1282,3
2021-05-13,Monterey,053,433212,43101,42966,1868,44834,380
2021-05-13,Napa,055,140530,9874,9877,36,9913,82
2021-05-13,Nevada,057,99092,4777,4743,188,4931,70
2021-05-13,Orange,059,3164182,254965,253778,11335,265113,5026
2021-05-13,Placer,061,380077,23055,22668,1463,24131,288
2021-05-13,Plumas,063,18699,699,680,10,690,4
2021-05-13,Riverside,065,2383286,293556,288067,13992,302059,4433
2021-05-13,Sacramento,067,1510023,105079,104711,1732,106443,1626
2021-05-13,San Benito,069,59416,6048,6062,114,6176,63
2021-05-13,San Bernardino,071,2135413,292863,291765,8979,300744,4722
2021-05-13,San Diego,073,3302833,279681,278592,14796,293388,3729
2021-05-13,San Francisco,075,870044,36566,36741,1276,38017,544
2021-05-13,San Joaquin,077,732212,72732,72096,3517,75613,1357
2021-05-13,San Luis Obispo,079,281455,21299,21043,730,21773,255
2021-05-13,San Mateo,081,765935,42186,42059,471,42530,426
2021-05-13,Santa Barbara,083,443738,34364,34242,1136,35378,456
2021-05-13,Santa Clara,085,1922200,118292,118952,759,119711,2013
2021-05-13,Santa Cruz,087,273765,16191,16129,811,16940,208
2021-05-13,Shasta,089,179085,12131,12111,1535,13646,200
2021-05-13,Sierra,091,2930,56,54,12,66,0
2021-05-13,Siskiyou,093,43540,1875,1769,344,2113,14
2021-05-13,Solano,095,438530,32593,32548,546,33094,252
2021-05-13,Sonoma,097,501317,29846,29991,329,30320,321
2021-05-13,Stanislaus,099,539301,55968,55678,5901,61579,949
2021-05-13,Sutter,101,95872,9392,9431,83,9514,112
2021-05-13,Tehama,103,63373,5029,4997,562,5559,63
2021-05-13,Trinity,105,12862,482,327,90,417,3
2021-05-13,Tulare,107,460477,50079,49032,8981,58013,837
2021-05-13,Tuolumne,109,53932,4016,4059,41,4100,63
2021-05-13,Ventura,111,848112,81177,80615,2983,83598,1012
2021-05-13,Yolo,113,214977,13945,13914,307,14221,210
2021-05-13,Yuba,115,75493,5997,5962,122,6084,47
2021-05-12,Alameda,001,1643700,87653,87482,1945,89427,1261
2021-05-12,Alpine,003,1148,87,88,0,88,0
2021-05-12,Amador,005,37829,3665,3658,33,3691,46
2021-05-12,Butte,007,227075,12416,12026,1804,13830,199
2021-05-12,Calaveras,009,45235,2129,2119,13,2132,53
2021-05-12,Colusa,011,21464,1934,1939,297,2236,14
2021-05-12,Contra Costa,013,1133247,68997,68462,1258,69720,805
2021-05-12,Del Norte,015,27424,1390,1352,12,1364,8
2021-05-12,El Dorado,017,186661,10198,10123,743,10866,112
2021-05-12,Fresno,019,978130,102328,101838,8660,110498,1688
2021-05-12,Glenn,021,27897,2418,2391,556,2947,17
2021-05-12,Humboldt,023,135768,4091,3982,34,4016,37
2021-05-12,Imperial,025,180216,28514,28443,2731,31174,726
2021-05-12,Inyo,027,18085,1404,1400,13,1413,36
2021-05-12,Kern,029,883053,97000,95955,10805,106760,1310
2021-05-12,Kings,031,150075,23126,22896,1087,23983,246
2021-05-12,Lake,033,64148,3496,3476,9,3485,43
2021-05-12,Lassen,035,31185,5189,5151,108,5259,6
2021-05-12,Los Angeles,037,10098052,1204335,1195318,41110,1236428,24067
2021-05-12,Madera,039,155013,16560,16462,932,17394,238
2021-05-12,Marin,041,260295,14048,13997,251,14248,227
2021-05-12,Mariposa,043,17540,428,422,11,433,5
2021-05-12,Mendocino,045,87422,3920,3836,81,3917,46
2021-05-12,Merced,047,269075,30842,30941,1047,31988,450
2021-05-12,Modoc,049,8938,373,362,125,487,3
2021-05-12,Mono,051,14174,1253,1265,17,1282,3
2021-05-12,Monterey,053,433212,43089,42950,1867,44817,380
2021-05-12,Napa,055,140530,9868,9870,36,9906,82
2021-05-12,Nevada,057,99092,4773,4738,188,4926,70
2021-05-12,Orange,059,3164182,254914,253587,11331,264918,5024
2021-05-12,Placer,061,380077,23037,22652,1456,24108,288
2021-05-12,Plumas,063,18699,699,681,10,691,4
2021-05-12,Riverside,065,2383286,293486,287830,13988,301818,4431
2021-05-12,Sacramento,067,1510023,104983,104592,1730,106322,1621
2021-05-12,San Benito,069,59416,6048,6062,114,6176,63
2021-05-12,San Bernardino,071,2135413,292814,291505,8974,300479,4715
2021-05-12,San Diego,073,3302833,279577,278402,14775,293177,3729
2021-05-12,San Francisco,075,870044,36546,36720,1275,37995,544
2021-05-12,San Joaquin,077,732212,72678,72043,3513,75556,1356
2021-05-12,San Luis Obispo,079,281455,21289,21021,730,21751,255
2021-05-12,San Mateo,081,765935,42177,42038,469,42507,426
2021-05-12,Santa Barbara,083,443738,34356,34218,1136,35354,456
2021-05-12,Santa Clara,085,1922200,118248,118897,759,119656,2005
2021-05-12,Santa Cruz,087,273765,16185,16123,811,16934,207
2021-05-12,Shasta,089,179085,12111,12092,1533,13625,200
2021-05-12,Sierra,091,2930,56,54,12,66,0
2021-05-12,Siskiyou,093,43540,1871,1760,343,2103,13
2021-05-12,Solano,095,438530,32569,32519,546,33065,252
2021-05-12,Sonoma,097,501317,29834,29976,329,30305,320
2021-05-12,Stanislaus,099,539301,55928,55632,5894,61526,919
2021-05-12,Sutter,101,95872,9389,9427,83,9510,112
2021-05-12,Tehama,103,63373,5024,4989,562,5551,62
2021-05-12,Trinity,105,12862,482,327,90,417,3
2021-05-12,Tulare,107,460477,50063,49001,8973,57974,838
2021-05-12,Tuolumne,109,53932,4015,4056,41,4097,63
2021-05-12,Ventura,111,848112,81158,80577,2983,83560,1010
2021-05-12,Yolo,113,214977,13937,13910,306,14216,210
2021-05-12,Yuba,115,75493,5994,5956,122,6078,47
2021-05-11,Alameda,001,1643700,87588,87413,1941,89354,1290
2021-05-11,Alpine,003,1148,87,88,0,88,0
2021-05-11,Amador,005,37829,3663,3657,33,3690,46
2021-05-11,Butte,007,227075,12401,12008,1801,13809,199
2021-05-11,Calaveras,009,45235,2129,2118,13,2131,52
2021-05-11,Colusa,011,21464,1933,1939,297,2236,14
2021-05-11,Contra Costa,013,1133247,68937,68406,1257,69663,806
2021-05-11,Del Norte,015,27424,1388,1347,12,1359,8
2021-05-11,El Dorado,017,186661,10192,10108,742,10850,112
2021-05-11,Fresno,019,978130,102282,101792,8655,110447,1686
2021-05-11,Glenn,021,27897,2417,2387,555,2942,17
2021-05-11,Humboldt,023,135768,4070,3964,33,3997,37
2021-05-11,Imperial,025,180216,28506,28413,2727,31140,722
2021-05-11,Inyo,027,18085,1403,1402,13,1415,36
2021-05-11,Kern,029,883053,96972,95938,10792,106730,1310
2021-05-11,Kings,031,150075,23118,22887,1087,23974,246
2021-05-11,Lake,033,64148,3496,3473,9,3482,43
2021-05-11,Lassen,035,31185,5187,5148,108,5256,6
2021-05-11,Los Angeles,037,10098052,1204094,1195100,41093,1236193,24048
2021-05-11,Madera,039,155013,16556,16459,931,17390,238
2021-05-11,Marin,041,260295,14041,13987,251,14238,227
2021-05-11,Mariposa,043,17540,428,421,11,432,5
2021-05-11,Mendocino,045,87422,3912,3821,81,3902,46
2021-05-11,Merced,047,269075,30833,30893,1047,31940,449
2021-05-11,Modoc,049,8938,373,362,124,486,3
2021-05-11,Mono,051,14174,1253,1265,17,1282,3
2021-05-11,Monterey,053,433212,43081,42934,1866,44800,380
2021-05-11,Napa,055,140530,9861,9870,36,9906,81
2021-05-11,Nevada,057,99092,4769,4737,188,4925,70
2021-05-11,Orange,059,3164182,254851,253545,11323,264868,5017
2021-05-11,Placer,061,380077,23015,22615,1452,24067,287
2021-05-11,Plumas,063,18699,697,679,10,689,4
2021-05-11,Riverside,065,2383286,293424,287757,13983,301740,4429
2021-05-11,Sacramento,067,1510023,104884,104496,1727,106223,1616
2021-05-11,San Benito,069,59416,6045,6058,114,6172,63
2021-05-11,San Bernardino,071,2135413,292754,291421,8972,300393,4707
2021-05-11,San Diego,073,3302833,279442,278308,14756,293064,3725
2021-05-11,San Francisco,075,870044,36526,36707,1275,37982,543
2021-05-11,San Joaquin,077,732212,72630,71999,3510,75509,1356
2021-05-11,San Luis Obispo,079,281455,21282,21008,728,21736,255
2021-05-11,San Mateo,081,765935,42158,41985,468,42453,425
2021-05-11,Santa Barbara,083,443738,34346,34207,1136,35343,456
2021-05-11,Santa Clara,085,1922200,118201,118857,758,119615,2005
2021-05-11,Santa Cruz,087,273765,16181,16113,811,16924,206
2021-05-11,Shasta,089,179085,12088,12050,1527,13577,200
2021-05-11,Sierra,091,2930,56,54,12,66,0
2021-05-11,Siskiyou,093,43540,1861,1756,341,2097,13
2021-05-11,Solano,095,438530,32551,32499,544,33043,250
2021-05-11,Sonoma,097,501317,29819,29966,329,30295,318
2021-05-11,Stanislaus,099,539301,55881,55589,5890,61479,909
2021-05-11,Sutter,101,95872,9382,9417,83,9500,112
2021-05-11,Tehama,103,63373,5020,4985,561,5546,62
2021-05-11,Trinity,105,12862,482,327,89,416,3
2021-05-11,Tulare,107,460477,50035,48974,8959,57933,837
2021-05-11,Tuolumne,109,53932,4014,4056,41,4097,63
2021-05-11,Ventura,111,848112,81134,80544,2980,83524,1008
2021-05-11,Yolo,113,214977,13923,13902,303,14205,210
2021-05-11,Yuba,115,75493,5985,5950,122,6072,46
2021-05-10,Alameda,001,1643700,87518,87366,1940,89306,1284
2021-05-10,Alpine,003,1148,87,88,0,88,0
2021-05-10,Amador,005,37829,3662,3657,33,3690,46
2021-05-10,Butte,007,227075,12385,11993,1797,13790,199
2021-05-10,Calaveras,009,45235,2122,2118,13,2131,52
2021-05-10,Colusa,011,21464,1933,1939,297,2236,14
2021-05-10,Contra Costa,013,1133247,68873,68357,1257,69614,806
2021-05-10,Del Norte,015,27424,1385,1339,12,1351,8
2021-05-10,El Dorado,017,186661,10178,10093,742,10835,113
2021-05-10,Fresno,019,978130,102250,101755,8648,110403,1682
2021-05-10,Glenn,021,27897,2416,2384,554,2938,17
2021-05-10,Humboldt,023,135768,4040,3961,33,3994,36
2021-05-10,Imperial,025,180216,28492,28397,2723,31120,722
2021-05-10,Inyo,027,18085,1403,1401,13,1414,36
2021-05-10,Kern,029,883053,96928,95920,10778,106698,1310
2021-05-10,Kings,031,150075,23107,22884,1086,23970,246
2021-05-10,Lake,033,64148,3488,3471,9,3480,43
2021-05-10,Lassen,035,31185,5183,5148,108,5256,5
2021-05-10,Los Angeles,037,10098052,1203827,1194976,41078,1236054,24030
2021-05-10,Madera,039,155013,16546,16450,931,17381,238
2021-05-10,Marin,041,260295,14038,13981,251,14232,228
2021-05-10,Mariposa,043,17540,427,420,11,431,5
2021-05-10,Mendocino,045,87422,3906,3818,81,3899,46
2021-05-10,Merced,047,269075,30823,30880,1047,31927,448
2021-05-10,Modoc,049,8938,373,361,124,485,3
2021-05-10,Mono,051,14174,1253,1265,17,1282,3
2021-05-10,Monterey,053,433212,43075,42927,1861,44788,380
2021-05-10,Napa,055,140530,9859,9860,36,9896,81
2021-05-10,Nevada,057,99092,4762,4735,188,4923,70
2021-05-10,Orange,059,3164182,254798,253484,11317,264801,5008
2021-05-10,Placer,061,380077,22993,22590,1449,24039,286
2021-05-10,Plumas,063,18699,696,679,10,689,4
2021-05-10,Riverside,065,2383286,293355,287689,13977,301666,4427
2021-05-10,Sacramento,067,1510023,104771,104378,1722,106100,1613
2021-05-10,San Benito,069,59416,6044,6058,114,6172,63
2021-05-10,San Bernardino,071,2135413,292702,291360,8971,300331,4707
2021-05-10,San Diego,073,3302833,279278,278183,14729,292912,3725
2021-05-10,San Francisco,075,870044,36507,36683,1275,37958,543
2021-05-10,San Joaquin,077,732212,72593,71954,3495,75449,1356
2021-05-10,San Luis Obispo,079,281455,21264,20993,727,21720,256
2021-05-10,San Mateo,081,765935,42141,41926,468,42394,424
2021-05-10,Santa Barbara,083,443738,34338,34201,1136,35337,456
2021-05-10,Santa Clara,085,1922200,118142,118822,758,119580,2003
2021-05-10,Santa Cruz,087,273765,16176,16114,811,16925,206
2021-05-10,Shasta,089,179085,12074,12036,1523,13559,200
2021-05-10,Sierra,091,2930,56,54,12,66,0
2021-05-10,Siskiyou,093,43540,1851,1752,339,2091,13
2021-05-10,Solano,095,438530,32531,32466,542,33008,250
2021-05-10,Sonoma,097,501317,29804,29955,328,30283,318
2021-05-10,Stanislaus,099,539301,55806,55541,5884,61425,898
2021-05-10,Sutter,101,95872,9376,9412,83,9495,111
2021-05-10,Tehama,103,63373,5016,4980,561,5541,62
2021-05-10,Trinity,105,12862,482,327,87,414,3
2021-05-10,Tulare,107,460477,50012,48956,8953,57909,837
2021-05-10,Tuolumne,109,53932,4010,4054,40,4094,63
2021-05-10,Ventura,111,848112,81118,80501,2978,83479,1008
2021-05-10,Yolo,113,214977,13911,13898,301,14199,209
2021-05-10,Yuba,115,75493,5983,5942,122,6064,46
2021-05-09,Alameda,001,1643700,87447,87292,1937,89229,1284
2021-05-09,Alpine,003,1148,87,88,0,88,0
2021-05-09,Amador,005,37829,3660,3655,33,3688,46
2021-05-09,Butte,007,227075,12367,11985,1793,13778,199
2021-05-09,Calaveras,009,45235,2121,2116,13,2129,52
2021-05-09,Colusa,011,21464,1932,1940,297,2237,14
2021-05-09,Contra Costa,013,1133247,68810,68302,1255,69557,806
2021-05-09,Del Norte,015,27424,1378,1338,12,1350,8
2021-05-09,El Dorado,017,186661,10164,10089,739,10828,113
2021-05-09,Fresno,019,978130,102212,101729,8639,110368,1682
2021-05-09,Glenn,021,27897,2409,2382,551,2933,17
2021-05-09,Humboldt,023,135768,4020,3950,33,3983,36
2021-05-09,Imperial,025,180216,28469,28388,2715,31103,722
2021-05-09,Inyo,027,18085,1403,1401,12,1413,36
2021-05-09,Kern,029,883053,96900,95903,10768,106671,1310
2021-05-09,Kings,031,150075,23098,22878,1086,23964,246
2021-05-09,Lake,033,64148,3484,3471,9,3480,43
2021-05-09,Lassen,035,31185,5181,5147,108,5255,5
2021-05-09,Los Angeles,037,10098052,1203566,1194820,41062,1235882,24026
2021-05-09,Madera,039,155013,16537,16444,925,17369,238
2021-05-09,Marin,041,260295,14027,13979,250,14229,228
2021-05-09,Mariposa,043,17540,424,420,11,431,5
2021-05-09,Mendocino,045,87422,3896,3814,81,3895,46
2021-05-09,Merced,047,269075,30800,30883,1047,31930,448
2021-05-09,Modoc,049,8938,373,360,124,484,3
2021-05-09,Mono,051,14174,1253,1264,17,1281,3
2021-05-09,Monterey,053,433212,43057,42918,1861,44779,380
2021-05-09,Napa,055,140530,9848,9857,36,9893,81
2021-05-09,Nevada,057,99092,4755,4727,188,4915,70
2021-05-09,Orange,059,3164182,254744,253451,11309,264760,5008
2021-05-09,Placer,061,380077,22967,22566,1446,24012,286
2021-05-09,Plumas,063,18699,695,679,10,689,4
2021-05-09,Riverside,065,2383286,293275,287644,13971,301615,4427
2021-05-09,Sacramento,067,1510023,104622,104309,1716,106025,1612
2021-05-09,San Benito,069,59416,6042,6056,114,6170,63
2021-05-09,San Bernardino,071,2135413,292619,291337,8965,300302,4707
2021-05-09,San Diego,073,3302833,279111,277950,14707,292657,3725
2021-05-09,San Francisco,075,870044,36481,36669,1273,37942,543
2021-05-09,San Joaquin,077,732212,72547,71927,3494,75421,1356
2021-05-09,San Luis Obispo,079,281455,21253,20999,727,21726,256
2021-05-09,San Mateo,081,765935,42112,41903,468,42371,424
2021-05-09,Santa Barbara,083,443738,34325,34196,1135,35331,456
2021-05-09,Santa Clara,085,1922200,118088,118798,757,119555,2003
2021-05-09,Santa Cruz,087,273765,16170,16094,811,16905,206
2021-05-09,Shasta,089,179085,12044,12034,1518,13552,200
2021-05-09,Sierra,091,2930,56,54,12,66,0
2021-05-09,Siskiyou,093,43540,1844,1741,336,2077,13
2021-05-09,Solano,095,438530,32492,32434,539,32973,250
2021-05-09,Sonoma,097,501317,29790,29953,327,30280,318
2021-05-09,Stanislaus,099,539301,55740,55511,5880,61391,898
2021-05-09,Sutter,101,95872,9370,9413,83,9496,111
2021-05-09,Tehama,103,63373,5011,4979,561,5540,62
2021-05-09,Trinity,105,12862,482,327,87,414,3
2021-05-09,Tulare,107,460477,49985,48948,8948,57896,837
2021-05-09,Tuolumne,109,53932,4008,4053,40,4093,63
2021-05-09,Ventura,111,848112,81103,80487,2977,83464,1008
2021-05-09,Yolo,113,214977,13901,13897,300,14197,209
2021-05-09,Yuba,115,75493,5977,5934,122,6056,46
2021-05-08,Alameda,001,1643700,87405,87213,1933,89146,1284
2021-05-08,Alpine,003,1148,87,88,0,88,0
2021-05-08,Amador,005,37829,3658,3652,33,3685,46
2021-05-08,Butte,007,227075,12355,11962,1792,13754,199
2021-05-08,Calaveras,009,45235,2120,2114,13,2127,52
2021-05-08,Colusa,011,21464,1932,1939,297,2236,14
2021-05-08,Contra Costa,013,1133247,68777,68223,1253,69476,803
2021-05-08,Del Norte,015,27424,1375,1335,12,1347,8
2021-05-08,El Dorado,017,186661,10150,10079,739,10818,113
2021-05-08,Fresno,019,978130,102176,101676,8634,110310,1682
2021-05-08,Glenn,021,27897,2407,2382,549,2931,17
2021-05-08,Humboldt,023,135768,4004,3939,33,3972,36
2021-05-08,Imperial,025,180216,28461,28373,2715,31088,721
2021-05-08,Inyo,027,18085,1403,1402,12,1414,36
2021-05-08,Kern,029,883053,96875,95880,10755,106635,1310
2021-05-08,Kings,031,150075,23095,22872,1085,23957,246
2021-05-08,Lake,033,64148,3483,3470,9,3479,43
2021-05-08,Lassen,035,31185,5180,5145,108,5253,5
2021-05-08,Los Angeles,037,10098052,1203414,1194584,41046,1235630,24022
2021-05-08,Madera,039,155013,16533,16442,925,17367,238
2021-05-08,Marin,041,260295,14024,13974,249,14223,228
2021-05-08,Mariposa,043,17540,424,420,11,431,5
2021-05-08,Mendocino,045,87422,3891,3810,80,3890,46
2021-05-08,Merced,047,269075,30791,30876,1047,31923,448
2021-05-08,Modoc,049,8938,373,360,123,483,3
2021-05-08,Mono,051,14174,1253,1262,17,1279,3
2021-05-08,Monterey,053,433212,43052,42914,1860,44774,380
2021-05-08,Napa,055,140530,9841,9853,36,9889,81
2021-05-08,Nevada,057,99092,4752,4716,188,4904,70
2021-05-08,Orange,059,3164182,254710,253412,11306,264718,5006
2021-05-08,Placer,061,380077,22949,22547,1444,23991,286
2021-05-08,Plumas,063,18699,694,679,10,689,4
2021-05-08,Riverside,065,2383286,293232,287574,13969,301543,4427
2021-05-08,Sacramento,067,1510023,104537,104208,1713,105921,1610
2021-05-08,San Benito,069,59416,6041,6048,114,6162,63
2021-05-08,San Bernardino,071,2135413,292576,291296,8965,300261,4707
2021-05-08,San Diego,073,3302833,279028,277760,14689,292449,3725
2021-05-08,San Francisco,075,870044,36458,36642,1273,37915,543
2021-05-08,San Joaquin,077,732212,72518,71869,3485,75354,1356
2021-05-08,San Luis Obispo,079,281455,21242,20992,727,21719,256
2021-05-08,San Mateo,081,765935,42101,41871,468,42339,424
2021-05-08,Santa Barbara,083,443738,34312,34185,1135,35320,456
2021-05-08,Santa Clara,085,1922200,118057,118751,757,119508,2003
2021-05-08,Santa Cruz,087,273765,16167,16089,811,16900,206
2021-05-08,Shasta,089,179085,12034,12030,1514,13544,200
2021-05-08,Sierra,091,2930,56,54,12,66,0
2021-05-08,Siskiyou,093,43540,1843,1741,332,2073,13
2021-05-08,Solano,095,438530,32468,32395,537,32932,249
2021-05-08,Sonoma,097,501317,29777,29942,327,30269,318
2021-05-08,Stanislaus,099,539301,55709,55467,5876,61343,898
2021-05-08,Sutter,101,95872,9367,9413,83,9496,111
2021-05-08,Tehama,103,63373,5009,4977,561,5538,62
2021-05-08,Trinity,105,12862,482,327,87,414,3
2021-05-08,Tulare,107,460477,49971,48929,8938,57867,837
2021-05-08,Tuolumne,109,53932,4007,4050,40,4090,63
2021-05-08,Ventura,111,848112,81092,80481,2974,83455,1008
2021-05-08,Yolo,113,214977,13898,13894,299,14193,209
2021-05-08,Yuba,115,75493,5969,5928,122,6050,46
2021-05-07,Alameda,001,1643700,87351,87128,1932,89060,1280
2021-05-07,Alpine,003,1148,87,88,0,88,0
2021-05-07,Amador,005,37829,3655,3651,33,3684,46
2021-05-07,Butte,007,227075,12334,11943,1789,13732,199
2021-05-07,Calaveras,009,45235,2118,2114,13,2127,52
2021-05-07,Colusa,011,21464,1932,1937,297,2234,14
2021-05-07,Contra Costa,013,1133247,68730,68156,1251,69407,804
2021-05-07,Del Norte,015,27424,1370,1329,12,1341,8
2021-05-07,El Dorado,017,186661,10137,10065,737,10802,112
2021-05-07,Fresno,019,978130,102143,101625,8633,110258,1684
2021-05-07,Glenn,021,27897,2404,2381,548,2929,17
2021-05-07,Humboldt,023,135768,3989,3919,33,3952,36
2021-05-07,Imperial,025,180216,28453,28352,2715,31067,721
2021-05-07,Inyo,027,18085,1403,1402,12,1414,36
2021-05-07,Kern,029,883053,96862,95839,10743,106582,1308
2021-05-07,Kings,031,150075,23094,22857,1084,23941,246
2021-05-07,Lake,033,64148,3481,3467,9,3476,43
2021-05-07,Lassen,035,31185,5179,5144,107,5251,5
2021-05-07,Los Angeles,037,10098052,1203235,1194294,41039,1235333,24008
2021-05-07,Madera,039,155013,16528,16439,924,17363,238
2021-05-07,Marin,041,260295,14020,13968,249,14217,228
2021-05-07,Mariposa,043,17540,423,419,11,430,5
2021-05-07,Mendocino,045,87422,3885,3805,80,3885,46
2021-05-07,Merced,047,269075,30788,30862,1047,31909,446
2021-05-07,Modoc,049,8938,373,360,123,483,3
2021-05-07,Mono,051,14174,1252,1261,17,1278,3
2021-05-07,Monterey,053,433212,43046,42909,1858,44767,380
2021-05-07,Napa,055,140530,9840,9849,36,9885,81
2021-05-07,Nevada,057,99092,4748,4704,188,4892,70
2021-05-07,Orange,059,3164182,254670,253338,11297,264635,5000
2021-05-07,Placer,061,380077,22929,22524,1442,23966,286
2021-05-07,Plumas,063,18699,694,678,10,688,4
2021-05-07,Riverside,065,2383286,293174,287479,13968,301447,4426
2021-05-07,Sacramento,067,1510023,104465,104068,1708,105776,1609
2021-05-07,San Benito,069,59416,6040,6048,114,6162,63
2021-05-07,San Bernardino,071,2135413,292534,291185,8960,300145,4697
2021-05-07,San Diego,073,3302833,278942,277534,14673,292207,3718
2021-05-07,San Francisco,075,870044,36445,36616,1272,37888,543
2021-05-07,San Joaquin,077,732212,72478,71804,3483,75287,1351
2021-05-07,San Luis Obispo,079,281455,21235,20979,727,21706,256
2021-05-07,San Mateo,081,765935,42086,41844,468,42312,424
2021-05-07,Santa Barbara,083,443738,34302,34166,1135,35301,453
2021-05-07,Santa Clara,085,1922200,118024,118691,756,119447,2002
2021-05-07,Santa Cruz,087,273765,16164,16074,811,16885,206
2021-05-07,Shasta,089,179085,12012,12005,1512,13517,200
2021-05-07,Sierra,091,2930,56,54,12,66,0
2021-05-07,Siskiyou,093,43540,1840,1723,332,2055,13
2021-05-07,Solano,095,438530,32440,32352,535,32887,249
2021-05-07,Sonoma,097,501317,29759,29925,325,30250,318
2021-05-07,Stanislaus,099,539301,55668,55407,5871,61278,896
2021-05-07,Sutter,101,95872,9367,9407,83,9490,111
2021-05-07,Tehama,103,63373,5002,4974,561,5535,57
2021-05-07,Trinity,105,12862,482,327,87,414,3
2021-05-07,Tulare,107,460477,49954,48913,8933,57846,837
2021-05-07,Tuolumne,109,53932,4005,4048,40,4088,63
2021-05-07,Ventura,111,848112,81068,80444,2974,83418,1008
2021-05-07,Yolo,113,214977,13892,13875,298,14173,209
2021-05-07,Yuba,115,75493,5959,5910,122,6032,46
2021-05-06,Alameda,001,1643700,87275,87028,1929,88957,1278
2021-05-06,Alpine,003,1148,87,88,0,88,0
2021-05-06,Amador,005,37829,3653,3650,33,3683,46
2021-05-06,Butte,007,227075,12314,11929,1784,13713,198
2021-05-06,Calaveras,009,45235,2117,2111,13,2124,52
2021-05-06,Colusa,011,21464,1932,1935,297,2232,14
2021-05-06,Contra Costa,013,1133247,68675,68076,1248,69324,802
2021-05-06,Del Norte,015,27424,1362,1324,12,1336,6
2021-05-06,El Dorado,017,186661,10130,10048,737,10785,112
2021-05-06,Fresno,019,978130,102099,101536,8629,110165,1680
2021-05-06,Glenn,021,27897,2403,2380,547,2927,17
2021-05-06,Humboldt,023,135768,3964,3898,33,3931,36
2021-05-06,Imperial,025,180216,28442,28311,2714,31025,720
2021-05-06,Inyo,027,18085,1403,1401,12,1413,36
2021-05-06,Kern,029,883053,96837,95801,10726,106527,1307
2021-05-06,Kings,031,150075,23087,22848,1083,23931,246
2021-05-06,Lake,033,64148,3480,3465,9,3474,43
2021-05-06,Lassen,035,31185,5178,5143,107,5250,1
2021-05-06,Los Angeles,037,10098052,1202993,1193954,41023,1234977,23991
2021-05-06,Madera,039,155013,16520,16430,924,17354,238
2021-05-06,Marin,041,260295,14016,13956,249,14205,228
2021-05-06,Mariposa,043,17540,422,419,11,430,5
2021-05-06,Mendocino,045,87422,3874,3802,80,3882,46
2021-05-06,Merced,047,269075,30773,30863,1046,31909,444
2021-05-06,Modoc,049,8938,373,360,123,483,3
2021-05-06,Mono,051,14174,1250,1261,17,1278,3
2021-05-06,Monterey,053,433212,43031,42899,1858,44757,379
2021-05-06,Napa,055,140530,9834,9843,36,9879,81
2021-05-06,Nevada,057,99092,4747,4687,188,4875,70
2021-05-06,Orange,059,3164182,254602,253286,11291,264577,4991
2021-05-06,Placer,061,380077,22907,22493,1442,23935,286
2021-05-06,Plumas,063,18699,694,678,10,688,4
2021-05-06,Riverside,065,2383286,293101,287399,13963,301362,4422
2021-05-06,Sacramento,067,1510023,104348,103956,1705,105661,1609
2021-05-06,San Benito,069,59416,6039,6045,114,6159,63
2021-05-06,San Bernardino,071,2135413,292464,291085,8959,300044,4683
2021-05-06,San Diego,073,3302833,278815,277324,14650,291974,3716
2021-05-06,San Francisco,075,870044,36430,36599,1272,37871,543
2021-05-06,San Joaquin,077,732212,72423,71729,3480,75209,1350
2021-05-06,San Luis Obispo,079,281455,21223,20965,725,21690,256
2021-05-06,San Mateo,081,765935,42067,41802,467,42269,424
2021-05-06,Santa Barbara,083,443738,34289,34152,1135,35287,453
2021-05-06,Santa Clara,085,1922200,117983,118591,756,119347,2001
2021-05-06,Santa Cruz,087,273765,16157,16050,811,16861,206
2021-05-06,Shasta,089,179085,11990,11983,1506,13489,199
2021-05-06,Sierra,091,2930,56,54,12,66,0
2021-05-06,Siskiyou,093,43540,1830,1711,331,2042,12
2021-05-06,Solano,095,438530,32414,32320,527,32847,249
2021-05-06,Sonoma,097,501317,29751,29911,325,30236,318
2021-05-06,Stanislaus,099,539301,55612,55323,5866,61189,834
2021-05-06,Sutter,101,95872,9361,9396,83,9479,111
2021-05-06,Tehama,103,63373,4997,4970,561,5531,53
2021-05-06,Trinity,105,12862,482,327,87,414,3
2021-05-06,Tulare,107,460477,49929,48890,8918,57808,836
2021-05-06,Tuolumne,109,53932,4001,4047,40,4087,63
2021-05-06,Ventura,111,848112,81037,80411,2971,83382,1005
2021-05-06,Yolo,113,214977,13885,13871,294,14165,209
2021-05-06,Yuba,115,75493,5947,5901,122,6023,46
2021-05-05,Alameda,001,1643700,87213,86950,1927,88877,1278
2021-05-05,Alpine,003,1148,87,88,0,88,0
2021-05-05,Amador,005,37829,3650,3650,33,3683,46
2021-05-05,Butte,007,227075,12296,11907,1781,13688,198
2021-05-05,Calaveras,009,45235,2113,2103,13,2116,52
2021-05-05,Colusa,011,21464,1931,1933,297,2230,14
2021-05-05,Contra Costa,013,1133247,68610,67997,1244,69241,803
2021-05-05,Del Norte,015,27424,1359,1317,12,1329,6
2021-05-05,El Dorado,017,186661,10119,10020,736,10756,111
2021-05-05,Fresno,019,978130,102050,101491,8620,110111,1680
2021-05-05,Glenn,021,27897,2400,2380,546,2926,17
2021-05-05,Humboldt,023,135768,3945,3886,32,3918,36
2021-05-05,Imperial,025,180216,28401,28295,2707,31002,720
2021-05-05,Inyo,027,18085,1402,1401,12,1413,36
2021-05-05,Kern,029,883053,96793,95753,10722,106475,1304
2021-05-05,Kings,031,150075,23081,22840,1082,23922,246
2021-05-05,Lake,033,64148,3477,3458,9,3467,43
2021-05-05,Lassen,035,31185,5178,5143,106,5249,1
2021-05-05,Los Angeles,037,10098052,1202722,1193608,41009,1234617,23977
2021-05-05,Madera,039,155013,16518,16423,924,17347,235
2021-05-05,Marin,041,260295,14008,13950,248,14198,228
2021-05-05,Mariposa,043,17540,422,418,11,429,5
2021-05-05,Mendocino,045,87422,3870,3799,80,3879,46
2021-05-05,Merced,047,269075,30752,30844,1046,31890,444
2021-05-05,Modoc,049,8938,372,361,122,483,3
2021-05-05,Mono,051,14174,1250,1260,17,1277,3
2021-05-05,Monterey,053,433212,43018,42870,1855,44725,379
2021-05-05,Napa,055,140530,9828,9833,36,9869,81
2021-05-05,Nevada,057,99092,4744,4666,188,4854,70
2021-05-05,Orange,059,3164182,254544,253237,11286,264523,4978
2021-05-05,Placer,061,380077,22875,22362,1438,23800,287
2021-05-05,Plumas,063,18699,694,677,10,687,4
2021-05-05,Riverside,065,2383286,293006,287353,13953,301306,4414
2021-05-05,Sacramento,067,1510023,104260,103476,1700,105176,1607
2021-05-05,San Benito,069,59416,6030,6046,114,6160,63
2021-05-05,San Bernardino,071,2135413,292389,291008,8955,299963,4677
2021-05-05,San Diego,073,3302833,278678,277098,14631,291729,3716
2021-05-05,San Francisco,075,870044,36416,36577,1271,37848,543
2021-05-05,San Joaquin,077,732212,72370,71638,3477,75115,1345
2021-05-05,San Luis Obispo,079,281455,21215,20958,725,21683,256
2021-05-05,San Mateo,081,765935,42038,41755,466,42221,415
2021-05-05,Santa Barbara,083,443738,34274,34139,1134,35273,453
2021-05-05,Santa Clara,085,1922200,117953,118482,752,119234,1992
2021-05-05,Santa Cruz,087,273765,16151,16013,811,16824,207
2021-05-05,Shasta,089,179085,11974,11939,1502,13441,200
2021-05-05,Sierra,091,2930,56,54,12,66,0
2021-05-05,Siskiyou,093,43540,1813,1706,323,2029,11
2021-05-05,Solano,095,438530,32379,32250,525,32775,249
2021-05-05,Sonoma,097,501317,29738,29879,325,30204,318
2021-05-05,Stanislaus,099,539301,55555,55231,5864,61095,807
2021-05-05,Sutter,101,95872,9355,9387,83,9470,111
2021-05-05,Tehama,103,63373,4993,4968,561,5529,53
2021-05-05,Trinity,105,12862,482,326,87,413,3
2021-05-05,Tulare,107,460477,49905,48875,8911,57786,835
2021-05-05,Tuolumne,109,53932,3998,4040,40,4080,63
2021-05-05,Ventura,111,848112,81009,80372,2967,83339,1005
2021-05-05,Yolo,113,214977,13881,13846,292,14138,209
2021-05-05,Yuba,115,75493,5937,5895,121,6016,44
2021-05-04,Alameda,001,1643700,87121,86894,1927,88821,1277
2021-05-04,Alpine,003,1148,87,88,0,88,0
2021-05-04,Amador,005,37829,3650,3650,33,3683,46
2021-05-04,Butte,007,227075,12272,11883,1780,13663,198
2021-05-04,Calaveras,009,45235,2108,2100,13,2113,52
2021-05-04,Colusa,011,21464,1930,1933,297,2230,14
2021-05-04,Contra Costa,013,1133247,68530,67931,1242,69173,799
2021-05-04,Del Norte,015,27424,1359,1314,12,1326,6
2021-05-04,El Dorado,017,186661,10108,10009,732,10741,110
2021-05-04,Fresno,019,978130,101995,101451,8613,110064,1677
2021-05-04,Glenn,021,27897,2397,2379,543,2922,17
2021-05-04,Humboldt,023,135768,3919,3877,32,3909,36
2021-05-04,Imperial,025,180216,28381,28276,2703,30979,720
2021-05-04,Inyo,027,18085,1402,1399,12,1411,36
2021-05-04,Kern,029,883053,96757,95720,10704,106424,1301
2021-05-04,Kings,031,150075,23067,22822,1079,23901,246
2021-05-04,Lake,033,64148,3476,3454,9,3463,43
2021-05-04,Lassen,035,31185,5177,5142,106,5248,1
2021-05-04,Los Angeles,037,10098052,1202433,1193453,40997,1234450,23957
2021-05-04,Madera,039,155013,16517,16418,924,17342,235
2021-05-04,Marin,041,260295,14000,13935,248,14183,228
2021-05-04,Mariposa,043,17540,422,418,11,429,5
2021-05-04,Mendocino,045,87422,3865,3794,80,3874,46
2021-05-04,Merced,047,269075,30735,30829,1046,31875,444
2021-05-04,Modoc,049,8938,371,360,121,481,3
2021-05-04,Mono,051,14174,1250,1260,17,1277,3
2021-05-04,Monterey,053,433212,43006,42845,1854,44699,380
2021-05-04,Napa,055,140530,9819,9824,36,9860,81
2021-05-04,Nevada,057,99092,4737,4656,188,4844,70
2021-05-04,Orange,059,3164182,254476,253177,11276,264453,4977
2021-05-04,Placer,061,380077,22846,22326,1435,23761,287
2021-05-04,Plumas,063,18699,693,675,10,685,4
2021-05-04,Riverside,065,2383286,292922,287285,13946,301231,4411
2021-05-04,Sacramento,067,1510023,104131,103383,1695,105078,1604
2021-05-04,San Benito,069,59416,6029,6039,114,6153,63
2021-05-04,San Bernardino,071,2135413,292312,290934,8948,299882,4668
2021-05-04,San Diego,073,3302833,278511,276879,14614,291493,3713
2021-05-04,San Francisco,075,870044,36398,36550,1271,37821,541
2021-05-04,San Joaquin,077,732212,72309,71582,3472,75054,1342
2021-05-04,San Luis Obispo,079,281455,21209,20923,723,21646,255
2021-05-04,San Mateo,081,765935,42012,41708,466,42174,415
2021-05-04,Santa Barbara,083,443738,34259,34131,1133,35264,453
2021-05-04,Santa Clara,085,1922200,117890,118431,751,119182,1988
2021-05-04,Santa Cruz,087,273765,16145,16005,811,16816,207
2021-05-04,Shasta,089,179085,11954,11923,1496,13419,198
2021-05-04,Sierra,091,2930,56,54,12,66,0
2021-05-04,Siskiyou,093,43540,1806,1694,321,2015,11
2021-05-04,Solano,095,438530,32338,32220,523,32743,249
2021-05-04,Sonoma,097,501317,29718,29867,324,30191,318
2021-05-04,Stanislaus,099,539301,55499,55165,5861,61026,807
2021-05-04,Sutter,101,95872,9350,9375,83,9458,111
2021-05-04,Tehama,103,63373,4990,4959,560,5519,53
2021-05-04,Trinity,105,12862,482,326,87,413,3
2021-05-04,Tulare,107,460477,49878,48857,8902,57759,835
2021-05-04,Tuolumne,109,53932,3996,4041,40,4081,61
2021-05-04,Ventura,111,848112,80980,80351,2965,83316,1005
2021-05-04,Yolo,113,214977,13868,13820,290,14110,208
2021-05-04,Yuba,115,75493,5931,5891,121,6012,44
2021-05-03,Alameda,001,1643700,87045,86845,1921,88766,1272
2021-05-03,Alpine,003,1148,87,88,0,88,0
2021-05-03,Amador,005,37829,3650,3651,33,3684,46
2021-05-03,Butte,007,227075,12262,11864,1777,13641,198
2021-05-03,Calaveras,009,45235,2106,2099,13,2112,50
2021-05-03,Colusa,011,21464,1929,1931,295,2226,14
2021-05-03,Contra Costa,013,1133247,68471,67895,1238,69133,799
2021-05-03,Del Norte,015,27424,1354,1306,11,1317,6
2021-05-03,El Dorado,017,186661,10090,9984,727,10711,110
2021-05-03,Fresno,019,978130,101939,101405,8602,110007,1678
2021-05-03,Glenn,021,27897,2397,2375,542,2917,17
2021-05-03,Humboldt,023,135768,3904,3865,32,3897,36
2021-05-03,Imperial,025,180216,28359,28280,2700,30980,720
2021-05-03,Inyo,027,18085,1401,1398,12,1410,36
2021-05-03,Kern,029,883053,96720,95693,10692,106385,1299
2021-05-03,Kings,031,150075,23058,22821,1079,23900,246
2021-05-03,Lake,033,64148,3474,3446,9,3455,43
2021-05-03,Lassen,035,31185,5176,5142,106,5248,1
2021-05-03,Los Angeles,037,10098052,1202164,1193261,40971,1234232,23942
2021-05-03,Madera,039,155013,16512,16414,923,17337,235
2021-05-03,Marin,041,260295,13994,13927,248,14175,228
2021-05-03,Mariposa,043,17540,422,418,11,429,5
2021-05-03,Mendocino,045,87422,3858,3792,80,3872,46
2021-05-03,Merced,047,269075,30724,30814,1044,31858,444
2021-05-03,Modoc,049,8938,371,360,121,481,3
2021-05-03,Mono,051,14174,1250,1259,17,1276,3
2021-05-03,Monterey,053,433212,42994,42837,1852,44689,380
2021-05-03,Napa,055,140530,9814,9815,36,9851,81
2021-05-03,Nevada,057,99092,4729,4650,188,4838,70
2021-05-03,Orange,059,3164182,254417,253107,11267,264374,4968
2021-05-03,Placer,061,380077,22815,22289,1429,23718,287
2021-05-03,Plumas,063,18699,692,675,10,685,4
2021-05-03,Riverside,065,2383286,292848,287233,13945,301178,4412
2021-05-03,Sacramento,067,1510023,103978,103303,1685,104988,1602
2021-05-03,San Benito,069,59416,6028,6038,114,6152,63
2021-05-03,San Bernardino,071,2135413,292244,290886,8945,299831,4659
2021-05-03,San Diego,073,3302833,278348,276693,14589,291282,3712
2021-05-03,San Francisco,075,870044,36372,36538,1271,37809,541
2021-05-03,San Joaquin,077,732212,72259,71504,3469,74973,1325
2021-05-03,San Luis Obispo,079,281455,21193,20915,720,21635,254
2021-05-03,San Mateo,081,765935,41989,41689,465,42154,413
2021-05-03,Santa Barbara,083,443738,34247,34119,1133,35252,453
2021-05-03,Santa Clara,085,1922200,117836,118373,750,119123,1988
2021-05-03,Santa Cruz,087,273765,16142,16000,811,16811,207
2021-05-03,Shasta,089,179085,11931,11890,1491,13381,197
2021-05-03,Sierra,091,2930,56,54,12,66,0
2021-05-03,Siskiyou,093,43540,1800,1683,315,1998,11
2021-05-03,Solano,095,438530,32297,32201,522,32723,249
2021-05-03,Sonoma,097,501317,29706,29855,321,30176,318
2021-05-03,Stanislaus,099,539301,55433,55116,5852,60968,774
2021-05-03,Sutter,101,95872,9338,9370,83,9453,111
2021-05-03,Tehama,103,63373,4982,4952,560,5512,53
2021-05-03,Trinity,105,12862,482,326,87,413,3
2021-05-03,Tulare,107,460477,49860,48844,8892,57736,835
2021-05-03,Tuolumne,109,53932,3995,4038,40,4078,61
2021-05-03,Ventura,111,848112,80958,80291,2965,83256,1005
2021-05-03,Yolo,113,214977,13855,13809,288,14097,208
2021-05-03,Yuba,115,75493,5926,5880,121,6001,44
2021-05-02,Alameda,001,1643700,86960,86784,1920,88704,1272
2021-05-02,Alpine,003,1148,87,88,0,88,0
2021-05-02,Amador,005,37829,3650,3650,33,3683,46
2021-05-02,Butte,007,227075,12238,11859,1774,13633,198
2021-05-02,Calaveras,009,45235,2102,2098,13,2111,50
2021-05-02,Colusa,011,21464,1928,1931,294,2225,14
2021-05-02,Contra Costa,013,1133247,68386,67843,1236,69079,800
2021-05-02,Del Norte,015,27424,1347,1305,11,1316,6
2021-05-02,El Dorado,017,186661,10075,9962,726,10688,110
2021-05-02,Fresno,019,978130,101867,101372,8591,109963,1678
2021-05-02,Glenn,021,27897,2396,2374,540,2914,17
2021-05-02,Humboldt,023,135768,3892,3858,31,3889,36
2021-05-02,Imperial,025,180216,28325,28275,2691,30966,721
2021-05-02,Inyo,027,18085,1399,1398,12,1410,36
2021-05-02,Kern,029,883053,96662,95668,10685,106353,1299
2021-05-02,Kings,031,150075,23040,22816,1078,23894,246
2021-05-02,Lake,033,64148,3472,3443,9,3452,43
2021-05-02,Lassen,035,31185,5175,5142,105,5247,1
2021-05-02,Los Angeles,037,10098052,1201812,1193056,40950,1234006,23943
2021-05-02,Madera,039,155013,16506,16410,923,17333,235
2021-05-02,Marin,041,260295,13984,13917,248,14165,228
2021-05-02,Mariposa,043,17540,422,419,11,430,5
2021-05-02,Mendocino,045,87422,3853,3787,80,3867,46
2021-05-02,Merced,047,269075,30704,30793,1040,31833,444
2021-05-02,Modoc,049,8938,370,360,121,481,3
2021-05-02,Mono,051,14174,1249,1259,17,1276,3
2021-05-02,Monterey,053,433212,42980,42837,1851,44688,380
2021-05-02,Napa,055,140530,9810,9805,36,9841,81
2021-05-02,Nevada,057,99092,4713,4635,188,4823,70
2021-05-02,Orange,059,3164182,254343,253025,11253,264278,4968
2021-05-02,Placer,061,380077,22786,22264,1426,23690,287
2021-05-02,Plumas,063,18699,692,675,10,685,4
2021-05-02,Riverside,065,2383286,292748,287197,13935,301132,4412
2021-05-02,Sacramento,067,1510023,103838,103153,1678,104831,1602
2021-05-02,San Benito,069,59416,6023,6037,114,6151,63
2021-05-02,San Bernardino,071,2135413,292145,290859,8943,299802,4655
2021-05-02,San Diego,073,3302833,278152,276521,14562,291083,3712
2021-05-02,San Francisco,075,870044,36346,36522,1271,37793,541
2021-05-02,San Joaquin,077,732212,72195,71447,3462,74909,1325
2021-05-02,San Luis Obispo,079,281455,21172,20910,719,21629,254
2021-05-02,San Mateo,081,765935,41973,41656,464,42120,412
2021-05-02,Santa Barbara,083,443738,34233,34106,1133,35239,453
2021-05-02,Santa Clara,085,1922200,117762,118321,750,119071,1988
2021-05-02,Santa Cruz,087,273765,16137,15995,810,16805,207
2021-05-02,Shasta,089,179085,11915,11885,1483,13368,197
2021-05-02,Sierra,091,2930,56,54,12,66,0
2021-05-02,Siskiyou,093,43540,1789,1661,314,1975,11
2021-05-02,Solano,095,438530,32258,32151,518,32669,249
2021-05-02,Sonoma,097,501317,29684,29842,321,30163,318
2021-05-02,Stanislaus,099,539301,55359,55057,5845,60902,774
2021-05-02,Sutter,101,95872,9332,9363,83,9446,111
2021-05-02,Tehama,103,63373,4977,4950,558,5508,53
2021-05-02,Trinity,105,12862,482,326,87,413,3
2021-05-02,Tulare,107,460477,49842,48834,8884,57718,835
2021-05-02,Tuolumne,109,53932,3992,4038,40,4078,61
2021-05-02,Ventura,111,848112,80920,80284,2964,83248,1005
2021-05-02,Yolo,113,214977,13843,13799,287,14086,208
2021-05-02,Yuba,115,75493,5916,5879,121,6000,44
2021-05-01,Alameda,001,1643700,86917,86704,1917,88621,1270
2021-05-01,Alpine,003,1148,87,88,0,88,0
2021-05-01,Amador,005,37829,3650,3650,33,3683,46
2021-05-01,Butte,007,227075,12224,11845,1769,13614,198
2021-05-01,Calaveras,009,45235,2100,2096,13,2109,50
2021-05-01,Colusa,011,21464,1927,1931,294,2225,14
2021-05-01,Contra Costa,013,1133247,68334,67779,1233,69012,800
2021-05-01,Del Norte,015,27424,1346,1292,11,1303,6
2021-05-01,El Dorado,017,186661,10061,9944,724,10668,110
2021-05-01,Fresno,019,978130,101822,101326,8585,109911,1678
2021-05-01,Glenn,021,27897,2393,2369,539,2908,17
2021-05-01,Humboldt,023,135768,3878,3845,31,3876,36
2021-05-01,Imperial,025,180216,28318,28262,2691,30953,721
2021-05-01,Inyo,027,18085,1399,1397,12,1409,36
2021-05-01,Kern,029,883053,96635,95645,10674,106319,1299
2021-05-01,Kings,031,150075,23037,22797,1077,23874,246
2021-05-01,Lake,033,64148,3470,3441,9,3450,43
2021-05-01,Lassen,035,31185,5173,5142,105,5247,1
2021-05-01,Los Angeles,037,10098052,1201643,1192781,40935,1233716,23946
2021-05-01,Madera,039,155013,16502,16408,923,17331,235
2021-05-01,Marin,041,260295,13977,13902,248,14150,228
2021-05-01,Mariposa,043,17540,422,418,11,429,5
2021-05-01,Mendocino,045,87422,3851,3782,80,3862,46
2021-05-01,Merced,047,269075,30687,30771,1039,31810,444
2021-05-01,Modoc,049,8938,370,361,121,482,3
2021-05-01,Mono,051,14174,1249,1258,17,1275,3
2021-05-01,Monterey,053,433212,42974,42828,1851,44679,379
2021-05-01,Napa,055,140530,9807,9800,36,9836,81
2021-05-01,Nevada,057,99092,4708,4625,188,4813,70
2021-05-01,Orange,059,3164182,254300,252969,11242,264211,4964
2021-05-01,Placer,061,380077,22760,22240,1424,23664,287
2021-05-01,Plumas,063,18699,691,675,10,685,4
2021-05-01,Riverside,065,2383286,292709,287129,13933,301062,4412
2021-05-01,Sacramento,067,1510023,103757,103043,1677,104720,1602
2021-05-01,San Benito,069,59416,6020,6030,114,6144,63
2021-05-01,San Bernardino,071,2135413,292102,290802,8941,299743,4652
2021-05-01,San Diego,073,3302833,278028,276367,14541,290908,3706
2021-05-01,San Francisco,075,870044,36331,36496,1271,37767,541
2021-05-01,San Joaquin,077,732212,72146,71389,3460,74849,1325
2021-05-01,San Luis Obispo,079,281455,21167,20896,719,21615,254
2021-05-01,San Mateo,081,765935,41944,41617,463,42080,411
2021-05-01,Santa Barbara,083,443738,34228,34085,1132,35217,453
2021-05-01,Santa Clara,085,1922200,117710,118265,748,119013,1988
2021-05-01,Santa Cruz,087,273765,16134,15984,810,16794,207
2021-05-01,Shasta,089,179085,11895,11878,1475,13353,197
2021-05-01,Sierra,091,2930,56,53,12,65,0
2021-05-01,Siskiyou,093,43540,1781,1653,313,1966,11
2021-05-01,Solano,095,438530,32228,32124,510,32634,249
2021-05-01,Sonoma,097,501317,29681,29835,321,30156,318
2021-05-01,Stanislaus,099,539301,55324,55005,5839,60844,774
2021-05-01,Sutter,101,95872,9329,9358,83,9441,110
2021-05-01,Tehama,103,63373,4976,4950,557,5507,53
2021-05-01,Trinity,105,12862,482,326,86,412,3
2021-05-01,Tulare,107,460477,49835,48818,8878,57696,835
2021-05-01,Tuolumne,109,53932,3986,4035,40,4075,61
2021-05-01,Ventura,111,848112,80902,80268,2964,83232,1005
2021-05-01,Yolo,113,214977,13836,13784,285,14069,208
2021-05-01,Yuba,115,75493,5914,5875,121,5996,44
2021-04-30,Alameda,001,1643700,86856,86602,1914,88516,1268
2021-04-30,Alpine,003,1148,87,88,0,88,0
2021-04-30,Amador,005,37829,3648,3650,33,3683,46
2021-04-30,Butte,007,227075,12205,11812,1765,13577,197
2021-04-30,Calaveras,009,45235,2099,2087,13,2100,50
2021-04-30,Colusa,011,21464,1927,1931,293,2224,14
2021-04-30,Contra Costa,013,1133247,68286,67684,1230,68914,800
2021-04-30,Del Norte,015,27424,1334,1276,11,1287,6
2021-04-30,El Dorado,017,186661,10047,9906,724,10630,110
2021-04-30,Fresno,019,978130,101776,101263,8581,109844,1670
2021-04-30,Glenn,021,27897,2392,2369,539,2908,17
2021-04-30,Humboldt,023,135768,3865,3834,31,3865,36
2021-04-30,Imperial,025,180216,28309,28244,2688,30932,721
2021-04-30,Inyo,027,18085,1399,1397,12,1409,36
2021-04-30,Kern,029,883053,96618,95605,10670,106275,1298
2021-04-30,Kings,031,150075,23034,22793,1076,23869,246
2021-04-30,Lake,033,64148,3466,3440,9,3449,43
2021-04-30,Lassen,035,31185,5172,5140,105,5245,1
2021-04-30,Los Angeles,037,10098052,1201432,1192393,40922,1233315,23919
2021-04-30,Madera,039,155013,16496,16395,923,17318,235
2021-04-30,Marin,041,260295,13969,13895,246,14141,228
2021-04-30,Mariposa,043,17540,422,417,11,428,5
2021-04-30,Mendocino,045,87422,3847,3777,80,3857,46
2021-04-30,Merced,047,269075,30674,30740,1038,31778,444
2021-04-30,Modoc,049,8938,369,360,121,481,3
2021-04-30,Mono,051,14174,1249,1258,17,1275,3
2021-04-30,Monterey,053,433212,42960,42810,1850,44660,379
2021-04-30,Napa,055,140530,9803,9792,36,9828,81
2021-04-30,Nevada,057,99092,4700,4608,188,4796,70
2021-04-30,Orange,059,3164182,254243,252883,11236,264119,4956
2021-04-30,Placer,061,380077,22741,22190,1420,23610,287
2021-04-30,Plumas,063,18699,691,677,10,687,4
2021-04-30,Riverside,065,2383286,292651,287030,13926,300956,4412
2021-04-30,Sacramento,067,1510023,103656,102864,1673,104537,1596
2021-04-30,San Benito,069,59416,6016,6024,113,6137,63
2021-04-30,San Bernardino,071,2135413,292041,290704,8940,299644,4640
2021-04-30,San Diego,073,3302833,277932,276157,14530,290687,3702
2021-04-30,San Francisco,075,870044,36320,36453,1270,37723,538
2021-04-30,San Joaquin,077,732212,72094,71311,3457,74768,1306
2021-04-30,San Luis Obispo,079,281455,21161,20884,719,21603,255
2021-04-30,San Mateo,081,765935,41930,41583,462,42045,380
2021-04-30,Santa Barbara,083,443738,34215,34061,1132,35193,451
2021-04-30,Santa Clara,085,1922200,117652,118170,744,118914,1988
2021-04-30,Santa Cruz,087,273765,16129,15975,810,16785,207
2021-04-30,Shasta,089,179085,11874,11848,1472,13320,197
2021-04-30,Sierra,091,2930,56,53,12,65,0
2021-04-30,Siskiyou,093,43540,1770,1628,310,1938,11
2021-04-30,Solano,095,438530,32196,32050,507,32557,249
2021-04-30,Sonoma,097,501317,29671,29816,319,30135,318
2021-04-30,Stanislaus,099,539301,55273,54938,5836,60774,774
2021-04-30,Sutter,101,95872,9327,9353,83,9436,110
2021-04-30,Tehama,103,63373,4973,4944,557,5501,53
2021-04-30,Trinity,105,12862,482,326,86,412,3
2021-04-30,Tulare,107,460477,49825,48797,8862,57659,836
2021-04-30,Tuolumne,109,53932,3985,4033,40,4073,61
2021-04-30,Ventura,111,848112,80862,80232,2959,83191,1004
2021-04-30,Yolo,113,214977,13824,13756,285,14041,208
2021-04-30,Yuba,115,75493,5906,5870,121,5991,44
2021-04-29,Alameda,001,1643700,86789,86490,1913,88403,1263
2021-04-29,Alpine,003,1148,87,88,0,88,0
2021-04-29,Amador,005,37829,3648,3649,33,3682,46
2021-04-29,Butte,007,227075,12190,11787,1763,13550,196
2021-04-29,Calaveras,009,45235,2096,2082,13,2095,50
2021-04-29,Colusa,011,21464,1927,1929,293,2222,14
2021-04-29,Contra Costa,013,1133247,68231,67606,1227,68833,795
2021-04-29,Del Norte,015,27424,1330,1271,11,1282,6
2021-04-29,El Dorado,017,186661,10027,9884,721,10605,107
2021-04-29,Fresno,019,978130,101722,101189,8570,109759,1667
2021-04-29,Glenn,021,27897,2389,2369,539,2908,17
2021-04-29,Humboldt,023,135768,3851,3815,31,3846,36
2021-04-29,Imperial,025,180216,28297,28235,2687,30922,720
2021-04-29,Inyo,027,18085,1399,1396,12,1408,36
2021-04-29,Kern,029,883053,96585,95547,10666,106213,1295
2021-04-29,Kings,031,150075,23024,22777,1071,23848,245
2021-04-29,Lake,033,64148,3458,3438,9,3447,43
2021-04-29,Lassen,035,31185,5172,5140,105,5245,1
2021-04-29,Los Angeles,037,10098052,1201153,1192068,40902,1232970,23899
2021-04-29,Madera,039,155013,16491,16383,922,17305,235
2021-04-29,Marin,041,260295,13965,13884,238,14122,228
2021-04-29,Mariposa,043,17540,421,416,11,427,5
2021-04-29,Mendocino,045,87422,3841,3774,80,3854,46
2021-04-29,Merced,047,269075,30655,30706,1037,31743,444
2021-04-29,Modoc,049,8938,369,360,121,481,3
2021-04-29,Mono,051,14174,1246,1259,17,1276,3
2021-04-29,Monterey,053,433212,42943,42797,1849,44646,379
2021-04-29,Napa,055,140530,9789,9789,36,9825,81
2021-04-29,Nevada,057,99092,4689,4590,188,4778,70
2021-04-29,Orange,059,3164182,254173,252823,11221,264044,4934
2021-04-29,Placer,061,380077,22716,22161,1418,23579,286
2021-04-29,Plumas,063,18699,690,676,10,686,4
2021-04-29,Riverside,065,2383286,292583,286947,13923,300870,4409
2021-04-29,Sacramento,067,1510023,103523,102686,1663,104349,1593
2021-04-29,San Benito,069,59416,6015,6023,113,6136,63
2021-04-29,San Bernardino,071,2135413,291969,290606,8935,299541,4609
2021-04-29,San Diego,073,3302833,277781,275961,14513,290474,3700
2021-04-29,San Francisco,075,870044,36295,36412,1270,37682,537
2021-04-29,San Joaquin,077,732212,72028,71225,3452,74677,1301
2021-04-29,San Luis Obispo,079,281455,21150,20876,719,21595,255
2021-04-29,San Mateo,081,765935,41902,41538,461,41999,358
2021-04-29,Santa Barbara,083,443738,34199,34039,1130,35169,448
2021-04-29,Santa Clara,085,1922200,117597,118082,741,118823,1984
2021-04-29,Santa Cruz,087,273765,16123,15961,810,16771,205
2021-04-29,Shasta,089,179085,11843,11836,1464,13300,193
2021-04-29,Sierra,091,2930,56,53,12,65,0
2021-04-29,Siskiyou,093,43540,1761,1615,307,1922,11
2021-04-29,Solano,095,438530,32155,32002,503,32505,248
2021-04-29,Sonoma,097,501317,29656,29785,316,30101,318
2021-04-29,Stanislaus,099,539301,55206,54836,5831,60667,774
2021-04-29,Sutter,101,95872,9320,9346,83,9429,110
2021-04-29,Tehama,103,63373,4965,4939,557,5496,53
2021-04-29,Trinity,105,12862,482,326,86,412,3
2021-04-29,Tulare,107,460477,49807,48785,8850,57635,832
2021-04-29,Tuolumne,109,53932,3984,4030,40,4070,58
2021-04-29,Ventura,111,848112,80828,80188,2957,83145,1002
2021-04-29,Yolo,113,214977,13804,13745,284,14029,205
2021-04-29,Yuba,115,75493,5896,5865,121,5986,44
2021-04-28,Alameda,001,1643700,86717,86390,1909,88299,1260
2021-04-28,Alpine,003,1148,87,88,0,88,0
2021-04-28,Amador,005,37829,3648,3646,33,3679,46
2021-04-28,Butte,007,227075,12170,11762,1758,13520,196
2021-04-28,Calaveras,009,45235,2092,2078,12,2090,50
2021-04-28,Colusa,011,21464,1924,1927,292,2219,14
2021-04-28,Contra Costa,013,1133247,68171,67539,1225,68764,795
2021-04-28,Del Norte,015,27424,1322,1267,11,1278,6
2021-04-28,El Dorado,017,186661,10002,9873,721,10594,107
2021-04-28,Fresno,019,978130,101675,101161,8560,109721,1666
2021-04-28,Glenn,021,27897,2386,2368,539,2907,17
2021-04-28,Humboldt,023,135768,3835,3796,31,3827,36
2021-04-28,Imperial,025,180216,28283,28177,2686,30863,720
2021-04-28,Inyo,027,18085,1399,1396,11,1407,36
2021-04-28,Kern,029,883053,96556,95494,10657,106151,1295
2021-04-28,Kings,031,150075,23012,22767,1069,23836,245
2021-04-28,Lake,033,64148,3455,3433,9,3442,43
2021-04-28,Lassen,035,31185,5172,5138,105,5243,1
2021-04-28,Los Angeles,037,10098052,1200854,1191729,40875,1232604,23858
2021-04-28,Madera,039,155013,16487,16372,922,17294,235
2021-04-28,Marin,041,260295,13954,13866,238,14104,227
2021-04-28,Mariposa,043,17540,418,415,11,426,5
2021-04-28,Mendocino,045,87422,3835,3770,78,3848,46
2021-04-28,Merced,047,269075,30637,30649,1037,31686,443
2021-04-28,Modoc,049,8938,369,360,121,481,3
2021-04-28,Mono,051,14174,1246,1258,17,1275,3
2021-04-28,Monterey,053,433212,42938,42776,1849,44625,379
2021-04-28,Napa,055,140530,9778,9777,36,9813,81
2021-04-28,Nevada,057,99092,4669,4570,188,4758,70
2021-04-28,Orange,059,3164182,254093,252747,11208,263955,4931
2021-04-28,Placer,061,380077,22689,22115,1417,23532,285
2021-04-28,Plumas,063,18699,690,676,10,686,4
2021-04-28,Riverside,065,2383286,292527,286868,13917,300785,4407
2021-04-28,Sacramento,067,1510023,103401,102613,1659,104272,1591
2021-04-28,San Benito,069,59416,6013,6021,113,6134,63
2021-04-28,San Bernardino,071,2135413,291890,290548,8925,299473,4582
2021-04-28,San Diego,073,3302833,277627,275821,14499,290320,3698
2021-04-28,San Francisco,075,870044,36265,36382,1269,37651,534
2021-04-28,San Joaquin,077,732212,71948,71171,3444,74615,1301
2021-04-28,San Luis Obispo,079,281455,21142,20851,719,21570,255
2021-04-28,San Mateo,081,765935,41877,41498,459,41957,358
2021-04-28,Santa Barbara,083,443738,34185,34003,1130,35133,448
2021-04-28,Santa Clara,085,1922200,117528,117997,739,118736,1969
2021-04-28,Santa Cruz,087,273765,16119,15943,809,16752,205
2021-04-28,Shasta,089,179085,11827,11815,1457,13272,192
2021-04-28,Sierra,091,2930,56,51,12,63,0
2021-04-28,Siskiyou,093,43540,1748,1603,304,1907,11
2021-04-28,Solano,095,438530,32123,31982,498,32480,248
2021-04-28,Sonoma,097,501317,29642,29773,312,30085,318
2021-04-28,Stanislaus,099,539301,55151,54745,5828,60573,774
2021-04-28,Sutter,101,95872,9315,9343,83,9426,110
2021-04-28,Tehama,103,63373,4960,4930,556,5486,53
2021-04-28,Trinity,105,12862,482,326,86,412,3
2021-04-28,Tulare,107,460477,49789,48754,8835,57589,832
2021-04-28,Tuolumne,109,53932,3981,4029,40,4069,58
2021-04-28,Ventura,111,848112,80793,80172,2955,83127,1000
2021-04-28,Yolo,113,214977,13790,13721,283,14004,205
2021-04-28,Yuba,115,75493,5890,5857,121,5978,44
2021-04-27,Alameda,001,1643700,86627,86301,1903,88204,1260
2021-04-27,Alpine,003,1148,87,88,0,88,0
2021-04-27,Amador,005,37829,3648,3645,33,3678,46
2021-04-27,Butte,007,227075,12145,11738,1752,13490,196
2021-04-27,Calaveras,009,45235,2090,2076,12,2088,50
2021-04-27,Colusa,011,21464,1923,1926,292,2218,14
2021-04-27,Contra Costa,013,1133247,68102,67470,1221,68691,791
2021-04-27,Del Norte,015,27424,1310,1266,11,1277,6
2021-04-27,El Dorado,017,186661,9973,9866,718,10584,106
2021-04-27,Fresno,019,978130,101610,101138,8550,109688,1663
2021-04-27,Glenn,021,27897,2386,2368,539,2907,17
2021-04-27,Humboldt,023,135768,3823,3780,31,3811,35
2021-04-27,Imperial,025,180216,28267,28149,2680,30829,720
2021-04-27,Inyo,027,18085,1399,1396,11,1407,36
2021-04-27,Kern,029,883053,96499,95466,10646,106112,1295
2021-04-27,Kings,031,150075,22997,22759,1067,23826,244
2021-04-27,Lake,033,64148,3454,3431,9,3440,43
2021-04-27,Lassen,035,31185,5172,5137,105,5242,1
2021-04-27,Los Angeles,037,10098052,1200529,1191504,40845,1232349,23825
2021-04-27,Madera,039,155013,16480,16365,922,17287,235
2021-04-27,Marin,041,260295,13932,13855,238,14093,227
2021-04-27,Mariposa,043,17540,417,413,11,424,5
2021-04-27,Mendocino,045,87422,3831,3765,78,3843,46
2021-04-27,Merced,047,269075,30596,30620,1037,31657,443
2021-04-27,Modoc,049,8938,368,360,121,481,3
2021-04-27,Mono,051,14174,1246,1257,17,1274,3
2021-04-27,Monterey,053,433212,42920,42752,1846,44598,379
2021-04-27,Napa,055,140530,9771,9774,34,9808,81
2021-04-27,Nevada,057,99092,4654,4557,188,4745,70
2021-04-27,Orange,059,3164182,254023,252667,11203,263870,4925
2021-04-27,Placer,061,380077,22660,22050,1413,23463,285
2021-04-27,Plumas,063,18699,689,675,10,685,4
2021-04-27,Riverside,065,2383286,292451,286820,13913,300733,4405
2021-04-27,Sacramento,067,1510023,103272,102595,1649,104244,1589
2021-04-27,San Benito,069,59416,6008,6016,113,6129,63
2021-04-27,San Bernardino,071,2135413,291821,290461,8920,299381,4575
2021-04-27,San Diego,073,3302833,277470,275685,14479,290164,3692
2021-04-27,San Francisco,075,870044,36237,36358,1268,37626,533
2021-04-27,San Joaquin,077,732212,71895,71104,3438,74542,1301
2021-04-27,San Luis Obispo,079,281455,21135,20841,719,21560,255
2021-04-27,San Mateo,081,765935,41842,41474,458,41932,358
2021-04-27,Santa Barbara,083,443738,34161,33973,1129,35102,448
2021-04-27,Santa Clara,085,1922200,117478,117945,738,118683,1969
2021-04-27,Santa Cruz,087,273765,16112,15905,808,16713,205
2021-04-27,Shasta,089,179085,11799,11802,1450,13252,192
2021-04-27,Sierra,091,2930,56,51,12,63,0
2021-04-27,Siskiyou,093,43540,1733,1597,303,1900,11
2021-04-27,Solano,095,438530,32075,31964,497,32461,248
2021-04-27,Sonoma,097,501317,29624,29761,311,30072,318
2021-04-27,Stanislaus,099,539301,55081,54695,5820,60515,752
2021-04-27,Sutter,101,95872,9310,9342,83,9425,110
2021-04-27,Tehama,103,63373,4957,4922,552,5474,53
2021-04-27,Trinity,105,12862,482,326,86,412,3
2021-04-27,Tulare,107,460477,49773,48744,8826,57570,832
2021-04-27,Tuolumne,109,53932,3978,4028,40,4068,58
2021-04-27,Ventura,111,848112,80764,80152,2953,83105,1000
2021-04-27,Yolo,113,214977,13777,13697,281,13978,205
2021-04-27,Yuba,115,75493,5890,5853,121,5974,44
2021-04-26,Alameda,001,1643700,86533,86230,1900,88130,1256
2021-04-26,Alpine,003,1148,87,88,0,88,0
2021-04-26,Amador,005,37829,3647,3645,33,3678,46
2021-04-26,Butte,007,227075,12121,11720,1748,13468,196
2021-04-26,Calaveras,009,45235,2084,2074,12,2086,50
2021-04-26,Colusa,011,21464,1923,1925,291,2216,14
2021-04-26,Contra Costa,013,1133247,68035,67392,1217,68609,789
2021-04-26,Del Norte,015,27424,1301,1263,11,1274,6
2021-04-26,El Dorado,017,186661,9952,9849,717,10566,106
2021-04-26,Fresno,019,978130,101555,101099,8537,109636,1662
2021-04-26,Glenn,021,27897,2384,2367,539,2906,17
2021-04-26,Humboldt,023,135768,3813,3764,30,3794,35
2021-04-26,Imperial,025,180216,28254,28148,2677,30825,720
2021-04-26,Inyo,027,18085,1398,1396,11,1407,36
2021-04-26,Kern,029,883053,96472,95429,10640,106069,1295
2021-04-26,Kings,031,150075,22994,22756,1064,23820,244
2021-04-26,Lake,033,64148,3449,3428,9,3437,43
2021-04-26,Lassen,035,31185,5172,5138,105,5243,1
2021-04-26,Los Angeles,037,10098052,1200199,1191253,40826,1232079,23802
2021-04-26,Madera,039,155013,16468,16353,921,17274,231
2021-04-26,Marin,041,260295,13917,13849,238,14087,227
2021-04-26,Mariposa,043,17540,416,410,11,421,5
2021-04-26,Mendocino,045,87422,3829,3757,77,3834,46
2021-04-26,Merced,047,269075,30579,30611,1034,31645,443
2021-04-26,Modoc,049,8938,368,360,121,481,3
2021-04-26,Mono,051,14174,1246,1258,17,1275,3
2021-04-26,Monterey,053,433212,42904,42740,1845,44585,379
2021-04-26,Napa,055,140530,9759,9769,34,9803,79
2021-04-26,Nevada,057,99092,4633,4548,188,4736,70
2021-04-26,Orange,059,3164182,253939,252592,11192,263784,4919
2021-04-26,Placer,061,380077,22632,22032,1408,23440,285
2021-04-26,Plumas,063,18699,689,670,10,680,4
2021-04-26,Riverside,065,2383286,292389,286724,13905,300629,4401
2021-04-26,Sacramento,067,1510023,103100,102459,1636,104095,1587
2021-04-26,San Benito,069,59416,6006,6013,113,6126,63
2021-04-26,San Bernardino,071,2135413,291770,290394,8919,299313,4572
2021-04-26,San Diego,073,3302833,277295,275541,14451,289992,3692
2021-04-26,San Francisco,075,870044,36209,36330,1267,37597,532
2021-04-26,San Joaquin,077,732212,71829,71050,3430,74480,1301
2021-04-26,San Luis Obispo,079,281455,21127,20830,718,21548,255
2021-04-26,San Mateo,081,765935,41812,41457,458,41915,357
2021-04-26,Santa Barbara,083,443738,34130,33948,1129,35077,448
2021-04-26,Santa Clara,085,1922200,117378,117874,735,118609,1968
2021-04-26,Santa Cruz,087,273765,16103,15877,808,16685,205
2021-04-26,Shasta,089,179085,11782,11787,1444,13231,192
2021-04-26,Sierra,091,2930,55,51,12,63,0
2021-04-26,Siskiyou,093,43540,1723,1592,300,1892,11
2021-04-26,Solano,095,438530,32030,31913,495,32408,247
2021-04-26,Sonoma,097,501317,29601,29755,309,30064,318
2021-04-26,Stanislaus,099,539301,54991,54638,5814,60452,744
2021-04-26,Sutter,101,95872,9305,9328,83,9411,110
2021-04-26,Tehama,103,63373,4952,4920,549,5469,53
2021-04-26,Trinity,105,12862,482,326,86,412,3
2021-04-26,Tulare,107,460477,49753,48735,8817,57552,831
2021-04-26,Tuolumne,109,53932,3977,4024,40,4064,58
2021-04-26,Ventura,111,848112,80739,80137,2950,83087,999
2021-04-26,Yolo,113,214977,13757,13684,278,13962,205
2021-04-26,Yuba,115,75493,5888,5851,121,5972,44
2021-04-25,Alameda,001,1643700,86432,86162,1893,88055,1256
2021-04-25,Alpine,003,1148,87,87,0,87,0
2021-04-25,Amador,005,37829,3646,3643,33,3676,46
2021-04-25,Butte,007,227075,12092,11709,1741,13450,196
2021-04-25,Calaveras,009,45235,2079,2072,11,2083,50
2021-04-25,Colusa,011,21464,1922,1924,291,2215,14
2021-04-25,Contra Costa,013,1133247,67943,67316,1216,68532,789
2021-04-25,Del Norte,015,27424,1295,1259,11,1270,6
2021-04-25,El Dorado,017,186661,9935,9837,715,10552,106
2021-04-25,Fresno,019,978130,101496,101061,8525,109586,1662
2021-04-25,Glenn,021,27897,2384,2366,539,2905,17
2021-04-25,Humboldt,023,135768,3800,3751,30,3781,35
2021-04-25,Imperial,025,180216,28228,28136,2674,30810,720
2021-04-25,Inyo,027,18085,1398,1396,11,1407,36
2021-04-25,Kern,029,883053,96406,95398,10627,106025,1295
2021-04-25,Kings,031,150075,22980,22755,1062,23817,244
2021-04-25,Lake,033,64148,3447,3427,9,3436,43
2021-04-25,Lassen,035,31185,5170,5138,105,5243,1
2021-04-25,Los Angeles,037,10098052,1199862,1190970,40806,1231776,23799
2021-04-25,Madera,039,155013,16456,16346,921,17267,231
2021-04-25,Marin,041,260295,13908,13852,238,14090,227
2021-04-25,Mariposa,043,17540,416,410,11,421,5
2021-04-25,Mendocino,045,87422,3822,3757,77,3834,46
2021-04-25,Merced,047,269075,30545,30586,1033,31619,443
2021-04-25,Modoc,049,8938,368,360,121,481,3
2021-04-25,Mono,051,14174,1246,1257,17,1274,3
2021-04-25,Monterey,053,433212,42891,42737,1843,44580,379
2021-04-25,Napa,055,140530,9754,9762,34,9796,79
2021-04-25,Nevada,057,99092,4621,4536,188,4724,70
2021-04-25,Orange,059,3164182,253863,252531,11185,263716,4919
2021-04-25,Placer,061,380077,22586,22011,1400,23411,285
2021-04-25,Plumas,063,18699,688,670,10,680,4
2021-04-25,Riverside,065,2383286,292295,286651,13899,300550,4401
2021-04-25,Sacramento,067,1510023,102932,102319,1626,103945,1587
2021-04-25,San Benito,069,59416,6004,6014,112,6126,63
2021-04-25,San Bernardino,071,2135413,291695,290357,8911,299268,4571
2021-04-25,San Diego,073,3302833,277082,275412,14418,289830,3692
2021-04-25,San Francisco,075,870044,36178,36310,1267,37577,532
2021-04-25,San Joaquin,077,732212,71734,70987,3420,74407,1301
2021-04-25,San Luis Obispo,079,281455,21108,20820,716,21536,255
2021-04-25,San Mateo,081,765935,41777,41465,457,41922,356
2021-04-25,Santa Barbara,083,443738,34104,33931,1129,35060,448
2021-04-25,Santa Clara,085,1922200,117299,117778,733,118511,1968
2021-04-25,Santa Cruz,087,273765,16097,15868,806,16674,205
2021-04-25,Shasta,089,179085,11759,11784,1439,13223,192
2021-04-25,Sierra,091,2930,55,51,12,63,0
2021-04-25,Siskiyou,093,43540,1712,1580,298,1878,11
2021-04-25,Solano,095,438530,31983,31864,487,32351,247
2021-04-25,Sonoma,097,501317,29583,29756,309,30065,318
2021-04-25,Stanislaus,099,539301,54895,54543,5806,60349,744
2021-04-25,Sutter,101,95872,9299,9326,83,9409,110
2021-04-25,Tehama,103,63373,4948,4916,547,5463,53
2021-04-25,Trinity,105,12862,482,326,86,412,3
2021-04-25,Tulare,107,460477,49737,48728,8803,57531,831
2021-04-25,Tuolumne,109,53932,3975,4022,40,4062,58
2021-04-25,Ventura,111,848112,80715,80110,2950,83060,999
2021-04-25,Yolo,113,214977,13732,13667,276,13943,205
2021-04-25,Yuba,115,75493,5885,5849,120,5969,44
2021-04-24,Alameda,001,1643700,86377,86016,1891,87907,1257
2021-04-24,Alpine,003,1148,87,86,0,86,0
2021-04-24,Amador,005,37829,3645,3640,33,3673,46
2021-04-24,Butte,007,227075,12076,11678,1739,13417,196
2021-04-24,Calaveras,009,45235,2075,2067,11,2078,50
2021-04-24,Colusa,011,21464,1921,1921,291,2212,14
2021-04-24,Contra Costa,013,1133247,67873,67222,1214,68436,789
2021-04-24,Del Norte,015,27424,1290,1255,11,1266,6
2021-04-24,El Dorado,017,186661,9924,9814,714,10528,106
2021-04-24,Fresno,019,978130,101465,100991,8519,109510,1662
2021-04-24,Glenn,021,27897,2384,2363,539,2902,17
2021-04-24,Humboldt,023,135768,3786,3722,30,3752,35
2021-04-24,Imperial,025,180216,28221,28124,2673,30797,720
2021-04-24,Inyo,027,18085,1397,1396,11,1407,36
2021-04-24,Kern,029,883053,96387,95365,10617,105982,1295
2021-04-24,Kings,031,150075,22977,22749,1062,23811,244
2021-04-24,Lake,033,64148,3446,3426,9,3435,43
2021-04-24,Lassen,035,31185,5169,5137,105,5242,1
2021-04-24,Los Angeles,037,10098052,1199632,1190603,40790,1231393,23802
2021-04-24,Madera,039,155013,16453,16338,921,17259,231
2021-04-24,Marin,041,260295,13900,13847,238,14085,227
2021-04-24,Mariposa,043,17540,416,409,11,420,5
2021-04-24,Mendocino,045,87422,3820,3754,75,3829,46
2021-04-24,Merced,047,269075,30525,30559,1033,31592,443
2021-04-24,Modoc,049,8938,368,360,121,481,3
2021-04-24,Mono,051,14174,1246,1256,17,1273,3
2021-04-24,Monterey,053,433212,42879,42727,1842,44569,379
2021-04-24,Napa,055,140530,9748,9756,34,9790,79
2021-04-24,Nevada,057,99092,4614,4522,188,4710,70
2021-04-24,Orange,059,3164182,253819,252441,11179,263620,4910
2021-04-24,Placer,061,380077,22573,21983,1399,23382,285
2021-04-24,Plumas,063,18699,687,670,10,680,4
2021-04-24,Riverside,065,2383286,292227,286552,13895,300447,4400
2021-04-24,Sacramento,067,1510023,102849,102179,1619,103798,1587
2021-04-24,San Benito,069,59416,6002,6007,112,6119,63
2021-04-24,San Bernardino,071,2135413,291646,290264,8910,299174,4568
2021-04-24,San Diego,073,3302833,276979,275252,14398,289650,3688
2021-04-24,San Francisco,075,870044,36149,36285,1263,37548,532
2021-04-24,San Joaquin,077,732212,71691,70911,3417,74328,1301
2021-04-24,San Luis Obispo,079,281455,21098,20797,715,21512,255
2021-04-24,San Mateo,081,765935,41764,41424,455,41879,355
2021-04-24,Santa Barbara,083,443738,34089,33911,1128,35039,448
2021-04-24,Santa Clara,085,1922200,117244,117674,731,118405,1968
2021-04-24,Santa Cruz,087,273765,16089,15840,806,16646,205
2021-04-24,Shasta,089,179085,11741,11770,1436,13206,192
2021-04-24,Sierra,091,2930,55,51,12,63,0
2021-04-24,Siskiyou,093,43540,1702,1574,297,1871,11
2021-04-24,Solano,095,438530,31960,31821,484,32305,247
2021-04-24,Sonoma,097,501317,29581,29739,309,30048,318
2021-04-24,Stanislaus,099,539301,54846,54455,5803,60258,744
2021-04-24,Sutter,101,95872,9296,9316,83,9399,110
2021-04-24,Tehama,103,63373,4943,4907,547,5454,53
2021-04-24,Trinity,105,12862,482,326,86,412,3
2021-04-24,Tulare,107,460477,49726,48705,8793,57498,830
2021-04-24,Tuolumne,109,53932,3971,4020,40,4060,58
2021-04-24,Ventura,111,848112,80702,80097,2948,83045,999
2021-04-24,Yolo,113,214977,13721,13653,276,13929,205
2021-04-24,Yuba,115,75493,5883,5837,120,5957,44
2021-04-23,Alameda,001,1643700,86303,85935,1888,87823,1256
2021-04-23,Alpine,003,1148,86,86,0,86,0
2021-04-23,Amador,005,37829,3644,3637,33,3670,46
2021-04-23,Butte,007,227075,12055,11672,1734,13406,196
2021-04-23,Calaveras,009,45235,2072,2064,11,2075,50
2021-04-23,Colusa,011,21464,1920,1921,291,2212,14
2021-04-23,Contra Costa,013,1133247,67819,67164,1212,68376,785
2021-04-23,Del Norte,015,27424,1289,1254,11,1265,6
2021-04-23,El Dorado,017,186661,9906,9788,711,10499,106
2021-04-23,Fresno,019,978130,101424,100928,8513,109441,1662
2021-04-23,Glenn,021,27897,2384,2361,538,2899,17
2021-04-23,Humboldt,023,135768,3776,3698,30,3728,35
2021-04-23,Imperial,025,180216,28206,28108,2672,30780,720
2021-04-23,Inyo,027,18085,1397,1395,11,1406,36
2021-04-23,Kern,029,883053,96362,95330,10611,105941,1295
2021-04-23,Kings,031,150075,22974,22735,1062,23797,244
2021-04-23,Lake,033,64148,3444,3425,9,3434,43
2021-04-23,Lassen,035,31185,5169,5141,105,5246,1
2021-04-23,Los Angeles,037,10098052,1199366,1190264,40765,1231029,23785
2021-04-23,Madera,039,155013,16444,16328,921,17249,231
2021-04-23,Marin,041,260295,13895,13838,238,14076,227
2021-04-23,Mariposa,043,17540,415,405,11,416,5
2021-04-23,Mendocino,045,87422,3818,3745,74,3819,46
2021-04-23,Merced,047,269075,30508,30530,1032,31562,443
2021-04-23,Modoc,049,8938,368,360,121,481,3
2021-04-23,Mono,051,14174,1244,1256,17,1273,3
2021-04-23,Monterey,053,433212,42873,42722,1842,44564,377
2021-04-23,Napa,055,140530,9743,9752,34,9786,79
2021-04-23,Nevada,057,99092,4605,4510,188,4698,70
2021-04-23,Orange,059,3164182,253775,252399,11172,263571,4904
2021-04-23,Placer,061,380077,22550,21959,1398,23357,282
2021-04-23,Plumas,063,18699,686,670,10,680,4
2021-04-23,Riverside,065,2383286,292168,286456,13890,300346,4399
2021-04-23,Sacramento,067,1510023,102762,102041,1616,103657,1586
2021-04-23,San Benito,069,59416,6000,6005,112,6117,63
2021-04-23,San Bernardino,071,2135413,291595,290189,8909,299098,4568
2021-04-23,San Diego,073,3302833,276840,275097,14375,289472,3684
2021-04-23,San Francisco,075,870044,36133,36252,1262,37514,532
2021-04-23,San Joaquin,077,732212,71635,70840,3414,74254,1295
2021-04-23,San Luis Obispo,079,281455,21089,20781,714,21495,255
2021-04-23,San Mateo,081,765935,41738,41386,455,41841,355
2021-04-23,Santa Barbara,083,443738,34079,33895,1126,35021,447
2021-04-23,Santa Clara,085,1922200,117182,117593,730,118323,1965
2021-04-23,Santa Cruz,087,273765,16082,15802,806,16608,205
2021-04-23,Shasta,089,179085,11734,11759,1435,13194,192
2021-04-23,Sierra,091,2930,55,51,12,63,0
2021-04-23,Siskiyou,093,43540,1690,1567,296,1863,11
2021-04-23,Solano,095,438530,31928,31784,480,32264,247
2021-04-23,Sonoma,097,501317,29567,29727,309,30036,318
2021-04-23,Stanislaus,099,539301,54784,54391,5795,60186,744
2021-04-23,Sutter,101,95872,9294,9312,83,9395,110
2021-04-23,Tehama,103,63373,4940,4906,547,5453,53
2021-04-23,Trinity,105,12862,482,326,86,412,3
2021-04-23,Tulare,107,460477,49709,48694,8785,57479,829
2021-04-23,Tuolumne,109,53932,3970,4020,40,4060,58
2021-04-23,Ventura,111,848112,80683,80095,2948,83043,996
2021-04-23,Yolo,113,214977,13710,13647,275,13922,205
2021-04-23,Yuba,115,75493,5880,5828,120,5948,44
2021-04-22,Alameda,001,1643700,86213,85829,1887,87716,1253
2021-04-22,Alpine,003,1148,86,86,0,86,0
2021-04-22,Amador,005,37829,3643,3633,33,3666,46
2021-04-22,Butte,007,227075,12041,11656,1731,13387,196
2021-04-22,Calaveras,009,45235,2070,2059,11,2070,50
2021-04-22,Colusa,011,21464,1918,1920,289,2209,14
2021-04-22,Contra Costa,013,1133247,67747,67029,1207,68236,782
2021-04-22,Del Norte,015,27424,1284,1252,11,1263,6
2021-04-22,El Dorado,017,186661,9894,9773,708,10481,106
2021-04-22,Fresno,019,978130,101379,100864,8502,109366,1657
2021-04-22,Glenn,021,27897,2383,2361,538,2899,17
2021-04-22,Humboldt,023,135768,3767,3680,30,3710,35
2021-04-22,Imperial,025,180216,28185,28096,2669,30765,720
2021-04-22,Inyo,027,18085,1396,1394,11,1405,36
2021-04-22,Kern,029,883053,96319,95292,10595,105887,1299
2021-04-22,Kings,031,150075,22964,22725,1062,23787,243
2021-04-22,Lake,033,64148,3442,3423,9,3432,43
2021-04-22,Lassen,035,31185,5169,5155,105,5260,1
2021-04-22,Los Angeles,037,10098052,1199045,1189878,40744,1230622,23762
2021-04-22,Madera,039,155013,16425,16316,921,17237,231
2021-04-22,Marin,041,260295,13887,13832,238,14070,227
2021-04-22,Mariposa,043,17540,414,403,11,414,5
2021-04-22,Mendocino,045,87422,3812,3729,74,3803,46
2021-04-22,Merced,047,269075,30473,30490,1031,31521,443
2021-04-22,Modoc,049,8938,368,360,121,481,3
2021-04-22,Mono,051,14174,1244,1254,17,1271,3
2021-04-22,Monterey,053,433212,42866,42708,1840,44548,377
2021-04-22,Napa,055,140530,9733,9734,34,9768,79
2021-04-22,Nevada,057,99092,4595,4504,186,4690,70
2021-04-22,Orange,059,3164182,253702,252307,11159,263466,4898
2021-04-22,Placer,061,380077,22519,21916,1394,23310,282
2021-04-22,Plumas,063,18699,685,670,10,680,4
2021-04-22,Riverside,065,2383286,292069,286362,13881,300243,4398
2021-04-22,Sacramento,067,1510023,102613,101870,1607,103477,1585
2021-04-22,San Benito,069,59416,5996,5998,112,6110,63
2021-04-22,San Bernardino,071,2135413,291525,290125,8900,299025,4571
2021-04-22,San Diego,073,3302833,276674,275913,14353,290266,3684
2021-04-22,San Francisco,075,870044,36110,36218,1259,37477,532
2021-04-22,San Joaquin,077,732212,71576,70751,3407,74158,1295
2021-04-22,San Luis Obispo,079,281455,21075,20761,714,21475,255
2021-04-22,San Mateo,081,765935,41712,41345,453,41798,355
2021-04-22,Santa Barbara,083,443738,34056,33870,1125,34995,446
2021-04-22,Santa Clara,085,1922200,117094,117457,726,118183,1954
2021-04-22,Santa Cruz,087,273765,16079,15737,805,16542,205
2021-04-22,Shasta,089,179085,11719,11738,1433,13171,192
2021-04-22,Sierra,091,2930,55,51,12,63,0
2021-04-22,Siskiyou,093,43540,1686,1564,295,1859,11
2021-04-22,Solano,095,438530,31882,31731,477,32208,247
2021-04-22,Sonoma,097,501317,29552,29705,305,30010,318
2021-04-22,Stanislaus,099,539301,54711,54313,5789,60102,744
2021-04-22,Sutter,101,95872,9290,9302,83,9385,110
2021-04-22,Tehama,103,63373,4934,4896,543,5439,53
2021-04-22,Trinity,105,12862,482,326,86,412,3
2021-04-22,Tulare,107,460477,49689,48669,8776,57445,828
2021-04-22,Tuolumne,109,53932,3966,4020,40,4060,58
2021-04-22,Ventura,111,848112,80657,80073,2946,83019,996
2021-04-22,Yolo,113,214977,13689,13616,275,13891,205
2021-04-22,Yuba,115,75493,5870,5825,120,5945,44
2021-04-21,Alameda,001,1643700,86134,85762,1885,87647,1249
2021-04-21,Alpine,003,1148,86,86,0,86,0
2021-04-21,Amador,005,37829,3640,3632,33,3665,46
2021-04-21,Butte,007,227075,12021,11643,1729,13372,196
2021-04-21,Calaveras,009,45235,2062,2057,11,2068,50
2021-04-21,Colusa,011,21464,1916,1920,288,2208,14
2021-04-21,Contra Costa,013,1133247,67681,66981,1206,68187,782
2021-04-21,Del Norte,015,27424,1280,1252,11,1263,6
2021-04-21,El Dorado,017,186661,9877,9760,705,10465,106
2021-04-21,Fresno,019,978130,101323,100838,8496,109334,1654
2021-04-21,Glenn,021,27897,2382,2361,538,2899,17
2021-04-21,Humboldt,023,135768,3748,3642,30,3672,35
2021-04-21,Imperial,025,180216,28173,28052,2668,30720,719
2021-04-21,Inyo,027,18085,1396,1392,11,1403,36
2021-04-21,Kern,029,883053,96273,95257,10585,105842,1297
2021-04-21,Kings,031,150075,22957,22713,1061,23774,243
2021-04-21,Lake,033,64148,3439,3421,9,3430,43
2021-04-21,Lassen,035,31185,5168,5156,105,5261,1
2021-04-21,Los Angeles,037,10098052,1198703,1189530,40725,1230255,23729
2021-04-21,Madera,039,155013,16420,16309,921,17230,231
2021-04-21,Marin,041,260295,13872,13822,238,14060,227
2021-04-21,Mariposa,043,17540,413,402,11,413,5
2021-04-21,Mendocino,045,87422,3810,3729,74,3803,46
2021-04-21,Merced,047,269075,30453,30471,1029,31500,442
2021-04-21,Modoc,049,8938,368,360,121,481,3
2021-04-21,Mono,051,14174,1244,1254,17,1271,3
2021-04-21,Monterey,053,433212,42851,42699,1838,44537,377
2021-04-21,Napa,055,140530,9727,9727,34,9761,79
2021-04-21,Nevada,057,99092,4581,4499,186,4685,70
2021-04-21,Orange,059,3164182,253626,252243,11146,263389,4889
2021-04-21,Placer,061,380077,22488,21896,1389,23285,282
2021-04-21,Plumas,063,18699,685,670,10,680,4
2021-04-21,Riverside,065,2383286,291975,286299,13874,300173,4388
2021-04-21,Sacramento,067,1510023,102484,101803,1601,103404,1579
2021-04-21,San Benito,069,59416,5993,5998,112,6110,63
2021-04-21,San Bernardino,071,2135413,291449,290049,8898,298947,4572
2021-04-21,San Diego,073,3302833,276465,275632,14315,289947,3681
2021-04-21,San Francisco,075,870044,36090,36194,1258,37452,529
2021-04-21,San Joaquin,077,732212,71521,70687,3397,74084,1295
2021-04-21,San Luis Obispo,079,281455,21060,20724,713,21437,255
2021-04-21,San Mateo,081,765935,41681,41318,452,41770,355
2021-04-21,Santa Barbara,083,443738,34037,33830,1124,34954,445
2021-04-21,Santa Clara,085,1922200,117016,117318,720,118038,1946
2021-04-21,Santa Cruz,087,273765,16070,15698,805,16503,204
2021-04-21,Shasta,089,179085,11700,11722,1431,13153,192
2021-04-21,Sierra,091,2930,55,51,12,63,0
2021-04-21,Siskiyou,093,43540,1679,1557,295,1852,11
2021-04-21,Solano,095,438530,31843,31712,476,32188,244
2021-04-21,Sonoma,097,501317,29540,29697,303,30000,318
2021-04-21,Stanislaus,099,539301,54650,54290,5783,60073,742
2021-04-21,Sutter,101,95872,9282,9297,83,9380,110
2021-04-21,Tehama,103,63373,4927,4893,542,5435,53
2021-04-21,Trinity,105,12862,482,326,86,412,3
2021-04-21,Tulare,107,460477,49674,48653,8763,57416,828
2021-04-21,Tuolumne,109,53932,3963,4019,40,4059,58
2021-04-21,Ventura,111,848112,80625,80039,2943,82982,996
2021-04-21,Yolo,113,214977,13669,13606,274,13880,200
2021-04-21,Yuba,115,75493,5863,5822,119,5941,44
2021-04-20,Alameda,001,1643700,86039,85652,1883,87535,1248
2021-04-20,Alpine,003,1148,85,85,0,85,0
2021-04-20,Amador,005,37829,3639,3631,33,3664,46
2021-04-20,Butte,007,227075,12002,11619,1727,13346,196
2021-04-20,Calaveras,009,45235,2061,2053,11,2064,50
2021-04-20,Colusa,011,21464,1916,1915,287,2202,14
2021-04-20,Contra Costa,013,1133247,67597,66889,1203,68092,782
2021-04-20,Del Norte,015,27424,1279,1250,11,1261,6
2021-04-20,El Dorado,017,186661,9849,9743,703,10446,106
2021-04-20,Fresno,019,978130,101265,100768,8486,109254,1650
2021-04-20,Glenn,021,27897,2380,2359,537,2896,17
2021-04-20,Humboldt,023,135768,3730,3612,30,3642,35
2021-04-20,Imperial,025,180216,28154,28024,2664,30688,719
2021-04-20,Inyo,027,18085,1396,1393,11,1404,36
2021-04-20,Kern,029,883053,96237,95223,10568,105791,1295
2021-04-20,Kings,031,150075,22951,22693,1058,23751,243
2021-04-20,Lake,033,64148,3437,3418,9,3427,43
2021-04-20,Lassen,035,31185,5168,5155,105,5260,1
2021-04-20,Los Angeles,037,10098052,1198356,1189256,40695,1229951,23694
2021-04-20,Madera,039,155013,16414,16301,921,17222,231
2021-04-20,Marin,041,260295,13858,13807,238,14045,227
2021-04-20,Mariposa,043,17540,412,402,11,413,5
2021-04-20,Mendocino,045,87422,3809,3726,74,3800,46
2021-04-20,Merced,047,269075,30426,30439,1028,31467,441
2021-04-20,Modoc,049,8938,368,359,121,480,3
2021-04-20,Mono,051,14174,1243,1254,17,1271,3
2021-04-20,Monterey,053,433212,42840,42663,1835,44498,363
2021-04-20,Napa,055,140530,9723,9711,34,9745,79
2021-04-20,Nevada,057,99092,4563,4485,186,4671,70
2021-04-20,Orange,059,3164182,253536,252134,11134,263268,4887
2021-04-20,Placer,061,380077,22454,21846,1385,23231,282
2021-04-20,Plumas,063,18699,684,670,10,680,4
2021-04-20,Riverside,065,2383286,291878,286194,13869,300063,4388
2021-04-20,Sacramento,067,1510023,102346,101629,1593,103222,1574
2021-04-20,San Benito,069,59416,5990,5988,112,6100,63
2021-04-20,San Bernardino,071,2135413,291369,289905,8896,298801,4569
2021-04-20,San Diego,073,3302833,276234,275369,14282,289651,3674
2021-04-20,San Francisco,075,870044,36071,36117,1257,37374,529
2021-04-20,San Joaquin,077,732212,71448,70590,3388,73978,1289
2021-04-20,San Luis Obispo,079,281455,21037,20691,705,21396,254
2021-04-20,San Mateo,081,765935,41650,41251,452,41703,355
2021-04-20,Santa Barbara,083,443738,34018,33803,1124,34927,445
2021-04-20,Santa Clara,085,1922200,116918,117228,716,117944,1944
2021-04-20,Santa Cruz,087,273765,16058,15647,805,16452,204
2021-04-20,Shasta,089,179085,11684,11677,1428,13105,189
2021-04-20,Sierra,091,2930,55,51,12,63,0
2021-04-20,Siskiyou,093,43540,1671,1551,294,1845,10
2021-04-20,Solano,095,438530,31788,31673,472,32145,243
2021-04-20,Sonoma,097,501317,29531,29676,301,29977,311
2021-04-20,Stanislaus,099,539301,54585,54236,5770,60006,735
2021-04-20,Sutter,101,95872,9278,9279,83,9362,109
2021-04-20,Tehama,103,63373,4922,4887,541,5428,52
2021-04-20,Trinity,105,12862,482,326,86,412,3
2021-04-20,Tulare,107,460477,49651,48650,8755,57405,831
2021-04-20,Tuolumne,109,53932,3963,4014,40,4054,58
2021-04-20,Ventura,111,848112,80597,80018,2941,82959,995
2021-04-20,Yolo,113,214977,13649,13581,273,13854,200
2021-04-20,Yuba,115,75493,5853,5814,119,5933,44
2021-04-19,Alameda,001,1643700,85919,85583,1880,87463,1247
2021-04-19,Alpine,003,1148,85,85,0,85,0
2021-04-19,Amador,005,37829,3638,3629,33,3662,46
2021-04-19,Butte,007,227075,11984,11601,1722,13323,196
2021-04-19,Calaveras,009,45235,2059,2050,11,2061,50
2021-04-19,Colusa,011,21464,1916,1913,286,2199,14
2021-04-19,Contra Costa,013,1133247,67519,66833,1201,68034,782
2021-04-19,Del Norte,015,27424,1277,1247,11,1258,6
2021-04-19,El Dorado,017,186661,9833,9726,698,10424,106
2021-04-19,Fresno,019,978130,101197,100702,8474,109176,1646
2021-04-19,Glenn,021,27897,2380,2358,536,2894,17
2021-04-19,Humboldt,023,135768,3710,3602,28,3630,35
2021-04-19,Imperial,025,180216,28133,27995,2664,30659,719
2021-04-19,Inyo,027,18085,1396,1392,11,1403,36
2021-04-19,Kern,029,883053,96207,95162,10553,105715,1290
2021-04-19,Kings,031,150075,22936,22688,1058,23746,243
2021-04-19,Lake,033,64148,3436,3416,9,3425,43
2021-04-19,Lassen,035,31185,5167,5156,105,5261,1
2021-04-19,Los Angeles,037,10098052,1197978,1188945,40670,1229615,23666
2021-04-19,Madera,039,155013,16403,16289,920,17209,231
2021-04-19,Marin,041,260295,13847,13804,237,14041,226
2021-04-19,Mariposa,043,17540,411,401,11,412,5
2021-04-19,Mendocino,045,87422,3807,3722,74,3796,46
2021-04-19,Merced,047,269075,30397,30422,1027,31449,441
2021-04-19,Modoc,049,8938,368,359,121,480,3
2021-04-19,Mono,051,14174,1242,1254,17,1271,3
2021-04-19,Monterey,053,433212,42827,42642,1830,44472,356
2021-04-19,Napa,055,140530,9715,9680,34,9714,79
2021-04-19,Nevada,057,99092,4547,4477,186,4663,70
2021-04-19,Orange,059,3164182,253418,252013,11119,263132,4883
2021-04-19,Placer,061,380077,22431,21814,1381,23195,282
2021-04-19,Plumas,063,18699,684,665,10,675,4
2021-04-19,Riverside,065,2383286,291783,286087,13859,299946,4371
2021-04-19,Sacramento,067,1510023,102210,101482,1583,103065,1572
2021-04-19,San Benito,069,59416,5982,5989,112,6101,63
2021-04-19,San Bernardino,071,2135413,291283,289738,8890,298628,4561
2021-04-19,San Diego,073,3302833,275986,275113,14249,289362,3674
2021-04-19,San Francisco,075,870044,36035,36094,1254,37348,529
2021-04-19,San Joaquin,077,732212,71368,70514,3381,73895,1289
2021-04-19,San Luis Obispo,079,281455,21011,20669,699,21368,254
2021-04-19,San Mateo,081,765935,41617,41226,451,41677,355
2021-04-19,Santa Barbara,083,443738,34004,33786,1124,34910,446
2021-04-19,Santa Clara,085,1922200,116807,117099,712,117811,1944
2021-04-19,Santa Cruz,087,273765,16046,15600,805,16405,204
2021-04-19,Shasta,089,179085,11669,11662,1420,13082,189
2021-04-19,Sierra,091,2930,55,51,12,63,0
2021-04-19,Siskiyou,093,43540,1661,1544,294,1838,10
2021-04-19,Solano,095,438530,31749,31643,467,32110,239
2021-04-19,Sonoma,097,501317,29512,29667,301,29968,311
2021-04-19,Stanislaus,099,539301,54509,54179,5766,59945,728
2021-04-19,Sutter,101,95872,9267,9269,83,9352,109
2021-04-19,Tehama,103,63373,4916,4878,541,5419,52
2021-04-19,Trinity,105,12862,482,326,85,411,3
2021-04-19,Tulare,107,460477,49635,48630,8742,57372,831
2021-04-19,Tuolumne,109,53932,3962,4010,40,4050,58
2021-04-19,Ventura,111,848112,80571,80000,2939,82939,996
2021-04-19,Yolo,113,214977,13637,13572,270,13842,200
2021-04-19,Yuba,115,75493,5846,5804,118,5922,44
2021-04-18,Alameda,001,1643700,85805,85481,1872,87353,1247
2021-04-18,Alpine,003,1148,85,85,0,85,0
2021-04-18,Amador,005,37829,3635,3627,33,3660,46
2021-04-18,Butte,007,227075,11966,11591,1717,13308,196
2021-04-18,Calaveras,009,45235,2053,2047,11,2058,50
2021-04-18,Colusa,011,21464,1912,1912,285,2197,14
2021-04-18,Contra Costa,013,1133247,67416,66750,1197,67947,782
2021-04-18,Del Norte,015,27424,1277,1240,11,1251,6
2021-04-18,El Dorado,017,186661,9810,9710,696,10406,106
2021-04-18,Fresno,019,978130,101139,100621,8468,109089,1646
2021-04-18,Glenn,021,27897,2375,2358,536,2894,17
2021-04-18,Humboldt,023,135768,3682,3590,28,3618,35
2021-04-18,Imperial,025,180216,28118,27991,2659,30650,719
2021-04-18,Inyo,027,18085,1395,1392,11,1403,36
2021-04-18,Kern,029,883053,96171,95129,10537,105666,1290
2021-04-18,Kings,031,150075,22927,22685,1058,23743,243
2021-04-18,Lake,033,64148,3435,3413,9,3422,43
2021-04-18,Lassen,035,31185,5164,5156,105,5261,1
2021-04-18,Los Angeles,037,10098052,1197517,1188620,40647,1229267,23648
2021-04-18,Madera,039,155013,16392,16277,919,17196,231
2021-04-18,Marin,041,260295,13840,13801,236,14037,226
2021-04-18,Mariposa,043,17540,410,400,10,410,5
2021-04-18,Mendocino,045,87422,3804,3722,74,3796,46
2021-04-18,Merced,047,269075,30360,30405,1025,31430,441
2021-04-18,Modoc,049,8938,368,359,121,480,3
2021-04-18,Mono,051,14174,1242,1254,17,1271,3
2021-04-18,Monterey,053,433212,42815,42638,1829,44467,356
2021-04-18,Napa,055,140530,9699,9674,34,9708,79
2021-04-18,Nevada,057,99092,4532,4464,186,4650,70
2021-04-18,Orange,059,3164182,253304,251940,11112,263052,4883
2021-04-18,Placer,061,380077,22388,21783,1375,23158,282
2021-04-18,Plumas,063,18699,683,665,10,675,4
2021-04-18,Riverside,065,2383286,291693,286043,13855,299898,4371
2021-04-18,Sacramento,067,1510023,102035,101354,1577,102931,1572
2021-04-18,San Benito,069,59416,5980,5989,112,6101,63
2021-04-18,San Bernardino,071,2135413,291190,289691,8881,298572,4556
2021-04-18,San Diego,073,3302833,275707,274961,14214,289175,3674
2021-04-18,San Francisco,075,870044,35998,36073,1250,37323,525
2021-04-18,San Joaquin,077,732212,71287,70466,3372,73838,1289
2021-04-18,San Luis Obispo,079,281455,20989,20656,693,21349,254
2021-04-18,San Mateo,081,765935,41588,41201,450,41651,352
2021-04-18,Santa Barbara,083,443738,33969,33769,1123,34892,446
2021-04-18,Santa Clara,085,1922200,116639,116996,706,117702,1944
2021-04-18,Santa Cruz,087,273765,16036,15580,804,16384,204
2021-04-18,Shasta,089,179085,11648,11658,1417,13075,189
2021-04-18,Sierra,091,2930,55,51,12,63,0
2021-04-18,Siskiyou,093,43540,1650,1538,293,1831,10
2021-04-18,Solano,095,438530,31699,31606,466,32072,239
2021-04-18,Sonoma,097,501317,29496,29660,299,29959,311
2021-04-18,Stanislaus,099,539301,54427,54132,5759,59891,728
2021-04-18,Sutter,101,95872,9253,9261,83,9344,109
2021-04-18,Tehama,103,63373,4907,4877,540,5417,52
2021-04-18,Trinity,105,12862,482,326,85,411,3
2021-04-18,Tulare,107,460477,49623,48618,8736,57354,829
2021-04-18,Tuolumne,109,53932,3961,4008,39,4047,58
2021-04-18,Ventura,111,848112,80540,79984,2935,82919,996
2021-04-18,Yolo,113,214977,13625,13562,268,13830,200
2021-04-18,Yuba,115,75493,5839,5804,118,5922,44
2021-04-17,Alameda,001,1643700,85730,85367,1870,87237,1247
2021-04-17,Alpine,003,1148,85,85,0,85,0
2021-04-17,Amador,005,37829,3633,3625,33,3658,46
2021-04-17,Butte,007,227075,11946,11573,1713,13286,196
2021-04-17,Calaveras,009,45235,2051,2045,11,2056,50
2021-04-17,Colusa,011,21464,1912,1912,285,2197,14
2021-04-17,Contra Costa,013,1133247,67368,66657,1189,67846,782
2021-04-17,Del Norte,015,27424,1277,1238,11,1249,6
2021-04-17,El Dorado,017,186661,9795,9692,693,10385,106
2021-04-17,Fresno,019,978130,101106,100562,8463,109025,1646
2021-04-17,Glenn,021,27897,2375,2357,536,2893,17
2021-04-17,Humboldt,023,135768,3658,3579,28,3607,35
2021-04-17,Imperial,025,180216,28107,27987,2659,30646,719
2021-04-17,Inyo,027,18085,1392,1392,11,1403,36
2021-04-17,Kern,029,883053,96153,95102,10533,105635,1290
2021-04-17,Kings,031,150075,22922,22678,1057,23735,243
2021-04-17,Lake,033,64148,3434,3409,9,3418,43
2021-04-17,Lassen,035,31185,5164,5154,105,5259,1
2021-04-17,Los Angeles,037,10098052,1197260,1188262,40615,1228877,23653
2021-04-17,Madera,039,155013,16388,16260,918,17178,231
2021-04-17,Marin,041,260295,13836,13797,236,14033,226
2021-04-17,Mariposa,043,17540,409,398,10,408,5
2021-04-17,Mendocino,045,87422,3801,3721,74,3795,46
2021-04-17,Merced,047,269075,30344,30392,1024,31416,441
2021-04-17,Modoc,049,8938,368,357,121,478,3
2021-04-17,Mono,051,14174,1242,1253,17,1270,3
2021-04-17,Monterey,053,433212,42806,42630,1827,44457,356
2021-04-17,Napa,055,140530,9695,9666,34,9700,79
2021-04-17,Nevada,057,99092,4524,4457,186,4643,70
2021-04-17,Orange,059,3164182,253235,251873,11100,262973,4878
2021-04-17,Placer,061,380077,22365,21736,1370,23106,282
2021-04-17,Plumas,063,18699,682,666,10,676,4
2021-04-17,Riverside,065,2383286,291624,285963,13847,299810,4371
2021-04-17,Sacramento,067,1510023,101925,101172,1566,102738,1572
2021-04-17,San Benito,069,59416,5974,5986,112,6098,63
2021-04-17,San Bernardino,071,2135413,291135,289624,8878,298502,4555
2021-04-17,San Diego,073,3302833,275560,274812,14180,288992,3674
2021-04-17,San Francisco,075,870044,35976,36032,1247,37279,523
2021-04-17,San Joaquin,077,732212,71247,70372,3362,73734,1288
2021-04-17,San Luis Obispo,079,281455,20976,20642,690,21332,254
2021-04-17,San Mateo,081,765935,41565,41157,450,41607,352
2021-04-17,Santa Barbara,083,443738,33938,33738,1121,34859,446
2021-04-17,Santa Clara,085,1922200,116547,116887,704,117591,1944
2021-04-17,Santa Cruz,087,273765,16030,15571,804,16375,204
2021-04-17,Shasta,089,179085,11633,11647,1416,13063,189
2021-04-17,Sierra,091,2930,55,51,12,63,0
2021-04-17,Siskiyou,093,43540,1645,1539,290,1829,10
2021-04-17,Solano,095,438530,31668,31541,463,32004,239
2021-04-17,Sonoma,097,501317,29489,29637,299,29936,311
2021-04-17,Stanislaus,099,539301,54390,54058,5754,59812,728
2021-04-17,Sutter,101,95872,9247,9252,83,9335,109
2021-04-17,Tehama,103,63373,4901,4875,539,5414,52
2021-04-17,Trinity,105,12862,482,326,85,411,3
2021-04-17,Tulare,107,460477,49611,48603,8732,57335,829
2021-04-17,Tuolumne,109,53932,3959,4005,39,4044,58
2021-04-17,Ventura,111,848112,80519,79964,2935,82899,996
2021-04-17,Yolo,113,214977,13615,13580,268,13848,200
2021-04-17,Yuba,115,75493,5834,5802,117,5919,44
2021-04-16,Alameda,001,1643700,85651,85243,1868,87111,1245
2021-04-16,Alpine,003,1148,85,85,0,85,0
2021-04-16,Amador,005,37829,3628,3621,33,3654,46
2021-04-16,Butte,007,227075,11934,11549,1711,13260,196
2021-04-16,Calaveras,009,45235,2049,2042,11,2053,50
2021-04-16,Colusa,011,21464,1910,1911,285,2196,14
2021-04-16,Contra Costa,013,1133247,67314,66569,1186,67755,782
2021-04-16,Del Norte,015,27424,1276,1237,11,1248,6
2021-04-16,El Dorado,017,186661,9775,9665,689,10354,106
2021-04-16,Fresno,019,978130,101056,100500,8457,108957,1643
2021-04-16,Glenn,021,27897,2375,2355,536,2891,17
2021-04-16,Humboldt,023,135768,3637,3570,27,3597,35
2021-04-16,Imperial,025,180216,28097,27962,2659,30621,719
2021-04-16,Inyo,027,18085,1392,1392,11,1403,36
2021-04-16,Kern,029,883053,96124,95066,10530,105596,1288
2021-04-16,Kings,031,150075,22918,22667,1056,23723,243
2021-04-16,Lake,033,64148,3428,3406,9,3415,43
2021-04-16,Lassen,035,31185,5163,5155,105,5260,1
2021-04-16,Los Angeles,037,10098052,1196959,1187818,40579,1228397,23627
2021-04-16,Madera,039,155013,16382,16250,917,17167,231
2021-04-16,Marin,041,260295,13833,13788,236,14024,226
2021-04-16,Mariposa,043,17540,408,396,9,405,5
2021-04-16,Mendocino,045,87422,3799,3719,74,3793,46
2021-04-16,Merced,047,269075,30329,30355,1024,31379,438
2021-04-16,Modoc,049,8938,368,355,121,476,3
2021-04-16,Mono,051,14174,1242,1253,17,1270,3
2021-04-16,Monterey,053,433212,42795,42620,1824,44444,351
2021-04-16,Napa,055,140530,9687,9653,34,9687,79
2021-04-16,Nevada,057,99092,4515,4443,186,4629,70
2021-04-16,Orange,059,3164182,253171,251770,11091,262861,4873
2021-04-16,Placer,061,380077,22338,21680,1365,23045,282
2021-04-16,Plumas,063,18699,681,665,10,675,4
2021-04-16,Riverside,065,2383286,291547,285818,13845,299663,4369
2021-04-16,Sacramento,067,1510023,101828,100993,1561,102554,1572
2021-04-16,San Benito,069,59416,5972,5982,112,6094,63
2021-04-16,San Bernardino,071,2135413,291088,289424,8877,298301,4550
2021-04-16,San Diego,073,3302833,275406,274567,14162,288729,3662
2021-04-16,San Francisco,075,870044,35950,35993,1243,37236,517
2021-04-16,San Joaquin,077,732212,71180,70280,3354,73634,1288
2021-04-16,San Luis Obispo,079,281455,20964,20623,689,21312,253
2021-04-16,San Mateo,081,765935,41536,41107,449,41556,352
2021-04-16,Santa Barbara,083,443738,33920,33703,1121,34824,446
2021-04-16,Santa Clara,085,1922200,116447,116693,701,117394,1941
2021-04-16,Santa Cruz,087,273765,16028,15539,804,16343,204
2021-04-16,Shasta,089,179085,11621,11623,1414,13037,189
2021-04-16,Sierra,091,2930,55,51,12,63,0
2021-04-16,Siskiyou,093,43540,1641,1530,288,1818,10
2021-04-16,Solano,095,438530,31629,31470,460,31930,239
2021-04-16,Sonoma,097,501317,29478,29617,299,29916,311
2021-04-16,Stanislaus,099,539301,54342,53983,5752,59735,728
2021-04-16,Sutter,101,95872,9241,9247,83,9330,109
2021-04-16,Tehama,103,63373,4900,4866,539,5405,52
2021-04-16,Trinity,105,12862,482,326,85,411,3
2021-04-16,Tulare,107,460477,49599,48583,8728,57311,830
2021-04-16,Tuolumne,109,53932,3956,4005,39,4044,58
2021-04-16,Ventura,111,848112,80494,79942,2930,82872,994
2021-04-16,Yolo,113,214977,13602,13559,266,13825,198
2021-04-16,Yuba,115,75493,5831,5795,116,5911,44
2021-04-15,Alameda,001,1643700,85544,85089,1866,86955,1246
2021-04-15,Alpine,003,1148,85,85,0,85,0
2021-04-15,Amador,005,37829,3627,3616,33,3649,46
2021-04-15,Butte,007,227075,11919,11529,1707,13236,196
2021-04-15,Calaveras,009,45235,2048,2039,11,2050,50
2021-04-15,Colusa,011,21464,1908,1909,284,2193,14
2021-04-15,Contra Costa,013,1133247,67241,66480,1182,67662,781
2021-04-15,Del Norte,015,27424,1269,1235,11,1246,6
2021-04-15,El Dorado,017,186661,9762,9639,687,10326,106
2021-04-15,Fresno,019,978130,100994,100431,8451,108882,1642
2021-04-15,Glenn,021,27897,2375,2354,536,2890,17
2021-04-15,Humboldt,023,135768,3616,3561,27,3588,35
2021-04-15,Imperial,025,180216,28069,27920,2656,30576,718
2021-04-15,Inyo,027,18085,1392,1393,11,1404,36
2021-04-15,Kern,029,883053,96091,94989,10516,105505,1289
2021-04-15,Kings,031,150075,22904,22648,1056,23704,242
2021-04-15,Lake,033,64148,3427,3399,9,3408,43
2021-04-15,Lassen,035,31185,5162,5152,105,5257,1
2021-04-15,Los Angeles,037,10098052,1196556,1187274,40543,1227817,23598
2021-04-15,Madera,039,155013,16367,16234,917,17151,231
2021-04-15,Marin,041,260295,13829,13783,235,14018,226
2021-04-15,Mariposa,043,17540,406,395,9,404,5
2021-04-15,Mendocino,045,87422,3798,3714,74,3788,46
2021-04-15,Merced,047,269075,30303,30325,1023,31348,437
2021-04-15,Modoc,049,8938,368,355,121,476,3
2021-04-15,Mono,051,14174,1241,1253,17,1270,3
2021-04-15,Monterey,053,433212,42785,42604,1822,44426,347
2021-04-15,Napa,055,140530,9679,9645,34,9679,79
2021-04-15,Nevada,057,99092,4503,4434,185,4619,70
2021-04-15,Orange,059,3164182,253076,251679,11078,262757,4857
2021-04-15,Placer,061,380077,22307,21614,1358,22972,281
2021-04-15,Plumas,063,18699,679,665,10,675,4
2021-04-15,Riverside,065,2383286,291443,285698,13838,299536,4363
2021-04-15,Sacramento,067,1510023,101698,100782,1547,102329,1570
2021-04-15,San Benito,069,59416,5969,5969,111,6080,63
2021-04-15,San Bernardino,071,2135413,290999,289288,8870,298158,4544
2021-04-15,San Diego,073,3302833,275159,274250,14103,288353,3653
2021-04-15,San Francisco,075,870044,35931,35947,1241,37188,510
2021-04-15,San Joaquin,077,732212,71099,70189,3346,73535,1288
2021-04-15,San Luis Obispo,079,281455,20948,20591,686,21277,253
2021-04-15,San Mateo,081,765935,41497,41050,448,41498,352
2021-04-15,Santa Barbara,083,443738,33902,33672,1117,34789,446
2021-04-15,Santa Clara,085,1922200,116341,116602,697,117299,1927
2021-04-15,Santa Cruz,087,273765,16018,15509,804,16313,203
2021-04-15,Shasta,089,179085,11607,11597,1410,13007,191
2021-04-15,Sierra,091,2930,55,51,12,63,0
2021-04-15,Siskiyou,093,43540,1635,1524,287,1811,10
2021-04-15,Solano,095,438530,31591,31394,459,31853,239
2021-04-15,Sonoma,097,501317,29464,29587,299,29886,311
2021-04-15,Stanislaus,099,539301,54288,53918,5743,59661,728
2021-04-15,Sutter,101,95872,9234,9237,83,9320,109
2021-04-15,Tehama,103,63373,4899,4854,538,5392,52
2021-04-15,Trinity,105,12862,482,326,85,411,3
2021-04-15,Tulare,107,460477,49578,48556,8728,57284,829
2021-04-15,Tuolumne,109,53932,3956,4003,39,4042,57
2021-04-15,Ventura,111,848112,80475,79917,2928,82845,989
2021-04-15,Yolo,113,214977,13583,13547,264,13811,198
2021-04-15,Yuba,115,75493,5828,5788,116,5904,44
2021-04-14,Alameda,001,1643700,85447,85009,1865,86874,1247
2021-04-14,Alpine,003,1148,85,85,0,85,0
2021-04-14,Amador,005,37829,3626,3613,33,3646,46
2021-04-14,Butte,007,227075,11906,11513,1706,13219,196
2021-04-14,Calaveras,009,45235,2047,2037,11,2048,50
2021-04-14,Colusa,011,21464,1908,1905,284,2189,14
2021-04-14,Contra Costa,013,1133247,67155,66400,1176,67576,781
2021-04-14,Del Norte,015,27424,1269,1228,11,1239,6
2021-04-14,El Dorado,017,186661,9747,9625,682,10307,106
2021-04-14,Fresno,019,978130,100937,100376,8438,108814,1640
2021-04-14,Glenn,021,27897,2375,2353,536,2889,17
2021-04-14,Humboldt,023,135768,3594,3551,26,3577,35
2021-04-14,Imperial,025,180216,28047,27907,2654,30561,718
2021-04-14,Inyo,027,18085,1392,1392,11,1403,36
2021-04-14,Kern,029,883053,96066,94947,10509,105456,1287
2021-04-14,Kings,031,150075,22895,22641,1054,23695,243
2021-04-14,Lake,033,64148,3422,3396,9,3405,43
2021-04-14,Lassen,035,31185,5161,5151,105,5256,1
2021-04-14,Los Angeles,037,10098052,1196157,1186821,40498,1227319,23579
2021-04-14,Madera,039,155013,16358,16218,917,17135,231
2021-04-14,Marin,041,260295,13827,13768,234,14002,226
2021-04-14,Mariposa,043,17540,405,394,9,403,5
2021-04-14,Mendocino,045,87422,3793,3711,74,3785,46
2021-04-14,Merced,047,269075,30287,30296,1021,31317,436
2021-04-14,Modoc,049,8938,368,355,121,476,3
2021-04-14,Mono,051,14174,1240,1252,17,1269,3
2021-04-14,Monterey,053,433212,42769,42595,1818,44413,347
2021-04-14,Napa,055,140530,9668,9643,34,9677,79
2021-04-14,Nevada,057,99092,4496,4421,185,4606,70
2021-04-14,Orange,059,3164182,252971,251568,11058,262626,4849
2021-04-14,Placer,061,380077,22274,21575,1357,22932,280
2021-04-14,Plumas,063,18699,679,665,10,675,4
2021-04-14,Riverside,065,2383286,291333,285583,13832,299415,4358
2021-04-14,Sacramento,067,1510023,101523,100645,1533,102178,1570
2021-04-14,San Benito,069,59416,5967,5960,111,6071,62
2021-04-14,San Bernardino,071,2135413,290931,289078,8867,297945,4523
2021-04-14,San Diego,073,3302833,274948,273969,14074,288043,3648
2021-04-14,San Francisco,075,870044,35893,35898,1240,37138,510
2021-04-14,San Joaquin,077,732212,71029,70095,3340,73435,1288
2021-04-14,San Luis Obispo,079,281455,20925,20561,676,21237,253
2021-04-14,San Mateo,081,765935,41457,40982,445,41427,352
2021-04-14,Santa Barbara,083,443738,33873,33650,1117,34767,445
2021-04-14,Santa Clara,085,1922200,116224,116488,694,117182,1922
2021-04-14,Santa Cruz,087,273765,16008,15481,804,16285,203
2021-04-14,Shasta,089,179085,11581,11581,1408,12989,190
2021-04-14,Sierra,091,2930,55,51,12,63,0
2021-04-14,Siskiyou,093,43540,1627,1518,286,1804,10
2021-04-14,Solano,095,438530,31538,31357,452,31809,239
2021-04-14,Sonoma,097,501317,29456,29572,297,29869,311
2021-04-14,Stanislaus,099,539301,54217,53836,5734,59570,727
2021-04-14,Sutter,101,95872,9226,9230,83,9313,106
2021-04-14,Tehama,103,63373,4893,4853,537,5390,52
2021-04-14,Trinity,105,12862,482,326,85,411,3
2021-04-14,Tulare,107,460477,49552,48527,8725,57252,827
2021-04-14,Tuolumne,109,53932,3955,3997,39,4036,57
2021-04-14,Ventura,111,848112,80439,79891,2926,82817,986
2021-04-14,Yolo,113,214977,13567,13530,262,13792,198
2021-04-14,Yuba,115,75493,5826,5778,116,5894,44
2021-04-13,Alameda,001,1643700,85340,84921,1862,86783,1239
2021-04-13,Alpine,003,1148,85,85,0,85,0
2021-04-13,Amador,005,37829,3623,3609,33,3642,46
2021-04-13,Butte,007,227075,11888,11497,1703,13200,196
2021-04-13,Calaveras,009,45235,2045,2035,11,2046,50
2021-04-13,Colusa,011,21464,1906,1905,282,2187,14
2021-04-13,Contra Costa,013,1133247,67067,66304,1176,67480,778
2021-04-13,Del Norte,015,27424,1264,1221,11,1232,6
2021-04-13,El Dorado,017,186661,9721,9609,679,10288,106
2021-04-13,Fresno,019,978130,100855,100357,8432,108789,1636
2021-04-13,Glenn,021,27897,2374,2351,536,2887,17
2021-04-13,Humboldt,023,135768,3577,3540,26,3566,35
2021-04-13,Imperial,025,180216,28028,27887,2646,30533,718
2021-04-13,Inyo,027,18085,1392,1391,11,1402,36
2021-04-13,Kern,029,883053,96022,94908,10497,105405,1285
2021-04-13,Kings,031,150075,22879,22636,1053,23689,243
2021-04-13,Lake,033,64148,3419,3390,9,3399,43
2021-04-13,Lassen,035,31185,5160,5147,105,5252,1
2021-04-13,Los Angeles,037,10098052,1195700,1186482,40457,1226939,23526
2021-04-13,Madera,039,155013,16348,16207,915,17122,231
2021-04-13,Marin,041,260295,13819,13760,233,13993,224
2021-04-13,Mariposa,043,17540,404,394,6,400,5
2021-04-13,Mendocino,045,87422,3787,3702,74,3776,46
2021-04-13,Merced,047,269075,30257,30276,1018,31294,435
2021-04-13,Modoc,049,8938,368,355,121,476,3
2021-04-13,Mono,051,14174,1240,1251,17,1268,3
2021-04-13,Monterey,053,433212,42758,42577,1818,44395,347
2021-04-13,Napa,055,140530,9658,9627,34,9661,79
2021-04-13,Nevada,057,99092,4484,4415,185,4600,69
2021-04-13,Orange,059,3164182,252876,251491,11040,262531,4836
2021-04-13,Placer,061,380077,22237,21534,1354,22888,280
2021-04-13,Plumas,063,18699,678,665,10,675,4
2021-04-13,Riverside,065,2383286,291214,285505,13826,299331,4348
2021-04-13,Sacramento,067,1510023,101348,100551,1528,102079,1569
2021-04-13,San Benito,069,59416,5964,5946,111,6057,62
2021-04-13,San Bernardino,071,2135413,290815,288929,8861,297790,4521
2021-04-13,San Diego,073,3302833,274694,273709,14039,287748,3623
2021-04-13,San Francisco,075,870044,35857,35869,1236,37105,506
2021-04-13,San Joaquin,077,732212,70921,70034,3332,73366,1288
2021-04-13,San Luis Obispo,079,281455,20898,20536,666,21202,253
2021-04-13,San Mateo,081,765935,41412,40955,445,41400,353
2021-04-13,Santa Barbara,083,443738,33850,33613,1114,34727,444
2021-04-13,Santa Clara,085,1922200,116095,116363,693,117056,1923
2021-04-13,Santa Cruz,087,273765,16001,15449,804,16253,203
2021-04-13,Shasta,089,179085,11561,11536,1405,12941,189
2021-04-13,Sierra,091,2930,55,51,12,63,0
2021-04-13,Siskiyou,093,43540,1619,1511,281,1792,10
2021-04-13,Solano,095,438530,31489,31335,448,31783,239
2021-04-13,Sonoma,097,501317,29448,29544,296,29840,311
2021-04-13,Stanislaus,099,539301,54145,53797,5725,59522,722
2021-04-13,Sutter,101,95872,9222,9226,83,9309,106
2021-04-13,Tehama,103,63373,4886,4850,534,5384,52
2021-04-13,Trinity,105,12862,482,326,85,411,3
2021-04-13,Tulare,107,460477,49539,48511,8722,57233,825
2021-04-13,Tuolumne,109,53932,3953,3995,39,4034,57
2021-04-13,Ventura,111,848112,80407,79854,2924,82778,986
2021-04-13,Yolo,113,214977,13555,13516,261,13777,198
2021-04-13,Yuba,115,75493,5817,5776,116,5892,44
2021-04-12,Alameda,001,1643700,85238,84817,1861,86678,1238
2021-04-12,Alpine,003,1148,85,85,0,85,0
2021-04-12,Amador,005,37829,3622,3607,33,3640,46
2021-04-12,Butte,007,227075,11873,11488,1699,13187,193
2021-04-12,Calaveras,009,45235,2041,2033,11,2044,50
2021-04-12,Colusa,011,21464,1904,1904,280,2184,14
2021-04-12,Contra Costa,013,1133247,66987,66176,1176,67352,777
2021-04-12,Del Norte,015,27424,1261,1216,11,1227,6
2021-04-12,El Dorado,017,186661,9704,9588,677,10265,106
2021-04-12,Fresno,019,978130,100794,100277,8409,108686,1633
2021-04-12,Glenn,021,27897,2373,2349,536,2885,17
2021-04-12,Humboldt,023,135768,3563,3533,25,3558,35
2021-04-12,Imperial,025,180216,27998,27851,2642,30493,717
2021-04-12,Inyo,027,18085,1392,1390,11,1401,36
2021-04-12,Kern,029,883053,95985,94861,10486,105347,1283
2021-04-12,Kings,031,150075,22871,22621,1052,23673,241
2021-04-12,Lake,033,64148,3415,3380,9,3389,43
2021-04-12,Lassen,035,31185,5159,5147,105,5252,1
2021-04-12,Los Angeles,037,10098052,1195194,1186145,40420,1226565,23505
2021-04-12,Madera,039,155013,16336,16174,913,17087,231
2021-04-12,Marin,041,260295,13806,13751,231,13982,224
2021-04-12,Mariposa,043,17540,403,394,6,400,5
2021-04-12,Mendocino,045,87422,3786,3699,74,3773,46
2021-04-12,Merced,047,269075,30226,30261,1015,31276,435
2021-04-12,Modoc,049,8938,366,352,121,473,3
2021-04-12,Mono,051,14174,1240,1251,17,1268,3
2021-04-12,Monterey,053,433212,42744,42555,1816,44371,346
2021-04-12,Napa,055,140530,9644,9603,34,9637,80
2021-04-12,Nevada,057,99092,4473,4408,185,4593,69
2021-04-12,Orange,059,3164182,252790,251350,11018,262368,4826
2021-04-12,Placer,061,380077,22186,21475,1351,22826,278
2021-04-12,Plumas,063,18699,676,666,10,676,4
2021-04-12,Riverside,065,2383286,291103,285361,13820,299181,4336
2021-04-12,Sacramento,067,1510023,101174,100394,1523,101917,1566
2021-04-12,San Benito,069,59416,5956,5942,110,6052,62
2021-04-12,San Bernardino,071,2135413,290708,288736,8849,297585,4493
2021-04-12,San Diego,073,3302833,274433,273431,14010,287441,3621
2021-04-12,San Francisco,075,870044,35823,35841,1235,37076,506
2021-04-12,San Joaquin,077,732212,70849,69968,3325,73293,1288
2021-04-12,San Luis Obispo,079,281455,20853,20515,653,21168,253
2021-04-12,San Mateo,081,765935,41370,40920,441,41361,353
2021-04-12,Santa Barbara,083,443738,33818,33606,1114,34720,444
2021-04-12,Santa Clara,085,1922200,115967,116252,691,116943,1923
2021-04-12,Santa Cruz,087,273765,15981,15406,804,16210,203
2021-04-12,Shasta,089,179085,11544,11509,1401,12910,189
2021-04-12,Sierra,091,2930,55,51,12,63,0
2021-04-12,Siskiyou,093,43540,1608,1511,278,1789,7
2021-04-12,Solano,095,438530,31447,31305,445,31750,238
2021-04-12,Sonoma,097,501317,29420,29500,296,29796,310
2021-04-12,Stanislaus,099,539301,54079,53722,5718,59440,707
2021-04-12,Sutter,101,95872,9211,9221,83,9304,106
2021-04-12,Tehama,103,63373,4877,4834,530,5364,52
2021-04-12,Trinity,105,12862,482,324,85,409,3
2021-04-12,Tulare,107,460477,49519,48495,8712,57207,824
2021-04-12,Tuolumne,109,53932,3949,3993,39,4032,57
2021-04-12,Ventura,111,848112,80374,79818,2922,82740,985
2021-04-12,Yolo,113,214977,13541,13510,260,13770,198
2021-04-12,Yuba,115,75493,5811,5773,116,5889,43
2021-04-11,Alameda,001,1643700,85101,84756,1855,86611,1238
2021-04-11,Alpine,003,1148,85,85,0,85,0
2021-04-11,Amador,005,37829,3620,3605,33,3638,46
2021-04-11,Butte,007,227075,11839,11487,1695,13182,193
2021-04-11,Calaveras,009,45235,2037,2036,11,2047,50
2021-04-11,Colusa,011,21464,1903,1904,279,2183,14
2021-04-11,Contra Costa,013,1133247,66878,66107,1174,67281,777
2021-04-11,Del Norte,015,27424,1255,1214,11,1225,6
2021-04-11,El Dorado,017,186661,9690,9575,674,10249,106
2021-04-11,Fresno,019,978130,100726,100230,8399,108629,1633
2021-04-11,Glenn,021,27897,2368,2348,536,2884,17
2021-04-11,Humboldt,023,135768,3553,3523,25,3548,35
2021-04-11,Imperial,025,180216,27974,27841,2640,30481,717
2021-04-11,Inyo,027,18085,1392,1390,11,1401,36
2021-04-11,Kern,029,883053,95924,94830,10478,105308,1283
2021-04-11,Kings,031,150075,22862,22618,1049,23667,241
2021-04-11,Lake,033,64148,3411,3377,9,3386,43
2021-04-11,Lassen,035,31185,5155,5147,105,5252,1
2021-04-11,Los Angeles,037,10098052,1194682,1185757,40378,1226135,23503
2021-04-11,Madera,039,155013,16317,16166,912,17078,231
2021-04-11,Marin,041,260295,13799,13741,230,13971,226
2021-04-11,Mariposa,043,17540,403,394,6,400,5
2021-04-11,Mendocino,045,87422,3784,3696,74,3770,46
2021-04-11,Merced,047,269075,30188,30249,1014,31263,435
2021-04-11,Modoc,049,8938,365,352,119,471,3
2021-04-11,Mono,051,14174,1239,1250,17,1267,3
2021-04-11,Monterey,053,433212,42738,42547,1809,44356,346
2021-04-11,Napa,055,140530,9633,9592,34,9626,80
2021-04-11,Nevada,057,99092,4459,4394,185,4579,69
2021-04-11,Orange,059,3164182,252663,251233,11007,262240,4826
2021-04-11,Placer,061,380077,22129,21458,1346,22804,278
2021-04-11,Plumas,063,18699,676,666,10,676,4
2021-04-11,Riverside,065,2383286,290969,285269,13810,299079,4336
2021-04-11,Sacramento,067,1510023,101004,100296,1511,101807,1566
2021-04-11,San Benito,069,59416,5948,5941,109,6050,62
2021-04-11,San Bernardino,071,2135413,290600,288686,8843,297529,4492
2021-04-11,San Diego,073,3302833,274135,273287,13951,287238,3621
2021-04-11,San Francisco,075,870044,35787,35815,1232,37047,498
2021-04-11,San Joaquin,077,732212,70763,69939,3314,73253,1288
2021-04-11,San Luis Obispo,079,281455,20827,20501,650,21151,253
2021-04-11,San Mateo,081,765935,41312,40901,440,41341,353
2021-04-11,Santa Barbara,083,443738,33783,33591,1113,34704,444
2021-04-11,Santa Clara,085,1922200,115831,116161,688,116849,1923
2021-04-11,Santa Cruz,087,273765,15969,15382,804,16186,203
2021-04-11,Shasta,089,179085,11500,11504,1400,12904,189
2021-04-11,Sierra,091,2930,55,51,12,63,0
2021-04-11,Siskiyou,093,43540,1601,1509,275,1784,7
2021-04-11,Solano,095,438530,31394,31268,441,31709,238
2021-04-11,Sonoma,097,501317,29394,29496,292,29788,310
2021-04-11,Stanislaus,099,539301,53996,53683,5709,59392,707
2021-04-11,Sutter,101,95872,9202,9222,83,9305,106
2021-04-11,Tehama,103,63373,4874,4832,528,5360,52
2021-04-11,Trinity,105,12862,482,324,85,409,3
2021-04-11,Tulare,107,460477,49505,48479,8705,57184,824
2021-04-11,Tuolumne,109,53932,3947,3993,39,4032,57
2021-04-11,Ventura,111,848112,80326,79800,2916,82716,985
2021-04-11,Yolo,113,214977,13521,13496,258,13754,198
2021-04-11,Yuba,115,75493,5801,5768,116,5884,43
2021-04-10,Alameda,001,1643700,85037,84626,1855,86481,1238
2021-04-10,Alpine,003,1148,85,85,0,85,0
2021-04-10,Amador,005,37829,3618,3603,33,3636,46
2021-04-10,Butte,007,227075,11828,11482,1694,13176,193
2021-04-10,Calaveras,009,45235,2035,2032,11,2043,50
2021-04-10,Colusa,011,21464,1903,1902,279,2181,14
2021-04-10,Contra Costa,013,1133247,66817,66001,1171,67172,778
2021-04-10,Del Norte,015,27424,1252,1212,11,1223,6
2021-04-10,El Dorado,017,186661,9678,9549,671,10220,106
2021-04-10,Fresno,019,978130,100693,100135,8392,108527,1633
2021-04-10,Glenn,021,27897,2368,2343,536,2879,17
2021-04-10,Humboldt,023,135768,3543,3508,25,3533,35
2021-04-10,Imperial,025,180216,27960,27816,2640,30456,717
2021-04-10,Inyo,027,18085,1392,1387,11,1398,36
2021-04-10,Kern,029,883053,95910,94802,10472,105274,1284
2021-04-10,Kings,031,150075,22858,22614,1047,23661,241
2021-04-10,Lake,033,64148,3406,3368,9,3377,43
2021-04-10,Lassen,035,31185,5155,5146,104,5250,1
2021-04-10,Los Angeles,037,10098052,1194407,1185246,40361,1225607,23493
2021-04-10,Madera,039,155013,16309,16143,911,17054,231
2021-04-10,Marin,041,260295,13794,13731,230,13961,226
2021-04-10,Mariposa,043,17540,400,393,6,399,5
2021-04-10,Mendocino,045,87422,3782,3696,74,3770,46
2021-04-10,Merced,047,269075,30168,30225,1013,31238,435
2021-04-10,Modoc,049,8938,365,352,119,471,3
2021-04-10,Mono,051,14174,1239,1249,17,1266,3
2021-04-10,Monterey,053,433212,42727,42527,1808,44335,346
2021-04-10,Napa,055,140530,9626,9569,34,9603,79
2021-04-10,Nevada,057,99092,4452,4379,185,4564,69
2021-04-10,Orange,059,3164182,252570,251139,11000,262139,4818
2021-04-10,Placer,061,380077,22098,21402,1340,22742,278
2021-04-10,Plumas,063,18699,676,666,10,676,4
2021-04-10,Riverside,065,2383286,290889,285082,13802,298884,4336
2021-04-10,Sacramento,067,1510023,100901,100048,1509,101557,1566
2021-04-10,San Benito,069,59416,5937,5932,108,6040,62
2021-04-10,San Bernardino,071,2135413,290535,288590,8836,297426,4489
2021-04-10,San Diego,073,3302833,273919,273058,13931,286989,3613
2021-04-10,San Francisco,075,870044,35757,35774,1229,37003,498
2021-04-10,San Joaquin,077,732212,70728,69852,3304,73156,1288
2021-04-10,San Luis Obispo,079,281455,20811,20461,649,21110,253
2021-04-10,San Mateo,081,765935,41279,40878,440,41318,350
2021-04-10,Santa Barbara,083,443738,33755,33541,1111,34652,444
2021-04-10,Santa Clara,085,1922200,115735,116015,687,116702,1923
2021-04-10,Santa Cruz,087,273765,15963,15360,804,16164,203
2021-04-10,Shasta,089,179085,11491,11492,1397,12889,189
2021-04-10,Sierra,091,2930,55,51,12,63,0
2021-04-10,Siskiyou,093,43540,1598,1512,275,1787,7
2021-04-10,Solano,095,438530,31360,31218,437,31655,238
2021-04-10,Sonoma,097,501317,29379,29469,292,29761,310
2021-04-10,Stanislaus,099,539301,53961,53596,5703,59299,707
2021-04-10,Sutter,101,95872,9200,9214,83,9297,106
2021-04-10,Tehama,103,63373,4872,4820,526,5346,52
2021-04-10,Trinity,105,12862,482,324,85,409,3
2021-04-10,Tulare,107,460477,49496,48470,8699,57169,824
2021-04-10,Tuolumne,109,53932,3944,3991,39,4030,57
2021-04-10,Ventura,111,848112,80298,79758,2914,82672,985
2021-04-10,Yolo,113,214977,13513,13494,257,13751,198
2021-04-10,Yuba,115,75493,5798,5757,115,5872,43
2021-04-09,Alameda,001,1643700,84970,84404,1847,86251,1237
2021-04-09,Alpine,003,1148,85,85,0,85,0
2021-04-09,Amador,005,37829,3617,3600,33,3633,46
2021-04-09,Butte,007,227075,11818,11454,1693,13147,193
2021-04-09,Calaveras,009,45235,2034,2028,11,2039,50
2021-04-09,Colusa,011,21464,1903,1898,279,2177,14
2021-04-09,Contra Costa,013,1133247,66724,65857,1165,67022,777
2021-04-09,Del Norte,015,27424,1251,1207,11,1218,6
2021-04-09,El Dorado,017,186661,9655,9528,667,10195,106
2021-04-09,Fresno,019,978130,100659,100027,8387,108414,1630
2021-04-09,Glenn,021,27897,2368,2337,536,2873,17
2021-04-09,Humboldt,023,135768,3534,3496,25,3521,35
2021-04-09,Imperial,025,180216,27945,27764,2638,30402,717
2021-04-09,Inyo,027,18085,1391,1386,11,1397,36
2021-04-09,Kern,029,883053,95872,94675,10470,105145,1282
2021-04-09,Kings,031,150075,22849,22595,1044,23639,242
2021-04-09,Lake,033,64148,3402,3362,9,3371,43
2021-04-09,Lassen,035,31185,5155,5140,104,5244,1
2021-04-09,Los Angeles,037,10098052,1194036,1184501,40333,1224834,23458
2021-04-09,Madera,039,155013,16306,16118,911,17029,231
2021-04-09,Marin,041,260295,13787,13721,230,13951,226
2021-04-09,Mariposa,043,17540,400,393,6,399,5
2021-04-09,Mendocino,045,87422,3780,3693,74,3767,46
2021-04-09,Merced,047,269075,30139,30179,1012,31191,435
2021-04-09,Modoc,049,8938,364,352,119,471,3
2021-04-09,Mono,051,14174,1239,1247,17,1264,3
2021-04-09,Monterey,053,433212,42718,42481,1804,44285,344
2021-04-09,Napa,055,140530,9607,9574,34,9608,80
2021-04-09,Nevada,057,99092,4444,4373,185,4558,69
2021-04-09,Orange,059,3164182,252496,250852,10995,261847,4813
2021-04-09,Placer,061,380077,22067,21327,1332,22659,278
2021-04-09,Plumas,063,18699,675,666,10,676,4
2021-04-09,Riverside,065,2383286,290806,284562,13796,298358,4325
2021-04-09,Sacramento,067,1510023,100746,99722,1503,101225,1564
2021-04-09,San Benito,069,59416,5932,5925,107,6032,62
2021-04-09,San Bernardino,071,2135413,290466,288000,8833,296833,4467
2021-04-09,San Diego,073,3302833,273721,272697,13889,286586,3600
2021-04-09,San Francisco,075,870044,35716,35716,1224,36940,497
2021-04-09,San Joaquin,077,732212,70664,69675,3292,72967,1281
2021-04-09,San Luis Obispo,079,281455,20796,20427,649,21076,252
2021-04-09,San Mateo,081,765935,41243,40800,439,41239,350
2021-04-09,Santa Barbara,083,443738,33732,33424,1108,34532,444
2021-04-09,Santa Clara,085,1922200,115651,115749,685,116434,1923
2021-04-09,Santa Cruz,087,273765,15958,15331,804,16135,203
2021-04-09,Shasta,089,179085,11481,11478,1394,12872,188
2021-04-09,Sierra,091,2930,55,51,12,63,0
2021-04-09,Siskiyou,093,43540,1595,1510,274,1784,7
2021-04-09,Solano,095,438530,31327,31166,432,31598,238
2021-04-09,Sonoma,097,501317,29366,29433,292,29725,310
2021-04-09,Stanislaus,099,539301,53906,53504,5694,59198,705
2021-04-09,Sutter,101,95872,9193,9201,83,9284,106
2021-04-09,Tehama,103,63373,4866,4806,526,5332,52
2021-04-09,Trinity,105,12862,481,324,85,409,3
2021-04-09,Tulare,107,460477,49492,48430,8693,57123,824
2021-04-09,Tuolumne,109,53932,3943,3986,39,4025,57
2021-04-09,Ventura,111,848112,80270,79698,2914,82612,987
2021-04-09,Yolo,113,214977,13501,13478,255,13733,198
2021-04-09,Yuba,115,75493,5791,5754,115,5869,43
2021-04-08,Alameda,001,1643700,84864,84213,1844,86057,1232
2021-04-08,Alpine,003,1148,85,85,0,85,0
2021-04-08,Amador,005,37829,3613,3595,33,3628,46
2021-04-08,Butte,007,227075,11807,11414,1692,13106,193
2021-04-08,Calaveras,009,45235,2032,2027,11,2038,50
2021-04-08,Colusa,011,21464,1902,1897,279,2176,14
2021-04-08,Contra Costa,013,1133247,66614,65706,1162,66868,775
2021-04-08,Del Norte,015,27424,1245,1201,11,1212,6
2021-04-08,El Dorado,017,186661,9639,9513,662,10175,106
2021-04-08,Fresno,019,978130,100596,99935,8380,108315,1627
2021-04-08,Glenn,021,27897,2367,2337,536,2873,17
2021-04-08,Humboldt,023,135768,3524,3486,25,3511,35
2021-04-08,Imperial,025,180216,27917,27744,2634,30378,713
2021-04-08,Inyo,027,18085,1390,1386,11,1397,36
2021-04-08,Kern,029,883053,95826,94493,10457,104950,1281
2021-04-08,Kings,031,150075,22842,22589,1042,23631,243
2021-04-08,Lake,033,64148,3395,3360,9,3369,43
2021-04-08,Lassen,035,31185,5154,5136,104,5240,1
2021-04-08,Los Angeles,037,10098052,1193539,1184443,40295,1224738,23416
2021-04-08,Madera,039,155013,16294,16103,911,17014,231
2021-04-08,Marin,041,260295,13780,13704,230,13934,226
2021-04-08,Mariposa,043,17540,399,393,6,399,5
2021-04-08,Mendocino,045,87422,3778,3690,74,3764,45
2021-04-08,Merced,047,269075,30117,30163,1012,31175,430
2021-04-08,Modoc,049,8938,364,352,119,471,3
2021-04-08,Mono,051,14174,1237,1247,17,1264,3
2021-04-08,Monterey,053,433212,42696,42437,1799,44236,342
2021-04-08,Napa,055,140530,9590,9569,34,9603,80
2021-04-08,Nevada,057,99092,4433,4367,185,4552,69
2021-04-08,Orange,059,3164182,252386,250529,10980,261509,4797
2021-04-08,Placer,061,380077,22025,21258,1323,22581,277
2021-04-08,Plumas,063,18699,675,665,10,675,4
2021-04-08,Riverside,065,2383286,290692,283853,13791,297644,4296
2021-04-08,Sacramento,067,1510023,100606,99319,1492,100811,1561
2021-04-08,San Benito,069,59416,5929,5914,105,6019,62
2021-04-08,San Bernardino,071,2135413,290369,287190,8830,296020,4445
2021-04-08,San Diego,073,3302833,273491,272495,13853,286348,3592
2021-04-08,San Francisco,075,870044,35693,35657,1223,36880,494
2021-04-08,San Joaquin,077,732212,70592,69479,3286,72765,1279
2021-04-08,San Luis Obispo,079,281455,20777,20402,647,21049,252
2021-04-08,San Mateo,081,765935,41203,40749,439,41188,350
2021-04-08,Santa Barbara,083,443738,33708,33309,1107,34416,444
2021-04-08,Santa Clara,085,1922200,115545,115487,684,116171,1905
2021-04-08,Santa Cruz,087,273765,15951,15296,804,16100,203
2021-04-08,Shasta,089,179085,11471,11466,1390,12856,186
2021-04-08,Sierra,091,2930,55,51,12,63,0
2021-04-08,Siskiyou,093,43540,1592,1511,274,1785,7
2021-04-08,Solano,095,438530,31278,31120,432,31552,238
2021-04-08,Sonoma,097,501317,29346,29410,291,29701,310
2021-04-08,Stanislaus,099,539301,53828,53401,5684,59085,706
2021-04-08,Sutter,101,95872,9189,9195,83,9278,106
2021-04-08,Tehama,103,63373,4862,4802,526,5328,52
2021-04-08,Trinity,105,12862,481,324,85,409,3
2021-04-08,Tulare,107,460477,49479,48409,8683,57092,821
2021-04-08,Tuolumne,109,53932,3943,3986,39,4025,57
2021-04-08,Ventura,111,848112,80233,79626,2910,82536,986
2021-04-08,Yolo,113,214977,13492,13468,254,13722,198
2021-04-08,Yuba,115,75493,5787,5743,115,5858,43
2021-04-07,Alameda,001,1643700,84780,84130,1842,85972,1224
2021-04-07,Alpine,003,1148,85,85,0,85,0
2021-04-07,Amador,005,37829,3610,3590,33,3623,46
2021-04-07,Butte,007,227075,11803,11405,1689,13094,193
2021-04-07,Calaveras,009,45235,2031,2022,11,2033,50
2021-04-07,Colusa,011,21464,1898,1894,278,2172,14
2021-04-07,Contra Costa,013,1133247,66528,65619,1161,66780,775
2021-04-07,Del Norte,015,27424,1243,1198,11,1209,6
2021-04-07,El Dorado,017,186661,9618,9500,656,10156,106
2021-04-07,Fresno,019,978130,100531,99865,8369,108234,1627
2021-04-07,Glenn,021,27897,2365,2337,535,2872,17
2021-04-07,Humboldt,023,135768,3511,3484,25,3509,35
2021-04-07,Imperial,025,180216,27893,27704,2628,30332,713
2021-04-07,Inyo,027,18085,1389,1386,11,1397,36
2021-04-07,Kern,029,883053,95790,94456,10442,104898,1275
2021-04-07,Kings,031,150075,22840,22589,1042,23631,243
2021-04-07,Lake,033,64148,3393,3358,9,3367,43
2021-04-07,Lassen,035,31185,5154,5137,104,5241,1
2021-04-07,Los Angeles,037,10098052,1193102,1183862,40274,1224136,23372
2021-04-07,Madera,039,155013,16275,16090,910,17000,231
2021-04-07,Marin,041,260295,13769,13688,228,13916,225
2021-04-07,Mariposa,043,17540,398,391,6,397,5
2021-04-07,Mendocino,045,87422,3777,3691,74,3765,45
2021-04-07,Merced,047,269075,30094,30132,1007,31139,430
2021-04-07,Modoc,049,8938,364,351,119,470,3
2021-04-07,Mono,051,14174,1237,1246,17,1263,3
2021-04-07,Monterey,053,433212,42678,42427,1798,44225,341
2021-04-07,Napa,055,140530,9576,9556,34,9590,80
2021-04-07,Nevada,057,99092,4427,4364,185,4549,69
2021-04-07,Orange,059,3164182,252262,250378,10958,261336,4778
2021-04-07,Placer,061,380077,21981,21227,1315,22542,276
2021-04-07,Plumas,063,18699,675,665,10,675,4
2021-04-07,Riverside,065,2383286,290572,283749,13781,297530,4285
2021-04-07,Sacramento,067,1510023,100438,99202,1486,100688,1544
2021-04-07,San Benito,069,59416,5924,5912,104,6016,62
2021-04-07,San Bernardino,071,2135413,290251,286978,8825,295803,4433
2021-04-07,San Diego,073,3302833,273265,272195,13824,286019,3588
2021-04-07,San Francisco,075,870044,35653,35618,1219,36837,493
2021-04-07,San Joaquin,077,732212,70522,69375,3281,72656,1278
2021-04-07,San Luis Obispo,079,281455,20751,20373,644,21017,252
2021-04-07,San Mateo,081,765935,41159,40693,439,41132,350
2021-04-07,Santa Barbara,083,443738,33682,33289,1104,34393,444
2021-04-07,Santa Clara,085,1922200,115413,115311,682,115993,1900
2021-04-07,Santa Cruz,087,273765,15940,15275,804,16079,203
2021-04-07,Shasta,089,179085,11459,11456,1385,12841,184
2021-04-07,Sierra,091,2930,55,51,12,63,0
2021-04-07,Siskiyou,093,43540,1586,1512,273,1785,7
2021-04-07,Solano,095,438530,31227,31097,431,31528,238
2021-04-07,Sonoma,097,501317,29328,29394,290,29684,310
2021-04-07,Stanislaus,099,539301,53759,53344,5674,59018,686
2021-04-07,Sutter,101,95872,9186,9188,83,9271,106
2021-04-07,Tehama,103,63373,4854,4802,524,5326,52
2021-04-07,Trinity,105,12862,481,322,85,407,3
2021-04-07,Tulare,107,460477,49464,48386,8673,57059,820
2021-04-07,Tuolumne,109,53932,3941,3982,39,4021,57
2021-04-07,Ventura,111,848112,80199,79595,2908,82503,986
2021-04-07,Yolo,113,214977,13477,13450,252,13702,198
2021-04-07,Yuba,115,75493,5783,5737,115,5852,43
2021-04-06,Alameda,001,1643700,84667,84091,1839,85930,1223
2021-04-06,Alpine,003,1148,85,85,0,85,0
2021-04-06,Amador,005,37829,3609,3587,33,3620,45
2021-04-06,Butte,007,227075,11788,11396,1687,13083,193
2021-04-06,Calaveras,009,45235,2027,2021,11,2032,50
2021-04-06,Colusa,011,21464,1896,1894,276,2170,14
2021-04-06,Contra Costa,013,1133247,66450,65575,1160,66735,774
2021-04-06,Del Norte,015,27424,1238,1197,11,1208,6
2021-04-06,El Dorado,017,186661,9588,9489,654,10143,106
2021-04-06,Fresno,019,978130,100467,99814,8363,108177,1626
2021-04-06,Glenn,021,27897,2364,2335,534,2869,17
2021-04-06,Humboldt,023,135768,3502,3477,25,3502,35
2021-04-06,Imperial,025,180216,27859,27661,2618,30279,713
2021-04-06,Inyo,027,18085,1389,1379,11,1390,36
2021-04-06,Kern,029,883053,95746,94422,10436,104858,1259
2021-04-06,Kings,031,150075,22834,22587,1042,23629,240
2021-04-06,Lake,033,64148,3390,3358,9,3367,43
2021-04-06,Lassen,035,31185,5152,5137,104,5241,1
2021-04-06,Los Angeles,037,10098052,1192589,1183499,40235,1223734,23323
2021-04-06,Madera,039,155013,16255,16085,905,16990,230
2021-04-06,Marin,041,260295,13760,13675,224,13899,224
2021-04-06,Mariposa,043,17540,398,390,6,396,5
2021-04-06,Mendocino,045,87422,3775,3686,74,3760,45
2021-04-06,Merced,047,269075,30065,30100,1002,31102,430
2021-04-06,Modoc,049,8938,363,351,119,470,3
2021-04-06,Mono,051,14174,1237,1246,17,1263,3
2021-04-06,Monterey,053,433212,42669,42412,1797,44209,341
2021-04-06,Napa,055,140530,9557,9509,34,9543,78
2021-04-06,Nevada,057,99092,4417,4356,183,4539,69
2021-04-06,Orange,059,3164182,252153,250304,10944,261248,4771
2021-04-06,Placer,061,380077,21933,21184,1313,22497,276
2021-04-06,Plumas,063,18699,675,665,10,675,4
2021-04-06,Riverside,065,2383286,290391,283622,13770,297392,4264
2021-04-06,Sacramento,067,1510023,100229,99110,1480,100590,1537
2021-04-06,San Benito,069,59416,5915,5907,104,6011,62
2021-04-06,San Bernardino,071,2135413,290136,286792,8815,295607,4428
2021-04-06,San Diego,073,3302833,273003,271867,13796,285663,3585
2021-04-06,San Francisco,075,870044,35610,35572,1219,36791,488
2021-04-06,San Joaquin,077,732212,70439,69316,3269,72585,1278
2021-04-06,San Luis Obispo,079,281455,20729,20350,641,20991,252
2021-04-06,San Mateo,081,765935,41111,40649,438,41087,350
2021-04-06,Santa Barbara,083,443738,33664,33257,1103,34360,443
2021-04-06,Santa Clara,085,1922200,115242,115184,681,115865,1900
2021-04-06,Santa Cruz,087,273765,15930,15252,804,16056,203
2021-04-06,Shasta,089,179085,11438,11443,1383,12826,184
2021-04-06,Sierra,091,2930,55,51,12,63,0
2021-04-06,Siskiyou,093,43540,1582,1510,272,1782,7
2021-04-06,Solano,095,438530,31180,31078,430,31508,237
2021-04-06,Sonoma,097,501317,29303,29386,288,29674,311
2021-04-06,Stanislaus,099,539301,53702,53304,5668,58972,686
2021-04-06,Sutter,101,95872,9176,9179,83,9262,106
2021-04-06,Tehama,103,63373,4845,4798,524,5322,52
2021-04-06,Trinity,105,12862,481,321,85,406,3
2021-04-06,Tulare,107,460477,49421,48372,8669,57041,819
2021-04-06,Tuolumne,109,53932,3941,3981,39,4020,57
2021-04-06,Ventura,111,848112,80162,79556,2906,82462,983
2021-04-06,Yolo,113,214977,13464,13443,251,13694,198
2021-04-06,Yuba,115,75493,5779,5733,114,5847,43
2021-04-05,Alameda,001,1643700,84551,84007,1835,85842,1219
2021-04-05,Alpine,003,1148,85,85,0,85,0
2021-04-05,Amador,005,37829,3606,3584,33,3617,45
2021-04-05,Butte,007,227075,11773,11384,1686,13070,193
2021-04-05,Calaveras,009,45235,2025,2019,11,2030,50
2021-04-05,Colusa,011,21464,1896,1894,275,2169,14
2021-04-05,Contra Costa,013,1133247,66384,65457,1158,66615,774
2021-04-05,Del Norte,015,27424,1236,1189,11,1200,6
2021-04-05,El Dorado,017,186661,9573,9463,654,10117,106
2021-04-05,Fresno,019,978130,100379,99755,8355,108110,1622
2021-04-05,Glenn,021,27897,2363,2335,534,2869,17
2021-04-05,Humboldt,023,135768,3493,3475,25,3500,35
2021-04-05,Imperial,025,180216,27827,27604,2613,30217,710
2021-04-05,Inyo,027,18085,1386,1377,11,1388,36
2021-04-05,Kern,029,883053,95691,94401,10411,104812,1249
2021-04-05,Kings,031,150075,22830,22580,1042,23622,239
2021-04-05,Lake,033,64148,3382,3359,9,3368,43
2021-04-05,Lassen,035,31185,5152,5138,103,5241,1
2021-04-05,Los Angeles,037,10098052,1192053,1183200,40185,1223385,23302
2021-04-05,Madera,039,155013,16241,16065,904,16969,230
2021-04-05,Marin,041,260295,13746,13666,220,13886,221
2021-04-05,Mariposa,043,17540,398,390,6,396,5
2021-04-05,Mendocino,045,87422,3773,3687,74,3761,45
2021-04-05,Merced,047,269075,30039,30068,1000,31068,427
2021-04-05,Modoc,049,8938,361,346,119,465,3
2021-04-05,Mono,051,14174,1237,1246,17,1263,3
2021-04-05,Monterey,053,433212,42656,42396,1793,44189,341
2021-04-05,Napa,055,140530,9534,9492,34,9526,78
2021-04-05,Nevada,057,99092,4406,4346,183,4529,69
2021-04-05,Orange,059,3164182,252038,250177,10920,261097,4759
2021-04-05,Placer,061,380077,21887,21133,1306,22439,276
2021-04-05,Plumas,063,18699,675,666,10,676,4
2021-04-05,Riverside,065,2383286,290254,283549,13758,297307,4237
2021-04-05,Sacramento,067,1510023,100067,98908,1472,100380,1533
2021-04-05,San Benito,069,59416,5909,5904,104,6008,61
2021-04-05,San Bernardino,071,2135413,290026,286597,8812,295409,4425
2021-04-05,San Diego,073,3302833,272754,271655,13755,285410,3583
2021-04-05,San Francisco,075,870044,35579,35538,1219,36757,488
2021-04-05,San Joaquin,077,732212,70350,69214,3260,72474,1268
2021-04-05,San Luis Obispo,079,281455,20692,20333,641,20974,252
2021-04-05,San Mateo,081,765935,41067,40609,437,41046,350
2021-04-05,Santa Barbara,083,443738,33629,33235,1103,34338,443
2021-04-05,Santa Clara,085,1922200,115075,115091,678,115769,1893
2021-04-05,Santa Cruz,087,273765,15923,15228,804,16032,201
2021-04-05,Shasta,089,179085,11417,11435,1380,12815,184
2021-04-05,Sierra,091,2930,55,50,12,62,0
2021-04-05,Siskiyou,093,43540,1579,1509,270,1779,7
2021-04-05,Solano,095,438530,31139,31026,428,31454,237
2021-04-05,Sonoma,097,501317,29271,29361,286,29647,311
2021-04-05,Stanislaus,099,539301,53622,53238,5665,58903,686
2021-04-05,Sutter,101,95872,9169,9169,83,9252,106
2021-04-05,Tehama,103,63373,4839,4794,524,5318,52
2021-04-05,Trinity,105,12862,480,321,85,406,3
2021-04-05,Tulare,107,460477,49409,48356,8662,57018,818
2021-04-05,Tuolumne,109,53932,3940,3980,39,4019,57
2021-04-05,Ventura,111,848112,80131,79549,2903,82452,983
2021-04-05,Yolo,113,214977,13450,13427,250,13677,198
2021-04-05,Yuba,115,75493,5774,5728,113,5841,43
2021-04-04,Alameda,001,1643700,84433,83951,1831,85782,1219
2021-04-04,Alpine,003,1148,85,85,0,85,0
2021-04-04,Amador,005,37829,3600,3582,33,3615,45
2021-04-04,Butte,007,227075,11758,11375,1685,13060,193
2021-04-04,Calaveras,009,45235,2021,2020,11,2031,50
2021-04-04,Colusa,011,21464,1895,1893,275,2168,14
2021-04-04,Contra Costa,013,1133247,66278,65408,1153,66561,774
2021-04-04,Del Norte,015,27424,1228,1186,11,1197,6
2021-04-04,El Dorado,017,186661,9554,9455,650,10105,106
2021-04-04,Fresno,019,978130,100305,99702,8342,108044,1622
2021-04-04,Glenn,021,27897,2360,2335,533,2868,17
2021-04-04,Humboldt,023,135768,3482,3472,25,3497,35
2021-04-04,Imperial,025,180216,27771,27588,2611,30199,710
2021-04-04,Inyo,027,18085,1382,1377,11,1388,36
2021-04-04,Kern,029,883053,95647,94388,10390,104778,1247
2021-04-04,Kings,031,150075,22828,22580,1041,23621,239
2021-04-04,Lake,033,64148,3376,3355,8,3363,43
2021-04-04,Lassen,035,31185,5150,5138,103,5241,1
2021-04-04,Los Angeles,037,10098052,1191508,1182872,40141,1223013,23301
2021-04-04,Madera,039,155013,16215,16052,900,16952,230
2021-04-04,Marin,041,260295,13733,13663,219,13882,221
2021-04-04,Mariposa,043,17540,398,390,6,396,5
2021-04-04,Mendocino,045,87422,3770,3684,74,3758,45
2021-04-04,Merced,047,269075,29996,30048,997,31045,427
2021-04-04,Modoc,049,8938,361,346,119,465,3
2021-04-04,Mono,051,14174,1236,1245,17,1262,3
2021-04-04,Monterey,053,433212,42639,42391,1792,44183,341
2021-04-04,Napa,055,140530,9522,9486,34,9520,78
2021-04-04,Nevada,057,99092,4394,4337,183,4520,69
2021-04-04,Orange,059,3164182,251904,250117,10904,261021,4759
2021-04-04,Placer,061,380077,21840,21104,1288,22392,276
2021-04-04,Plumas,063,18699,675,666,10,676,4
2021-04-04,Riverside,065,2383286,290128,283537,13754,297291,4237
2021-04-04,Sacramento,067,1510023,99868,98821,1463,100284,1531
2021-04-04,San Benito,069,59416,5899,5901,100,6001,61
2021-04-04,San Bernardino,071,2135413,289886,286561,8804,295365,4423
2021-04-04,San Diego,073,3302833,272442,271528,13714,285242,3583
2021-04-04,San Francisco,075,870044,35525,35525,1216,36741,488
2021-04-04,San Joaquin,077,732212,70249,69147,3248,72395,1268
2021-04-04,San Luis Obispo,079,281455,20660,20328,633,20961,252
2021-04-04,San Mateo,081,765935,41024,40587,434,41021,350
2021-04-04,Santa Barbara,083,443738,33593,33213,1103,34316,443
2021-04-04,Santa Clara,085,1922200,114909,114976,671,115647,1893
2021-04-04,Santa Cruz,087,273765,15914,15219,804,16023,201
2021-04-04,Shasta,089,179085,11391,11433,1379,12812,184
2021-04-04,Sierra,091,2930,55,50,12,62,0
2021-04-04,Siskiyou,093,43540,1576,1509,266,1775,7
2021-04-04,Solano,095,438530,31092,31002,426,31428,237
2021-04-04,Sonoma,097,501317,29239,29340,284,29624,311
2021-04-04,Stanislaus,099,539301,53529,53181,5657,58838,686
2021-04-04,Sutter,101,95872,9162,9164,83,9247,106
2021-04-04,Tehama,103,63373,4827,4792,523,5315,52
2021-04-04,Trinity,105,12862,478,321,85,406,3
2021-04-04,Tulare,107,460477,49393,48343,8654,56997,818
2021-04-04,Tuolumne,109,53932,3932,3980,39,4019,57
2021-04-04,Ventura,111,848112,80088,79526,2901,82427,983
2021-04-04,Yolo,113,214977,13429,13425,249,13674,198
2021-04-04,Yuba,115,75493,5767,5722,113,5835,43
2021-04-03,Alameda,001,1643700,84366,83861,1829,85690,1218
2021-04-03,Alpine,003,1148,85,85,0,85,0
2021-04-03,Amador,005,37829,3597,3577,33,3610,45
2021-04-03,Butte,007,227075,11754,11359,1681,13040,193
2021-04-03,Calaveras,009,45235,2019,2019,11,2030,50
2021-04-03,Colusa,011,21464,1895,1891,275,2166,14
2021-04-03,Contra Costa,013,1133247,66206,65338,1153,66491,774
2021-04-03,Del Norte,015,27424,1223,1183,11,1194,6
2021-04-03,El Dorado,017,186661,9545,9448,649,10097,106
2021-04-03,Fresno,019,978130,100248,99602,8336,107938,1622
2021-04-03,Glenn,021,27897,2359,2334,532,2866,17
2021-04-03,Humboldt,023,135768,3480,3467,25,3492,35
2021-04-03,Imperial,025,180216,27755,27572,2608,30180,710
2021-04-03,Inyo,027,18085,1381,1376,11,1387,36
2021-04-03,Kern,029,883053,95621,94369,10374,104743,1243
2021-04-03,Kings,031,150075,22826,22580,1041,23621,239
2021-04-03,Lake,033,64148,3375,3350,8,3358,43
2021-04-03,Lassen,035,31185,5149,5136,103,5239,1
2021-04-03,Los Angeles,037,10098052,1191204,1182402,40124,1222526,23301
2021-04-03,Madera,039,155013,16206,16051,898,16949,230
2021-04-03,Marin,041,260295,13725,13658,218,13876,221
2021-04-03,Mariposa,043,17540,398,390,5,395,5
2021-04-03,Mendocino,045,87422,3769,3684,74,3758,45
2021-04-03,Merced,047,269075,29981,30031,997,31028,427
2021-04-03,Modoc,049,8938,361,346,119,465,3
2021-04-03,Mono,051,14174,1236,1245,17,1262,3
2021-04-03,Monterey,053,433212,42626,42376,1790,44166,341
2021-04-03,Napa,055,140530,9513,9473,34,9507,78
2021-04-03,Nevada,057,99092,4390,4323,183,4506,69
2021-04-03,Orange,059,3164182,251824,249982,10886,260868,4755
2021-04-03,Placer,061,380077,21809,21060,1284,22344,276
2021-04-03,Plumas,063,18699,675,666,10,676,4
2021-04-03,Riverside,065,2383286,290050,283423,13751,297174,4237
2021-04-03,Sacramento,067,1510023,99760,98660,1457,100117,1531
2021-04-03,San Benito,069,59416,5896,5893,99,5992,61
2021-04-03,San Bernardino,071,2135413,289821,286473,8798,295271,4422
2021-04-03,San Diego,073,3302833,272273,271335,13697,285032,3571
2021-04-03,San Francisco,075,870044,35506,35488,1214,36702,489
2021-04-03,San Joaquin,077,732212,70208,69100,3232,72332,1268
2021-04-03,San Luis Obispo,079,281455,20641,20301,633,20934,252
2021-04-03,San Mateo,081,765935,40999,40560,434,40994,350
2021-04-03,Santa Barbara,083,443738,33567,33172,1102,34274,443
2021-04-03,Santa Clara,085,1922200,114801,114865,669,115534,1893
2021-04-03,Santa Cruz,087,273765,15907,15205,804,16009,201
2021-04-03,Shasta,089,179085,11383,11418,1379,12797,184
2021-04-03,Sierra,091,2930,55,50,12,62,0
2021-04-03,Siskiyou,093,43540,1575,1509,266,1775,7
2021-04-03,Solano,095,438530,31071,30970,423,31393,237
2021-04-03,Sonoma,097,501317,29223,29315,283,29598,311
2021-04-03,Stanislaus,099,539301,53494,53137,5651,58788,686
2021-04-03,Sutter,101,95872,9156,9158,83,9241,106
2021-04-03,Tehama,103,63373,4819,4788,523,5311,52
2021-04-03,Trinity,105,12862,478,321,85,406,3
2021-04-03,Tulare,107,460477,49383,48327,8650,56977,818
2021-04-03,Tuolumne,109,53932,3932,3980,39,4019,57
2021-04-03,Ventura,111,848112,80067,79489,2899,82388,983
2021-04-03,Yolo,113,214977,13423,13414,249,13663,198
2021-04-03,Yuba,115,75493,5761,5716,113,5829,43
2021-04-02,Alameda,001,1643700,84293,83776,1826,85602,1217
2021-04-02,Alpine,003,1148,85,85,0,85,0
2021-04-02,Amador,005,37829,3593,3573,32,3605,45
2021-04-02,Butte,007,227075,11746,11350,1681,13031,193
2021-04-02,Calaveras,009,45235,2017,2010,11,2021,50
2021-04-02,Colusa,011,21464,1895,1891,275,2166,14
2021-04-02,Contra Costa,013,1133247,66142,65299,1152,66451,774
2021-04-02,Del Norte,015,27424,1220,1174,11,1185,6
2021-04-02,El Dorado,017,186661,9532,9437,646,10083,106
2021-04-02,Fresno,019,978130,100194,99551,8325,107876,1620
2021-04-02,Glenn,021,27897,2359,2331,532,2863,17
2021-04-02,Humboldt,023,135768,3476,3465,25,3490,35
2021-04-02,Imperial,025,180216,27743,27553,2602,30155,710
2021-04-02,Inyo,027,18085,1381,1377,11,1388,36
2021-04-02,Kern,029,883053,95603,94348,10371,104719,1233
2021-04-02,Kings,031,150075,22826,22571,1038,23609,239
2021-04-02,Lake,033,64148,3373,3348,8,3356,43
2021-04-02,Lassen,035,31185,5149,5134,103,5237,1
2021-04-02,Los Angeles,037,10098052,1190894,1181682,40102,1221784,23264
2021-04-02,Madera,039,155013,16197,16036,897,16933,230
2021-04-02,Marin,041,260295,13717,13649,218,13867,221
2021-04-02,Mariposa,043,17540,396,390,5,395,5
2021-04-02,Mendocino,045,87422,3766,3682,74,3756,45
2021-04-02,Merced,047,269075,29956,29998,997,30995,426
2021-04-02,Modoc,049,8938,358,346,119,465,3
2021-04-02,Mono,051,14174,1236,1246,17,1263,3
2021-04-02,Monterey,053,433212,42616,42359,1787,44146,341
2021-04-02,Napa,055,140530,9498,9453,34,9487,78
2021-04-02,Nevada,057,99092,4386,4323,183,4506,69
2021-04-02,Orange,059,3164182,251728,249891,10874,260765,4748
2021-04-02,Placer,061,380077,21773,21035,1278,22313,275
2021-04-02,Plumas,063,18699,675,666,10,676,4
2021-04-02,Riverside,065,2383286,289964,283328,13742,297070,4213
2021-04-02,Sacramento,067,1510023,99653,98648,1450,100098,1527
2021-04-02,San Benito,069,59416,5894,5888,97,5985,61
2021-04-02,San Bernardino,071,2135413,289748,286308,8794,295102,4417
2021-04-02,San Diego,073,3302833,272086,271036,13671,284707,3568
2021-04-02,San Francisco,075,870044,35471,35451,1212,36663,488
2021-04-02,San Joaquin,077,732212,70143,68996,3217,72213,1268
2021-04-02,San Luis Obispo,079,281455,20624,20271,632,20903,252
2021-04-02,San Mateo,081,765935,40957,40514,434,40948,350
2021-04-02,Santa Barbara,083,443738,33539,33145,1102,34247,443
2021-04-02,Santa Clara,085,1922200,114690,114777,667,115444,1882
2021-04-02,Santa Cruz,087,273765,15899,15216,804,16020,202
2021-04-02,Shasta,089,179085,11378,11377,1371,12748,181
2021-04-02,Sierra,091,2930,55,50,12,62,0
2021-04-02,Siskiyou,093,43540,1575,1508,265,1773,7
2021-04-02,Solano,095,438530,31042,30951,420,31371,237
2021-04-02,Sonoma,097,501317,29202,29288,282,29570,311
2021-04-02,Stanislaus,099,539301,53449,53073,5645,58718,687
2021-04-02,Sutter,101,95872,9148,9131,83,9214,106
2021-04-02,Tehama,103,63373,4812,4775,522,5297,52
2021-04-02,Trinity,105,12862,478,320,85,405,3
2021-04-02,Tulare,107,460477,49377,48306,8644,56950,818
2021-04-02,Tuolumne,109,53932,3929,3980,39,4019,57
2021-04-02,Ventura,111,848112,80039,79434,2897,82331,982
2021-04-02,Yolo,113,214977,13413,13381,249,13630,197
2021-04-02,Yuba,115,75493,5757,5709,113,5822,44
2021-04-01,Alameda,001,1643700,84214,83574,1821,85395,1216
2021-04-01,Alpine,003,1148,85,85,0,85,0
2021-04-01,Amador,005,37829,3589,3558,32,3590,45
2021-04-01,Butte,007,227075,11728,11328,1679,13007,193
2021-04-01,Calaveras,009,45235,2014,2006,11,2017,50
2021-04-01,Colusa,011,21464,1892,1890,275,2165,14
2021-04-01,Contra Costa,013,1133247,66082,65176,1150,66326,771
2021-04-01,Del Norte,015,27424,1215,1138,11,1149,6
2021-04-01,El Dorado,017,186661,9523,9393,642,10035,106
2021-04-01,Fresno,019,978130,100141,99317,8317,107634,1616
2021-04-01,Glenn,021,27897,2359,2322,531,2853,17
2021-04-01,Humboldt,023,135768,3472,3464,25,3489,35
2021-04-01,Imperial,025,180216,27713,27520,2596,30116,710
2021-04-01,Inyo,027,18085,1380,1374,11,1385,36
2021-04-01,Kern,029,883053,95567,94244,10359,104603,1233
2021-04-01,Kings,031,150075,22819,22560,1037,23597,239
2021-04-01,Lake,033,64148,3368,3337,8,3345,43
2021-04-01,Lassen,035,31185,5148,5132,103,5235,1
2021-04-01,Los Angeles,037,10098052,1190402,1181101,40073,1221174,23220
2021-04-01,Madera,039,155013,16181,16023,897,16920,230
2021-04-01,Marin,041,260295,13707,13635,218,13853,221
2021-04-01,Mariposa,043,17540,394,389,5,394,5
2021-04-01,Mendocino,045,87422,3766,3680,74,3754,45
2021-04-01,Merced,047,269075,29923,29820,997,30817,425
2021-04-01,Modoc,049,8938,357,346,119,465,3
2021-04-01,Mono,051,14174,1236,1245,17,1262,3
2021-04-01,Monterey,053,433212,42608,42324,1785,44109,339
2021-04-01,Napa,055,140530,9486,9410,34,9444,78
2021-04-01,Nevada,057,99092,4376,4288,182,4470,68
2021-04-01,Orange,059,3164182,251608,249617,10857,260474,4742
2021-04-01,Placer,061,380077,21734,20909,1266,22175,274
2021-04-01,Plumas,063,18699,675,664,10,674,4
2021-04-01,Riverside,065,2383286,289859,283128,13739,296867,4193
2021-04-01,Sacramento,067,1510023,99509,97952,1436,99388,1521
2021-04-01,San Benito,069,59416,5886,5878,96,5974,61
2021-04-01,San Bernardino,071,2135413,289631,286086,8785,294871,4404
2021-04-01,San Diego,073,3302833,271863,270540,13641,284181,3555
2021-04-01,San Francisco,075,870044,35450,35386,1209,36595,488
2021-04-01,San Joaquin,077,732212,70061,68802,3209,72011,1262
2021-04-01,San Luis Obispo,079,281455,20595,20235,631,20866,252
2021-04-01,San Mateo,081,765935,40916,40454,434,40888,350
2021-04-01,Santa Barbara,083,443738,33492,33096,1097,34193,443
2021-04-01,Santa Clara,085,1922200,114577,114606,666,115272,1874
2021-04-01,Santa Cruz,087,273765,15884,15271,804,16075,202
2021-04-01,Shasta,089,179085,11363,11355,1366,12721,181
2021-04-01,Sierra,091,2930,55,50,12,62,0
2021-04-01,Siskiyou,093,43540,1573,1507,264,1771,7
2021-04-01,Solano,095,438530,31009,30850,417,31267,237
2021-04-01,Sonoma,097,501317,29171,29241,275,29516,311
2021-04-01,Stanislaus,099,539301,53386,52825,5639,58464,687
2021-04-01,Sutter,101,95872,9136,9105,83,9188,106
2021-04-01,Tehama,103,63373,4806,4764,519,5283,52
2021-04-01,Trinity,105,12862,478,319,85,404,3
2021-04-01,Tulare,107,460477,49354,48279,8634,56913,817
2021-04-01,Tuolumne,109,53932,3927,3978,39,4017,57
2021-04-01,Ventura,111,848112,80015,79369,2896,82265,977
2021-04-01,Yolo,113,214977,13400,13342,249,13591,197
2021-04-01,Yuba,115,75493,5752,5694,113,5807,44
2021-03-31,Alameda,001,1643700,84132,83475,1816,85291,1215
2021-03-31,Alpine,003,1148,85,85,0,85,0
2021-03-31,Amador,005,37829,3586,3556,32,3588,45
2021-03-31,Butte,007,227075,11718,11321,1676,12997,193
2021-03-31,Calaveras,009,45235,2012,2005,11,2016,50
2021-03-31,Colusa,011,21464,1892,1890,275,2165,14
2021-03-31,Contra Costa,013,1133247,65997,65109,1149,66258,769
2021-03-31,Del Norte,015,27424,1206,1129,11,1140,6
2021-03-31,El Dorado,017,186661,9506,9390,642,10032,106
2021-03-31,Fresno,019,978130,100048,99240,8300,107540,1616
2021-03-31,Glenn,021,27897,2355,2318,529,2847,17
2021-03-31,Humboldt,023,135768,3466,3460,25,3485,35
2021-03-31,Imperial,025,180216,27693,27506,2595,30101,710
2021-03-31,Inyo,027,18085,1377,1373,10,1383,35
2021-03-31,Kern,029,883053,95524,94205,10350,104555,1229
2021-03-31,Kings,031,150075,22816,22540,1037,23577,239
2021-03-31,Lake,033,64148,3364,3332,8,3340,43
2021-03-31,Lassen,035,31185,5144,5132,103,5235,1
2021-03-31,Los Angeles,037,10098052,1189933,1180538,40034,1220572,23171
2021-03-31,Madera,039,155013,16167,16015,896,16911,229
2021-03-31,Marin,041,260295,13696,13624,218,13842,221
2021-03-31,Mariposa,043,17540,394,389,5,394,5
2021-03-31,Mendocino,045,87422,3760,3675,74,3749,45
2021-03-31,Merced,047,269075,29894,29780,997,30777,423
2021-03-31,Modoc,049,8938,357,346,119,465,3
2021-03-31,Mono,051,14174,1236,1245,17,1262,3
2021-03-31,Monterey,053,433212,42591,42309,1783,44092,338
2021-03-31,Napa,055,140530,9468,9401,34,9435,78
2021-03-31,Nevada,057,99092,4370,4283,182,4465,68
2021-03-31,Orange,059,3164182,251497,249518,10842,260360,4731
2021-03-31,Placer,061,380077,21684,20885,1259,22144,271
2021-03-31,Plumas,063,18699,674,663,10,673,4
2021-03-31,Riverside,065,2383286,289757,283006,13729,296735,4171
2021-03-31,Sacramento,067,1510023,99334,97760,1429,99189,1519
2021-03-31,San Benito,069,59416,5876,5875,96,5971,61
2021-03-31,San Bernardino,071,2135413,289537,285916,8782,294698,4356
2021-03-31,San Diego,073,3302833,271631,270288,13606,283894,3555
2021-03-31,San Francisco,075,870044,35405,35347,1208,36555,474
2021-03-31,San Joaquin,077,732212,69972,68685,3193,71878,1259
2021-03-31,San Luis Obispo,079,281455,20573,20215,630,20845,251
2021-03-31,San Mateo,081,765935,40886,40423,434,40857,350
2021-03-31,Santa Barbara,083,443738,33460,33052,1095,34147,443
2021-03-31,Santa Clara,085,1922200,114450,114499,666,115165,1874
2021-03-31,Santa Cruz,087,273765,15871,15295,803,16098,201
2021-03-31,Shasta,089,179085,11351,11327,1358,12685,179
2021-03-31,Sierra,091,2930,55,50,12,62,0
2021-03-31,Siskiyou,093,43540,1572,1505,264,1769,7
2021-03-31,Solano,095,438530,30963,30824,416,31240,235
2021-03-31,Sonoma,097,501317,29144,29216,275,29491,311
2021-03-31,Stanislaus,099,539301,53318,52782,5627,58409,687
2021-03-31,Sutter,101,95872,9125,9111,83,9194,106
2021-03-31,Tehama,103,63373,4801,4762,517,5279,52
2021-03-31,Trinity,105,12862,478,319,85,404,3
2021-03-31,Tulare,107,460477,49334,48261,8618,56879,816
2021-03-31,Tuolumne,109,53932,3926,3976,39,4015,57
2021-03-31,Ventura,111,848112,79983,79326,2892,82218,969
2021-03-31,Yolo,113,214977,13383,13359,248,13607,197
2021-03-31,Yuba,115,75493,5745,5686,113,5799,44
2021-03-30,Alameda,001,1643700,84032,83395,1813,85208,1211
2021-03-30,Alpine,003,1148,85,85,0,85,0
2021-03-30,Amador,005,37829,3583,3551,32,3583,45
2021-03-30,Butte,007,227075,11706,11296,1673,12969,193
2021-03-30,Calaveras,009,45235,2008,1997,11,2008,50
2021-03-30,Colusa,011,21464,1891,1890,274,2164,14
2021-03-30,Contra Costa,013,1133247,65908,65041,1147,66188,767
2021-03-30,Del Norte,015,27424,1198,1118,10,1128,6
2021-03-30,El Dorado,017,186661,9487,9381,639,10020,105
2021-03-30,Fresno,019,978130,99983,99156,8287,107443,1609
2021-03-30,Glenn,021,27897,2355,2310,528,2838,17
2021-03-30,Humboldt,023,135768,3464,3461,25,3486,35
2021-03-30,Imperial,025,180216,27665,27471,2593,30064,706
2021-03-30,Inyo,027,18085,1377,1374,10,1384,35
2021-03-30,Kern,029,883053,95482,94151,10341,104492,1221
2021-03-30,Kings,031,150075,22812,22530,1035,23565,238
2021-03-30,Lake,033,64148,3358,3330,8,3338,43
2021-03-30,Lassen,035,31185,5144,5132,103,5235,1
2021-03-30,Los Angeles,037,10098052,1189437,1180044,40011,1220055,23136
2021-03-30,Madera,039,155013,16157,16003,892,16895,229
2021-03-30,Marin,041,260295,13687,13611,210,13821,221
2021-03-30,Mariposa,043,17540,394,388,5,393,5
2021-03-30,Mendocino,045,87422,3758,3670,74,3744,45
2021-03-30,Merced,047,269075,29857,29731,997,30728,423
2021-03-30,Modoc,049,8938,356,346,119,465,3
2021-03-30,Mono,051,14174,1235,1245,17,1262,3
2021-03-30,Monterey,053,433212,42565,42308,1781,44089,338
2021-03-30,Napa,055,140530,9453,9391,34,9425,78
2021-03-30,Nevada,057,99092,4358,4266,181,4447,68
2021-03-30,Orange,059,3164182,251368,249412,10815,260227,4727
2021-03-30,Placer,061,380077,21644,20866,1253,22119,271
2021-03-30,Plumas,063,18699,674,661,10,671,4
2021-03-30,Riverside,065,2383286,289632,282930,13720,296650,4154
2021-03-30,Sacramento,067,1510023,99197,97718,1425,99143,1516
2021-03-30,San Benito,069,59416,5870,5870,96,5966,61
2021-03-30,San Bernardino,071,2135413,289428,285758,8773,294531,4343
2021-03-30,San Diego,073,3302833,271392,269998,13568,283566,3555
2021-03-30,San Francisco,075,870044,35355,35325,1207,36532,474
2021-03-30,San Joaquin,077,732212,69884,68613,3183,71796,1232
2021-03-30,San Luis Obispo,079,281455,20553,20194,630,20824,251
2021-03-30,San Mateo,081,765935,40842,40377,434,40811,349
2021-03-30,Santa Barbara,083,443738,33435,33016,1095,34111,441
2021-03-30,Santa Clara,085,1922200,114327,114413,665,115078,1873
2021-03-30,Santa Cruz,087,273765,15865,15278,803,16081,201
2021-03-30,Shasta,089,179085,11343,11316,1357,12673,184
2021-03-30,Sierra,091,2930,55,50,12,62,0
2021-03-30,Siskiyou,093,43540,1571,1501,264,1765,7
2021-03-30,Solano,095,438530,30933,30802,415,31217,232
2021-03-30,Sonoma,097,501317,29112,29198,275,29473,311
2021-03-30,Stanislaus,099,539301,53240,52690,5619,58309,677
2021-03-30,Sutter,101,95872,9121,9107,82,9189,106
2021-03-30,Tehama,103,63373,4792,4748,516,5264,52
2021-03-30,Trinity,105,12862,478,316,85,401,3
2021-03-30,Tulare,107,460477,49319,48249,8609,56858,815
2021-03-30,Tuolumne,109,53932,3921,3972,39,4011,57
2021-03-30,Ventura,111,848112,79939,79282,2889,82171,958
2021-03-30,Yolo,113,214977,13370,13353,248,13601,195
2021-03-30,Yuba,115,75493,5734,5679,107,5786,42
2021-03-29,Alameda,001,1643700,83930,83338,1811,85149,1211
2021-03-29,Alpine,003,1148,85,85,0,85,0
2021-03-29,Amador,005,37829,3577,3549,32,3581,45
2021-03-29,Butte,007,227075,11697,11291,1670,12961,191
2021-03-29,Calaveras,009,45235,2006,1998,11,2009,50
2021-03-29,Colusa,011,21464,1891,1889,273,2162,14
2021-03-29,Contra Costa,013,1133247,65839,64971,1146,66117,767
2021-03-29,Del Norte,015,27424,1193,1116,9,1125,6
2021-03-29,El Dorado,017,186661,9467,9374,633,10007,105
2021-03-29,Fresno,019,978130,99900,99085,8272,107357,1606
2021-03-29,Glenn,021,27897,2348,2310,528,2838,17
2021-03-29,Humboldt,023,135768,3459,3459,25,3484,34
2021-03-29,Imperial,025,180216,27644,27442,2591,30033,704
2021-03-29,Inyo,027,18085,1377,1372,10,1382,35
2021-03-29,Kern,029,883053,95435,94098,10321,104419,1220
2021-03-29,Kings,031,150075,22800,22522,1034,23556,238
2021-03-29,Lake,033,64148,3355,3325,8,3333,43
2021-03-29,Lassen,035,31185,5144,5131,103,5234,1
2021-03-29,Los Angeles,037,10098052,1188940,1179736,39971,1219707,23108
2021-03-29,Madera,039,155013,16137,15987,890,16877,210
2021-03-29,Marin,041,260295,13675,13600,206,13806,220
2021-03-29,Mariposa,043,17540,393,388,5,393,5
2021-03-29,Mendocino,045,87422,3755,3667,74,3741,45
2021-03-29,Merced,047,269075,29833,29699,997,30696,422
2021-03-29,Modoc,049,8938,355,344,119,463,3
2021-03-29,Mono,051,14174,1234,1243,17,1260,3
2021-03-29,Monterey,053,433212,42549,42305,1776,44081,337
2021-03-29,Napa,055,140530,9437,9379,34,9413,78
2021-03-29,Nevada,057,99092,4351,4258,181,4439,68
2021-03-29,Orange,059,3164182,251256,249295,10803,260098,4713
2021-03-29,Placer,061,380077,21609,20827,1246,22073,267
2021-03-29,Plumas,063,18699,673,660,10,670,4
2021-03-29,Riverside,065,2383286,289529,282867,13719,296586,4133
2021-03-29,Sacramento,067,1510023,99003,97577,1417,98994,1514
2021-03-29,San Benito,069,59416,5863,5865,96,5961,61
2021-03-29,San Bernardino,071,2135413,289331,285615,8769,294384,4335
2021-03-29,San Diego,073,3302833,271126,269771,13542,283313,3547
2021-03-29,San Francisco,075,870044,35320,35291,1204,36495,474
2021-03-29,San Joaquin,077,732212,69798,68537,3170,71707,1211
2021-03-29,San Luis Obispo,079,281455,20518,20176,629,20805,250
2021-03-29,San Mateo,081,765935,40800,40357,433,40790,348
2021-03-29,Santa Barbara,083,443738,33401,32983,1094,34077,439
2021-03-29,Santa Clara,085,1922200,114219,114335,660,114995,1871
2021-03-29,Santa Cruz,087,273765,15854,15249,802,16051,201
2021-03-29,Shasta,089,179085,11325,11313,1355,12668,183
2021-03-29,Sierra,091,2930,55,50,12,62,0
2021-03-29,Siskiyou,093,43540,1569,1497,263,1760,6
2021-03-29,Solano,095,438530,30894,30762,413,31175,232
2021-03-29,Sonoma,097,501317,29089,29184,272,29456,310
2021-03-29,Stanislaus,099,539301,53157,52614,5611,58225,677
2021-03-29,Sutter,101,95872,9114,9105,82,9187,106
2021-03-29,Tehama,103,63373,4784,4742,515,5257,52
2021-03-29,Trinity,105,12862,478,314,85,399,3
2021-03-29,Tulare,107,460477,49291,48226,8598,56824,815
2021-03-29,Tuolumne,109,53932,3919,3969,39,4008,57
2021-03-29,Ventura,111,848112,79897,79252,2889,82141,956
2021-03-29,Yolo,113,214977,13351,13346,248,13594,195
2021-03-29,Yuba,115,75493,5727,5671,106,5777,42
2021-03-28,Alameda,001,1643700,83809,83239,1809,85048,1212
2021-03-28,Alpine,003,1148,85,85,0,85,0
2021-03-28,Amador,005,37829,3573,3541,32,3573,45
2021-03-28,Butte,007,227075,11684,11285,1668,12953,191
2021-03-28,Calaveras,009,45235,2004,1995,11,2006,50
2021-03-28,Colusa,011,21464,1890,1889,273,2162,14
2021-03-28,Contra Costa,013,1133247,65765,64878,1142,66020,767
2021-03-28,Del Norte,015,27424,1186,1107,7,1114,6
2021-03-28,El Dorado,017,186661,9452,9371,631,10002,105
2021-03-28,Fresno,019,978130,99818,99004,8260,107264,1606
2021-03-28,Glenn,021,27897,2344,2309,526,2835,17
2021-03-28,Humboldt,023,135768,3456,3452,24,3476,34
2021-03-28,Imperial,025,180216,27617,27426,2588,30014,704
2021-03-28,Inyo,027,18085,1376,1372,10,1382,35
2021-03-28,Kern,029,883053,95390,94084,10310,104394,1219
2021-03-28,Kings,031,150075,22795,22514,1031,23545,238
2021-03-28,Lake,033,64148,3350,3320,8,3328,43
2021-03-28,Lassen,035,31185,5144,5131,102,5233,1
2021-03-28,Los Angeles,037,10098052,1188388,1179316,39913,1219229,23101
2021-03-28,Madera,039,155013,16122,15973,889,16862,210
2021-03-28,Marin,041,260295,13662,13594,204,13798,221
2021-03-28,Mariposa,043,17540,393,388,5,393,5
2021-03-28,Mendocino,045,87422,3753,3666,74,3740,45
2021-03-28,Merced,047,269075,29776,29679,997,30676,422
2021-03-28,Modoc,049,8938,355,344,119,463,3
2021-03-28,Mono,051,14174,1233,1242,17,1259,3
2021-03-28,Monterey,053,433212,42526,42294,1772,44066,337
2021-03-28,Napa,055,140530,9423,9368,34,9402,78
2021-03-28,Nevada,057,99092,4337,4239,181,4420,68
2021-03-28,Orange,059,3164182,251101,249238,10793,260031,4713
2021-03-28,Placer,061,380077,21565,20796,1240,22036,267
2021-03-28,Plumas,063,18699,671,657,10,667,4
2021-03-28,Riverside,065,2383286,289415,282811,13710,296521,4132
2021-03-28,Sacramento,067,1510023,98829,97425,1411,98836,1514
2021-03-28,San Benito,069,59416,5858,5862,96,5958,61
2021-03-28,San Bernardino,071,2135413,289211,285570,8760,294330,4332
2021-03-28,San Diego,073,3302833,270850,269476,13513,282989,3547
2021-03-28,San Francisco,075,870044,35274,35286,1200,36486,474
2021-03-28,San Joaquin,077,732212,69673,68459,3151,71610,1211
2021-03-28,San Luis Obispo,079,281455,20483,20172,626,20798,250
2021-03-28,San Mateo,081,765935,40755,40305,433,40738,348
2021-03-28,Santa Barbara,083,443738,33359,32953,1093,34046,439
2021-03-28,Santa Clara,085,1922200,114119,114232,656,114888,1871
2021-03-28,Santa Cruz,087,273765,15839,15238,801,16039,201
2021-03-28,Shasta,089,179085,11299,11308,1344,12652,183
2021-03-28,Sierra,091,2930,55,50,12,62,0
2021-03-28,Siskiyou,093,43540,1569,1497,262,1759,6
2021-03-28,Solano,095,438530,30857,30719,411,31130,232
2021-03-28,Sonoma,097,501317,29053,29161,270,29431,310
2021-03-28,Stanislaus,099,539301,53069,52567,5596,58163,678
2021-03-28,Sutter,101,95872,9105,9094,82,9176,106
2021-03-28,Tehama,103,63373,4774,4740,513,5253,52
2021-03-28,Trinity,105,12862,476,314,84,398,3
2021-03-28,Tulare,107,460477,49262,48218,8592,56810,815
2021-03-28,Tuolumne,109,53932,3916,3969,38,4007,57
2021-03-28,Ventura,111,848112,79846,79222,2884,82106,956
2021-03-28,Yolo,113,214977,13334,13325,247,13572,194
2021-03-28,Yuba,115,75493,5723,5662,106,5768,42
2021-03-27,Alameda,001,1643700,83738,83169,1805,84974,1211
2021-03-27,Alpine,003,1148,85,85,0,85,0
2021-03-27,Amador,005,37829,3568,3538,32,3570,45
2021-03-27,Butte,007,227075,11677,11278,1667,12945,191
2021-03-27,Calaveras,009,45235,2001,1992,11,2003,50
2021-03-27,Colusa,011,21464,1890,1889,273,2162,14
2021-03-27,Contra Costa,013,1133247,65695,64804,1139,65943,767
2021-03-27,Del Norte,015,27424,1176,1104,7,1111,6
2021-03-27,El Dorado,017,186661,9438,9367,631,9998,105
2021-03-27,Fresno,019,978130,99765,98901,8254,107155,1606
2021-03-27,Glenn,021,27897,2343,2308,526,2834,17
2021-03-27,Humboldt,023,135768,3451,3442,24,3466,34
2021-03-27,Imperial,025,180216,27605,27406,2585,29991,704
2021-03-27,Inyo,027,18085,1374,1372,10,1382,35
2021-03-27,Kern,029,883053,95370,94041,10298,104339,1217
2021-03-27,Kings,031,150075,22792,22502,1031,23533,238
2021-03-27,Lake,033,64148,3348,3317,8,3325,43
2021-03-27,Lassen,035,31185,5144,5129,102,5231,1
2021-03-27,Los Angeles,037,10098052,1188073,1178831,39887,1218718,23103
2021-03-27,Madera,039,155013,16115,15968,887,16855,210
2021-03-27,Marin,041,260295,13657,13579,204,13783,222
2021-03-27,Mariposa,043,17540,393,386,5,391,5
2021-03-27,Mendocino,045,87422,3751,3666,74,3740,45
2021-03-27,Merced,047,269075,29743,29647,995,30642,422
2021-03-27,Modoc,049,8938,355,344,119,463,3
2021-03-27,Mono,051,14174,1231,1241,17,1258,3
2021-03-27,Monterey,053,433212,42516,42271,1772,44043,337
2021-03-27,Napa,055,140530,9411,9360,34,9394,78
2021-03-27,Nevada,057,99092,4327,4231,181,4412,68
2021-03-27,Orange,059,3164182,251008,249160,10777,259937,4698
2021-03-27,Placer,061,380077,21545,20717,1233,21950,267
2021-03-27,Plumas,063,18699,670,655,10,665,4
2021-03-27,Riverside,065,2383286,289353,282707,13702,296409,4132
2021-03-27,Sacramento,067,1510023,98739,97247,1409,98656,1513
2021-03-27,San Benito,069,59416,5856,5862,94,5956,61
2021-03-27,San Bernardino,071,2135413,289148,285480,8758,294238,4325
2021-03-27,San Diego,073,3302833,270679,269271,13491,282762,3540
2021-03-27,San Francisco,075,870044,35251,35244,1198,36442,474
2021-03-27,San Joaquin,077,732212,69613,68365,3143,71508,1211
2021-03-27,San Luis Obispo,079,281455,20472,20153,623,20776,250
2021-03-27,San Mateo,081,765935,40732,40264,433,40697,348
2021-03-27,Santa Barbara,083,443738,33336,32921,1093,34014,439
2021-03-27,Santa Clara,085,1922200,114023,114124,654,114778,1871
2021-03-27,Santa Cruz,087,273765,15833,15215,801,16016,201
2021-03-27,Shasta,089,179085,11288,11288,1342,12630,183
2021-03-27,Sierra,091,2930,55,50,12,62,0
2021-03-27,Siskiyou,093,43540,1569,1497,262,1759,6
2021-03-27,Solano,095,438530,30829,30669,410,31079,232
2021-03-27,Sonoma,097,501317,29038,29133,268,29401,310
2021-03-27,Stanislaus,099,539301,53004,52497,5588,58085,678
2021-03-27,Sutter,101,95872,9098,9093,82,9175,106
2021-03-27,Tehama,103,63373,4768,4738,511,5249,52
2021-03-27,Trinity,105,12862,476,313,84,397,3
2021-03-27,Tulare,107,460477,49246,48203,8584,56787,813
2021-03-27,Tuolumne,109,53932,3913,3968,38,4006,57
2021-03-27,Ventura,111,848112,79819,79184,2882,82066,956
2021-03-27,Yolo,113,214977,13329,13317,246,13563,194
2021-03-27,Yuba,115,75493,5721,5657,106,5763,42
2021-03-26,Alameda,001,1643700,83676,83043,1803,84846,1208
2021-03-26,Alpine,003,1148,85,85,0,85,0
2021-03-26,Amador,005,37829,3563,3532,32,3564,45
2021-03-26,Butte,007,227075,11667,11278,1667,12945,191
2021-03-26,Calaveras,009,45235,1998,1989,11,2000,50
2021-03-26,Colusa,011,21464,1890,1889,273,2162,14
2021-03-26,Contra Costa,013,1133247,65635,64699,1136,65835,761
2021-03-26,Del Norte,015,27424,1173,1101,7,1108,6
2021-03-26,El Dorado,017,186661,9433,9353,631,9984,105
2021-03-26,Fresno,019,978130,99703,98731,8244,106975,1601
2021-03-26,Glenn,021,27897,2343,2307,525,2832,17
2021-03-26,Humboldt,023,135768,3449,3431,24,3455,34
2021-03-26,Imperial,025,180216,27581,27374,2585,29959,701
2021-03-26,Inyo,027,18085,1373,1369,10,1379,35
2021-03-26,Kern,029,883053,95344,93949,10292,104241,1211
2021-03-26,Kings,031,150075,22784,22493,1029,23522,239
2021-03-26,Lake,033,64148,3347,3314,8,3322,43
2021-03-26,Lassen,035,31185,5143,5131,102,5233,1
2021-03-26,Los Angeles,037,10098052,1187735,1178213,39874,1218087,23080
2021-03-26,Madera,039,155013,16105,15952,887,16839,210
2021-03-26,Marin,041,260295,13651,13553,199,13752,221
2021-03-26,Mariposa,043,17540,393,386,5,391,5
2021-03-26,Mendocino,045,87422,3750,3664,74,3738,45
2021-03-26,Merced,047,269075,29720,29613,993,30606,419
2021-03-26,Modoc,049,8938,355,344,119,463,3
2021-03-26,Mono,051,14174,1230,1236,17,1253,3
2021-03-26,Monterey,053,433212,42503,42241,1768,44009,338
2021-03-26,Napa,055,140530,9401,9349,34,9383,78
2021-03-26,Nevada,057,99092,4307,4222,181,4403,83
2021-03-26,Orange,059,3164182,250945,248995,10763,259758,4671
2021-03-26,Placer,061,380077,21519,20679,1232,21911,259
2021-03-26,Plumas,063,18699,669,654,10,664,4
2021-03-26,Riverside,065,2383286,289275,282602,13696,296298,4109
2021-03-26,Sacramento,067,1510023,98639,97040,1404,98444,1509
2021-03-26,San Benito,069,59416,5853,5855,94,5949,61
2021-03-26,San Bernardino,071,2135413,289092,285313,8756,294069,4288
2021-03-26,San Diego,073,3302833,270501,269045,13465,282510,3525
2021-03-26,San Francisco,075,870044,35225,35186,1198,36384,472
2021-03-26,San Joaquin,077,732212,69550,68249,3139,71388,1202
2021-03-26,San Luis Obispo,079,281455,20459,20118,623,20741,250
2021-03-26,San Mateo,081,765935,40697,40199,433,40632,348
2021-03-26,Santa Barbara,083,443738,33306,32895,1092,33987,439
2021-03-26,Santa Clara,085,1922200,113925,113959,653,114612,1868
2021-03-26,Santa Cruz,087,273765,15818,15199,800,15999,201
2021-03-26,Shasta,089,179085,11279,11276,1336,12612,182
2021-03-26,Sierra,091,2930,55,50,12,62,0
2021-03-26,Siskiyou,093,43540,1569,1493,261,1754,6
2021-03-26,Solano,095,438530,30804,30640,410,31050,205
2021-03-26,Sonoma,097,501317,29022,29101,265,29366,310
2021-03-26,Stanislaus,099,539301,52936,52420,5584,58004,678
2021-03-26,Sutter,101,95872,9095,9082,82,9164,104
2021-03-26,Tehama,103,63373,4767,4722,510,5232,51
2021-03-26,Trinity,105,12862,476,311,84,395,3
2021-03-26,Tulare,107,460477,49231,48179,8576,56755,813
2021-03-26,Tuolumne,109,53932,3912,3965,38,4003,57
2021-03-26,Ventura,111,848112,79785,79122,2880,82002,953
2021-03-26,Yolo,113,214977,13322,13299,244,13543,194
2021-03-26,Yuba,115,75493,5711,5653,106,5759,42
2021-03-25,Alameda,001,1643700,83581,82945,1801,84746,1206
2021-03-25,Alpine,003,1148,85,84,0,84,0
2021-03-25,Amador,005,37829,3561,3530,32,3562,45
2021-03-25,Butte,007,227075,11657,11270,1667,12937,188
2021-03-25,Calaveras,009,45235,1997,1982,11,1993,50
2021-03-25,Colusa,011,21464,1890,1888,273,2161,14
2021-03-25,Contra Costa,013,1133247,65568,64606,1132,65738,757
2021-03-25,Del Norte,015,27424,1167,1095,7,1102,6
2021-03-25,El Dorado,017,186661,9423,9331,631,9962,105
2021-03-25,Fresno,019,978130,99585,98602,8231,106833,1593
2021-03-25,Glenn,021,27897,2342,2302,524,2826,17
2021-03-25,Humboldt,023,135768,3444,3423,24,3447,34
2021-03-25,Imperial,025,180216,27565,27352,2584,29936,699
2021-03-25,Inyo,027,18085,1373,1369,10,1379,35
2021-03-25,Kern,029,883053,95312,93857,10287,104144,1206
2021-03-25,Kings,031,150075,22774,22472,1029,23501,237
2021-03-25,Lake,033,64148,3342,3312,8,3320,43
2021-03-25,Lassen,035,31185,5143,5129,102,5231,1
2021-03-25,Los Angeles,037,10098052,1187298,1177490,39839,1217329,23051
2021-03-25,Madera,039,155013,16086,15937,885,16822,210
2021-03-25,Marin,041,260295,13641,13538,196,13734,219
2021-03-25,Mariposa,043,17540,393,386,5,391,5
2021-03-25,Mendocino,045,87422,3749,3664,74,3738,45
2021-03-25,Merced,047,269075,29686,29576,986,30562,416
2021-03-25,Modoc,049,8938,355,343,119,462,3
2021-03-25,Mono,051,14174,1230,1235,17,1252,3
2021-03-25,Monterey,053,433212,42482,42220,1763,43983,336
2021-03-25,Napa,055,140530,9382,9321,34,9355,78
2021-03-25,Nevada,057,99092,4289,4202,179,4381,84
2021-03-25,Orange,059,3164182,250829,248871,10743,259614,4655
2021-03-25,Placer,061,380077,21478,20639,1225,21864,252
2021-03-25,Plumas,063,18699,669,654,10,664,4
2021-03-25,Riverside,065,2383286,289178,282492,13685,296177,4078
2021-03-25,Sacramento,067,1510023,98494,96823,1401,98224,1505
2021-03-25,San Benito,069,59416,5850,5850,94,5944,61
2021-03-25,San Bernardino,071,2135413,289011,285134,8751,293885,4222
2021-03-25,San Diego,073,3302833,270273,268623,13434,282057,3520
2021-03-25,San Francisco,075,870044,35186,35154,1196,36350,468
2021-03-25,San Joaquin,077,732212,69453,68089,3100,71189,1196
2021-03-25,San Luis Obispo,079,281455,20441,20076,623,20699,250
2021-03-25,San Mateo,081,765935,40657,40147,433,40580,348
2021-03-25,Santa Barbara,083,443738,33279,32857,1092,33949,439
2021-03-25,Santa Clara,085,1922200,113821,113877,651,114528,1868
2021-03-25,Santa Cruz,087,273765,15797,15170,800,15970,201
2021-03-25,Shasta,089,179085,11262,11262,1333,12595,181
2021-03-25,Sierra,091,2930,55,50,12,62,0
2021-03-25,Siskiyou,093,43540,1567,1491,260,1751,6
2021-03-25,Solano,095,438530,30743,30583,408,30991,193
2021-03-25,Sonoma,097,501317,28988,29060,261,29321,310
2021-03-25,Stanislaus,099,539301,52869,52321,5577,57898,678
2021-03-25,Sutter,101,95872,9086,9069,82,9151,104
2021-03-25,Tehama,103,63373,4765,4719,509,5228,52
2021-03-25,Trinity,105,12862,476,310,84,394,3
2021-03-25,Tulare,107,460477,49204,48148,8563,56711,811
2021-03-25,Tuolumne,109,53932,3911,3962,38,4000,57
2021-03-25,Ventura,111,848112,79744,79045,2876,81921,952
2021-03-25,Yolo,113,214977,13316,13287,244,13531,194
2021-03-25,Yuba,115,75493,5705,5647,100,5747,42
2021-03-24,Alameda,001,1643700,83487,82871,1798,84669,1199
2021-03-24,Alpine,003,1148,85,84,0,84,0
2021-03-24,Amador,005,37829,3555,3529,32,3561,45
2021-03-24,Butte,007,227075,11647,11252,1663,12915,187
2021-03-24,Calaveras,009,45235,1994,1975,11,1986,50
2021-03-24,Colusa,011,21464,1890,1886,273,2159,14
2021-03-24,Contra Costa,013,1133247,65488,64539,1131,65670,755
2021-03-24,Del Norte,015,27424,1162,1087,7,1094,6
2021-03-24,El Dorado,017,186661,9417,9319,630,9949,105
2021-03-24,Fresno,019,978130,99495,98437,8216,106653,1585
2021-03-24,Glenn,021,27897,2341,2297,523,2820,17
2021-03-24,Humboldt,023,135768,3441,3414,24,3438,34
2021-03-24,Imperial,025,180216,27556,27325,2584,29909,699
2021-03-24,Inyo,027,18085,1373,1368,10,1378,35
2021-03-24,Kern,029,883053,95264,93800,10278,104078,1198
2021-03-24,Kings,031,150075,22759,22456,1027,23483,237
2021-03-24,Lake,033,64148,3338,3307,8,3315,43
2021-03-24,Lassen,035,31185,5141,5130,101,5231,1
2021-03-24,Los Angeles,037,10098052,1186815,1177015,39805,1216820,22993
2021-03-24,Madera,039,155013,16077,15918,884,16802,210
2021-03-24,Marin,041,260295,13627,13526,194,13720,219
2021-03-24,Mariposa,043,17540,393,384,5,389,5
2021-03-24,Mendocino,045,87422,3746,3660,74,3734,45
2021-03-24,Merced,047,269075,29645,29525,986,30511,415
2021-03-24,Modoc,049,8938,354,341,119,460,3
2021-03-24,Mono,051,14174,1229,1243,17,1260,3
2021-03-24,Monterey,053,433212,42460,42201,1760,43961,335
2021-03-24,Napa,055,140530,9362,9310,34,9344,78
2021-03-24,Nevada,057,99092,4274,4191,178,4369,85
2021-03-24,Orange,059,3164182,250715,248775,10725,259500,4638
2021-03-24,Placer,061,380077,21448,20606,1217,21823,250
2021-03-24,Plumas,063,18699,667,652,10,662,4
2021-03-24,Riverside,065,2383286,289094,282410,13682,296092,4058
2021-03-24,Sacramento,067,1510023,98319,96628,1389,98017,1500
2021-03-24,San Benito,069,59416,5849,5847,94,5941,61
2021-03-24,San Bernardino,071,2135413,288924,284983,8749,293732,4170
2021-03-24,San Diego,073,3302833,270059,268413,13406,281819,3509
2021-03-24,San Francisco,075,870044,35158,35103,1193,36296,462
2021-03-24,San Joaquin,077,732212,69382,67978,3088,71066,1196
2021-03-24,San Luis Obispo,079,281455,20411,20021,622,20643,250
2021-03-24,San Mateo,081,765935,40607,40083,433,40516,348
2021-03-24,Santa Barbara,083,443738,33251,32810,1092,33902,438
2021-03-24,Santa Clara,085,1922200,113705,113757,648,114405,1851
2021-03-24,Santa Cruz,087,273765,15783,15138,799,15937,202
2021-03-24,Shasta,089,179085,11243,11243,1331,12574,181
2021-03-24,Sierra,091,2930,55,50,12,62,0
2021-03-24,Siskiyou,093,43540,1565,1490,260,1750,6
2021-03-24,Solano,095,438530,30706,30552,407,30959,178
2021-03-24,Sonoma,097,501317,28968,29034,257,29291,310
2021-03-24,Stanislaus,099,539301,52793,52259,5568,57827,677
2021-03-24,Sutter,101,95872,9070,9049,82,9131,104
2021-03-24,Tehama,103,63373,4759,4719,508,5227,49
2021-03-24,Trinity,105,12862,475,310,84,394,3
2021-03-24,Tulare,107,460477,49193,48109,8550,56659,808
2021-03-24,Tuolumne,109,53932,3910,3961,38,3999,57
2021-03-24,Ventura,111,848112,79692,78993,2869,81862,944
2021-03-24,Yolo,113,214977,13304,13269,244,13513,194
2021-03-24,Yuba,115,75493,5699,5634,97,5731,42
2021-03-23,Alameda,001,1643700,83384,82799,1794,84593,1190
2021-03-23,Alpine,003,1148,85,84,0,84,0
2021-03-23,Amador,005,37829,3549,3524,32,3556,45
2021-03-23,Butte,007,227075,11635,11227,1662,12889,187
2021-03-23,Calaveras,009,45235,1992,1971,11,1982,50
2021-03-23,Colusa,011,21464,1888,1885,272,2157,14
2021-03-23,Contra Costa,013,1133247,65389,64491,1130,65621,750
2021-03-23,Del Norte,015,27424,1157,1082,7,1089,6
2021-03-23,El Dorado,017,186661,9407,9318,627,9945,105
2021-03-23,Fresno,019,978130,99381,98362,8190,106552,1575
2021-03-23,Glenn,021,27897,2336,2293,521,2814,17
2021-03-23,Humboldt,023,135768,3432,3405,24,3429,34
2021-03-23,Imperial,025,180216,27548,27320,2584,29904,699
2021-03-23,Inyo,027,18085,1371,1364,10,1374,35
2021-03-23,Kern,029,883053,95157,93728,10271,103999,1191
2021-03-23,Kings,031,150075,22748,22439,1025,23464,237
2021-03-23,Lake,033,64148,3336,3294,8,3302,43
2021-03-23,Lassen,035,31185,5141,5130,101,5231,1
2021-03-23,Los Angeles,037,10098052,1186295,1176572,39767,1216339,22904
2021-03-23,Madera,039,155013,16061,15908,883,16791,210
2021-03-23,Marin,041,260295,13604,13514,192,13706,221
2021-03-23,Mariposa,043,17540,392,384,5,389,5
2021-03-23,Mendocino,045,87422,3744,3652,74,3726,45
2021-03-23,Merced,047,269075,29612,29485,986,30471,415
2021-03-23,Modoc,049,8938,353,342,119,461,3
2021-03-23,Mono,051,14174,1228,1263,17,1280,3
2021-03-23,Monterey,053,433212,42449,42180,1758,43938,335
2021-03-23,Napa,055,140530,9337,9299,34,9333,78
2021-03-23,Nevada,057,99092,4255,4179,177,4356,89
2021-03-23,Orange,059,3164182,250588,248661,10707,259368,4626
2021-03-23,Placer,061,380077,21413,20567,1213,21780,248
2021-03-23,Plumas,063,18699,667,652,10,662,4
2021-03-23,Riverside,065,2383286,288994,282317,13675,295992,4035
2021-03-23,Sacramento,067,1510023,98127,96521,1383,97904,1496
2021-03-23,San Benito,069,59416,5844,5845,93,5938,61
2021-03-23,San Bernardino,071,2135413,288839,284875,8741,293616,4134
2021-03-23,San Diego,073,3302833,269814,268156,13374,281530,3498
2021-03-23,San Francisco,075,870044,35100,35071,1187,36258,462
2021-03-23,San Joaquin,077,732212,69286,67903,3070,70973,1182
2021-03-23,San Luis Obispo,079,281455,20370,20009,621,20630,250
2021-03-23,San Mateo,081,765935,40551,40032,432,40464,348
2021-03-23,Santa Barbara,083,443738,33213,32771,1091,33862,438
2021-03-23,Santa Clara,085,1922200,113589,113645,645,114290,1848
2021-03-23,Santa Cruz,087,273765,15768,15106,799,15905,201
2021-03-23,Shasta,089,179085,11230,11234,1330,12564,175
2021-03-23,Sierra,091,2930,55,50,12,62,0
2021-03-23,Siskiyou,093,43540,1560,1485,258,1743,6
2021-03-23,Solano,095,438530,30665,30524,406,30930,178
2021-03-23,Sonoma,097,501317,28931,29020,256,29276,310
2021-03-23,Stanislaus,099,539301,52694,52148,5560,57708,677
2021-03-23,Sutter,101,95872,9062,9039,82,9121,104
2021-03-23,Tehama,103,63373,4750,4707,507,5214,46
2021-03-23,Trinity,105,12862,475,310,84,394,3
2021-03-23,Tulare,107,460477,49166,48095,8534,56629,808
2021-03-23,Tuolumne,109,53932,3907,3957,38,3995,57
2021-03-23,Ventura,111,848112,79631,78930,2866,81796,932
2021-03-23,Yolo,113,214977,13293,13255,244,13499,194
2021-03-23,Yuba,115,75493,5694,5628,97,5725,42
2021-03-22,Alameda,001,1643700,83291,82748,1788,84536,1189
2021-03-22,Alpine,003,1148,84,83,0,83,0
2021-03-22,Amador,005,37829,3541,3522,32,3554,44
2021-03-22,Butte,007,227075,11626,11211,1660,12871,185
2021-03-22,Calaveras,009,45235,1988,1963,11,1974,49
2021-03-22,Colusa,011,21464,1886,1885,272,2157,13
2021-03-22,Contra Costa,013,1133247,65294,64432,1128,65560,740
2021-03-22,Del Norte,015,27424,1151,1082,7,1089,6
2021-03-22,El Dorado,017,186661,9391,9310,624,9934,105
2021-03-22,Fresno,019,978130,99283,98276,8177,106453,1556
2021-03-22,Glenn,021,27897,2328,2291,521,2812,17
2021-03-22,Humboldt,023,135768,3427,3403,24,3427,34
2021-03-22,Imperial,025,180216,27533,27302,2580,29882,699
2021-03-22,Inyo,027,18085,1368,1363,10,1373,35
2021-03-22,Kern,029,883053,95086,93675,10254,103929,1178
2021-03-22,Kings,031,150075,22735,22433,1020,23453,236
2021-03-22,Lake,033,64148,3335,3290,8,3298,43
2021-03-22,Lassen,035,31185,5139,5129,101,5230,1
2021-03-22,Los Angeles,037,10098052,1185776,1176205,39736,1215941,22843
2021-03-22,Madera,039,155013,16046,15904,883,16787,210
2021-03-22,Marin,041,260295,13595,13501,191,13692,221
2021-03-22,Mariposa,043,17540,391,381,5,386,5
2021-03-22,Mendocino,045,87422,3742,3653,74,3727,45
2021-03-22,Merced,047,269075,29569,29468,983,30451,413
2021-03-22,Modoc,049,8938,351,342,119,461,3
2021-03-22,Mono,051,14174,1223,1263,17,1280,3
2021-03-22,Monterey,053,433212,42433,42161,1756,43917,335
2021-03-22,Napa,055,140530,9326,9288,34,9322,77
2021-03-22,Nevada,057,99092,4245,4174,173,4347,89
2021-03-22,Orange,059,3164182,250437,248517,10673,259190,4599
2021-03-22,Placer,061,380077,21378,20543,1208,21751,242
2021-03-22,Plumas,063,18699,667,652,10,662,4
2021-03-22,Riverside,065,2383286,288894,282242,13664,295906,4009
2021-03-22,Sacramento,067,1510023,97949,96385,1374,97759,1493
2021-03-22,San Benito,069,59416,5841,5844,92,5936,61
2021-03-22,San Bernardino,071,2135413,288751,284771,8729,293500,4107
2021-03-22,San Diego,073,3302833,269602,267913,13354,281267,3494
2021-03-22,San Francisco,075,870044,35058,35040,1183,36223,462
2021-03-22,San Joaquin,077,732212,69194,67815,3052,70867,1182
2021-03-22,San Luis Obispo,079,281455,20346,20000,620,20620,250
2021-03-22,San Mateo,081,765935,40500,40024,431,40455,348
2021-03-22,Santa Barbara,083,443738,33169,32756,1089,33845,437
2021-03-22,Santa Clara,085,1922200,113469,113575,645,114220,1845
2021-03-22,Santa Cruz,087,273765,15756,15077,798,15875,201
2021-03-22,Shasta,089,179085,11216,11218,1329,12547,150
2021-03-22,Sierra,091,2930,55,50,12,62,0
2021-03-22,Siskiyou,093,43540,1559,1487,257,1744,5
2021-03-22,Solano,095,438530,30625,30490,402,30892,171
2021-03-22,Sonoma,097,501317,28902,29010,252,29262,310
2021-03-22,Stanislaus,099,539301,52610,52083,5555,57638,677
2021-03-22,Sutter,101,95872,9049,9024,82,9106,104
2021-03-22,Tehama,103,63373,4742,4704,507,5211,45
2021-03-22,Trinity,105,12862,475,310,84,394,3
2021-03-22,Tulare,107,460477,49151,48074,8514,56588,807
2021-03-22,Tuolumne,109,53932,3904,3954,38,3992,57
2021-03-22,Ventura,111,848112,79585,78890,2863,81753,927
2021-03-22,Yolo,113,214977,13281,13243,243,13486,190
2021-03-22,Yuba,115,75493,5683,5627,95,5722,42
2021-03-21,Alameda,001,1643700,83201,82684,1785,84469,1187
2021-03-21,Alpine,003,1148,84,83,0,83,0
2021-03-21,Amador,005,37829,3537,3519,32,3551,44
2021-03-21,Butte,007,227075,11610,11208,1655,12863,185
2021-03-21,Calaveras,009,45235,1982,1962,11,1973,49
2021-03-21,Colusa,011,21464,1886,1885,272,2157,13
2021-03-21,Contra Costa,013,1133247,65212,64382,1124,65506,740
2021-03-21,Del Norte,015,27424,1136,1076,7,1083,6
2021-03-21,El Dorado,017,186661,9381,9302,619,9921,105
2021-03-21,Fresno,019,978130,99169,98211,8153,106364,1556
2021-03-21,Glenn,021,27897,2325,2288,520,2808,17
2021-03-21,Humboldt,023,135768,3422,3402,24,3426,34
2021-03-21,Imperial,025,180216,27516,27267,2575,29842,699
2021-03-21,Inyo,027,18085,1368,1363,10,1373,35
2021-03-21,Kern,029,883053,95020,93649,10245,103894,1170
2021-03-21,Kings,031,150075,22718,22422,1020,23442,236
2021-03-21,Lake,033,64148,3331,3286,8,3294,43
2021-03-21,Lassen,035,31185,5139,5129,101,5230,1
2021-03-21,Los Angeles,037,10098052,1185240,1175684,39689,1215373,22834
2021-03-21,Madera,039,155013,16026,15895,881,16776,210
2021-03-21,Marin,041,260295,13579,13495,190,13685,220
2021-03-21,Mariposa,043,17540,391,381,5,386,5
2021-03-21,Mendocino,045,87422,3739,3651,74,3725,45
2021-03-21,Merced,047,269075,29509,29446,977,30423,413
2021-03-21,Modoc,049,8938,351,341,119,460,3
2021-03-21,Mono,051,14174,1218,1263,17,1280,3
2021-03-21,Monterey,053,433212,42408,42153,1753,43906,335
2021-03-21,Napa,055,140530,9306,9282,34,9316,77
2021-03-21,Nevada,057,99092,4232,4169,173,4342,89
2021-03-21,Orange,059,3164182,250304,248442,10646,259088,4598
2021-03-21,Placer,061,380077,21342,20520,1200,21720,242
2021-03-21,Plumas,063,18699,667,653,10,663,4
2021-03-21,Riverside,065,2383286,288787,282187,13653,295840,4009
2021-03-21,Sacramento,067,1510023,97755,96269,1367,97636,1489
2021-03-21,San Benito,069,59416,5835,5842,92,5934,61
2021-03-21,San Bernardino,071,2135413,288660,284732,8723,293455,4094
2021-03-21,San Diego,073,3302833,269342,267724,13328,281052,3494
2021-03-21,San Francisco,075,870044,35011,35012,1176,36188,460
2021-03-21,San Joaquin,077,732212,69072,67729,3034,70763,1182
2021-03-21,San Luis Obispo,079,281455,20314,19979,618,20597,250
2021-03-21,San Mateo,081,765935,40455,39988,430,40418,344
2021-03-21,Santa Barbara,083,443738,33130,32743,1088,33831,437
2021-03-21,Santa Clara,085,1922200,113340,113487,642,114129,1840
2021-03-21,Santa Cruz,087,273765,15749,15064,798,15862,199
2021-03-21,Shasta,089,179085,11196,11215,1328,12543,150
2021-03-21,Sierra,091,2930,55,50,12,62,0
2021-03-21,Siskiyou,093,43540,1559,1486,256,1742,5
2021-03-21,Solano,095,438530,30585,30474,399,30873,171
2021-03-21,Sonoma,097,501317,28873,28986,251,29237,310
2021-03-21,Stanislaus,099,539301,52520,52014,5553,57567,677
2021-03-21,Sutter,101,95872,9036,9021,82,9103,104
2021-03-21,Tehama,103,63373,4738,4701,507,5208,45
2021-03-21,Trinity,105,12862,473,310,84,394,3
2021-03-21,Tulare,107,460477,49135,48060,8502,56562,807
2021-03-21,Tuolumne,109,53932,3902,3953,38,3991,57
2021-03-21,Ventura,111,848112,79522,78863,2858,81721,927
2021-03-21,Yolo,113,214977,13259,13235,243,13478,190
2021-03-21,Yuba,115,75493,5673,5624,95,5719,42
2021-03-20,Alameda,001,1643700,83133,82614,1783,84397,1178
2021-03-20,Alpine,003,1148,84,83,0,83,0
2021-03-20,Amador,005,37829,3535,3518,32,3550,44
2021-03-20,Butte,007,227075,11604,11199,1653,12852,185
2021-03-20,Calaveras,009,45235,1978,1961,11,1972,49
2021-03-20,Colusa,011,21464,1886,1883,272,2155,12
2021-03-20,Contra Costa,013,1133247,65152,64313,1124,65437,713
2021-03-20,Del Norte,015,27424,1135,1075,7,1082,6
2021-03-20,El Dorado,017,186661,9375,9290,619,9909,105
2021-03-20,Fresno,019,978130,99109,98112,8146,106258,1532
2021-03-20,Glenn,021,27897,2324,2288,518,2806,17
2021-03-20,Humboldt,023,135768,3415,3399,24,3423,33
2021-03-20,Imperial,025,180216,27510,27239,2573,29812,695
2021-03-20,Inyo,027,18085,1368,1362,10,1372,35
2021-03-20,Kern,029,883053,94991,93606,10241,103847,1155
2021-03-20,Kings,031,150075,22713,22415,1019,23434,236
2021-03-20,Lake,033,64148,3327,3280,8,3288,43
2021-03-20,Lassen,035,31185,5139,5128,101,5229,1
2021-03-20,Los Angeles,037,10098052,1184938,1175290,39665,1214955,22810
2021-03-20,Madera,039,155013,16018,15891,880,16771,210
2021-03-20,Marin,041,260295,13567,13470,186,13656,220
2021-03-20,Mariposa,043,17540,390,381,5,386,5
2021-03-20,Mendocino,045,87422,3738,3639,74,3713,43
2021-03-20,Merced,047,269075,29478,29411,974,30385,412
2021-03-20,Modoc,049,8938,350,341,119,460,3
2021-03-20,Mono,051,14174,1218,1256,17,1273,3
2021-03-20,Monterey,053,433212,42399,42146,1752,43898,334
2021-03-20,Napa,055,140530,9298,9274,34,9308,77
2021-03-20,Nevada,057,99092,4221,4164,172,4336,89
2021-03-20,Orange,059,3164182,250223,248348,10635,258983,4522
2021-03-20,Placer,061,380077,21319,20505,1198,21703,242
2021-03-20,Plumas,063,18699,664,652,10,662,4
2021-03-20,Riverside,065,2383286,288712,282081,13649,295730,4000
2021-03-20,Sacramento,067,1510023,97644,96126,1364,97490,1488
2021-03-20,San Benito,069,59416,5831,5840,92,5932,61
2021-03-20,San Bernardino,071,2135413,288595,284690,8719,293409,3965
2021-03-20,San Diego,073,3302833,269171,267532,13321,280853,3493
2021-03-20,San Francisco,075,870044,34988,34968,1169,36137,453
2021-03-20,San Joaquin,077,732212,69031,67662,3027,70689,1161
2021-03-20,San Luis Obispo,079,281455,20298,19951,612,20563,250
2021-03-20,San Mateo,081,765935,40421,39958,429,40387,344
2021-03-20,Santa Barbara,083,443738,33105,32723,1087,33810,434
2021-03-20,Santa Clara,085,1922200,113248,113384,641,114025,1799
2021-03-20,Santa Cruz,087,273765,15733,15053,798,15851,199
2021-03-20,Shasta,089,179085,11190,11211,1328,12539,147
2021-03-20,Sierra,091,2930,55,50,12,62,0
2021-03-20,Siskiyou,093,43540,1559,1483,256,1739,5
2021-03-20,Solano,095,438530,30555,30439,399,30838,170
2021-03-20,Sonoma,097,501317,28858,28962,251,29213,309
2021-03-20,Stanislaus,099,539301,52464,51925,5546,57471,673
2021-03-20,Sutter,101,95872,9028,9014,82,9096,103
2021-03-20,Tehama,103,63373,4733,4696,505,5201,33
2021-03-20,Trinity,105,12862,472,310,84,394,3
2021-03-20,Tulare,107,460477,49120,48030,8485,56515,804
2021-03-20,Tuolumne,109,53932,3899,3950,38,3988,57
2021-03-20,Ventura,111,848112,79487,78818,2856,81674,922
2021-03-20,Yolo,113,214977,13255,13226,243,13469,190
2021-03-20,Yuba,115,75493,5670,5621,94,5715,42
2021-03-19,Alameda,001,1643700,83061,82499,1782,84281,1187
2021-03-19,Alpine,003,1148,83,82,0,82,0
2021-03-19,Amador,005,37829,3532,3515,32,3547,44
2021-03-19,Butte,007,227075,11596,11191,1650,12841,185
2021-03-19,Calaveras,009,45235,1977,1957,11,1968,49
2021-03-19,Colusa,011,21464,1885,1883,272,2155,12
2021-03-19,Contra Costa,013,1133247,65093,64195,1121,65316,737
2021-03-19,Del Norte,015,27424,1129,1071,5,1076,6
2021-03-19,El Dorado,017,186661,9366,9274,619,9893,105
2021-03-19,Fresno,019,978130,99025,97969,8132,106101,1527
2021-03-19,Glenn,021,27897,2324,2282,518,2800,17
2021-03-19,Humboldt,023,135768,3406,3388,24,3412,33
2021-03-19,Imperial,025,180216,27498,27218,2569,29787,695
2021-03-19,Inyo,027,18085,1366,1356,10,1366,35
2021-03-19,Kern,029,883053,94958,93534,10228,103762,1152
2021-03-19,Kings,031,150075,22704,22369,1016,23385,235
2021-03-19,Lake,033,64148,3321,3262,8,3270,43
2021-03-19,Lassen,035,31185,5139,5126,101,5227,1
2021-03-19,Los Angeles,037,10098052,1184599,1174818,39649,1214467,22752
2021-03-19,Madera,039,155013,16011,15877,879,16756,210
2021-03-19,Marin,041,260295,13555,13441,186,13627,220
2021-03-19,Mariposa,043,17540,389,380,5,385,5
2021-03-19,Mendocino,045,87422,3737,3639,74,3713,45
2021-03-19,Merced,047,269075,29451,29376,971,30347,412
2021-03-19,Modoc,049,8938,350,341,119,460,3
2021-03-19,Mono,051,14174,1216,1244,17,1261,3
2021-03-19,Monterey,053,433212,42390,42125,1750,43875,335
2021-03-19,Napa,055,140530,9286,9256,34,9290,77
2021-03-19,Nevada,057,99092,4210,4156,172,4328,88
2021-03-19,Orange,059,3164182,250123,248146,10625,258771,4501
2021-03-19,Placer,061,380077,21301,20451,1196,21647,242
2021-03-19,Plumas,063,18699,664,650,10,660,4
2021-03-19,Riverside,065,2383286,288629,281937,13644,295581,3989
2021-03-19,Sacramento,067,1510023,97541,95934,1361,97295,1486
2021-03-19,San Benito,069,59416,5831,5845,92,5937,61
2021-03-19,San Bernardino,071,2135413,288522,284501,8717,293218,4017
2021-03-19,San Diego,073,3302833,269036,267173,13311,280484,3491
2021-03-19,San Francisco,075,870044,34943,34936,1166,36102,461
2021-03-19,San Joaquin,077,732212,68961,67515,3013,70528,1180
2021-03-19,San Luis Obispo,079,281455,20278,19913,610,20523,249
2021-03-19,San Mateo,081,765935,40397,39893,429,40322,344
2021-03-19,Santa Barbara,083,443738,33075,32685,1086,33771,435
2021-03-19,Santa Clara,085,1922200,113173,113232,640,113872,1797
2021-03-19,Santa Cruz,087,273765,15726,15026,798,15824,199
2021-03-19,Shasta,089,179085,11183,11104,1326,12430,103
2021-03-19,Sierra,091,2930,54,49,12,61,0
2021-03-19,Siskiyou,093,43540,1559,1480,255,1735,5
2021-03-19,Solano,095,438530,30525,30395,397,30792,172
2021-03-19,Sonoma,097,501317,28837,28932,249,29181,292
2021-03-19,Stanislaus,099,539301,52406,51755,5543,57298,679
2021-03-19,Sutter,101,95872,9026,9005,82,9087,103
2021-03-19,Tehama,103,63373,4726,4685,505,5190,33
2021-03-19,Trinity,105,12862,472,310,84,394,3
2021-03-19,Tulare,107,460477,49097,47989,8462,56451,805
2021-03-19,Tuolumne,109,53932,3896,3946,38,3984,57
2021-03-19,Ventura,111,848112,79454,78753,2852,81605,920
2021-03-19,Yolo,113,214977,13247,13197,243,13440,189
2021-03-19,Yuba,115,75493,5667,5615,93,5708,42
2021-03-18,Alameda,001,1643700,82981,82419,1779,84198,1189
2021-03-18,Alpine,003,1148,83,82,0,82,0
2021-03-18,Amador,005,37829,3528,3513,32,3545,44
2021-03-18,Butte,007,227075,11585,11179,1648,12827,185
2021-03-18,Calaveras,009,45235,1975,1954,11,1965,49
2021-03-18,Colusa,011,21464,1885,1882,272,2154,12
2021-03-18,Contra Costa,013,1133247,65020,64103,1118,65221,739
2021-03-18,Del Norte,015,27424,1120,1059,5,1064,6
2021-03-18,El Dorado,017,186661,9353,9261,618,9879,105
2021-03-18,Fresno,019,978130,98928,97856,8117,105973,1527
2021-03-18,Glenn,021,27897,2320,2275,517,2792,17
2021-03-18,Humboldt,023,135768,3398,3381,24,3405,34
2021-03-18,Imperial,025,180216,27483,27190,2564,29754,695
2021-03-18,Inyo,027,18085,1363,1354,10,1364,35
2021-03-18,Kern,029,883053,94901,93458,10214,103672,1158
2021-03-18,Kings,031,150075,22697,22354,1015,23369,235
2021-03-18,Lake,033,64148,3318,3260,8,3268,43
2021-03-18,Lassen,035,31185,5138,5126,101,5227,1
2021-03-18,Los Angeles,037,10098052,1184166,1174205,39620,1213825,22689
2021-03-18,Madera,039,155013,15999,15860,876,16736,211
2021-03-18,Marin,041,260295,13537,13435,185,13620,219
2021-03-18,Mariposa,043,17540,387,380,5,385,5
2021-03-18,Mendocino,045,87422,3727,3630,74,3704,45
2021-03-18,Merced,047,269075,29416,29317,971,30288,410
2021-03-18,Modoc,049,8938,350,341,119,460,3
2021-03-18,Mono,051,14174,1212,1215,16,1231,3
2021-03-18,Monterey,053,433212,42378,42105,1750,43855,335
2021-03-18,Napa,055,140530,9277,9243,34,9277,77
2021-03-18,Nevada,057,99092,4203,4154,172,4326,74
2021-03-18,Orange,059,3164182,250020,248050,10612,258662,4514
2021-03-18,Placer,061,380077,21269,20421,1193,21614,243
2021-03-18,Plumas,063,18699,662,648,10,658,4
2021-03-18,Riverside,065,2383286,288548,281789,13637,295426,3957
2021-03-18,Sacramento,067,1510023,97393,95819,1357,97176,1481
2021-03-18,San Benito,069,59416,5829,5842,92,5934,61
2021-03-18,San Bernardino,071,2135413,288441,284294,8687,292981,4076
2021-03-18,San Diego,073,3302833,268883,266752,13301,280053,3478
2021-03-18,San Francisco,075,870044,34904,34904,1165,36069,461
2021-03-18,San Joaquin,077,732212,68861,67301,3001,70302,1169
2021-03-18,San Luis Obispo,079,281455,20249,19894,609,20503,249
2021-03-18,San Mateo,081,765935,40356,39874,429,40303,344
2021-03-18,Santa Barbara,083,443738,33034,32640,1086,33726,434
2021-03-18,Santa Clara,085,1922200,113056,113119,636,113755,1808
2021-03-18,Santa Cruz,087,273765,15716,14998,798,15796,198
2021-03-18,Shasta,089,179085,11169,11059,1324,12383,100
2021-03-18,Sierra,091,2930,54,49,12,61,0
2021-03-18,Siskiyou,093,43540,1556,1480,254,1734,5
2021-03-18,Solano,095,438530,30483,30352,394,30746,172
2021-03-18,Sonoma,097,501317,28816,28915,247,29162,292
2021-03-18,Stanislaus,099,539301,52334,51615,5539,57154,682
2021-03-18,Sutter,101,95872,9014,8999,82,9081,103
2021-03-18,Tehama,103,63373,4720,4683,504,5187,35
2021-03-18,Trinity,105,12862,472,310,84,394,3
2021-03-18,Tulare,107,460477,49078,47964,8447,56411,805
2021-03-18,Tuolumne,109,53932,3895,3942,38,3980,57
2021-03-18,Ventura,111,848112,79394,78697,2852,81549,918
2021-03-18,Yolo,113,214977,13234,13183,243,13426,191
2021-03-18,Yuba,115,75493,5663,5612,93,5705,42
2021-03-17,Alameda,001,1643700,82905,82353,1774,84127,1185
2021-03-17,Alpine,003,1148,83,82,0,82,0
2021-03-17,Amador,005,37829,3526,3511,32,3543,44
2021-03-17,Butte,007,227075,11576,11170,1646,12816,185
2021-03-17,Calaveras,009,45235,1972,1946,11,1957,49
2021-03-17,Colusa,011,21464,1884,1882,272,2154,12
2021-03-17,Contra Costa,013,1133247,64951,64026,1117,65143,737
2021-03-17,Del Norte,015,27424,1116,1053,5,1058,6
2021-03-17,El Dorado,017,186661,9343,9252,618,9870,105
2021-03-17,Fresno,019,978130,98817,97727,8099,105826,1507
2021-03-17,Glenn,021,27897,2313,2269,516,2785,17
2021-03-17,Humboldt,023,135768,3390,3365,24,3389,33
2021-03-17,Imperial,025,180216,27466,27168,2561,29729,691
2021-03-17,Inyo,027,18085,1361,1351,10,1361,35
2021-03-17,Kern,029,883053,94845,93392,10201,103593,1149
2021-03-17,Kings,031,150075,22681,22336,1014,23350,233
2021-03-17,Lake,033,64148,3311,3251,8,3259,43
2021-03-17,Lassen,035,31185,5137,5125,101,5226,1
2021-03-17,Los Angeles,037,10098052,1183713,1173416,39587,1213003,22602
2021-03-17,Madera,039,155013,15992,15835,876,16711,214
2021-03-17,Marin,041,260295,13520,13428,184,13612,218
2021-03-17,Mariposa,043,17540,387,379,5,384,5
2021-03-17,Mendocino,045,87422,3723,3625,74,3699,44
2021-03-17,Merced,047,269075,29388,29250,967,30217,408
2021-03-17,Modoc,049,8938,350,341,119,460,3
2021-03-17,Mono,051,14174,1210,1212,16,1228,3
2021-03-17,Monterey,053,433212,42360,42061,1747,43808,334
2021-03-17,Napa,055,140530,9262,9219,34,9253,76
2021-03-17,Nevada,057,99092,4193,4145,172,4317,74
2021-03-17,Orange,059,3164182,249901,247943,10584,258527,4502
2021-03-17,Placer,061,380077,21241,20369,1191,21560,243
2021-03-17,Plumas,063,18699,661,645,10,655,4
2021-03-17,Riverside,065,2383286,288432,281649,13629,295278,3925
2021-03-17,Sacramento,067,1510023,97265,95650,1352,97002,1477
2021-03-17,San Benito,069,59416,5826,5841,92,5933,61
2021-03-17,San Bernardino,071,2135413,288324,284170,8682,292852,4049
2021-03-17,San Diego,073,3302833,268672,266313,13283,279596,3470
2021-03-17,San Francisco,075,870044,34869,34873,1164,36037,457
2021-03-17,San Joaquin,077,732212,68776,67093,2985,70078,1164
2021-03-17,San Luis Obispo,079,281455,20226,19858,605,20463,249
2021-03-17,San Mateo,081,765935,40326,39838,428,40266,344
2021-03-17,Santa Barbara,083,443738,33012,32585,1085,33670,433
2021-03-17,Santa Clara,085,1922200,112963,112983,635,113618,1805
2021-03-17,Santa Cruz,087,273765,15708,14967,798,15765,199
2021-03-17,Shasta,089,179085,11164,11045,1321,12366,100
2021-03-17,Sierra,091,2930,54,49,12,61,0
2021-03-17,Siskiyou,093,43540,1555,1479,252,1731,5
2021-03-17,Solano,095,438530,30457,30320,392,30712,171
2021-03-17,Sonoma,097,501317,28792,28877,246,29123,292
2021-03-17,Stanislaus,099,539301,52259,51524,5532,57056,682
2021-03-17,Sutter,101,95872,9004,8982,82,9064,103
2021-03-17,Tehama,103,63373,4715,4670,504,5174,34
2021-03-17,Trinity,105,12862,472,308,84,392,3
2021-03-17,Tulare,107,460477,49058,47929,8437,56366,805
2021-03-17,Tuolumne,109,53932,3892,3938,38,3976,57
2021-03-17,Ventura,111,848112,79338,78648,2849,81497,916
2021-03-17,Yolo,113,214977,13217,13169,243,13412,190
2021-03-17,Yuba,115,75493,5660,5603,93,5696,42
2021-03-16,Alameda,001,1643700,82792,82259,1772,84031,1177
2021-03-16,Alpine,003,1148,83,82,0,82,0
2021-03-16,Amador,005,37829,3524,3510,32,3542,44
2021-03-16,Butte,007,227075,11564,11154,1645,12799,184
2021-03-16,Calaveras,009,45235,1967,1945,11,1956,49
2021-03-16,Colusa,011,21464,1883,1882,272,2154,12
2021-03-16,Contra Costa,013,1133247,64868,63951,1114,65065,736
2021-03-16,Del Norte,015,27424,1108,1048,5,1053,6
2021-03-16,El Dorado,017,186661,9328,9249,618,9867,105
2021-03-16,Fresno,019,978130,98679,97638,8078,105716,1498
2021-03-16,Glenn,021,27897,2305,2267,512,2779,17
2021-03-16,Humboldt,023,135768,3386,3351,24,3375,33
2021-03-16,Imperial,025,180216,27455,27143,2558,29701,689
2021-03-16,Inyo,027,18085,1360,1346,10,1356,35
2021-03-16,Kern,029,883053,94779,93340,10186,103526,1144
2021-03-16,Kings,031,150075,22645,22320,1013,23333,233
2021-03-16,Lake,033,64148,3303,3246,8,3254,43
2021-03-16,Lassen,035,31185,5136,5126,101,5227,1
2021-03-16,Los Angeles,037,10098052,1183180,1172676,39549,1212225,22527
2021-03-16,Madera,039,155013,15976,15822,874,16696,214
2021-03-16,Marin,041,260295,13502,13419,184,13603,218
2021-03-16,Mariposa,043,17540,384,379,5,384,5
2021-03-16,Mendocino,045,87422,3718,3623,74,3697,44
2021-03-16,Merced,047,269075,29335,29198,966,30164,407
2021-03-16,Modoc,049,8938,350,341,119,460,3
2021-03-16,Mono,051,14174,1209,1207,16,1223,3
2021-03-16,Monterey,053,433212,42341,42023,1747,43770,334
2021-03-16,Napa,055,140530,9252,9209,34,9243,75
2021-03-16,Nevada,057,99092,4184,4132,171,4303,67
2021-03-16,Orange,059,3164182,249762,247843,10565,258408,4479
2021-03-16,Placer,061,380077,21209,20339,1187,21526,240
2021-03-16,Plumas,063,18699,660,643,10,653,4
2021-03-16,Riverside,065,2383286,288318,281540,13616,295156,3893
2021-03-16,Sacramento,067,1510023,97122,95522,1348,96870,1466
2021-03-16,San Benito,069,59416,5821,5831,92,5923,61
2021-03-16,San Bernardino,071,2135413,288194,283980,8675,292655,4032
2021-03-16,San Diego,073,3302833,268440,265903,13270,279173,3462
2021-03-16,San Francisco,075,870044,34840,34833,1159,35992,456
2021-03-16,San Joaquin,077,732212,68674,66856,2972,69828,1163
2021-03-16,San Luis Obispo,079,281455,20196,19832,603,20435,248
2021-03-16,San Mateo,081,765935,40292,39806,426,40232,344
2021-03-16,Santa Barbara,083,443738,32980,32556,1084,33640,433
2021-03-16,Santa Clara,085,1922200,112845,112845,632,113477,1797
2021-03-16,Santa Cruz,087,273765,15702,14926,798,15724,199
2021-03-16,Shasta,089,179085,11148,11035,1318,12353,100
2021-03-16,Sierra,091,2930,53,49,12,61,0
2021-03-16,Siskiyou,093,43540,1552,1477,252,1729,5
2021-03-16,Solano,095,438530,30423,30298,390,30688,171
2021-03-16,Sonoma,097,501317,28759,28850,244,29094,291
2021-03-16,Stanislaus,099,539301,52179,51410,5525,56935,683
2021-03-16,Sutter,101,95872,8996,8970,82,9052,102
2021-03-16,Tehama,103,63373,4712,4660,503,5163,34
2021-03-16,Trinity,105,12862,472,308,83,391,3
2021-03-16,Tulare,107,460477,49010,47895,8429,56324,803
2021-03-16,Tuolumne,109,53932,3889,3938,38,3976,57
2021-03-16,Ventura,111,848112,79272,78671,2842,81513,916
2021-03-16,Yolo,113,214977,13202,13162,243,13405,190
2021-03-16,Yuba,115,75493,5657,5596,92,5688,42
2021-03-15,Alameda,001,1643700,82703,82159,1772,83931,1167
2021-03-15,Alpine,003,1148,83,82,0,82,0
2021-03-15,Amador,005,37829,3523,3506,32,3538,44
2021-03-15,Butte,007,227075,11551,11141,1641,12782,185
2021-03-15,Calaveras,009,45235,1966,1941,11,1952,49
2021-03-15,Colusa,011,21464,1883,1883,272,2155,12
2021-03-15,Contra Costa,013,1133247,64806,63847,1113,64960,732
2021-03-15,Del Norte,015,27424,1105,1048,5,1053,6
2021-03-15,El Dorado,017,186661,9322,9235,617,9852,103
2021-03-15,Fresno,019,978130,98552,97520,8063,105583,1496
2021-03-15,Glenn,021,27897,2300,2261,509,2770,15
2021-03-15,Humboldt,023,135768,3380,3337,24,3361,32
2021-03-15,Imperial,025,180216,27435,27122,2555,29677,684
2021-03-15,Inyo,027,18085,1360,1346,10,1356,35
2021-03-15,Kern,029,883053,94719,93266,10179,103445,1141
2021-03-15,Kings,031,150075,22628,22294,1007,23301,233
2021-03-15,Lake,033,64148,3291,3237,8,3245,43
2021-03-15,Lassen,035,31185,5136,5125,101,5226,1
2021-03-15,Los Angeles,037,10098052,1182608,1172445,39517,1211962,22477
2021-03-15,Madera,039,155013,15965,15806,872,16678,214
2021-03-15,Marin,041,260295,13496,13408,183,13591,218
2021-03-15,Mariposa,043,17540,384,376,5,381,5
2021-03-15,Mendocino,045,87422,3714,3615,74,3689,44
2021-03-15,Merced,047,269075,29297,29169,964,30133,407
2021-03-15,Modoc,049,8938,350,340,119,459,3
2021-03-15,Mono,051,14174,1208,1206,16,1222,3
2021-03-15,Monterey,053,433212,42313,42011,1744,43755,333
2021-03-15,Napa,055,140530,9241,9196,34,9230,75
2021-03-15,Nevada,057,99092,4179,4123,170,4293,66
2021-03-15,Orange,059,3164182,249649,247697,10545,258242,4481
2021-03-15,Placer,061,380077,21186,20308,1187,21495,238
2021-03-15,Plumas,063,18699,660,642,10,652,4
2021-03-15,Riverside,065,2383286,288166,281367,13606,294973,3856
2021-03-15,Sacramento,067,1510023,96969,95414,1342,96756,1463
2021-03-15,San Benito,069,59416,5818,5831,92,5923,61
2021-03-15,San Bernardino,071,2135413,288102,283815,8667,292482,4004
2021-03-15,San Diego,073,3302833,268191,265646,13254,278900,3452
2021-03-15,San Francisco,075,870044,34805,34820,1155,35975,456
2021-03-15,San Joaquin,077,732212,68570,66622,2959,69581,1140
2021-03-15,San Luis Obispo,079,281455,20165,19813,599,20412,247
2021-03-15,San Mateo,081,765935,40238,39765,426,40191,344
2021-03-15,Santa Barbara,083,443738,32957,32529,1081,33610,431
2021-03-15,Santa Clara,085,1922200,112744,112729,630,113359,1798
2021-03-15,Santa Cruz,087,273765,15696,14899,796,15695,200
2021-03-15,Shasta,089,179085,11132,11019,1313,12332,92
2021-03-15,Sierra,091,2930,53,49,12,61,0
2021-03-15,Siskiyou,093,43540,1552,1475,252,1727,5
2021-03-15,Solano,095,438530,30394,30258,389,30647,171
2021-03-15,Sonoma,097,501317,28741,28814,241,29055,285
2021-03-15,Stanislaus,099,539301,52101,51357,5518,56875,683
2021-03-15,Sutter,101,95872,8990,8962,82,9044,102
2021-03-15,Tehama,103,63373,4697,4650,502,5152,34
2021-03-15,Trinity,105,12862,472,308,83,391,3
2021-03-15,Tulare,107,460477,48980,47857,8414,56271,800
2021-03-15,Tuolumne,109,53932,3887,3937,37,3974,57
2021-03-15,Ventura,111,848112,79216,78626,2841,81467,910
2021-03-15,Yolo,113,214977,13183,13131,241,13372,190
2021-03-15,Yuba,115,75493,5652,5585,91,5676,42
2021-03-14,Alameda,001,1643700,82620,82116,1769,83885,1168
2021-03-14,Alpine,003,1148,83,82,0,82,0
2021-03-14,Amador,005,37829,3518,3504,32,3536,44
2021-03-14,Butte,007,227075,11538,11140,1637,12777,185
2021-03-14,Calaveras,009,45235,1962,1939,11,1950,49
2021-03-14,Colusa,011,21464,1883,1883,272,2155,12
2021-03-14,Contra Costa,013,1133247,64702,63808,1112,64920,731
2021-03-14,Del Norte,015,27424,1091,1048,5,1053,6
2021-03-14,El Dorado,017,186661,9312,9231,617,9848,103
2021-03-14,Fresno,019,978130,98444,97461,8045,105506,1496
2021-03-14,Glenn,021,27897,2295,2260,506,2766,15
2021-03-14,Humboldt,023,135768,3366,3335,24,3359,32
2021-03-14,Imperial,025,180216,27420,27122,2550,29672,685
2021-03-14,Inyo,027,18085,1356,1346,10,1356,35
2021-03-14,Kern,029,883053,94636,93252,10161,103413,1141
2021-03-14,Kings,031,150075,22609,22292,1005,23297,232
2021-03-14,Lake,033,64148,3286,3237,8,3245,43
2021-03-14,Lassen,035,31185,5134,5125,101,5226,1
2021-03-14,Los Angeles,037,10098052,1182037,1172100,39483,1211583,22476
2021-03-14,Madera,039,155013,15940,15804,872,16676,214
2021-03-14,Marin,041,260295,13480,13405,181,13586,218
2021-03-14,Mariposa,043,17540,382,376,5,381,5
2021-03-14,Mendocino,045,87422,3709,3613,74,3687,44
2021-03-14,Merced,047,269075,29229,29149,960,30109,407
2021-03-14,Modoc,049,8938,350,340,119,459,3
2021-03-14,Mono,051,14174,1202,1206,16,1222,3
2021-03-14,Monterey,053,433212,42289,42007,1741,43748,333
2021-03-14,Napa,055,140530,9223,9194,34,9228,75
2021-03-14,Nevada,057,99092,4173,4122,168,4290,66
2021-03-14,Orange,059,3164182,249515,247656,10525,258181,4460
2021-03-14,Placer,061,380077,21151,20288,1179,21467,238
2021-03-14,Plumas,063,18699,658,642,10,652,4
2021-03-14,Riverside,065,2383286,288008,281332,13598,294930,3845
2021-03-14,Sacramento,067,1510023,96791,95343,1337,96680,1462
2021-03-14,San Benito,069,59416,5809,5829,92,5921,61
2021-03-14,San Bernardino,071,2135413,287979,283791,8656,292447,3996
2021-03-14,San Diego,073,3302833,267956,265468,13241,278709,3452
2021-03-14,San Francisco,075,870044,34766,34810,1152,35962,455
2021-03-14,San Joaquin,077,732212,68442,66563,2942,69505,1140
2021-03-14,San Luis Obispo,079,281455,20136,19806,597,20403,247
2021-03-14,San Mateo,081,765935,40199,39744,426,40170,342
2021-03-14,Santa Barbara,083,443738,32913,32514,1079,33593,431
2021-03-14,Santa Clara,085,1922200,112616,112648,629,113277,1796
2021-03-14,Santa Cruz,087,273765,15679,14887,794,15681,200
2021-03-14,Shasta,089,179085,11116,11019,1306,12325,92
2021-03-14,Sierra,091,2930,53,49,12,61,0
2021-03-14,Siskiyou,093,43540,1549,1473,252,1725,5
2021-03-14,Solano,095,438530,30362,30230,384,30614,171
2021-03-14,Sonoma,097,501317,28706,28798,237,29035,284
2021-03-14,Stanislaus,099,539301,51981,51306,5510,56816,690
2021-03-14,Sutter,101,95872,8974,8958,82,9040,102
2021-03-14,Tehama,103,63373,4690,4650,501,5151,34
2021-03-14,Trinity,105,12862,471,308,82,390,3
2021-03-14,Tulare,107,460477,48947,47845,8393,56238,800
2021-03-14,Tuolumne,109,53932,3885,3937,37,3974,57
2021-03-14,Ventura,111,848112,79168,78611,2835,81446,910
2021-03-14,Yolo,113,214977,13160,13128,238,13366,189
2021-03-14,Yuba,115,75493,5642,5583,91,5674,42
2021-03-13,Alameda,001,1643700,82560,82010,1769,83779,1168
2021-03-13,Alpine,003,1148,83,82,0,82,0
2021-03-13,Amador,005,37829,3515,3504,32,3536,44
2021-03-13,Butte,007,227075,11529,11131,1636,12767,185
2021-03-13,Calaveras,009,45235,1961,1939,11,1950,49
2021-03-13,Colusa,011,21464,1883,1882,272,2154,12
2021-03-13,Contra Costa,013,1133247,64641,63689,1112,64801,731
2021-03-13,Del Norte,015,27424,1087,1041,5,1046,6
2021-03-13,El Dorado,017,186661,9304,9221,617,9838,103
2021-03-13,Fresno,019,978130,98385,97324,8025,105349,1495
2021-03-13,Glenn,021,27897,2294,2260,505,2765,15
2021-03-13,Humboldt,023,135768,3359,3325,24,3349,32
2021-03-13,Imperial,025,180216,27414,27099,2546,29645,677
2021-03-13,Inyo,027,18085,1355,1344,10,1354,35
2021-03-13,Kern,029,883053,94597,93197,10155,103352,1140
2021-03-13,Kings,031,150075,22593,22265,1004,23269,232
2021-03-13,Lake,033,64148,3279,3234,7,3241,43
2021-03-13,Lassen,035,31185,5134,5125,101,5226,1
2021-03-13,Los Angeles,037,10098052,1181720,1171505,39441,1210946,22451
2021-03-13,Madera,039,155013,15928,15780,872,16652,214
2021-03-13,Marin,041,260295,13474,13391,179,13570,218
2021-03-13,Mariposa,043,17540,381,376,5,381,5
2021-03-13,Mendocino,045,87422,3705,3611,74,3685,44
2021-03-13,Merced,047,269075,29198,29106,960,30066,406
2021-03-13,Modoc,049,8938,350,340,118,458,3
2021-03-13,Mono,051,14174,1202,1207,16,1223,3
2021-03-13,Monterey,053,433212,42279,41989,1739,43728,332
2021-03-13,Napa,055,140530,9217,9190,34,9224,75
2021-03-13,Nevada,057,99092,4166,4111,167,4278,66
2021-03-13,Orange,059,3164182,249434,247514,10509,258023,4423
2021-03-13,Placer,061,380077,21130,20238,1176,21414,239
2021-03-13,Plumas,063,18699,656,642,10,652,4
2021-03-13,Riverside,065,2383286,287916,281191,13590,294781,3848
2021-03-13,Sacramento,067,1510023,96705,95192,1335,96527,1461
2021-03-13,San Benito,069,59416,5806,5823,92,5915,61
2021-03-13,San Bernardino,071,2135413,287925,283727,8650,292377,3972
2021-03-13,San Diego,073,3302833,267801,265270,13227,278497,3444
2021-03-13,San Francisco,075,870044,34749,34784,1143,35927,455
2021-03-13,San Joaquin,077,732212,68386,66480,2920,69400,1141
2021-03-13,San Luis Obispo,079,281455,20118,19789,596,20385,247
2021-03-13,San Mateo,081,765935,40172,39689,425,40114,341
2021-03-13,Santa Barbara,083,443738,32888,32486,1078,33564,431
2021-03-13,Santa Clara,085,1922200,112531,112531,628,113159,1790
2021-03-13,Santa Cruz,087,273765,15672,14875,794,15669,199
2021-03-13,Shasta,089,179085,11108,11021,1303,12324,108
2021-03-13,Sierra,091,2930,52,49,12,61,0
2021-03-13,Siskiyou,093,43540,1547,1470,252,1722,5
2021-03-13,Solano,095,438530,30345,30198,384,30582,171
2021-03-13,Sonoma,097,501317,28686,28762,233,28995,285
2021-03-13,Stanislaus,099,539301,51930,51257,5505,56762,695
2021-03-13,Sutter,101,95872,8967,8948,82,9030,102
2021-03-13,Tehama,103,63373,4688,4647,501,5148,33
2021-03-13,Trinity,105,12862,471,306,82,388,3
2021-03-13,Tulare,107,460477,48921,47818,8385,56203,798
2021-03-13,Tuolumne,109,53932,3882,3937,37,3974,57
2021-03-13,Ventura,111,848112,79116,78693,2835,81528,906
2021-03-13,Yolo,113,214977,13151,13087,238,13325,189
2021-03-13,Yuba,115,75493,5641,5577,91,5668,42
2021-03-12,Alameda,001,1643700,82483,81898,1768,83666,1164
2021-03-12,Alpine,003,1148,83,82,0,82,0
2021-03-12,Amador,005,37829,3512,3503,32,3535,44
2021-03-12,Butte,007,227075,11519,11126,1634,12760,184
2021-03-12,Calaveras,009,45235,1961,1916,11,1927,49
2021-03-12,Colusa,011,21464,1883,1883,272,2155,12
2021-03-12,Contra Costa,013,1133247,64565,63583,1112,64695,728
2021-03-12,Del Norte,015,27424,1081,1033,5,1038,6
2021-03-12,El Dorado,017,186661,9295,9219,617,9836,103
2021-03-12,Fresno,019,978130,98288,97185,8014,105199,1489
2021-03-12,Glenn,021,27897,2293,2258,504,2762,15
2021-03-12,Humboldt,023,135768,3354,3315,24,3339,32
2021-03-12,Imperial,025,180216,27403,27071,2544,29615,677
2021-03-12,Inyo,027,18085,1353,1339,10,1349,35
2021-03-12,Kern,029,883053,94563,93142,10139,103281,1132
2021-03-12,Kings,031,150075,22574,22233,1004,23237,232
2021-03-12,Lake,033,64148,3273,3226,6,3232,43
2021-03-12,Lassen,035,31185,5134,5125,100,5225,1
2021-03-12,Los Angeles,037,10098052,1181321,1170860,39424,1210284,22409
2021-03-12,Madera,039,155013,15916,15761,869,16630,214
2021-03-12,Marin,041,260295,13467,13375,179,13554,218
2021-03-12,Mariposa,043,17540,379,376,5,381,5
2021-03-12,Mendocino,045,87422,3702,3605,74,3679,43
2021-03-12,Merced,047,269075,29167,29064,960,30024,403
2021-03-12,Modoc,049,8938,350,340,118,458,3
2021-03-12,Mono,051,14174,1201,1206,16,1222,3
2021-03-12,Monterey,053,433212,42265,41964,1734,43698,329
2021-03-12,Napa,055,140530,9208,9180,34,9214,75
2021-03-12,Nevada,057,99092,4156,4101,167,4268,66
2021-03-12,Orange,059,3164182,249341,247388,10498,257886,4401
2021-03-12,Placer,061,380077,21097,20210,1171,21381,239
2021-03-12,Plumas,063,18699,655,641,10,651,4
2021-03-12,Riverside,065,2383286,287817,281037,13582,294619,3854
2021-03-12,Sacramento,067,1510023,96581,95061,1328,96389,1460
2021-03-12,San Benito,069,59416,5803,5817,92,5909,61
2021-03-12,San Bernardino,071,2135413,287869,283558,8645,292203,3917
2021-03-12,San Diego,073,3302833,267638,264886,13219,278105,3434
2021-03-12,San Francisco,075,870044,34728,34758,1140,35898,452
2021-03-12,San Joaquin,077,732212,68315,66482,2911,69393,1144
2021-03-12,San Luis Obispo,079,281455,20105,19769,594,20363,247
2021-03-12,San Mateo,081,765935,40136,39638,423,40061,341
2021-03-12,Santa Barbara,083,443738,32865,32457,1075,33532,429
2021-03-12,Santa Clara,085,1922200,112436,112396,627,113023,1766
2021-03-12,Santa Cruz,087,273765,15660,14846,792,15638,195
2021-03-12,Shasta,089,179085,11099,11143,1301,12444,153
2021-03-12,Sierra,091,2930,52,49,12,61,0
2021-03-12,Siskiyou,093,43540,1547,1468,251,1719,5
2021-03-12,Solano,095,438530,30326,30180,383,30563,171
2021-03-12,Sonoma,097,501317,28659,28714,233,28947,285
2021-03-12,Stanislaus,099,539301,51871,51146,5498,56644,701
2021-03-12,Sutter,101,95872,8961,8940,82,9022,101
2021-03-12,Tehama,103,63373,4684,4638,500,5138,33
2021-03-12,Trinity,105,12862,470,306,81,387,3
2021-03-12,Tulare,107,460477,48896,47772,8379,56151,798
2021-03-12,Tuolumne,109,53932,3881,3936,37,3973,57
2021-03-12,Ventura,111,848112,79070,78698,2831,81529,899
2021-03-12,Yolo,113,214977,13141,13061,231,13292,189
2021-03-12,Yuba,115,75493,5634,5563,90,5653,42
2021-03-11,Alameda,001,1643700,82391,81809,1763,83572,1164
2021-03-11,Alpine,003,1148,83,78,0,78,0
2021-03-11,Amador,005,37829,3511,3498,32,3530,42
2021-03-11,Butte,007,227075,11508,11110,1632,12742,185
2021-03-11,Calaveras,009,45235,1958,1915,11,1926,49
2021-03-11,Colusa,011,21464,1883,1883,272,2155,12
2021-03-11,Contra Costa,013,1133247,64492,63469,1110,64579,728
2021-03-11,Del Norte,015,27424,1076,1027,5,1032,6
2021-03-11,El Dorado,017,186661,9281,9211,617,9828,101
2021-03-11,Fresno,019,978130,98172,97026,7985,105011,1481
2021-03-11,Glenn,021,27897,2290,2255,504,2759,15
2021-03-11,Humboldt,023,135768,3337,3302,24,3326,32
2021-03-11,Imperial,025,180216,27396,27045,2540,29585,675
2021-03-11,Inyo,027,18085,1348,1335,10,1345,35
2021-03-11,Kern,029,883053,94507,93052,10100,103152,1121
2021-03-11,Kings,031,150075,22559,22183,1001,23184,230
2021-03-11,Lake,033,64148,3269,3214,6,3220,42
2021-03-11,Lassen,035,31185,5133,5124,100,5224,1
2021-03-11,Los Angeles,037,10098052,1180788,1170111,39393,1209504,22316
2021-03-11,Madera,039,155013,15905,15725,867,16592,214
2021-03-11,Marin,041,260295,13455,13356,178,13534,217
2021-03-11,Mariposa,043,17540,379,376,5,381,5
2021-03-11,Mendocino,045,87422,3695,3604,74,3678,42
2021-03-11,Merced,047,269075,29119,29001,959,29960,401
2021-03-11,Modoc,049,8938,350,340,118,458,3
2021-03-11,Mono,051,14174,1200,1206,16,1222,3
2021-03-11,Monterey,053,433212,42242,41936,1728,43664,329
2021-03-11,Napa,055,140530,9195,9173,34,9207,75
2021-03-11,Nevada,057,99092,4144,4085,165,4250,66
2021-03-11,Orange,059,3164182,249203,247217,10480,257697,4373
2021-03-11,Placer,061,380077,21055,20178,1167,21345,239
2021-03-11,Plumas,063,18699,654,640,10,650,4
2021-03-11,Riverside,065,2383286,287647,280881,13569,294450,3842
2021-03-11,Sacramento,067,1510023,96440,94912,1325,96237,1455
2021-03-11,San Benito,069,59416,5800,5816,92,5908,61
2021-03-11,San Bernardino,071,2135413,287770,283312,8639,291951,3869
2021-03-11,San Diego,073,3302833,267473,264524,13203,277727,3422
2021-03-11,San Francisco,075,870044,34692,34722,1134,35856,452
2021-03-11,San Joaquin,077,732212,68203,66522,2903,69425,1157
2021-03-11,San Luis Obispo,079,281455,20080,19748,593,20341,247
2021-03-11,San Mateo,081,765935,40099,39590,422,40012,341
2021-03-11,Santa Barbara,083,443738,32837,32408,1070,33478,430
2021-03-11,Santa Clara,085,1922200,112307,112246,624,112870,1765
2021-03-11,Santa Cruz,087,273765,15648,14812,791,15603,193
2021-03-11,Shasta,089,179085,11089,11139,1296,12435,158
2021-03-11,Sierra,091,2930,52,48,12,60,0
2021-03-11,Siskiyou,093,43540,1544,1466,250,1716,5
2021-03-11,Solano,095,438530,30298,30138,382,30520,171
2021-03-11,Sonoma,097,501317,28630,28677,233,28910,285
2021-03-11,Stanislaus,099,539301,51786,51038,5490,56528,707
2021-03-11,Sutter,101,95872,8955,8933,82,9015,101
2021-03-11,Tehama,103,63373,4676,4632,500,5132,33
2021-03-11,Trinity,105,12862,469,304,80,384,3
2021-03-11,Tulare,107,460477,48859,47709,8368,56077,797
2021-03-11,Tuolumne,109,53932,3879,3934,37,3971,57
2021-03-11,Ventura,111,848112,79020,78697,2827,81524,889
2021-03-11,Yolo,113,214977,13123,13041,230,13271,190
2021-03-11,Yuba,115,75493,5630,5553,90,5643,42
2021-03-10,Alameda,001,1643700,82285,81701,1758,83459,1160
2021-03-10,Alpine,003,1148,82,78,0,78,0
2021-03-10,Amador,005,37829,3509,3496,32,3528,42
2021-03-10,Butte,007,227075,11498,11096,1632,12728,185
2021-03-10,Calaveras,009,45235,1952,1913,11,1924,48
2021-03-10,Colusa,011,21464,1883,1882,272,2154,12
2021-03-10,Contra Costa,013,1133247,64392,63372,1106,64478,725
2021-03-10,Del Norte,015,27424,1074,1020,5,1025,5
2021-03-10,El Dorado,017,186661,9268,9203,617,9820,100
2021-03-10,Fresno,019,978130,98065,96866,7969,104835,1471
2021-03-10,Glenn,021,27897,2287,2253,502,2755,15
2021-03-10,Humboldt,023,135768,3327,3296,23,3319,32
2021-03-10,Imperial,025,180216,27381,27051,2540,29591,675
2021-03-10,Inyo,027,18085,1348,1328,10,1338,35
2021-03-10,Kern,029,883053,94441,92965,10079,103044,1102
2021-03-10,Kings,031,150075,22540,22166,999,23165,226
2021-03-10,Lake,033,64148,3259,3207,6,3213,42
2021-03-10,Lassen,035,31185,5133,5120,100,5220,1
2021-03-10,Los Angeles,037,10098052,1180241,1169079,39366,1208445,22199
2021-03-10,Madera,039,155013,15884,15705,864,16569,212
2021-03-10,Marin,041,260295,13445,13348,177,13525,216
2021-03-10,Mariposa,043,17540,379,376,5,381,5
2021-03-10,Mendocino,045,87422,3690,3602,74,3676,42
2021-03-10,Merced,047,269075,29081,28927,956,29883,401
2021-03-10,Modoc,049,8938,349,338,118,456,3
2021-03-10,Mono,051,14174,1196,1204,16,1220,3
2021-03-10,Monterey,053,433212,42220,41920,1724,43644,329
2021-03-10,Napa,055,140530,9186,9165,34,9199,75
2021-03-10,Nevada,057,99092,4140,4074,165,4239,66
2021-03-10,Orange,059,3164182,249055,247075,10465,257540,4342
2021-03-10,Placer,061,380077,21021,20144,1161,21305,239
2021-03-10,Plumas,063,18699,653,639,10,649,4
2021-03-10,Riverside,065,2383286,287506,280708,13555,294263,3822
2021-03-10,Sacramento,067,1510023,96310,94796,1319,96115,1452
2021-03-10,San Benito,069,59416,5791,5811,92,5903,61
2021-03-10,San Bernardino,071,2135413,287677,283140,8633,291773,3841
2021-03-10,San Diego,073,3302833,267251,264094,13191,277285,3413
2021-03-10,San Francisco,075,870044,34657,34688,1126,35814,450
2021-03-10,San Joaquin,077,732212,68101,66483,2886,69369,1156
2021-03-10,San Luis Obispo,079,281455,20056,19710,589,20299,247
2021-03-10,San Mateo,081,765935,40075,39571,422,39993,338
2021-03-10,Santa Barbara,083,443738,32810,32356,1067,33423,429
2021-03-10,Santa Clara,085,1922200,112198,112103,620,112723,1759
2021-03-10,Santa Cruz,087,273765,15633,14790,790,15580,192
2021-03-10,Shasta,089,179085,11079,11125,1293,12418,155
2021-03-10,Sierra,091,2930,52,48,12,60,0
2021-03-10,Siskiyou,093,43540,1542,1458,250,1708,5
2021-03-10,Solano,095,438530,30268,30111,381,30492,170
2021-03-10,Sonoma,097,501317,28595,28638,232,28870,286
2021-03-10,Stanislaus,099,539301,51699,50968,5471,56439,706
2021-03-10,Sutter,101,95872,8944,8918,82,9000,101
2021-03-10,Tehama,103,63373,4665,4623,499,5122,33
2021-03-10,Trinity,105,12862,469,304,80,384,3
2021-03-10,Tulare,107,460477,48811,47659,8350,56009,793
2021-03-10,Tuolumne,109,53932,3878,3931,37,3968,57
2021-03-10,Ventura,111,848112,78943,78609,2825,81434,878
2021-03-10,Yolo,113,214977,13099,13021,230,13251,189
2021-03-10,Yuba,115,75493,5617,5545,89,5634,42
2021-03-09,Alameda,001,1643700,82200,81618,1758,83376,1151
2021-03-09,Alpine,003,1148,82,78,0,78,0
2021-03-09,Amador,005,37829,3507,3494,32,3526,42
2021-03-09,Butte,007,227075,11485,11092,1631,12723,185
2021-03-09,Calaveras,009,45235,1950,1913,11,1924,48
2021-03-09,Colusa,011,21464,1883,1880,272,2152,11
2021-03-09,Contra Costa,013,1133247,64301,63314,1104,64418,723
2021-03-09,Del Norte,015,27424,1066,1017,5,1022,5
2021-03-09,El Dorado,017,186661,9260,9198,617,9815,98
2021-03-09,Fresno,019,978130,97946,96744,7942,104686,1463
2021-03-09,Glenn,021,27897,2283,2251,500,2751,15
2021-03-09,Humboldt,023,135768,3315,3288,22,3310,32
2021-03-09,Imperial,025,180216,27371,27045,2536,29581,675
2021-03-09,Inyo,027,18085,1346,1324,10,1334,35
2021-03-09,Kern,029,883053,94362,92924,10061,102985,1088
2021-03-09,Kings,031,150075,22515,22143,997,23140,226
2021-03-09,Lake,033,64148,3253,3202,6,3208,42
2021-03-09,Lassen,035,31185,5133,5120,100,5220,1
2021-03-09,Los Angeles,037,10098052,1179643,1167967,39332,1207299,22080
2021-03-09,Madera,039,155013,15873,15701,862,16563,211
2021-03-09,Marin,041,260295,13427,13335,175,13510,214
2021-03-09,Mariposa,043,17540,379,376,5,381,5
2021-03-09,Mendocino,045,87422,3686,3595,74,3669,42
2021-03-09,Merced,047,269075,29021,28876,953,29829,399
2021-03-09,Modoc,049,8938,349,338,117,455,3
2021-03-09,Mono,051,14174,1195,1203,16,1219,3
2021-03-09,Monterey,053,433212,42201,41894,1716,43610,329
2021-03-09,Napa,055,140530,9172,9155,34,9189,75
2021-03-09,Nevada,057,99092,4132,4062,165,4227,66
2021-03-09,Orange,059,3164182,248913,246989,10445,257434,4310
2021-03-09,Placer,061,380077,20979,20122,1156,21278,239
2021-03-09,Plumas,063,18699,650,639,10,649,4
2021-03-09,Riverside,065,2383286,287371,280562,13551,294113,3821
2021-03-09,Sacramento,067,1510023,96143,94720,1313,96033,1442
2021-03-09,San Benito,069,59416,5787,5800,92,5892,61
2021-03-09,San Bernardino,071,2135413,287563,282971,8627,291598,3823
2021-03-09,San Diego,073,3302833,267019,263745,13170,276915,3405
2021-03-09,San Francisco,075,870044,34626,34654,1122,35776,450
2021-03-09,San Joaquin,077,732212,67973,66383,2876,69259,1150
2021-03-09,San Luis Obispo,079,281455,20038,19672,582,20254,245
2021-03-09,San Mateo,081,765935,40028,39535,420,39955,336
2021-03-09,Santa Barbara,083,443738,32769,32314,1065,33379,428
2021-03-09,Santa Clara,085,1922200,112087,111963,615,112578,1756
2021-03-09,Santa Cruz,087,273765,15611,14764,789,15553,188
2021-03-09,Shasta,089,179085,11072,11113,1288,12401,155
2021-03-09,Sierra,091,2930,52,48,12,60,0
2021-03-09,Siskiyou,093,43540,1538,1447,248,1695,5
2021-03-09,Solano,095,438530,30232,30090,379,30469,169
2021-03-09,Sonoma,097,501317,28545,28601,229,28830,284
2021-03-09,Stanislaus,099,539301,51601,50884,5462,56346,703
2021-03-09,Sutter,101,95872,8931,8914,82,8996,101
2021-03-09,Tehama,103,63373,4660,4620,499,5119,33
2021-03-09,Trinity,105,12862,469,304,80,384,3
2021-03-09,Tulare,107,460477,48784,47637,8329,55966,792
2021-03-09,Tuolumne,109,53932,3876,3929,37,3966,56
2021-03-09,Ventura,111,848112,78880,78526,2823,81349,863
2021-03-09,Yolo,113,214977,13087,13015,228,13243,189
2021-03-09,Yuba,115,75493,5610,5539,89,5628,42
2021-03-08,Alameda,001,1643700,82089,81543,1757,83300,1142
2021-03-08,Alpine,003,1148,82,78,0,78,0
2021-03-08,Amador,005,37829,3504,3490,32,3522,42
2021-03-08,Butte,007,227075,11472,11082,1630,12712,185
2021-03-08,Calaveras,009,45235,1946,1909,11,1920,48
2021-03-08,Colusa,011,21464,1883,1877,272,2149,11
2021-03-08,Contra Costa,013,1133247,64205,63240,1104,64344,719
2021-03-08,Del Norte,015,27424,1061,1012,5,1017,5
2021-03-08,El Dorado,017,186661,9257,9188,616,9804,97
2021-03-08,Fresno,019,978130,97848,96665,7921,104586,1442
2021-03-08,Glenn,021,27897,2282,2249,500,2749,15
2021-03-08,Humboldt,023,135768,3301,3278,22,3300,31
2021-03-08,Imperial,025,180216,27363,27033,2533,29566,663
2021-03-08,Inyo,027,18085,1344,1320,10,1330,35
2021-03-08,Kern,029,883053,94295,92857,10041,102898,1087
2021-03-08,Kings,031,150075,22494,22130,995,23125,226
2021-03-08,Lake,033,64148,3241,3195,6,3201,42
2021-03-08,Lassen,035,31185,5133,5119,100,5219,1
2021-03-08,Los Angeles,037,10098052,1179025,1163409,39300,1202709,21868
2021-03-08,Madera,039,155013,15863,15691,860,16551,211
2021-03-08,Marin,041,260295,13407,13328,173,13501,214
2021-03-08,Mariposa,043,17540,379,376,5,381,5
2021-03-08,Mendocino,045,87422,3684,3590,73,3663,42
2021-03-08,Merced,047,269075,28961,28841,952,29793,398
2021-03-08,Modoc,049,8938,349,338,117,455,3
2021-03-08,Mono,051,14174,1194,1200,16,1216,3
2021-03-08,Monterey,053,433212,42180,41863,1715,43578,328
2021-03-08,Napa,055,140530,9169,9146,34,9180,75
2021-03-08,Nevada,057,99092,4124,4059,165,4224,66
2021-03-08,Orange,059,3164182,248740,246900,10413,257313,4243
2021-03-08,Placer,061,380077,20944,20102,1145,21247,239
2021-03-08,Plumas,063,18699,649,635,10,645,4
2021-03-08,Riverside,065,2383286,287219,280463,13541,294004,3783
2021-03-08,Sacramento,067,1510023,95973,94654,1308,95962,1438
2021-03-08,San Benito,069,59416,5784,5797,92,5889,61
2021-03-08,San Bernardino,071,2135413,287453,282894,8620,291514,3811
2021-03-08,San Diego,073,3302833,266778,263272,13155,276427,3390
2021-03-08,San Francisco,075,870044,34600,34634,1118,35752,446
2021-03-08,San Joaquin,077,732212,67856,66307,2867,69174,1139
2021-03-08,San Luis Obispo,079,281455,19995,19656,579,20235,245
2021-03-08,San Mateo,081,765935,39979,39492,418,39910,335
2021-03-08,Santa Barbara,083,443738,32737,32293,1065,33358,427
2021-03-08,Santa Clara,085,1922200,111959,111882,613,112495,1756
2021-03-08,Santa Cruz,087,273765,15591,14729,789,15518,188
2021-03-08,Shasta,089,179085,11064,11088,1283,12371,155
2021-03-08,Sierra,091,2930,52,48,12,60,0
2021-03-08,Siskiyou,093,43540,1537,1440,248,1688,5
2021-03-08,Solano,095,438530,30192,30068,377,30445,169
2021-03-08,Sonoma,097,501317,28501,28571,228,28799,284
2021-03-08,Stanislaus,099,539301,51522,50825,5457,56282,690
2021-03-08,Sutter,101,95872,8928,8905,82,8987,100
2021-03-08,Tehama,103,63373,4656,4615,499,5114,33
2021-03-08,Trinity,105,12862,468,302,80,382,3
2021-03-08,Tulare,107,460477,48742,47587,8304,55891,791
2021-03-08,Tuolumne,109,53932,3875,3921,37,3958,56
2021-03-08,Ventura,111,848112,78807,78526,2815,81341,852
2021-03-08,Yolo,113,214977,13064,13000,227,13227,189
2021-03-08,Yuba,115,75493,5600,5530,89,5619,42
2021-03-07,Alameda,001,1643700,81969,81413,1756,83169,1145
2021-03-07,Alpine,003,1148,82,78,0,78,0
2021-03-07,Amador,005,37829,3501,3489,32,3521,42
2021-03-07,Butte,007,227075,11456,11075,1629,12704,185
2021-03-07,Calaveras,009,45235,1942,1906,11,1917,48
2021-03-07,Colusa,011,21464,1883,1876,272,2148,11
2021-03-07,Contra Costa,013,1133247,64106,63148,1102,64250,719
2021-03-07,Del Norte,015,27424,1056,1010,5,1015,5
2021-03-07,El Dorado,017,186661,9254,9184,615,9799,97
2021-03-07,Fresno,019,978130,97670,96549,7899,104448,1442
2021-03-07,Glenn,021,27897,2280,2244,500,2744,15
2021-03-07,Humboldt,023,135768,3291,3274,22,3296,31
2021-03-07,Imperial,025,180216,27354,27019,2531,29550,658
2021-03-07,Inyo,027,18085,1341,1320,10,1330,35
2021-03-07,Kern,029,883053,94208,92746,10011,102757,1086
2021-03-07,Kings,031,150075,22472,22103,995,23098,224
2021-03-07,Lake,033,64148,3235,3192,6,3198,42
2021-03-07,Lassen,035,31185,5132,5119,100,5219,1
2021-03-07,Los Angeles,037,10098052,1178300,1162749,39264,1202013,21857
2021-03-07,Madera,039,155013,15844,15675,860,16535,211
2021-03-07,Marin,041,260295,13399,13313,171,13484,214
2021-03-07,Mariposa,043,17540,378,376,5,381,5
2021-03-07,Mendocino,045,87422,3680,3581,73,3654,42
2021-03-07,Merced,047,269075,28887,28829,948,29777,399
2021-03-07,Modoc,049,8938,349,338,117,455,3
2021-03-07,Mono,051,14174,1192,1199,16,1215,3
2021-03-07,Monterey,053,433212,42159,41858,1712,43570,328
2021-03-07,Napa,055,140530,9159,9137,34,9171,75
2021-03-07,Nevada,057,99092,4110,4052,164,4216,66
2021-03-07,Orange,059,3164182,248548,246771,10385,257156,4218
2021-03-07,Placer,061,380077,20903,20070,1141,21211,239
2021-03-07,Plumas,063,18699,648,635,10,645,4
2021-03-07,Riverside,065,2383286,287070,280379,13532,293911,3779
2021-03-07,Sacramento,067,1510023,95796,94513,1301,95814,1437
2021-03-07,San Benito,069,59416,5777,5795,92,5887,61
2021-03-07,San Bernardino,071,2135413,287302,282860,8615,291475,3810
2021-03-07,San Diego,073,3302833,266497,262965,13131,276096,3390
2021-03-07,San Francisco,075,870044,34566,34594,1113,35707,445
2021-03-07,San Joaquin,077,732212,67720,66252,2853,69105,1139
2021-03-07,San Luis Obispo,079,281455,19958,19614,577,20191,245
2021-03-07,San Mateo,081,765935,39939,39436,415,39851,329
2021-03-07,Santa Barbara,083,443738,32690,32218,1064,33282,425
2021-03-07,Santa Clara,085,1922200,111814,111745,609,112354,1752
2021-03-07,Santa Cruz,087,273765,15569,14715,788,15503,189
2021-03-07,Shasta,089,179085,11051,11083,1275,12358,156
2021-03-07,Sierra,091,2930,51,48,12,60,0
2021-03-07,Siskiyou,093,43540,1536,1435,244,1679,5
2021-03-07,Solano,095,438530,30155,30027,377,30404,169
2021-03-07,Sonoma,097,501317,28452,28533,226,28759,284
2021-03-07,Stanislaus,099,539301,51390,50783,5441,56224,699
2021-03-07,Sutter,101,95872,8918,8900,82,8982,100
2021-03-07,Tehama,103,63373,4649,4614,498,5112,33
2021-03-07,Trinity,105,12862,468,302,80,382,3
2021-03-07,Tulare,107,460477,48683,47569,8273,55842,790
2021-03-07,Tuolumne,109,53932,3874,3922,36,3958,56
2021-03-07,Ventura,111,848112,78715,78487,2813,81300,851
2021-03-07,Yolo,113,214977,13045,12988,227,13215,189
2021-03-07,Yuba,115,75493,5595,5516,89,5605,42
2021-03-06,Alameda,001,1643700,81911,81310,1755,83065,1143
2021-03-06,Alpine,003,1148,82,78,0,78,0
2021-03-06,Amador,005,37829,3497,3487,32,3519,42
2021-03-06,Butte,007,227075,11451,11065,1628,12693,185
2021-03-06,Calaveras,009,45235,1938,1904,11,1915,48
2021-03-06,Colusa,011,21464,1881,1874,272,2146,11
2021-03-06,Contra Costa,013,1133247,64045,63040,1098,64138,719
2021-03-06,Del Norte,015,27424,1051,1000,5,1005,5
2021-03-06,El Dorado,017,186661,9250,9166,615,9781,97
2021-03-06,Fresno,019,978130,97575,96366,7888,104254,1440
2021-03-06,Glenn,021,27897,2280,2241,500,2741,15
2021-03-06,Humboldt,023,135768,3281,3260,22,3282,31
2021-03-06,Imperial,025,180216,27349,27009,2526,29535,658
2021-03-06,Inyo,027,18085,1338,1312,10,1322,35
2021-03-06,Kern,029,883053,94162,92684,9991,102675,1082
2021-03-06,Kings,031,150075,22457,22094,995,23089,224
2021-03-06,Lake,033,64148,3233,3189,6,3195,42
2021-03-06,Lassen,035,31185,5132,5119,100,5219,1
2021-03-06,Los Angeles,037,10098052,1177860,1161745,39236,1200981,21843
2021-03-06,Madera,039,155013,15835,15646,858,16504,211
2021-03-06,Marin,041,260295,13390,13289,171,13460,213
2021-03-06,Mariposa,043,17540,378,376,5,381,5
2021-03-06,Mendocino,045,87422,3678,3579,73,3652,42
2021-03-06,Merced,047,269075,28845,28771,948,29719,399
2021-03-06,Modoc,049,8938,348,338,117,455,3
2021-03-06,Mono,051,14174,1191,1198,16,1214,3
2021-03-06,Monterey,053,433212,42154,41838,1709,43547,327
2021-03-06,Napa,055,140530,9151,9129,34,9163,75
2021-03-06,Nevada,057,99092,4104,4044,164,4208,66
2021-03-06,Orange,059,3164182,248455,246634,10371,257005,4165
2021-03-06,Placer,061,380077,20880,20030,1139,21169,239
2021-03-06,Plumas,063,18699,648,634,10,644,4
2021-03-06,Riverside,065,2383286,286977,280225,13524,293749,3781
2021-03-06,Sacramento,067,1510023,95708,94332,1292,95624,1436
2021-03-06,San Benito,069,59416,5772,5793,92,5885,61
2021-03-06,San Bernardino,071,2135413,287218,282737,8613,291350,3791
2021-03-06,San Diego,073,3302833,266310,262778,13114,275892,3385
2021-03-06,San Francisco,075,870044,34535,34560,1109,35669,435
2021-03-06,San Joaquin,077,732212,67646,66162,2843,69005,1138
2021-03-06,San Luis Obispo,079,281455,19938,19592,575,20167,245
2021-03-06,San Mateo,081,765935,39914,39384,415,39799,329
2021-03-06,Santa Barbara,083,443738,32659,32176,1063,33239,424
2021-03-06,Santa Clara,085,1922200,111719,111570,606,112176,1749
2021-03-06,Santa Cruz,087,273765,15558,14701,788,15489,188
2021-03-06,Shasta,089,179085,11042,11076,1273,12349,158
2021-03-06,Sierra,091,2930,51,48,12,60,0
2021-03-06,Siskiyou,093,43540,1534,1432,244,1676,5
2021-03-06,Solano,095,438530,30126,30000,376,30376,169
2021-03-06,Sonoma,097,501317,28429,28484,224,28708,284
2021-03-06,Stanislaus,099,539301,51320,50691,5435,56126,711
2021-03-06,Sutter,101,95872,8912,8887,82,8969,100
2021-03-06,Tehama,103,63373,4647,4610,495,5105,33
2021-03-06,Trinity,105,12862,468,302,80,382,3
2021-03-06,Tulare,107,460477,48651,47515,8245,55760,789
2021-03-06,Tuolumne,109,53932,3872,3920,36,3956,56
2021-03-06,Ventura,111,848112,78659,78439,2812,81251,848
2021-03-06,Yolo,113,214977,13039,12951,226,13177,189
2021-03-06,Yuba,115,75493,5586,5504,89,5593,42
2021-03-05,Alameda,001,1643700,81824,81215,1754,82969,1141
2021-03-05,Alpine,003,1148,82,78,0,78,0
2021-03-05,Amador,005,37829,3496,3484,32,3516,42
2021-03-05,Butte,007,227075,11440,11050,1627,12677,185
2021-03-05,Calaveras,009,45235,1935,1902,11,1913,48
2021-03-05,Colusa,011,21464,1881,1874,272,2146,11
2021-03-05,Contra Costa,013,1133247,63965,62886,1095,63981,711
2021-03-05,Del Norte,015,27424,1047,995,5,1000,5
2021-03-05,El Dorado,017,186661,9245,9150,614,9764,97
2021-03-05,Fresno,019,978130,97467,96184,7869,104053,1432
2021-03-05,Glenn,021,27897,2277,2241,499,2740,15
2021-03-05,Humboldt,023,135768,3274,3234,22,3256,31
2021-03-05,Imperial,025,180216,27339,26970,2517,29487,651
2021-03-05,Inyo,027,18085,1334,1309,10,1319,35
2021-03-05,Kern,029,883053,94122,92601,9978,102579,1076
2021-03-05,Kings,031,150075,22439,22063,994,23057,224
2021-03-05,Lake,033,64148,3231,3185,6,3191,42
2021-03-05,Lassen,035,31185,5132,5117,98,5215,1
2021-03-05,Los Angeles,037,10098052,1177368,1160688,39207,1199895,21745
2021-03-05,Madera,039,155013,15825,15624,856,16480,211
2021-03-05,Marin,041,260295,13378,13275,170,13445,215
2021-03-05,Mariposa,043,17540,378,375,5,380,4
2021-03-05,Mendocino,045,87422,3675,3577,73,3650,42
2021-03-05,Merced,047,269075,28812,28734,947,29681,399
2021-03-05,Modoc,049,8938,348,337,117,454,3
2021-03-05,Mono,051,14174,1190,1197,16,1213,3
2021-03-05,Monterey,053,433212,42141,41802,1709,43511,325
2021-03-05,Napa,055,140530,9143,9109,34,9143,75
2021-03-05,Nevada,057,99092,4100,4033,164,4197,66
2021-03-05,Orange,059,3164182,248342,246489,10358,256847,4108
2021-03-05,Placer,061,380077,20854,19973,1135,21108,239
2021-03-05,Plumas,063,18699,648,635,10,645,4
2021-03-05,Riverside,065,2383286,286865,280075,13519,293594,3781
2021-03-05,Sacramento,067,1510023,95612,94182,1285,95467,1430
2021-03-05,San Benito,069,59416,5769,5790,92,5882,61
2021-03-05,San Bernardino,071,2135413,287125,282640,8609,291249,3774
2021-03-05,San Diego,073,3302833,266077,262357,13097,275454,3371
2021-03-05,San Francisco,075,870044,34495,34526,1105,35631,430
2021-03-05,San Joaquin,077,732212,67566,66041,2834,68875,1133
2021-03-05,San Luis Obispo,079,281455,19917,19557,573,20130,244
2021-03-05,San Mateo,081,765935,39882,39305,415,39720,326
2021-03-05,Santa Barbara,083,443738,32622,32139,1058,33197,424
2021-03-05,Santa Clara,085,1922200,111624,111384,606,111990,1745
2021-03-05,Santa Cruz,087,273765,15547,14694,788,15482,188
2021-03-05,Shasta,089,179085,11030,11062,1267,12329,148
2021-03-05,Sierra,091,2930,51,48,12,60,0
2021-03-05,Siskiyou,093,43540,1529,1429,243,1672,5
2021-03-05,Solano,095,438530,30109,29951,374,30325,168
2021-03-05,Sonoma,097,501317,28403,28417,224,28641,279
2021-03-05,Stanislaus,099,539301,51269,50606,5425,56031,721
2021-03-05,Sutter,101,95872,8905,8876,82,8958,100
2021-03-05,Tehama,103,63373,4638,4606,495,5101,33
2021-03-05,Trinity,105,12862,468,302,80,382,3
2021-03-05,Tulare,107,460477,48622,47469,8226,55695,789
2021-03-05,Tuolumne,109,53932,3870,3917,36,3953,56
2021-03-05,Ventura,111,848112,78592,78368,2811,81179,839
2021-03-05,Yolo,113,214977,13027,12920,225,13145,188
2021-03-05,Yuba,115,75493,5574,5496,89,5585,42
2021-03-04,Alameda,001,1643700,81715,81115,1754,82869,1136
2021-03-04,Alpine,003,1148,82,78,0,78,0
2021-03-04,Amador,005,37829,3495,3480,32,3512,42
2021-03-04,Butte,007,227075,11433,11033,1626,12659,185
2021-03-04,Calaveras,009,45235,1934,1896,11,1907,48
2021-03-04,Colusa,011,21464,1879,1873,267,2140,11
2021-03-04,Contra Costa,013,1133247,63865,62789,1093,63882,708
2021-03-04,Del Norte,015,27424,1039,989,5,994,5
2021-03-04,El Dorado,017,186661,9230,9133,614,9747,97
2021-03-04,Fresno,019,978130,97303,96023,7849,103872,1422
2021-03-04,Glenn,021,27897,2270,2236,498,2734,15
2021-03-04,Humboldt,023,135768,3260,3212,22,3234,31
2021-03-04,Imperial,025,180216,27326,26946,2514,29460,646
2021-03-04,Inyo,027,18085,1331,1300,10,1310,35
2021-03-04,Kern,029,883053,94033,92525,9959,102484,1070
2021-03-04,Kings,031,150075,22413,22025,991,23016,224
2021-03-04,Lake,033,64148,3223,3181,6,3187,42
2021-03-04,Lassen,035,31185,5132,5116,98,5214,1
2021-03-04,Los Angeles,037,10098052,1176758,1159405,39158,1198563,21610
2021-03-04,Madera,039,155013,15790,15596,853,16449,208
2021-03-04,Marin,041,260295,13362,13240,167,13407,215
2021-03-04,Mariposa,043,17540,378,376,5,381,4
2021-03-04,Mendocino,045,87422,3672,3569,73,3642,42
2021-03-04,Merced,047,269075,28761,28671,945,29616,396
2021-03-04,Modoc,049,8938,347,336,117,453,3
2021-03-04,Mono,051,14174,1190,1197,16,1213,3
2021-03-04,Monterey,053,433212,42121,41771,1707,43478,325
2021-03-04,Napa,055,140530,9135,9094,34,9128,74
2021-03-04,Nevada,057,99092,4090,4020,164,4184,66
2021-03-04,Orange,059,3164182,248185,246354,10341,256695,4096
2021-03-04,Placer,061,380077,20822,19900,1129,21029,239
2021-03-04,Plumas,063,18699,648,634,10,644,4
2021-03-04,Riverside,065,2383286,286735,279871,13506,293377,3766
2021-03-04,Sacramento,067,1510023,95477,93982,1282,95264,1426
2021-03-04,San Benito,069,59416,5769,5781,92,5873,61
2021-03-04,San Bernardino,071,2135413,286995,282407,8605,291012,3757
2021-03-04,San Diego,073,3302833,265816,261858,13053,274911,3359
2021-03-04,San Francisco,075,870044,34460,34480,1102,35582,426
2021-03-04,San Joaquin,077,732212,67472,65931,2824,68755,1129
2021-03-04,San Luis Obispo,079,281455,19880,19520,571,20091,243
2021-03-04,San Mateo,081,765935,39838,39225,414,39639,322
2021-03-04,Santa Barbara,083,443738,32585,32090,1057,33147,423
2021-03-04,Santa Clara,085,1922200,111490,111194,604,111798,1723
2021-03-04,Santa Cruz,087,273765,15528,14669,788,15457,186
2021-03-04,Shasta,089,179085,11027,11050,1258,12308,150
2021-03-04,Sierra,091,2930,51,48,12,60,0
2021-03-04,Siskiyou,093,43540,1522,1427,243,1670,5
2021-03-04,Solano,095,438530,30082,29905,373,30278,168
2021-03-04,Sonoma,097,501317,28348,28379,223,28602,279
2021-03-04,Stanislaus,099,539301,51182,50521,5417,55938,731
2021-03-04,Sutter,101,95872,8893,8849,82,8931,100
2021-03-04,Tehama,103,63373,4630,4604,495,5099,33
2021-03-04,Trinity,105,12862,468,302,80,382,3
2021-03-04,Tulare,107,460477,48577,47398,8201,55599,784
2021-03-04,Tuolumne,109,53932,3864,3916,36,3952,56
2021-03-04,Ventura,111,848112,78502,78184,2808,80992,831
2021-03-04,Yolo,113,214977,13007,12895,225,13120,189
2021-03-04,Yuba,115,75493,5562,5483,89,5572,41
2021-03-03,Alameda,001,1643700,81595,80972,1753,82725,1127
2021-03-03,Alpine,003,1148,82,77,0,77,0
2021-03-03,Amador,005,37829,3493,3478,31,3509,42
2021-03-03,Butte,007,227075,11425,11014,1625,12639,184
2021-03-03,Calaveras,009,45235,1933,1893,11,1904,48
2021-03-03,Colusa,011,21464,1878,1873,267,2140,11
2021-03-03,Contra Costa,013,1133247,63767,62668,1090,63758,708
2021-03-03,Del Norte,015,27424,1036,988,5,993,5
2021-03-03,El Dorado,017,186661,9220,9121,614,9735,97
2021-03-03,Fresno,019,978130,97159,95893,7831,103724,1415
2021-03-03,Glenn,021,27897,2270,2233,498,2731,15
2021-03-03,Humboldt,023,135768,3249,3196,22,3218,30
2021-03-03,Imperial,025,180216,27310,26939,2510,29449,640
2021-03-03,Inyo,027,18085,1323,1294,10,1304,35
2021-03-03,Kern,029,883053,93957,92434,9942,102376,1063
2021-03-03,Kings,031,150075,22397,22009,990,22999,223
2021-03-03,Lake,033,64148,3216,3175,6,3181,40
2021-03-03,Lassen,035,31185,5132,5115,98,5213,1
2021-03-03,Los Angeles,037,10098052,1176116,1157911,39119,1197030,21500
2021-03-03,Madera,039,155013,15771,15553,847,16400,203
2021-03-03,Marin,041,260295,13348,13216,167,13383,214
2021-03-03,Mariposa,043,17540,377,376,5,381,4
2021-03-03,Mendocino,045,87422,3664,3564,73,3637,42
2021-03-03,Merced,047,269075,28709,28625,945,29570,393
2021-03-03,Modoc,049,8938,347,333,116,449,3
2021-03-03,Mono,051,14174,1190,1191,16,1207,3
2021-03-03,Monterey,053,433212,42089,41731,1704,43435,325
2021-03-03,Napa,055,140530,9127,9090,34,9124,72
2021-03-03,Nevada,057,99092,4080,4009,164,4173,66
2021-03-03,Orange,059,3164182,248040,246120,10325,256445,4072
2021-03-03,Placer,061,380077,20796,19851,1126,20977,239
2021-03-03,Plumas,063,18699,647,631,10,641,4
2021-03-03,Riverside,065,2383286,286602,279626,13500,293126,3735
2021-03-03,Sacramento,067,1510023,95316,93819,1274,95093,1419
2021-03-03,San Benito,069,59416,5768,5774,92,5866,61
2021-03-03,San Bernardino,071,2135413,286854,282138,8599,290737,3664
2021-03-03,San Diego,073,3302833,265552,261350,13022,274372,3342
2021-03-03,San Francisco,075,870044,34428,34443,1099,35542,426
2021-03-03,San Joaquin,077,732212,67359,65855,2817,68672,1115
2021-03-03,San Luis Obispo,079,281455,19854,19479,568,20047,241
2021-03-03,San Mateo,081,765935,39792,39189,413,39602,319
2021-03-03,Santa Barbara,083,443738,32547,32027,1057,33084,421
2021-03-03,Santa Clara,085,1922200,111336,110991,602,111593,1720
2021-03-03,Santa Cruz,087,273765,15517,14645,788,15433,185
2021-03-03,Shasta,089,179085,11017,11023,1251,12274,150
2021-03-03,Sierra,091,2930,51,48,12,60,0
2021-03-03,Siskiyou,093,43540,1520,1424,243,1667,5
2021-03-03,Solano,095,438530,30046,29866,372,30238,167
2021-03-03,Sonoma,097,501317,28309,28307,222,28529,279
2021-03-03,Stanislaus,099,539301,51104,50438,5410,55848,730
2021-03-03,Sutter,101,95872,8885,8840,82,8922,99
2021-03-03,Tehama,103,63373,4628,4601,495,5096,32
2021-03-03,Trinity,105,12862,468,302,80,382,3
2021-03-03,Tulare,107,460477,48526,47348,8170,55518,778
2021-03-03,Tuolumne,109,53932,3862,3914,35,3949,56
2021-03-03,Ventura,111,848112,78418,78057,2803,80860,822
2021-03-03,Yolo,113,214977,12994,12890,225,13115,189
2021-03-03,Yuba,115,75493,5549,5479,89,5568,41
2021-03-02,Alameda,001,1643700,81474,80904,1751,82655,1116
2021-03-02,Alpine,003,1148,82,77,0,77,0
2021-03-02,Amador,005,37829,3491,3474,31,3505,42
2021-03-02,Butte,007,227075,11415,11007,1622,12629,182
2021-03-02,Calaveras,009,45235,1925,1890,11,1901,48
2021-03-02,Colusa,011,21464,1878,1872,266,2138,11
2021-03-02,Contra Costa,013,1133247,63656,62557,1086,63643,694
2021-03-02,Del Norte,015,27424,1029,983,5,988,5
2021-03-02,El Dorado,017,186661,9212,9116,614,9730,98
2021-03-02,Fresno,019,978130,97013,95785,7805,103590,1410
2021-03-02,Glenn,021,27897,2264,2232,497,2729,15
2021-03-02,Humboldt,023,135768,3230,3184,22,3206,30
2021-03-02,Imperial,025,180216,27300,26926,2508,29434,637
2021-03-02,Inyo,027,18085,1319,1292,10,1302,35
2021-03-02,Kern,029,883053,93851,92313,9915,102228,1046
2021-03-02,Kings,031,150075,22345,21999,987,22986,217
2021-03-02,Lake,033,64148,3210,3169,6,3175,40
2021-03-02,Lassen,035,31185,5127,5115,97,5212,1
2021-03-02,Los Angeles,037,10098052,1175481,1156826,39073,1195899,21395
2021-03-02,Madera,039,155013,15751,15523,844,16367,194
2021-03-02,Marin,041,260295,13325,13186,166,13352,214
2021-03-02,Mariposa,043,17540,377,376,5,381,4
2021-03-02,Mendocino,045,87422,3661,3562,72,3634,41
2021-03-02,Merced,047,269075,28652,28598,945,29543,389
2021-03-02,Modoc,049,8938,347,332,116,448,3
2021-03-02,Mono,051,14174,1189,1191,16,1207,3
2021-03-02,Monterey,053,433212,42062,41716,1704,43420,325
2021-03-02,Napa,055,140530,9116,9080,34,9114,71
2021-03-02,Nevada,057,99092,4071,3983,163,4146,66
2021-03-02,Orange,059,3164182,247895,246004,10307,256311,4037
2021-03-02,Placer,061,380077,20743,19828,1123,20951,239
2021-03-02,Plumas,063,18699,644,628,10,638,4
2021-03-02,Riverside,065,2383286,286429,279486,13492,292978,3721
2021-03-02,Sacramento,067,1510023,95149,93690,1273,94963,1411
2021-03-02,San Benito,069,59416,5761,5770,92,5862,60
2021-03-02,San Bernardino,071,2135413,286720,281919,8593,290512,3604
2021-03-02,San Diego,073,3302833,265308,260998,13000,273998,3317
2021-03-02,San Francisco,075,870044,34388,34387,1095,35482,424
2021-03-02,San Joaquin,077,732212,67251,65769,2799,68568,1111
2021-03-02,San Luis Obispo,079,281455,19822,19452,568,20020,241
2021-03-02,San Mateo,081,765935,39740,39148,412,39560,317
2021-03-02,Santa Barbara,083,443738,32498,31964,1053,33017,416
2021-03-02,Santa Clara,085,1922200,111157,110832,601,111433,1706
2021-03-02,Santa Cruz,087,273765,15503,14611,786,15397,185
2021-03-02,Shasta,089,179085,11003,11012,1240,12252,149
2021-03-02,Sierra,091,2930,51,48,12,60,0
2021-03-02,Siskiyou,093,43540,1516,1412,241,1653,5
2021-03-02,Solano,095,438530,30013,29827,370,30197,167
2021-03-02,Sonoma,097,501317,28254,28261,222,28483,279
2021-03-02,Stanislaus,099,539301,51017,50359,5398,55757,724
2021-03-02,Sutter,101,95872,8876,8832,82,8914,99
2021-03-02,Tehama,103,63373,4624,4597,494,5091,32
2021-03-02,Trinity,105,12862,468,301,80,381,3
2021-03-02,Tulare,107,460477,48463,47326,8150,55476,783
2021-03-02,Tuolumne,109,53932,3858,3908,35,3943,53
2021-03-02,Ventura,111,848112,78325,77952,2799,80751,780
2021-03-02,Yolo,113,214977,12978,12867,225,13092,189
2021-03-02,Yuba,115,75493,5541,5475,89,5564,41
2021-03-01,Alameda,001,1643700,81347,80805,1749,82554,1105
2021-03-01,Alpine,003,1148,80,77,0,77,0
2021-03-01,Amador,005,37829,3488,3469,31,3500,42
2021-03-01,Butte,007,227075,11400,10981,1617,12598,180
2021-03-01,Calaveras,009,45235,1920,1885,11,1896,46
2021-03-01,Colusa,011,21464,1877,1871,266,2137,11
2021-03-01,Contra Costa,013,1133247,63547,62458,1085,63543,694
2021-03-01,Del Norte,015,27424,1024,982,5,987,5
2021-03-01,El Dorado,017,186661,9188,9085,614,9699,98
2021-03-01,Fresno,019,978130,96875,95677,7782,103459,1405
2021-03-01,Glenn,021,27897,2259,2232,496,2728,15
2021-03-01,Humboldt,023,135768,3211,3179,22,3201,30
2021-03-01,Imperial,025,180216,27290,26913,2500,29413,636
2021-03-01,Inyo,027,18085,1316,1285,10,1295,35
2021-03-01,Kern,029,883053,93762,92219,9889,102108,1041
2021-03-01,Kings,031,150075,22328,21988,981,22969,217
2021-03-01,Lake,033,64148,3205,3164,6,3170,40
2021-03-01,Lassen,035,31185,5125,5111,97,5208,1
2021-03-01,Los Angeles,037,10098052,1174822,1155984,39031,1195015,21293
2021-03-01,Madera,039,155013,15722,15505,833,16338,194
2021-03-01,Marin,041,260295,13297,13161,165,13326,214
2021-03-01,Mariposa,043,17540,377,375,5,380,4
2021-03-01,Mendocino,045,87422,3654,3561,72,3633,41
2021-03-01,Merced,047,269075,28607,28575,941,29516,385
2021-03-01,Modoc,049,8938,344,331,115,446,3
2021-03-01,Mono,051,14174,1188,1192,16,1208,3
2021-03-01,Monterey,053,433212,42037,41697,1702,43399,324
2021-03-01,Napa,055,140530,9107,9056,34,9090,70
2021-03-01,Nevada,057,99092,4052,3979,163,4142,66
2021-03-01,Orange,059,3164182,247700,245852,10292,256144,3976
2021-03-01,Placer,061,380077,20704,19803,1120,20923,239
2021-03-01,Plumas,063,18699,644,628,10,638,4
2021-03-01,Riverside,065,2383286,286212,279323,13485,292808,3680
2021-03-01,Sacramento,067,1510023,95004,93546,1271,94817,1401
2021-03-01,San Benito,069,59416,5756,5772,92,5864,57
2021-03-01,San Bernardino,071,2135413,286576,281685,8589,290274,3603
2021-03-01,San Diego,073,3302833,264991,260622,12967,273589,3303
2021-03-01,San Francisco,075,870044,34344,34318,1087,35405,424
2021-03-01,San Joaquin,077,732212,67142,65699,2788,68487,1097
2021-03-01,San Luis Obispo,079,281455,19800,19429,566,19995,239
2021-03-01,San Mateo,081,765935,39688,39096,411,39507,314
2021-03-01,Santa Barbara,083,443738,32455,31909,1052,32961,413
2021-03-01,Santa Clara,085,1922200,110998,110684,598,111282,1704
2021-03-01,Santa Cruz,087,273765,15484,14575,785,15360,185
2021-03-01,Shasta,089,179085,10991,10990,1237,12227,149
2021-03-01,Sierra,091,2930,51,48,12,60,0
2021-03-01,Siskiyou,093,43540,1512,1408,239,1647,5
2021-03-01,Solano,095,438530,29970,29779,369,30148,166
2021-03-01,Sonoma,097,501317,28206,28222,220,28442,278
2021-03-01,Stanislaus,099,539301,50941,50293,5392,55685,722
2021-03-01,Sutter,101,95872,8865,8825,82,8907,99
2021-03-01,Tehama,103,63373,4618,4595,494,5089,32
2021-03-01,Trinity,105,12862,468,298,79,377,3
2021-03-01,Tulare,107,460477,48425,47275,8117,55392,781
2021-03-01,Tuolumne,109,53932,3855,3907,35,3942,53
2021-03-01,Ventura,111,848112,78244,77849,2797,80646,775
2021-03-01,Yolo,113,214977,12961,12854,223,13077,188
2021-03-01,Yuba,115,75493,5529,5466,89,5555,41
2021-02-28,Alameda,001,1643700,81226,80727,1747,82474,1105
2021-02-28,Alpine,003,1148,80,77,0,77,0
2021-02-28,Amador,005,37829,3483,3466,30,3496,42
2021-02-28,Butte,007,227075,11385,10970,1617,12587,180
2021-02-28,Calaveras,009,45235,1916,1881,11,1892,46
2021-02-28,Colusa,011,21464,1877,1871,265,2136,11
2021-02-28,Contra Costa,013,1133247,63420,62386,1080,63466,694
2021-02-28,Del Norte,015,27424,1022,981,5,986,5
2021-02-28,El Dorado,017,186661,9177,9082,614,9696,98
2021-02-28,Fresno,019,978130,96693,95548,7748,103296,1405
2021-02-28,Glenn,021,27897,2257,2230,494,2724,15
2021-02-28,Humboldt,023,135768,3188,3179,22,3201,30
2021-02-28,Imperial,025,180216,27264,26909,2496,29405,636
2021-02-28,Inyo,027,18085,1311,1282,10,1292,35
2021-02-28,Kern,029,883053,93647,92169,9868,102037,1012
2021-02-28,Kings,031,150075,22307,21967,980,22947,217
2021-02-28,Lake,033,64148,3200,3164,6,3170,40
2021-02-28,Lassen,035,31185,5124,5106,97,5203,1
2021-02-28,Los Angeles,037,10098052,1174035,1155141,38969,1194110,21261
2021-02-28,Madera,039,155013,15680,15496,830,16326,199
2021-02-28,Marin,041,260295,13274,13152,163,13315,214
2021-02-28,Mariposa,043,17540,377,374,5,379,4
2021-02-28,Mendocino,045,87422,3648,3558,72,3630,41
2021-02-28,Merced,047,269075,28544,28546,940,29486,384
2021-02-28,Modoc,049,8938,344,331,115,446,3
2021-02-28,Mono,051,14174,1185,1192,16,1208,3
2021-02-28,Monterey,053,433212,42005,41683,1700,43383,323
2021-02-28,Napa,055,140530,9088,9053,34,9087,70
2021-02-28,Nevada,057,99092,4039,3972,163,4135,66
2021-02-28,Orange,059,3164182,247502,245706,10285,255991,3970
2021-02-28,Placer,061,380077,20658,19775,1118,20893,239
2021-02-28,Plumas,063,18699,644,628,10,638,4
2021-02-28,Riverside,065,2383286,285979,279214,13474,292688,3661
2021-02-28,Sacramento,067,1510023,94820,93463,1266,94729,1398
2021-02-28,San Benito,069,59416,5745,5772,92,5864,57
2021-02-28,San Bernardino,071,2135413,286435,281620,8577,290197,3595
2021-02-28,San Diego,073,3302833,264694,260353,12933,273286,3303
2021-02-28,San Francisco,075,870044,34302,34291,1081,35372,417
2021-02-28,San Joaquin,077,732212,67034,65662,2779,68441,1097
2021-02-28,San Luis Obispo,079,281455,19764,19422,564,19986,237
2021-02-28,San Mateo,081,765935,39635,39059,410,39469,314
2021-02-28,Santa Barbara,083,443738,32403,31877,1052,32929,413
2021-02-28,Santa Clara,085,1922200,110799,110556,595,111151,1704
2021-02-28,Santa Cruz,087,273765,15455,14571,782,15353,185
2021-02-28,Shasta,089,179085,10970,10990,1233,12223,149
2021-02-28,Sierra,091,2930,51,48,12,60,0
2021-02-28,Siskiyou,093,43540,1504,1408,239,1647,5
2021-02-28,Solano,095,438530,29915,29758,363,30121,166
2021-02-28,Sonoma,097,501317,28143,28193,219,28412,279
2021-02-28,Stanislaus,099,539301,50851,50228,5379,55607,728
2021-02-28,Sutter,101,95872,8850,8825,82,8907,99
2021-02-28,Tehama,103,63373,4613,4590,494,5084,32
2021-02-28,Trinity,105,12862,468,298,79,377,3
2021-02-28,Tulare,107,460477,48363,47258,8086,55344,780
2021-02-28,Tuolumne,109,53932,3850,3905,35,3940,53
2021-02-28,Ventura,111,848112,78132,77749,2794,80543,775
2021-02-28,Yolo,113,214977,12938,12851,223,13074,188
2021-02-28,Yuba,115,75493,5519,5461,89,5550,41
2021-02-27,Alameda,001,1643700,81153,80565,1745,82310,1108
2021-02-27,Alpine,003,1148,80,77,0,77,0
2021-02-27,Amador,005,37829,3481,3463,30,3493,42
2021-02-27,Butte,007,227075,11373,10962,1617,12579,180
2021-02-27,Calaveras,009,45235,1911,1875,11,1886,46
2021-02-27,Colusa,011,21464,1876,1869,265,2134,11
2021-02-27,Contra Costa,013,1133247,63350,62248,1077,63325,693
2021-02-27,Del Norte,015,27424,1020,978,5,983,5
2021-02-27,El Dorado,017,186661,9173,9072,614,9686,98
2021-02-27,Fresno,019,978130,96616,95393,7737,103130,1400
2021-02-27,Glenn,021,27897,2256,2225,493,2718,15
2021-02-27,Humboldt,023,135768,3182,3167,22,3189,30
2021-02-27,Imperial,025,180216,27256,26903,2494,29397,633
2021-02-27,Inyo,027,18085,1308,1275,10,1285,35
2021-02-27,Kern,029,883053,93586,92053,9853,101906,996
2021-02-27,Kings,031,150075,22297,21955,977,22932,216
2021-02-27,Lake,033,64148,3197,3156,6,3162,40
2021-02-27,Lassen,035,31185,5124,5106,97,5203,1
2021-02-27,Los Angeles,037,10098052,1173537,1154275,38942,1193217,21158
2021-02-27,Madera,039,155013,15663,15467,829,16296,199
2021-02-27,Marin,041,260295,13250,13134,163,13297,214
2021-02-27,Mariposa,043,17540,377,374,5,379,4
2021-02-27,Mendocino,045,87422,3645,3555,72,3627,41
2021-02-27,Merced,047,269075,28502,28501,932,29433,384
2021-02-27,Modoc,049,8938,344,331,114,445,3
2021-02-27,Mono,051,14174,1183,1191,16,1207,3
2021-02-27,Monterey,053,433212,41996,41665,1699,43364,322
2021-02-27,Napa,055,140530,9077,9038,34,9072,71
2021-02-27,Nevada,057,99092,4033,3960,163,4123,66
2021-02-27,Orange,059,3164182,247375,245542,10274,255816,3960
2021-02-27,Placer,061,380077,20622,19726,1115,20841,239
2021-02-27,Plumas,063,18699,644,628,10,638,4
2021-02-27,Riverside,065,2383286,285869,279048,13464,292512,3663
2021-02-27,Sacramento,067,1510023,94737,93281,1256,94537,1396
2021-02-27,San Benito,069,59416,5744,5767,91,5858,57
2021-02-27,San Bernardino,071,2135413,286356,281471,8570,290041,3527
2021-02-27,San Diego,073,3302833,264504,260091,12895,272986,3284
2021-02-27,San Francisco,075,870044,34268,34260,1078,35338,413
2021-02-27,San Joaquin,077,732212,66988,65578,2777,68355,1100
2021-02-27,San Luis Obispo,079,281455,19743,19411,563,19974,237
2021-02-27,San Mateo,081,765935,39594,38998,409,39407,313
2021-02-27,Santa Barbara,083,443738,32369,31805,1051,32856,411
2021-02-27,Santa Clara,085,1922200,110651,110361,593,110954,1703
2021-02-27,Santa Cruz,087,273765,15446,14552,781,15333,185
2021-02-27,Shasta,089,179085,10964,10985,1229,12214,149
2021-02-27,Sierra,091,2930,51,48,12,60,0
2021-02-27,Siskiyou,093,43540,1502,1407,238,1645,5
2021-02-27,Solano,095,438530,29887,29718,362,30080,165
2021-02-27,Sonoma,097,501317,28099,28141,213,28354,281
2021-02-27,Stanislaus,099,539301,50796,50147,5369,55516,733
2021-02-27,Sutter,101,95872,8845,8820,82,8902,99
2021-02-27,Tehama,103,63373,4608,4584,493,5077,32
2021-02-27,Trinity,105,12862,468,298,79,377,3
2021-02-27,Tulare,107,460477,48326,47209,8060,55269,770
2021-02-27,Tuolumne,109,53932,3847,3899,35,3934,53
2021-02-27,Ventura,111,848112,78059,77623,2791,80414,771
2021-02-27,Yolo,113,214977,12926,12834,223,13057,188
2021-02-27,Yuba,115,75493,5516,5450,89,5539,39
2021-02-26,Alameda,001,1643700,81058,80387,1740,82127,1106
2021-02-26,Alpine,003,1148,80,77,0,77,0
2021-02-26,Amador,005,37829,3475,3457,30,3487,42
2021-02-26,Butte,007,227075,11363,10941,1617,12558,180
2021-02-26,Calaveras,009,45235,1909,1873,11,1884,46
2021-02-26,Colusa,011,21464,1876,1865,265,2130,11
2021-02-26,Contra Costa,013,1133247,63267,62114,1077,63191,685
2021-02-26,Del Norte,015,27424,1016,968,5,973,5
2021-02-26,El Dorado,017,186661,9168,9038,612,9650,98
2021-02-26,Fresno,019,978130,96514,95202,7729,102931,1391
2021-02-26,Glenn,021,27897,2253,2220,493,2713,15
2021-02-26,Humboldt,023,135768,3176,3152,22,3174,30
2021-02-26,Imperial,025,180216,27249,26888,2492,29380,631
2021-02-26,Inyo,027,18085,1306,1271,10,1281,34
2021-02-26,Kern,029,883053,93507,91884,9837,101721,997
2021-02-26,Kings,031,150075,22281,21917,974,22891,216
2021-02-26,Lake,033,64148,3192,3153,6,3159,40
2021-02-26,Lassen,035,31185,5124,5102,97,5199,1
2021-02-26,Los Angeles,037,10098052,1172959,1153131,38881,1192012,21070
2021-02-26,Madera,039,155013,15647,15436,827,16263,199
2021-02-26,Marin,041,260295,13237,13091,163,13254,214
2021-02-26,Mariposa,043,17540,377,375,5,380,4
2021-02-26,Mendocino,045,87422,3640,3549,72,3621,41
2021-02-26,Merced,047,269075,28468,28455,931,29386,382
2021-02-26,Modoc,049,8938,343,330,114,444,3
2021-02-26,Mono,051,14174,1181,1191,16,1207,3
2021-02-26,Monterey,053,433212,41970,41607,1698,43305,322
2021-02-26,Napa,055,140530,9071,9014,34,9048,70
2021-02-26,Nevada,057,99092,4022,3952,163,4115,66
2021-02-26,Orange,059,3164182,247236,245278,10264,255542,3918
2021-02-26,Placer,061,380077,20596,19712,1109,20821,239
2021-02-26,Plumas,063,18699,644,628,10,638,4
2021-02-26,Riverside,065,2383286,285725,278772,13458,292230,3653
2021-02-26,Sacramento,067,1510023,94614,93180,1253,94433,1390
2021-02-26,San Benito,069,59416,5743,5759,91,5850,57
2021-02-26,San Bernardino,071,2135413,286256,281132,8568,289700,3461
2021-02-26,San Diego,073,3302833,264276,259641,12874,272515,3271
2021-02-26,San Francisco,075,870044,34238,34213,1075,35288,413
2021-02-26,San Joaquin,077,732212,66907,65492,2771,68263,1070
2021-02-26,San Luis Obispo,079,281455,19727,19359,561,19920,234
2021-02-26,San Mateo,081,765935,39548,38922,409,39331,313
2021-02-26,Santa Barbara,083,443738,32325,31724,1050,32774,410
2021-02-26,Santa Clara,085,1922200,110519,110168,591,110759,1700
2021-02-26,Santa Cruz,087,273765,15434,14528,780,15308,185
2021-02-26,Shasta,089,179085,10957,10972,1220,12192,149
2021-02-26,Sierra,091,2930,51,47,12,59,0
2021-02-26,Siskiyou,093,43540,1502,1401,237,1638,5
2021-02-26,Solano,095,438530,29853,29651,361,30012,165
2021-02-26,Sonoma,097,501317,28070,28063,212,28275,280
2021-02-26,Stanislaus,099,539301,50740,50054,5361,55415,737
2021-02-26,Sutter,101,95872,8836,8806,82,8888,99
2021-02-26,Tehama,103,63373,4606,4581,493,5074,32
2021-02-26,Trinity,105,12862,467,298,79,377,3
2021-02-26,Tulare,107,460477,48291,47135,8029,55164,770
2021-02-26,Tuolumne,109,53932,3846,3896,35,3931,53
2021-02-26,Ventura,111,848112,77959,77534,2787,80321,765
2021-02-26,Yolo,113,214977,12919,12816,223,13039,188
2021-02-26,Yuba,115,75493,5511,5438,89,5527,39
2021-02-25,Alameda,001,1643700,80937,80181,1739,81920,1093
2021-02-25,Alpine,003,1148,80,77,0,77,0
2021-02-25,Amador,005,37829,3472,3448,30,3478,41
2021-02-25,Butte,007,227075,11342,10922,1612,12534,178
2021-02-25,Calaveras,009,45235,1901,1868,11,1879,46
2021-02-25,Colusa,011,21464,1873,1863,264,2127,11
2021-02-25,Contra Costa,013,1133247,63165,61910,1077,62987,686
2021-02-25,Del Norte,015,27424,1006,966,5,971,5
2021-02-25,El Dorado,017,186661,9152,9012,612,9624,98
2021-02-25,Fresno,019,978130,96370,95015,7707,102722,1377
2021-02-25,Glenn,021,27897,2250,2219,492,2711,15
2021-02-25,Humboldt,023,135768,3169,3129,22,3151,30
2021-02-25,Imperial,025,180216,27242,26855,2488,29343,628
2021-02-25,Inyo,027,18085,1300,1264,10,1274,33
2021-02-25,Kern,029,883053,93391,91735,9812,101547,992
2021-02-25,Kings,031,150075,22272,21900,971,22871,216
2021-02-25,Lake,033,64148,3183,3141,6,3147,40
2021-02-25,Lassen,035,31185,5123,5097,96,5193,1
2021-02-25,Los Angeles,037,10098052,1172214,1151846,38823,1190669,20931
2021-02-25,Madera,039,155013,15612,15414,823,16237,194
2021-02-25,Marin,041,260295,13214,13067,163,13230,214
2021-02-25,Mariposa,043,17540,377,375,5,380,4
2021-02-25,Mendocino,045,87422,3635,3542,72,3614,41
2021-02-25,Merced,047,269075,28419,28383,929,29312,382
2021-02-25,Modoc,049,8938,343,329,114,443,3
2021-02-25,Mono,051,14174,1180,1190,16,1206,3
2021-02-25,Monterey,053,433212,41945,41564,1693,43257,321
2021-02-25,Napa,055,140530,9045,8998,34,9032,70
2021-02-25,Nevada,057,99092,4005,3940,162,4102,66
2021-02-25,Orange,059,3164182,247063,245000,10254,255254,3882
2021-02-25,Placer,061,380077,20557,19661,1107,20768,239
2021-02-25,Plumas,063,18699,644,626,10,636,4
2021-02-25,Riverside,065,2383286,285537,278544,13437,291981,3646
2021-02-25,Sacramento,067,1510023,94456,92961,1241,94202,1386
2021-02-25,San Benito,069,59416,5738,5752,91,5843,58
2021-02-25,San Bernardino,071,2135413,286120,280946,8560,289506,3409
2021-02-25,San Diego,073,3302833,263982,258979,12844,271823,3260
2021-02-25,San Francisco,075,870044,34195,34138,1072,35210,408
2021-02-25,San Joaquin,077,732212,66823,65389,2759,68148,1047
2021-02-25,San Luis Obispo,079,281455,19706,19335,559,19894,234
2021-02-25,San Mateo,081,765935,39501,38872,409,39281,300
2021-02-25,Santa Barbara,083,443738,32248,31631,1049,32680,408
2021-02-25,Santa Clara,085,1922200,110354,109923,590,110513,1677
2021-02-25,Santa Cruz,087,273765,15415,14492,779,15271,185
2021-02-25,Shasta,089,179085,10945,10947,1215,12162,148
2021-02-25,Sierra,091,2930,51,47,12,59,0
2021-02-25,Siskiyou,093,43540,1497,1390,234,1624,4
2021-02-25,Solano,095,438530,29821,29616,361,29977,161
2021-02-25,Sonoma,097,501317,28016,28004,209,28213,278
2021-02-25,Stanislaus,099,539301,50649,49964,5351,55315,738
2021-02-25,Sutter,101,95872,8822,8789,81,8870,99
2021-02-25,Tehama,103,63373,4603,4578,491,5069,32
2021-02-25,Trinity,105,12862,467,297,79,376,3
2021-02-25,Tulare,107,460477,48241,47052,8003,55055,765
2021-02-25,Tuolumne,109,53932,3843,3894,35,3929,53
2021-02-25,Ventura,111,848112,77851,77395,2781,80176,751
2021-02-25,Yolo,113,214977,12902,12787,223,13010,188
2021-02-25,Yuba,115,75493,5504,5429,89,5518,39
2021-02-24,Alameda,001,1643700,80817,80070,1735,81805,1082
2021-02-24,Alpine,003,1148,79,77,0,77,0
2021-02-24,Amador,005,37829,3467,3444,30,3474,41
2021-02-24,Butte,007,227075,11329,10915,1608,12523,178
2021-02-24,Calaveras,009,45235,1897,1864,11,1875,31
2021-02-24,Colusa,011,21464,1871,1863,264,2127,11
2021-02-24,Contra Costa,013,1133247,63057,61776,1077,62853,663
2021-02-24,Del Norte,015,27424,1005,960,4,964,5
2021-02-24,El Dorado,017,186661,9139,8993,612,9605,98
2021-02-24,Fresno,019,978130,96222,94794,7691,102485,1369
2021-02-24,Glenn,021,27897,2249,2210,492,2702,14
2021-02-24,Humboldt,023,135768,3157,3123,22,3145,29
2021-02-24,Imperial,025,180216,27229,26843,2483,29326,596
2021-02-24,Inyo,027,18085,1295,1253,10,1263,32
2021-02-24,Kern,029,883053,93258,91525,9796,101321,992
2021-02-24,Kings,031,150075,22247,21871,969,22840,216
2021-02-24,Lake,033,64148,3176,3134,6,3140,40
2021-02-24,Lassen,035,31185,5119,5095,95,5190,1
2021-02-24,Los Angeles,037,10098052,1171449,1150322,38782,1189104,20817
2021-02-24,Madera,039,155013,15585,15390,823,16213,194
2021-02-24,Marin,041,260295,13191,13044,162,13206,214
2021-02-24,Mariposa,043,17540,377,374,5,379,4
2021-02-24,Mendocino,045,87422,3628,3540,72,3612,41
2021-02-24,Merced,047,269075,28381,28295,924,29219,383
2021-02-24,Modoc,049,8938,342,329,114,443,3
2021-02-24,Mono,051,14174,1178,1189,16,1205,3
2021-02-24,Monterey,053,433212,41920,41495,1691,43186,320
2021-02-24,Napa,055,140530,9028,8976,33,9009,70
2021-02-24,Nevada,057,99092,3995,3927,162,4089,66
2021-02-24,Orange,059,3164182,246845,244743,10241,254984,3835
2021-02-24,Placer,061,380077,20518,19648,1101,20749,239
2021-02-24,Plumas,063,18699,642,626,10,636,4
2021-02-24,Riverside,065,2383286,285309,278293,13428,291721,3603
2021-02-24,Sacramento,067,1510023,94302,92742,1236,93978,1375
2021-02-24,San Benito,069,59416,5737,5743,91,5834,57
2021-02-24,San Bernardino,071,2135413,285968,280583,8556,289139,3360
2021-02-24,San Diego,073,3302833,263686,258460,12828,271288,3230
2021-02-24,San Francisco,075,870044,34149,34061,1069,35130,406
2021-02-24,San Joaquin,077,732212,66713,65274,2757,68031,1019
2021-02-24,San Luis Obispo,079,281455,19683,19309,557,19866,233
2021-02-24,San Mateo,081,765935,39464,38763,409,39172,300
2021-02-24,Santa Barbara,083,443738,32196,31563,1046,32609,405
2021-02-24,Santa Clara,085,1922200,110206,109671,589,110260,1674
2021-02-24,Santa Cruz,087,273765,15394,14458,779,15237,185
2021-02-24,Shasta,089,179085,10931,10922,1212,12134,148
2021-02-24,Sierra,091,2930,51,47,12,59,0
2021-02-24,Siskiyou,093,43540,1490,1385,230,1615,4
2021-02-24,Solano,095,438530,29781,29577,359,29936,158
2021-02-24,Sonoma,097,501317,27952,27954,205,28159,278
2021-02-24,Stanislaus,099,539301,50578,49851,5343,55194,732
2021-02-24,Sutter,101,95872,8812,8778,81,8859,99
2021-02-24,Tehama,103,63373,4600,4566,491,5057,31
2021-02-24,Trinity,105,12862,467,294,78,372,3
2021-02-24,Tulare,107,460477,48185,46976,7975,54951,759
2021-02-24,Tuolumne,109,53932,3839,3887,35,3922,53
2021-02-24,Ventura,111,848112,77743,77238,2780,80018,718
2021-02-24,Yolo,113,214977,12889,12760,219,12979,188
2021-02-24,Yuba,115,75493,5493,5425,87,5512,39
2021-02-23,Alameda,001,1643700,80679,79948,1733,81681,1070
2021-02-23,Alpine,003,1148,78,77,0,77,0
2021-02-23,Amador,005,37829,3465,3440,30,3470,41
2021-02-23,Butte,007,227075,11313,10887,1605,12492,176
2021-02-23,Calaveras,009,45235,1896,1863,11,1874,21
2021-02-23,Colusa,011,21464,1868,1862,264,2126,11
2021-02-23,Contra Costa,013,1133247,62923,61613,1074,62687,661
2021-02-23,Del Norte,015,27424,1003,953,4,957,3
2021-02-23,El Dorado,017,186661,9126,8969,612,9581,96
2021-02-23,Fresno,019,978130,96061,94741,7677,102418,1356
2021-02-23,Glenn,021,27897,2247,2209,492,2701,14
2021-02-23,Humboldt,023,135768,3140,3108,22,3130,29
2021-02-23,Imperial,025,180216,27209,26816,2478,29294,591
2021-02-23,Inyo,027,18085,1291,1250,10,1260,32
2021-02-23,Kern,029,883053,93119,91390,9767,101157,982
2021-02-23,Kings,031,150075,22232,21839,965,22804,216
2021-02-23,Lake,033,64148,3168,3121,6,3127,40
2021-02-23,Lassen,035,31185,5116,5092,95,5187,1
2021-02-23,Los Angeles,037,10098052,1170575,1148965,38730,1187695,19887
2021-02-23,Madera,039,155013,15571,15352,817,16169,193
2021-02-23,Marin,041,260295,13171,13015,161,13176,214
2021-02-23,Mariposa,043,17540,377,374,5,379,4
2021-02-23,Mendocino,045,87422,3626,3540,71,3611,41
2021-02-23,Merced,047,269075,28301,28209,917,29126,381
2021-02-23,Modoc,049,8938,341,328,113,441,3
2021-02-23,Mono,051,14174,1178,1189,16,1205,3
2021-02-23,Monterey,053,433212,41880,41439,1686,43125,317
2021-02-23,Napa,055,140530,9016,8967,33,9000,70
2021-02-23,Nevada,057,99092,3987,3912,162,4074,66
2021-02-23,Orange,059,3164182,246647,244566,10222,254788,3843
2021-02-23,Placer,061,380077,20493,19608,1097,20705,238
2021-02-23,Plumas,063,18699,641,626,10,636,4
2021-02-23,Riverside,065,2383286,285072,278075,13413,291488,3599
2021-02-23,Sacramento,067,1510023,94145,92632,1230,93862,1370
2021-02-23,San Benito,069,59416,5731,5731,90,5821,57
2021-02-23,San Bernardino,071,2135413,285779,280279,8551,288830,3283
2021-02-23,San Diego,073,3302833,263309,257802,12798,270600,3218
2021-02-23,San Francisco,075,870044,34101,33994,1068,35062,405
2021-02-23,San Joaquin,077,732212,66613,65141,2750,67891,1004
2021-02-23,San Luis Obispo,079,281455,19654,19233,556,19789,230
2021-02-23,San Mateo,081,765935,39403,38662,409,39071,299
2021-02-23,Santa Barbara,083,443738,32141,31483,1044,32527,402
2021-02-23,Santa Clara,085,1922200,110009,109449,586,110035,1661
2021-02-23,Santa Cruz,087,273765,15365,14435,777,15212,178
2021-02-23,Shasta,089,179085,10919,10903,1208,12111,146
2021-02-23,Sierra,091,2930,51,47,12,59,0
2021-02-23,Siskiyou,093,43540,1485,1380,228,1608,4
2021-02-23,Solano,095,438530,29741,29545,356,29901,154
2021-02-23,Sonoma,097,501317,27909,27882,202,28084,278
2021-02-23,Stanislaus,099,539301,50500,49749,5327,55076,722
2021-02-23,Sutter,101,95872,8799,8766,81,8847,98
2021-02-23,Tehama,103,63373,4594,4556,490,5046,30
2021-02-23,Trinity,105,12862,467,292,77,369,3
2021-02-23,Tulare,107,460477,48107,46937,7941,54878,757
2021-02-23,Tuolumne,109,53932,3835,3864,35,3899,53
2021-02-23,Ventura,111,848112,77627,77093,2771,79864,689
2021-02-23,Yolo,113,214977,12860,12729,219,12948,188
2021-02-23,Yuba,115,75493,5480,5417,86,5503,38
2021-02-22,Alameda,001,1643700,80528,79796,1729,81525,1062
2021-02-22,Alpine,003,1148,78,77,0,77,0
2021-02-22,Amador,005,37829,3460,3438,30,3468,39
2021-02-22,Butte,007,227075,11300,10855,1600,12455,176
2021-02-22,Calaveras,009,45235,1894,1862,11,1873,21
2021-02-22,Colusa,011,21464,1868,1860,264,2124,11
2021-02-22,Contra Costa,013,1133247,62794,61478,1073,62551,661
2021-02-22,Del Norte,015,27424,1002,948,4,952,3
2021-02-22,El Dorado,017,186661,9109,8940,612,9552,96
2021-02-22,Fresno,019,978130,95899,94584,7660,102244,1351
2021-02-22,Glenn,021,27897,2242,2207,490,2697,14
2021-02-22,Humboldt,023,135768,3128,3095,22,3117,29
2021-02-22,Imperial,025,180216,27187,26778,2471,29249,590
2021-02-22,Inyo,027,18085,1286,1248,10,1258,32
2021-02-22,Kern,029,883053,93002,91201,9745,100946,982
2021-02-22,Kings,031,150075,22209,21801,962,22763,214
2021-02-22,Lake,033,64148,3162,3107,6,3113,40
2021-02-22,Lassen,035,31185,5116,5088,94,5182,1
2021-02-22,Los Angeles,037,10098052,1169703,1147541,38672,1186213,19730
2021-02-22,Madera,039,155013,15546,15325,813,16138,193
2021-02-22,Marin,041,260295,13146,12991,158,13149,213
2021-02-22,Mariposa,043,17540,376,374,5,379,4
2021-02-22,Mendocino,045,87422,3620,3535,71,3606,41
2021-02-22,Merced,047,269075,28238,28166,914,29080,379
2021-02-22,Modoc,049,8938,341,329,113,442,3
2021-02-22,Mono,051,14174,1174,1189,16,1205,3
2021-02-22,Monterey,053,433212,41835,41397,1680,43077,311
2021-02-22,Napa,055,140530,8989,8950,33,8983,69
2021-02-22,Nevada,057,99092,3978,3900,160,4060,66
2021-02-22,Orange,059,3164182,246411,244118,10204,254322,3843
2021-02-22,Placer,061,380077,20456,19587,1089,20676,238
2021-02-22,Plumas,063,18699,641,625,10,635,4
2021-02-22,Riverside,065,2383286,284809,277730,13405,291135,3567
2021-02-22,Sacramento,067,1510023,93978,92476,1219,93695,1359
2021-02-22,San Benito,069,59416,5729,5723,90,5813,57
2021-02-22,San Bernardino,071,2135413,285599,279984,8538,288522,3259
2021-02-22,San Diego,073,3302833,262899,257348,12765,270113,3189
2021-02-22,San Francisco,075,870044,34041,33947,1063,35010,405
2021-02-22,San Joaquin,077,732212,66517,65060,2737,67797,1001
2021-02-22,San Luis Obispo,079,281455,19617,19198,554,19752,229
2021-02-22,San Mateo,081,765935,39346,38542,406,38948,282
2021-02-22,Santa Barbara,083,443738,32075,31421,1041,32462,399
2021-02-22,Santa Clara,085,1922200,109800,109213,575,109788,1655
2021-02-22,Santa Cruz,087,273765,15339,14417,777,15194,176
2021-02-22,Shasta,089,179085,10904,10872,1203,12075,145
2021-02-22,Sierra,091,2930,51,47,12,59,0
2021-02-22,Siskiyou,093,43540,1479,1373,227,1600,4
2021-02-22,Solano,095,438530,29702,29508,355,29863,150
2021-02-22,Sonoma,097,501317,27864,27845,201,28046,278
2021-02-22,Stanislaus,099,539301,50398,49630,5309,54939,722
2021-02-22,Sutter,101,95872,8791,8698,81,8779,98
2021-02-22,Tehama,103,63373,4591,4550,489,5039,30
2021-02-22,Trinity,105,12862,467,287,76,363,3
2021-02-22,Tulare,107,460477,48045,46879,7909,54788,751
2021-02-22,Tuolumne,109,53932,3831,3856,35,3891,53
2021-02-22,Ventura,111,848112,77499,76947,2766,79713,677
2021-02-22,Yolo,113,214977,12833,12689,219,12908,183
2021-02-22,Yuba,115,75493,5477,5404,85,5489,38
2021-02-21,Alameda,001,1643700,80336,79649,1724,81373,1061
2021-02-21,Alpine,003,1148,78,77,0,77,0
2021-02-21,Amador,005,37829,3452,3435,30,3465,39
2021-02-21,Butte,007,227075,11282,10855,1598,12453,176
2021-02-21,Calaveras,009,45235,1893,1860,11,1871,21
2021-02-21,Colusa,011,21464,1867,1860,260,2120,11
2021-02-21,Contra Costa,013,1133247,62639,61364,1070,62434,661
2021-02-21,Del Norte,015,27424,996,942,4,946,3
2021-02-21,El Dorado,017,186661,9091,8927,611,9538,96
2021-02-21,Fresno,019,978130,95757,94374,7643,102017,1349
2021-02-21,Glenn,021,27897,2240,2201,488,2689,14
2021-02-21,Humboldt,023,135768,3116,3096,22,3118,29
2021-02-21,Imperial,025,180216,27173,26779,2469,29248,590
2021-02-21,Inyo,027,18085,1280,1232,10,1242,32
2021-02-21,Kern,029,883053,92877,91141,9707,100848,980
2021-02-21,Kings,031,150075,22173,21784,960,22744,213
2021-02-21,Lake,033,64148,3154,3100,6,3106,40
2021-02-21,Lassen,035,31185,5108,5077,94,5171,1
2021-02-21,Los Angeles,037,10098052,1168667,1146756,38624,1185380,19711
2021-02-21,Madera,039,155013,15513,15298,810,16108,192
2021-02-21,Marin,041,260295,13117,12968,158,13126,212
2021-02-21,Mariposa,043,17540,376,373,5,378,4
2021-02-21,Mendocino,045,87422,3615,3535,71,3606,41
2021-02-21,Merced,047,269075,28164,28106,898,29004,379
2021-02-21,Modoc,049,8938,338,329,113,442,3
2021-02-21,Mono,051,14174,1174,1189,16,1205,3
2021-02-21,Monterey,053,433212,41779,41373,1673,43046,309
2021-02-21,Napa,055,140530,8975,8929,33,8962,69
2021-02-21,Nevada,057,99092,3965,3895,160,4055,66
2021-02-21,Orange,059,3164182,246114,243985,10187,254172,3801
2021-02-21,Placer,061,380077,20420,19553,1085,20638,238
2021-02-21,Plumas,063,18699,641,625,10,635,4
2021-02-21,Riverside,065,2383286,284575,277555,13392,290947,3564
2021-02-21,Sacramento,067,1510023,93768,92288,1207,93495,1354
2021-02-21,San Benito,069,59416,5719,5716,87,5803,57
2021-02-21,San Bernardino,071,2135413,285374,279870,8524,288394,3247
2021-02-21,San Diego,073,3302833,262465,257027,12719,269746,3190
2021-02-21,San Francisco,075,870044,33977,33891,1059,34950,405
2021-02-21,San Joaquin,077,732212,66378,64997,2725,67722,1001
2021-02-21,San Luis Obispo,079,281455,19584,19178,552,19730,229
2021-02-21,San Mateo,081,765935,39284,38448,402,38850,282
2021-02-21,Santa Barbara,083,443738,32013,31374,1038,32412,399
2021-02-21,Santa Clara,085,1922200,109574,108992,566,109558,1654
2021-02-21,Santa Cruz,087,273765,15316,14401,776,15177,176
2021-02-21,Shasta,089,179085,10890,10867,1198,12065,145
2021-02-21,Sierra,091,2930,51,47,12,59,0
2021-02-21,Siskiyou,093,43540,1473,1371,227,1598,4
2021-02-21,Solano,095,438530,29647,29471,354,29825,150
2021-02-21,Sonoma,097,501317,27800,27793,194,27987,278
2021-02-21,Stanislaus,099,539301,50285,49527,5295,54822,726
2021-02-21,Sutter,101,95872,8774,8687,80,8767,97
2021-02-21,Tehama,103,63373,4582,4547,489,5036,30
2021-02-21,Trinity,105,12862,465,286,76,362,3
2021-02-21,Tulare,107,460477,47977,46830,7874,54704,749
2021-02-21,Tuolumne,109,53932,3817,3828,35,3863,53
2021-02-21,Ventura,111,848112,77350,76862,2752,79614,677
2021-02-21,Yolo,113,214977,12802,12670,219,12889,183
2021-02-21,Yuba,115,75493,5469,5396,84,5480,38
2021-02-20,Alameda,001,1643700,80245,79496,1719,81215,1055
2021-02-20,Alpine,003,1148,78,77,0,77,0
2021-02-20,Amador,005,37829,3450,3432,30,3462,39
2021-02-20,Butte,007,227075,11274,10838,1597,12435,176
2021-02-20,Calaveras,009,45235,1892,1858,11,1869,21
2021-02-20,Colusa,011,21464,1866,1858,260,2118,11
2021-02-20,Contra Costa,013,1133247,62555,61205,1068,62273,663
2021-02-20,Del Norte,015,27424,992,937,4,941,3
2021-02-20,El Dorado,017,186661,9081,8911,611,9522,96
2021-02-20,Fresno,019,978130,95673,94234,7623,101857,1341
2021-02-20,Glenn,021,27897,2236,2199,487,2686,14
2021-02-20,Humboldt,023,135768,3108,3073,22,3095,29
2021-02-20,Imperial,025,180216,27163,26771,2469,29240,590
2021-02-20,Inyo,027,18085,1276,1226,10,1236,32
2021-02-20,Kern,029,883053,92806,91025,9675,100700,968
2021-02-20,Kings,031,150075,22155,21773,959,22732,212
2021-02-20,Lake,033,64148,3147,3089,6,3095,40
2021-02-20,Lassen,035,31185,5106,5067,94,5161,1
2021-02-20,Los Angeles,037,10098052,1168099,1145594,38582,1184176,19630
2021-02-20,Madera,039,155013,15493,15274,809,16083,191
2021-02-20,Marin,041,260295,13096,12945,156,13101,211
2021-02-20,Mariposa,043,17540,376,372,5,377,4
2021-02-20,Mendocino,045,87422,3613,3533,71,3604,40
2021-02-20,Merced,047,269075,28121,28066,895,28961,379
2021-02-20,Modoc,049,8938,338,328,113,441,3
2021-02-20,Mono,051,14174,1173,1187,16,1203,3
2021-02-20,Monterey,053,433212,41757,41313,1671,42984,309
2021-02-20,Napa,055,140530,8966,8910,33,8943,69
2021-02-20,Nevada,057,99092,3955,3887,159,4046,66
2021-02-20,Orange,059,3164182,245944,243761,10173,253934,3755
2021-02-20,Placer,061,380077,20379,19509,1081,20590,236
2021-02-20,Plumas,063,18699,641,626,10,636,4
2021-02-20,Riverside,065,2383286,284421,277267,13383,290650,3559
2021-02-20,Sacramento,067,1510023,93645,92057,1205,93262,1352
2021-02-20,San Benito,069,59416,5708,5709,87,5796,57
2021-02-20,San Bernardino,071,2135413,285272,279608,8519,288127,3203
2021-02-20,San Diego,073,3302833,262223,256510,12690,269200,3188
2021-02-20,San Francisco,075,870044,33935,33820,1050,34870,399
2021-02-20,San Joaquin,077,732212,66308,64916,2720,67636,1001
2021-02-20,San Luis Obispo,079,281455,19560,19138,551,19689,229
2021-02-20,San Mateo,081,765935,39240,38371,401,38772,282
2021-02-20,Santa Barbara,083,443738,31979,31289,1037,32326,396
2021-02-20,Santa Clara,085,1922200,109396,108728,563,109291,1649
2021-02-20,Santa Cruz,087,273765,15305,14378,774,15152,176
2021-02-20,Shasta,089,179085,10876,10850,1193,12043,146
2021-02-20,Sierra,091,2930,51,47,12,59,0
2021-02-20,Siskiyou,093,43540,1470,1366,227,1593,4
2021-02-20,Solano,095,438530,29633,29440,352,29792,150
2021-02-20,Sonoma,097,501317,27771,27703,192,27895,278
2021-02-20,Stanislaus,099,539301,50233,49445,5281,54726,733
2021-02-20,Sutter,101,95872,8768,8681,80,8761,97
2021-02-20,Tehama,103,63373,4577,4545,489,5034,30
2021-02-20,Trinity,105,12862,464,285,75,360,3
2021-02-20,Tulare,107,460477,47941,46769,7852,54621,739
2021-02-20,Tuolumne,109,53932,3812,3823,35,3858,53
2021-02-20,Ventura,111,848112,77255,76757,2749,79506,671
2021-02-20,Yolo,113,214977,12788,12639,218,12857,183
2021-02-20,Yuba,115,75493,5466,5386,84,5470,38
2021-02-19,Alameda,001,1643700,80144,79318,1715,81033,1047
2021-02-19,Alpine,003,1148,78,77,0,77,0
2021-02-19,Amador,005,37829,3446,3427,30,3457,39
2021-02-19,Butte,007,227075,11260,10823,1590,12413,176
2021-02-19,Calaveras,009,45235,1891,1856,11,1867,21
2021-02-19,Colusa,011,21464,1866,1858,260,2118,11
2021-02-19,Contra Costa,013,1133247,62443,61017,1065,62082,651
2021-02-19,Del Norte,015,27424,987,932,4,936,2
2021-02-19,El Dorado,017,186661,9072,8882,610,9492,96
2021-02-19,Fresno,019,978130,95543,93973,7607,101580,1330
2021-02-19,Glenn,021,27897,2231,2199,486,2685,14
2021-02-19,Humboldt,023,135768,3096,3037,22,3059,29
2021-02-19,Imperial,025,180216,27157,26751,2466,29217,589
2021-02-19,Inyo,027,18085,1271,1212,10,1222,32
2021-02-19,Kern,029,883053,92737,90807,9634,100441,963
2021-02-19,Kings,031,150075,22141,21724,957,22681,211
2021-02-19,Lake,033,64148,3141,3078,6,3084,40
2021-02-19,Lassen,035,31185,5105,5057,94,5151,1
2021-02-19,Los Angeles,037,10098052,1167350,1143828,38542,1182370,19498
2021-02-19,Madera,039,155013,15476,15222,807,16029,188
2021-02-19,Marin,041,260295,13078,12919,155,13074,210
2021-02-19,Mariposa,043,17540,376,371,5,376,4
2021-02-19,Mendocino,045,87422,3611,3526,71,3597,39
2021-02-19,Merced,047,269075,28091,27985,892,28877,376
2021-02-19,Modoc,049,8938,338,328,113,441,3
2021-02-19,Mono,051,14174,1173,1186,16,1202,3
2021-02-19,Monterey,053,433212,41730,41209,1667,42876,309
2021-02-19,Napa,055,140530,8953,8899,33,8932,69
2021-02-19,Nevada,057,99092,3949,3863,159,4022,66
2021-02-19,Orange,059,3164182,245768,243397,10160,253557,3715
2021-02-19,Placer,061,380077,20357,19457,1081,20538,236
2021-02-19,Plumas,063,18699,639,624,10,634,4
2021-02-19,Riverside,065,2383286,284252,276941,13366,290307,3541
2021-02-19,Sacramento,067,1510023,93524,91815,1201,93016,1351
2021-02-19,San Benito,069,59416,5703,5699,87,5786,57
2021-02-19,San Bernardino,071,2135413,285136,279209,8514,287723,3117
2021-02-19,San Diego,073,3302833,261932,255799,12667,268466,3169
2021-02-19,San Francisco,075,870044,33887,33746,1044,34790,387
2021-02-19,San Joaquin,077,732212,66232,64774,2711,67485,988
2021-02-19,San Luis Obispo,079,281455,19529,19061,549,19610,230
2021-02-19,San Mateo,081,765935,39182,38256,399,38655,282
2021-02-19,Santa Barbara,083,443738,31915,31204,1036,32240,392
2021-02-19,Santa Clara,085,1922200,109184,108400,561,108961,1634
2021-02-19,Santa Cruz,087,273765,15290,14354,774,15128,176
2021-02-19,Shasta,089,179085,10865,10833,1190,12023,140
2021-02-19,Sierra,091,2930,51,47,12,59,0
2021-02-19,Siskiyou,093,43540,1466,1363,225,1588,4
2021-02-19,Solano,095,438530,29608,29383,351,29734,150
2021-02-19,Sonoma,097,501317,27724,27595,190,27785,280
2021-02-19,Stanislaus,099,539301,50172,49282,5265,54547,739
2021-02-19,Sutter,101,95872,8758,8665,80,8745,96
2021-02-19,Tehama,103,63373,4575,4535,489,5024,30
2021-02-19,Trinity,105,12862,462,282,73,355,3
2021-02-19,Tulare,107,460477,47896,46662,7827,54489,736
2021-02-19,Tuolumne,109,53932,3805,3817,35,3852,52
2021-02-19,Ventura,111,848112,77176,76582,2746,79328,667
2021-02-19,Yolo,113,214977,12772,12606,218,12824,183
2021-02-19,Yuba,115,75493,5456,5376,84,5460,38
2021-02-18,Alameda,001,1643700,80010,79111,1707,80818,1012
2021-02-18,Alpine,003,1148,78,77,0,77,0
2021-02-18,Amador,005,37829,3442,3417,29,3446,38
2021-02-18,Butte,007,227075,11242,10791,1588,12379,175
2021-02-18,Calaveras,009,45235,1886,1873,11,1884,21
2021-02-18,Colusa,011,21464,1864,1856,258,2114,11
2021-02-18,Contra Costa,013,1133247,62329,60868,1063,61931,640
2021-02-18,Del Norte,015,27424,982,929,4,933,2
2021-02-18,El Dorado,017,186661,9057,8850,609,9459,94
2021-02-18,Fresno,019,978130,95373,93734,7582,101316,1323
2021-02-18,Glenn,021,27897,2225,2195,486,2681,14
2021-02-18,Humboldt,023,135768,3084,3023,22,3045,29
2021-02-18,Imperial,025,180216,27131,26731,2459,29190,591
2021-02-18,Inyo,027,18085,1267,1213,9,1222,32
2021-02-18,Kern,029,883053,92583,90655,9604,100259,961
2021-02-18,Kings,031,150075,22117,21648,956,22604,211
2021-02-18,Lake,033,64148,3136,3066,6,3072,40
2021-02-18,Lassen,035,31185,5096,5052,94,5146,1
2021-02-18,Los Angeles,037,10098052,1166391,1141930,38478,1180408,19358
2021-02-18,Madera,039,155013,15454,15175,802,15977,188
2021-02-18,Marin,041,260295,13065,12895,154,13049,209
2021-02-18,Mariposa,043,17540,375,369,5,374,4
2021-02-18,Mendocino,045,87422,3608,3519,70,3589,39
2021-02-18,Merced,047,269075,28042,27870,886,28756,372
2021-02-18,Modoc,049,8938,336,327,112,439,3
2021-02-18,Mono,051,14174,1173,1182,16,1198,3
2021-02-18,Monterey,053,433212,41672,41091,1658,42749,307
2021-02-18,Napa,055,140530,8936,8877,33,8910,68
2021-02-18,Nevada,057,99092,3940,3836,158,3994,66
2021-02-18,Orange,059,3164182,245545,243098,10143,253241,3673
2021-02-18,Placer,061,380077,20330,19429,1080,20509,232
2021-02-18,Plumas,063,18699,639,624,10,634,4
2021-02-18,Riverside,065,2383286,283964,276595,13345,289940,3510
2021-02-18,Sacramento,067,1510023,93362,91476,1195,92671,1334
2021-02-18,San Benito,069,59416,5700,5697,86,5783,58
2021-02-18,San Bernardino,071,2135413,284926,278887,8500,287387,3066
2021-02-18,San Diego,073,3302833,261577,254987,12644,267631,3135
2021-02-18,San Francisco,075,870044,33829,33650,1041,34691,386
2021-02-18,San Joaquin,077,732212,66149,64634,2701,67335,982
2021-02-18,San Luis Obispo,079,281455,19487,18987,546,19533,230
2021-02-18,San Mateo,081,765935,39120,38185,395,38580,282
2021-02-18,Santa Barbara,083,443738,31837,31054,1029,32083,387
2021-02-18,Santa Clara,085,1922200,108959,108210,558,108768,1605
2021-02-18,Santa Cruz,087,273765,15264,14314,774,15088,176
2021-02-18,Shasta,089,179085,10847,10811,1187,11998,139
2021-02-18,Sierra,091,2930,50,47,12,59,0
2021-02-18,Siskiyou,093,43540,1461,1359,224,1583,4
2021-02-18,Solano,095,438530,29582,29349,350,29699,150
2021-02-18,Sonoma,097,501317,27657,27512,189,27701,281
2021-02-18,Stanislaus,099,539301,50071,49150,5248,54398,738
2021-02-18,Sutter,101,95872,8750,8654,80,8734,96
2021-02-18,Tehama,103,63373,4572,4528,489,5017,30
2021-02-18,Trinity,105,12862,461,282,73,355,3
2021-02-18,Tulare,107,460477,47833,46591,7787,54378,728
2021-02-18,Tuolumne,109,53932,3768,3811,35,3846,52
2021-02-18,Ventura,111,848112,77044,76442,2738,79180,659
2021-02-18,Yolo,113,214977,12746,12549,215,12764,183
2021-02-18,Yuba,115,75493,5439,5358,84,5442,38
2021-02-17,Alameda,001,1643700,79849,78895,1705,80600,1002
2021-02-17,Alpine,003,1148,78,77,0,77,0
2021-02-17,Amador,005,37829,3438,3415,29,3444,38
2021-02-17,Butte,007,227075,11224,10770,1584,12354,174
2021-02-17,Calaveras,009,45235,1886,1876,11,1887,21
2021-02-17,Colusa,011,21464,1861,1854,258,2112,10
2021-02-17,Contra Costa,013,1133247,62191,60723,1060,61783,635
2021-02-17,Del Norte,015,27424,975,920,4,924,2
2021-02-17,El Dorado,017,186661,9046,8847,609,9456,94
2021-02-17,Fresno,019,978130,95234,93555,7555,101110,1307
2021-02-17,Glenn,021,27897,2224,2189,485,2674,14
2021-02-17,Humboldt,023,135768,3069,3006,22,3028,29
2021-02-17,Imperial,025,180216,27117,26726,2455,29181,580
2021-02-17,Inyo,027,18085,1259,1197,9,1206,32
2021-02-17,Kern,029,883053,92465,90454,9559,100013,962
2021-02-17,Kings,031,150075,22079,21617,952,22569,211
2021-02-17,Lake,033,64148,3126,3057,2,3059,38
2021-02-17,Lassen,035,31185,5091,5052,93,5145,1
2021-02-17,Los Angeles,037,10098052,1165337,1139786,38414,1178200,19213
2021-02-17,Madera,039,155013,15429,15135,793,15928,177
2021-02-17,Marin,041,260295,13040,12881,154,13035,207
2021-02-17,Mariposa,043,17540,375,368,4,372,4
2021-02-17,Mendocino,045,87422,3606,3494,69,3563,39
2021-02-17,Merced,047,269075,27987,27824,877,28701,372
2021-02-17,Modoc,049,8938,336,327,112,439,3
2021-02-17,Mono,051,14174,1173,1180,16,1196,3
2021-02-17,Monterey,053,433212,41617,41014,1646,42660,304
2021-02-17,Napa,055,140530,8922,8865,33,8898,68
2021-02-17,Nevada,057,99092,3921,3822,155,3977,52
2021-02-17,Orange,059,3164182,245283,242716,10110,252826,3626
2021-02-17,Placer,061,380077,20296,19405,1076,20481,230
2021-02-17,Plumas,063,18699,638,623,10,633,4
2021-02-17,Riverside,065,2383286,283676,276289,13324,289613,3491
2021-02-17,Sacramento,067,1510023,93203,91309,1188,92497,1326
2021-02-17,San Benito,069,59416,5694,5661,86,5747,57
2021-02-17,San Bernardino,071,2135413,284722,278461,8481,286942,3020
2021-02-17,San Diego,073,3302833,261199,254177,12623,266800,3099
2021-02-17,San Francisco,075,870044,33753,33558,1036,34594,379
2021-02-17,San Joaquin,077,732212,66043,64556,2695,67251,979
2021-02-17,San Luis Obispo,079,281455,19442,18964,546,19510,230
2021-02-17,San Mateo,081,765935,39055,38124,394,38518,282
2021-02-17,Santa Barbara,083,443738,31769,30927,1028,31955,384
2021-02-17,Santa Clara,085,1922200,108727,107949,556,108505,1592
2021-02-17,Santa Cruz,087,273765,15231,14268,771,15039,174
2021-02-17,Shasta,089,179085,10827,10770,1186,11956,139
2021-02-17,Sierra,091,2930,50,47,12,59,0
2021-02-17,Siskiyou,093,43540,1455,1352,221,1573,4
2021-02-17,Solano,095,438530,29525,29288,350,29638,149
2021-02-17,Sonoma,097,501317,27585,27408,184,27592,281
2021-02-17,Stanislaus,099,539301,49958,49050,5232,54282,730
2021-02-17,Sutter,101,95872,8740,8681,80,8761,95
2021-02-17,Tehama,103,63373,4569,4511,489,5000,30
2021-02-17,Trinity,105,12862,461,277,71,348,3
2021-02-17,Tulare,107,460477,47768,46495,7761,54256,726
2021-02-17,Tuolumne,109,53932,3759,3806,35,3841,49
2021-02-17,Ventura,111,848112,76922,76234,2732,78966,646
2021-02-17,Yolo,113,214977,12727,12506,213,12719,182
2021-02-17,Yuba,115,75493,5430,5345,84,5429,38
2021-02-16,Alameda,001,1643700,79679,78756,1702,80458,997
2021-02-16,Alpine,003,1148,78,76,0,76,0
2021-02-16,Amador,005,37829,3431,3413,29,3442,39
2021-02-16,Butte,007,227075,11198,10748,1581,12329,164
2021-02-16,Calaveras,009,45235,1884,1872,11,1883,21
2021-02-16,Colusa,011,21464,1858,1852,256,2108,10
2021-02-16,Contra Costa,013,1133247,62040,60564,1055,61619,631
2021-02-16,Del Norte,015,27424,967,913,4,917,2
2021-02-16,El Dorado,017,186661,9036,8836,607,9443,94
2021-02-16,Fresno,019,978130,95069,93363,7525,100888,1293
2021-02-16,Glenn,021,27897,2220,2189,481,2670,14
2021-02-16,Humboldt,023,135768,3046,2994,21,3015,29
2021-02-16,Imperial,025,180216,27104,26711,2451,29162,580
2021-02-16,Inyo,027,18085,1251,1191,9,1200,32
2021-02-16,Kern,029,883053,92333,90267,9529,99796,959
2021-02-16,Kings,031,150075,22033,21583,948,22531,206
2021-02-16,Lake,033,64148,3119,3041,2,3043,38
2021-02-16,Lassen,035,31185,5079,5047,93,5140,1
2021-02-16,Los Angeles,037,10098052,1164083,1138262,38353,1176615,19044
2021-02-16,Madera,039,155013,15391,15120,788,15908,172
2021-02-16,Marin,041,260295,13012,12832,154,12986,205
2021-02-16,Mariposa,043,17540,375,367,4,371,4
2021-02-16,Mendocino,045,87422,3602,3489,69,3558,39
2021-02-16,Merced,047,269075,27906,27724,871,28595,368
2021-02-16,Modoc,049,8938,336,326,112,438,3
2021-02-16,Mono,051,14174,1173,1180,16,1196,3
2021-02-16,Monterey,053,433212,41541,40962,1637,42599,303
2021-02-16,Napa,055,140530,8909,8854,33,8887,66
2021-02-16,Nevada,057,99092,3908,3774,154,3928,47
2021-02-16,Orange,059,3164182,244961,242382,10094,252476,3612
2021-02-16,Placer,061,380077,20263,19367,1073,20440,230
2021-02-16,Plumas,063,18699,638,619,10,629,4
2021-02-16,Riverside,065,2383286,283372,275954,13301,289255,3471
2021-02-16,Sacramento,067,1510023,92949,91246,1182,92428,1305
2021-02-16,San Benito,069,59416,5686,5659,85,5744,56
2021-02-16,San Bernardino,071,2135413,284499,277947,8470,286417,2978
2021-02-16,San Diego,073,3302833,260734,253638,12584,266222,3042
2021-02-16,San Francisco,075,870044,33682,33491,1031,34522,373
2021-02-16,San Joaquin,077,732212,65913,64448,2692,67140,979
2021-02-16,San Luis Obispo,079,281455,19397,18925,543,19468,229
2021-02-16,San Mateo,081,765935,38996,38041,392,38433,277
2021-02-16,Santa Barbara,083,443738,31695,30865,1025,31890,378
2021-02-16,Santa Clara,085,1922200,108475,107754,553,108307,1591
2021-02-16,Santa Cruz,087,273765,15211,14256,770,15026,174
2021-02-16,Shasta,089,179085,10812,10736,1184,11920,139
2021-02-16,Sierra,091,2930,50,47,12,59,0
2021-02-16,Siskiyou,093,43540,1451,1351,221,1572,4
2021-02-16,Solano,095,438530,29487,29246,349,29595,148
2021-02-16,Sonoma,097,501317,27526,27380,178,27558,279
2021-02-16,Stanislaus,099,539301,49834,48927,5218,54145,716
2021-02-16,Sutter,101,95872,8717,8671,80,8751,95
2021-02-16,Tehama,103,63373,4560,4501,487,4988,30
2021-02-16,Trinity,105,12862,457,275,71,346,3
2021-02-16,Tulare,107,460477,47704,46444,7717,54161,716
2021-02-16,Tuolumne,109,53932,3757,3796,35,3831,49
2021-02-16,Ventura,111,848112,76780,76043,2728,78771,631
2021-02-16,Yolo,113,214977,12698,12457,213,12670,175
2021-02-16,Yuba,115,75493,5423,5332,83,5415,38
2021-02-15,Alameda,001,1643700,79483,78647,1691,80338,996
2021-02-15,Alpine,003,1148,78,76,0,76,0
2021-02-15,Amador,005,37829,3427,3409,29,3438,39
2021-02-15,Butte,007,227075,11180,10723,1577,12300,155
2021-02-15,Calaveras,009,45235,1880,1871,11,1882,21
2021-02-15,Colusa,011,21464,1858,1849,252,2101,10
2021-02-15,Contra Costa,013,1133247,61869,60444,1050,61494,631
2021-02-15,Del Norte,015,27424,963,913,4,917,2
2021-02-15,El Dorado,017,186661,9019,8816,607,9423,94
2021-02-15,Fresno,019,978130,94870,93231,7486,100717,1288
2021-02-15,Glenn,021,27897,2218,2185,480,2665,14
2021-02-15,Humboldt,023,135768,3039,2997,21,3018,29
2021-02-15,Imperial,025,180216,27084,26700,2448,29148,580
2021-02-15,Inyo,027,18085,1232,1184,9,1193,32
2021-02-15,Kern,029,883053,92189,90181,9497,99678,959
2021-02-15,Kings,031,150075,21988,21574,944,22518,205
2021-02-15,Lake,033,64148,3105,3030,1,3031,38
2021-02-15,Lassen,035,31185,5077,5047,92,5139,1
2021-02-15,Los Angeles,037,10098052,1162695,1137164,38290,1175454,18925
2021-02-15,Madera,039,155013,15360,15108,786,15894,106
2021-02-15,Marin,041,260295,12991,12810,151,12961,203
2021-02-15,Mariposa,043,17540,373,367,4,371,4
2021-02-15,Mendocino,045,87422,3590,3481,69,3550,39
2021-02-15,Merced,047,269075,27832,27656,863,28519,368
2021-02-15,Modoc,049,8938,336,326,112,438,3
2021-02-15,Mono,051,14174,1170,1178,16,1194,3
2021-02-15,Monterey,053,433212,41477,40911,1624,42535,302
2021-02-15,Napa,055,140530,8895,8837,33,8870,57
2021-02-15,Nevada,057,99092,3891,3767,153,3920,47
2021-02-15,Orange,059,3164182,244642,242176,10065,252241,3586
2021-02-15,Placer,061,380077,20237,19361,1072,20433,230
2021-02-15,Plumas,063,18699,638,620,10,630,4
2021-02-15,Riverside,065,2383286,283018,275771,13282,289053,3468
2021-02-15,Sacramento,067,1510023,92622,91091,1177,92268,1304
2021-02-15,San Benito,069,59416,5680,5649,85,5734,56
2021-02-15,San Bernardino,071,2135413,284247,277869,8462,286331,2945
2021-02-15,San Diego,073,3302833,260221,252940,12553,265493,3037
2021-02-15,San Francisco,075,870044,33609,33454,1025,34479,373
2021-02-15,San Joaquin,077,732212,65748,64382,2685,67067,979
2021-02-15,San Luis Obispo,079,281455,19344,18891,541,19432,227
2021-02-15,San Mateo,081,765935,38917,37969,389,38358,277
2021-02-15,Santa Barbara,083,443738,31591,30810,1022,31832,378
2021-02-15,Santa Clara,085,1922200,108245,107630,551,108181,1588
2021-02-15,Santa Cruz,087,273765,15179,14239,767,15006,175
2021-02-15,Shasta,089,179085,10792,10730,1179,11909,139
2021-02-15,Sierra,091,2930,50,47,12,59,0
2021-02-15,Siskiyou,093,43540,1443,1345,220,1565,4
2021-02-15,Solano,095,438530,29432,29225,349,29574,148
2021-02-15,Sonoma,097,501317,27442,27359,174,27533,276
2021-02-15,Stanislaus,099,539301,49707,48808,5205,54013,716
2021-02-15,Sutter,101,95872,8702,8652,80,8732,95
2021-02-15,Tehama,103,63373,4551,4492,486,4978,30
2021-02-15,Trinity,105,12862,456,274,71,345,3
2021-02-15,Tulare,107,460477,47633,46344,7678,54022,715
2021-02-15,Tuolumne,109,53932,3747,3794,35,3829,49
2021-02-15,Ventura,111,848112,76625,75889,2725,78614,629
2021-02-15,Yolo,113,214977,12663,12412,207,12619,175
2021-02-15,Yuba,115,75493,5406,5320,82,5402,38
2021-02-14,Alameda,001,1643700,79332,78442,1690,80132,995
2021-02-14,Alpine,003,1148,78,76,0,76,0
2021-02-14,Amador,005,37829,3422,3398,29,3427,39
2021-02-14,Butte,007,227075,11156,10717,1574,12291,155
2021-02-14,Calaveras,009,45235,1876,1866,11,1877,21
2021-02-14,Colusa,011,21464,1854,1845,249,2094,10
2021-02-14,Contra Costa,013,1133247,61719,60272,1047,61319,631
2021-02-14,Del Norte,015,27424,959,911,4,915,2
2021-02-14,El Dorado,017,186661,8988,8790,606,9396,94
2021-02-14,Fresno,019,978130,94699,93065,7463,100528,1287
2021-02-14,Glenn,021,27897,2215,2184,480,2664,14
2021-02-14,Humboldt,023,135768,3026,2992,21,3013,29
2021-02-14,Imperial,025,180216,27077,26696,2447,29143,580
2021-02-14,Inyo,027,18085,1226,1177,9,1186,32
2021-02-14,Kern,029,883053,92029,90038,9444,99482,959
2021-02-14,Kings,031,150075,21962,21538,942,22480,205
2021-02-14,Lake,033,64148,3094,3030,1,3031,38
2021-02-14,Lassen,035,31185,5073,5037,92,5129,1
2021-02-14,Los Angeles,037,10098052,1161351,1135450,38206,1173656,18898
2021-02-14,Madera,039,155013,15328,15089,782,15871,106
2021-02-14,Marin,041,260295,12967,12784,151,12935,201
2021-02-14,Mariposa,043,17540,373,365,4,369,4
2021-02-14,Mendocino,045,87422,3584,3475,69,3544,39
2021-02-14,Merced,047,269075,27750,27601,858,28459,368
2021-02-14,Modoc,049,8938,336,326,112,438,3
2021-02-14,Mono,051,14174,1169,1180,16,1196,3
2021-02-14,Monterey,053,433212,41426,40842,1619,42461,302
2021-02-14,Napa,055,140530,8875,8826,33,8859,57
2021-02-14,Nevada,057,99092,3875,3761,153,3914,47
2021-02-14,Orange,059,3164182,244328,241859,10046,251905,3564
2021-02-14,Placer,061,380077,20198,19313,1067,20380,230
2021-02-14,Plumas,063,18699,637,620,10,630,4
2021-02-14,Riverside,065,2383286,282686,275518,13263,288781,3471
2021-02-14,Sacramento,067,1510023,92415,90856,1173,92029,1304
2021-02-14,San Benito,069,59416,5671,5641,84,5725,56
2021-02-14,San Bernardino,071,2135413,283941,277664,8442,286106,2929
2021-02-14,San Diego,073,3302833,259729,252247,12506,264753,3037
2021-02-14,San Francisco,075,870044,33535,33374,1017,34391,372
2021-02-14,San Joaquin,077,732212,65650,64243,2671,66914,979
2021-02-14,San Luis Obispo,079,281455,19306,18868,538,19406,225
2021-02-14,San Mateo,081,765935,38832,37859,389,38248,277
2021-02-14,Santa Barbara,083,443738,31499,30744,1018,31762,377
2021-02-14,Santa Clara,085,1922200,108046,107412,547,107959,1582
2021-02-14,Santa Cruz,087,273765,15151,14225,762,14987,175
2021-02-14,Shasta,089,179085,10760,10720,1174,11894,139
2021-02-14,Sierra,091,2930,50,47,12,59,0
2021-02-14,Siskiyou,093,43540,1439,1340,220,1560,4
2021-02-14,Solano,095,438530,29390,29150,346,29496,148
2021-02-14,Sonoma,097,501317,27367,27266,172,27438,276
2021-02-14,Stanislaus,099,539301,49597,48672,5190,53862,716
2021-02-14,Sutter,101,95872,8679,8642,80,8722,95
2021-02-14,Tehama,103,63373,4545,4490,483,4973,30
2021-02-14,Trinity,105,12862,456,272,71,343,3
2021-02-14,Tulare,107,460477,47548,46263,7629,53892,715
2021-02-14,Tuolumne,109,53932,3746,3764,35,3799,49
2021-02-14,Ventura,111,848112,76456,75742,2714,78456,629
2021-02-14,Yolo,113,214977,12634,12399,206,12605,175
2021-02-14,Yuba,115,75493,5396,5314,82,5396,38
2021-02-13,Alameda,001,1643700,79210,78246,1687,79933,995
2021-02-13,Alpine,003,1148,78,76,0,76,0
2021-02-13,Amador,005,37829,3419,3387,29,3416,38
2021-02-13,Butte,007,227075,11140,10699,1572,12271,155
2021-02-13,Calaveras,009,45235,1873,1863,11,1874,21
2021-02-13,Colusa,011,21464,1854,1837,249,2086,10
2021-02-13,Contra Costa,013,1133247,61598,60100,1047,61147,629
2021-02-13,Del Norte,015,27424,957,908,4,912,2
2021-02-13,El Dorado,017,186661,8976,8758,605,9363,93
2021-02-13,Fresno,019,978130,94585,92807,7441,100248,1287
2021-02-13,Glenn,021,27897,2214,2182,478,2660,14
2021-02-13,Humboldt,023,135768,3013,2974,20,2994,29
2021-02-13,Imperial,025,180216,27070,26680,2445,29125,580
2021-02-13,Inyo,027,18085,1222,1168,9,1177,32
2021-02-13,Kern,029,883053,91940,89915,9418,99333,957
2021-02-13,Kings,031,150075,21947,21513,940,22453,205
2021-02-13,Lake,033,64148,3085,3025,1,3026,37
2021-02-13,Lassen,035,31185,5070,5028,92,5120,1
2021-02-13,Los Angeles,037,10098052,1160492,1133752,38158,1171910,18822
2021-02-13,Madera,039,155013,15319,15053,778,15831,106
2021-02-13,Marin,041,260295,12943,12757,151,12908,201
2021-02-13,Mariposa,043,17540,373,365,4,369,4
2021-02-13,Mendocino,045,87422,3574,3466,69,3535,38
2021-02-13,Merced,047,269075,27706,27541,855,28396,368
2021-02-13,Modoc,049,8938,336,325,112,437,3
2021-02-13,Mono,051,14174,1169,1176,16,1192,3
2021-02-13,Monterey,053,433212,41394,40731,1618,42349,301
2021-02-13,Napa,055,140530,8866,8809,33,8842,57
2021-02-13,Nevada,057,99092,3866,3742,152,3894,47
2021-02-13,Orange,059,3164182,244122,241545,10027,251572,3520
2021-02-13,Placer,061,380077,20178,19214,1067,20281,230
2021-02-13,Plumas,063,18699,637,616,10,626,4
2021-02-13,Riverside,065,2383286,282458,275276,13254,288530,3462
2021-02-13,Sacramento,067,1510023,92248,90401,1170,91571,1302
2021-02-13,San Benito,069,59416,5654,5633,84,5717,56
2021-02-13,San Bernardino,071,2135413,283789,277405,8430,285835,2899
2021-02-13,San Diego,073,3302833,259397,251679,12494,264173,3009
2021-02-13,San Francisco,075,870044,33485,33291,1007,34298,364
2021-02-13,San Joaquin,077,732212,65581,64105,2661,66766,977
2021-02-13,San Luis Obispo,079,281455,19278,18803,532,19335,225
2021-02-13,San Mateo,081,765935,38779,37745,389,38134,277
2021-02-13,Santa Barbara,083,443738,31447,30594,1016,31610,374
2021-02-13,Santa Clara,085,1922200,107857,107125,543,107668,1570
2021-02-13,Santa Cruz,087,273765,15124,14198,761,14959,173
2021-02-13,Shasta,089,179085,10747,10713,1169,11882,139
2021-02-13,Sierra,091,2930,50,47,12,59,0
2021-02-13,Siskiyou,093,43540,1436,1336,220,1556,4
2021-02-13,Solano,095,438530,29354,29084,346,29430,148
2021-02-13,Sonoma,097,501317,27319,27157,170,27327,276
2021-02-13,Stanislaus,099,539301,49526,48568,5184,53752,697
2021-02-13,Sutter,101,95872,8667,8626,80,8706,94
2021-02-13,Tehama,103,63373,4534,4484,482,4966,30
2021-02-13,Trinity,105,12862,455,272,70,342,3
2021-02-13,Tulare,107,460477,47497,46162,7598,53760,709
2021-02-13,Tuolumne,109,53932,3745,3752,35,3787,49
2021-02-13,Ventura,111,848112,76316,75481,2708,78189,618
2021-02-13,Yolo,113,214977,12621,12374,205,12579,175
2021-02-13,Yuba,115,75493,5388,5289,82,5371,38
2021-02-12,Alameda,001,1643700,79061,77958,1681,79639,974
2021-02-12,Alpine,003,1148,78,76,0,76,0
2021-02-12,Amador,005,37829,3415,3381,29,3410,38
2021-02-12,Butte,007,227075,11127,10655,1565,12220,155
2021-02-12,Calaveras,009,45235,1870,1860,11,1871,21
2021-02-12,Colusa,011,21464,1854,1836,249,2085,10
2021-02-12,Contra Costa,013,1133247,61447,59878,1043,60921,620
2021-02-12,Del Norte,015,27424,947,901,4,905,2
2021-02-12,El Dorado,017,186661,8960,8725,602,9327,92
2021-02-12,Fresno,019,978130,94431,92520,7421,99941,1273
2021-02-12,Glenn,021,27897,2211,2175,478,2653,14
2021-02-12,Humboldt,023,135768,3005,2961,20,2981,29
2021-02-12,Imperial,025,180216,27062,26646,2442,29088,585
2021-02-12,Inyo,027,18085,1216,1156,9,1165,32
2021-02-12,Kern,029,883053,91826,89532,9384,98916,949
2021-02-12,Kings,031,150075,21915,21462,935,22397,202
2021-02-12,Lake,033,64148,3080,3012,1,3013,36
2021-02-12,Lassen,035,31185,5068,5015,92,5107,1
2021-02-12,Los Angeles,037,10098052,1159286,1131185,38089,1169274,18637
2021-02-12,Madera,039,155013,15292,15022,775,15797,106
2021-02-12,Marin,041,260295,12917,12720,151,12871,200
2021-02-12,Mariposa,043,17540,372,365,4,369,4
2021-02-12,Mendocino,045,87422,3572,3447,69,3516,38
2021-02-12,Merced,047,269075,27655,27453,852,28305,367
2021-02-12,Modoc,049,8938,336,324,112,436,3
2021-02-12,Mono,051,14174,1168,1172,16,1188,3
2021-02-12,Monterey,053,433212,41346,40633,1609,42242,297
2021-02-12,Napa,055,140530,8854,8785,33,8818,55
2021-02-12,Nevada,057,99092,3861,3728,152,3880,47
2021-02-12,Orange,059,3164182,243883,241075,10012,251087,3505
2021-02-12,Placer,061,380077,20136,19174,1062,20236,230
2021-02-12,Plumas,063,18699,636,614,10,624,4
2021-02-12,Riverside,065,2383286,282179,274792,13237,288029,3438
2021-02-12,Sacramento,067,1510023,92046,90252,1169,91421,1295
2021-02-12,San Benito,069,59416,5638,5622,83,5705,56
2021-02-12,San Bernardino,071,2135413,283599,276890,8419,285309,2827
2021-02-12,San Diego,073,3302833,259009,250788,12468,263256,2979
2021-02-12,San Francisco,075,870044,33425,33179,1003,34182,359
2021-02-12,San Joaquin,077,732212,65485,63966,2653,66619,975
2021-02-12,San Luis Obispo,079,281455,19237,18687,531,19218,224
2021-02-12,San Mateo,081,765935,38707,37560,389,37949,254
2021-02-12,Santa Barbara,083,443738,31376,30454,1011,31465,372
2021-02-12,Santa Clara,085,1922200,107685,106759,540,107299,1543
2021-02-12,Santa Cruz,087,273765,15104,14147,761,14908,170
2021-02-12,Shasta,089,179085,10729,10693,1159,11852,142
2021-02-12,Sierra,091,2930,49,45,12,57,0
2021-02-12,Siskiyou,093,43540,1432,1324,217,1541,4
2021-02-12,Solano,095,438530,29322,28996,343,29339,147
2021-02-12,Sonoma,097,501317,27264,27064,166,27230,275
2021-02-12,Stanislaus,099,539301,49438,48418,5162,53580,697
2021-02-12,Sutter,101,95872,8654,8609,80,8689,93
2021-02-12,Tehama,103,63373,4527,4470,481,4951,27
2021-02-12,Trinity,105,12862,455,269,70,339,3
2021-02-12,Tulare,107,460477,47419,46016,7572,53588,710
2021-02-12,Tuolumne,109,53932,3742,3736,34,3770,49
2021-02-12,Ventura,111,848112,76146,75210,2702,77912,605
2021-02-12,Yolo,113,214977,12600,12340,205,12545,175
2021-02-12,Yuba,115,75493,5380,5274,82,5356,38
2021-02-11,Alameda,001,1643700,78833,77564,1676,79240,960
2021-02-11,Alpine,003,1148,77,76,0,76,0
2021-02-11,Amador,005,37829,3411,3368,29,3397,35
2021-02-11,Butte,007,227075,11104,10624,1564,12188,155
2021-02-11,Calaveras,009,45235,1867,1856,11,1867,21
2021-02-11,Colusa,011,21464,1849,1823,247,2070,10
2021-02-11,Contra Costa,013,1133247,61280,59633,1039,60672,605
2021-02-11,Del Norte,015,27424,942,894,4,898,2
2021-02-11,El Dorado,017,186661,8939,8698,602,9300,92
2021-02-11,Fresno,019,978130,94278,92168,7396,99564,1255
2021-02-11,Glenn,021,27897,2206,2166,477,2643,14
2021-02-11,Humboldt,023,135768,2992,2954,19,2973,29
2021-02-11,Imperial,025,180216,27038,26545,2440,28985,578
2021-02-11,Inyo,027,18085,1207,1144,9,1153,32
2021-02-11,Kern,029,883053,91635,89224,9341,98565,941
2021-02-11,Kings,031,150075,21885,21373,932,22305,202
2021-02-11,Lake,033,64148,3070,3002,1,3003,36
2021-02-11,Lassen,035,31185,5057,5004,89,5093,1
2021-02-11,Los Angeles,037,10098052,1157655,1128437,38020,1166457,18500
2021-02-11,Madera,039,155013,15271,14984,773,15757,106
2021-02-11,Marin,041,260295,12880,12682,151,12833,200
2021-02-11,Mariposa,043,17540,372,361,4,365,4
2021-02-11,Mendocino,045,87422,3565,3420,69,3489,38
2021-02-11,Merced,047,269075,27589,27325,848,28173,363
2021-02-11,Modoc,049,8938,335,317,112,429,3
2021-02-11,Mono,051,14174,1164,1173,16,1189,3
2021-02-11,Monterey,053,433212,41240,40469,1603,42072,295
2021-02-11,Napa,055,140530,8833,8777,33,8810,55
2021-02-11,Nevada,057,99092,3845,3720,152,3872,47
2021-02-11,Orange,059,3164182,243516,240590,9988,250578,3476
2021-02-11,Placer,061,380077,20096,19118,1061,20179,224
2021-02-11,Plumas,063,18699,635,592,10,602,4
2021-02-11,Riverside,065,2383286,281813,274313,13222,287535,3394
2021-02-11,Sacramento,067,1510023,91803,89988,1163,91151,1286
2021-02-11,San Benito,069,59416,5629,5609,83,5692,56
2021-02-11,San Bernardino,071,2135413,283301,276349,8405,284754,2774
2021-02-11,San Diego,073,3302833,258456,249971,12434,262405,2955
2021-02-11,San Francisco,075,870044,33341,33076,994,34070,356
2021-02-11,San Joaquin,077,732212,65317,63719,2643,66362,971
2021-02-11,San Luis Obispo,079,281455,19172,18615,527,19142,219
2021-02-11,San Mateo,081,765935,38616,37439,387,37826,253
2021-02-11,Santa Barbara,083,443738,31278,30375,1006,31381,370
2021-02-11,Santa Clara,085,1922200,107425,106392,534,106926,1507
2021-02-11,Santa Cruz,087,273765,15081,14088,756,14844,165
2021-02-11,Shasta,089,179085,10705,10672,1155,11827,140
2021-02-11,Sierra,091,2930,49,45,12,57,0
2021-02-11,Siskiyou,093,43540,1417,1320,217,1537,4
2021-02-11,Solano,095,438530,29269,28885,343,29228,138
2021-02-11,Sonoma,097,501317,27179,26971,163,27134,272
2021-02-11,Stanislaus,099,539301,49293,48205,5150,53355,697
2021-02-11,Sutter,101,95872,8640,8590,79,8669,93
2021-02-11,Tehama,103,63373,4521,4463,481,4944,26
2021-02-11,Trinity,105,12862,455,269,70,339,3
2021-02-11,Tulare,107,460477,47324,45897,7531,53428,706
2021-02-11,Tuolumne,109,53932,3705,3716,34,3750,48
2021-02-11,Ventura,111,848112,75944,74959,2693,77652,590
2021-02-11,Yolo,113,214977,12576,12303,203,12506,173
2021-02-11,Yuba,115,75493,5366,5261,81,5342,38
2021-02-10,Alameda,001,1643700,78630,77344,1675,79019,944
2021-02-10,Alpine,003,1148,77,76,0,76,0
2021-02-10,Amador,005,37829,3399,3348,29,3377,35
2021-02-10,Butte,007,227075,11076,10594,1563,12157,155
2021-02-10,Calaveras,009,45235,1865,1850,11,1861,21
2021-02-10,Colusa,011,21464,1842,1815,245,2060,10
2021-02-10,Contra Costa,013,1133247,61105,59488,1037,60525,590
2021-02-10,Del Norte,015,27424,936,888,4,892,2
2021-02-10,El Dorado,017,186661,8908,8682,598,9280,87
2021-02-10,Fresno,019,978130,94103,91876,7370,99246,1247
2021-02-10,Glenn,021,27897,2202,2160,475,2635,14
2021-02-10,Humboldt,023,135768,2984,2924,19,2943,29
2021-02-10,Imperial,025,180216,27000,26522,2437,28959,578
2021-02-10,Inyo,027,18085,1195,1138,9,1147,30
2021-02-10,Kern,029,883053,91429,88933,9287,98220,926
2021-02-10,Kings,031,150075,21842,21294,930,22224,197
2021-02-10,Lake,033,64148,3057,2975,1,2976,36
2021-02-10,Lassen,035,31185,5053,4993,89,5082,1
2021-02-10,Los Angeles,037,10098052,1155908,1125437,37891,1163328,18338
2021-02-10,Madera,039,155013,15232,14925,771,15696,105
2021-02-10,Marin,041,260295,12843,12651,151,12802,199
2021-02-10,Mariposa,043,17540,370,360,4,364,4
2021-02-10,Mendocino,045,87422,3550,3395,69,3464,38
2021-02-10,Merced,047,269075,27506,27246,837,28083,359
2021-02-10,Modoc,049,8938,334,315,110,425,3
2021-02-10,Mono,051,14174,1159,1170,16,1186,3
2021-02-10,Monterey,053,433212,41163,40366,1588,41954,288
2021-02-10,Napa,055,140530,8814,8769,33,8802,55
2021-02-10,Nevada,057,99092,3830,3693,150,3843,47
2021-02-10,Orange,059,3164182,243099,239974,9957,249931,3439
2021-02-10,Placer,061,380077,20057,19062,1056,20118,220
2021-02-10,Plumas,063,18699,632,589,10,599,2
2021-02-10,Riverside,065,2383286,281386,273721,13212,286933,3374
2021-02-10,Sacramento,067,1510023,91552,89653,1159,90812,1275
2021-02-10,San Benito,069,59416,5615,5591,83,5674,55
2021-02-10,San Bernardino,071,2135413,282944,275616,8389,284005,2696
2021-02-10,San Diego,073,3302833,257874,248858,12396,261254,2904
2021-02-10,San Francisco,075,870044,33258,32955,991,33946,351
2021-02-10,San Joaquin,077,732212,65175,63484,2629,66113,954
2021-02-10,San Luis Obispo,079,281455,19093,18549,525,19074,216
2021-02-10,San Mateo,081,765935,38526,37323,387,37710,245
2021-02-10,Santa Barbara,083,443738,31187,30216,1001,31217,359
2021-02-10,Santa Clara,085,1922200,107185,106048,531,106579,1489
2021-02-10,Santa Cruz,087,273765,15045,14007,754,14761,165
2021-02-10,Shasta,089,179085,10682,10645,1152,11797,142
2021-02-10,Sierra,091,2930,49,45,12,57,0
2021-02-10,Siskiyou,093,43540,1412,1314,216,1530,4
2021-02-10,Solano,095,438530,29194,28835,341,29176,137
2021-02-10,Sonoma,097,501317,27083,26881,161,27042,271
2021-02-10,Stanislaus,099,539301,49176,48016,5134,53150,696
2021-02-10,Sutter,101,95872,8623,8571,79,8650,93
2021-02-10,Tehama,103,63373,4513,4445,481,4926,23
2021-02-10,Trinity,105,12862,452,268,70,338,3
2021-02-10,Tulare,107,460477,47207,45782,7492,53274,696
2021-02-10,Tuolumne,109,53932,3697,3691,34,3725,48
2021-02-10,Ventura,111,848112,75716,74651,2676,77327,580
2021-02-10,Yolo,113,214977,12552,12276,202,12478,174
2021-02-10,Yuba,115,75493,5348,5241,81,5322,38
2021-02-09,Alameda,001,1643700,78366,77018,1671,78689,936
2021-02-09,Alpine,003,1148,77,76,0,76,0
2021-02-09,Amador,005,37829,3391,3347,29,3376,35
2021-02-09,Butte,007,227075,11050,10563,1560,12123,153
2021-02-09,Calaveras,009,45235,1861,1847,11,1858,21
2021-02-09,Colusa,011,21464,1833,1812,240,2052,10
2021-02-09,Contra Costa,013,1133247,60916,59307,1031,60338,583
2021-02-09,Del Norte,015,27424,930,886,4,890,2
2021-02-09,El Dorado,017,186661,8881,8663,596,9259,87
2021-02-09,Fresno,019,978130,93861,91730,7342,99072,1211
2021-02-09,Glenn,021,27897,2198,2156,475,2631,14
2021-02-09,Humboldt,023,135768,2976,2904,19,2923,29
2021-02-09,Imperial,025,180216,26969,26509,2434,28943,568
2021-02-09,Inyo,027,18085,1187,1137,9,1146,30
2021-02-09,Kern,029,883053,91177,88684,9241,97925,920
2021-02-09,Kings,031,150075,21800,21275,928,22203,196
2021-02-09,Lake,033,64148,3046,2955,1,2956,36
2021-02-09,Lassen,035,31185,5046,4983,89,5072,1
2021-02-09,Los Angeles,037,10098052,1153934,1122745,37807,1160552,18198
2021-02-09,Madera,039,155013,15212,14912,768,15680,105
2021-02-09,Marin,041,260295,12810,12623,150,12773,197
2021-02-09,Mariposa,043,17540,368,355,4,359,4
2021-02-09,Mendocino,045,87422,3532,3369,69,3438,38
2021-02-09,Merced,047,269075,27408,27166,832,27998,354
2021-02-09,Modoc,049,8938,333,316,110,426,3
2021-02-09,Mono,051,14174,1158,1167,16,1183,3
2021-02-09,Monterey,053,433212,41055,40279,1575,41854,285
2021-02-09,Napa,055,140530,8801,8749,33,8782,55
2021-02-09,Nevada,057,99092,3814,3687,150,3837,44
2021-02-09,Orange,059,3164182,242687,239169,9926,249095,3406
2021-02-09,Placer,061,380077,19992,19008,1049,20057,220
2021-02-09,Plumas,063,18699,632,584,10,594,2
2021-02-09,Riverside,065,2383286,280892,273465,13195,286660,3334
2021-02-09,Sacramento,067,1510023,91241,89378,1158,90536,1265
2021-02-09,San Benito,069,59416,5603,5566,82,5648,54
2021-02-09,San Bernardino,071,2135413,282569,274998,8376,283374,2613
2021-02-09,San Diego,073,3302833,257216,248048,12353,260401,2853
2021-02-09,San Francisco,075,870044,33179,32782,981,33763,349
2021-02-09,San Joaquin,077,732212,65000,63341,2624,65965,937
2021-02-09,San Luis Obispo,079,281455,19034,18489,524,19013,216
2021-02-09,San Mateo,081,765935,38395,37227,386,37613,235
2021-02-09,Santa Barbara,083,443738,31075,30118,995,31113,351
2021-02-09,Santa Clara,085,1922200,106879,105762,528,106290,1463
2021-02-09,Santa Cruz,087,273765,14994,13958,749,14707,162
2021-02-09,Shasta,089,179085,10654,10595,1150,11745,139
2021-02-09,Sierra,091,2930,49,44,12,56,0
2021-02-09,Siskiyou,093,43540,1404,1306,214,1520,4
2021-02-09,Solano,095,438530,29115,28769,338,29107,131
2021-02-09,Sonoma,097,501317,26993,26826,159,26985,267
2021-02-09,Stanislaus,099,539301,49016,47906,5118,53024,679
2021-02-09,Sutter,101,95872,8607,8541,79,8620,92
2021-02-09,Tehama,103,63373,4506,4416,480,4896,22
2021-02-09,Trinity,105,12862,452,266,70,336,3
2021-02-09,Tulare,107,460477,47073,45704,7438,53142,686
2021-02-09,Tuolumne,109,53932,3678,3673,34,3707,48
2021-02-09,Ventura,111,848112,75464,74333,2668,77001,567
2021-02-09,Yolo,113,214977,12510,12220,202,12422,174
2021-02-09,Yuba,115,75493,5339,5235,81,5316,35
2021-02-08,Alameda,001,1643700,78103,76735,1666,78401,924
2021-02-08,Alpine,003,1148,77,73,0,73,0
2021-02-08,Amador,005,37829,3384,3344,28,3372,33
2021-02-08,Butte,007,227075,11028,10524,1556,12080,152
2021-02-08,Calaveras,009,45235,1860,1840,11,1851,21
2021-02-08,Colusa,011,21464,1825,1802,236,2038,10
2021-02-08,Contra Costa,013,1133247,60705,59039,1029,60068,567
2021-02-08,Del Norte,015,27424,927,885,4,889,2
2021-02-08,El Dorado,017,186661,8850,8627,593,9220,86
2021-02-08,Fresno,019,978130,93648,91430,7316,98746,1207
2021-02-08,Glenn,021,27897,2194,2148,473,2621,14
2021-02-08,Humboldt,023,135768,2968,2902,19,2921,29
2021-02-08,Imperial,025,180216,26947,26526,2432,28958,567
2021-02-08,Inyo,027,18085,1174,1126,9,1135,30
2021-02-08,Kern,029,883053,90960,88380,9181,97561,920
2021-02-08,Kings,031,150075,21738,21232,925,22157,195
2021-02-08,Lake,033,64148,3027,2949,1,2950,36
2021-02-08,Lassen,035,31185,5033,4976,89,5065,1
2021-02-08,Los Angeles,037,10098052,1151838,1120179,37685,1157864,17977
2021-02-08,Madera,039,155013,15176,14887,761,15648,93
2021-02-08,Marin,041,260295,12780,12591,150,12741,194
2021-02-08,Mariposa,043,17540,368,355,4,359,4
2021-02-08,Mendocino,045,87422,3518,3355,69,3424,38
2021-02-08,Merced,047,269075,27324,27082,827,27909,346
2021-02-08,Modoc,049,8938,331,318,110,428,3
2021-02-08,Mono,051,14174,1158,1165,16,1181,3
2021-02-08,Monterey,053,433212,40935,40186,1556,41742,283
2021-02-08,Napa,055,140530,8786,8719,33,8752,55
2021-02-08,Nevada,057,99092,3802,3671,150,3821,44
2021-02-08,Orange,059,3164182,242219,238715,9903,248618,3361
2021-02-08,Placer,061,380077,19950,18944,1043,19987,211
2021-02-08,Plumas,063,18699,631,584,10,594,2
2021-02-08,Riverside,065,2383286,280324,272904,13169,286073,3301
2021-02-08,Sacramento,067,1510023,90955,89267,1155,90422,1247
2021-02-08,San Benito,069,59416,5598,5553,81,5634,52
2021-02-08,San Bernardino,071,2135413,282166,274661,8370,283031,2587
2021-02-08,San Diego,073,3302833,256473,247259,12312,259571,2821
2021-02-08,San Francisco,075,870044,33085,32679,973,33652,348
2021-02-08,San Joaquin,077,732212,64839,63148,2614,65762,929
2021-02-08,San Luis Obispo,079,281455,18977,18421,519,18940,214
2021-02-08,San Mateo,081,765935,38286,37084,386,37470,232
2021-02-08,Santa Barbara,083,443738,30960,29978,988,30966,340
2021-02-08,Santa Clara,085,1922200,106556,105413,520,105933,1456
2021-02-08,Santa Cruz,087,273765,14955,13921,743,14664,161
2021-02-08,Shasta,089,179085,10627,10574,1144,11718,137
2021-02-08,Sierra,091,2930,49,44,12,56,0
2021-02-08,Siskiyou,093,43540,1401,1303,214,1517,4
2021-02-08,Solano,095,438530,29049,28644,336,28980,130
2021-02-08,Sonoma,097,501317,26902,26760,158,26918,259
2021-02-08,Stanislaus,099,539301,48861,47704,5090,52794,679
2021-02-08,Sutter,101,95872,8588,8526,79,8605,92
2021-02-08,Tehama,103,63373,4496,4403,477,4880,22
2021-02-08,Trinity,105,12862,450,266,70,336,3
2021-02-08,Tulare,107,460477,46965,45617,7398,53015,673
2021-02-08,Tuolumne,109,53932,3670,3647,34,3681,48
2021-02-08,Ventura,111,848112,75207,74068,2662,76730,565
2021-02-08,Yolo,113,214977,12478,12169,201,12370,162
2021-02-08,Yuba,115,75493,5323,5215,81,5296,35
2021-02-07,Alameda,001,1643700,77801,76500,1658,78158,924
2021-02-07,Alpine,003,1148,74,72,0,72,0
2021-02-07,Amador,005,37829,3363,3343,28,3371,33
2021-02-07,Butte,007,227075,10996,10513,1548,12061,152
2021-02-07,Calaveras,009,45235,1856,1837,11,1848,21
2021-02-07,Colusa,011,21464,1814,1795,234,2029,10
2021-02-07,Contra Costa,013,1133247,60463,58836,1024,59860,566
2021-02-07,Del Norte,015,27424,923,881,4,885,2
2021-02-07,El Dorado,017,186661,8821,8596,591,9187,86
2021-02-07,Fresno,019,978130,93418,91184,7278,98462,1207
2021-02-07,Glenn,021,27897,2190,2141,468,2609,14
2021-02-07,Humboldt,023,135768,2947,2895,19,2914,28
2021-02-07,Imperial,025,180216,26920,26518,2427,28945,567
2021-02-07,Inyo,027,18085,1163,1124,9,1133,27
2021-02-07,Kern,029,883053,90713,88146,9123,97269,920
2021-02-07,Kings,031,150075,21677,21180,922,22102,192
2021-02-07,Lake,033,64148,3012,2940,1,2941,36
2021-02-07,Lassen,035,31185,5022,4973,89,5062,1
2021-02-07,Los Angeles,037,10098052,1149079,1117551,37557,1155108,17889
2021-02-07,Madera,039,155013,15142,14850,757,15607,93
2021-02-07,Marin,041,260295,12747,12571,148,12719,194
2021-02-07,Mariposa,043,17540,367,355,4,359,4
2021-02-07,Mendocino,045,87422,3501,3348,69,3417,38
2021-02-07,Merced,047,269075,27212,26977,815,27792,346
2021-02-07,Modoc,049,8938,331,317,106,423,3
2021-02-07,Mono,051,14174,1155,1165,16,1181,3
2021-02-07,Monterey,053,433212,40799,40113,1537,41650,283
2021-02-07,Napa,055,140530,8763,8701,33,8734,55
2021-02-07,Nevada,057,99092,3791,3643,150,3793,44
2021-02-07,Orange,059,3164182,241621,238155,9869,248024,3336
2021-02-07,Placer,061,380077,19903,18903,1030,19933,211
2021-02-07,Plumas,063,18699,631,584,10,594,2
2021-02-07,Riverside,065,2383286,279796,272301,13148,285449,3267
2021-02-07,Sacramento,067,1510023,90622,88919,1148,90067,1246
2021-02-07,San Benito,069,59416,5579,5548,80,5628,52
2021-02-07,San Bernardino,071,2135413,281570,274316,8345,282661,2587
2021-02-07,San Diego,073,3302833,255687,246561,12248,258809,2821
2021-02-07,San Francisco,075,870044,32965,32609,961,33570,348
2021-02-07,San Joaquin,077,732212,64564,63051,2599,65650,929
2021-02-07,San Luis Obispo,079,281455,18905,18349,512,18861,214
2021-02-07,San Mateo,081,765935,38152,36984,384,37368,232
2021-02-07,Santa Barbara,083,443738,30820,29815,977,30792,340
2021-02-07,Santa Clara,085,1922200,106217,105118,510,105628,1450
2021-02-07,Santa Cruz,087,273765,14901,13887,738,14625,161
2021-02-07,Shasta,089,179085,10607,10570,1136,11706,137
2021-02-07,Sierra,091,2930,49,43,12,55,0
2021-02-07,Siskiyou,093,43540,1394,1295,212,1507,4
2021-02-07,Solano,095,438530,28938,28567,335,28902,130
2021-02-07,Sonoma,097,501317,26795,26684,154,26838,257
2021-02-07,Stanislaus,099,539301,48671,47551,5058,52609,679
2021-02-07,Sutter,101,95872,8560,8515,79,8594,92
2021-02-07,Tehama,103,63373,4480,4396,476,4872,22
2021-02-07,Trinity,105,12862,447,264,68,332,3
2021-02-07,Tulare,107,460477,46843,45520,7320,52840,671
2021-02-07,Tuolumne,109,53932,3646,3619,33,3652,48
2021-02-07,Ventura,111,848112,74896,73759,2650,76409,561
2021-02-07,Yolo,113,214977,12433,12135,201,12336,162
2021-02-07,Yuba,115,75493,5308,5198,79,5277,35
2021-02-06,Alameda,001,1643700,77647,76170,1647,77817,922
2021-02-06,Alpine,003,1148,74,72,0,72,0
2021-02-06,Amador,005,37829,3357,3306,28,3334,33
2021-02-06,Butte,007,227075,10979,10480,1544,12024,150
2021-02-06,Calaveras,009,45235,1854,1832,11,1843,21
2021-02-06,Colusa,011,21464,1812,1791,233,2024,10
2021-02-06,Contra Costa,013,1133247,60316,58567,1018,59585,566
2021-02-06,Del Norte,015,27424,919,879,4,883,2
2021-02-06,El Dorado,017,186661,8814,8575,587,9162,86
2021-02-06,Fresno,019,978130,93305,90944,7257,98201,1207
2021-02-06,Glenn,021,27897,2188,2136,467,2603,14
2021-02-06,Humboldt,023,135768,2936,2880,19,2899,28
2021-02-06,Imperial,025,180216,26908,26514,2426,28940,567
2021-02-06,Inyo,027,18085,1160,1113,9,1122,27
2021-02-06,Kern,029,883053,90559,87919,9077,96996,912
2021-02-06,Kings,031,150075,21647,21156,922,22078,190
2021-02-06,Lake,033,64148,3007,2920,1,2921,34
2021-02-06,Lassen,035,31185,5018,4964,88,5052,1
2021-02-06,Los Angeles,037,10098052,1147724,1114718,37459,1152177,17793
2021-02-06,Madera,039,155013,15121,14807,755,15562,93
2021-02-06,Marin,041,260295,12727,12531,148,12679,194
2021-02-06,Mariposa,043,17540,366,355,3,358,4
2021-02-06,Mendocino,045,87422,3483,3316,68,3384,38
2021-02-06,Merced,047,269075,27126,26881,807,27688,346
2021-02-06,Modoc,049,8938,331,313,106,419,3
2021-02-06,Mono,051,14174,1154,1159,16,1175,3
2021-02-06,Monterey,053,433212,40741,39995,1529,41524,282
2021-02-06,Napa,055,140530,8750,8639,33,8672,55
2021-02-06,Nevada,057,99092,3779,3624,150,3774,43
2021-02-06,Orange,059,3164182,241258,237391,9835,247226,3293
2021-02-06,Placer,061,380077,19866,18836,1027,19863,211
2021-02-06,Plumas,063,18699,631,584,10,594,2
2021-02-06,Riverside,065,2383286,279427,271741,13129,284870,3243
2021-02-06,Sacramento,067,1510023,90405,88532,1138,89670,1237
2021-02-06,San Benito,069,59416,5561,5516,80,5596,52
2021-02-06,San Bernardino,071,2135413,281261,273718,8323,282041,2564
2021-02-06,San Diego,073,3302833,255191,245331,12213,257544,2812
2021-02-06,San Francisco,075,870044,32891,32437,951,33388,346
2021-02-06,San Joaquin,077,732212,64485,62840,2588,65428,906
2021-02-06,San Luis Obispo,079,281455,18863,18284,508,18792,214
2021-02-06,San Mateo,081,765935,38084,36824,381,37205,232
2021-02-06,Santa Barbara,083,443738,30744,29645,975,30620,337
2021-02-06,Santa Clara,085,1922200,105995,104639,505,105144,1439
2021-02-06,Santa Cruz,087,273765,14870,13845,734,14579,161
2021-02-06,Shasta,089,179085,10596,10561,1134,11695,137
2021-02-06,Sierra,091,2930,49,43,12,55,0
2021-02-06,Siskiyou,093,43540,1391,1289,211,1500,4
2021-02-06,Solano,095,438530,28902,28446,334,28780,129
2021-02-06,Sonoma,097,501317,26758,26564,152,26716,257
2021-02-06,Stanislaus,099,539301,48575,47325,5042,52367,679
2021-02-06,Sutter,101,95872,8552,8485,79,8564,92
2021-02-06,Tehama,103,63373,4470,4380,475,4855,22
2021-02-06,Trinity,105,12862,447,263,68,331,3
2021-02-06,Tulare,107,460477,46775,45349,7273,52622,664
2021-02-06,Tuolumne,109,53932,3639,3612,33,3645,48
2021-02-06,Ventura,111,848112,74716,73431,2644,76075,552
2021-02-06,Yolo,113,214977,12410,12061,201,12262,161
2021-02-06,Yuba,115,75493,5298,5177,78,5255,35
2021-02-05,Alameda,001,1643700,77419,75716,1645,77361,916
2021-02-05,Alpine,003,1148,74,72,0,72,0
2021-02-05,Amador,005,37829,3352,3299,27,3326,33
2021-02-05,Butte,007,227075,10960,10421,1537,11958,150
2021-02-05,Calaveras,009,45235,1850,1818,11,1829,21
2021-02-05,Colusa,011,21464,1808,1785,233,2018,10
2021-02-05,Contra Costa,013,1133247,60155,58195,1016,59211,560
2021-02-05,Del Norte,015,27424,918,874,4,878,2
2021-02-05,El Dorado,017,186661,8794,8527,585,9112,86
2021-02-05,Fresno,019,978130,93103,90513,7236,97749,1194
2021-02-05,Glenn,021,27897,2185,2122,462,2584,14
2021-02-05,Humboldt,023,135768,2926,2857,19,2876,28
2021-02-05,Imperial,025,180216,26889,26474,2425,28899,557
2021-02-05,Inyo,027,18085,1156,1104,9,1113,27
2021-02-05,Kern,029,883053,90390,87470,9010,96480,906
2021-02-05,Kings,031,150075,21609,21021,919,21940,190
2021-02-05,Lake,033,64148,2995,2906,1,2907,33
2021-02-05,Lassen,035,31185,5014,4936,88,5024,1
2021-02-05,Los Angeles,037,10098052,1145621,1110384,37328,1147712,17608
2021-02-05,Madera,039,155013,15087,14752,750,15502,95
2021-02-05,Marin,041,260295,12692,12479,148,12627,193
2021-02-05,Mariposa,043,17540,366,352,3,355,4
2021-02-05,Mendocino,045,87422,3469,3272,68,3340,38
2021-02-05,Merced,047,269075,27066,26760,806,27566,345
2021-02-05,Modoc,049,8938,331,312,106,418,3
2021-02-05,Mono,051,14174,1153,1157,16,1173,3
2021-02-05,Monterey,053,433212,40674,39840,1518,41358,281
2021-02-05,Napa,055,140530,8736,8598,33,8631,55
2021-02-05,Nevada,057,99092,3776,3607,150,3757,43
2021-02-05,Orange,059,3164182,240831,236335,9808,246143,3260
2021-02-05,Placer,061,380077,19830,18756,1025,19781,211
2021-02-05,Plumas,063,18699,629,578,10,588,2
2021-02-05,Riverside,065,2383286,279013,270666,13110,283776,3235
2021-02-05,Sacramento,067,1510023,90225,87992,1131,89123,1231
2021-02-05,San Benito,069,59416,5550,5502,80,5582,51
2021-02-05,San Bernardino,071,2135413,280917,272938,8305,281243,2495
2021-02-05,San Diego,073,3302833,254615,244066,12178,256244,2777
2021-02-05,San Francisco,075,870044,32801,32229,940,33169,337
2021-02-05,San Joaquin,077,732212,64335,62565,2580,65145,902
2021-02-05,San Luis Obispo,079,281455,18802,18152,504,18656,213
2021-02-05,San Mateo,081,765935,38001,36582,380,36962,227
2021-02-05,Santa Barbara,083,443738,30647,29455,962,30417,334
2021-02-05,Santa Clara,085,1922200,105747,104112,503,104615,1421
2021-02-05,Santa Cruz,087,273765,14849,13776,732,14508,161
2021-02-05,Shasta,089,179085,10580,10507,1127,11634,136
2021-02-05,Sierra,091,2930,49,42,12,54,0
2021-02-05,Siskiyou,093,43540,1384,1276,209,1485,4
2021-02-05,Solano,095,438530,28852,28283,334,28617,127
2021-02-05,Sonoma,097,501317,26689,26423,149,26572,252
2021-02-05,Stanislaus,099,539301,48430,47024,5024,52048,678
2021-02-05,Sutter,101,95872,8532,8443,79,8522,92
2021-02-05,Tehama,103,63373,4461,4355,474,4829,22
2021-02-05,Trinity,105,12862,446,260,68,328,3
2021-02-05,Tulare,107,460477,46699,45138,7224,52362,663
2021-02-05,Tuolumne,109,53932,3613,3595,33,3628,45
2021-02-05,Ventura,111,848112,74471,72953,2632,75585,546
2021-02-05,Yolo,113,214977,12391,12025,196,12221,162
2021-02-05,Yuba,115,75493,5281,5145,78,5223,35
2021-02-04,Alameda,001,1643700,77134,75422,1639,77061,899
2021-02-04,Alpine,003,1148,73,72,0,72,0
2021-02-04,Amador,005,37829,3349,3288,27,3315,33
2021-02-04,Butte,007,227075,10927,10386,1529,11915,147
2021-02-04,Calaveras,009,45235,1848,1808,11,1819,21
2021-02-04,Colusa,011,21464,1804,1777,231,2008,10
2021-02-04,Contra Costa,013,1133247,59967,57991,1012,59003,550
2021-02-04,Del Norte,015,27424,912,870,4,874,2
2021-02-04,El Dorado,017,186661,8768,8490,582,9072,86
2021-02-04,Fresno,019,978130,92888,90126,7209,97335,1114
2021-02-04,Glenn,021,27897,2180,2102,461,2563,14
2021-02-04,Humboldt,023,135768,2916,2827,19,2846,28
2021-02-04,Imperial,025,180216,26844,26411,2423,28834,556
2021-02-04,Inyo,027,18085,1144,1084,9,1093,27
2021-02-04,Kern,029,883053,90116,87156,8933,96089,898
2021-02-04,Kings,031,150075,21558,20918,912,21830,187
2021-02-04,Lake,033,64148,2983,2882,1,2883,34
2021-02-04,Lassen,035,31185,5011,4927,88,5015,1
2021-02-04,Los Angeles,037,10098052,1142824,1106323,37201,1143524,17396
2021-02-04,Madera,039,155013,15057,14706,747,15453,95
2021-02-04,Marin,041,260295,12656,12431,148,12579,192
2021-02-04,Mariposa,043,17540,366,348,3,351,4
2021-02-04,Mendocino,045,87422,3451,3240,66,3306,38
2021-02-04,Merced,047,269075,26972,26629,803,27432,345
2021-02-04,Modoc,049,8938,331,309,106,415,3
2021-02-04,Mono,051,14174,1151,1153,16,1169,3
2021-02-04,Monterey,053,433212,40563,39619,1501,41120,279
2021-02-04,Napa,055,140530,8707,8573,33,8606,55
2021-02-04,Nevada,057,99092,3756,3590,149,3739,37
2021-02-04,Orange,059,3164182,240188,235677,9766,245443,3238
2021-02-04,Placer,061,380077,19770,18711,1016,19727,210
2021-02-04,Plumas,063,18699,626,562,10,572,2
2021-02-04,Riverside,065,2383286,278250,269851,13071,282922,3230
2021-02-04,Sacramento,067,1510023,89924,87658,1121,88779,1222
2021-02-04,San Benito,069,59416,5536,5488,79,5567,51
2021-02-04,San Bernardino,071,2135413,280368,272223,8285,280508,2409
2021-02-04,San Diego,073,3302833,253827,242613,12112,254725,2738
2021-02-04,San Francisco,075,870044,32687,32116,931,33047,326
2021-02-04,San Joaquin,077,732212,64110,62374,2572,64946,883
2021-02-04,San Luis Obispo,079,281455,18735,18058,502,18560,211
2021-02-04,San Mateo,081,765935,37880,36437,377,36814,226
2021-02-04,Santa Barbara,083,443738,30512,29344,945,30289,322
2021-02-04,Santa Clara,085,1922200,105404,103781,500,104281,1404
2021-02-04,Santa Cruz,087,273765,14816,13713,724,14437,156
2021-02-04,Shasta,089,179085,10554,10466,1122,11588,131
2021-02-04,Sierra,091,2930,49,42,12,54,0
2021-02-04,Siskiyou,093,43540,1375,1273,209,1482,4
2021-02-04,Solano,095,438530,28749,28192,332,28524,120
2021-02-04,Sonoma,097,501317,26607,26276,145,26421,249
2021-02-04,Stanislaus,099,539301,48268,46822,5005,51827,678
2021-02-04,Sutter,101,95872,8512,8401,79,8480,92
2021-02-04,Tehama,103,63373,4444,4327,473,4800,21
2021-02-04,Trinity,105,12862,445,260,67,327,3
2021-02-04,Tulare,107,460477,46572,44983,7163,52146,656
2021-02-04,Tuolumne,109,53932,3573,3585,33,3618,45
2021-02-04,Ventura,111,848112,74139,72595,2619,75214,537
2021-02-04,Yolo,113,214977,12357,11982,195,12177,161
2021-02-04,Yuba,115,75493,5255,5135,78,5213,34
2021-02-03,Alameda,001,1643700,76810,74968,1635,76603,880
2021-02-03,Alpine,003,1148,73,72,0,72,0
2021-02-03,Amador,005,37829,3345,3281,27,3308,33
2021-02-03,Butte,007,227075,10895,10355,1522,11877,144
2021-02-03,Calaveras,009,45235,1833,1799,11,1810,21
2021-02-03,Colusa,011,21464,1799,1773,230,2003,10
2021-02-03,Contra Costa,013,1133247,59727,57762,1000,58762,537
2021-02-03,Del Norte,015,27424,907,869,4,873,2
2021-02-03,El Dorado,017,186661,8747,8428,581,9009,86
2021-02-03,Fresno,019,978130,92667,89748,7170,96918,1015
2021-02-03,Glenn,021,27897,2170,2098,460,2558,14
2021-02-03,Humboldt,023,135768,2906,2800,19,2819,27
2021-02-03,Imperial,025,180216,26808,26363,2417,28780,547
2021-02-03,Inyo,027,18085,1134,1071,9,1080,27
2021-02-03,Kern,029,883053,89873,86771,8892,95663,877
2021-02-03,Kings,031,150075,21497,20831,910,21741,172
2021-02-03,Lake,033,64148,2965,2869,1,2870,33
2021-02-03,Lassen,035,31185,4999,4910,88,4998,1
2021-02-03,Los Angeles,037,10098052,1139740,1101890,37078,1138968,17163
2021-02-03,Madera,039,155013,15017,14605,745,15350,94
2021-02-03,Marin,041,260295,12621,12406,148,12554,190
2021-02-03,Mariposa,043,17540,365,347,3,350,4
2021-02-03,Mendocino,045,87422,3425,3236,65,3301,38
2021-02-03,Merced,047,269075,26857,26520,798,27318,343
2021-02-03,Modoc,049,8938,330,308,106,414,3
2021-02-03,Mono,051,14174,1144,1146,16,1162,3
2021-02-03,Monterey,053,433212,40436,39500,1484,40984,279
2021-02-03,Napa,055,140530,8672,8534,33,8567,54
2021-02-03,Nevada,057,99092,3742,3572,149,3721,35
2021-02-03,Orange,059,3164182,239444,234738,9734,244472,3189
2021-02-03,Placer,061,380077,19715,18646,1014,19660,210
2021-02-03,Plumas,063,18699,626,559,10,569,2
2021-02-03,Riverside,065,2383286,277509,269019,13040,282059,3195
2021-02-03,Sacramento,067,1510023,89601,87415,1117,88532,1212
2021-02-03,San Benito,069,59416,5518,5463,76,5539,51
2021-02-03,San Bernardino,071,2135413,279882,271477,8262,279739,2308
2021-02-03,San Diego,073,3302833,252925,241015,12066,253081,2683
2021-02-03,San Francisco,075,870044,32557,31983,926,32909,325
2021-02-03,San Joaquin,077,732212,63882,61976,2562,64538,880
2021-02-03,San Luis Obispo,079,281455,18657,17922,499,18421,206
2021-02-03,San Mateo,081,765935,37742,36227,373,36600,225
2021-02-03,Santa Barbara,083,443738,30363,29121,935,30056,315
2021-02-03,Santa Clara,085,1922200,105088,103278,498,103776,1364
2021-02-03,Santa Cruz,087,273765,14761,13611,718,14329,154
2021-02-03,Shasta,089,179085,10511,10422,1117,11539,130
2021-02-03,Sierra,091,2930,49,42,12,54,0
2021-02-03,Siskiyou,093,43540,1364,1268,208,1476,4
2021-02-03,Solano,095,438530,28627,28057,332,28389,119
2021-02-03,Sonoma,097,501317,26523,26155,144,26299,248
2021-02-03,Stanislaus,099,539301,48092,46598,4986,51584,662
2021-02-03,Sutter,101,95872,8487,8379,79,8458,90
2021-02-03,Tehama,103,63373,4426,4309,470,4779,21
2021-02-03,Trinity,105,12862,445,260,66,326,3
2021-02-03,Tulare,107,460477,46401,44838,7107,51945,640
2021-02-03,Tuolumne,109,53932,3562,3568,33,3601,45
2021-02-03,Ventura,111,848112,73802,72124,2609,74733,526
2021-02-03,Yolo,113,214977,12332,11933,194,12127,161
2021-02-03,Yuba,115,75493,5237,5124,78,5202,34
2021-02-02,Alameda,001,1643700,76465,74642,1623,76265,869
2021-02-02,Alpine,003,1148,73,72,0,72,0
2021-02-02,Amador,005,37829,3314,3275,27,3302,33
2021-02-02,Butte,007,227075,10869,10307,1513,11820,141
2021-02-02,Calaveras,009,45235,1824,1786,11,1797,21
2021-02-02,Colusa,011,21464,1791,1769,225,1994,9
2021-02-02,Contra Costa,013,1133247,59448,57551,996,58547,536
2021-02-02,Del Norte,015,27424,901,868,4,872,2
2021-02-02,El Dorado,017,186661,8707,8405,581,8986,84
2021-02-02,Fresno,019,978130,92366,89542,7134,96676,1009
2021-02-02,Glenn,021,27897,2158,2090,457,2547,14
2021-02-02,Humboldt,023,135768,2894,2784,19,2803,25
2021-02-02,Imperial,025,180216,26755,26317,2411,28728,535
2021-02-02,Inyo,027,18085,1131,1074,9,1083,27
2021-02-02,Kern,029,883053,89570,86485,8816,95301,867
2021-02-02,Kings,031,150075,21419,20785,902,21687,172
2021-02-02,Lake,033,64148,2945,2857,1,2858,33
2021-02-02,Lassen,035,31185,4992,4908,88,4996,1
2021-02-02,Los Angeles,037,10098052,1136354,1097573,36916,1134489,16913
2021-02-02,Madera,039,155013,14966,14595,740,15335,94
2021-02-02,Marin,041,260295,12592,12367,148,12515,189
2021-02-02,Mariposa,043,17540,362,345,3,348,4
2021-02-02,Mendocino,045,87422,3392,3210,65,3275,38
2021-02-02,Merced,047,269075,26760,26427,792,27219,340
2021-02-02,Modoc,049,8938,325,306,106,412,3
2021-02-02,Mono,051,14174,1142,1147,16,1163,3
2021-02-02,Monterey,053,433212,40301,39371,1470,40841,278
2021-02-02,Napa,055,140530,8643,8505,33,8538,53
2021-02-02,Nevada,057,99092,3727,3548,149,3697,20
2021-02-02,Orange,059,3164182,238642,233783,9699,243482,3152
2021-02-02,Placer,061,380077,19657,18615,1010,19625,205
2021-02-02,Plumas,063,18699,626,560,10,570,2
2021-02-02,Riverside,065,2383286,276650,267901,13006,280907,3169
2021-02-02,Sacramento,067,1510023,89311,87107,1106,88213,1202
2021-02-02,San Benito,069,59416,5504,5444,75,5519,50
2021-02-02,San Bernardino,071,2135413,279202,270486,8232,278718,2244
2021-02-02,San Diego,073,3302833,251886,240047,11979,252026,2629
2021-02-02,San Francisco,075,870044,32403,31788,916,32704,324
2021-02-02,San Joaquin,077,732212,63661,61708,2549,64257,878
2021-02-02,San Luis Obispo,079,281455,18563,17811,497,18308,201
2021-02-02,San Mateo,081,765935,37578,36004,367,36371,225
2021-02-02,Santa Barbara,083,443738,30192,28951,928,29879,304
2021-02-02,Santa Clara,085,1922200,104623,102872,493,103365,1349
2021-02-02,Santa Cruz,087,273765,14702,13572,714,14286,150
2021-02-02,Shasta,089,179085,10485,10371,1107,11478,128
2021-02-02,Sierra,091,2930,49,42,12,54,0
2021-02-02,Siskiyou,093,43540,1357,1252,205,1457,4
2021-02-02,Solano,095,438530,28531,27963,328,28291,118
2021-02-02,Sonoma,097,501317,26407,26054,144,26198,247
2021-02-02,Stanislaus,099,539301,47872,46306,4954,51260,641
2021-02-02,Sutter,101,95872,8464,8340,79,8419,89
2021-02-02,Tehama,103,63373,4412,4289,469,4758,21
2021-02-02,Trinity,105,12862,445,260,66,326,3
2021-02-02,Tulare,107,460477,46245,44720,7041,51761,625
2021-02-02,Tuolumne,109,53932,3550,3548,33,3581,39
2021-02-02,Ventura,111,848112,73384,71557,2599,74156,514
2021-02-02,Yolo,113,214977,12287,11886,187,12073,158
2021-02-02,Yuba,115,75493,5219,5111,77,5188,34
2021-02-01,Alameda,001,1643700,76110,74374,1618,75992,858
2021-02-01,Alpine,003,1148,73,72,0,72,0
2021-02-01,Amador,005,37829,3303,3234,27,3261,32
2021-02-01,Butte,007,227075,10825,10263,1509,11772,141
2021-02-01,Calaveras,009,45235,1817,1785,11,1796,21
2021-02-01,Colusa,011,21464,1786,1763,216,1979,9
2021-02-01,Contra Costa,013,1133247,59205,57324,995,58319,531
2021-02-01,Del Norte,015,27424,897,865,4,869,2
2021-02-01,El Dorado,017,186661,8668,8337,581,8918,83
2021-02-01,Fresno,019,978130,92034,89272,7099,96371,994
2021-02-01,Glenn,021,27897,2142,2086,449,2535,14
2021-02-01,Humboldt,023,135768,2873,2773,18,2791,25
2021-02-01,Imperial,025,180216,26711,26224,2409,28633,530
2021-02-01,Inyo,027,18085,1121,1072,9,1081,27
2021-02-01,Kern,029,883053,89173,86170,8747,94917,862
2021-02-01,Kings,031,150075,21328,20746,894,21640,172
2021-02-01,Lake,033,64148,2929,2843,1,2844,33
2021-02-01,Lassen,035,31185,4972,4907,88,4995,1
2021-02-01,Los Angeles,037,10098052,1132529,1094341,36748,1131089,16695
2021-02-01,Madera,039,155013,14931,14572,737,15309,94
2021-02-01,Marin,041,260295,12553,12341,147,12488,188
2021-02-01,Mariposa,043,17540,360,344,3,347,4
2021-02-01,Mendocino,045,87422,3359,3192,65,3257,37
2021-02-01,Merced,047,269075,26636,26282,783,27065,337
2021-02-01,Modoc,049,8938,319,303,102,405,1
2021-02-01,Mono,051,14174,1139,1145,16,1161,3
2021-02-01,Monterey,053,433212,40117,39196,1448,40644,278
2021-02-01,Napa,055,140530,8611,8449,33,8482,52
2021-02-01,Nevada,057,99092,3710,3535,148,3683,20
2021-02-01,Orange,059,3164182,237729,233155,9653,242808,3100
2021-02-01,Placer,061,380077,19590,18574,1003,19577,204
2021-02-01,Plumas,063,18699,624,554,10,564,2
2021-02-01,Riverside,065,2383286,275712,267025,12969,279994,3092
2021-02-01,Sacramento,067,1510023,88910,86856,1095,87951,1193
2021-02-01,San Benito,069,59416,5486,5432,75,5507,48
2021-02-01,San Bernardino,071,2135413,278507,270012,8192,278204,2172
2021-02-01,San Diego,073,3302833,250661,239121,11903,251024,2619
2021-02-01,San Francisco,075,870044,32268,31703,904,32607,324
2021-02-01,San Joaquin,077,732212,63455,61542,2538,64080,877
2021-02-01,San Luis Obispo,079,281455,18443,17690,490,18180,199
2021-02-01,San Mateo,081,765935,37429,35843,367,36210,220
2021-02-01,Santa Barbara,083,443738,30023,28837,920,29757,297
2021-02-01,Santa Clara,085,1922200,104206,102462,492,102954,1343
2021-02-01,Santa Cruz,087,273765,14649,13524,712,14236,149
2021-02-01,Shasta,089,179085,10460,10329,1101,11430,112
2021-02-01,Sierra,091,2930,49,42,12,54,0
2021-02-01,Siskiyou,093,43540,1350,1238,202,1440,4
2021-02-01,Solano,095,438530,28426,27844,327,28171,117
2021-02-01,Sonoma,097,501317,26319,26011,143,26154,243
2021-02-01,Stanislaus,099,539301,47615,46112,4926,51038,642
2021-02-01,Sutter,101,95872,8425,8313,79,8392,89
2021-02-01,Tehama,103,63373,4386,4263,469,4732,21
2021-02-01,Trinity,105,12862,443,260,66,326,3
2021-02-01,Tulare,107,460477,46100,44569,6960,51529,618
2021-02-01,Tuolumne,109,53932,3542,3534,33,3567,39
2021-02-01,Ventura,111,848112,72979,71104,2582,73686,502
2021-02-01,Yolo,113,214977,12239,11824,179,12003,151
2021-02-01,Yuba,115,75493,5205,5084,76,5160,33
2021-01-31,Alameda,001,1643700,75681,73979,1610,75589,857
2021-01-31,Alpine,003,1148,73,72,0,72,0
2021-01-31,Amador,005,37829,3293,3212,25,3237,32
2021-01-31,Butte,007,227075,10780,10215,1499,11714,140
2021-01-31,Calaveras,009,45235,1797,1778,11,1789,21
2021-01-31,Colusa,011,21464,1780,1754,211,1965,9
2021-01-31,Contra Costa,013,1133247,58873,57079,995,58074,531
2021-01-31,Del Norte,015,27424,895,865,4,869,2
2021-01-31,El Dorado,017,186661,8631,8317,579,8896,83
2021-01-31,Fresno,019,978130,91722,88852,7045,95897,994
2021-01-31,Glenn,021,27897,2132,2083,448,2531,14
2021-01-31,Humboldt,023,135768,2857,2767,18,2785,25
2021-01-31,Imperial,025,180216,26639,26206,2400,28606,530
2021-01-31,Inyo,027,18085,1108,1072,9,1081,27
2021-01-31,Kern,029,883053,88677,85872,8661,94533,861
2021-01-31,Kings,031,150075,21244,20709,882,21591,172
2021-01-31,Lake,033,64148,2908,2826,1,2827,33
2021-01-31,Lassen,035,31185,4956,4900,88,4988,1
2021-01-31,Los Angeles,037,10098052,1127898,1090304,36546,1126850,16609
2021-01-31,Madera,039,155013,14877,14496,729,15225,94
2021-01-31,Marin,041,260295,12506,12297,143,12440,185
2021-01-31,Mariposa,043,17540,358,344,3,347,4
2021-01-31,Mendocino,045,87422,3336,3181,64,3245,37
2021-01-31,Merced,047,269075,26492,26222,778,27000,337
2021-01-31,Modoc,049,8938,316,304,100,404,1
2021-01-31,Mono,051,14174,1136,1146,16,1162,3
2021-01-31,Monterey,053,433212,39938,39035,1421,40456,278
2021-01-31,Napa,055,140530,8569,8404,33,8437,52
2021-01-31,Nevada,057,99092,3688,3518,146,3664,20
2021-01-31,Orange,059,3164182,236712,232347,9612,241959,3053
2021-01-31,Placer,061,380077,19513,18506,992,19498,204
2021-01-31,Plumas,063,18699,623,554,10,564,2
2021-01-31,Riverside,065,2383286,274695,266145,12922,279067,3074
2021-01-31,Sacramento,067,1510023,88468,86560,1081,87641,1186
2021-01-31,San Benito,069,59416,5464,5425,73,5498,48
2021-01-31,San Bernardino,071,2135413,277480,269533,8161,277694,2156
2021-01-31,San Diego,073,3302833,249348,238039,11789,249828,2619
2021-01-31,San Francisco,075,870044,32077,31563,893,32456,323
2021-01-31,San Joaquin,077,732212,63054,61379,2529,63908,877
2021-01-31,San Luis Obispo,079,281455,18309,17615,485,18100,199
2021-01-31,San Mateo,081,765935,37239,35659,364,36023,219
2021-01-31,Santa Barbara,083,443738,29779,28570,911,29481,297
2021-01-31,Santa Clara,085,1922200,103656,101986,483,102469,1330
2021-01-31,Santa Cruz,087,273765,14554,13469,698,14167,149
2021-01-31,Shasta,089,179085,10415,10313,1092,11405,112
2021-01-31,Sierra,091,2930,48,43,12,55,0
2021-01-31,Siskiyou,093,43540,1340,1238,202,1440,4
2021-01-31,Solano,095,438530,28296,27678,326,28004,118
2021-01-31,Sonoma,097,501317,26216,25925,142,26067,243
2021-01-31,Stanislaus,099,539301,47331,45971,4894,50865,642
2021-01-31,Sutter,101,95872,8380,8289,79,8368,89
2021-01-31,Tehama,103,63373,4364,4256,468,4724,21
2021-01-31,Trinity,105,12862,441,260,66,326,3
2021-01-31,Tulare,107,460477,45932,44440,6879,51319,618
2021-01-31,Tuolumne,109,53932,3504,3519,33,3552,39
2021-01-31,Ventura,111,848112,72384,70635,2569,73204,502
2021-01-31,Yolo,113,214977,12178,11771,173,11944,151
2021-01-31,Yuba,115,75493,5185,5071,76,5147,33
2021-01-30,Alameda,001,1643700,75476,73622,1605,75227,850
2021-01-30,Alpine,003,1148,73,72,0,72,0
2021-01-30,Amador,005,37829,3289,3181,25,3206,32
2021-01-30,Butte,007,227075,10746,10177,1490,11667,139
2021-01-30,Calaveras,009,45235,1784,1763,11,1774,21
2021-01-30,Colusa,011,21464,1778,1748,211,1959,9
2021-01-30,Contra Costa,013,1133247,58690,56763,991,57754,531
2021-01-30,Del Norte,015,27424,894,865,4,869,2
2021-01-30,El Dorado,017,186661,8611,8299,578,8877,83
2021-01-30,Fresno,019,978130,91542,88476,7025,95501,964
2021-01-30,Glenn,021,27897,2129,2074,446,2520,14
2021-01-30,Humboldt,023,135768,2846,2742,18,2760,24
2021-01-30,Imperial,025,180216,26615,26160,2398,28558,530
2021-01-30,Inyo,027,18085,1104,1068,9,1077,27
2021-01-30,Kern,029,883053,88476,85572,8595,94167,848
2021-01-30,Kings,031,150075,21173,20605,877,21482,169
2021-01-30,Lake,033,64148,2902,2809,1,2810,33
2021-01-30,Lassen,035,31185,4952,4890,88,4978,1
2021-01-30,Los Angeles,037,10098052,1125499,1084763,36404,1121167,16484
2021-01-30,Madera,039,155013,14835,14443,724,15167,94
2021-01-30,Marin,041,260295,12478,12225,142,12367,185
2021-01-30,Mariposa,043,17540,356,344,3,347,4
2021-01-30,Mendocino,045,87422,3322,3153,63,3216,36
2021-01-30,Merced,047,269075,26418,26078,776,26854,335
2021-01-30,Modoc,049,8938,316,303,100,403,1
2021-01-30,Mono,051,14174,1136,1143,16,1159,3
2021-01-30,Monterey,053,433212,39878,38847,1418,40265,277
2021-01-30,Napa,055,140530,8553,8342,33,8375,52
2021-01-30,Nevada,057,99092,3669,3499,146,3645,20
2021-01-30,Orange,059,3164182,236167,231358,9575,240933,3013
2021-01-30,Placer,061,380077,19460,18430,986,19416,205
2021-01-30,Plumas,063,18699,621,554,10,564,2
2021-01-30,Riverside,065,2383286,274098,265137,12891,278028,3061
2021-01-30,Sacramento,067,1510023,88276,86388,1076,87464,1184
2021-01-30,San Benito,069,59416,5446,5401,72,5473,48
2021-01-30,San Bernardino,071,2135413,277058,268660,8142,276802,2122
2021-01-30,San Diego,073,3302833,248583,236765,11744,248509,2603
2021-01-30,San Francisco,075,870044,31976,31427,890,32317,316
2021-01-30,San Joaquin,077,732212,62922,61120,2520,63640,864
2021-01-30,San Luis Obispo,079,281455,18229,17522,483,18005,198
2021-01-30,San Mateo,081,765935,37100,35451,363,35814,219
2021-01-30,Santa Barbara,083,443738,29637,28342,909,29251,296
2021-01-30,Santa Clara,085,1922200,103309,101471,480,101951,1307
2021-01-30,Santa Cruz,087,273765,14514,13383,697,14080,149
2021-01-30,Shasta,089,179085,10396,10283,1089,11372,112
2021-01-30,Sierra,091,2930,48,43,12,55,0
2021-01-30,Siskiyou,093,43540,1337,1236,201,1437,4
2021-01-30,Solano,095,438530,28213,27511,325,27836,118
2021-01-30,Sonoma,097,501317,26168,25810,139,25949,243
2021-01-30,Stanislaus,099,539301,47201,45697,4867,50564,642
2021-01-30,Sutter,101,95872,8364,8226,79,8305,87
2021-01-30,Tehama,103,63373,4351,4229,467,4696,21
2021-01-30,Trinity,105,12862,441,259,66,325,3
2021-01-30,Tulare,107,460477,45796,44203,6842,51045,615
2021-01-30,Tuolumne,109,53932,3500,3508,33,3541,36
2021-01-30,Ventura,111,848112,72071,69931,2555,72486,493
2021-01-30,Yolo,113,214977,12164,11698,172,11870,151
2021-01-30,Yuba,115,75493,5175,5042,75,5117,33
2021-01-29,Alameda,001,1643700,75209,73210,1598,74808,841
2021-01-29,Alpine,003,1148,73,72,0,72,0
2021-01-29,Amador,005,37829,3277,3134,24,3158,32
2021-01-29,Butte,007,227075,10714,10122,1480,11602,138
2021-01-29,Calaveras,009,45235,1773,1757,11,1768,21
2021-01-29,Colusa,011,21464,1774,1734,210,1944,8
2021-01-29,Contra Costa,013,1133247,58520,56318,989,57307,529
2021-01-29,Del Norte,015,27424,893,865,4,869,2
2021-01-29,El Dorado,017,186661,8594,8231,577,8808,83
2021-01-29,Fresno,019,978130,91327,87936,6987,94923,962
2021-01-29,Glenn,021,27897,2124,2061,445,2506,14
2021-01-29,Humboldt,023,135768,2833,2707,18,2725,24
2021-01-29,Imperial,025,180216,26600,26045,2395,28440,521
2021-01-29,Inyo,027,18085,1092,1048,9,1057,27
2021-01-29,Kern,029,883053,88249,85044,8543,93587,836
2021-01-29,Kings,031,150075,21134,20466,872,21338,169
2021-01-29,Lake,033,64148,2893,2792,1,2793,32
2021-01-29,Lassen,035,31185,4949,4874,88,4962,1
2021-01-29,Los Angeles,037,10098052,1122009,1078329,36251,1114580,16190
2021-01-29,Madera,039,155013,14784,14377,724,15101,94
2021-01-29,Marin,041,260295,12433,12145,141,12286,185
2021-01-29,Mariposa,043,17540,355,342,3,345,4
2021-01-29,Mendocino,045,87422,3313,3131,62,3193,36
2021-01-29,Merced,047,269075,26344,25865,771,26636,334
2021-01-29,Modoc,049,8938,315,297,100,397,1
2021-01-29,Mono,051,14174,1134,1139,16,1155,3
2021-01-29,Monterey,053,433212,39764,38539,1410,39949,277
2021-01-29,Napa,055,140530,8522,8276,33,8309,52
2021-01-29,Nevada,057,99092,3660,3487,145,3632,20
2021-01-29,Orange,059,3164182,235490,229917,9537,239454,2967
2021-01-29,Placer,061,380077,19407,18367,982,19349,203
2021-01-29,Plumas,063,18699,620,548,10,558,2
2021-01-29,Riverside,065,2383286,273296,263504,12858,276362,3008
2021-01-29,Sacramento,067,1510023,88022,86320,1072,87392,1169
2021-01-29,San Benito,069,59416,5438,5386,72,5458,48
2021-01-29,San Bernardino,071,2135413,276546,267490,8102,275592,2095
2021-01-29,San Diego,073,3302833,247641,234637,11666,246303,2571
2021-01-29,San Francisco,075,870044,31836,31294,882,32176,307
2021-01-29,San Joaquin,077,732212,62777,60899,2506,63405,858
2021-01-29,San Luis Obispo,079,281455,18169,17440,478,17918,193
2021-01-29,San Mateo,081,765935,36966,35223,360,35583,218
2021-01-29,Santa Barbara,083,443738,29503,28105,903,29008,291
2021-01-29,Santa Clara,085,1922200,102947,101010,478,101488,1273
2021-01-29,Santa Cruz,087,273765,14461,13311,694,14005,148
2021-01-29,Shasta,089,179085,10379,10220,1085,11305,112
2021-01-29,Sierra,091,2930,48,43,12,55,0
2021-01-29,Siskiyou,093,43540,1336,1227,201,1428,4
2021-01-29,Solano,095,438530,28130,27352,323,27675,116
2021-01-29,Sonoma,097,501317,26112,25710,138,25848,243
2021-01-29,Stanislaus,099,539301,47058,45466,4845,50311,642
2021-01-29,Sutter,101,95872,8345,8181,79,8260,87
2021-01-29,Tehama,103,63373,4339,4191,465,4656,20
2021-01-29,Trinity,105,12862,441,260,66,326,3
2021-01-29,Tulare,107,460477,45689,43925,6803,50728,606
2021-01-29,Tuolumne,109,53932,3490,3483,33,3516,36
2021-01-29,Ventura,111,848112,71647,69511,2541,72052,484
2021-01-29,Yolo,113,214977,12126,11612,171,11783,151
2021-01-29,Yuba,115,75493,5159,5018,75,5093,32
2021-01-28,Alameda,001,1643700,74785,72758,1590,74348,833
2021-01-28,Alpine,003,1148,73,72,0,72,0
2021-01-28,Amador,005,37829,3240,3124,24,3148,31
2021-01-28,Butte,007,227075,10673,10037,1470,11507,138
2021-01-28,Calaveras,009,45235,1760,1747,10,1757,21
2021-01-28,Colusa,011,21464,1767,1731,206,1937,8
2021-01-28,Contra Costa,013,1133247,58279,55999,979,56978,525
2021-01-28,Del Norte,015,27424,892,862,4,866,2
2021-01-28,El Dorado,017,186661,8580,8198,572,8770,79
2021-01-28,Fresno,019,978130,91039,87401,6938,94339,949
2021-01-28,Glenn,021,27897,2119,2043,438,2481,14
2021-01-28,Humboldt,023,135768,2816,2686,18,2704,24
2021-01-28,Imperial,025,180216,26556,25984,2388,28372,517
2021-01-28,Inyo,027,18085,1087,1039,9,1048,27
2021-01-28,Kern,029,883053,87920,84708,8459,93167,817
2021-01-28,Kings,031,150075,21074,20328,868,21196,167
2021-01-28,Lake,033,64148,2878,2772,1,2773,32
2021-01-28,Lassen,035,31185,4943,4865,88,4953,1
2021-01-28,Los Angeles,037,10098052,1118097,1072412,36063,1108475,15967
2021-01-28,Madera,039,155013,14728,14301,720,15021,94
2021-01-28,Marin,041,260295,12380,12079,140,12219,183
2021-01-28,Mariposa,043,17540,355,334,3,337,4
2021-01-28,Mendocino,045,87422,3296,3110,62,3172,36
2021-01-28,Merced,047,269075,26222,25620,759,26379,328
2021-01-28,Modoc,049,8938,314,297,100,397,0
2021-01-28,Mono,051,14174,1132,1131,16,1147,3
2021-01-28,Monterey,053,433212,39570,38312,1391,39703,274
2021-01-28,Napa,055,140530,8475,8233,33,8266,50
2021-01-28,Nevada,057,99092,3645,3452,144,3596,19
2021-01-28,Orange,059,3164182,234511,228636,9507,238143,2860
2021-01-28,Placer,061,380077,19347,18246,979,19225,198
2021-01-28,Plumas,063,18699,619,547,10,557,2
2021-01-28,Riverside,065,2383286,272516,262342,12810,275152,2981
2021-01-28,Sacramento,067,1510023,87659,85698,1061,86759,1149
2021-01-28,San Benito,069,59416,5420,5344,71,5415,47
2021-01-28,San Bernardino,071,2135413,275841,266456,8081,274537,2057
2021-01-28,San Diego,073,3302833,246488,232967,11577,244544,2534
2021-01-28,San Francisco,075,870044,31699,31193,866,32059,290
2021-01-28,San Joaquin,077,732212,62510,60627,2491,63118,854
2021-01-28,San Luis Obispo,079,281455,18069,17279,476,17755,189
2021-01-28,San Mateo,081,765935,36797,34931,344,35275,218
2021-01-28,Santa Barbara,083,443738,29279,27674,890,28564,284
2021-01-28,Santa Clara,085,1922200,102480,100470,476,100946,1219
2021-01-28,Santa Cruz,087,273765,14372,13188,688,13876,145
2021-01-28,Shasta,089,179085,10345,10176,1077,11253,110
2021-01-28,Sierra,091,2930,48,43,12,55,0
2021-01-28,Siskiyou,093,43540,1329,1218,199,1417,4
2021-01-28,Solano,095,438530,27970,27163,322,27485,114
2021-01-28,Sonoma,097,501317,26021,25564,138,25702,236
2021-01-28,Stanislaus,099,539301,46850,45162,4825,49987,640
2021-01-28,Sutter,101,95872,8298,8136,79,8215,85
2021-01-28,Tehama,103,63373,4316,4163,462,4625,20
2021-01-28,Trinity,105,12862,439,260,66,326,3
2021-01-28,Tulare,107,460477,45533,43742,6725,50467,595
2021-01-28,Tuolumne,109,53932,3476,3472,33,3505,32
2021-01-28,Ventura,111,848112,71134,68896,2524,71420,475
2021-01-28,Yolo,113,214977,12083,11500,166,11666,151
2021-01-28,Yuba,115,75493,5143,4994,74,5068,32
2021-01-27,Alameda,001,1643700,74368,72188,1582,73770,815
2021-01-27,Alpine,003,1148,73,72,0,72,0
2021-01-27,Amador,005,37829,3224,3116,24,3140,31
2021-01-27,Butte,007,227075,10634,9988,1457,11445,138
2021-01-27,Calaveras,009,45235,1751,1737,10,1747,21
2021-01-27,Colusa,011,21464,1761,1724,204,1928,8
2021-01-27,Contra Costa,013,1133247,57980,55578,976,56554,507
2021-01-27,Del Norte,015,27424,891,859,4,863,2
2021-01-27,El Dorado,017,186661,8554,8141,571,8712,76
2021-01-27,Fresno,019,978130,90747,86886,6896,93782,938
2021-01-27,Glenn,021,27897,2115,2042,437,2479,14
2021-01-27,Humboldt,023,135768,2794,2630,18,2648,24
2021-01-27,Imperial,025,180216,26502,25861,2373,28234,504
2021-01-27,Inyo,027,18085,1083,1023,9,1032,27
2021-01-27,Kern,029,883053,87609,84244,8389,92633,809
2021-01-27,Kings,031,150075,20968,20211,860,21071,167
2021-01-27,Lake,033,64148,2858,2750,1,2751,32
2021-01-27,Lassen,035,31185,4937,4851,88,4939,1
2021-01-27,Los Angeles,037,10098052,1113287,1066569,35854,1102423,15757
2021-01-27,Madera,039,155013,14687,14194,715,14909,86
2021-01-27,Marin,041,260295,12343,12028,139,12167,180
2021-01-27,Mariposa,043,17540,355,333,3,336,4
2021-01-27,Mendocino,045,87422,3276,3095,62,3157,36
2021-01-27,Merced,047,269075,26063,25439,748,26187,315
2021-01-27,Modoc,049,8938,314,297,97,394,0
2021-01-27,Mono,051,14174,1130,1131,16,1147,3
2021-01-27,Monterey,053,433212,39362,38139,1372,39511,268
2021-01-27,Napa,055,140530,8402,8187,33,8220,46
2021-01-27,Nevada,057,99092,3623,3431,144,3575,18
2021-01-27,Orange,059,3164182,233394,227110,9453,236563,2832
2021-01-27,Placer,061,380077,19277,18106,968,19074,198
2021-01-27,Plumas,063,18699,619,544,10,554,2
2021-01-27,Riverside,065,2383286,271319,260796,12758,273554,2931
2021-01-27,Sacramento,067,1510023,87299,85428,1050,86478,1142
2021-01-27,San Benito,069,59416,5405,5284,71,5355,47
2021-01-27,San Bernardino,071,2135413,274989,265153,8050,273203,2019
2021-01-27,San Diego,073,3302833,245159,231478,11472,242950,2465
2021-01-27,San Francisco,075,870044,31555,31082,859,31941,287
2021-01-27,San Joaquin,077,732212,62240,60131,2470,62601,853
2021-01-27,San Luis Obispo,079,281455,17961,17119,472,17591,188
2021-01-27,San Mateo,081,765935,36642,34619,341,34960,216
2021-01-27,Santa Barbara,083,443738,29102,27435,884,28319,282
2021-01-27,Santa Clara,085,1922200,102075,99732,472,100204,1184
2021-01-27,Santa Cruz,087,273765,14302,13111,685,13796,143
2021-01-27,Shasta,089,179085,10311,10106,1071,11177,105
2021-01-27,Sierra,091,2930,48,44,12,56,0
2021-01-27,Siskiyou,093,43540,1324,1214,196,1410,4
2021-01-27,Solano,095,438530,27793,26982,315,27297,112
2021-01-27,Sonoma,097,501317,25922,25361,134,25495,237
2021-01-27,Stanislaus,099,539301,46666,44874,4799,49673,624
2021-01-27,Sutter,101,95872,8254,8093,78,8171,83
2021-01-27,Tehama,103,63373,4296,4133,458,4591,20
2021-01-27,Trinity,105,12862,439,260,66,326,3
2021-01-27,Tulare,107,460477,45345,43462,6654,50116,583
2021-01-27,Tuolumne,109,53932,3466,3464,33,3497,32
2021-01-27,Ventura,111,848112,70661,68291,2499,70790,468
2021-01-27,Yolo,113,214977,12035,11427,162,11589,151
2021-01-27,Yuba,115,75493,5127,4968,74,5042,32
2021-01-26,Alameda,001,1643700,73996,71851,1565,73416,789
2021-01-26,Alpine,003,1148,73,72,0,72,0
2021-01-26,Amador,005,37829,3213,3113,24,3137,31
2021-01-26,Butte,007,227075,10592,9943,1451,11394,136
2021-01-26,Calaveras,009,45235,1741,1723,10,1733,21
2021-01-26,Colusa,011,21464,1754,1719,201,1920,8
2021-01-26,Contra Costa,013,1133247,57702,55337,968,56305,491
2021-01-26,Del Norte,015,27424,890,856,4,860,2
2021-01-26,El Dorado,017,186661,8528,8115,568,8683,71
2021-01-26,Fresno,019,978130,90389,86673,6852,93525,923
2021-01-26,Glenn,021,27897,2105,2034,432,2466,13
2021-01-26,Humboldt,023,135768,2773,2612,17,2629,24
2021-01-26,Imperial,025,180216,26429,25812,2360,28172,498
2021-01-26,Inyo,027,18085,1076,1018,9,1027,27
2021-01-26,Kern,029,883053,87186,83868,8312,92180,790
2021-01-26,Kings,031,150075,20909,20156,855,21011,159
2021-01-26,Lake,033,64148,2849,2748,1,2749,32
2021-01-26,Lassen,035,31185,4931,4844,88,4932,1
2021-01-26,Los Angeles,037,10098052,1108001,1060492,35651,1096143,15458
2021-01-26,Madera,039,155013,14630,14130,709,14839,86
2021-01-26,Marin,041,260295,12298,11993,137,12130,179
2021-01-26,Mariposa,043,17540,353,332,3,335,3
2021-01-26,Mendocino,045,87422,3250,3076,61,3137,36
2021-01-26,Merced,047,269075,25923,25359,740,26099,309
2021-01-26,Modoc,049,8938,307,291,96,387,0
2021-01-26,Mono,051,14174,1128,1120,16,1136,3
2021-01-26,Monterey,053,433212,39168,37963,1352,39315,255
2021-01-26,Napa,055,140530,8345,8145,33,8178,43
2021-01-26,Nevada,057,99092,3616,3410,143,3553,18
2021-01-26,Orange,059,3164182,232270,225987,9408,235395,2760
2021-01-26,Placer,061,380077,19201,18016,966,18982,193
2021-01-26,Plumas,063,18699,617,536,10,546,2
2021-01-26,Riverside,065,2383286,269952,259399,12695,272094,2898
2021-01-26,Sacramento,067,1510023,86941,85062,1043,86105,1127
2021-01-26,San Benito,069,59416,5391,5251,70,5321,45
2021-01-26,San Bernardino,071,2135413,273988,263736,8006,271742,1970
2021-01-26,San Diego,073,3302833,243664,230063,11370,241433,2421
2021-01-26,San Francisco,075,870044,31423,30874,840,31714,286
2021-01-26,San Joaquin,077,732212,61986,59889,2454,62343,847
2021-01-26,San Luis Obispo,079,281455,17880,17016,469,17485,186
2021-01-26,San Mateo,081,765935,36448,34441,330,34771,213
2021-01-26,Santa Barbara,083,443738,28927,27321,872,28193,273
2021-01-26,Santa Clara,085,1922200,101596,99215,469,99684,1171
2021-01-26,Santa Cruz,087,273765,14236,13045,679,13724,134
2021-01-26,Shasta,089,179085,10276,10036,1063,11099,103
2021-01-26,Sierra,091,2930,48,43,12,55,0
2021-01-26,Siskiyou,093,43540,1309,1208,194,1402,4
2021-01-26,Solano,095,438530,27637,26858,308,27166,110
2021-01-26,Sonoma,097,501317,25803,25273,132,25405,236
2021-01-26,Stanislaus,099,539301,46484,44703,4757,49460,599
2021-01-26,Sutter,101,95872,8211,8067,78,8145,83
2021-01-26,Tehama,103,63373,4263,4115,458,4573,20
2021-01-26,Trinity,105,12862,439,260,66,326,3
2021-01-26,Tulare,107,460477,45142,43394,6584,49978,579
2021-01-26,Tuolumne,109,53932,3456,3451,33,3484,30
2021-01-26,Ventura,111,848112,70128,67526,2473,69999,448
2021-01-26,Yolo,113,214977,11990,11361,159,11520,148
2021-01-26,Yuba,115,75493,5102,4944,72,5016,31
2021-01-25,Alameda,001,1643700,73567,71255,1555,72810,780
2021-01-25,Alpine,003,1148,73,72,0,72,0
2021-01-25,Amador,005,37829,3173,3074,24,3098,30
2021-01-25,Butte,007,227075,10525,9865,1443,11308,133
2021-01-25,Calaveras,009,45235,1726,1713,10,1723,21
2021-01-25,Colusa,011,21464,1742,1709,197,1906,8
2021-01-25,Contra Costa,013,1133247,57347,54989,961,55950,488
2021-01-25,Del Norte,015,27424,889,855,4,859,2
2021-01-25,El Dorado,017,186661,8503,8060,568,8628,66
2021-01-25,Fresno,019,978130,90018,86336,6820,93156,913
2021-01-25,Glenn,021,27897,2096,2028,432,2460,13
2021-01-25,Humboldt,023,135768,2739,2587,17,2604,24
2021-01-25,Imperial,025,180216,26380,25745,2352,28097,491
2021-01-25,Inyo,027,18085,1070,1015,9,1024,27
2021-01-25,Kern,029,883053,86800,83401,8226,91627,787
2021-01-25,Kings,031,150075,20789,20067,851,20918,159
2021-01-25,Lake,033,64148,2830,2729,1,2730,32
2021-01-25,Lassen,035,31185,4904,4835,88,4923,1
2021-01-25,Los Angeles,037,10098052,1102044,1055181,35423,1090604,15163
2021-01-25,Madera,039,155013,14576,14068,704,14772,86
2021-01-25,Marin,041,260295,12246,11923,133,12056,177
2021-01-25,Mariposa,043,17540,350,331,3,334,3
2021-01-25,Mendocino,045,87422,3239,3054,61,3115,35
2021-01-25,Merced,047,269075,25784,25181,731,25912,305
2021-01-25,Modoc,049,8938,306,288,92,380,0
2021-01-25,Mono,051,14174,1125,1114,15,1129,3
2021-01-25,Monterey,053,433212,38915,37726,1333,39059,255
2021-01-25,Napa,055,140530,8311,8057,32,8089,43
2021-01-25,Nevada,057,99092,3602,3365,143,3508,18
2021-01-25,Orange,059,3164182,231061,225105,9362,234467,2696
2021-01-25,Placer,061,380077,19113,17936,951,18887,193
2021-01-25,Plumas,063,18699,614,533,10,543,2
2021-01-25,Riverside,065,2383286,268213,258082,12639,270721,2789
2021-01-25,Sacramento,067,1510023,86499,84653,1035,85688,1118
2021-01-25,San Benito,069,59416,5356,5238,69,5307,43
2021-01-25,San Bernardino,071,2135413,273044,263174,7970,271144,1947
2021-01-25,San Diego,073,3302833,242051,228630,11298,239928,2375
2021-01-25,San Francisco,075,870044,31273,30734,817,31551,288
2021-01-25,San Joaquin,077,732212,61692,59291,2429,61720,838
2021-01-25,San Luis Obispo,079,281455,17746,16868,464,17332,179
2021-01-25,San Mateo,081,765935,36214,34187,324,34511,213
2021-01-25,Santa Barbara,083,443738,28692,27065,862,27927,269
2021-01-25,Santa Clara,085,1922200,101031,98647,461,99108,1143
2021-01-25,Santa Cruz,087,273765,14149,12973,674,13647,133
2021-01-25,Shasta,089,179085,10235,9991,1052,11043,103
2021-01-25,Sierra,091,2930,48,42,12,54,0
2021-01-25,Siskiyou,093,43540,1301,1205,191,1396,4
2021-01-25,Solano,095,438530,27469,26648,307,26955,109
2021-01-25,Sonoma,097,501317,25696,25160,130,25290,233
2021-01-25,Stanislaus,099,539301,46238,44293,4714,49007,599
2021-01-25,Sutter,101,95872,8168,8023,78,8101,83
2021-01-25,Tehama,103,63373,4236,4082,454,4536,20
2021-01-25,Trinity,105,12862,439,262,66,328,3
2021-01-25,Tulare,107,460477,44926,43124,6480,49604,578
2021-01-25,Tuolumne,109,53932,3447,3422,33,3455,29
2021-01-25,Ventura,111,848112,69494,66910,2456,69366,439
2021-01-25,Yolo,113,214977,11904,11276,158,11434,140
2021-01-25,Yuba,115,75493,5080,4900,70,4970,31
2021-01-24,Alameda,001,1643700,73062,70823,1544,72367,780
2021-01-24,Alpine,003,1148,73,72,0,72,0
2021-01-24,Amador,005,37829,3140,3054,24,3078,30
2021-01-24,Butte,007,227075,10441,9820,1426,11246,133
2021-01-24,Calaveras,009,45235,1713,1704,10,1714,21
2021-01-24,Colusa,011,21464,1731,1689,191,1880,8
2021-01-24,Contra Costa,013,1133247,56960,54694,948,55642,488
2021-01-24,Del Norte,015,27424,885,855,4,859,2
2021-01-24,El Dorado,017,186661,8468,8003,564,8567,66
2021-01-24,Fresno,019,978130,89580,85808,6781,92589,911
2021-01-24,Glenn,021,27897,2088,2026,431,2457,13
2021-01-24,Humboldt,023,135768,2700,2562,17,2579,24
2021-01-24,Imperial,025,180216,26285,25707,2329,28036,488
2021-01-24,Inyo,027,18085,1054,1007,9,1016,27
2021-01-24,Kern,029,883053,86364,83125,8118,91243,785
2021-01-24,Kings,031,150075,20661,19988,835,20823,159
2021-01-24,Lake,033,64148,2812,2724,0,2724,32
2021-01-24,Lassen,035,31185,4893,4828,85,4913,1
2021-01-24,Los Angeles,037,10098052,1095640,1048757,35112,1083869,15119
2021-01-24,Madera,039,155013,14486,14000,698,14698,86
2021-01-24,Marin,041,260295,12179,11872,131,12003,177
2021-01-24,Mariposa,043,17540,346,322,3,325,3
2021-01-24,Mendocino,045,87422,3218,3037,60,3097,33
2021-01-24,Merced,047,269075,25573,25047,721,25768,305
2021-01-24,Modoc,049,8938,306,285,92,377,0
2021-01-24,Mono,051,14174,1118,1113,15,1128,3
2021-01-24,Monterey,053,433212,38644,37527,1299,38826,254
2021-01-24,Napa,055,140530,8269,8005,32,8037,43
2021-01-24,Nevada,057,99092,3560,3349,141,3490,18
2021-01-24,Orange,059,3164182,229630,223853,9292,233145,2632
2021-01-24,Placer,061,380077,19000,17839,931,18770,193
2021-01-24,Plumas,063,18699,611,532,10,542,2
2021-01-24,Riverside,065,2383286,266572,256767,12562,269329,2761
2021-01-24,Sacramento,067,1510023,85945,84110,1027,85137,1112
2021-01-24,San Benito,069,59416,5314,5223,66,5289,43
2021-01-24,San Bernardino,071,2135413,271718,262370,7916,270286,1935
2021-01-24,San Diego,073,3302833,240357,227193,11167,238360,2375
2021-01-24,San Francisco,075,870044,31085,30559,795,31354,275
2021-01-24,San Joaquin,077,732212,61264,59021,2413,61434,838
2021-01-24,San Luis Obispo,079,281455,17622,16758,462,17220,179
2021-01-24,San Mateo,081,765935,35968,33956,319,34275,213
2021-01-24,Santa Barbara,083,443738,28376,26735,852,27587,269
2021-01-24,Santa Clara,085,1922200,100382,98103,456,98559,1109
2021-01-24,Santa Cruz,087,273765,14063,12905,666,13571,133
2021-01-24,Shasta,089,179085,10164,9978,1043,11021,103
2021-01-24,Sierra,091,2930,47,42,12,54,0
2021-01-24,Siskiyou,093,43540,1294,1195,191,1386,4
2021-01-24,Solano,095,438530,27281,26515,303,26818,109
2021-01-24,Sonoma,097,501317,25534,25045,129,25174,233
2021-01-24,Stanislaus,099,539301,45929,44031,4652,48683,599
2021-01-24,Sutter,101,95872,8104,7980,78,8058,83
2021-01-24,Tehama,103,63373,4196,4062,449,4511,20
2021-01-24,Trinity,105,12862,439,262,66,328,3
2021-01-24,Tulare,107,460477,44707,43006,6387,49393,577
2021-01-24,Tuolumne,109,53932,3436,3416,33,3449,29
2021-01-24,Ventura,111,848112,68783,66347,2432,68779,439
2021-01-24,Yolo,113,214977,11820,11210,154,11364,140
2021-01-24,Yuba,115,75493,5040,4875,69,4944,31
2021-01-23,Alameda,001,1643700,72814,70080,1537,71617,780
2021-01-23,Alpine,003,1148,73,72,0,72,0
2021-01-23,Amador,005,37829,3137,3049,24,3073,30
2021-01-23,Butte,007,227075,10412,9757,1423,11180,133
2021-01-23,Calaveras,009,45235,1710,1695,10,1705,21
2021-01-23,Colusa,011,21464,1727,1672,190,1862,8
2021-01-23,Contra Costa,013,1133247,56747,54162,941,55103,487
2021-01-23,Del Norte,015,27424,884,855,4,859,2
2021-01-23,El Dorado,017,186661,8452,7984,562,8546,66
2021-01-23,Fresno,019,978130,89394,85274,6752,92026,910
2021-01-23,Glenn,021,27897,2085,2015,427,2442,13
2021-01-23,Humboldt,023,135768,2681,2493,16,2509,23
2021-01-23,Imperial,025,180216,26251,25581,2319,27900,487
2021-01-23,Inyo,027,18085,1045,987,9,996,27
2021-01-23,Kern,029,883053,86120,82602,8050,90652,783
2021-01-23,Kings,031,150075,20617,19904,833,20737,159
2021-01-23,Lake,033,64148,2804,2673,0,2673,32
2021-01-23,Lassen,035,31185,4892,4816,82,4898,1
2021-01-23,Los Angeles,037,10098052,1092411,1040961,34951,1075912,15034
2021-01-23,Madera,039,155013,14450,13858,695,14553,86
2021-01-23,Marin,041,260295,12123,11796,129,11925,177
2021-01-23,Mariposa,043,17540,346,323,3,326,3
2021-01-23,Mendocino,045,87422,3204,2991,60,3051,32
2021-01-23,Merced,047,269075,25481,24787,706,25493,303
2021-01-23,Modoc,049,8938,306,285,92,377,0
2021-01-23,Mono,051,14174,1116,1111,15,1126,3
2021-01-23,Monterey,053,433212,38561,37165,1294,38459,253
2021-01-23,Napa,055,140530,8244,7893,32,7925,43
2021-01-23,Nevada,057,99092,3549,3332,140,3472,18
2021-01-23,Orange,059,3164182,228862,221722,9252,230974,2618
2021-01-23,Placer,061,380077,18949,17617,926,18543,193
2021-01-23,Plumas,063,18699,610,528,10,538,2
2021-01-23,Riverside,065,2383286,265672,253636,12510,266146,2733
2021-01-23,Sacramento,067,1510023,85716,83408,1024,84432,1108
2021-01-23,San Benito,069,59416,5290,5166,65,5231,43
2021-01-23,San Bernardino,071,2135413,271167,260381,7885,268266,1922
2021-01-23,San Diego,073,3302833,239296,225556,11095,236651,2344
2021-01-23,San Francisco,075,870044,30980,30308,766,31074,268
2021-01-23,San Joaquin,077,732212,61138,58164,2403,60567,836
2021-01-23,San Luis Obispo,079,281455,17558,16652,459,17111,176
2021-01-23,San Mateo,081,765935,35792,33696,308,34004,213
2021-01-23,Santa Barbara,083,443738,28191,26234,843,27077,264
2021-01-23,Santa Clara,085,1922200,100026,97189,455,97644,1086
2021-01-23,Santa Cruz,087,273765,14005,12771,663,13434,127
2021-01-23,Shasta,089,179085,10135,9951,1042,10993,103
2021-01-23,Sierra,091,2930,47,41,12,53,0
2021-01-23,Siskiyou,093,43540,1284,1190,190,1380,4
2021-01-23,Solano,095,438530,27188,26261,301,26562,107
2021-01-23,Sonoma,097,501317,25454,24790,129,24919,232
2021-01-23,Stanislaus,099,539301,45762,43723,4621,48344,599
2021-01-23,Sutter,101,95872,8086,7943,77,8020,80
2021-01-23,Tehama,103,63373,4177,4006,448,4454,20
2021-01-23,Trinity,105,12862,439,262,66,328,3
2021-01-23,Tulare,107,460477,44554,42661,6327,48988,575
2021-01-23,Tuolumne,109,53932,3429,3407,33,3440,29
2021-01-23,Ventura,111,848112,68333,65581,2409,67990,438
2021-01-23,Yolo,113,214977,11778,11087,150,11237,141
2021-01-23,Yuba,115,75493,5028,4831,68,4899,30
2021-01-22,Alameda,001,1643700,72493,69693,1531,71224,751
2021-01-22,Alpine,003,1148,73,71,0,71,0
2021-01-22,Amador,005,37829,3132,3042,24,3066,30
2021-01-22,Butte,007,227075,10367,9711,1410,11121,133
2021-01-22,Calaveras,009,45235,1701,1672,10,1682,21
2021-01-22,Colusa,011,21464,1725,1668,190,1858,7
2021-01-22,Contra Costa,013,1133247,56510,53887,935,54822,485
2021-01-22,Del Norte,015,27424,883,852,4,856,2
2021-01-22,El Dorado,017,186661,8418,7877,559,8436,64
2021-01-22,Fresno,019,978130,89053,84744,6724,91468,892
2021-01-22,Glenn,021,27897,2080,1985,421,2406,13
2021-01-22,Humboldt,023,135768,2657,2452,16,2468,23
2021-01-22,Imperial,025,180216,26216,25562,2304,27866,474
2021-01-22,Inyo,027,18085,1034,961,9,970,26
2021-01-22,Kern,029,883053,85823,82101,7974,90075,771
2021-01-22,Kings,031,150075,20541,19760,829,20589,159
2021-01-22,Lake,033,64148,2792,2681,0,2681,32
2021-01-22,Lassen,035,31185,4883,4765,81,4846,1
2021-01-22,Los Angeles,037,10098052,1087946,1031177,34760,1065937,14777
2021-01-22,Madera,039,155013,14390,13781,694,14475,86
2021-01-22,Marin,041,260295,12087,11769,127,11896,177
2021-01-22,Mariposa,043,17540,346,323,3,326,3
2021-01-22,Mendocino,045,87422,3179,2994,59,3053,32
2021-01-22,Merced,047,269075,25358,24616,698,25314,290
2021-01-22,Modoc,049,8938,306,285,92,377,0
2021-01-22,Mono,051,14174,1116,1108,15,1123,3
2021-01-22,Monterey,053,433212,38409,36909,1289,38198,253
2021-01-22,Napa,055,140530,8198,7828,32,7860,40
2021-01-22,Nevada,057,99092,3524,3296,139,3435,18
2021-01-22,Orange,059,3164182,227909,220384,9205,229589,2542
2021-01-22,Placer,061,380077,18892,17636,911,18547,193
2021-01-22,Plumas,063,18699,608,522,10,532,2
2021-01-22,Riverside,065,2383286,264527,252440,12442,264882,2710
2021-01-22,Sacramento,067,1510023,85386,82861,1016,83877,1094
2021-01-22,San Benito,069,59416,5264,5143,65,5208,43
2021-01-22,San Bernardino,071,2135413,270351,259121,7853,266974,1849
2021-01-22,San Diego,073,3302833,238056,222576,11030,233606,2301
2021-01-22,San Francisco,075,870044,30867,30027,749,30776,266
2021-01-22,San Joaquin,077,732212,60957,58485,2391,60876,812
2021-01-22,San Luis Obispo,079,281455,17469,16336,456,16792,172
2021-01-22,San Mateo,081,765935,35570,33401,305,33706,211
2021-01-22,Santa Barbara,083,443738,27990,25989,832,26821,256
2021-01-22,Santa Clara,085,1922200,99588,96435,452,96887,1062
2021-01-22,Santa Cruz,087,273765,13947,12687,659,13346,123
2021-01-22,Shasta,089,179085,10115,9866,1040,10906,103
2021-01-22,Sierra,091,2930,47,40,12,52,0
2021-01-22,Siskiyou,093,43540,1280,1182,188,1370,4
2021-01-22,Solano,095,438530,27098,26048,299,26347,107
2021-01-22,Sonoma,097,501317,25369,24659,129,24788,232
2021-01-22,Stanislaus,099,539301,45596,43489,4595,48084,599
2021-01-22,Sutter,101,95872,8061,7878,77,7955,80
2021-01-22,Tehama,103,63373,4161,3993,446,4439,19
2021-01-22,Trinity,105,12862,438,263,66,329,3
2021-01-22,Tulare,107,460477,44374,42307,6258,48565,573
2021-01-22,Tuolumne,109,53932,3401,3379,33,3412,29
2021-01-22,Ventura,111,848112,67827,64404,2391,66795,426
2021-01-22,Yolo,113,214977,11744,11014,143,11157,141
2021-01-22,Yuba,115,75493,5004,4789,66,4855,29
2021-01-21,Alameda,001,1643700,72057,69314,1514,70828,739
2021-01-21,Alpine,003,1148,73,71,0,71,0
2021-01-21,Amador,005,37829,3110,3038,24,3062,29
2021-01-21,Butte,007,227075,10302,9643,1404,11047,130
2021-01-21,Calaveras,009,45235,1692,1647,10,1657,21
2021-01-21,Colusa,011,21464,1718,1662,187,1849,7
2021-01-21,Contra Costa,013,1133247,56101,53595,921,54516,478
2021-01-21,Del Norte,015,27424,881,850,3,853,2
2021-01-21,El Dorado,017,186661,8369,7823,556,8379,58
2021-01-21,Fresno,019,978130,88649,84137,6684,90821,889
2021-01-21,Glenn,021,27897,2072,1964,416,2380,13
2021-01-21,Humboldt,023,135768,2634,2423,16,2439,23
2021-01-21,Imperial,025,180216,26126,25509,2290,27799,463
2021-01-21,Inyo,027,18085,1025,946,9,955,26
2021-01-21,Kern,029,883053,85411,81328,7859,89187,769
2021-01-21,Kings,031,150075,20470,19633,812,20445,158
2021-01-21,Lake,033,64148,2777,2669,0,2669,32
2021-01-21,Lassen,035,31185,4876,4763,81,4844,1
2021-01-21,Los Angeles,037,10098052,1081281,1023055,34442,1057497,14537
2021-01-21,Madera,039,155013,14322,13664,686,14350,86
2021-01-21,Marin,041,260295,12032,11732,125,11857,173
2021-01-21,Mariposa,043,17540,342,322,3,325,3
2021-01-21,Mendocino,045,87422,3156,2967,57,3024,32
2021-01-21,Merced,047,269075,25203,24426,691,25117,245
2021-01-21,Modoc,049,8938,303,284,91,375,0
2021-01-21,Mono,051,14174,1111,1104,15,1119,3
2021-01-21,Monterey,053,433212,38128,36149,1279,37428,253
2021-01-21,Napa,055,140530,8134,7774,32,7806,40
2021-01-21,Nevada,057,99092,3495,3274,138,3412,18
2021-01-21,Orange,059,3164182,226532,218867,9150,228017,2540
2021-01-21,Placer,061,380077,18813,17553,907,18460,190
2021-01-21,Plumas,063,18699,604,518,10,528,2
2021-01-21,Riverside,065,2383286,262805,251007,12364,263371,2676
2021-01-21,Sacramento,067,1510023,84907,82303,995,83298,1084
2021-01-21,San Benito,069,59416,5234,5100,60,5160,43
2021-01-21,San Bernardino,071,2135413,269007,257754,7788,265542,1832
2021-01-21,San Diego,073,3302833,236281,219729,10923,230652,2222
2021-01-21,San Francisco,075,870044,30690,29801,715,30516,266
2021-01-21,San Joaquin,077,732212,60647,58270,2371,60641,806
2021-01-21,San Luis Obispo,079,281455,17383,16153,448,16601,169
2021-01-21,San Mateo,081,765935,35324,33156,292,33448,210
2021-01-21,Santa Barbara,083,443738,27702,25654,819,26473,253
2021-01-21,Santa Clara,085,1922200,98964,96028,445,96473,1062
2021-01-21,Santa Cruz,087,273765,13862,12548,649,13197,119
2021-01-21,Shasta,089,179085,10072,9795,1025,10820,98
2021-01-21,Sierra,091,2930,47,40,12,52,0
2021-01-21,Siskiyou,093,43540,1277,1178,186,1364,4
2021-01-21,Solano,095,438530,26918,25885,295,26180,106
2021-01-21,Sonoma,097,501317,25229,24440,127,24567,230
2021-01-21,Stanislaus,099,539301,45298,43223,4551,47774,599
2021-01-21,Sutter,101,95872,8027,7822,77,7899,80
2021-01-21,Tehama,103,63373,4122,3938,446,4384,19
2021-01-21,Trinity,105,12862,438,261,66,327,3
2021-01-21,Tulare,107,460477,44163,42082,6182,48264,569
2021-01-21,Tuolumne,109,53932,3391,3365,32,3397,29
2021-01-21,Ventura,111,848112,67133,63995,2370,66365,420
2021-01-21,Yolo,113,214977,11653,10940,135,11075,141
2021-01-21,Yuba,115,75493,4972,4757,65,4822,29
2021-01-20,Alameda,001,1643700,71580,68785,1499,70284,702
2021-01-20,Alpine,003,1148,73,71,0,71,0
2021-01-20,Amador,005,37829,3079,3036,24,3060,29
2021-01-20,Butte,007,227075,10246,9582,1393,10975,130
2021-01-20,Calaveras,009,45235,1670,1637,9,1646,21
2021-01-20,Colusa,011,21464,1701,1630,182,1812,7
2021-01-20,Contra Costa,013,1133247,55643,53108,914,54022,461
2021-01-20,Del Norte,015,27424,880,848,3,851,2
2021-01-20,El Dorado,017,186661,8319,7785,553,8338,53
2021-01-20,Fresno,019,978130,88230,83591,6631,90222,872
2021-01-20,Glenn,021,27897,2053,1955,414,2369,13
2021-01-20,Humboldt,023,135768,2591,2390,16,2406,22
2021-01-20,Imperial,025,180216,26054,25380,2255,27635,461
2021-01-20,Inyo,027,18085,1015,901,9,910,26
2021-01-20,Kern,029,883053,84961,80701,7751,88452,754
2021-01-20,Kings,031,150075,20380,19522,804,20326,146
2021-01-20,Lake,033,64148,2756,2646,0,2646,31
2021-01-20,Lassen,035,31185,4868,4758,79,4837,1
2021-01-20,Los Angeles,037,10098052,1073782,1015608,34157,1049765,14299
2021-01-20,Madera,039,155013,14258,13585,681,14266,86
2021-01-20,Marin,041,260295,11978,11684,123,11807,171
2021-01-20,Mariposa,043,17540,340,322,3,325,3
2021-01-20,Mendocino,045,87422,3141,2957,57,3014,32
2021-01-20,Merced,047,269075,25030,24220,669,24889,243
2021-01-20,Modoc,049,8938,302,282,91,373,0
2021-01-20,Mono,051,14174,1104,1105,14,1119,3
2021-01-20,Monterey,053,433212,37816,35960,1259,37219,249
2021-01-20,Napa,055,140530,8065,7731,31,7762,40
2021-01-20,Nevada,057,99092,3463,3238,138,3376,18
2021-01-20,Orange,059,3164182,224997,216893,9088,225981,2500
2021-01-20,Placer,061,380077,18719,17455,889,18344,186
2021-01-20,Plumas,063,18699,602,512,10,522,2
2021-01-20,Riverside,065,2383286,260760,248686,12279,260965,2615
2021-01-20,Sacramento,067,1510023,84347,81687,985,82672,1072
2021-01-20,San Benito,069,59416,5203,5036,59,5095,35
2021-01-20,San Bernardino,071,2135413,267658,255921,7740,263661,1801
2021-01-20,San Diego,073,3302833,234426,218553,10819,229372,2174
2021-01-20,San Francisco,075,870044,30502,29665,695,30360,262
2021-01-20,San Joaquin,077,732212,60244,58025,2362,60387,783
2021-01-20,San Luis Obispo,079,281455,17202,15936,439,16375,164
2021-01-20,San Mateo,081,765935,35097,32929,291,33220,210
2021-01-20,Santa Barbara,083,443738,27385,25312,807,26119,248
2021-01-20,Santa Clara,085,1922200,98283,94995,443,95438,1040
2021-01-20,Santa Cruz,087,273765,13755,12460,636,13096,107
2021-01-20,Shasta,089,179085,10020,9697,1015,10712,98
2021-01-20,Sierra,091,2930,47,40,12,52,0
2021-01-20,Siskiyou,093,43540,1270,1163,185,1348,4
2021-01-20,Solano,095,438530,26725,25659,291,25950,106
2021-01-20,Sonoma,097,501317,25092,24262,125,24387,223
2021-01-20,Stanislaus,099,539301,45018,42955,4513,47468,585
2021-01-20,Sutter,101,95872,7976,7772,75,7847,80
2021-01-20,Tehama,103,63373,4096,3892,444,4336,19
2021-01-20,Trinity,105,12862,438,260,66,326,3
2021-01-20,Tulare,107,460477,43905,41799,6089,47888,559
2021-01-20,Tuolumne,109,53932,3377,3355,31,3386,29
2021-01-20,Ventura,111,848112,66173,63413,2341,65754,395
2021-01-20,Yolo,113,214977,11585,10852,132,10984,141
2021-01-20,Yuba,115,75493,4945,4729,65,4794,29
2021-01-19,Alameda,001,1643700,70936,68434,1490,69924,680
2021-01-19,Alpine,003,1148,73,71,0,71,0
2021-01-19,Amador,005,37829,3070,3024,24,3048,28
2021-01-19,Butte,007,227075,10182,9528,1378,10906,129
2021-01-19,Calaveras,009,45235,1655,1621,8,1629,21
2021-01-19,Colusa,011,21464,1679,1617,179,1796,7
2021-01-19,Contra Costa,013,1133247,55150,52730,903,53633,448
2021-01-19,Del Norte,015,27424,878,843,3,846,2
2021-01-19,El Dorado,017,186661,8258,7743,545,8288,47
2021-01-19,Fresno,019,978130,87708,83200,6579,89779,857
2021-01-19,Glenn,021,27897,2041,1948,409,2357,13
2021-01-19,Humboldt,023,135768,2567,2359,13,2372,22
2021-01-19,Imperial,025,180216,25973,25333,2239,27572,452
2021-01-19,Inyo,027,18085,1008,891,9,900,26
2021-01-19,Kern,029,883053,84372,80272,7643,87915,742
2021-01-19,Kings,031,150075,20241,19375,793,20168,143
2021-01-19,Lake,033,64148,2741,2625,0,2625,31
2021-01-19,Lassen,035,31185,4861,4753,79,4832,1
2021-01-19,Los Angeles,037,10098052,1065104,1010375,33887,1044262,14014
2021-01-19,Madera,039,155013,14142,13528,674,14202,86
2021-01-19,Marin,041,260295,11921,11654,119,11773,169
2021-01-19,Mariposa,043,17540,340,322,3,325,3
2021-01-19,Mendocino,045,87422,3124,2930,57,2987,32
2021-01-19,Merced,047,269075,24818,24108,660,24768,242
2021-01-19,Modoc,049,8938,301,281,91,372,0
2021-01-19,Mono,051,14174,1103,1106,14,1120,3
2021-01-19,Monterey,053,433212,37514,35840,1238,37078,248
2021-01-19,Napa,055,140530,8006,7672,31,7703,38
2021-01-19,Nevada,057,99092,3445,3216,136,3352,18
2021-01-19,Orange,059,3164182,223261,215244,9020,224264,2468
2021-01-19,Placer,061,380077,18622,17348,879,18227,182
2021-01-19,Plumas,063,18699,595,509,10,519,2
2021-01-19,Riverside,065,2383286,258674,246248,12200,258448,2585
2021-01-19,Sacramento,067,1510023,83810,81183,965,82148,1053
2021-01-19,San Benito,069,59416,5157,4988,58,5046,35
2021-01-19,San Bernardino,071,2135413,265931,253651,7684,261335,1777
2021-01-19,San Diego,073,3302833,232003,216833,10721,227554,2109
2021-01-19,San Francisco,075,870044,30283,29502,663,30165,261
2021-01-19,San Joaquin,077,732212,59861,57655,2350,60005,782
2021-01-19,San Luis Obispo,079,281455,16938,15855,436,16291,161
2021-01-19,San Mateo,081,765935,34812,32730,280,33010,208
2021-01-19,Santa Barbara,083,443738,27001,24991,791,25782,236
2021-01-19,Santa Clara,085,1922200,97511,94483,441,94924,1010
2021-01-19,Santa Cruz,087,273765,13638,12410,628,13038,106
2021-01-19,Shasta,089,179085,9984,9614,1005,10619,93
2021-01-19,Sierra,091,2930,47,40,10,50,0
2021-01-19,Siskiyou,093,43540,1262,1149,183,1332,4
2021-01-19,Solano,095,438530,26478,25520,290,25810,106
2021-01-19,Sonoma,097,501317,24912,24133,123,24256,223
2021-01-19,Stanislaus,099,539301,44670,42723,4468,47191,561
2021-01-19,Sutter,101,95872,7926,7709,69,7778,80
2021-01-19,Tehama,103,63373,4064,3876,442,4318,19
2021-01-19,Trinity,105,12862,437,260,66,326,3
2021-01-19,Tulare,107,460477,43627,41559,5994,47553,549
2021-01-19,Tuolumne,109,53932,3350,3328,31,3359,29
2021-01-19,Ventura,111,848112,65494,62656,2314,64970,383
2021-01-19,Yolo,113,214977,11498,10789,131,10920,134
2021-01-19,Yuba,115,75493,4912,4695,64,4759,29
2021-01-18,Alameda,001,1643700,70304,67938,1472,69410,680
2021-01-18,Alpine,003,1148,73,71,0,71,0
2021-01-18,Amador,005,37829,3056,3016,24,3040,28
2021-01-18,Butte,007,227075,10097,9474,1367,10841,129
2021-01-18,Calaveras,009,45235,1634,1617,7,1624,21
2021-01-18,Colusa,011,21464,1662,1608,178,1786,7
2021-01-18,Contra Costa,013,1133247,54632,52323,895,53218,448
2021-01-18,Del Norte,015,27424,877,840,3,843,2
2021-01-18,El Dorado,017,186661,8190,7707,543,8250,47
2021-01-18,Fresno,019,978130,87096,82485,6512,88997,857
2021-01-18,Glenn,021,27897,2024,1935,405,2340,13
2021-01-18,Humboldt,023,135768,2529,2343,13,2356,22
2021-01-18,Imperial,025,180216,25904,25317,2214,27531,452
2021-01-18,Inyo,027,18085,996,872,9,881,26
2021-01-18,Kern,029,883053,83735,79930,7552,87482,740
2021-01-18,Kings,031,150075,20071,19267,781,20048,141
2021-01-18,Lake,033,64148,2724,2591,0,2591,30
2021-01-18,Lassen,035,31185,4825,4749,78,4827,1
2021-01-18,Los Angeles,037,10098052,1055601,1002614,33599,1036213,13828
2021-01-18,Madera,039,155013,14029,13443,666,14109,85
2021-01-18,Marin,041,260295,11874,11607,117,11724,165
2021-01-18,Mariposa,043,17540,337,320,2,322,3
2021-01-18,Mendocino,045,87422,3101,2919,57,2976,31
2021-01-18,Merced,047,269075,24573,23927,644,24571,242
2021-01-18,Modoc,049,8938,298,281,88,369,0
2021-01-18,Mono,051,14174,1100,1101,14,1115,3
2021-01-18,Monterey,053,433212,37072,35549,1224,36773,247
2021-01-18,Napa,055,140530,7932,7601,31,7632,38
2021-01-18,Nevada,057,99092,3407,3199,135,3334,17
2021-01-18,Orange,059,3164182,221363,213866,8964,222830,2405
2021-01-18,Placer,061,380077,18506,17263,870,18133,182
2021-01-18,Plumas,063,18699,592,506,10,516,2
2021-01-18,Riverside,065,2383286,256362,244151,12107,256258,2568
2021-01-18,Sacramento,067,1510023,83140,80546,949,81495,1046
2021-01-18,San Benito,069,59416,5109,4963,56,5019,35
2021-01-18,San Bernardino,071,2135413,264173,252808,7627,260435,1775
2021-01-18,San Diego,073,3302833,229355,214335,10592,224927,2103
2021-01-18,San Francisco,075,870044,30077,29321,639,29960,259
2021-01-18,San Joaquin,077,732212,59343,57405,2328,59733,782
2021-01-18,San Luis Obispo,079,281455,16751,15742,426,16168,158
2021-01-18,San Mateo,081,765935,34499,32515,261,32776,208
2021-01-18,Santa Barbara,083,443738,26622,24638,777,25415,235
2021-01-18,Santa Clara,085,1922200,96627,93688,437,94125,992
2021-01-18,Santa Cruz,087,273765,13505,12298,615,12913,106
2021-01-18,Shasta,089,179085,9945,9600,995,10595,92
2021-01-18,Sierra,091,2930,46,40,10,50,0
2021-01-18,Siskiyou,093,43540,1250,1144,182,1326,4
2021-01-18,Solano,095,438530,26201,25344,286,25630,105
2021-01-18,Sonoma,097,501317,24644,24068,122,24190,223
2021-01-18,Stanislaus,099,539301,44313,42413,4412,46825,562
2021-01-18,Sutter,101,95872,7869,7680,67,7747,78
2021-01-18,Tehama,103,63373,4020,3854,435,4289,19
2021-01-18,Trinity,105,12862,437,260,66,326,3
2021-01-18,Tulare,107,460477,43338,41196,5885,47081,549
2021-01-18,Tuolumne,109,53932,3324,3318,30,3348,28
2021-01-18,Ventura,111,848112,65064,61859,2291,64150,379
2021-01-18,Yolo,113,214977,11369,10620,128,10748,134
2021-01-18,Yuba,115,75493,4885,4671,62,4733,29
2021-01-17,Alameda,001,1643700,69740,67375,1454,68829,676
2021-01-17,Alpine,003,1148,73,71,0,71,0
2021-01-17,Amador,005,37829,3049,3001,24,3025,28
2021-01-17,Butte,007,227075,10022,9411,1343,10754,129
2021-01-17,Calaveras,009,45235,1621,1608,7,1615,21
2021-01-17,Colusa,011,21464,1648,1588,174,1762,7
2021-01-17,Contra Costa,013,1133247,54140,51932,885,52817,447
2021-01-17,Del Norte,015,27424,877,838,3,841,2
2021-01-17,El Dorado,017,186661,8134,7659,532,8191,47
2021-01-17,Fresno,019,978130,86543,82039,6436,88475,857
2021-01-17,Glenn,021,27897,2013,1924,399,2323,9
2021-01-17,Humboldt,023,135768,2492,2322,11,2333,22
2021-01-17,Imperial,025,180216,25834,25253,2170,27423,451
2021-01-17,Inyo,027,18085,990,864,9,873,26
2021-01-17,Kern,029,883053,83185,79489,7465,86954,738
2021-01-17,Kings,031,150075,19935,19201,767,19968,131
2021-01-17,Lake,033,64148,2708,2572,0,2572,30
2021-01-17,Lassen,035,31185,4817,4740,77,4817,1
2021-01-17,Los Angeles,037,10098052,1048949,993028,33203,1026231,13741
2021-01-17,Madera,039,155013,13937,13328,661,13989,85
2021-01-17,Marin,041,260295,11821,11552,115,11667,164
2021-01-17,Mariposa,043,17540,337,319,2,321,3
2021-01-17,Mendocino,045,87422,3073,2912,56,2968,31
2021-01-17,Merced,047,269075,24360,23800,626,24426,242
2021-01-17,Modoc,049,8938,297,279,88,367,0
2021-01-17,Mono,051,14174,1093,1091,13,1104,3
2021-01-17,Monterey,053,433212,36828,35340,1198,36538,244
2021-01-17,Napa,055,140530,7876,7521,31,7552,38
2021-01-17,Nevada,057,99092,3382,3176,133,3309,17
2021-01-17,Orange,059,3164182,219363,212389,8889,221278,2359
2021-01-17,Placer,061,380077,18400,17194,855,18049,181
2021-01-17,Plumas,063,18699,590,505,9,514,2
2021-01-17,Riverside,065,2383286,254253,242206,11990,254196,2534
2021-01-17,Sacramento,067,1510023,82538,80154,937,81091,1045
2021-01-17,San Benito,069,59416,5071,4941,56,4997,35
2021-01-17,San Bernardino,071,2135413,262055,251487,7542,259029,1775
2021-01-17,San Diego,073,3302833,227161,211785,10485,222270,2103
2021-01-17,San Francisco,075,870044,29891,29139,601,29740,255
2021-01-17,San Joaquin,077,732212,58986,57094,2313,59407,780
2021-01-17,San Luis Obispo,079,281455,16629,15658,417,16075,157
2021-01-17,San Mateo,081,765935,34247,32186,238,32424,208
2021-01-17,Santa Barbara,083,443738,26162,24401,764,25165,235
2021-01-17,Santa Clara,085,1922200,95878,92752,434,93186,976
2021-01-17,Santa Cruz,087,273765,13393,12196,612,12808,106
2021-01-17,Shasta,089,179085,9887,9588,987,10575,92
2021-01-17,Sierra,091,2930,46,38,9,47,0
2021-01-17,Siskiyou,093,43540,1243,1136,179,1315,4
2021-01-17,Solano,095,438530,25972,25216,284,25500,105
2021-01-17,Sonoma,097,501317,24470,23871,122,23993,223
2021-01-17,Stanislaus,099,539301,43993,42221,4348,46569,562
2021-01-17,Sutter,101,95872,7806,7604,66,7670,77
2021-01-17,Tehama,103,63373,3989,3837,431,4268,18
2021-01-17,Trinity,105,12862,437,261,66,327,3
2021-01-17,Tulare,107,460477,43047,41016,5769,46785,549
2021-01-17,Tuolumne,109,53932,3307,3287,30,3317,27
2021-01-17,Ventura,111,848112,64216,61257,2243,63500,376
2021-01-17,Yolo,113,214977,11270,10519,126,10645,134
2021-01-17,Yuba,115,75493,4835,4640,59,4699,28
2021-01-16,Alameda,001,1643700,69418,66583,1441,68024,673
2021-01-16,Alpine,003,1148,73,71,0,71,0
2021-01-16,Amador,005,37829,3046,2986,24,3010,28
2021-01-16,Butte,007,227075,9990,9359,1323,10682,129
2021-01-16,Calaveras,009,45235,1608,1596,7,1603,21
2021-01-16,Colusa,011,21464,1636,1578,174,1752,7
2021-01-16,Contra Costa,013,1133247,53875,51363,878,52241,443
2021-01-16,Del Norte,015,27424,872,833,3,836,2
2021-01-16,El Dorado,017,186661,8112,7575,531,8106,47
2021-01-16,Fresno,019,978130,86269,81294,6382,87676,846
2021-01-16,Glenn,021,27897,2009,1894,396,2290,9
2021-01-16,Humboldt,023,135768,2472,2294,9,2303,22
2021-01-16,Imperial,025,180216,25799,25140,2163,27303,451
2021-01-16,Inyo,027,18085,986,845,9,854,25
2021-01-16,Kern,029,883053,82818,78865,7411,86276,733
2021-01-16,Kings,031,150075,19879,19072,764,19836,131
2021-01-16,Lake,033,64148,2697,2504,0,2504,30
2021-01-16,Lassen,035,31185,4805,4719,77,4796,1
2021-01-16,Los Angeles,037,10098052,1044865,982684,32965,1015649,13654
2021-01-16,Madera,039,155013,13870,13193,656,13849,85
2021-01-16,Marin,041,260295,11778,11482,115,11597,164
2021-01-16,Mariposa,043,17540,336,317,2,319,3
2021-01-16,Mendocino,045,87422,3059,2890,53,2943,31
2021-01-16,Merced,047,269075,24272,23478,612,24090,242
2021-01-16,Modoc,049,8938,297,278,88,366,0
2021-01-16,Mono,051,14174,1091,1079,13,1092,3
2021-01-16,Monterey,053,433212,36717,34972,1180,36152,243
2021-01-16,Napa,055,140530,7837,7356,31,7387,39
2021-01-16,Nevada,057,99092,3349,3144,133,3277,17
2021-01-16,Orange,059,3164182,218328,210111,8832,218943,2312
2021-01-16,Placer,061,380077,18336,16995,853,17848,177
2021-01-16,Plumas,063,18699,588,502,9,511,2
2021-01-16,Riverside,065,2383286,252896,239412,11874,251286,2506
2021-01-16,Sacramento,067,1510023,82164,79122,920,80042,1033
2021-01-16,San Benito,069,59416,5038,4875,56,4931,35
2021-01-16,San Bernardino,071,2135413,261259,249401,7475,256876,1755
2021-01-16,San Diego,073,3302833,225863,209895,10388,220283,2065
2021-01-16,San Francisco,075,870044,29763,28853,570,29423,244
2021-01-16,San Joaquin,077,732212,58738,56642,2281,58923,776
2021-01-16,San Luis Obispo,079,281455,16528,15466,415,15881,152
2021-01-16,San Mateo,081,765935,34083,31805,232,32037,208
2021-01-16,Santa Barbara,083,443738,25962,24088,760,24848,229
2021-01-16,Santa Clara,085,1922200,95410,91584,427,92011,954
2021-01-16,Santa Cruz,087,273765,13334,12026,610,12636,106
2021-01-16,Shasta,089,179085,9854,9547,983,10530,92
2021-01-16,Sierra,091,2930,45,38,9,47,0
2021-01-16,Siskiyou,093,43540,1238,1124,179,1303,4
2021-01-16,Solano,095,438530,25863,24732,280,25012,103
2021-01-16,Sonoma,097,501317,24379,23607,121,23728,223
2021-01-16,Stanislaus,099,539301,43805,41809,4297,46106,562
2021-01-16,Sutter,101,95872,7774,7560,66,7626,76
2021-01-16,Tehama,103,63373,3975,3783,431,4214,18
2021-01-16,Trinity,105,12862,437,261,66,327,3
2021-01-16,Tulare,107,460477,42868,40655,5696,46351,542
2021-01-16,Tuolumne,109,53932,3299,3269,30,3299,27
2021-01-16,Ventura,111,848112,63664,60368,2213,62581,369
2021-01-16,Yolo,113,214977,11221,10406,125,10531,134
2021-01-16,Yuba,115,75493,4804,4602,59,4661,27
2021-01-15,Alameda,001,1643700,68994,65416,1430,66846,672
2021-01-15,Alpine,003,1148,73,71,0,71,0
2021-01-15,Amador,005,37829,3039,2953,24,2977,28
2021-01-15,Butte,007,227075,9949,9233,1308,10541,129
2021-01-15,Calaveras,009,45235,1601,1538,7,1545,21
2021-01-15,Colusa,011,21464,1625,1541,169,1710,7
2021-01-15,Contra Costa,013,1133247,53545,50408,871,51279,428
2021-01-15,Del Norte,015,27424,868,828,2,830,2
2021-01-15,El Dorado,017,186661,8063,7439,522,7961,47
2021-01-15,Fresno,019,978130,85732,79950,6346,86296,832
2021-01-15,Glenn,021,27897,2005,1824,393,2217,9
2021-01-15,Humboldt,023,135768,2445,2218,8,2226,22
2021-01-15,Imperial,025,180216,25765,24944,2157,27101,446
2021-01-15,Inyo,027,18085,968,814,9,823,25
2021-01-15,Kern,029,883053,82403,77873,7346,85219,719
2021-01-15,Kings,031,150075,19770,18661,758,19419,131
2021-01-15,Lake,033,64148,2671,2434,0,2434,28
2021-01-15,Lassen,035,31185,4794,4693,75,4768,1
2021-01-15,Los Angeles,037,10098052,1037817,968979,32680,1001659,13404
2021-01-15,Madera,039,155013,13785,12883,653,13536,85
2021-01-15,Marin,041,260295,11727,11310,115,11425,160
2021-01-15,Mariposa,043,17540,334,307,2,309,3
2021-01-15,Mendocino,045,87422,3048,2835,53,2888,31
2021-01-15,Merced,047,269075,24159,23060,608,23668,239
2021-01-15,Modoc,049,8938,297,278,86,364,0
2021-01-15,Mono,051,14174,1088,1057,13,1070,3
2021-01-15,Monterey,053,433212,36500,34460,1121,35581,243
2021-01-15,Napa,055,140530,7775,7231,31,7262,38
2021-01-15,Nevada,057,99092,3336,3099,130,3229,17
2021-01-15,Orange,059,3164182,216976,207129,8780,215909,2254
2021-01-15,Placer,061,380077,18232,16712,844,17556,173
2021-01-15,Plumas,063,18699,585,499,9,508,2
2021-01-15,Riverside,065,2383286,251031,235235,11793,247028,2458
2021-01-15,Sacramento,067,1510023,81742,80279,912,81191,1023
2021-01-15,San Benito,069,59416,4999,4766,54,4820,35
2021-01-15,San Bernardino,071,2135413,260094,246182,7414,253596,1726
2021-01-15,San Diego,073,3302833,224114,206868,10323,217191,2037
2021-01-15,San Francisco,075,870044,29588,28574,550,29124,242
2021-01-15,San Joaquin,077,732212,58505,55885,2267,58152,748
2021-01-15,San Luis Obispo,079,281455,16395,15129,410,15539,148
2021-01-15,San Mateo,081,765935,33838,31291,228,31519,208
2021-01-15,Santa Barbara,083,443738,25679,23487,756,24243,226
2021-01-15,Santa Clara,085,1922200,94759,90103,422,90525,942
2021-01-15,Santa Cruz,087,273765,13225,11776,596,12372,105
2021-01-15,Shasta,089,179085,9815,9459,976,10435,91
2021-01-15,Sierra,091,2930,44,36,7,43,0
2021-01-15,Siskiyou,093,43540,1234,1119,179,1298,4
2021-01-15,Solano,095,438530,25713,24222,278,24500,103
2021-01-15,Sonoma,097,501317,24248,23204,120,23324,222
2021-01-15,Stanislaus,099,539301,43555,41178,4255,45433,562
2021-01-15,Sutter,101,95872,7727,7484,65,7549,75
2021-01-15,Tehama,103,63373,3953,3714,430,4144,17
2021-01-15,Trinity,105,12862,437,262,66,328,3
2021-01-15,Tulare,107,460477,42624,39951,5611,45562,535
2021-01-15,Tuolumne,109,53932,3283,3231,30,3261,27
2021-01-15,Ventura,111,848112,62920,59061,2180,61241,353
2021-01-15,Yolo,113,214977,11165,10240,124,10364,134
2021-01-15,Yuba,115,75493,4784,4549,59,4608,27
2021-01-14,Alameda,001,1643700,68365,64364,1414,65778,686
2021-01-14,Alpine,003,1148,73,71,0,71,0
2021-01-14,Amador,005,37829,3033,2940,24,2964,28
2021-01-14,Butte,007,227075,9862,9127,1286,10413,129
2021-01-14,Calaveras,009,45235,1584,1513,7,1520,21
2021-01-14,Colusa,011,21464,1610,1535,162,1697,7
2021-01-14,Contra Costa,013,1133247,52989,49545,857,50402,415
2021-01-14,Del Norte,015,27424,862,821,2,823,2
2021-01-14,El Dorado,017,186661,7989,7321,514,7835,45
2021-01-14,Fresno,019,978130,85099,79033,6266,85299,814
2021-01-14,Glenn,021,27897,1993,1798,388,2186,9
2021-01-14,Humboldt,023,135768,2402,2169,8,2177,22
2021-01-14,Imperial,025,180216,25656,24882,2122,27004,447
2021-01-14,Inyo,027,18085,961,790,9,799,25
2021-01-14,Kern,029,883053,81732,77070,7244,84314,705
2021-01-14,Kings,031,150075,19640,18405,754,19159,108
2021-01-14,Lake,033,64148,2628,2378,0,2378,27
2021-01-14,Lassen,035,31185,4784,4673,73,4746,1
2021-01-14,Los Angeles,037,10098052,1027798,954652,32305,986957,13147
2021-01-14,Madera,039,155013,13671,12742,642,13384,85
2021-01-14,Marin,041,260295,11653,11155,114,11269,159
2021-01-14,Mariposa,043,17540,331,302,2,304,3
2021-01-14,Mendocino,045,87422,3034,2801,51,2852,31
2021-01-14,Merced,047,269075,23932,22780,598,23378,239
2021-01-14,Modoc,049,8938,297,273,86,359,0
2021-01-14,Mono,051,14174,1080,1020,13,1033,3
2021-01-14,Monterey,053,433212,36079,34105,1099,35204,242
2021-01-14,Napa,055,140530,7690,7117,31,7148,38
2021-01-14,Nevada,057,99092,3309,3075,128,3203,17
2021-01-14,Orange,059,3164182,215044,204442,8694,213136,2162
2021-01-14,Placer,061,380077,18070,16488,837,17325,169
2021-01-14,Plumas,063,18699,577,496,9,505,2
2021-01-14,Riverside,065,2383286,248386,231684,11691,243375,2357
2021-01-14,Sacramento,067,1510023,81104,79137,888,80025,1007
2021-01-14,San Benito,069,59416,4963,4678,53,4731,35
2021-01-14,San Bernardino,071,2135413,258123,243379,7343,250722,1750
2021-01-14,San Diego,073,3302833,221720,204173,10203,214376,2005
2021-01-14,San Francisco,075,870044,29343,28200,502,28702,238
2021-01-14,San Joaquin,077,732212,57988,55058,2253,57311,739
2021-01-14,San Luis Obispo,079,281455,16233,14851,401,15252,146
2021-01-14,San Mateo,081,765935,33469,30694,219,30913,208
2021-01-14,Santa Barbara,083,443738,25258,23126,738,23864,219
2021-01-14,Santa Clara,085,1922200,93831,88505,415,88920,910
2021-01-14,Santa Cruz,087,273765,13078,11583,580,12163,109
2021-01-14,Shasta,089,179085,9766,9334,960,10294,90
2021-01-14,Sierra,091,2930,44,35,6,41,0
2021-01-14,Siskiyou,093,43540,1222,1108,176,1284,3
2021-01-14,Solano,095,438530,25454,23782,274,24056,103
2021-01-14,Sonoma,097,501317,24008,22910,120,23030,202
2021-01-14,Stanislaus,099,539301,43228,40597,4214,44811,574
2021-01-14,Sutter,101,95872,7668,7416,62,7478,74
2021-01-14,Tehama,103,63373,3925,3664,426,4090,17
2021-01-14,Trinity,105,12862,437,261,65,326,3
2021-01-14,Tulare,107,460477,42240,39565,5501,45066,533
2021-01-14,Tuolumne,109,53932,3262,3215,30,3245,28
2021-01-14,Ventura,111,848112,62048,57941,2143,60084,347
2021-01-14,Yolo,113,214977,11057,10097,118,10215,135
2021-01-14,Yuba,115,75493,4751,4496,59,4555,27
2021-01-13,Alameda,001,1643700,67611,63568,1398,64966,690
2021-01-13,Alpine,003,1148,73,71,0,71,0
2021-01-13,Amador,005,37829,3019,2914,24,2938,26
2021-01-13,Butte,007,227075,9780,9013,1271,10284,126
2021-01-13,Calaveras,009,45235,1562,1493,7,1500,21
2021-01-13,Colusa,011,21464,1598,1524,154,1678,7
2021-01-13,Contra Costa,013,1133247,52411,48877,845,49722,403
2021-01-13,Del Norte,015,27424,858,820,2,822,2
2021-01-13,El Dorado,017,186661,7896,7247,506,7753,43
2021-01-13,Fresno,019,978130,84380,78278,6224,84502,804
2021-01-13,Glenn,021,27897,1977,1792,379,2171,9
2021-01-13,Humboldt,023,135768,2369,2114,8,2122,22
2021-01-13,Imperial,025,180216,25532,24717,2089,26806,463
2021-01-13,Inyo,027,18085,949,785,9,794,25
2021-01-13,Kern,029,883053,81072,76049,7154,83203,704
2021-01-13,Kings,031,150075,19473,18121,732,18853,108
2021-01-13,Lake,033,64148,2585,2305,0,2305,27
2021-01-13,Lassen,035,31185,4777,4663,72,4735,1
2021-01-13,Los Angeles,037,10098052,1017008,937985,31899,969884,12873
2021-01-13,Madera,039,155013,13545,12570,637,13207,85
2021-01-13,Marin,041,260295,11597,11039,114,11153,161
2021-01-13,Mariposa,043,17540,329,304,2,306,3
2021-01-13,Mendocino,045,87422,3014,2790,51,2841,31
2021-01-13,Merced,047,269075,23693,22497,584,23081,241
2021-01-13,Modoc,049,8938,296,274,83,357,0
2021-01-13,Mono,051,14174,1076,1017,13,1030,3
2021-01-13,Monterey,053,433212,35655,33748,1075,34823,241
2021-01-13,Napa,055,140530,7576,7028,31,7059,36
2021-01-13,Nevada,057,99092,3285,3037,125,3162,17
2021-01-13,Orange,059,3164182,212955,201158,8624,209782,2172
2021-01-13,Placer,061,380077,17944,16272,823,17095,172
2021-01-13,Plumas,063,18699,575,490,9,499,2
2021-01-13,Riverside,065,2383286,245239,228192,11578,239770,2278
2021-01-13,Sacramento,067,1510023,80443,78268,881,79149,996
2021-01-13,San Benito,069,59416,4907,4583,52,4635,35
2021-01-13,San Bernardino,071,2135413,255747,240191,7270,247461,1759
2021-01-13,San Diego,073,3302833,219106,201578,10100,211678,1952
2021-01-13,San Francisco,075,870044,29104,27863,480,28343,238
2021-01-13,San Joaquin,077,732212,57366,54373,2224,56597,738
2021-01-13,San Luis Obispo,079,281455,16078,14625,390,15015,140
2021-01-13,San Mateo,081,765935,33129,30195,217,30412,207
2021-01-13,Santa Barbara,083,443738,24816,22714,722,23436,216
2021-01-13,Santa Clara,085,1922200,92852,87187,412,87599,911
2021-01-13,Santa Cruz,087,273765,12905,11423,566,11989,110
2021-01-13,Shasta,089,179085,9702,9180,946,10126,93
2021-01-13,Sierra,091,2930,44,33,6,39,0
2021-01-13,Siskiyou,093,43540,1216,1102,172,1274,3
2021-01-13,Solano,095,438530,25169,23503,271,23774,105
2021-01-13,Sonoma,097,501317,23758,22610,119,22729,206
2021-01-13,Stanislaus,099,539301,42836,40167,4161,44328,574
2021-01-13,Sutter,101,95872,7622,7350,61,7411,73
2021-01-13,Tehama,103,63373,3875,3589,421,4010,17
2021-01-13,Trinity,105,12862,437,260,65,325,3
2021-01-13,Tulare,107,460477,41835,39129,5399,44528,522
2021-01-13,Tuolumne,109,53932,3248,3196,30,3226,28
2021-01-13,Ventura,111,848112,61036,56453,2103,58556,338
2021-01-13,Yolo,113,214977,10957,9933,114,10047,135
2021-01-13,Yuba,115,75493,4708,4448,56,4504,27
2021-01-12,Alameda,001,1643700,66779,62642,1380,64022,677
2021-01-12,Alpine,003,1148,73,71,0,71,0
2021-01-12,Amador,005,37829,3002,2897,24,2921,26
2021-01-12,Butte,007,227075,9692,8883,1255,10138,124
2021-01-12,Calaveras,009,45235,1526,1475,7,1482,21
2021-01-12,Colusa,011,21464,1586,1510,150,1660,7
2021-01-12,Contra Costa,013,1133247,51770,48242,831,49073,399
2021-01-12,Del Norte,015,27424,853,816,2,818,2
2021-01-12,El Dorado,017,186661,7813,7156,495,7651,41
2021-01-12,Fresno,019,978130,83508,77651,6155,83806,796
2021-01-12,Glenn,021,27897,1952,1781,375,2156,9
2021-01-12,Humboldt,023,135768,2315,2077,7,2084,22
2021-01-12,Imperial,025,180216,25442,24566,2048,26614,457
2021-01-12,Inyo,027,18085,931,773,9,782,25
2021-01-12,Kern,029,883053,80366,75320,7058,82378,689
2021-01-12,Kings,031,150075,19261,18072,722,18794,108
2021-01-12,Lake,033,64148,2537,2260,0,2260,27
2021-01-12,Lassen,035,31185,4755,4659,70,4729,1
2021-01-12,Los Angeles,037,10098052,1005348,926295,31493,957788,12610
2021-01-12,Madera,039,155013,13405,12485,628,13113,85
2021-01-12,Marin,041,260295,11488,10960,114,11074,157
2021-01-12,Mariposa,043,17540,326,302,2,304,3
2021-01-12,Mendocino,045,87422,2994,2762,47,2809,31
2021-01-12,Merced,047,269075,23442,22172,562,22734,239
2021-01-12,Modoc,049,8938,294,274,83,357,0
2021-01-12,Mono,051,14174,1066,1008,13,1021,3
2021-01-12,Monterey,053,433212,35164,33381,1058,34439,240
2021-01-12,Napa,055,140530,7493,6936,31,6967,36
2021-01-12,Nevada,057,99092,3257,3014,123,3137,17
2021-01-12,Orange,059,3164182,210667,198260,8537,206797,2142
2021-01-12,Placer,061,380077,17774,16087,817,16904,163
2021-01-12,Plumas,063,18699,569,483,9,492,2
2021-01-12,Riverside,065,2383286,242107,225580,11438,237018,2266
2021-01-12,Sacramento,067,1510023,79715,77201,873,78074,985
2021-01-12,San Benito,069,59416,4838,4515,52,4567,35
2021-01-12,San Bernardino,071,2135413,253179,237008,7200,244208,1739
2021-01-12,San Diego,073,3302833,216192,198317,9983,208300,1898
2021-01-12,San Francisco,075,870044,28829,27531,447,27978,238
2021-01-12,San Joaquin,077,732212,56725,53630,2196,55826,725
2021-01-12,San Luis Obispo,079,281455,15832,14367,382,14749,132
2021-01-12,San Mateo,081,765935,32738,29747,205,29952,206
2021-01-12,Santa Barbara,083,443738,24394,22182,702,22884,209
2021-01-12,Santa Clara,085,1922200,91775,86075,404,86479,904
2021-01-12,Santa Cruz,087,273765,12690,11267,550,11817,110
2021-01-12,Shasta,089,179085,9629,9086,933,10019,84
2021-01-12,Sierra,091,2930,43,33,6,39,0
2021-01-12,Siskiyou,093,43540,1206,1091,165,1256,3
2021-01-12,Solano,095,438530,24866,23160,267,23427,102
2021-01-12,Sonoma,097,501317,23453,22403,119,22522,205
2021-01-12,Stanislaus,099,539301,42398,39615,4125,43740,571
2021-01-12,Sutter,101,95872,7559,7276,60,7336,73
2021-01-12,Tehama,103,63373,3837,3567,416,3983,17
2021-01-12,Trinity,105,12862,437,258,65,323,3
2021-01-12,Tulare,107,460477,41378,38797,5282,44079,509
2021-01-12,Tuolumne,109,53932,3215,3178,30,3208,28
2021-01-12,Ventura,111,848112,60064,55342,2070,57412,324
2021-01-12,Yolo,113,214977,10821,9857,104,9961,133
2021-01-12,Yuba,115,75493,4666,4389,56,4445,27
2021-01-11,Alameda,001,1643700,65915,61949,1362,63311,652
2021-01-11,Alpine,003,1148,73,70,0,70,0
2021-01-11,Amador,005,37829,2988,2867,24,2891,24
2021-01-11,Butte,007,227075,9579,8757,1237,9994,119
2021-01-11,Calaveras,009,45235,1507,1460,7,1467,21
2021-01-11,Colusa,011,21464,1569,1494,145,1639,7
2021-01-11,Contra Costa,013,1133247,51093,47728,821,48549,398
2021-01-11,Del Norte,015,27424,849,810,2,812,2
2021-01-11,El Dorado,017,186661,7719,6987,487,7474,36
2021-01-11,Fresno,019,978130,82628,76581,6078,82659,775
2021-01-11,Glenn,021,27897,1925,1763,369,2132,9
2021-01-11,Humboldt,023,135768,2276,2069,7,2076,22
2021-01-11,Imperial,025,180216,25327,24418,2012,26430,453
2021-01-11,Inyo,027,18085,913,763,9,772,25
2021-01-11,Kern,029,883053,79505,74489,6959,81448,682
2021-01-11,Kings,031,150075,18998,17909,714,18623,108
2021-01-11,Lake,033,64148,2485,2205,0,2205,26
2021-01-11,Lassen,035,31185,4732,4647,69,4716,1
2021-01-11,Los Angeles,037,10098052,992121,914434,31028,945462,12304
2021-01-11,Madera,039,155013,13271,12366,617,12983,85
2021-01-11,Marin,041,260295,11391,10814,111,10925,156
2021-01-11,Mariposa,043,17540,319,296,2,298,3
2021-01-11,Mendocino,045,87422,2966,2728,47,2775,31
2021-01-11,Merced,047,269075,23119,21884,547,22431,238
2021-01-11,Modoc,049,8938,293,271,82,353,0
2021-01-11,Mono,051,14174,1060,1006,13,1019,3
2021-01-11,Monterey,053,433212,34625,32858,995,33853,239
2021-01-11,Napa,055,140530,7391,6822,31,6853,36
2021-01-11,Nevada,057,99092,3229,2980,123,3103,17
2021-01-11,Orange,059,3164182,208080,196340,8436,204776,2113
2021-01-11,Placer,061,380077,17594,15919,807,16726,163
2021-01-11,Plumas,063,18699,565,477,9,486,2
2021-01-11,Riverside,065,2383286,238595,222907,11292,234199,2222
2021-01-11,Sacramento,067,1510023,78783,76009,857,76866,974
2021-01-11,San Benito,069,59416,4765,4482,45,4527,34
2021-01-11,San Bernardino,071,2135413,250381,235543,7099,242642,1739
2021-01-11,San Diego,073,3302833,212923,194793,9823,204616,1857
2021-01-11,San Francisco,075,870044,28553,27264,426,27690,238
2021-01-11,San Joaquin,077,732212,56112,53002,2166,55168,725
2021-01-11,San Luis Obispo,079,281455,15461,14213,374,14587,126
2021-01-11,San Mateo,081,765935,32294,29355,193,29548,206
2021-01-11,Santa Barbara,083,443738,23944,21740,690,22430,200
2021-01-11,Santa Clara,085,1922200,90567,84851,395,85246,877
2021-01-11,Santa Cruz,087,273765,12510,11093,526,11619,106
2021-01-11,Shasta,089,179085,9531,8977,920,9897,81
2021-01-11,Sierra,091,2930,41,33,6,39,0
2021-01-11,Siskiyou,093,43540,1197,1087,163,1250,3
2021-01-11,Solano,095,438530,24546,22893,261,23154,101
2021-01-11,Sonoma,097,501317,23207,22191,119,22310,205
2021-01-11,Stanislaus,099,539301,41906,39149,4075,43224,571
2021-01-11,Sutter,101,95872,7500,7204,59,7263,71
2021-01-11,Tehama,103,63373,3774,3524,394,3918,17
2021-01-11,Trinity,105,12862,437,256,65,321,2
2021-01-11,Tulare,107,460477,40963,38380,5203,43583,497
2021-01-11,Tuolumne,109,53932,3204,3165,30,3195,27
2021-01-11,Ventura,111,848112,58928,54202,2047,56249,320
2021-01-11,Yolo,113,214977,10613,9699,102,9801,129
2021-01-11,Yuba,115,75493,4628,4349,49,4398,27
2021-01-10,Alameda,001,1643700,64923,61111,1334,62445,650
2021-01-10,Alpine,003,1148,73,70,0,70,0
2021-01-10,Amador,005,37829,2964,2861,24,2885,24
2021-01-10,Butte,007,227075,9458,8665,1211,9876,119
2021-01-10,Calaveras,009,45235,1483,1449,7,1456,21
2021-01-10,Colusa,011,21464,1546,1478,143,1621,7
2021-01-10,Contra Costa,013,1133247,50310,47109,803,47912,398
2021-01-10,Del Norte,015,27424,846,809,2,811,2
2021-01-10,El Dorado,017,186661,7632,6904,468,7372,36
2021-01-10,Fresno,019,978130,81817,75621,5955,81576,775
2021-01-10,Glenn,021,27897,1906,1746,361,2107,9
2021-01-10,Humboldt,023,135768,2215,2049,7,2056,22
2021-01-10,Imperial,025,180216,25167,24233,1961,26194,453
2021-01-10,Inyo,027,18085,885,748,9,757,25
2021-01-10,Kern,029,883053,78673,73712,6826,80538,679
2021-01-10,Kings,031,150075,18779,17812,707,18519,108
2021-01-10,Lake,033,64148,2431,2174,0,2174,26
2021-01-10,Lassen,035,31185,4710,4642,69,4711,1
2021-01-10,Los Angeles,037,10098052,977514,901783,30403,932186,12170
2021-01-10,Madera,039,155013,13082,12179,602,12781,85
2021-01-10,Marin,041,260295,11270,10737,110,10847,155
2021-01-10,Mariposa,043,17540,319,291,2,293,3
2021-01-10,Mendocino,045,87422,2935,2706,43,2749,31
2021-01-10,Merced,047,269075,22845,21691,535,22226,238
2021-01-10,Modoc,049,8938,293,271,80,351,0
2021-01-10,Mono,051,14174,1042,965,13,978,3
2021-01-10,Monterey,053,433212,34185,32571,962,33533,237
2021-01-10,Napa,055,140530,7287,6687,29,6716,36
2021-01-10,Nevada,057,99092,3210,2959,119,3078,17
2021-01-10,Orange,059,3164182,205312,193766,8312,202078,2104
2021-01-10,Placer,061,380077,17405,15779,787,16566,163
2021-01-10,Plumas,063,18699,555,477,9,486,2
2021-01-10,Riverside,065,2383286,235227,219486,11102,230588,2216
2021-01-10,Sacramento,067,1510023,77821,75394,829,76223,965
2021-01-10,San Benito,069,59416,4663,4434,44,4478,34
2021-01-10,San Bernardino,071,2135413,246862,232171,6995,239166,1736
2021-01-10,San Diego,073,3302833,209256,191886,9656,201542,1857
2021-01-10,San Francisco,075,870044,28168,27054,395,27449,238
2021-01-10,San Joaquin,077,732212,55253,52535,2133,54668,725
2021-01-10,San Luis Obispo,079,281455,15132,13968,362,14330,122
2021-01-10,San Mateo,081,765935,31804,28972,179,29151,206
2021-01-10,Santa Barbara,083,443738,23385,21290,675,21965,200
2021-01-10,Santa Clara,085,1922200,89391,83779,386,84165,858
2021-01-10,Santa Cruz,087,273765,12297,10951,507,11458,106
2021-01-10,Shasta,089,179085,9419,8936,905,9841,81
2021-01-10,Sierra,091,2930,40,32,6,38,0
2021-01-10,Siskiyou,093,43540,1191,1075,160,1235,3
2021-01-10,Solano,095,438530,24143,22621,258,22879,101
2021-01-10,Sonoma,097,501317,22931,21925,118,22043,204
2021-01-10,Stanislaus,099,539301,41333,38809,3996,42805,571
2021-01-10,Sutter,101,95872,7439,7133,56,7189,71
2021-01-10,Tehama,103,63373,3701,3504,381,3885,17
2021-01-10,Trinity,105,12862,437,253,63,316,2
2021-01-10,Tulare,107,460477,40545,38012,5081,43093,497
2021-01-10,Tuolumne,109,53932,3170,3143,29,3172,27
2021-01-10,Ventura,111,848112,57659,53095,2003,55098,319
2021-01-10,Yolo,113,214977,10460,9610,101,9711,129
2021-01-10,Yuba,115,75493,4575,4300,46,4346,27
2021-01-09,Alameda,001,1643700,64376,60125,1318,61443,649
2021-01-09,Alpine,003,1148,73,70,0,70,0
2021-01-09,Amador,005,37829,2957,2809,24,2833,24
2021-01-09,Butte,007,227075,9379,8552,1187,9739,118
2021-01-09,Calaveras,009,45235,1473,1425,7,1432,21
2021-01-09,Colusa,011,21464,1539,1468,142,1610,7
2021-01-09,Contra Costa,013,1133247,49958,46406,788,47194,393
2021-01-09,Del Norte,015,27424,844,802,2,804,2
2021-01-09,El Dorado,017,186661,7600,6800,465,7265,36
2021-01-09,Fresno,019,978130,81408,74816,5915,80731,773
2021-01-09,Glenn,021,27897,1891,1707,358,2065,9
2021-01-09,Humboldt,023,135768,2197,2026,7,2033,22
2021-01-09,Imperial,025,180216,25099,24028,1947,25975,448
2021-01-09,Inyo,027,18085,875,734,9,743,25
2021-01-09,Kern,029,883053,78204,73015,6749,79764,677
2021-01-09,Kings,031,150075,18684,17679,703,18382,108
2021-01-09,Lake,033,64148,2396,2144,0,2144,26
2021-01-09,Lassen,035,31185,4698,4613,68,4681,1
2021-01-09,Los Angeles,037,10098052,971937,887949,29967,917916,12011
2021-01-09,Madera,039,155013,12991,12063,597,12660,85
2021-01-09,Marin,041,260295,11209,10634,109,10743,154
2021-01-09,Mariposa,043,17540,316,287,2,289,3
2021-01-09,Mendocino,045,87422,2917,2664,43,2707,31
2021-01-09,Merced,047,269075,22703,21357,526,21883,237
2021-01-09,Modoc,049,8938,293,271,79,350,0
2021-01-09,Mono,051,14174,1037,964,13,977,3
2021-01-09,Monterey,053,433212,34034,31948,952,32900,235
2021-01-09,Napa,055,140530,7217,6594,26,6620,36
2021-01-09,Nevada,057,99092,3188,2932,116,3048,17
2021-01-09,Orange,059,3164182,203802,191004,8219,199223,2034
2021-01-09,Placer,061,380077,17298,15609,785,16394,162
2021-01-09,Plumas,063,18699,553,477,9,486,2
2021-01-09,Riverside,065,2383286,233472,216076,10964,227040,2201
2021-01-09,Sacramento,067,1510023,77288,74482,824,75306,953
2021-01-09,San Benito,069,59416,4612,4335,44,4379,34
2021-01-09,San Bernardino,071,2135413,245665,228857,6927,235784,1714
2021-01-09,San Diego,073,3302833,207562,188598,9536,198134,1824
2021-01-09,San Francisco,075,870044,27996,26708,352,27060,235
2021-01-09,San Joaquin,077,732212,54904,51927,2114,54041,724
2021-01-09,San Luis Obispo,079,281455,15008,13647,351,13998,121
2021-01-09,San Mateo,081,765935,31505,28512,172,28684,205
2021-01-09,Santa Barbara,083,443738,23173,20971,670,21641,197
2021-01-09,Santa Clara,085,1922200,88550,82269,374,82643,808
2021-01-09,Santa Cruz,087,273765,12201,10717,501,11218,107
2021-01-09,Shasta,089,179085,9386,8893,901,9794,81
2021-01-09,Sierra,091,2930,38,32,6,38,0
2021-01-09,Siskiyou,093,43540,1187,1062,155,1217,3
2021-01-09,Solano,095,438530,23985,22226,256,22482,101
2021-01-09,Sonoma,097,501317,22809,21393,118,21511,202
2021-01-09,Stanislaus,099,539301,41042,38403,3961,42364,567
2021-01-09,Sutter,101,95872,7403,7072,55,7127,69
2021-01-09,Tehama,103,63373,3669,3451,371,3822,15
2021-01-09,Trinity,105,12862,437,252,63,315,2
2021-01-09,Tulare,107,460477,40291,37684,5015,42699,496
2021-01-09,Tuolumne,109,53932,3162,3117,28,3145,26
2021-01-09,Ventura,111,848112,56830,51988,1977,53965,306
2021-01-09,Yolo,113,214977,10387,9524,98,9622,129
2021-01-09,Yuba,115,75493,4545,4265,46,4311,27
2021-01-08,Alameda,001,1643700,63810,59172,1309,60481,646
2021-01-08,Alpine,003,1148,73,70,0,70,0
2021-01-08,Amador,005,37829,2950,2792,24,2816,24
2021-01-08,Butte,007,227075,9319,8430,1173,9603,115
2021-01-08,Calaveras,009,45235,1459,1385,7,1392,21
2021-01-08,Colusa,011,21464,1526,1448,141,1589,7
2021-01-08,Contra Costa,013,1133247,49430,45667,784,46451,381
2021-01-08,Del Norte,015,27424,842,795,2,797,2
2021-01-08,El Dorado,017,186661,7530,6690,453,7143,36
2021-01-08,Fresno,019,978130,80594,73689,5855,79544,771
2021-01-08,Glenn,021,27897,1876,1680,353,2033,9
2021-01-08,Humboldt,023,135768,2173,1988,7,1995,22
2021-01-08,Imperial,025,180216,25033,23751,1932,25683,446
2021-01-08,Inyo,027,18085,861,682,9,691,24
2021-01-08,Kern,029,883053,77641,71978,6675,78653,674
2021-01-08,Kings,031,150075,18556,17441,698,18139,108
2021-01-08,Lake,033,64148,2371,2098,0,2098,26
2021-01-08,Lassen,035,31185,4690,4598,66,4664,1
2021-01-08,Los Angeles,037,10098052,961136,871188,29540,900728,11796
2021-01-08,Madera,039,155013,12840,11846,588,12434,85
2021-01-08,Marin,041,260295,11115,10531,109,10640,153
2021-01-08,Mariposa,043,17540,315,273,2,275,3
2021-01-08,Mendocino,045,87422,2898,2634,40,2674,31
2021-01-08,Merced,047,269075,22508,20862,521,21383,236
2021-01-08,Modoc,049,8938,293,266,79,345,0
2021-01-08,Mono,051,14174,1027,951,13,964,3
2021-01-08,Monterey,053,433212,33782,31543,941,32484,224
2021-01-08,Napa,055,140530,7147,6544,26,6570,32
2021-01-08,Nevada,057,99092,3166,2888,116,3004,17
2021-01-08,Orange,059,3164182,201808,186608,8132,194740,1991
2021-01-08,Placer,061,380077,17167,15401,778,16179,161
2021-01-08,Plumas,063,18699,547,465,9,474,2
2021-01-08,Riverside,065,2383286,231067,212122,10834,222956,2184
2021-01-08,Sacramento,067,1510023,76715,73245,818,74063,939
2021-01-08,San Benito,069,59416,4575,4225,43,4268,33
2021-01-08,San Bernardino,071,2135413,243792,224267,6857,231124,1703
2021-01-08,San Diego,073,3302833,205024,185060,9442,194502,1771
2021-01-08,San Francisco,075,870044,27746,26378,329,26707,207
2021-01-08,San Joaquin,077,732212,54570,50990,2086,53076,710
2021-01-08,San Luis Obispo,079,281455,14875,13286,339,13625,119
2021-01-08,San Mateo,081,765935,31155,28072,169,28241,204
2021-01-08,Santa Barbara,083,443738,22887,20461,665,21126,189
2021-01-08,Santa Clara,085,1922200,87545,80561,371,80932,789
2021-01-08,Santa Cruz,087,273765,12060,10486,493,10979,106
2021-01-08,Shasta,089,179085,9336,8772,886,9658,81
2021-01-08,Sierra,091,2930,38,31,6,37,0
2021-01-08,Siskiyou,093,43540,1184,1027,154,1181,3
2021-01-08,Solano,095,438530,23814,21832,253,22085,100
2021-01-08,Sonoma,097,501317,22667,21178,118,21296,201
2021-01-08,Stanislaus,099,539301,40743,37858,3926,41784,566
2021-01-08,Sutter,101,95872,7353,6982,55,7037,68
2021-01-08,Tehama,103,63373,3646,3406,367,3773,15
2021-01-08,Trinity,105,12862,437,247,63,310,2
2021-01-08,Tulare,107,460477,40019,36946,4914,41860,491
2021-01-08,Tuolumne,109,53932,3154,3099,28,3127,19
2021-01-08,Ventura,111,848112,55964,50553,1953,52506,294
2021-01-08,Yolo,113,214977,10299,9391,94,9485,129
2021-01-08,Yuba,115,75493,4503,4195,45,4240,26
2021-01-07,Alameda,001,1643700,62953,57921,1282,59203,632
2021-01-07,Alpine,003,1148,71,70,0,70,0
2021-01-07,Amador,005,37829,2937,2740,23,2763,24
2021-01-07,Butte,007,227075,9222,8278,1152,9430,112
2021-01-07,Calaveras,009,45235,1442,1342,6,1348,21
2021-01-07,Colusa,011,21464,1514,1420,134,1554,7
2021-01-07,Contra Costa,013,1133247,48653,44756,768,45524,376
2021-01-07,Del Norte,015,27424,840,791,2,793,2
2021-01-07,El Dorado,017,186661,7429,6545,441,6986,36
2021-01-07,Fresno,019,978130,79638,72557,5755,78312,765
2021-01-07,Glenn,021,27897,1858,1639,343,1982,9
2021-01-07,Humboldt,023,135768,2146,1954,7,1961,22
2021-01-07,Imperial,025,180216,24843,23608,1881,25489,431
2021-01-07,Inyo,027,18085,848,656,9,665,20
2021-01-07,Kern,029,883053,76779,70953,6524,77477,660
2021-01-07,Kings,031,150075,18428,17238,689,17927,108
2021-01-07,Lake,033,64148,2317,2054,0,2054,26
2021-01-07,Lassen,035,31185,4685,4581,64,4645,1
2021-01-07,Los Angeles,037,10098052,946218,853187,29007,882194,11480
2021-01-07,Madera,039,155013,12683,11644,577,12221,76
2021-01-07,Marin,041,260295,11026,10364,107,10471,153
2021-01-07,Mariposa,043,17540,313,264,2,266,3
2021-01-07,Mendocino,045,87422,2843,2585,35,2620,30
2021-01-07,Merced,047,269075,22187,20510,505,21015,234
2021-01-07,Modoc,049,8938,293,265,79,344,0
2021-01-07,Mono,051,14174,1016,905,13,918,3
2021-01-07,Monterey,053,433212,33277,30903,918,31821,222
2021-01-07,Napa,055,140530,7037,6408,26,6434,32
2021-01-07,Nevada,057,99092,3132,2847,111,2958,17
2021-01-07,Orange,059,3164182,198964,181922,8034,189956,1974
2021-01-07,Placer,061,380077,16989,15155,749,15904,144
2021-01-07,Plumas,063,18699,545,454,9,463,2
2021-01-07,Riverside,065,2383286,227604,208177,10679,218856,2156
2021-01-07,Sacramento,067,1510023,75807,72342,797,73139,919
2021-01-07,San Benito,069,59416,4514,4112,39,4151,33
2021-01-07,San Bernardino,071,2135413,240334,219691,6775,226466,1666
2021-01-07,San Diego,073,3302833,201718,180510,9264,189774,1738
2021-01-07,San Francisco,075,870044,27417,25885,314,26199,202
2021-01-07,San Joaquin,077,732212,53889,50156,2055,52211,689
2021-01-07,San Luis Obispo,079,281455,14636,12810,326,13136,118
2021-01-07,San Mateo,081,765935,30646,27494,165,27659,201
2021-01-07,Santa Barbara,083,443738,22460,19931,654,20585,187
2021-01-07,Santa Clara,085,1922200,86376,78808,368,79176,775
2021-01-07,Santa Cruz,087,273765,11851,10228,485,10713,104
2021-01-07,Shasta,089,179085,9248,8612,878,9490,81
2021-01-07,Sierra,091,2930,38,31,6,37,0
2021-01-07,Siskiyou,093,43540,1179,1010,152,1162,3
2021-01-07,Solano,095,438530,23422,21384,249,21633,100
2021-01-07,Sonoma,097,501317,22406,20857,117,20974,200
2021-01-07,Stanislaus,099,539301,40326,37296,3873,41169,553
2021-01-07,Sutter,101,95872,7294,6890,54,6944,65
2021-01-07,Tehama,103,63373,3622,3330,359,3689,15
2021-01-07,Trinity,105,12862,437,247,63,310,2
2021-01-07,Tulare,107,460477,39618,36397,4782,41179,482
2021-01-07,Tuolumne,109,53932,3134,3068,27,3095,14
2021-01-07,Ventura,111,848112,54803,49083,1925,51008,288
2021-01-07,Yolo,113,214977,10159,9207,92,9299,128
2021-01-07,Yuba,115,75493,4461,4128,45,4173,25
2021-01-06,Alameda,001,1643700,62097,57081,1253,58334,616
2021-01-06,Alpine,003,1148,71,70,0,70,0
2021-01-06,Amador,005,37829,2916,2717,22,2739,24
2021-01-06,Butte,007,227075,9107,8147,1132,9279,110
2021-01-06,Calaveras,009,45235,1419,1321,6,1327,21
2021-01-06,Colusa,011,21464,1493,1385,129,1514,7
2021-01-06,Contra Costa,013,1133247,47860,44054,752,44806,358
2021-01-06,Del Norte,015,27424,834,780,2,782,2
2021-01-06,El Dorado,017,186661,7317,6397,428,6825,35
2021-01-06,Fresno,019,978130,78795,71404,5653,77057,752
2021-01-06,Glenn,021,27897,1832,1622,338,1960,9
2021-01-06,Humboldt,023,135768,2120,1912,7,1919,22
2021-01-06,Imperial,025,180216,24598,23400,1840,25240,431
2021-01-06,Inyo,027,18085,832,630,9,639,20
2021-01-06,Kern,029,883053,75836,69893,6393,76286,646
2021-01-06,Kings,031,150075,18230,17019,669,17688,108
2021-01-06,Lake,033,64148,2280,2033,0,2033,26
2021-01-06,Lassen,035,31185,4673,4560,60,4620,1
2021-01-06,Los Angeles,037,10098052,930268,835052,28314,863366,11285
2021-01-06,Madera,039,155013,12547,11407,571,11978,67
2021-01-06,Marin,041,260295,10898,10282,106,10388,153
2021-01-06,Mariposa,043,17540,310,259,2,261,3
2021-01-06,Mendocino,045,87422,2813,2561,35,2596,30
2021-01-06,Merced,047,269075,21850,20258,489,20747,232
2021-01-06,Modoc,049,8938,293,263,79,342,0
2021-01-06,Mono,051,14174,985,905,13,918,3
2021-01-06,Monterey,053,433212,32676,30387,886,31273,222
2021-01-06,Napa,055,140530,6907,6342,26,6368,32
2021-01-06,Nevada,057,99092,3112,2805,110,2915,15
2021-01-06,Orange,059,3164182,195514,177686,7892,185578,1935
2021-01-06,Placer,061,380077,16801,14940,731,15671,134
2021-01-06,Plumas,063,18699,537,445,9,454,2
2021-01-06,Riverside,065,2383286,223584,203714,10492,214206,2121
2021-01-06,Sacramento,067,1510023,74784,71572,780,72352,909
2021-01-06,San Benito,069,59416,4438,4031,38,4069,32
2021-01-06,San Bernardino,071,2135413,236626,215286,6667,221953,1634
2021-01-06,San Diego,073,3302833,198218,176660,9093,185753,1691
2021-01-06,San Francisco,075,870044,27048,25424,306,25730,199
2021-01-06,San Joaquin,077,732212,53135,49286,2014,51300,673
2021-01-06,San Luis Obispo,079,281455,14243,12305,319,12624,115
2021-01-06,San Mateo,081,765935,30221,27050,162,27212,200
2021-01-06,Santa Barbara,083,443738,21971,19453,645,20098,177
2021-01-06,Santa Clara,085,1922200,85009,77485,361,77846,746
2021-01-06,Santa Cruz,087,273765,11632,9954,467,10421,97
2021-01-06,Shasta,089,179085,9178,8482,871,9353,78
2021-01-06,Sierra,091,2930,37,31,6,37,0
2021-01-06,Siskiyou,093,43540,1167,998,148,1146,3
2021-01-06,Solano,095,438530,23039,21102,246,21348,99
2021-01-06,Sonoma,097,501317,22099,20558,117,20675,196
2021-01-06,Stanislaus,099,539301,39759,36751,3814,40565,553
2021-01-06,Sutter,101,95872,7213,6839,53,6892,59
2021-01-06,Tehama,103,63373,3594,3306,353,3659,15
2021-01-06,Trinity,105,12862,437,246,63,309,2
2021-01-06,Tulare,107,460477,39069,35882,4685,40567,465
2021-01-06,Tuolumne,109,53932,3114,3008,27,3035,14
2021-01-06,Ventura,111,848112,53560,47428,1901,49329,280
2021-01-06,Yolo,113,214977,9994,9083,89,9172,127
2021-01-06,Yuba,115,75493,4412,4097,45,4142,25
2021-01-05,Alameda,001,1643700,60983,56432,1219,57651,602
2021-01-05,Alpine,003,1148,71,70,0,70,0
2021-01-05,Amador,005,37829,2876,2695,22,2717,24
2021-01-05,Butte,007,227075,8966,8008,1104,9112,107
2021-01-05,Calaveras,009,45235,1373,1292,6,1298,21
2021-01-05,Colusa,011,21464,1469,1376,123,1499,7
2021-01-05,Contra Costa,013,1133247,46993,43442,740,44182,353
2021-01-05,Del Norte,015,27424,827,770,2,772,2
2021-01-05,El Dorado,017,186661,7199,6270,407,6677,32
2021-01-05,Fresno,019,978130,77573,70971,5558,76529,741
2021-01-05,Glenn,021,27897,1809,1608,322,1930,9
2021-01-05,Humboldt,023,135768,2084,1884,7,1891,22
2021-01-05,Imperial,025,180216,24425,23165,1797,24962,421
2021-01-05,Inyo,027,18085,818,627,9,636,20
2021-01-05,Kern,029,883053,74759,68257,6253,74510,624
2021-01-05,Kings,031,150075,18032,16860,646,17506,108
2021-01-05,Lake,033,64148,2233,2015,0,2015,25
2021-01-05,Lassen,035,31185,4658,4554,56,4610,1
2021-01-05,Los Angeles,037,10098052,911534,823783,27645,851428,11028
2021-01-05,Madera,039,155013,12371,11359,558,11917,67
2021-01-05,Marin,041,260295,10746,10214,105,10319,151
2021-01-05,Mariposa,043,17540,304,257,2,259,3
2021-01-05,Mendocino,045,87422,2777,2501,35,2536,30
2021-01-05,Merced,047,269075,21499,20051,477,20528,230
2021-01-05,Modoc,049,8938,293,254,79,333,0
2021-01-05,Mono,051,14174,979,896,13,909,3
2021-01-05,Monterey,053,433212,32126,30045,853,30898,213
2021-01-05,Napa,055,140530,6820,6264,26,6290,29
2021-01-05,Nevada,057,99092,3084,2781,108,2889,15
2021-01-05,Orange,059,3164182,191880,174869,7697,182566,1918
2021-01-05,Placer,061,380077,16578,14723,708,15431,133
2021-01-05,Plumas,063,18699,530,428,9,437,2
2021-01-05,Riverside,065,2383286,219459,200439,10317,210756,2069
2021-01-05,Sacramento,067,1510023,73856,70677,754,71431,888
2021-01-05,San Benito,069,59416,4336,3961,36,3997,28
2021-01-05,San Bernardino,071,2135413,232685,212522,6551,219073,1615
2021-01-05,San Diego,073,3302833,194078,172845,8879,181724,1654
2021-01-05,San Francisco,075,870044,26681,24989,288,25277,196
2021-01-05,San Joaquin,077,732212,52265,48969,1968,50937,663
2021-01-05,San Luis Obispo,079,281455,13844,12027,309,12336,106
2021-01-05,San Mateo,081,765935,29740,26486,160,26646,198
2021-01-05,Santa Barbara,083,443738,21525,19063,637,19700,172
2021-01-05,Santa Clara,085,1922200,83481,76355,348,76703,729
2021-01-05,Santa Cruz,087,273765,11359,9753,443,10196,93
2021-01-05,Shasta,089,179085,9071,8345,853,9198,73
2021-01-05,Sierra,091,2930,37,31,6,37,0
2021-01-05,Siskiyou,093,43540,1155,985,146,1131,3
2021-01-05,Solano,095,438530,22632,20860,241,21101,97
2021-01-05,Sonoma,097,501317,21740,20247,116,20363,194
2021-01-05,Stanislaus,099,539301,39215,36363,3763,40126,553
2021-01-05,Sutter,101,95872,7116,6769,52,6821,59
2021-01-05,Tehama,103,63373,3538,3255,348,3603,9
2021-01-05,Trinity,105,12862,437,246,63,309,2
2021-01-05,Tulare,107,460477,38454,35585,4540,40125,455
2021-01-05,Tuolumne,109,53932,3090,2996,22,3018,13
2021-01-05,Ventura,111,848112,52315,46456,1879,48335,264
2021-01-05,Yolo,113,214977,9819,8980,88,9068,127
2021-01-05,Yuba,115,75493,4353,4053,44,4097,21
2021-01-04,Alameda,001,1643700,59763,55899,1185,57084,583
2021-01-04,Alpine,003,1148,71,68,0,68,0
2021-01-04,Amador,005,37829,2836,2596,22,2618,24
2021-01-04,Butte,007,227075,8807,7893,1083,8976,105
2021-01-04,Calaveras,009,45235,1332,1276,5,1281,21
2021-01-04,Colusa,011,21464,1445,1368,109,1477,7
2021-01-04,Contra Costa,013,1133247,46134,43019,714,43733,353
2021-01-04,Del Norte,015,27424,817,770,2,772,2
2021-01-04,El Dorado,017,186661,7065,6152,391,6543,27
2021-01-04,Fresno,019,978130,76304,69871,5460,75331,726
2021-01-04,Glenn,021,27897,1776,1590,317,1907,9
2021-01-04,Humboldt,023,135768,2048,1845,7,1852,22
2021-01-04,Imperial,025,180216,24275,23035,1744,24779,420
2021-01-04,Inyo,027,18085,792,623,9,632,20
2021-01-04,Kern,029,883053,73675,67418,6057,73475,623
2021-01-04,Kings,031,150075,17755,16801,621,17422,108
2021-01-04,Lake,033,64148,2194,1984,0,1984,25
2021-01-04,Lassen,035,31185,4636,4550,55,4605,1
2021-01-04,Los Angeles,037,10098052,891418,813022,26780,839802,10790
2021-01-04,Madera,039,155013,12151,11204,536,11740,67
2021-01-04,Marin,041,260295,10609,10115,102,10217,151
2021-01-04,Mariposa,043,17540,298,253,2,255,3
2021-01-04,Mendocino,045,87422,2737,2460,31,2491,28
2021-01-04,Merced,047,269075,21084,19804,458,20262,230
2021-01-04,Modoc,049,8938,277,250,77,327,0
2021-01-04,Mono,051,14174,968,895,13,908,3
2021-01-04,Monterey,053,433212,31507,29659,831,30490,212
2021-01-04,Napa,055,140530,6679,6187,26,6213,29
2021-01-04,Nevada,057,99092,3046,2765,105,2870,15
2021-01-04,Orange,059,3164182,187989,172458,7570,180028,1918
2021-01-04,Placer,061,380077,16319,14622,695,15317,133
2021-01-04,Plumas,063,18699,520,419,9,428,1
2021-01-04,Riverside,065,2383286,214906,196809,10127,206936,2066
2021-01-04,Sacramento,067,1510023,72801,70164,744,70908,870
2021-01-04,San Benito,069,59416,4223,3914,36,3950,28
2021-01-04,San Bernardino,071,2135413,228427,210868,6401,217269,1615
2021-01-04,San Diego,073,3302833,189504,171031,8683,179714,1598
2021-01-04,San Francisco,075,870044,26293,24753,282,25035,191
2021-01-04,San Joaquin,077,732212,51364,48644,1926,50570,661
2021-01-04,San Luis Obispo,079,281455,13358,11945,301,12246,96
2021-01-04,San Mateo,081,765935,29176,26150,155,26305,198
2021-01-04,Santa Barbara,083,443738,21002,18735,606,19341,165
2021-01-04,Santa Clara,085,1922200,81723,75297,340,75637,727
2021-01-04,Santa Cruz,087,273765,11071,9680,426,10106,85
2021-01-04,Shasta,089,179085,8966,8224,836,9060,72
2021-01-04,Sierra,091,2930,36,30,6,36,0
2021-01-04,Siskiyou,093,43540,1138,980,143,1123,3
2021-01-04,Solano,095,438530,22132,20588,233,20821,97
2021-01-04,Sonoma,097,501317,21402,20210,115,20325,194
2021-01-04,Stanislaus,099,539301,38653,36141,3706,39847,553
2021-01-04,Sutter,101,95872,7020,6712,51,6763,56
2021-01-04,Tehama,103,63373,3469,3190,343,3533,9
2021-01-04,Trinity,105,12862,434,245,63,308,2
2021-01-04,Tulare,107,460477,37902,35060,4437,39497,455
2021-01-04,Tuolumne,109,53932,3065,2987,22,3009,13
2021-01-04,Ventura,111,848112,50812,45014,1859,46873,255
2021-01-04,Yolo,113,214977,9624,8834,82,8916,121
2021-01-04,Yuba,115,75493,4296,4023,44,4067,21
2021-01-03,Alameda,001,1643700,58506,55082,1157,56239,580
2021-01-03,Alpine,003,1148,69,68,0,68,0
2021-01-03,Amador,005,37829,2772,2565,22,2587,24
2021-01-03,Butte,007,227075,8613,7837,1037,8874,105
2021-01-03,Calaveras,009,45235,1295,1249,3,1252,21
2021-01-03,Colusa,011,21464,1415,1337,103,1440,7
2021-01-03,Contra Costa,013,1133247,45244,42432,689,43121,352
2021-01-03,Del Norte,015,27424,805,768,2,770,2
2021-01-03,El Dorado,017,186661,6937,6034,374,6408,27
2021-01-03,Fresno,019,978130,75154,69326,5342,74668,719
2021-01-03,Glenn,021,27897,1751,1581,311,1892,9
2021-01-03,Humboldt,023,135768,2011,1833,7,1840,21
2021-01-03,Imperial,025,180216,24028,22951,1667,24618,419
2021-01-03,Inyo,027,18085,774,615,9,624,20
2021-01-03,Kern,029,883053,72413,66895,5880,72775,609
2021-01-03,Kings,031,150075,17479,16593,591,17184,108
2021-01-03,Lake,033,64148,2141,1976,0,1976,24
2021-01-03,Lassen,035,31185,4603,4531,54,4585,1
2021-01-03,Los Angeles,037,10098052,869375,792168,25721,817889,10633
2021-01-03,Madera,039,155013,11928,11152,513,11665,67
2021-01-03,Marin,041,260295,10458,10034,97,10131,150
2021-01-03,Mariposa,043,17540,291,248,2,250,3
2021-01-03,Mendocino,045,87422,2697,2445,29,2474,24
2021-01-03,Merced,047,269075,20616,19600,431,20031,230
2021-01-03,Modoc,049,8938,273,245,76,321,0
2021-01-03,Mono,051,14174,943,893,13,906,3
2021-01-03,Monterey,053,433212,30914,29357,796,30153,191
2021-01-03,Napa,055,140530,6578,6094,26,6120,29
2021-01-03,Nevada,057,99092,2985,2742,102,2844,15
2021-01-03,Orange,059,3164182,183800,169881,7377,177258,1919
2021-01-03,Placer,061,380077,16070,14319,671,14990,133
2021-01-03,Plumas,063,18699,507,416,9,425,1
2021-01-03,Riverside,065,2383286,210028,195048,9878,204926,2005
2021-01-03,Sacramento,067,1510023,71593,68558,723,69281,859
2021-01-03,San Benito,069,59416,4126,3882,35,3917,28
2021-01-03,San Bernardino,071,2135413,223117,208294,6228,214522,1592
2021-01-03,San Diego,073,3302833,184244,168018,8454,176472,1592
2021-01-03,San Francisco,075,870044,25795,24588,264,24852,193
2021-01-03,San Joaquin,077,732212,50248,47899,1869,49768,661
2021-01-03,San Luis Obispo,079,281455,12889,11636,292,11928,95
2021-01-03,San Mateo,081,765935,28582,25770,148,25918,196
2021-01-03,Santa Barbara,083,443738,20268,18267,589,18856,164
2021-01-03,Santa Clara,085,1922200,80133,74534,334,74868,720
2021-01-03,Santa Cruz,087,273765,10767,9528,411,9939,84
2021-01-03,Shasta,089,179085,8840,8192,796,8988,72
2021-01-03,Sierra,091,2930,36,30,6,36,0
2021-01-03,Siskiyou,093,43540,1105,976,134,1110,3
2021-01-03,Solano,095,438530,21603,20105,227,20332,97
2021-01-03,Sonoma,097,501317,21014,19982,113,20095,193
2021-01-03,Stanislaus,099,539301,37946,35762,3621,39383,553
2021-01-03,Sutter,101,95872,6923,6664,50,6714,53
2021-01-03,Tehama,103,63373,3414,3176,336,3512,9
2021-01-03,Trinity,105,12862,429,243,61,304,2
2021-01-03,Tulare,107,460477,37340,34747,4289,39036,455
2021-01-03,Tuolumne,109,53932,3005,2978,19,2997,13
2021-01-03,Ventura,111,848112,48987,43748,1842,45590,254
2021-01-03,Yolo,113,214977,9467,8674,78,8752,121
2021-01-03,Yuba,115,75493,4244,3966,43,4009,20
2021-01-02,Alameda,001,1643700,57883,54518,1126,55644,581
2021-01-02,Alpine,003,1148,69,68,0,68,0
2021-01-02,Amador,005,37829,2753,2540,22,2562,24
2021-01-02,Butte,007,227075,8507,7750,1015,8765,105
2021-01-02,Calaveras,009,45235,1275,1230,3,1233,21
2021-01-02,Colusa,011,21464,1405,1332,102,1434,7
2021-01-02,Contra Costa,013,1133247,44706,41993,678,42671,352
2021-01-02,Del Norte,015,27424,803,764,2,766,2
2021-01-02,El Dorado,017,186661,6882,5959,370,6329,27
2021-01-02,Fresno,019,978130,74610,68740,5228,73968,717
2021-01-02,Glenn,021,27897,1734,1546,310,1856,9
2021-01-02,Humboldt,023,135768,1984,1815,7,1822,21
2021-01-02,Imperial,025,180216,23942,22867,1631,24498,420
2021-01-02,Inyo,027,18085,761,609,9,618,20
2021-01-02,Kern,029,883053,71693,66457,5768,72225,610
2021-01-02,Kings,031,150075,17385,16515,587,17102,108
2021-01-02,Lake,033,64148,2105,1925,0,1925,24
2021-01-02,Lassen,035,31185,4592,4457,53,4510,1
2021-01-02,Los Angeles,037,10098052,861013,791892,25029,816921,10633
2021-01-02,Madera,039,155013,11817,11039,501,11540,67
2021-01-02,Marin,041,260295,10411,9924,94,10018,151
2021-01-02,Mariposa,043,17540,284,243,2,245,3
2021-01-02,Mendocino,045,87422,2654,2428,28,2456,24
2021-01-02,Merced,047,269075,20474,19395,414,19809,230
2021-01-02,Modoc,049,8938,272,245,76,321,0
2021-01-02,Mono,051,14174,932,884,13,897,3
2021-01-02,Monterey,053,433212,30701,28991,784,29775,191
2021-01-02,Napa,055,140530,6519,5994,26,6020,29
2021-01-02,Nevada,057,99092,2956,2706,98,2804,15
2021-01-02,Orange,059,3164182,181590,168457,7228,175685,1918
2021-01-02,Placer,061,380077,15897,14182,662,14844,133
2021-01-02,Plumas,063,18699,504,413,9,422,1
2021-01-02,Riverside,065,2383286,207387,192069,9649,201718,2008
2021-01-02,Sacramento,067,1510023,70959,67810,706,68516,858
2021-01-02,San Benito,069,59416,4043,3829,35,3864,28
2021-01-02,San Bernardino,071,2135413,221462,206939,6104,213043,1597
2021-01-02,San Diego,073,3302833,181645,164498,8257,172755,1592
2021-01-02,San Francisco,075,870044,25535,24414,257,24671,194
2021-01-02,San Joaquin,077,732212,49867,47310,1840,49150,662
2021-01-02,San Luis Obispo,079,281455,12754,11467,286,11753,95
2021-01-02,San Mateo,081,765935,28246,25483,140,25623,196
2021-01-02,Santa Barbara,083,443738,19979,18135,586,18721,164
2021-01-02,Santa Clara,085,1922200,78948,73662,328,73990,720
2021-01-02,Santa Cruz,087,273765,10612,9340,402,9742,85
2021-01-02,Shasta,089,179085,8774,8154,785,8939,72
2021-01-02,Sierra,091,2930,36,28,6,34,0
2021-01-02,Siskiyou,093,43540,1094,949,132,1081,3
2021-01-02,Solano,095,438530,21403,19805,218,20023,97
2021-01-02,Sonoma,097,501317,20845,19761,113,19874,194
2021-01-02,Stanislaus,099,539301,37613,35431,3556,38987,553
2021-01-02,Sutter,101,95872,6871,6621,50,6671,53
2021-01-02,Tehama,103,63373,3386,3146,332,3478,9
2021-01-02,Trinity,105,12862,426,243,61,304,2
2021-01-02,Tulare,107,460477,37020,34479,4214,38693,455
2021-01-02,Tuolumne,109,53932,2991,2942,17,2959,13
2021-01-02,Ventura,111,848112,47832,43397,1807,45204,254
2021-01-02,Yolo,113,214977,9369,8571,76,8647,122
2021-01-02,Yuba,115,75493,4205,3930,42,3972,21
2021-01-01,Alameda,001,1643700,57232,53518,1112,54630,579
2021-01-01,Alpine,003,1148,69,68,0,68,0
2021-01-01,Amador,005,37829,2727,2513,20,2533,24
2021-01-01,Butte,007,227075,8405,7589,993,8582,105
2021-01-01,Calaveras,009,45235,1260,1186,3,1189,21
2021-01-01,Colusa,011,21464,1396,1314,100,1414,7
2021-01-01,Contra Costa,013,1133247,44227,41412,660,42072,351
2021-01-01,Del Norte,015,27424,796,758,2,760,2
2021-01-01,El Dorado,017,186661,6789,5832,362,6194,27
2021-01-01,Fresno,019,978130,73537,67484,5142,72626,717
2021-01-01,Glenn,021,27897,1717,1520,301,1821,9
2021-01-01,Humboldt,023,135768,1945,1783,7,1790,21
2021-01-01,Imperial,025,180216,23853,22715,1580,24295,418
2021-01-01,Inyo,027,18085,737,606,9,615,20
2021-01-01,Kern,029,883053,70867,65571,5661,71232,609
2021-01-01,Kings,031,150075,17202,16358,580,16938,108
2021-01-01,Lake,033,64148,2072,1888,0,1888,24
2021-01-01,Lassen,035,31185,4586,4377,53,4430,1
2021-01-01,Los Angeles,037,10098052,846808,775578,24342,799920,10515
2021-01-01,Madera,039,155013,11657,10752,492,11244,66
2021-01-01,Marin,041,260295,10304,9821,93,9914,148
2021-01-01,Mariposa,043,17540,276,236,2,238,3
2021-01-01,Mendocino,045,87422,2600,2400,28,2428,24
2021-01-01,Merced,047,269075,20290,19118,398,19516,229
2021-01-01,Modoc,049,8938,272,241,76,317,0
2021-01-01,Mono,051,14174,914,884,12,896,3
2021-01-01,Monterey,053,433212,30461,28465,775,29240,191
2021-01-01,Napa,055,140530,6433,5899,26,5925,28
2021-01-01,Nevada,057,99092,2932,2663,98,2761,15
2021-01-01,Orange,059,3164182,178791,165440,7084,172524,1893
2021-01-01,Placer,061,380077,15707,13987,647,14634,133
2021-01-01,Plumas,063,18699,499,412,9,421,1
2021-01-01,Riverside,065,2383286,204199,188674,9391,198065,1990
2021-01-01,Sacramento,067,1510023,70362,66956,689,67645,848
2021-01-01,San Benito,069,59416,4005,3773,35,3808,28
2021-01-01,San Bernardino,071,2135413,218636,203651,5971,209622,1590
2021-01-01,San Diego,073,3302833,178572,160071,8078,168149,1592
2021-01-01,San Francisco,075,870044,25260,24145,246,24391,187
2021-01-01,San Joaquin,077,732212,49574,46640,1794,48434,657
2021-01-01,San Luis Obispo,079,281455,12526,11160,278,11438,94
2021-01-01,San Mateo,081,765935,27798,25041,136,25177,194
2021-01-01,Santa Barbara,083,443738,19659,17759,576,18335,164
2021-01-01,Santa Clara,085,1922200,77671,71904,322,72226,680
2021-01-01,Santa Cruz,087,273765,10432,9146,392,9538,84
2021-01-01,Shasta,089,179085,8693,8102,768,8870,72
2021-01-01,Sierra,091,2930,36,26,6,32,0
2021-01-01,Siskiyou,093,43540,1080,944,127,1071,3
2021-01-01,Solano,095,438530,21188,19393,216,19609,97
2021-01-01,Sonoma,097,501317,20649,19513,113,19626,189
2021-01-01,Stanislaus,099,539301,37325,34978,3494,38472,553
2021-01-01,Sutter,101,95872,6814,6553,49,6602,52
2021-01-01,Tehama,103,63373,3328,3079,325,3404,9
2021-01-01,Trinity,105,12862,426,243,61,304,2
2021-01-01,Tulare,107,460477,36606,33994,4119,38113,454
2021-01-01,Tuolumne,109,53932,2975,2909,17,2926,13
2021-01-01,Ventura,111,848112,46339,42026,1780,43806,253
2021-01-01,Yolo,113,214977,9258,8461,73,8534,120
2021-01-01,Yuba,115,75493,4151,3845,41,3886,19
2020-12-31,Alameda,001,1643700,56680,52475,1081,53556,579
2020-12-31,Alpine,003,1148,69,66,0,66,0
2020-12-31,Amador,005,37829,2713,2493,20,2513,24
2020-12-31,Butte,007,227075,8330,7405,973,8378,105
2020-12-31,Calaveras,009,45235,1249,1161,3,1164,21
2020-12-31,Colusa,011,21464,1386,1301,97,1398,7
2020-12-31,Contra Costa,013,1133247,43838,40512,645,41157,336
2020-12-31,Del Norte,015,27424,795,748,2,750,2
2020-12-31,El Dorado,017,186661,6737,5662,353,6015,26
2020-12-31,Fresno,019,978130,73104,66442,5080,71522,711
2020-12-31,Glenn,021,27897,1689,1484,293,1777,9
2020-12-31,Humboldt,023,135768,1928,1713,7,1720,21
2020-12-31,Imperial,025,180216,23782,22494,1564,24058,417
2020-12-31,Inyo,027,18085,729,591,9,600,20
2020-12-31,Kern,029,883053,70395,64904,5570,70474,609
2020-12-31,Kings,031,150075,17127,16077,572,16649,108
2020-12-31,Lake,033,64148,2057,1848,0,1848,23
2020-12-31,Lassen,035,31185,4580,4340,52,4392,1
2020-12-31,Los Angeles,037,10098052,841470,755844,23883,779727,10320
2020-12-31,Madera,039,155013,11584,10609,484,11093,64
2020-12-31,Marin,041,260295,10261,9731,92,9823,148
2020-12-31,Mariposa,043,17540,274,217,2,219,3
2020-12-31,Mendocino,045,87422,2585,2367,24,2391,24
2020-12-31,Merced,047,269075,20200,18808,388,19196,226
2020-12-31,Modoc,049,8938,272,238,76,314,0
2020-12-31,Mono,051,14174,906,868,12,880,3
2020-12-31,Monterey,053,433212,30232,27720,763,28483,188
2020-12-31,Napa,055,140530,6370,5801,26,5827,28
2020-12-31,Nevada,057,99092,2909,2619,97,2716,15
2020-12-31,Orange,059,3164182,176903,161586,6951,168537,1866
2020-12-31,Placer,061,380077,15551,13708,644,14352,126
2020-12-31,Plumas,063,18699,494,401,8,409,1
2020-12-31,Riverside,065,2383286,202521,184193,9258,193451,1958
2020-12-31,Sacramento,067,1510023,69833,65817,679,66496,830
2020-12-31,San Benito,069,59416,3981,3673,35,3708,28
2020-12-31,San Bernardino,071,2135413,216991,199115,5903,205018,1586
2020-12-31,San Diego,073,3302833,176809,155593,7979,163572,1534
2020-12-31,San Francisco,075,870044,25029,23740,239,23979,183
2020-12-31,San Joaquin,077,732212,49255,45764,1756,47520,646
2020-12-31,San Luis Obispo,079,281455,12412,10846,278,11124,89
2020-12-31,San Mateo,081,765935,27468,24570,130,24700,192
2020-12-31,Santa Barbara,083,443738,19415,17434,569,18003,161
2020-12-31,Santa Clara,085,1922200,76859,70032,317,70349,665
2020-12-31,Santa Cruz,087,273765,10314,8909,380,9289,84
2020-12-31,Shasta,089,179085,8627,7996,758,8754,69
2020-12-31,Sierra,091,2930,36,26,6,32,0
2020-12-31,Siskiyou,093,43540,1064,940,124,1064,3
2020-12-31,Solano,095,438530,20957,18942,215,19157,97
2020-12-31,Sonoma,097,501317,20528,19129,112,19241,188
2020-12-31,Stanislaus,099,539301,37017,34398,3446,37844,552
2020-12-31,Sutter,101,95872,6783,6432,49,6481,51
2020-12-31,Tehama,103,63373,3292,3036,324,3360,9
2020-12-31,Trinity,105,12862,425,241,61,302,2
2020-12-31,Tulare,107,460477,36429,33412,4056,37468,446
2020-12-31,Tuolumne,109,53932,2966,2902,17,2919,12
2020-12-31,Ventura,111,848112,45828,40854,1763,42617,251
2020-12-31,Yolo,113,214977,9171,8295,72,8367,117
2020-12-31,Yuba,115,75493,4110,3799,40,3839,18
2020-12-30,Alameda,001,1643700,55897,50158,1028,51186,573
2020-12-30,Alpine,003,1148,69,66,0,66,0
2020-12-30,Amador,005,37829,2693,2418,19,2437,24
2020-12-30,Butte,007,227075,8168,7140,953,8093,103
2020-12-30,Calaveras,009,45235,1224,1135,3,1138,21
2020-12-30,Colusa,011,21464,1370,1289,91,1380,7
2020-12-30,Contra Costa,013,1133247,43253,39601,633,40234,337
2020-12-30,Del Norte,015,27424,790,726,2,728,2
2020-12-30,El Dorado,017,186661,6636,5595,343,5938,27
2020-12-30,Fresno,019,978130,72258,65566,4927,70493,711
2020-12-30,Glenn,021,27897,1658,1471,280,1751,9
2020-12-30,Humboldt,023,135768,1894,1654,7,1661,22
2020-12-30,Imperial,025,180216,23613,22098,1487,23585,412
2020-12-30,Inyo,027,18085,722,572,9,581,20
2020-12-30,Kern,029,883053,69667,63292,5426,68718,604
2020-12-30,Kings,031,150075,17008,15862,564,16426,108
2020-12-30,Lake,033,64148,2035,1731,0,1731,23
2020-12-30,Lassen,035,31185,4571,4300,52,4352,1
2020-12-30,Los Angeles,037,10098052,830557,741907,23199,765106,10046
2020-12-30,Madera,039,155013,11474,10249,473,10722,65
2020-12-30,Marin,041,260295,10171,9569,85,9654,148
2020-12-30,Mariposa,043,17540,270,214,2,216,3
2020-12-30,Mendocino,045,87422,2567,2291,21,2312,24
2020-12-30,Merced,047,269075,19910,18519,378,18897,225
2020-12-30,Modoc,049,8938,269,234,76,310,0
2020-12-30,Mono,051,14174,903,868,12,880,3
2020-12-30,Monterey,053,433212,29602,26977,741,27718,186
2020-12-30,Napa,055,140530,6264,5754,26,5780,28
2020-12-30,Nevada,057,99092,2874,2595,95,2690,15
2020-12-30,Orange,059,3164182,174244,153951,6761,160712,1863
2020-12-30,Placer,061,380077,15319,13540,632,14172,127
2020-12-30,Plumas,063,18699,489,397,8,405,1
2020-12-30,Riverside,065,2383286,199574,176402,9073,185475,1919
2020-12-30,Sacramento,067,1510023,68960,64119,662,64781,847
2020-12-30,San Benito,069,59416,3900,3464,31,3495,29
2020-12-30,San Bernardino,071,2135413,214428,192648,5817,198465,1591
2020-12-30,San Diego,073,3302833,173176,152510,7804,160314,1472
2020-12-30,San Francisco,075,870044,24736,23099,234,23333,182
2020-12-30,San Joaquin,077,732212,48560,44465,1713,46178,634
2020-12-30,San Luis Obispo,079,281455,12144,10542,270,10812,89
2020-12-30,San Mateo,081,765935,27039,24150,126,24276,190
2020-12-30,Santa Barbara,083,443738,19012,16895,547,17442,161
2020-12-30,Santa Clara,085,1922200,75615,67218,313,67531,661
2020-12-30,Santa Cruz,087,273765,10120,8787,371,9158,86
2020-12-30,Shasta,089,179085,8513,7818,744,8562,69
2020-12-30,Sierra,091,2930,36,25,6,31,0
2020-12-30,Siskiyou,093,43540,1057,913,115,1028,3
2020-12-30,Solano,095,438530,20565,18300,212,18512,96
2020-12-30,Sonoma,097,501317,20271,18947,112,19059,191
2020-12-30,Stanislaus,099,539301,36553,33730,3371,37101,526
2020-12-30,Sutter,101,95872,6722,6328,47,6375,51
2020-12-30,Tehama,103,63373,3248,2969,320,3289,9
2020-12-30,Trinity,105,12862,424,231,60,291,2
2020-12-30,Tulare,107,460477,35880,32413,3992,36405,430
2020-12-30,Tuolumne,109,53932,2956,2772,15,2787,12
2020-12-30,Ventura,111,848112,44540,39039,1739,40778,251
2020-12-30,Yolo,113,214977,9063,8067,70,8137,117
2020-12-30,Yuba,115,75493,4039,3612,40,3652,18
2020-12-29,Alameda,001,1643700,54829,50946,992,51938,552
2020-12-29,Alpine,003,1148,69,65,0,65,0
2020-12-29,Amador,005,37829,2641,2388,18,2406,23
2020-12-29,Butte,007,227075,7995,7178,929,8107,98
2020-12-29,Calaveras,009,45235,1180,1111,2,1113,21
2020-12-29,Colusa,011,21464,1349,1272,86,1358,7
2020-12-29,Contra Costa,013,1133247,42452,39225,602,39827,325
2020-12-29,Del Norte,015,27424,783,724,2,726,2
2020-12-29,El Dorado,017,186661,6507,5551,330,5881,22
2020-12-29,Fresno,019,978130,70882,65149,4772,69921,688
2020-12-29,Glenn,021,27897,1624,1454,273,1727,9
2020-12-29,Humboldt,023,135768,1846,1616,7,1623,19
2020-12-29,Imperial,025,180216,23400,22105,1402,23507,407
2020-12-29,Inyo,027,18085,705,571,9,580,19
2020-12-29,Kern,029,883053,68501,63096,5254,68350,589
2020-12-29,Kings,031,150075,16839,15777,552,16329,108
2020-12-29,Lake,033,64148,2004,1805,0,1805,22
2020-12-29,Lassen,035,31185,4556,4288,52,4340,1
2020-12-29,Los Angeles,037,10098052,810360,731907,22347,754254,9786
2020-12-29,Madera,039,155013,11160,10251,458,10709,64
2020-12-29,Marin,041,260295,10019,9595,82,9677,146
2020-12-29,Mariposa,043,17540,262,212,2,214,3
2020-12-29,Mendocino,045,87422,2524,2249,20,2269,24
2020-12-29,Merced,047,269075,19560,18464,362,18826,221
2020-12-29,Modoc,049,8938,266,232,76,308,0
2020-12-29,Mono,051,14174,894,868,12,880,3
2020-12-29,Monterey,053,433212,28953,26894,714,27608,185
2020-12-29,Napa,055,140530,6146,5663,26,5689,28
2020-12-29,Nevada,057,99092,2826,2550,94,2644,15
2020-12-29,Orange,059,3164182,170452,154411,6593,161004,1839
2020-12-29,Placer,061,380077,15106,13392,611,14003,126
2020-12-29,Plumas,063,18699,480,395,8,403,1
2020-12-29,Riverside,065,2383286,194974,177624,8820,186444,1904
2020-12-29,Sacramento,067,1510023,67909,65078,648,65726,820
2020-12-29,San Benito,069,59416,3781,3474,30,3504,25
2020-12-29,San Bernardino,071,2135413,209604,190476,5680,196156,1557
2020-12-29,San Diego,073,3302833,168953,150062,7573,157635,1435
2020-12-29,San Francisco,075,870044,24398,22996,226,23222,178
2020-12-29,San Joaquin,077,732212,47640,44699,1659,46358,622
2020-12-29,San Luis Obispo,079,281455,11848,10387,262,10649,80
2020-12-29,San Mateo,081,765935,26496,23773,114,23887,189
2020-12-29,Santa Barbara,083,443738,18543,16797,521,17318,155
2020-12-29,Santa Clara,085,1922200,74073,67581,310,67891,621
2020-12-29,Santa Cruz,087,273765,9849,8492,362,8854,84
2020-12-29,Shasta,089,179085,8409,7782,729,8511,65
2020-12-29,Sierra,091,2930,34,24,5,29,0
2020-12-29,Siskiyou,093,43540,1042,926,113,1039,3
2020-12-29,Solano,095,438530,20183,18412,207,18619,96
2020-12-29,Sonoma,097,501317,19937,18790,110,18900,187
2020-12-29,Stanislaus,099,539301,36077,33775,3301,37076,508
2020-12-29,Sutter,101,95872,6655,6302,47,6349,50
2020-12-29,Tehama,103,63373,3179,2962,308,3270,9
2020-12-29,Trinity,105,12862,423,241,60,301,2
2020-12-29,Tulare,107,460477,35222,32545,3860,36405,419
2020-12-29,Tuolumne,109,53932,2914,2797,15,2812,12
2020-12-29,Ventura,111,848112,43285,38669,1713,40382,235
2020-12-29,Yolo,113,214977,8934,8124,68,8192,111
2020-12-29,Yuba,115,75493,3957,3723,40,3763,18
2020-12-28,Alameda,001,1643700,53786,50405,972,51377,551
2020-12-28,Alpine,003,1148,68,65,0,65,0
2020-12-28,Amador,005,37829,2571,2255,18,2273,23
2020-12-28,Butte,007,227075,7828,7053,898,7951,86
2020-12-28,Calaveras,009,45235,1157,1102,2,1104,21
2020-12-28,Colusa,011,21464,1324,1255,74,1329,7
2020-12-28,Contra Costa,013,1133247,41513,38872,575,39447,324
2020-12-28,Del Norte,015,27424,773,718,2,720,2
2020-12-28,El Dorado,017,186661,6351,5441,318,5759,18
2020-12-28,Fresno,019,978130,69612,64274,4621,68895,679
2020-12-28,Glenn,021,27897,1590,1435,261,1696,9
2020-12-28,Humboldt,023,135768,1811,1579,7,1586,19
2020-12-28,Imperial,025,180216,23141,22003,1328,23331,405
2020-12-28,Inyo,027,18085,698,569,9,578,19
2020-12-28,Kern,029,883053,67433,62392,5050,67442,579
2020-12-28,Kings,031,150075,16622,15733,535,16268,108
2020-12-28,Lake,033,64148,1963,1785,0,1785,22
2020-12-28,Lassen,035,31185,4449,4284,51,4335,1
2020-12-28,Los Angeles,037,10098052,788005,720699,21547,742246,9544
2020-12-28,Madera,039,155013,10986,10123,435,10558,64
2020-12-28,Marin,041,260295,9911,9546,76,9622,145
2020-12-28,Mariposa,043,17540,238,211,2,213,3
2020-12-28,Mendocino,045,87422,2489,2214,20,2234,23
2020-12-28,Merced,047,269075,19239,18245,343,18588,213
2020-12-28,Modoc,049,8938,261,220,75,295,0
2020-12-28,Mono,051,14174,890,848,12,860,3
2020-12-28,Monterey,053,433212,28104,26529,703,27232,182
2020-12-28,Napa,055,140530,6037,5576,26,5602,26
2020-12-28,Nevada,057,99092,2778,2532,90,2622,15
2020-12-28,Orange,059,3164182,166349,152089,6416,158505,1839
2020-12-28,Placer,061,380077,14766,13234,584,13818,126
2020-12-28,Plumas,063,18699,476,391,8,399,0
2020-12-28,Riverside,065,2383286,190074,174029,8530,182559,1855
2020-12-28,Sacramento,067,1510023,66673,64322,624,64946,813
2020-12-28,San Benito,069,59416,3712,3429,29,3458,24
2020-12-28,San Bernardino,071,2135413,204512,188919,5563,194482,1552
2020-12-28,San Diego,073,3302833,164209,147528,7391,154919,1404
2020-12-28,San Francisco,075,870044,24036,22726,221,22947,178
2020-12-28,San Joaquin,077,732212,46706,44172,1627,45799,618
2020-12-28,San Luis Obispo,079,281455,11496,10260,258,10518,76
2020-12-28,San Mateo,081,765935,26022,23467,110,23577,189
2020-12-28,Santa Barbara,083,443738,18075,16579,509,17088,155
2020-12-28,Santa Clara,085,1922200,72586,66418,303,66721,619
2020-12-28,Santa Cruz,087,273765,9581,8310,352,8662,81
2020-12-28,Shasta,089,179085,8292,7688,716,8404,65
2020-12-28,Sierra,091,2930,32,24,4,28,0
2020-12-28,Siskiyou,093,43540,1026,915,108,1023,3
2020-12-28,Solano,095,438530,19612,18171,200,18371,96
2020-12-28,Sonoma,097,501317,19590,18667,108,18775,185
2020-12-28,Stanislaus,099,539301,35530,33473,3237,36710,507
2020-12-28,Sutter,101,95872,6575,6253,47,6300,49
2020-12-28,Tehama,103,63373,3126,2934,301,3235,9
2020-12-28,Trinity,105,12862,421,240,60,300,2
2020-12-28,Tulare,107,460477,34538,32010,3753,35763,404
2020-12-28,Tuolumne,109,53932,2897,2777,15,2792,12
2020-12-28,Ventura,111,848112,41616,37151,1666,38817,230
2020-12-28,Yolo,113,214977,8779,8031,67,8098,111
2020-12-28,Yuba,115,75493,3895,3679,39,3718,18
2020-12-27,Alameda,001,1643700,52542,49764,945,50709,551
2020-12-27,Alpine,003,1148,66,65,0,65,0
2020-12-27,Amador,005,37829,2450,2218,18,2236,23
2020-12-27,Butte,007,227075,7673,7016,859,7875,86
2020-12-27,Calaveras,009,45235,1110,1097,2,1099,21
2020-12-27,Colusa,011,21464,1299,1253,71,1324,7
2020-12-27,Contra Costa,013,1133247,40578,38428,547,38975,324
2020-12-27,Del Norte,015,27424,750,712,2,714,2
2020-12-27,El Dorado,017,186661,6137,5388,295,5683,18
2020-12-27,Fresno,019,978130,68363,63811,4415,68226,679
2020-12-27,Glenn,021,27897,1562,1434,247,1681,9
2020-12-27,Humboldt,023,135768,1767,1575,7,1582,17
2020-12-27,Imperial,025,180216,22842,21934,1216,23150,405
2020-12-27,Inyo,027,18085,676,565,8,573,18
2020-12-27,Kern,029,883053,66152,61914,4881,66795,568
2020-12-27,Kings,031,150075,16386,15593,501,16094,108
2020-12-27,Lake,033,64148,1908,1769,0,1769,22
2020-12-27,Lassen,035,31185,4372,4230,44,4274,1
2020-12-27,Los Angeles,037,10098052,766503,707260,20665,727925,9476
2020-12-27,Madera,039,155013,10728,10005,425,10430,64
2020-12-27,Marin,041,260295,9788,9477,71,9548,144
2020-12-27,Mariposa,043,17540,231,208,2,210,3
2020-12-27,Mendocino,045,87422,2442,2209,20,2229,23
2020-12-27,Merced,047,269075,18871,18075,327,18402,213
2020-12-27,Modoc,049,8938,252,221,71,292,0
2020-12-27,Mono,051,14174,878,849,12,861,3
2020-12-27,Monterey,053,433212,27544,26322,686,27008,181
2020-12-27,Napa,055,140530,5903,5496,26,5522,26
2020-12-27,Nevada,057,99092,2742,2519,90,2609,15
2020-12-27,Orange,059,3164182,161951,149276,6228,155504,1839
2020-12-27,Placer,061,380077,14471,13017,552,13569,126
2020-12-27,Plumas,063,18699,470,390,8,398,0
2020-12-27,Riverside,065,2383286,185159,171995,8224,180219,1836
2020-12-27,Sacramento,067,1510023,65466,63416,602,64018,811
2020-12-27,San Benito,069,59416,3627,3394,29,3423,24
2020-12-27,San Bernardino,071,2135413,199436,186776,5426,192202,1551
2020-12-27,San Diego,073,3302833,159802,145777,7204,152981,1402
2020-12-27,San Francisco,075,870044,23691,22514,212,22726,178
2020-12-27,San Joaquin,077,732212,45670,43529,1577,45106,618
2020-12-27,San Luis Obispo,079,281455,11088,10154,253,10407,76
2020-12-27,San Mateo,081,765935,25458,23136,106,23242,187
2020-12-27,Santa Barbara,083,443738,17546,16364,482,16846,155
2020-12-27,Santa Clara,085,1922200,70956,65288,298,65586,619
2020-12-27,Santa Cruz,087,273765,9316,8234,343,8577,81
2020-12-27,Shasta,089,179085,8165,7671,694,8365,65
2020-12-27,Sierra,091,2930,32,24,3,27,0
2020-12-27,Siskiyou,093,43540,1016,914,103,1017,3
2020-12-27,Solano,095,438530,19117,17840,194,18034,96
2020-12-27,Sonoma,097,501317,19298,18487,107,18594,185
2020-12-27,Stanislaus,099,539301,34912,33076,3141,36217,506
2020-12-27,Sutter,101,95872,6494,6218,45,6263,48
2020-12-27,Tehama,103,63373,3055,2922,285,3207,9
2020-12-27,Trinity,105,12862,414,240,58,298,2
2020-12-27,Tulare,107,460477,33941,31864,3635,35499,400
2020-12-27,Tuolumne,109,53932,2791,2750,13,2763,12
2020-12-27,Ventura,111,848112,40553,36661,1613,38274,230
2020-12-27,Yolo,113,214977,8590,7919,63,7982,111
2020-12-27,Yuba,115,75493,3830,3665,37,3702,18
2020-12-26,Alameda,001,1643700,51924,49084,932,50016,551
2020-12-26,Alpine,003,1148,66,65,0,65,0
2020-12-26,Amador,005,37829,2436,2189,18,2207,23
2020-12-26,Butte,007,227075,7578,6968,834,7802,86
2020-12-26,Calaveras,009,45235,1104,1084,2,1086,21
2020-12-26,Colusa,011,21464,1289,1240,71,1311,7
2020-12-26,Contra Costa,013,1133247,40111,38008,531,38539,324
2020-12-26,Del Norte,015,27424,744,709,2,711,2
2020-12-26,El Dorado,017,186661,6082,5279,291,5570,18
2020-12-26,Fresno,019,978130,67893,63080,4352,67432,679
2020-12-26,Glenn,021,27897,1541,1413,242,1655,9
2020-12-26,Humboldt,023,135768,1729,1545,7,1552,17
2020-12-26,Imperial,025,180216,22750,21734,1164,22898,405
2020-12-26,Inyo,027,18085,663,554,8,562,18
2020-12-26,Kern,029,883053,65481,61174,4732,65906,564
2020-12-26,Kings,031,150075,16268,15517,497,16014,108
2020-12-26,Lake,033,64148,1867,1710,0,1710,22
2020-12-26,Lassen,035,31185,4351,3981,44,4025,1
2020-12-26,Los Angeles,037,10098052,757945,694149,20161,714310,9424
2020-12-26,Madera,039,155013,10651,9908,413,10321,64
2020-12-26,Marin,041,260295,9753,9413,70,9483,143
2020-12-26,Mariposa,043,17540,230,206,2,208,3
2020-12-26,Mendocino,045,87422,2396,2194,20,2214,23
2020-12-26,Merced,047,269075,18712,17890,322,18212,213
2020-12-26,Modoc,049,8938,249,222,71,293,0
2020-12-26,Mono,051,14174,872,850,12,862,3
2020-12-26,Monterey,053,433212,27407,26010,677,26687,182
2020-12-26,Napa,055,140530,5845,5427,26,5453,26
2020-12-26,Nevada,057,99092,2714,2480,90,2570,15
2020-12-26,Orange,059,3164182,159745,147304,6136,153440,1838
2020-12-26,Placer,061,380077,14300,12816,537,13353,122
2020-12-26,Plumas,063,18699,467,381,8,389,0
2020-12-26,Riverside,065,2383286,182674,169360,8063,177423,1834
2020-12-26,Sacramento,067,1510023,64843,62435,592,63027,807
2020-12-26,San Benito,069,59416,3554,3330,29,3359,24
2020-12-26,San Bernardino,071,2135413,197760,185111,5344,190455,1551
2020-12-26,San Diego,073,3302833,157277,142644,7057,149701,1402
2020-12-26,San Francisco,075,870044,23453,22319,212,22531,177
2020-12-26,San Joaquin,077,732212,45285,42887,1528,44415,618
2020-12-26,San Luis Obispo,079,281455,11001,9945,248,10193,76
2020-12-26,San Mateo,081,765935,25119,22908,101,23009,187
2020-12-26,Santa Barbara,083,443738,17307,16159,476,16635,155
2020-12-26,Santa Clara,085,1922200,69882,64185,296,64481,618
2020-12-26,Santa Cruz,087,273765,9190,8113,334,8447,81
2020-12-26,Shasta,089,179085,8105,7641,681,8322,65
2020-12-26,Sierra,091,2930,32,24,3,27,0
2020-12-26,Siskiyou,093,43540,1009,909,99,1008,2
2020-12-26,Solano,095,438530,18872,17528,194,17722,96
2020-12-26,Sonoma,097,501317,19095,18261,105,18366,184
2020-12-26,Stanislaus,099,539301,34612,32678,3089,35767,505
2020-12-26,Sutter,101,95872,6435,6121,45,6166,48
2020-12-26,Tehama,103,63373,3026,2884,279,3163,9
2020-12-26,Trinity,105,12862,412,237,57,294,2
2020-12-26,Tulare,107,460477,33639,31665,3579,35244,398
2020-12-26,Tuolumne,109,53932,2780,2703,13,2716,12
2020-12-26,Ventura,111,848112,39588,36064,1582,37646,230
2020-12-26,Yolo,113,214977,8488,7785,60,7845,111
2020-12-26,Yuba,115,75493,3801,3599,37,3636,18
2020-12-25,Alameda,001,1643700,51353,48365,917,49282,542
2020-12-25,Alpine,003,1148,66,64,0,64,0
2020-12-25,Amador,005,37829,2393,2172,18,2190,23
2020-12-25,Butte,007,227075,7479,6873,815,7688,85
2020-12-25,Calaveras,009,45235,1101,1062,2,1064,21
2020-12-25,Colusa,011,21464,1277,1219,70,1289,7
2020-12-25,Contra Costa,013,1133247,39641,37480,506,37986,324
2020-12-25,Del Norte,015,27424,741,692,2,694,2
2020-12-25,El Dorado,017,186661,6017,5170,278,5448,16
2020-12-25,Fresno,019,978130,67029,62251,4270,66521,679
2020-12-25,Glenn,021,27897,1525,1390,235,1625,9
2020-12-25,Humboldt,023,135768,1689,1532,7,1539,16
2020-12-25,Imperial,025,180216,22655,21646,1153,22799,405
2020-12-25,Inyo,027,18085,653,546,8,554,18
2020-12-25,Kern,029,883053,64752,60417,4585,65002,562
2020-12-25,Kings,031,150075,16157,15460,493,15953,108
2020-12-25,Lake,033,64148,1847,1669,0,1669,20
2020-12-25,Lassen,035,31185,4336,3926,44,3970,1
2020-12-25,Los Angeles,037,10098052,744286,665600,19492,685092,9292
2020-12-25,Madera,039,155013,10483,9770,406,10176,64
2020-12-25,Marin,041,260295,9704,9375,67,9442,143
2020-12-25,Mariposa,043,17540,224,203,2,205,3
2020-12-25,Mendocino,045,87422,2353,2176,20,2196,23
2020-12-25,Merced,047,269075,18551,17726,314,18040,213
2020-12-25,Modoc,049,8938,248,221,71,292,0
2020-12-25,Mono,051,14174,870,843,12,855,3
2020-12-25,Monterey,053,433212,27130,25788,668,26456,182
2020-12-25,Napa,055,140530,5768,5351,26,5377,26
2020-12-25,Nevada,057,99092,2688,2458,88,2546,15
2020-12-25,Orange,059,3164182,157063,144542,5944,150486,1814
2020-12-25,Placer,061,380077,14114,12660,515,13175,122
2020-12-25,Plumas,063,18699,460,381,8,389,0
2020-12-25,Riverside,065,2383286,179389,166690,7747,174437,1825
2020-12-25,Sacramento,067,1510023,64149,61630,566,62196,796
2020-12-25,San Benito,069,59416,3513,3281,27,3308,24
2020-12-25,San Bernardino,071,2135413,195135,181812,5228,187040,1546
2020-12-25,San Diego,073,3302833,154797,139958,6879,146837,1402
2020-12-25,San Francisco,075,870044,23176,22130,207,22337,175
2020-12-25,San Joaquin,077,732212,44977,42089,1473,43562,614
2020-12-25,San Luis Obispo,079,281455,10818,9749,241,9990,76
2020-12-25,San Mateo,081,765935,24797,22568,99,22667,187
2020-12-25,Santa Barbara,083,443738,17083,15936,469,16405,155
2020-12-25,Santa Clara,085,1922200,68764,63173,287,63460,612
2020-12-25,Santa Cruz,087,273765,9047,8018,312,8330,81
2020-12-25,Shasta,089,179085,8031,7612,658,8270,65
2020-12-25,Sierra,091,2930,32,24,3,27,0
2020-12-25,Siskiyou,093,43540,1003,905,96,1001,2
2020-12-25,Solano,095,438530,18700,17280,192,17472,96
2020-12-25,Sonoma,097,501317,18920,18035,103,18138,184
2020-12-25,Stanislaus,099,539301,34312,32290,3038,35328,498
2020-12-25,Sutter,101,95872,6376,6051,44,6095,47
2020-12-25,Tehama,103,63373,2977,2839,266,3105,9
2020-12-25,Trinity,105,12862,408,236,57,293,2
2020-12-25,Tulare,107,460477,33246,31323,3515,34838,398
2020-12-25,Tuolumne,109,53932,2761,2674,13,2687,12
2020-12-25,Ventura,111,848112,38432,35514,1534,37048,230
2020-12-25,Yolo,113,214977,8392,7700,58,7758,111
2020-12-25,Yuba,115,75493,3765,3549,36,3585,17
2020-12-24,Alameda,001,1643700,51000,47527,897,48424,541
2020-12-24,Alpine,003,1148,66,64,0,64,0
2020-12-24,Amador,005,37829,2381,2145,18,2163,23
2020-12-24,Butte,007,227075,7440,6716,800,7516,84
2020-12-24,Calaveras,009,45235,1098,1032,2,1034,21
2020-12-24,Colusa,011,21464,1272,1188,68,1256,7
2020-12-24,Contra Costa,013,1133247,39399,36623,495,37118,311
2020-12-24,Del Norte,015,27424,741,678,2,680,2
2020-12-24,El Dorado,017,186661,5991,5042,270,5312,16
2020-12-24,Fresno,019,978130,66806,61435,4256,65691,663
2020-12-24,Glenn,021,27897,1514,1363,227,1590,9
2020-12-24,Humboldt,023,135768,1666,1516,7,1523,16
2020-12-24,Imperial,025,180216,22605,21545,1144,22689,402
2020-12-24,Inyo,027,18085,651,532,8,540,17
2020-12-24,Kern,029,883053,64465,59601,4572,64173,556
2020-12-24,Kings,031,150075,16117,15211,492,15703,108
2020-12-24,Lake,033,64148,1832,1629,0,1629,20
2020-12-24,Lassen,035,31185,4323,3894,44,3938,1
2020-12-24,Los Angeles,037,10098052,740111,664840,19236,684076,9288
2020-12-24,Madera,039,155013,10443,9547,399,9946,63
2020-12-24,Marin,041,260295,9670,9287,67,9354,143
2020-12-24,Mariposa,043,17540,220,197,2,199,3
2020-12-24,Mendocino,045,87422,2342,2150,20,2170,23
2020-12-24,Merced,047,269075,18480,17485,310,17795,212
2020-12-24,Modoc,049,8938,248,220,70,290,0
2020-12-24,Mono,051,14174,868,817,12,829,3
2020-12-24,Monterey,053,433212,27018,25131,661,25792,180
2020-12-24,Napa,055,140530,5713,5265,26,5291,26
2020-12-24,Nevada,057,99092,2664,2429,88,2517,15
2020-12-24,Orange,059,3164182,155581,141205,5892,147097,1775
2020-12-24,Placer,061,380077,14024,12457,508,12965,121
2020-12-24,Plumas,063,18699,457,376,8,384,0
2020-12-24,Riverside,065,2383286,178454,162435,7707,170142,1816
2020-12-24,Sacramento,067,1510023,63874,60596,564,61160,788
2020-12-24,San Benito,069,59416,3482,3183,27,3210,24
2020-12-24,San Bernardino,071,2135413,194081,176866,5194,182060,1533
2020-12-24,San Diego,073,3302833,153713,136952,6847,143799,1382
2020-12-24,San Francisco,075,870044,23008,21830,204,22034,175
2020-12-24,San Joaquin,077,732212,44812,41324,1455,42779,611
2020-12-24,San Luis Obispo,079,281455,10749,9504,239,9743,77
2020-12-24,San Mateo,081,765935,24602,22093,99,22192,186
2020-12-24,Santa Barbara,083,443738,16978,15644,461,16105,153
2020-12-24,Santa Clara,085,1922200,68154,61742,280,62022,591
2020-12-24,Santa Cruz,087,273765,8975,7856,300,8156,82
2020-12-24,Shasta,089,179085,7990,7540,641,8181,65
2020-12-24,Sierra,091,2930,29,23,1,24,0
2020-12-24,Siskiyou,093,43540,998,900,90,990,2
2020-12-24,Solano,095,438530,18559,16872,187,17059,96
2020-12-24,Sonoma,097,501317,18820,17710,103,17813,183
2020-12-24,Stanislaus,099,539301,34107,31848,3012,34860,498
2020-12-24,Sutter,101,95872,6335,5960,43,6003,47
2020-12-24,Tehama,103,63373,2959,2779,264,3043,9
2020-12-24,Trinity,105,12862,407,235,57,292,2
2020-12-24,Tulare,107,460477,33127,30827,3489,34316,390
2020-12-24,Tuolumne,109,53932,2753,2653,13,2666,12
2020-12-24,Ventura,111,848112,38152,34400,1527,35927,224
2020-12-24,Yolo,113,214977,8350,7566,56,7622,113
2020-12-24,Yuba,115,75493,3740,3483,36,3519,16
2020-12-23,Alameda,001,1643700,50421,46753,870,47623,537
2020-12-23,Alpine,003,1148,66,64,0,64,0
2020-12-23,Amador,005,37829,2312,2108,17,2125,23
2020-12-23,Butte,007,227075,7351,6588,774,7362,84
2020-12-23,Calaveras,009,45235,1090,1002,1,1003,21
2020-12-23,Colusa,011,21464,1261,1167,67,1234,7
2020-12-23,Contra Costa,013,1133247,38998,36190,481,36671,311
2020-12-23,Del Norte,015,27424,734,670,2,672,2
2020-12-23,El Dorado,017,186661,5916,4967,262,5229,14
2020-12-23,Fresno,019,978130,66196,60488,4191,64679,654
2020-12-23,Glenn,021,27897,1500,1349,223,1572,9
2020-12-23,Humboldt,023,135768,1641,1458,7,1465,16
2020-12-23,Imperial,025,180216,22510,21323,1115,22438,399
2020-12-23,Inyo,027,18085,639,517,8,525,17
2020-12-23,Kern,029,883053,63947,58656,4478,63134,549
2020-12-23,Kings,031,150075,16040,14923,489,15412,105
2020-12-23,Lake,033,64148,1819,1595,0,1595,20
2020-12-23,Lassen,035,31185,4313,3865,41,3906,1
2020-12-23,Los Angeles,037,10098052,731043,651958,18712,670670,9146
2020-12-23,Madera,039,155013,10284,9371,385,9756,63
2020-12-23,Marin,041,260295,9612,9199,64,9263,142
2020-12-23,Mariposa,043,17540,218,194,2,196,3
2020-12-23,Mendocino,045,87422,2330,2121,20,2141,23
2020-12-23,Merced,047,269075,18324,17250,302,17552,203
2020-12-23,Modoc,049,8938,244,197,69,266,0
2020-12-23,Mono,051,14174,865,814,12,826,3
2020-12-23,Monterey,053,433212,26718,24856,654,25510,176
2020-12-23,Napa,055,140530,5645,5172,26,5198,25
2020-12-23,Nevada,057,99092,2619,2406,87,2493,15
2020-12-23,Orange,059,3164182,153131,138050,5725,143775,1771
2020-12-23,Placer,061,380077,13814,12213,500,12713,111
2020-12-23,Plumas,063,18699,450,369,8,377,0
2020-12-23,Riverside,065,2383286,176183,158110,7550,165660,1790
2020-12-23,Sacramento,067,1510023,63224,59661,551,60212,779
2020-12-23,San Benito,069,59416,3428,3073,25,3098,24
2020-12-23,San Bernardino,071,2135413,192033,172888,5125,178013,1509
2020-12-23,San Diego,073,3302833,151287,134695,6710,141405,1350
2020-12-23,San Francisco,075,870044,22786,21498,201,21699,174
2020-12-23,San Joaquin,077,732212,44289,35664,1413,37077,602
2020-12-23,San Luis Obispo,079,281455,10607,9267,234,9501,74
2020-12-23,San Mateo,081,765935,24300,21780,97,21877,186
2020-12-23,Santa Barbara,083,443738,16770,15399,435,15834,152
2020-12-23,Santa Clara,085,1922200,67242,60455,275,60730,579
2020-12-23,Santa Cruz,087,273765,8815,7637,282,7919,75
2020-12-23,Shasta,089,179085,7918,7487,635,8122,66
2020-12-23,Sierra,091,2930,27,23,1,24,0
2020-12-23,Siskiyou,093,43540,977,891,89,980,2
2020-12-23,Solano,095,438530,18351,16626,183,16809,95
2020-12-23,Sonoma,097,501317,18616,17397,103,17500,182
2020-12-23,Stanislaus,099,539301,33753,31492,2959,34451,499
2020-12-23,Sutter,101,95872,6269,5871,43,5914,46
2020-12-23,Tehama,103,63373,2941,2737,257,2994,9
2020-12-23,Trinity,105,12862,407,234,56,290,2
2020-12-23,Tulare,107,460477,32834,30315,3450,33765,385
2020-12-23,Tuolumne,109,53932,2714,2540,13,2553,12
2020-12-23,Ventura,111,848112,37755,33377,1498,34875,216
2020-12-23,Yolo,113,214977,8272,7508,56,7564,112
2020-12-23,Yuba,115,75493,3687,3438,36,3474,14
2020-12-22,Alameda,001,1643700,49532,45751,839,46590,534
2020-12-22,Alpine,003,1148,66,64,0,64,0
2020-12-22,Amador,005,37829,2301,1839,17,1856,23
2020-12-22,Butte,007,227075,7223,6467,759,7226,85
2020-12-22,Calaveras,009,45235,1064,988,0,988,21
2020-12-22,Colusa,011,21464,1238,1150,64,1214,7
2020-12-22,Contra Costa,013,1133247,38372,35681,469,36150,301
2020-12-22,Del Norte,015,27424,727,666,2,668,2
2020-12-22,El Dorado,017,186661,5793,4885,250,5135,12
2020-12-22,Fresno,019,978130,65161,59640,4085,63725,640
2020-12-22,Glenn,021,27897,1477,1337,212,1549,9
2020-12-22,Humboldt,023,135768,1608,1440,7,1447,16
2020-12-22,Imperial,025,180216,22323,21128,1072,22200,398
2020-12-22,Inyo,027,18085,619,506,8,514,17
2020-12-22,Kern,029,883053,62994,57816,4341,62157,547
2020-12-22,Kings,031,150075,15898,14855,483,15338,102
2020-12-22,Lake,033,64148,1794,1569,0,1569,20
2020-12-22,Lassen,035,31185,4171,3848,39,3887,1
2020-12-22,Los Angeles,037,10098052,713773,635931,18043,653974,9013
2020-12-22,Madera,039,155013,10166,9187,369,9556,63
2020-12-22,Marin,041,260295,9548,9115,63,9178,142
2020-12-22,Mariposa,043,17540,215,194,2,196,3
2020-12-22,Mendocino,045,87422,2297,2092,20,2112,23
2020-12-22,Merced,047,269075,18078,17012,297,17309,201
2020-12-22,Modoc,049,8938,236,182,68,250,0
2020-12-22,Mono,051,14174,859,786,12,798,3
2020-12-22,Monterey,053,433212,26048,24152,633,24785,176
2020-12-22,Napa,055,140530,5556,5059,26,5085,23
2020-12-22,Nevada,057,99092,2591,2367,86,2453,14
2020-12-22,Orange,059,3164182,149792,134850,5552,140402,1774
2020-12-22,Placer,061,380077,13570,11943,480,12423,105
2020-12-22,Plumas,063,18699,444,360,8,368,0
2020-12-22,Riverside,065,2383286,172372,155059,7281,162340,1777
2020-12-22,Sacramento,067,1510023,62295,57966,532,58498,772
2020-12-22,San Benito,069,59416,3350,2998,25,3023,24
2020-12-22,San Bernardino,071,2135413,187441,169266,4977,174243,1500
2020-12-22,San Diego,073,3302833,147928,132097,6548,138645,1311
2020-12-22,San Francisco,075,870044,22516,21232,197,21429,174
2020-12-22,San Joaquin,077,732212,43528,39423,1364,40787,592
2020-12-22,San Luis Obispo,079,281455,10262,9174,229,9403,69
2020-12-22,San Mateo,081,765935,23974,21382,81,21463,186
2020-12-22,Santa Barbara,083,443738,16505,15189,425,15614,150
2020-12-22,Santa Clara,085,1922200,66070,59192,267,59459,569
2020-12-22,Santa Cruz,087,273765,8635,7471,256,7727,72
2020-12-22,Shasta,089,179085,7839,7371,618,7989,64
2020-12-22,Sierra,091,2930,27,23,0,23,0
2020-12-22,Siskiyou,093,43540,971,880,88,968,2
2020-12-22,Solano,095,438530,17948,16229,180,16409,95
2020-12-22,Sonoma,097,501317,18296,17216,103,17319,180
2020-12-22,Stanislaus,099,539301,33369,30914,2887,33801,499
2020-12-22,Sutter,101,95872,6210,5791,42,5833,46
2020-12-22,Tehama,103,63373,2891,2688,251,2939,9
2020-12-22,Trinity,105,12862,406,231,56,287,2
2020-12-22,Tulare,107,460477,32368,30025,3384,33409,377
2020-12-22,Tuolumne,109,53932,2663,2526,13,2539,12
2020-12-22,Ventura,111,848112,36990,32488,1455,33943,213
2020-12-22,Yolo,113,214977,8158,7388,55,7443,113
2020-12-22,Yuba,115,75493,3636,3379,36,3415,14
2020-12-21,Alameda,001,1643700,48632,44756,813,45569,518
2020-12-21,Alpine,003,1148,65,64,0,64,0
2020-12-21,Amador,005,37829,2224,1815,17,1832,23
2020-12-21,Butte,007,227075,7068,6335,735,7070,81
2020-12-21,Calaveras,009,45235,1034,963,0,963,21
2020-12-21,Colusa,011,21464,1211,1135,59,1194,7
2020-12-21,Contra Costa,013,1133247,37617,35207,432,35639,300
2020-12-21,Del Norte,015,27424,712,660,2,662,2
2020-12-21,El Dorado,017,186661,5647,4805,237,5042,10
2020-12-21,Fresno,019,978130,64011,58568,3942,62510,634
2020-12-21,Glenn,021,27897,1445,1323,204,1527,9
2020-12-21,Humboldt,023,135768,1585,1419,7,1426,16
2020-12-21,Imperial,025,180216,22054,20994,1029,22023,395
2020-12-21,Inyo,027,18085,598,482,8,490,17
2020-12-21,Kern,029,883053,62102,56836,4204,61040,541
2020-12-21,Kings,031,150075,15648,14760,468,15228,100
2020-12-21,Lake,033,64148,1739,1538,0,1538,20
2020-12-21,Lassen,035,31185,4011,3798,37,3835,1
2020-12-21,Los Angeles,037,10098052,694678,624129,17370,641499,8918
2020-12-21,Madera,039,155013,9972,9069,349,9418,63
2020-12-21,Marin,041,260295,9479,9035,63,9098,142
2020-12-21,Mariposa,043,17540,210,186,2,188,3
2020-12-21,Mendocino,045,87422,2266,2066,20,2086,23
2020-12-21,Merced,047,269075,17828,16710,281,16991,198
2020-12-21,Modoc,049,8938,222,181,67,248,0
2020-12-21,Mono,051,14174,847,781,12,793,3
2020-12-21,Monterey,053,433212,25517,23673,619,24292,174
2020-12-21,Napa,055,140530,5469,4952,26,4978,23
2020-12-21,Nevada,057,99092,2558,2337,86,2423,13
2020-12-21,Orange,059,3164182,146382,130444,5399,135843,1772
2020-12-21,Placer,061,380077,13338,11715,461,12176,105
2020-12-21,Plumas,063,18699,440,353,8,361,0
2020-12-21,Riverside,065,2383286,168145,151713,6956,158669,1743
2020-12-21,Sacramento,067,1510023,61275,57064,515,57579,759
2020-12-21,San Benito,069,59416,3282,2921,25,2946,22
2020-12-21,San Bernardino,071,2135413,182644,165086,4811,169897,1476
2020-12-21,San Diego,073,3302833,144477,129716,6384,136100,1284
2020-12-21,San Francisco,075,870044,22230,21086,195,21281,174
2020-12-21,San Joaquin,077,732212,42734,38811,1314,40125,586
2020-12-21,San Luis Obispo,079,281455,10073,9006,224,9230,64
2020-12-21,San Mateo,081,765935,23569,21035,78,21113,185
2020-12-21,Santa Barbara,083,443738,16230,14988,420,15408,149
2020-12-21,Santa Clara,085,1922200,64877,57699,255,57954,570
2020-12-21,Santa Cruz,087,273765,8424,7315,243,7558,69
2020-12-21,Shasta,089,179085,7774,7299,608,7907,64
2020-12-21,Sierra,091,2930,24,23,0,23,0
2020-12-21,Siskiyou,093,43540,964,878,87,965,2
2020-12-21,Solano,095,438530,17478,15878,175,16053,95
2020-12-21,Sonoma,097,501317,18023,17075,99,17174,176
2020-12-21,Stanislaus,099,539301,32912,30437,2812,33249,499
2020-12-21,Sutter,101,95872,6115,5708,42,5750,46
2020-12-21,Tehama,103,63373,2826,2656,242,2898,9
2020-12-21,Trinity,105,12862,404,226,54,280,2
2020-12-21,Tulare,107,460477,31872,29482,3295,32777,373
2020-12-21,Tuolumne,109,53932,2638,2423,11,2434,12
2020-12-21,Ventura,111,848112,35910,31759,1418,33177,212
2020-12-21,Yolo,113,214977,8013,7266,51,7317,109
2020-12-21,Yuba,115,75493,3577,3329,36,3365,14
2020-12-20,Alameda,001,1643700,47749,44004,791,44795,516
2020-12-20,Alpine,003,1148,65,64,0,64,0
2020-12-20,Amador,005,37829,2166,1771,17,1788,23
2020-12-20,Butte,007,227075,6922,6228,699,6927,81
2020-12-20,Calaveras,009,45235,1010,926,0,926,21
2020-12-20,Colusa,011,21464,1183,1121,53,1174,7
2020-12-20,Contra Costa,013,1133247,37031,34798,416,35214,301
2020-12-20,Del Norte,015,27424,690,652,2,654,2
2020-12-20,El Dorado,017,186661,5522,4697,228,4925,10
2020-12-20,Fresno,019,978130,63020,57616,3805,61421,634
2020-12-20,Glenn,021,27897,1436,1295,197,1492,9
2020-12-20,Humboldt,023,135768,1548,1386,6,1392,15
2020-12-20,Imperial,025,180216,21814,20882,925,21807,395
2020-12-20,Inyo,027,18085,583,476,8,484,17
2020-12-20,Kern,029,883053,61004,55983,4049,60032,540
2020-12-20,Kings,031,150075,15428,14629,452,15081,100
2020-12-20,Lake,033,64148,1693,1463,0,1463,20
2020-12-20,Lassen,035,31185,3957,3669,35,3704,1
2020-12-20,Los Angeles,037,10098052,676586,612975,16640,629615,8862
2020-12-20,Madera,039,155013,9762,8871,340,9211,63
2020-12-20,Marin,041,260295,9381,8948,60,9008,142
2020-12-20,Mariposa,043,17540,209,179,2,181,3
2020-12-20,Mendocino,045,87422,2241,2033,20,2053,23
2020-12-20,Merced,047,269075,17512,16435,274,16709,198
2020-12-20,Modoc,049,8938,222,181,65,246,0
2020-12-20,Mono,051,14174,829,774,12,786,3
2020-12-20,Monterey,053,433212,25034,23250,578,23828,173
2020-12-20,Napa,055,140530,5348,4865,24,4889,23
2020-12-20,Nevada,057,99092,2512,2289,80,2369,13
2020-12-20,Orange,059,3164182,142881,128780,5249,134029,1763
2020-12-20,Placer,061,380077,13113,11496,443,11939,105
2020-12-20,Plumas,063,18699,432,347,8,355,0
2020-12-20,Riverside,065,2383286,163939,148714,6664,155378,1742
2020-12-20,Sacramento,067,1510023,60275,56017,495,56512,755
2020-12-20,San Benito,069,59416,3210,2885,24,2909,21
2020-12-20,San Bernardino,071,2135413,177654,162810,4653,167463,1458
2020-12-20,San Diego,073,3302833,140759,126465,6214,132679,1280
2020-12-20,San Francisco,075,870044,21915,20937,192,21129,174
2020-12-20,San Joaquin,077,732212,41890,38268,1253,39521,587
2020-12-20,San Luis Obispo,079,281455,9781,8881,218,9099,63
2020-12-20,San Mateo,081,765935,23135,20764,74,20838,185
2020-12-20,Santa Barbara,083,443738,15908,14817,400,15217,148
2020-12-20,Santa Clara,085,1922200,63469,56860,249,57109,566
2020-12-20,Santa Cruz,087,273765,8216,7178,230,7408,69
2020-12-20,Shasta,089,179085,7660,7256,594,7850,64
2020-12-20,Sierra,091,2930,24,22,0,22,0
2020-12-20,Siskiyou,093,43540,954,870,86,956,2
2020-12-20,Solano,095,438530,17100,15533,164,15697,95
2020-12-20,Sonoma,097,501317,17747,16802,98,16900,175
2020-12-20,Stanislaus,099,539301,32386,29995,2710,32705,498
2020-12-20,Sutter,101,95872,6028,5601,42,5643,43
2020-12-20,Tehama,103,63373,2777,2602,223,2825,9
2020-12-20,Trinity,105,12862,396,221,53,274,2
2020-12-20,Tulare,107,460477,31354,29078,3200,32278,373
2020-12-20,Tuolumne,109,53932,2527,2152,10,2162,12
2020-12-20,Ventura,111,848112,35208,31335,1385,32720,210
2020-12-20,Yolo,113,214977,7861,7121,48,7169,109
2020-12-20,Yuba,115,75493,3530,3254,34,3288,12
2020-12-19,Alameda,001,1643700,47303,43109,784,43893,516
2020-12-19,Alpine,003,1148,65,64,0,64,0
2020-12-19,Amador,005,37829,2142,1754,17,1771,23
2020-12-19,Butte,007,227075,6822,6118,676,6794,81
2020-12-19,Calaveras,009,45235,993,900,0,900,21
2020-12-19,Colusa,011,21464,1175,1096,50,1146,7
2020-12-19,Contra Costa,013,1133247,36716,34321,402,34723,301
2020-12-19,Del Norte,015,27424,688,641,1,642,2
2020-12-19,El Dorado,017,186661,5455,4588,220,4808,10
2020-12-19,Fresno,019,978130,62695,55428,3737,59165,634
2020-12-19,Glenn,021,27897,1401,1286,196,1482,9
2020-12-19,Humboldt,023,135768,1531,1357,6,1363,15
2020-12-19,Imperial,025,180216,21721,20711,879,21590,395
2020-12-19,Inyo,027,18085,576,475,8,483,17
2020-12-19,Kern,029,883053,60519,55118,3942,59060,540
2020-12-19,Kings,031,150075,15349,14474,450,14924,100
2020-12-19,Lake,033,64148,1658,1438,0,1438,20
2020-12-19,Lassen,035,31185,3929,3595,35,3630,1
2020-12-19,Los Angeles,037,10098052,669475,599888,16111,615999,8804
2020-12-19,Madera,039,155013,9670,8717,328,9045,63
2020-12-19,Marin,041,260295,9341,8864,60,8924,142
2020-12-19,Mariposa,043,17540,207,177,2,179,3
2020-12-19,Mendocino,045,87422,2216,2008,20,2028,23
2020-12-19,Merced,047,269075,17373,16230,266,16496,198
2020-12-19,Modoc,049,8938,219,181,65,246,0
2020-12-19,Mono,051,14174,822,766,12,778,3
2020-12-19,Monterey,053,433212,24919,22799,573,23372,172
2020-12-19,Napa,055,140530,5286,4772,24,4796,23
2020-12-19,Nevada,057,99092,2490,2260,80,2340,13
2020-12-19,Orange,059,3164182,140958,125574,5099,130673,1733
2020-12-19,Placer,061,380077,12958,11246,437,11683,105
2020-12-19,Plumas,063,18699,429,343,8,351,0
2020-12-19,Riverside,065,2383286,161952,146703,6428,153131,1737
2020-12-19,Sacramento,067,1510023,59743,55169,481,55650,746
2020-12-19,San Benito,069,59416,3164,2820,23,2843,21
2020-12-19,San Bernardino,071,2135413,176080,159883,4546,164429,1433
2020-12-19,San Diego,073,3302833,138992,122972,6075,129047,1280
2020-12-19,San Francisco,075,870044,21764,20643,192,20835,174
2020-12-19,San Joaquin,077,732212,41488,37340,1203,38543,586
2020-12-19,San Luis Obispo,079,281455,9710,8788,215,9003,63
2020-12-19,San Mateo,081,765935,22925,20393,67,20460,182
2020-12-19,Santa Barbara,083,443738,15752,14667,394,15061,148
2020-12-19,Santa Clara,085,1922200,62654,55540,245,55785,558
2020-12-19,Santa Cruz,087,273765,8111,7054,225,7279,68
2020-12-19,Shasta,089,179085,7608,7221,582,7803,63
2020-12-19,Sierra,091,2930,24,23,0,23,0
2020-12-19,Siskiyou,093,43540,950,853,85,938,2
2020-12-19,Solano,095,438530,16934,15204,160,15364,95
2020-12-19,Sonoma,097,501317,17638,16553,98,16651,175
2020-12-19,Stanislaus,099,539301,32064,29555,2637,32192,498
2020-12-19,Sutter,101,95872,5971,5506,42,5548,41
2020-12-19,Tehama,103,63373,2728,2574,221,2795,9
2020-12-19,Trinity,105,12862,395,219,53,272,2
2020-12-19,Tulare,107,460477,31130,28734,3135,31869,375
2020-12-19,Tuolumne,109,53932,2514,2107,10,2117,12
2020-12-19,Ventura,111,848112,34927,30843,1355,32198,209
2020-12-19,Yolo,113,214977,7792,7025,47,7072,109
2020-12-19,Yuba,115,75493,3498,3168,34,3202,11
2020-12-18,Alameda,001,1643700,46765,42196,767,42963,515
2020-12-18,Alpine,003,1148,65,64,0,64,0
2020-12-18,Amador,005,37829,2125,1727,15,1742,20
2020-12-18,Butte,007,227075,6737,5891,650,6541,81
2020-12-18,Calaveras,009,45235,983,870,0,870,21
2020-12-18,Colusa,011,21464,1166,1068,50,1118,7
2020-12-18,Contra Costa,013,1133247,36431,33610,390,34000,300
2020-12-18,Del Norte,015,27424,683,627,0,627,2
2020-12-18,El Dorado,017,186661,5393,4494,211,4705,10
2020-12-18,Fresno,019,978130,61868,52643,3673,56316,613
2020-12-18,Glenn,021,27897,1384,1264,191,1455,9
2020-12-18,Humboldt,023,135768,1516,1331,6,1337,15
2020-12-18,Imperial,025,180216,21642,20430,832,21262,393
2020-12-18,Inyo,027,18085,556,454,8,462,17
2020-12-18,Kern,029,883053,59858,54220,3857,58077,533
2020-12-18,Kings,031,150075,15223,14284,444,14728,98
2020-12-18,Lake,033,64148,1646,1397,0,1397,20
2020-12-18,Lassen,035,31185,3921,3486,35,3521,1
2020-12-18,Los Angeles,037,10098052,657331,586413,15616,602029,8744
2020-12-18,Madera,039,155013,9568,8609,323,8932,63
2020-12-18,Marin,041,260295,9257,8799,60,8859,142
2020-12-18,Mariposa,043,17540,204,176,2,178,3
2020-12-18,Mendocino,045,87422,2198,1977,20,1997,24
2020-12-18,Merced,047,269075,17292,15956,263,16219,195
2020-12-18,Modoc,049,8938,219,179,65,244,0
2020-12-18,Mono,051,14174,814,731,12,743,3
2020-12-18,Monterey,053,433212,24625,22336,567,22903,165
2020-12-18,Napa,055,140530,5237,4688,24,4712,23
2020-12-18,Nevada,057,99092,2473,2220,79,2299,13
2020-12-18,Orange,059,3164182,138521,121681,4949,126630,1725
2020-12-18,Placer,061,380077,12787,10995,428,11423,104
2020-12-18,Plumas,063,18699,423,336,8,344,0
2020-12-18,Riverside,065,2383286,159112,142375,6159,148534,1733
2020-12-18,Sacramento,067,1510023,59117,53980,465,54445,736
2020-12-18,San Benito,069,59416,3115,2744,23,2767,21
2020-12-18,San Bernardino,071,2135413,173780,154272,4412,158684,1430
2020-12-18,San Diego,073,3302833,136814,120463,5936,126399,1253
2020-12-18,San Francisco,075,870044,21598,20315,186,20501,173
2020-12-18,San Joaquin,077,732212,41130,36484,1172,37656,559
2020-12-18,San Luis Obispo,079,281455,9612,8598,210,8808,62
2020-12-18,San Mateo,081,765935,22612,19971,63,20034,182
2020-12-18,Santa Barbara,083,443738,15611,14361,381,14742,148
2020-12-18,Santa Clara,085,1922200,61781,53992,236,54228,539
2020-12-18,Santa Cruz,087,273765,7995,6838,217,7055,68
2020-12-18,Shasta,089,179085,7570,7114,571,7685,62
2020-12-18,Sierra,091,2930,24,23,0,23,0
2020-12-18,Siskiyou,093,43540,948,840,85,925,2
2020-12-18,Solano,095,438530,16781,14667,156,14823,95
2020-12-18,Sonoma,097,501317,17519,16261,98,16359,173
2020-12-18,Stanislaus,099,539301,31791,28967,2601,31568,490
2020-12-18,Sutter,101,95872,5887,5399,42,5441,39
2020-12-18,Tehama,103,63373,2713,2523,211,2734,9
2020-12-18,Trinity,105,12862,394,215,53,268,2
2020-12-18,Tulare,107,460477,30852,28322,3056,31378,370
2020-12-18,Tuolumne,109,53932,2503,2067,10,2077,12
2020-12-18,Ventura,111,848112,34423,29907,1312,31219,209
2020-12-18,Yolo,113,214977,7724,6901,46,6947,109
2020-12-18,Yuba,115,75493,3440,3097,34,3131,11
2020-12-17,Alameda,001,1643700,45958,41548,734,42282,508
2020-12-17,Alpine,003,1148,65,64,0,64,0
2020-12-17,Amador,005,37829,2077,1703,13,1716,19
2020-12-17,Butte,007,227075,6611,5746,632,6378,78
2020-12-17,Calaveras,009,45235,960,848,0,848,21
2020-12-17,Colusa,011,21464,1155,1053,48,1101,7
2020-12-17,Contra Costa,013,1133247,35906,33006,356,33362,293
2020-12-17,Del Norte,015,27424,678,583,0,583,1
2020-12-17,El Dorado,017,186661,5247,4327,198,4525,9
2020-12-17,Fresno,019,978130,61006,49918,3547,53465,597
2020-12-17,Glenn,021,27897,1360,1244,184,1428,9
2020-12-17,Humboldt,023,135768,1483,1322,6,1328,14
2020-12-17,Imperial,025,180216,21478,20208,765,20973,391
2020-12-17,Inyo,027,18085,538,450,6,456,16
2020-12-17,Kern,029,883053,58901,53683,3722,57405,526
2020-12-17,Kings,031,150075,15120,14057,429,14486,98
2020-12-17,Lake,033,64148,1621,1374,0,1374,20
2020-12-17,Lassen,035,31185,3885,3417,35,3452,1
2020-12-17,Los Angeles,037,10098052,641669,571093,15068,586161,8657
2020-12-17,Madera,039,155013,9451,8465,319,8784,62
2020-12-17,Marin,041,260295,9193,8721,58,8779,142
2020-12-17,Mariposa,043,17540,200,172,2,174,3
2020-12-17,Mendocino,045,87422,2164,1942,20,1962,23
2020-12-17,Merced,047,269075,17028,15648,255,15903,192
2020-12-17,Modoc,049,8938,216,179,65,244,0
2020-12-17,Mono,051,14174,800,718,12,730,3
2020-12-17,Monterey,053,433212,24106,21951,552,22503,163
2020-12-17,Napa,055,140530,5125,4612,24,4636,23
2020-12-17,Nevada,057,99092,2432,2173,76,2249,13
2020-12-17,Orange,059,3164182,135145,118367,4814,123181,1725
2020-12-17,Placer,061,380077,12513,10756,414,11170,99
2020-12-17,Plumas,063,18699,414,324,8,332,0
2020-12-17,Riverside,065,2383286,155228,139325,5944,145269,1696
2020-12-17,Sacramento,067,1510023,58211,53189,443,53632,721
2020-12-17,San Benito,069,59416,3046,2645,22,2667,20
2020-12-17,San Bernardino,071,2135413,169838,149838,4296,154134,1425
2020-12-17,San Diego,073,3302833,134013,116852,5780,122632,1239
2020-12-17,San Francisco,075,870044,21311,19939,181,20120,170
2020-12-17,San Joaquin,077,732212,40403,35894,1136,37030,554
2020-12-17,San Luis Obispo,079,281455,9492,8365,208,8573,59
2020-12-17,San Mateo,081,765935,22242,19647,63,19710,181
2020-12-17,Santa Barbara,083,443738,15378,14207,374,14581,147
2020-12-17,Santa Clara,085,1922200,60612,52559,230,52789,527
2020-12-17,Santa Cruz,087,273765,7840,6687,204,6891,64
2020-12-17,Shasta,089,179085,7493,7000,552,7552,62
2020-12-17,Sierra,091,2930,23,23,0,23,0
2020-12-17,Siskiyou,093,43540,941,827,84,911,2
2020-12-17,Solano,095,438530,16475,14361,154,14515,96
2020-12-17,Sonoma,097,501317,17247,15993,97,16090,171
2020-12-17,Stanislaus,099,539301,31365,28582,2542,31124,489
2020-12-17,Sutter,101,95872,5788,5309,40,5349,39
2020-12-17,Tehama,103,63373,2664,2480,205,2685,9
2020-12-17,Trinity,105,12862,389,213,53,266,2
2020-12-17,Tulare,107,460477,30460,27852,2977,30829,358
2020-12-17,Tuolumne,109,53932,2212,1992,10,2002,11
2020-12-17,Ventura,111,848112,33813,29404,1275,30679,208
2020-12-17,Yolo,113,214977,7599,6800,45,6845,105
2020-12-17,Yuba,115,75493,3381,3035,32,3067,12
2020-12-16,Alameda,001,1643700,45105,40751,709,41460,497
2020-12-16,Alpine,003,1148,65,64,0,64,0
2020-12-16,Amador,005,37829,2030,1693,12,1705,19
2020-12-16,Butte,007,227075,6422,5659,604,6263,76
2020-12-16,Calaveras,009,45235,925,821,0,821,21
2020-12-16,Colusa,011,21464,1142,1038,45,1083,7
2020-12-16,Contra Costa,013,1133247,35348,32429,336,32765,293
2020-12-16,Del Norte,015,27424,676,575,0,575,1
2020-12-16,El Dorado,017,186661,5126,4237,189,4426,9
2020-12-16,Fresno,019,978130,60048,49173,3451,52624,584
2020-12-16,Glenn,021,27897,1342,1236,173,1409,9
2020-12-16,Humboldt,023,135768,1451,1308,5,1313,12
2020-12-16,Imperial,025,180216,21296,19980,699,20679,388
2020-12-16,Inyo,027,18085,525,444,6,450,16
2020-12-16,Kern,029,883053,58024,52896,3589,56485,522
2020-12-16,Kings,031,150075,14940,13734,412,14146,99
2020-12-16,Lake,033,64148,1581,1363,0,1363,20
2020-12-16,Lassen,035,31185,3852,3396,34,3430,1
2020-12-16,Los Angeles,037,10098052,625132,557907,14390,572297,8561
2020-12-16,Madera,039,155013,9326,8278,311,8589,62
2020-12-16,Marin,041,260295,9122,8641,58,8699,142
2020-12-16,Mariposa,043,17540,197,175,2,177,3
2020-12-16,Mendocino,045,87422,2129,1929,20,1949,23
2020-12-16,Merced,047,269075,16742,15443,251,15694,190
2020-12-16,Modoc,049,8938,213,178,65,243,0
2020-12-16,Mono,051,14174,781,702,12,714,3
2020-12-16,Monterey,053,433212,23547,21107,541,21648,163
2020-12-16,Napa,055,140530,5028,4544,24,4568,23
2020-12-16,Nevada,057,99092,2396,2149,74,2223,13
2020-12-16,Orange,059,3164182,131670,115260,4647,119907,1712
2020-12-16,Placer,061,380077,12276,10554,393,10947,96
2020-12-16,Plumas,063,18699,405,319,8,327,0
2020-12-16,Riverside,065,2383286,151104,135751,5695,141446,1664
2020-12-16,Sacramento,067,1510023,57237,52166,418,52584,715
2020-12-16,San Benito,069,59416,2955,2582,22,2604,20
2020-12-16,San Bernardino,071,2135413,165229,143565,4161,147726,1403
2020-12-16,San Diego,073,3302833,130909,114248,5626,119874,1217
2020-12-16,San Francisco,075,870044,21052,19624,181,19805,170
2020-12-16,San Joaquin,077,732212,39579,35010,1096,36106,547
2020-12-16,San Luis Obispo,079,281455,9297,8252,199,8451,58
2020-12-16,San Mateo,081,765935,21917,19292,59,19351,179
2020-12-16,Santa Barbara,083,443738,15127,13966,362,14328,144
2020-12-16,Santa Clara,085,1922200,59369,51502,227,51729,523
2020-12-16,Santa Cruz,087,273765,7656,6536,193,6729,63
2020-12-16,Shasta,089,179085,7420,6914,529,7443,62
2020-12-16,Sierra,091,2930,23,23,0,23,0
2020-12-16,Siskiyou,093,43540,933,818,84,902,2
2020-12-16,Solano,095,438530,16008,14157,150,14307,96
2020-12-16,Sonoma,097,501317,16991,15768,97,15865,170
2020-12-16,Stanislaus,099,539301,30864,28279,2469,30748,489
2020-12-16,Sutter,101,95872,5708,5223,40,5263,39
2020-12-16,Tehama,103,63373,2631,2441,180,2621,9
2020-12-16,Trinity,105,12862,383,212,53,265,2
2020-12-16,Tulare,107,460477,30037,27500,2877,30377,352
2020-12-16,Tuolumne,109,53932,2169,1941,10,1951,11
2020-12-16,Ventura,111,848112,33039,28566,1232,29798,203
2020-12-16,Yolo,113,214977,7471,6649,44,6693,103
2020-12-16,Yuba,115,75493,3295,2980,31,3011,11
2020-12-15,Alameda,001,1643700,44250,40026,687,40713,492
2020-12-15,Alpine,003,1148,65,64,0,64,0
2020-12-15,Amador,005,37829,1917,1669,10,1679,19
2020-12-15,Butte,007,227075,6283,5565,575,6140,75
2020-12-15,Calaveras,009,45235,893,799,0,799,21
2020-12-15,Colusa,011,21464,1129,1026,44,1070,7
2020-12-15,Contra Costa,013,1133247,34691,31423,322,31745,281
2020-12-15,Del Norte,015,27424,665,564,0,564,1
2020-12-15,El Dorado,017,186661,5018,4113,175,4288,9
2020-12-15,Fresno,019,978130,58675,47316,3317,50633,574
2020-12-15,Glenn,021,27897,1329,1207,157,1364,9
2020-12-15,Humboldt,023,135768,1431,1276,5,1281,12
2020-12-15,Imperial,025,180216,21076,19756,620,20376,380
2020-12-15,Inyo,027,18085,512,394,6,400,16
2020-12-15,Kern,029,883053,57013,52002,3483,55485,511
2020-12-15,Kings,031,150075,14776,13652,393,14045,97
2020-12-15,Lake,033,64148,1556,1341,0,1341,21
2020-12-15,Lassen,035,31185,3680,3378,33,3411,1
2020-12-15,Los Angeles,037,10098052,608748,536258,13750,550008,8429
2020-12-15,Madera,039,155013,9172,8118,304,8422,60
2020-12-15,Marin,041,260295,9014,8528,56,8584,141
2020-12-15,Mariposa,043,17540,193,171,2,173,3
2020-12-15,Mendocino,045,87422,2102,1883,20,1903,24
2020-12-15,Merced,047,269075,16444,15120,247,15367,190
2020-12-15,Modoc,049,8938,211,179,65,244,0
2020-12-15,Mono,051,14174,765,702,12,714,3
2020-12-15,Monterey,053,433212,22949,19905,480,20385,161
2020-12-15,Napa,055,140530,4925,4440,24,4464,23
2020-12-15,Nevada,057,99092,2363,2117,72,2189,11
2020-12-15,Orange,059,3164182,128019,112893,4494,117387,1689
2020-12-15,Placer,061,380077,12042,10301,371,10672,95
2020-12-15,Plumas,063,18699,400,313,8,321,0
2020-12-15,Riverside,065,2383286,147046,131822,5416,137238,1624
2020-12-15,Sacramento,067,1510023,56220,51076,405,51481,703
2020-12-15,San Benito,069,59416,2876,2520,21,2541,19
2020-12-15,San Bernardino,071,2135413,160768,137548,4010,141558,1351
2020-12-15,San Diego,073,3302833,127342,111441,5463,116904,1194
2020-12-15,San Francisco,075,870044,20742,19283,178,19461,171
2020-12-15,San Joaquin,077,732212,38652,33849,1060,34909,537
2020-12-15,San Luis Obispo,079,281455,9188,8074,196,8270,55
2020-12-15,San Mateo,081,765935,21507,18907,57,18964,178
2020-12-15,Santa Barbara,083,443738,14900,13782,354,14136,144
2020-12-15,Santa Clara,085,1922200,57933,50311,224,50535,505
2020-12-15,Santa Cruz,087,273765,7471,6361,179,6540,59
2020-12-15,Shasta,089,179085,7361,6794,504,7298,54
2020-12-15,Sierra,091,2930,23,23,0,23,0
2020-12-15,Siskiyou,093,43540,924,812,83,895,2
2020-12-15,Solano,095,438530,15658,13796,150,13946,95
2020-12-15,Sonoma,097,501317,16770,15406,97,15503,167
2020-12-15,Stanislaus,099,539301,30349,27823,2388,30211,485
2020-12-15,Sutter,101,95872,5611,5080,39,5119,36
2020-12-15,Tehama,103,63373,2593,2392,174,2566,9
2020-12-15,Trinity,105,12862,375,213,51,264,1
2020-12-15,Tulare,107,460477,29549,27026,2788,29814,342
2020-12-15,Tuolumne,109,53932,2139,1874,10,1884,8
2020-12-15,Ventura,111,848112,32417,27936,1185,29121,201
2020-12-15,Yolo,113,214977,7348,6531,42,6573,104
2020-12-15,Yuba,115,75493,3201,2891,30,2921,11
2020-12-14,Alameda,001,1643700,43352,39252,668,39920,487
2020-12-14,Alpine,003,1148,65,63,0,63,0
2020-12-14,Amador,005,37829,1845,1609,10,1619,19
2020-12-14,Butte,007,227075,6115,5202,558,5760,75
2020-12-14,Calaveras,009,45235,855,718,0,718,21
2020-12-14,Colusa,011,21464,1105,949,43,992,7
2020-12-14,Contra Costa,013,1133247,33993,30594,308,30902,281
2020-12-14,Del Norte,015,27424,659,560,0,560,1
2020-12-14,El Dorado,017,186661,4862,4018,159,4177,9
2020-12-14,Fresno,019,978130,57651,44726,3138,47864,560
2020-12-14,Glenn,021,27897,1303,1186,149,1335,9
2020-12-14,Humboldt,023,135768,1418,1256,5,1261,9
2020-12-14,Imperial,025,180216,20837,19608,542,20150,379
2020-12-14,Inyo,027,18085,498,382,6,388,16
2020-12-14,Kern,029,883053,55976,50538,3362,53900,510
2020-12-14,Kings,031,150075,14591,13491,366,13857,97
2020-12-14,Lake,033,64148,1508,1301,0,1301,21
2020-12-14,Lassen,035,31185,3582,2905,30,2935,1
2020-12-14,Los Angeles,037,10098052,591116,524668,13114,537782,8340
2020-12-14,Madera,039,155013,8905,8011,295,8306,60
2020-12-14,Marin,041,260295,8931,8475,55,8530,141
2020-12-14,Mariposa,043,17540,192,171,2,173,3
2020-12-14,Mendocino,045,87422,2081,1845,20,1865,24
2020-12-14,Merced,047,269075,16036,14572,233,14805,189
2020-12-14,Modoc,049,8938,205,180,63,243,0
2020-12-14,Mono,051,14174,757,685,12,697,3
2020-12-14,Monterey,053,433212,22427,19154,474,19628,155
2020-12-14,Napa,055,140530,4832,4289,24,4313,22
2020-12-14,Nevada,057,99092,2325,2070,69,2139,11
2020-12-14,Orange,059,3164182,124135,108602,4358,112960,1688
2020-12-14,Placer,061,380077,11761,9551,360,9911,95
2020-12-14,Plumas,063,18699,388,309,8,317,0
2020-12-14,Riverside,065,2383286,142917,123715,5154,128869,1588
2020-12-14,Sacramento,067,1510023,55112,50304,380,50684,691
2020-12-14,San Benito,069,59416,2810,2467,20,2487,19
2020-12-14,San Bernardino,071,2135413,156318,129151,3882,133033,1347
2020-12-14,San Diego,073,3302833,123606,109578,5278,114856,1162
2020-12-14,San Francisco,075,870044,20366,18904,176,19080,171
2020-12-14,San Joaquin,077,732212,37810,32522,1014,33536,534
2020-12-14,San Luis Obispo,079,281455,8942,7791,192,7983,52
2020-12-14,San Mateo,081,765935,21010,18361,54,18415,178
2020-12-14,Santa Barbara,083,443738,14627,13587,346,13933,144
2020-12-14,Santa Clara,085,1922200,56374,49180,212,49392,502
2020-12-14,Santa Cruz,087,273765,7285,6049,164,6213,54
2020-12-14,Shasta,089,179085,7272,6665,485,7150,54
2020-12-14,Sierra,091,2930,23,21,0,21,0
2020-12-14,Siskiyou,093,43540,901,764,77,841,2
2020-12-14,Solano,095,438530,15297,13352,149,13501,93
2020-12-14,Sonoma,097,501317,16464,14807,96,14903,167
2020-12-14,Stanislaus,099,539301,29815,27311,2339,29650,485
2020-12-14,Sutter,101,95872,5507,5001,32,5033,35
2020-12-14,Tehama,103,63373,2551,2344,171,2515,9
2020-12-14,Trinity,105,12862,371,205,49,254,1
2020-12-14,Tulare,107,460477,29074,25735,2699,28434,341
2020-12-14,Tuolumne,109,53932,2086,1647,10,1657,8
2020-12-14,Ventura,111,848112,31494,27436,1126,28562,202
2020-12-14,Yolo,113,214977,7187,6389,41,6430,95
2020-12-14,Yuba,115,75493,3139,2851,30,2881,11
2020-12-13,Alameda,001,1643700,42154,38064,643,38707,486
2020-12-13,Alpine,003,1148,65,63,0,63,0
2020-12-13,Amador,005,37829,1789,1457,9,1466,19
2020-12-13,Butte,007,227075,5967,5103,518,5621,75
2020-12-13,Calaveras,009,45235,819,710,0,710,21
2020-12-13,Colusa,011,21464,1089,945,40,985,7
2020-12-13,Contra Costa,013,1133247,33264,29667,302,29969,281
2020-12-13,Del Norte,015,27424,606,542,0,542,1
2020-12-13,El Dorado,017,186661,4761,3770,148,3918,9
2020-12-13,Fresno,019,978130,56544,44114,2979,47093,559
2020-12-13,Glenn,021,27897,1290,1171,138,1309,9
2020-12-13,Humboldt,023,135768,1395,1238,4,1242,9
2020-12-13,Imperial,025,180216,20547,19472,419,19891,379
2020-12-13,Inyo,027,18085,477,380,6,386,16
2020-12-13,Kern,029,883053,54945,49051,3205,52256,510
2020-12-13,Kings,031,150075,14311,13357,348,13705,97
2020-12-13,Lake,033,64148,1467,1271,0,1271,21
2020-12-13,Lassen,035,31185,3475,2867,25,2892,1
2020-12-13,Los Angeles,037,10098052,573495,517472,12417,529889,8294
2020-12-13,Madera,039,155013,8723,7909,282,8191,60
2020-12-13,Marin,041,260295,8811,8409,55,8464,141
2020-12-13,Mariposa,043,17540,188,167,2,169,3
2020-12-13,Mendocino,045,87422,2047,1793,20,1813,24
2020-12-13,Merced,047,269075,15685,14384,230,14614,189
2020-12-13,Modoc,049,8938,192,179,57,236,0
2020-12-13,Mono,051,14174,741,675,12,687,3
2020-12-13,Monterey,053,433212,22006,18913,460,19373,153
2020-12-13,Napa,055,140530,4726,4194,24,4218,22
2020-12-13,Nevada,057,99092,2277,2030,67,2097,11
2020-12-13,Orange,059,3164182,120202,104768,4185,108953,1688
2020-12-13,Placer,061,380077,11447,9405,342,9747,95
2020-12-13,Plumas,063,18699,382,291,8,299,0
2020-12-13,Riverside,065,2383286,138790,119691,4891,124582,1581
2020-12-13,Sacramento,067,1510023,53843,49480,351,49831,682
2020-12-13,San Benito,069,59416,2741,2408,19,2427,19
2020-12-13,San Bernardino,071,2135413,151414,126718,3721,130439,1333
2020-12-13,San Diego,073,3302833,120006,107372,5109,112481,1162
2020-12-13,San Francisco,075,870044,20021,18686,167,18853,167
2020-12-13,San Joaquin,077,732212,37006,32170,974,33144,534
2020-12-13,San Luis Obispo,079,281455,8751,7625,184,7809,52
2020-12-13,San Mateo,081,765935,20519,18090,48,18138,177
2020-12-13,Santa Barbara,083,443738,14358,13249,331,13580,144
2020-12-13,Santa Clara,085,1922200,54951,47920,203,48123,499
2020-12-13,Santa Cruz,087,273765,7036,5986,153,6139,54
2020-12-13,Shasta,089,179085,7198,6647,459,7106,54
2020-12-13,Sierra,091,2930,23,21,0,21,0
2020-12-13,Siskiyou,093,43540,889,762,72,834,2
2020-12-13,Solano,095,438530,14859,13276,146,13422,93
2020-12-13,Sonoma,097,501317,16150,14495,95,14590,167
2020-12-13,Stanislaus,099,539301,29250,26569,2277,28846,485
2020-12-13,Sutter,101,95872,5380,4798,28,4826,34
2020-12-13,Tehama,103,63373,2506,2325,156,2481,9
2020-12-13,Trinity,105,12862,365,204,49,253,1
2020-12-13,Tulare,107,460477,28584,25496,2614,28110,340
2020-12-13,Tuolumne,109,53932,2024,1611,10,1621,8
2020-12-13,Ventura,111,848112,30491,26588,1064,27652,202
2020-12-13,Yolo,113,214977,7004,6265,35,6300,95
2020-12-13,Yuba,115,75493,3074,2754,27,2781,11
2020-12-12,Alameda,001,1643700,41712,37027,623,37650,486
2020-12-12,Alpine,003,1148,65,63,0,63,0
2020-12-12,Amador,005,37829,1761,1236,8,1244,19
2020-12-12,Butte,007,227075,5894,4972,506,5478,73
2020-12-12,Calaveras,009,45235,809,708,0,708,21
2020-12-12,Colusa,011,21464,1069,945,39,984,7
2020-12-12,Contra Costa,013,1133247,32920,29506,293,29799,281
2020-12-12,Del Norte,015,27424,598,529,0,529,1
2020-12-12,El Dorado,017,186661,4686,3706,131,3837,9
2020-12-12,Fresno,019,978130,56193,43756,2919,46675,559
2020-12-12,Glenn,021,27897,1282,1143,134,1277,8
2020-12-12,Humboldt,023,135768,1376,1208,4,1212,9
2020-12-12,Imperial,025,180216,20461,18947,363,19310,379
2020-12-12,Inyo,027,18085,473,380,6,386,16
2020-12-12,Kern,029,883053,54425,48194,3115,51309,507
2020-12-12,Kings,031,150075,14222,13205,344,13549,96
2020-12-12,Lake,033,64148,1450,1232,0,1232,21
2020-12-12,Lassen,035,31185,3452,2866,22,2888,1
2020-12-12,Los Angeles,037,10098052,566690,504317,11915,516232,8269
2020-12-12,Madera,039,155013,8596,7765,279,8044,59
2020-12-12,Marin,041,260295,8757,8363,54,8417,141
2020-12-12,Mariposa,043,17540,187,164,2,166,3
2020-12-12,Mendocino,045,87422,2011,1771,20,1791,24
2020-12-12,Merced,047,269075,15594,14181,226,14407,188
2020-12-12,Modoc,049,8938,191,169,54,223,0
2020-12-12,Mono,051,14174,734,640,12,652,3
2020-12-12,Monterey,053,433212,21893,18596,431,19027,151
2020-12-12,Napa,055,140530,4681,4113,24,4137,22
2020-12-12,Nevada,057,99092,2259,1981,65,2046,10
2020-12-12,Orange,059,3164182,118316,100468,4037,104505,1674
2020-12-12,Placer,061,380077,11282,9390,337,9727,95
2020-12-12,Plumas,063,18699,376,291,8,299,0
2020-12-12,Riverside,065,2383286,136734,118335,4686,123021,1579
2020-12-12,Sacramento,067,1510023,53259,48319,338,48657,673
2020-12-12,San Benito,069,59416,2685,2355,19,2374,19
2020-12-12,San Bernardino,071,2135413,149781,125741,3618,129359,1321
2020-12-12,San Diego,073,3302833,118385,104958,5012,109970,1151
2020-12-12,San Francisco,075,870044,19831,18413,163,18576,167
2020-12-12,San Joaquin,077,732212,36680,32200,943,33143,534
2020-12-12,San Luis Obispo,079,281455,8652,7462,178,7640,50
2020-12-12,San Mateo,081,765935,20298,17574,47,17621,177
2020-12-12,Santa Barbara,083,443738,14206,13174,323,13497,144
2020-12-12,Santa Clara,085,1922200,54001,45892,200,46092,498
2020-12-12,Santa Cruz,087,273765,6938,5905,144,6049,54
2020-12-12,Shasta,089,179085,7165,6551,441,6992,54
2020-12-12,Sierra,091,2930,23,21,0,21,0
2020-12-12,Siskiyou,093,43540,887,762,69,831,2
2020-12-12,Solano,095,438530,14661,12748,139,12887,93
2020-12-12,Sonoma,097,501317,16029,14466,95,14561,166
2020-12-12,Stanislaus,099,539301,28949,26246,2226,28472,483
2020-12-12,Sutter,101,95872,5318,4717,28,4745,32
2020-12-12,Tehama,103,63373,2488,2252,150,2402,9
2020-12-12,Trinity,105,12862,363,204,47,251,1
2020-12-12,Tulare,107,460477,28325,25333,2556,27889,341
2020-12-12,Tuolumne,109,53932,1981,1536,10,1546,8
2020-12-12,Ventura,111,848112,30047,25955,1031,26986,202
2020-12-12,Yolo,113,214977,6922,6116,33,6149,95
2020-12-12,Yuba,115,75493,3047,2692,26,2718,10
2020-12-11,Alameda,001,1643700,41145,36281,611,36892,482
2020-12-11,Alpine,003,1148,65,63,0,63,0
2020-12-11,Amador,005,37829,1745,1213,8,1221,19
2020-12-11,Butte,007,227075,5821,4941,488,5429,73
2020-12-11,Calaveras,009,45235,793,697,0,697,21
2020-12-11,Colusa,011,21464,1059,923,37,960,7
2020-12-11,Contra Costa,013,1133247,32496,29036,289,29325,282
2020-12-11,Del Norte,015,27424,592,505,0,505,1
2020-12-11,El Dorado,017,186661,4605,3669,116,3785,9
2020-12-11,Fresno,019,978130,55181,43071,2853,45924,550
2020-12-11,Glenn,021,27897,1266,1135,129,1264,8
2020-12-11,Humboldt,023,135768,1358,1190,4,1194,9
2020-12-11,Imperial,025,180216,20372,18599,319,18918,377
2020-12-11,Inyo,027,18085,462,372,6,378,16
2020-12-11,Kern,029,883053,53747,47664,3051,50715,502
2020-12-11,Kings,031,150075,14078,13118,340,13458,94
2020-12-11,Lake,033,64148,1436,1205,0,1205,21
2020-12-11,Lassen,035,31185,3440,2790,21,2811,1
2020-12-11,Los Angeles,037,10098052,554884,493592,11505,505097,8198
2020-12-11,Madera,039,155013,8505,7648,269,7917,59
2020-12-11,Marin,041,260295,8663,8317,53,8370,141
2020-12-11,Mariposa,043,17540,186,164,2,166,3
2020-12-11,Mendocino,045,87422,1987,1769,20,1789,24
2020-12-11,Merced,047,269075,15474,14038,218,14256,186
2020-12-11,Modoc,049,8938,191,168,53,221,0
2020-12-11,Mono,051,14174,724,631,12,643,3
2020-12-11,Monterey,053,433212,21592,18421,426,18847,150
2020-12-11,Napa,055,140530,4626,4054,24,4078,22
2020-12-11,Nevada,057,99092,2242,1959,62,2021,10
2020-12-11,Orange,059,3164182,116002,98357,3935,102292,1656
2020-12-11,Placer,061,380077,11120,8904,321,9225,93
2020-12-11,Plumas,063,18699,368,286,8,294,0
2020-12-11,Riverside,065,2383286,133666,115329,4466,119795,1573
2020-12-11,Sacramento,067,1510023,52598,47468,330,47798,669
2020-12-11,San Benito,069,59416,2634,2319,19,2338,19
2020-12-11,San Bernardino,071,2135413,147092,123092,3501,126593,1313
2020-12-11,San Diego,073,3302833,116425,102468,4929,107397,1137
2020-12-11,San Francisco,075,870044,19601,18246,162,18408,165
2020-12-11,San Joaquin,077,732212,36334,32044,915,32959,534
2020-12-11,San Luis Obispo,079,281455,8491,7415,176,7591,49
2020-12-11,San Mateo,081,765935,20027,17240,36,17276,177
2020-12-11,Santa Barbara,083,443738,14063,12997,315,13312,144
2020-12-11,Santa Clara,085,1922200,52996,45101,191,45292,494
2020-12-11,Santa Cruz,087,273765,6825,5764,135,5899,50
2020-12-11,Shasta,089,179085,7120,6459,434,6893,54
2020-12-11,Sierra,091,2930,23,19,0,19,0
2020-12-11,Siskiyou,093,43540,880,753,66,819,2
2020-12-11,Solano,095,438530,14475,12554,135,12689,92
2020-12-11,Sonoma,097,501317,15862,14298,93,14391,166
2020-12-11,Stanislaus,099,539301,28680,25928,2182,28110,464
2020-12-11,Sutter,101,95872,5255,4600,27,4627,30
2020-12-11,Tehama,103,63373,2458,2232,146,2378,9
2020-12-11,Trinity,105,12862,360,204,47,251,1
2020-12-11,Tulare,107,460477,27966,24953,2508,27461,338
2020-12-11,Tuolumne,109,53932,1966,1510,10,1520,8
2020-12-11,Ventura,111,848112,29441,24999,1009,26008,202
2020-12-11,Yolo,113,214977,6816,6006,32,6038,95
2020-12-11,Yuba,115,75493,2987,2649,25,2674,10
2020-12-10,Alameda,001,1643700,40376,35686,589,36275,477
2020-12-10,Alpine,003,1148,65,63,0,63,0
2020-12-10,Amador,005,37829,1688,1191,8,1199,18
2020-12-10,Butte,007,227075,5705,4863,461,5324,72
2020-12-10,Calaveras,009,45235,775,684,0,684,21
2020-12-10,Colusa,011,21464,1036,909,34,943,7
2020-12-10,Contra Costa,013,1133247,31814,28413,283,28696,276
2020-12-10,Del Norte,015,27424,582,501,0,501,1
2020-12-10,El Dorado,017,186661,4487,3557,111,3668,9
2020-12-10,Fresno,019,978130,54203,42461,2711,45172,540
2020-12-10,Glenn,021,27897,1246,1126,120,1246,8
2020-12-10,Humboldt,023,135768,1338,1140,4,1144,9
2020-12-10,Imperial,025,180216,20158,18333,242,18575,370
2020-12-10,Inyo,027,18085,441,365,6,371,15
2020-12-10,Kern,029,883053,52764,47176,2884,50060,499
2020-12-10,Kings,031,150075,13920,12993,334,13327,92
2020-12-10,Lake,033,64148,1395,1167,0,1167,21
2020-12-10,Lassen,035,31185,3418,2764,17,2781,0
2020-12-10,Los Angeles,037,10098052,540912,480354,10972,491326,8149
2020-12-10,Madera,039,155013,8398,7445,254,7699,59
2020-12-10,Marin,041,260295,8610,8245,52,8297,140
2020-12-10,Mariposa,043,17540,185,160,2,162,3
2020-12-10,Mendocino,045,87422,1961,1748,17,1765,24
2020-12-10,Merced,047,269075,15228,13756,215,13971,186
2020-12-10,Modoc,049,8938,186,165,51,216,0
2020-12-10,Mono,051,14174,719,601,12,613,3
2020-12-10,Monterey,053,433212,21111,18266,416,18682,145
2020-12-10,Napa,055,140530,4540,3974,23,3997,22
2020-12-10,Nevada,057,99092,2206,1919,62,1981,10
2020-12-10,Orange,059,3164182,112906,95297,3773,99070,1651
2020-12-10,Placer,061,380077,10867,8906,303,9209,90
2020-12-10,Plumas,063,18699,357,281,8,289,0
2020-12-10,Riverside,065,2383286,129979,112794,4197,116991,1552
2020-12-10,Sacramento,067,1510023,51698,46471,308,46779,664
2020-12-10,San Benito,069,59416,2574,2268,18,2286,19
2020-12-10,San Bernardino,071,2135413,142856,120186,3327,123513,1306
2020-12-10,San Diego,073,3302833,113900,99601,4780,104381,1114
2020-12-10,San Francisco,075,870044,19289,17945,154,18099,164
2020-12-10,San Joaquin,077,732212,35698,31228,885,32113,534
2020-12-10,San Luis Obispo,079,281455,8328,7245,165,7410,49
2020-12-10,San Mateo,081,765935,19583,16701,26,16727,177
2020-12-10,Santa Barbara,083,443738,13884,12788,306,13094,143
2020-12-10,Santa Clara,085,1922200,51862,43939,176,44115,491
2020-12-10,Santa Cruz,087,273765,6658,5645,122,5767,48
2020-12-10,Shasta,089,179085,7053,6312,409,6721,53
2020-12-10,Sierra,091,2930,23,18,0,18,0
2020-12-10,Siskiyou,093,43540,870,712,65,777,2
2020-12-10,Solano,095,438530,14109,12017,129,12146,90
2020-12-10,Sonoma,097,501317,15607,14282,91,14373,167
2020-12-10,Stanislaus,099,539301,28217,25582,2113,27695,464
2020-12-10,Sutter,101,95872,5125,4528,25,4553,27
2020-12-10,Tehama,103,63373,2414,2190,138,2328,9
2020-12-10,Trinity,105,12862,356,202,45,247,1
2020-12-10,Tulare,107,460477,27509,24506,2442,26948,337
2020-12-10,Tuolumne,109,53932,1724,1451,10,1461,8
2020-12-10,Ventura,111,848112,28590,24075,965,25040,202
2020-12-10,Yolo,113,214977,6695,5896,31,5927,95
2020-12-10,Yuba,115,75493,2923,2604,24,2628,10
2020-12-09,Alameda,001,1643700,39538,35047,566,35613,470
2020-12-09,Alpine,003,1148,65,58,0,58,0
2020-12-09,Amador,005,37829,1645,1121,8,1129,19
2020-12-09,Butte,007,227075,5562,4733,441,5174,70
2020-12-09,Calaveras,009,45235,748,670,0,670,21
2020-12-09,Colusa,011,21464,1021,896,33,929,7
2020-12-09,Contra Costa,013,1133247,31110,28308,272,28580,273
2020-12-09,Del Norte,015,27424,569,481,0,481,2
2020-12-09,El Dorado,017,186661,4352,3449,103,3552,8
2020-12-09,Fresno,019,978130,53202,41954,2558,44512,533
2020-12-09,Glenn,021,27897,1232,1107,114,1221,8
2020-12-09,Humboldt,023,135768,1306,1086,4,1090,10
2020-12-09,Imperial,025,180216,19903,17757,206,17963,368
2020-12-09,Inyo,027,18085,428,356,6,362,15
2020-12-09,Kern,029,883053,51606,46379,2738,49117,494
2020-12-09,Kings,031,150075,13775,12716,326,13042,92
2020-12-09,Lake,033,64148,1367,1158,0,1158,20
2020-12-09,Lassen,035,31185,3349,2331,15,2346,0
2020-12-09,Los Angeles,037,10098052,527423,467971,10427,478398,8075
2020-12-09,Madera,039,155013,8285,7216,251,7467,59
2020-12-09,Marin,041,260295,8548,8182,51,8233,138
2020-12-09,Mariposa,043,17540,183,154,2,156,3
2020-12-09,Mendocino,045,87422,1935,1703,16,1719,24
2020-12-09,Merced,047,269075,14987,13588,208,13796,183
2020-12-09,Modoc,049,8938,181,146,42,188,0
2020-12-09,Mono,051,14174,707,601,12,613,3
2020-12-09,Monterey,053,433212,20710,17891,408,18299,143
2020-12-09,Napa,055,140530,4454,3858,22,3880,21
2020-12-09,Nevada,057,99092,2153,1864,62,1926,10
2020-12-09,Orange,059,3164182,109818,93763,3599,97362,1629
2020-12-09,Placer,061,380077,10606,8588,289,8877,85
2020-12-09,Plumas,063,18699,349,271,8,279,0
2020-12-09,Riverside,065,2383286,126282,110376,3990,114366,1543
2020-12-09,Sacramento,067,1510023,50635,45284,281,45565,659
2020-12-09,San Benito,069,59416,2501,2217,16,2233,19
2020-12-09,San Bernardino,071,2135413,138576,114516,3130,117646,1305
2020-12-09,San Diego,073,3302833,110920,97551,4641,102192,1103
2020-12-09,San Francisco,075,870044,18988,17628,153,17781,163
2020-12-09,San Joaquin,077,732212,34882,30539,860,31399,531
2020-12-09,San Luis Obispo,079,281455,8110,7105,157,7262,47
2020-12-09,San Mateo,081,765935,19133,16422,25,16447,175
2020-12-09,Santa Barbara,083,443738,13684,12630,296,12926,142
2020-12-09,Santa Clara,085,1922200,50705,42912,160,43072,489
2020-12-09,Santa Cruz,087,273765,6500,5527,107,5634,47
2020-12-09,Shasta,089,179085,6988,6105,395,6500,52
2020-12-09,Sierra,091,2930,23,18,0,18,0
2020-12-09,Siskiyou,093,43540,859,713,64,777,2
2020-12-09,Solano,095,438530,13761,11862,121,11983,90
2020-12-09,Sonoma,097,501317,15351,13994,88,14082,164
2020-12-09,Stanislaus,099,539301,27720,25157,2052,27209,463
2020-12-09,Sutter,101,95872,5007,4418,21,4439,24
2020-12-09,Tehama,103,63373,2378,2102,134,2236,9
2020-12-09,Trinity,105,12862,348,199,42,241,0
2020-12-09,Tulare,107,460477,26913,24124,2363,26487,334
2020-12-09,Tuolumne,109,53932,1691,1319,10,1329,8
2020-12-09,Ventura,111,848112,27727,23830,923,24753,201
2020-12-09,Yolo,113,214977,6570,5760,29,5789,95
2020-12-09,Yuba,115,75493,2855,2513,23,2536,10
2020-12-08,Alameda,001,1643700,38636,34373,550,34923,469
2020-12-08,Alpine,003,1148,64,53,0,53,0
2020-12-08,Amador,005,37829,1359,1043,8,1051,17
2020-12-08,Butte,007,227075,5404,4651,400,5051,70
2020-12-08,Calaveras,009,45235,724,657,0,657,21
2020-12-08,Colusa,011,21464,1005,875,32,907,6
2020-12-08,Contra Costa,013,1133247,30409,27926,255,28181,270
2020-12-08,Del Norte,015,27424,553,465,0,465,2
2020-12-08,El Dorado,017,186661,4228,3296,90,3386,8
2020-12-08,Fresno,019,978130,51938,41574,2403,43977,529
2020-12-08,Glenn,021,27897,1212,1094,106,1200,8
2020-12-08,Humboldt,023,135768,1280,1059,4,1063,10
2020-12-08,Imperial,025,180216,19388,17568,198,17766,363
2020-12-08,Inyo,027,18085,405,333,6,339,15
2020-12-08,Kern,029,883053,50312,45116,2582,47698,487
2020-12-08,Kings,031,150075,13621,12623,317,12940,90
2020-12-08,Lake,033,64148,1325,1127,0,1127,20
2020-12-08,Lassen,035,31185,3193,2165,15,2180,0
2020-12-08,Los Angeles,037,10098052,514724,459738,9952,469690,8004
2020-12-08,Madera,039,155013,8154,7082,238,7320,59
2020-12-08,Marin,041,260295,8468,8099,50,8149,137
2020-12-08,Mariposa,043,17540,179,150,2,152,2
2020-12-08,Mendocino,045,87422,1893,1666,16,1682,23
2020-12-08,Merced,047,269075,14675,13380,207,13587,181
2020-12-08,Modoc,049,8938,173,138,39,177,0
2020-12-08,Mono,051,14174,693,597,12,609,3
2020-12-08,Monterey,053,433212,20139,17752,401,18153,134
2020-12-08,Napa,055,140530,4367,3778,21,3799,22
2020-12-08,Nevada,057,99092,2099,1809,59,1868,11
2020-12-08,Orange,059,3164182,106598,91406,3433,94839,1629
2020-12-08,Placer,061,380077,10338,8224,284,8508,82
2020-12-08,Plumas,063,18699,339,258,8,266,0
2020-12-08,Riverside,065,2383286,122919,107620,3810,111430,1514
2020-12-08,Sacramento,067,1510023,49571,44635,266,44901,649
2020-12-08,San Benito,069,59416,2448,2180,16,2196,18
2020-12-08,San Bernardino,071,2135413,134229,110676,3004,113680,1301
2020-12-08,San Diego,073,3302833,107549,95447,4484,99931,1088
2020-12-08,San Francisco,075,870044,18678,17384,151,17535,162
2020-12-08,San Joaquin,077,732212,33987,30225,827,31052,530
2020-12-08,San Luis Obispo,079,281455,7981,6903,146,7049,45
2020-12-08,San Mateo,081,765935,18733,16305,25,16330,175
2020-12-08,Santa Barbara,083,443738,13500,12516,287,12803,141
2020-12-08,Santa Clara,085,1922200,49399,41309,151,41460,484
2020-12-08,Santa Cruz,087,273765,6321,5374,105,5479,45
2020-12-08,Shasta,089,179085,6878,5946,387,6333,50
2020-12-08,Sierra,091,2930,22,18,0,18,0
2020-12-08,Siskiyou,093,43540,845,704,62,766,2
2020-12-08,Solano,095,438530,13359,11669,119,11788,89
2020-12-08,Sonoma,097,501317,15092,13601,87,13688,164
2020-12-08,Stanislaus,099,539301,27232,24793,1987,26780,461
2020-12-08,Sutter,101,95872,4912,4342,20,4362,24
2020-12-08,Tehama,103,63373,2304,2057,126,2183,9
2020-12-08,Trinity,105,12862,339,198,41,239,0
2020-12-08,Tulare,107,460477,26310,23607,2302,25909,330
2020-12-08,Tuolumne,109,53932,1667,1264,10,1274,7
2020-12-08,Ventura,111,848112,27064,23665,880,24545,195
2020-12-08,Yolo,113,214977,6438,5560,29,5589,90
2020-12-08,Yuba,115,75493,2778,2477,23,2500,10
2020-12-07,Alameda,001,1643700,37771,33887,514,34401,466
2020-12-07,Alpine,003,1148,63,53,0,53,0
2020-12-07,Amador,005,37829,1284,993,7,1000,17
2020-12-07,Butte,007,227075,5269,4604,378,4982,67
2020-12-07,Calaveras,009,45235,693,606,0,606,21
2020-12-07,Colusa,011,21464,980,825,27,852,6
2020-12-07,Contra Costa,013,1133247,29793,27307,242,27549,270
2020-12-07,Del Norte,015,27424,541,424,0,424,2
2020-12-07,El Dorado,017,186661,4049,3275,83,3358,8
2020-12-07,Fresno,019,978130,50464,41098,2281,43379,526
2020-12-07,Glenn,021,27897,1193,1085,100,1185,8
2020-12-07,Humboldt,023,135768,1245,1023,4,1027,9
2020-12-07,Imperial,025,180216,18966,17234,188,17422,364
2020-12-07,Inyo,027,18085,390,333,6,339,15
2020-12-07,Kern,029,883053,49287,44409,2447,46856,486
2020-12-07,Kings,031,150075,13478,12412,307,12719,90
2020-12-07,Lake,033,64148,1298,1090,0,1090,20
2020-12-07,Lassen,035,31185,3096,2167,15,2182,0
2020-12-07,Los Angeles,037,10098052,501054,451052,9517,460569,7937
2020-12-07,Madera,039,155013,7889,6935,233,7168,59
2020-12-07,Marin,041,260295,8410,8049,49,8098,136
2020-12-07,Mariposa,043,17540,176,146,2,148,2
2020-12-07,Mendocino,045,87422,1857,1638,14,1652,23
2020-12-07,Merced,047,269075,14316,13250,197,13447,179
2020-12-07,Modoc,049,8938,166,128,36,164,0
2020-12-07,Mono,051,14174,680,590,12,602,3
2020-12-07,Monterey,053,433212,19658,17746,389,18135,132
2020-12-07,Napa,055,140530,4276,3684,21,3705,21
2020-12-07,Nevada,057,99092,2050,1777,58,1835,11
2020-12-07,Orange,059,3164182,103333,89793,3314,93107,1628
2020-12-07,Placer,061,380077,10012,7911,270,8181,82
2020-12-07,Plumas,063,18699,327,256,5,261,0
2020-12-07,Riverside,065,2383286,119721,102363,3627,105990,1491
2020-12-07,Sacramento,067,1510023,48476,43419,249,43668,638
2020-12-07,San Benito,069,59416,2397,2165,15,2180,18
2020-12-07,San Bernardino,071,2135413,130275,108161,2886,111047,1295
2020-12-07,San Diego,073,3302833,104760,94171,4303,98474,1062
2020-12-07,San Francisco,075,870044,18387,17220,144,17364,161
2020-12-07,San Joaquin,077,732212,33111,28188,800,28988,530
2020-12-07,San Luis Obispo,079,281455,7799,6782,139,6921,45
2020-12-07,San Mateo,081,765935,18293,16029,24,16053,175
2020-12-07,Santa Barbara,083,443738,13258,12362,277,12639,141
2020-12-07,Santa Clara,085,1922200,48015,40621,142,40763,484
2020-12-07,Santa Cruz,087,273765,6156,5152,99,5251,41
2020-12-07,Shasta,089,179085,6755,5742,372,6114,50
2020-12-07,Sierra,091,2930,20,18,0,18,0
2020-12-07,Siskiyou,093,43540,818,652,62,714,2
2020-12-07,Solano,095,438530,13020,11354,115,11469,89
2020-12-07,Sonoma,097,501317,14808,13376,87,13463,164
2020-12-07,Stanislaus,099,539301,26674,24479,1934,26413,454
2020-12-07,Sutter,101,95872,4771,4106,20,4126,24
2020-12-07,Tehama,103,63373,2253,2030,121,2151,9
2020-12-07,Trinity,105,12862,335,194,41,235,0
2020-12-07,Tulare,107,460477,25774,22760,2245,25005,328
2020-12-07,Tuolumne,109,53932,1582,1256,9,1265,7
2020-12-07,Ventura,111,848112,26477,23354,844,24198,191
2020-12-07,Yolo,113,214977,6276,5537,28,5565,90
2020-12-07,Yuba,115,75493,2710,2428,21,2449,10
2020-12-06,Alameda,001,1643700,36780,33477,494,33971,465
2020-12-06,Alpine,003,1148,59,53,0,53,0
2020-12-06,Amador,005,37829,1221,952,6,958,17
2020-12-06,Butte,007,227075,5116,4527,345,4872,67
2020-12-06,Calaveras,009,45235,673,606,0,606,21
2020-12-06,Colusa,011,21464,963,824,23,847,6
2020-12-06,Contra Costa,013,1133247,29185,26566,235,26801,270
2020-12-06,Del Norte,015,27424,486,414,0,414,2
2020-12-06,El Dorado,017,186661,3912,3086,78,3164,8
2020-12-06,Fresno,019,978130,49508,40869,2165,43034,526
2020-12-06,Glenn,021,27897,1183,1067,96,1163,8
2020-12-06,Humboldt,023,135768,1220,1004,4,1008,9
2020-12-06,Imperial,025,180216,18651,16922,179,17101,364
2020-12-06,Inyo,027,18085,377,333,6,339,15
2020-12-06,Kern,029,883053,48298,43899,2277,46176,486
2020-12-06,Kings,031,150075,13206,12056,290,12346,90
2020-12-06,Lake,033,64148,1261,1075,0,1075,20
2020-12-06,Lassen,035,31185,2991,2168,13,2181,0
2020-12-06,Los Angeles,037,10098052,487460,443230,9079,452309,7910
2020-12-06,Madera,039,155013,7718,6826,224,7050,59
2020-12-06,Marin,041,260295,8329,8013,47,8060,136
2020-12-06,Mariposa,043,17540,175,144,2,146,2
2020-12-06,Mendocino,045,87422,1817,1614,14,1628,23
2020-12-06,Merced,047,269075,13981,12928,188,13116,179
2020-12-06,Modoc,049,8938,153,125,29,154,0
2020-12-06,Mono,051,14174,658,586,10,596,3
2020-12-06,Monterey,053,433212,19039,17426,379,17805,130
2020-12-06,Napa,055,140530,4164,3644,21,3665,21
2020-12-06,Nevada,057,99092,1991,1710,55,1765,10
2020-12-06,Orange,059,3164182,100266,87737,3184,90921,1627
2020-12-06,Placer,061,380077,9730,7837,250,8087,82
2020-12-06,Plumas,063,18699,314,254,4,258,0
2020-12-06,Riverside,065,2383286,116627,100088,3403,103491,1482
2020-12-06,Sacramento,067,1510023,47237,42808,233,43041,638
2020-12-06,San Benito,069,59416,2360,2135,15,2150,18
2020-12-06,San Bernardino,071,2135413,126122,106927,2729,109656,1286
2020-12-06,San Diego,073,3302833,101727,92173,4149,96322,1062
2020-12-06,San Francisco,075,870044,18065,17107,137,17244,161
2020-12-06,San Joaquin,077,732212,32276,28188,771,28959,530
2020-12-06,San Luis Obispo,079,281455,7634,6723,134,6857,45
2020-12-06,San Mateo,081,765935,17789,15855,21,15876,175
2020-12-06,Santa Barbara,083,443738,13026,12252,268,12520,141
2020-12-06,Santa Clara,085,1922200,46639,39112,136,39248,482
2020-12-06,Santa Cruz,087,273765,5982,5069,93,5162,40
2020-12-06,Shasta,089,179085,6614,5743,351,6094,49
2020-12-06,Sierra,091,2930,20,17,0,17,0
2020-12-06,Siskiyou,093,43540,800,652,60,712,2
2020-12-06,Solano,095,438530,12734,11354,105,11459,88
2020-12-06,Sonoma,097,501317,14519,13238,86,13324,164
2020-12-06,Stanislaus,099,539301,26123,24036,1870,25906,454
2020-12-06,Sutter,101,95872,4655,4009,19,4028,21
2020-12-06,Tehama,103,63373,2194,1982,111,2093,9
2020-12-06,Trinity,105,12862,328,181,39,220,0
2020-12-06,Tulare,107,460477,25249,22756,2177,24933,327
2020-12-06,Tuolumne,109,53932,1486,1210,9,1219,7
2020-12-06,Ventura,111,848112,25936,23035,817,23852,191
2020-12-06,Yolo,113,214977,6115,5465,23,5488,90
2020-12-06,Yuba,115,75493,2666,2340,20,2360,10
2020-12-05,Alameda,001,1643700,36422,32781,483,33264,465
2020-12-05,Alpine,003,1148,58,53,0,53,0
2020-12-05,Amador,005,37829,1197,847,6,853,17
2020-12-05,Butte,007,227075,5048,4455,326,4781,66
2020-12-05,Calaveras,009,45235,661,606,0,606,21
2020-12-05,Colusa,011,21464,945,825,20,845,6
2020-12-05,Contra Costa,013,1133247,28893,26217,228,26445,270
2020-12-05,Del Norte,015,27424,480,408,0,408,2
2020-12-05,El Dorado,017,186661,3847,3061,73,3134,8
2020-12-05,Fresno,019,978130,49189,40568,2110,42678,525
2020-12-05,Glenn,021,27897,1170,1056,90,1146,8
2020-12-05,Humboldt,023,135768,1187,979,4,983,9
2020-12-05,Imperial,025,180216,18483,16544,178,16722,362
2020-12-05,Inyo,027,18085,372,332,6,338,15
2020-12-05,Kern,029,883053,47834,43332,2192,45524,484
2020-12-05,Kings,031,150075,13125,11898,287,12185,90
2020-12-05,Lake,033,64148,1234,1069,0,1069,20
2020-12-05,Lassen,035,31185,2800,2168,11,2179,0
2020-12-05,Los Angeles,037,10098052,481659,433120,8763,441883,7888
2020-12-05,Madera,039,155013,7625,6619,217,6836,59
2020-12-05,Marin,041,260295,8302,7961,47,8008,136
2020-12-05,Mariposa,043,17540,170,143,2,145,2
2020-12-05,Mendocino,045,87422,1778,1585,14,1599,23
2020-12-05,Merced,047,269075,13874,12747,177,12924,180
2020-12-05,Modoc,049,8938,153,118,28,146,0
2020-12-05,Mono,051,14174,653,554,10,564,3
2020-12-05,Monterey,053,433212,18893,17077,375,17452,127
2020-12-05,Napa,055,140530,4093,3565,21,3586,21
2020-12-05,Nevada,057,99092,1976,1642,53,1695,10
2020-12-05,Orange,059,3164182,98801,85735,3088,88823,1612
2020-12-05,Placer,061,380077,9610,7811,241,8052,78
2020-12-05,Plumas,063,18699,307,246,1,247,0
2020-12-05,Riverside,065,2383286,115015,98612,3226,101838,1477
2020-12-05,Sacramento,067,1510023,46572,41878,218,42096,625
2020-12-05,San Benito,069,59416,2316,2073,15,2088,18
2020-12-05,San Bernardino,071,2135413,124596,105382,2600,107982,1283
2020-12-05,San Diego,073,3302833,100375,90470,4068,94538,1055
2020-12-05,San Francisco,075,870044,17881,16786,133,16919,161
2020-12-05,San Joaquin,077,732212,32009,28105,738,28843,523
2020-12-05,San Luis Obispo,079,281455,7567,6623,131,6754,44
2020-12-05,San Mateo,081,765935,17532,15512,21,15533,175
2020-12-05,Santa Barbara,083,443738,12926,12107,262,12369,141
2020-12-05,Santa Clara,085,1922200,45897,38339,131,38470,474
2020-12-05,Santa Cruz,087,273765,5909,4997,91,5088,40
2020-12-05,Shasta,089,179085,6553,5653,340,5993,49
2020-12-05,Sierra,091,2930,20,17,0,17,0
2020-12-05,Siskiyou,093,43540,792,649,59,708,2
2020-12-05,Solano,095,438530,12565,11351,103,11454,87
2020-12-05,Sonoma,097,501317,14423,13137,86,13223,164
2020-12-05,Stanislaus,099,539301,25808,23662,1835,25497,454
2020-12-05,Sutter,101,95872,4590,3937,19,3956,20
2020-12-05,Tehama,103,63373,2178,1926,109,2035,9
2020-12-05,Trinity,105,12862,327,177,39,216,0
2020-12-05,Tulare,107,460477,25034,22660,2119,24779,324
2020-12-05,Tuolumne,109,53932,1429,1180,9,1189,7
2020-12-05,Ventura,111,848112,25565,22710,803,23513,191
2020-12-05,Yolo,113,214977,6038,5351,22,5373,90
2020-12-05,Yuba,115,75493,2629,2275,20,2295,10
2020-12-04,Alameda,001,1643700,35873,31871,470,32341,465
2020-12-04,Alpine,003,1148,58,53,0,53,0
2020-12-04,Amador,005,37829,1183,766,3,769,16
2020-12-04,Butte,007,227075,4976,4336,305,4641,65
2020-12-04,Calaveras,009,45235,656,585,0,585,21
2020-12-04,Colusa,011,21464,931,790,18,808,6
2020-12-04,Contra Costa,013,1133247,28548,25705,216,25921,264
2020-12-04,Del Norte,015,27424,469,401,0,401,2
2020-12-04,El Dorado,017,186661,3759,2933,70,3003,7
2020-12-04,Fresno,019,978130,48480,40108,2042,42150,522
2020-12-04,Glenn,021,27897,1164,1017,82,1099,8
2020-12-04,Humboldt,023,135768,1169,960,4,964,9
2020-12-04,Imperial,025,180216,18241,16484,178,16662,362
2020-12-04,Inyo,027,18085,364,324,6,330,15
2020-12-04,Kern,029,883053,47283,42497,2089,44586,485
2020-12-04,Kings,031,150075,13032,11767,281,12048,88
2020-12-04,Lake,033,64148,1206,1018,0,1018,20
2020-12-04,Lassen,035,31185,2793,2167,10,2177,0
2020-12-04,Los Angeles,037,10098052,473037,424164,8470,432634,7845
2020-12-04,Madera,039,155013,7534,6479,214,6693,58
2020-12-04,Marin,041,260295,8251,7896,44,7940,136
2020-12-04,Mariposa,043,17540,170,136,2,138,2
2020-12-04,Mendocino,045,87422,1759,1563,13,1576,23
2020-12-04,Merced,047,269075,13759,12474,169,12643,177
2020-12-04,Modoc,049,8938,153,115,28,143,0
2020-12-04,Mono,051,14174,648,549,10,559,3
2020-12-04,Monterey,053,433212,18681,16737,366,17103,127
2020-12-04,Napa,055,140530,4039,3432,21,3453,19
2020-12-04,Nevada,057,99092,1951,1560,50,1610,10
2020-12-04,Orange,059,3164182,96881,83738,3023,86761,1597
2020-12-04,Placer,061,380077,9486,7461,228,7689,76
2020-12-04,Plumas,063,18699,300,232,0,232,0
2020-12-04,Riverside,065,2383286,112816,95255,3069,98324,1475
2020-12-04,Sacramento,067,1510023,45808,41061,201,41262,618
2020-12-04,San Benito,069,59416,2283,2006,15,2021,17
2020-12-04,San Bernardino,071,2135413,122323,102418,2492,104910,1290
2020-12-04,San Diego,073,3302833,98891,88183,3981,92164,1047
2020-12-04,San Francisco,075,870044,17690,16499,133,16632,161
2020-12-04,San Joaquin,077,732212,31573,27806,701,28507,522
2020-12-04,San Luis Obispo,079,281455,7482,6473,128,6601,42
2020-12-04,San Mateo,081,765935,17244,15112,20,15132,173
2020-12-04,Santa Barbara,083,443738,12819,11947,255,12202,141
2020-12-04,Santa Clara,085,1922200,44975,37465,125,37590,468
2020-12-04,Santa Cruz,087,273765,5822,4985,89,5074,32
2020-12-04,Shasta,089,179085,6465,5439,330,5769,49
2020-12-04,Sierra,091,2930,19,17,0,17,0
2020-12-04,Siskiyou,093,43540,785,639,56,695,2
2020-12-04,Solano,095,438530,12419,11037,100,11137,87
2020-12-04,Sonoma,097,501317,14275,12962,85,13047,164
2020-12-04,Stanislaus,099,539301,25538,23206,1791,24997,448
2020-12-04,Sutter,101,95872,4518,3791,14,3805,20
2020-12-04,Tehama,103,63373,2138,1876,104,1980,9
2020-12-04,Trinity,105,12862,325,172,39,211,0
2020-12-04,Tulare,107,460477,24750,22273,2047,24320,322
2020-12-04,Tuolumne,109,53932,1398,1134,9,1143,7
2020-12-04,Ventura,111,848112,25188,22024,786,22810,189
2020-12-04,Yolo,113,214977,5964,5294,21,5315,87
2020-12-04,Yuba,115,75493,2586,2225,19,2244,10
2020-12-03,Alameda,001,1643700,35108,31184,451,31635,465
2020-12-03,Alpine,003,1148,57,53,0,53,0
2020-12-03,Amador,005,37829,1132,653,3,656,16
2020-12-03,Butte,007,227075,4880,4305,286,4591,65
2020-12-03,Calaveras,009,45235,636,572,0,572,21
2020-12-03,Colusa,011,21464,918,774,17,791,6
2020-12-03,Contra Costa,013,1133247,28046,25464,209,25673,265
2020-12-03,Del Norte,015,27424,465,388,0,388,2
2020-12-03,El Dorado,017,186661,3633,2740,68,2808,6
2020-12-03,Fresno,019,978130,47727,39680,1970,41650,516
2020-12-03,Glenn,021,27897,1146,997,74,1071,8
2020-12-03,Humboldt,023,135768,1139,923,4,927,9
2020-12-03,Imperial,025,180216,18036,16436,166,16602,359
2020-12-03,Inyo,027,18085,361,321,6,327,15
2020-12-03,Kern,029,883053,46437,42062,1988,44050,483
2020-12-03,Kings,031,150075,12933,11658,269,11927,87
2020-12-03,Lake,033,64148,1191,991,0,991,20
2020-12-03,Lassen,035,31185,2753,2128,9,2137,0
2020-12-03,Los Angeles,037,10098052,462942,415805,8107,423912,7787
2020-12-03,Madera,039,155013,7411,6398,209,6607,58
2020-12-03,Marin,041,260295,8191,7861,40,7901,136
2020-12-03,Mariposa,043,17540,166,132,2,134,2
2020-12-03,Mendocino,045,87422,1742,1547,10,1557,23
2020-12-03,Merced,047,269075,13514,12310,161,12471,177
2020-12-03,Modoc,049,8938,151,114,28,142,0
2020-12-03,Mono,051,14174,626,527,10,537,3
2020-12-03,Monterey,053,433212,18220,16218,356,16574,125
2020-12-03,Napa,055,140530,3925,3360,21,3381,19
2020-12-03,Nevada,057,99092,1873,1472,49,1521,10
2020-12-03,Orange,059,3164182,94347,82187,2954,85141,1591
2020-12-03,Placer,061,380077,9284,7270,212,7482,73
2020-12-03,Plumas,063,18699,285,223,0,223,0
2020-12-03,Riverside,065,2383286,110053,92489,2907,95396,1461
2020-12-03,Sacramento,067,1510023,44749,40280,188,40468,614
2020-12-03,San Benito,069,59416,2237,1967,15,1982,16
2020-12-03,San Bernardino,071,2135413,118995,100787,2408,103195,1283
2020-12-03,San Diego,073,3302833,97076,86144,3863,90007,1040
2020-12-03,San Francisco,075,870044,17468,16236,132,16368,161
2020-12-03,San Joaquin,077,732212,30850,27239,656,27895,522
2020-12-03,San Luis Obispo,079,281455,7314,6388,127,6515,42
2020-12-03,San Mateo,081,765935,16891,14909,20,14929,173
2020-12-03,Santa Barbara,083,443738,12690,11829,249,12078,141
2020-12-03,Santa Clara,085,1922200,43779,36621,119,36740,465
2020-12-03,Santa Cruz,087,273765,5678,4850,85,4935,28
2020-12-03,Shasta,089,179085,6356,5330,323,5653,48
2020-12-03,Sierra,091,2930,19,17,0,17,0
2020-12-03,Siskiyou,093,43540,770,629,53,682,2
2020-12-03,Solano,095,438530,12205,10857,97,10954,87
2020-12-03,Sonoma,097,501317,14032,12772,84,12856,164
2020-12-03,Stanislaus,099,539301,25127,22821,1743,24564,447
2020-12-03,Sutter,101,95872,4434,3727,14,3741,20
2020-12-03,Tehama,103,63373,2086,1832,97,1929,9
2020-12-03,Trinity,105,12862,322,166,39,205,0
2020-12-03,Tulare,107,460477,24351,21993,1954,23947,321
2020-12-03,Tuolumne,109,53932,1356,1105,9,1114,7
2020-12-03,Ventura,111,848112,24485,21555,773,22328,187
2020-12-03,Yolo,113,214977,5826,5069,21,5090,87
2020-12-03,Yuba,115,75493,2516,2182,18,2200,10
2020-12-02,Alameda,001,1643700,34481,30697,442,31139,463
2020-12-02,Alpine,003,1148,56,52,0,52,0
2020-12-02,Amador,005,37829,1060,585,3,588,16
2020-12-02,Butte,007,227075,4757,4243,276,4519,65
2020-12-02,Calaveras,009,45235,620,553,0,553,21
2020-12-02,Colusa,011,21464,902,756,16,772,6
2020-12-02,Contra Costa,013,1133247,27589,25147,197,25344,264
2020-12-02,Del Norte,015,27424,451,384,0,384,2
2020-12-02,El Dorado,017,186661,3531,2638,63,2701,5
2020-12-02,Fresno,019,978130,46971,39324,1871,41195,507
2020-12-02,Glenn,021,27897,1129,995,66,1061,7
2020-12-02,Humboldt,023,135768,1113,899,4,903,9
2020-12-02,Imperial,025,180216,17613,16360,159,16519,356
2020-12-02,Inyo,027,18085,354,314,6,320,15
2020-12-02,Kern,029,883053,45540,41660,1891,43551,479
2020-12-02,Kings,031,150075,12580,11531,255,11786,86
2020-12-02,Lake,033,64148,1160,971,0,971,20
2020-12-02,Lassen,035,31185,2694,2115,9,2124,0
2020-12-02,Los Angeles,037,10098052,452889,408289,7773,416062,7739
2020-12-02,Madera,039,155013,7287,6370,203,6573,57
2020-12-02,Marin,041,260295,8144,7819,38,7857,136
2020-12-02,Mariposa,043,17540,163,131,2,133,2
2020-12-02,Mendocino,045,87422,1709,1524,10,1534,23
2020-12-02,Merced,047,269075,13271,12168,153,12321,173
2020-12-02,Modoc,049,8938,148,113,28,141,0
2020-12-02,Mono,051,14174,617,520,10,530,3
2020-12-02,Monterey,053,433212,17740,16064,317,16381,121
2020-12-02,Napa,055,140530,3822,3298,20,3318,19
2020-12-02,Nevada,057,99092,1811,1430,48,1478,9
2020-12-02,Orange,059,3164182,92149,81046,2874,83920,1569
2020-12-02,Placer,061,380077,9050,6941,199,7140,73
2020-12-02,Plumas,063,18699,272,218,0,218,0
2020-12-02,Riverside,065,2383286,107334,90089,2727,92816,1451
2020-12-02,Sacramento,067,1510023,43709,39334,177,39511,597
2020-12-02,San Benito,069,59416,2172,1921,15,1936,16
2020-12-02,San Bernardino,071,2135413,115423,98567,2301,100868,1240
2020-12-02,San Diego,073,3302833,95160,84640,3748,88388,1035
2020-12-02,San Francisco,075,870044,17232,16058,130,16188,157
2020-12-02,San Joaquin,077,732212,30229,26740,632,27372,519
2020-12-02,San Luis Obispo,079,281455,7215,6324,125,6449,42
2020-12-02,San Mateo,081,765935,16528,14757,19,14776,170
2020-12-02,Santa Barbara,083,443738,12539,11705,237,11942,140
2020-12-02,Santa Clara,085,1922200,42664,35878,119,35997,458
2020-12-02,Santa Cruz,087,273765,5546,4766,82,4848,27
2020-12-02,Shasta,089,179085,6233,5188,306,5494,47
2020-12-02,Sierra,091,2930,19,17,0,17,0
2020-12-02,Siskiyou,093,43540,754,624,51,675,1
2020-12-02,Solano,095,438530,11959,10701,93,10794,87
2020-12-02,Sonoma,097,501317,13793,12635,83,12718,163
2020-12-02,Stanislaus,099,539301,24626,22615,1688,24303,448
2020-12-02,Sutter,101,95872,4275,3604,14,3618,18
2020-12-02,Tehama,103,63373,2041,1800,82,1882,9
2020-12-02,Trinity,105,12862,312,165,38,203,0
2020-12-02,Tulare,107,460477,23971,21789,1875,23664,321
2020-12-02,Tuolumne,109,53932,1315,1076,9,1085,7
2020-12-02,Ventura,111,848112,24074,21208,755,21963,186
2020-12-02,Yolo,113,214977,5715,5053,20,5073,87
2020-12-02,Yuba,115,75493,2439,2119,17,2136,10
2020-12-01,Alameda,001,1643700,33789,30252,430,30682,460
2020-12-01,Alpine,003,1148,56,41,0,41,0
2020-12-01,Amador,005,37829,913,575,2,577,16
2020-12-01,Butte,007,227075,4651,4177,262,4439,65
2020-12-01,Calaveras,009,45235,602,544,0,544,21
2020-12-01,Colusa,011,21464,885,747,16,763,6
2020-12-01,Contra Costa,013,1133247,27019,24788,189,24977,264
2020-12-01,Del Norte,015,27424,423,357,0,357,2
2020-12-01,El Dorado,017,186661,3386,2542,58,2600,4
2020-12-01,Fresno,019,978130,46069,39004,1794,40798,505
2020-12-01,Glenn,021,27897,1108,989,62,1051,7
2020-12-01,Humboldt,023,135768,1083,886,4,890,9
2020-12-01,Imperial,025,180216,17296,16278,156,16434,356
2020-12-01,Inyo,027,18085,347,304,6,310,15
2020-12-01,Kern,029,883053,44737,41345,1760,43105,478
2020-12-01,Kings,031,150075,12265,11415,241,11656,86
2020-12-01,Lake,033,64148,1141,969,0,969,19
2020-12-01,Lassen,035,31185,2528,2047,8,2055,0
2020-12-01,Los Angeles,037,10098052,442517,403266,7455,410721,7704
2020-12-01,Madera,039,155013,7170,6270,193,6463,57
2020-12-01,Marin,041,260295,8074,7787,37,7824,136
2020-12-01,Mariposa,043,17540,158,128,2,130,2
2020-12-01,Mendocino,045,87422,1675,1497,10,1507,23
2020-12-01,Merced,047,269075,13028,12032,144,12176,172
2020-12-01,Modoc,049,8938,143,113,24,137,0
2020-12-01,Mono,051,14174,604,520,10,530,3
2020-12-01,Monterey,053,433212,17233,15835,306,16141,121
2020-12-01,Napa,055,140530,3738,3124,19,3143,19
2020-12-01,Nevada,057,99092,1749,1411,47,1458,9
2020-12-01,Orange,059,3164182,90048,79468,2785,82253,1567
2020-12-01,Placer,061,380077,8726,6794,192,6986,72
2020-12-01,Plumas,063,18699,260,201,0,201,0
2020-12-01,Riverside,065,2383286,104525,88530,2565,91095,1448
2020-12-01,Sacramento,067,1510023,42660,38966,173,39139,589
2020-12-01,San Benito,069,59416,2117,1888,15,1903,15
2020-12-01,San Bernardino,071,2135413,111950,95854,2177,98031,1220
2020-12-01,San Diego,073,3302833,92903,83423,3638,87061,1019
2020-12-01,San Francisco,075,870044,16949,15797,126,15923,157
2020-12-01,San Joaquin,077,732212,29430,26432,611,27043,514
2020-12-01,San Luis Obispo,079,281455,7073,6264,120,6384,40
2020-12-01,San Mateo,081,765935,16203,14495,19,14514,170
2020-12-01,Santa Barbara,083,443738,12400,11611,227,11838,140
2020-12-01,Santa Clara,085,1922200,41409,35397,113,35510,452
2020-12-01,Santa Cruz,087,273765,5388,4638,74,4712,27
2020-12-01,Shasta,089,179085,6108,5077,286,5363,47
2020-12-01,Sierra,091,2930,19,17,0,17,0
2020-12-01,Siskiyou,093,43540,740,608,47,655,1
2020-12-01,Solano,095,438530,11699,10604,88,10692,87
2020-12-01,Sonoma,097,501317,13589,12491,80,12571,163
2020-12-01,Stanislaus,099,539301,24169,22351,1631,23982,447
2020-12-01,Sutter,101,95872,4133,3538,14,3552,17
2020-12-01,Tehama,103,63373,1975,1773,72,1845,9
2020-12-01,Trinity,105,12862,298,165,32,197,0
2020-12-01,Tulare,107,460477,23516,21645,1806,23451,319
2020-12-01,Tuolumne,109,53932,1279,1052,7,1059,7
2020-12-01,Ventura,111,848112,23461,20604,733,21337,186
2020-12-01,Yolo,113,214977,5575,4928,20,4948,86
2020-12-01,Yuba,115,75493,2373,2088,16,2104,10
2020-11-30,Alameda,001,1643700,32969,29972,413,30385,457
2020-11-30,Alpine,003,1148,54,41,0,41,0
2020-11-30,Amador,005,37829,872,559,2,561,16
2020-11-30,Butte,007,227075,4533,4148,246,4394,65
2020-11-30,Calaveras,009,45235,580,478,0,478,21
2020-11-30,Colusa,011,21464,858,737,12,749,6
2020-11-30,Contra Costa,013,1133247,26435,24365,185,24550,264
2020-11-30,Del Norte,015,27424,400,339,0,339,2
2020-11-30,El Dorado,017,186661,3212,2488,52,2540,4
2020-11-30,Fresno,019,978130,44959,38712,1680,40392,500
2020-11-30,Glenn,021,27897,1085,954,57,1011,5
2020-11-30,Humboldt,023,135768,1036,870,4,874,9
2020-11-30,Imperial,025,180216,17042,16212,135,16347,356
2020-11-30,Inyo,027,18085,342,304,5,309,15
2020-11-30,Kern,029,883053,43976,40941,1625,42566,473
2020-11-30,Kings,031,150075,12117,11346,226,11572,85
2020-11-30,Lake,033,64148,1109,939,0,939,18
2020-11-30,Lassen,035,31185,2436,1793,8,1801,0
2020-11-30,Los Angeles,037,10098052,431844,396202,7126,403328,7658
2020-11-30,Madera,039,155013,7004,6210,179,6389,57
2020-11-30,Marin,041,260295,8031,7764,36,7800,136
2020-11-30,Mariposa,043,17540,151,123,2,125,2
2020-11-30,Mendocino,045,87422,1647,1482,10,1492,23
2020-11-30,Merced,047,269075,12753,11913,133,12046,172
2020-11-30,Modoc,049,8938,133,113,24,137,0
2020-11-30,Mono,051,14174,582,519,10,529,3
2020-11-30,Monterey,053,433212,16803,15837,298,16135,119
2020-11-30,Napa,055,140530,3638,3091,19,3110,18
2020-11-30,Nevada,057,99092,1663,1347,44,1391,9
2020-11-30,Orange,059,3164182,87938,78711,2688,81399,1568
2020-11-30,Placer,061,380077,8430,6575,179,6754,72
2020-11-30,Plumas,063,18699,249,192,0,192,0
2020-11-30,Riverside,065,2383286,101532,87722,2418,90140,1446
2020-11-30,Sacramento,067,1510023,41580,37834,164,37998,586
2020-11-30,San Benito,069,59416,2070,1875,14,1889,15
2020-11-30,San Bernardino,071,2135413,108216,92704,2065,94769,1220
2020-11-30,San Diego,073,3302833,90540,82045,3511,85556,997
2020-11-30,San Francisco,075,870044,16649,15638,123,15761,157
2020-11-30,San Joaquin,077,732212,28722,25742,585,26327,509
2020-11-30,San Luis Obispo,079,281455,6939,6224,118,6342,36
2020-11-30,San Mateo,081,765935,15844,14276,19,14295,170
2020-11-30,Santa Barbara,083,443738,12222,11572,219,11791,140
2020-11-30,Santa Clara,085,1922200,40201,35019,112,35131,451
2020-11-30,Santa Cruz,087,273765,5250,4558,70,4628,26
2020-11-30,Shasta,089,179085,5963,4933,257,5190,44
2020-11-30,Sierra,091,2930,19,16,0,16,0
2020-11-30,Siskiyou,093,43540,731,605,43,648,1
2020-11-30,Solano,095,438530,11437,10392,83,10475,87
2020-11-30,Sonoma,097,501317,13344,12232,76,12308,163
2020-11-30,Stanislaus,099,539301,23706,22110,1587,23697,446
2020-11-30,Sutter,101,95872,3976,3430,13,3443,16
2020-11-30,Tehama,103,63373,1926,1724,65,1789,9
2020-11-30,Trinity,105,12862,292,162,32,194,0
2020-11-30,Tulare,107,460477,23130,20833,1712,22545,319
2020-11-30,Tuolumne,109,53932,1234,1027,7,1034,7
2020-11-30,Ventura,111,848112,22705,20308,717,21025,180
2020-11-30,Yolo,113,214977,5464,4894,20,4914,81
2020-11-30,Yuba,115,75493,2312,2028,14,2042,10
2020-11-29,Alameda,001,1643700,32182,29918,389,30307,457
2020-11-29,Alpine,003,1148,51,41,0,41,0
2020-11-29,Amador,005,37829,721,548,2,550,16
2020-11-29,Butte,007,227075,4431,4008,229,4237,65
2020-11-29,Calaveras,009,45235,549,478,0,478,21
2020-11-29,Colusa,011,21464,829,723,8,731,6
2020-11-29,Contra Costa,013,1133247,25932,24165,179,24344,264
2020-11-29,Del Norte,015,27424,394,339,0,339,2
2020-11-29,El Dorado,017,186661,3081,2447,50,2497,4
2020-11-29,Fresno,019,978130,44007,38568,1608,40176,500
2020-11-29,Glenn,021,27897,1062,951,55,1006,4
2020-11-29,Humboldt,023,135768,1007,856,4,860,9
2020-11-29,Imperial,025,180216,16812,16138,108,16246,356
2020-11-29,Inyo,027,18085,327,289,5,294,15
2020-11-29,Kern,029,883053,43213,40596,1477,42073,473
2020-11-29,Kings,031,150075,11966,11247,208,11455,85
2020-11-29,Lake,033,64148,1085,927,0,927,18
2020-11-29,Lassen,035,31185,2333,1793,8,1801,0
2020-11-29,Los Angeles,037,10098052,421435,391162,6829,397991,7642
2020-11-29,Madera,039,155013,6861,6184,173,6357,57
2020-11-29,Marin,041,260295,7965,7739,33,7772,135
2020-11-29,Mariposa,043,17540,147,123,2,125,2
2020-11-29,Mendocino,045,87422,1613,1473,10,1483,23
2020-11-29,Merced,047,269075,12514,11773,124,11897,172
2020-11-29,Modoc,049,8938,129,105,22,127,0
2020-11-29,Mono,051,14174,559,515,9,524,3
2020-11-29,Monterey,053,433212,16490,15621,291,15912,119
2020-11-29,Napa,055,140530,3533,3090,18,3108,18
2020-11-29,Nevada,057,99092,1583,1311,42,1353,9
2020-11-29,Orange,059,3164182,85919,78057,2641,80698,1567
2020-11-29,Placer,061,380077,8132,6535,167,6702,72
2020-11-29,Plumas,063,18699,244,191,0,191,0
2020-11-29,Riverside,065,2383286,99138,87383,2264,89647,1442
2020-11-29,Sacramento,067,1510023,40502,37415,155,37570,585
2020-11-29,San Benito,069,59416,2026,1860,14,1874,15
2020-11-29,San Bernardino,071,2135413,104869,92052,1949,94001,1223
2020-11-29,San Diego,073,3302833,88129,81086,3358,84444,997
2020-11-29,San Francisco,075,870044,16368,15571,116,15687,153
2020-11-29,San Joaquin,077,732212,27978,25740,579,26319,509
2020-11-29,San Luis Obispo,079,281455,6816,6145,118,6263,36
2020-11-29,San Mateo,081,765935,15512,14177,19,14196,169
2020-11-29,Santa Barbara,083,443738,12067,11520,215,11735,140
2020-11-29,Santa Clara,085,1922200,38995,34234,106,34340,451
2020-11-29,Santa Cruz,087,273765,5091,4490,68,4558,26
2020-11-29,Shasta,089,179085,5791,4935,229,5164,43
2020-11-29,Sierra,091,2930,19,16,0,16,0
2020-11-29,Siskiyou,093,43540,708,590,41,631,1
2020-11-29,Solano,095,438530,11205,10393,79,10472,87
2020-11-29,Sonoma,097,501317,13092,12052,72,12124,163
2020-11-29,Stanislaus,099,539301,23210,21701,1553,23254,446
2020-11-29,Sutter,101,95872,3861,3297,13,3310,16
2020-11-29,Tehama,103,63373,1875,1710,51,1761,9
2020-11-29,Trinity,105,12862,289,159,30,189,0
2020-11-29,Tulare,107,460477,22761,20793,1635,22428,319
2020-11-29,Tuolumne,109,53932,1197,988,7,995,7
2020-11-29,Ventura,111,848112,22021,19952,704,20656,179
2020-11-29,Yolo,113,214977,5326,4830,19,4849,80
2020-11-29,Yuba,115,75493,2256,1959,14,1973,10
2020-11-28,Alameda,001,1643700,31873,29368,384,29752,456
2020-11-28,Alpine,003,1148,51,41,0,41,0
2020-11-28,Amador,005,37829,644,536,2,538,16
2020-11-28,Butte,007,227075,4373,3894,225,4119,65
2020-11-28,Calaveras,009,45235,544,478,0,478,21
2020-11-28,Colusa,011,21464,820,711,6,717,6
2020-11-28,Contra Costa,013,1133247,25600,23798,175,23973,264
2020-11-28,Del Norte,015,27424,384,328,0,328,2
2020-11-28,El Dorado,017,186661,3013,2415,44,2459,4
2020-11-28,Fresno,019,978130,43660,38288,1569,39857,500
2020-11-28,Glenn,021,27897,1051,925,51,976,4
2020-11-28,Humboldt,023,135768,972,844,4,848,9
2020-11-28,Imperial,025,180216,16746,16019,106,16125,356
2020-11-28,Inyo,027,18085,319,289,5,294,15
2020-11-28,Kern,029,883053,42850,40255,1388,41643,473
2020-11-28,Kings,031,150075,11901,11070,201,11271,85
2020-11-28,Lake,033,64148,1070,920,0,920,18
2020-11-28,Lassen,035,31185,2266,1714,8,1722,0
2020-11-28,Los Angeles,037,10098052,416520,386194,6671,392865,7625
2020-11-28,Madera,039,155013,6759,6119,166,6285,57
2020-11-28,Marin,041,260295,7935,7696,29,7725,135
2020-11-28,Mariposa,043,17540,144,120,2,122,2
2020-11-28,Mendocino,045,87422,1582,1458,10,1468,22
2020-11-28,Merced,047,269075,12416,11688,118,11806,172
2020-11-28,Modoc,049,8938,126,103,22,125,0
2020-11-28,Mono,051,14174,553,505,9,514,3
2020-11-28,Monterey,053,433212,16324,15328,287,15615,118
2020-11-28,Napa,055,140530,3481,3033,18,3051,18
2020-11-28,Nevada,057,99092,1554,1272,40,1312,9
2020-11-28,Orange,059,3164182,84821,76882,2594,79476,1568
2020-11-28,Placer,061,380077,7971,6497,164,6661,70
2020-11-28,Plumas,063,18699,237,188,0,188,0
2020-11-28,Riverside,065,2383286,97729,86854,2161,89015,1440
2020-11-28,Sacramento,067,1510023,39924,36905,151,37056,580
2020-11-28,San Benito,069,59416,1980,1835,14,1849,15
2020-11-28,San Bernardino,071,2135413,103465,91183,1846,93029,1224
2020-11-28,San Diego,073,3302833,86875,80020,3274,83294,997
2020-11-28,San Francisco,075,870044,16192,15450,108,15558,153
2020-11-28,San Joaquin,077,732212,27777,25742,564,26306,509
2020-11-28,San Luis Obispo,079,281455,6746,6106,114,6220,36
2020-11-28,San Mateo,081,765935,15321,14040,19,14059,169
2020-11-28,Santa Barbara,083,443738,11965,11481,210,11691,140
2020-11-28,Santa Clara,085,1922200,38250,33701,104,33805,449
2020-11-28,Santa Cruz,087,273765,5014,4426,68,4494,26
2020-11-28,Shasta,089,179085,5714,4882,222,5104,43
2020-11-28,Sierra,091,2930,19,16,0,16,0
2020-11-28,Siskiyou,093,43540,698,558,38,596,1
2020-11-28,Solano,095,438530,11086,10252,77,10329,87
2020-11-28,Sonoma,097,501317,12988,12008,63,12071,162
2020-11-28,Stanislaus,099,539301,22971,21574,1518,23092,446
2020-11-28,Sutter,101,95872,3777,3244,13,3257,15
2020-11-28,Tehama,103,63373,1856,1678,46,1724,9
2020-11-28,Trinity,105,12862,286,157,28,185,0
2020-11-28,Tulare,107,460477,22564,20701,1593,22294,319
2020-11-28,Tuolumne,109,53932,1175,976,7,983,7
2020-11-28,Ventura,111,848112,21723,19510,694,20204,179
2020-11-28,Yolo,113,214977,5252,4739,17,4756,80
2020-11-28,Yuba,115,75493,2203,1912,14,1926,10
2020-11-27,Alameda,001,1643700,31433,29064,373,29437,450
2020-11-27,Alpine,003,1148,51,41,0,41,0
2020-11-27,Amador,005,37829,597,498,1,499,16
2020-11-27,Butte,007,227075,4332,3894,219,4113,65
2020-11-27,Calaveras,009,45235,535,478,0,478,21
2020-11-27,Colusa,011,21464,803,694,4,698,6
2020-11-27,Contra Costa,013,1133247,25341,23463,169,23632,264
2020-11-27,Del Norte,015,27424,378,307,0,307,2
2020-11-27,El Dorado,017,186661,2942,2238,41,2279,4
2020-11-27,Fresno,019,978130,43254,37994,1511,39505,500
2020-11-27,Glenn,021,27897,1038,891,46,937,4
2020-11-27,Humboldt,023,135768,953,795,3,798,9
2020-11-27,Imperial,025,180216,16678,15960,97,16057,356
2020-11-27,Inyo,027,18085,313,289,5,294,15
2020-11-27,Kern,029,883053,42426,39707,1318,41025,473
2020-11-27,Kings,031,150075,11815,10667,183,10850,85
2020-11-27,Lake,033,64148,1034,909,0,909,18
2020-11-27,Lassen,035,31185,2254,1714,8,1722,0
2020-11-27,Los Angeles,037,10098052,410011,382740,6517,389257,7606
2020-11-27,Madera,039,155013,6687,6050,160,6210,57
2020-11-27,Marin,041,260295,7892,7660,29,7689,135
2020-11-27,Mariposa,043,17540,142,118,2,120,2
2020-11-27,Mendocino,045,87422,1568,1387,9,1396,22
2020-11-27,Merced,047,269075,12310,11550,111,11661,172
2020-11-27,Modoc,049,8938,125,100,22,122,0
2020-11-27,Mono,051,14174,549,498,9,507,3
2020-11-27,Monterey,053,433212,16156,14753,287,15040,113
2020-11-27,Napa,055,140530,3441,2988,18,3006,18
2020-11-27,Nevada,057,99092,1524,1184,38,1222,9
2020-11-27,Orange,059,3164182,83532,75151,2555,77706,1568
2020-11-27,Placer,061,380077,7811,6283,154,6437,68
2020-11-27,Plumas,063,18699,234,188,0,188,0
2020-11-27,Riverside,065,2383286,96119,85769,2008,87777,1440
2020-11-27,Sacramento,067,1510023,39303,36579,147,36726,579
2020-11-27,San Benito,069,59416,1946,1805,13,1818,15
2020-11-27,San Bernardino,071,2135413,101949,90254,1764,92018,1224
2020-11-27,San Diego,073,3302833,85681,78161,3185,81346,996
2020-11-27,San Francisco,075,870044,16036,15377,106,15483,153
2020-11-27,San Joaquin,077,732212,27556,25741,544,26285,509
2020-11-27,San Luis Obispo,079,281455,6663,6039,111,6150,36
2020-11-27,San Mateo,081,765935,15119,13872,18,13890,169
2020-11-27,Santa Barbara,083,443738,11872,11340,207,11547,140
2020-11-27,Santa Clara,085,1922200,37574,32935,97,33032,449
2020-11-27,Santa Cruz,087,273765,4943,4358,66,4424,26
2020-11-27,Shasta,089,179085,5637,4710,209,4919,43
2020-11-27,Sierra,091,2930,18,16,0,16,0
2020-11-27,Siskiyou,093,43540,683,554,35,589,1
2020-11-27,Solano,095,438530,10967,10044,74,10118,87
2020-11-27,Sonoma,097,501317,12855,11924,61,11985,162
2020-11-27,Stanislaus,099,539301,22743,21185,1488,22673,446
2020-11-27,Sutter,101,95872,3709,3101,13,3114,15
2020-11-27,Tehama,103,63373,1828,1649,42,1691,9
2020-11-27,Trinity,105,12862,282,151,28,179,0
2020-11-27,Tulare,107,460477,22376,20634,1536,22170,319
2020-11-27,Tuolumne,109,53932,1143,881,7,888,7
2020-11-27,Ventura,111,848112,21399,19379,672,20051,179
2020-11-27,Yolo,113,214977,5202,4737,17,4754,79
2020-11-27,Yuba,115,75493,2174,1864,13,1877,10
2020-11-26,Alameda,001,1643700,31020,28797,355,29152,447
2020-11-26,Alpine,003,1148,51,41,0,41,0
2020-11-26,Amador,005,37829,589,488,1,489,16
2020-11-26,Butte,007,227075,4269,3894,213,4107,65
2020-11-26,Calaveras,009,45235,508,478,0,478,21
2020-11-26,Colusa,011,21464,789,694,4,698,6
2020-11-26,Contra Costa,013,1133247,25007,23468,163,23631,264
2020-11-26,Del Norte,015,27424,367,307,0,307,2
2020-11-26,El Dorado,017,186661,2861,2217,39,2256,4
2020-11-26,Fresno,019,978130,42848,37724,1466,39190,500
2020-11-26,Glenn,021,27897,1022,892,44,936,4
2020-11-26,Humboldt,023,135768,930,795,2,797,9
2020-11-26,Imperial,025,180216,16567,15722,93,15815,355
2020-11-26,Inyo,027,18085,312,289,5,294,15
2020-11-26,Kern,029,883053,41976,39123,1256,40379,471
2020-11-26,Kings,031,150075,11760,10475,171,10646,85
2020-11-26,Lake,033,64148,1021,890,0,890,18
2020-11-26,Lassen,035,31185,2239,1714,8,1722,0
2020-11-26,Los Angeles,037,10098052,404854,378340,6282,384622,7581
2020-11-26,Madera,039,155013,6612,6003,154,6157,57
2020-11-26,Marin,041,260295,7855,7610,29,7639,135
2020-11-26,Mariposa,043,17540,137,116,2,118,2
2020-11-26,Mendocino,045,87422,1554,1387,7,1394,22
2020-11-26,Merced,047,269075,12163,11440,109,11549,172
2020-11-26,Modoc,049,8938,123,100,22,122,0
2020-11-26,Mono,051,14174,541,485,9,494,2
2020-11-26,Monterey,053,433212,15920,14750,279,15029,113
2020-11-26,Napa,055,140530,3377,2988,18,3006,18
2020-11-26,Nevada,057,99092,1479,1184,38,1222,9
2020-11-26,Orange,059,3164182,82145,74264,2493,76757,1563
2020-11-26,Placer,061,380077,7649,6278,145,6423,68
2020-11-26,Plumas,063,18699,226,188,0,188,0
2020-11-26,Riverside,065,2383286,94515,85774,1884,87658,1440
2020-11-26,Sacramento,067,1510023,38661,35854,139,35993,580
2020-11-26,San Benito,069,59416,1919,1769,13,1782,15
2020-11-26,San Bernardino,071,2135413,100294,89727,1672,91399,1223
2020-11-26,San Diego,073,3302833,84071,76359,3081,79440,996
2020-11-26,San Francisco,075,870044,15900,15156,103,15259,153
2020-11-26,San Joaquin,077,732212,27299,25738,532,26270,509
2020-11-26,San Luis Obispo,079,281455,6570,5964,108,6072,36
2020-11-26,San Mateo,081,765935,14930,13715,17,13732,169
2020-11-26,Santa Barbara,083,443738,11791,11277,206,11483,139
2020-11-26,Santa Clara,085,1922200,36931,32411,89,32500,446
2020-11-26,Santa Cruz,087,273765,4812,4269,60,4329,26
2020-11-26,Shasta,089,179085,5554,4712,198,4910,43
2020-11-26,Sierra,091,2930,18,15,0,15,0
2020-11-26,Siskiyou,093,43540,673,526,34,560,1
2020-11-26,Solano,095,438530,10824,9941,72,10013,87
2020-11-26,Sonoma,097,501317,12707,11922,59,11981,162
2020-11-26,Stanislaus,099,539301,22511,21186,1447,22633,445
2020-11-26,Sutter,101,95872,3615,3101,12,3113,15
2020-11-26,Tehama,103,63373,1785,1612,39,1651,9
2020-11-26,Trinity,105,12862,278,139,28,167,0
2020-11-26,Tulare,107,460477,22136,20649,1472,22121,319
2020-11-26,Tuolumne,109,53932,1115,871,7,878,7
2020-11-26,Ventura,111,848112,20903,19058,658,19716,179
2020-11-26,Yolo,113,214977,5113,4566,17,4583,76
2020-11-26,Yuba,115,75493,2114,1865,11,1876,10
2020-11-25,Alameda,001,1643700,30805,28378,347,28725,447
2020-11-25,Alpine,003,1148,51,41,0,41,0
2020-11-25,Amador,005,37829,579,484,1,485,16
2020-11-25,Butte,007,227075,4238,3848,210,4058,64
2020-11-25,Calaveras,009,45235,505,475,0,475,21
2020-11-25,Colusa,011,21464,772,693,4,697,6
2020-11-25,Contra Costa,013,1133247,24852,23307,162,23469,263
2020-11-25,Del Norte,015,27424,366,304,0,304,2
2020-11-25,El Dorado,017,186661,2825,2154,39,2193,4
2020-11-25,Fresno,019,978130,42615,37349,1444,38793,494
2020-11-25,Glenn,021,27897,1005,891,42,933,4
2020-11-25,Humboldt,023,135768,922,777,2,779,9
2020-11-25,Imperial,025,180216,16496,15640,92,15732,355
2020-11-25,Inyo,027,18085,310,289,5,294,15
2020-11-25,Kern,029,883053,41820,38878,1237,40115,467
2020-11-25,Kings,031,150075,11725,10417,167,10584,85
2020-11-25,Lake,033,64148,1004,878,0,878,18
2020-11-25,Lassen,035,31185,2196,1701,8,1709,0
2020-11-25,Los Angeles,037,10098052,401823,373919,6180,380099,7545
2020-11-25,Madera,039,155013,6590,5989,151,6140,57
2020-11-25,Marin,041,260295,7828,7601,28,7629,135
2020-11-25,Mariposa,043,17540,136,114,2,116,2
2020-11-25,Mendocino,045,87422,1535,1373,7,1380,22
2020-11-25,Merced,047,269075,12105,11346,109,11455,172
2020-11-25,Modoc,049,8938,123,96,22,118,0
2020-11-25,Mono,051,14174,536,487,9,496,2
2020-11-25,Monterey,053,433212,15804,14695,277,14972,113
2020-11-25,Napa,055,140530,3344,2945,18,2963,17
2020-11-25,Nevada,057,99092,1461,1170,36,1206,9
2020-11-25,Orange,059,3164182,81390,73014,2473,75487,1551
2020-11-25,Placer,061,380077,7572,6221,144,6365,68
2020-11-25,Plumas,063,18699,221,183,0,183,0
2020-11-25,Riverside,065,2383286,93972,85077,1866,86943,1438
2020-11-25,Sacramento,067,1510023,38325,35687,136,35823,574
2020-11-25,San Benito,069,59416,1896,1764,13,1777,15
2020-11-25,San Bernardino,071,2135413,99454,88469,1643,90112,1225
2020-11-25,San Diego,073,3302833,83414,75307,3045,78352,988
2020-11-25,San Francisco,075,870044,15795,15053,101,15154,153
2020-11-25,San Joaquin,077,732212,27172,25556,520,26076,515
2020-11-25,San Luis Obispo,079,281455,6527,5913,107,6020,34
2020-11-25,San Mateo,081,765935,14815,13614,17,13631,170
2020-11-25,Santa Barbara,083,443738,11741,11183,206,11389,138
2020-11-25,Santa Clara,085,1922200,36485,32032,88,32120,442
2020-11-25,Santa Cruz,087,273765,4759,4202,59,4261,25
2020-11-25,Shasta,089,179085,5508,4588,191,4779,43
2020-11-25,Sierra,091,2930,18,15,0,15,0
2020-11-25,Siskiyou,093,43540,666,499,34,533,1
2020-11-25,Solano,095,438530,10719,9832,71,9903,87
2020-11-25,Sonoma,097,501317,12644,11775,58,11833,162
2020-11-25,Stanislaus,099,539301,22380,21022,1420,22442,445
2020-11-25,Sutter,101,95872,3571,3064,12,3076,14
2020-11-25,Tehama,103,63373,1773,1587,33,1620,9
2020-11-25,Trinity,105,12862,276,135,28,163,0
2020-11-25,Tulare,107,460477,22046,20528,1441,21969,318
2020-11-25,Tuolumne,109,53932,1098,842,7,849,7
2020-11-25,Ventura,111,848112,20808,18914,652,19566,179
2020-11-25,Yolo,113,214977,5077,4527,17,4544,76
2020-11-25,Yuba,115,75493,2088,1840,11,1851,10
2020-11-24,Alameda,001,1643700,30326,28030,336,28366,444
2020-11-24,Alpine,003,1148,51,41,0,41,0
2020-11-24,Amador,005,37829,554,470,1,471,16
2020-11-24,Butte,007,227075,4153,3798,202,4000,63
2020-11-24,Calaveras,009,45235,498,466,0,466,21
2020-11-24,Colusa,011,21464,754,682,4,686,6
2020-11-24,Contra Costa,013,1133247,24500,23072,156,23228,259
2020-11-24,Del Norte,015,27424,357,298,0,298,2
2020-11-24,El Dorado,017,186661,2720,2005,38,2043,4
2020-11-24,Fresno,019,978130,42213,37021,1368,38389,493
2020-11-24,Glenn,021,27897,987,883,38,921,4
2020-11-24,Humboldt,023,135768,903,774,2,776,9
2020-11-24,Imperial,025,180216,16393,15600,87,15687,355
2020-11-24,Inyo,027,18085,309,282,5,287,15
2020-11-24,Kern,029,883053,41346,38551,1159,39710,465
2020-11-24,Kings,031,150075,11458,10338,154,10492,85
2020-11-24,Lake,033,64148,988,872,0,872,18
2020-11-24,Lassen,035,31185,2173,1657,8,1665,0
2020-11-24,Los Angeles,037,10098052,395511,370008,5946,375954,7501
2020-11-24,Madera,039,155013,6506,5881,145,6026,57
2020-11-24,Marin,041,260295,7781,7591,28,7619,135
2020-11-24,Mariposa,043,17540,126,114,1,115,2
2020-11-24,Mendocino,045,87422,1513,1346,6,1352,22
2020-11-24,Merced,047,269075,11917,11268,103,11371,171
2020-11-24,Modoc,049,8938,119,91,22,113,0
2020-11-24,Mono,051,14174,532,483,9,492,2
2020-11-24,Monterey,053,433212,15542,14354,265,14619,113
2020-11-24,Napa,055,140530,3278,2904,18,2922,17
2020-11-24,Nevada,057,99092,1397,1156,34,1190,9
2020-11-24,Orange,059,3164182,79948,71975,2392,74367,1547
2020-11-24,Placer,061,380077,7391,6147,137,6284,67
2020-11-24,Plumas,063,18699,218,180,0,180,0
2020-11-24,Riverside,065,2383286,92213,83685,1737,85422,1420
2020-11-24,Sacramento,067,1510023,37644,35097,129,35226,568
2020-11-24,San Benito,069,59416,1865,1740,12,1752,15
2020-11-24,San Bernardino,071,2135413,97112,86645,1541,88186,1226
2020-11-24,San Diego,073,3302833,82004,74363,2974,77337,984
2020-11-24,San Francisco,075,870044,15600,14874,97,14971,153
2020-11-24,San Joaquin,077,732212,26856,25318,492,25810,517
2020-11-24,San Luis Obispo,079,281455,6464,5805,106,5911,34
2020-11-24,San Mateo,081,765935,14606,13558,16,13574,170
2020-11-24,Santa Barbara,083,443738,11635,11154,204,11358,138
2020-11-24,Santa Clara,085,1922200,35696,31564,84,31648,438
2020-11-24,Santa Cruz,087,273765,4645,4132,58,4190,25
2020-11-24,Shasta,089,179085,5408,4410,172,4582,43
2020-11-24,Sierra,091,2930,18,15,0,15,0
2020-11-24,Siskiyou,093,43540,648,473,31,504,1
2020-11-24,Solano,095,438530,10548,9716,70,9786,86
2020-11-24,Sonoma,097,501317,12464,11644,55,11699,162
2020-11-24,Stanislaus,099,539301,22138,20830,1377,22207,438
2020-11-24,Sutter,101,95872,3465,2974,12,2986,14
2020-11-24,Tehama,103,63373,1724,1565,28,1593,9
2020-11-24,Trinity,105,12862,269,129,27,156,0
2020-11-24,Tulare,107,460477,21797,20319,1377,21696,315
2020-11-24,Tuolumne,109,53932,1069,832,7,839,7
2020-11-24,Ventura,111,848112,20427,18637,642,19279,179
2020-11-24,Yolo,113,214977,4993,4420,17,4437,76
2020-11-24,Yuba,115,75493,2037,1804,9,1813,10
2020-11-23,Alameda,001,1643700,29911,27718,324,28042,444
2020-11-23,Alpine,003,1148,49,41,0,41,0
2020-11-23,Amador,005,37829,513,457,1,458,16
2020-11-23,Butte,007,227075,4089,3765,196,3961,61
2020-11-23,Calaveras,009,45235,481,434,0,434,21
2020-11-23,Colusa,011,21464,740,662,4,666,6
2020-11-23,Contra Costa,013,1133247,24228,22674,151,22825,260
2020-11-23,Del Norte,015,27424,335,296,0,296,2
2020-11-23,El Dorado,017,186661,2600,2005,37,2042,4
2020-11-23,Fresno,019,978130,41764,36688,1306,37994,488
2020-11-23,Glenn,021,27897,961,853,38,891,4
2020-11-23,Humboldt,023,135768,890,746,2,748,9
2020-11-23,Imperial,025,180216,16224,15104,82,15186,355
2020-11-23,Inyo,027,18085,301,279,5,284,15
2020-11-23,Kern,029,883053,40833,38245,1096,39341,463
2020-11-23,Kings,031,150075,11038,10204,147,10351,85
2020-11-23,Lake,033,64148,965,840,0,840,18
2020-11-23,Lassen,035,31185,2093,1271,7,1278,0
2020-11-23,Los Angeles,037,10098052,389410,366374,5698,372072,7447
2020-11-23,Madera,039,155013,6380,5787,141,5928,56
2020-11-23,Marin,041,260295,7739,7543,28,7571,135
2020-11-23,Mariposa,043,17540,125,97,1,98,2
2020-11-23,Mendocino,045,87422,1483,1330,6,1336,22
2020-11-23,Merced,047,269075,11729,11148,100,11248,169
2020-11-23,Modoc,049,8938,105,91,21,112,0
2020-11-23,Mono,051,14174,519,480,9,489,2
2020-11-23,Monterey,053,433212,15263,14265,259,14524,112
2020-11-23,Napa,055,140530,3212,2811,17,2828,17
2020-11-23,Nevada,057,99092,1308,1087,34,1121,9
2020-11-23,Orange,059,3164182,78544,71074,2346,73420,1546
2020-11-23,Placer,061,380077,7189,5999,136,6135,66
2020-11-23,Plumas,063,18699,214,172,0,172,0
2020-11-23,Riverside,065,2383286,90434,82175,1672,83847,1415
2020-11-23,Sacramento,067,1510023,37074,34141,122,34263,556
2020-11-23,San Benito,069,59416,1838,1729,11,1740,15
2020-11-23,San Bernardino,071,2135413,95004,84387,1477,85864,1224
2020-11-23,San Diego,073,3302833,80541,72817,2886,75703,968
2020-11-23,San Francisco,075,870044,15442,14646,95,14741,153
2020-11-23,San Joaquin,077,732212,26507,24622,488,25110,517
2020-11-23,San Luis Obispo,079,281455,6382,5772,104,5876,34
2020-11-23,San Mateo,081,765935,14416,13364,16,13380,170
2020-11-23,Santa Barbara,083,443738,11528,10944,200,11144,137
2020-11-23,Santa Clara,085,1922200,35045,31064,81,31145,435
2020-11-23,Santa Cruz,087,273765,4535,4003,54,4057,25
2020-11-23,Shasta,089,179085,5290,4100,160,4260,43
2020-11-23,Sierra,091,2930,17,15,0,15,0
2020-11-23,Siskiyou,093,43540,621,460,30,490,0
2020-11-23,Solano,095,438530,10391,9394,67,9461,86
2020-11-23,Sonoma,097,501317,12291,11507,51,11558,160
2020-11-23,Stanislaus,099,539301,21845,20487,1344,21831,436
2020-11-23,Sutter,101,95872,3328,2840,11,2851,14
2020-11-23,Tehama,103,63373,1674,1526,24,1550,9
2020-11-23,Trinity,105,12862,260,120,25,145,0
2020-11-23,Tulare,107,460477,21503,19818,1311,21129,315
2020-11-23,Tuolumne,109,53932,1029,774,7,781,7
2020-11-23,Ventura,111,848112,20052,18480,629,19109,179
2020-11-23,Yolo,113,214977,4912,4265,16,4281,75
2020-11-23,Yuba,115,75493,1970,1702,9,1711,10
2020-11-22,Alameda,001,1643700,29474,27472,313,27785,444
2020-11-22,Alpine,003,1148,46,41,0,41,0
2020-11-22,Amador,005,37829,501,450,1,451,16
2020-11-22,Butte,007,227075,4038,3712,189,3901,61
2020-11-22,Calaveras,009,45235,472,434,0,434,21
2020-11-22,Colusa,011,21464,722,642,3,645,6
2020-11-22,Contra Costa,013,1133247,23924,22407,146,22553,260
2020-11-22,Del Norte,015,27424,311,271,0,271,2
2020-11-22,El Dorado,017,186661,2490,1917,34,1951,4
2020-11-22,Fresno,019,978130,41282,36315,1251,37566,488
2020-11-22,Glenn,021,27897,939,832,34,866,4
2020-11-22,Humboldt,023,135768,874,729,2,731,9
2020-11-22,Imperial,025,180216,16018,15109,37,15146,355
2020-11-22,Inyo,027,18085,295,279,5,284,15
2020-11-22,Kern,029,883053,40253,37904,1062,38966,463
2020-11-22,Kings,031,150075,10939,10035,138,10173,85
2020-11-22,Lake,033,64148,943,834,0,834,18
2020-11-22,Lassen,035,31185,1928,1211,6,1217,0
2020-11-22,Los Angeles,037,10098052,383129,360341,5451,365792,7438
2020-11-22,Madera,039,155013,6300,5745,130,5875,56
2020-11-22,Marin,041,260295,7704,7506,27,7533,135
2020-11-22,Mariposa,043,17540,124,95,1,96,2
2020-11-22,Mendocino,045,87422,1459,1285,5,1290,22
2020-11-22,Merced,047,269075,11580,10939,100,11039,169
2020-11-22,Modoc,049,8938,104,87,19,106,0
2020-11-22,Mono,051,14174,504,481,9,490,2
2020-11-22,Monterey,053,433212,15022,13887,253,14140,111
2020-11-22,Napa,055,140530,3131,2778,17,2795,17
2020-11-22,Nevada,057,99092,1250,1052,34,1086,9
2020-11-22,Orange,059,3164182,77132,69913,2307,72220,1546
2020-11-22,Placer,061,380077,6962,5880,126,6006,66
2020-11-22,Plumas,063,18699,201,172,0,172,0
2020-11-22,Riverside,065,2383286,88839,81565,1611,83176,1409
2020-11-22,Sacramento,067,1510023,36342,33421,109,33530,555
2020-11-22,San Benito,069,59416,1809,1704,11,1715,15
2020-11-22,San Bernardino,071,2135413,92658,83505,1407,84912,1224
2020-11-22,San Diego,073,3302833,78804,71649,2811,74460,968
2020-11-22,San Francisco,075,870044,15271,14515,94,14609,153
2020-11-22,San Joaquin,077,732212,26207,24619,476,25095,517
2020-11-22,San Luis Obispo,079,281455,6274,5664,103,5767,34
2020-11-22,San Mateo,081,765935,14210,13228,16,13244,170
2020-11-22,Santa Barbara,083,443738,11393,10946,195,11141,137
2020-11-22,Santa Clara,085,1922200,34367,30633,79,30712,434
2020-11-22,Santa Cruz,087,273765,4452,3896,47,3943,25
2020-11-22,Shasta,089,179085,5134,4100,142,4242,43
2020-11-22,Sierra,091,2930,17,13,0,13,0
2020-11-22,Siskiyou,093,43540,590,411,30,441,0
2020-11-22,Solano,095,438530,10219,9363,63,9426,86
2020-11-22,Sonoma,097,501317,12133,11415,49,11464,159
2020-11-22,Stanislaus,099,539301,21518,20223,1314,21537,436
2020-11-22,Sutter,101,95872,3211,2677,11,2688,13
2020-11-22,Tehama,103,63373,1640,1457,19,1476,9
2020-11-22,Trinity,105,12862,254,114,25,139,0
2020-11-22,Tulare,107,460477,21250,19818,1241,21059,314
2020-11-22,Tuolumne,109,53932,1003,689,7,696,7
2020-11-22,Ventura,111,848112,19691,18105,615,18720,179
2020-11-22,Yolo,113,214977,4812,4206,16,4222,75
2020-11-22,Yuba,115,75493,1917,1672,9,1681,10
2020-11-21,Alameda,001,1643700,29287,27424,311,27735,444
2020-11-21,Alpine,003,1148,46,41,0,41,0
2020-11-21,Amador,005,37829,487,450,1,451,16
2020-11-21,Butte,007,227075,3990,3664,186,3850,61
2020-11-21,Calaveras,009,45235,464,434,0,434,21
2020-11-21,Colusa,011,21464,713,642,3,645,6
2020-11-21,Contra Costa,013,1133247,23771,22338,144,22482,260
2020-11-21,Del Norte,015,27424,306,271,0,271,2
2020-11-21,El Dorado,017,186661,2441,1900,33,1933,4
2020-11-21,Fresno,019,978130,41026,35973,1217,37190,482
2020-11-21,Glenn,021,27897,934,829,32,861,4
2020-11-21,Humboldt,023,135768,864,728,2,730,9
2020-11-21,Imperial,025,180216,15941,15053,37,15090,355
2020-11-21,Inyo,027,18085,293,283,5,288,15
2020-11-21,Kern,029,883053,39997,37403,1027,38430,463
2020-11-21,Kings,031,150075,10891,10019,134,10153,85
2020-11-21,Lake,033,64148,930,832,0,832,18
2020-11-21,Lassen,035,31185,1861,1211,6,1217,0
2020-11-21,Los Angeles,037,10098052,379948,357754,5308,363062,7428
2020-11-21,Madera,039,155013,6263,5706,130,5836,56
2020-11-21,Marin,041,260295,7681,7488,26,7514,134
2020-11-21,Mariposa,043,17540,124,92,1,93,2
2020-11-21,Mendocino,045,87422,1428,1282,5,1287,22
2020-11-21,Merced,047,269075,11519,10849,99,10948,169
2020-11-21,Modoc,049,8938,100,87,18,105,0
2020-11-21,Mono,051,14174,499,469,9,478,2
2020-11-21,Monterey,053,433212,14924,13886,248,14134,110
2020-11-21,Napa,055,140530,3097,2757,17,2774,17
2020-11-21,Nevada,057,99092,1238,1018,33,1051,9
2020-11-21,Orange,059,3164182,76331,69021,2277,71298,1543
2020-11-21,Placer,061,380077,6848,5778,123,5901,65
2020-11-21,Plumas,063,18699,196,172,0,172,0
2020-11-21,Riverside,065,2383286,88062,80676,1565,82241,1407
2020-11-21,Sacramento,067,1510023,35946,33133,101,33234,548
2020-11-21,San Benito,069,59416,1790,1691,11,1702,15
2020-11-21,San Bernardino,071,2135413,91782,83206,1331,84537,1222
2020-11-21,San Diego,073,3302833,78025,70711,2756,73467,966
2020-11-21,San Francisco,075,870044,15168,14445,93,14538,153
2020-11-21,San Joaquin,077,732212,26074,24620,461,25081,517
2020-11-21,San Luis Obispo,079,281455,6221,5618,100,5718,34
2020-11-21,San Mateo,081,765935,14109,13138,16,13154,170
2020-11-21,Santa Barbara,083,443738,11341,10922,192,11114,137
2020-11-21,Santa Clara,085,1922200,33983,30377,76,30453,433
2020-11-21,Santa Cruz,087,273765,4395,3898,47,3945,25
2020-11-21,Shasta,089,179085,5060,4095,139,4234,42
2020-11-21,Sierra,091,2930,17,13,0,13,0
2020-11-21,Siskiyou,093,43540,574,403,30,433,0
2020-11-21,Solano,095,438530,10129,9290,60,9350,86
2020-11-21,Sonoma,097,501317,12058,11394,47,11441,158
2020-11-21,Stanislaus,099,539301,21375,20111,1289,21400,435
2020-11-21,Sutter,101,95872,3151,2615,10,2625,13
2020-11-21,Tehama,103,63373,1620,1435,18,1453,9
2020-11-21,Trinity,105,12862,251,110,24,134,0
2020-11-21,Tulare,107,460477,21124,19752,1207,20959,313
2020-11-21,Tuolumne,109,53932,984,690,7,697,7
2020-11-21,Ventura,111,848112,19527,18040,605,18645,177
2020-11-21,Yolo,113,214977,4738,4147,15,4162,75
2020-11-21,Yuba,115,75493,1885,1643,9,1652,10
2020-11-20,Alameda,001,1643700,29073,27221,304,27525,444
2020-11-20,Alpine,003,1148,46,20,0,20,0
2020-11-20,Amador,005,37829,483,446,1,447,16
2020-11-20,Butte,007,227075,3958,3618,182,3800,60
2020-11-20,Calaveras,009,45235,454,424,0,424,21
2020-11-20,Colusa,011,21464,705,631,2,633,6
2020-11-20,Contra Costa,013,1133247,23585,22116,140,22256,260
2020-11-20,Del Norte,015,27424,302,264,0,264,2
2020-11-20,El Dorado,017,186661,2345,1868,31,1899,4
2020-11-20,Fresno,019,978130,40732,35635,1187,36822,480
2020-11-20,Glenn,021,27897,922,826,30,856,4
2020-11-20,Humboldt,023,135768,855,714,1,715,9
2020-11-20,Imperial,025,180216,15879,14864,33,14897,353
2020-11-20,Inyo,027,18085,291,262,5,267,15
2020-11-20,Kern,029,883053,39704,37143,1002,38145,462
2020-11-20,Kings,031,150075,10843,9903,133,10036,85
2020-11-20,Lake,033,64148,921,820,0,820,18
2020-11-20,Lassen,035,31185,1776,1212,5,1217,0
2020-11-20,Los Angeles,037,10098052,376059,353554,5146,358700,7398
2020-11-20,Madera,039,155013,6169,5635,129,5764,54
2020-11-20,Marin,041,260295,7657,7467,25,7492,134
2020-11-20,Mariposa,043,17540,116,89,1,90,2
2020-11-20,Mendocino,045,87422,1408,1269,5,1274,22
2020-11-20,Merced,047,269075,11433,10729,99,10828,167
2020-11-20,Modoc,049,8938,100,83,18,101,0
2020-11-20,Mono,051,14174,497,469,9,478,2
2020-11-20,Monterey,053,433212,14799,13738,239,13977,110
2020-11-20,Napa,055,140530,3067,2718,17,2735,17
2020-11-20,Nevada,057,99092,1220,990,32,1022,9
2020-11-20,Orange,059,3164182,75495,68212,2239,70451,1532
2020-11-20,Placer,061,380077,6713,5687,108,5795,66
2020-11-20,Plumas,063,18699,194,163,0,163,0
2020-11-20,Riverside,065,2383286,87051,79613,1502,81115,1405
2020-11-20,Sacramento,067,1510023,35570,32832,94,32926,549
2020-11-20,San Benito,069,59416,1778,1668,11,1679,15
2020-11-20,San Bernardino,071,2135413,90415,81203,1249,82452,1220
2020-11-20,San Diego,073,3302833,77027,69233,2674,71907,960
2020-11-20,San Francisco,075,870044,15065,14327,92,14419,153
2020-11-20,San Joaquin,077,732212,25920,24460,448,24908,515
2020-11-20,San Luis Obispo,079,281455,6165,5524,97,5621,34
2020-11-20,San Mateo,081,765935,13976,12980,15,12995,169
2020-11-20,Santa Barbara,083,443738,11285,10825,186,11011,136
2020-11-20,Santa Clara,085,1922200,33562,30002,71,30073,431
2020-11-20,Santa Cruz,087,273765,4329,3815,47,3862,25
2020-11-20,Shasta,089,179085,4987,3861,134,3995,42
2020-11-20,Sierra,091,2930,17,12,0,12,0
2020-11-20,Siskiyou,093,43540,560,387,29,416,0
2020-11-20,Solano,095,438530,10037,9216,58,9274,85
2020-11-20,Sonoma,097,501317,11974,11316,46,11362,158
2020-11-20,Stanislaus,099,539301,21220,19889,1263,21152,433
2020-11-20,Sutter,101,95872,3101,2580,10,2590,13
2020-11-20,Tehama,103,63373,1604,1410,15,1425,9
2020-11-20,Trinity,105,12862,250,102,24,126,0
2020-11-20,Tulare,107,460477,20991,19568,1168,20736,311
2020-11-20,Tuolumne,109,53932,945,662,7,669,7
2020-11-20,Ventura,111,848112,19359,17741,577,18318,175
2020-11-20,Yolo,113,214977,4660,4081,14,4095,74
2020-11-20,Yuba,115,75493,1857,1611,9,1620,10
2020-11-19,Alameda,001,1643700,28728,26971,296,27267,441
2020-11-19,Alpine,003,1148,43,20,0,20,0
2020-11-19,Amador,005,37829,479,436,1,437,16
2020-11-19,Butte,007,227075,3909,3576,175,3751,60
2020-11-19,Calaveras,009,45235,443,417,0,417,21
2020-11-19,Colusa,011,21464,687,621,2,623,6
2020-11-19,Contra Costa,013,1133247,23313,21886,137,22023,259
2020-11-19,Del Norte,015,27424,294,251,0,251,2
2020-11-19,El Dorado,017,186661,2271,1825,27,1852,4
2020-11-19,Fresno,019,978130,40283,35278,1130,36408,478
2020-11-19,Glenn,021,27897,900,806,29,835,4
2020-11-19,Humboldt,023,135768,835,693,1,694,9
2020-11-19,Imperial,025,180216,15669,14507,33,14540,349
2020-11-19,Inyo,027,18085,289,262,5,267,15
2020-11-19,Kern,029,883053,39284,36779,960,37739,459
2020-11-19,Kings,031,150075,10695,9763,125,9888,85
2020-11-19,Lake,033,64148,907,809,0,809,18
2020-11-19,Lassen,035,31185,1659,1201,3,1204,0
2020-11-19,Los Angeles,037,10098052,371033,349493,4979,354472,7365
2020-11-19,Madera,039,155013,6098,5540,121,5661,54
2020-11-19,Marin,041,260295,7626,7451,25,7476,134
2020-11-19,Mariposa,043,17540,109,88,0,88,2
2020-11-19,Mendocino,045,87422,1387,1237,5,1242,23
2020-11-19,Merced,047,269075,11292,10634,93,10727,167
2020-11-19,Modoc,049,8938,97,82,18,100,0
2020-11-19,Mono,051,14174,489,468,9,477,2
2020-11-19,Monterey,053,433212,14584,13369,227,13596,108
2020-11-19,Napa,055,140530,3013,2641,17,2658,17
2020-11-19,Nevada,057,99092,1179,945,31,976,9
2020-11-19,Orange,059,3164182,74233,66998,2194,69192,1530
2020-11-19,Placer,061,380077,6522,5612,107,5719,65
2020-11-19,Plumas,063,18699,189,158,0,158,0
2020-11-19,Riverside,065,2383286,85566,78535,1431,79966,1402
2020-11-19,Sacramento,067,1510023,35056,32367,92,32459,546
2020-11-19,San Benito,069,59416,1755,1643,11,1654,15
2020-11-19,San Bernardino,071,2135413,88518,79244,1169,80413,1215
2020-11-19,San Diego,073,3302833,75777,68142,2570,70712,952
2020-11-19,San Francisco,075,870044,14908,14178,86,14264,153
2020-11-19,San Joaquin,077,732212,25601,24270,437,24707,516
2020-11-19,San Luis Obispo,079,281455,6088,5410,93,5503,34
2020-11-19,San Mateo,081,765935,13838,12714,15,12729,169
2020-11-19,Santa Barbara,083,443738,11205,10741,183,10924,136
2020-11-19,Santa Clara,085,1922200,33005,29630,70,29700,424
2020-11-19,Santa Cruz,087,273765,4239,3679,45,3724,25
2020-11-19,Shasta,089,179085,4849,3685,124,3809,42
2020-11-19,Sierra,091,2930,17,11,0,11,0
2020-11-19,Siskiyou,093,43540,535,360,28,388,0
2020-11-19,Solano,095,438530,9900,9093,54,9147,84
2020-11-19,Sonoma,097,501317,11804,11205,44,11249,156
2020-11-19,Stanislaus,099,539301,20979,19736,1221,20957,433
2020-11-19,Sutter,101,95872,3002,2509,10,2519,13
2020-11-19,Tehama,103,63373,1570,1373,12,1385,9
2020-11-19,Trinity,105,12862,244,97,24,121,0
2020-11-19,Tulare,107,460477,20769,19384,1103,20487,304
2020-11-19,Tuolumne,109,53932,913,602,7,609,7
2020-11-19,Ventura,111,848112,19006,17300,564,17864,174
2020-11-19,Yolo,113,214977,4566,3973,14,3987,72
2020-11-19,Yuba,115,75493,1817,1568,9,1577,10
2020-11-18,Alameda,001,1643700,28464,26610,291,26901,440
2020-11-18,Alpine,003,1148,42,16,0,16,0
2020-11-18,Amador,005,37829,474,430,1,431,16
2020-11-18,Butte,007,227075,3856,3537,162,3699,59
2020-11-18,Calaveras,009,45235,438,409,0,409,21
2020-11-18,Colusa,011,21464,674,611,2,613,6
2020-11-18,Contra Costa,013,1133247,23047,21685,133,21818,258
2020-11-18,Del Norte,015,27424,281,240,0,240,2
2020-11-18,El Dorado,017,186661,2183,1799,26,1825,4
2020-11-18,Fresno,019,978130,39844,34997,1079,36076,474
2020-11-18,Glenn,021,27897,883,803,27,830,4
2020-11-18,Humboldt,023,135768,821,690,1,691,9
2020-11-18,Imperial,025,180216,15446,14428,33,14461,348
2020-11-18,Inyo,027,18085,287,262,5,267,15
2020-11-18,Kern,029,883053,38895,36537,910,37447,456
2020-11-18,Kings,031,150075,10547,9696,122,9818,85
2020-11-18,Lake,033,64148,894,802,0,802,18
2020-11-18,Lassen,035,31185,1559,1124,3,1127,0
2020-11-18,Los Angeles,037,10098052,366162,344675,4797,349472,7338
2020-11-18,Madera,039,155013,6011,5519,109,5628,54
2020-11-18,Marin,041,260295,7602,7435,25,7460,134
2020-11-18,Mariposa,043,17540,106,88,0,88,2
2020-11-18,Mendocino,045,87422,1367,1237,5,1242,23
2020-11-18,Merced,047,269075,11176,10536,92,10628,166
2020-11-18,Modoc,049,8938,94,77,18,95,0
2020-11-18,Mono,051,14174,484,468,9,477,2
2020-11-18,Monterey,053,433212,14389,13340,213,13553,108
2020-11-18,Napa,055,140530,2967,2607,17,2624,17
2020-11-18,Nevada,057,99092,1139,933,29,962,9
2020-11-18,Orange,059,3164182,73136,66381,2169,68550,1521
2020-11-18,Placer,061,380077,6344,5543,102,5645,64
2020-11-18,Plumas,063,18699,184,143,0,143,0
2020-11-18,Riverside,065,2383286,84101,77739,1328,79067,1387
2020-11-18,Sacramento,067,1510023,34431,31816,84,31900,541
2020-11-18,San Benito,069,59416,1730,1632,10,1642,15
2020-11-18,San Bernardino,071,2135413,86756,77400,1089,78489,1206
2020-11-18,San Diego,073,3302833,74483,67243,2510,69753,945
2020-11-18,San Francisco,075,870044,14764,14057,84,14141,153
2020-11-18,San Joaquin,077,732212,25337,24146,423,24569,517
2020-11-18,San Luis Obispo,079,281455,6012,5322,92,5414,34
2020-11-18,San Mateo,081,765935,13685,12631,14,12645,169
2020-11-18,Santa Barbara,083,443738,11126,10684,176,10860,136
2020-11-18,Santa Clara,085,1922200,32539,29285,65,29350,421
2020-11-18,Santa Cruz,087,273765,4148,3618,43,3661,25
2020-11-18,Shasta,089,179085,4715,3547,120,3667,42
2020-11-18,Sierra,091,2930,17,11,0,11,0
2020-11-18,Siskiyou,093,43540,503,351,27,378,0
2020-11-18,Solano,095,438530,9768,8994,52,9046,84
2020-11-18,Sonoma,097,501317,11697,11129,41,11170,155
2020-11-18,Stanislaus,099,539301,20737,19609,1196,20805,431
2020-11-18,Sutter,101,95872,2884,2442,10,2452,13
2020-11-18,Tehama,103,63373,1531,1338,12,1350,8
2020-11-18,Trinity,105,12862,230,95,23,118,0
2020-11-18,Tulare,107,460477,20559,19286,1052,20338,306
2020-11-18,Tuolumne,109,53932,878,590,7,597,7
2020-11-18,Ventura,111,848112,18681,17169,549,17718,173
2020-11-18,Yolo,113,214977,4492,3929,14,3943,71
2020-11-18,Yuba,115,75493,1763,1540,9,1549,10
2020-11-17,Alameda,001,1643700,28138,26425,281,26706,439
2020-11-17,Alpine,003,1148,40,12,0,12,0
2020-11-17,Amador,005,37829,463,423,1,424,16
2020-11-17,Butte,007,227075,3814,3500,152,3652,59
2020-11-17,Calaveras,009,45235,421,405,0,405,21
2020-11-17,Colusa,011,21464,663,606,1,607,6
2020-11-17,Contra Costa,013,1133247,22775,21557,128,21685,256
2020-11-17,Del Norte,015,27424,275,233,0,233,2
2020-11-17,El Dorado,017,186661,2124,1758,26,1784,4
2020-11-17,Fresno,019,978130,39246,34765,1020,35785,472
2020-11-17,Glenn,021,27897,872,795,26,821,4
2020-11-17,Humboldt,023,135768,799,685,1,686,9
2020-11-17,Imperial,025,180216,15209,14204,31,14235,346
2020-11-17,Inyo,027,18085,286,263,5,268,15
2020-11-17,Kern,029,883053,38446,36164,857,37021,455
2020-11-17,Kings,031,150075,10474,9653,115,9768,85
2020-11-17,Lake,033,64148,874,792,0,792,18
2020-11-17,Lassen,035,31185,1480,1124,3,1127,0
2020-11-17,Los Angeles,037,10098052,361216,340933,4637,345570,7302
2020-11-17,Madera,039,155013,5922,5485,102,5587,54
2020-11-17,Marin,041,260295,7570,7404,24,7428,134
2020-11-17,Mariposa,043,17540,103,87,0,87,2
2020-11-17,Mendocino,045,87422,1346,1216,5,1221,23
2020-11-17,Merced,047,269075,11032,10457,86,10543,162
2020-11-17,Modoc,049,8938,88,71,17,88,0
2020-11-17,Mono,051,14174,479,459,9,468,2
2020-11-17,Monterey,053,433212,14159,13220,203,13423,108
2020-11-17,Napa,055,140530,2913,2568,17,2585,17
2020-11-17,Nevada,057,99092,1098,918,28,946,9
2020-11-17,Orange,059,3164182,71985,65757,2142,67899,1519
2020-11-17,Placer,061,380077,6182,5435,96,5531,63
2020-11-17,Plumas,063,18699,176,142,0,142,0
2020-11-17,Riverside,065,2383286,82715,77079,1237,78316,1379
2020-11-17,Sacramento,067,1510023,33832,31341,80,31421,538
2020-11-17,San Benito,069,59416,1714,1611,4,1615,15
2020-11-17,San Bernardino,071,2135413,84943,76134,999,77133,1188
2020-11-17,San Diego,073,3302833,73230,66321,2454,68775,933
2020-11-17,San Francisco,075,870044,14598,13952,83,14035,153
2020-11-17,San Joaquin,077,732212,25064,23997,403,24400,516
2020-11-17,San Luis Obispo,079,281455,5916,5235,92,5327,34
2020-11-17,San Mateo,081,765935,13523,12491,13,12504,169
2020-11-17,Santa Barbara,083,443738,11041,10597,171,10768,136
2020-11-17,Santa Clara,085,1922200,31992,29013,64,29077,419
2020-11-17,Santa Cruz,087,273765,4063,3548,40,3588,25
2020-11-17,Shasta,089,179085,4557,3457,108,3565,40
2020-11-17,Sierra,091,2930,15,11,0,11,0
2020-11-17,Siskiyou,093,43540,455,333,26,359,0
2020-11-17,Solano,095,438530,9623,8905,51,8956,84
2020-11-17,Sonoma,097,501317,11563,11084,40,11124,155
2020-11-17,Stanislaus,099,539301,20513,19466,1168,20634,425
2020-11-17,Sutter,101,95872,2801,2370,9,2379,12
2020-11-17,Tehama,103,63373,1481,1290,12,1302,7
2020-11-17,Trinity,105,12862,213,83,23,106,0
2020-11-17,Tulare,107,460477,20328,19176,990,20166,305
2020-11-17,Tuolumne,109,53932,840,568,7,575,7
2020-11-17,Ventura,111,848112,18409,16797,531,17328,173
2020-11-17,Yolo,113,214977,4315,3887,13,3900,70
2020-11-17,Yuba,115,75493,1715,1519,9,1528,10
2020-11-16,Alameda,001,1643700,27791,26063,276,26339,436
2020-11-16,Alpine,003,1148,37,12,0,12,0
2020-11-16,Amador,005,37829,455,414,1,415,16
2020-11-16,Butte,007,227075,3775,3490,144,3634,58
2020-11-16,Calaveras,009,45235,413,402,0,402,21
2020-11-16,Colusa,011,21464,654,601,1,602,6
2020-11-16,Contra Costa,013,1133247,22507,21386,123,21509,256
2020-11-16,Del Norte,015,27424,268,225,0,225,2
2020-11-16,El Dorado,017,186661,2064,1694,24,1718,4
2020-11-16,Fresno,019,978130,38756,34593,967,35560,471
2020-11-16,Glenn,021,27897,860,786,25,811,4
2020-11-16,Humboldt,023,135768,783,660,1,661,9
2020-11-16,Imperial,025,180216,14961,14111,31,14142,346
2020-11-16,Inyo,027,18085,283,263,5,268,15
2020-11-16,Kern,029,883053,38052,36049,814,36863,455
2020-11-16,Kings,031,150075,10207,9569,111,9680,85
2020-11-16,Lake,033,64148,862,784,0,784,18
2020-11-16,Lassen,035,31185,1299,1124,3,1127,0
2020-11-16,Los Angeles,037,10098052,356463,338778,4466,343244,7277
2020-11-16,Madera,039,155013,5835,5433,96,5529,54
2020-11-16,Marin,041,260295,7541,7359,24,7383,134
2020-11-16,Mariposa,043,17540,100,86,0,86,2
2020-11-16,Mendocino,045,87422,1321,1209,5,1214,23
2020-11-16,Merced,047,269075,10894,10399,83,10482,162
2020-11-16,Modoc,049,8938,86,71,17,88,0
2020-11-16,Mono,051,14174,477,453,9,462,2
2020-11-16,Monterey,053,433212,13913,13089,193,13282,107
2020-11-16,Napa,055,140530,2837,2536,17,2553,17
2020-11-16,Nevada,057,99092,1055,889,26,915,9
2020-11-16,Orange,059,3164182,70887,65396,2128,67524,1519
2020-11-16,Placer,061,380077,6063,5387,87,5474,63
2020-11-16,Plumas,063,18699,169,127,0,127,0
2020-11-16,Riverside,065,2383286,81341,76449,1172,77621,1379
2020-11-16,Sacramento,067,1510023,33194,30954,73,31027,534
2020-11-16,San Benito,069,59416,1696,1603,3,1606,15
2020-11-16,San Bernardino,071,2135413,83115,74401,930,75331,1186
2020-11-16,San Diego,073,3302833,71919,65603,2382,67985,926
2020-11-16,San Francisco,075,870044,14439,13847,80,13927,153
2020-11-16,San Joaquin,077,732212,24775,23515,393,23908,513
2020-11-16,San Luis Obispo,079,281455,5813,5161,87,5248,34
2020-11-16,San Mateo,081,765935,13363,12398,13,12411,169
2020-11-16,Santa Barbara,083,443738,10976,10565,167,10732,135
2020-11-16,Santa Clara,085,1922200,31426,28673,63,28736,419
2020-11-16,Santa Cruz,087,273765,3990,3520,40,3560,25
2020-11-16,Shasta,089,179085,4409,3284,103,3387,37
2020-11-16,Sierra,091,2930,15,11,0,11,0
2020-11-16,Siskiyou,093,43540,428,294,26,320,0
2020-11-16,Solano,095,438530,9424,8827,51,8878,84
2020-11-16,Sonoma,097,501317,11472,10961,39,11000,155
2020-11-16,Stanislaus,099,539301,20277,19333,1141,20474,425
2020-11-16,Sutter,101,95872,2695,2322,9,2331,12
2020-11-16,Tehama,103,63373,1435,1261,8,1269,7
2020-11-16,Trinity,105,12862,201,67,23,90,0
2020-11-16,Tulare,107,460477,20149,18891,936,19827,305
2020-11-16,Tuolumne,109,53932,804,543,7,550,7
2020-11-16,Ventura,111,848112,18071,16691,523,17214,172
2020-11-16,Yolo,113,214977,4220,3858,13,3871,70
2020-11-16,Yuba,115,75493,1679,1500,8,1508,10
2020-11-15,Alameda,001,1643700,27473,25879,270,26149,436
2020-11-15,Alpine,003,1148,35,12,0,12,0
2020-11-15,Amador,005,37829,443,409,1,410,16
2020-11-15,Butte,007,227075,3721,3452,135,3587,58
2020-11-15,Calaveras,009,45235,399,386,0,386,21
2020-11-15,Colusa,011,21464,645,601,1,602,6
2020-11-15,Contra Costa,013,1133247,22208,21179,122,21301,256
2020-11-15,Del Norte,015,27424,253,224,0,224,2
2020-11-15,El Dorado,017,186661,2002,1683,22,1705,4
2020-11-15,Fresno,019,978130,38243,34297,929,35226,471
2020-11-15,Glenn,021,27897,848,783,24,807,4
2020-11-15,Humboldt,023,135768,754,653,1,654,9
2020-11-15,Imperial,025,180216,14724,13940,31,13971,346
2020-11-15,Inyo,027,18085,273,263,5,268,15
2020-11-15,Kern,029,883053,37646,35911,779,36690,455
2020-11-15,Kings,031,150075,10014,9533,107,9640,85
2020-11-15,Lake,033,64148,853,777,0,777,17
2020-11-15,Lassen,035,31185,1252,1124,3,1127,0
2020-11-15,Los Angeles,037,10098052,351418,336035,4296,340331,7271
2020-11-15,Madera,039,155013,5738,5391,90,5481,54
2020-11-15,Marin,041,260295,7515,7347,24,7371,133
2020-11-15,Mariposa,043,17540,97,86,0,86,2
2020-11-15,Mendocino,045,87422,1302,1197,5,1202,22
2020-11-15,Merced,047,269075,10761,10350,83,10433,162
2020-11-15,Modoc,049,8938,85,68,17,85,0
2020-11-15,Mono,051,14174,475,453,9,462,2
2020-11-15,Monterey,053,433212,13717,12999,180,13179,107
2020-11-15,Napa,055,140530,2778,2509,15,2524,17
2020-11-15,Nevada,057,99092,1000,859,26,885,9
2020-11-15,Orange,059,3164182,69844,65008,2112,67120,1519
2020-11-15,Placer,061,380077,5908,5330,79,5409,63
2020-11-15,Plumas,063,18699,163,127,0,127,0
2020-11-15,Riverside,065,2383286,80018,75531,1113,76644,1374
2020-11-15,Sacramento,067,1510023,32568,30601,68,30669,534
2020-11-15,San Benito,069,59416,1671,1589,2,1591,15
2020-11-15,San Bernardino,071,2135413,80965,73769,855,74624,1185
2020-11-15,San Diego,073,3302833,70418,64770,2325,67095,926
2020-11-15,San Francisco,075,870044,14264,13757,79,13836,153
2020-11-15,San Joaquin,077,732212,24565,23516,377,23893,513
2020-11-15,San Luis Obispo,079,281455,5692,5120,85,5205,34
2020-11-15,San Mateo,081,765935,13186,12348,13,12361,169
2020-11-15,Santa Barbara,083,443738,10881,10516,165,10681,135
2020-11-15,Santa Clara,085,1922200,30972,28289,62,28351,418
2020-11-15,Santa Cruz,087,273765,3851,3439,39,3478,25
2020-11-15,Shasta,089,179085,4236,3290,94,3384,37
2020-11-15,Sierra,091,2930,15,11,0,11,0
2020-11-15,Siskiyou,093,43540,409,294,26,320,0
2020-11-15,Solano,095,438530,9263,8713,48,8761,84
2020-11-15,Sonoma,097,501317,11353,10833,38,10871,154
2020-11-15,Stanislaus,099,539301,20005,19228,1116,20344,425
2020-11-15,Sutter,101,95872,2605,2230,9,2239,12
2020-11-15,Tehama,103,63373,1384,1222,7,1229,7
2020-11-15,Trinity,105,12862,191,67,21,88,0
2020-11-15,Tulare,107,460477,19932,18891,883,19774,305
2020-11-15,Tuolumne,109,53932,762,486,7,493,7
2020-11-15,Ventura,111,848112,17797,16564,515,17079,172
2020-11-15,Yolo,113,214977,4117,3819,12,3831,67
2020-11-15,Yuba,115,75493,1638,1470,7,1477,10
2020-11-14,Alameda,001,1643700,27206,25714,268,25982,435
2020-11-14,Alpine,003,1148,35,12,0,12,0
2020-11-14,Amador,005,37829,434,404,0,404,16
2020-11-14,Butte,007,227075,3685,3434,121,3555,58
2020-11-14,Calaveras,009,45235,398,386,0,386,21
2020-11-14,Colusa,011,21464,633,601,1,602,6
2020-11-14,Contra Costa,013,1133247,22069,20975,115,21090,256
2020-11-14,Del Norte,015,27424,247,219,0,219,2
2020-11-14,El Dorado,017,186661,1958,1648,22,1670,4
2020-11-14,Fresno,019,978130,37993,33969,892,34861,471
2020-11-14,Glenn,021,27897,839,772,21,793,3
2020-11-14,Humboldt,023,135768,739,643,1,644,9
2020-11-14,Imperial,025,180216,14631,13932,30,13962,346
2020-11-14,Inyo,027,18085,272,263,5,268,15
2020-11-14,Kern,029,883053,37437,35626,760,36386,454
2020-11-14,Kings,031,150075,9979,9490,104,9594,85
2020-11-14,Lake,033,64148,844,773,0,773,17
2020-11-14,Lassen,035,31185,1238,833,3,836,0
2020-11-14,Los Angeles,037,10098052,348711,333021,4187,337208,7269
2020-11-14,Madera,039,155013,5708,5371,88,5459,54
2020-11-14,Marin,041,260295,7499,7325,24,7349,133
2020-11-14,Mariposa,043,17540,96,86,0,86,2
2020-11-14,Mendocino,045,87422,1286,1181,5,1186,22
2020-11-14,Merced,047,269075,10705,10286,81,10367,161
2020-11-14,Modoc,049,8938,84,64,16,80,0
2020-11-14,Mono,051,14174,475,453,9,462,2
2020-11-14,Monterey,053,433212,13621,12854,170,13024,105
2020-11-14,Napa,055,140530,2744,2473,15,2488,17
2020-11-14,Nevada,057,99092,984,835,26,861,9
2020-11-14,Orange,059,3164182,69223,64340,2101,66441,1517
2020-11-14,Placer,061,380077,5832,5215,73,5288,63
2020-11-14,Plumas,063,18699,158,128,0,128,0
2020-11-14,Riverside,065,2383286,79278,74910,1074,75984,1373
2020-11-14,Sacramento,067,1510023,32243,30298,68,30366,532
2020-11-14,San Benito,069,59416,1656,1573,2,1575,15
2020-11-14,San Bernardino,071,2135413,80031,72868,823,73691,1184
2020-11-14,San Diego,073,3302833,69653,63715,2273,65988,926
2020-11-14,San Francisco,075,870044,14176,13661,78,13739,153
2020-11-14,San Joaquin,077,732212,24474,23516,369,23885,511
2020-11-14,San Luis Obispo,079,281455,5629,5073,80,5153,34
2020-11-14,San Mateo,081,765935,13078,12293,13,12306,169
2020-11-14,Santa Barbara,083,443738,10827,10482,163,10645,135
2020-11-14,Santa Clara,085,1922200,30687,27962,60,28022,416
2020-11-14,Santa Cruz,087,273765,3796,3402,39,3441,25
2020-11-14,Shasta,089,179085,4155,3195,92,3287,37
2020-11-14,Sierra,091,2930,15,11,0,11,0
2020-11-14,Siskiyou,093,43540,396,292,26,318,0
2020-11-14,Solano,095,438530,9183,8655,47,8702,84
2020-11-14,Sonoma,097,501317,11300,10769,38,10807,154
2020-11-14,Stanislaus,099,539301,19862,19068,1094,20162,424
2020-11-14,Sutter,101,95872,2560,2182,9,2191,12
2020-11-14,Tehama,103,63373,1363,1206,6,1212,7
2020-11-14,Trinity,105,12862,186,67,21,88,0
2020-11-14,Tulare,107,460477,19837,18853,855,19708,305
2020-11-14,Tuolumne,109,53932,734,448,7,455,7
2020-11-14,Ventura,111,848112,17651,16297,504,16801,172
2020-11-14,Yolo,113,214977,4074,3765,10,3775,65
2020-11-14,Yuba,115,75493,1609,1453,7,1460,10
2020-11-13,Alameda,001,1643700,26990,25515,263,25778,434
2020-11-13,Alpine,003,1148,35,12,0,12,0
2020-11-13,Amador,005,37829,431,397,0,397,16
2020-11-13,Butte,007,227075,3661,3402,112,3514,58
2020-11-13,Calaveras,009,45235,394,378,0,378,21
2020-11-13,Colusa,011,21464,625,598,1,599,6
2020-11-13,Contra Costa,013,1133247,21896,20799,115,20914,256
2020-11-13,Del Norte,015,27424,244,208,0,208,2
2020-11-13,El Dorado,017,186661,1913,1611,21,1632,4
2020-11-13,Fresno,019,978130,37747,33693,878,34571,470
2020-11-13,Glenn,021,27897,825,755,17,772,3
2020-11-13,Humboldt,023,135768,724,638,1,639,9
2020-11-13,Imperial,025,180216,14561,13790,29,13819,341
2020-11-13,Inyo,027,18085,271,262,5,267,15
2020-11-13,Kern,029,883053,37235,35431,743,36174,453
2020-11-13,Kings,031,150075,9920,9428,103,9531,85
2020-11-13,Lake,033,64148,838,770,0,770,17
2020-11-13,Lassen,035,31185,1229,832,3,835,0
2020-11-13,Los Angeles,037,10098052,345583,329364,4082,333446,7248
2020-11-13,Madera,039,155013,5668,5340,87,5427,54
2020-11-13,Marin,041,260295,7486,7307,23,7330,133
2020-11-13,Mariposa,043,17540,94,86,0,86,2
2020-11-13,Mendocino,045,87422,1274,1173,5,1178,22
2020-11-13,Merced,047,269075,10649,10185,78,10263,159
2020-11-13,Modoc,049,8938,84,63,14,77,0
2020-11-13,Mono,051,14174,475,448,8,456,2
2020-11-13,Monterey,053,433212,13426,12681,158,12839,104
2020-11-13,Napa,055,140530,2705,2440,15,2455,17
2020-11-13,Nevada,057,99092,965,798,26,824,9
2020-11-13,Orange,059,3164182,68625,63804,2081,65885,1514
2020-11-13,Placer,061,380077,5727,5122,67,5189,63
2020-11-13,Plumas,063,18699,152,125,0,125,0
2020-11-13,Riverside,065,2383286,78540,74138,1045,75183,1372
2020-11-13,Sacramento,067,1510023,31925,29787,63,29850,524
2020-11-13,San Benito,069,59416,1644,1553,1,1554,15
2020-11-13,San Bernardino,071,2135413,78982,71895,802,72697,1184
2020-11-13,San Diego,073,3302833,68806,62978,2235,65213,921
2020-11-13,San Francisco,075,870044,14083,13516,76,13592,146
2020-11-13,San Joaquin,077,732212,24379,23314,363,23677,510
2020-11-13,San Luis Obispo,079,281455,5562,4960,77,5037,34
2020-11-13,San Mateo,081,765935,12985,12182,13,12195,169
2020-11-13,Santa Barbara,083,443738,10775,10405,161,10566,134
2020-11-13,Santa Clara,085,1922200,30359,27609,58,27667,415
2020-11-13,Santa Cruz,087,273765,3722,3343,39,3382,25
2020-11-13,Shasta,089,179085,4071,2983,88,3071,37
2020-11-13,Sierra,091,2930,15,11,0,11,0
2020-11-13,Siskiyou,093,43540,391,280,25,305,0
2020-11-13,Solano,095,438530,9092,8525,47,8572,84
2020-11-13,Sonoma,097,501317,11239,10685,36,10721,151
2020-11-13,Stanislaus,099,539301,19737,18936,1066,20002,422
2020-11-13,Sutter,101,95872,2514,2121,8,2129,12
2020-11-13,Tehama,103,63373,1336,1167,6,1173,7
2020-11-13,Trinity,105,12862,184,64,21,85,0
2020-11-13,Tulare,107,460477,19713,18714,814,19528,305
2020-11-13,Tuolumne,109,53932,701,427,7,434,7
2020-11-13,Ventura,111,848112,17505,16172,490,16662,171
2020-11-13,Yolo,113,214977,4023,3716,10,3726,65
2020-11-13,Yuba,115,75493,1582,1435,7,1442,10
2020-11-12,Alameda,001,1643700,26723,25345,263,25608,432
2020-11-12,Alpine,003,1148,34,12,0,12,0
2020-11-12,Amador,005,37829,430,392,0,392,16
2020-11-12,Butte,007,227075,3612,3347,109,3456,58
2020-11-12,Calaveras,009,45235,389,373,0,373,21
2020-11-12,Colusa,011,21464,620,591,1,592,6
2020-11-12,Contra Costa,013,1133247,21689,20619,113,20732,255
2020-11-12,Del Norte,015,27424,237,203,0,203,2
2020-11-12,El Dorado,017,186661,1867,1573,17,1590,4
2020-11-12,Fresno,019,978130,37398,33459,836,34295,468
2020-11-12,Glenn,021,27897,806,727,17,744,3
2020-11-12,Humboldt,023,135768,711,625,1,626,9
2020-11-12,Imperial,025,180216,14396,13619,29,13648,341
2020-11-12,Inyo,027,18085,270,255,5,260,15
2020-11-12,Kern,029,883053,36971,35207,728,35935,451
2020-11-12,Kings,031,150075,9853,9335,102,9437,85
2020-11-12,Lake,033,64148,829,764,0,764,17
2020-11-12,Lassen,035,31185,1160,832,2,834,0
2020-11-12,Los Angeles,037,10098052,341842,327001,3981,330982,7223
2020-11-12,Madera,039,155013,5633,5273,82,5355,54
2020-11-12,Marin,041,260295,7457,7268,23,7291,133
2020-11-12,Mariposa,043,17540,92,84,0,84,2
2020-11-12,Mendocino,045,87422,1255,1142,5,1147,22
2020-11-12,Merced,047,269075,10535,10107,75,10182,158
2020-11-12,Modoc,049,8938,84,63,14,77,0
2020-11-12,Mono,051,14174,474,442,8,450,2
2020-11-12,Monterey,053,433212,13305,12489,144,12633,100
2020-11-12,Napa,055,140530,2643,2398,15,2413,16
2020-11-12,Nevada,057,99092,942,780,25,805,9
2020-11-12,Orange,059,3164182,67880,63232,2062,65294,1514
2020-11-12,Placer,061,380077,5617,5044,58,5102,62
2020-11-12,Plumas,063,18699,148,121,0,121,0
2020-11-12,Riverside,065,2383286,77609,73381,1002,74383,1362
2020-11-12,Sacramento,067,1510023,31434,29459,55,29514,520
2020-11-12,San Benito,069,59416,1624,1525,1,1526,15
2020-11-12,San Bernardino,071,2135413,77616,70758,763,71521,1183
2020-11-12,San Diego,073,3302833,67826,62336,2184,64520,918
2020-11-12,San Francisco,075,870044,13984,13289,75,13364,146
2020-11-12,San Joaquin,077,732212,24186,23002,342,23344,509
2020-11-12,San Luis Obispo,079,281455,5498,4898,76,4974,33
2020-11-12,San Mateo,081,765935,12860,12086,12,12098,169
2020-11-12,Santa Barbara,083,443738,10713,10325,156,10481,134
2020-11-12,Santa Clara,085,1922200,29983,27261,57,27318,414
2020-11-12,Santa Cruz,087,273765,3639,3317,37,3354,25
2020-11-12,Shasta,089,179085,3934,2825,77,2902,37
2020-11-12,Sierra,091,2930,15,11,0,11,0
2020-11-12,Siskiyou,093,43540,374,275,20,295,0
2020-11-12,Solano,095,438530,8992,8417,46,8463,85
2020-11-12,Sonoma,097,501317,11137,10602,35,10637,151
2020-11-12,Stanislaus,099,539301,19568,18787,1037,19824,422
2020-11-12,Sutter,101,95872,2431,2075,7,2082,12
2020-11-12,Tehama,103,63373,1309,1117,6,1123,7
2020-11-12,Trinity,105,12862,176,62,20,82,0
2020-11-12,Tulare,107,460477,19601,18545,776,19321,305
2020-11-12,Tuolumne,109,53932,662,353,7,360,7
2020-11-12,Ventura,111,848112,17255,16013,484,16497,158
2020-11-12,Yolo,113,214977,3979,3646,10,3656,63
2020-11-12,Yuba,115,75493,1547,1410,7,1417,10
2020-11-11,Alameda,001,1643700,26479,25140,261,25401,429
2020-11-11,Alpine,003,1148,29,12,0,12,0
2020-11-11,Amador,005,37829,423,389,0,389,16
2020-11-11,Butte,007,227075,3586,3348,96,3444,58
2020-11-11,Calaveras,009,45235,379,373,0,373,21
2020-11-11,Colusa,011,21464,614,591,1,592,6
2020-11-11,Contra Costa,013,1133247,21471,20452,111,20563,255
2020-11-11,Del Norte,015,27424,230,203,0,203,2
2020-11-11,El Dorado,017,186661,1821,1564,16,1580,4
2020-11-11,Fresno,019,978130,37079,33287,801,34088,468
2020-11-11,Glenn,021,27897,790,722,16,738,3
2020-11-11,Humboldt,023,135768,697,623,1,624,9
2020-11-11,Imperial,025,180216,14226,13623,27,13650,340
2020-11-11,Inyo,027,18085,268,255,5,260,15
2020-11-11,Kern,029,883053,36696,35014,711,35725,449
2020-11-11,Kings,031,150075,9747,9263,99,9362,85
2020-11-11,Lake,033,64148,819,763,0,763,17
2020-11-11,Lassen,035,31185,1135,831,2,833,0
2020-11-11,Los Angeles,037,10098052,338477,324567,3898,328465,7220
2020-11-11,Madera,039,155013,5598,5248,80,5328,54
2020-11-11,Marin,041,260295,7434,7268,23,7291,133
2020-11-11,Mariposa,043,17540,92,84,0,84,2
2020-11-11,Mendocino,045,87422,1243,1142,5,1147,22
2020-11-11,Merced,047,269075,10464,10074,73,10147,157
2020-11-11,Modoc,049,8938,80,62,13,75,0
2020-11-11,Mono,051,14174,472,443,8,451,2
2020-11-11,Monterey,053,433212,13161,12417,140,12557,100
2020-11-11,Napa,055,140530,2594,2365,12,2377,15
2020-11-11,Nevada,057,99092,900,741,25,766,9
2020-11-11,Orange,059,3164182,67240,62929,2038,64967,1506
2020-11-11,Placer,061,380077,5533,4981,50,5031,60
2020-11-11,Plumas,063,18699,146,111,0,111,0
2020-11-11,Riverside,065,2383286,76706,72953,956,73909,1361
2020-11-11,Sacramento,067,1510023,30977,28968,53,29021,520
2020-11-11,San Benito,069,59416,1610,1512,1,1513,15
2020-11-11,San Bernardino,071,2135413,76329,70374,736,71110,1182
2020-11-11,San Diego,073,3302833,66891,61746,2123,63869,918
2020-11-11,San Francisco,075,870044,13876,13287,74,13361,146
2020-11-11,San Joaquin,077,732212,24026,23001,336,23337,509
2020-11-11,San Luis Obispo,079,281455,5423,4832,73,4905,33
2020-11-11,San Mateo,081,765935,12746,12008,12,12020,169
2020-11-11,Santa Barbara,083,443738,10647,10278,156,10434,134
2020-11-11,Santa Clara,085,1922200,29631,27075,56,27131,413
2020-11-11,Santa Cruz,087,273765,3571,3247,37,3284,25
2020-11-11,Shasta,089,179085,3810,2766,67,2833,36
2020-11-11,Sierra,091,2930,13,11,0,11,0
2020-11-11,Siskiyou,093,43540,343,261,17,278,0
2020-11-11,Solano,095,438530,8874,8353,44,8397,85
2020-11-11,Sonoma,097,501317,11063,10498,35,10533,150
2020-11-11,Stanislaus,099,539301,19431,18671,1007,19678,422
2020-11-11,Sutter,101,95872,2383,2049,6,2055,12
2020-11-11,Tehama,103,63373,1267,1105,5,1110,7
2020-11-11,Trinity,105,12862,165,62,20,82,0
2020-11-11,Tulare,107,460477,19470,18500,745,19245,305
2020-11-11,Tuolumne,109,53932,606,354,6,360,7
2020-11-11,Ventura,111,848112,17040,15801,471,16272,158
2020-11-11,Yolo,113,214977,3928,3606,10,3616,63
2020-11-11,Yuba,115,75493,1532,1400,7,1407,10
2020-11-10,Alameda,001,1643700,26249,25008,258,25266,424
2020-11-10,Alpine,003,1148,29,9,0,9,0
2020-11-10,Amador,005,37829,417,384,0,384,16
2020-11-10,Butte,007,227075,3550,3327,92,3419,58
2020-11-10,Calaveras,009,45235,374,367,0,367,21
2020-11-10,Colusa,011,21464,606,590,1,591,6
2020-11-10,Contra Costa,013,1133247,21264,20326,109,20435,255
2020-11-10,Del Norte,015,27424,224,196,0,196,2
2020-11-10,El Dorado,017,186661,1760,1551,16,1567,4
2020-11-10,Fresno,019,978130,36809,33024,763,33787,465
2020-11-10,Glenn,021,27897,782,719,12,731,3
2020-11-10,Humboldt,023,135768,680,610,1,611,9
2020-11-10,Imperial,025,180216,14096,13570,27,13597,338
2020-11-10,Inyo,027,18085,267,252,5,257,14
2020-11-10,Kern,029,883053,36420,34858,692,35550,448
2020-11-10,Kings,031,150075,9700,9236,92,9328,85
2020-11-10,Lake,033,64148,809,762,0,762,16
2020-11-10,Lassen,035,31185,1120,830,2,832,0
2020-11-10,Los Angeles,037,10098052,335226,322569,3784,326353,7205
2020-11-10,Madera,039,155013,5556,5229,74,5303,54
2020-11-10,Marin,041,260295,7415,7259,23,7282,133
2020-11-10,Mariposa,043,17540,90,84,0,84,2
2020-11-10,Mendocino,045,87422,1235,1137,5,1142,22
2020-11-10,Merced,047,269075,10402,9992,67,10059,157
2020-11-10,Modoc,049,8938,78,61,13,74,0
2020-11-10,Mono,051,14174,470,443,8,451,2
2020-11-10,Monterey,053,433212,13026,12335,132,12467,100
2020-11-10,Napa,055,140530,2556,2341,10,2351,15
2020-11-10,Nevada,057,99092,884,734,25,759,9
2020-11-10,Orange,059,3164182,66690,62597,2028,64625,1504
2020-11-10,Placer,061,380077,5453,4902,49,4951,60
2020-11-10,Plumas,063,18699,142,108,0,108,0
2020-11-10,Riverside,065,2383286,76064,72316,929,73245,1359
2020-11-10,Sacramento,067,1510023,30570,28677,50,28727,519
2020-11-10,San Benito,069,59416,1595,1508,1,1509,15
2020-11-10,San Bernardino,071,2135413,75158,69666,703,70369,1182
2020-11-10,San Diego,073,3302833,66000,61085,2086,63171,915
2020-11-10,San Francisco,075,870044,13759,13210,74,13284,146
2020-11-10,San Joaquin,077,732212,23861,22865,329,23194,508
2020-11-10,San Luis Obispo,079,281455,5360,4780,70,4850,33
2020-11-10,San Mateo,081,765935,12645,11939,12,11951,169
2020-11-10,Santa Barbara,083,443738,10580,10252,152,10404,134
2020-11-10,Santa Clara,085,1922200,29286,26917,55,26972,409
2020-11-10,Santa Cruz,087,273765,3508,3221,37,3258,25
2020-11-10,Shasta,089,179085,3667,2686,59,2745,36
2020-11-10,Sierra,091,2930,12,10,0,10,0
2020-11-10,Siskiyou,093,43540,326,263,16,279,0
2020-11-10,Solano,095,438530,8776,8299,44,8343,85
2020-11-10,Sonoma,097,501317,10976,10414,35,10449,150
2020-11-10,Stanislaus,099,539301,19297,18592,983,19575,420
2020-11-10,Sutter,101,95872,2288,2035,5,2040,12
2020-11-10,Tehama,103,63373,1243,1099,4,1103,7
2020-11-10,Trinity,105,12862,156,62,18,80,0
2020-11-10,Tulare,107,460477,19355,18430,721,19151,305
2020-11-10,Tuolumne,109,53932,557,353,6,359,7
2020-11-10,Ventura,111,848112,16857,15625,469,16094,158
2020-11-10,Yolo,113,214977,3867,3573,10,3583,63
2020-11-10,Yuba,115,75493,1509,1392,7,1399,10
2020-11-09,Alameda,001,1643700,26003,24899,254,25153,424
2020-11-09,Alpine,003,1148,27,6,0,6,0
2020-11-09,Amador,005,37829,408,380,0,380,16
2020-11-09,Butte,007,227075,3505,3301,83,3384,57
2020-11-09,Calaveras,009,45235,370,360,0,360,21
2020-11-09,Colusa,011,21464,600,583,1,584,6
2020-11-09,Contra Costa,013,1133247,21091,20193,107,20300,255
2020-11-09,Del Norte,015,27424,218,195,0,195,2
2020-11-09,El Dorado,017,186661,1719,1515,16,1531,4
2020-11-09,Fresno,019,978130,36498,32755,723,33478,465
2020-11-09,Glenn,021,27897,776,714,9,723,3
2020-11-09,Humboldt,023,135768,667,607,1,608,9
2020-11-09,Imperial,025,180216,13979,13508,26,13534,338
2020-11-09,Inyo,027,18085,267,252,5,257,14
2020-11-09,Kern,029,883053,36189,34764,656,35420,448
2020-11-09,Kings,031,150075,9630,9141,90,9231,84
2020-11-09,Lake,033,64148,800,755,0,755,16
2020-11-09,Lassen,035,31185,1024,799,2,801,0
2020-11-09,Los Angeles,037,10098052,332129,320370,3709,324079,7180
2020-11-09,Madera,039,155013,5510,5209,71,5280,54
2020-11-09,Marin,041,260295,7389,7237,22,7259,131
2020-11-09,Mariposa,043,17540,90,84,0,84,2
2020-11-09,Mendocino,045,87422,1223,1132,5,1137,22
2020-11-09,Merced,047,269075,10299,9922,64,9986,157
2020-11-09,Modoc,049,8938,74,54,12,66,0
2020-11-09,Mono,051,14174,467,352,8,360,2
2020-11-09,Monterey,053,433212,12879,12148,124,12272,98
2020-11-09,Napa,055,140530,2513,2309,10,2319,15
2020-11-09,Nevada,057,99092,847,729,24,753,9
2020-11-09,Orange,059,3164182,66049,62335,2015,64350,1501
2020-11-09,Placer,061,380077,5368,4843,37,4880,60
2020-11-09,Plumas,063,18699,135,102,0,102,0
2020-11-09,Riverside,065,2383286,75281,72059,895,72954,1346
2020-11-09,Sacramento,067,1510023,30098,28200,49,28249,516
2020-11-09,San Benito,069,59416,1586,1506,1,1507,15
2020-11-09,San Bernardino,071,2135413,74103,69015,661,69676,1182
2020-11-09,San Diego,073,3302833,65145,60572,2046,62618,908
2020-11-09,San Francisco,075,870044,13639,12984,71,13055,146
2020-11-09,San Joaquin,077,732212,23696,22512,324,22836,505
2020-11-09,San Luis Obispo,079,281455,5273,4746,68,4814,32
2020-11-09,San Mateo,081,765935,12538,11857,12,11869,169
2020-11-09,Santa Barbara,083,443738,10523,10214,146,10360,134
2020-11-09,Santa Clara,085,1922200,28891,26693,55,26748,409
2020-11-09,Santa Cruz,087,273765,3450,3194,37,3231,25
2020-11-09,Shasta,089,179085,3513,2581,50,2631,36
2020-11-09,Sierra,091,2930,10,10,0,10,0
2020-11-09,Siskiyou,093,43540,315,257,14,271,0
2020-11-09,Solano,095,438530,8660,8254,43,8297,85
2020-11-09,Sonoma,097,501317,10868,10310,35,10345,150
2020-11-09,Stanislaus,099,539301,19143,18482,966,19448,418
2020-11-09,Sutter,101,95872,2221,2010,4,2014,12
2020-11-09,Tehama,103,63373,1206,1071,3,1074,7
2020-11-09,Trinity,105,12862,149,46,18,64,0
2020-11-09,Tulare,107,460477,19235,18272,689,18961,304
2020-11-09,Tuolumne,109,53932,502,346,5,351,7
2020-11-09,Ventura,111,848112,16655,15568,466,16034,156
2020-11-09,Yolo,113,214977,3806,3522,10,3532,62
2020-11-09,Yuba,115,75493,1476,1380,7,1387,10
2020-11-08,Alameda,001,1643700,25773,24731,254,24985,424
2020-11-08,Alpine,003,1148,24,6,0,6,0
2020-11-08,Amador,005,37829,401,376,0,376,16
2020-11-08,Butte,007,227075,3467,3285,76,3361,57
2020-11-08,Calaveras,009,45235,368,360,0,360,21
2020-11-08,Colusa,011,21464,597,583,1,584,6
2020-11-08,Contra Costa,013,1133247,20921,20031,105,20136,254
2020-11-08,Del Norte,015,27424,210,195,0,195,2
2020-11-08,El Dorado,017,186661,1681,1502,16,1518,4
2020-11-08,Fresno,019,978130,36163,32619,685,33304,465
2020-11-08,Glenn,021,27897,770,707,8,715,3
2020-11-08,Humboldt,023,135768,651,605,1,606,9
2020-11-08,Imperial,025,180216,13863,13428,26,13454,338
2020-11-08,Inyo,027,18085,263,252,5,257,14
2020-11-08,Kern,029,883053,35970,34644,638,35282,448
2020-11-08,Kings,031,150075,9497,9026,87,9113,84
2020-11-08,Lake,033,64148,792,754,0,754,16
2020-11-08,Lassen,035,31185,876,799,2,801,0
2020-11-08,Los Angeles,037,10098052,329002,318960,3643,322603,7176
2020-11-08,Madera,039,155013,5441,5196,68,5264,54
2020-11-08,Marin,041,260295,7369,7227,22,7249,131
2020-11-08,Mariposa,043,17540,90,83,0,83,2
2020-11-08,Mendocino,045,87422,1214,1129,5,1134,22
2020-11-08,Merced,047,269075,10224,9885,62,9947,157
2020-11-08,Modoc,049,8938,70,54,12,66,0
2020-11-08,Mono,051,14174,461,352,8,360,2
2020-11-08,Monterey,053,433212,12734,12122,113,12235,98
2020-11-08,Napa,055,140530,2474,2274,10,2284,15
2020-11-08,Nevada,057,99092,831,715,24,739,9
2020-11-08,Orange,059,3164182,65460,62034,2001,64035,1501
2020-11-08,Placer,061,380077,5265,4800,32,4832,60
2020-11-08,Plumas,063,18699,130,102,0,102,0
2020-11-08,Riverside,065,2383286,74627,71442,853,72295,1345
2020-11-08,Sacramento,067,1510023,29538,28059,46,28105,515
2020-11-08,San Benito,069,59416,1571,1496,1,1497,15
2020-11-08,San Bernardino,071,2135413,72849,68412,622,69034,1182
2020-11-08,San Diego,073,3302833,64300,60199,2002,62201,908
2020-11-08,San Francisco,075,870044,13508,12985,66,13051,146
2020-11-08,San Joaquin,077,732212,23502,22514,320,22834,505
2020-11-08,San Luis Obispo,079,281455,5207,4698,63,4761,32
2020-11-08,San Mateo,081,765935,12420,11783,12,11795,169
2020-11-08,Santa Barbara,083,443738,10453,10180,144,10324,134
2020-11-08,Santa Clara,085,1922200,28517,26442,54,26496,410
2020-11-08,Santa Cruz,087,273765,3393,3134,37,3171,25
2020-11-08,Shasta,089,179085,3377,2582,44,2626,36
2020-11-08,Sierra,091,2930,10,7,0,7,0
2020-11-08,Siskiyou,093,43540,303,246,13,259,0
2020-11-08,Solano,095,438530,8539,8132,42,8174,85
2020-11-08,Sonoma,097,501317,10761,10229,35,10264,149
2020-11-08,Stanislaus,099,539301,18968,18413,945,19358,418
2020-11-08,Sutter,101,95872,2163,1980,4,1984,12
2020-11-08,Tehama,103,63373,1181,1054,3,1057,7
2020-11-08,Trinity,105,12862,146,46,17,63,0
2020-11-08,Tulare,107,460477,19092,18272,660,18932,304
2020-11-08,Tuolumne,109,53932,475,341,5,346,7
2020-11-08,Ventura,111,848112,16460,15504,458,15962,156
2020-11-08,Yolo,113,214977,3745,3492,10,3502,61
2020-11-08,Yuba,115,75493,1455,1369,7,1376,10
2020-11-07,Alameda,001,1643700,25663,24578,252,24830,424
2020-11-07,Alpine,003,1148,24,6,0,6,0
2020-11-07,Amador,005,37829,398,375,0,375,16
2020-11-07,Butte,007,227075,3455,3277,71,3348,57
2020-11-07,Calaveras,009,45235,366,360,0,360,21
2020-11-07,Colusa,011,21464,597,583,1,584,6
2020-11-07,Contra Costa,013,1133247,20820,19943,104,20047,254
2020-11-07,Del Norte,015,27424,206,194,0,194,2
2020-11-07,El Dorado,017,186661,1656,1495,15,1510,4
2020-11-07,Fresno,019,978130,36009,32497,662,33159,465
2020-11-07,Glenn,021,27897,762,707,8,715,3
2020-11-07,Humboldt,023,135768,640,590,1,591,9
2020-11-07,Imperial,025,180216,13805,13388,25,13413,338
2020-11-07,Inyo,027,18085,261,252,5,257,14
2020-11-07,Kern,029,883053,35815,34513,628,35141,448
2020-11-07,Kings,031,150075,9464,9005,81,9086,84
2020-11-07,Lake,033,64148,788,751,0,751,16
2020-11-07,Lassen,035,31185,860,799,2,801,0
2020-11-07,Los Angeles,037,10098052,327493,316756,3576,320332,7174
2020-11-07,Madera,039,155013,5419,5177,66,5243,54
2020-11-07,Marin,041,260295,7358,7215,22,7237,131
2020-11-07,Mariposa,043,17540,90,81,0,81,2
2020-11-07,Mendocino,045,87422,1203,1118,5,1123,22
2020-11-07,Merced,047,269075,10192,9855,58,9913,157
2020-11-07,Modoc,049,8938,70,51,12,63,0
2020-11-07,Mono,051,14174,458,352,8,360,2
2020-11-07,Monterey,053,433212,12664,12030,109,12139,98
2020-11-07,Napa,055,140530,2444,2260,9,2269,15
2020-11-07,Nevada,057,99092,814,710,24,734,9
2020-11-07,Orange,059,3164182,65173,62038,1995,64033,1505
2020-11-07,Placer,061,380077,5202,4745,32,4777,60
2020-11-07,Plumas,063,18699,127,94,0,94,0
2020-11-07,Riverside,065,2383286,74232,71153,826,71979,1345
2020-11-07,Sacramento,067,1510023,29288,27773,46,27819,515
2020-11-07,San Benito,069,59416,1559,1489,1,1490,15
2020-11-07,San Bernardino,071,2135413,72333,67935,611,68546,1182
2020-11-07,San Diego,073,3302833,63788,59682,1970,61652,909
2020-11-07,San Francisco,075,870044,13447,12980,65,13045,146
2020-11-07,San Joaquin,077,732212,23394,22517,314,22831,505
2020-11-07,San Luis Obispo,079,281455,5158,4668,60,4728,32
2020-11-07,San Mateo,081,765935,12357,11711,12,11723,169
2020-11-07,Santa Barbara,083,443738,10411,10157,142,10299,134
2020-11-07,Santa Clara,085,1922200,28313,26244,53,26297,410
2020-11-07,Santa Cruz,087,273765,3355,3130,37,3167,25
2020-11-07,Shasta,089,179085,3310,2547,42,2589,36
2020-11-07,Sierra,091,2930,10,7,0,7,0
2020-11-07,Siskiyou,093,43540,299,241,13,254,0
2020-11-07,Solano,095,438530,8487,8066,42,8108,85
2020-11-07,Sonoma,097,501317,10715,10200,35,10235,149
2020-11-07,Stanislaus,099,539301,18859,18386,928,19314,418
2020-11-07,Sutter,101,95872,2123,1973,4,1977,12
2020-11-07,Tehama,103,63373,1157,1043,3,1046,7
2020-11-07,Trinity,105,12862,146,42,16,58,0
2020-11-07,Tulare,107,460477,19036,18229,643,18872,304
2020-11-07,Tuolumne,109,53932,464,327,5,332,7
2020-11-07,Ventura,111,848112,16400,15364,453,15817,156
2020-11-07,Yolo,113,214977,3714,3486,10,3496,61
2020-11-07,Yuba,115,75493,1440,1349,7,1356,10
2020-11-06,Alameda,001,1643700,25531,24389,250,24639,420
2020-11-06,Alpine,003,1148,24,6,0,6,0
2020-11-06,Amador,005,37829,396,369,0,369,16
2020-11-06,Butte,007,227075,3430,3254,63,3317,57
2020-11-06,Calaveras,009,45235,365,359,0,359,21
2020-11-06,Colusa,011,21464,595,580,1,581,6
2020-11-06,Contra Costa,013,1133247,20671,19744,104,19848,252
2020-11-06,Del Norte,015,27424,203,194,0,194,2
2020-11-06,El Dorado,017,186661,1630,1475,15,1490,4
2020-11-06,Fresno,019,978130,35821,32278,646,32924,460
2020-11-06,Glenn,021,27897,756,707,7,714,3
2020-11-06,Humboldt,023,135768,637,587,1,588,9
2020-11-06,Imperial,025,180216,13752,13230,25,13255,338
2020-11-06,Inyo,027,18085,259,246,5,251,14
2020-11-06,Kern,029,883053,35651,34360,610,34970,443
2020-11-06,Kings,031,150075,9440,8883,79,8962,83
2020-11-06,Lake,033,64148,787,741,0,741,16
2020-11-06,Lassen,035,31185,852,794,2,796,0
2020-11-06,Los Angeles,037,10098052,325519,314356,3524,317880,7160
2020-11-06,Madera,039,155013,5403,5136,65,5201,54
2020-11-06,Marin,041,260295,7337,7184,22,7206,131
2020-11-06,Mariposa,043,17540,89,79,0,79,2
2020-11-06,Mendocino,045,87422,1198,1113,5,1118,22
2020-11-06,Merced,047,269075,10152,9778,55,9833,157
2020-11-06,Modoc,049,8938,70,48,12,60,0
2020-11-06,Mono,051,14174,452,308,8,316,1
2020-11-06,Monterey,053,433212,12547,11914,108,12022,96
2020-11-06,Napa,055,140530,2419,2189,9,2198,15
2020-11-06,Nevada,057,99092,801,692,23,715,9
2020-11-06,Orange,059,3164182,64870,61049,1985,63034,1494
2020-11-06,Placer,061,380077,5129,4680,32,4712,60
2020-11-06,Plumas,063,18699,122,90,0,90,0
2020-11-06,Riverside,065,2383286,73783,70409,785,71194,1341
2020-11-06,Sacramento,067,1510023,28996,27489,44,27533,514
2020-11-06,San Benito,069,59416,1550,1479,1,1480,15
2020-11-06,San Bernardino,071,2135413,71734,66740,590,67330,1179
2020-11-06,San Diego,073,3302833,63264,59143,1938,61081,907
2020-11-06,San Francisco,075,870044,13377,12825,64,12889,146
2020-11-06,San Joaquin,077,732212,23309,22424,304,22728,502
2020-11-06,San Luis Obispo,079,281455,5093,4531,54,4585,32
2020-11-06,San Mateo,081,765935,12282,11587,12,11599,168
2020-11-06,Santa Barbara,083,443738,10375,10118,137,10255,133
2020-11-06,Santa Clara,085,1922200,28071,25831,53,25884,402
2020-11-06,Santa Cruz,087,273765,3318,3063,37,3100,25
2020-11-06,Shasta,089,179085,3237,2475,41,2516,35
2020-11-06,Sierra,091,2930,9,7,0,7,0
2020-11-06,Siskiyou,093,43540,286,237,12,249,0
2020-11-06,Solano,095,438530,8422,7959,42,8001,85
2020-11-06,Sonoma,097,501317,10665,10142,35,10177,149
2020-11-06,Stanislaus,099,539301,18772,18250,919,19169,417
2020-11-06,Sutter,101,95872,2096,1937,2,1939,12
2020-11-06,Tehama,103,63373,1136,1024,3,1027,6
2020-11-06,Trinity,105,12862,143,41,16,57,0
2020-11-06,Tulare,107,460477,18972,18136,618,18754,300
2020-11-06,Tuolumne,109,53932,443,316,5,321,5
2020-11-06,Ventura,111,848112,16314,15222,450,15672,154
2020-11-06,Yolo,113,214977,3685,3420,10,3430,62
2020-11-06,Yuba,115,75493,1427,1335,7,1342,10
2020-11-05,Alameda,001,1643700,25355,24270,250,24520,420
2020-11-05,Alpine,003,1148,24,6,0,6,0
2020-11-05,Amador,005,37829,393,363,0,363,16
2020-11-05,Butte,007,227075,3407,3239,57,3296,57
2020-11-05,Calaveras,009,45235,358,333,0,333,19
2020-11-05,Colusa,011,21464,591,574,1,575,6
2020-11-05,Contra Costa,013,1133247,20489,19656,102,19758,252
2020-11-05,Del Norte,015,27424,201,192,0,192,2
2020-11-05,El Dorado,017,186661,1606,1466,15,1481,4
2020-11-05,Fresno,019,978130,35578,32056,622,32678,460
2020-11-05,Glenn,021,27897,736,702,7,709,3
2020-11-05,Humboldt,023,135768,627,581,1,582,9
2020-11-05,Imperial,025,180216,13660,13178,24,13202,337
2020-11-05,Inyo,027,18085,259,247,5,252,14
2020-11-05,Kern,029,883053,35450,34232,596,34828,443
2020-11-05,Kings,031,150075,9285,8846,76,8922,83
2020-11-05,Lake,033,64148,783,739,0,739,16
2020-11-05,Lassen,035,31185,821,782,2,784,0
2020-11-05,Los Angeles,037,10098052,323163,312381,3471,315852,7146
2020-11-05,Madera,039,155013,5364,5129,62,5191,54
2020-11-05,Marin,041,260295,7315,7171,22,7193,131
2020-11-05,Mariposa,043,17540,88,79,0,79,2
2020-11-05,Mendocino,045,87422,1186,1112,5,1117,22
2020-11-05,Merced,047,269075,10093,9753,50,9803,155
2020-11-05,Modoc,049,8938,69,47,11,58,0
2020-11-05,Mono,051,14174,450,307,8,315,1
2020-11-05,Monterey,053,433212,12437,11784,104,11888,96
2020-11-05,Napa,055,140530,2392,2158,9,2167,15
2020-11-05,Nevada,057,99092,779,687,22,709,9
2020-11-05,Orange,059,3164182,64423,60740,1975,62715,1484
2020-11-05,Placer,061,380077,5060,4627,27,4654,60
2020-11-05,Plumas,063,18699,114,90,0,90,0
2020-11-05,Riverside,065,2383286,73072,70094,727,70821,1338
2020-11-05,Sacramento,067,1510023,28615,27232,43,27275,512
2020-11-05,San Benito,069,59416,1535,1477,1,1478,15
2020-11-05,San Bernardino,071,2135413,70906,66407,577,66984,1174
2020-11-05,San Diego,073,3302833,62638,58659,1912,60571,904
2020-11-05,San Francisco,075,870044,13265,12726,63,12789,146
2020-11-05,San Joaquin,077,732212,23145,22318,300,22618,502
2020-11-05,San Luis Obispo,079,281455,5026,4459,52,4511,32
2020-11-05,San Mateo,081,765935,12188,11535,12,11547,168
2020-11-05,Santa Barbara,083,443738,10331,10080,134,10214,133
2020-11-05,Santa Clara,085,1922200,27804,25651,53,25704,402
2020-11-05,Santa Cruz,087,273765,3280,3023,37,3060,25
2020-11-05,Shasta,089,179085,3147,2401,40,2441,34
2020-11-05,Sierra,091,2930,9,6,0,6,0
2020-11-05,Siskiyou,093,43540,275,228,12,240,0
2020-11-05,Solano,095,438530,8339,7842,42,7884,85
2020-11-05,Sonoma,097,501317,10553,10064,34,10098,145
2020-11-05,Stanislaus,099,539301,18659,18194,906,19100,417
2020-11-05,Sutter,101,95872,2064,1925,2,1927,12
2020-11-05,Tehama,103,63373,1114,1015,2,1017,6
2020-11-05,Trinity,105,12862,127,41,15,56,0
2020-11-05,Tulare,107,460477,18883,18049,592,18641,301
2020-11-05,Tuolumne,109,53932,414,312,5,317,5
2020-11-05,Ventura,111,848112,16148,15113,439,15552,155
2020-11-05,Yolo,113,214977,3635,3391,10,3401,61
2020-11-05,Yuba,115,75493,1409,1322,7,1329,10
2020-11-04,Alameda,001,1643700,25178,24172,248,24420,418
2020-11-04,Alpine,003,1148,20,5,0,5,0
2020-11-04,Amador,005,37829,390,362,0,362,16
2020-11-04,Butte,007,227075,3381,3218,54,3272,57
2020-11-04,Calaveras,009,45235,355,290,0,290,19
2020-11-04,Colusa,011,21464,589,571,1,572,6
2020-11-04,Contra Costa,013,1133247,20322,19472,99,19571,251
2020-11-04,Del Norte,015,27424,197,188,0,188,2
2020-11-04,El Dorado,017,186661,1591,1448,12,1460,4
2020-11-04,Fresno,019,978130,35346,31952,594,32546,457
2020-11-04,Glenn,021,27897,732,701,6,707,3
2020-11-04,Humboldt,023,135768,618,571,1,572,9
2020-11-04,Imperial,025,180216,13562,13087,24,13111,335
2020-11-04,Inyo,027,18085,258,247,5,252,14
2020-11-04,Kern,029,883053,35295,34027,585,34612,439
2020-11-04,Kings,031,150075,9251,8817,74,8891,83
2020-11-04,Lake,033,64148,776,735,0,735,16
2020-11-04,Lassen,035,31185,816,781,2,783,0
2020-11-04,Los Angeles,037,10098052,320851,310456,3392,313848,7124
2020-11-04,Madera,039,155013,5344,5083,58,5141,54
2020-11-04,Marin,041,260295,7303,7157,22,7179,131
2020-11-04,Mariposa,043,17540,88,79,0,79,2
2020-11-04,Mendocino,045,87422,1168,1089,5,1094,22
2020-11-04,Merced,047,269075,10043,9717,48,9765,153
2020-11-04,Modoc,049,8938,59,47,11,58,0
2020-11-04,Mono,051,14174,447,237,7,244,1
2020-11-04,Monterey,053,433212,12233,11743,98,11841,96
2020-11-04,Napa,055,140530,2338,2133,9,2142,15
2020-11-04,Nevada,057,99092,760,675,22,697,9
2020-11-04,Orange,059,3164182,63989,60463,1952,62415,1483
2020-11-04,Placer,061,380077,4982,4526,24,4550,60
2020-11-04,Plumas,063,18699,112,88,0,88,0
2020-11-04,Riverside,065,2383286,72455,69562,668,70230,1335
2020-11-04,Sacramento,067,1510023,28264,27005,42,27047,510
2020-11-04,San Benito,069,59416,1520,1464,1,1465,15
2020-11-04,San Bernardino,071,2135413,70109,65891,554,66445,1169
2020-11-04,San Diego,073,3302833,61992,58126,1886,60012,904
2020-11-04,San Francisco,075,870044,13181,12649,60,12709,146
2020-11-04,San Joaquin,077,732212,23008,22197,287,22484,500
2020-11-04,San Luis Obispo,079,281455,4959,4389,50,4439,32
2020-11-04,San Mateo,081,765935,12093,11456,12,11468,168
2020-11-04,Santa Barbara,083,443738,10293,10026,133,10159,132
2020-11-04,Santa Clara,085,1922200,27541,25487,53,25540,393
2020-11-04,Santa Cruz,087,273765,3243,2997,37,3034,25
2020-11-04,Shasta,089,179085,3016,2321,35,2356,34
2020-11-04,Sierra,091,2930,9,6,0,6,0
2020-11-04,Siskiyou,093,43540,266,222,12,234,0
2020-11-04,Solano,095,438530,8240,7733,42,7775,85
2020-11-04,Sonoma,097,501317,10459,9965,34,9999,142
2020-11-04,Stanislaus,099,539301,18542,18114,891,19005,416
2020-11-04,Sutter,101,95872,2030,1916,2,1918,12
2020-11-04,Tehama,103,63373,1088,997,2,999,6
2020-11-04,Trinity,105,12862,123,37,15,52,0
2020-11-04,Tulare,107,460477,18774,17952,564,18516,298
2020-11-04,Tuolumne,109,53932,390,310,5,315,5
2020-11-04,Ventura,111,848112,16008,14936,436,15372,155
2020-11-04,Yolo,113,214977,3594,3361,10,3371,62
2020-11-04,Yuba,115,75493,1388,1312,7,1319,10
2020-11-03,Alameda,001,1643700,24994,24055,246,24301,418
2020-11-03,Alpine,003,1148,19,4,0,4,0
2020-11-03,Amador,005,37829,385,361,0,361,16
2020-11-03,Butte,007,227075,3357,3211,49,3260,57
2020-11-03,Calaveras,009,45235,351,287,0,287,19
2020-11-03,Colusa,011,21464,584,572,1,573,6
2020-11-03,Contra Costa,013,1133247,20167,19416,99,19515,250
2020-11-03,Del Norte,015,27424,196,187,0,187,2
2020-11-03,El Dorado,017,186661,1569,1445,11,1456,4
2020-11-03,Fresno,019,978130,35079,31856,571,32427,457
2020-11-03,Glenn,021,27897,726,698,6,704,3
2020-11-03,Humboldt,023,135768,612,570,1,571,8
2020-11-03,Imperial,025,180216,13473,13044,23,13067,335
2020-11-03,Inyo,027,18085,257,244,5,249,14
2020-11-03,Kern,029,883053,35104,33957,574,34531,439
2020-11-03,Kings,031,150075,9088,8783,69,8852,83
2020-11-03,Lake,033,64148,766,732,0,732,16
2020-11-03,Lassen,035,31185,807,782,2,784,0
2020-11-03,Los Angeles,037,10098052,318396,308812,3324,312136,7104
2020-11-03,Madera,039,155013,5307,5058,57,5115,54
2020-11-03,Marin,041,260295,7283,7147,21,7168,131
2020-11-03,Mariposa,043,17540,87,79,0,79,2
2020-11-03,Mendocino,045,87422,1153,1084,5,1089,22
2020-11-03,Merced,047,269075,9990,9713,47,9760,153
2020-11-03,Modoc,049,8938,57,47,9,56,0
2020-11-03,Mono,051,14174,443,210,7,217,1
2020-11-03,Monterey,053,433212,12164,11703,91,11794,94
2020-11-03,Napa,055,140530,2302,2130,9,2139,15
2020-11-03,Nevada,057,99092,740,670,21,691,9
2020-11-03,Orange,059,3164182,63559,60283,1940,62223,1477
2020-11-03,Placer,061,380077,4908,4514,24,4538,60
2020-11-03,Plumas,063,18699,109,86,0,86,0
2020-11-03,Riverside,065,2383286,71836,69300,643,69943,1325
2020-11-03,Sacramento,067,1510023,27884,26841,41,26882,510
2020-11-03,San Benito,069,59416,1510,1463,1,1464,15
2020-11-03,San Bernardino,071,2135413,69296,65320,546,65866,1159
2020-11-03,San Diego,073,3302833,61316,57722,1842,59564,901
2020-11-03,San Francisco,075,870044,13058,12585,60,12645,146
2020-11-03,San Joaquin,077,732212,22873,22109,281,22390,500
2020-11-03,San Luis Obispo,079,281455,4875,4371,48,4419,32
2020-11-03,San Mateo,081,765935,11998,11406,12,11418,162
2020-11-03,Santa Barbara,083,443738,10239,10008,128,10136,132
2020-11-03,Santa Clara,085,1922200,27269,25386,52,25438,393
2020-11-03,Santa Cruz,087,273765,3193,2980,36,3016,25
2020-11-03,Shasta,089,179085,2922,2288,28,2316,33
2020-11-03,Sierra,091,2930,7,6,0,6,0
2020-11-03,Siskiyou,093,43540,262,219,11,230,0
2020-11-03,Solano,095,438530,8157,7691,42,7733,85
2020-11-03,Sonoma,097,501317,10357,9906,34,9940,142
2020-11-03,Stanislaus,099,539301,18421,18080,880,18960,416
2020-11-03,Sutter,101,95872,1997,1914,2,1916,12
2020-11-03,Tehama,103,63373,1067,988,2,990,6
2020-11-03,Trinity,105,12862,116,36,14,50,0
2020-11-03,Tulare,107,460477,18668,17890,539,18429,297
2020-11-03,Tuolumne,109,53932,367,302,5,307,5
2020-11-03,Ventura,111,848112,15881,14816,429,15245,155
2020-11-03,Yolo,113,214977,3543,3343,10,3353,61
2020-11-03,Yuba,115,75493,1375,1295,7,1302,10
2020-11-02,Alameda,001,1643700,24798,23991,243,24234,419
2020-11-02,Alpine,003,1148,16,4,0,4,0
2020-11-02,Amador,005,37829,377,357,0,357,16
2020-11-02,Butte,007,227075,3337,3198,46,3244,57
2020-11-02,Calaveras,009,45235,351,282,0,282,18
2020-11-02,Colusa,011,21464,579,571,1,572,6
2020-11-02,Contra Costa,013,1133247,20014,19339,98,19437,250
2020-11-02,Del Norte,015,27424,193,175,0,175,2
2020-11-02,El Dorado,017,186661,1545,1405,11,1416,4
2020-11-02,Fresno,019,978130,34810,31738,554,32292,451
2020-11-02,Glenn,021,27897,720,692,5,697,3
2020-11-02,Humboldt,023,135768,603,569,1,570,8
2020-11-02,Imperial,025,180216,13393,13004,22,13026,334
2020-11-02,Inyo,027,18085,254,243,5,248,14
2020-11-02,Kern,029,883053,34946,33834,564,34398,437
2020-11-02,Kings,031,150075,9058,8654,66,8720,82
2020-11-02,Lake,033,64148,760,728,0,728,17
2020-11-02,Lassen,035,31185,799,782,2,784,0
2020-11-02,Los Angeles,037,10098052,316051,307620,3248,310868,7079
2020-11-02,Madera,039,155013,5276,5033,56,5089,54
2020-11-02,Marin,041,260295,7265,7132,20,7152,125
2020-11-02,Mariposa,043,17540,87,79,0,79,2
2020-11-02,Mendocino,045,87422,1139,1076,5,1081,21
2020-11-02,Merced,047,269075,9928,9664,41,9705,152
2020-11-02,Modoc,049,8938,54,45,5,50,0
2020-11-02,Mono,051,14174,441,211,7,218,1
2020-11-02,Monterey,053,433212,12057,11602,88,11690,93
2020-11-02,Napa,055,140530,2260,2081,9,2090,15
2020-11-02,Nevada,057,99092,724,656,21,677,9
2020-11-02,Orange,059,3164182,63154,59996,1924,61920,1474
2020-11-02,Placer,061,380077,4840,4461,22,4483,60
2020-11-02,Plumas,063,18699,101,86,0,86,0
2020-11-02,Riverside,065,2383286,71205,68833,602,69435,1321
2020-11-02,Sacramento,067,1510023,27542,26676,39,26715,508
2020-11-02,San Benito,069,59416,1498,1459,1,1460,15
2020-11-02,San Bernardino,071,2135413,68441,64629,535,65164,1157
2020-11-02,San Diego,073,3302833,60593,57429,1797,59226,891
2020-11-02,San Francisco,075,870044,12961,12436,59,12495,145
2020-11-02,San Joaquin,077,732212,22733,21919,273,22192,500
2020-11-02,San Luis Obispo,079,281455,4775,4303,45,4348,31
2020-11-02,San Mateo,081,765935,11889,11328,12,11340,161
2020-11-02,Santa Barbara,083,443738,10198,9985,123,10108,130
2020-11-02,Santa Clara,085,1922200,26979,25222,52,25274,387
2020-11-02,Santa Cruz,087,273765,3151,2943,36,2979,25
2020-11-02,Shasta,089,179085,2819,2174,24,2198,33
2020-11-02,Sierra,091,2930,7,6,0,6,0
2020-11-02,Siskiyou,093,43540,252,216,11,227,0
2020-11-02,Solano,095,438530,8039,7665,42,7707,84
2020-11-02,Sonoma,097,501317,10275,9796,33,9829,140
2020-11-02,Stanislaus,099,539301,18325,18005,871,18876,412
2020-11-02,Sutter,101,95872,1973,1895,2,1897,12
2020-11-02,Tehama,103,63373,1044,971,2,973,6
2020-11-02,Trinity,105,12862,110,30,14,44,0
2020-11-02,Tulare,107,460477,18575,17774,518,18292,299
2020-11-02,Tuolumne,109,53932,346,302,5,307,5
2020-11-02,Ventura,111,848112,15740,14767,415,15182,156
2020-11-02,Yolo,113,214977,3494,3318,10,3328,61
2020-11-02,Yuba,115,75493,1362,1280,7,1287,10
2020-11-01,Alameda,001,1643700,24635,23892,241,24133,419
2020-11-01,Alpine,003,1148,10,4,0,4,0
2020-11-01,Amador,005,37829,374,352,0,352,16
2020-11-01,Butte,007,227075,3314,3185,45,3230,57
2020-11-01,Calaveras,009,45235,350,282,0,282,18
2020-11-01,Colusa,011,21464,577,567,1,568,6
2020-11-01,Contra Costa,013,1133247,19840,19246,97,19343,250
2020-11-01,Del Norte,015,27424,189,175,0,175,2
2020-11-01,El Dorado,017,186661,1529,1394,11,1405,4
2020-11-01,Fresno,019,978130,34553,31613,534,32147,451
2020-11-01,Glenn,021,27897,711,688,3,691,3
2020-11-01,Humboldt,023,135768,595,568,1,569,8
2020-11-01,Imperial,025,180216,13302,12969,20,12989,334
2020-11-01,Inyo,027,18085,252,241,5,246,14
2020-11-01,Kern,029,883053,34765,33760,473,34233,437
2020-11-01,Kings,031,150075,9020,8641,65,8706,82
2020-11-01,Lake,033,64148,754,727,0,727,17
2020-11-01,Lassen,035,31185,799,782,2,784,0
2020-11-01,Los Angeles,037,10098052,313484,306217,3157,309374,7077
2020-11-01,Madera,039,155013,5228,5019,54,5073,54
2020-11-01,Marin,041,260295,7248,7124,20,7144,125
2020-11-01,Mariposa,043,17540,83,79,0,79,2
2020-11-01,Mendocino,045,87422,1126,1074,5,1079,21
2020-11-01,Merced,047,269075,9867,9626,41,9667,152
2020-11-01,Modoc,049,8938,53,45,5,50,0
2020-11-01,Mono,051,14174,412,211,6,217,1
2020-11-01,Monterey,053,433212,11950,11587,85,11672,93
2020-11-01,Napa,055,140530,2226,2067,9,2076,15
2020-11-01,Nevada,057,99092,708,646,20,666,9
2020-11-01,Orange,059,3164182,62752,59733,1898,61631,1475
2020-11-01,Placer,061,380077,4774,4422,21,4443,58
2020-11-01,Plumas,063,18699,96,86,0,86,0
2020-11-01,Riverside,065,2383286,70575,68493,566,69059,1319
2020-11-01,Sacramento,067,1510023,27221,26442,39,26481,508
2020-11-01,San Benito,069,59416,1483,1451,1,1452,15
2020-11-01,San Bernardino,071,2135413,67597,64339,514,64853,1157
2020-11-01,San Diego,073,3302833,59905,57122,1757,58879,891
2020-11-01,San Francisco,075,870044,12838,12436,54,12490,145
2020-11-01,San Joaquin,077,732212,22605,21919,267,22186,500
2020-11-01,San Luis Obispo,079,281455,4695,4303,44,4347,31
2020-11-01,San Mateo,081,765935,11808,11280,12,11292,160
2020-11-01,Santa Barbara,083,443738,10147,9969,107,10076,130
2020-11-01,Santa Clara,085,1922200,26699,25090,52,25142,386
2020-11-01,Santa Cruz,087,273765,3098,2921,36,2957,25
2020-11-01,Shasta,089,179085,2684,2172,23,2195,33
2020-11-01,Sierra,091,2930,7,6,0,6,0
2020-11-01,Siskiyou,093,43540,247,205,11,216,0
2020-11-01,Solano,095,438530,7949,7591,42,7633,84
2020-11-01,Sonoma,097,501317,10183,9688,33,9721,140
2020-11-01,Stanislaus,099,539301,18224,17961,851,18812,412
2020-11-01,Sutter,101,95872,1947,1888,1,1889,12
2020-11-01,Tehama,103,63373,1027,965,2,967,5
2020-11-01,Trinity,105,12862,108,30,13,43,0
2020-11-01,Tulare,107,460477,18463,17774,487,18261,299
2020-11-01,Tuolumne,109,53932,324,295,5,300,5
2020-11-01,Ventura,111,848112,15591,14686,384,15070,156
2020-11-01,Yolo,113,214977,3446,3303,10,3313,60
2020-11-01,Yuba,115,75493,1345,1273,7,1280,10
2020-10-31,Alameda,001,1643700,24519,23780,237,24017,416
2020-10-31,Alpine,003,1148,10,4,0,4,0
2020-10-31,Amador,005,37829,370,347,0,347,16
2020-10-31,Butte,007,227075,3301,3172,43,3215,57
2020-10-31,Calaveras,009,45235,350,280,0,280,18
2020-10-31,Colusa,011,21464,575,555,1,556,6
2020-10-31,Contra Costa,013,1133247,19735,19161,97,19258,249
2020-10-31,Del Norte,015,27424,188,175,0,175,2
2020-10-31,El Dorado,017,186661,1520,1390,11,1401,4
2020-10-31,Fresno,019,978130,34416,31558,531,32089,451
2020-10-31,Glenn,021,27897,709,678,3,681,3
2020-10-31,Humboldt,023,135768,592,561,1,562,8
2020-10-31,Imperial,025,180216,13260,12912,20,12932,334
2020-10-31,Inyo,027,18085,251,241,5,246,14
2020-10-31,Kern,029,883053,34662,33666,464,34130,437
2020-10-31,Kings,031,150075,8999,8612,64,8676,82
2020-10-31,Lake,033,64148,750,724,0,724,16
2020-10-31,Lassen,035,31185,794,782,2,784,0
2020-10-31,Los Angeles,037,10098052,312109,304704,3115,307819,7073
2020-10-31,Madera,039,155013,5210,5013,51,5064,54
2020-10-31,Marin,041,260295,7232,7112,20,7132,125
2020-10-31,Mariposa,043,17540,83,79,0,79,2
2020-10-31,Mendocino,045,87422,1118,1066,5,1071,21
2020-10-31,Merced,047,269075,9834,9597,40,9637,151
2020-10-31,Modoc,049,8938,52,34,4,38,0
2020-10-31,Mono,051,14174,263,194,5,199,1
2020-10-31,Monterey,053,433212,11882,11539,81,11620,93
2020-10-31,Napa,055,140530,2207,2040,9,2049,15
2020-10-31,Nevada,057,99092,690,644,20,664,9
2020-10-31,Orange,059,3164182,62494,59488,1880,61368,1473
2020-10-31,Placer,061,380077,4724,4374,20,4394,58
2020-10-31,Plumas,063,18699,95,85,0,85,0
2020-10-31,Riverside,065,2383286,70218,68178,543,68721,1319
2020-10-31,Sacramento,067,1510023,27022,26316,37,26353,507
2020-10-31,San Benito,069,59416,1476,1448,1,1449,15
2020-10-31,San Bernardino,071,2135413,67172,64016,504,64520,1157
2020-10-31,San Diego,073,3302833,59452,56769,1729,58498,891
2020-10-31,San Francisco,075,870044,12764,12438,53,12491,145
2020-10-31,San Joaquin,077,732212,22530,21918,258,22176,500
2020-10-31,San Luis Obispo,079,281455,4626,4285,41,4326,31
2020-10-31,San Mateo,081,765935,11756,11253,12,11265,160
2020-10-31,Santa Barbara,083,443738,10118,9957,99,10056,130
2020-10-31,Santa Clara,085,1922200,26530,24957,52,25009,379
2020-10-31,Santa Cruz,087,273765,3063,2895,35,2930,25
2020-10-31,Shasta,089,179085,2630,2122,22,2144,33
2020-10-31,Sierra,091,2930,7,6,0,6,0
2020-10-31,Siskiyou,093,43540,245,200,11,211,0
2020-10-31,Solano,095,438530,7885,7545,42,7587,84
2020-10-31,Sonoma,097,501317,10130,9648,33,9681,140
2020-10-31,Stanislaus,099,539301,18161,17920,835,18755,412
2020-10-31,Sutter,101,95872,1938,1876,1,1877,12
2020-10-31,Tehama,103,63373,1017,953,2,955,5
2020-10-31,Trinity,105,12862,105,30,13,43,0
2020-10-31,Tulare,107,460477,18414,17758,479,18237,299
2020-10-31,Tuolumne,109,53932,317,290,5,295,5
2020-10-31,Ventura,111,848112,15507,14635,366,15001,155
2020-10-31,Yolo,113,214977,3411,3290,10,3300,60
2020-10-31,Yuba,115,75493,1329,1260,6,1266,10
2020-10-30,Alameda,001,1643700,24440,23676,235,23911,401
2020-10-30,Alpine,003,1148,10,4,0,4,0
2020-10-30,Amador,005,37829,370,344,0,344,16
2020-10-30,Butte,007,227075,3296,3160,43,3203,57
2020-10-30,Calaveras,009,45235,349,279,0,279,18
2020-10-30,Colusa,011,21464,573,554,1,555,6
2020-10-30,Contra Costa,013,1133247,19663,19074,97,19171,249
2020-10-30,Del Norte,015,27424,187,175,0,175,2
2020-10-30,El Dorado,017,186661,1507,1386,11,1397,4
2020-10-30,Fresno,019,978130,34294,31409,522,31931,446
2020-10-30,Glenn,021,27897,703,674,2,676,3
2020-10-30,Humboldt,023,135768,591,561,1,562,7
2020-10-30,Imperial,025,180216,13219,12853,20,12873,334
2020-10-30,Inyo,027,18085,250,241,5,246,14
2020-10-30,Kern,029,883053,34569,33583,463,34046,437
2020-10-30,Kings,031,150075,8989,8564,62,8626,82
2020-10-30,Lake,033,64148,750,720,0,720,16
2020-10-30,Lassen,035,31185,788,777,2,779,0
2020-10-30,Los Angeles,037,10098052,310672,303425,3081,306506,7060
2020-10-30,Madera,039,155013,5198,4991,49,5040,54
2020-10-30,Marin,041,260295,7212,7097,20,7117,125
2020-10-30,Mariposa,043,17540,83,78,0,78,2
2020-10-30,Mendocino,045,87422,1116,1062,5,1067,21
2020-10-30,Merced,047,269075,9802,9539,40,9579,150
2020-10-30,Modoc,049,8938,51,34,3,37,0
2020-10-30,Mono,051,14174,262,193,5,198,1
2020-10-30,Monterey,053,433212,11819,11491,76,11567,92
2020-10-30,Napa,055,140530,2189,2028,9,2037,15
2020-10-30,Nevada,057,99092,684,634,20,654,9
2020-10-30,Orange,059,3164182,62253,59334,1868,61202,1469
2020-10-30,Placer,061,380077,4677,4335,20,4355,58
2020-10-30,Plumas,063,18699,92,80,0,80,0
2020-10-30,Riverside,065,2383286,69879,67752,523,68275,1317
2020-10-30,Sacramento,067,1510023,26874,26147,37,26184,505
2020-10-30,San Benito,069,59416,1470,1440,1,1441,15
2020-10-30,San Bernardino,071,2135413,66756,63512,501,64013,1156
2020-10-30,San Diego,073,3302833,59047,56387,1707,58094,888
2020-10-30,San Francisco,075,870044,12709,12384,53,12437,145
2020-10-30,San Joaquin,077,732212,22463,21849,252,22101,500
2020-10-30,San Luis Obispo,079,281455,4583,4256,41,4297,31
2020-10-30,San Mateo,081,765935,11697,11207,12,11219,159
2020-10-30,Santa Barbara,083,443738,10095,9937,99,10036,128
2020-10-30,Santa Clara,085,1922200,26381,24811,52,24863,378
2020-10-30,Santa Cruz,087,273765,3045,2874,35,2909,25
2020-10-30,Shasta,089,179085,2586,2048,21,2069,32
2020-10-30,Sierra,091,2930,7,6,0,6,0
2020-10-30,Siskiyou,093,43540,245,192,11,203,0
2020-10-30,Solano,095,438530,7824,7497,42,7539,84
2020-10-30,Sonoma,097,501317,10055,9602,33,9635,140
2020-10-30,Stanislaus,099,539301,18113,17861,819,18680,410
2020-10-30,Sutter,101,95872,1925,1860,1,1861,12
2020-10-30,Tehama,103,63373,1013,932,2,934,5
2020-10-30,Trinity,105,12862,105,29,13,42,0
2020-10-30,Tulare,107,460477,18370,17682,464,18146,299
2020-10-30,Tuolumne,109,53932,310,286,5,291,4
2020-10-30,Ventura,111,848112,15434,14578,354,14932,154
2020-10-30,Yolo,113,214977,3394,3263,10,3273,60
2020-10-30,Yuba,115,75493,1321,1256,6,1262,10
2020-10-29,Alameda,001,1643700,24276,23530,234,23764,401
2020-10-29,Alpine,003,1148,7,4,0,4,0
2020-10-29,Amador,005,37829,366,338,0,338,16
2020-10-29,Butte,007,227075,3278,3143,42,3185,57
2020-10-29,Calaveras,009,45235,347,278,0,278,13
2020-10-29,Colusa,011,21464,569,552,1,553,6
2020-10-29,Contra Costa,013,1133247,19564,18933,96,19029,249
2020-10-29,Del Norte,015,27424,185,174,0,174,2
2020-10-29,El Dorado,017,186661,1485,1370,11,1381,4
2020-10-29,Fresno,019,978130,34137,31321,515,31836,445
2020-10-29,Glenn,021,27897,701,673,2,675,3
2020-10-29,Humboldt,023,135768,586,559,1,560,7
2020-10-29,Imperial,025,180216,13175,12769,20,12789,334
2020-10-29,Inyo,027,18085,248,238,5,243,14
2020-10-29,Kern,029,883053,34468,33460,459,33919,437
2020-10-29,Kings,031,150075,8835,8502,61,8563,82
2020-10-29,Lake,033,64148,747,702,0,702,16
2020-10-29,Lassen,035,31185,787,772,2,774,0
2020-10-29,Los Angeles,037,10098052,309042,302246,3035,305281,7046
2020-10-29,Madera,039,155013,5168,4970,47,5017,53
2020-10-29,Marin,041,260295,7198,7083,20,7103,125
2020-10-29,Mariposa,043,17540,81,78,0,78,2
2020-10-29,Mendocino,045,87422,1110,1058,5,1063,21
2020-10-29,Merced,047,269075,9750,9496,40,9536,150
2020-10-29,Modoc,049,8938,49,31,3,34,0
2020-10-29,Mono,051,14174,255,176,5,181,1
2020-10-29,Monterey,053,433212,11738,11425,74,11499,92
2020-10-29,Napa,055,140530,2165,2009,9,2018,15
2020-10-29,Nevada,057,99092,677,632,20,652,9
2020-10-29,Orange,059,3164182,61985,59046,1848,60894,1464
2020-10-29,Placer,061,380077,4632,4270,18,4288,58
2020-10-29,Plumas,063,18699,90,69,0,69,0
2020-10-29,Riverside,065,2383286,69502,67268,493,67761,1304
2020-10-29,Sacramento,067,1510023,26661,25978,36,26014,507
2020-10-29,San Benito,069,59416,1465,1431,1,1432,15
2020-10-29,San Bernardino,071,2135413,66189,62968,491,63459,1150
2020-10-29,San Diego,073,3302833,58581,55916,1678,57594,885
2020-10-29,San Francisco,075,870044,12630,12312,53,12365,145
2020-10-29,San Joaquin,077,732212,22379,21736,240,21976,498
2020-10-29,San Luis Obispo,079,281455,4552,4223,40,4263,31
2020-10-29,San Mateo,081,765935,11652,11145,12,11157,157
2020-10-29,Santa Barbara,083,443738,10062,9902,97,9999,128
2020-10-29,Santa Clara,085,1922200,26230,24614,52,24666,377
2020-10-29,Santa Cruz,087,273765,3020,2850,35,2885,24
2020-10-29,Shasta,089,179085,2523,2008,21,2029,32
2020-10-29,Sierra,091,2930,6,6,0,6,0
2020-10-29,Siskiyou,093,43540,229,185,11,196,0
2020-10-29,Solano,095,438530,7762,7453,42,7495,78
2020-10-29,Sonoma,097,501317,9990,9533,33,9566,140
2020-10-29,Stanislaus,099,539301,18060,17790,798,18588,410
2020-10-29,Sutter,101,95872,1918,1852,1,1853,12
2020-10-29,Tehama,103,63373,995,925,2,927,5
2020-10-29,Trinity,105,12862,100,28,12,40,0
2020-10-29,Tulare,107,460477,18292,17627,445,18072,299
2020-10-29,Tuolumne,109,53932,305,279,5,284,4
2020-10-29,Ventura,111,848112,15343,14486,350,14836,154
2020-10-29,Yolo,113,214977,3365,3246,10,3256,60
2020-10-29,Yuba,115,75493,1310,1248,6,1254,10
2020-10-28,Alameda,001,1643700,24176,23468,233,23701,400
2020-10-28,Alpine,003,1148,6,4,0,4,0
2020-10-28,Amador,005,37829,363,337,0,337,16
2020-10-28,Butte,007,227075,3262,3134,39,3173,56
2020-10-28,Calaveras,009,45235,346,278,0,278,13
2020-10-28,Colusa,011,21464,566,551,1,552,6
2020-10-28,Contra Costa,013,1133247,19477,18828,95,18923,246
2020-10-28,Del Norte,015,27424,182,173,0,173,2
2020-10-28,El Dorado,017,186661,1473,1363,11,1374,4
2020-10-28,Fresno,019,978130,34015,31195,509,31704,444
2020-10-28,Glenn,021,27897,697,673,2,675,3
2020-10-28,Humboldt,023,135768,582,559,1,560,7
2020-10-28,Imperial,025,180216,13126,12730,20,12750,333
2020-10-28,Inyo,027,18085,248,238,5,243,14
2020-10-28,Kern,029,883053,34366,33424,440,33864,436
2020-10-28,Kings,031,150075,8813,8486,60,8546,82
2020-10-28,Lake,033,64148,744,700,0,700,15
2020-10-28,Lassen,035,31185,783,771,2,773,0
2020-10-28,Los Angeles,037,10098052,307583,300726,2993,303719,7031
2020-10-28,Madera,039,155013,5151,4954,46,5000,53
2020-10-28,Marin,041,260295,7187,7079,20,7099,126
2020-10-28,Mariposa,043,17540,81,78,0,78,2
2020-10-28,Mendocino,045,87422,1109,1037,5,1042,20
2020-10-28,Merced,047,269075,9724,9480,39,9519,150
2020-10-28,Modoc,049,8938,48,31,2,33,0
2020-10-28,Mono,051,14174,237,176,5,181,1
2020-10-28,Monterey,053,433212,11680,11330,72,11402,89
2020-10-28,Napa,055,140530,2139,1998,8,2006,15
2020-10-28,Nevada,057,99092,669,629,20,649,9
2020-10-28,Orange,059,3164182,61721,58801,1832,60633,1459
2020-10-28,Placer,061,380077,4576,4236,18,4254,57
2020-10-28,Plumas,063,18699,89,67,0,67,0
2020-10-28,Riverside,065,2383286,69104,67003,469,67472,1302
2020-10-28,Sacramento,067,1510023,26465,25838,35,25873,506
2020-10-28,San Benito,069,59416,1457,1429,1,1430,15
2020-10-28,San Bernardino,071,2135413,65730,62778,482,63260,1154
2020-10-28,San Diego,073,3302833,58198,55556,1649,57205,881
2020-10-28,San Francisco,075,870044,12572,12261,52,12313,145
2020-10-28,San Joaquin,077,732212,22295,21707,229,21936,498
2020-10-28,San Luis Obispo,079,281455,4508,4197,37,4234,31
2020-10-28,San Mateo,081,765935,11585,11101,12,11113,157
2020-10-28,Santa Barbara,083,443738,10038,9872,95,9967,127
2020-10-28,Santa Clara,085,1922200,26086,24503,52,24555,375
2020-10-28,Santa Cruz,087,273765,2989,2836,35,2871,24
2020-10-28,Shasta,089,179085,2443,1996,20,2016,31
2020-10-28,Sierra,091,2930,6,6,0,6,0
2020-10-28,Siskiyou,093,43540,226,182,10,192,0
2020-10-28,Solano,095,438530,7703,7362,42,7404,77
2020-10-28,Sonoma,097,501317,9900,9457,28,9485,140
2020-10-28,Stanislaus,099,539301,17995,17765,788,18553,409
2020-10-28,Sutter,101,95872,1909,1840,1,1841,12
2020-10-28,Tehama,103,63373,984,921,2,923,5
2020-10-28,Trinity,105,12862,93,28,11,39,0
2020-10-28,Tulare,107,460477,18235,17569,429,17998,297
2020-10-28,Tuolumne,109,53932,302,277,5,282,4
2020-10-28,Ventura,111,848112,15270,14409,341,14750,153
2020-10-28,Yolo,113,214977,3341,3230,10,3240,60
2020-10-28,Yuba,115,75493,1298,1245,6,1251,10
2020-10-27,Alameda,001,1643700,24062,23365,231,23596,400
2020-10-27,Alpine,003,1148,6,3,0,3,0
2020-10-27,Amador,005,37829,360,335,0,335,16
2020-10-27,Butte,007,227075,3246,3107,36,3143,56
2020-10-27,Calaveras,009,45235,344,277,0,277,13
2020-10-27,Colusa,011,21464,561,549,1,550,6
2020-10-27,Contra Costa,013,1133247,19371,18766,95,18861,246
2020-10-27,Del Norte,015,27424,179,173,0,173,2
2020-10-27,El Dorado,017,186661,1460,1351,11,1362,4
2020-10-27,Fresno,019,978130,33896,31096,504,31600,442
2020-10-27,Glenn,021,27897,695,667,1,668,3
2020-10-27,Humboldt,023,135768,579,559,1,560,7
2020-10-27,Imperial,025,180216,13077,12680,19,12699,333
2020-10-27,Inyo,027,18085,248,231,5,236,14
2020-10-27,Kern,029,883053,34249,33328,436,33764,436
2020-10-27,Kings,031,150075,8782,8411,60,8471,83
2020-10-27,Lake,033,64148,741,700,0,700,15
2020-10-27,Lassen,035,31185,781,764,2,766,0
2020-10-27,Los Angeles,037,10098052,306199,299438,2964,302402,7008
2020-10-27,Madera,039,155013,5121,4942,45,4987,53
2020-10-27,Marin,041,260295,7171,7070,20,7090,126
2020-10-27,Mariposa,043,17540,80,78,0,78,2
2020-10-27,Mendocino,045,87422,1103,1033,4,1037,20
2020-10-27,Merced,047,269075,9683,9449,39,9488,150
2020-10-27,Modoc,049,8938,46,31,2,33,0
2020-10-27,Mono,051,14174,223,169,5,174,1
2020-10-27,Monterey,053,433212,11624,11261,70,11331,88
2020-10-27,Napa,055,140530,2123,1979,8,1987,15
2020-10-27,Nevada,057,99092,663,622,20,642,8
2020-10-27,Orange,059,3164182,61449,58550,1816,60366,1448
2020-10-27,Placer,061,380077,4527,4197,16,4213,57
2020-10-27,Plumas,063,18699,86,63,0,63,0
2020-10-27,Riverside,065,2383286,68751,66699,424,67123,1299
2020-10-27,Sacramento,067,1510023,26278,25701,33,25734,501
2020-10-27,San Benito,069,59416,1452,1428,1,1429,15
2020-10-27,San Bernardino,071,2135413,65268,62357,469,62826,1154
2020-10-27,San Diego,073,3302833,57725,55226,1626,56852,877
2020-10-27,San Francisco,075,870044,12497,12218,51,12269,140
2020-10-27,San Joaquin,077,732212,22204,21637,220,21857,496
2020-10-27,San Luis Obispo,079,281455,4481,4148,33,4181,31
2020-10-27,San Mateo,081,765935,11537,11074,12,11086,156
2020-10-27,Santa Barbara,083,443738,10008,9874,94,9968,125
2020-10-27,Santa Clara,085,1922200,25944,24368,52,24420,367
2020-10-27,Santa Cruz,087,273765,2959,2815,34,2849,24
2020-10-27,Shasta,089,179085,2357,1962,20,1982,29
2020-10-27,Sierra,091,2930,6,6,0,6,0
2020-10-27,Siskiyou,093,43540,217,181,10,191,0
2020-10-27,Solano,095,438530,7634,7298,42,7340,77
2020-10-27,Sonoma,097,501317,9833,9389,28,9417,140
2020-10-27,Stanislaus,099,539301,17927,17720,781,18501,408
2020-10-27,Sutter,101,95872,1896,1832,1,1833,12
2020-10-27,Tehama,103,63373,970,913,2,915,5
2020-10-27,Trinity,105,12862,90,28,11,39,0
2020-10-27,Tulare,107,460477,18172,17520,406,17926,296
2020-10-27,Tuolumne,109,53932,298,275,5,280,4
2020-10-27,Ventura,111,848112,15187,14347,334,14681,153
2020-10-27,Yolo,113,214977,3327,3216,10,3226,58
2020-10-27,Yuba,115,75493,1285,1235,6,1241,10
2020-10-26,Alameda,001,1643700,23949,23284,230,23514,398
2020-10-26,Alpine,003,1148,4,3,0,3,0
2020-10-26,Amador,005,37829,356,331,0,331,16
2020-10-26,Butte,007,227075,3235,3095,34,3129,56
2020-10-26,Calaveras,009,45235,340,274,0,274,13
2020-10-26,Colusa,011,21464,559,548,1,549,6
2020-10-26,Contra Costa,013,1133247,19275,18718,94,18812,245
2020-10-26,Del Norte,015,27424,179,171,0,171,2
2020-10-26,El Dorado,017,186661,1446,1336,11,1347,4
2020-10-26,Fresno,019,978130,33783,30969,497,31466,441
2020-10-26,Glenn,021,27897,688,660,1,661,3
2020-10-26,Humboldt,023,135768,571,554,1,555,7
2020-10-26,Imperial,025,180216,13023,12654,16,12670,333
2020-10-26,Inyo,027,18085,248,226,5,231,14
2020-10-26,Kern,029,883053,34165,33233,431,33664,432
2020-10-26,Kings,031,150075,8760,8264,58,8322,82
2020-10-26,Lake,033,64148,739,697,0,697,15
2020-10-26,Lassen,035,31185,778,764,2,766,0
2020-10-26,Los Angeles,037,10098052,304770,297961,2923,300884,6979
2020-10-26,Madera,039,155013,5100,4922,44,4966,53
2020-10-26,Marin,041,260295,7165,7064,19,7083,104
2020-10-26,Mariposa,043,17540,80,77,0,77,2
2020-10-26,Mendocino,045,87422,1095,1026,4,1030,20
2020-10-26,Merced,047,269075,9636,9375,38,9413,150
2020-10-26,Modoc,049,8938,44,28,0,28,0
2020-10-26,Mono,051,14174,217,167,5,172,1
2020-10-26,Monterey,053,433212,11573,11207,66,11273,87
2020-10-26,Napa,055,140530,2091,1966,8,1974,14
2020-10-26,Nevada,057,99092,656,618,20,638,8
2020-10-26,Orange,059,3164182,61246,58377,1797,60174,1442
2020-10-26,Placer,061,380077,4485,4161,15,4176,57
2020-10-26,Plumas,063,18699,84,63,0,63,0
2020-10-26,Riverside,065,2383286,68299,66475,398,66873,1294
2020-10-26,Sacramento,067,1510023,26097,25555,31,25586,496
2020-10-26,San Benito,069,59416,1444,1424,1,1425,15
2020-10-26,San Bernardino,071,2135413,64797,61871,466,62337,1153
2020-10-26,San Diego,073,3302833,57332,54957,1588,56545,870
2020-10-26,San Francisco,075,870044,12437,12072,51,12123,138
2020-10-26,San Joaquin,077,732212,22121,21459,214,21673,495
2020-10-26,San Luis Obispo,079,281455,4455,4133,33,4166,31
2020-10-26,San Mateo,081,765935,11493,11037,12,11049,156
2020-10-26,Santa Barbara,083,443738,9985,9827,94,9921,122
2020-10-26,Santa Clara,085,1922200,25754,24258,51,24309,365
2020-10-26,Santa Cruz,087,273765,2933,2808,34,2842,24
2020-10-26,Shasta,089,179085,2303,1889,20,1909,29
2020-10-26,Sierra,091,2930,6,6,0,6,0
2020-10-26,Siskiyou,093,43540,209,179,10,189,0
2020-10-26,Solano,095,438530,7554,7271,42,7313,62
2020-10-26,Sonoma,097,501317,9754,9315,28,9343,140
2020-10-26,Stanislaus,099,539301,17877,17666,771,18437,400
2020-10-26,Sutter,101,95872,1888,1817,1,1818,12
2020-10-26,Tehama,103,63373,950,892,2,894,5
2020-10-26,Trinity,105,12862,89,26,11,37,0
2020-10-26,Tulare,107,460477,18095,17432,383,17815,296
2020-10-26,Tuolumne,109,53932,289,271,5,276,4
2020-10-26,Ventura,111,848112,15117,14330,331,14661,154
2020-10-26,Yolo,113,214977,3308,3206,10,3216,58
2020-10-26,Yuba,115,75493,1269,1226,6,1232,10
2020-10-25,Alameda,001,1643700,23843,23192,230,23422,398
2020-10-25,Alpine,003,1148,3,3,0,3,0
2020-10-25,Amador,005,37829,345,330,0,330,16
2020-10-25,Butte,007,227075,3216,3087,34,3121,56
2020-10-25,Calaveras,009,45235,339,274,0,274,13
2020-10-25,Colusa,011,21464,555,548,1,549,6
2020-10-25,Contra Costa,013,1133247,19173,18640,94,18734,245
2020-10-25,Del Norte,015,27424,175,171,0,171,2
2020-10-25,El Dorado,017,186661,1431,1328,11,1339,4
2020-10-25,Fresno,019,978130,33649,30858,484,31342,441
2020-10-25,Glenn,021,27897,685,652,1,653,3
2020-10-25,Humboldt,023,135768,568,554,1,555,7
2020-10-25,Imperial,025,180216,12974,12572,16,12588,333
2020-10-25,Inyo,027,18085,245,226,5,231,14
2020-10-25,Kern,029,883053,34058,33185,427,33612,432
2020-10-25,Kings,031,150075,8727,8246,56,8302,82
2020-10-25,Lake,033,64148,722,695,0,695,15
2020-10-25,Lassen,035,31185,776,764,2,766,0
2020-10-25,Los Angeles,037,10098052,303208,297110,2886,299996,6973
2020-10-25,Madera,039,155013,5070,4909,39,4948,53
2020-10-25,Marin,041,260295,7155,7052,19,7071,102
2020-10-25,Mariposa,043,17540,80,77,0,77,2
2020-10-25,Mendocino,045,87422,1088,1024,4,1028,20
2020-10-25,Merced,047,269075,9571,9352,36,9388,150
2020-10-25,Modoc,049,8938,39,28,0,28,0
2020-10-25,Mono,051,14174,209,167,5,172,1
2020-10-25,Monterey,053,433212,11490,11182,61,11243,87
2020-10-25,Napa,055,140530,2061,1962,8,1970,14
2020-10-25,Nevada,057,99092,648,616,20,636,8
2020-10-25,Orange,059,3164182,60958,58185,1788,59973,1443
2020-10-25,Placer,061,380077,4433,4140,15,4155,57
2020-10-25,Plumas,063,18699,84,63,0,63,0
2020-10-25,Riverside,065,2383286,67848,66192,382,66574,1289
2020-10-25,Sacramento,067,1510023,25881,25445,28,25473,496
2020-10-25,San Benito,069,59416,1437,1423,1,1424,15
2020-10-25,San Bernardino,071,2135413,64256,61551,454,62005,1153
2020-10-25,San Diego,073,3302833,56869,54599,1556,56155,870
2020-10-25,San Francisco,075,870044,12364,12072,51,12123,137
2020-10-25,San Joaquin,077,732212,22013,21459,206,21665,495
2020-10-25,San Luis Obispo,079,281455,4413,4126,31,4157,31
2020-10-25,San Mateo,081,765935,11448,10987,12,10999,156
2020-10-25,Santa Barbara,083,443738,9965,9814,94,9908,122
2020-10-25,Santa Clara,085,1922200,25566,24087,51,24138,365
2020-10-25,Santa Cruz,087,273765,2906,2789,34,2823,24
2020-10-25,Shasta,089,179085,2239,1889,20,1909,29
2020-10-25,Sierra,091,2930,6,6,0,6,0
2020-10-25,Siskiyou,093,43540,206,176,10,186,0
2020-10-25,Solano,095,438530,7476,7197,42,7239,60
2020-10-25,Sonoma,097,501317,9661,9235,27,9262,140
2020-10-25,Stanislaus,099,539301,17820,17641,761,18402,400
2020-10-25,Sutter,101,95872,1870,1811,1,1812,12
2020-10-25,Tehama,103,63373,933,880,2,882,5
2020-10-25,Trinity,105,12862,85,26,11,37,0
2020-10-25,Tulare,107,460477,18021,17431,373,17804,296
2020-10-25,Tuolumne,109,53932,284,271,5,276,4
2020-10-25,Ventura,111,848112,15024,14300,325,14625,154
2020-10-25,Yolo,113,214977,3287,3190,10,3200,58
2020-10-25,Yuba,115,75493,1261,1219,6,1225,10
2020-10-24,Alameda,001,1643700,23772,23099,227,23326,398
2020-10-24,Alpine,003,1148,3,3,0,3,0
2020-10-24,Amador,005,37829,344,328,0,328,16
2020-10-24,Butte,007,227075,3207,3078,34,3112,56
2020-10-24,Calaveras,009,45235,337,274,0,274,13
2020-10-24,Colusa,011,21464,550,548,1,549,6
2020-10-24,Contra Costa,013,1133247,19106,18567,94,18661,244
2020-10-24,Del Norte,015,27424,174,171,0,171,2
2020-10-24,El Dorado,017,186661,1415,1317,11,1328,4
2020-10-24,Fresno,019,978130,33588,30752,479,31231,441
2020-10-24,Glenn,021,27897,682,650,1,651,3
2020-10-24,Humboldt,023,135768,566,553,1,554,7
2020-10-24,Imperial,025,180216,12947,12469,16,12485,333
2020-10-24,Inyo,027,18085,245,226,5,231,14
2020-10-24,Kern,029,883053,34000,33105,422,33527,432
2020-10-24,Kings,031,150075,8717,8228,55,8283,82
2020-10-24,Lake,033,64148,717,696,0,696,15
2020-10-24,Lassen,035,31185,775,764,2,766,0
2020-10-24,Los Angeles,037,10098052,302389,296323,2864,299187,6969
2020-10-24,Madera,039,155013,5057,4898,38,4936,53
2020-10-24,Marin,041,260295,7146,7042,19,7061,102
2020-10-24,Mariposa,043,17540,80,77,0,77,2
2020-10-24,Mendocino,045,87422,1076,1022,4,1026,20
2020-10-24,Merced,047,269075,9547,9351,36,9387,150
2020-10-24,Modoc,049,8938,38,28,0,28,0
2020-10-24,Mono,051,14174,195,167,5,172,1
2020-10-24,Monterey,053,433212,11421,11153,60,11213,87
2020-10-24,Napa,055,140530,2044,1957,8,1965,14
2020-10-24,Nevada,057,99092,644,608,20,628,8
2020-10-24,Orange,059,3164182,60803,57928,1778,59706,1441
2020-10-24,Placer,061,380077,4402,4093,15,4108,57
2020-10-24,Plumas,063,18699,78,63,0,63,0
2020-10-24,Riverside,065,2383286,67640,65902,367,66269,1288
2020-10-24,Sacramento,067,1510023,25800,25372,28,25400,496
2020-10-24,San Benito,069,59416,1432,1417,1,1418,15
2020-10-24,San Bernardino,071,2135413,64016,61351,445,61796,1153
2020-10-24,San Diego,073,3302833,56592,54330,1543,55873,868
2020-10-24,San Francisco,075,870044,12306,12073,50,12123,137
2020-10-24,San Joaquin,077,732212,21960,21458,201,21659,495
2020-10-24,San Luis Obispo,079,281455,4390,4119,30,4149,31
2020-10-24,San Mateo,081,765935,11409,10942,12,10954,155
2020-10-24,Santa Barbara,083,443738,9948,9781,94,9875,122
2020-10-24,Santa Clara,085,1922200,25479,23978,51,24029,365
2020-10-24,Santa Cruz,087,273765,2887,2775,34,2809,24
2020-10-24,Shasta,089,179085,2194,1878,20,1898,29
2020-10-24,Sierra,091,2930,6,6,0,6,0
2020-10-24,Siskiyou,093,43540,205,174,10,184,0
2020-10-24,Solano,095,438530,7423,7189,42,7231,60
2020-10-24,Sonoma,097,501317,9627,9179,27,9206,140
2020-10-24,Stanislaus,099,539301,17776,17574,745,18319,400
2020-10-24,Sutter,101,95872,1861,1804,1,1805,12
2020-10-24,Tehama,103,63373,925,872,2,874,5
2020-10-24,Trinity,105,12862,85,25,11,36,0
2020-10-24,Tulare,107,460477,17998,17406,362,17768,295
2020-10-24,Tuolumne,109,53932,281,269,5,274,4
2020-10-24,Ventura,111,848112,14971,14240,324,14564,154
2020-10-24,Yolo,113,214977,3275,3164,10,3174,57
2020-10-24,Yuba,115,75493,1258,1210,6,1216,10
2020-10-23,Alameda,001,1643700,23700,23047,225,23272,393
2020-10-23,Alpine,003,1148,3,3,0,3,0
2020-10-23,Amador,005,37829,343,324,0,324,16
2020-10-23,Butte,007,227075,3198,3059,34,3093,55
2020-10-23,Calaveras,009,45235,336,273,0,273,13
2020-10-23,Colusa,011,21464,550,547,1,548,6
2020-10-23,Contra Costa,013,1133247,19036,18483,93,18576,244
2020-10-23,Del Norte,015,27424,174,171,0,171,2
2020-10-23,El Dorado,017,186661,1406,1310,11,1321,4
2020-10-23,Fresno,019,978130,33521,30590,476,31066,441
2020-10-23,Glenn,021,27897,679,644,1,645,3
2020-10-23,Humboldt,023,135768,564,553,1,554,7
2020-10-23,Imperial,025,180216,12916,12398,15,12413,333
2020-10-23,Inyo,027,18085,244,226,5,231,14
2020-10-23,Kern,029,883053,33932,33077,417,33494,431
2020-10-23,Kings,031,150075,8708,8218,55,8273,82
2020-10-23,Lake,033,64148,715,689,0,689,15
2020-10-23,Lassen,035,31185,774,764,2,766,0
2020-10-23,Los Angeles,037,10098052,301307,294287,2836,297123,6956
2020-10-23,Madera,039,155013,5052,4888,38,4926,53
2020-10-23,Marin,041,260295,7133,7029,19,7048,102
2020-10-23,Mariposa,043,17540,80,77,0,77,2
2020-10-23,Mendocino,045,87422,1073,1019,4,1023,20
2020-10-23,Merced,047,269075,9533,9327,36,9363,149
2020-10-23,Modoc,049,8938,38,28,0,28,0
2020-10-23,Mono,051,14174,194,159,5,164,1
2020-10-23,Monterey,053,433212,11374,11099,56,11155,86
2020-10-23,Napa,055,140530,2036,1942,8,1950,14
2020-10-23,Nevada,057,99092,641,604,20,624,8
2020-10-23,Orange,059,3164182,60633,57595,1763,59358,1430
2020-10-23,Placer,061,380077,4355,4073,15,4088,57
2020-10-23,Plumas,063,18699,75,63,0,63,0
2020-10-23,Riverside,065,2383286,67401,65512,359,65871,1279
2020-10-23,Sacramento,067,1510023,25695,25224,28,25252,496
2020-10-23,San Benito,069,59416,1430,1412,1,1413,15
2020-10-23,San Bernardino,071,2135413,63730,60854,431,61285,1150
2020-10-23,San Diego,073,3302833,56286,53944,1516,55460,867
2020-10-23,San Francisco,075,870044,12275,12015,50,12065,137
2020-10-23,San Joaquin,077,732212,21904,21361,195,21556,495
2020-10-23,San Luis Obispo,079,281455,4365,4102,30,4132,31
2020-10-23,San Mateo,081,765935,11360,10872,12,10884,155
2020-10-23,Santa Barbara,083,443738,9932,9751,94,9845,121
2020-10-23,Santa Clara,085,1922200,25377,23822,51,23873,364
2020-10-23,Santa Cruz,087,273765,2873,2757,34,2791,24
2020-10-23,Shasta,089,179085,2157,1846,19,1865,29
2020-10-23,Sierra,091,2930,6,6,0,6,0
2020-10-23,Siskiyou,093,43540,201,172,10,182,0
2020-10-23,Solano,095,438530,7392,7174,42,7216,59
2020-10-23,Sonoma,097,501317,9570,9112,27,9139,139
2020-10-23,Stanislaus,099,539301,17739,17496,738,18234,395
2020-10-23,Sutter,101,95872,1854,1797,1,1798,12
2020-10-23,Tehama,103,63373,916,862,2,864,5
2020-10-23,Trinity,105,12862,85,26,11,37,0
2020-10-23,Tulare,107,460477,17953,17334,350,17684,295
2020-10-23,Tuolumne,109,53932,279,254,5,259,4
2020-10-23,Ventura,111,848112,14942,14192,324,14516,155
2020-10-23,Yolo,113,214977,3263,3140,10,3150,57
2020-10-23,Yuba,115,75493,1254,1206,6,1212,10
2020-10-22,Alameda,001,1643700,23598,22915,225,23140,393
2020-10-22,Alpine,003,1148,3,3,0,3,0
2020-10-22,Amador,005,37829,339,317,0,317,16
2020-10-22,Butte,007,227075,3188,3046,32,3078,55
2020-10-22,Calaveras,009,45235,333,273,0,273,13
2020-10-22,Colusa,011,21464,550,547,1,548,6
2020-10-22,Contra Costa,013,1133247,18965,18393,93,18486,243
2020-10-22,Del Norte,015,27424,173,168,0,168,2
2020-10-22,El Dorado,017,186661,1396,1308,11,1319,4
2020-10-22,Fresno,019,978130,33411,30471,468,30939,438
2020-10-22,Glenn,021,27897,672,643,1,644,3
2020-10-22,Humboldt,023,135768,562,548,1,549,7
2020-10-22,Imperial,025,180216,12863,12311,15,12326,333
2020-10-22,Inyo,027,18085,241,220,5,225,14
2020-10-22,Kern,029,883053,33851,32991,414,33405,431
2020-10-22,Kings,031,150075,8457,8201,55,8256,82
2020-10-22,Lake,033,64148,711,678,0,678,15
2020-10-22,Lassen,035,31185,771,764,2,766,0
2020-10-22,Los Angeles,037,10098052,299931,291599,2777,294376,6935
2020-10-22,Madera,039,155013,5031,4847,38,4885,52
2020-10-22,Marin,041,260295,7126,7014,19,7033,102
2020-10-22,Mariposa,043,17540,80,77,0,77,2
2020-10-22,Mendocino,045,87422,1068,1016,4,1020,20
2020-10-22,Merced,047,269075,9505,9323,36,9359,149
2020-10-22,Modoc,049,8938,34,26,0,26,0
2020-10-22,Mono,051,14174,189,156,5,161,1
2020-10-22,Monterey,053,433212,11315,11059,53,11112,84
2020-10-22,Napa,055,140530,2021,1928,8,1936,14
2020-10-22,Nevada,057,99092,635,600,20,620,8
2020-10-22,Orange,059,3164182,60418,57418,1746,59164,1422
2020-10-22,Placer,061,380077,4306,4036,15,4051,57
2020-10-22,Plumas,063,18699,72,62,0,62,0
2020-10-22,Riverside,065,2383286,67065,65104,339,65443,1279
2020-10-22,Sacramento,067,1510023,25555,25054,28,25082,492
2020-10-22,San Benito,069,59416,1426,1403,1,1404,15
2020-10-22,San Bernardino,071,2135413,63327,60402,416,60818,1149
2020-10-22,San Diego,073,3302833,55899,53514,1497,55011,866
2020-10-22,San Francisco,075,870044,12217,11991,48,12039,137
2020-10-22,San Joaquin,077,732212,21831,21282,189,21471,495
2020-10-22,San Luis Obispo,079,281455,4349,4081,30,4111,31
2020-10-22,San Mateo,081,765935,11304,10796,12,10808,155
2020-10-22,Santa Barbara,083,443738,9898,9710,92,9802,120
2020-10-22,Santa Clara,085,1922200,25223,23621,51,23672,363
2020-10-22,Santa Cruz,087,273765,2855,2738,33,2771,24
2020-10-22,Shasta,089,179085,2111,1799,19,1818,29
2020-10-22,Sierra,091,2930,6,6,0,6,0
2020-10-22,Siskiyou,093,43540,201,169,10,179,0
2020-10-22,Solano,095,438530,7346,7116,42,7158,59
2020-10-22,Sonoma,097,501317,9504,9052,26,9078,139
2020-10-22,Stanislaus,099,539301,17685,17440,726,18166,395
2020-10-22,Sutter,101,95872,1840,1794,1,1795,12
2020-10-22,Tehama,103,63373,905,852,2,854,5
2020-10-22,Trinity,105,12862,84,26,11,37,0
2020-10-22,Tulare,107,460477,17887,17265,337,17602,293
2020-10-22,Tuolumne,109,53932,277,252,5,257,4
2020-10-22,Ventura,111,848112,14895,14124,322,14446,154
2020-10-22,Yolo,113,214977,3251,3116,10,3126,58
2020-10-22,Yuba,115,75493,1247,1199,5,1204,10
2020-10-21,Alameda,001,1643700,23510,22853,223,23076,392
2020-10-21,Alpine,003,1148,3,3,0,3,0
2020-10-21,Amador,005,37829,334,313,0,313,16
2020-10-21,Butte,007,227075,3176,3041,32,3073,55
2020-10-21,Calaveras,009,45235,332,272,0,272,13
2020-10-21,Colusa,011,21464,550,546,1,547,6
2020-10-21,Contra Costa,013,1133247,18891,18299,93,18392,243
2020-10-21,Del Norte,015,27424,173,169,0,169,2
2020-10-21,El Dorado,017,186661,1384,1305,10,1315,4
2020-10-21,Fresno,019,978130,33315,30328,463,30791,433
2020-10-21,Glenn,021,27897,667,640,1,641,3
2020-10-21,Humboldt,023,135768,561,548,1,549,7
2020-10-21,Imperial,025,180216,12806,12210,15,12225,331
2020-10-21,Inyo,027,18085,237,220,5,225,14
2020-10-21,Kern,029,883053,33776,32956,412,33368,430
2020-10-21,Kings,031,150075,8430,8186,55,8241,80
2020-10-21,Lake,033,64148,710,676,0,676,15
2020-10-21,Lassen,035,31185,770,764,2,766,0
2020-10-21,Los Angeles,037,10098052,298591,288096,2735,290831,6923
2020-10-21,Madera,039,155013,5006,4831,38,4869,52
2020-10-21,Marin,041,260295,7117,7002,19,7021,102
2020-10-21,Mariposa,043,17540,80,77,0,77,2
2020-10-21,Mendocino,045,87422,1066,1011,4,1015,21
2020-10-21,Merced,047,269075,9481,9319,34,9353,149
2020-10-21,Modoc,049,8938,33,26,0,26,0
2020-10-21,Mono,051,14174,187,156,5,161,1
2020-10-21,Monterey,053,433212,11277,11005,52,11057,83
2020-10-21,Napa,055,140530,2006,1918,8,1926,13
2020-10-21,Nevada,057,99092,629,597,20,617,8
2020-10-21,Orange,059,3164182,60206,57189,1737,58926,1409
2020-10-21,Placer,061,380077,4269,4007,15,4022,56
2020-10-21,Plumas,063,18699,69,58,0,58,0
2020-10-21,Riverside,065,2383286,66769,64778,315,65093,1278
2020-10-21,Sacramento,067,1510023,25362,24908,28,24936,490
2020-10-21,San Benito,069,59416,1425,1401,1,1402,14
2020-10-21,San Bernardino,071,2135413,62917,59948,409,60357,1141
2020-10-21,San Diego,073,3302833,55547,53279,1469,54748,863
2020-10-21,San Francisco,075,870044,12168,11976,47,12023,137
2020-10-21,San Joaquin,077,732212,21755,21201,183,21384,495
2020-10-21,San Luis Obispo,079,281455,4322,4055,28,4083,31
2020-10-21,San Mateo,081,765935,11255,10730,12,10742,155
2020-10-21,Santa Barbara,083,443738,9880,9681,91,9772,121
2020-10-21,Santa Clara,085,1922200,25097,23537,51,23588,361
2020-10-21,Santa Cruz,087,273765,2832,2729,33,2762,24
2020-10-21,Shasta,089,179085,2075,1777,19,1796,27
2020-10-21,Sierra,091,2930,6,6,0,6,0
2020-10-21,Siskiyou,093,43540,197,169,10,179,0
2020-10-21,Solano,095,438530,7300,7088,42,7130,59
2020-10-21,Sonoma,097,501317,9424,8987,26,9013,138
2020-10-21,Stanislaus,099,539301,17635,17419,718,18137,392
2020-10-21,Sutter,101,95872,1826,1786,1,1787,12
2020-10-21,Tehama,103,63373,889,824,2,826,5
2020-10-21,Trinity,105,12862,78,25,10,35,0
2020-10-21,Tulare,107,460477,17849,17204,323,17527,292
2020-10-21,Tuolumne,109,53932,276,251,5,256,4
2020-10-21,Ventura,111,848112,14832,14050,319,14369,153
2020-10-21,Yolo,113,214977,3232,3095,10,3105,58
2020-10-21,Yuba,115,75493,1238,1194,5,1199,10
2020-10-20,Alameda,001,1643700,23407,22750,219,22969,391
2020-10-20,Alpine,003,1148,3,3,0,3,0
2020-10-20,Amador,005,37829,333,313,0,313,16
2020-10-20,Butte,007,227075,3164,3027,32,3059,56
2020-10-20,Calaveras,009,45235,331,273,0,273,13
2020-10-20,Colusa,011,21464,547,546,1,547,6
2020-10-20,Contra Costa,013,1133247,18799,18246,93,18339,241
2020-10-20,Del Norte,015,27424,172,169,0,169,2
2020-10-20,El Dorado,017,186661,1378,1295,10,1305,4
2020-10-20,Fresno,019,978130,33212,30220,457,30677,431
2020-10-20,Glenn,021,27897,662,638,1,639,3
2020-10-20,Humboldt,023,135768,557,545,1,546,7
2020-10-20,Imperial,025,180216,12738,12114,15,12129,330
2020-10-20,Inyo,027,18085,237,218,5,223,14
2020-10-20,Kern,029,883053,33701,32889,399,33288,429
2020-10-20,Kings,031,150075,8412,8178,54,8232,80
2020-10-20,Lake,033,64148,708,675,0,675,15
2020-10-20,Lassen,035,31185,769,757,2,759,0
2020-10-20,Los Angeles,037,10098052,297098,287727,2685,290412,6891
2020-10-20,Madera,039,155013,4989,4823,38,4861,52
2020-10-20,Marin,041,260295,7102,6994,19,7013,101
2020-10-20,Mariposa,043,17540,79,77,0,77,2
2020-10-20,Mendocino,045,87422,1064,1004,4,1008,21
2020-10-20,Merced,047,269075,9459,9323,34,9357,149
2020-10-20,Modoc,049,8938,32,26,0,26,0
2020-10-20,Mono,051,14174,187,156,5,161,1
2020-10-20,Monterey,053,433212,11234,10942,49,10991,81
2020-10-20,Napa,055,140530,1987,1912,8,1920,13
2020-10-20,Nevada,057,99092,619,596,20,616,8
2020-10-20,Orange,059,3164182,59942,56914,1727,58641,1397
2020-10-20,Placer,061,380077,4231,3997,15,4012,56
2020-10-20,Plumas,063,18699,66,53,0,53,0
2020-10-20,Riverside,065,2383286,66390,64452,303,64755,1275
2020-10-20,Sacramento,067,1510023,25234,24767,27,24794,485
2020-10-20,San Benito,069,59416,1422,1398,1,1399,14
2020-10-20,San Bernardino,071,2135413,62533,59571,407,59978,1109
2020-10-20,San Diego,073,3302833,55211,53004,1449,54453,857
2020-10-20,San Francisco,075,870044,12121,12013,46,12059,126
2020-10-20,San Joaquin,077,732212,21676,21173,173,21346,490
2020-10-20,San Luis Obispo,079,281455,4304,4043,27,4070,31
2020-10-20,San Mateo,081,765935,11208,10659,12,10671,155
2020-10-20,Santa Barbara,083,443738,9851,9664,89,9753,121
2020-10-20,Santa Clara,085,1922200,24960,23406,51,23457,358
2020-10-20,Santa Cruz,087,273765,2809,2710,33,2743,23
2020-10-20,Shasta,089,179085,2052,1747,19,1766,20
2020-10-20,Sierra,091,2930,6,6,0,6,0
2020-10-20,Siskiyou,093,43540,189,168,10,178,0
2020-10-20,Solano,095,438530,7251,7044,42,7086,57
2020-10-20,Sonoma,097,501317,9361,8904,24,8928,135
2020-10-20,Stanislaus,099,539301,17581,17367,714,18081,393
2020-10-20,Sutter,101,95872,1817,1783,1,1784,12
2020-10-20,Tehama,103,63373,874,813,2,815,5
2020-10-20,Trinity,105,12862,77,25,10,35,0
2020-10-20,Tulare,107,460477,17782,17156,318,17474,289
2020-10-20,Tuolumne,109,53932,274,250,5,255,4
2020-10-20,Ventura,111,848112,14768,13980,317,14297,152
2020-10-20,Yolo,113,214977,3209,3083,10,3093,56
2020-10-20,Yuba,115,75493,1228,1191,5,1196,10
2020-10-19,Alameda,001,1643700,23297,22647,218,22865,392
2020-10-19,Alpine,003,1148,3,3,0,3,0
2020-10-19,Amador,005,37829,327,313,0,313,16
2020-10-19,Butte,007,227075,3153,3026,32,3058,55
2020-10-19,Calaveras,009,45235,330,268,0,268,13
2020-10-19,Colusa,011,21464,547,544,1,545,6
2020-10-19,Contra Costa,013,1133247,18701,18173,93,18266,239
2020-10-19,Del Norte,015,27424,169,167,0,167,2
2020-10-19,El Dorado,017,186661,1357,1287,10,1297,4
2020-10-19,Fresno,019,978130,33103,30152,451,30603,431
2020-10-19,Glenn,021,27897,657,635,0,635,3
2020-10-19,Humboldt,023,135768,557,543,1,544,7
2020-10-19,Imperial,025,180216,12684,12036,14,12050,330
2020-10-19,Inyo,027,18085,236,218,5,223,14
2020-10-19,Kern,029,883053,33625,32840,396,33236,428
2020-10-19,Kings,031,150075,8394,8173,54,8227,80
2020-10-19,Lake,033,64148,705,673,0,673,15
2020-10-19,Lassen,035,31185,768,757,2,759,0
2020-10-19,Los Angeles,037,10098052,295612,287119,2647,289766,6858
2020-10-19,Madera,039,155013,4974,4787,38,4825,52
2020-10-19,Marin,041,260295,7084,6981,19,7000,100
2020-10-19,Mariposa,043,17540,79,77,0,77,2
2020-10-19,Mendocino,045,87422,1059,1001,4,1005,21
2020-10-19,Merced,047,269075,9434,9305,30,9335,148
2020-10-19,Modoc,049,8938,31,26,0,26,0
2020-10-19,Mono,051,14174,182,156,5,161,1
2020-10-19,Monterey,053,433212,11173,10907,49,10956,80
2020-10-19,Napa,055,140530,1975,1892,8,1900,12
2020-10-19,Nevada,057,99092,616,590,20,610,8
2020-10-19,Orange,059,3164182,59659,56652,1712,58364,1396
2020-10-19,Placer,061,380077,4182,3962,15,3977,49
2020-10-19,Plumas,063,18699,64,52,0,52,0
2020-10-19,Riverside,065,2383286,65959,64016,287,64303,1272
2020-10-19,Sacramento,067,1510023,25095,24542,27,24569,483
2020-10-19,San Benito,069,59416,1415,1395,1,1396,14
2020-10-19,San Bernardino,071,2135413,62081,59265,395,59660,1100
2020-10-19,San Diego,073,3302833,54825,52739,1424,54163,853
2020-10-19,San Francisco,075,870044,12077,11879,46,11925,126
2020-10-19,San Joaquin,077,732212,21601,20930,165,21095,489
2020-10-19,San Luis Obispo,079,281455,4288,4016,27,4043,31
2020-10-19,San Mateo,081,765935,11162,10568,12,10580,154
2020-10-19,Santa Barbara,083,443738,9816,9632,89,9721,121
2020-10-19,Santa Clara,085,1922200,24810,23301,51,23352,352
2020-10-19,Santa Cruz,087,273765,2792,2705,33,2738,19
2020-10-19,Shasta,089,179085,2008,1709,18,1727,20
2020-10-19,Sierra,091,2930,6,6,0,6,0
2020-10-19,Siskiyou,093,43540,182,167,10,177,0
2020-10-19,Solano,095,438530,7210,7003,42,7045,57
2020-10-19,Sonoma,097,501317,9274,8830,24,8854,135
2020-10-19,Stanislaus,099,539301,17530,17342,704,18046,390
2020-10-19,Sutter,101,95872,1812,1773,1,1774,12
2020-10-19,Tehama,103,63373,871,793,2,795,5
2020-10-19,Trinity,105,12862,75,23,10,33,0
2020-10-19,Tulare,107,460477,17732,17047,311,17358,291
2020-10-19,Tuolumne,109,53932,272,247,5,252,4
2020-10-19,Ventura,111,848112,14702,13930,314,14244,152
2020-10-19,Yolo,113,214977,3196,3069,10,3079,56
2020-10-19,Yuba,115,75493,1221,1183,5,1188,10
2020-10-18,Alameda,001,1643700,23193,22546,217,22763,392
2020-10-18,Alpine,003,1148,3,3,0,3,0
2020-10-18,Amador,005,37829,316,313,0,313,16
2020-10-18,Butte,007,227075,3140,3019,32,3051,55
2020-10-18,Calaveras,009,45235,329,267,0,267,13
2020-10-18,Colusa,011,21464,545,544,1,545,6
2020-10-18,Contra Costa,013,1133247,18602,18120,93,18213,237
2020-10-18,Del Norte,015,27424,169,167,0,167,2
2020-10-18,El Dorado,017,186661,1348,1283,10,1293,4
2020-10-18,Fresno,019,978130,32974,30051,443,30494,430
2020-10-18,Glenn,021,27897,655,634,0,634,3
2020-10-18,Humboldt,023,135768,554,540,1,541,7
2020-10-18,Imperial,025,180216,12621,11987,13,12000,330
2020-10-18,Inyo,027,18085,233,215,5,220,14
2020-10-18,Kern,029,883053,33552,32799,389,33188,428
2020-10-18,Kings,031,150075,8379,8159,54,8213,80
2020-10-18,Lake,033,64148,698,670,0,670,15
2020-10-18,Lassen,035,31185,768,757,2,759,0
2020-10-18,Los Angeles,037,10098052,293904,286187,2604,288791,6857
2020-10-18,Madera,039,155013,4949,4770,37,4807,52
2020-10-18,Marin,041,260295,7063,6969,19,6988,99
2020-10-18,Mariposa,043,17540,79,77,0,77,2
2020-10-18,Mendocino,045,87422,1057,988,4,992,21
2020-10-18,Merced,047,269075,9399,9292,30,9322,148
2020-10-18,Modoc,049,8938,30,26,0,26,0
2020-10-18,Mono,051,14174,177,155,5,160,1
2020-10-18,Monterey,053,433212,11120,10872,49,10921,80
2020-10-18,Napa,055,140530,1962,1882,8,1890,12
2020-10-18,Nevada,057,99092,610,582,20,602,8
2020-10-18,Orange,059,3164182,59362,56394,1695,58089,1396
2020-10-18,Placer,061,380077,4134,3938,15,3953,49
2020-10-18,Plumas,063,18699,62,52,0,52,0
2020-10-18,Riverside,065,2383286,65646,63765,266,64031,1270
2020-10-18,Sacramento,067,1510023,24939,24425,27,24452,482
2020-10-18,San Benito,069,59416,1408,1395,1,1396,14
2020-10-18,San Bernardino,071,2135413,61582,58893,387,59280,1098
2020-10-18,San Diego,073,3302833,54436,52359,1403,53762,853
2020-10-18,San Francisco,075,870044,12038,11878,46,11924,126
2020-10-18,San Joaquin,077,732212,21518,20931,152,21083,489
2020-10-18,San Luis Obispo,079,281455,4257,4009,25,4034,31
2020-10-18,San Mateo,081,765935,11103,10503,12,10515,154
2020-10-18,Santa Barbara,083,443738,9777,9608,88,9696,121
2020-10-18,Santa Clara,085,1922200,24637,23169,51,23220,352
2020-10-18,Santa Cruz,087,273765,2778,2692,33,2725,19
2020-10-18,Shasta,089,179085,1983,1708,18,1726,20
2020-10-18,Sierra,091,2930,6,6,0,6,0
2020-10-18,Siskiyou,093,43540,182,167,10,177,0
2020-10-18,Solano,095,438530,7163,6962,42,7004,57
2020-10-18,Sonoma,097,501317,9197,8781,23,8804,134
2020-10-18,Stanislaus,099,539301,17473,17290,695,17985,390
2020-10-18,Sutter,101,95872,1803,1764,1,1765,12
2020-10-18,Tehama,103,63373,839,774,2,776,5
2020-10-18,Trinity,105,12862,75,20,10,30,0
2020-10-18,Tulare,107,460477,17638,17048,302,17350,290
2020-10-18,Tuolumne,109,53932,266,245,5,250,4
2020-10-18,Ventura,111,848112,14622,13901,313,14214,151
2020-10-18,Yolo,113,214977,3157,3059,10,3069,55
2020-10-18,Yuba,115,75493,1210,1176,5,1181,10
2020-10-17,Alameda,001,1643700,23147,22394,215,22609,398
2020-10-17,Alpine,003,1148,3,3,0,3,0
2020-10-17,Amador,005,37829,314,309,0,309,16
2020-10-17,Butte,007,227075,3132,3012,30,3042,55
2020-10-17,Calaveras,009,45235,329,267,0,267,13
2020-10-17,Colusa,011,21464,544,544,1,545,6
2020-10-17,Contra Costa,013,1133247,18549,18005,93,18098,237
2020-10-17,Del Norte,015,27424,169,167,0,167,2
2020-10-17,El Dorado,017,186661,1344,1277,10,1287,4
2020-10-17,Fresno,019,978130,32920,29911,441,30352,430
2020-10-17,Glenn,021,27897,652,633,0,633,3
2020-10-17,Humboldt,023,135768,551,535,1,536,7
2020-10-17,Imperial,025,180216,12593,11962,13,11975,330
2020-10-17,Inyo,027,18085,228,212,5,217,14
2020-10-17,Kern,029,883053,33501,32710,386,33096,428
2020-10-17,Kings,031,150075,8373,8151,53,8204,80
2020-10-17,Lake,033,64148,695,663,0,663,15
2020-10-17,Lassen,035,31185,768,757,2,759,0
2020-10-17,Los Angeles,037,10098052,293151,285858,2577,288435,6844
2020-10-17,Madera,039,155013,4943,4759,37,4796,53
2020-10-17,Marin,041,260295,7060,6958,19,6977,99
2020-10-17,Mariposa,043,17540,78,77,0,77,2
2020-10-17,Mendocino,045,87422,1050,977,4,981,21
2020-10-17,Merced,047,269075,9385,9275,30,9305,148
2020-10-17,Modoc,049,8938,30,26,0,26,0
2020-10-17,Mono,051,14174,176,155,5,160,1
2020-10-17,Monterey,053,433212,11080,10807,48,10855,80
2020-10-17,Napa,055,140530,1953,1866,8,1874,12
2020-10-17,Nevada,057,99092,609,580,20,600,8
2020-10-17,Orange,059,3164182,59220,56197,1688,57885,1396
2020-10-17,Placer,061,380077,4107,3898,15,3913,49
2020-10-17,Plumas,063,18699,62,52,0,52,0
2020-10-17,Riverside,065,2383286,65448,63171,256,63427,1270
2020-10-17,Sacramento,067,1510023,24855,24304,27,24331,482
2020-10-17,San Benito,069,59416,1404,1389,1,1390,14
2020-10-17,San Bernardino,071,2135413,61311,58415,380,58795,1097
2020-10-17,San Diego,073,3302833,54211,51986,1392,53378,853
2020-10-17,San Francisco,075,870044,12010,11877,45,11922,126
2020-10-17,San Joaquin,077,732212,21464,20932,146,21078,489
2020-10-17,San Luis Obispo,079,281455,4242,3979,25,4004,31
2020-10-17,San Mateo,081,765935,11075,10423,12,10435,153
2020-10-17,Santa Barbara,083,443738,9758,9588,86,9674,121
2020-10-17,Santa Clara,085,1922200,24548,22997,51,23048,349
2020-10-17,Santa Cruz,087,273765,2764,2680,33,2713,19
2020-10-17,Shasta,089,179085,1957,1679,18,1697,20
2020-10-17,Sierra,091,2930,6,6,0,6,0
2020-10-17,Siskiyou,093,43540,181,167,10,177,0
2020-10-17,Solano,095,438530,7137,6929,42,6971,57
2020-10-17,Sonoma,097,501317,9154,8725,23,8748,134
2020-10-17,Stanislaus,099,539301,17433,17232,686,17918,390
2020-10-17,Sutter,101,95872,1801,1762,1,1763,12
2020-10-17,Tehama,103,63373,823,764,2,766,5
2020-10-17,Trinity,105,12862,75,20,10,30,0
2020-10-17,Tulare,107,460477,17608,16995,293,17288,290
2020-10-17,Tuolumne,109,53932,266,241,5,246,4
2020-10-17,Ventura,111,848112,14577,13845,310,14155,151
2020-10-17,Yolo,113,214977,3142,3045,9,3054,55
2020-10-17,Yuba,115,75493,1205,1164,5,1169,10
2020-10-16,Alameda,001,1643700,23093,22315,215,22530,397
2020-10-16,Alpine,003,1148,3,3,0,3,0
2020-10-16,Amador,005,37829,314,309,0,309,16
2020-10-16,Butte,007,227075,3121,3004,30,3034,54
2020-10-16,Calaveras,009,45235,329,267,0,267,13
2020-10-16,Colusa,011,21464,543,544,1,545,6
2020-10-16,Contra Costa,013,1133247,18496,17956,93,18049,237
2020-10-16,Del Norte,015,27424,169,166,0,166,2
2020-10-16,El Dorado,017,186661,1338,1273,10,1283,4
2020-10-16,Fresno,019,978130,32844,29796,440,30236,427
2020-10-16,Glenn,021,27897,647,632,0,632,3
2020-10-16,Humboldt,023,135768,551,533,1,534,7
2020-10-16,Imperial,025,180216,12553,11885,13,11898,330
2020-10-16,Inyo,027,18085,224,212,5,217,14
2020-10-16,Kern,029,883053,33458,32660,384,33044,428
2020-10-16,Kings,031,150075,8364,8146,52,8198,80
2020-10-16,Lake,033,64148,693,644,0,644,14
2020-10-16,Lassen,035,31185,768,757,2,759,0
2020-10-16,Los Angeles,037,10098052,292089,284988,2556,287544,6835
2020-10-16,Madera,039,155013,4931,4736,36,4772,53
2020-10-16,Marin,041,260295,7050,6933,19,6952,99
2020-10-16,Mariposa,043,17540,78,76,0,76,2
2020-10-16,Mendocino,045,87422,1043,974,4,978,21
2020-10-16,Merced,047,269075,9368,9246,30,9276,148
2020-10-16,Modoc,049,8938,30,26,0,26,0
2020-10-16,Mono,051,14174,174,155,5,160,1
2020-10-16,Monterey,053,433212,11045,10727,48,10775,79
2020-10-16,Napa,055,140530,1944,1855,8,1863,12
2020-10-16,Nevada,057,99092,607,579,20,599,8
2020-10-16,Orange,059,3164182,59042,56091,1681,57772,1388
2020-10-16,Placer,061,380077,4087,3864,15,3879,49
2020-10-16,Plumas,063,18699,61,52,0,52,0
2020-10-16,Riverside,065,2383286,65222,62986,255,63241,1267
2020-10-16,Sacramento,067,1510023,24761,24144,27,24171,479
2020-10-16,San Benito,069,59416,1401,1388,1,1389,14
2020-10-16,San Bernardino,071,2135413,61042,58233,380,58613,1069
2020-10-16,San Diego,073,3302833,53969,51785,1378,53163,850
2020-10-16,San Francisco,075,870044,11988,11840,44,11884,126
2020-10-16,San Joaquin,077,732212,21419,20910,145,21055,489
2020-10-16,San Luis Obispo,079,281455,4226,3952,25,3977,32
2020-10-16,San Mateo,081,765935,11049,10405,12,10417,153
2020-10-16,Santa Barbara,083,443738,9739,9549,86,9635,119
2020-10-16,Santa Clara,085,1922200,24460,22920,51,22971,345
2020-10-16,Santa Cruz,087,273765,2751,2666,33,2699,20
2020-10-16,Shasta,089,179085,1935,1660,18,1678,20
2020-10-16,Sierra,091,2930,6,6,0,6,0
2020-10-16,Siskiyou,093,43540,179,167,10,177,0
2020-10-16,Solano,095,438530,7114,6879,42,6921,55
2020-10-16,Sonoma,097,501317,9098,8652,23,8675,133
2020-10-16,Stanislaus,099,539301,17399,17201,678,17879,366
2020-10-16,Sutter,101,95872,1793,1756,1,1757,12
2020-10-16,Tehama,103,63373,822,737,2,739,3
2020-10-16,Trinity,105,12862,75,20,10,30,0
2020-10-16,Tulare,107,460477,17576,16965,285,17250,290
2020-10-16,Tuolumne,109,53932,264,237,5,242,4
2020-10-16,Ventura,111,848112,14534,13805,305,14110,152
2020-10-16,Yolo,113,214977,3133,3030,9,3039,55
2020-10-16,Yuba,115,75493,1205,1155,5,1160,10
2020-10-15,Alameda,001,1643700,23025,22267,214,22481,390
2020-10-15,Alpine,003,1148,3,3,0,3,0
2020-10-15,Amador,005,37829,314,309,0,309,16
2020-10-15,Butte,007,227075,3109,3000,29,3029,54
2020-10-15,Calaveras,009,45235,328,267,0,267,13
2020-10-15,Colusa,011,21464,542,543,1,544,6
2020-10-15,Contra Costa,013,1133247,18429,17893,92,17985,237
2020-10-15,Del Norte,015,27424,169,164,0,164,2
2020-10-15,El Dorado,017,186661,1333,1265,10,1275,4
2020-10-15,Fresno,019,978130,32747,29727,437,30164,425
2020-10-15,Glenn,021,27897,642,632,0,632,3
2020-10-15,Humboldt,023,135768,547,531,1,532,7
2020-10-15,Imperial,025,180216,12512,11820,12,11832,330
2020-10-15,Inyo,027,18085,224,210,5,215,14
2020-10-15,Kern,029,883053,33377,32593,381,32974,427
2020-10-15,Kings,031,150075,8349,8134,52,8186,80
2020-10-15,Lake,033,64148,691,642,0,642,14
2020-10-15,Lassen,035,31185,767,752,2,754,0
2020-10-15,Los Angeles,037,10098052,290803,284019,2522,286541,6807
2020-10-15,Madera,039,155013,4919,4723,35,4758,50
2020-10-15,Marin,041,260295,7042,6912,19,6931,99
2020-10-15,Mariposa,043,17540,78,76,0,76,2
2020-10-15,Mendocino,045,87422,1037,963,4,967,21
2020-10-15,Merced,047,269075,9341,9213,30,9243,147
2020-10-15,Modoc,049,8938,30,26,0,26,0
2020-10-15,Mono,051,14174,174,155,5,160,1
2020-10-15,Monterey,053,433212,10978,10677,47,10724,79
2020-10-15,Napa,055,140530,1931,1842,8,1850,12
2020-10-15,Nevada,057,99092,603,575,20,595,8
2020-10-15,Orange,059,3164182,58826,55952,1669,57621,1379
2020-10-15,Placer,061,380077,4058,3848,15,3863,48
2020-10-15,Plumas,063,18699,58,52,0,52,0
2020-10-15,Riverside,065,2383286,64889,62819,252,63071,1266
2020-10-15,Sacramento,067,1510023,24645,24068,27,24095,474
2020-10-15,San Benito,069,59416,1398,1384,1,1385,14
2020-10-15,San Bernardino,071,2135413,60703,58068,377,58445,1067
2020-10-15,San Diego,073,3302833,53685,51472,1362,52834,847
2020-10-15,San Francisco,075,870044,11960,11808,41,11849,126
2020-10-15,San Joaquin,077,732212,21346,20880,139,21019,487
2020-10-15,San Luis Obispo,079,281455,4209,3934,25,3959,32
2020-10-15,San Mateo,081,765935,11009,10340,12,10352,152
2020-10-15,Santa Barbara,083,443738,9715,9526,85,9611,117
2020-10-15,Santa Clara,085,1922200,24345,22808,51,22859,343
2020-10-15,Santa Cruz,087,273765,2737,2656,33,2689,13
2020-10-15,Shasta,089,179085,1924,1635,18,1653,20
2020-10-15,Sierra,091,2930,6,6,0,6,0
2020-10-15,Siskiyou,093,43540,175,166,10,176,0
2020-10-15,Solano,095,438530,7075,6830,42,6872,55
2020-10-15,Sonoma,097,501317,9006,8571,23,8594,133
2020-10-15,Stanislaus,099,539301,17361,17151,664,17815,366
2020-10-15,Sutter,101,95872,1790,1752,1,1753,12
2020-10-15,Tehama,103,63373,795,726,2,728,3
2020-10-15,Trinity,105,12862,75,20,10,30,0
2020-10-15,Tulare,107,460477,17516,16918,270,17188,289
2020-10-15,Tuolumne,109,53932,262,236,5,241,4
2020-10-15,Ventura,111,848112,14478,13750,300,14050,152
2020-10-15,Yolo,113,214977,3113,3014,9,3023,55
2020-10-15,Yuba,115,75493,1198,1151,5,1156,10
2020-10-14,Alameda,001,1643700,22926,22227,213,22440,398
2020-10-14,Alpine,003,1148,3,3,0,3,0
2020-10-14,Amador,005,37829,312,308,0,308,16
2020-10-14,Butte,007,227075,3101,2995,29,3024,54
2020-10-14,Calaveras,009,45235,328,266,0,266,12
2020-10-14,Colusa,011,21464,542,543,1,544,6
2020-10-14,Contra Costa,013,1133247,18371,17820,90,17910,236
2020-10-14,Del Norte,015,27424,168,163,0,163,2
2020-10-14,El Dorado,017,186661,1327,1264,9,1273,4
2020-10-14,Fresno,019,978130,32632,29650,431,30081,424
2020-10-14,Glenn,021,27897,641,629,0,629,3
2020-10-14,Humboldt,023,135768,544,531,1,532,7
2020-10-14,Imperial,025,180216,12475,11765,10,11775,330
2020-10-14,Inyo,027,18085,223,209,4,213,14
2020-10-14,Kern,029,883053,33302,32528,379,32907,425
2020-10-14,Kings,031,150075,8331,8118,52,8170,80
2020-10-14,Lake,033,64148,690,642,0,642,14
2020-10-14,Lassen,035,31185,765,752,2,754,0
2020-10-14,Los Angeles,037,10098052,289490,282918,2478,285396,6786
2020-10-14,Madera,039,155013,4904,4713,34,4747,50
2020-10-14,Marin,041,260295,7036,6907,19,6926,99
2020-10-14,Mariposa,043,17540,77,76,0,76,2
2020-10-14,Mendocino,045,87422,1031,955,4,959,21
2020-10-14,Merced,047,269075,9316,9201,28,9229,147
2020-10-14,Modoc,049,8938,30,27,0,27,0
2020-10-14,Mono,051,14174,174,155,5,160,1
2020-10-14,Monterey,053,433212,10928,10616,47,10663,78
2020-10-14,Napa,055,140530,1914,1837,8,1845,12
2020-10-14,Nevada,057,99092,601,573,20,593,7
2020-10-14,Orange,059,3164182,58612,55756,1660,57416,1348
2020-10-14,Placer,061,380077,4035,3829,15,3844,48
2020-10-14,Plumas,063,18699,54,52,0,52,0
2020-10-14,Riverside,065,2383286,64606,62607,251,62858,1261
2020-10-14,Sacramento,067,1510023,24501,24013,27,24040,472
2020-10-14,San Benito,069,59416,1396,1381,0,1381,14
2020-10-14,San Bernardino,071,2135413,60376,57774,373,58147,1063
2020-10-14,San Diego,073,3302833,53366,51329,1338,52667,844
2020-10-14,San Francisco,075,870044,11928,11783,40,11823,123
2020-10-14,San Joaquin,077,732212,21267,20845,125,20970,487
2020-10-14,San Luis Obispo,079,281455,4186,3901,24,3925,32
2020-10-14,San Mateo,081,765935,10958,10309,12,10321,132
2020-10-14,Santa Barbara,083,443738,9681,9509,85,9594,117
2020-10-14,Santa Clara,085,1922200,24196,22735,51,22786,343
2020-10-14,Santa Cruz,087,273765,2727,2618,33,2651,13
2020-10-14,Shasta,089,179085,1886,1553,18,1571,20
2020-10-14,Sierra,091,2930,6,6,0,6,0
2020-10-14,Siskiyou,093,43540,175,166,10,176,0
2020-10-14,Solano,095,438530,7019,6786,42,6828,55
2020-10-14,Sonoma,097,501317,8953,8514,23,8537,133
2020-10-14,Stanislaus,099,539301,17316,17105,661,17766,365
2020-10-14,Sutter,101,95872,1781,1747,1,1748,12
2020-10-14,Tehama,103,63373,784,721,2,723,3
2020-10-14,Trinity,105,12862,74,20,10,30,0
2020-10-14,Tulare,107,460477,17454,16863,257,17120,287
2020-10-14,Tuolumne,109,53932,261,236,5,241,4
2020-10-14,Ventura,111,848112,14425,13697,296,13993,152
2020-10-14,Yolo,113,214977,3095,3007,8,3015,55
2020-10-14,Yuba,115,75493,1190,1147,5,1152,10
2020-10-13,Alameda,001,1643700,22821,22185,211,22396,389
2020-10-13,Alpine,003,1148,3,3,0,3,0
2020-10-13,Amador,005,37829,310,306,0,306,16
2020-10-13,Butte,007,227075,3092,2992,29,3021,54
2020-10-13,Calaveras,009,45235,324,262,0,262,12
2020-10-13,Colusa,011,21464,542,541,1,542,6
2020-10-13,Contra Costa,013,1133247,18313,17783,90,17873,234
2020-10-13,Del Norte,015,27424,168,163,0,163,2
2020-10-13,El Dorado,017,186661,1318,1262,9,1271,4
2020-10-13,Fresno,019,978130,32510,29579,427,30006,424
2020-10-13,Glenn,021,27897,640,629,0,629,3
2020-10-13,Humboldt,023,135768,542,523,1,524,7
2020-10-13,Imperial,025,180216,12440,11727,9,11736,327
2020-10-13,Inyo,027,18085,220,207,4,211,14
2020-10-13,Kern,029,883053,33227,32497,377,32874,419
2020-10-13,Kings,031,150075,8322,8111,52,8163,80
2020-10-13,Lake,033,64148,687,639,0,639,12
2020-10-13,Lassen,035,31185,763,752,2,754,0
2020-10-13,Los Angeles,037,10098052,288211,281716,2436,284152,6767
2020-10-13,Madera,039,155013,4886,4700,34,4734,50
2020-10-13,Marin,041,260295,7014,6900,18,6918,97
2020-10-13,Mariposa,043,17540,77,76,0,76,2
2020-10-13,Mendocino,045,87422,1022,950,4,954,21
2020-10-13,Merced,047,269075,9299,9181,28,9209,146
2020-10-13,Modoc,049,8938,29,28,0,28,0
2020-10-13,Mono,051,14174,174,155,4,159,1
2020-10-13,Monterey,053,433212,10867,10574,46,10620,78
2020-10-13,Napa,055,140530,1905,1825,8,1833,12
2020-10-13,Nevada,057,99092,594,572,20,592,7
2020-10-13,Orange,059,3164182,58399,55515,1647,57162,1326
2020-10-13,Placer,061,380077,3997,3825,15,3840,48
2020-10-13,Plumas,063,18699,52,51,0,51,0
2020-10-13,Riverside,065,2383286,64286,62279,249,62528,1254
2020-10-13,Sacramento,067,1510023,24424,23930,27,23957,466
2020-10-13,San Benito,069,59416,1388,1380,0,1380,14
2020-10-13,San Bernardino,071,2135413,60037,57411,371,57782,1061
2020-10-13,San Diego,073,3302833,53073,51026,1321,52347,840
2020-10-13,San Francisco,075,870044,11893,11659,40,11699,122
2020-10-13,San Joaquin,077,732212,21206,20822,121,20943,481
2020-10-13,San Luis Obispo,079,281455,4168,3892,23,3915,32
2020-10-13,San Mateo,081,765935,10915,10286,12,10298,130
2020-10-13,Santa Barbara,083,443738,9650,9489,85,9574,117
2020-10-13,Santa Clara,085,1922200,24069,22678,51,22729,343
2020-10-13,Santa Cruz,087,273765,2709,2603,33,2636,13
2020-10-13,Shasta,089,179085,1862,1606,18,1624,20
2020-10-13,Sierra,091,2930,6,6,0,6,0
2020-10-13,Siskiyou,093,43540,174,163,10,173,0
2020-10-13,Solano,095,438530,6984,6761,42,6803,55
2020-10-13,Sonoma,097,501317,8870,8456,23,8479,133
2020-10-13,Stanislaus,099,539301,17271,17082,656,17738,362
2020-10-13,Sutter,101,95872,1772,1748,1,1749,12
2020-10-13,Tehama,103,63373,776,717,2,719,3
2020-10-13,Trinity,105,12862,70,19,9,28,0
2020-10-13,Tulare,107,460477,17395,16822,249,17071,286
2020-10-13,Tuolumne,109,53932,259,235,5,240,4
2020-10-13,Ventura,111,848112,14370,13645,292,13937,151
2020-10-13,Yolo,113,214977,3087,2983,7,2990,55
2020-10-13,Yuba,115,75493,1185,1143,5,1148,10
2020-10-12,Alameda,001,1643700,22741,22126,210,22336,389
2020-10-12,Alpine,003,1148,3,3,0,3,0
2020-10-12,Amador,005,37829,309,305,0,305,16
2020-10-12,Butte,007,227075,3086,2975,29,3004,54
2020-10-12,Calaveras,009,45235,324,262,0,262,12
2020-10-12,Colusa,011,21464,542,541,1,542,6
2020-10-12,Contra Costa,013,1133247,18238,17728,90,17818,233
2020-10-12,Del Norte,015,27424,168,161,0,161,2
2020-10-12,El Dorado,017,186661,1315,1254,9,1263,4
2020-10-12,Fresno,019,978130,32377,29523,423,29946,421
2020-10-12,Glenn,021,27897,639,626,0,626,3
2020-10-12,Humboldt,023,135768,539,522,1,523,7
2020-10-12,Imperial,025,180216,12401,11689,9,11698,328
2020-10-12,Inyo,027,18085,217,201,4,205,14
2020-10-12,Kern,029,883053,33134,32425,374,32799,419
2020-10-12,Kings,031,150075,8316,8106,51,8157,80
2020-10-12,Lake,033,64148,681,633,0,633,12
2020-10-12,Lassen,035,31185,763,752,2,754,0
2020-10-12,Los Angeles,037,10098052,286991,280961,2409,283370,6747
2020-10-12,Madera,039,155013,4867,4689,34,4723,50
2020-10-12,Marin,041,260295,6997,6886,18,6904,97
2020-10-12,Mariposa,043,17540,77,76,0,76,2
2020-10-12,Mendocino,045,87422,1016,947,4,951,21
2020-10-12,Merced,047,269075,9278,9141,28,9169,146
2020-10-12,Modoc,049,8938,29,27,0,27,0
2020-10-12,Mono,051,14174,174,154,4,158,1
2020-10-12,Monterey,053,433212,10801,10473,46,10519,77
2020-10-12,Napa,055,140530,1897,1819,8,1827,11
2020-10-12,Nevada,057,99092,590,570,20,590,7
2020-10-12,Orange,059,3164182,58170,55373,1637,57010,1326
2020-10-12,Placer,061,380077,3965,3808,14,3822,48
2020-10-12,Plumas,063,18699,52,51,0,51,0
2020-10-12,Riverside,065,2383286,63975,62279,245,62524,1254
2020-10-12,Sacramento,067,1510023,24318,23807,27,23834,466
2020-10-12,San Benito,069,59416,1385,1376,0,1376,13
2020-10-12,San Bernardino,071,2135413,59660,57235,370,57605,1061
2020-10-12,San Diego,073,3302833,52783,50748,1294,52042,826
2020-10-12,San Francisco,075,870044,11861,11659,40,11699,122
2020-10-12,San Joaquin,077,732212,21143,20701,115,20816,480
2020-10-12,San Luis Obispo,079,281455,4140,3874,23,3897,32
2020-10-12,San Mateo,081,765935,10867,10262,12,10274,130
2020-10-12,Santa Barbara,083,443738,9612,9462,85,9547,117
2020-10-12,Santa Clara,085,1922200,23953,22578,51,22629,343
2020-10-12,Santa Cruz,087,273765,2692,2590,33,2623,13
2020-10-12,Shasta,089,179085,1837,1515,18,1533,20
2020-10-12,Sierra,091,2930,6,6,0,6,0
2020-10-12,Siskiyou,093,43540,173,162,10,172,0
2020-10-12,Solano,095,438530,6945,6742,42,6784,55
2020-10-12,Sonoma,097,501317,8799,8377,23,8400,133
2020-10-12,Stanislaus,099,539301,17222,17051,647,17698,361
2020-10-12,Sutter,101,95872,1764,1741,1,1742,12
2020-10-12,Tehama,103,63373,760,708,2,710,3
2020-10-12,Trinity,105,12862,69,19,9,28,0
2020-10-12,Tulare,107,460477,17343,16742,242,16984,286
2020-10-12,Tuolumne,109,53932,254,234,5,239,4
2020-10-12,Ventura,111,848112,14308,13617,288,13905,151
2020-10-12,Yolo,113,214977,3072,2964,7,2971,55
2020-10-12,Yuba,115,75493,1174,1141,5,1146,10
2020-10-11,Alameda,001,1643700,22651,22057,206,22263,392
2020-10-11,Alpine,003,1148,3,3,0,3,0
2020-10-11,Amador,005,37829,307,305,0,305,16
2020-10-11,Butte,007,227075,3078,2967,28,2995,54
2020-10-11,Calaveras,009,45235,322,262,0,262,12
2020-10-11,Colusa,011,21464,540,541,1,542,6
2020-10-11,Contra Costa,013,1133247,18154,17678,90,17768,233
2020-10-11,Del Norte,015,27424,166,161,0,161,2
2020-10-11,El Dorado,017,186661,1306,1242,9,1251,4
2020-10-11,Fresno,019,978130,32239,29419,415,29834,421
2020-10-11,Glenn,021,27897,637,625,0,625,3
2020-10-11,Humboldt,023,135768,538,521,1,522,7
2020-10-11,Imperial,025,180216,12341,11614,9,11623,328
2020-10-11,Inyo,027,18085,213,201,4,205,14
2020-10-11,Kern,029,883053,33047,32399,365,32764,418
2020-10-11,Kings,031,150075,8299,8094,50,8144,80
2020-10-11,Lake,033,64148,668,631,0,631,12
2020-10-11,Lassen,035,31185,762,752,2,754,0
2020-10-11,Los Angeles,037,10098052,285551,280190,2368,282558,6745
2020-10-11,Madera,039,155013,4839,4680,33,4713,50
2020-10-11,Marin,041,260295,6988,6870,18,6888,97
2020-10-11,Mariposa,043,17540,77,76,0,76,2
2020-10-11,Mendocino,045,87422,1009,944,4,948,21
2020-10-11,Merced,047,269075,9260,9124,28,9152,146
2020-10-11,Modoc,049,8938,29,27,0,27,0
2020-10-11,Mono,051,14174,174,154,4,158,1
2020-10-11,Monterey,053,433212,10750,10445,44,10489,77
2020-10-11,Napa,055,140530,1881,1811,8,1819,11
2020-10-11,Nevada,057,99092,588,569,20,589,7
2020-10-11,Orange,059,3164182,57940,55202,1631,56833,1326
2020-10-11,Placer,061,380077,3944,3787,14,3801,48
2020-10-11,Plumas,063,18699,52,51,0,51,0
2020-10-11,Riverside,065,2383286,63687,62112,241,62353,1254
2020-10-11,Sacramento,067,1510023,24176,23778,27,23805,466
2020-10-11,San Benito,069,59416,1384,1374,0,1374,13
2020-10-11,San Bernardino,071,2135413,59208,56997,368,57365,1061
2020-10-11,San Diego,073,3302833,52433,50553,1272,51825,826
2020-10-11,San Francisco,075,870044,11818,11659,40,11699,122
2020-10-11,San Joaquin,077,732212,21068,20700,105,20805,480
2020-10-11,San Luis Obispo,079,281455,4123,3874,22,3896,32
2020-10-11,San Mateo,081,765935,10835,10240,12,10252,130
2020-10-11,Santa Barbara,083,443738,9581,9440,84,9524,117
2020-10-11,Santa Clara,085,1922200,23810,22487,50,22537,336
2020-10-11,Santa Cruz,087,273765,2678,2578,33,2611,13
2020-10-11,Shasta,089,179085,1807,1515,17,1532,20
2020-10-11,Sierra,091,2930,6,6,0,6,0
2020-10-11,Siskiyou,093,43540,172,162,10,172,0
2020-10-11,Solano,095,438530,6891,6685,42,6727,53
2020-10-11,Sonoma,097,501317,8742,8319,23,8342,133
2020-10-11,Stanislaus,099,539301,17158,17007,631,17638,360
2020-10-11,Sutter,101,95872,1761,1742,1,1743,12
2020-10-11,Tehama,103,63373,736,702,2,704,3
2020-10-11,Trinity,105,12862,69,19,9,28,0
2020-10-11,Tulare,107,460477,17279,16741,234,16975,286
2020-10-11,Tuolumne,109,53932,249,234,5,239,4
2020-10-11,Ventura,111,848112,14247,13604,283,13887,151
2020-10-11,Yolo,113,214977,3042,2952,7,2959,55
2020-10-11,Yuba,115,75493,1162,1137,5,1142,10
2020-10-10,Alameda,001,1643700,22601,21979,205,22184,398
2020-10-10,Alpine,003,1148,3,3,0,3,0
2020-10-10,Amador,005,37829,306,304,0,304,16
2020-10-10,Butte,007,227075,3073,2962,27,2989,54
2020-10-10,Calaveras,009,45235,321,262,0,262,12
2020-10-10,Colusa,011,21464,540,541,1,542,6
2020-10-10,Contra Costa,013,1133247,18118,17566,89,17655,233
2020-10-10,Del Norte,015,27424,166,161,0,161,2
2020-10-10,El Dorado,017,186661,1304,1240,9,1249,4
2020-10-10,Fresno,019,978130,32175,29286,413,29699,421
2020-10-10,Glenn,021,27897,637,623,0,623,3
2020-10-10,Humboldt,023,135768,535,518,1,519,7
2020-10-10,Imperial,025,180216,12326,11591,9,11600,327
2020-10-10,Inyo,027,18085,210,201,4,205,14
2020-10-10,Kern,029,883053,33010,32338,365,32703,418
2020-10-10,Kings,031,150075,8295,8078,50,8128,80
2020-10-10,Lake,033,64148,667,630,0,630,11
2020-10-10,Lassen,035,31185,762,752,2,754,0
2020-10-10,Los Angeles,037,10098052,284831,279213,2334,281547,6743
2020-10-10,Madera,039,155013,4826,4662,33,4695,50
2020-10-10,Marin,041,260295,6979,6852,18,6870,97
2020-10-10,Mariposa,043,17540,77,76,0,76,2
2020-10-10,Mendocino,045,87422,1002,935,4,939,21
2020-10-10,Merced,047,269075,9254,9105,27,9132,146
2020-10-10,Modoc,049,8938,29,27,0,27,0
2020-10-10,Mono,051,14174,174,154,4,158,1
2020-10-10,Monterey,053,433212,10717,10410,44,10454,75
2020-10-10,Napa,055,140530,1874,1804,8,1812,11
2020-10-10,Nevada,057,99092,585,564,20,584,6
2020-10-10,Orange,059,3164182,57819,54965,1626,56591,1324
2020-10-10,Placer,061,380077,3927,3757,14,3771,48
2020-10-10,Plumas,063,18699,52,51,0,51,0
2020-10-10,Riverside,065,2383286,63484,61845,239,62084,1254
2020-10-10,Sacramento,067,1510023,24109,23689,27,23716,466
2020-10-10,San Benito,069,59416,1382,1370,0,1370,13
2020-10-10,San Bernardino,071,2135413,59045,56683,366,57049,1061
2020-10-10,San Diego,073,3302833,52203,50145,1254,51399,825
2020-10-10,San Francisco,075,870044,11797,11663,40,11703,122
2020-10-10,San Joaquin,077,732212,21040,20700,101,20801,481
2020-10-10,San Luis Obispo,079,281455,4103,3832,22,3854,32
2020-10-10,San Mateo,081,765935,10798,10218,12,10230,130
2020-10-10,Santa Barbara,083,443738,9570,9417,84,9501,116
2020-10-10,Santa Clara,085,1922200,23719,22354,50,22404,330
2020-10-10,Santa Cruz,087,273765,2664,2572,33,2605,13
2020-10-10,Shasta,089,179085,1790,1473,17,1490,20
2020-10-10,Sierra,091,2930,6,6,0,6,0
2020-10-10,Siskiyou,093,43540,172,161,10,171,0
2020-10-10,Solano,095,438530,6865,6655,42,6697,53
2020-10-10,Sonoma,097,501317,8722,8235,23,8258,133
2020-10-10,Stanislaus,099,539301,17123,16960,623,17583,360
2020-10-10,Sutter,101,95872,1758,1735,1,1736,12
2020-10-10,Tehama,103,63373,729,693,2,695,3
2020-10-10,Trinity,105,12862,69,19,9,28,0
2020-10-10,Tulare,107,460477,17244,16709,229,16938,286
2020-10-10,Tuolumne,109,53932,249,233,5,238,4
2020-10-10,Ventura,111,848112,14222,13520,283,13803,151
2020-10-10,Yolo,113,214977,3033,2939,7,2946,55
2020-10-10,Yuba,115,75493,1160,1134,5,1139,10
2020-10-09,Alameda,001,1643700,22553,21924,205,22129,399
2020-10-09,Alpine,003,1148,3,3,0,3,0
2020-10-09,Amador,005,37829,306,303,0,303,16
2020-10-09,Butte,007,227075,3070,2956,27,2983,51
2020-10-09,Calaveras,009,45235,319,262,0,262,11
2020-10-09,Colusa,011,21464,540,541,1,542,6
2020-10-09,Contra Costa,013,1133247,18068,17487,89,17576,229
2020-10-09,Del Norte,015,27424,165,161,0,161,2
2020-10-09,El Dorado,017,186661,1300,1234,9,1243,4
2020-10-09,Fresno,019,978130,32102,29208,411,29619,417
2020-10-09,Glenn,021,27897,632,617,0,617,3
2020-10-09,Humboldt,023,135768,533,516,1,517,7
2020-10-09,Imperial,025,180216,12299,11516,9,11525,330
2020-10-09,Inyo,027,18085,207,200,4,204,14
2020-10-09,Kern,029,883053,32967,32237,363,32600,417
2020-10-09,Kings,031,150075,8288,7993,48,8041,80
2020-10-09,Lake,033,64148,657,610,0,610,11
2020-10-09,Lassen,035,31185,762,751,2,753,0
2020-10-09,Los Angeles,037,10098052,283696,278039,2309,280348,6715
2020-10-09,Madera,039,155013,4816,4646,33,4679,50
2020-10-09,Marin,041,260295,6965,6838,18,6856,96
2020-10-09,Mariposa,043,17540,77,76,0,76,2
2020-10-09,Mendocino,045,87422,992,933,4,937,20
2020-10-09,Merced,047,269075,9240,9095,27,9122,145
2020-10-09,Modoc,049,8938,29,27,0,27,0
2020-10-09,Mono,051,14174,174,154,4,158,1
2020-10-09,Monterey,053,433212,10683,10369,44,10413,75
2020-10-09,Napa,055,140530,1864,1795,8,1803,11
2020-10-09,Nevada,057,99092,580,561,20,581,6
2020-10-09,Orange,059,3164182,57647,54746,1621,56367,1305
2020-10-09,Placer,061,380077,3913,3737,13,3750,48
2020-10-09,Plumas,063,18699,52,50,0,50,0
2020-10-09,Riverside,065,2383286,63248,61529,238,61767,1252
2020-10-09,Sacramento,067,1510023,24039,23606,27,23633,457
2020-10-09,San Benito,069,59416,1377,1367,0,1367,13
2020-10-09,San Bernardino,071,2135413,58805,56434,364,56798,1057
2020-10-09,San Diego,073,3302833,51927,49825,1243,51068,821
2020-10-09,San Francisco,075,870044,11767,11620,40,11660,120
2020-10-09,San Joaquin,077,732212,21010,20648,93,20741,481
2020-10-09,San Luis Obispo,079,281455,4084,3810,22,3832,32
2020-10-09,San Mateo,081,765935,10770,10140,12,10152,130
2020-10-09,Santa Barbara,083,443738,9542,9396,84,9480,116
2020-10-09,Santa Clara,085,1922200,23617,22251,49,22300,328
2020-10-09,Santa Cruz,087,273765,2655,2555,33,2588,13
2020-10-09,Shasta,089,179085,1764,1353,16,1369,20
2020-10-09,Sierra,091,2930,6,6,0,6,0
2020-10-09,Siskiyou,093,43540,170,156,10,166,0
2020-10-09,Solano,095,438530,6826,6614,42,6656,53
2020-10-09,Sonoma,097,501317,8668,8133,23,8156,133
2020-10-09,Stanislaus,099,539301,17099,16904,614,17518,362
2020-10-09,Sutter,101,95872,1754,1732,1,1733,12
2020-10-09,Tehama,103,63373,723,682,2,684,3
2020-10-09,Trinity,105,12862,69,25,9,34,0
2020-10-09,Tulare,107,460477,17204,16644,220,16864,286
2020-10-09,Tuolumne,109,53932,246,230,5,235,4
2020-10-09,Ventura,111,848112,14186,13469,280,13749,151
2020-10-09,Yolo,113,214977,3026,2928,7,2935,55
2020-10-09,Yuba,115,75493,1159,1129,5,1134,10
2020-10-08,Alameda,001,1643700,22472,21826,204,22030,395
2020-10-08,Alpine,003,1148,3,3,0,3,0
2020-10-08,Amador,005,37829,305,302,0,302,16
2020-10-08,Butte,007,227075,3060,2935,27,2962,51
2020-10-08,Calaveras,009,45235,318,262,0,262,11
2020-10-08,Colusa,011,21464,540,539,1,540,6
2020-10-08,Contra Costa,013,1133247,18008,17418,88,17506,228
2020-10-08,Del Norte,015,27424,165,151,0,151,2
2020-10-08,El Dorado,017,186661,1299,1230,9,1239,4
2020-10-08,Fresno,019,978130,31997,29111,411,29522,416
2020-10-08,Glenn,021,27897,629,616,0,616,3
2020-10-08,Humboldt,023,135768,529,515,1,516,7
2020-10-08,Imperial,025,180216,12260,11405,9,11414,330
2020-10-08,Inyo,027,18085,204,199,4,203,14
2020-10-08,Kern,029,883053,32909,32169,358,32527,411
2020-10-08,Kings,031,150075,8282,7968,48,8016,80
2020-10-08,Lake,033,64148,652,604,0,604,11
2020-10-08,Lassen,035,31185,757,751,2,753,0
2020-10-08,Los Angeles,037,10098052,282496,276763,2269,279032,6699
2020-10-08,Madera,039,155013,4797,4637,33,4670,50
2020-10-08,Marin,041,260295,6951,6810,18,6828,96
2020-10-08,Mariposa,043,17540,77,76,0,76,2
2020-10-08,Mendocino,045,87422,987,930,4,934,20
2020-10-08,Merced,047,269075,9220,9069,27,9096,144
2020-10-08,Modoc,049,8938,29,27,0,27,0
2020-10-08,Mono,051,14174,174,153,4,157,1
2020-10-08,Monterey,053,433212,10616,10343,44,10387,75
2020-10-08,Napa,055,140530,1849,1779,8,1787,11
2020-10-08,Nevada,057,99092,577,556,20,576,6
2020-10-08,Orange,059,3164182,57454,54523,1610,56133,1293
2020-10-08,Placer,061,380077,3895,3715,13,3728,48
2020-10-08,Plumas,063,18699,52,50,0,50,0
2020-10-08,Riverside,065,2383286,62979,61105,236,61341,1244
2020-10-08,Sacramento,067,1510023,23931,23482,27,23509,454
2020-10-08,San Benito,069,59416,1372,1367,0,1367,13
2020-10-08,San Bernardino,071,2135413,58440,56152,363,56515,1048
2020-10-08,San Diego,073,3302833,51647,49468,1211,50679,819
2020-10-08,San Francisco,075,870044,11729,11608,40,11648,115
2020-10-08,San Joaquin,077,732212,20958,20576,88,20664,478
2020-10-08,San Luis Obispo,079,281455,4068,3785,22,3807,32
2020-10-08,San Mateo,081,765935,10738,10044,12,10056,130
2020-10-08,Santa Barbara,083,443738,9514,9374,84,9458,116
2020-10-08,Santa Clara,085,1922200,23515,22095,49,22144,323
2020-10-08,Santa Cruz,087,273765,2643,2535,33,2568,13
2020-10-08,Shasta,089,179085,1730,1305,16,1321,20
2020-10-08,Sierra,091,2930,6,6,0,6,0
2020-10-08,Siskiyou,093,43540,170,156,10,166,0
2020-10-08,Solano,095,438530,6802,6556,42,6598,53
2020-10-08,Sonoma,097,501317,8602,8063,23,8086,132
2020-10-08,Stanislaus,099,539301,17053,16821,606,17427,360
2020-10-08,Sutter,101,95872,1754,1725,1,1726,12
2020-10-08,Tehama,103,63373,714,676,2,678,3
2020-10-08,Trinity,105,12862,68,25,9,34,0
2020-10-08,Tulare,107,460477,17143,16573,211,16784,283
2020-10-08,Tuolumne,109,53932,245,230,5,235,4
2020-10-08,Ventura,111,848112,14138,13399,278,13677,151
2020-10-08,Yolo,113,214977,3009,2914,7,2921,55
2020-10-08,Yuba,115,75493,1154,1126,5,1131,10
2020-10-07,Alameda,001,1643700,22395,21736,204,21940,395
2020-10-07,Alpine,003,1148,3,3,0,3,0
2020-10-07,Amador,005,37829,305,302,0,302,16
2020-10-07,Butte,007,227075,3048,2927,27,2954,47
2020-10-07,Calaveras,009,45235,316,262,0,262,11
2020-10-07,Colusa,011,21464,539,539,0,539,6
2020-10-07,Contra Costa,013,1133247,17938,17346,87,17433,225
2020-10-07,Del Norte,015,27424,164,149,0,149,2
2020-10-07,El Dorado,017,186661,1291,1219,9,1228,4
2020-10-07,Fresno,019,978130,31876,29069,406,29475,413
2020-10-07,Glenn,021,27897,629,615,0,615,3
2020-10-07,Humboldt,023,135768,526,512,1,513,7
2020-10-07,Imperial,025,180216,12223,11289,8,11297,330
2020-10-07,Inyo,027,18085,204,199,4,203,14
2020-10-07,Kern,029,883053,32836,32068,357,32425,410
2020-10-07,Kings,031,150075,8267,7948,48,7996,80
2020-10-07,Lake,033,64148,651,599,0,599,11
2020-10-07,Lassen,035,31185,757,751,2,753,0
2020-10-07,Los Angeles,037,10098052,281315,275559,2235,277794,6681
2020-10-07,Madera,039,155013,4777,4618,33,4651,50
2020-10-07,Marin,041,260295,6924,6790,18,6808,95
2020-10-07,Mariposa,043,17540,77,75,0,75,2
2020-10-07,Mendocino,045,87422,981,927,4,931,19
2020-10-07,Merced,047,269075,9183,9045,26,9071,144
2020-10-07,Modoc,049,8938,29,27,0,27,0
2020-10-07,Mono,051,14174,173,153,3,156,1
2020-10-07,Monterey,053,433212,10557,10272,44,10316,75
2020-10-07,Napa,055,140530,1836,1774,8,1782,11
2020-10-07,Nevada,057,99092,573,552,20,572,6
2020-10-07,Orange,059,3164182,57237,54332,1599,55931,1277
2020-10-07,Placer,061,380077,3879,3693,13,3706,48
2020-10-07,Plumas,063,18699,52,50,0,50,0
2020-10-07,Riverside,065,2383286,62632,60857,232,61089,1241
2020-10-07,Sacramento,067,1510023,23834,23380,27,23407,452
2020-10-07,San Benito,069,59416,1369,1363,0,1363,13
2020-10-07,San Bernardino,071,2135413,58090,55738,362,56100,1043
2020-10-07,San Diego,073,3302833,51331,49177,1187,50364,813
2020-10-07,San Francisco,075,870044,11694,11551,40,11591,115
2020-10-07,San Joaquin,077,732212,20906,20527,81,20608,478
2020-10-07,San Luis Obispo,079,281455,4038,3749,22,3771,32
2020-10-07,San Mateo,081,765935,10695,9980,12,9992,130
2020-10-07,Santa Barbara,083,443738,9488,9350,83,9433,116
2020-10-07,Santa Clara,085,1922200,23387,21993,49,22042,320
2020-10-07,Santa Cruz,087,273765,2631,2518,33,2551,14
2020-10-07,Shasta,089,179085,1687,1268,16,1284,20
2020-10-07,Sierra,091,2930,6,6,0,6,0
2020-10-07,Siskiyou,093,43540,168,154,10,164,0
2020-10-07,Solano,095,438530,6767,6526,42,6568,53
2020-10-07,Sonoma,097,501317,8527,7993,22,8015,130
2020-10-07,Stanislaus,099,539301,17018,16786,600,17386,357
2020-10-07,Sutter,101,95872,1751,1723,1,1724,12
2020-10-07,Tehama,103,63373,705,666,2,668,3
2020-10-07,Trinity,105,12862,64,25,8,33,0
2020-10-07,Tulare,107,460477,17100,16483,202,16685,282
2020-10-07,Tuolumne,109,53932,245,227,5,232,3
2020-10-07,Ventura,111,848112,14088,13333,272,13605,150
2020-10-07,Yolo,113,214977,2983,2904,7,2911,55
2020-10-07,Yuba,115,75493,1148,1120,5,1125,10
2020-10-06,Alameda,001,1643700,22304,21698,202,21900,385
2020-10-06,Alpine,003,1148,3,3,0,3,0
2020-10-06,Amador,005,37829,303,301,0,301,16
2020-10-06,Butte,007,227075,3041,2925,27,2952,47
2020-10-06,Calaveras,009,45235,316,261,0,261,11
2020-10-06,Colusa,011,21464,538,538,0,538,6
2020-10-06,Contra Costa,013,1133247,17859,17295,87,17382,219
2020-10-06,Del Norte,015,27424,164,144,0,144,2
2020-10-06,El Dorado,017,186661,1287,1211,9,1220,4
2020-10-06,Fresno,019,978130,31732,29022,403,29425,412
2020-10-06,Glenn,021,27897,626,604,0,604,3
2020-10-06,Humboldt,023,135768,523,508,1,509,7
2020-10-06,Imperial,025,180216,12185,11196,8,11204,327
2020-10-06,Inyo,027,18085,202,198,4,202,14
2020-10-06,Kern,029,883053,32759,32006,355,32361,407
2020-10-06,Kings,031,150075,8251,7943,48,7991,81
2020-10-06,Lake,033,64148,645,596,0,596,11
2020-10-06,Lassen,035,31185,757,743,2,745,0
2020-10-06,Los Angeles,037,10098052,280079,274115,2185,276300,6657
2020-10-06,Madera,039,155013,4765,4608,33,4641,50
2020-10-06,Marin,041,260295,6909,6766,18,6784,91
2020-10-06,Mariposa,043,17540,77,75,0,75,2
2020-10-06,Mendocino,045,87422,974,920,4,924,19
2020-10-06,Merced,047,269075,9147,9034,25,9059,143
2020-10-06,Modoc,049,8938,29,26,0,26,0
2020-10-06,Mono,051,14174,173,153,3,156,1
2020-10-06,Monterey,053,433212,10502,10235,42,10277,72
2020-10-06,Napa,055,140530,1830,1770,8,1778,11
2020-10-06,Nevada,057,99092,570,551,20,571,6
2020-10-06,Orange,059,3164182,57021,54203,1590,55793,1273
2020-10-06,Placer,061,380077,3857,3680,13,3693,48
2020-10-06,Plumas,063,18699,52,49,0,49,0
2020-10-06,Riverside,065,2383286,62367,60593,229,60822,1238
2020-10-06,Sacramento,067,1510023,23747,23322,27,23349,442
2020-10-06,San Benito,069,59416,1368,1358,0,1358,12
2020-10-06,San Bernardino,071,2135413,57775,55416,358,55774,1040
2020-10-06,San Diego,073,3302833,50994,48823,1170,49993,806
2020-10-06,San Francisco,075,870044,11668,11513,39,11552,115
2020-10-06,San Joaquin,077,732212,20866,20481,78,20559,477
2020-10-06,San Luis Obispo,079,281455,4004,3723,22,3745,32
2020-10-06,San Mateo,081,765935,10662,9934,12,9946,129
2020-10-06,Santa Barbara,083,443738,9459,9331,82,9413,116
2020-10-06,Santa Clara,085,1922200,23292,21914,49,21963,320
2020-10-06,Santa Cruz,087,273765,2609,2510,33,2543,12
2020-10-06,Shasta,089,179085,1647,1242,16,1258,18
2020-10-06,Sierra,091,2930,6,6,0,6,0
2020-10-06,Siskiyou,093,43540,168,154,10,164,0
2020-10-06,Solano,095,438530,6721,6506,42,6548,52
2020-10-06,Sonoma,097,501317,8434,7895,22,7917,130
2020-10-06,Stanislaus,099,539301,16973,16759,594,17353,354
2020-10-06,Sutter,101,95872,1749,1722,1,1723,12
2020-10-06,Tehama,103,63373,696,660,2,662,3
2020-10-06,Trinity,105,12862,64,25,8,33,0
2020-10-06,Tulare,107,460477,17058,16456,194,16650,280
2020-10-06,Tuolumne,109,53932,244,227,5,232,2
2020-10-06,Ventura,111,848112,14021,13242,267,13509,150
2020-10-06,Yolo,113,214977,2969,2899,7,2906,56
2020-10-06,Yuba,115,75493,1147,1114,5,1119,10
2020-10-05,Alameda,001,1643700,22216,21637,199,21836,383
2020-10-05,Alpine,003,1148,3,2,0,2,0
2020-10-05,Amador,005,37829,303,299,0,299,16
2020-10-05,Butte,007,227075,3031,2910,27,2937,46
2020-10-05,Calaveras,009,45235,316,259,0,259,11
2020-10-05,Colusa,011,21464,538,537,0,537,6
2020-10-05,Contra Costa,013,1133247,17782,17250,87,17337,216
2020-10-05,Del Norte,015,27424,161,142,0,142,2
2020-10-05,El Dorado,017,186661,1283,1202,8,1210,4
2020-10-05,Fresno,019,978130,31615,29136,403,29539,408
2020-10-05,Glenn,021,27897,624,603,0,603,3
2020-10-05,Humboldt,023,135768,522,506,1,507,6
2020-10-05,Imperial,025,180216,12145,11169,8,11177,327
2020-10-05,Inyo,027,18085,202,197,4,201,14
2020-10-05,Kern,029,883053,32680,31933,351,32284,404
2020-10-05,Kings,031,150075,8154,7932,48,7980,80
2020-10-05,Lake,033,64148,641,592,0,592,10
2020-10-05,Lassen,035,31185,756,743,2,745,0
2020-10-05,Los Angeles,037,10098052,278989,273200,2145,275345,6632
2020-10-05,Madera,039,155013,4757,4598,31,4629,50
2020-10-05,Marin,041,260295,6892,6751,18,6769,91
2020-10-05,Mariposa,043,17540,77,75,0,75,2
2020-10-05,Mendocino,045,87422,966,913,4,917,19
2020-10-05,Merced,047,269075,9128,9021,24,9045,143
2020-10-05,Modoc,049,8938,29,26,0,26,0
2020-10-05,Mono,051,14174,173,152,3,155,1
2020-10-05,Monterey,053,433212,10455,10187,42,10229,72
2020-10-05,Napa,055,140530,1819,1760,8,1768,11
2020-10-05,Nevada,057,99092,567,550,19,569,6
2020-10-05,Orange,059,3164182,56805,54103,1577,55680,1271
2020-10-05,Placer,061,380077,3831,3670,13,3683,46
2020-10-05,Plumas,063,18699,51,49,0,49,0
2020-10-05,Riverside,065,2383286,62047,60454,225,60679,1232
2020-10-05,Sacramento,067,1510023,23643,23207,27,23234,438
2020-10-05,San Benito,069,59416,1365,1356,0,1356,12
2020-10-05,San Bernardino,071,2135413,57467,55100,357,55457,1031
2020-10-05,San Diego,073,3302833,50658,48662,1146,49808,803
2020-10-05,San Francisco,075,870044,11629,11476,36,11512,110
2020-10-05,San Joaquin,077,732212,20795,20319,75,20394,476
2020-10-05,San Luis Obispo,079,281455,3977,3710,22,3732,32
2020-10-05,San Mateo,081,765935,10635,9896,12,9908,128
2020-10-05,Santa Barbara,083,443738,9437,9309,82,9391,116
2020-10-05,Santa Clara,085,1922200,23174,21861,49,21910,319
2020-10-05,Santa Cruz,087,273765,2597,2492,33,2525,9
2020-10-05,Shasta,089,179085,1615,1158,16,1174,18
2020-10-05,Sierra,091,2930,6,6,0,6,0
2020-10-05,Siskiyou,093,43540,168,153,10,163,0
2020-10-05,Solano,095,438530,6682,6475,42,6517,52
2020-10-05,Sonoma,097,501317,8342,7817,22,7839,130
2020-10-05,Stanislaus,099,539301,16938,16730,587,17317,351
2020-10-05,Sutter,101,95872,1741,1719,1,1720,12
2020-10-05,Tehama,103,63373,688,642,2,644,3
2020-10-05,Trinity,105,12862,62,22,8,30,0
2020-10-05,Tulare,107,460477,16999,16343,189,16532,278
2020-10-05,Tuolumne,109,53932,241,226,5,231,2
2020-10-05,Ventura,111,848112,13952,13224,247,13471,149
2020-10-05,Yolo,113,214977,2950,2889,7,2896,56
2020-10-05,Yuba,115,75493,1134,1108,5,1113,9
2020-10-04,Alameda,001,1643700,22120,21597,199,21796,383
2020-10-04,Alpine,003,1148,3,2,0,2,0
2020-10-04,Amador,005,37829,302,297,0,297,16
2020-10-04,Butte,007,227075,3017,2903,27,2930,46
2020-10-04,Calaveras,009,45235,316,259,0,259,11
2020-10-04,Colusa,011,21464,537,537,0,537,6
2020-10-04,Contra Costa,013,1133247,17717,17192,87,17279,214
2020-10-04,Del Norte,015,27424,157,142,0,142,2
2020-10-04,El Dorado,017,186661,1279,1196,8,1204,4
2020-10-04,Fresno,019,978130,31492,29065,403,29468,408
2020-10-04,Glenn,021,27897,622,601,0,601,3
2020-10-04,Humboldt,023,135768,521,506,1,507,6
2020-10-04,Imperial,025,180216,12106,11127,8,11135,327
2020-10-04,Inyo,027,18085,199,195,4,199,14
2020-10-04,Kern,029,883053,32606,31906,347,32253,404
2020-10-04,Kings,031,150075,8139,7919,48,7967,80
2020-10-04,Lake,033,64148,627,589,0,589,10
2020-10-04,Lassen,035,31185,756,743,2,745,0
2020-10-04,Los Angeles,037,10098052,277600,272822,2097,274919,6625
2020-10-04,Madera,039,155013,4741,4587,31,4618,50
2020-10-04,Marin,041,260295,6872,6741,18,6759,91
2020-10-04,Mariposa,043,17540,77,75,0,75,2
2020-10-04,Mendocino,045,87422,953,905,4,909,18
2020-10-04,Merced,047,269075,9103,9006,24,9030,140
2020-10-04,Modoc,049,8938,29,26,0,26,0
2020-10-04,Mono,051,14174,172,152,2,154,1
2020-10-04,Monterey,053,433212,10414,10141,41,10182,72
2020-10-04,Napa,055,140530,1807,1759,8,1767,11
2020-10-04,Nevada,057,99092,563,547,18,565,6
2020-10-04,Orange,059,3164182,56569,53966,1568,55534,1270
2020-10-04,Placer,061,380077,3810,3664,13,3677,46
2020-10-04,Plumas,063,18699,51,49,0,49,0
2020-10-04,Riverside,065,2383286,61761,60251,221,60472,1226
2020-10-04,Sacramento,067,1510023,23530,23162,27,23189,438
2020-10-04,San Benito,069,59416,1365,1355,0,1355,12
2020-10-04,San Bernardino,071,2135413,57019,55100,355,55455,1031
2020-10-04,San Diego,073,3302833,50291,48438,1121,49559,803
2020-10-04,San Francisco,075,870044,11597,11474,34,11508,110
2020-10-04,San Joaquin,077,732212,20718,20320,69,20389,476
2020-10-04,San Luis Obispo,079,281455,3952,3688,22,3710,31
2020-10-04,San Mateo,081,765935,10575,9858,12,9870,128
2020-10-04,Santa Barbara,083,443738,9411,9276,80,9356,116
2020-10-04,Santa Clara,085,1922200,23037,21780,49,21829,316
2020-10-04,Santa Cruz,087,273765,2581,2483,33,2516,9
2020-10-04,Shasta,089,179085,1517,1158,15,1173,18
2020-10-04,Sierra,091,2930,6,6,0,6,0
2020-10-04,Siskiyou,093,43540,168,153,10,163,0
2020-10-04,Solano,095,438530,6631,6445,42,6487,52
2020-10-04,Sonoma,097,501317,8254,7794,22,7816,129
2020-10-04,Stanislaus,099,539301,16888,16711,578,17289,351
2020-10-04,Sutter,101,95872,1738,1711,1,1712,11
2020-10-04,Tehama,103,63373,673,637,2,639,3
2020-10-04,Trinity,105,12862,61,21,8,29,0
2020-10-04,Tulare,107,460477,16922,16343,178,16521,278
2020-10-04,Tuolumne,109,53932,239,226,5,231,2
2020-10-04,Ventura,111,848112,13870,13197,230,13427,149
2020-10-04,Yolo,113,214977,2939,2875,7,2882,56
2020-10-04,Yuba,115,75493,1130,1103,5,1108,9
2020-10-03,Alameda,001,1643700,22074,21510,198,21708,386
2020-10-03,Alpine,003,1148,3,2,0,2,0
2020-10-03,Amador,005,37829,301,296,0,296,16
2020-10-03,Butte,007,227075,3011,2894,27,2921,46
2020-10-03,Calaveras,009,45235,316,259,0,259,11
2020-10-03,Colusa,011,21464,536,537,0,537,6
2020-10-03,Contra Costa,013,1133247,17667,17087,85,17172,213
2020-10-03,Del Norte,015,27424,153,142,0,142,2
2020-10-03,El Dorado,017,186661,1272,1188,8,1196,4
2020-10-03,Fresno,019,978130,31432,28975,402,29377,408
2020-10-03,Glenn,021,27897,620,601,0,601,3
2020-10-03,Humboldt,023,135768,520,504,1,505,6
2020-10-03,Imperial,025,180216,12083,11090,8,11098,327
2020-10-03,Inyo,027,18085,199,194,4,198,14
2020-10-03,Kern,029,883053,32556,31864,343,32207,403
2020-10-03,Kings,031,150075,8135,7887,48,7935,80
2020-10-03,Lake,033,64148,617,588,0,588,10
2020-10-03,Lassen,035,31185,756,743,2,745,0
2020-10-03,Los Angeles,037,10098052,276895,271869,2068,273937,6620
2020-10-03,Madera,039,155013,4724,4565,31,4596,50
2020-10-03,Marin,041,260295,6866,6728,18,6746,91
2020-10-03,Mariposa,043,17540,77,75,0,75,2
2020-10-03,Mendocino,045,87422,951,898,4,902,18
2020-10-03,Merced,047,269075,9090,8986,24,9010,139
2020-10-03,Modoc,049,8938,29,26,0,26,0
2020-10-03,Mono,051,14174,171,152,2,154,1
2020-10-03,Monterey,053,433212,10380,10092,38,10130,72
2020-10-03,Napa,055,140530,1803,1752,8,1760,11
2020-10-03,Nevada,057,99092,562,544,18,562,6
2020-10-03,Orange,059,3164182,56452,53573,1563,55136,1268
2020-10-03,Placer,061,380077,3799,3648,13,3661,47
2020-10-03,Plumas,063,18699,51,48,0,48,0
2020-10-03,Riverside,065,2383286,61609,59991,219,60210,1226
2020-10-03,Sacramento,067,1510023,23479,23076,27,23103,437
2020-10-03,San Benito,069,59416,1365,1351,0,1351,12
2020-10-03,San Bernardino,071,2135413,56846,55004,352,55356,1031
2020-10-03,San Diego,073,3302833,50060,48202,1104,49306,798
2020-10-03,San Francisco,075,870044,11572,11475,32,11507,110
2020-10-03,San Joaquin,077,732212,20692,20322,69,20391,476
2020-10-03,San Luis Obispo,079,281455,3928,3670,22,3692,31
2020-10-03,San Mateo,081,765935,10549,9822,11,9833,128
2020-10-03,Santa Barbara,083,443738,9398,9256,80,9336,116
2020-10-03,Santa Clara,085,1922200,22957,21672,49,21721,309
2020-10-03,Santa Cruz,087,273765,2573,2476,33,2509,9
2020-10-03,Shasta,089,179085,1489,1117,14,1131,18
2020-10-03,Sierra,091,2930,6,6,0,6,0
2020-10-03,Siskiyou,093,43540,168,152,10,162,0
2020-10-03,Solano,095,438530,6605,6419,42,6461,52
2020-10-03,Sonoma,097,501317,8211,7747,22,7769,129
2020-10-03,Stanislaus,099,539301,16855,16645,574,17219,351
2020-10-03,Sutter,101,95872,1734,1705,1,1706,11
2020-10-03,Tehama,103,63373,667,630,2,632,3
2020-10-03,Trinity,105,12862,61,15,8,23,0
2020-10-03,Tulare,107,460477,16878,16322,174,16496,278
2020-10-03,Tuolumne,109,53932,238,224,5,229,2
2020-10-03,Ventura,111,848112,13831,13150,226,13376,148
2020-10-03,Yolo,113,214977,2932,2863,7,2870,56
2020-10-03,Yuba,115,75493,1122,1097,5,1102,8
2020-10-02,Alameda,001,1643700,22019,21404,197,21601,382
2020-10-02,Alpine,003,1148,3,2,0,2,0
2020-10-02,Amador,005,37829,300,296,0,296,16
2020-10-02,Butte,007,227075,3001,2879,27,2906,46
2020-10-02,Calaveras,009,45235,315,259,0,259,11
2020-10-02,Colusa,011,21464,535,537,0,537,6
2020-10-02,Contra Costa,013,1133247,17624,17002,84,17086,213
2020-10-02,Del Norte,015,27424,152,141,0,141,2
2020-10-02,El Dorado,017,186661,1265,1168,8,1176,4
2020-10-02,Fresno,019,978130,31349,28855,402,29257,403
2020-10-02,Glenn,021,27897,615,594,0,594,3
2020-10-02,Humboldt,023,135768,519,503,1,504,6
2020-10-02,Imperial,025,180216,12061,11024,8,11032,327
2020-10-02,Inyo,027,18085,197,191,4,195,14
2020-10-02,Kern,029,883053,32504,31790,341,32131,399
2020-10-02,Kings,031,150075,8126,7716,48,7764,79
2020-10-02,Lake,033,64148,611,579,0,579,10
2020-10-02,Lassen,035,31185,756,742,2,744,0
2020-10-02,Los Angeles,037,10098052,275993,270935,2041,272976,6602
2020-10-02,Madera,039,155013,4715,4537,31,4568,49
2020-10-02,Marin,041,260295,6849,6717,18,6735,91
2020-10-02,Mariposa,043,17540,77,75,0,75,2
2020-10-02,Mendocino,045,87422,946,883,4,887,18
2020-10-02,Merced,047,269075,9080,8961,24,8985,139
2020-10-02,Modoc,049,8938,29,26,0,26,0
2020-10-02,Mono,051,14174,171,150,2,152,1
2020-10-02,Monterey,053,433212,10346,9997,38,10035,71
2020-10-02,Napa,055,140530,1797,1737,8,1745,11
2020-10-02,Nevada,057,99092,559,543,18,561,6
2020-10-02,Orange,059,3164182,56321,53299,1556,54855,1262
2020-10-02,Placer,061,380077,3779,3612,13,3625,46
2020-10-02,Plumas,063,18699,51,48,0,48,0
2020-10-02,Riverside,065,2383286,61388,59673,216,59889,1223
2020-10-02,Sacramento,067,1510023,23414,22818,27,22845,436
2020-10-02,San Benito,069,59416,1361,1347,0,1347,12
2020-10-02,San Bernardino,071,2135413,56658,54613,352,54965,1028
2020-10-02,San Diego,073,3302833,49808,47793,1088,48881,794
2020-10-02,San Francisco,075,870044,11549,11398,32,11430,110
2020-10-02,San Joaquin,077,732212,20658,20235,68,20303,474
2020-10-02,San Luis Obispo,079,281455,3905,3654,22,3676,31
2020-10-02,San Mateo,081,765935,10508,9745,11,9756,128
2020-10-02,Santa Barbara,083,443738,9375,9234,80,9314,116
2020-10-02,Santa Clara,085,1922200,22871,21545,48,21593,305
2020-10-02,Santa Cruz,087,273765,2556,2463,33,2496,9
2020-10-02,Shasta,089,179085,1454,1046,14,1060,18
2020-10-02,Sierra,091,2930,6,6,0,6,0
2020-10-02,Siskiyou,093,43540,168,151,10,161,0
2020-10-02,Solano,095,438530,6575,6385,42,6427,52
2020-10-02,Sonoma,097,501317,8154,7662,22,7684,125
2020-10-02,Stanislaus,099,539301,16814,16609,565,17174,349
2020-10-02,Sutter,101,95872,1733,1693,1,1694,11
2020-10-02,Tehama,103,63373,662,619,2,621,3
2020-10-02,Trinity,105,12862,61,15,8,23,0
2020-10-02,Tulare,107,460477,16837,16245,167,16412,278
2020-10-02,Tuolumne,109,53932,236,225,5,230,2
2020-10-02,Ventura,111,848112,13792,13120,221,13341,146
2020-10-02,Yolo,113,214977,2927,2845,7,2852,55
2020-10-02,Yuba,115,75493,1120,1090,5,1095,8
2020-10-01,Alameda,001,1643700,21958,21349,193,21542,383
2020-10-01,Alpine,003,1148,3,2,0,2,0
2020-10-01,Amador,005,37829,300,294,0,294,16
2020-10-01,Butte,007,227075,2993,2865,27,2892,45
2020-10-01,Calaveras,009,45235,315,257,0,257,11
2020-10-01,Colusa,011,21464,535,536,0,536,6
2020-10-01,Contra Costa,013,1133247,17561,16898,84,16982,211
2020-10-01,Del Norte,015,27424,147,140,0,140,2
2020-10-01,El Dorado,017,186661,1261,1162,7,1169,4
2020-10-01,Fresno,019,978130,31268,28796,400,29196,397
2020-10-01,Glenn,021,27897,611,593,0,593,3
2020-10-01,Humboldt,023,135768,519,499,1,500,6
2020-10-01,Imperial,025,180216,12018,10928,8,10936,325
2020-10-01,Inyo,027,18085,197,191,4,195,14
2020-10-01,Kern,029,883053,32441,31678,336,32014,399
2020-10-01,Kings,031,150075,8115,7688,45,7733,79
2020-10-01,Lake,033,64148,605,572,0,572,11
2020-10-01,Lassen,035,31185,753,742,2,744,0
2020-10-01,Los Angeles,037,10098052,274950,271513,2007,273520,6621
2020-10-01,Madera,039,155013,4692,4508,31,4539,48
2020-10-01,Marin,041,260295,6835,6710,18,6728,92
2020-10-01,Mariposa,043,17540,77,76,0,76,2
2020-10-01,Mendocino,045,87422,941,874,4,878,19
2020-10-01,Merced,047,269075,9052,8942,24,8966,138
2020-10-01,Modoc,049,8938,29,26,0,26,0
2020-10-01,Mono,051,14174,169,150,2,152,1
2020-10-01,Monterey,053,433212,10270,9958,38,9996,71
2020-10-01,Napa,055,140530,1789,1729,8,1737,11
2020-10-01,Nevada,057,99092,558,543,18,561,6
2020-10-01,Orange,059,3164182,56156,53088,1543,54631,1257
2020-10-01,Placer,061,380077,3752,3599,13,3612,45
2020-10-01,Plumas,063,18699,51,48,0,48,0
2020-10-01,Riverside,065,2383286,61136,59293,210,59503,1223
2020-10-01,Sacramento,067,1510023,23302,22714,26,22740,433
2020-10-01,San Benito,069,59416,1359,1346,0,1346,12
2020-10-01,San Bernardino,071,2135413,56364,54350,349,54699,1021
2020-10-01,San Diego,073,3302833,49526,47487,1068,48555,792
2020-10-01,San Francisco,075,870044,11518,11284,30,11314,110
2020-10-01,San Joaquin,077,732212,20611,20204,65,20269,471
2020-10-01,San Luis Obispo,079,281455,3878,3625,22,3647,31
2020-10-01,San Mateo,081,765935,10463,9681,11,9692,128
2020-10-01,Santa Barbara,083,443738,9335,9215,80,9295,118
2020-10-01,Santa Clara,085,1922200,22770,21398,48,21446,305
2020-10-01,Santa Cruz,087,273765,2541,2418,33,2451,10
2020-10-01,Shasta,089,179085,1403,991,14,1005,18
2020-10-01,Sierra,091,2930,6,6,0,6,0
2020-10-01,Siskiyou,093,43540,165,150,10,160,0
2020-10-01,Solano,095,438530,6537,6352,42,6394,52
2020-10-01,Sonoma,097,501317,8087,7569,22,7591,125
2020-10-01,Stanislaus,099,539301,16781,16555,559,17114,346
2020-10-01,Sutter,101,95872,1728,1684,1,1685,11
2020-10-01,Tehama,103,63373,652,606,2,608,3
2020-10-01,Trinity,105,12862,61,15,8,23,0
2020-10-01,Tulare,107,460477,16762,16182,164,16346,275
2020-10-01,Tuolumne,109,53932,236,223,5,228,2
2020-10-01,Ventura,111,848112,13740,13057,207,13264,146
2020-10-01,Yolo,113,214977,2909,2833,7,2840,55
2020-10-01,Yuba,115,75493,1116,1082,5,1087,8
2020-09-30,Alameda,001,1643700,21880,21271,190,21461,380
2020-09-30,Alpine,003,1148,3,2,0,2,0
2020-09-30,Amador,005,37829,300,294,0,294,16
2020-09-30,Butte,007,227075,2985,2858,27,2885,44
2020-09-30,Calaveras,009,45235,314,258,0,258,11
2020-09-30,Colusa,011,21464,534,534,0,534,6
2020-09-30,Contra Costa,013,1133247,17493,16819,84,16903,211
2020-09-30,Del Norte,015,27424,146,140,0,140,2
2020-09-30,El Dorado,017,186661,1249,1157,7,1164,4
2020-09-30,Fresno,019,978130,31177,28706,397,29103,395
2020-09-30,Glenn,021,27897,606,592,0,592,3
2020-09-30,Humboldt,023,135768,517,497,1,498,6
2020-09-30,Imperial,025,180216,11993,10868,8,10876,287
2020-09-30,Inyo,027,18085,196,189,4,193,14
2020-09-30,Kern,029,883053,32366,31601,335,31936,398
2020-09-30,Kings,031,150075,8086,7685,45,7730,79
2020-09-30,Lake,033,64148,599,567,0,567,10
2020-09-30,Lassen,035,31185,750,742,2,744,0
2020-09-30,Los Angeles,037,10098052,273725,270260,1974,272234,6568
2020-09-30,Madera,039,155013,4683,4477,31,4508,47
2020-09-30,Marin,041,260295,6811,6700,17,6717,91
2020-09-30,Mariposa,043,17540,77,76,0,76,2
2020-09-30,Mendocino,045,87422,935,867,4,871,17
2020-09-30,Merced,047,269075,9032,8926,24,8950,136
2020-09-30,Modoc,049,8938,29,26,0,26,0
2020-09-30,Mono,051,14174,169,150,2,152,1
2020-09-30,Monterey,053,433212,10220,9898,37,9935,70
2020-09-30,Napa,055,140530,1775,1728,8,1736,11
2020-09-30,Nevada,057,99092,556,540,18,558,6
2020-09-30,Orange,059,3164182,55965,52916,1526,54442,1251
2020-09-30,Placer,061,380077,3731,3585,13,3598,43
2020-09-30,Plumas,063,18699,51,48,0,48,0
2020-09-30,Riverside,065,2383286,60781,59074,206,59280,1220
2020-09-30,Sacramento,067,1510023,23198,22613,26,22639,429
2020-09-30,San Benito,069,59416,1356,1342,0,1342,12
2020-09-30,San Bernardino,071,2135413,56086,53988,348,54336,1018
2020-09-30,San Diego,073,3302833,49222,47182,1047,48229,783
2020-09-30,San Francisco,075,870044,11488,11247,30,11277,106
2020-09-30,San Joaquin,077,732212,20528,20150,63,20213,461
2020-09-30,San Luis Obispo,079,281455,3853,3597,22,3619,31
2020-09-30,San Mateo,081,765935,10421,9634,11,9645,128
2020-09-30,Santa Barbara,083,443738,9309,9186,80,9266,115
2020-09-30,Santa Clara,085,1922200,22665,21318,48,21366,302
2020-09-30,Santa Cruz,087,273765,2528,2405,33,2438,10
2020-09-30,Shasta,089,179085,1347,976,13,989,17
2020-09-30,Sierra,091,2930,6,6,0,6,0
2020-09-30,Siskiyou,093,43540,163,150,10,160,0
2020-09-30,Solano,095,438530,6495,6315,42,6357,51
2020-09-30,Sonoma,097,501317,7998,7494,22,7516,125
2020-09-30,Stanislaus,099,539301,16734,16531,553,17084,343
2020-09-30,Sutter,101,95872,1712,1680,1,1681,10
2020-09-30,Tehama,103,63373,646,594,2,596,3
2020-09-30,Trinity,105,12862,58,15,8,23,0
2020-09-30,Tulare,107,460477,16696,16117,157,16274,274
2020-09-30,Tuolumne,109,53932,234,224,5,229,2
2020-09-30,Ventura,111,848112,13705,12968,191,13159,145
2020-09-30,Yolo,113,214977,2896,2822,7,2829,55
2020-09-30,Yuba,115,75493,1113,1075,5,1080,8
2020-09-29,Alameda,001,1643700,21804,21241,186,21427,374
2020-09-29,Alpine,003,1148,3,2,0,2,0
2020-09-29,Amador,005,37829,298,294,0,294,16
2020-09-29,Butte,007,227075,2971,2848,27,2875,44
2020-09-29,Calaveras,009,45235,312,261,0,261,11
2020-09-29,Colusa,011,21464,534,534,0,534,6
2020-09-29,Contra Costa,013,1133247,17438,16716,82,16798,209
2020-09-29,Del Norte,015,27424,142,142,0,142,2
2020-09-29,El Dorado,017,186661,1240,1151,7,1158,4
2020-09-29,Fresno,019,978130,31082,28621,396,29017,394
2020-09-29,Glenn,021,27897,602,589,0,589,3
2020-09-29,Humboldt,023,135768,515,497,1,498,6
2020-09-29,Imperial,025,180216,11959,10811,8,10819,283
2020-09-29,Inyo,027,18085,195,188,4,192,14
2020-09-29,Kern,029,883053,32311,31534,334,31868,397
2020-09-29,Kings,031,150075,8030,7681,45,7726,78
2020-09-29,Lake,033,64148,597,566,0,566,11
2020-09-29,Lassen,035,31185,750,741,2,743,0
2020-09-29,Los Angeles,037,10098052,272509,269246,1946,271192,6545
2020-09-29,Madera,039,155013,4659,4453,31,4484,47
2020-09-29,Marin,041,260295,6790,6692,17,6709,91
2020-09-29,Mariposa,043,17540,77,74,0,74,2
2020-09-29,Mendocino,045,87422,925,854,4,858,17
2020-09-29,Merced,047,269075,9019,8892,22,8914,136
2020-09-29,Modoc,049,8938,29,26,0,26,0
2020-09-29,Mono,051,14174,169,149,2,151,1
2020-09-29,Monterey,053,433212,10165,9826,35,9861,70
2020-09-29,Napa,055,140530,1772,1727,8,1735,11
2020-09-29,Nevada,057,99092,551,539,18,557,6
2020-09-29,Orange,059,3164182,55779,52755,1515,54270,1231
2020-09-29,Placer,061,380077,3709,3570,13,3583,42
2020-09-29,Plumas,063,18699,51,48,0,48,0
2020-09-29,Riverside,065,2383286,60451,58863,199,59062,1208
2020-09-29,Sacramento,067,1510023,23077,22547,26,22573,425
2020-09-29,San Benito,069,59416,1351,1341,0,1341,12
2020-09-29,San Bernardino,071,2135413,55775,53753,347,54100,1012
2020-09-29,San Diego,073,3302833,48945,46987,1024,48011,781
2020-09-29,San Francisco,075,870044,11452,11142,30,11172,104
2020-09-29,San Joaquin,077,732212,20462,20094,61,20155,454
2020-09-29,San Luis Obispo,079,281455,3831,3581,22,3603,31
2020-09-29,San Mateo,081,765935,10374,9619,11,9630,127
2020-09-29,Santa Barbara,083,443738,9289,9149,79,9228,114
2020-09-29,Santa Clara,085,1922200,22529,21233,47,21280,302
2020-09-29,Santa Cruz,087,273765,2513,2383,32,2415,10
2020-09-29,Shasta,089,179085,1286,943,13,956,17
2020-09-29,Sierra,091,2930,6,6,0,6,0
2020-09-29,Siskiyou,093,43540,157,150,10,160,0
2020-09-29,Solano,095,438530,6461,6303,42,6345,51
2020-09-29,Sonoma,097,501317,7926,7426,22,7448,125
2020-09-29,Stanislaus,099,539301,16704,16505,547,17052,341
2020-09-29,Sutter,101,95872,1706,1677,1,1678,10
2020-09-29,Tehama,103,63373,628,585,2,587,2
2020-09-29,Trinity,105,12862,56,16,8,24,0
2020-09-29,Tulare,107,460477,16632,16055,150,16205,270
2020-09-29,Tuolumne,109,53932,234,224,5,229,2
2020-09-29,Ventura,111,848112,13648,12875,188,13063,145
2020-09-29,Yolo,113,214977,2883,2818,7,2825,55
2020-09-29,Yuba,115,75493,1111,1071,5,1076,8
2020-09-28,Alameda,001,1643700,21717,21133,186,21319,370
2020-09-28,Alpine,003,1148,3,2,0,2,0
2020-09-28,Amador,005,37829,296,294,0,294,16
2020-09-28,Butte,007,227075,2956,2837,27,2864,44
2020-09-28,Calaveras,009,45235,312,257,0,257,11
2020-09-28,Colusa,011,21464,533,531,0,531,6
2020-09-28,Contra Costa,013,1133247,17374,16653,82,16735,195
2020-09-28,Del Norte,015,27424,142,138,0,138,2
2020-09-28,El Dorado,017,186661,1233,1144,7,1151,4
2020-09-28,Fresno,019,978130,31001,28517,389,28906,389
2020-09-28,Glenn,021,27897,600,585,0,585,3
2020-09-28,Humboldt,023,135768,509,495,1,496,6
2020-09-28,Imperial,025,180216,11924,10777,8,10785,283
2020-09-28,Inyo,027,18085,194,188,4,192,14
2020-09-28,Kern,029,883053,32246,31481,329,31810,395
2020-09-28,Kings,031,150075,7889,7661,43,7704,78
2020-09-28,Lake,033,64148,593,559,0,559,10
2020-09-28,Lassen,035,31185,749,737,2,739,0
2020-09-28,Los Angeles,037,10098052,271403,268404,1916,270320,6508
2020-09-28,Madera,039,155013,4638,4438,31,4469,47
2020-09-28,Marin,041,260295,6774,6676,17,6693,91
2020-09-28,Mariposa,043,17540,77,74,0,74,2
2020-09-28,Mendocino,045,87422,910,850,4,854,17
2020-09-28,Merced,047,269075,8991,8869,22,8891,136
2020-09-28,Modoc,049,8938,29,26,0,26,0
2020-09-28,Mono,051,14174,169,148,2,150,1
2020-09-28,Monterey,053,433212,10100,9780,33,9813,69
2020-09-28,Napa,055,140530,1760,1705,8,1713,11
2020-09-28,Nevada,057,99092,543,538,18,556,6
2020-09-28,Orange,059,3164182,55573,52633,1506,54139,1196
2020-09-28,Placer,061,380077,3688,3572,13,3585,42
2020-09-28,Plumas,063,18699,50,48,0,48,0
2020-09-28,Riverside,065,2383286,60153,58570,190,58760,1198
2020-09-28,Sacramento,067,1510023,22930,22392,26,22418,423
2020-09-28,San Benito,069,59416,1348,1336,0,1336,11
2020-09-28,San Bernardino,071,2135413,55426,53501,347,53848,988
2020-09-28,San Diego,073,3302833,48627,46736,1004,47740,776
2020-09-28,San Francisco,075,870044,11418,11114,30,11144,100
2020-09-28,San Joaquin,077,732212,20414,19982,60,20042,448
2020-09-28,San Luis Obispo,079,281455,3810,3567,22,3589,31
2020-09-28,San Mateo,081,765935,10324,9582,11,9593,127
2020-09-28,Santa Barbara,083,443738,9271,9121,79,9200,114
2020-09-28,Santa Clara,085,1922200,22412,21180,47,21227,271
2020-09-28,Santa Cruz,087,273765,2503,2359,32,2391,9
2020-09-28,Shasta,089,179085,1232,883,10,893,17
2020-09-28,Sierra,091,2930,6,6,0,6,0
2020-09-28,Siskiyou,093,43540,157,149,10,159,0
2020-09-28,Solano,095,438530,6425,6254,42,6296,51
2020-09-28,Sonoma,097,501317,7850,7369,22,7391,125
2020-09-28,Stanislaus,099,539301,16665,16467,540,17007,336
2020-09-28,Sutter,101,95872,1699,1676,1,1677,10
2020-09-28,Tehama,103,63373,620,579,2,581,2
2020-09-28,Trinity,105,12862,56,16,8,24,0
2020-09-28,Tulare,107,460477,16579,15918,145,16063,270
2020-09-28,Tuolumne,109,53932,234,225,5,230,2
2020-09-28,Ventura,111,848112,13570,12812,181,12993,139
2020-09-28,Yolo,113,214977,2866,2809,7,2816,55
2020-09-28,Yuba,115,75493,1108,1062,5,1067,7
2020-09-27,Alameda,001,1643700,21636,21077,182,21259,370
2020-09-27,Alpine,003,1148,3,2,0,2,0
2020-09-27,Amador,005,37829,296,291,0,291,16
2020-09-27,Butte,007,227075,2944,2833,27,2860,44
2020-09-27,Calaveras,009,45235,311,257,0,257,11
2020-09-27,Colusa,011,21464,532,531,0,531,6
2020-09-27,Contra Costa,013,1133247,17272,16596,81,16677,195
2020-09-27,Del Norte,015,27424,142,138,0,138,2
2020-09-27,El Dorado,017,186661,1218,1130,7,1137,4
2020-09-27,Fresno,019,978130,30895,28441,389,28830,389
2020-09-27,Glenn,021,27897,596,576,0,576,3
2020-09-27,Humboldt,023,135768,507,492,1,493,6
2020-09-27,Imperial,025,180216,11890,10743,8,10751,283
2020-09-27,Inyo,027,18085,192,188,4,192,14
2020-09-27,Kern,029,883053,32127,31462,326,31788,395
2020-09-27,Kings,031,150075,7869,7641,43,7684,78
2020-09-27,Lake,033,64148,589,555,0,555,10
2020-09-27,Lassen,035,31185,749,737,2,739,0
2020-09-27,Los Angeles,037,10098052,270225,267754,1896,269650,6507
2020-09-27,Madera,039,155013,4609,4416,31,4447,47
2020-09-27,Marin,041,260295,6764,6663,17,6680,91
2020-09-27,Mariposa,043,17540,77,74,0,74,2
2020-09-27,Mendocino,045,87422,904,846,4,850,17
2020-09-27,Merced,047,269075,8957,8853,22,8875,136
2020-09-27,Modoc,049,8938,29,26,0,26,0
2020-09-27,Mono,051,14174,169,148,2,150,1
2020-09-27,Monterey,053,433212,10040,9724,32,9756,69
2020-09-27,Napa,055,140530,1755,1690,8,1698,11
2020-09-27,Nevada,057,99092,542,537,18,555,6
2020-09-27,Orange,059,3164182,55298,52458,1497,53955,1195
2020-09-27,Placer,061,380077,3675,3562,13,3575,42
2020-09-27,Plumas,063,18699,50,48,0,48,0
2020-09-27,Riverside,065,2383286,59857,58509,182,58691,1191
2020-09-27,Sacramento,067,1510023,22832,22356,26,22382,422
2020-09-27,San Benito,069,59416,1348,1331,0,1331,11
2020-09-27,San Bernardino,071,2135413,54990,53127,347,53474,988
2020-09-27,San Diego,073,3302833,48283,46612,987,47599,776
2020-09-27,San Francisco,075,870044,11366,11114,30,11144,100
2020-09-27,San Joaquin,077,732212,20354,19981,60,20041,448
2020-09-27,San Luis Obispo,079,281455,3790,3562,22,3584,31
2020-09-27,San Mateo,081,765935,10256,9566,11,9577,127
2020-09-27,Santa Barbara,083,443738,9250,9090,78,9168,114
2020-09-27,Santa Clara,085,1922200,22303,21091,47,21138,271
2020-09-27,Santa Cruz,087,273765,2481,2359,32,2391,9
2020-09-27,Shasta,089,179085,1189,883,9,892,17
2020-09-27,Sierra,091,2930,6,6,0,6,0
2020-09-27,Siskiyou,093,43540,156,149,10,159,0
2020-09-27,Solano,095,438530,6390,6211,41,6252,51
2020-09-27,Sonoma,097,501317,7769,7336,22,7358,124
2020-09-27,Stanislaus,099,539301,16614,16448,534,16982,336
2020-09-27,Sutter,101,95872,1692,1672,1,1673,10
2020-09-27,Tehama,103,63373,603,573,2,575,2
2020-09-27,Trinity,105,12862,56,16,8,24,0
2020-09-27,Tulare,107,460477,16501,15918,136,16054,270
2020-09-27,Tuolumne,109,53932,233,224,5,229,2
2020-09-27,Ventura,111,848112,13481,12775,172,12947,139
2020-09-27,Yolo,113,214977,2852,2796,7,2803,55
2020-09-27,Yuba,115,75493,1098,1059,5,1064,7
2020-09-26,Alameda,001,1643700,21578,21019,181,21200,370
2020-09-26,Alpine,003,1148,3,2,0,2,0
2020-09-26,Amador,005,37829,295,291,0,291,16
2020-09-26,Butte,007,227075,2936,2827,27,2854,44
2020-09-26,Calaveras,009,45235,311,257,0,257,11
2020-09-26,Colusa,011,21464,532,529,0,529,6
2020-09-26,Contra Costa,013,1133247,17229,16508,81,16589,194
2020-09-26,Del Norte,015,27424,142,138,0,138,2
2020-09-26,El Dorado,017,186661,1213,1127,7,1134,4
2020-09-26,Fresno,019,978130,30828,28336,389,28725,389
2020-09-26,Glenn,021,27897,596,576,0,576,3
2020-09-26,Humboldt,023,135768,507,491,1,492,6
2020-09-26,Imperial,025,180216,11873,10721,8,10729,283
2020-09-26,Inyo,027,18085,191,187,4,191,14
2020-09-26,Kern,029,883053,32076,31410,326,31736,394
2020-09-26,Kings,031,150075,7857,7537,43,7580,78
2020-09-26,Lake,033,64148,586,549,0,549,10
2020-09-26,Lassen,035,31185,749,737,2,739,0
2020-09-26,Los Angeles,037,10098052,269590,266931,1882,268813,6497
2020-09-26,Madera,039,155013,4593,4410,31,4441,47
2020-09-26,Marin,041,260295,6751,6641,17,6658,91
2020-09-26,Mariposa,043,17540,76,74,0,74,2
2020-09-26,Mendocino,045,87422,899,836,4,840,17
2020-09-26,Merced,047,269075,8945,8841,21,8862,136
2020-09-26,Modoc,049,8938,29,26,0,26,0
2020-09-26,Mono,051,14174,169,148,2,150,1
2020-09-26,Monterey,053,433212,10013,9651,32,9683,68
2020-09-26,Napa,055,140530,1753,1681,8,1689,11
2020-09-26,Nevada,057,99092,542,534,18,552,6
2020-09-26,Orange,059,3164182,55159,52203,1491,53694,1194
2020-09-26,Placer,061,380077,3662,3551,13,3564,42
2020-09-26,Plumas,063,18699,49,48,0,48,0
2020-09-26,Riverside,065,2383286,59722,58076,180,58256,1190
2020-09-26,Sacramento,067,1510023,22776,22269,26,22295,421
2020-09-26,San Benito,069,59416,1346,1325,0,1325,11
2020-09-26,San Bernardino,071,2135413,54857,53122,347,53469,988
2020-09-26,San Diego,073,3302833,48078,46333,973,47306,775
2020-09-26,San Francisco,075,870044,11338,11113,30,11143,100
2020-09-26,San Joaquin,077,732212,20319,19982,58,20040,449
2020-09-26,San Luis Obispo,079,281455,3774,3546,22,3568,31
2020-09-26,San Mateo,081,765935,10222,9509,11,9520,127
2020-09-26,Santa Barbara,083,443738,9239,9061,78,9139,114
2020-09-26,Santa Clara,085,1922200,22232,20967,46,21013,270
2020-09-26,Santa Cruz,087,273765,2473,2336,32,2368,9
2020-09-26,Shasta,089,179085,1139,856,8,864,17
2020-09-26,Sierra,091,2930,6,6,0,6,0
2020-09-26,Siskiyou,093,43540,155,149,10,159,0
2020-09-26,Solano,095,438530,6371,6209,41,6250,51
2020-09-26,Sonoma,097,501317,7744,7285,21,7306,124
2020-09-26,Stanislaus,099,539301,16589,16421,525,16946,336
2020-09-26,Sutter,101,95872,1687,1662,1,1663,10
2020-09-26,Tehama,103,63373,591,560,2,562,2
2020-09-26,Trinity,105,12862,54,16,8,24,0
2020-09-26,Tulare,107,460477,16475,15881,134,16015,270
2020-09-26,Tuolumne,109,53932,233,223,5,228,2
2020-09-26,Ventura,111,848112,13446,12729,171,12900,137
2020-09-26,Yolo,113,214977,2850,2789,7,2796,55
2020-09-26,Yuba,115,75493,1094,1056,5,1061,7
2020-09-25,Alameda,001,1643700,21524,20911,181,21092,367
2020-09-25,Alpine,003,1148,3,2,0,2,0
2020-09-25,Amador,005,37829,295,289,0,289,16
2020-09-25,Butte,007,227075,2931,2819,27,2846,43
2020-09-25,Calaveras,009,45235,311,257,0,257,11
2020-09-25,Colusa,011,21464,532,528,0,528,6
2020-09-25,Contra Costa,013,1133247,17170,16401,81,16482,194
2020-09-25,Del Norte,015,27424,142,138,0,138,2
2020-09-25,El Dorado,017,186661,1209,1104,7,1111,4
2020-09-25,Fresno,019,978130,30768,28199,388,28587,385
2020-09-25,Glenn,021,27897,594,570,0,570,3
2020-09-25,Humboldt,023,135768,506,489,1,490,5
2020-09-25,Imperial,025,180216,11855,10681,8,10689,283
2020-09-25,Inyo,027,18085,189,187,4,191,14
2020-09-25,Kern,029,883053,32023,31333,324,31657,393
2020-09-25,Kings,031,150075,7852,7450,43,7493,77
2020-09-25,Lake,033,64148,585,539,0,539,9
2020-09-25,Lassen,035,31185,749,737,2,739,0
2020-09-25,Los Angeles,037,10098052,268799,265713,1869,267582,6483
2020-09-25,Madera,039,155013,4574,4369,31,4400,48
2020-09-25,Marin,041,260295,6748,6622,17,6639,90
2020-09-25,Mariposa,043,17540,76,74,0,74,2
2020-09-25,Mendocino,045,87422,884,819,3,822,17
2020-09-25,Merced,047,269075,8929,8830,21,8851,135
2020-09-25,Modoc,049,8938,29,26,0,26,0
2020-09-25,Mono,051,14174,169,149,2,151,1
2020-09-25,Monterey,053,433212,9961,9581,32,9613,68
2020-09-25,Napa,055,140530,1751,1669,8,1677,11
2020-09-25,Nevada,057,99092,540,529,18,547,6
2020-09-25,Orange,059,3164182,55032,52031,1483,53514,1184
2020-09-25,Placer,061,380077,3651,3527,13,3540,41
2020-09-25,Plumas,063,18699,49,48,0,48,0
2020-09-25,Riverside,065,2383286,59546,57783,175,57958,1183
2020-09-25,Sacramento,067,1510023,22699,22132,26,22158,418
2020-09-25,San Benito,069,59416,1345,1318,0,1318,11
2020-09-25,San Bernardino,071,2135413,54703,52814,347,53161,987
2020-09-25,San Diego,073,3302833,47876,46003,957,46960,775
2020-09-25,San Francisco,075,870044,11304,11066,29,11095,100
2020-09-25,San Joaquin,077,732212,20267,19909,58,19967,449
2020-09-25,San Luis Obispo,079,281455,3762,3512,22,3534,31
2020-09-25,San Mateo,081,765935,10186,9447,11,9458,127
2020-09-25,Santa Barbara,083,443738,9215,9026,78,9104,114
2020-09-25,Santa Clara,085,1922200,22168,20812,45,20857,265
2020-09-25,Santa Cruz,087,273765,2461,2309,31,2340,9
2020-09-25,Shasta,089,179085,1105,806,8,814,16
2020-09-25,Sierra,091,2930,6,6,0,6,0
2020-09-25,Siskiyou,093,43540,155,149,10,159,0
2020-09-25,Solano,095,438530,6355,6179,41,6220,50
2020-09-25,Sonoma,097,501317,7704,7202,21,7223,124
2020-09-25,Stanislaus,099,539301,16571,16381,523,16904,326
2020-09-25,Sutter,101,95872,1684,1655,1,1656,10
2020-09-25,Tehama,103,63373,583,546,2,548,2
2020-09-25,Trinity,105,12862,54,15,8,23,0
2020-09-25,Tulare,107,460477,16435,15815,132,15947,267
2020-09-25,Tuolumne,109,53932,233,223,5,228,2
2020-09-25,Ventura,111,848112,13403,12664,168,12832,137
2020-09-25,Yolo,113,214977,2842,2784,7,2791,55
2020-09-25,Yuba,115,75493,1089,1049,5,1054,5
2020-09-24,Alameda,001,1643700,21449,20838,178,21016,364
2020-09-24,Alpine,003,1148,3,2,0,2,0
2020-09-24,Amador,005,37829,295,288,0,288,16
2020-09-24,Butte,007,227075,2920,2803,27,2830,43
2020-09-24,Calaveras,009,45235,311,258,0,258,11
2020-09-24,Colusa,011,21464,532,523,0,523,6
2020-09-24,Contra Costa,013,1133247,17088,16252,81,16333,192
2020-09-24,Del Norte,015,27424,138,137,0,137,2
2020-09-24,El Dorado,017,186661,1200,1093,7,1100,4
2020-09-24,Fresno,019,978130,30662,28106,384,28490,375
2020-09-24,Glenn,021,27897,590,567,0,567,3
2020-09-24,Humboldt,023,135768,503,482,1,483,5
2020-09-24,Imperial,025,180216,11831,10622,8,10630,283
2020-09-24,Inyo,027,18085,189,187,4,191,13
2020-09-24,Kern,029,883053,31960,31273,322,31595,388
2020-09-24,Kings,031,150075,7836,7428,43,7471,76
2020-09-24,Lake,033,64148,576,531,0,531,9
2020-09-24,Lassen,035,31185,748,737,2,739,0
2020-09-24,Los Angeles,037,10098052,267757,264374,1851,266225,6452
2020-09-24,Madera,039,155013,4555,4344,31,4375,48
2020-09-24,Marin,041,260295,6720,6588,17,6605,85
2020-09-24,Mariposa,043,17540,76,74,0,74,2
2020-09-24,Mendocino,045,87422,880,810,3,813,17
2020-09-24,Merced,047,269075,8900,8813,20,8833,135
2020-09-24,Modoc,049,8938,29,24,0,24,0
2020-09-24,Mono,051,14174,169,149,2,151,1
2020-09-24,Monterey,053,433212,9895,9544,30,9574,67
2020-09-24,Napa,055,140530,1739,1661,8,1669,11
2020-09-24,Nevada,057,99092,539,527,18,545,6
2020-09-24,Orange,059,3164182,54824,51749,1465,53214,1164
2020-09-24,Placer,061,380077,3636,3514,13,3527,41
2020-09-24,Plumas,063,18699,49,48,0,48,0
2020-09-24,Riverside,065,2383286,59280,57491,169,57660,1172
2020-09-24,Sacramento,067,1510023,22573,21985,25,22010,417
2020-09-24,San Benito,069,59416,1343,1308,0,1308,11
2020-09-24,San Bernardino,071,2135413,54366,52455,346,52801,988
2020-09-24,San Diego,073,3302833,47607,45598,942,46540,773
2020-09-24,San Francisco,075,870044,11257,10992,29,11021,99
2020-09-24,San Joaquin,077,732212,20229,19851,56,19907,444
2020-09-24,San Luis Obispo,079,281455,3746,3480,22,3502,31
2020-09-24,San Mateo,081,765935,10138,9376,11,9387,127
2020-09-24,Santa Barbara,083,443738,9162,8988,77,9065,114
2020-09-24,Santa Clara,085,1922200,22080,20689,45,20734,262
2020-09-24,Santa Cruz,087,273765,2441,2300,29,2329,9
2020-09-24,Shasta,089,179085,1068,773,5,778,14
2020-09-24,Sierra,091,2930,6,6,0,6,0
2020-09-24,Siskiyou,093,43540,155,149,10,159,0
2020-09-24,Solano,095,438530,6322,6137,41,6178,49
2020-09-24,Sonoma,097,501317,7623,7163,21,7184,122
2020-09-24,Stanislaus,099,539301,16534,16326,518,16844,326
2020-09-24,Sutter,101,95872,1681,1646,1,1647,10
2020-09-24,Tehama,103,63373,580,540,2,542,2
2020-09-24,Trinity,105,12862,54,15,8,23,0
2020-09-24,Tulare,107,460477,16370,15754,131,15885,267
2020-09-24,Tuolumne,109,53932,233,224,5,229,2
2020-09-24,Ventura,111,848112,13321,12617,167,12784,138
2020-09-24,Yolo,113,214977,2835,2776,7,2783,55
2020-09-24,Yuba,115,75493,1084,1042,5,1047,5
2020-09-23,Alameda,001,1643700,21381,20718,176,20894,361
2020-09-23,Alpine,003,1148,3,2,0,2,0
2020-09-23,Amador,005,37829,294,288,0,288,16
2020-09-23,Butte,007,227075,2912,2790,27,2817,43
2020-09-23,Calaveras,009,45235,310,258,0,258,11
2020-09-23,Colusa,011,21464,531,521,0,521,6
2020-09-23,Contra Costa,013,1133247,17026,16167,80,16247,192
2020-09-23,Del Norte,015,27424,136,137,0,137,2
2020-09-23,El Dorado,017,186661,1186,1088,7,1095,4
2020-09-23,Fresno,019,978130,30567,28019,382,28401,371
2020-09-23,Glenn,021,27897,583,561,0,561,3
2020-09-23,Humboldt,023,135768,499,477,1,478,5
2020-09-23,Imperial,025,180216,11805,10587,8,10595,284
2020-09-23,Inyo,027,18085,188,177,4,181,13
2020-09-23,Kern,029,883053,31916,31172,320,31492,387
2020-09-23,Kings,031,150075,7814,7406,43,7449,76
2020-09-23,Lake,033,64148,571,519,0,519,9
2020-09-23,Lassen,035,31185,748,736,2,738,0
2020-09-23,Los Angeles,037,10098052,266741,263318,1822,265140,6421
2020-09-23,Madera,039,155013,4540,4311,31,4342,48
2020-09-23,Marin,041,260295,6701,6567,17,6584,85
2020-09-23,Mariposa,043,17540,76,74,0,74,2
2020-09-23,Mendocino,045,87422,879,801,2,803,17
2020-09-23,Merced,047,269075,8879,8785,18,8803,134
2020-09-23,Modoc,049,8938,29,24,0,24,0
2020-09-23,Mono,051,14174,169,149,2,151,1
2020-09-23,Monterey,053,433212,9826,9452,29,9481,67
2020-09-23,Napa,055,140530,1730,1653,8,1661,11
2020-09-23,Nevada,057,99092,538,523,18,541,6
2020-09-23,Orange,059,3164182,54597,51658,1457,53115,1155
2020-09-23,Placer,061,380077,3624,3506,13,3519,41
2020-09-23,Plumas,063,18699,49,48,0,48,0
2020-09-23,Riverside,065,2383286,58974,57257,166,57423,1165
2020-09-23,Sacramento,067,1510023,22496,21821,25,21846,415
2020-09-23,San Benito,069,59416,1337,1305,0,1305,10
2020-09-23,San Bernardino,071,2135413,54072,52132,344,52476,973
2020-09-23,San Diego,073,3302833,47331,45427,923,46350,767
2020-09-23,San Francisco,075,870044,11208,10926,29,10955,95
2020-09-23,San Joaquin,077,732212,20175,19785,56,19841,439
2020-09-23,San Luis Obispo,079,281455,3728,3447,22,3469,31
2020-09-23,San Mateo,081,765935,10098,9351,11,9362,127
2020-09-23,Santa Barbara,083,443738,9133,8952,77,9029,112
2020-09-23,Santa Clara,085,1922200,21969,20575,42,20617,260
2020-09-23,Santa Cruz,087,273765,2422,2283,29,2312,9
2020-09-23,Shasta,089,179085,1029,756,4,760,14
2020-09-23,Sierra,091,2930,6,6,0,6,0
2020-09-23,Siskiyou,093,43540,155,149,10,159,0
2020-09-23,Solano,095,438530,6296,6123,41,6164,50
2020-09-23,Sonoma,097,501317,7547,7091,21,7112,122
2020-09-23,Stanislaus,099,539301,16504,16271,515,16786,317
2020-09-23,Sutter,101,95872,1677,1646,1,1647,10
2020-09-23,Tehama,103,63373,574,533,2,535,2
2020-09-23,Trinity,105,12862,53,15,8,23,0
2020-09-23,Tulare,107,460477,16305,15664,130,15794,266
2020-09-23,Tuolumne,109,53932,233,223,5,228,2
2020-09-23,Ventura,111,848112,13265,12591,164,12755,137
2020-09-23,Yolo,113,214977,2817,2766,7,2773,55
2020-09-23,Yuba,115,75493,1082,1038,5,1043,5
2020-09-22,Alameda,001,1643700,21301,20607,174,20781,355
2020-09-22,Alpine,003,1148,2,2,0,2,0
2020-09-22,Amador,005,37829,293,287,0,287,16
2020-09-22,Butte,007,227075,2907,2776,27,2803,43
2020-09-22,Calaveras,009,45235,310,258,0,258,11
2020-09-22,Colusa,011,21464,529,518,0,518,6
2020-09-22,Contra Costa,013,1133247,16936,16090,80,16170,190
2020-09-22,Del Norte,015,27424,136,137,0,137,2
2020-09-22,El Dorado,017,186661,1167,1076,7,1083,4
2020-09-22,Fresno,019,978130,30472,27944,379,28323,369
2020-09-22,Glenn,021,27897,580,560,0,560,3
2020-09-22,Humboldt,023,135768,498,476,1,477,5
2020-09-22,Imperial,025,180216,11776,10529,8,10537,284
2020-09-22,Inyo,027,18085,188,177,4,181,13
2020-09-22,Kern,029,883053,31848,31110,313,31423,383
2020-09-22,Kings,031,150075,7757,7395,42,7437,76
2020-09-22,Lake,033,64148,563,516,0,516,9
2020-09-22,Lassen,035,31185,747,736,2,738,0
2020-09-22,Los Angeles,037,10098052,265675,262117,1797,263914,6394
2020-09-22,Madera,039,155013,4524,4303,31,4334,47
2020-09-22,Marin,041,260295,6687,6561,17,6578,84
2020-09-22,Mariposa,043,17540,76,74,0,74,2
2020-09-22,Mendocino,045,87422,859,794,1,795,18
2020-09-22,Merced,047,269075,8849,8769,18,8787,132
2020-09-22,Modoc,049,8938,29,24,0,24,0
2020-09-22,Mono,051,14174,168,149,2,151,1
2020-09-22,Monterey,053,433212,9768,9393,28,9421,67
2020-09-22,Napa,055,140530,1713,1652,8,1660,11
2020-09-22,Nevada,057,99092,538,523,18,541,6
2020-09-22,Orange,059,3164182,54347,51528,1448,52976,1132
2020-09-22,Placer,061,380077,3612,3492,13,3505,40
2020-09-22,Plumas,063,18699,49,48,0,48,0
2020-09-22,Riverside,065,2383286,58490,57066,162,57228,1162
2020-09-22,Sacramento,067,1510023,22376,21745,25,21770,410
2020-09-22,San Benito,069,59416,1332,1305,0,1305,10
2020-09-22,San Bernardino,071,2135413,53798,51899,344,52243,971
2020-09-22,San Diego,073,3302833,47024,45149,904,46053,765
2020-09-22,San Francisco,075,870044,11164,10893,28,10921,95
2020-09-22,San Joaquin,077,732212,20128,19755,55,19810,426
2020-09-22,San Luis Obispo,079,281455,3706,3420,22,3442,31
2020-09-22,San Mateo,081,765935,10060,9291,11,9302,127
2020-09-22,Santa Barbara,083,443738,9103,8927,76,9003,111
2020-09-22,Santa Clara,085,1922200,21850,20514,42,20556,253
2020-09-22,Santa Cruz,087,273765,2399,2264,29,2293,8
2020-09-22,Shasta,089,179085,994,723,4,727,14
2020-09-22,Sierra,091,2930,6,6,0,6,0
2020-09-22,Siskiyou,093,43540,155,149,10,159,0
2020-09-22,Solano,095,438530,6265,6107,41,6148,48
2020-09-22,Sonoma,097,501317,7468,7068,20,7088,117
2020-09-22,Stanislaus,099,539301,16481,16231,508,16739,316
2020-09-22,Sutter,101,95872,1671,1638,1,1639,10
2020-09-22,Tehama,103,63373,566,529,2,531,2
2020-09-22,Trinity,105,12862,53,15,8,23,0
2020-09-22,Tulare,107,460477,16238,15616,126,15742,263
2020-09-22,Tuolumne,109,53932,232,224,5,229,1
2020-09-22,Ventura,111,848112,13213,12507,160,12667,136
2020-09-22,Yolo,113,214977,2810,2763,7,2770,54
2020-09-22,Yuba,115,75493,1073,1035,5,1040,5
2020-09-21,Alameda,001,1643700,21222,20501,173,20674,343
2020-09-21,Alpine,003,1148,2,2,0,2,0
2020-09-21,Amador,005,37829,291,286,0,286,16
2020-09-21,Butte,007,227075,2893,2769,27,2796,41
2020-09-21,Calaveras,009,45235,308,256,0,256,10
2020-09-21,Colusa,011,21464,528,517,0,517,6
2020-09-21,Contra Costa,013,1133247,16849,16008,80,16088,189
2020-09-21,Del Norte,015,27424,136,132,0,132,2
2020-09-21,El Dorado,017,186661,1158,1074,7,1081,4
2020-09-21,Fresno,019,978130,30370,27843,372,28215,362
2020-09-21,Glenn,021,27897,576,556,0,556,3
2020-09-21,Humboldt,023,135768,494,473,1,474,5
2020-09-21,Imperial,025,180216,11745,10521,8,10529,284
2020-09-21,Inyo,027,18085,187,177,4,181,12
2020-09-21,Kern,029,883053,31776,31031,311,31342,379
2020-09-21,Kings,031,150075,7644,7297,41,7338,76
2020-09-21,Lake,033,64148,558,508,0,508,8
2020-09-21,Lassen,035,31185,745,735,2,737,0
2020-09-21,Los Angeles,037,10098052,264589,261418,1752,263170,6360
2020-09-21,Madera,039,155013,4513,4275,30,4305,47
2020-09-21,Marin,041,260295,6676,6538,16,6554,84
2020-09-21,Mariposa,043,17540,75,74,0,74,2
2020-09-21,Mendocino,045,87422,844,778,0,778,18
2020-09-21,Merced,047,269075,8830,8749,16,8765,128
2020-09-21,Modoc,049,8938,29,22,0,22,0
2020-09-21,Mono,051,14174,168,147,2,149,1
2020-09-21,Monterey,053,433212,9704,9331,25,9356,66
2020-09-21,Napa,055,140530,1702,1641,8,1649,11
2020-09-21,Nevada,057,99092,536,515,18,533,6
2020-09-21,Orange,059,3164182,54125,51363,1441,52804,1110
2020-09-21,Placer,061,380077,3602,3473,13,3486,40
2020-09-21,Plumas,063,18699,49,47,0,47,0
2020-09-21,Riverside,065,2383286,58218,57001,155,57156,1153
2020-09-21,Sacramento,067,1510023,22195,21568,25,21593,404
2020-09-21,San Benito,069,59416,1330,1298,0,1298,10
2020-09-21,San Bernardino,071,2135413,53512,51654,344,51998,970
2020-09-21,San Diego,073,3302833,46740,44927,883,45810,760
2020-09-21,San Francisco,075,870044,11116,10743,28,10771,95
2020-09-21,San Joaquin,077,732212,20070,19579,55,19634,423
2020-09-21,San Luis Obispo,079,281455,3680,3406,22,3428,27
2020-09-21,San Mateo,081,765935,10008,9239,11,9250,127
2020-09-21,Santa Barbara,083,443738,9075,8911,76,8987,110
2020-09-21,Santa Clara,085,1922200,21749,20432,42,20474,252
2020-09-21,Santa Cruz,087,273765,2382,2257,27,2284,8
2020-09-21,Shasta,089,179085,944,696,4,700,14
2020-09-21,Sierra,091,2930,6,6,0,6,0
2020-09-21,Siskiyou,093,43540,155,146,10,156,0
2020-09-21,Solano,095,438530,6241,6019,41,6060,46
2020-09-21,Sonoma,097,501317,7392,7017,20,7037,117
2020-09-21,Stanislaus,099,539301,16451,16186,508,16694,310
2020-09-21,Sutter,101,95872,1664,1634,1,1635,10
2020-09-21,Tehama,103,63373,547,513,2,515,2
2020-09-21,Trinity,105,12862,53,15,8,23,0
2020-09-21,Tulare,107,460477,16164,15528,117,15645,260
2020-09-21,Tuolumne,109,53932,232,221,5,226,1
2020-09-21,Ventura,111,848112,13129,12477,154,12631,133
2020-09-21,Yolo,113,214977,2804,2752,7,2759,54
2020-09-21,Yuba,115,75493,1069,1033,5,1038,1
2020-09-20,Alameda,001,1643700,21122,20425,170,20595,343
2020-09-20,Alpine,003,1148,2,2,0,2,0
2020-09-20,Amador,005,37829,290,286,0,286,16
2020-09-20,Butte,007,227075,2881,2764,27,2791,39
2020-09-20,Calaveras,009,45235,304,256,0,256,10
2020-09-20,Colusa,011,21464,526,510,0,510,6
2020-09-20,Contra Costa,013,1133247,16715,15917,79,15996,189
2020-09-20,Del Norte,015,27424,134,132,0,132,2
2020-09-20,El Dorado,017,186661,1143,1073,7,1080,4
2020-09-20,Fresno,019,978130,30256,27769,367,28136,362
2020-09-20,Glenn,021,27897,572,550,0,550,3
2020-09-20,Humboldt,023,135768,494,472,1,473,5
2020-09-20,Imperial,025,180216,11718,10496,7,10503,284
2020-09-20,Inyo,027,18085,187,177,4,181,12
2020-09-20,Kern,029,883053,31693,30992,307,31299,379
2020-09-20,Kings,031,150075,7597,7159,40,7199,76
2020-09-20,Lake,033,64148,546,492,0,492,8
2020-09-20,Lassen,035,31185,745,735,2,737,0
2020-09-20,Los Angeles,037,10098052,263358,260770,1727,262497,6347
2020-09-20,Madera,039,155013,4493,4257,30,4287,47
2020-09-20,Marin,041,260295,6650,6533,16,6549,83
2020-09-20,Mariposa,043,17540,75,74,0,74,2
2020-09-20,Mendocino,045,87422,832,765,0,765,18
2020-09-20,Merced,047,269075,8803,8745,16,8761,128
2020-09-20,Modoc,049,8938,27,22,0,22,0
2020-09-20,Mono,051,14174,167,147,2,149,1
2020-09-20,Monterey,053,433212,9625,9312,25,9337,65
2020-09-20,Napa,055,140530,1693,1626,8,1634,11
2020-09-20,Nevada,057,99092,533,511,18,529,6
2020-09-20,Orange,059,3164182,53884,51233,1431,52664,1110
2020-09-20,Placer,061,380077,3587,3452,13,3465,40
2020-09-20,Plumas,063,18699,49,47,0,47,0
2020-09-20,Riverside,065,2383286,58017,56783,149,56932,1147
2020-09-20,Sacramento,067,1510023,22008,21394,24,21418,401
2020-09-20,San Benito,069,59416,1319,1291,0,1291,9
2020-09-20,San Bernardino,071,2135413,53193,51559,342,51901,970
2020-09-20,San Diego,073,3302833,46367,44579,854,45433,760
2020-09-20,San Francisco,075,870044,11062,10743,28,10771,95
2020-09-20,San Joaquin,077,732212,20005,19578,48,19626,423
2020-09-20,San Luis Obispo,079,281455,3652,3393,22,3415,27
2020-09-20,San Mateo,081,765935,9942,9198,11,9209,127
2020-09-20,Santa Barbara,083,443738,9039,8880,75,8955,110
2020-09-20,Santa Clara,085,1922200,21629,20330,41,20371,252
2020-09-20,Santa Cruz,087,273765,2362,2199,27,2226,8
2020-09-20,Shasta,089,179085,903,696,3,699,14
2020-09-20,Sierra,091,2930,6,6,0,6,0
2020-09-20,Siskiyou,093,43540,155,146,10,156,0
2020-09-20,Solano,095,438530,6197,6020,41,6061,46
2020-09-20,Sonoma,097,501317,7288,6954,20,6974,117
2020-09-20,Stanislaus,099,539301,16420,16159,501,16660,310
2020-09-20,Sutter,101,95872,1658,1624,1,1625,10
2020-09-20,Tehama,103,63373,534,509,2,511,2
2020-09-20,Trinity,105,12862,53,15,8,23,0
2020-09-20,Tulare,107,460477,16078,15528,111,15639,260
2020-09-20,Tuolumne,109,53932,232,221,5,226,1
2020-09-20,Ventura,111,848112,13063,12406,150,12556,133
2020-09-20,Yolo,113,214977,2796,2745,7,2752,54
2020-09-20,Yuba,115,75493,1062,1029,5,1034,1
2020-09-19,Alameda,001,1643700,21072,20349,167,20516,343
2020-09-19,Alpine,003,1148,2,2,0,2,0
2020-09-19,Amador,005,37829,290,285,0,285,16
2020-09-19,Butte,007,227075,2875,2748,27,2775,38
2020-09-19,Calaveras,009,45235,304,256,0,256,10
2020-09-19,Colusa,011,21464,526,507,0,507,6
2020-09-19,Contra Costa,013,1133247,16652,15783,79,15862,186
2020-09-19,Del Norte,015,27424,133,132,0,132,2
2020-09-19,El Dorado,017,186661,1137,1068,6,1074,4
2020-09-19,Fresno,019,978130,30183,27668,367,28035,362
2020-09-19,Glenn,021,27897,569,547,0,547,3
2020-09-19,Humboldt,023,135768,493,471,1,472,5
2020-09-19,Imperial,025,180216,11703,10496,7,10503,284
2020-09-19,Inyo,027,18085,187,177,4,181,12
2020-09-19,Kern,029,883053,31639,30886,304,31190,379
2020-09-19,Kings,031,150075,7591,7130,40,7170,76
2020-09-19,Lake,033,64148,546,465,0,465,8
2020-09-19,Lassen,035,31185,745,731,2,733,0
2020-09-19,Los Angeles,037,10098052,262732,259801,1713,261514,6325
2020-09-19,Madera,039,155013,4470,4237,30,4267,47
2020-09-19,Marin,041,260295,6643,6513,15,6528,81
2020-09-19,Mariposa,043,17540,75,74,0,74,2
2020-09-19,Mendocino,045,87422,829,750,0,750,18
2020-09-19,Merced,047,269075,8792,8717,15,8732,128
2020-09-19,Modoc,049,8938,27,22,0,22,0
2020-09-19,Mono,051,14174,167,147,2,149,1
2020-09-19,Monterey,053,433212,9583,9237,25,9262,65
2020-09-19,Napa,055,140530,1685,1614,8,1622,11
2020-09-19,Nevada,057,99092,531,505,18,523,6
2020-09-19,Orange,059,3164182,53756,50999,1424,52423,1105
2020-09-19,Placer,061,380077,3578,3412,13,3425,40
2020-09-19,Plumas,063,18699,49,47,0,47,0
2020-09-19,Riverside,065,2383286,57890,56562,148,56710,1147
2020-09-19,Sacramento,067,1510023,21954,21297,24,21321,396
2020-09-19,San Benito,069,59416,1315,1276,0,1276,9
2020-09-19,San Bernardino,071,2135413,53037,51353,339,51692,971
2020-09-19,San Diego,073,3302833,46139,44295,831,45126,773
2020-09-19,San Francisco,075,870044,11029,10741,28,10769,95
2020-09-19,San Joaquin,077,732212,19968,19580,48,19628,424
2020-09-19,San Luis Obispo,079,281455,3631,3369,22,3391,27
2020-09-19,San Mateo,081,765935,9911,9158,11,9169,127
2020-09-19,Santa Barbara,083,443738,9019,8862,75,8937,106
2020-09-19,Santa Clara,085,1922200,21540,20170,41,20211,251
2020-09-19,Santa Cruz,087,273765,2348,2198,26,2224,8
2020-09-19,Shasta,089,179085,876,687,3,690,14
2020-09-19,Sierra,091,2930,6,6,0,6,0
2020-09-19,Siskiyou,093,43540,155,146,10,156,0
2020-09-19,Solano,095,438530,6181,5998,41,6039,46
2020-09-19,Sonoma,097,501317,7255,6905,20,6925,117
2020-09-19,Stanislaus,099,539301,16380,16109,494,16603,313
2020-09-19,Sutter,101,95872,1657,1602,1,1603,10
2020-09-19,Tehama,103,63373,529,498,2,500,2
2020-09-19,Trinity,105,12862,53,15,8,23,0
2020-09-19,Tulare,107,460477,16029,15485,108,15593,260
2020-09-19,Tuolumne,109,53932,232,217,5,222,1
2020-09-19,Ventura,111,848112,13031,12328,150,12478,133
2020-09-19,Yolo,113,214977,2788,2739,7,2746,54
2020-09-19,Yuba,115,75493,1055,1023,5,1028,1
2020-09-18,Alameda,001,1643700,21007,20222,161,20383,341
2020-09-18,Alpine,003,1148,2,2,0,2,0
2020-09-18,Amador,005,37829,290,285,0,285,16
2020-09-18,Butte,007,227075,2873,2738,27,2765,37
2020-09-18,Calaveras,009,45235,304,255,0,255,9
2020-09-18,Colusa,011,21464,526,504,0,504,6
2020-09-18,Contra Costa,013,1133247,16567,15667,79,15746,185
2020-09-18,Del Norte,015,27424,133,131,0,131,2
2020-09-18,El Dorado,017,186661,1124,1063,6,1069,4
2020-09-18,Fresno,019,978130,30118,27560,367,27927,359
2020-09-18,Glenn,021,27897,566,541,0,541,3
2020-09-18,Humboldt,023,135768,490,470,1,471,5
2020-09-18,Imperial,025,180216,11688,10460,7,10467,283
2020-09-18,Inyo,027,18085,187,177,4,181,12
2020-09-18,Kern,029,883053,31581,30742,301,31043,373
2020-09-18,Kings,031,150075,7581,7062,40,7102,74
2020-09-18,Lake,033,64148,540,458,0,458,8
2020-09-18,Lassen,035,31185,744,731,2,733,0
2020-09-18,Los Angeles,037,10098052,261971,258488,1695,260183,6324
2020-09-18,Madera,039,155013,4458,4211,30,4241,45
2020-09-18,Marin,041,260295,6628,6475,15,6490,81
2020-09-18,Mariposa,043,17540,75,74,0,74,2
2020-09-18,Mendocino,045,87422,821,739,0,739,18
2020-09-18,Merced,047,269075,8780,8691,14,8705,127
2020-09-18,Modoc,049,8938,27,22,0,22,0
2020-09-18,Mono,051,14174,165,147,2,149,1
2020-09-18,Monterey,053,433212,9542,9183,25,9208,64
2020-09-18,Napa,055,140530,1679,1604,8,1612,11
2020-09-18,Nevada,057,99092,528,504,18,522,6
2020-09-18,Orange,059,3164182,53609,50733,1412,52145,1107
2020-09-18,Placer,061,380077,3567,3389,13,3402,40
2020-09-18,Plumas,063,18699,49,45,0,45,0
2020-09-18,Riverside,065,2383286,57768,56248,143,56391,1143
2020-09-18,Sacramento,067,1510023,21871,21105,24,21129,391
2020-09-18,San Benito,069,59416,1307,1257,0,1257,8
2020-09-18,San Bernardino,071,2135413,52892,51106,336,51442,970
2020-09-18,San Diego,073,3302833,45889,44009,826,44835,757
2020-09-18,San Francisco,075,870044,10991,10644,27,10671,95
2020-09-18,San Joaquin,077,732212,19924,19531,47,19578,423
2020-09-18,San Luis Obispo,079,281455,3607,3328,22,3350,27
2020-09-18,San Mateo,081,765935,9871,9062,11,9073,127
2020-09-18,Santa Barbara,083,443738,8998,8824,75,8899,107
2020-09-18,Santa Clara,085,1922200,21442,20058,41,20099,252
2020-09-18,Santa Cruz,087,273765,2327,2180,25,2205,8
2020-09-18,Shasta,089,179085,841,668,3,671,14
2020-09-18,Sierra,091,2930,6,6,0,6,0
2020-09-18,Siskiyou,093,43540,154,146,10,156,0
2020-09-18,Solano,095,438530,6165,5961,41,6002,46
2020-09-18,Sonoma,097,501317,7207,6856,20,6876,114
2020-09-18,Stanislaus,099,539301,16352,16042,488,16530,277
2020-09-18,Sutter,101,95872,1650,1586,1,1587,10
2020-09-18,Tehama,103,63373,529,490,2,492,2
2020-09-18,Trinity,105,12862,53,15,7,22,0
2020-09-18,Tulare,107,460477,15996,15435,104,15539,259
2020-09-18,Tuolumne,109,53932,231,216,5,221,1
2020-09-18,Ventura,111,848112,12970,12236,146,12382,133
2020-09-18,Yolo,113,214977,2782,2732,7,2739,54
2020-09-18,Yuba,115,75493,1051,1020,5,1025,1
2020-09-17,Alameda,001,1643700,20908,20146,161,20307,339
2020-09-17,Alpine,003,1148,2,2,0,2,0
2020-09-17,Amador,005,37829,288,284,0,284,16
2020-09-17,Butte,007,227075,2855,2720,27,2747,38
2020-09-17,Calaveras,009,45235,304,254,0,254,9
2020-09-17,Colusa,011,21464,524,499,0,499,6
2020-09-17,Contra Costa,013,1133247,16479,15576,79,15655,184
2020-09-17,Del Norte,015,27424,133,131,0,131,2
2020-09-17,El Dorado,017,186661,1115,1057,6,1063,4
2020-09-17,Fresno,019,978130,30009,27487,362,27849,355
2020-09-17,Glenn,021,27897,565,541,0,541,3
2020-09-17,Humboldt,023,135768,484,466,1,467,5
2020-09-17,Imperial,025,180216,11671,10436,7,10443,281
2020-09-17,Inyo,027,18085,187,176,4,180,12
2020-09-17,Kern,029,883053,31520,30627,294,30921,372
2020-09-17,Kings,031,150075,7510,7015,40,7055,72
2020-09-17,Lake,033,64148,530,433,0,433,8
2020-09-17,Lassen,035,31185,742,731,2,733,0
2020-09-17,Los Angeles,037,10098052,261029,257246,1680,258926,6318
2020-09-17,Madera,039,155013,4424,4152,30,4182,45
2020-09-17,Marin,041,260295,6607,6457,15,6472,81
2020-09-17,Mariposa,043,17540,75,74,0,74,2
2020-09-17,Mendocino,045,87422,810,737,0,737,18
2020-09-17,Merced,047,269075,8761,8671,14,8685,119
2020-09-17,Modoc,049,8938,27,22,0,22,0
2020-09-17,Mono,051,14174,165,147,2,149,1
2020-09-17,Monterey,053,433212,9480,9113,25,9138,62
2020-09-17,Napa,055,140530,1668,1592,8,1600,11
2020-09-17,Nevada,057,99092,526,494,18,512,6
2020-09-17,Orange,059,3164182,53428,50537,1400,51937,1098
2020-09-17,Placer,061,380077,3546,3368,13,3381,40
2020-09-17,Plumas,063,18699,49,45,0,45,0
2020-09-17,Riverside,065,2383286,57542,56007,142,56149,1134
2020-09-17,Sacramento,067,1510023,21636,20895,24,20919,385
2020-09-17,San Benito,069,59416,1304,1252,0,1252,8
2020-09-17,San Bernardino,071,2135413,52690,50770,336,51106,904
2020-09-17,San Diego,073,3302833,45609,43621,814,44435,754
2020-09-17,San Francisco,075,870044,10897,10564,27,10591,95
2020-09-17,San Joaquin,077,732212,19865,19439,47,19486,416
2020-09-17,San Luis Obispo,079,281455,3577,3299,22,3321,27
2020-09-17,San Mateo,081,765935,9829,8984,11,8995,127
2020-09-17,Santa Barbara,083,443738,8974,8779,75,8854,107
2020-09-17,Santa Clara,085,1922200,21325,19825,41,19866,254
2020-09-17,Santa Cruz,087,273765,2311,2155,25,2180,7
2020-09-17,Shasta,089,179085,802,660,3,663,12
2020-09-17,Sierra,091,2930,6,6,0,6,0
2020-09-17,Siskiyou,093,43540,154,146,10,156,0
2020-09-17,Solano,095,438530,6142,5915,41,5956,44
2020-09-17,Sonoma,097,501317,7143,6754,20,6774,114
2020-09-17,Stanislaus,099,539301,16319,15984,484,16468,277
2020-09-17,Sutter,101,95872,1645,1572,1,1573,10
2020-09-17,Tehama,103,63373,515,487,2,489,2
2020-09-17,Trinity,105,12862,53,15,7,22,0
2020-09-17,Tulare,107,460477,15943,15344,102,15446,258
2020-09-17,Tuolumne,109,53932,230,214,5,219,1
2020-09-17,Ventura,111,848112,12883,12167,142,12309,130
2020-09-17,Yolo,113,214977,2773,2724,7,2731,53
2020-09-17,Yuba,115,75493,1047,1015,5,1020,1
2020-09-16,Alameda,001,1643700,20810,20009,159,20168,333
2020-09-16,Alpine,003,1148,2,2,0,2,0
2020-09-16,Amador,005,37829,288,284,0,284,16
2020-09-16,Butte,007,227075,2845,2704,26,2730,38
2020-09-16,Calaveras,009,45235,304,254,0,254,9
2020-09-16,Colusa,011,21464,522,497,0,497,6
2020-09-16,Contra Costa,013,1133247,16393,15473,79,15552,183
2020-09-16,Del Norte,015,27424,133,131,0,131,2
2020-09-16,El Dorado,017,186661,1107,1049,6,1055,4
2020-09-16,Fresno,019,978130,29902,27381,360,27741,343
2020-09-16,Glenn,021,27897,563,539,0,539,3
2020-09-16,Humboldt,023,135768,483,455,1,456,4
2020-09-16,Imperial,025,180216,11648,10401,7,10408,277
2020-09-16,Inyo,027,18085,186,176,4,180,12
2020-09-16,Kern,029,883053,31460,30570,293,30863,371
2020-09-16,Kings,031,150075,7485,7002,37,7039,71
2020-09-16,Lake,033,64148,519,417,0,417,6
2020-09-16,Lassen,035,31185,741,730,2,732,0
2020-09-16,Los Angeles,037,10098052,260049,256101,1663,257764,6299
2020-09-16,Madera,039,155013,4401,4138,30,4168,45
2020-09-16,Marin,041,260295,6579,6430,15,6445,77
2020-09-16,Mariposa,043,17540,75,74,0,74,2
2020-09-16,Mendocino,045,87422,801,727,0,727,18
2020-09-16,Merced,047,269075,8740,8646,14,8660,118
2020-09-16,Modoc,049,8938,27,22,0,22,0
2020-09-16,Mono,051,14174,165,147,2,149,1
2020-09-16,Monterey,053,433212,9426,8997,25,9022,62
2020-09-16,Napa,055,140530,1654,1587,8,1595,11
2020-09-16,Nevada,057,99092,521,495,17,512,6
2020-09-16,Orange,059,3164182,53227,50414,1391,51805,1096
2020-09-16,Placer,061,380077,3528,3351,13,3364,39
2020-09-16,Plumas,063,18699,49,45,0,45,0
2020-09-16,Riverside,065,2383286,57348,55811,134,55945,1127
2020-09-16,Sacramento,067,1510023,21541,20610,24,20634,377
2020-09-16,San Benito,069,59416,1296,1244,0,1244,8
2020-09-16,San Bernardino,071,2135413,52465,50509,335,50844,907
2020-09-16,San Diego,073,3302833,45317,43447,793,44240,748
2020-09-16,San Francisco,075,870044,10850,10502,27,10529,90
2020-09-16,San Joaquin,077,732212,19811,19377,46,19423,409
2020-09-16,San Luis Obispo,079,281455,3546,3285,22,3307,28
2020-09-16,San Mateo,081,765935,9764,8944,11,8955,127
2020-09-16,Santa Barbara,083,443738,8941,8764,75,8839,107
2020-09-16,Santa Clara,085,1922200,21206,19684,41,19725,253
2020-09-16,Santa Cruz,087,273765,2270,2089,24,2113,7
2020-09-16,Shasta,089,179085,776,635,3,638,11
2020-09-16,Sierra,091,2930,6,6,0,6,0
2020-09-16,Siskiyou,093,43540,153,145,10,155,0
2020-09-16,Solano,095,438530,6112,5899,41,5940,44
2020-09-16,Sonoma,097,501317,7082,6731,20,6751,104
2020-09-16,Stanislaus,099,539301,16271,15897,476,16373,263
2020-09-16,Sutter,101,95872,1632,1567,1,1568,10
2020-09-16,Tehama,103,63373,507,485,2,487,2
2020-09-16,Trinity,105,12862,53,15,7,22,0
2020-09-16,Tulare,107,460477,15898,15314,95,15409,258
2020-09-16,Tuolumne,109,53932,229,210,5,215,1
2020-09-16,Ventura,111,848112,12812,12073,140,12213,130
2020-09-16,Yolo,113,214977,2766,2709,7,2716,53
2020-09-16,Yuba,115,75493,1045,1000,5,1005,1
2020-09-15,Alameda,001,1643700,20703,19931,156,20087,327
2020-09-15,Alpine,003,1148,2,2,0,2,0
2020-09-15,Amador,005,37829,287,282,0,282,16
2020-09-15,Butte,007,227075,2832,2695,24,2719,38
2020-09-15,Calaveras,009,45235,304,248,0,248,5
2020-09-15,Colusa,011,21464,516,497,0,497,6
2020-09-15,Contra Costa,013,1133247,16292,15423,78,15501,180
2020-09-15,Del Norte,015,27424,133,129,0,129,2
2020-09-15,El Dorado,017,186661,1102,1046,6,1052,4
2020-09-15,Fresno,019,978130,29795,27312,355,27667,343
2020-09-15,Glenn,021,27897,562,531,0,531,3
2020-09-15,Humboldt,023,135768,481,456,1,457,4
2020-09-15,Imperial,025,180216,11623,10376,7,10383,277
2020-09-15,Inyo,027,18085,186,176,4,180,12
2020-09-15,Kern,029,883053,31347,30429,290,30719,368
2020-09-15,Kings,031,150075,7327,6977,37,7014,70
2020-09-15,Lake,033,64148,505,416,0,416,4
2020-09-15,Lassen,035,31185,737,719,2,721,0
2020-09-15,Los Angeles,037,10098052,258939,255048,1641,256689,6269
2020-09-15,Madera,039,155013,4382,4122,30,4152,45
2020-09-15,Marin,041,260295,6548,6423,15,6438,77
2020-09-15,Mariposa,043,17540,75,74,0,74,2
2020-09-15,Mendocino,045,87422,783,724,0,724,18
2020-09-15,Merced,047,269075,8710,8633,14,8647,114
2020-09-15,Modoc,049,8938,26,21,0,21,0
2020-09-15,Mono,051,14174,165,147,2,149,1
2020-09-15,Monterey,053,433212,9377,8943,25,8968,62
2020-09-15,Napa,055,140530,1640,1580,8,1588,11
2020-09-15,Nevada,057,99092,516,494,17,511,6
2020-09-15,Orange,059,3164182,53045,50294,1376,51670,1088
2020-09-15,Placer,061,380077,3504,3331,13,3344,38
2020-09-15,Plumas,063,18699,49,44,0,44,0
2020-09-15,Riverside,065,2383286,57054,55569,124,55693,1118
2020-09-15,Sacramento,067,1510023,21398,20487,24,20511,372
2020-09-15,San Benito,069,59416,1289,1237,0,1237,7
2020-09-15,San Bernardino,071,2135413,52249,50333,334,50667,904
2020-09-15,San Diego,073,3302833,44998,43183,773,43956,742
2020-09-15,San Francisco,075,870044,10792,10414,27,10441,90
2020-09-15,San Joaquin,077,732212,19759,19313,46,19359,401
2020-09-15,San Luis Obispo,079,281455,3526,3262,22,3284,28
2020-09-15,San Mateo,081,765935,9694,8895,11,8906,127
2020-09-15,Santa Barbara,083,443738,8916,8724,74,8798,104
2020-09-15,Santa Clara,085,1922200,21072,19610,41,19651,252
2020-09-15,Santa Cruz,087,273765,2244,2079,23,2102,7
2020-09-15,Shasta,089,179085,764,627,3,630,11
2020-09-15,Sierra,091,2930,6,6,0,6,0
2020-09-15,Siskiyou,093,43540,153,143,10,153,0
2020-09-15,Solano,095,438530,6078,5878,41,5919,45
2020-09-15,Sonoma,097,501317,7043,6701,20,6721,104
2020-09-15,Stanislaus,099,539301,16223,15880,474,16354,260
2020-09-15,Sutter,101,95872,1621,1556,1,1557,10
2020-09-15,Tehama,103,63373,495,484,2,486,2
2020-09-15,Trinity,105,12862,53,15,7,22,0
2020-09-15,Tulare,107,460477,15822,15203,93,15296,254
2020-09-15,Tuolumne,109,53932,229,209,5,214,1
2020-09-15,Ventura,111,848112,12759,11932,139,12071,128
2020-09-15,Yolo,113,214977,2762,2708,7,2715,53
2020-09-15,Yuba,115,75493,1039,991,4,995,1
2020-09-14,Alameda,001,1643700,20576,19851,155,20006,306
2020-09-14,Alpine,003,1148,2,2,0,2,0
2020-09-14,Amador,005,37829,285,281,0,281,16
2020-09-14,Butte,007,227075,2815,2642,24,2666,37
2020-09-14,Calaveras,009,45235,304,244,0,244,3
2020-09-14,Colusa,011,21464,515,486,0,486,6
2020-09-14,Contra Costa,013,1133247,16168,15354,77,15431,174
2020-09-14,Del Norte,015,27424,130,116,0,116,2
2020-09-14,El Dorado,017,186661,1098,1039,6,1045,3
2020-09-14,Fresno,019,978130,29710,27232,352,27584,344
2020-09-14,Glenn,021,27897,554,521,0,521,3
2020-09-14,Humboldt,023,135768,478,437,1,438,4
2020-09-14,Imperial,025,180216,11603,10340,7,10347,273
2020-09-14,Inyo,027,18085,186,176,4,180,12
2020-09-14,Kern,029,883053,31259,30344,289,30633,368
2020-09-14,Kings,031,150075,7246,6950,37,6987,70
2020-09-14,Lake,033,64148,485,407,0,407,4
2020-09-14,Lassen,035,31185,737,719,2,721,0
2020-09-14,Los Angeles,037,10098052,257910,254622,1616,256238,6226
2020-09-14,Madera,039,155013,4368,4104,30,4134,45
2020-09-14,Marin,041,260295,6527,6409,15,6424,70
2020-09-14,Mariposa,043,17540,75,74,0,74,2
2020-09-14,Mendocino,045,87422,766,710,0,710,17
2020-09-14,Merced,047,269075,8691,8593,14,8607,112
2020-09-14,Modoc,049,8938,26,21,0,21,0
2020-09-14,Mono,051,14174,165,147,2,149,1
2020-09-14,Monterey,053,433212,9306,8845,24,8869,61
2020-09-14,Napa,055,140530,1623,1576,8,1584,11
2020-09-14,Nevada,057,99092,511,489,17,506,6
2020-09-14,Orange,059,3164182,52884,50149,1360,51509,1079
2020-09-14,Placer,061,380077,3483,3302,13,3315,38
2020-09-14,Plumas,063,18699,48,42,0,42,0
2020-09-14,Riverside,065,2383286,56835,55488,119,55607,1113
2020-09-14,Sacramento,067,1510023,21203,20377,23,20400,367
2020-09-14,San Benito,069,59416,1274,1233,0,1233,7
2020-09-14,San Bernardino,071,2135413,52024,50163,333,50496,895
2020-09-14,San Diego,073,3302833,44687,42889,753,43642,734
2020-09-14,San Francisco,075,870044,10725,10255,25,10280,90
2020-09-14,San Joaquin,077,732212,19685,19111,45,19156,397
2020-09-14,San Luis Obispo,079,281455,3501,3248,22,3270,25
2020-09-14,San Mateo,081,765935,9633,8847,11,8858,127
2020-09-14,Santa Barbara,083,443738,8890,8692,74,8766,104
2020-09-14,Santa Clara,085,1922200,20884,19545,41,19586,247
2020-09-14,Santa Cruz,087,273765,2223,2016,22,2038,7
2020-09-14,Shasta,089,179085,741,584,3,587,10
2020-09-14,Sierra,091,2930,6,6,0,6,0
2020-09-14,Siskiyou,093,43540,152,143,10,153,0
2020-09-14,Solano,095,438530,6043,5834,41,5875,44
2020-09-14,Sonoma,097,501317,6981,6630,20,6650,102
2020-09-14,Stanislaus,099,539301,16178,15812,471,16283,253
2020-09-14,Sutter,101,95872,1610,1549,1,1550,10
2020-09-14,Tehama,103,63373,493,475,2,477,1
2020-09-14,Trinity,105,12862,52,14,7,21,0
2020-09-14,Tulare,107,460477,15752,15096,87,15183,254
2020-09-14,Tuolumne,109,53932,228,208,5,213,1
2020-09-14,Ventura,111,848112,12657,11903,136,12039,125
2020-09-14,Yolo,113,214977,2751,2687,7,2694,53
2020-09-14,Yuba,115,75493,1031,977,4,981,1
2020-09-13,Alameda,001,1643700,20470,19815,152,19967,306
2020-09-13,Alpine,003,1148,2,2,0,2,0
2020-09-13,Amador,005,37829,282,279,0,279,16
2020-09-13,Butte,007,227075,2793,2640,24,2664,37
2020-09-13,Calaveras,009,45235,303,246,0,246,3
2020-09-13,Colusa,011,21464,511,486,0,486,6
2020-09-13,Contra Costa,013,1133247,16062,15284,77,15361,172
2020-09-13,Del Norte,015,27424,127,116,0,116,1
2020-09-13,El Dorado,017,186661,1093,1035,6,1041,2
2020-09-13,Fresno,019,978130,29602,27196,343,27539,345
2020-09-13,Glenn,021,27897,550,517,0,517,3
2020-09-13,Humboldt,023,135768,478,434,1,435,4
2020-09-13,Imperial,025,180216,11566,10304,6,10310,273
2020-09-13,Inyo,027,18085,186,176,4,180,12
2020-09-13,Kern,029,883053,31166,30277,282,30559,368
2020-09-13,Kings,031,150075,7227,6937,37,6974,70
2020-09-13,Lake,033,64148,466,397,0,397,4
2020-09-13,Lassen,035,31185,734,719,2,721,0
2020-09-13,Los Angeles,037,10098052,256759,253950,1600,255550,6203
2020-09-13,Madera,039,155013,4311,4090,30,4120,45
2020-09-13,Marin,041,260295,6506,6395,15,6410,70
2020-09-13,Mariposa,043,17540,75,74,0,74,2
2020-09-13,Mendocino,045,87422,759,707,0,707,17
2020-09-13,Merced,047,269075,8657,8575,14,8589,112
2020-09-13,Modoc,049,8938,26,21,0,21,0
2020-09-13,Mono,051,14174,165,147,2,149,1
2020-09-13,Monterey,053,433212,9224,8826,23,8849,61
2020-09-13,Napa,055,140530,1616,1563,8,1571,11
2020-09-13,Nevada,057,99092,503,486,17,503,6
2020-09-13,Orange,059,3164182,52668,50061,1353,51414,1075
2020-09-13,Placer,061,380077,3453,3291,13,3304,38
2020-09-13,Plumas,063,18699,48,42,0,42,0
2020-09-13,Riverside,065,2383286,56628,55235,108,55343,1108
2020-09-13,Sacramento,067,1510023,20857,20279,23,20302,367
2020-09-13,San Benito,069,59416,1266,1217,0,1217,7
2020-09-13,San Bernardino,071,2135413,51738,49968,331,50299,895
2020-09-13,San Diego,073,3302833,44361,42681,719,43400,734
2020-09-13,San Francisco,075,870044,10647,10254,25,10279,90
2020-09-13,San Joaquin,077,732212,19614,19110,44,19154,396
2020-09-13,San Luis Obispo,079,281455,3464,3240,22,3262,24
2020-09-13,San Mateo,081,765935,9572,8811,11,8822,127
2020-09-13,Santa Barbara,083,443738,8853,8690,74,8764,104
2020-09-13,Santa Clara,085,1922200,20745,19456,40,19496,245
2020-09-13,Santa Cruz,087,273765,2190,2016,20,2036,7
2020-09-13,Shasta,089,179085,729,583,3,586,10
2020-09-13,Sierra,091,2930,6,6,0,6,0
2020-09-13,Siskiyou,093,43540,152,143,9,152,0
2020-09-13,Solano,095,438530,5997,5810,41,5851,43
2020-09-13,Sonoma,097,501317,6916,6592,20,6612,95
2020-09-13,Stanislaus,099,539301,16115,15759,459,16218,253
2020-09-13,Sutter,101,95872,1598,1539,1,1540,10
2020-09-13,Tehama,103,63373,489,476,2,478,1
2020-09-13,Trinity,105,12862,52,14,7,21,0
2020-09-13,Tulare,107,460477,15681,15098,86,15184,254
2020-09-13,Tuolumne,109,53932,224,208,5,213,1
2020-09-13,Ventura,111,848112,12549,11855,135,11990,123
2020-09-13,Yolo,113,214977,2739,2675,7,2682,53
2020-09-13,Yuba,115,75493,1026,967,4,971,1
2020-09-12,Alameda,001,1643700,20411,19758,152,19910,307
2020-09-12,Alpine,003,1148,2,2,0,2,0
2020-09-12,Amador,005,37829,281,278,0,278,16
2020-09-12,Butte,007,227075,2786,2629,23,2652,37
2020-09-12,Calaveras,009,45235,301,246,0,246,3
2020-09-12,Colusa,011,21464,507,486,0,486,6
2020-09-12,Contra Costa,013,1133247,15985,15135,76,15211,174
2020-09-12,Del Norte,015,27424,126,116,0,116,1
2020-09-12,El Dorado,017,186661,1086,1034,6,1040,2
2020-09-12,Fresno,019,978130,29531,27076,343,27419,345
2020-09-12,Glenn,021,27897,549,517,0,517,3
2020-09-12,Humboldt,023,135768,477,430,1,431,4
2020-09-12,Imperial,025,180216,11554,10305,6,10311,273
2020-09-12,Inyo,027,18085,186,177,4,181,12
2020-09-12,Kern,029,883053,31100,30202,282,30484,368
2020-09-12,Kings,031,150075,7217,6895,37,6932,70
2020-09-12,Lake,033,64148,460,393,0,393,4
2020-09-12,Lassen,035,31185,734,719,2,721,0
2020-09-12,Los Angeles,037,10098052,256200,253156,1579,254735,6193
2020-09-12,Madera,039,155013,4300,4058,30,4088,43
2020-09-12,Marin,041,260295,6497,6393,15,6408,69
2020-09-12,Mariposa,043,17540,75,72,0,72,2
2020-09-12,Mendocino,045,87422,756,700,0,700,17
2020-09-12,Merced,047,269075,8648,8533,14,8547,112
2020-09-12,Modoc,049,8938,25,21,0,21,0
2020-09-12,Mono,051,14174,165,147,2,149,1
2020-09-12,Monterey,053,433212,9188,8743,23,8766,61
2020-09-12,Napa,055,140530,1613,1556,8,1564,11
2020-09-12,Nevada,057,99092,502,482,17,499,6
2020-09-12,Orange,059,3164182,52553,49895,1350,51245,1078
2020-09-12,Placer,061,380077,3436,3280,13,3293,38
2020-09-12,Plumas,063,18699,48,42,0,42,0
2020-09-12,Riverside,065,2383286,56499,55058,104,55162,1108
2020-09-12,Sacramento,067,1510023,20788,20184,23,20207,367
2020-09-12,San Benito,069,59416,1263,1208,0,1208,7
2020-09-12,San Bernardino,071,2135413,51647,49945,329,50274,896
2020-09-12,San Diego,073,3302833,44166,42416,710,43126,747
2020-09-12,San Francisco,075,870044,10602,10257,25,10282,90
2020-09-12,San Joaquin,077,732212,19586,19108,44,19152,396
2020-09-12,San Luis Obispo,079,281455,3437,3220,22,3242,24
2020-09-12,San Mateo,081,765935,9527,8759,11,8770,127
2020-09-12,Santa Barbara,083,443738,8839,8642,74,8716,104
2020-09-12,Santa Clara,085,1922200,20661,19330,40,19370,237
2020-09-12,Santa Cruz,087,273765,2178,2016,20,2036,7
2020-09-12,Shasta,089,179085,717,569,3,572,10
2020-09-12,Sierra,091,2930,6,6,0,6,0
2020-09-12,Siskiyou,093,43540,152,141,9,150,0
2020-09-12,Solano,095,438530,5973,5772,41,5813,43
2020-09-12,Sonoma,097,501317,6891,6531,20,6551,95
2020-09-12,Stanislaus,099,539301,16083,15675,456,16131,253
2020-09-12,Sutter,101,95872,1592,1529,1,1530,10
2020-09-12,Tehama,103,63373,486,471,2,473,1
2020-09-12,Trinity,105,12862,52,15,7,22,0
2020-09-12,Tulare,107,460477,15635,15018,85,15103,254
2020-09-12,Tuolumne,109,53932,224,208,5,213,1
2020-09-12,Ventura,111,848112,12498,11759,133,11892,123
2020-09-12,Yolo,113,214977,2732,2646,7,2653,53
2020-09-12,Yuba,115,75493,1022,963,4,967,1
2020-09-11,Alameda,001,1643700,20356,19625,151,19776,298
2020-09-11,Alpine,003,1148,2,2,0,2,0
2020-09-11,Amador,005,37829,281,277,0,277,16
2020-09-11,Butte,007,227075,2775,2605,23,2628,37
2020-09-11,Calaveras,009,45235,300,242,0,242,1
2020-09-11,Colusa,011,21464,506,484,0,484,6
2020-09-11,Contra Costa,013,1133247,15933,15001,73,15074,173
2020-09-11,Del Norte,015,27424,126,115,0,115,1
2020-09-11,El Dorado,017,186661,1083,1024,6,1030,2
2020-09-11,Fresno,019,978130,29452,26917,342,27259,344
2020-09-11,Glenn,021,27897,544,515,0,515,3
2020-09-11,Humboldt,023,135768,475,426,1,427,4
2020-09-11,Imperial,025,180216,11536,10286,6,10292,273
2020-09-11,Inyo,027,18085,186,176,4,180,12
2020-09-11,Kern,029,883053,31032,30059,281,30340,365
2020-09-11,Kings,031,150075,7200,6770,37,6807,70
2020-09-11,Lake,033,64148,453,382,0,382,4
2020-09-11,Lassen,035,31185,734,719,2,721,0
2020-09-11,Los Angeles,037,10098052,255519,252057,1568,253625,6172
2020-09-11,Madera,039,155013,4281,4018,30,4048,43
2020-09-11,Marin,041,260295,6494,6364,15,6379,69
2020-09-11,Mariposa,043,17540,75,72,0,72,2
2020-09-11,Mendocino,045,87422,745,700,0,700,17
2020-09-11,Merced,047,269075,8627,8489,14,8503,109
2020-09-11,Modoc,049,8938,25,21,0,21,0
2020-09-11,Mono,051,14174,165,145,2,147,1
2020-09-11,Monterey,053,433212,9140,8595,23,8618,61
2020-09-11,Napa,055,140530,1602,1543,8,1551,11
2020-09-11,Nevada,057,99092,495,483,17,500,6
2020-09-11,Orange,059,3164182,52424,49755,1338,51093,1068
2020-09-11,Placer,061,380077,3421,3254,13,3267,37
2020-09-11,Plumas,063,18699,48,42,0,42,0
2020-09-11,Riverside,065,2383286,56364,54717,101,54818,1099
2020-09-11,Sacramento,067,1510023,20703,20012,23,20035,358
2020-09-11,San Benito,069,59416,1253,1202,0,1202,7
2020-09-11,San Bernardino,071,2135413,51548,49682,329,50011,871
2020-09-11,San Diego,073,3302833,43946,41971,704,42675,730
2020-09-11,San Francisco,075,870044,10554,10133,24,10157,89
2020-09-11,San Joaquin,077,732212,19538,19019,44,19063,391
2020-09-11,San Luis Obispo,079,281455,3419,3190,22,3212,24
2020-09-11,San Mateo,081,765935,9485,8611,11,8622,127
2020-09-11,Santa Barbara,083,443738,8806,8592,73,8665,103
2020-09-11,Santa Clara,085,1922200,20572,19065,40,19105,234
2020-09-11,Santa Cruz,087,273765,2161,1997,20,2017,7
2020-09-11,Shasta,089,179085,707,568,3,571,10
2020-09-11,Sierra,091,2930,6,6,0,6,0
2020-09-11,Siskiyou,093,43540,151,139,9,148,0
2020-09-11,Solano,095,438530,5956,5742,41,5783,42
2020-09-11,Sonoma,097,501317,6846,6469,20,6489,91
2020-09-11,Stanislaus,099,539301,16045,15613,453,16066,253
2020-09-11,Sutter,101,95872,1582,1505,1,1506,11
2020-09-11,Tehama,103,63373,483,466,2,468,1
2020-09-11,Trinity,105,12862,52,16,7,23,0
2020-09-11,Tulare,107,460477,15604,14932,83,15015,251
2020-09-11,Tuolumne,109,53932,224,208,5,213,1
2020-09-11,Ventura,111,848112,12444,11700,131,11831,123
2020-09-11,Yolo,113,214977,2721,2632,7,2639,53
2020-09-11,Yuba,115,75493,1014,946,4,950,1
2020-09-10,Alameda,001,1643700,20282,19509,151,19660,292
2020-09-10,Alpine,003,1148,2,2,0,2,0
2020-09-10,Amador,005,37829,280,277,0,277,16
2020-09-10,Butte,007,227075,2758,2590,23,2613,37
2020-09-10,Calaveras,009,45235,300,244,0,244,1
2020-09-10,Colusa,011,21464,504,482,0,482,6
2020-09-10,Contra Costa,013,1133247,15863,14909,73,14982,172
2020-09-10,Del Norte,015,27424,125,112,0,112,1
2020-09-10,El Dorado,017,186661,1080,1020,6,1026,2
2020-09-10,Fresno,019,978130,29330,26783,342,27125,338
2020-09-10,Glenn,021,27897,534,511,0,511,3
2020-09-10,Humboldt,023,135768,464,422,1,423,4
2020-09-10,Imperial,025,180216,11520,10251,6,10257,270
2020-09-10,Inyo,027,18085,185,176,4,180,11
2020-09-10,Kern,029,883053,30950,29988,277,30265,363
2020-09-10,Kings,031,150075,7170,6739,37,6776,70
2020-09-10,Lake,033,64148,446,377,0,377,4
2020-09-10,Lassen,035,31185,733,716,2,718,0
2020-09-10,Los Angeles,037,10098052,254540,251003,1547,252550,6132
2020-09-10,Madera,039,155013,4263,3979,30,4009,43
2020-09-10,Marin,041,260295,6482,6344,15,6359,68
2020-09-10,Mariposa,043,17540,75,72,0,72,2
2020-09-10,Mendocino,045,87422,735,697,0,697,16
2020-09-10,Merced,047,269075,8581,8461,14,8475,109
2020-09-10,Modoc,049,8938,25,21,0,21,0
2020-09-10,Mono,051,14174,165,145,2,147,1
2020-09-10,Monterey,053,433212,9070,8570,23,8593,59
2020-09-10,Napa,055,140530,1596,1536,8,1544,11
2020-09-10,Nevada,057,99092,491,478,17,495,6
2020-09-10,Orange,059,3164182,52261,49617,1332,50949,1057
2020-09-10,Placer,061,380077,3401,3233,13,3246,37
2020-09-10,Plumas,063,18699,48,42,0,42,0
2020-09-10,Riverside,065,2383286,56045,54417,98,54515,1091
2020-09-10,Sacramento,067,1510023,20581,19618,22,19640,354
2020-09-10,San Benito,069,59416,1247,1201,0,1201,5
2020-09-10,San Bernardino,071,2135413,51360,49467,327,49794,867
2020-09-10,San Diego,073,3302833,43680,41610,677,42287,725
2020-09-10,San Francisco,075,870044,10477,10082,24,10106,89
2020-09-10,San Joaquin,077,732212,19485,18854,44,18898,389
2020-09-10,San Luis Obispo,079,281455,3405,3161,21,3182,24
2020-09-10,San Mateo,081,765935,9439,8529,11,8540,125
2020-09-10,Santa Barbara,083,443738,8761,8552,73,8625,100
2020-09-10,Santa Clara,085,1922200,20458,18870,40,18910,231
2020-09-10,Santa Cruz,087,273765,2146,1986,18,2004,7
2020-09-10,Shasta,089,179085,696,566,3,569,10
2020-09-10,Sierra,091,2930,6,6,0,6,0
2020-09-10,Siskiyou,093,43540,151,137,9,146,0
2020-09-10,Solano,095,438530,5916,5696,41,5737,42
2020-09-10,Sonoma,097,501317,6797,6424,20,6444,91
2020-09-10,Stanislaus,099,539301,15991,15509,448,15957,243
2020-09-10,Sutter,101,95872,1571,1494,1,1495,11
2020-09-10,Tehama,103,63373,476,466,2,468,1
2020-09-10,Trinity,105,12862,52,15,7,22,0
2020-09-10,Tulare,107,460477,15549,14860,80,14940,250
2020-09-10,Tuolumne,109,53932,223,205,5,210,1
2020-09-10,Ventura,111,848112,12350,11600,124,11724,122
2020-09-10,Yolo,113,214977,2716,2612,7,2619,53
2020-09-10,Yuba,115,75493,1008,941,4,945,1
2020-09-09,Alameda,001,1643700,20203,19399,150,19549,289
2020-09-09,Alpine,003,1148,2,2,0,2,0
2020-09-09,Amador,005,37829,279,276,0,276,16
2020-09-09,Butte,007,227075,2741,2561,23,2584,37
2020-09-09,Calaveras,009,45235,300,242,0,242,1
2020-09-09,Colusa,011,21464,499,479,0,479,6
2020-09-09,Contra Costa,013,1133247,15777,14816,73,14889,171
2020-09-09,Del Norte,015,27424,121,109,0,109,1
2020-09-09,El Dorado,017,186661,1077,1020,6,1026,2
2020-09-09,Fresno,019,978130,29227,26724,337,27061,329
2020-09-09,Glenn,021,27897,531,508,0,508,3
2020-09-09,Humboldt,023,135768,462,420,1,421,4
2020-09-09,Imperial,025,180216,11499,10233,6,10239,268
2020-09-09,Inyo,027,18085,184,173,4,177,2
2020-09-09,Kern,029,883053,30852,29925,274,30199,355
2020-09-09,Kings,031,150075,7152,6721,37,6758,72
2020-09-09,Lake,033,64148,438,371,0,371,4
2020-09-09,Lassen,035,31185,732,714,2,716,0
2020-09-09,Los Angeles,037,10098052,253665,249876,1529,251405,6091
2020-09-09,Madera,039,155013,4237,3926,30,3956,43
2020-09-09,Marin,041,260295,6463,6321,15,6336,68
2020-09-09,Mariposa,043,17540,74,72,0,72,2
2020-09-09,Mendocino,045,87422,727,695,0,695,16
2020-09-09,Merced,047,269075,8555,8441,14,8455,107
2020-09-09,Modoc,049,8938,24,20,0,20,0
2020-09-09,Mono,051,14174,165,145,2,147,1
2020-09-09,Monterey,053,433212,8998,8527,23,8550,59
2020-09-09,Napa,055,140530,1586,1531,8,1539,11
2020-09-09,Nevada,057,99092,487,476,17,493,6
2020-09-09,Orange,059,3164182,52082,49394,1324,50718,1054
2020-09-09,Placer,061,380077,3381,3222,13,3235,36
2020-09-09,Plumas,063,18699,46,42,0,42,0
2020-09-09,Riverside,065,2383286,55815,54320,95,54415,1081
2020-09-09,Sacramento,067,1510023,20475,19474,21,19495,347
2020-09-09,San Benito,069,59416,1243,1199,0,1199,5
2020-09-09,San Bernardino,071,2135413,51162,49264,326,49590,866
2020-09-09,San Diego,073,3302833,43391,41326,665,41991,721
2020-09-09,San Francisco,075,870044,10427,9996,23,10019,86
2020-09-09,San Joaquin,077,732212,19421,18799,43,18842,388
2020-09-09,San Luis Obispo,079,281455,3387,3131,21,3152,24
2020-09-09,San Mateo,081,765935,9378,8478,11,8489,125
2020-09-09,Santa Barbara,083,443738,8718,8528,73,8601,97
2020-09-09,Santa Clara,085,1922200,20326,18759,40,18799,228
2020-09-09,Santa Cruz,087,273765,2123,1967,18,1985,7
2020-09-09,Shasta,089,179085,684,562,3,565,10
2020-09-09,Sierra,091,2930,6,6,0,6,0
2020-09-09,Siskiyou,093,43540,149,137,9,146,0
2020-09-09,Solano,095,438530,5884,5680,41,5721,36
2020-09-09,Sonoma,097,501317,6731,6397,20,6417,92
2020-09-09,Stanislaus,099,539301,15952,15469,437,15906,243
2020-09-09,Sutter,101,95872,1563,1487,1,1488,11
2020-09-09,Tehama,103,63373,473,462,2,464,1
2020-09-09,Trinity,105,12862,52,14,7,21,0
2020-09-09,Tulare,107,460477,15500,14787,75,14862,249
2020-09-09,Tuolumne,109,53932,222,204,4,208,1
2020-09-09,Ventura,111,848112,12259,11497,121,11618,121
2020-09-09,Yolo,113,214977,2705,2604,7,2611,53
2020-09-09,Yuba,115,75493,1003,936,4,940,1
2020-09-08,Alameda,001,1643700,20095,19293,150,19443,288
2020-09-08,Alpine,003,1148,2,2,0,2,0
2020-09-08,Amador,005,37829,279,276,0,276,16
2020-09-08,Butte,007,227075,2723,2453,23,2476,36
2020-09-08,Calaveras,009,45235,298,233,0,233,1
2020-09-08,Colusa,011,21464,497,475,0,475,6
2020-09-08,Contra Costa,013,1133247,15649,14740,70,14810,171
2020-09-08,Del Norte,015,27424,121,109,0,109,2
2020-09-08,El Dorado,017,186661,1074,1011,5,1016,2
2020-09-08,Fresno,019,978130,29107,26640,333,26973,329
2020-09-08,Glenn,021,27897,527,492,0,492,3
2020-09-08,Humboldt,023,135768,460,420,1,421,4
2020-09-08,Imperial,025,180216,11483,10198,6,10204,267
2020-09-08,Inyo,027,18085,184,169,4,173,2
2020-09-08,Kern,029,883053,30766,29850,272,30122,351
2020-09-08,Kings,031,150075,7114,6658,37,6695,72
2020-09-08,Lake,033,64148,428,370,0,370,4
2020-09-08,Lassen,035,31185,732,710,2,712,0
2020-09-08,Los Angeles,037,10098052,252735,249217,1501,250718,6034
2020-09-08,Madera,039,155013,4213,3904,30,3934,43
2020-09-08,Marin,041,260295,6432,6313,15,6328,68
2020-09-08,Mariposa,043,17540,74,72,0,72,2
2020-09-08,Mendocino,045,87422,720,690,0,690,16
2020-09-08,Merced,047,269075,8532,8381,14,8395,104
2020-09-08,Modoc,049,8938,24,20,0,20,0
2020-09-08,Mono,051,14174,165,145,2,147,1
2020-09-08,Monterey,053,433212,8913,8491,23,8514,59
2020-09-08,Napa,055,140530,1582,1518,8,1526,11
2020-09-08,Nevada,057,99092,487,470,17,487,6
2020-09-08,Orange,059,3164182,51940,49214,1320,50534,1044
2020-09-08,Placer,061,380077,3367,3205,13,3218,36
2020-09-08,Plumas,063,18699,46,42,0,42,0
2020-09-08,Riverside,065,2383286,55601,54168,92,54260,1069
2020-09-08,Sacramento,067,1510023,20240,19411,20,19431,347
2020-09-08,San Benito,069,59416,1236,1188,0,1188,5
2020-09-08,San Bernardino,071,2135413,50974,49034,324,49358,856
2020-09-08,San Diego,073,3302833,43075,41079,653,41732,709
2020-09-08,San Francisco,075,870044,10354,9821,23,9844,86
2020-09-08,San Joaquin,077,732212,19343,18550,43,18593,388
2020-09-08,San Luis Obispo,079,281455,3372,3120,21,3141,23
2020-09-08,San Mateo,081,765935,9302,8460,11,8471,125
2020-09-08,Santa Barbara,083,443738,8684,8488,72,8560,96
2020-09-08,Santa Clara,085,1922200,20150,18645,40,18685,228
2020-09-08,Santa Cruz,087,273765,2095,1903,18,1921,7
2020-09-08,Shasta,089,179085,676,556,3,559,10
2020-09-08,Sierra,091,2930,6,6,0,6,0
2020-09-08,Siskiyou,093,43540,147,136,9,145,0
2020-09-08,Solano,095,438530,5847,5654,41,5695,36
2020-09-08,Sonoma,097,501317,6662,6356,20,6376,92
2020-09-08,Stanislaus,099,539301,15888,15415,425,15840,238
2020-09-08,Sutter,101,95872,1547,1473,1,1474,11
2020-09-08,Tehama,103,63373,469,458,2,460,1
2020-09-08,Trinity,105,12862,51,13,7,20,0
2020-09-08,Tulare,107,460477,15420,14635,74,14709,249
2020-09-08,Tuolumne,109,53932,221,197,4,201,1
2020-09-08,Ventura,111,848112,12190,11475,118,11593,118
2020-09-08,Yolo,113,214977,2695,2580,7,2587,53
2020-09-08,Yuba,115,75493,991,923,4,927,1
2020-09-07,Alameda,001,1643700,19973,19188,144,19332,281
2020-09-07,Alpine,003,1148,2,2,0,2,0
2020-09-07,Amador,005,37829,279,276,0,276,16
2020-09-07,Butte,007,227075,2690,2450,22,2472,30
2020-09-07,Calaveras,009,45235,288,234,0,234,1
2020-09-07,Colusa,011,21464,496,475,0,475,6
2020-09-07,Contra Costa,013,1133247,15536,14637,67,14704,172
2020-09-07,Del Norte,015,27424,121,109,0,109,2
2020-09-07,El Dorado,017,186661,1063,1011,5,1016,2
2020-09-07,Fresno,019,978130,29013,26565,330,26895,329
2020-09-07,Glenn,021,27897,522,488,0,488,3
2020-09-07,Humboldt,023,135768,451,416,1,417,4
2020-09-07,Imperial,025,180216,11452,10199,6,10205,267
2020-09-07,Inyo,027,18085,184,169,4,173,2
2020-09-07,Kern,029,883053,30645,29790,267,30057,348
2020-09-07,Kings,031,150075,6989,6630,37,6667,72
2020-09-07,Lake,033,64148,405,367,0,367,2
2020-09-07,Lassen,035,31185,732,709,2,711,0
2020-09-07,Los Angeles,037,10098052,251689,248804,1479,250283,6030
2020-09-07,Madera,039,155013,4182,3889,29,3918,43
2020-09-07,Marin,041,260295,6402,6296,15,6311,67
2020-09-07,Mariposa,043,17540,74,72,0,72,2
2020-09-07,Mendocino,045,87422,712,687,0,687,16
2020-09-07,Merced,047,269075,8485,8381,14,8395,104
2020-09-07,Modoc,049,8938,23,20,0,20,0
2020-09-07,Mono,051,14174,165,145,2,147,1
2020-09-07,Monterey,053,433212,8834,8463,23,8486,57
2020-09-07,Napa,055,140530,1570,1514,8,1522,11
2020-09-07,Nevada,057,99092,485,469,17,486,6
2020-09-07,Orange,059,3164182,51766,49132,1316,50448,1042
2020-09-07,Placer,061,380077,3337,3188,12,3200,36
2020-09-07,Plumas,063,18699,45,42,0,42,0
2020-09-07,Riverside,065,2383286,55326,54178,86,54264,1069
2020-09-07,Sacramento,067,1510023,19997,19292,19,19311,345
2020-09-07,San Benito,069,59416,1230,1180,0,1180,4
2020-09-07,San Bernardino,071,2135413,50746,49043,322,49365,821
2020-09-07,San Diego,073,3302833,42675,40868,626,41494,708
2020-09-07,San Francisco,075,870044,10303,9813,22,9835,85
2020-09-07,San Joaquin,077,732212,19262,18552,41,18593,386
2020-09-07,San Luis Obispo,079,281455,3335,3116,21,3137,23
2020-09-07,San Mateo,081,765935,9220,8409,11,8420,125
2020-09-07,Santa Barbara,083,443738,8640,8479,72,8551,95
2020-09-07,Santa Clara,085,1922200,19992,18596,39,18635,226
2020-09-07,Santa Cruz,087,273765,2067,1902,18,1920,7
2020-09-07,Shasta,089,179085,666,556,3,559,10
2020-09-07,Sierra,091,2930,6,6,0,6,0
2020-09-07,Siskiyou,093,43540,146,133,9,142,0
2020-09-07,Solano,095,438530,5782,5640,41,5681,36
2020-09-07,Sonoma,097,501317,6596,6268,20,6288,85
2020-09-07,Stanislaus,099,539301,15823,15343,413,15756,236
2020-09-07,Sutter,101,95872,1530,1468,1,1469,11
2020-09-07,Tehama,103,63373,466,453,2,455,1
2020-09-07,Trinity,105,12862,51,13,7,20,0
2020-09-07,Tulare,107,460477,15315,14637,72,14709,249
2020-09-07,Tuolumne,109,53932,220,196,4,200,1
2020-09-07,Ventura,111,848112,12095,11463,115,11578,118
2020-09-07,Yolo,113,214977,2678,2565,6,2571,53
2020-09-07,Yuba,115,75493,975,923,3,926,1
2020-09-06,Alameda,001,1643700,19915,19029,142,19171,281
2020-09-06,Alpine,003,1148,2,2,0,2,0
2020-09-06,Amador,005,37829,277,275,0,275,16
2020-09-06,Butte,007,227075,2681,2446,22,2468,30
2020-09-06,Calaveras,009,45235,288,235,0,235,1
2020-09-06,Colusa,011,21464,492,475,0,475,6
2020-09-06,Contra Costa,013,1133247,15456,14565,66,14631,171
2020-09-06,Del Norte,015,27424,121,109,0,109,2
2020-09-06,El Dorado,017,186661,1061,1008,5,1013,2
2020-09-06,Fresno,019,978130,28949,26471,328,26799,329
2020-09-06,Glenn,021,27897,516,474,0,474,3
2020-09-06,Humboldt,023,135768,448,404,1,405,4
2020-09-06,Imperial,025,180216,11435,10152,6,10158,267
2020-09-06,Inyo,027,18085,184,169,4,173,2
2020-09-06,Kern,029,883053,30589,29699,263,29962,348
2020-09-06,Kings,031,150075,6969,6561,36,6597,72
2020-09-06,Lake,033,64148,402,362,0,362,2
2020-09-06,Lassen,035,31185,732,709,2,711,0
2020-09-06,Los Angeles,037,10098052,251057,248316,1465,249781,6004
2020-09-06,Madera,039,155013,4138,3867,29,3896,42
2020-09-06,Marin,041,260295,6390,6276,15,6291,67
2020-09-06,Mariposa,043,17540,74,72,0,72,2
2020-09-06,Mendocino,045,87422,711,672,0,672,16
2020-09-06,Merced,047,269075,8465,8327,14,8341,104
2020-09-06,Modoc,049,8938,23,20,0,20,0
2020-09-06,Mono,051,14174,164,145,2,147,1
2020-09-06,Monterey,053,433212,8794,8403,22,8425,56
2020-09-06,Napa,055,140530,1566,1501,6,1507,11
2020-09-06,Nevada,057,99092,485,467,16,483,6
2020-09-06,Orange,059,3164182,51653,48931,1312,50243,1042
2020-09-06,Placer,061,380077,3320,3169,12,3181,36
2020-09-06,Plumas,063,18699,44,42,0,42,0
2020-09-06,Riverside,065,2383286,55210,53970,84,54054,1069
2020-09-06,Sacramento,067,1510023,19902,19128,19,19147,340
2020-09-06,San Benito,069,59416,1228,1178,0,1178,4
2020-09-06,San Bernardino,071,2135413,50638,48923,322,49245,823
2020-09-06,San Diego,073,3302833,42427,40652,620,41272,707
2020-09-06,San Francisco,075,870044,10229,9813,22,9835,85
2020-09-06,San Joaquin,077,732212,19213,18558,41,18599,386
2020-09-06,San Luis Obispo,079,281455,3324,3101,21,3122,23
2020-09-06,San Mateo,081,765935,9167,8387,11,8398,125
2020-09-06,Santa Barbara,083,443738,8611,8434,72,8506,95
2020-09-06,Santa Clara,085,1922200,19891,18495,39,18534,207
2020-09-06,Santa Cruz,087,273765,2060,1902,18,1920,7
2020-09-06,Shasta,089,179085,660,550,3,553,10
2020-09-06,Sierra,091,2930,6,6,0,6,0
2020-09-06,Siskiyou,093,43540,146,132,9,141,0
2020-09-06,Solano,095,438530,5756,5619,41,5660,37
2020-09-06,Sonoma,097,501317,6567,6212,20,6232,85
2020-09-06,Stanislaus,099,539301,15779,15288,409,15697,236
2020-09-06,Sutter,101,95872,1517,1451,1,1452,11
2020-09-06,Tehama,103,63373,465,455,2,457,1
2020-09-06,Trinity,105,12862,50,13,7,20,0
2020-09-06,Tulare,107,460477,15272,14636,71,14707,249
2020-09-06,Tuolumne,109,53932,217,194,4,198,1
2020-09-06,Ventura,111,848112,12050,11315,115,11430,118
2020-09-06,Yolo,113,214977,2664,2556,6,2562,53
2020-09-06,Yuba,115,75493,966,913,3,916,1
2020-09-05,Alameda,001,1643700,19870,18973,140,19113,279
2020-09-05,Alpine,003,1148,2,2,0,2,0
2020-09-05,Amador,005,37829,277,274,0,274,16
2020-09-05,Butte,007,227075,2665,2406,21,2427,30
2020-09-05,Calaveras,009,45235,288,237,0,237,1
2020-09-05,Colusa,011,21464,488,472,0,472,6
2020-09-05,Contra Costa,013,1133247,15379,14456,64,14520,173
2020-09-05,Del Norte,015,27424,121,109,0,109,2
2020-09-05,El Dorado,017,186661,1061,1007,5,1012,2
2020-09-05,Fresno,019,978130,28881,26325,328,26653,331
2020-09-05,Glenn,021,27897,515,474,0,474,3
2020-09-05,Humboldt,023,135768,446,402,1,403,4
2020-09-05,Imperial,025,180216,11418,10151,6,10157,268
2020-09-05,Inyo,027,18085,184,169,4,173,2
2020-09-05,Kern,029,883053,30529,29645,259,29904,347
2020-09-05,Kings,031,150075,6960,6518,36,6554,66
2020-09-05,Lake,033,64148,399,359,0,359,2
2020-09-05,Lassen,035,31185,732,709,2,711,0
2020-09-05,Los Angeles,037,10098052,250522,247572,1453,249025,6001
2020-09-05,Madera,039,155013,4097,3851,29,3880,42
2020-09-05,Marin,041,260295,6383,6259,15,6274,66
2020-09-05,Mariposa,043,17540,74,72,0,72,2
2020-09-05,Mendocino,045,87422,710,658,0,658,16
2020-09-05,Merced,047,269075,8433,8297,12,8309,104
2020-09-05,Modoc,049,8938,23,19,0,19,0
2020-09-05,Mono,051,14174,164,145,2,147,1
2020-09-05,Monterey,053,433212,8764,8301,22,8323,56
2020-09-05,Napa,055,140530,1560,1484,6,1490,11
2020-09-05,Nevada,057,99092,482,461,16,477,6
2020-09-05,Orange,059,3164182,51551,48726,1307,50033,1039
2020-09-05,Placer,061,380077,3309,3141,12,3153,35
2020-09-05,Plumas,063,18699,44,42,0,42,0
2020-09-05,Riverside,065,2383286,55104,53780,84,53864,1066
2020-09-05,Sacramento,067,1510023,19811,18955,19,18974,339
2020-09-05,San Benito,069,59416,1226,1153,0,1153,4
2020-09-05,San Bernardino,071,2135413,50562,48800,321,49121,825
2020-09-05,San Diego,073,3302833,42234,40344,608,40952,717
2020-09-05,San Francisco,075,870044,10196,9812,21,9833,85
2020-09-05,San Joaquin,077,732212,19184,18557,41,18598,386
2020-09-05,San Luis Obispo,079,281455,3314,3083,21,3104,23
2020-09-05,San Mateo,081,765935,9122,8352,11,8363,124
2020-09-05,Santa Barbara,083,443738,8595,8404,72,8476,96
2020-09-05,Santa Clara,085,1922200,19808,18311,39,18350,207
2020-09-05,Santa Cruz,087,273765,2052,1904,18,1922,7
2020-09-05,Shasta,089,179085,659,544,3,547,10
2020-09-05,Sierra,091,2930,6,6,0,6,0
2020-09-05,Siskiyou,093,43540,145,131,9,140,0
2020-09-05,Solano,095,438530,5744,5579,41,5620,37
2020-09-05,Sonoma,097,501317,6534,6149,20,6169,85
2020-09-05,Stanislaus,099,539301,15731,15198,405,15603,236
2020-09-05,Sutter,101,95872,1510,1445,1,1446,11
2020-09-05,Tehama,103,63373,464,447,2,449,1
2020-09-05,Trinity,105,12862,50,13,7,20,0
2020-09-05,Tulare,107,460477,15214,14576,69,14645,249
2020-09-05,Tuolumne,109,53932,217,194,4,198,1
2020-09-05,Ventura,111,848112,12007,11254,115,11369,118
2020-09-05,Yolo,113,214977,2654,2534,6,2540,53
2020-09-05,Yuba,115,75493,960,902,3,905,1
2020-09-04,Alameda,001,1643700,19802,18843,138,18981,276
2020-09-04,Alpine,003,1148,2,2,0,2,0
2020-09-04,Amador,005,37829,276,274,0,274,16
2020-09-04,Butte,007,227075,2642,2325,21,2346,28
2020-09-04,Calaveras,009,45235,286,237,0,237,1
2020-09-04,Colusa,011,21464,486,467,0,467,6
2020-09-04,Contra Costa,013,1133247,15299,14355,63,14418,164
2020-09-04,Del Norte,015,27424,121,109,0,109,2
2020-09-04,El Dorado,017,186661,1057,992,5,997,2
2020-09-04,Fresno,019,978130,28776,26147,327,26474,321
2020-09-04,Glenn,021,27897,507,463,0,463,3
2020-09-04,Humboldt,023,135768,441,390,1,391,4
2020-09-04,Imperial,025,180216,11409,10136,6,10142,267
2020-09-04,Inyo,027,18085,184,169,4,173,2
2020-09-04,Kern,029,883053,30461,29526,256,29782,345
2020-09-04,Kings,031,150075,6947,6259,36,6295,66
2020-09-04,Lake,033,64148,399,347,0,347,2
2020-09-04,Lassen,035,31185,732,708,2,710,0
2020-09-04,Los Angeles,037,10098052,249955,246396,1433,247829,5977
2020-09-04,Madera,039,155013,4084,3838,29,3867,42
2020-09-04,Marin,041,260295,6371,6251,15,6266,66
2020-09-04,Mariposa,043,17540,74,72,0,72,2
2020-09-04,Mendocino,045,87422,708,646,0,646,16
2020-09-04,Merced,047,269075,8413,8214,12,8226,104
2020-09-04,Modoc,049,8938,23,15,0,15,0
2020-09-04,Mono,051,14174,164,145,2,147,1
2020-09-04,Monterey,053,433212,8719,8208,22,8230,56
2020-09-04,Napa,055,140530,1551,1475,6,1481,11
2020-09-04,Nevada,057,99092,479,455,16,471,6
2020-09-04,Orange,059,3164182,51427,48488,1300,49788,1031
2020-09-04,Placer,061,380077,3297,3101,12,3113,35
2020-09-04,Plumas,063,18699,44,42,0,42,0
2020-09-04,Riverside,065,2383286,54991,53606,79,53685,1066
2020-09-04,Sacramento,067,1510023,19723,18765,19,18784,337
2020-09-04,San Benito,069,59416,1217,1137,0,1137,4
2020-09-04,San Bernardino,071,2135413,50469,48497,319,48816,800
2020-09-04,San Diego,073,3302833,42004,39901,599,40500,701
2020-09-04,San Francisco,075,870044,10156,9694,20,9714,85
2020-09-04,San Joaquin,077,732212,19130,18438,41,18479,376
2020-09-04,San Luis Obispo,079,281455,3299,3049,20,3069,21
2020-09-04,San Mateo,081,765935,9078,8275,11,8286,122
2020-09-04,Santa Barbara,083,443738,8565,8340,72,8412,96
2020-09-04,Santa Clara,085,1922200,19700,18074,39,18113,209
2020-09-04,Santa Cruz,087,273765,2035,1896,17,1913,7
2020-09-04,Shasta,089,179085,656,536,3,539,10
2020-09-04,Sierra,091,2930,6,6,0,6,0
2020-09-04,Siskiyou,093,43540,145,129,9,138,0
2020-09-04,Solano,095,438530,5731,5552,41,5593,37
2020-09-04,Sonoma,097,501317,6469,6050,20,6070,85
2020-09-04,Stanislaus,099,539301,15697,15074,396,15470,233
2020-09-04,Sutter,101,95872,1494,1425,1,1426,11
2020-09-04,Tehama,103,63373,460,442,2,444,1
2020-09-04,Trinity,105,12862,50,13,7,20,0
2020-09-04,Tulare,107,460477,15186,14501,65,14566,247
2020-09-04,Tuolumne,109,53932,217,193,4,197,1
2020-09-04,Ventura,111,848112,11965,11171,115,11286,114
2020-09-04,Yolo,113,214977,2640,2495,6,2501,53
2020-09-04,Yuba,115,75493,955,884,3,887,1
2020-09-03,Alameda,001,1643700,19699,18687,138,18825,275
2020-09-03,Alpine,003,1148,2,2,0,2,0
2020-09-03,Amador,005,37829,276,274,0,274,16
2020-09-03,Butte,007,227075,2597,2274,21,2295,27
2020-09-03,Calaveras,009,45235,285,238,0,238,1
2020-09-03,Colusa,011,21464,484,464,0,464,6
2020-09-03,Contra Costa,013,1133247,15192,14206,60,14266,159
2020-09-03,Del Norte,015,27424,118,109,0,109,2
2020-09-03,El Dorado,017,186661,1053,983,5,988,2
2020-09-03,Fresno,019,978130,28657,25978,322,26300,313
2020-09-03,Glenn,021,27897,503,460,0,460,3
2020-09-03,Humboldt,023,135768,436,390,1,391,4
2020-09-03,Imperial,025,180216,11388,10083,6,10089,255
2020-09-03,Inyo,027,18085,182,171,4,175,3
2020-09-03,Kern,029,883053,30369,29426,242,29668,340
2020-09-03,Kings,031,150075,6867,6200,36,6236,64
2020-09-03,Lake,033,64148,390,347,0,347,2
2020-09-03,Lassen,035,31185,732,707,2,709,0
2020-09-03,Los Angeles,037,10098052,249092,245026,1413,246439,5931
2020-09-03,Madera,039,155013,4065,3780,29,3809,43
2020-09-03,Marin,041,260295,6352,6175,15,6190,66
2020-09-03,Mariposa,043,17540,74,71,0,71,2
2020-09-03,Mendocino,045,87422,699,638,0,638,16
2020-09-03,Merced,047,269075,8371,8136,12,8148,105
2020-09-03,Modoc,049,8938,23,14,0,14,0
2020-09-03,Mono,051,14174,163,144,2,146,1
2020-09-03,Monterey,053,433212,8665,8128,22,8150,56
2020-09-03,Napa,055,140530,1544,1466,6,1472,10
2020-09-03,Nevada,057,99092,476,453,16,469,6
2020-09-03,Orange,059,3164182,51241,48226,1285,49511,1009
2020-09-03,Placer,061,380077,3279,3069,12,3081,34
2020-09-03,Plumas,063,18699,44,39,0,39,0
2020-09-03,Riverside,065,2383286,54811,53341,75,53416,1052
2020-09-03,Sacramento,067,1510023,19595,18553,18,18571,328
2020-09-03,San Benito,069,59416,1206,1121,0,1121,4
2020-09-03,San Bernardino,071,2135413,50303,48165,318,48483,800
2020-09-03,San Diego,073,3302833,41690,39448,583,40031,700
2020-09-03,San Francisco,075,870044,10090,9636,18,9654,84
2020-09-03,San Joaquin,077,732212,19053,18331,41,18372,371
2020-09-03,San Luis Obispo,079,281455,3282,3023,20,3043,21
2020-09-03,San Mateo,081,765935,9004,8211,11,8222,122
2020-09-03,Santa Barbara,083,443738,8517,8277,72,8349,96
2020-09-03,Santa Clara,085,1922200,19519,17879,39,17918,208
2020-09-03,Santa Cruz,087,273765,2020,1870,17,1887,7
2020-09-03,Shasta,089,179085,651,535,3,538,10
2020-09-03,Sierra,091,2930,6,6,0,6,0
2020-09-03,Siskiyou,093,43540,145,128,9,137,0
2020-09-03,Solano,095,438530,5711,5499,40,5539,36
2020-09-03,Sonoma,097,501317,6408,5997,20,6017,62
2020-09-03,Stanislaus,099,539301,15645,14985,392,15377,217
2020-09-03,Sutter,101,95872,1484,1412,1,1413,11
2020-09-03,Tehama,103,63373,456,436,2,438,1
2020-09-03,Trinity,105,12862,48,13,7,20,0
2020-09-03,Tulare,107,460477,15120,14408,64,14472,244
2020-09-03,Tuolumne,109,53932,217,193,4,197,1
2020-09-03,Ventura,111,848112,11847,11109,112,11221,112
2020-09-03,Yolo,113,214977,2624,2475,6,2481,53
2020-09-03,Yuba,115,75493,948,867,3,870,1
2020-09-02,Alameda,001,1643700,19581,18522,135,18657,260
2020-09-02,Alpine,003,1148,2,2,0,2,0
2020-09-02,Amador,005,37829,276,245,0,245,14
2020-09-02,Butte,007,227075,2551,2241,21,2262,27
2020-09-02,Calaveras,009,45235,284,235,0,235,1
2020-09-02,Colusa,011,21464,480,460,0,460,6
2020-09-02,Contra Costa,013,1133247,15103,14097,58,14155,159
2020-09-02,Del Norte,015,27424,117,109,0,109,2
2020-09-02,El Dorado,017,186661,1049,975,4,979,2
2020-09-02,Fresno,019,978130,28509,25785,319,26104,292
2020-09-02,Glenn,021,27897,498,457,0,457,3
2020-09-02,Humboldt,023,135768,433,381,1,382,4
2020-09-02,Imperial,025,180216,11372,9832,6,9838,255
2020-09-02,Inyo,027,18085,182,171,4,175,3
2020-09-02,Kern,029,883053,30277,29288,236,29524,335
2020-09-02,Kings,031,150075,6782,6142,36,6178,64
2020-09-02,Lake,033,64148,386,342,0,342,2
2020-09-02,Lassen,035,31185,730,706,2,708,0
2020-09-02,Los Angeles,037,10098052,248161,243999,1385,245384,5887
2020-09-02,Madera,039,155013,4045,3735,29,3764,41
2020-09-02,Marin,041,260295,6337,6131,15,6146,66
2020-09-02,Mariposa,043,17540,74,71,0,71,2
2020-09-02,Mendocino,045,87422,689,636,0,636,15
2020-09-02,Merced,047,269075,8340,8097,11,8108,103
2020-09-02,Modoc,049,8938,22,11,0,11,0
2020-09-02,Mono,051,14174,163,145,2,147,1
2020-09-02,Monterey,053,433212,8601,8070,22,8092,56
2020-09-02,Napa,055,140530,1532,1454,6,1460,10
2020-09-02,Nevada,057,99092,470,452,15,467,6
2020-09-02,Orange,059,3164182,51060,47871,1275,49146,994
2020-09-02,Placer,061,380077,3254,3047,11,3058,33
2020-09-02,Plumas,063,18699,44,39,0,39,0
2020-09-02,Riverside,065,2383286,54609,52923,72,52995,1032
2020-09-02,Sacramento,067,1510023,19362,18355,17,18372,316
2020-09-02,San Benito,069,59416,1193,1107,0,1107,4
2020-09-02,San Bernardino,071,2135413,50139,47766,315,48081,794
2020-09-02,San Diego,073,3302833,41370,39123,569,39692,695
2020-09-02,San Francisco,075,870044,10021,9587,18,9605,84
2020-09-02,San Joaquin,077,732212,18973,18194,40,18234,352
2020-09-02,San Luis Obispo,079,281455,3256,3002,19,3021,21
2020-09-02,San Mateo,081,765935,8947,8148,11,8159,122
2020-09-02,Santa Barbara,083,443738,8462,8206,71,8277,94
2020-09-02,Santa Clara,085,1922200,19365,17673,39,17712,206
2020-09-02,Santa Cruz,087,273765,1997,1850,17,1867,7
2020-09-02,Shasta,089,179085,650,531,3,534,10
2020-09-02,Sierra,091,2930,6,6,0,6,0
2020-09-02,Siskiyou,093,43540,144,127,9,136,0
2020-09-02,Solano,095,438530,5683,5463,40,5503,36
2020-09-02,Sonoma,097,501317,6346,5846,20,5866,62
2020-09-02,Stanislaus,099,539301,15575,14854,385,15239,220
2020-09-02,Sutter,101,95872,1469,1401,1,1402,10
2020-09-02,Tehama,103,63373,453,429,2,431,1
2020-09-02,Trinity,105,12862,48,13,7,20,0
2020-09-02,Tulare,107,460477,15053,14298,63,14361,244
2020-09-02,Tuolumne,109,53932,217,190,4,194,1
2020-09-02,Ventura,111,848112,11760,11031,111,11142,111
2020-09-02,Yolo,113,214977,2603,2449,6,2455,54
2020-09-02,Yuba,115,75493,941,856,3,859,1
2020-09-01,Alameda,001,1643700,19442,18382,132,18514,248
2020-09-01,Alpine,003,1148,2,2,0,2,0
2020-09-01,Amador,005,37829,275,244,0,244,13
2020-09-01,Butte,007,227075,2494,2146,21,2167,26
2020-09-01,Calaveras,009,45235,276,228,0,228,1
2020-09-01,Colusa,011,21464,476,454,0,454,6
2020-09-01,Contra Costa,013,1133247,15009,13998,56,14054,158
2020-09-01,Del Norte,015,27424,116,108,0,108,2
2020-09-01,El Dorado,017,186661,1041,972,4,976,2
2020-09-01,Fresno,019,978130,28362,25542,316,25858,290
2020-09-01,Glenn,021,27897,491,449,0,449,3
2020-09-01,Humboldt,023,135768,427,378,1,379,4
2020-09-01,Imperial,025,180216,11346,9782,6,9788,250
2020-09-01,Inyo,027,18085,182,171,4,175,3
2020-09-01,Kern,029,883053,30186,29162,231,29393,332
2020-09-01,Kings,031,150075,6751,6088,36,6124,62
2020-09-01,Lake,033,64148,383,341,0,341,2
2020-09-01,Lassen,035,31185,727,706,2,708,0
2020-09-01,Los Angeles,037,10098052,247069,242633,1362,243995,5832
2020-09-01,Madera,039,155013,4016,3703,28,3731,41
2020-09-01,Marin,041,260295,6322,6102,15,6117,67
2020-09-01,Mariposa,043,17540,73,72,0,72,2
2020-09-01,Mendocino,045,87422,674,626,0,626,15
2020-09-01,Merced,047,269075,8287,8046,10,8056,103
2020-09-01,Modoc,049,8938,20,10,0,10,0
2020-09-01,Mono,051,14174,163,145,2,147,1
2020-09-01,Monterey,053,433212,8495,7926,22,7948,56
2020-09-01,Napa,055,140530,1517,1446,6,1452,10
2020-09-01,Nevada,057,99092,464,450,15,465,6
2020-09-01,Orange,059,3164182,50896,47671,1256,48927,976
2020-09-01,Placer,061,380077,3232,3013,11,3024,33
2020-09-01,Plumas,063,18699,44,39,0,39,0
2020-09-01,Riverside,065,2383286,54391,52785,71,52856,1027
2020-09-01,Sacramento,067,1510023,19179,18217,16,18233,305
2020-09-01,San Benito,069,59416,1181,1089,0,1089,4
2020-09-01,San Bernardino,071,2135413,49932,47371,314,47685,786
2020-09-01,San Diego,073,3302833,41012,38873,531,39404,688
2020-09-01,San Francisco,075,870044,9952,9492,18,9510,83
2020-09-01,San Joaquin,077,732212,18891,17915,39,17954,341
2020-09-01,San Luis Obispo,079,281455,3230,2970,19,2989,21
2020-09-01,San Mateo,081,765935,8867,8132,11,8143,122
2020-09-01,Santa Barbara,083,443738,8412,8142,70,8212,93
2020-09-01,Santa Clara,085,1922200,19186,17319,39,17358,204
2020-09-01,Santa Cruz,087,273765,1973,1752,17,1769,7
2020-09-01,Shasta,089,179085,642,527,3,530,9
2020-09-01,Sierra,091,2930,6,6,0,6,0
2020-09-01,Siskiyou,093,43540,141,128,8,136,0
2020-09-01,Solano,095,438530,5657,5438,40,5478,34
2020-09-01,Sonoma,097,501317,6256,5733,20,5753,60
2020-09-01,Stanislaus,099,539301,15499,14784,375,15159,212
2020-09-01,Sutter,101,95872,1458,1389,1,1390,10
2020-09-01,Tehama,103,63373,449,422,2,424,1
2020-09-01,Trinity,105,12862,47,13,6,19,0
2020-09-01,Tulare,107,460477,14970,14156,63,14219,241
2020-09-01,Tuolumne,109,53932,211,183,4,187,1
2020-09-01,Ventura,111,848112,11682,10899,106,11005,108
2020-09-01,Yolo,113,214977,2586,2440,6,2446,51
2020-09-01,Yuba,115,75493,932,841,3,844,1
2020-08-31,Alameda,001,1643700,19297,18148,132,18280,248
2020-08-31,Alpine,003,1148,2,2,0,2,0
2020-08-31,Amador,005,37829,275,243,0,243,13
2020-08-31,Butte,007,227075,2430,2069,21,2090,26
2020-08-31,Calaveras,009,45235,271,212,0,212,1
2020-08-31,Colusa,011,21464,475,443,0,443,6
2020-08-31,Contra Costa,013,1133247,14882,13902,53,13955,153
2020-08-31,Del Norte,015,27424,116,108,0,108,2
2020-08-31,El Dorado,017,186661,1034,965,4,969,2
2020-08-31,Fresno,019,978130,28141,25185,310,25495,290
2020-08-31,Glenn,021,27897,479,437,0,437,3
2020-08-31,Humboldt,023,135768,425,374,1,375,4
2020-08-31,Imperial,025,180216,11315,9759,6,9765,250
2020-08-31,Inyo,027,18085,181,160,4,164,3
2020-08-31,Kern,029,883053,30088,29067,230,29297,318
2020-08-31,Kings,031,150075,6483,6037,36,6073,62
2020-08-31,Lake,033,64148,367,341,0,341,2
2020-08-31,Lassen,035,31185,724,706,2,708,0
2020-08-31,Los Angeles,037,10098052,245965,241793,1335,243128,5787
2020-08-31,Madera,039,155013,3993,3662,27,3689,35
2020-08-31,Marin,041,260295,6286,6074,15,6089,67
2020-08-31,Mariposa,043,17540,73,69,0,69,2
2020-08-31,Mendocino,045,87422,662,618,0,618,15
2020-08-31,Merced,047,269075,8225,7991,10,8001,79
2020-08-31,Modoc,049,8938,18,10,0,10,0
2020-08-31,Mono,051,14174,163,145,2,147,1
2020-08-31,Monterey,053,433212,8388,7839,22,7861,56
2020-08-31,Napa,055,140530,1509,1434,6,1440,10
2020-08-31,Nevada,057,99092,462,447,15,462,6
2020-08-31,Orange,059,3164182,50697,47392,1228,48620,965
2020-08-31,Placer,061,380077,3183,2989,11,3000,33
2020-08-31,Plumas,063,18699,43,39,0,39,0
2020-08-31,Riverside,065,2383286,54169,52508,69,52577,1020
2020-08-31,Sacramento,067,1510023,18942,17999,16,18015,303
2020-08-31,San Benito,069,59416,1165,1080,0,1080,4
2020-08-31,San Bernardino,071,2135413,49720,47370,313,47683,755
2020-08-31,San Diego,073,3302833,40645,38606,498,39104,682
2020-08-31,San Francisco,075,870044,9873,9293,15,9308,83
2020-08-31,San Joaquin,077,732212,18804,17807,38,17845,338
2020-08-31,San Luis Obispo,079,281455,3207,2951,18,2969,21
2020-08-31,San Mateo,081,765935,8797,8065,11,8076,122
2020-08-31,Santa Barbara,083,443738,8366,8124,70,8194,94
2020-08-31,Santa Clara,085,1922200,18997,17211,39,17250,202
2020-08-31,Santa Cruz,087,273765,1948,1742,17,1759,7
2020-08-31,Shasta,089,179085,637,528,3,531,9
2020-08-31,Sierra,091,2930,6,6,0,6,0
2020-08-31,Siskiyou,093,43540,140,127,8,135,0
2020-08-31,Solano,095,438530,5625,5302,39,5341,34
2020-08-31,Sonoma,097,501317,6181,5650,20,5670,60
2020-08-31,Stanislaus,099,539301,15424,14685,366,15051,213
2020-08-31,Sutter,101,95872,1443,1365,1,1366,10
2020-08-31,Tehama,103,63373,446,421,2,423,1
2020-08-31,Trinity,105,12862,47,13,6,19,0
2020-08-31,Tulare,107,460477,14883,13985,61,14046,237
2020-08-31,Tuolumne,109,53932,211,178,4,182,1
2020-08-31,Ventura,111,848112,11594,10866,105,10971,108
2020-08-31,Yolo,113,214977,2568,2423,5,2428,51
2020-08-31,Yuba,115,75493,918,830,3,833,1
2020-08-30,Alameda,001,1643700,19172,18099,130,18229,248
2020-08-30,Alpine,003,1148,2,2,0,2,0
2020-08-30,Amador,005,37829,274,240,0,240,13
2020-08-30,Butte,007,227075,2349,1988,21,2009,26
2020-08-30,Calaveras,009,45235,262,211,0,211,1
2020-08-30,Colusa,011,21464,474,440,0,440,6
2020-08-30,Contra Costa,013,1133247,14745,13780,53,13833,150
2020-08-30,Del Norte,015,27424,115,108,0,108,2
2020-08-30,El Dorado,017,186661,1024,962,4,966,2
2020-08-30,Fresno,019,978130,28015,24963,309,25272,291
2020-08-30,Glenn,021,27897,472,437,0,437,3
2020-08-30,Humboldt,023,135768,414,362,1,363,4
2020-08-30,Imperial,025,180216,11297,9703,6,9709,250
2020-08-30,Inyo,027,18085,181,160,4,164,3
2020-08-30,Kern,029,883053,29995,28987,230,29217,317
2020-08-30,Kings,031,150075,6437,6000,36,6036,62
2020-08-30,Lake,033,64148,362,334,0,334,2
2020-08-30,Lassen,035,31185,722,706,2,708,0
2020-08-30,Los Angeles,037,10098052,244828,240775,1303,242078,5772
2020-08-30,Madera,039,155013,3964,3626,27,3653,33
2020-08-30,Marin,041,260295,6256,6060,15,6075,66
2020-08-30,Mariposa,043,17540,73,69,0,69,2
2020-08-30,Mendocino,045,87422,656,611,0,611,13
2020-08-30,Merced,047,269075,8150,7960,10,7970,79
2020-08-30,Modoc,049,8938,13,10,0,10,0
2020-08-30,Mono,051,14174,163,145,2,147,1
2020-08-30,Monterey,053,433212,8304,7816,22,7838,54
2020-08-30,Napa,055,140530,1497,1423,6,1429,10
2020-08-30,Nevada,057,99092,459,445,15,460,6
2020-08-30,Orange,059,3164182,50501,47283,1214,48497,965
2020-08-30,Placer,061,380077,3150,2961,11,2972,32
2020-08-30,Plumas,063,18699,42,39,0,39,0
2020-08-30,Riverside,065,2383286,53990,52227,67,52294,1017
2020-08-30,Sacramento,067,1510023,18764,17751,16,17767,300
2020-08-30,San Benito,069,59416,1155,1071,0,1071,4
2020-08-30,San Bernardino,071,2135413,49463,47201,313,47514,755
2020-08-30,San Diego,073,3302833,40247,38302,477,38779,682
2020-08-30,San Francisco,075,870044,9776,9294,12,9306,83
2020-08-30,San Joaquin,077,732212,18687,17637,37,17674,338
2020-08-30,San Luis Obispo,079,281455,3182,2934,18,2952,21
2020-08-30,San Mateo,081,765935,8720,8013,10,8023,122
2020-08-30,Santa Barbara,083,443738,8306,8088,70,8158,93
2020-08-30,Santa Clara,085,1922200,18821,17045,39,17084,202
2020-08-30,Santa Cruz,087,273765,1922,1743,17,1760,7
2020-08-30,Shasta,089,179085,634,525,3,528,9
2020-08-30,Sierra,091,2930,6,6,0,6,0
2020-08-30,Siskiyou,093,43540,138,125,8,133,0
2020-08-30,Solano,095,438530,5581,5303,39,5342,34
2020-08-30,Sonoma,097,501317,6121,5590,20,5610,60
2020-08-30,Stanislaus,099,539301,15352,14580,357,14937,209
2020-08-30,Sutter,101,95872,1421,1351,1,1352,10
2020-08-30,Tehama,103,63373,437,419,2,421,1
2020-08-30,Trinity,105,12862,47,13,6,19,0
2020-08-30,Tulare,107,460477,14788,13985,60,14045,236
2020-08-30,Tuolumne,109,53932,207,178,4,182,1
2020-08-30,Ventura,111,848112,11481,10775,100,10875,108
2020-08-30,Yolo,113,214977,2540,2391,4,2395,51
2020-08-30,Yuba,115,75493,904,832,3,835,1
2020-08-29,Alameda,001,1643700,19105,17888,130,18018,250
2020-08-29,Alpine,003,1148,2,2,0,2,0
2020-08-29,Amador,005,37829,274,239,0,239,13
2020-08-29,Butte,007,227075,2318,1948,21,1969,26
2020-08-29,Calaveras,009,45235,258,211,0,211,1
2020-08-29,Colusa,011,21464,471,440,0,440,6
2020-08-29,Contra Costa,013,1133247,14672,13663,52,13715,159
2020-08-29,Del Norte,015,27424,115,108,0,108,1
2020-08-29,El Dorado,017,186661,1021,958,4,962,2
2020-08-29,Fresno,019,978130,27960,24821,309,25130,291
2020-08-29,Glenn,021,27897,466,437,0,437,3
2020-08-29,Humboldt,023,135768,411,363,1,364,4
2020-08-29,Imperial,025,180216,11282,9698,6,9704,250
2020-08-29,Inyo,027,18085,181,160,4,164,3
2020-08-29,Kern,029,883053,29954,28947,229,29176,317
2020-08-29,Kings,031,150075,6422,5906,36,5942,62
2020-08-29,Lake,033,64148,361,329,0,329,2
2020-08-29,Lassen,035,31185,722,706,2,708,0
2020-08-29,Los Angeles,037,10098052,244198,239815,1290,241105,5762
2020-08-29,Madera,039,155013,3955,3605,26,3631,33
2020-08-29,Marin,041,260295,6244,6007,15,6022,64
2020-08-29,Mariposa,043,17540,73,69,0,69,2
2020-08-29,Mendocino,045,87422,652,596,0,596,13
2020-08-29,Merced,047,269075,8120,7867,10,7877,79
2020-08-29,Modoc,049,8938,13,9,0,9,0
2020-08-29,Mono,051,14174,163,145,2,147,1
2020-08-29,Monterey,053,433212,8259,7680,22,7702,53
2020-08-29,Napa,055,140530,1494,1413,6,1419,10
2020-08-29,Nevada,057,99092,459,442,15,457,5
2020-08-29,Orange,059,3164182,50391,47007,1204,48211,960
2020-08-29,Placer,061,380077,3133,2935,11,2946,32
2020-08-29,Plumas,063,18699,41,39,0,39,0
2020-08-29,Riverside,065,2383286,53878,51918,65,51983,1016
2020-08-29,Sacramento,067,1510023,18692,17588,16,17604,291
2020-08-29,San Benito,069,59416,1146,1045,0,1045,4
2020-08-29,San Bernardino,071,2135413,49348,46849,313,47162,755
2020-08-29,San Diego,073,3302833,39981,38049,459,38508,694
2020-08-29,San Francisco,075,870044,9748,9291,11,9302,83
2020-08-29,San Joaquin,077,732212,18643,17493,37,17530,335
2020-08-29,San Luis Obispo,079,281455,3157,2917,18,2935,21
2020-08-29,San Mateo,081,765935,8678,7928,10,7938,122
2020-08-29,Santa Barbara,083,443738,8280,8052,69,8121,93
2020-08-29,Santa Clara,085,1922200,18724,16898,38,16936,202
2020-08-29,Santa Cruz,087,273765,1910,1746,17,1763,7
2020-08-29,Shasta,089,179085,626,522,3,525,9
2020-08-29,Sierra,091,2930,6,6,0,6,0
2020-08-29,Siskiyou,093,43540,138,121,8,129,0
2020-08-29,Solano,095,438530,5560,5303,39,5342,34
2020-08-29,Sonoma,097,501317,6086,5537,20,5557,60
2020-08-29,Stanislaus,099,539301,15303,14479,347,14826,208
2020-08-29,Sutter,101,95872,1416,1333,1,1334,9
2020-08-29,Tehama,103,63373,436,417,2,419,1
2020-08-29,Trinity,105,12862,46,11,6,17,0
2020-08-29,Tulare,107,460477,14750,13890,59,13949,236
2020-08-29,Tuolumne,109,53932,207,178,4,182,1
2020-08-29,Ventura,111,848112,11439,10705,100,10805,108
2020-08-29,Yolo,113,214977,2522,2357,4,2361,51
2020-08-29,Yuba,115,75493,895,822,3,825,1
2020-08-28,Alameda,001,1643700,19022,17729,129,17858,237
2020-08-28,Alpine,003,1148,2,2,0,2,0
2020-08-28,Amador,005,37829,274,234,0,234,13
2020-08-28,Butte,007,227075,2288,1886,21,1907,25
2020-08-28,Calaveras,009,45235,256,207,0,207,1
2020-08-28,Colusa,011,21464,470,441,0,441,6
2020-08-28,Contra Costa,013,1133247,14601,13522,51,13573,158
2020-08-28,Del Norte,015,27424,115,107,0,107,1
2020-08-28,El Dorado,017,186661,1015,949,4,953,2
2020-08-28,Fresno,019,978130,27826,24612,309,24921,282
2020-08-28,Glenn,021,27897,459,429,0,429,3
2020-08-28,Humboldt,023,135768,407,362,1,363,4
2020-08-28,Imperial,025,180216,11268,9656,6,9662,241
2020-08-28,Inyo,027,18085,180,160,4,164,2
2020-08-28,Kern,029,883053,29906,28744,229,28973,306
2020-08-28,Kings,031,150075,6415,5829,35,5864,62
2020-08-28,Lake,033,64148,356,320,0,320,2
2020-08-28,Lassen,035,31185,722,704,2,706,0
2020-08-28,Los Angeles,037,10098052,243387,238544,1265,239809,5740
2020-08-28,Madera,039,155013,3936,3552,26,3578,33
2020-08-28,Marin,041,260295,6222,5991,15,6006,63
2020-08-28,Mariposa,043,17540,73,67,0,67,2
2020-08-28,Mendocino,045,87422,647,588,0,588,11
2020-08-28,Merced,047,269075,8090,7803,10,7813,77
2020-08-28,Modoc,049,8938,13,6,0,6,0
2020-08-28,Mono,051,14174,163,145,2,147,1
2020-08-28,Monterey,053,433212,8202,7591,22,7613,53
2020-08-28,Napa,055,140530,1486,1403,5,1408,10
2020-08-28,Nevada,057,99092,458,438,15,453,5
2020-08-28,Orange,059,3164182,50291,46696,1189,47885,942
2020-08-28,Placer,061,380077,3122,2891,11,2902,32
2020-08-28,Plumas,063,18699,41,39,0,39,0
2020-08-28,Riverside,065,2383286,53747,51510,61,51571,1008
2020-08-28,Sacramento,067,1510023,18595,17119,16,17135,283
2020-08-28,San Benito,069,59416,1130,1016,0,1016,3
2020-08-28,San Bernardino,071,2135413,49229,46553,309,46862,754
2020-08-28,San Diego,073,3302833,39751,37786,444,38230,676
2020-08-28,San Francisco,075,870044,9696,9135,11,9146,83
2020-08-28,San Joaquin,077,732212,18590,17114,36,17150,314
2020-08-28,San Luis Obispo,079,281455,3140,2849,18,2867,20
2020-08-28,San Mateo,081,765935,8631,7783,9,7792,121
2020-08-28,Santa Barbara,083,443738,8248,8001,69,8070,92
2020-08-28,Santa Clara,085,1922200,18593,16696,38,16734,201
2020-08-28,Santa Cruz,087,273765,1898,1747,17,1764,7
2020-08-28,Shasta,089,179085,622,516,3,519,9
2020-08-28,Sierra,091,2930,6,6,0,6,0
2020-08-28,Siskiyou,093,43540,136,119,8,127,0
2020-08-28,Solano,095,438530,5541,5219,39,5258,34
2020-08-28,Sonoma,097,501317,6051,5425,19,5444,58
2020-08-28,Stanislaus,099,539301,15261,14176,343,14519,190
2020-08-28,Sutter,101,95872,1406,1308,1,1309,9
2020-08-28,Tehama,103,63373,431,410,2,412,1
2020-08-28,Trinity,105,12862,46,11,6,17,0
2020-08-28,Tulare,107,460477,14705,13776,59,13835,236
2020-08-28,Tuolumne,109,53932,207,176,4,180,1
2020-08-28,Ventura,111,848112,11403,10606,98,10704,103
2020-08-28,Yolo,113,214977,2513,2323,4,2327,51
2020-08-28,Yuba,115,75493,886,810,3,813,1
2020-08-27,Alameda,001,1643700,18877,17584,126,17710,234
2020-08-27,Alpine,003,1148,2,2,0,2,0
2020-08-27,Amador,005,37829,273,233,0,233,13
2020-08-27,Butte,007,227075,2222,1803,20,1823,25
2020-08-27,Calaveras,009,45235,250,204,0,204,1
2020-08-27,Colusa,011,21464,468,438,0,438,6
2020-08-27,Contra Costa,013,1133247,14500,13379,50,13429,158
2020-08-27,Del Norte,015,27424,115,107,0,107,1
2020-08-27,El Dorado,017,186661,1011,942,4,946,2
2020-08-27,Fresno,019,978130,27644,24367,304,24671,272
2020-08-27,Glenn,021,27897,451,429,0,429,3
2020-08-27,Humboldt,023,135768,399,358,1,359,4
2020-08-27,Imperial,025,180216,11241,9608,6,9614,235
2020-08-27,Inyo,027,18085,180,157,3,160,2
2020-08-27,Kern,029,883053,29834,28635,220,28855,294
2020-08-27,Kings,031,150075,6393,5759,35,5794,62
2020-08-27,Lake,033,64148,354,314,0,314,2
2020-08-27,Lassen,035,31185,722,703,2,705,0
2020-08-27,Los Angeles,037,10098052,242386,237103,1249,238352,5704
2020-08-27,Madera,039,155013,3910,3465,26,3491,33
2020-08-27,Marin,041,260295,6198,5929,15,5944,62
2020-08-27,Mariposa,043,17540,73,67,0,67,2
2020-08-27,Mendocino,045,87422,638,581,0,581,10
2020-08-27,Merced,047,269075,8046,7765,10,7775,75
2020-08-27,Modoc,049,8938,11,5,0,5,0
2020-08-27,Mono,051,14174,163,145,2,147,1
2020-08-27,Monterey,053,433212,8108,7501,22,7523,52
2020-08-27,Napa,055,140530,1480,1397,5,1402,10
2020-08-27,Nevada,057,99092,455,435,15,450,5
2020-08-27,Orange,059,3164182,50134,46449,1178,47627,935
2020-08-27,Placer,061,380077,3091,2869,11,2880,32
2020-08-27,Plumas,063,18699,40,39,0,39,0
2020-08-27,Riverside,065,2383286,53538,51306,58,51364,999
2020-08-27,Sacramento,067,1510023,18397,16875,16,16891,281
2020-08-27,San Benito,069,59416,1114,987,0,987,3
2020-08-27,San Bernardino,071,2135413,49004,46345,303,46648,751
2020-08-27,San Diego,073,3302833,39480,37501,424,37925,673
2020-08-27,San Francisco,075,870044,9630,9014,11,9025,83
2020-08-27,San Joaquin,077,732212,18510,16989,36,17025,314
2020-08-27,San Luis Obispo,079,281455,3115,2808,18,2826,20
2020-08-27,San Mateo,081,765935,8522,7728,9,7737,121
2020-08-27,Santa Barbara,083,443738,8210,7934,69,8003,92
2020-08-27,Santa Clara,085,1922200,18410,16495,38,16533,199
2020-08-27,Santa Cruz,087,273765,1881,1734,17,1751,7
2020-08-27,Shasta,089,179085,616,512,3,515,9
2020-08-27,Sierra,091,2930,6,6,0,6,0
2020-08-27,Siskiyou,093,43540,136,118,8,126,0
2020-08-27,Solano,095,438530,5503,5167,39,5206,34
2020-08-27,Sonoma,097,501317,5939,5357,19,5376,58
2020-08-27,Stanislaus,099,539301,15180,14080,340,14420,186
2020-08-27,Sutter,101,95872,1386,1296,1,1297,9
2020-08-27,Tehama,103,63373,427,398,2,400,1
2020-08-27,Trinity,105,12862,46,11,6,17,0
2020-08-27,Tulare,107,460477,14614,13666,58,13724,231
2020-08-27,Tuolumne,109,53932,202,174,4,178,1
2020-08-27,Ventura,111,848112,11340,10483,94,10577,102
2020-08-27,Yolo,113,214977,2489,2293,4,2297,51
2020-08-27,Yuba,115,75493,875,807,3,810,1
2020-08-26,Alameda,001,1643700,18715,17373,126,17499,233
2020-08-26,Alpine,003,1148,2,2,0,2,0
2020-08-26,Amador,005,37829,273,229,0,229,13
2020-08-26,Butte,007,227075,2155,1765,18,1783,25
2020-08-26,Calaveras,009,45235,243,201,0,201,1
2020-08-26,Colusa,011,21464,462,433,0,433,5
2020-08-26,Contra Costa,013,1133247,14363,13248,50,13298,157
2020-08-26,Del Norte,015,27424,114,86,0,86,1
2020-08-26,El Dorado,017,186661,1009,938,4,942,2
2020-08-26,Fresno,019,978130,27496,24071,302,24373,255
2020-08-26,Glenn,021,27897,449,429,0,429,3
2020-08-26,Humboldt,023,135768,387,357,1,358,4
2020-08-26,Imperial,025,180216,11219,9453,6,9459,227
2020-08-26,Inyo,027,18085,177,157,3,160,2
2020-08-26,Kern,029,883053,29695,28507,217,28724,286
2020-08-26,Kings,031,150075,6372,5720,35,5755,62
2020-08-26,Lake,033,64148,349,308,0,308,2
2020-08-26,Lassen,035,31185,722,702,2,704,0
2020-08-26,Los Angeles,037,10098052,241372,235499,1218,236717,5665
2020-08-26,Madera,039,155013,3881,3458,26,3484,32
2020-08-26,Marin,041,260295,6181,5887,15,5902,56
2020-08-26,Mariposa,043,17540,73,68,0,68,2
2020-08-26,Mendocino,045,87422,627,581,0,581,10
2020-08-26,Merced,047,269075,8013,7720,10,7730,74
2020-08-26,Modoc,049,8938,8,5,0,5,0
2020-08-26,Mono,051,14174,163,141,2,143,1
2020-08-26,Monterey,053,433212,8015,7439,22,7461,51
2020-08-26,Napa,055,140530,1467,1382,5,1387,10
2020-08-26,Nevada,057,99092,452,432,15,447,2
2020-08-26,Orange,059,3164182,49950,46157,1162,47319,905
2020-08-26,Placer,061,380077,3069,2846,9,2855,32
2020-08-26,Plumas,063,18699,39,39,0,39,0
2020-08-26,Riverside,065,2383286,53296,51138,58,51196,987
2020-08-26,Sacramento,067,1510023,18234,16708,16,16724,271
2020-08-26,San Benito,069,59416,1099,978,0,978,3
2020-08-26,San Bernardino,071,2135413,48796,45840,299,46139,743
2020-08-26,San Diego,073,3302833,39142,37224,397,37621,668
2020-08-26,San Francisco,075,870044,9555,8938,11,8949,81
2020-08-26,San Joaquin,077,732212,18421,16845,35,16880,309
2020-08-26,San Luis Obispo,079,281455,3087,2761,18,2779,20
2020-08-26,San Mateo,081,765935,8455,7655,9,7664,121
2020-08-26,Santa Barbara,083,443738,8176,7904,69,7973,90
2020-08-26,Santa Clara,085,1922200,18234,16283,38,16321,198
2020-08-26,Santa Cruz,087,273765,1870,1726,17,1743,7
2020-08-26,Shasta,089,179085,611,511,3,514,9
2020-08-26,Sierra,091,2930,6,6,0,6,0
2020-08-26,Siskiyou,093,43540,133,109,8,117,0
2020-08-26,Solano,095,438530,5479,5131,38,5169,34
2020-08-26,Sonoma,097,501317,5866,5283,19,5302,58
2020-08-26,Stanislaus,099,539301,15103,13964,334,14298,186
2020-08-26,Sutter,101,95872,1368,1275,1,1276,9
2020-08-26,Tehama,103,63373,424,396,2,398,1
2020-08-26,Trinity,105,12862,45,10,6,16,0
2020-08-26,Tulare,107,460477,14547,13568,58,13626,232
2020-08-26,Tuolumne,109,53932,201,172,4,176,1
2020-08-26,Ventura,111,848112,11268,10412,87,10499,100
2020-08-26,Yolo,113,214977,2467,2279,4,2283,49
2020-08-26,Yuba,115,75493,860,779,3,782,1
2020-08-25,Alameda,001,1643700,18558,17278,126,17404,232
2020-08-25,Alpine,003,1148,2,2,0,2,0
2020-08-25,Amador,005,37829,273,227,0,227,13
2020-08-25,Butte,007,227075,2088,1718,18,1736,24
2020-08-25,Calaveras,009,45235,241,196,0,196,1
2020-08-25,Colusa,011,21464,455,430,0,430,5
2020-08-25,Contra Costa,013,1133247,14225,13181,49,13230,156
2020-08-25,Del Norte,015,27424,113,83,0,83,1
2020-08-25,El Dorado,017,186661,1006,928,4,932,2
2020-08-25,Fresno,019,978130,27308,23932,301,24233,250
2020-08-25,Glenn,021,27897,446,429,0,429,3
2020-08-25,Humboldt,023,135768,382,342,1,343,4
2020-08-25,Imperial,025,180216,11191,9381,6,9387,217
2020-08-25,Inyo,027,18085,175,144,3,147,1
2020-08-25,Kern,029,883053,29558,28416,217,28633,285
2020-08-25,Kings,031,150075,6215,5702,35,5737,59
2020-08-25,Lake,033,64148,344,304,0,304,2
2020-08-25,Lassen,035,31185,721,692,2,694,0
2020-08-25,Los Angeles,037,10098052,240074,233961,1168,235129,5612
2020-08-25,Madera,039,155013,3866,3446,25,3471,32
2020-08-25,Marin,041,260295,6143,5860,15,5875,56
2020-08-25,Mariposa,043,17540,73,67,0,67,2
2020-08-25,Mendocino,045,87422,619,571,0,571,10
2020-08-25,Merced,047,269075,7946,7693,9,7702,69
2020-08-25,Modoc,049,8938,8,5,0,5,0
2020-08-25,Mono,051,14174,163,129,2,131,1
2020-08-25,Monterey,053,433212,7935,7333,22,7355,51
2020-08-25,Napa,055,140530,1460,1374,5,1379,10
2020-08-25,Nevada,057,99092,448,430,15,445,2
2020-08-25,Orange,059,3164182,49756,45737,1146,46883,902
2020-08-25,Placer,061,380077,3050,2829,6,2835,31
2020-08-25,Plumas,063,18699,39,39,0,39,0
2020-08-25,Riverside,065,2383286,53064,50889,58,50947,981
2020-08-25,Sacramento,067,1510023,18081,16601,16,16617,265
2020-08-25,San Benito,069,59416,1083,973,0,973,3
2020-08-25,San Bernardino,071,2135413,48561,45544,296,45840,727
2020-08-25,San Diego,073,3302833,38863,36996,375,37371,665
2020-08-25,San Francisco,075,870044,9477,8848,11,8859,81
2020-08-25,San Joaquin,077,732212,18294,16795,35,16830,306
2020-08-25,San Luis Obispo,079,281455,3028,2731,17,2748,20
2020-08-25,San Mateo,081,765935,8395,7636,9,7645,120
2020-08-25,Santa Barbara,083,443738,8124,7854,69,7923,90
2020-08-25,Santa Clara,085,1922200,18062,16199,38,16237,194
2020-08-25,Santa Cruz,087,273765,1851,1708,17,1725,7
2020-08-25,Shasta,089,179085,607,511,3,514,9
2020-08-25,Sierra,091,2930,6,6,0,6,0
2020-08-25,Siskiyou,093,43540,132,109,8,117,0
2020-08-25,Solano,095,438530,5418,5114,38,5152,34
2020-08-25,Sonoma,097,501317,5780,5148,19,5167,56
2020-08-25,Stanislaus,099,539301,14995,13886,323,14209,182
2020-08-25,Sutter,101,95872,1351,1259,1,1260,9
2020-08-25,Tehama,103,63373,421,394,2,396,1
2020-08-25,Trinity,105,12862,44,10,6,16,0
2020-08-25,Tulare,107,460477,14443,13514,57,13571,224
2020-08-25,Tuolumne,109,53932,199,172,4,176,1
2020-08-25,Ventura,111,848112,11183,10313,82,10395,99
2020-08-25,Yolo,113,214977,2454,2254,4,2258,50
2020-08-25,Yuba,115,75493,850,775,3,778,1
2020-08-24,Alameda,001,1643700,18363,16913,125,17038,231
2020-08-24,Alpine,003,1148,2,2,0,2,0
2020-08-24,Amador,005,37829,271,227,0,227,13
2020-08-24,Butte,007,227075,2004,1649,18,1667,23
2020-08-24,Calaveras,009,45235,232,187,0,187,1
2020-08-24,Colusa,011,21464,451,425,0,425,5
2020-08-24,Contra Costa,013,1133247,14109,12906,47,12953,153
2020-08-24,Del Norte,015,27424,113,80,0,80,1
2020-08-24,El Dorado,017,186661,998,908,4,912,2
2020-08-24,Fresno,019,978130,27120,23618,294,23912,235
2020-08-24,Glenn,021,27897,444,421,0,421,2
2020-08-24,Humboldt,023,135768,378,340,1,341,4
2020-08-24,Imperial,025,180216,11158,9323,6,9329,210
2020-08-24,Inyo,027,18085,171,144,3,147,2
2020-08-24,Kern,029,883053,29460,28157,211,28368,277
2020-08-24,Kings,031,150075,6127,5652,35,5687,60
2020-08-24,Lake,033,64148,329,302,0,302,2
2020-08-24,Lassen,035,31185,721,693,2,695,0
2020-08-24,Los Angeles,037,10098052,238713,233036,1149,234185,5562
2020-08-24,Madera,039,155013,3839,3418,25,3443,32
2020-08-24,Marin,041,260295,6080,5834,15,5849,56
2020-08-24,Mariposa,043,17540,71,66,0,66,2
2020-08-24,Mendocino,045,87422,604,550,0,550,10
2020-08-24,Merced,047,269075,7868,7605,9,7614,69
2020-08-24,Modoc,049,8938,8,5,0,5,0
2020-08-24,Mono,051,14174,163,129,2,131,1
2020-08-24,Monterey,053,433212,7826,7212,21,7233,50
2020-08-24,Napa,055,140530,1447,1358,5,1363,10
2020-08-24,Nevada,057,99092,443,423,15,438,2
2020-08-24,Orange,059,3164182,49563,45536,1136,46672,887
2020-08-24,Placer,061,380077,3004,2793,6,2799,31
2020-08-24,Plumas,063,18699,39,37,0,37,0
2020-08-24,Riverside,065,2383286,52786,50496,58,50554,975
2020-08-24,Sacramento,067,1510023,17884,16318,16,16334,249
2020-08-24,San Benito,069,59416,1062,961,0,961,3
2020-08-24,San Bernardino,071,2135413,48298,45199,294,45493,720
2020-08-24,San Diego,073,3302833,38575,36729,347,37076,660
2020-08-24,San Francisco,075,870044,9394,8621,10,8631,81
2020-08-24,San Joaquin,077,732212,18153,16565,34,16599,305
2020-08-24,San Luis Obispo,079,281455,3000,2705,17,2722,20
2020-08-24,San Mateo,081,765935,8328,7502,9,7511,120
2020-08-24,Santa Barbara,083,443738,8083,7784,69,7853,90
2020-08-24,Santa Clara,085,1922200,17858,16049,38,16087,192
2020-08-24,Santa Cruz,087,273765,1831,1627,16,1643,6
2020-08-24,Shasta,089,179085,605,505,3,508,9
2020-08-24,Sierra,091,2930,6,6,0,6,0
2020-08-24,Siskiyou,093,43540,128,107,8,115,0
2020-08-24,Solano,095,438530,5369,4979,36,5015,32
2020-08-24,Sonoma,097,501317,5678,5071,19,5090,56
2020-08-24,Stanislaus,099,539301,14897,13521,309,13830,171
2020-08-24,Sutter,101,95872,1332,1219,1,1220,9
2020-08-24,Tehama,103,63373,416,388,2,390,1
2020-08-24,Trinity,105,12862,44,10,6,16,0
2020-08-24,Tulare,107,460477,14336,13360,56,13416,223
2020-08-24,Tuolumne,109,53932,198,170,4,174,1
2020-08-24,Ventura,111,848112,11103,10261,78,10339,99
2020-08-24,Yolo,113,214977,2420,2239,4,2243,47
2020-08-24,Yuba,115,75493,833,750,3,753,1
2020-08-23,Alameda,001,1643700,18139,16786,124,16910,231
2020-08-23,Alpine,003,1148,2,2,0,2,0
2020-08-23,Amador,005,37829,268,227,0,227,13
2020-08-23,Butte,007,227075,1889,1637,18,1655,23
2020-08-23,Calaveras,009,45235,222,187,0,187,1
2020-08-23,Colusa,011,21464,444,424,0,424,5
2020-08-23,Contra Costa,013,1133247,13949,12642,47,12689,153
2020-08-23,Del Norte,015,27424,113,80,0,80,1
2020-08-23,El Dorado,017,186661,985,901,4,905,2
2020-08-23,Fresno,019,978130,26915,23414,290,23704,235
2020-08-23,Glenn,021,27897,437,421,0,421,2
2020-08-23,Humboldt,023,135768,376,341,1,342,4
2020-08-23,Imperial,025,180216,11129,9243,6,9249,210
2020-08-23,Inyo,027,18085,168,144,3,147,2
2020-08-23,Kern,029,883053,29311,28028,206,28234,277
2020-08-23,Kings,031,150075,6084,5628,35,5663,60
2020-08-23,Lake,033,64148,325,299,0,299,2
2020-08-23,Lassen,035,31185,720,693,2,695,0
2020-08-23,Los Angeles,037,10098052,237118,231833,1079,232912,5549
2020-08-23,Madera,039,155013,3807,3401,24,3425,32
2020-08-23,Marin,041,260295,6041,5807,14,5821,50
2020-08-23,Mariposa,043,17540,71,66,0,66,2
2020-08-23,Mendocino,045,87422,600,550,0,550,10
2020-08-23,Merced,047,269075,7799,7574,8,7582,69
2020-08-23,Modoc,049,8938,7,5,0,5,0
2020-08-23,Mono,051,14174,163,129,2,131,1
2020-08-23,Monterey,053,433212,7736,7173,21,7194,50
2020-08-23,Napa,055,140530,1435,1348,5,1353,10
2020-08-23,Nevada,057,99092,438,421,15,436,2
2020-08-23,Orange,059,3164182,49325,45267,1124,46391,887
2020-08-23,Placer,061,380077,2965,2772,6,2778,31
2020-08-23,Plumas,063,18699,39,37,0,37,0
2020-08-23,Riverside,065,2383286,52516,50293,56,50349,955
2020-08-23,Sacramento,067,1510023,17660,16084,15,16099,243
2020-08-23,San Benito,069,59416,1049,938,0,938,3
2020-08-23,San Bernardino,071,2135413,48030,45010,284,45294,719
2020-08-23,San Diego,073,3302833,38254,36542,320,36862,660
2020-08-23,San Francisco,075,870044,9299,8564,9,8573,80
2020-08-23,San Joaquin,077,732212,18020,16069,33,16102,305
2020-08-23,San Luis Obispo,079,281455,2958,2679,17,2696,20
2020-08-23,San Mateo,081,765935,8233,7450,9,7459,120
2020-08-23,Santa Barbara,083,443738,8015,7725,69,7794,90
2020-08-23,Santa Clara,085,1922200,17663,15912,36,15948,191
2020-08-23,Santa Cruz,087,273765,1805,1627,16,1643,6
2020-08-23,Shasta,089,179085,600,501,3,504,9
2020-08-23,Sierra,091,2930,6,6,0,6,0
2020-08-23,Siskiyou,093,43540,123,107,8,115,0
2020-08-23,Solano,095,438530,5311,4977,34,5011,32
2020-08-23,Sonoma,097,501317,5590,5018,19,5037,56
2020-08-23,Stanislaus,099,539301,14762,13483,286,13769,171
2020-08-23,Sutter,101,95872,1310,1203,1,1204,9
2020-08-23,Tehama,103,63373,406,381,2,383,1
2020-08-23,Trinity,105,12862,44,10,6,16,0
2020-08-23,Tulare,107,460477,14204,13303,53,13356,223
2020-08-23,Tuolumne,109,53932,195,164,4,168,1
2020-08-23,Ventura,111,848112,11002,10126,74,10200,99
2020-08-23,Yolo,113,214977,2392,2210,4,2214,47
2020-08-23,Yuba,115,75493,812,750,3,753,1
2020-08-22,Alameda,001,1643700,18045,16648,123,16771,231
2020-08-22,Alpine,003,1148,2,2,0,2,0
2020-08-22,Amador,005,37829,267,224,0,224,13
2020-08-22,Butte,007,227075,1838,1618,18,1636,22
2020-08-22,Calaveras,009,45235,218,187,0,187,1
2020-08-22,Colusa,011,21464,440,419,0,419,5
2020-08-22,Contra Costa,013,1133247,13862,12522,47,12569,153
2020-08-22,Del Norte,015,27424,112,80,0,80,1
2020-08-22,El Dorado,017,186661,983,900,4,904,2
2020-08-22,Fresno,019,978130,26818,23197,289,23486,235
2020-08-22,Glenn,021,27897,436,421,0,421,2
2020-08-22,Humboldt,023,135768,366,334,1,335,4
2020-08-22,Imperial,025,180216,11121,9244,6,9250,210
2020-08-22,Inyo,027,18085,168,144,3,147,1
2020-08-22,Kern,029,883053,29257,27807,206,28013,277
2020-08-22,Kings,031,150075,6075,5447,35,5482,60
2020-08-22,Lake,033,64148,323,291,0,291,2
2020-08-22,Lassen,035,31185,720,693,2,695,0
2020-08-22,Los Angeles,037,10098052,236458,230858,1061,231919,5540
2020-08-22,Madera,039,155013,3788,3330,24,3354,32
2020-08-22,Marin,041,260295,6029,5789,14,5803,49
2020-08-22,Mariposa,043,17540,71,66,0,66,2
2020-08-22,Mendocino,045,87422,597,529,0,529,10
2020-08-22,Merced,047,269075,7771,7493,8,7501,69
2020-08-22,Modoc,049,8938,7,5,0,5,0
2020-08-22,Mono,051,14174,163,129,2,131,1
2020-08-22,Monterey,053,433212,7688,7081,21,7102,50
2020-08-22,Napa,055,140530,1430,1328,5,1333,11
2020-08-22,Nevada,057,99092,438,411,15,426,2
2020-08-22,Orange,059,3164182,49184,45131,1118,46249,885
2020-08-22,Placer,061,380077,2951,2734,6,2740,30
2020-08-22,Plumas,063,18699,39,37,0,37,0
2020-08-22,Riverside,065,2383286,52368,49944,55,49999,953
2020-08-22,Sacramento,067,1510023,17548,15516,15,15531,239
2020-08-22,San Benito,069,59416,1033,912,0,912,3
2020-08-22,San Bernardino,071,2135413,47901,44803,280,45083,719
2020-08-22,San Diego,073,3302833,38072,36205,309,36514,673
2020-08-22,San Francisco,075,870044,9239,8568,9,8577,80
2020-08-22,San Joaquin,077,732212,17964,16068,33,16101,305
2020-08-22,San Luis Obispo,079,281455,2932,2660,17,2677,20
2020-08-22,San Mateo,081,765935,8186,7361,9,7370,120
2020-08-22,Santa Barbara,083,443738,7989,7685,69,7754,90
2020-08-22,Santa Clara,085,1922200,17555,15590,36,15626,190
2020-08-22,Santa Cruz,087,273765,1789,1628,15,1643,6
2020-08-22,Shasta,089,179085,598,493,3,496,9
2020-08-22,Sierra,091,2930,6,6,0,6,0
2020-08-22,Siskiyou,093,43540,123,106,8,114,0
2020-08-22,Solano,095,438530,5281,4944,33,4977,32
2020-08-22,Sonoma,097,501317,5544,4891,19,4910,57
2020-08-22,Stanislaus,099,539301,14712,13380,269,13649,170
2020-08-22,Sutter,101,95872,1303,1189,1,1190,8
2020-08-22,Tehama,103,63373,405,368,2,370,1
2020-08-22,Trinity,105,12862,44,8,6,14,0
2020-08-22,Tulare,107,460477,14137,13196,53,13249,222
2020-08-22,Tuolumne,109,53932,193,162,4,166,1
2020-08-22,Ventura,111,848112,10947,9959,72,10031,99
2020-08-22,Yolo,113,214977,2376,2188,4,2192,47
2020-08-22,Yuba,115,75493,800,738,3,741,1
2020-08-21,Alameda,001,1643700,17953,16413,123,16536,232
2020-08-21,Alpine,003,1148,2,2,0,2,0
2020-08-21,Amador,005,37829,266,223,0,223,11
2020-08-21,Butte,007,227075,1800,1582,18,1600,19
2020-08-21,Calaveras,009,45235,218,182,0,182,1
2020-08-21,Colusa,011,21464,438,418,0,418,5
2020-08-21,Contra Costa,013,1133247,13772,12333,46,12379,149
2020-08-21,Del Norte,015,27424,112,78,0,78,1
2020-08-21,El Dorado,017,186661,979,885,4,889,2
2020-08-21,Fresno,019,978130,26648,22840,288,23128,232
2020-08-21,Glenn,021,27897,432,418,0,418,2
2020-08-21,Humboldt,023,135768,363,331,1,332,4
2020-08-21,Imperial,025,180216,11105,9166,6,9172,204
2020-08-21,Inyo,027,18085,168,144,3,147,1
2020-08-21,Kern,029,883053,29198,27567,204,27771,269
2020-08-21,Kings,031,150075,6053,5391,35,5426,60
2020-08-21,Lake,033,64148,321,281,0,281,2
2020-08-21,Lassen,035,31185,720,693,2,695,0
2020-08-21,Los Angeles,037,10098052,235584,229235,1041,230276,5494
2020-08-21,Madera,039,155013,3758,3271,24,3295,31
2020-08-21,Marin,041,260295,6009,5762,14,5776,49
2020-08-21,Mariposa,043,17540,71,66,0,66,2
2020-08-21,Mendocino,045,87422,587,505,0,505,10
2020-08-21,Merced,047,269075,7742,7357,8,7365,69
2020-08-21,Modoc,049,8938,7,5,0,5,0
2020-08-21,Mono,051,14174,163,128,2,130,1
2020-08-21,Monterey,053,433212,7616,6974,21,6995,49
2020-08-21,Napa,055,140530,1421,1317,5,1322,10
2020-08-21,Nevada,057,99092,437,406,15,421,2
2020-08-21,Orange,059,3164182,49043,44625,1109,45734,875
2020-08-21,Placer,061,380077,2934,2698,6,2704,30
2020-08-21,Plumas,063,18699,39,36,0,36,0
2020-08-21,Riverside,065,2383286,52173,49409,55,49464,932
2020-08-21,Sacramento,067,1510023,17425,15247,15,15262,237
2020-08-21,San Benito,069,59416,1023,891,0,891,3
2020-08-21,San Bernardino,071,2135413,47781,44249,276,44525,668
2020-08-21,San Diego,073,3302833,37868,35914,292,36206,652
2020-08-21,San Francisco,075,870044,9189,8375,9,8384,80
2020-08-21,San Joaquin,077,732212,17881,15888,31,15919,301
2020-08-21,San Luis Obispo,079,281455,2909,2640,17,2657,19
2020-08-21,San Mateo,081,765935,8128,7253,9,7262,120
2020-08-21,Santa Barbara,083,443738,7948,7645,69,7714,86
2020-08-21,Santa Clara,085,1922200,17403,15399,36,15435,190
2020-08-21,Santa Cruz,087,273765,1777,1617,15,1632,6
2020-08-21,Shasta,089,179085,598,486,3,489,9
2020-08-21,Sierra,091,2930,6,6,0,6,0
2020-08-21,Siskiyou,093,43540,123,103,6,109,0
2020-08-21,Solano,095,438530,5258,4891,32,4923,32
2020-08-21,Sonoma,097,501317,5474,4816,19,4835,57
2020-08-21,Stanislaus,099,539301,14643,13282,254,13536,161
2020-08-21,Sutter,101,95872,1290,1173,1,1174,8
2020-08-21,Tehama,103,63373,403,357,2,359,1
2020-08-21,Trinity,105,12862,44,8,6,14,0
2020-08-21,Tulare,107,460477,14065,13002,52,13054,217
2020-08-21,Tuolumne,109,53932,185,161,4,165,1
2020-08-21,Ventura,111,848112,10882,9865,70,9935,98
2020-08-21,Yolo,113,214977,2361,2164,4,2168,46
2020-08-21,Yuba,115,75493,796,717,3,720,1
2020-08-20,Alameda,001,1643700,17794,16174,123,16297,229
2020-08-20,Alpine,003,1148,2,2,0,2,0
2020-08-20,Amador,005,37829,264,222,0,222,11
2020-08-20,Butte,007,227075,1749,1549,18,1567,18
2020-08-20,Calaveras,009,45235,215,179,0,179,1
2020-08-20,Colusa,011,21464,436,415,0,415,5
2020-08-20,Contra Costa,013,1133247,13644,12108,45,12153,144
2020-08-20,Del Norte,015,27424,112,78,0,78,1
2020-08-20,El Dorado,017,186661,975,881,4,885,2
2020-08-20,Fresno,019,978130,26466,22535,283,22818,228
2020-08-20,Glenn,021,27897,427,414,0,414,2
2020-08-20,Humboldt,023,135768,358,318,1,319,4
2020-08-20,Imperial,025,180216,11086,9086,6,9092,196
2020-08-20,Inyo,027,18085,167,144,3,147,1
2020-08-20,Kern,029,883053,29030,27337,193,27530,267
2020-08-20,Kings,031,150075,6013,5347,34,5381,59
2020-08-20,Lake,033,64148,316,280,0,280,2
2020-08-20,Lassen,035,31185,719,693,2,695,0
2020-08-20,Los Angeles,037,10098052,234354,227492,1022,228514,5445
2020-08-20,Madera,039,155013,3732,3197,24,3221,31
2020-08-20,Marin,041,260295,5991,5745,14,5759,47
2020-08-20,Mariposa,043,17540,71,67,0,67,2
2020-08-20,Mendocino,045,87422,577,497,0,497,10
2020-08-20,Merced,047,269075,7667,7173,8,7181,68
2020-08-20,Modoc,049,8938,7,5,0,5,0
2020-08-20,Mono,051,14174,163,128,2,130,1
2020-08-20,Monterey,053,433212,7545,6892,21,6913,47
2020-08-20,Napa,055,140530,1413,1306,5,1311,10
2020-08-20,Nevada,057,99092,436,401,15,416,2
2020-08-20,Orange,059,3164182,48816,44299,1098,45397,849
2020-08-20,Placer,061,380077,2918,2681,6,2687,30
2020-08-20,Plumas,063,18699,39,36,0,36,0
2020-08-20,Riverside,065,2383286,51954,48953,54,49007,927
2020-08-20,Sacramento,067,1510023,17183,14992,15,15007,231
2020-08-20,San Benito,069,59416,1010,866,0,866,3
2020-08-20,San Bernardino,071,2135413,47525,43627,272,43899,665
2020-08-20,San Diego,073,3302833,37648,35610,274,35884,644
2020-08-20,San Francisco,075,870044,9103,8262,9,8271,72
2020-08-20,San Joaquin,077,732212,17788,15778,31,15809,297
2020-08-20,San Luis Obispo,079,281455,2889,2590,17,2607,19
2020-08-20,San Mateo,081,765935,8063,7188,9,7197,120
2020-08-20,Santa Barbara,083,443738,7910,7571,69,7640,81
2020-08-20,Santa Clara,085,1922200,17230,15162,36,15198,190
2020-08-20,Santa Cruz,087,273765,1764,1581,15,1596,6
2020-08-20,Shasta,089,179085,597,478,3,481,9
2020-08-20,Sierra,091,2930,6,6,0,6,0
2020-08-20,Siskiyou,093,43540,122,102,1,103,0
2020-08-20,Solano,095,438530,5214,4843,32,4875,31
2020-08-20,Sonoma,097,501317,5402,4737,19,4756,54
2020-08-20,Stanislaus,099,539301,14547,13120,245,13365,161
2020-08-20,Sutter,101,95872,1266,1158,1,1159,8
2020-08-20,Tehama,103,63373,398,350,2,352,1
2020-08-20,Trinity,105,12862,44,8,6,14,0
2020-08-20,Tulare,107,460477,13957,12907,51,12958,217
2020-08-20,Tuolumne,109,53932,181,159,4,163,1
2020-08-20,Ventura,111,848112,10769,9744,69,9813,93
2020-08-20,Yolo,113,214977,2339,2150,4,2154,47
2020-08-20,Yuba,115,75493,779,709,3,712,1
2020-08-19,Alameda,001,1643700,17636,15874,122,15996,226
2020-08-19,Alpine,003,1148,2,2,0,2,0
2020-08-19,Amador,005,37829,263,219,0,219,9
2020-08-19,Butte,007,227075,1706,1517,18,1535,16
2020-08-19,Calaveras,009,45235,213,177,0,177,1
2020-08-19,Colusa,011,21464,435,415,0,415,5
2020-08-19,Contra Costa,013,1133247,13532,11895,43,11938,142
2020-08-19,Del Norte,015,27424,112,78,0,78,1
2020-08-19,El Dorado,017,186661,969,870,4,874,2
2020-08-19,Fresno,019,978130,26277,22167,274,22441,221
2020-08-19,Glenn,021,27897,425,414,0,414,2
2020-08-19,Humboldt,023,135768,355,316,1,317,4
2020-08-19,Imperial,025,180216,11058,9041,6,9047,192
2020-08-19,Inyo,027,18085,165,140,3,143,1
2020-08-19,Kern,029,883053,28913,27142,189,27331,263
2020-08-19,Kings,031,150075,5840,5301,32,5333,59
2020-08-19,Lake,033,64148,313,277,0,277,2
2020-08-19,Lassen,035,31185,711,693,2,695,0
2020-08-19,Los Angeles,037,10098052,233078,226006,982,226988,5399
2020-08-19,Madera,039,155013,3698,3158,22,3180,30
2020-08-19,Marin,041,260295,5967,5723,13,5736,46
2020-08-19,Mariposa,043,17540,71,64,0,64,2
2020-08-19,Mendocino,045,87422,560,495,0,495,8
2020-08-19,Merced,047,269075,7540,7082,5,7087,66
2020-08-19,Modoc,049,8938,7,5,0,5,0
2020-08-19,Mono,051,14174,163,128,2,130,1
2020-08-19,Monterey,053,433212,7445,6693,21,6714,45
2020-08-19,Napa,055,140530,1408,1293,5,1298,10
2020-08-19,Nevada,057,99092,429,398,15,413,2
2020-08-19,Orange,059,3164182,48611,43938,1095,45033,829
2020-08-19,Placer,061,380077,2896,2659,6,2665,28
2020-08-19,Plumas,063,18699,39,36,0,36,0
2020-08-19,Riverside,065,2383286,51705,48741,54,48795,922
2020-08-19,Sacramento,067,1510023,17003,14764,15,14779,229
2020-08-19,San Benito,069,59416,993,853,0,853,3
2020-08-19,San Bernardino,071,2135413,47227,43224,266,43490,661
2020-08-19,San Diego,073,3302833,37398,35378,259,35637,638
2020-08-19,San Francisco,075,870044,9038,8236,9,8245,72
2020-08-19,San Joaquin,077,732212,17662,15677,30,15707,296
2020-08-19,San Luis Obispo,079,281455,2849,2553,17,2570,19
2020-08-19,San Mateo,081,765935,7994,7146,9,7155,119
2020-08-19,Santa Barbara,083,443738,7861,7499,69,7568,80
2020-08-19,Santa Clara,085,1922200,17084,14994,36,15030,189
2020-08-19,Santa Cruz,087,273765,1738,1554,15,1569,6
2020-08-19,Shasta,089,179085,593,475,3,478,9
2020-08-19,Sierra,091,2930,6,6,0,6,0
2020-08-19,Siskiyou,093,43540,121,103,1,104,0
2020-08-19,Solano,095,438530,5173,4807,32,4839,31
2020-08-19,Sonoma,097,501317,5323,4614,19,4633,54
2020-08-19,Stanislaus,099,539301,14444,13084,223,13307,160
2020-08-19,Sutter,101,95872,1232,1146,1,1147,8
2020-08-19,Tehama,103,63373,392,342,2,344,1
2020-08-19,Trinity,105,12862,43,8,6,14,0
2020-08-19,Tulare,107,460477,13859,12756,51,12807,217
2020-08-19,Tuolumne,109,53932,178,159,4,163,1
2020-08-19,Ventura,111,848112,10677,9587,67,9654,91
2020-08-19,Yolo,113,214977,2317,2126,4,2130,47
2020-08-19,Yuba,115,75493,767,701,3,704,1
2020-08-18,Alameda,001,1643700,17459,15627,120,15747,223
2020-08-18,Alpine,003,1148,2,2,0,2,0
2020-08-18,Amador,005,37829,262,215,0,215,9
2020-08-18,Butte,007,227075,1673,1491,18,1509,16
2020-08-18,Calaveras,009,45235,209,174,0,174,1
2020-08-18,Colusa,011,21464,434,415,0,415,5
2020-08-18,Contra Costa,013,1133247,13412,11689,41,11730,141
2020-08-18,Del Norte,015,27424,111,78,0,78,0
2020-08-18,El Dorado,017,186661,964,866,4,870,2
2020-08-18,Fresno,019,978130,26056,21798,268,22066,212
2020-08-18,Glenn,021,27897,425,407,0,407,2
2020-08-18,Humboldt,023,135768,353,315,1,316,4
2020-08-18,Imperial,025,180216,11024,8968,6,8974,189
2020-08-18,Inyo,027,18085,164,140,3,143,1
2020-08-18,Kern,029,883053,28760,26978,185,27163,263
2020-08-18,Kings,031,150075,5805,5269,31,5300,58
2020-08-18,Lake,033,64148,310,274,0,274,2
2020-08-18,Lassen,035,31185,711,693,2,695,0
2020-08-18,Los Angeles,037,10098052,231817,224218,945,225163,5339
2020-08-18,Madera,039,155013,3670,3125,22,3147,28
2020-08-18,Marin,041,260295,5937,5708,13,5721,47
2020-08-18,Mariposa,043,17540,71,61,0,61,2
2020-08-18,Mendocino,045,87422,551,468,0,468,8
2020-08-18,Merced,047,269075,7492,6940,5,6945,66
2020-08-18,Modoc,049,8938,7,5,0,5,0
2020-08-18,Mono,051,14174,162,129,2,131,1
2020-08-18,Monterey,053,433212,7353,6691,20,6711,44
2020-08-18,Napa,055,140530,1405,1274,5,1279,10
2020-08-18,Nevada,057,99092,422,389,15,404,2
2020-08-18,Orange,059,3164182,48386,43659,1080,44739,809
2020-08-18,Placer,061,380077,2870,2644,5,2649,28
2020-08-18,Plumas,063,18699,39,34,0,34,0
2020-08-18,Riverside,065,2383286,51373,48447,54,48501,917
2020-08-18,Sacramento,067,1510023,16773,14610,14,14624,222
2020-08-18,San Benito,069,59416,973,836,0,836,3
2020-08-18,San Bernardino,071,2135413,46946,42827,260,43087,648
2020-08-18,San Diego,073,3302833,37105,35164,227,35391,633
2020-08-18,San Francisco,075,870044,8952,8016,9,8025,72
2020-08-18,San Joaquin,077,732212,17546,15509,29,15538,290
2020-08-18,San Luis Obispo,079,281455,2824,2535,16,2551,18
2020-08-18,San Mateo,081,765935,7933,7074,9,7083,119
2020-08-18,Santa Barbara,083,443738,7819,7472,69,7541,81
2020-08-18,Santa Clara,085,1922200,16912,14786,35,14821,184
2020-08-18,Santa Cruz,087,273765,1725,1509,15,1524,6
2020-08-18,Shasta,089,179085,589,468,3,471,9
2020-08-18,Sierra,091,2930,6,6,0,6,0
2020-08-18,Siskiyou,093,43540,120,103,1,104,0
2020-08-18,Solano,095,438530,5146,4700,32,4732,31
2020-08-18,Sonoma,097,501317,5254,4506,19,4525,48
2020-08-18,Stanislaus,099,539301,14346,12935,207,13142,149
2020-08-18,Sutter,101,95872,1213,1126,1,1127,8
2020-08-18,Tehama,103,63373,382,333,2,335,1
2020-08-18,Trinity,105,12862,41,8,6,14,0
2020-08-18,Tulare,107,460477,13728,12637,48,12685,212
2020-08-18,Tuolumne,109,53932,175,159,4,163,1
2020-08-18,Ventura,111,848112,10587,9536,62,9598,89
2020-08-18,Yolo,113,214977,2295,2102,4,2106,47
2020-08-18,Yuba,115,75493,759,679,3,682,1
2020-08-17,Alameda,001,1643700,17266,15454,119,15573,221
2020-08-17,Alpine,003,1148,2,2,0,2,0
2020-08-17,Amador,005,37829,262,215,0,215,9
2020-08-17,Butte,007,227075,1628,1463,18,1481,15
2020-08-17,Calaveras,009,45235,205,167,0,167,1
2020-08-17,Colusa,011,21464,431,408,0,408,5
2020-08-17,Contra Costa,013,1133247,13275,11442,41,11483,141
2020-08-17,Del Norte,015,27424,107,77,0,77,0
2020-08-17,El Dorado,017,186661,961,846,4,850,2
2020-08-17,Fresno,019,978130,25848,21316,261,21577,211
2020-08-17,Glenn,021,27897,424,402,0,402,2
2020-08-17,Humboldt,023,135768,349,302,1,303,4
2020-08-17,Imperial,025,180216,10983,8897,6,8903,188
2020-08-17,Inyo,027,18085,156,124,3,127,1
2020-08-17,Kern,029,883053,28613,26773,174,26947,249
2020-08-17,Kings,031,150075,5767,5249,31,5280,58
2020-08-17,Lake,033,64148,305,270,0,270,2
2020-08-17,Lassen,035,31185,711,666,2,668,0
2020-08-17,Los Angeles,037,10098052,230298,223418,898,224316,5282
2020-08-17,Madera,039,155013,3627,3050,21,3071,26
2020-08-17,Marin,041,260295,5914,5683,12,5695,46
2020-08-17,Mariposa,043,17540,71,61,0,61,2
2020-08-17,Mendocino,045,87422,533,454,0,454,8
2020-08-17,Merced,047,269075,7397,6814,5,6819,66
2020-08-17,Modoc,049,8938,7,5,0,5,0
2020-08-17,Mono,051,14174,162,126,2,128,1
2020-08-17,Monterey,053,433212,7253,6553,20,6573,44
2020-08-17,Napa,055,140530,1384,1255,5,1260,10
2020-08-17,Nevada,057,99092,417,383,15,398,2
2020-08-17,Orange,059,3164182,48176,43621,1067,44688,804
2020-08-17,Placer,061,380077,2845,2609,5,2614,28
2020-08-17,Plumas,063,18699,39,33,0,33,0
2020-08-17,Riverside,065,2383286,51040,48062,52,48114,916
2020-08-17,Sacramento,067,1510023,16553,14333,14,14347,219
2020-08-17,San Benito,069,59416,958,822,0,822,2
2020-08-17,San Bernardino,071,2135413,46602,42005,252,42257,604
2020-08-17,San Diego,073,3302833,36839,34962,213,35175,626
2020-08-17,San Francisco,075,870044,8881,7600,9,7609,72
2020-08-17,San Joaquin,077,732212,17384,15323,28,15351,280
2020-08-17,San Luis Obispo,079,281455,2791,2527,16,2543,18
2020-08-17,San Mateo,081,765935,7876,6987,8,6995,118
2020-08-17,Santa Barbara,083,443738,7777,7438,69,7507,80
2020-08-17,Santa Clara,085,1922200,16689,14546,35,14581,183
2020-08-17,Santa Cruz,087,273765,1709,1453,14,1467,6
2020-08-17,Shasta,089,179085,583,467,3,470,9
2020-08-17,Sierra,091,2930,6,6,0,6,0
2020-08-17,Siskiyou,093,43540,119,103,0,103,0
2020-08-17,Solano,095,438530,5089,4479,32,4511,31
2020-08-17,Sonoma,097,501317,5166,4402,17,4419,48
2020-08-17,Stanislaus,099,539301,14221,12745,200,12945,148
2020-08-17,Sutter,101,95872,1197,1071,1,1072,8
2020-08-17,Tehama,103,63373,372,324,2,326,1
2020-08-17,Trinity,105,12862,41,8,6,14,0
2020-08-17,Tulare,107,460477,13615,12487,47,12534,210
2020-08-17,Tuolumne,109,53932,172,157,4,161,1
2020-08-17,Ventura,111,848112,10464,9490,57,9547,89
2020-08-17,Yolo,113,214977,2268,2083,4,2087,47
2020-08-17,Yuba,115,75493,744,647,3,650,1
2020-08-16,Alameda,001,1643700,16975,15338,119,15457,221
2020-08-16,Alpine,003,1148,2,2,0,2,0
2020-08-16,Amador,005,37829,259,215,0,215,9
2020-08-16,Butte,007,227075,1590,1432,18,1450,15
2020-08-16,Calaveras,009,45235,198,167,0,167,1
2020-08-16,Colusa,011,21464,429,407,0,407,5
2020-08-16,Contra Costa,013,1133247,13089,11255,41,11296,140
2020-08-16,Del Norte,015,27424,103,77,0,77,0
2020-08-16,El Dorado,017,186661,949,843,4,847,2
2020-08-16,Fresno,019,978130,25627,21010,256,21266,211
2020-08-16,Glenn,021,27897,422,400,0,400,2
2020-08-16,Humboldt,023,135768,347,301,1,302,4
2020-08-16,Imperial,025,180216,10939,8883,6,8889,188
2020-08-16,Inyo,027,18085,149,125,2,127,1
2020-08-16,Kern,029,883053,28414,26520,166,26686,249
2020-08-16,Kings,031,150075,5736,5146,31,5177,58
2020-08-16,Lake,033,64148,301,269,0,269,2
2020-08-16,Lassen,035,31185,711,666,2,668,0
2020-08-16,Los Angeles,037,10098052,228725,222236,868,223104,5263
2020-08-16,Madera,039,155013,3582,3013,21,3034,26
2020-08-16,Marin,041,260295,5888,5664,12,5676,46
2020-08-16,Mariposa,043,17540,71,61,0,61,2
2020-08-16,Mendocino,045,87422,525,451,0,451,8
2020-08-16,Merced,047,269075,7315,6744,5,6749,66
2020-08-16,Modoc,049,8938,7,5,0,5,0
2020-08-16,Mono,051,14174,162,126,2,128,1
2020-08-16,Monterey,053,433212,7155,6516,19,6535,44
2020-08-16,Napa,055,140530,1366,1241,3,1244,10
2020-08-16,Nevada,057,99092,408,379,15,394,2
2020-08-16,Orange,059,3164182,47927,43303,1056,44359,803
2020-08-16,Placer,061,380077,2816,2583,4,2587,28
2020-08-16,Plumas,063,18699,39,33,0,33,0
2020-08-16,Riverside,065,2383286,50709,47669,51,47720,910
2020-08-16,Sacramento,067,1510023,16313,14210,14,14224,219
2020-08-16,San Benito,069,59416,929,815,0,815,2
2020-08-16,San Bernardino,071,2135413,46178,41724,244,41968,603
2020-08-16,San Diego,073,3302833,36575,34680,198,34878,626
2020-08-16,San Francisco,075,870044,8794,7602,9,7611,72
2020-08-16,San Joaquin,077,732212,17181,15288,28,15316,280
2020-08-16,San Luis Obispo,079,281455,2762,2494,16,2510,17
2020-08-16,San Mateo,081,765935,7802,6942,8,6950,118
2020-08-16,Santa Barbara,083,443738,7728,7368,69,7437,79
2020-08-16,Santa Clara,085,1922200,16491,14329,35,14364,183
2020-08-16,Santa Cruz,087,273765,1682,1449,13,1462,6
2020-08-16,Shasta,089,179085,576,465,3,468,9
2020-08-16,Sierra,091,2930,6,6,0,6,0
2020-08-16,Siskiyou,093,43540,118,102,0,102,0
2020-08-16,Solano,095,438530,5029,4479,32,4511,31
2020-08-16,Sonoma,097,501317,5062,4329,17,4346,46
2020-08-16,Stanislaus,099,539301,14063,12668,190,12858,148
2020-08-16,Sutter,101,95872,1179,1071,1,1072,8
2020-08-16,Tehama,103,63373,363,318,2,320,1
2020-08-16,Trinity,105,12862,38,8,6,14,0
2020-08-16,Tulare,107,460477,13483,12334,44,12378,211
2020-08-16,Tuolumne,109,53932,172,156,4,160,1
2020-08-16,Ventura,111,848112,10355,9408,52,9460,89
2020-08-16,Yolo,113,214977,2249,2057,4,2061,47
2020-08-16,Yuba,115,75493,735,647,2,649,1
2020-08-15,Alameda,001,1643700,16898,15165,119,15284,221
2020-08-15,Alpine,003,1148,2,2,0,2,0
2020-08-15,Amador,005,37829,259,210,0,210,9
2020-08-15,Butte,007,227075,1568,1409,18,1427,15
2020-08-15,Calaveras,009,45235,196,167,0,167,1
2020-08-15,Colusa,011,21464,428,401,0,401,5
2020-08-15,Contra Costa,013,1133247,12993,11106,41,11147,138
2020-08-15,Del Norte,015,27424,103,77,0,77,0
2020-08-15,El Dorado,017,186661,944,838,4,842,2
2020-08-15,Fresno,019,978130,25511,20603,254,20857,211
2020-08-15,Glenn,021,27897,422,398,0,398,2
2020-08-15,Humboldt,023,135768,346,301,1,302,4
2020-08-15,Imperial,025,180216,10919,8794,6,8800,188
2020-08-15,Inyo,027,18085,149,123,2,125,1
2020-08-15,Kern,029,883053,28326,26338,166,26504,249
2020-08-15,Kings,031,150075,5718,5039,31,5070,56
2020-08-15,Lake,033,64148,299,268,0,268,2
2020-08-15,Lassen,035,31185,711,666,2,668,0
2020-08-15,Los Angeles,037,10098052,227975,221043,858,221901,5252
2020-08-15,Madera,039,155013,3532,2950,21,2971,26
2020-08-15,Marin,041,260295,5881,5628,12,5640,46
2020-08-15,Mariposa,043,17540,71,61,0,61,2
2020-08-15,Mendocino,045,87422,521,444,0,444,8
2020-08-15,Merced,047,269075,7281,6656,5,6661,66
2020-08-15,Modoc,049,8938,7,5,0,5,0
2020-08-15,Mono,051,14174,162,126,2,128,1
2020-08-15,Monterey,053,433212,7110,6162,19,6181,44
2020-08-15,Napa,055,140530,1356,1232,3,1235,10
2020-08-15,Nevada,057,99092,408,376,15,391,2
2020-08-15,Orange,059,3164182,47814,42811,1045,43856,801
2020-08-15,Placer,061,380077,2795,2551,4,2555,27
2020-08-15,Plumas,063,18699,39,33,0,33,0
2020-08-15,Riverside,065,2383286,50558,46720,51,46771,910
2020-08-15,Sacramento,067,1510023,16203,14018,14,14032,219
2020-08-15,San Benito,069,59416,916,805,0,805,2
2020-08-15,San Bernardino,071,2135413,46026,41231,242,41473,602
2020-08-15,San Diego,073,3302833,36409,34346,184,34530,639
2020-08-15,San Francisco,075,870044,8731,7601,9,7610,69
2020-08-15,San Joaquin,077,732212,17108,15113,28,15141,280
2020-08-15,San Luis Obispo,079,281455,2745,2461,16,2477,17
2020-08-15,San Mateo,081,765935,7765,6860,8,6868,118
2020-08-15,Santa Barbara,083,443738,7700,7338,69,7407,79
2020-08-15,Santa Clara,085,1922200,16395,14105,35,14140,183
2020-08-15,Santa Cruz,087,273765,1661,1449,13,1462,6
2020-08-15,Shasta,089,179085,573,458,3,461,9
2020-08-15,Sierra,091,2930,6,6,0,6,0
2020-08-15,Siskiyou,093,43540,117,100,0,100,0
2020-08-15,Solano,095,438530,5007,4477,32,4509,31
2020-08-15,Sonoma,097,501317,5007,4134,17,4151,45
2020-08-15,Stanislaus,099,539301,13999,12541,189,12730,149
2020-08-15,Sutter,101,95872,1168,1046,1,1047,8
2020-08-15,Tehama,103,63373,362,312,2,314,1
2020-08-15,Trinity,105,12862,36,6,6,12,0
2020-08-15,Tulare,107,460477,13444,12262,44,12306,211
2020-08-15,Tuolumne,109,53932,172,155,4,159,1
2020-08-15,Ventura,111,848112,10296,9379,50,9429,89
2020-08-15,Yolo,113,214977,2237,2031,4,2035,46
2020-08-15,Yuba,115,75493,731,623,2,625,1
2020-08-14,Alameda,001,1643700,16758,14909,119,15028,221
2020-08-14,Alpine,003,1148,2,2,0,2,0
2020-08-14,Amador,005,37829,259,209,0,209,9
2020-08-14,Butte,007,227075,1559,1384,18,1402,15
2020-08-14,Calaveras,009,45235,192,165,0,165,1
2020-08-14,Colusa,011,21464,426,399,0,399,5
2020-08-14,Contra Costa,013,1133247,12881,10893,41,10934,137
2020-08-14,Del Norte,015,27424,103,76,0,76,0
2020-08-14,El Dorado,017,186661,936,827,4,831,2
2020-08-14,Fresno,019,978130,25377,19900,254,20154,208
2020-08-14,Glenn,021,27897,420,395,0,395,2
2020-08-14,Humboldt,023,135768,340,294,1,295,4
2020-08-14,Imperial,025,180216,10895,8756,6,8762,185
2020-08-14,Inyo,027,18085,148,115,2,117,1
2020-08-14,Kern,029,883053,28222,25893,165,26058,249
2020-08-14,Kings,031,150075,5704,4953,31,4984,56
2020-08-14,Lake,033,64148,290,267,0,267,2
2020-08-14,Lassen,035,31185,711,665,2,667,0
2020-08-14,Los Angeles,037,10098052,226805,219083,841,219924,5222
2020-08-14,Madera,039,155013,3502,2876,21,2897,26
2020-08-14,Marin,041,260295,5870,5601,12,5613,46
2020-08-14,Mariposa,043,17540,70,61,0,61,2
2020-08-14,Mendocino,045,87422,512,432,0,432,8
2020-08-14,Merced,047,269075,7251,6466,5,6471,67
2020-08-14,Modoc,049,8938,7,5,0,5,0
2020-08-14,Mono,051,14174,162,126,2,128,1
2020-08-14,Monterey,053,433212,7059,6121,19,6140,41
2020-08-14,Napa,055,140530,1346,1230,3,1233,10
2020-08-14,Nevada,057,99092,404,377,15,392,2
2020-08-14,Orange,059,3164182,47664,42399,1032,43431,798
2020-08-14,Placer,061,380077,2776,2546,4,2550,26
2020-08-14,Plumas,063,18699,38,33,0,33,0
2020-08-14,Riverside,065,2383286,50329,46456,51,46507,891
2020-08-14,Sacramento,067,1510023,16054,13645,14,13659,212
2020-08-14,San Benito,069,59416,899,783,0,783,2
2020-08-14,San Bernardino,071,2135413,45839,40442,239,40681,594
2020-08-14,San Diego,073,3302833,36215,34067,177,34244,622
2020-08-14,San Francisco,075,870044,8672,7467,9,7476,69
2020-08-14,San Joaquin,077,732212,17008,14925,28,14953,276
2020-08-14,San Luis Obispo,079,281455,2730,2422,16,2438,17
2020-08-14,San Mateo,081,765935,7706,6655,8,6663,118
2020-08-14,Santa Barbara,083,443738,7650,7302,69,7371,77
2020-08-14,Santa Clara,085,1922200,16229,13785,34,13819,183
2020-08-14,Santa Cruz,087,273765,1639,1418,12,1430,6
2020-08-14,Shasta,089,179085,568,446,3,449,9
2020-08-14,Sierra,091,2930,6,5,0,5,0
2020-08-14,Siskiyou,093,43540,117,98,0,98,0
2020-08-14,Solano,095,438530,4986,4421,32,4453,31
2020-08-14,Sonoma,097,501317,4947,4087,14,4101,45
2020-08-14,Stanislaus,099,539301,13921,12379,185,12564,140
2020-08-14,Sutter,101,95872,1160,1039,1,1040,8
2020-08-14,Tehama,103,63373,357,305,2,307,1
2020-08-14,Trinity,105,12862,36,6,6,12,0
2020-08-14,Tulare,107,460477,13367,12009,44,12053,211
2020-08-14,Tuolumne,109,53932,171,155,4,159,1
2020-08-14,Ventura,111,848112,10221,9313,50,9363,89
2020-08-14,Yolo,113,214977,2223,1991,4,1995,45
2020-08-14,Yuba,115,75493,715,606,2,608,1
2020-08-13,Alameda,001,1643700,16480,14385,119,14504,218
2020-08-13,Alpine,003,1148,2,2,0,2,0
2020-08-13,Amador,005,37829,259,198,0,198,8
2020-08-13,Butte,007,227075,1534,1345,18,1363,15
2020-08-13,Calaveras,009,45235,190,162,0,162,1
2020-08-13,Colusa,011,21464,426,395,0,395,5
2020-08-13,Contra Costa,013,1133247,12727,10545,40,10585,136
2020-08-13,Del Norte,015,27424,102,74,0,74,0
2020-08-13,El Dorado,017,186661,931,803,4,807,2
2020-08-13,Fresno,019,978130,25150,19157,248,19405,201
2020-08-13,Glenn,021,27897,416,392,0,392,1
2020-08-13,Humboldt,023,135768,332,281,1,282,4
2020-08-13,Imperial,025,180216,10864,8640,6,8646,170
2020-08-13,Inyo,027,18085,144,97,2,99,1
2020-08-13,Kern,029,883053,28055,25472,162,25634,242
2020-08-13,Kings,031,150075,5669,4824,31,4855,52
2020-08-13,Lake,033,64148,285,263,0,263,2
2020-08-13,Lassen,035,31185,711,652,2,654,0
2020-08-13,Los Angeles,037,10098052,225425,216497,820,217317,5179
2020-08-13,Madera,039,155013,3458,2675,20,2695,25
2020-08-13,Marin,041,260295,5854,5503,12,5515,44
2020-08-13,Mariposa,043,17540,69,61,0,61,2
2020-08-13,Mendocino,045,87422,507,401,0,401,8
2020-08-13,Merced,047,269075,7134,5945,5,5950,63
2020-08-13,Modoc,049,8938,7,5,0,5,0
2020-08-13,Mono,051,14174,162,124,2,126,1
2020-08-13,Monterey,053,433212,6976,5925,19,5944,38
2020-08-13,Napa,055,140530,1337,1179,3,1182,10
2020-08-13,Nevada,057,99092,400,362,15,377,1
2020-08-13,Orange,059,3164182,47425,42019,1020,43039,773
2020-08-13,Placer,061,380077,2753,2460,4,2464,26
2020-08-13,Plumas,063,18699,38,32,0,32,0
2020-08-13,Riverside,065,2383286,50033,45327,51,45378,885
2020-08-13,Sacramento,067,1510023,15851,13237,14,13251,197
2020-08-13,San Benito,069,59416,870,757,0,757,2
2020-08-13,San Bernardino,071,2135413,45444,39395,233,39628,591
2020-08-13,San Diego,073,3302833,35979,33661,159,33820,627
2020-08-13,San Francisco,075,870044,8578,7277,9,7286,69
2020-08-13,San Joaquin,077,732212,16853,14537,27,14564,261
2020-08-13,San Luis Obispo,079,281455,2708,2283,16,2299,16
2020-08-13,San Mateo,081,765935,7644,6503,8,6511,117
2020-08-13,Santa Barbara,083,443738,7605,7129,68,7197,74
2020-08-13,Santa Clara,085,1922200,16007,13257,34,13291,182
2020-08-13,Santa Cruz,087,273765,1614,1383,12,1395,6
2020-08-13,Shasta,089,179085,563,428,3,431,9
2020-08-13,Sierra,091,2930,6,5,0,5,0
2020-08-13,Siskiyou,093,43540,117,95,0,95,0
2020-08-13,Solano,095,438530,4949,4305,32,4337,31
2020-08-13,Sonoma,097,501317,4873,3902,14,3916,45
2020-08-13,Stanislaus,099,539301,13791,11953,169,12122,136
2020-08-13,Sutter,101,95872,1138,992,1,993,8
2020-08-13,Tehama,103,63373,348,302,2,304,1
2020-08-13,Trinity,105,12862,35,6,6,12,0
2020-08-13,Tulare,107,460477,13223,11692,41,11733,210
2020-08-13,Tuolumne,109,53932,170,152,4,156,1
2020-08-13,Ventura,111,848112,10132,9114,50,9164,90
2020-08-13,Yolo,113,214977,2196,1938,4,1942,44
2020-08-13,Yuba,115,75493,699,568,2,570,1
2020-08-12,Alameda,001,1643700,16266,14214,119,14333,215
2020-08-12,Alpine,003,1148,2,2,0,2,0
2020-08-12,Amador,005,37829,256,197,0,197,8
2020-08-12,Butte,007,227075,1506,1317,18,1335,15
2020-08-12,Calaveras,009,45235,187,157,0,157,1
2020-08-12,Colusa,011,21464,421,394,0,394,5
2020-08-12,Contra Costa,013,1133247,12582,10304,39,10343,134
2020-08-12,Del Norte,015,27424,101,74,0,74,0
2020-08-12,El Dorado,017,186661,913,794,4,798,2
2020-08-12,Fresno,019,978130,24920,18690,242,18932,194
2020-08-12,Glenn,021,27897,413,388,0,388,1
2020-08-12,Humboldt,023,135768,325,281,1,282,4
2020-08-12,Imperial,025,180216,10841,8566,6,8572,167
2020-08-12,Inyo,027,18085,127,97,2,99,1
2020-08-12,Kern,029,883053,27863,25191,160,25351,232
2020-08-12,Kings,031,150075,5630,4736,31,4767,50
2020-08-12,Lake,033,64148,283,253,0,253,2
2020-08-12,Lassen,035,31185,710,651,2,653,0
2020-08-12,Los Angeles,037,10098052,224024,214542,804,215346,5119
2020-08-12,Madera,039,155013,3424,2681,18,2699,23
2020-08-12,Marin,041,260295,5832,5423,12,5435,44
2020-08-12,Mariposa,043,17540,69,61,0,61,2
2020-08-12,Mendocino,045,87422,488,386,0,386,9
2020-08-12,Merced,047,269075,7072,5777,5,5782,66
2020-08-12,Modoc,049,8938,7,5,0,5,0
2020-08-12,Mono,051,14174,161,124,2,126,1
2020-08-12,Monterey,053,433212,6872,5919,19,5938,38
2020-08-12,Napa,055,140530,1327,1161,3,1164,10
2020-08-12,Nevada,057,99092,395,357,15,372,1
2020-08-12,Orange,059,3164182,47174,41576,996,42572,754
2020-08-12,Placer,061,380077,2721,2417,4,2421,25
2020-08-12,Plumas,063,18699,38,31,0,31,0
2020-08-12,Riverside,065,2383286,49685,44747,51,44798,867
2020-08-12,Sacramento,067,1510023,15639,12528,14,12542,189
2020-08-12,San Benito,069,59416,857,751,0,751,2
2020-08-12,San Bernardino,071,2135413,45101,38811,224,39035,589
2020-08-12,San Diego,073,3302833,35770,33395,139,33534,608
2020-08-12,San Francisco,075,870044,8495,7194,9,7203,66
2020-08-12,San Joaquin,077,732212,16707,14154,27,14181,253
2020-08-12,San Luis Obispo,079,281455,2683,2263,16,2279,15
2020-08-12,San Mateo,081,765935,7565,6427,8,6435,117
2020-08-12,Santa Barbara,083,443738,7545,7049,66,7115,74
2020-08-12,Santa Clara,085,1922200,15831,13002,34,13036,182
2020-08-12,Santa Cruz,087,273765,1585,1382,11,1393,6
2020-08-12,Shasta,089,179085,559,417,3,420,9
2020-08-12,Sierra,091,2930,5,4,0,4,0
2020-08-12,Siskiyou,093,43540,116,90,0,90,0
2020-08-12,Solano,095,438530,4904,4258,32,4290,31
2020-08-12,Sonoma,097,501317,4799,3847,14,3861,47
2020-08-12,Stanislaus,099,539301,13652,11682,161,11843,136
2020-08-12,Sutter,101,95872,1114,987,1,988,7
2020-08-12,Tehama,103,63373,338,289,2,291,1
2020-08-12,Trinity,105,12862,34,6,6,12,0
2020-08-12,Tulare,107,460477,13095,11460,41,11501,211
2020-08-12,Tuolumne,109,53932,169,150,4,154,1
2020-08-12,Ventura,111,848112,10045,9005,50,9055,87
2020-08-12,Yolo,113,214977,2172,1921,4,1925,44
2020-08-12,Yuba,115,75493,677,549,1,550,1
2020-08-11,Alameda,001,1643700,16005,13960,116,14076,204
2020-08-11,Alpine,003,1148,2,2,0,2,0
2020-08-11,Amador,005,37829,250,187,0,187,3
2020-08-11,Butte,007,227075,1479,1296,18,1314,15
2020-08-11,Calaveras,009,45235,185,161,0,161,1
2020-08-11,Colusa,011,21464,416,390,0,390,5
2020-08-11,Contra Costa,013,1133247,12393,10012,37,10049,131
2020-08-11,Del Norte,015,27424,100,73,0,73,0
2020-08-11,El Dorado,017,186661,906,786,4,790,2
2020-08-11,Fresno,019,978130,24598,18344,239,18583,187
2020-08-11,Glenn,021,27897,411,380,0,380,1
2020-08-11,Humboldt,023,135768,320,283,1,284,4
2020-08-11,Imperial,025,180216,10786,8518,6,8524,165
2020-08-11,Inyo,027,18085,122,97,2,99,1
2020-08-11,Kern,029,883053,27528,25042,158,25200,230
2020-08-11,Kings,031,150075,5439,4696,31,4727,50
2020-08-11,Lake,033,64148,280,243,0,243,2
2020-08-11,Lassen,035,31185,704,605,2,607,0
2020-08-11,Los Angeles,037,10098052,222523,212421,780,213201,5065
2020-08-11,Madera,039,155013,3370,2673,18,2691,22
2020-08-11,Marin,041,260295,5805,5287,11,5298,44
2020-08-11,Mariposa,043,17540,68,60,0,60,2
2020-08-11,Mendocino,045,87422,478,385,0,385,9
2020-08-11,Merced,047,269075,6977,5322,4,5326,65
2020-08-11,Modoc,049,8938,7,5,0,5,0
2020-08-11,Mono,051,14174,161,124,2,126,1
2020-08-11,Monterey,053,433212,6763,5624,19,5643,36
2020-08-11,Napa,055,140530,1316,1143,2,1145,11
2020-08-11,Nevada,057,99092,392,358,15,373,1
2020-08-11,Orange,059,3164182,46954,41205,974,42179,742
2020-08-11,Placer,061,380077,2689,2393,4,2397,24
2020-08-11,Plumas,063,18699,38,31,0,31,0
2020-08-11,Riverside,065,2383286,49328,44237,51,44288,836
2020-08-11,Sacramento,067,1510023,15348,12298,14,12312,182
2020-08-11,San Benito,069,59416,845,750,0,750,2
2020-08-11,San Bernardino,071,2135413,44760,38467,217,38684,584
2020-08-11,San Diego,073,3302833,35503,33159,120,33279,602
2020-08-11,San Francisco,075,870044,8399,6988,9,6997,66
2020-08-11,San Joaquin,077,732212,16529,13997,22,14019,251
2020-08-11,San Luis Obispo,079,281455,2626,2234,16,2250,15
2020-08-11,San Mateo,081,765935,7491,6339,8,6347,117
2020-08-11,Santa Barbara,083,443738,7496,6942,66,7008,70
2020-08-11,Santa Clara,085,1922200,15610,12920,34,12954,183
2020-08-11,Santa Cruz,087,273765,1562,1352,11,1363,4
2020-08-11,Shasta,089,179085,555,416,3,419,9
2020-08-11,Sierra,091,2930,5,4,0,4,0
2020-08-11,Siskiyou,093,43540,116,90,0,90,0
2020-08-11,Solano,095,438530,4856,4206,31,4237,31
2020-08-11,Sonoma,097,501317,4704,3752,14,3766,45
2020-08-11,Stanislaus,099,539301,13548,11592,149,11741,128
2020-08-11,Sutter,101,95872,1092,964,1,965,7
2020-08-11,Tehama,103,63373,334,289,2,291,1
2020-08-11,Trinity,105,12862,34,5,6,11,0
2020-08-11,Tulare,107,460477,12970,11392,40,11432,201
2020-08-11,Tuolumne,109,53932,164,146,4,150,1
2020-08-11,Ventura,111,848112,9977,8953,49,9002,88
2020-08-11,Yolo,113,214977,2150,1912,4,1916,44
2020-08-11,Yuba,115,75493,666,540,1,541,1
2020-08-10,Alameda,001,1643700,15765,13420,115,13535,203
2020-08-10,Alpine,003,1148,2,2,0,2,0
2020-08-10,Amador,005,37829,249,172,0,172,2
2020-08-10,Butte,007,227075,1455,1174,16,1190,15
2020-08-10,Calaveras,009,45235,174,121,0,121,1
2020-08-10,Colusa,011,21464,414,387,0,387,4
2020-08-10,Contra Costa,013,1133247,12240,9454,35,9489,130
2020-08-10,Del Norte,015,27424,98,69,0,69,0
2020-08-10,El Dorado,017,186661,894,771,4,775,2
2020-08-10,Fresno,019,978130,24317,17978,239,18217,183
2020-08-10,Glenn,021,27897,408,381,0,381,1
2020-08-10,Humboldt,023,135768,314,277,1,278,4
2020-08-10,Imperial,025,180216,10742,8465,6,8471,165
2020-08-10,Inyo,027,18085,122,97,2,99,1
2020-08-10,Kern,029,883053,27302,24499,157,24656,215
2020-08-10,Kings,031,150075,5333,4588,31,4619,50
2020-08-10,Lake,033,64148,273,239,0,239,2
2020-08-10,Lassen,035,31185,704,588,2,590,0
2020-08-10,Los Angeles,037,10098052,220946,211035,762,211797,5003
2020-08-10,Madera,039,155013,3337,2365,17,2382,22
2020-08-10,Marin,041,260295,5760,5242,10,5252,44
2020-08-10,Mariposa,043,17540,68,57,0,57,2
2020-08-10,Mendocino,045,87422,454,364,0,364,1
2020-08-10,Merced,047,269075,6896,4913,4,4917,51
2020-08-10,Modoc,049,8938,7,5,0,5,0
2020-08-10,Mono,051,14174,161,123,2,125,1
2020-08-10,Monterey,053,433212,6653,5358,19,5377,34
2020-08-10,Napa,055,140530,1298,1084,2,1086,8
2020-08-10,Nevada,057,99092,384,356,15,371,1
2020-08-10,Orange,059,3164182,46684,40445,956,41401,721
2020-08-10,Placer,061,380077,2650,2298,4,2302,21
2020-08-10,Plumas,063,18699,38,27,0,27,0
2020-08-10,Riverside,065,2383286,48943,43296,50,43346,830
2020-08-10,Sacramento,067,1510023,15037,12059,14,12073,168
2020-08-10,San Benito,069,59416,832,743,0,743,2
2020-08-10,San Bernardino,071,2135413,44383,37367,208,37575,579
2020-08-10,San Diego,073,3302833,35237,32977,104,33081,594
2020-08-10,San Francisco,075,870044,8309,6816,8,6824,66
2020-08-10,San Joaquin,077,732212,16347,13308,22,13330,240
2020-08-10,San Luis Obispo,079,281455,2527,2208,15,2223,15
2020-08-10,San Mateo,081,765935,7414,6222,8,6230,117
2020-08-10,Santa Barbara,083,443738,7441,6869,66,6935,66
2020-08-10,Santa Clara,085,1922200,15350,12615,33,12648,182
2020-08-10,Santa Cruz,087,273765,1542,1239,10,1249,4
2020-08-10,Shasta,089,179085,551,384,3,387,9
2020-08-10,Sierra,091,2930,5,3,0,3,0
2020-08-10,Siskiyou,093,43540,113,88,0,88,0
2020-08-10,Solano,095,438530,4796,4101,31,4132,31
2020-08-10,Sonoma,097,501317,4535,3640,10,3650,42
2020-08-10,Stanislaus,099,539301,13366,10855,132,10987,106
2020-08-10,Sutter,101,95872,1067,865,1,866,7
2020-08-10,Tehama,103,63373,327,282,2,284,1
2020-08-10,Trinity,105,12862,31,5,6,11,0
2020-08-10,Tulare,107,460477,12797,10750,38,10788,194
2020-08-10,Tuolumne,109,53932,164,143,3,146,1
2020-08-10,Ventura,111,848112,9893,8851,48,8899,85
2020-08-10,Yolo,113,214977,2127,1840,4,1844,45
2020-08-10,Yuba,115,75493,649,527,1,528,1
2020-08-09,Alameda,001,1643700,15485,13241,113,13354,203
2020-08-09,Alpine,003,1148,2,2,0,2,0
2020-08-09,Amador,005,37829,244,153,0,153,2
2020-08-09,Butte,007,227075,1411,1155,16,1171,15
2020-08-09,Calaveras,009,45235,169,122,0,122,1
2020-08-09,Colusa,011,21464,410,371,0,371,4
2020-08-09,Contra Costa,013,1133247,12013,9214,34,9248,130
2020-08-09,Del Norte,015,27424,98,69,0,69,0
2020-08-09,El Dorado,017,186661,886,748,4,752,2
2020-08-09,Fresno,019,978130,24008,17846,235,18081,183
2020-08-09,Glenn,021,27897,406,354,0,354,1
2020-08-09,Humboldt,023,135768,308,279,1,280,4
2020-08-09,Imperial,025,180216,10699,8310,5,8315,165
2020-08-09,Inyo,027,18085,117,86,1,87,1
2020-08-09,Kern,029,883053,27046,23680,157,23837,215
2020-08-09,Kings,031,150075,5290,4446,30,4476,50
2020-08-09,Lake,033,64148,266,225,0,225,2
2020-08-09,Lassen,035,31185,698,589,2,591,0
2020-08-09,Los Angeles,037,10098052,218884,208810,740,209550,4984
2020-08-09,Madera,039,155013,3278,2322,13,2335,22
2020-08-09,Marin,041,260295,5717,5204,10,5214,44
2020-08-09,Mariposa,043,17540,66,56,0,56,2
2020-08-09,Mendocino,045,87422,444,283,0,283,1
2020-08-09,Merced,047,269075,6799,4735,3,4738,51
2020-08-09,Modoc,049,8938,7,4,0,4,0
2020-08-09,Mono,051,14174,160,113,2,115,1
2020-08-09,Monterey,053,433212,6529,5199,19,5218,34
2020-08-09,Napa,055,140530,1279,1062,2,1064,8
2020-08-09,Nevada,057,99092,376,332,15,347,1
2020-08-09,Orange,059,3164182,46385,39244,941,40185,722
2020-08-09,Placer,061,380077,2621,2211,4,2215,20
2020-08-09,Plumas,063,18699,38,27,0,27,0
2020-08-09,Riverside,065,2383286,48598,41894,50,41944,828
2020-08-09,Sacramento,067,1510023,14757,11301,14,11315,167
2020-08-09,San Benito,069,59416,813,687,0,687,2
2020-08-09,San Bernardino,071,2135413,43904,36092,208,36300,579
2020-08-09,San Diego,073,3302833,34946,32749,93,32842,594
2020-08-09,San Francisco,075,870044,8194,6820,8,6828,66
2020-08-09,San Joaquin,077,732212,16143,12933,21,12954,240
2020-08-09,San Luis Obispo,079,281455,2491,2124,15,2139,15
2020-08-09,San Mateo,081,765935,7319,6094,8,6102,117
2020-08-09,Santa Barbara,083,443738,7353,6669,66,6735,66
2020-08-09,Santa Clara,085,1922200,15079,11878,33,11911,181
2020-08-09,Santa Cruz,087,273765,1518,1246,10,1256,4
2020-08-09,Shasta,089,179085,547,361,3,364,9
2020-08-09,Sierra,091,2930,5,3,0,3,0
2020-08-09,Siskiyou,093,43540,112,74,0,74,0
2020-08-09,Solano,095,438530,4743,3954,30,3984,31
2020-08-09,Sonoma,097,501317,4399,3531,8,3539,41
2020-08-09,Stanislaus,099,539301,13157,10264,119,10383,106
2020-08-09,Sutter,101,95872,1033,857,1,858,7
2020-08-09,Tehama,103,63373,319,265,2,267,1
2020-08-09,Trinity,105,12862,31,5,6,11,0
2020-08-09,Tulare,107,460477,12606,10630,35,10665,194
2020-08-09,Tuolumne,109,53932,161,143,3,146,1
2020-08-09,Ventura,111,848112,9745,8633,47,8680,85
2020-08-09,Yolo,113,214977,2096,1765,4,1769,44
2020-08-09,Yuba,115,75493,629,442,1,443,1
2020-08-08,Alameda,001,1643700,15375,13087,113,13200,204
2020-08-08,Alpine,003,1148,2,2,0,2,0
2020-08-08,Amador,005,37829,244,139,0,139,2
2020-08-08,Butte,007,227075,1393,1140,16,1156,15
2020-08-08,Calaveras,009,45235,168,122,0,122,1
2020-08-08,Colusa,011,21464,409,368,0,368,4
2020-08-08,Contra Costa,013,1133247,11904,9104,34,9138,129
2020-08-08,Del Norte,015,27424,97,69,0,69,0
2020-08-08,El Dorado,017,186661,879,734,4,738,2
2020-08-08,Fresno,019,978130,23871,17538,233,17771,183
2020-08-08,Glenn,021,27897,406,344,0,344,1
2020-08-08,Humboldt,023,135768,305,277,1,278,4
2020-08-08,Imperial,025,180216,10684,8213,5,8218,165
2020-08-08,Inyo,027,18085,113,86,1,87,1
2020-08-08,Kern,029,883053,26932,22803,157,22960,215
2020-08-08,Kings,031,150075,5276,4367,30,4397,49
2020-08-08,Lake,033,64148,264,221,0,221,2
2020-08-08,Lassen,035,31185,698,589,2,591,0
2020-08-08,Los Angeles,037,10098052,217999,206971,729,207700,4974
2020-08-08,Madera,039,155013,3247,2275,13,2288,22
2020-08-08,Marin,041,260295,5697,5118,10,5128,44
2020-08-08,Mariposa,043,17540,65,55,0,55,2
2020-08-08,Mendocino,045,87422,442,264,0,264,1
2020-08-08,Merced,047,269075,6759,4570,3,4573,51
2020-08-08,Modoc,049,8938,7,4,0,4,0
2020-08-08,Mono,051,14174,160,113,2,115,1
2020-08-08,Monterey,053,433212,6471,5101,19,5120,33
2020-08-08,Napa,055,140530,1271,1062,2,1064,8
2020-08-08,Nevada,057,99092,374,325,15,340,1
2020-08-08,Orange,059,3164182,46255,38688,932,39620,718
2020-08-08,Placer,061,380077,2604,2153,4,2157,20
2020-08-08,Plumas,063,18699,38,27,0,27,0
2020-08-08,Riverside,065,2383286,48394,41412,50,41462,823
2020-08-08,Sacramento,067,1510023,14628,11144,14,11158,166
2020-08-08,San Benito,069,59416,805,684,0,684,2
2020-08-08,San Bernardino,071,2135413,43709,35691,207,35898,531
2020-08-08,San Diego,073,3302833,34757,32332,84,32416,593
2020-08-08,San Francisco,075,870044,8128,6820,8,6828,66
2020-08-08,San Joaquin,077,732212,16062,12559,20,12579,240
2020-08-08,San Luis Obispo,079,281455,2468,2081,15,2096,15
2020-08-08,San Mateo,081,765935,7261,6021,8,6029,117
2020-08-08,Santa Barbara,083,443738,7315,6598,66,6664,66
2020-08-08,Santa Clara,085,1922200,14927,11615,33,11648,181
2020-08-08,Santa Cruz,087,273765,1504,1247,10,1257,4
2020-08-08,Shasta,089,179085,545,343,3,346,9
2020-08-08,Sierra,091,2930,5,3,0,3,0
2020-08-08,Siskiyou,093,43540,112,73,0,73,0
2020-08-08,Solano,095,438530,4722,3889,29,3918,31
2020-08-08,Sonoma,097,501317,4368,3399,8,3407,41
2020-08-08,Stanislaus,099,539301,13082,9963,114,10077,105
2020-08-08,Sutter,101,95872,1023,830,1,831,7
2020-08-08,Tehama,103,63373,318,251,2,253,1
2020-08-08,Trinity,105,12862,31,5,6,11,0
2020-08-08,Tulare,107,460477,12531,10505,35,10540,192
2020-08-08,Tuolumne,109,53932,161,143,3,146,1
2020-08-08,Ventura,111,848112,9690,8462,46,8508,85
2020-08-08,Yolo,113,214977,2083,1725,4,1729,44
2020-08-08,Yuba,115,75493,620,430,1,431,1
2020-08-07,Alameda,001,1643700,15265,12805,113,12918,204
2020-08-07,Alpine,003,1148,2,2,0,2,0
2020-08-07,Amador,005,37829,242,125,0,125,2
2020-08-07,Butte,007,227075,1375,1092,16,1108,13
2020-08-07,Calaveras,009,45235,168,119,0,119,1
2020-08-07,Colusa,011,21464,408,358,0,358,4
2020-08-07,Contra Costa,013,1133247,11756,8810,34,8844,126
2020-08-07,Del Norte,015,27424,97,69,0,69,0
2020-08-07,El Dorado,017,186661,874,724,4,728,2
2020-08-07,Fresno,019,978130,23711,17290,233,17523,171
2020-08-07,Glenn,021,27897,405,339,0,339,1
2020-08-07,Humboldt,023,135768,301,274,1,275,4
2020-08-07,Imperial,025,180216,10659,8085,5,8090,164
2020-08-07,Inyo,027,18085,112,81,1,82,1
2020-08-07,Kern,029,883053,26806,22143,154,22297,206
2020-08-07,Kings,031,150075,5259,4315,30,4345,48
2020-08-07,Lake,033,64148,262,215,0,215,1
2020-08-07,Lassen,035,31185,697,588,2,590,0
2020-08-07,Los Angeles,037,10098052,216532,204406,717,205123,4924
2020-08-07,Madera,039,155013,3215,2245,13,2258,20
2020-08-07,Marin,041,260295,5668,5094,10,5104,43
2020-08-07,Mariposa,043,17540,65,53,0,53,2
2020-08-07,Mendocino,045,87422,428,262,0,262,1
2020-08-07,Merced,047,269075,6716,4358,3,4361,30
2020-08-07,Modoc,049,8938,7,4,0,4,0
2020-08-07,Mono,051,14174,160,112,2,114,1
2020-08-07,Monterey,053,433212,6396,5041,19,5060,33
2020-08-07,Napa,055,140530,1266,1055,2,1057,8
2020-08-07,Nevada,057,99092,371,324,15,339,1
2020-08-07,Orange,059,3164182,46043,38459,915,39374,701
2020-08-07,Placer,061,380077,2586,2078,4,2082,20
2020-08-07,Plumas,063,18699,38,25,0,25,0
2020-08-07,Riverside,065,2383286,48130,40902,49,40951,810
2020-08-07,Sacramento,067,1510023,14483,10798,14,10812,160
2020-08-07,San Benito,069,59416,799,647,0,647,2
2020-08-07,San Bernardino,071,2135413,43462,35200,206,35406,524
2020-08-07,San Diego,073,3302833,34572,31781,81,31862,586
2020-08-07,San Francisco,075,870044,8050,6765,8,6773,66
2020-08-07,San Joaquin,077,732212,15977,12392,20,12412,223
2020-08-07,San Luis Obispo,079,281455,2437,2050,15,2065,14
2020-08-07,San Mateo,081,765935,7201,5948,8,5956,117
2020-08-07,Santa Barbara,083,443738,7264,6509,66,6575,66
2020-08-07,Santa Clara,085,1922200,14728,11409,33,11442,180
2020-08-07,Santa Cruz,087,273765,1486,1234,10,1244,5
2020-08-07,Shasta,089,179085,540,342,3,345,9
2020-08-07,Sierra,091,2930,5,3,0,3,0
2020-08-07,Siskiyou,093,43540,109,73,0,73,0
2020-08-07,Solano,095,438530,4690,3844,28,3872,31
2020-08-07,Sonoma,097,501317,4304,3329,8,3337,34
2020-08-07,Stanislaus,099,539301,12960,9665,104,9769,98
2020-08-07,Sutter,101,95872,1019,807,1,808,6
2020-08-07,Tehama,103,63373,314,246,2,248,1
2020-08-07,Trinity,105,12862,30,5,6,11,0
2020-08-07,Tulare,107,460477,12454,10292,35,10327,195
2020-08-07,Tuolumne,109,53932,160,136,3,139,1
2020-08-07,Ventura,111,848112,9630,8356,44,8400,84
2020-08-07,Yolo,113,214977,2056,1689,4,1693,37
2020-08-07,Yuba,115,75493,615,413,1,414,1
2020-08-06,Alameda,001,1643700,15043,12474,112,12586,200
2020-08-06,Alpine,003,1148,2,2,0,2,0
2020-08-06,Amador,005,37829,228,125,0,125,0
2020-08-06,Butte,007,227075,1356,1060,16,1076,13
2020-08-06,Calaveras,009,45235,166,117,0,117,1
2020-08-06,Colusa,011,21464,405,358,0,358,3
2020-08-06,Contra Costa,013,1133247,11562,8583,33,8616,124
2020-08-06,Del Norte,015,27424,97,69,0,69,0
2020-08-06,El Dorado,017,186661,863,703,4,707,1
2020-08-06,Fresno,019,978130,23413,17031,226,17257,161
2020-08-06,Glenn,021,27897,400,332,0,332,1
2020-08-06,Humboldt,023,135768,296,266,1,267,4
2020-08-06,Imperial,025,180216,10616,8064,5,8069,163
2020-08-06,Inyo,027,18085,104,83,1,84,1
2020-08-06,Kern,029,883053,26570,21843,153,21996,197
2020-08-06,Kings,031,150075,5197,4264,29,4293,47
2020-08-06,Lake,033,64148,259,209,0,209,1
2020-08-06,Lassen,035,31185,695,588,2,590,0
2020-08-06,Los Angeles,037,10098052,214460,201372,701,202073,4874
2020-08-06,Madera,039,155013,3167,2240,12,2252,19
2020-08-06,Marin,041,260295,5636,5058,10,5068,43
2020-08-06,Mariposa,043,17540,64,52,0,52,2
2020-08-06,Mendocino,045,87422,414,260,0,260,1
2020-08-06,Merced,047,269075,6614,4235,3,4238,30
2020-08-06,Modoc,049,8938,7,4,0,4,0
2020-08-06,Mono,051,14174,159,111,2,113,1
2020-08-06,Monterey,053,433212,6287,5001,18,5019,33
2020-08-06,Napa,055,140530,1252,1032,2,1034,8
2020-08-06,Nevada,057,99092,366,321,15,336,1
2020-08-06,Orange,059,3164182,45751,38399,910,39309,694
2020-08-06,Placer,061,380077,2560,2045,4,2049,20
2020-08-06,Plumas,063,18699,37,25,0,25,0
2020-08-06,Riverside,065,2383286,47736,40269,49,40318,781
2020-08-06,Sacramento,067,1510023,14254,10548,14,10562,153
2020-08-06,San Benito,069,59416,791,626,0,626,2
2020-08-06,San Bernardino,071,2135413,43057,34819,204,35023,516
2020-08-06,San Diego,073,3302833,34305,31129,74,31203,583
2020-08-06,San Francisco,075,870044,7957,6737,7,6744,60
2020-08-06,San Joaquin,077,732212,15817,12269,20,12289,203
2020-08-06,San Luis Obispo,079,281455,2413,2000,14,2014,13
2020-08-06,San Mateo,081,765935,7101,5885,8,5893,117
2020-08-06,Santa Barbara,083,443738,7204,6620,66,6686,65
2020-08-06,Santa Clara,085,1922200,14499,11280,33,11313,178
2020-08-06,Santa Cruz,087,273765,1465,1215,10,1225,4
2020-08-06,Shasta,089,179085,531,343,3,346,9
2020-08-06,Sierra,091,2930,5,3,0,3,0
2020-08-06,Siskiyou,093,43540,109,73,0,73,0
2020-08-06,Solano,095,438530,4646,3784,28,3812,29
2020-08-06,Sonoma,097,501317,4240,3259,8,3267,33
2020-08-06,Stanislaus,099,539301,12810,9566,88,9654,98
2020-08-06,Sutter,101,95872,988,797,1,798,6
2020-08-06,Tehama,103,63373,311,242,2,244,1
2020-08-06,Trinity,105,12862,27,5,6,11,0
2020-08-06,Tulare,107,460477,12294,10169,35,10204,195
2020-08-06,Tuolumne,109,53932,159,136,3,139,1
2020-08-06,Ventura,111,848112,9515,8245,41,8286,80
2020-08-06,Yolo,113,214977,2032,1662,4,1666,36
2020-08-06,Yuba,115,75493,606,407,0,407,1
2020-08-05,Alameda,001,1643700,14829,12140,112,12252,193
2020-08-05,Alpine,003,1148,2,2,0,2,0
2020-08-05,Amador,005,37829,218,123,0,123,0
2020-08-05,Butte,007,227075,1322,1038,15,1053,13
2020-08-05,Calaveras,009,45235,163,116,0,116,1
2020-08-05,Colusa,011,21464,401,354,0,354,3
2020-08-05,Contra Costa,013,1133247,11393,8362,33,8395,122
2020-08-05,Del Norte,015,27424,96,69,0,69,0
2020-08-05,El Dorado,017,186661,855,692,4,696,1
2020-08-05,Fresno,019,978130,23169,16625,221,16846,159
2020-08-05,Glenn,021,27897,397,330,0,330,1
2020-08-05,Humboldt,023,135768,294,249,1,250,4
2020-08-05,Imperial,025,180216,10581,8036,5,8041,163
2020-08-05,Inyo,027,18085,102,62,1,63,1
2020-08-05,Kern,029,883053,26382,21540,148,21688,194
2020-08-05,Kings,031,150075,5152,4192,27,4219,47
2020-08-05,Lake,033,64148,252,209,0,209,1
2020-08-05,Lassen,035,31185,648,557,2,559,0
2020-08-05,Los Angeles,037,10098052,212541,198355,681,199036,4832
2020-08-05,Madera,039,155013,3125,2172,12,2184,19
2020-08-05,Marin,041,260295,5604,5036,10,5046,43
2020-08-05,Mariposa,043,17540,64,52,0,52,2
2020-08-05,Mendocino,045,87422,402,248,0,248,1
2020-08-05,Merced,047,269075,6479,4119,3,4122,30
2020-08-05,Modoc,049,8938,7,3,0,3,0
2020-08-05,Mono,051,14174,159,104,2,106,1
2020-08-05,Monterey,053,433212,6172,4936,18,4954,32
2020-08-05,Napa,055,140530,1240,1020,2,1022,8
2020-08-05,Nevada,057,99092,357,327,15,342,2
2020-08-05,Orange,059,3164182,45442,37907,902,38809,663
2020-08-05,Placer,061,380077,2519,1989,4,1993,18
2020-08-05,Plumas,063,18699,36,25,0,25,0
2020-08-05,Riverside,065,2383286,47344,39454,47,39501,761
2020-08-05,Sacramento,067,1510023,14035,10261,13,10274,151
2020-08-05,San Benito,069,59416,782,613,0,613,2
2020-08-05,San Bernardino,071,2135413,42595,34442,199,34641,504
2020-08-05,San Diego,073,3302833,34081,30866,58,30924,578
2020-08-05,San Francisco,075,870044,7864,6701,7,6708,60
2020-08-05,San Joaquin,077,732212,15654,12148,20,12168,199
2020-08-05,San Luis Obispo,079,281455,2389,1928,14,1942,13
2020-08-05,San Mateo,081,765935,7005,5695,8,5703,116
2020-08-05,Santa Barbara,083,443738,7144,6597,66,6663,63
2020-08-05,Santa Clara,085,1922200,14265,11074,33,11107,176
2020-08-05,Santa Cruz,087,273765,1445,1192,8,1200,4
2020-08-05,Shasta,089,179085,525,338,3,341,9
2020-08-05,Sierra,091,2930,5,3,0,3,0
2020-08-05,Siskiyou,093,43540,105,72,0,72,0
2020-08-05,Solano,095,438530,4595,3750,27,3777,29
2020-08-05,Sonoma,097,501317,4157,3173,8,3181,33
2020-08-05,Stanislaus,099,539301,12651,9408,83,9491,97
2020-08-05,Sutter,101,95872,977,780,1,781,6
2020-08-05,Tehama,103,63373,308,231,2,233,1
2020-08-05,Trinity,105,12862,27,5,6,11,0
2020-08-05,Tulare,107,460477,12153,9924,35,9959,192
2020-08-05,Tuolumne,109,53932,159,137,3,140,0
2020-08-05,Ventura,111,848112,9399,8162,37,8199,75
2020-08-05,Yolo,113,214977,2004,1634,4,1638,36
2020-08-05,Yuba,115,75493,589,400,0,400,1
2020-08-04,Alameda,001,1643700,14612,11983,111,12094,192
2020-08-04,Alpine,003,1148,2,2,0,2,0
2020-08-04,Amador,005,37829,203,123,0,123,0
2020-08-04,Butte,007,227075,1298,1011,15,1026,10
2020-08-04,Calaveras,009,45235,159,116,0,116,1
2020-08-04,Colusa,011,21464,396,354,0,354,3
2020-08-04,Contra Costa,013,1133247,11226,8210,33,8243,122
2020-08-04,Del Norte,015,27424,94,69,0,69,0
2020-08-04,El Dorado,017,186661,845,668,4,672,1
2020-08-04,Fresno,019,978130,22884,16272,214,16486,154
2020-08-04,Glenn,021,27897,396,325,0,325,1
2020-08-04,Humboldt,023,135768,284,241,1,242,4
2020-08-04,Imperial,025,180216,10544,7974,5,7979,163
2020-08-04,Inyo,027,18085,88,59,1,60,1
2020-08-04,Kern,029,883053,26099,21403,148,21551,190
2020-08-04,Kings,031,150075,5087,4163,27,4190,47
2020-08-04,Lake,033,64148,252,206,0,206,1
2020-08-04,Lassen,035,31185,645,556,2,558,0
2020-08-04,Los Angeles,037,10098052,210603,196014,653,196667,4764
2020-08-04,Madera,039,155013,3082,2161,8,2169,19
2020-08-04,Marin,041,260295,5573,5020,9,5029,43
2020-08-04,Mariposa,043,17540,64,51,0,51,2
2020-08-04,Mendocino,045,87422,377,248,0,248,1
2020-08-04,Merced,047,269075,6365,4085,3,4088,30
2020-08-04,Modoc,049,8938,7,3,0,3,0
2020-08-04,Mono,051,14174,158,104,1,105,1
2020-08-04,Monterey,053,433212,6058,4892,18,4910,32
2020-08-04,Napa,055,140530,1227,994,0,994,8
2020-08-04,Nevada,057,99092,356,322,15,337,2
2020-08-04,Orange,059,3164182,45066,37844,895,38739,659
2020-08-04,Placer,061,380077,2482,1964,4,1968,17
2020-08-04,Plumas,063,18699,36,25,0,25,0
2020-08-04,Riverside,065,2383286,46959,38991,46,39037,743
2020-08-04,Sacramento,067,1510023,13817,10205,13,10218,146
2020-08-04,San Benito,069,59416,766,608,0,608,2
2020-08-04,San Bernardino,071,2135413,42045,34215,194,34409,495
2020-08-04,San Diego,073,3302833,33788,30518,46,30564,568
2020-08-04,San Francisco,075,870044,7776,6568,7,6575,60
2020-08-04,San Joaquin,077,732212,15525,12087,17,12104,189
2020-08-04,San Luis Obispo,079,281455,2359,1886,14,1900,13
2020-08-04,San Mateo,081,765935,6899,5690,8,5698,116
2020-08-04,Santa Barbara,083,443738,7084,6591,66,6657,61
2020-08-04,Santa Clara,085,1922200,13964,10986,32,11018,175
2020-08-04,Santa Cruz,087,273765,1426,1202,8,1210,4
2020-08-04,Shasta,089,179085,519,335,3,338,9
2020-08-04,Sierra,091,2930,5,1,0,1,0
2020-08-04,Siskiyou,093,43540,103,71,0,71,0
2020-08-04,Solano,095,438530,4524,3690,27,3717,29
2020-08-04,Sonoma,097,501317,4090,3108,8,3116,33
2020-08-04,Stanislaus,099,539301,12482,9359,75,9434,97
2020-08-04,Sutter,101,95872,963,761,1,762,6
2020-08-04,Tehama,103,63373,301,226,2,228,1
2020-08-04,Trinity,105,12862,27,5,6,11,0
2020-08-04,Tulare,107,460477,11973,9866,35,9901,192
2020-08-04,Tuolumne,109,53932,158,127,3,130,0
2020-08-04,Ventura,111,848112,9285,8134,35,8169,75
2020-08-04,Yolo,113,214977,1978,1626,4,1630,37
2020-08-04,Yuba,115,75493,574,398,0,398,1
2020-08-03,Alameda,001,1643700,14429,11817,107,11924,189
2020-08-03,Alpine,003,1148,2,2,0,2,0
2020-08-03,Amador,005,37829,199,119,0,119,0
2020-08-03,Butte,007,227075,1252,989,14,1003,9
2020-08-03,Calaveras,009,45235,156,117,0,117,1
2020-08-03,Colusa,011,21464,392,336,0,336,2
2020-08-03,Contra Costa,013,1133247,11029,8069,30,8099,120
2020-08-03,Del Norte,015,27424,90,68,0,68,0
2020-08-03,El Dorado,017,186661,834,645,4,649,1
2020-08-03,Fresno,019,978130,22590,15945,208,16153,151
2020-08-03,Glenn,021,27897,389,316,0,316,1
2020-08-03,Humboldt,023,135768,277,234,1,235,4
2020-08-03,Imperial,025,180216,10489,7953,5,7958,161
2020-08-03,Inyo,027,18085,85,57,1,58,1
2020-08-03,Kern,029,883053,25732,21285,141,21426,176
2020-08-03,Kings,031,150075,4975,4107,26,4133,47
2020-08-03,Lake,033,64148,245,201,0,201,1
2020-08-03,Lassen,035,31185,645,555,2,557,0
2020-08-03,Los Angeles,037,10098052,208568,194103,623,194726,4706
2020-08-03,Madera,039,155013,3033,2143,7,2150,18
2020-08-03,Marin,041,260295,5526,5001,9,5010,43
2020-08-03,Mariposa,043,17540,63,52,0,52,2
2020-08-03,Mendocino,045,87422,354,248,0,248,1
2020-08-03,Merced,047,269075,6243,4028,3,4031,29
2020-08-03,Modoc,049,8938,7,2,0,2,0
2020-08-03,Mono,051,14174,158,104,1,105,1
2020-08-03,Monterey,053,433212,5907,4806,15,4821,28
2020-08-03,Napa,055,140530,1213,973,0,973,8
2020-08-03,Nevada,057,99092,352,315,15,330,2
2020-08-03,Orange,059,3164182,44672,37705,885,38590,651
2020-08-03,Placer,061,380077,2426,1947,3,1950,16
2020-08-03,Plumas,063,18699,36,25,0,25,0
2020-08-03,Riverside,065,2383286,46491,38642,46,38688,740
2020-08-03,Sacramento,067,1510023,13622,10143,13,10156,142
2020-08-03,San Benito,069,59416,754,603,0,603,2
2020-08-03,San Bernardino,071,2135413,41519,33979,188,34167,444
2020-08-03,San Diego,073,3302833,33474,30228,36,30264,565
2020-08-03,San Francisco,075,870044,7682,6319,7,6326,60
2020-08-03,San Joaquin,077,732212,15329,12007,16,12023,189
2020-08-03,San Luis Obispo,079,281455,2317,1863,11,1874,14
2020-08-03,San Mateo,081,765935,6818,5661,8,5669,115
2020-08-03,Santa Barbara,083,443738,7040,6580,66,6646,59
2020-08-03,Santa Clara,085,1922200,13688,10747,32,10779,172
2020-08-03,Santa Cruz,087,273765,1406,1154,8,1162,4
2020-08-03,Shasta,089,179085,512,322,3,325,9
2020-08-03,Sierra,091,2930,5,1,0,1,0
2020-08-03,Siskiyou,093,43540,99,67,0,67,0
2020-08-03,Solano,095,438530,4455,3610,26,3636,29
2020-08-03,Sonoma,097,501317,3989,3079,7,3086,33
2020-08-03,Stanislaus,099,539301,12273,9308,67,9375,96
2020-08-03,Sutter,101,95872,939,713,1,714,6
2020-08-03,Tehama,103,63373,293,225,2,227,1
2020-08-03,Trinity,105,12862,27,5,6,11,0
2020-08-03,Tulare,107,460477,11789,9703,35,9738,188
2020-08-03,Tuolumne,109,53932,158,123,3,126,0
2020-08-03,Ventura,111,848112,9194,8084,32,8116,74
2020-08-03,Yolo,113,214977,1943,1598,3,1601,37
2020-08-03,Yuba,115,75493,550,393,0,393,1
2020-08-02,Alameda,001,1643700,14183,11696,95,11791,188
2020-08-02,Alpine,003,1148,2,2,0,2,0
2020-08-02,Amador,005,37829,194,117,0,117,0
2020-08-02,Butte,007,227075,1217,987,14,1001,9
2020-08-02,Calaveras,009,45235,153,116,0,116,1
2020-08-02,Colusa,011,21464,387,335,0,335,2
2020-08-02,Contra Costa,013,1133247,10790,7995,30,8025,118
2020-08-02,Del Norte,015,27424,89,68,0,68,0
2020-08-02,El Dorado,017,186661,824,643,4,647,1
2020-08-02,Fresno,019,978130,22315,15759,202,15961,151
2020-08-02,Glenn,021,27897,388,315,0,315,1
2020-08-02,Humboldt,023,135768,272,232,1,233,4
2020-08-02,Imperial,025,180216,10426,7919,5,7924,157
2020-08-02,Inyo,027,18085,84,45,1,46,1
2020-08-02,Kern,029,883053,25434,21162,139,21301,176
2020-08-02,Kings,031,150075,4913,3964,25,3989,47
2020-08-02,Lake,033,64148,240,201,0,201,1
2020-08-02,Lassen,035,31185,645,555,2,557,0
2020-08-02,Los Angeles,037,10098052,206480,192480,605,193085,4698
2020-08-02,Madera,039,155013,2967,2123,5,2128,18
2020-08-02,Marin,041,260295,5491,4985,9,4994,43
2020-08-02,Mariposa,043,17540,61,52,0,52,2
2020-08-02,Mendocino,045,87422,344,247,0,247,1
2020-08-02,Merced,047,269075,6101,4011,3,4014,29
2020-08-02,Modoc,049,8938,7,2,0,2,0
2020-08-02,Mono,051,14174,151,104,1,105,1
2020-08-02,Monterey,053,433212,5781,4698,15,4713,28
2020-08-02,Napa,055,140530,1198,956,0,956,8
2020-08-02,Nevada,057,99092,349,314,15,329,2
2020-08-02,Orange,059,3164182,44291,37266,874,38140,651
2020-08-02,Placer,061,380077,2387,1920,3,1923,15
2020-08-02,Plumas,063,18699,36,25,0,25,0
2020-08-02,Riverside,065,2383286,46058,38507,45,38552,735
2020-08-02,Sacramento,067,1510023,13343,10099,13,10112,142
2020-08-02,San Benito,069,59416,740,599,0,599,2
2020-08-02,San Bernardino,071,2135413,40917,33643,184,33827,443
2020-08-02,San Diego,073,3302833,33134,29885,27,29912,565
2020-08-02,San Francisco,075,870044,7564,6297,7,6304,60
2020-08-02,San Joaquin,077,732212,15043,11937,14,11951,189
2020-08-02,San Luis Obispo,079,281455,2254,1821,11,1832,14
2020-08-02,San Mateo,081,765935,6703,5618,8,5626,115
2020-08-02,Santa Barbara,083,443738,6950,6532,66,6598,59
2020-08-02,Santa Clara,085,1922200,13469,10577,32,10609,172
2020-08-02,Santa Cruz,087,273765,1386,1162,8,1170,4
2020-08-02,Shasta,089,179085,508,318,3,321,9
2020-08-02,Sierra,091,2930,4,1,0,1,0
2020-08-02,Siskiyou,093,43540,99,65,0,65,0
2020-08-02,Solano,095,438530,4397,3609,26,3635,29
2020-08-02,Sonoma,097,501317,3905,3005,7,3012,33
2020-08-02,Stanislaus,099,539301,12058,9277,62,9339,96
2020-08-02,Sutter,101,95872,904,714,1,715,6
2020-08-02,Tehama,103,63373,287,222,2,224,1
2020-08-02,Trinity,105,12862,27,5,6,11,0
2020-08-02,Tulare,107,460477,11580,9593,35,9628,188
2020-08-02,Tuolumne,109,53932,155,123,3,126,0
2020-08-02,Ventura,111,848112,9047,8014,32,8046,73
2020-08-02,Yolo,113,214977,1918,1588,3,1591,37
2020-08-02,Yuba,115,75493,530,393,0,393,1
2020-08-01,Alameda,001,1643700,14071,11590,95,11685,188
2020-08-01,Alpine,003,1148,2,2,0,2,0
2020-08-01,Amador,005,37829,190,109,0,109,0
2020-08-01,Butte,007,227075,1203,976,14,990,9
2020-08-01,Calaveras,009,45235,149,116,0,116,1
2020-08-01,Colusa,011,21464,386,327,0,327,2
2020-08-01,Contra Costa,013,1133247,10657,7867,29,7896,116
2020-08-01,Del Norte,015,27424,89,68,0,68,0
2020-08-01,El Dorado,017,186661,821,637,4,641,1
2020-08-01,Fresno,019,978130,22178,15448,202,15650,149
2020-08-01,Glenn,021,27897,387,311,0,311,1
2020-08-01,Humboldt,023,135768,271,232,1,233,4
2020-08-01,Imperial,025,180216,10390,7919,5,7924,156
2020-08-01,Inyo,027,18085,82,45,1,46,1
2020-08-01,Kern,029,883053,25276,20796,135,20931,176
2020-08-01,Kings,031,150075,4887,3948,25,3973,47
2020-08-01,Lake,033,64148,238,194,0,194,1
2020-08-01,Lassen,035,31185,644,555,2,557,0
2020-08-01,Los Angeles,037,10098052,205587,191023,578,191601,4674
2020-08-01,Madera,039,155013,2928,2103,5,2108,18
2020-08-01,Marin,041,260295,5476,4945,9,4954,43
2020-08-01,Mariposa,043,17540,61,50,0,50,2
2020-08-01,Mendocino,045,87422,337,243,0,243,1
2020-08-01,Merced,047,269075,6053,3972,3,3975,29
2020-08-01,Modoc,049,8938,7,2,0,2,0
2020-08-01,Mono,051,14174,150,104,1,105,1
2020-08-01,Monterey,053,433212,5714,4611,14,4625,28
2020-08-01,Napa,055,140530,1189,923,0,923,8
2020-08-01,Nevada,057,99092,345,305,15,320,2
2020-08-01,Orange,059,3164182,44064,36703,868,37571,648
2020-08-01,Placer,061,380077,2353,1891,3,1894,14
2020-08-01,Plumas,063,18699,35,25,0,25,0
2020-08-01,Riverside,065,2383286,45846,38216,43,38259,704
2020-08-01,Sacramento,067,1510023,13192,10044,13,10057,141
2020-08-01,San Benito,069,59416,729,579,0,579,2
2020-08-01,San Bernardino,071,2135413,40681,32947,183,33130,440
2020-08-01,San Diego,073,3302833,32917,29579,19,29598,565
2020-08-01,San Francisco,075,870044,7502,6296,7,6303,60
2020-08-01,San Joaquin,077,732212,14970,11807,13,11820,189
2020-08-01,San Luis Obispo,079,281455,2225,1798,11,1809,13
2020-08-01,San Mateo,081,765935,6649,5520,8,5528,115
2020-08-01,Santa Barbara,083,443738,6910,6465,66,6531,59
2020-08-01,Santa Clara,085,1922200,13318,10281,31,10312,171
2020-08-01,Santa Cruz,087,273765,1370,1164,8,1172,4
2020-08-01,Shasta,089,179085,503,312,3,315,9
2020-08-01,Sierra,091,2930,3,1,0,1,0
2020-08-01,Siskiyou,093,43540,99,64,0,64,0
2020-08-01,Solano,095,438530,4363,3591,25,3616,29
2020-08-01,Sonoma,097,501317,3859,2890,7,2897,29
2020-08-01,Stanislaus,099,539301,11940,9221,54,9275,96
2020-08-01,Sutter,101,95872,900,714,1,715,6
2020-08-01,Tehama,103,63373,284,220,2,222,1
2020-08-01,Trinity,105,12862,27,5,6,11,0
2020-08-01,Tulare,107,460477,11512,9520,35,9555,188
2020-08-01,Tuolumne,109,53932,155,123,3,126,0
2020-08-01,Ventura,111,848112,9001,7819,32,7851,73
2020-08-01,Yolo,113,214977,1908,1557,3,1560,37
2020-08-01,Yuba,115,75493,525,387,0,387,1
2020-07-31,Alameda,001,1643700,13941,11441,95,11536,187
2020-07-31,Alpine,003,1148,2,2,0,2,0
2020-07-31,Amador,005,37829,189,98,0,98,0
2020-07-31,Butte,007,227075,1180,925,14,939,7
2020-07-31,Calaveras,009,45235,149,112,0,112,1
2020-07-31,Colusa,011,21464,376,319,0,319,2
2020-07-31,Contra Costa,013,1133247,10509,7697,28,7725,113
2020-07-31,Del Norte,015,27424,88,68,0,68,0
2020-07-31,El Dorado,017,186661,810,616,4,620,1
2020-07-31,Fresno,019,978130,21958,15083,202,15285,133
2020-07-31,Glenn,021,27897,380,304,0,304,1
2020-07-31,Humboldt,023,135768,264,229,1,230,4
2020-07-31,Imperial,025,180216,10358,7886,5,7891,155
2020-07-31,Inyo,027,18085,72,45,1,46,1
2020-07-31,Kern,029,883053,25035,20061,131,20192,173
2020-07-31,Kings,031,150075,4859,3807,25,3832,45
2020-07-31,Lake,033,64148,237,191,0,191,1
2020-07-31,Lassen,035,31185,639,544,2,546,0
2020-07-31,Los Angeles,037,10098052,203987,188688,565,189253,4628
2020-07-31,Madera,039,155013,2881,2036,5,2041,19
2020-07-31,Marin,041,260295,5432,4885,6,4891,43
2020-07-31,Mariposa,043,17540,61,49,0,49,2
2020-07-31,Mendocino,045,87422,322,232,0,232,1
2020-07-31,Merced,047,269075,5970,3789,3,3792,30
2020-07-31,Modoc,049,8938,6,0,0,0,0
2020-07-31,Mono,051,14174,149,104,1,105,1
2020-07-31,Monterey,053,433212,5622,4493,14,4507,24
2020-07-31,Napa,055,140530,1177,897,0,897,7
2020-07-31,Nevada,057,99092,343,302,15,317,2
2020-07-31,Orange,059,3164182,43765,36196,852,37048,620
2020-07-31,Placer,061,380077,2328,1853,3,1856,14
2020-07-31,Plumas,063,18699,34,25,0,25,0
2020-07-31,Riverside,065,2383286,45456,37612,42,37654,694
2020-07-31,Sacramento,067,1510023,13014,9872,13,9885,132
2020-07-31,San Benito,069,59416,721,567,0,567,2
2020-07-31,San Bernardino,071,2135413,40351,32332,182,32514,434
2020-07-31,San Diego,073,3302833,32683,29050,11,29061,561
2020-07-31,San Francisco,075,870044,7403,6126,7,6133,60
2020-07-31,San Joaquin,077,732212,14830,11561,13,11574,177
2020-07-31,San Luis Obispo,079,281455,2156,1746,11,1757,12
2020-07-31,San Mateo,081,765935,6577,5416,8,5424,115
2020-07-31,Santa Barbara,083,443738,6843,6375,66,6441,58
2020-07-31,Santa Clara,085,1922200,13097,9863,31,9894,171
2020-07-31,Santa Cruz,087,273765,1347,1118,8,1126,4
2020-07-31,Shasta,089,179085,493,305,3,308,9
2020-07-31,Sierra,091,2930,3,1,0,1,0
2020-07-31,Siskiyou,093,43540,97,61,0,61,0
2020-07-31,Solano,095,438530,4316,3510,24,3534,29
2020-07-31,Sonoma,097,501317,3801,2745,7,2752,27
2020-07-31,Stanislaus,099,539301,11834,9061,49,9110,94
2020-07-31,Sutter,101,95872,895,714,1,715,6
2020-07-31,Tehama,103,63373,281,213,2,215,1
2020-07-31,Trinity,105,12862,27,5,6,11,0
2020-07-31,Tulare,107,460477,11391,9365,35,9400,184
2020-07-31,Tuolumne,109,53932,155,120,3,123,0
2020-07-31,Ventura,111,848112,8926,7521,32,7553,71
2020-07-31,Yolo,113,214977,1882,1522,3,1525,38
2020-07-31,Yuba,115,75493,516,369,0,369,1
2020-07-30,Alameda,001,1643700,13738,11303,55,11358,185
2020-07-30,Alpine,003,1148,2,2,0,2,0
2020-07-30,Amador,005,37829,171,97,0,97,0
2020-07-30,Butte,007,227075,1164,915,14,929,7
2020-07-30,Calaveras,009,45235,145,111,0,111,1
2020-07-30,Colusa,011,21464,373,315,0,315,2
2020-07-30,Contra Costa,013,1133247,10325,7615,27,7642,112
2020-07-30,Del Norte,015,27424,88,68,0,68,0
2020-07-30,El Dorado,017,186661,803,608,4,612,1
2020-07-30,Fresno,019,978130,21622,14793,196,14989,133
2020-07-30,Glenn,021,27897,373,297,0,297,1
2020-07-30,Humboldt,023,135768,262,228,1,229,4
2020-07-30,Imperial,025,180216,10299,7849,5,7854,151
2020-07-30,Inyo,027,18085,68,44,1,45,1
2020-07-30,Kern,029,883053,24742,19552,127,19679,171
2020-07-30,Kings,031,150075,4755,3785,25,3810,43
2020-07-30,Lake,033,64148,231,181,0,181,1
2020-07-30,Lassen,035,31185,636,544,2,546,0
2020-07-30,Los Angeles,037,10098052,201956,186177,534,186711,4564
2020-07-30,Madera,039,155013,2811,2007,5,2012,18
2020-07-30,Marin,041,260295,5390,4835,5,4840,39
2020-07-30,Mariposa,043,17540,61,49,0,49,1
2020-07-30,Mendocino,045,87422,315,232,0,232,1
2020-07-30,Merced,047,269075,5805,3695,3,3698,30
2020-07-30,Modoc,049,8938,6,0,0,0,0
2020-07-30,Mono,051,14174,148,104,1,105,1
2020-07-30,Monterey,053,433212,5510,4352,14,4366,24
2020-07-30,Napa,055,140530,1160,874,0,874,7
2020-07-30,Nevada,057,99092,338,292,15,307,2
2020-07-30,Orange,059,3164182,43350,36105,827,36932,607
2020-07-30,Placer,061,380077,2278,1821,3,1824,14
2020-07-30,Plumas,063,18699,33,25,0,25,0
2020-07-30,Riverside,065,2383286,44915,37308,42,37350,685
2020-07-30,Sacramento,067,1510023,12795,9704,13,9717,126
2020-07-30,San Benito,069,59416,708,558,0,558,2
2020-07-30,San Bernardino,071,2135413,39828,32010,182,32192,427
2020-07-30,San Diego,073,3302833,32336,28670,9,28679,558
2020-07-30,San Francisco,075,870044,7303,6107,7,6114,59
2020-07-30,San Joaquin,077,732212,14636,11435,13,11448,161
2020-07-30,San Luis Obispo,079,281455,2120,1703,11,1714,12
2020-07-30,San Mateo,081,765935,6482,5369,8,5377,115
2020-07-30,Santa Barbara,083,443738,6763,6273,66,6339,52
2020-07-30,Santa Clara,085,1922200,12862,9708,30,9738,170
2020-07-30,Santa Cruz,087,273765,1319,1087,8,1095,4
2020-07-30,Shasta,089,179085,489,306,3,309,8
2020-07-30,Sierra,091,2930,3,1,0,1,0
2020-07-30,Siskiyou,093,43540,96,60,0,60,0
2020-07-30,Solano,095,438530,4265,3463,24,3487,29
2020-07-30,Sonoma,097,501317,3730,2684,7,2691,25
2020-07-30,Stanislaus,099,539301,11621,8890,41,8931,94
2020-07-30,Sutter,101,95872,876,698,1,699,6
2020-07-30,Tehama,103,63373,278,208,2,210,1
2020-07-30,Trinity,105,12862,26,4,6,10,0
2020-07-30,Tulare,107,460477,11262,9167,35,9202,177
2020-07-30,Tuolumne,109,53932,154,119,3,122,0
2020-07-30,Ventura,111,848112,8814,7304,30,7334,69
2020-07-30,Yolo,113,214977,1862,1511,3,1514,37
2020-07-30,Yuba,115,75493,503,362,0,362,1
2020-07-29,Alameda,001,1643700,13518,11177,50,11227,180
2020-07-29,Alpine,003,1148,2,2,0,2,0
2020-07-29,Amador,005,37829,163,80,0,80,0
2020-07-29,Butte,007,227075,1138,889,12,901,7
2020-07-29,Calaveras,009,45235,139,107,0,107,1
2020-07-29,Colusa,011,21464,369,302,0,302,2
2020-07-29,Contra Costa,013,1133247,10121,7520,27,7547,108
2020-07-29,Del Norte,015,27424,88,68,0,68,0
2020-07-29,El Dorado,017,186661,793,588,4,592,1
2020-07-29,Fresno,019,978130,21330,14312,196,14508,125
2020-07-29,Glenn,021,27897,366,294,0,294,1
2020-07-29,Humboldt,023,135768,259,221,1,222,4
2020-07-29,Imperial,025,180216,10251,7825,5,7830,147
2020-07-29,Inyo,027,18085,63,44,1,45,1
2020-07-29,Kern,029,883053,24404,19073,124,19197,162
2020-07-29,Kings,031,150075,4707,3755,25,3780,43
2020-07-29,Lake,033,64148,229,179,0,179,1
2020-07-29,Lassen,035,31185,621,513,2,515,0
2020-07-29,Los Angeles,037,10098052,199927,183600,517,184117,4523
2020-07-29,Madera,039,155013,2757,1941,5,1946,18
2020-07-29,Marin,041,260295,5352,4747,5,4752,34
2020-07-29,Mariposa,043,17540,60,47,0,47,1
2020-07-29,Mendocino,045,87422,307,228,0,228,0
2020-07-29,Merced,047,269075,5665,3605,3,3608,25
2020-07-29,Modoc,049,8938,5,0,0,0,0
2020-07-29,Mono,051,14174,145,102,1,103,1
2020-07-29,Monterey,053,433212,5410,4252,14,4266,24
2020-07-29,Napa,055,140530,1132,866,0,866,7
2020-07-29,Nevada,057,99092,334,288,15,303,1
2020-07-29,Orange,059,3164182,42916,35339,816,36155,589
2020-07-29,Placer,061,380077,2246,1798,3,1801,14
2020-07-29,Plumas,063,18699,33,25,0,25,0
2020-07-29,Riverside,065,2383286,44323,36968,42,37010,678
2020-07-29,Sacramento,067,1510023,12549,9538,13,9551,122
2020-07-29,San Benito,069,59416,693,537,0,537,2
2020-07-29,San Bernardino,071,2135413,39339,31168,171,31339,417
2020-07-29,San Diego,073,3302833,32011,28289,8,28297,552
2020-07-29,San Francisco,075,870044,7209,6041,7,6048,56
2020-07-29,San Joaquin,077,732212,14388,11249,10,11259,154
2020-07-29,San Luis Obispo,079,281455,2099,1673,11,1684,11
2020-07-29,San Mateo,081,765935,6394,5305,8,5313,114
2020-07-29,Santa Barbara,083,443738,6696,6215,66,6281,31
2020-07-29,Santa Clara,085,1922200,12655,9567,30,9597,165
2020-07-29,Santa Cruz,087,273765,1295,1051,8,1059,4
2020-07-29,Shasta,089,179085,477,297,3,300,8
2020-07-29,Sierra,091,2930,2,1,0,1,0
2020-07-29,Siskiyou,093,43540,94,58,0,58,0
2020-07-29,Solano,095,438530,4211,3380,24,3404,29
2020-07-29,Sonoma,097,501317,3652,2598,7,2605,26
2020-07-29,Stanislaus,099,539301,11400,8745,35,8780,94
2020-07-29,Sutter,101,95872,848,678,1,679,6
2020-07-29,Tehama,103,63373,274,206,2,208,1
2020-07-29,Trinity,105,12862,26,4,6,10,0
2020-07-29,Tulare,107,460477,11091,9028,35,9063,156
2020-07-29,Tuolumne,109,53932,154,118,3,121,0
2020-07-29,Ventura,111,848112,8709,7161,30,7191,68
2020-07-29,Yolo,113,214977,1836,1488,3,1491,36
2020-07-29,Yuba,115,75493,487,350,0,350,1
2020-07-28,Alameda,001,1643700,13288,10875,49,10924,180
2020-07-28,Alpine,003,1148,2,2,0,2,0
2020-07-28,Amador,005,37829,153,77,0,77,0
2020-07-28,Butte,007,227075,1103,857,12,869,7
2020-07-28,Calaveras,009,45235,138,105,0,105,1
2020-07-28,Colusa,011,21464,363,290,0,290,2
2020-07-28,Contra Costa,013,1133247,9899,7426,27,7453,107
2020-07-28,Del Norte,015,27424,87,68,0,68,0
2020-07-28,El Dorado,017,186661,778,558,4,562,1
2020-07-28,Fresno,019,978130,20994,13933,190,14123,125
2020-07-28,Glenn,021,27897,364,289,0,289,1
2020-07-28,Humboldt,023,135768,258,218,1,219,4
2020-07-28,Imperial,025,180216,10215,7804,5,7809,145
2020-07-28,Inyo,027,18085,61,43,1,44,1
2020-07-28,Kern,029,883053,24041,18834,118,18952,155
2020-07-28,Kings,031,150075,4661,3721,25,3746,41
2020-07-28,Lake,033,64148,225,179,0,179,1
2020-07-28,Lassen,035,31185,615,508,2,510,0
2020-07-28,Los Angeles,037,10098052,197694,179107,495,179602,4435
2020-07-28,Madera,039,155013,2691,1889,5,1894,18
2020-07-28,Marin,041,260295,5283,4698,5,4703,23
2020-07-28,Mariposa,043,17540,58,45,0,45,1
2020-07-28,Mendocino,045,87422,296,222,0,222,0
2020-07-28,Merced,047,269075,5520,3446,3,3449,23
2020-07-28,Modoc,049,8938,4,0,0,0,0
2020-07-28,Mono,051,14174,144,102,1,103,1
2020-07-28,Monterey,053,433212,5290,4047,14,4061,22
2020-07-28,Napa,055,140530,1110,824,0,824,6
2020-07-28,Nevada,057,99092,329,278,15,293,1
2020-07-28,Orange,059,3164182,42458,34832,802,35634,582
2020-07-28,Placer,061,380077,2210,1759,3,1762,14
2020-07-28,Plumas,063,18699,33,22,0,22,0
2020-07-28,Riverside,065,2383286,43721,36458,42,36500,668
2020-07-28,Sacramento,067,1510023,12290,9429,12,9441,117
2020-07-28,San Benito,069,59416,683,503,0,503,2
2020-07-28,San Bernardino,071,2135413,38816,30493,167,30660,412
2020-07-28,San Diego,073,3302833,31661,28007,6,28013,547
2020-07-28,San Francisco,075,870044,7096,5888,7,5895,56
2020-07-28,San Joaquin,077,732212,14105,10958,7,10965,141
2020-07-28,San Luis Obispo,079,281455,2066,1636,11,1647,9
2020-07-28,San Mateo,081,765935,6321,5171,8,5179,114
2020-07-28,Santa Barbara,083,443738,6632,6110,64,6174,31
2020-07-28,Santa Clara,085,1922200,12421,9307,30,9337,165
2020-07-28,Santa Cruz,087,273765,1268,1018,8,1026,4
2020-07-28,Shasta,089,179085,465,275,3,278,8
2020-07-28,Sierra,091,2930,2,1,0,1,0
2020-07-28,Siskiyou,093,43540,90,57,0,57,0
2020-07-28,Solano,095,438530,4164,3292,23,3315,29
2020-07-28,Sonoma,097,501317,3578,2553,7,2560,20
2020-07-28,Stanislaus,099,539301,11178,8492,27,8519,92
2020-07-28,Sutter,101,95872,811,653,0,653,2
2020-07-28,Tehama,103,63373,269,199,2,201,1
2020-07-28,Trinity,105,12862,26,3,6,9,0
2020-07-28,Tulare,107,460477,10904,8787,35,8822,96
2020-07-28,Tuolumne,109,53932,153,116,3,119,0
2020-07-28,Ventura,111,848112,8583,7045,29,7074,68
2020-07-28,Yolo,113,214977,1808,1459,3,1462,36
2020-07-28,Yuba,115,75493,470,333,0,333,1
2020-07-27,Alameda,001,1643700,13061,10645,46,10691,176
2020-07-27,Alpine,003,1148,2,2,0,2,0
2020-07-27,Amador,005,37829,148,72,0,72,0
2020-07-27,Butte,007,227075,1076,843,12,855,7
2020-07-27,Calaveras,009,45235,134,103,0,103,1
2020-07-27,Colusa,011,21464,356,271,0,271,2
2020-07-27,Contra Costa,013,1133247,9677,7256,27,7283,104
2020-07-27,Del Norte,015,27424,86,67,0,67,0
2020-07-27,El Dorado,017,186661,766,548,4,552,1
2020-07-27,Fresno,019,978130,20646,13485,184,13669,117
2020-07-27,Glenn,021,27897,362,277,0,277,1
2020-07-27,Humboldt,023,135768,253,218,1,219,4
2020-07-27,Imperial,025,180216,10165,7789,5,7794,144
2020-07-27,Inyo,027,18085,61,43,1,44,1
2020-07-27,Kern,029,883053,23539,17994,112,18106,148
2020-07-27,Kings,031,150075,4412,3685,25,3710,39
2020-07-27,Lake,033,64148,221,176,0,176,1
2020-07-27,Lassen,035,31185,615,503,2,505,0
2020-07-27,Los Angeles,037,10098052,195266,176351,477,176828,4379
2020-07-27,Madera,039,155013,2626,1793,5,1798,17
2020-07-27,Marin,041,260295,5195,4669,5,4674,22
2020-07-27,Mariposa,043,17540,58,43,0,43,1
2020-07-27,Mendocino,045,87422,282,209,0,209,0
2020-07-27,Merced,047,269075,5380,3292,3,3295,23
2020-07-27,Modoc,049,8938,3,0,0,0,0
2020-07-27,Mono,051,14174,140,99,1,100,1
2020-07-27,Monterey,053,433212,5101,3960,14,3974,21
2020-07-27,Napa,055,140530,1095,769,0,769,6
2020-07-27,Nevada,057,99092,325,268,14,282,1
2020-07-27,Orange,059,3164182,42018,34649,786,35435,566
2020-07-27,Placer,061,380077,2160,1679,3,1682,12
2020-07-27,Plumas,063,18699,33,22,0,22,0
2020-07-27,Riverside,065,2383286,43042,35822,42,35864,667
2020-07-27,Sacramento,067,1510023,11997,9091,12,9103,114
2020-07-27,San Benito,069,59416,668,498,0,498,2
2020-07-27,San Bernardino,071,2135413,38224,29928,157,30085,401
2020-07-27,San Diego,073,3302833,31287,27509,5,27514,533
2020-07-27,San Francisco,075,870044,7009,5825,7,5832,55
2020-07-27,San Joaquin,077,732212,13816,10728,7,10735,129
2020-07-27,San Luis Obispo,079,281455,2021,1612,11,1623,9
2020-07-27,San Mateo,081,765935,6212,5108,8,5116,113
2020-07-27,Santa Barbara,083,443738,6553,6026,62,6088,30
2020-07-27,Santa Clara,085,1922200,12152,9157,29,9186,166
2020-07-27,Santa Cruz,087,273765,1244,984,8,992,4
2020-07-27,Shasta,089,179085,458,275,3,278,8
2020-07-27,Sierra,091,2930,2,1,0,1,0
2020-07-27,Siskiyou,093,43540,88,54,0,54,0
2020-07-27,Solano,095,438530,4097,3198,22,3220,29
2020-07-27,Sonoma,097,501317,3487,2504,7,2511,20
2020-07-27,Stanislaus,099,539301,10952,8288,19,8307,84
2020-07-27,Sutter,101,95872,785,620,0,620,2
2020-07-27,Tehama,103,63373,261,192,2,194,1
2020-07-27,Trinity,105,12862,26,3,6,9,0
2020-07-27,Tulare,107,460477,10686,8462,35,8497,172
2020-07-27,Tuolumne,109,53932,150,115,3,118,0
2020-07-27,Ventura,111,848112,8455,6998,28,7026,68
2020-07-27,Yolo,113,214977,1763,1439,3,1442,33
2020-07-27,Yuba,115,75493,450,328,0,328,1
2020-07-26,Alameda,001,1643700,12823,10489,45,10534,176
2020-07-26,Alpine,003,1148,2,2,0,2,0
2020-07-26,Amador,005,37829,142,67,0,67,0
2020-07-26,Butte,007,227075,1039,822,12,834,5
2020-07-26,Calaveras,009,45235,131,103,0,103,1
2020-07-26,Colusa,011,21464,347,270,0,270,2
2020-07-26,Contra Costa,013,1133247,9440,7095,27,7122,104
2020-07-26,Del Norte,015,27424,84,67,0,67,0
2020-07-26,El Dorado,017,186661,748,539,4,543,1
2020-07-26,Fresno,019,978130,20255,13209,176,13385,117
2020-07-26,Glenn,021,27897,354,265,0,265,1
2020-07-26,Humboldt,023,135768,247,214,1,215,4
2020-07-26,Imperial,025,180216,10093,7781,5,7786,144
2020-07-26,Inyo,027,18085,56,43,1,44,1
2020-07-26,Kern,029,883053,23014,17394,109,17503,148
2020-07-26,Kings,031,150075,4353,3591,25,3616,39
2020-07-26,Lake,033,64148,213,174,0,174,1
2020-07-26,Lassen,035,31185,574,503,2,505,0
2020-07-26,Los Angeles,037,10098052,192695,174322,459,174781,4364
2020-07-26,Madera,039,155013,2539,1744,5,1749,17
2020-07-26,Marin,041,260295,5149,4595,5,4600,22
2020-07-26,Mariposa,043,17540,56,43,0,43,1
2020-07-26,Mendocino,045,87422,273,206,0,206,0
2020-07-26,Merced,047,269075,5200,3251,2,3253,23
2020-07-26,Modoc,049,8938,3,0,0,0,0
2020-07-26,Mono,051,14174,136,82,1,83,1
2020-07-26,Monterey,053,433212,4935,3901,14,3915,21
2020-07-26,Napa,055,140530,1076,769,0,769,6
2020-07-26,Nevada,057,99092,322,261,14,275,1
2020-07-26,Orange,059,3164182,41493,34352,754,35106,564
2020-07-26,Placer,061,380077,2096,1628,3,1631,12
2020-07-26,Plumas,063,18699,33,22,0,22,0
2020-07-26,Riverside,065,2383286,42482,35636,42,35678,665
2020-07-26,Sacramento,067,1510023,11692,8972,12,8984,114
2020-07-26,San Benito,069,59416,656,495,0,495,2
2020-07-26,San Bernardino,071,2135413,37583,29545,148,29693,400
2020-07-26,San Diego,073,3302833,30891,26986,4,26990,533
2020-07-26,San Francisco,075,870044,6901,5823,7,5830,55
2020-07-26,San Joaquin,077,732212,13523,10637,7,10644,129
2020-07-26,San Luis Obispo,079,281455,1978,1565,11,1576,8
2020-07-26,San Mateo,081,765935,6107,5078,8,5086,113
2020-07-26,Santa Barbara,083,443738,6452,5939,62,6001,30
2020-07-26,Santa Clara,085,1922200,11923,8986,29,9015,166
2020-07-26,Santa Cruz,087,273765,1217,970,8,978,4
2020-07-26,Shasta,089,179085,451,265,3,268,8
2020-07-26,Sierra,091,2930,2,1,0,1,0
2020-07-26,Siskiyou,093,43540,86,54,0,54,0
2020-07-26,Solano,095,438530,4017,3197,20,3217,29
2020-07-26,Sonoma,097,501317,3398,2503,6,2509,20
2020-07-26,Stanislaus,099,539301,10691,8228,18,8246,84
2020-07-26,Sutter,101,95872,771,612,0,612,2
2020-07-26,Tehama,103,63373,254,175,2,177,1
2020-07-26,Trinity,105,12862,26,3,6,9,0
2020-07-26,Tulare,107,460477,10480,8392,35,8427,172
2020-07-26,Tuolumne,109,53932,145,113,3,116,0
2020-07-26,Ventura,111,848112,8248,6844,28,6872,67
2020-07-26,Yolo,113,214977,1732,1408,3,1411,33
2020-07-26,Yuba,115,75493,431,313,0,313,1
2020-07-25,Alameda,001,1643700,12726,10361,43,10404,176
2020-07-25,Alpine,003,1148,2,2,0,2,0
2020-07-25,Amador,005,37829,139,67,0,67,0
2020-07-25,Butte,007,227075,1030,810,12,822,5
2020-07-25,Calaveras,009,45235,127,103,0,103,1
2020-07-25,Colusa,011,21464,340,265,0,265,2
2020-07-25,Contra Costa,013,1133247,9295,6920,27,6947,104
2020-07-25,Del Norte,015,27424,84,67,0,67,0
2020-07-25,El Dorado,017,186661,737,528,4,532,1
2020-07-25,Fresno,019,978130,20068,12866,176,13042,117
2020-07-25,Glenn,021,27897,352,260,0,260,1
2020-07-25,Humboldt,023,135768,244,212,1,213,4
2020-07-25,Imperial,025,180216,10067,7727,5,7732,144
2020-07-25,Inyo,027,18085,55,43,1,44,1
2020-07-25,Kern,029,883053,22796,16910,108,17018,148
2020-07-25,Kings,031,150075,4336,3516,25,3541,39
2020-07-25,Lake,033,64148,211,173,0,173,1
2020-07-25,Lassen,035,31185,574,503,2,505,0
2020-07-25,Los Angeles,037,10098052,191564,172611,452,173063,4357
2020-07-25,Madera,039,155013,2507,1724,5,1729,17
2020-07-25,Marin,041,260295,5133,4562,5,4567,22
2020-07-25,Mariposa,043,17540,55,43,0,43,1
2020-07-25,Mendocino,045,87422,267,190,0,190,0
2020-07-25,Merced,047,269075,5121,3176,2,3178,23
2020-07-25,Modoc,049,8938,3,0,0,0,0
2020-07-25,Mono,051,14174,136,82,1,83,1
2020-07-25,Monterey,053,433212,4858,3805,14,3819,21
2020-07-25,Napa,055,140530,1063,746,0,746,6
2020-07-25,Nevada,057,99092,320,257,14,271,1
2020-07-25,Orange,059,3164182,41274,33978,733,34711,561
2020-07-25,Placer,061,380077,2080,1596,3,1599,12
2020-07-25,Plumas,063,18699,33,22,0,22,0
2020-07-25,Riverside,065,2383286,42213,34921,42,34963,655
2020-07-25,Sacramento,067,1510023,11546,8674,12,8686,113
2020-07-25,San Benito,069,59416,640,492,0,492,2
2020-07-25,San Bernardino,071,2135413,37305,29265,145,29410,394
2020-07-25,San Diego,073,3302833,30630,26703,3,26706,533
2020-07-25,San Francisco,075,870044,6843,5644,7,5651,55
2020-07-25,San Joaquin,077,732212,13397,10347,6,10353,129
2020-07-25,San Luis Obispo,079,281455,1958,1530,10,1540,8
2020-07-25,San Mateo,081,765935,6044,5023,8,5031,113
2020-07-25,Santa Barbara,083,443738,6417,5880,62,5942,30
2020-07-25,Santa Clara,085,1922200,11789,8767,29,8796,166
2020-07-25,Santa Cruz,087,273765,1200,939,8,947,4
2020-07-25,Shasta,089,179085,446,263,1,264,8
2020-07-25,Sierra,091,2930,2,1,0,1,0
2020-07-25,Siskiyou,093,43540,84,54,0,54,0
2020-07-25,Solano,095,438530,3977,3107,18,3125,29
2020-07-25,Sonoma,097,501317,3359,2412,6,2418,20
2020-07-25,Stanislaus,099,539301,10588,7994,15,8009,84
2020-07-25,Sutter,101,95872,752,603,0,603,2
2020-07-25,Tehama,103,63373,253,169,2,171,1
2020-07-25,Trinity,105,12862,26,3,6,9,0
2020-07-25,Tulare,107,460477,10380,8310,35,8345,172
2020-07-25,Tuolumne,109,53932,144,99,3,102,0
2020-07-25,Ventura,111,848112,8175,6662,28,6690,62
2020-07-25,Yolo,113,214977,1717,1357,3,1360,35
2020-07-25,Yuba,115,75493,425,312,0,312,1
2020-07-24,Alameda,001,1643700,12584,10216,40,10256,176
2020-07-24,Alpine,003,1148,2,2,0,2,0
2020-07-24,Amador,005,37829,137,66,0,66,0
2020-07-24,Butte,007,227075,1018,751,12,763,5
2020-07-24,Calaveras,009,45235,123,102,0,102,0
2020-07-24,Colusa,011,21464,337,255,0,255,2
2020-07-24,Contra Costa,013,1133247,9149,6814,27,6841,100
2020-07-24,Del Norte,015,27424,84,66,0,66,0
2020-07-24,El Dorado,017,186661,715,516,4,520,1
2020-07-24,Fresno,019,978130,19842,12564,176,12740,115
2020-07-24,Glenn,021,27897,349,251,0,251,1
2020-07-24,Humboldt,023,135768,241,210,1,211,4
2020-07-24,Imperial,025,180216,10045,7686,5,7691,141
2020-07-24,Inyo,027,18085,55,41,1,42,1
2020-07-24,Kern,029,883053,22555,16124,108,16232,143
2020-07-24,Kings,031,150075,4306,3471,25,3496,39
2020-07-24,Lake,033,64148,209,167,0,167,1
2020-07-24,Lassen,035,31185,574,503,2,505,0
2020-07-24,Los Angeles,037,10098052,189546,169078,441,169519,4302
2020-07-24,Madera,039,155013,2474,1679,5,1684,16
2020-07-24,Marin,041,260295,5106,4517,5,4522,22
2020-07-24,Mariposa,043,17540,55,41,0,41,1
2020-07-24,Mendocino,045,87422,260,188,0,188,0
2020-07-24,Merced,047,269075,5036,3100,2,3102,23
2020-07-24,Modoc,049,8938,3,0,0,0,0
2020-07-24,Mono,051,14174,135,82,1,83,1
2020-07-24,Monterey,053,433212,4786,3748,14,3762,21
2020-07-24,Napa,055,140530,1050,741,0,741,6
2020-07-24,Nevada,057,99092,317,255,14,269,1
2020-07-24,Orange,059,3164182,40987,33530,717,34247,557
2020-07-24,Placer,061,380077,2049,1551,3,1554,12
2020-07-24,Plumas,063,18699,33,22,0,22,0
2020-07-24,Riverside,065,2383286,41790,34513,41,34554,631
2020-07-24,Sacramento,067,1510023,11358,8570,12,8582,110
2020-07-24,San Benito,069,59416,633,485,0,485,2
2020-07-24,San Bernardino,071,2135413,36932,28990,140,29130,386
2020-07-24,San Diego,073,3302833,30330,26100,3,26103,524
2020-07-24,San Francisco,075,870044,6749,5611,7,5618,55
2020-07-24,San Joaquin,077,732212,13248,10190,6,10196,118
2020-07-24,San Luis Obispo,079,281455,1934,1476,10,1486,8
2020-07-24,San Mateo,081,765935,5981,4954,8,4962,112
2020-07-24,Santa Barbara,083,443738,6364,5776,60,5836,30
2020-07-24,Santa Clara,085,1922200,11624,8658,29,8687,165
2020-07-24,Santa Cruz,087,273765,1180,930,8,938,4
2020-07-24,Shasta,089,179085,438,262,1,263,8
2020-07-24,Sierra,091,2930,2,1,0,1,0
2020-07-24,Siskiyou,093,43540,84,53,0,53,0
2020-07-24,Solano,095,438530,3941,3062,15,3077,29
2020-07-24,Sonoma,097,501317,3307,2345,6,2351,20
2020-07-24,Stanislaus,099,539301,10416,7861,12,7873,82
2020-07-24,Sutter,101,95872,741,593,0,593,2
2020-07-24,Tehama,103,63373,245,170,2,172,1
2020-07-24,Trinity,105,12862,25,3,6,9,0
2020-07-24,Tulare,107,460477,10286,8167,33,8200,167
2020-07-24,Tuolumne,109,53932,138,99,3,102,0
2020-07-24,Ventura,111,848112,8090,6553,28,6581,60
2020-07-24,Yolo,113,214977,1703,1329,3,1332,35
2020-07-24,Yuba,115,75493,410,307,0,307,1
2020-07-23,Alameda,001,1643700,12343,9924,40,9964,171
2020-07-23,Alpine,003,1148,2,2,0,2,0
2020-07-23,Amador,005,37829,120,61,0,61,0
2020-07-23,Butte,007,227075,1003,726,11,737,5
2020-07-23,Calaveras,009,45235,116,102,0,102,0
2020-07-23,Colusa,011,21464,329,242,0,242,2
2020-07-23,Contra Costa,013,1133247,8949,6619,25,6644,98
2020-07-23,Del Norte,015,27424,84,66,0,66,0
2020-07-23,El Dorado,017,186661,704,491,4,495,1
2020-07-23,Fresno,019,978130,19486,12164,173,12337,112
2020-07-23,Glenn,021,27897,344,246,0,246,1
2020-07-23,Humboldt,023,135768,240,208,1,209,4
2020-07-23,Imperial,025,180216,9995,7604,5,7609,138
2020-07-23,Inyo,027,18085,53,38,1,39,1
2020-07-23,Kern,029,883053,22148,14491,104,14595,128
2020-07-23,Kings,031,150075,4194,3371,25,3396,39
2020-07-23,Lake,033,64148,200,160,0,160,1
2020-07-23,Lassen,035,31185,571,503,2,505,0
2020-07-23,Los Angeles,037,10098052,186997,167198,414,167612,4265
2020-07-23,Madera,039,155013,2408,1659,4,1663,13
2020-07-23,Marin,041,260295,5054,4423,5,4428,22
2020-07-23,Mariposa,043,17540,55,40,0,40,1
2020-07-23,Mendocino,045,87422,250,178,0,178,0
2020-07-23,Merced,047,269075,4879,2972,2,2974,22
2020-07-23,Modoc,049,8938,3,0,0,0,0
2020-07-23,Mono,051,14174,131,82,1,83,1
2020-07-23,Monterey,053,433212,4669,3655,14,3669,21
2020-07-23,Napa,055,140530,1026,713,0,713,5
2020-07-23,Nevada,057,99092,314,247,14,261,1
2020-07-23,Orange,059,3164182,40490,32863,687,33550,544
2020-07-23,Placer,061,380077,2005,1519,3,1522,12
2020-07-23,Plumas,063,18699,32,21,0,21,0
2020-07-23,Riverside,065,2383286,41185,33833,41,33874,630
2020-07-23,Sacramento,067,1510023,11125,8222,12,8234,108
2020-07-23,San Benito,069,59416,618,478,0,478,2
2020-07-23,San Bernardino,071,2135413,36412,28121,134,28255,369
2020-07-23,San Diego,073,3302833,29956,25109,3,25112,505
2020-07-23,San Francisco,075,870044,6648,5543,7,5550,55
2020-07-23,San Joaquin,077,732212,13029,9861,6,9867,111
2020-07-23,San Luis Obispo,079,281455,1905,1438,10,1448,7
2020-07-23,San Mateo,081,765935,5876,4895,8,4903,113
2020-07-23,Santa Barbara,083,443738,6291,5628,60,5688,30
2020-07-23,Santa Clara,085,1922200,11406,8458,29,8487,165
2020-07-23,Santa Cruz,087,273765,1144,887,8,895,3
2020-07-23,Shasta,089,179085,427,254,1,255,9
2020-07-23,Sierra,091,2930,2,1,0,1,0
2020-07-23,Siskiyou,093,43540,82,53,0,53,0
2020-07-23,Solano,095,438530,3877,2962,13,2975,29
2020-07-23,Sonoma,097,501317,3231,2289,6,2295,18
2020-07-23,Stanislaus,099,539301,10174,7603,12,7615,71
2020-07-23,Sutter,101,95872,708,570,0,570,2
2020-07-23,Tehama,103,63373,239,158,2,160,1
2020-07-23,Trinity,105,12862,24,3,6,9,0
2020-07-23,Tulare,107,460477,10097,7898,33,7931,168
2020-07-23,Tuolumne,109,53932,138,93,3,96,0
2020-07-23,Ventura,111,848112,7966,6303,28,6331,56
2020-07-23,Yolo,113,214977,1684,1279,3,1282,35
2020-07-23,Yuba,115,75493,390,297,0,297,1
2020-07-22,Alameda,001,1643700,12125,9678,39,9717,169
2020-07-22,Alpine,003,1148,2,2,0,2,0
2020-07-22,Amador,005,37829,118,58,0,58,0
2020-07-22,Butte,007,227075,967,694,11,705,5
2020-07-22,Calaveras,009,45235,116,98,0,98,0
2020-07-22,Colusa,011,21464,322,236,0,236,0
2020-07-22,Contra Costa,013,1133247,8723,6401,25,6426,98
2020-07-22,Del Norte,015,27424,84,66,0,66,0
2020-07-22,El Dorado,017,186661,691,466,4,470,1
2020-07-22,Fresno,019,978130,19123,11756,167,11923,110
2020-07-22,Glenn,021,27897,338,236,0,236,1
2020-07-22,Humboldt,023,135768,238,201,1,202,4
2020-07-22,Imperial,025,180216,9935,7533,5,7538,134
2020-07-22,Inyo,027,18085,49,38,1,39,1
2020-07-22,Kern,029,883053,21716,13513,96,13609,127
2020-07-22,Kings,031,150075,4138,3271,25,3296,38
2020-07-22,Lake,033,64148,197,160,0,160,1
2020-07-22,Lassen,035,31185,568,500,2,502,0
2020-07-22,Los Angeles,037,10098052,184345,165242,392,165634,4218
2020-07-22,Madera,039,155013,2333,1578,4,1582,10
2020-07-22,Marin,041,260295,4998,4373,5,4378,23
2020-07-22,Mariposa,043,17540,55,38,0,38,1
2020-07-22,Mendocino,045,87422,243,166,0,166,0
2020-07-22,Merced,047,269075,4753,2828,2,2830,15
2020-07-22,Modoc,049,8938,3,0,0,0,0
2020-07-22,Mono,051,14174,128,82,1,83,1
2020-07-22,Monterey,053,433212,4568,3533,14,3547,20
2020-07-22,Napa,055,140530,1004,687,0,687,5
2020-07-22,Nevada,057,99092,308,239,13,252,1
2020-07-22,Orange,059,3164182,39991,32047,678,32725,522
2020-07-22,Placer,061,380077,1949,1469,3,1472,12
2020-07-22,Plumas,063,18699,31,20,0,20,0
2020-07-22,Riverside,065,2383286,40549,33093,41,33134,612
2020-07-22,Sacramento,067,1510023,10863,8028,11,8039,106
2020-07-22,San Benito,069,59416,604,465,0,465,2
2020-07-22,San Bernardino,071,2135413,35890,26820,123,26943,348
2020-07-22,San Diego,073,3302833,29568,25109,2,25111,505
2020-07-22,San Francisco,075,870044,6544,5473,6,5479,53
2020-07-22,San Joaquin,077,732212,12753,9628,6,9634,102
2020-07-22,San Luis Obispo,079,281455,1859,1373,10,1383,7
2020-07-22,San Mateo,081,765935,5787,4796,8,4804,112
2020-07-22,Santa Barbara,083,443738,6207,5508,58,5566,29
2020-07-22,Santa Clara,085,1922200,11162,8266,29,8295,166
2020-07-22,Santa Cruz,087,273765,1120,866,8,874,3
2020-07-22,Shasta,089,179085,417,246,1,247,9
2020-07-22,Sierra,091,2930,1,1,0,1,0
2020-07-22,Siskiyou,093,43540,81,52,0,52,0
2020-07-22,Solano,095,438530,3816,2839,12,2851,29
2020-07-22,Sonoma,097,501317,3154,2255,6,2261,17
2020-07-22,Stanislaus,099,539301,10003,7401,12,7413,71
2020-07-22,Sutter,101,95872,684,551,0,551,2
2020-07-22,Tehama,103,63373,231,155,2,157,1
2020-07-22,Trinity,105,12862,23,3,6,9,0
2020-07-22,Tulare,107,460477,9864,7640,33,7673,167
2020-07-22,Tuolumne,109,53932,134,91,3,94,0
2020-07-22,Ventura,111,848112,7838,6223,26,6249,56
2020-07-22,Yolo,113,214977,1641,1233,3,1236,34
2020-07-22,Yuba,115,75493,375,288,0,288,1
2020-07-21,Alameda,001,1643700,11911,9390,39,9429,166
2020-07-21,Alpine,003,1148,2,2,0,2,0
2020-07-21,Amador,005,37829,113,55,0,55,0
2020-07-21,Butte,007,227075,922,659,10,669,5
2020-07-21,Calaveras,009,45235,110,96,0,96,0
2020-07-21,Colusa,011,21464,298,227,0,227,0
2020-07-21,Contra Costa,013,1133247,8481,6210,25,6235,98
2020-07-21,Del Norte,015,27424,84,66,0,66,0
2020-07-21,El Dorado,017,186661,683,440,4,444,1
2020-07-21,Fresno,019,978130,18723,11412,161,11573,107
2020-07-21,Glenn,021,27897,331,229,0,229,1
2020-07-21,Humboldt,023,135768,236,198,1,199,4
2020-07-21,Imperial,025,180216,9886,7458,5,7463,128
2020-07-21,Inyo,027,18085,48,38,1,39,1
2020-07-21,Kern,029,883053,21294,11998,90,12088,119
2020-07-21,Kings,031,150075,4073,3187,24,3211,38
2020-07-21,Lake,033,64148,197,157,0,157,1
2020-07-21,Lassen,035,31185,566,474,2,476,0
2020-07-21,Los Angeles,037,10098052,181354,162205,370,162575,4159
2020-07-21,Madera,039,155013,2268,1508,3,1511,10
2020-07-21,Marin,041,260295,4926,4318,5,4323,21
2020-07-21,Mariposa,043,17540,54,37,0,37,1
2020-07-21,Mendocino,045,87422,232,160,0,160,0
2020-07-21,Merced,047,269075,4574,2725,2,2727,15
2020-07-21,Modoc,049,8938,3,0,0,0,0
2020-07-21,Mono,051,14174,124,79,1,80,1
2020-07-21,Monterey,053,433212,4436,3404,13,3417,20
2020-07-21,Napa,055,140530,977,660,0,660,5
2020-07-21,Nevada,057,99092,306,228,11,239,1
2020-07-21,Orange,059,3164182,39494,31356,646,32002,515
2020-07-21,Placer,061,380077,1908,1413,3,1416,11
2020-07-21,Plumas,063,18699,31,19,0,19,0
2020-07-21,Riverside,065,2383286,39847,32231,41,32272,583
2020-07-21,Sacramento,067,1510023,10591,7789,10,7799,102
2020-07-21,San Benito,069,59416,593,444,0,444,2
2020-07-21,San Bernardino,071,2135413,35241,25323,116,25439,343
2020-07-21,San Diego,073,3302833,29119,24522,2,24524,487
2020-07-21,San Francisco,075,870044,6435,5377,6,5383,53
2020-07-21,San Joaquin,077,732212,12424,9150,6,9156,99
2020-07-21,San Luis Obispo,079,281455,1810,1338,10,1348,7
2020-07-21,San Mateo,081,765935,5695,4733,8,4741,111
2020-07-21,Santa Barbara,083,443738,6127,5422,57,5479,29
2020-07-21,Santa Clara,085,1922200,10899,7989,29,8018,164
2020-07-21,Santa Cruz,087,273765,1087,835,8,843,3
2020-07-21,Shasta,089,179085,409,241,1,242,9
2020-07-21,Sierra,091,2930,1,1,0,1,0
2020-07-21,Siskiyou,093,43540,81,48,0,48,0
2020-07-21,Solano,095,438530,3743,2727,12,2739,27
2020-07-21,Sonoma,097,501317,3097,2200,6,2206,17
2020-07-21,Stanislaus,099,539301,9740,6984,12,6996,69
2020-07-21,Sutter,101,95872,668,533,0,533,2
2020-07-21,Tehama,103,63373,221,150,2,152,1
2020-07-21,Trinity,105,12862,23,2,6,8,0
2020-07-21,Tulare,107,460477,9662,7447,33,7480,167
2020-07-21,Tuolumne,109,53932,132,75,3,78,0
2020-07-21,Ventura,111,848112,7706,6131,26,6157,55
2020-07-21,Yolo,113,214977,1587,1204,3,1207,34
2020-07-21,Yuba,115,75493,369,269,0,269,1
2020-07-20,Alameda,001,1643700,11656,9244,38,9282,162
2020-07-20,Alpine,003,1148,2,2,0,2,0
2020-07-20,Amador,005,37829,110,53,0,53,0
2020-07-20,Butte,007,227075,885,586,10,596,4
2020-07-20,Calaveras,009,45235,107,90,0,90,0
2020-07-20,Colusa,011,21464,287,217,0,217,0
2020-07-20,Contra Costa,013,1133247,8273,5823,25,5848,97
2020-07-20,Del Norte,015,27424,84,61,0,61,0
2020-07-20,El Dorado,017,186661,660,407,4,411,0
2020-07-20,Fresno,019,978130,18282,10891,160,11051,106
2020-07-20,Glenn,021,27897,323,225,0,225,1
2020-07-20,Humboldt,023,135768,229,194,1,195,4
2020-07-20,Imperial,025,180216,9846,7337,5,7342,124
2020-07-20,Inyo,027,18085,46,38,1,39,1
2020-07-20,Kern,029,883053,20784,10908,86,10994,118
2020-07-20,Kings,031,150075,4023,3093,24,3117,37
2020-07-20,Lake,033,64148,194,147,0,147,1
2020-07-20,Lassen,035,31185,564,474,2,476,0
2020-07-20,Los Angeles,037,10098052,178391,159202,343,159545,4108
2020-07-20,Madera,039,155013,2193,1433,3,1436,10
2020-07-20,Marin,041,260295,4844,4255,5,4260,21
2020-07-20,Mariposa,043,17540,53,36,0,36,1
2020-07-20,Mendocino,045,87422,219,153,0,153,0
2020-07-20,Merced,047,269075,4404,2584,2,2586,15
2020-07-20,Modoc,049,8938,3,0,0,0,0
2020-07-20,Mono,051,14174,118,78,1,79,1
2020-07-20,Monterey,053,433212,4330,3205,13,3218,19
2020-07-20,Napa,055,140530,942,632,0,632,5
2020-07-20,Nevada,057,99092,298,218,11,229,1
2020-07-20,Orange,059,3164182,38884,30337,616,30953,507
2020-07-20,Placer,061,380077,1857,1364,3,1367,11
2020-07-20,Plumas,063,18699,30,17,0,17,0
2020-07-20,Riverside,065,2383286,39016,31163,41,31204,581
2020-07-20,Sacramento,067,1510023,10263,7369,10,7379,99
2020-07-20,San Benito,069,59416,575,433,0,433,2
2020-07-20,San Bernardino,071,2135413,34430,24226,112,24338,338
2020-07-20,San Diego,073,3302833,28677,24137,2,24139,478
2020-07-20,San Francisco,075,870044,6314,5090,6,5096,53
2020-07-20,San Joaquin,077,732212,12068,8583,6,8589,97
2020-07-20,San Luis Obispo,079,281455,1768,1282,10,1292,6
2020-07-20,San Mateo,081,765935,5594,4609,8,4617,111
2020-07-20,Santa Barbara,083,443738,6017,5266,55,5321,29
2020-07-20,Santa Clara,085,1922200,10670,7711,28,7739,164
2020-07-20,Santa Cruz,087,273765,1055,758,8,766,3
2020-07-20,Shasta,089,179085,394,233,1,234,9
2020-07-20,Sierra,091,2930,1,1,0,1,0
2020-07-20,Siskiyou,093,43540,77,42,0,42,0
2020-07-20,Solano,095,438530,3660,2537,12,2549,26
2020-07-20,Sonoma,097,501317,2990,2148,6,2154,17
2020-07-20,Stanislaus,099,539301,9456,6835,12,6847,58
2020-07-20,Sutter,101,95872,635,507,0,507,2
2020-07-20,Tehama,103,63373,211,146,2,148,1
2020-07-20,Trinity,105,12862,23,2,6,8,0
2020-07-20,Tulare,107,460477,9428,6974,33,7007,166
2020-07-20,Tuolumne,109,53932,131,75,3,78,0
2020-07-20,Ventura,111,848112,7572,5912,26,5938,52
2020-07-20,Yolo,113,214977,1547,1155,3,1158,30
2020-07-20,Yuba,115,75493,349,258,0,258,1
2020-07-19,Alameda,001,1643700,11416,9227,32,9259,162
2020-07-19,Alpine,003,1148,2,2,0,2,0
2020-07-19,Amador,005,37829,103,51,0,51,0
2020-07-19,Butte,007,227075,860,555,10,565,4
2020-07-19,Calaveras,009,45235,105,89,0,89,0
2020-07-19,Colusa,011,21464,279,187,0,187,0
2020-07-19,Contra Costa,013,1133247,7982,5691,23,5714,95
2020-07-19,Del Norte,015,27424,83,61,0,61,0
2020-07-19,El Dorado,017,186661,642,385,4,389,0
2020-07-19,Fresno,019,978130,17758,10639,148,10787,106
2020-07-19,Glenn,021,27897,309,215,0,215,0
2020-07-19,Humboldt,023,135768,221,195,1,196,4
2020-07-19,Imperial,025,180216,9755,7280,5,7285,124
2020-07-19,Inyo,027,18085,42,38,1,39,1
2020-07-19,Kern,029,883053,20167,10094,79,10173,115
2020-07-19,Kings,031,150075,3937,3035,24,3059,37
2020-07-19,Lake,033,64148,189,144,0,144,1
2020-07-19,Lassen,035,31185,545,474,2,476,0
2020-07-19,Los Angeles,037,10098052,174944,156039,320,156359,4100
2020-07-19,Madera,039,155013,2116,1301,3,1304,10
2020-07-19,Marin,041,260295,4789,4172,5,4177,21
2020-07-19,Mariposa,043,17540,49,35,0,35,1
2020-07-19,Mendocino,045,87422,214,137,0,137,0
2020-07-19,Merced,047,269075,4197,2460,2,2462,15
2020-07-19,Modoc,049,8938,3,0,0,0,0
2020-07-19,Mono,051,14174,107,63,1,64,1
2020-07-19,Monterey,053,433212,4210,3079,13,3092,18
2020-07-19,Napa,055,140530,913,612,0,612,5
2020-07-19,Nevada,057,99092,292,210,11,221,1
2020-07-19,Orange,059,3164182,38320,29941,603,30544,505
2020-07-19,Placer,061,380077,1809,1246,3,1249,11
2020-07-19,Plumas,063,18699,30,17,0,17,0
2020-07-19,Riverside,065,2383286,38311,30340,41,30381,581
2020-07-19,Sacramento,067,1510023,9870,6985,10,6995,97
2020-07-19,San Benito,069,59416,559,412,0,412,2
2020-07-19,San Bernardino,071,2135413,33656,23928,100,24028,337
2020-07-19,San Diego,073,3302833,28176,23684,2,23686,478
2020-07-19,San Francisco,075,870044,6168,5094,6,5100,52
2020-07-19,San Joaquin,077,732212,11662,8308,6,8314,93
2020-07-19,San Luis Obispo,079,281455,1724,1262,9,1271,6
2020-07-19,San Mateo,081,765935,5489,4522,8,4530,110
2020-07-19,Santa Barbara,083,443738,5915,5145,52,5197,29
2020-07-19,Santa Clara,085,1922200,10426,7403,28,7431,164
2020-07-19,Santa Cruz,087,273765,1011,753,8,761,3
2020-07-19,Shasta,089,179085,381,218,1,219,9
2020-07-19,Sierra,091,2930,1,1,0,1,0
2020-07-19,Siskiyou,093,43540,75,42,0,42,0
2020-07-19,Solano,095,438530,3555,2551,12,2563,26
2020-07-19,Sonoma,097,501317,2890,2074,6,2080,17
2020-07-19,Stanislaus,099,539301,9160,6508,12,6520,58
2020-07-19,Sutter,101,95872,604,480,0,480,2
2020-07-19,Tehama,103,63373,207,138,2,140,1
2020-07-19,Trinity,105,12862,23,2,6,8,0
2020-07-19,Tulare,107,460477,9180,6856,33,6889,166
2020-07-19,Tuolumne,109,53932,126,75,3,78,0
2020-07-19,Ventura,111,848112,7382,5706,26,5732,52
2020-07-19,Yolo,113,214977,1507,1127,3,1130,30
2020-07-19,Yuba,115,75493,329,240,0,240,1
2020-07-18,Alameda,001,1643700,11279,9089,31,9120,162
2020-07-18,Alpine,003,1148,2,2,0,2,0
2020-07-18,Amador,005,37829,99,49,0,49,0
2020-07-18,Butte,007,227075,851,551,10,561,4
2020-07-18,Calaveras,009,45235,101,89,0,89,0
2020-07-18,Colusa,011,21464,274,182,0,182,0
2020-07-18,Contra Costa,013,1133247,7848,5617,23,5640,95
2020-07-18,Del Norte,015,27424,83,61,0,61,0
2020-07-18,El Dorado,017,186661,639,385,4,389,0
2020-07-18,Fresno,019,978130,17509,10381,146,10527,106
2020-07-18,Glenn,021,27897,303,212,0,212,0
2020-07-18,Humboldt,023,135768,218,189,1,190,4
2020-07-18,Imperial,025,180216,9724,7268,5,7273,124
2020-07-18,Inyo,027,18085,42,38,1,39,1
2020-07-18,Kern,029,883053,19864,9250,76,9326,114
2020-07-18,Kings,031,150075,3897,2996,23,3019,37
2020-07-18,Lake,033,64148,186,142,0,142,1
2020-07-18,Lassen,035,31185,544,474,2,476,0
2020-07-18,Los Angeles,037,10098052,173498,153265,310,153575,4088
2020-07-18,Madera,039,155013,2070,1260,3,1263,9
2020-07-18,Marin,041,260295,4760,4089,5,4094,21
2020-07-18,Mariposa,043,17540,49,35,0,35,1
2020-07-18,Mendocino,045,87422,208,137,0,137,0
2020-07-18,Merced,047,269075,4078,2424,2,2426,15
2020-07-18,Modoc,049,8938,3,0,0,0,0
2020-07-18,Mono,051,14174,105,54,1,55,1
2020-07-18,Monterey,053,433212,4142,3020,13,3033,17
2020-07-18,Napa,055,140530,902,609,0,609,5
2020-07-18,Nevada,057,99092,288,204,10,214,1
2020-07-18,Orange,059,3164182,38001,29603,582,30185,493
2020-07-18,Placer,061,380077,1786,1233,3,1236,11
2020-07-18,Plumas,063,18699,30,17,0,17,0
2020-07-18,Riverside,065,2383286,37957,30245,40,30285,581
2020-07-18,Sacramento,067,1510023,9625,6739,10,6749,95
2020-07-18,San Benito,069,59416,544,407,0,407,2
2020-07-18,San Bernardino,071,2135413,33196,23680,93,23773,336
2020-07-18,San Diego,073,3302833,27873,23116,2,23118,478
2020-07-18,San Francisco,075,870044,6066,5051,6,5057,52
2020-07-18,San Joaquin,077,732212,11449,8118,6,8124,93
2020-07-18,San Luis Obispo,079,281455,1689,1234,9,1243,6
2020-07-18,San Mateo,081,765935,5429,4488,8,4496,110
2020-07-18,Santa Barbara,083,443738,5855,5110,50,5160,29
2020-07-18,Santa Clara,085,1922200,10276,7255,27,7282,164
2020-07-18,Santa Cruz,087,273765,994,751,8,759,3
2020-07-18,Shasta,089,179085,372,216,1,217,9
2020-07-18,Sierra,091,2930,1,1,0,1,0
2020-07-18,Siskiyou,093,43540,71,42,0,42,0
2020-07-18,Solano,095,438530,3514,2503,12,2515,26
2020-07-18,Sonoma,097,501317,2839,2019,6,2025,15
2020-07-18,Stanislaus,099,539301,9025,6344,12,6356,58
2020-07-18,Sutter,101,95872,598,473,0,473,2
2020-07-18,Tehama,103,63373,202,136,2,138,1
2020-07-18,Trinity,105,12862,23,2,6,8,0
2020-07-18,Tulare,107,460477,9089,6810,32,6842,167
2020-07-18,Tuolumne,109,53932,123,75,3,78,0
2020-07-18,Ventura,111,848112,7300,5630,26,5656,52
2020-07-18,Yolo,113,214977,1479,1077,3,1080,30
2020-07-18,Yuba,115,75493,318,237,0,237,1
2020-07-17,Alameda,001,1643700,11139,8893,30,8923,160
2020-07-17,Alpine,003,1148,2,1,0,1,0
2020-07-17,Amador,005,37829,97,48,0,48,0
2020-07-17,Butte,007,227075,837,497,10,507,4
2020-07-17,Calaveras,009,45235,99,86,0,86,0
2020-07-17,Colusa,011,21464,272,146,0,146,0
2020-07-17,Contra Costa,013,1133247,7700,5483,23,5506,93
2020-07-17,Del Norte,015,27424,82,60,0,60,0
2020-07-17,El Dorado,017,186661,623,368,4,372,0
2020-07-17,Fresno,019,978130,17211,9954,146,10100,104
2020-07-17,Glenn,021,27897,296,203,0,203,0
2020-07-17,Humboldt,023,135768,217,185,1,186,4
2020-07-17,Imperial,025,180216,9702,7193,5,7198,120
2020-07-17,Inyo,027,18085,42,38,1,39,1
2020-07-17,Kern,029,883053,19544,8291,75,8366,113
2020-07-17,Kings,031,150075,3858,2978,23,3001,37
2020-07-17,Lake,033,64148,184,139,0,139,1
2020-07-17,Lassen,035,31185,525,391,2,393,0
2020-07-17,Los Angeles,037,10098052,171127,150481,298,150779,4052
2020-07-17,Madera,039,155013,2026,1214,3,1217,9
2020-07-17,Marin,041,260295,4723,3839,5,3844,21
2020-07-17,Mariposa,043,17540,47,35,0,35,1
2020-07-17,Mendocino,045,87422,200,126,0,126,0
2020-07-17,Merced,047,269075,4002,2328,2,2330,12
2020-07-17,Modoc,049,8938,2,0,0,0,0
2020-07-17,Mono,051,14174,100,54,1,55,1
2020-07-17,Monterey,053,433212,4013,2922,13,2935,18
2020-07-17,Napa,055,140530,888,598,0,598,5
2020-07-17,Nevada,057,99092,281,200,10,210,1
2020-07-17,Orange,059,3164182,37538,28962,549,29511,485
2020-07-17,Placer,061,380077,1757,1207,3,1210,11
2020-07-17,Plumas,063,18699,27,16,0,16,0
2020-07-17,Riverside,065,2383286,37358,29639,40,29679,580
2020-07-17,Sacramento,067,1510023,9381,6563,10,6573,95
2020-07-17,San Benito,069,59416,529,399,0,399,2
2020-07-17,San Bernardino,071,2135413,32676,23057,90,23147,322
2020-07-17,San Diego,073,3302833,27485,22491,2,22493,472
2020-07-17,San Francisco,075,870044,5972,4967,6,4973,52
2020-07-17,San Joaquin,077,732212,11205,7925,6,7931,86
2020-07-17,San Luis Obispo,079,281455,1652,1190,9,1199,6
2020-07-17,San Mateo,081,765935,5332,4407,8,4415,110
2020-07-17,Santa Barbara,083,443738,5783,5001,49,5050,29
2020-07-17,Santa Clara,085,1922200,10058,7080,27,7107,164
2020-07-17,Santa Cruz,087,273765,972,716,8,724,3
2020-07-17,Shasta,089,179085,360,213,1,214,8
2020-07-17,Sierra,091,2930,1,1,0,1,0
2020-07-17,Siskiyou,093,43540,70,40,0,40,0
2020-07-17,Solano,095,438530,3465,2452,12,2464,26
2020-07-17,Sonoma,097,501317,2790,1982,6,1988,15
2020-07-17,Stanislaus,099,539301,8851,6220,12,6232,56
2020-07-17,Sutter,101,95872,585,458,0,458,2
2020-07-17,Tehama,103,63373,198,128,2,130,1
2020-07-17,Trinity,105,12862,23,2,6,8,0
2020-07-17,Tulare,107,460477,8953,6671,32,6703,166
2020-07-17,Tuolumne,109,53932,122,73,3,76,0
2020-07-17,Ventura,111,848112,7216,5451,26,5477,51
2020-07-17,Yolo,113,214977,1455,1055,3,1058,30
2020-07-17,Yuba,115,75493,308,231,0,231,1
2020-07-16,Alameda,001,1643700,10905,8719,25,8744,153
2020-07-16,Alpine,003,1148,2,1,0,1,0
2020-07-16,Amador,005,37829,94,46,0,46,0
2020-07-16,Butte,007,227075,800,465,9,474,4
2020-07-16,Calaveras,009,45235,97,82,0,82,0
2020-07-16,Colusa,011,21464,263,140,0,140,0
2020-07-16,Contra Costa,013,1133247,7488,5338,17,5355,91
2020-07-16,Del Norte,015,27424,82,60,0,60,0
2020-07-16,El Dorado,017,186661,606,357,4,361,0
2020-07-16,Fresno,019,978130,16700,9481,137,9618,101
2020-07-16,Glenn,021,27897,287,190,0,190,0
2020-07-16,Humboldt,023,135768,215,184,1,185,4
2020-07-16,Imperial,025,180216,9608,7148,5,7153,113
2020-07-16,Inyo,027,18085,42,38,1,39,1
2020-07-16,Kern,029,883053,19022,7435,73,7508,112
2020-07-16,Kings,031,150075,3691,2937,23,2960,37
2020-07-16,Lake,033,64148,179,128,0,128,1
2020-07-16,Lassen,035,31185,524,355,2,357,0
2020-07-16,Los Angeles,037,10098052,167906,147759,273,148032,3994
2020-07-16,Madera,039,155013,1962,1192,3,1195,8
2020-07-16,Marin,041,260295,4651,3546,5,3551,21
2020-07-16,Mariposa,043,17540,45,34,0,34,1
2020-07-16,Mendocino,045,87422,195,121,0,121,0
2020-07-16,Merced,047,269075,3840,2228,2,2230,12
2020-07-16,Modoc,049,8938,1,0,0,0,0
2020-07-16,Mono,051,14174,97,53,1,54,1
2020-07-16,Monterey,053,433212,3908,2857,12,2869,18
2020-07-16,Napa,055,140530,859,581,0,581,5
2020-07-16,Nevada,057,99092,278,191,10,201,1
2020-07-16,Orange,059,3164182,36836,28525,513,29038,471
2020-07-16,Placer,061,380077,1709,1168,3,1171,11
2020-07-16,Plumas,063,18699,25,16,0,16,0
2020-07-16,Riverside,065,2383286,36613,28904,38,28942,577
2020-07-16,Sacramento,067,1510023,9068,6440,9,6449,91
2020-07-16,San Benito,069,59416,512,389,0,389,2
2020-07-16,San Bernardino,071,2135413,31815,22355,72,22427,321
2020-07-16,San Diego,073,3302833,26998,21857,2,21859,465
2020-07-16,San Francisco,075,870044,5831,4838,6,4844,52
2020-07-16,San Joaquin,077,732212,10842,7713,6,7719,82
2020-07-16,San Luis Obispo,079,281455,1608,1146,9,1155,6
2020-07-16,San Mateo,081,765935,5228,4336,8,4344,110
2020-07-16,Santa Barbara,083,443738,5688,4872,48,4920,28
2020-07-16,Santa Clara,085,1922200,9778,6990,25,7015,164
2020-07-16,Santa Cruz,087,273765,931,698,8,706,3
2020-07-16,Shasta,089,179085,345,208,1,209,7
2020-07-16,Sierra,091,2930,1,1,0,1,0
2020-07-16,Siskiyou,093,43540,67,39,0,39,0
2020-07-16,Solano,095,438530,3371,2372,12,2384,25
2020-07-16,Sonoma,097,501317,2700,1954,6,1960,14
2020-07-16,Stanislaus,099,539301,8568,6077,11,6088,56
2020-07-16,Sutter,101,95872,569,444,0,444,2
2020-07-16,Tehama,103,63373,188,126,2,128,1
2020-07-16,Trinity,105,12862,23,2,5,7,0
2020-07-16,Tulare,107,460477,8737,6467,31,6498,163
2020-07-16,Tuolumne,109,53932,117,71,3,74,0
2020-07-16,Ventura,111,848112,7054,5231,26,5257,50
2020-07-16,Yolo,113,214977,1413,1034,3,1037,29
2020-07-16,Yuba,115,75493,290,221,0,221,1
2020-07-15,Alameda,001,1643700,10700,8615,20,8635,153
2020-07-15,Alpine,003,1148,2,1,0,1,0
2020-07-15,Amador,005,37829,73,44,0,44,0
2020-07-15,Butte,007,227075,758,420,9,429,4
2020-07-15,Calaveras,009,45235,97,75,0,75,0
2020-07-15,Colusa,011,21464,258,135,0,135,0
2020-07-15,Contra Costa,013,1133247,7257,5246,17,5263,90
2020-07-15,Del Norte,015,27424,81,60,0,60,0
2020-07-15,El Dorado,017,186661,582,339,4,343,0
2020-07-15,Fresno,019,978130,16226,9124,130,9254,101
2020-07-15,Glenn,021,27897,278,184,0,184,0
2020-07-15,Humboldt,023,135768,213,181,1,182,4
2020-07-15,Imperial,025,180216,9541,7110,5,7115,110
2020-07-15,Inyo,027,18085,42,36,1,37,1
2020-07-15,Kern,029,883053,18402,7155,70,7225,108
2020-07-15,Kings,031,150075,3630,2906,23,2929,37
2020-07-15,Lake,033,64148,177,122,0,122,1
2020-07-15,Lassen,035,31185,520,319,2,321,0
2020-07-15,Los Angeles,037,10098052,164441,143343,258,143601,3946
2020-07-15,Madera,039,155013,1893,1147,3,1150,4
2020-07-15,Marin,041,260295,4596,3458,5,3463,21
2020-07-15,Mariposa,043,17540,45,34,0,34,1
2020-07-15,Mendocino,045,87422,192,119,0,119,0
2020-07-15,Merced,047,269075,3690,2156,2,2158,12
2020-07-15,Modoc,049,8938,1,0,0,0,0
2020-07-15,Mono,051,14174,95,52,1,53,1
2020-07-15,Monterey,053,433212,3796,2780,12,2792,18
2020-07-15,Napa,055,140530,833,573,0,573,5
2020-07-15,Nevada,057,99092,274,185,8,193,1
2020-07-15,Orange,059,3164182,36036,27718,479,28197,454
2020-07-15,Placer,061,380077,1651,1145,3,1148,11
2020-07-15,Plumas,063,18699,25,16,0,16,0
2020-07-15,Riverside,065,2383286,35831,28492,36,28528,568
2020-07-15,Sacramento,067,1510023,8687,6217,9,6226,91
2020-07-15,San Benito,069,59416,503,388,0,388,2
2020-07-15,San Bernardino,071,2135413,31027,21508,56,21564,317
2020-07-15,San Diego,073,3302833,26531,21448,2,21450,448
2020-07-15,San Francisco,075,870044,5717,4757,6,4763,50
2020-07-15,San Joaquin,077,732212,10410,7381,5,7386,75
2020-07-15,San Luis Obispo,079,281455,1565,1097,9,1106,6
2020-07-15,San Mateo,081,765935,5115,4258,8,4266,109
2020-07-15,Santa Barbara,083,443738,5574,4733,48,4781,28
2020-07-15,Santa Clara,085,1922200,9474,6900,25,6925,164
2020-07-15,Santa Cruz,087,273765,895,660,7,667,3
2020-07-15,Shasta,089,179085,336,193,1,194,7
2020-07-15,Sierra,091,2930,1,1,0,1,0
2020-07-15,Siskiyou,093,43540,66,38,0,38,0
2020-07-15,Solano,095,438530,3276,2343,12,2355,25
2020-07-15,Sonoma,097,501317,2602,1920,6,1926,14
2020-07-15,Stanislaus,099,539301,8271,5777,11,5788,56
2020-07-15,Sutter,101,95872,543,433,0,433,2
2020-07-15,Tehama,103,63373,180,126,2,128,1
2020-07-15,Trinity,105,12862,22,2,5,7,0
2020-07-15,Tulare,107,460477,8526,6320,30,6350,156
2020-07-15,Tuolumne,109,53932,110,68,3,71,0
2020-07-15,Ventura,111,848112,6877,5087,26,5113,50
2020-07-15,Yolo,113,214977,1380,1002,3,1005,27
2020-07-15,Yuba,115,75493,278,221,0,221,1
2020-07-14,Alameda,001,1643700,10359,8388,14,8402,151
2020-07-14,Alpine,003,1148,2,1,0,1,0
2020-07-14,Amador,005,37829,69,44,0,44,0
2020-07-14,Butte,007,227075,712,382,9,391,4
2020-07-14,Calaveras,009,45235,95,74,0,74,0
2020-07-14,Colusa,011,21464,248,128,0,128,0
2020-07-14,Contra Costa,013,1133247,7020,5110,15,5125,90
2020-07-14,Del Norte,015,27424,80,60,0,60,0
2020-07-14,El Dorado,017,186661,567,324,4,328,0
2020-07-14,Fresno,019,978130,15806,8941,125,9066,98
2020-07-14,Glenn,021,27897,268,177,0,177,0
2020-07-14,Humboldt,023,135768,210,175,1,176,4
2020-07-14,Imperial,025,180216,9413,7095,5,7100,109
2020-07-14,Inyo,027,18085,42,35,1,36,1
2020-07-14,Kern,029,883053,17643,6979,57,7036,107
2020-07-14,Kings,031,150075,3563,2867,22,2889,37
2020-07-14,Lake,033,64148,171,120,0,120,1
2020-07-14,Lassen,035,31185,503,263,2,265,0
2020-07-14,Los Angeles,037,10098052,161305,140632,229,140861,3900
2020-07-14,Madera,039,155013,1819,1118,3,1121,4
2020-07-14,Marin,041,260295,4482,3451,5,3456,21
2020-07-14,Mariposa,043,17540,41,32,0,32,1
2020-07-14,Mendocino,045,87422,184,110,0,110,0
2020-07-14,Merced,047,269075,3511,2084,2,2086,12
2020-07-14,Modoc,049,8938,1,0,0,0,0
2020-07-14,Mono,051,14174,85,48,1,49,1
2020-07-14,Monterey,053,433212,3683,2724,12,2736,18
2020-07-14,Napa,055,140530,777,557,0,557,4
2020-07-14,Nevada,057,99092,257,180,7,187,1
2020-07-14,Orange,059,3164182,35156,26915,431,27346,432
2020-07-14,Placer,061,380077,1593,1122,3,1125,11
2020-07-14,Plumas,063,18699,24,14,0,14,0
2020-07-14,Riverside,065,2383286,35074,27850,35,27885,547
2020-07-14,Sacramento,067,1510023,8333,5978,9,5987,87
2020-07-14,San Benito,069,59416,484,360,0,360,2
2020-07-14,San Bernardino,071,2135413,30176,20489,46,20535,316
2020-07-14,San Diego,073,3302833,25911,20887,2,20889,436
2020-07-14,San Francisco,075,870044,5566,4659,5,4664,50
2020-07-14,San Joaquin,077,732212,9982,7143,5,7148,75
2020-07-14,San Luis Obispo,079,281455,1527,1060,9,1069,5
2020-07-14,San Mateo,081,765935,5022,4173,8,4181,108
2020-07-14,Santa Barbara,083,443738,5450,4641,46,4687,28
2020-07-14,Santa Clara,085,1922200,9146,6686,22,6708,164
2020-07-14,Santa Cruz,087,273765,856,639,7,646,3
2020-07-14,Shasta,089,179085,327,190,1,191,7
2020-07-14,Sierra,091,2930,1,1,0,1,0
2020-07-14,Siskiyou,093,43540,65,38,0,38,0
2020-07-14,Solano,095,438530,3177,2266,10,2276,25
2020-07-14,Sonoma,097,501317,2509,1866,6,1872,14
2020-07-14,Stanislaus,099,539301,7897,5631,10,5641,53
2020-07-14,Sutter,101,95872,524,405,0,405,2
2020-07-14,Tehama,103,63373,168,123,2,125,1
2020-07-14,Trinity,105,12862,21,2,5,7,0
2020-07-14,Tulare,107,460477,8280,6199,30,6229,156
2020-07-14,Tuolumne,109,53932,105,68,3,71,0
2020-07-14,Ventura,111,848112,6716,4950,26,4976,50
2020-07-14,Yolo,113,214977,1332,966,3,969,27
2020-07-14,Yuba,115,75493,261,210,0,210,1
2020-07-13,Alameda,001,1643700,10050,8115,14,8129,148
2020-07-13,Alpine,003,1148,2,1,0,1,0
2020-07-13,Amador,005,37829,65,42,0,42,0
2020-07-13,Butte,007,227075,676,354,9,363,4
2020-07-13,Calaveras,009,45235,87,63,0,63,0
2020-07-13,Colusa,011,21464,242,116,0,116,0
2020-07-13,Contra Costa,013,1133247,6748,4882,13,4895,88
2020-07-13,Del Norte,015,27424,74,59,0,59,0
2020-07-13,El Dorado,017,186661,536,298,4,302,0
2020-07-13,Fresno,019,978130,15377,8666,120,8786,95
2020-07-13,Glenn,021,27897,261,168,0,168,0
2020-07-13,Humboldt,023,135768,205,174,1,175,4
2020-07-13,Imperial,025,180216,9328,7052,5,7057,109
2020-07-13,Inyo,027,18085,41,35,1,36,1
2020-07-13,Kern,029,883053,16958,6808,52,6860,107
2020-07-13,Kings,031,150075,3512,2824,22,2846,37
2020-07-13,Lake,033,64148,166,118,0,118,1
2020-07-13,Lassen,035,31185,498,237,2,239,0
2020-07-13,Los Angeles,037,10098052,158070,136368,215,136583,3829
2020-07-13,Madera,039,155013,1750,1059,3,1062,4
2020-07-13,Marin,041,260295,4378,3402,5,3407,21
2020-07-13,Mariposa,043,17540,40,31,0,31,1
2020-07-13,Mendocino,045,87422,180,87,0,87,0
2020-07-13,Merced,047,269075,3362,2007,2,2009,12
2020-07-13,Modoc,049,8938,1,0,0,0,0
2020-07-13,Mono,051,14174,81,47,0,47,1
2020-07-13,Monterey,053,433212,3560,2613,9,2622,18
2020-07-13,Napa,055,140530,741,534,0,534,4
2020-07-13,Nevada,057,99092,243,172,7,179,1
2020-07-13,Orange,059,3164182,34291,25978,399,26377,423
2020-07-13,Placer,061,380077,1548,1096,3,1099,11
2020-07-13,Plumas,063,18699,22,14,0,14,0
2020-07-13,Riverside,065,2383286,34149,27136,33,27169,545
2020-07-13,Sacramento,067,1510023,8036,5747,9,5756,85
2020-07-13,San Benito,069,59416,471,343,0,343,2
2020-07-13,San Bernardino,071,2135413,29299,19610,40,19650,313
2020-07-13,San Diego,073,3302833,25344,20348,2,20350,422
2020-07-13,San Francisco,075,870044,5439,4534,4,4538,50
2020-07-13,San Joaquin,077,732212,9566,6927,5,6932,71
2020-07-13,San Luis Obispo,079,281455,1496,989,9,998,5
2020-07-13,San Mateo,081,765935,4891,4057,8,4065,108
2020-07-13,Santa Barbara,083,443738,5336,4441,45,4486,28
2020-07-13,Santa Clara,085,1922200,8823,6488,21,6509,164
2020-07-13,Santa Cruz,087,273765,818,574,7,581,3
2020-07-13,Shasta,089,179085,316,185,1,186,6
2020-07-13,Sierra,091,2930,1,1,0,1,0
2020-07-13,Siskiyou,093,43540,61,37,0,37,0
2020-07-13,Solano,095,438530,3065,2046,10,2056,23
2020-07-13,Sonoma,097,501317,2398,1818,6,1824,14
2020-07-13,Stanislaus,099,539301,7594,5324,9,5333,53
2020-07-13,Sutter,101,95872,486,379,0,379,2
2020-07-13,Tehama,103,63373,155,112,2,114,1
2020-07-13,Trinity,105,12862,21,2,5,7,0
2020-07-13,Tulare,107,460477,8019,5930,28,5958,147
2020-07-13,Tuolumne,109,53932,97,56,3,59,0
2020-07-13,Ventura,111,848112,6526,4800,23,4823,50
2020-07-13,Yolo,113,214977,1286,941,3,944,27
2020-07-13,Yuba,115,75493,246,194,0,194,1
2020-07-12,Alameda,001,1643700,9779,8056,14,8070,148
2020-07-12,Alpine,003,1148,2,1,0,1,0
2020-07-12,Amador,005,37829,55,40,0,40,0
2020-07-12,Butte,007,227075,626,341,8,349,4
2020-07-12,Calaveras,009,45235,87,62,0,62,0
2020-07-12,Colusa,011,21464,208,116,0,116,0
2020-07-12,Contra Costa,013,1133247,6478,4708,11,4719,88
2020-07-12,Del Norte,015,27424,63,59,0,59,0
2020-07-12,El Dorado,017,186661,514,290,4,294,0
2020-07-12,Fresno,019,978130,14952,8407,115,8522,95
2020-07-12,Glenn,021,27897,248,166,0,166,0
2020-07-12,Humboldt,023,135768,201,174,1,175,4
2020-07-12,Imperial,025,180216,9211,6999,5,7004,109
2020-07-12,Inyo,027,18085,39,35,1,36,1
2020-07-12,Kern,029,883053,16215,6662,49,6711,105
2020-07-12,Kings,031,150075,3450,2779,22,2801,34
2020-07-12,Lake,033,64148,157,114,0,114,1
2020-07-12,Lassen,035,31185,491,237,2,239,0
2020-07-12,Los Angeles,037,10098052,154646,133830,186,134016,3816
2020-07-12,Madera,039,155013,1695,1025,3,1028,4
2020-07-12,Marin,041,260295,4301,3358,5,3363,21
2020-07-12,Mariposa,043,17540,39,31,0,31,1
2020-07-12,Mendocino,045,87422,161,88,0,88,0
2020-07-12,Merced,047,269075,3232,1908,2,1910,12
2020-07-12,Modoc,049,8938,1,0,0,0,0
2020-07-12,Mono,051,14174,71,45,0,45,1
2020-07-12,Monterey,053,433212,3445,2521,9,2530,18
2020-07-12,Napa,055,140530,709,519,0,519,4
2020-07-12,Nevada,057,99092,233,166,7,173,1
2020-07-12,Orange,059,3164182,33415,25399,390,25789,422
2020-07-12,Placer,061,380077,1491,1058,3,1061,11
2020-07-12,Plumas,063,18699,21,14,0,14,0
2020-07-12,Riverside,065,2383286,33391,26404,32,26436,542
2020-07-12,Sacramento,067,1510023,7724,5515,7,5522,85
2020-07-12,San Benito,069,59416,456,324,0,324,2
2020-07-12,San Bernardino,071,2135413,28387,19042,36,19078,312
2020-07-12,San Diego,073,3302833,24714,19929,2,19931,422
2020-07-12,San Francisco,075,870044,5289,4535,4,4539,50
2020-07-12,San Joaquin,077,732212,9204,6703,5,6708,71
2020-07-12,San Luis Obispo,079,281455,1449,972,8,980,5
2020-07-12,San Mateo,081,765935,4773,3988,8,3996,108
2020-07-12,Santa Barbara,083,443738,5206,4353,44,4397,28
2020-07-12,Santa Clara,085,1922200,8585,6252,20,6272,164
2020-07-12,Santa Cruz,087,273765,776,573,5,578,3
2020-07-12,Shasta,089,179085,310,173,1,174,6
2020-07-12,Sierra,091,2930,1,1,0,1,0
2020-07-12,Siskiyou,093,43540,59,36,0,36,0
2020-07-12,Solano,095,438530,2940,2037,10,2047,23
2020-07-12,Sonoma,097,501317,2304,1743,6,1749,13
2020-07-12,Stanislaus,099,539301,7290,5177,9,5186,53
2020-07-12,Sutter,101,95872,468,362,0,362,2
2020-07-12,Tehama,103,63373,148,111,2,113,1
2020-07-12,Trinity,105,12862,21,2,5,7,0
2020-07-12,Tulare,107,460477,7764,5864,27,5891,146
2020-07-12,Tuolumne,109,53932,89,52,3,55,0
2020-07-12,Ventura,111,848112,6310,4724,22,4746,50
2020-07-12,Yolo,113,214977,1245,889,3,892,27
2020-07-12,Yuba,115,75493,235,188,0,188,1
2020-07-11,Alameda,001,1643700,9677,7845,14,7859,148
2020-07-11,Alpine,003,1148,2,1,0,1,0
2020-07-11,Amador,005,37829,51,37,0,37,0
2020-07-11,Butte,007,227075,610,325,8,333,4
2020-07-11,Calaveras,009,45235,84,62,0,62,0
2020-07-11,Colusa,011,21464,203,110,0,110,0
2020-07-11,Contra Costa,013,1133247,6362,4650,11,4661,87
2020-07-11,Del Norte,015,27424,63,59,0,59,0
2020-07-11,El Dorado,017,186661,503,283,4,287,0
2020-07-11,Fresno,019,978130,14692,8086,113,8199,95
2020-07-11,Glenn,021,27897,240,161,0,161,0
2020-07-11,Humboldt,023,135768,200,174,1,175,4
2020-07-11,Imperial,025,180216,9172,6884,5,6889,109
2020-07-11,Inyo,027,18085,39,35,1,36,1
2020-07-11,Kern,029,883053,15858,6509,48,6557,103
2020-07-11,Kings,031,150075,3423,2753,22,2775,33
2020-07-11,Lake,033,64148,156,110,0,110,1
2020-07-11,Lassen,035,31185,490,237,2,239,0
2020-07-11,Los Angeles,037,10098052,152928,130479,176,130655,3802
2020-07-11,Madera,039,155013,1654,988,3,991,4
2020-07-11,Marin,041,260295,4273,3191,5,3196,21
2020-07-11,Mariposa,043,17540,39,31,0,31,1
2020-07-11,Mendocino,045,87422,157,88,0,88,0
2020-07-11,Merced,047,269075,3151,1851,2,1853,12
2020-07-11,Modoc,049,8938,1,0,0,0,0
2020-07-11,Mono,051,14174,68,45,0,45,1
2020-07-11,Monterey,053,433212,3356,2376,8,2384,18
2020-07-11,Napa,055,140530,697,509,0,509,4
2020-07-11,Nevada,057,99092,224,163,6,169,1
2020-07-11,Orange,059,3164182,33038,24430,376,24806,422
2020-07-11,Placer,061,380077,1456,1029,3,1032,11
2020-07-11,Plumas,063,18699,21,12,0,12,0
2020-07-11,Riverside,065,2383286,33000,25994,32,26026,538
2020-07-11,Sacramento,067,1510023,7550,5367,7,5374,84
2020-07-11,San Benito,069,59416,441,314,0,314,2
2020-07-11,San Bernardino,071,2135413,27950,18907,34,18941,310
2020-07-11,San Diego,073,3302833,24322,19371,2,19373,422
2020-07-11,San Francisco,075,870044,5193,4430,3,4433,50
2020-07-11,San Joaquin,077,732212,9026,6518,5,6523,72
2020-07-11,San Luis Obispo,079,281455,1401,930,8,938,4
2020-07-11,San Mateo,081,765935,4705,3956,8,3964,108
2020-07-11,Santa Barbara,083,443738,5137,4283,43,4326,28
2020-07-11,Santa Clara,085,1922200,8426,5959,20,5979,164
2020-07-11,Santa Cruz,087,273765,745,571,5,576,3
2020-07-11,Shasta,089,179085,303,168,1,169,6
2020-07-11,Sierra,091,2930,1,1,0,1,0
2020-07-11,Siskiyou,093,43540,59,36,0,36,0
2020-07-11,Solano,095,438530,2899,2034,10,2044,23
2020-07-11,Sonoma,097,501317,2266,1690,6,1696,13
2020-07-11,Stanislaus,099,539301,7149,4911,9,4920,51
2020-07-11,Sutter,101,95872,452,352,0,352,2
2020-07-11,Tehama,103,63373,146,111,2,113,1
2020-07-11,Trinity,105,12862,21,2,5,7,0
2020-07-11,Tulare,107,460477,7658,5780,27,5807,149
2020-07-11,Tuolumne,109,53932,87,50,3,53,0
2020-07-11,Ventura,111,848112,6214,4545,21,4566,49
2020-07-11,Yolo,113,214977,1216,833,3,836,27
2020-07-11,Yuba,115,75493,225,175,0,175,1
2020-07-10,Alameda,001,1643700,9520,7551,14,7565,147
2020-07-10,Alpine,003,1148,2,1,0,1,0
2020-07-10,Amador,005,37829,47,37,0,37,0
2020-07-10,Butte,007,227075,599,318,8,326,4
2020-07-10,Calaveras,009,45235,84,61,0,61,0
2020-07-10,Colusa,011,21464,197,103,0,103,0
2020-07-10,Contra Costa,013,1133247,6220,4482,11,4493,86
2020-07-10,Del Norte,015,27424,63,57,0,57,0
2020-07-10,El Dorado,017,186661,485,266,4,270,0
2020-07-10,Fresno,019,978130,14360,7760,110,7870,93
2020-07-10,Glenn,021,27897,235,157,0,157,0
2020-07-10,Humboldt,023,135768,199,168,1,169,4
2020-07-10,Imperial,025,180216,9127,6878,4,6882,98
2020-07-10,Inyo,027,18085,39,35,1,36,1
2020-07-10,Kern,029,883053,15425,6344,47,6391,102
2020-07-10,Kings,031,150075,3387,2707,22,2729,33
2020-07-10,Lake,033,64148,149,104,0,104,1
2020-07-10,Lassen,035,31185,489,235,2,237,0
2020-07-10,Los Angeles,037,10098052,150508,127503,170,127673,3750
2020-07-10,Madera,039,155013,1608,914,3,917,4
2020-07-10,Marin,041,260295,4210,3101,5,3106,21
2020-07-10,Mariposa,043,17540,38,31,0,31,1
2020-07-10,Mendocino,045,87422,149,88,0,88,0
2020-07-10,Merced,047,269075,3072,1802,2,1804,12
2020-07-10,Modoc,049,8938,1,0,0,0,0
2020-07-10,Mono,051,14174,67,45,0,45,1
2020-07-10,Monterey,053,433212,3278,2285,8,2293,18
2020-07-10,Napa,055,140530,686,496,0,496,4
2020-07-10,Nevada,057,99092,219,161,6,167,1
2020-07-10,Orange,059,3164182,32451,23692,373,24065,416
2020-07-10,Placer,061,380077,1414,1002,3,1005,11
2020-07-10,Plumas,063,18699,19,12,0,12,0
2020-07-10,Riverside,065,2383286,32482,25481,32,25513,533
2020-07-10,Sacramento,067,1510023,7295,5181,7,5188,81
2020-07-10,San Benito,069,59416,432,302,0,302,2
2020-07-10,San Bernardino,071,2135413,27426,18242,31,18273,308
2020-07-10,San Diego,073,3302833,23938,18862,2,18864,420
2020-07-10,San Francisco,075,870044,5102,4305,3,4308,50
2020-07-10,San Joaquin,077,732212,8793,6225,5,6230,67
2020-07-10,San Luis Obispo,079,281455,1363,891,8,899,4
2020-07-10,San Mateo,081,765935,4640,3844,8,3852,107
2020-07-10,Santa Barbara,083,443738,5040,4177,42,4219,28
2020-07-10,Santa Clara,085,1922200,8202,5819,20,5839,164
2020-07-10,Santa Cruz,087,273765,717,540,5,545,3
2020-07-10,Shasta,089,179085,299,158,1,159,6
2020-07-10,Sierra,091,2930,1,1,0,1,0
2020-07-10,Siskiyou,093,43540,59,31,0,31,0
2020-07-10,Solano,095,438530,2852,1950,10,1960,23
2020-07-10,Sonoma,097,501317,2219,1606,5,1611,13
2020-07-10,Stanislaus,099,539301,6979,4781,9,4790,46
2020-07-10,Sutter,101,95872,445,338,0,338,2
2020-07-10,Tehama,103,63373,145,107,2,109,1
2020-07-10,Trinity,105,12862,21,2,5,7,0
2020-07-10,Tulare,107,460477,7521,5677,27,5704,150
2020-07-10,Tuolumne,109,53932,86,49,3,52,0
2020-07-10,Ventura,111,848112,6100,4416,21,4437,48
2020-07-10,Yolo,113,214977,1192,794,3,797,27
2020-07-10,Yuba,115,75493,211,164,0,164,1
2020-07-09,Alameda,001,1643700,9284,7433,14,7447,146
2020-07-09,Alpine,003,1148,2,1,0,1,0
2020-07-09,Amador,005,37829,44,36,0,36,0
2020-07-09,Butte,007,227075,567,295,8,303,4
2020-07-09,Calaveras,009,45235,83,59,0,59,0
2020-07-09,Colusa,011,21464,189,97,0,97,0
2020-07-09,Contra Costa,013,1133247,5976,4388,11,4399,86
2020-07-09,Del Norte,015,27424,63,57,0,57,0
2020-07-09,El Dorado,017,186661,460,255,4,259,0
2020-07-09,Fresno,019,978130,13906,7385,107,7492,90
2020-07-09,Glenn,021,27897,225,150,0,150,0
2020-07-09,Humboldt,023,135768,196,166,1,167,4
2020-07-09,Imperial,025,180216,9030,6778,4,6782,87
2020-07-09,Inyo,027,18085,37,35,1,36,1
2020-07-09,Kern,029,883053,14780,6100,45,6145,95
2020-07-09,Kings,031,150075,3323,2686,21,2707,33
2020-07-09,Lake,033,64148,146,99,0,99,1
2020-07-09,Lassen,035,31185,433,221,2,223,0
2020-07-09,Los Angeles,037,10098052,147246,125062,147,125209,3698
2020-07-09,Madera,039,155013,1531,850,3,853,4
2020-07-09,Marin,041,260295,4058,2975,4,2979,20
2020-07-09,Mariposa,043,17540,38,32,0,32,1
2020-07-09,Mendocino,045,87422,145,88,0,88,0
2020-07-09,Merced,047,269075,2939,1728,2,1730,11
2020-07-09,Modoc,049,8938,1,0,0,0,0
2020-07-09,Mono,051,14174,63,45,0,45,1
2020-07-09,Monterey,053,433212,3153,2223,8,2231,17
2020-07-09,Napa,055,140530,669,468,0,468,4
2020-07-09,Nevada,057,99092,213,156,6,162,1
2020-07-09,Orange,059,3164182,31481,22960,355,23315,407
2020-07-09,Placer,061,380077,1372,982,3,985,11
2020-07-09,Plumas,063,18699,19,12,0,12,0
2020-07-09,Riverside,065,2383286,31589,24980,31,25011,529
2020-07-09,Sacramento,067,1510023,6968,4950,7,4957,81
2020-07-09,San Benito,069,59416,416,295,0,295,2
2020-07-09,San Bernardino,071,2135413,26553,17339,25,17364,307
2020-07-09,San Diego,073,3302833,23346,18404,2,18406,415
2020-07-09,San Francisco,075,870044,4970,4143,3,4146,50
2020-07-09,San Joaquin,077,732212,8435,6004,5,6009,66
2020-07-09,San Luis Obispo,079,281455,1323,869,8,877,3
2020-07-09,San Mateo,081,765935,4514,3792,8,3800,106
2020-07-09,Santa Barbara,083,443738,4908,4068,42,4110,28
2020-07-09,Santa Clara,085,1922200,7945,5638,19,5657,164
2020-07-09,Santa Cruz,087,273765,690,526,5,531,3
2020-07-09,Shasta,089,179085,293,155,1,156,5
2020-07-09,Sierra,091,2930,1,1,0,1,0
2020-07-09,Siskiyou,093,43540,55,31,0,31,0
2020-07-09,Solano,095,438530,2754,1892,10,1902,23
2020-07-09,Sonoma,097,501317,2133,1584,5,1589,13
2020-07-09,Stanislaus,099,539301,6664,4633,8,4641,46
2020-07-09,Sutter,101,95872,428,321,0,321,2
2020-07-09,Tehama,103,63373,140,102,2,104,1
2020-07-09,Trinity,105,12862,21,2,5,7,0
2020-07-09,Tulare,107,460477,7302,5501,26,5527,146
2020-07-09,Tuolumne,109,53932,85,47,3,50,0
2020-07-09,Ventura,111,848112,5932,4278,21,4299,47
2020-07-09,Yolo,113,214977,1144,764,3,767,27
2020-07-09,Yuba,115,75493,194,152,0,152,1
2020-07-08,Alameda,001,1643700,8992,7335,14,7349,142
2020-07-08,Alpine,003,1148,2,1,0,1,0
2020-07-08,Amador,005,37829,41,35,0,35,0
2020-07-08,Butte,007,227075,530,281,8,289,3
2020-07-08,Calaveras,009,45235,78,58,0,58,0
2020-07-08,Colusa,011,21464,176,90,0,90,0
2020-07-08,Contra Costa,013,1133247,5730,4268,9,4277,84
2020-07-08,Del Norte,015,27424,61,57,0,57,0
2020-07-08,El Dorado,017,186661,438,248,4,252,0
2020-07-08,Fresno,019,978130,13490,7102,99,7201,86
2020-07-08,Glenn,021,27897,214,146,0,146,0
2020-07-08,Humboldt,023,135768,193,162,1,163,4
2020-07-08,Imperial,025,180216,8943,6727,4,6731,76
2020-07-08,Inyo,027,18085,37,35,1,36,1
2020-07-08,Kern,029,883053,14202,5873,43,5916,91
2020-07-08,Kings,031,150075,3263,2629,18,2647,33
2020-07-08,Lake,033,64148,139,97,0,97,1
2020-07-08,Lassen,035,31185,337,221,2,223,0
2020-07-08,Los Angeles,037,10098052,144044,123462,120,123582,3650
2020-07-08,Madera,039,155013,1461,828,3,831,4
2020-07-08,Marin,041,260295,3959,2756,4,2760,17
2020-07-08,Mariposa,043,17540,38,31,0,31,1
2020-07-08,Mendocino,045,87422,132,84,0,84,0
2020-07-08,Merced,047,269075,2819,1578,2,1580,11
2020-07-08,Modoc,049,8938,1,0,0,0,0
2020-07-08,Mono,051,14174,60,45,0,45,1
2020-07-08,Monterey,053,433212,3035,2182,7,2189,17
2020-07-08,Napa,055,140530,647,468,0,468,4
2020-07-08,Nevada,057,99092,204,156,6,162,1
2020-07-08,Orange,059,3164182,30530,22088,350,22438,378
2020-07-08,Placer,061,380077,1325,948,3,951,11
2020-07-08,Plumas,063,18699,19,12,0,12,0
2020-07-08,Riverside,065,2383286,30625,24042,30,24072,508
2020-07-08,Sacramento,067,1510023,6679,4799,7,4806,80
2020-07-08,San Benito,069,59416,400,282,0,282,2
2020-07-08,San Bernardino,071,2135413,25699,16510,21,16531,296
2020-07-08,San Diego,073,3302833,22776,17844,2,17846,406
2020-07-08,San Francisco,075,870044,4881,4093,3,4096,50
2020-07-08,San Joaquin,077,732212,8092,5759,5,5764,61
2020-07-08,San Luis Obispo,079,281455,1271,825,8,833,2
2020-07-08,San Mateo,081,765935,4393,3733,8,3741,106
2020-07-08,Santa Barbara,083,443738,4789,3985,42,4027,28
2020-07-08,Santa Clara,085,1922200,7712,5510,19,5529,164
2020-07-08,Santa Cruz,087,273765,657,509,4,513,3
2020-07-08,Shasta,089,179085,284,148,1,149,6
2020-07-08,Sierra,091,2930,1,1,0,1,0
2020-07-08,Siskiyou,093,43540,55,31,0,31,0
2020-07-08,Solano,095,438530,2638,1821,10,1831,23
2020-07-08,Sonoma,097,501317,2057,1495,5,1500,9
2020-07-08,Stanislaus,099,539301,6364,4344,8,4352,46
2020-07-08,Sutter,101,95872,403,298,0,298,2
2020-07-08,Tehama,103,63373,134,100,2,102,1
2020-07-08,Trinity,105,12862,20,2,5,7,0
2020-07-08,Tulare,107,460477,7110,5307,21,5328,138
2020-07-08,Tuolumne,109,53932,81,42,3,45,0
2020-07-08,Ventura,111,848112,5767,4139,21,4160,47
2020-07-08,Yolo,113,214977,1100,727,3,730,26
2020-07-08,Yuba,115,75493,181,145,0,145,1
2020-07-07,Alameda,001,1643700,8671,7097,13,7110,141
2020-07-07,Alpine,003,1148,2,1,0,1,0
2020-07-07,Amador,005,37829,41,33,0,33,0
2020-07-07,Butte,007,227075,487,269,8,277,3
2020-07-07,Calaveras,009,45235,76,58,0,58,0
2020-07-07,Colusa,011,21464,143,84,0,84,0
2020-07-07,Contra Costa,013,1133247,5494,4131,8,4139,84
2020-07-07,Del Norte,015,27424,61,57,0,57,0
2020-07-07,El Dorado,017,186661,418,244,4,248,0
2020-07-07,Fresno,019,978130,13037,6738,99,6837,84
2020-07-07,Glenn,021,27897,205,145,0,145,0
2020-07-07,Humboldt,023,135768,190,150,1,151,4
2020-07-07,Imperial,025,180216,8844,6678,4,6682,51
2020-07-07,Inyo,027,18085,36,32,1,33,1
2020-07-07,Kern,029,883053,13503,5645,39,5684,88
2020-07-07,Kings,031,150075,3200,2623,16,2639,33
2020-07-07,Lake,033,64148,129,94,0,94,1
2020-07-07,Lassen,035,31185,266,219,2,221,0
2020-07-07,Los Angeles,037,10098052,140472,121026,113,121139,3588
2020-07-07,Madera,039,155013,1417,794,3,797,4
2020-07-07,Marin,041,260295,3870,2627,4,2631,17
2020-07-07,Mariposa,043,17540,38,31,0,31,1
2020-07-07,Mendocino,045,87422,124,82,0,82,0
2020-07-07,Merced,047,269075,2645,1531,2,1533,10
2020-07-07,Modoc,049,8938,1,0,0,0,0
2020-07-07,Mono,051,14174,59,42,0,42,1
2020-07-07,Monterey,053,433212,2892,2166,7,2173,17
2020-07-07,Napa,055,140530,628,459,0,459,4
2020-07-07,Nevada,057,99092,198,150,6,156,1
2020-07-07,Orange,059,3164182,29519,21741,336,22077,373
2020-07-07,Placer,061,380077,1284,930,3,933,11
2020-07-07,Plumas,063,18699,17,12,0,12,0
2020-07-07,Riverside,065,2383286,29609,23279,30,23309,499
2020-07-07,Sacramento,067,1510023,6337,4592,7,4599,76
2020-07-07,San Benito,069,59416,382,274,0,274,2
2020-07-07,San Bernardino,071,2135413,24830,16004,19,16023,277
2020-07-07,San Diego,073,3302833,22057,17580,2,17582,399
2020-07-07,San Francisco,075,870044,4788,4045,2,4047,50
2020-07-07,San Joaquin,077,732212,7750,5547,5,5552,59
2020-07-07,San Luis Obispo,079,281455,1210,795,8,803,2
2020-07-07,San Mateo,081,765935,4278,3691,8,3699,106
2020-07-07,Santa Barbara,083,443738,4661,3866,41,3907,27
2020-07-07,Santa Clara,085,1922200,7443,5438,19,5457,164
2020-07-07,Santa Cruz,087,273765,623,502,3,505,2
2020-07-07,Shasta,089,179085,271,144,1,145,6
2020-07-07,Sierra,091,2930,1,1,0,1,0
2020-07-07,Siskiyou,093,43540,54,30,0,30,0
2020-07-07,Solano,095,438530,2527,1776,9,1785,22
2020-07-07,Sonoma,097,501317,1986,1473,5,1478,8
2020-07-07,Stanislaus,099,539301,6025,4101,8,4109,46
2020-07-07,Sutter,101,95872,377,273,0,273,2
2020-07-07,Tehama,103,63373,125,95,2,97,1
2020-07-07,Trinity,105,12862,20,2,5,7,0
2020-07-07,Tulare,107,460477,6930,5189,19,5208,137
2020-07-07,Tuolumne,109,53932,75,40,3,43,0
2020-07-07,Ventura,111,848112,5598,3992,19,4011,46
2020-07-07,Yolo,113,214977,1032,706,3,709,26
2020-07-07,Yuba,115,75493,161,138,0,138,1
2020-07-06,Alameda,001,1643700,8433,6970,13,6983,141
2020-07-06,Alpine,003,1148,1,1,0,1,0
2020-07-06,Amador,005,37829,39,33,0,33,0
2020-07-06,Butte,007,227075,431,257,8,265,2
2020-07-06,Calaveras,009,45235,73,45,0,45,0
2020-07-06,Colusa,011,21464,134,80,0,80,0
2020-07-06,Contra Costa,013,1133247,5264,3901,7,3908,83
2020-07-06,Del Norte,015,27424,60,57,0,57,0
2020-07-06,El Dorado,017,186661,403,232,3,235,0
2020-07-06,Fresno,019,978130,12569,6364,93,6457,82
2020-07-06,Glenn,021,27897,197,129,0,129,0
2020-07-06,Humboldt,023,135768,188,148,1,149,3
2020-07-06,Imperial,025,180216,8725,6443,4,6447,47
2020-07-06,Inyo,027,18085,36,32,1,33,1
2020-07-06,Kern,029,883053,12697,5491,38,5529,82
2020-07-06,Kings,031,150075,3149,2583,11,2594,33
2020-07-06,Lake,033,64148,122,93,0,93,1
2020-07-06,Lassen,035,31185,264,219,2,221,0
2020-07-06,Los Angeles,037,10098052,136868,116707,99,116806,3541
2020-07-06,Madera,039,155013,1347,734,3,737,4
2020-07-06,Marin,041,260295,3630,2136,4,2140,17
2020-07-06,Mariposa,043,17540,36,31,0,31,1
2020-07-06,Mendocino,045,87422,107,72,0,72,0
2020-07-06,Merced,047,269075,2494,1396,2,1398,10
2020-07-06,Modoc,049,8938,1,0,0,0,0
2020-07-06,Mono,051,14174,58,40,0,40,1
2020-07-06,Monterey,053,433212,2803,2078,7,2085,15
2020-07-06,Napa,055,140530,610,454,0,454,4
2020-07-06,Nevada,057,99092,192,146,6,152,1
2020-07-06,Orange,059,3164182,28457,20167,298,20465,372
2020-07-06,Placer,061,380077,1222,904,3,907,11
2020-07-06,Plumas,063,18699,17,11,0,11,0
2020-07-06,Riverside,065,2383286,28554,22485,29,22514,477
2020-07-06,Sacramento,067,1510023,5986,4420,7,4427,71
2020-07-06,San Benito,069,59416,367,264,0,264,2
2020-07-06,San Bernardino,071,2135413,23977,15346,16,15362,272
2020-07-06,San Diego,073,3302833,21325,17002,2,17004,387
2020-07-06,San Francisco,075,870044,4667,3861,2,3863,50
2020-07-06,San Joaquin,077,732212,7380,5104,5,5109,57
2020-07-06,San Luis Obispo,079,281455,1152,751,8,759,2
2020-07-06,San Mateo,081,765935,4186,3650,7,3657,106
2020-07-06,Santa Barbara,083,443738,4524,3763,40,3803,27
2020-07-06,Santa Clara,085,1922200,7172,5369,19,5388,165
2020-07-06,Santa Cruz,087,273765,601,466,2,468,2
2020-07-06,Shasta,089,179085,261,143,1,144,6
2020-07-06,Sierra,091,2930,1,1,0,1,0
2020-07-06,Siskiyou,093,43540,50,30,0,30,0
2020-07-06,Solano,095,438530,2394,1668,9,1677,22
2020-07-06,Sonoma,097,501317,1922,1369,5,1374,8
2020-07-06,Stanislaus,099,539301,5623,3983,8,3991,46
2020-07-06,Sutter,101,95872,350,250,0,250,2
2020-07-06,Tehama,103,63373,122,95,2,97,1
2020-07-06,Trinity,105,12862,19,2,5,7,0
2020-07-06,Tulare,107,460477,6725,5039,17,5056,136
2020-07-06,Tuolumne,109,53932,72,30,3,33,0
2020-07-06,Ventura,111,848112,5405,3912,19,3931,44
2020-07-06,Yolo,113,214977,976,685,3,688,26
2020-07-06,Yuba,115,75493,147,124,0,124,1
2020-07-05,Alameda,001,1643700,8181,6861,13,6874,141
2020-07-05,Alpine,003,1148,1,1,0,1,0
2020-07-05,Amador,005,37829,37,31,0,31,0
2020-07-05,Butte,007,227075,396,248,8,256,2
2020-07-05,Calaveras,009,45235,69,45,0,45,0
2020-07-05,Colusa,011,21464,124,79,0,79,0
2020-07-05,Contra Costa,013,1133247,5024,3665,6,3671,80
2020-07-05,Del Norte,015,27424,60,57,0,57,0
2020-07-05,El Dorado,017,186661,385,227,3,230,0
2020-07-05,Fresno,019,978130,12003,6186,92,6278,82
2020-07-05,Glenn,021,27897,194,129,0,129,0
2020-07-05,Humboldt,023,135768,184,147,1,148,3
2020-07-05,Imperial,025,180216,8591,6441,4,6445,47
2020-07-05,Inyo,027,18085,35,32,1,33,1
2020-07-05,Kern,029,883053,11988,5351,38,5389,82
2020-07-05,Kings,031,150075,3066,2546,10,2556,31
2020-07-05,Lake,033,64148,122,92,0,92,1
2020-07-05,Lassen,035,31185,258,219,2,221,0
2020-07-05,Los Angeles,037,10098052,133642,115133,93,115226,3495
2020-07-05,Madera,039,155013,1269,564,3,567,4
2020-07-05,Marin,041,260295,3447,2080,4,2084,17
2020-07-05,Mariposa,043,17540,36,31,0,31,1
2020-07-05,Mendocino,045,87422,104,72,0,72,0
2020-07-05,Merced,047,269075,2349,1340,2,1342,10
2020-07-05,Modoc,049,8938,1,0,0,0,0
2020-07-05,Mono,051,14174,54,39,0,39,1
2020-07-05,Monterey,053,433212,2700,1994,7,2001,15
2020-07-05,Napa,055,140530,580,450,0,450,4
2020-07-05,Nevada,057,99092,186,141,6,147,1
2020-07-05,Orange,059,3164182,27516,19430,285,19715,372
2020-07-05,Placer,061,380077,1165,855,3,858,11
2020-07-05,Plumas,063,18699,16,11,0,11,0
2020-07-05,Riverside,065,2383286,27698,21511,29,21540,474
2020-07-05,Sacramento,067,1510023,5670,4265,6,4271,71
2020-07-05,San Benito,069,59416,348,258,0,258,2
2020-07-05,San Bernardino,071,2135413,23099,15026,16,15042,270
2020-07-05,San Diego,073,3302833,20634,16728,2,16730,387
2020-07-05,San Francisco,075,870044,4549,3861,2,3863,50
2020-07-05,San Joaquin,077,732212,7061,5015,5,5020,57
2020-07-05,San Luis Obispo,079,281455,1073,730,7,737,2
2020-07-05,San Mateo,081,765935,4076,3575,7,3582,106
2020-07-05,Santa Barbara,083,443738,4377,3671,37,3708,27
2020-07-05,Santa Clara,085,1922200,6879,5237,19,5256,162
2020-07-05,Santa Cruz,087,273765,583,467,0,467,2
2020-07-05,Shasta,089,179085,255,138,1,139,6
2020-07-05,Sierra,091,2930,1,1,0,1,0
2020-07-05,Siskiyou,093,43540,46,30,0,30,0
2020-07-05,Solano,095,438530,2274,1547,9,1556,22
2020-07-05,Sonoma,097,501317,1841,1369,5,1374,8
2020-07-05,Stanislaus,099,539301,5292,3777,7,3784,45
2020-07-05,Sutter,101,95872,322,241,0,241,2
2020-07-05,Tehama,103,63373,120,95,2,97,1
2020-07-05,Trinity,105,12862,19,2,5,7,0
2020-07-05,Tulare,107,460477,6466,4981,15,4996,135
2020-07-05,Tuolumne,109,53932,67,30,3,33,0
2020-07-05,Ventura,111,848112,5202,3866,19,3885,44
2020-07-05,Yolo,113,214977,936,644,3,647,26
2020-07-05,Yuba,115,75493,137,115,0,115,1
2020-07-04,Alameda,001,1643700,8069,6737,13,6750,141
2020-07-04,Alpine,003,1148,1,1,0,1,0
2020-07-04,Amador,005,37829,36,31,0,31,0
2020-07-04,Butte,007,227075,378,224,8,232,2
2020-07-04,Calaveras,009,45235,69,45,0,45,0
2020-07-04,Colusa,011,21464,123,76,0,76,0
2020-07-04,Contra Costa,013,1133247,4876,3583,6,3589,80
2020-07-04,Del Norte,015,27424,60,50,0,50,0
2020-07-04,El Dorado,017,186661,366,211,3,214,0
2020-07-04,Fresno,019,978130,11686,5999,90,6089,82
2020-07-04,Glenn,021,27897,187,128,0,128,0
2020-07-04,Humboldt,023,135768,177,144,1,145,3
2020-07-04,Imperial,025,180216,8542,6441,4,6445,47
2020-07-04,Inyo,027,18085,35,32,1,33,1
2020-07-04,Kern,029,883053,11684,5231,38,5269,81
2020-07-04,Kings,031,150075,3023,2509,10,2519,31
2020-07-04,Lake,033,64148,115,86,0,86,1
2020-07-04,Lassen,035,31185,258,219,2,221,0
2020-07-04,Los Angeles,037,10098052,131826,107256,82,107338,3462
2020-07-04,Madera,039,155013,1223,568,3,571,4
2020-07-04,Marin,041,260295,3418,1962,4,1966,17
2020-07-04,Mariposa,043,17540,36,28,0,28,1
2020-07-04,Mendocino,045,87422,104,72,0,72,0
2020-07-04,Merced,047,269075,2247,1252,2,1254,10
2020-07-04,Modoc,049,8938,1,0,0,0,0
2020-07-04,Mono,051,14174,54,37,0,37,1
2020-07-04,Monterey,053,433212,2620,1878,7,1885,15
2020-07-04,Napa,055,140530,571,426,0,426,4
2020-07-04,Nevada,057,99092,183,125,6,131,1
2020-07-04,Orange,059,3164182,27083,19247,272,19519,372
2020-07-04,Placer,061,380077,1130,796,3,799,11
2020-07-04,Plumas,063,18699,16,11,0,11,0
2020-07-04,Riverside,065,2383286,27331,21508,29,21537,474
2020-07-04,Sacramento,067,1510023,5499,4039,6,4045,71
2020-07-04,San Benito,069,59416,335,255,0,255,2
2020-07-04,San Bernardino,071,2135413,22674,14636,14,14650,270
2020-07-04,San Diego,073,3302833,20174,16166,2,16168,387
2020-07-04,San Francisco,075,870044,4457,3861,2,3863,50
2020-07-04,San Joaquin,077,732212,6849,4807,5,4812,57
2020-07-04,San Luis Obispo,079,281455,1033,699,7,706,2
2020-07-04,San Mateo,081,765935,4013,3532,7,3539,106
2020-07-04,Santa Barbara,083,443738,4302,3520,35,3555,27
2020-07-04,Santa Clara,085,1922200,6687,5045,18,5063,161
2020-07-04,Santa Cruz,087,273765,573,466,0,466,2
2020-07-04,Shasta,089,179085,252,135,1,136,6
2020-07-04,Sierra,091,2930,1,1,0,1,0
2020-07-04,Siskiyou,093,43540,39,30,0,30,0
2020-07-04,Solano,095,438530,2238,1548,9,1557,22
2020-07-04,Sonoma,097,501317,1815,1370,5,1375,8
2020-07-04,Stanislaus,099,539301,5134,3572,7,3579,44
2020-07-04,Sutter,101,95872,303,225,0,225,2
2020-07-04,Tehama,103,63373,117,92,2,94,1
2020-07-04,Trinity,105,12862,19,2,5,7,0
2020-07-04,Tulare,107,460477,6354,4802,14,4816,135
2020-07-04,Tuolumne,109,53932,63,30,3,33,0
2020-07-04,Ventura,111,848112,5078,3687,19,3706,44
2020-07-04,Yolo,113,214977,911,615,3,618,26
2020-07-04,Yuba,115,75493,130,102,0,102,1
2020-07-03,Alameda,001,1643700,7948,6486,13,6499,141
2020-07-03,Alpine,003,1148,1,1,0,1,0
2020-07-03,Amador,005,37829,36,25,0,25,0
2020-07-03,Butte,007,227075,366,212,8,220,2
2020-07-03,Calaveras,009,45235,69,44,0,44,0
2020-07-03,Colusa,011,21464,117,70,0,70,0
2020-07-03,Contra Costa,013,1133247,4742,3447,6,3453,78
2020-07-03,Del Norte,015,27424,60,50,0,50,0
2020-07-03,El Dorado,017,186661,354,201,3,204,0
2020-07-03,Fresno,019,978130,11381,5783,87,5870,81
2020-07-03,Glenn,021,27897,182,122,0,122,0
2020-07-03,Humboldt,023,135768,173,143,1,144,3
2020-07-03,Imperial,025,180216,8494,6345,4,6349,47
2020-07-03,Inyo,027,18085,35,32,1,33,1
2020-07-03,Kern,029,883053,11423,5213,38,5251,81
2020-07-03,Kings,031,150075,2987,2492,10,2502,31
2020-07-03,Lake,033,64148,108,83,0,83,0
2020-07-03,Lassen,035,31185,258,219,2,221,0
2020-07-03,Los Angeles,037,10098052,130311,107236,78,107314,3461
2020-07-03,Madera,039,155013,1178,565,3,568,4
2020-07-03,Marin,041,260295,3390,1776,4,1780,17
2020-07-03,Mariposa,043,17540,36,28,0,28,1
2020-07-03,Mendocino,045,87422,103,72,0,72,0
2020-07-03,Merced,047,269075,2181,1188,2,1190,10
2020-07-03,Modoc,049,8938,1,0,0,0,0
2020-07-03,Mono,051,14174,54,37,0,37,1
2020-07-03,Monterey,053,433212,2550,1804,7,1811,15
2020-07-03,Napa,055,140530,553,388,0,388,4
2020-07-03,Nevada,057,99092,182,125,6,131,1
2020-07-03,Orange,059,3164182,26692,18819,264,19083,366
2020-07-03,Placer,061,380077,1103,745,3,748,11
2020-07-03,Plumas,063,18699,16,11,0,11,0
2020-07-03,Riverside,065,2383286,27025,21171,29,21200,472
2020-07-03,Sacramento,067,1510023,5365,3711,6,3717,71
2020-07-03,San Benito,069,59416,328,243,0,243,2
2020-07-03,San Bernardino,071,2135413,22285,14040,14,14054,269
2020-07-03,San Diego,073,3302833,19719,15698,2,15700,387
2020-07-03,San Francisco,075,870044,4410,3781,2,3783,50
2020-07-03,San Joaquin,077,732212,6710,4416,4,4420,56
2020-07-03,San Luis Obispo,079,281455,998,676,7,683,2
2020-07-03,San Mateo,081,765935,3956,3439,7,3446,106
2020-07-03,Santa Barbara,083,443738,4215,3406,34,3440,27
2020-07-03,Santa Clara,085,1922200,6575,4820,18,4838,161
2020-07-03,Santa Cruz,087,273765,559,436,0,436,2
2020-07-03,Shasta,089,179085,244,113,1,114,6
2020-07-03,Sierra,091,2930,1,1,0,1,0
2020-07-03,Siskiyou,093,43540,36,30,0,30,0
2020-07-03,Solano,095,438530,2194,1496,8,1504,22
2020-07-03,Sonoma,097,501317,1767,1282,5,1287,8
2020-07-03,Stanislaus,099,539301,5010,3021,7,3028,43
2020-07-03,Sutter,101,95872,293,205,0,205,2
2020-07-03,Tehama,103,63373,115,89,2,91,1
2020-07-03,Trinity,105,12862,19,2,5,7,0
2020-07-03,Tulare,107,460477,6239,4656,14,4670,134
2020-07-03,Tuolumne,109,53932,61,27,3,30,0
2020-07-03,Ventura,111,848112,4982,3536,19,3555,44
2020-07-03,Yolo,113,214977,877,586,3,589,25
2020-07-03,Yuba,115,75493,125,96,0,96,1
2020-07-02,Alameda,001,1643700,7822,6386,13,6399,139
2020-07-02,Alpine,003,1148,1,1,0,1,0
2020-07-02,Amador,005,37829,35,23,0,23,0
2020-07-02,Butte,007,227075,349,199,8,207,2
2020-07-02,Calaveras,009,45235,65,42,0,42,0
2020-07-02,Colusa,011,21464,109,60,0,60,0
2020-07-02,Contra Costa,013,1133247,4558,3347,6,3353,77
2020-07-02,Del Norte,015,27424,59,50,0,50,0
2020-07-02,El Dorado,017,186661,343,193,3,196,0
2020-07-02,Fresno,019,978130,10921,5402,86,5488,78
2020-07-02,Glenn,021,27897,176,114,0,114,0
2020-07-02,Humboldt,023,135768,169,138,1,139,3
2020-07-02,Imperial,025,180216,8393,6236,4,6240,47
2020-07-02,Inyo,027,18085,35,29,1,30,1
2020-07-02,Kern,029,883053,10887,5036,36,5072,78
2020-07-02,Kings,031,150075,2936,2419,10,2429,31
2020-07-02,Lake,033,64148,104,81,0,81,0
2020-07-02,Lassen,035,31185,256,218,2,220,0
2020-07-02,Los Angeles,037,10098052,128292,107144,55,107199,3458
2020-07-02,Madera,039,155013,1110,548,3,551,4
2020-07-02,Marin,041,260295,3304,1706,4,1710,17
2020-07-02,Mariposa,043,17540,35,28,0,28,1
2020-07-02,Mendocino,045,87422,99,71,0,71,0
2020-07-02,Merced,047,269075,2084,1122,2,1124,10
2020-07-02,Modoc,049,8938,1,0,0,0,0
2020-07-02,Mono,051,14174,54,37,0,37,1
2020-07-02,Monterey,053,433212,2490,1796,7,1803,15
2020-07-02,Napa,055,140530,536,352,0,352,4
2020-07-02,Nevada,057,99092,176,118,5,123,1
2020-07-02,Orange,059,3164182,25928,17056,251,17307,360
2020-07-02,Placer,061,380077,1079,740,3,743,11
2020-07-02,Plumas,063,18699,15,8,0,8,0
2020-07-02,Riverside,065,2383286,26452,20253,29,20282,458
2020-07-02,Sacramento,067,1510023,5138,3587,6,3593,70
2020-07-02,San Benito,069,59416,320,236,0,236,2
2020-07-02,San Bernardino,071,2135413,21749,13185,14,13199,260
2020-07-02,San Diego,073,3302833,19254,15208,2,15210,377
2020-07-02,San Francisco,075,870044,4315,3676,2,3678,50
2020-07-02,San Joaquin,077,732212,6363,4243,4,4247,56
2020-07-02,San Luis Obispo,079,281455,953,659,7,666,2
2020-07-02,San Mateo,081,765935,3876,3390,7,3397,107
2020-07-02,Santa Barbara,083,443738,4115,3385,32,3417,27
2020-07-02,Santa Clara,085,1922200,6449,4722,18,4740,160
2020-07-02,Santa Cruz,087,273765,536,414,0,414,2
2020-07-02,Shasta,089,179085,241,110,1,111,5
2020-07-02,Sierra,091,2930,1,1,0,1,0
2020-07-02,Siskiyou,093,43540,36,30,0,30,0
2020-07-02,Solano,095,438530,2111,1429,8,1437,21
2020-07-02,Sonoma,097,501317,1709,1244,5,1249,6
2020-07-02,Stanislaus,099,539301,4838,2850,7,2857,41
2020-07-02,Sutter,101,95872,282,195,0,195,2
2020-07-02,Tehama,103,63373,113,86,2,88,1
2020-07-02,Trinity,105,12862,19,2,5,7,0
2020-07-02,Tulare,107,460477,6072,4559,13,4572,132
2020-07-02,Tuolumne,109,53932,58,23,2,25,0
2020-07-02,Ventura,111,848112,4826,3394,19,3413,42
2020-07-02,Yolo,113,214977,845,554,3,557,24
2020-07-02,Yuba,115,75493,115,93,0,93,1
2020-07-01,Alameda,001,1643700,7600,6125,13,6138,137
2020-07-01,Alpine,003,1148,1,1,0,1,0
2020-07-01,Amador,005,37829,34,22,0,22,0
2020-07-01,Butte,007,227075,324,185,8,193,2
2020-07-01,Calaveras,009,45235,63,37,0,37,0
2020-07-01,Colusa,011,21464,103,53,0,53,0
2020-07-01,Contra Costa,013,1133247,4346,3259,6,3265,76
2020-07-01,Del Norte,015,27424,59,50,0,50,0
2020-07-01,El Dorado,017,186661,316,183,3,186,0
2020-07-01,Fresno,019,978130,10487,5111,83,5194,76
2020-07-01,Glenn,021,27897,170,110,0,110,0
2020-07-01,Humboldt,023,135768,164,134,0,134,3
2020-07-01,Imperial,025,180216,8296,6150,4,6154,46
2020-07-01,Inyo,027,18085,34,30,1,31,1
2020-07-01,Kern,029,883053,10254,4853,34,4887,78
2020-07-01,Kings,031,150075,2868,2360,10,2370,30
2020-07-01,Lake,033,64148,103,75,0,75,0
2020-07-01,Lassen,035,31185,255,217,2,219,0
2020-07-01,Los Angeles,037,10098052,125088,105325,46,105371,3408
2020-07-01,Madera,039,155013,1069,519,3,522,4
2020-07-01,Marin,041,260295,3147,1636,4,1640,17
2020-07-01,Mariposa,043,17540,35,29,0,29,1
2020-07-01,Mendocino,045,87422,95,70,0,70,0
2020-07-01,Merced,047,269075,1986,1052,2,1054,10
2020-07-01,Modoc,049,8938,1,0,0,0,0
2020-07-01,Mono,051,14174,51,37,0,37,1
2020-07-01,Monterey,053,433212,2382,1703,6,1709,15
2020-07-01,Napa,055,140530,513,347,0,347,4
2020-07-01,Nevada,057,99092,166,115,5,120,1
2020-07-01,Orange,059,3164182,25043,15662,230,15892,343
2020-07-01,Placer,061,380077,1032,713,3,716,11
2020-07-01,Plumas,063,18699,13,8,0,8,0
2020-07-01,Riverside,065,2383286,25610,19537,28,19565,457
2020-07-01,Sacramento,067,1510023,4883,3425,6,3431,64
2020-07-01,San Benito,069,59416,311,219,0,219,2
2020-07-01,San Bernardino,071,2135413,20854,12712,11,12723,253
2020-07-01,San Diego,073,3302833,18686,14624,2,14626,372
2020-07-01,San Francisco,075,870044,4222,3626,2,3628,50
2020-07-01,San Joaquin,077,732212,6005,3990,4,3994,54
2020-07-01,San Luis Obispo,079,281455,926,613,7,620,1
2020-07-01,San Mateo,081,765935,3814,3326,7,3333,84
2020-07-01,Santa Barbara,083,443738,3995,3268,31,3299,27
2020-07-01,Santa Clara,085,1922200,6261,4547,17,4564,159
2020-07-01,Santa Cruz,087,273765,512,398,0,398,2
2020-07-01,Shasta,089,179085,236,104,1,105,5
2020-07-01,Sierra,091,2930,1,1,0,1,0
2020-07-01,Siskiyou,093,43540,36,28,0,28,0
2020-07-01,Solano,095,438530,2022,1350,8,1358,21
2020-07-01,Sonoma,097,501317,1614,1178,5,1183,6
2020-07-01,Stanislaus,099,539301,4559,2619,7,2626,41
2020-07-01,Sutter,101,95872,269,188,0,188,2
2020-07-01,Tehama,103,63373,106,80,2,82,1
2020-07-01,Trinity,105,12862,19,2,4,6,0
2020-07-01,Tulare,107,460477,5894,4359,13,4372,128
2020-07-01,Tuolumne,109,53932,55,17,2,19,0
2020-07-01,Ventura,111,848112,4684,3224,17,3241,41
2020-07-01,Yolo,113,214977,794,526,3,529,24
2020-07-01,Yuba,115,75493,110,57,0,57,1
2020-06-30,Alameda,001,1643700,7351,5959,11,5970,137
2020-06-30,Alpine,003,1148,1,1,0,1,0
2020-06-30,Amador,005,37829,34,21,0,21,0
2020-06-30,Butte,007,227075,307,163,8,171,2
2020-06-30,Calaveras,009,45235,58,31,0,31,0
2020-06-30,Colusa,011,21464,94,33,0,33,0
2020-06-30,Contra Costa,013,1133247,4139,3140,6,3146,75
2020-06-30,Del Norte,015,27424,59,48,0,48,0
2020-06-30,El Dorado,017,186661,303,175,3,178,0
2020-06-30,Fresno,019,978130,10040,4826,77,4903,75
2020-06-30,Glenn,021,27897,165,96,0,96,0
2020-06-30,Humboldt,023,135768,160,132,0,132,3
2020-06-30,Imperial,025,180216,8197,5968,4,5972,45
2020-06-30,Inyo,027,18085,34,30,1,31,1
2020-06-30,Kern,029,883053,9607,4721,31,4752,75
2020-06-30,Kings,031,150075,2819,2315,7,2322,30
2020-06-30,Lake,033,64148,95,56,0,56,0
2020-06-30,Lassen,035,31185,248,215,2,217,0
2020-06-30,Los Angeles,037,10098052,121505,103640,43,103683,3378
2020-06-30,Madera,039,155013,1012,475,3,478,4
2020-06-30,Marin,041,260295,3076,1614,4,1618,17
2020-06-30,Mariposa,043,17540,34,27,0,27,1
2020-06-30,Mendocino,045,87422,90,65,0,65,0
2020-06-30,Merced,047,269075,1849,970,2,972,10
2020-06-30,Modoc,049,8938,1,0,0,0,0
2020-06-30,Mono,051,14174,49,36,0,36,1
2020-06-30,Monterey,053,433212,2285,1657,6,1663,15
2020-06-30,Napa,055,140530,488,342,0,342,4
2020-06-30,Nevada,057,99092,158,113,5,118,1
2020-06-30,Orange,059,3164182,24112,14354,220,14574,335
2020-06-30,Placer,061,380077,1005,667,3,670,11
2020-06-30,Plumas,063,18699,12,8,0,8,0
2020-06-30,Riverside,065,2383286,24893,18656,27,18683,449
2020-06-30,Sacramento,067,1510023,4594,3246,6,3252,64
2020-06-30,San Benito,069,59416,300,200,0,200,2
2020-06-30,San Bernardino,071,2135413,19872,12375,10,12385,249
2020-06-30,San Diego,073,3302833,17981,14150,2,14152,365
2020-06-30,San Francisco,075,870044,4117,3555,1,3556,50
2020-06-30,San Joaquin,077,732212,5630,3744,4,3748,52
2020-06-30,San Luis Obispo,079,281455,888,583,7,590,1
2020-06-30,San Mateo,081,765935,3736,3268,7,3275,84
2020-06-30,Santa Barbara,083,443738,3879,3102,31,3133,25
2020-06-30,Santa Clara,085,1922200,6059,4346,17,4363,157
2020-06-30,Santa Cruz,087,273765,486,379,0,379,2
2020-06-30,Shasta,089,179085,220,100,1,101,5
2020-06-30,Sierra,091,2930,1,1,0,1,0
2020-06-30,Siskiyou,093,43540,35,26,0,26,0
2020-06-30,Solano,095,438530,1930,1256,8,1264,21
2020-06-30,Sonoma,097,501317,1550,1122,5,1127,6
2020-06-30,Stanislaus,099,539301,4261,2578,7,2585,41
2020-06-30,Sutter,101,95872,246,168,0,168,2
2020-06-30,Tehama,103,63373,104,75,2,77,1
2020-06-30,Trinity,105,12862,19,2,4,6,0
2020-06-30,Tulare,107,460477,5685,4207,13,4220,117
2020-06-30,Tuolumne,109,53932,51,16,2,18,0
2020-06-30,Ventura,111,848112,4550,3030,17,3047,40
2020-06-30,Yolo,113,214977,756,515,3,518,24
2020-06-30,Yuba,115,75493,106,55,0,55,1
2020-06-29,Alameda,001,1643700,7142,5766,11,5777,135
2020-06-29,Alpine,003,1148,1,1,0,1,0
2020-06-29,Amador,005,37829,31,20,0,20,0
2020-06-29,Butte,007,227075,286,157,8,165,2
2020-06-29,Calaveras,009,45235,56,30,0,30,0
2020-06-29,Colusa,011,21464,89,17,0,17,0
2020-06-29,Contra Costa,013,1133247,3976,2976,5,2981,75
2020-06-29,Del Norte,015,27424,59,47,0,47,0
2020-06-29,El Dorado,017,186661,289,163,1,164,0
2020-06-29,Fresno,019,978130,9692,4531,75,4606,74
2020-06-29,Glenn,021,27897,156,77,0,77,0
2020-06-29,Humboldt,023,135768,159,128,0,128,3
2020-06-29,Imperial,025,180216,8066,5512,4,5516,45
2020-06-29,Inyo,027,18085,33,29,0,29,1
2020-06-29,Kern,029,883053,8944,4613,29,4642,73
2020-06-29,Kings,031,150075,2754,2280,7,2287,20
2020-06-29,Lake,033,64148,88,53,0,53,0
2020-06-29,Lassen,035,31185,240,77,2,79,0
2020-06-29,Los Angeles,037,10098052,118467,100846,37,100883,3337
2020-06-29,Madera,039,155013,955,422,3,425,4
2020-06-29,Marin,041,260295,3000,1517,4,1521,17
2020-06-29,Mariposa,043,17540,32,25,0,25,1
2020-06-29,Mendocino,045,87422,87,63,0,63,0
2020-06-29,Merced,047,269075,1743,848,2,850,10
2020-06-29,Modoc,049,8938,1,0,0,0,0
2020-06-29,Mono,051,14174,47,35,0,35,1
2020-06-29,Monterey,053,433212,2213,1614,6,1620,14
2020-06-29,Napa,055,140530,466,317,0,317,4
2020-06-29,Nevada,057,99092,155,107,4,111,1
2020-06-29,Orange,059,3164182,23122,13682,204,13886,324
2020-06-29,Placer,061,380077,969,628,3,631,11
2020-06-29,Plumas,063,18699,12,6,0,6,0
2020-06-29,Riverside,065,2383286,23859,17683,27,17710,432
2020-06-29,Sacramento,067,1510023,4307,2985,6,2991,62
2020-06-29,San Benito,069,59416,285,193,0,193,2
2020-06-29,San Bernardino,071,2135413,18910,11643,10,11653,245
2020-06-29,San Diego,073,3302833,17403,13834,2,13836,361
2020-06-29,San Francisco,075,870044,4040,3389,1,3390,50
2020-06-29,San Joaquin,077,732212,5272,3202,4,3206,52
2020-06-29,San Luis Obispo,079,281455,854,544,7,551,1
2020-06-29,San Mateo,081,765935,3682,3170,7,3177,84
2020-06-29,Santa Barbara,083,443738,3770,2933,30,2963,25
2020-06-29,Santa Clara,085,1922200,5888,4231,17,4248,157
2020-06-29,Santa Cruz,087,273765,468,348,0,348,2
2020-06-29,Shasta,089,179085,212,94,1,95,5
2020-06-29,Sierra,091,2930,1,1,0,1,0
2020-06-29,Siskiyou,093,43540,35,25,0,25,0
2020-06-29,Solano,095,438530,1828,1077,8,1085,21
2020-06-29,Sonoma,097,501317,1478,1103,5,1108,5
2020-06-29,Stanislaus,099,539301,4055,2400,6,2406,36
2020-06-29,Sutter,101,95872,224,152,0,152,2
2020-06-29,Tehama,103,63373,100,63,2,65,1
2020-06-29,Trinity,105,12862,18,2,4,6,0
2020-06-29,Tulare,107,460477,5530,3906,12,3918,117
2020-06-29,Tuolumne,109,53932,47,16,2,18,0
2020-06-29,Ventura,111,848112,4403,2794,17,2811,40
2020-06-29,Yolo,113,214977,723,483,3,486,24
2020-06-29,Yuba,115,75493,93,55,0,55,1
2020-06-28,Alameda,001,1643700,6883,5698,11,5709,135
2020-06-28,Alpine,003,1148,1,1,0,1,0
2020-06-28,Amador,005,37829,29,20,0,20,0
2020-06-28,Butte,007,227075,266,150,8,158,2
2020-06-28,Calaveras,009,45235,51,30,0,30,0
2020-06-28,Colusa,011,21464,74,17,0,17,0
2020-06-28,Contra Costa,013,1133247,3786,2803,4,2807,73
2020-06-28,Del Norte,015,27424,58,47,0,47,0
2020-06-28,El Dorado,017,186661,277,162,1,163,0
2020-06-28,Fresno,019,978130,9329,4365,75,4440,74
2020-06-28,Glenn,021,27897,148,77,0,77,0
2020-06-28,Humboldt,023,135768,156,127,0,127,3
2020-06-28,Imperial,025,180216,7877,5513,4,5517,45
2020-06-28,Inyo,027,18085,33,29,0,29,1
2020-06-28,Kern,029,883053,8393,4541,27,4568,72
2020-06-28,Kings,031,150075,2694,2234,7,2241,18
2020-06-28,Lake,033,64148,84,53,0,53,0
2020-06-28,Lassen,035,31185,240,77,2,79,0
2020-06-28,Los Angeles,037,10098052,115265,98003,33,98036,3316
2020-06-28,Madera,039,155013,907,424,3,427,4
2020-06-28,Marin,041,260295,2654,1473,4,1477,17
2020-06-28,Mariposa,043,17540,32,24,0,24,1
2020-06-28,Mendocino,045,87422,85,63,0,63,0
2020-06-28,Merced,047,269075,1630,814,2,816,10
2020-06-28,Modoc,049,8938,1,0,0,0,0
2020-06-28,Mono,051,14174,47,35,0,35,1
2020-06-28,Monterey,053,433212,2131,1560,6,1566,13
2020-06-28,Napa,055,140530,432,307,0,307,4
2020-06-28,Nevada,057,99092,144,102,3,105,1
2020-06-28,Orange,059,3164182,22148,13213,186,13399,324
2020-06-28,Placer,061,380077,930,618,3,621,11
2020-06-28,Plumas,063,18699,11,6,0,6,0
2020-06-28,Riverside,065,2383286,23031,16848,26,16874,432
2020-06-28,Sacramento,067,1510023,4079,2803,6,2809,63
2020-06-28,San Benito,069,59416,274,190,0,190,2
2020-06-28,San Bernardino,071,2135413,18157,11344,9,11353,245
2020-06-28,San Diego,073,3302833,16858,13333,2,13335,361
2020-06-28,San Francisco,075,870044,3961,3388,1,3389,50
2020-06-28,San Joaquin,077,732212,4935,3201,4,3205,52
2020-06-28,San Luis Obispo,079,281455,815,531,6,537,1
2020-06-28,San Mateo,081,765935,3604,3124,6,3130,84
2020-06-28,Santa Barbara,083,443738,3625,2872,30,2902,25
2020-06-28,Santa Clara,085,1922200,5726,4131,17,4148,156
2020-06-28,Santa Cruz,087,273765,445,349,0,349,2
2020-06-28,Shasta,089,179085,199,89,0,89,5
2020-06-28,Sierra,091,2930,1,1,0,1,0
2020-06-28,Siskiyou,093,43540,35,25,0,25,0
2020-06-28,Solano,095,438530,1753,1077,8,1085,21
2020-06-28,Sonoma,097,501317,1424,1084,5,1089,5
2020-06-28,Stanislaus,099,539301,3849,2376,6,2382,36
2020-06-28,Sutter,101,95872,198,145,0,145,2
2020-06-28,Tehama,103,63373,93,63,2,65,1
2020-06-28,Trinity,105,12862,17,2,4,6,0
2020-06-28,Tulare,107,460477,5363,3812,12,3824,117
2020-06-28,Tuolumne,109,53932,42,14,2,16,0
2020-06-28,Ventura,111,848112,4245,2650,17,2667,40
2020-06-28,Yolo,113,214977,688,468,3,471,24
2020-06-28,Yuba,115,75493,89,39,0,39,1
2020-06-27,Alameda,001,1643700,6787,5581,11,5592,135
2020-06-27,Alpine,003,1148,1,1,0,1,0
2020-06-27,Amador,005,37829,27,20,0,20,0
2020-06-27,Butte,007,227075,258,137,8,145,2
2020-06-27,Calaveras,009,45235,49,30,0,30,0
2020-06-27,Colusa,011,21464,68,17,0,17,0
2020-06-27,Contra Costa,013,1133247,3691,2717,3,2720,72
2020-06-27,Del Norte,015,27424,58,47,0,47,0
2020-06-27,El Dorado,017,186661,271,159,1,160,0
2020-06-27,Fresno,019,978130,9083,4238,75,4313,74
2020-06-27,Glenn,021,27897,144,77,0,77,0
2020-06-27,Humboldt,023,135768,154,127,0,127,3
2020-06-27,Imperial,025,180216,7816,5513,4,5517,45
2020-06-27,Inyo,027,18085,33,29,0,29,1
2020-06-27,Kern,029,883053,8129,4411,26,4437,70
2020-06-27,Kings,031,150075,2668,2187,7,2194,18
2020-06-27,Lake,033,64148,81,42,0,42,0
2020-06-27,Lassen,035,31185,240,33,2,35,0
2020-06-27,Los Angeles,037,10098052,113523,95341,30,95371,3291
2020-06-27,Madera,039,155013,864,427,2,429,4
2020-06-27,Marin,041,260295,2609,1423,4,1427,17
2020-06-27,Mariposa,043,17540,31,22,0,22,1
2020-06-27,Mendocino,045,87422,85,63,0,63,0
2020-06-27,Merced,047,269075,1572,807,1,808,10
2020-06-27,Modoc,049,8938,1,0,0,0,0
2020-06-27,Mono,051,14174,46,35,0,35,1
2020-06-27,Monterey,053,433212,2067,1455,6,1461,12
2020-06-27,Napa,055,140530,422,282,0,282,3
2020-06-27,Nevada,057,99092,140,102,2,104,1
2020-06-27,Orange,059,3164182,21637,12951,181,13132,320
2020-06-27,Placer,061,380077,909,584,3,587,10
2020-06-27,Plumas,063,18699,11,6,0,6,0
2020-06-27,Riverside,065,2383286,22642,16209,26,16235,432
2020-06-27,Sacramento,067,1510023,3962,2685,6,2691,63
2020-06-27,San Benito,069,59416,267,182,0,182,2
2020-06-27,San Bernardino,071,2135413,17779,11238,9,11247,243
2020-06-27,San Diego,073,3302833,16493,12836,2,12838,360
2020-06-27,San Francisco,075,870044,3906,3332,1,3333,49
2020-06-27,San Joaquin,077,732212,4769,2995,4,2999,52
2020-06-27,San Luis Obispo,079,281455,792,505,6,511,1
2020-06-27,San Mateo,081,765935,3547,3083,6,3089,83
2020-06-27,Santa Barbara,083,443738,3553,2799,30,2829,25
2020-06-27,Santa Clara,085,1922200,5620,4006,17,4023,157
2020-06-27,Santa Cruz,087,273765,438,347,0,347,2
2020-06-27,Shasta,089,179085,193,87,0,87,5
2020-06-27,Sierra,091,2930,1,1,0,1,0
2020-06-27,Siskiyou,093,43540,35,25,0,25,0
2020-06-27,Solano,095,438530,1720,1076,8,1084,21
2020-06-27,Sonoma,097,501317,1392,1004,5,1009,5
2020-06-27,Stanislaus,099,539301,3749,2164,6,2170,36
2020-06-27,Sutter,101,95872,191,141,0,141,2
2020-06-27,Tehama,103,63373,90,63,2,65,1
2020-06-27,Trinity,105,12862,17,2,4,6,0
2020-06-27,Tulare,107,460477,5267,3810,12,3822,117
2020-06-27,Tuolumne,109,53932,41,13,2,15,0
2020-06-27,Ventura,111,848112,4145,2471,17,2488,40
2020-06-27,Yolo,113,214977,664,432,3,435,24
2020-06-27,Yuba,115,75493,81,39,0,39,1
2020-06-26,Alameda,001,1643700,6701,5502,10,5512,132
2020-06-26,Alpine,003,1148,1,1,0,1,0
2020-06-26,Amador,005,37829,26,20,0,20,0
2020-06-26,Butte,007,227075,243,135,8,143,2
2020-06-26,Calaveras,009,45235,47,30,0,30,0
2020-06-26,Colusa,011,21464,63,17,0,17,0
2020-06-26,Contra Costa,013,1133247,3579,2676,3,2679,72
2020-06-26,Del Norte,015,27424,57,47,0,47,0
2020-06-26,El Dorado,017,186661,263,159,1,160,0
2020-06-26,Fresno,019,978130,8857,4166,75,4241,74
2020-06-26,Glenn,021,27897,137,71,0,71,0
2020-06-26,Humboldt,023,135768,152,126,0,126,3
2020-06-26,Imperial,025,180216,7753,5400,4,5404,44
2020-06-26,Inyo,027,18085,32,29,0,29,1
2020-06-26,Kern,029,883053,7799,4366,26,4392,70
2020-06-26,Kings,031,150075,2636,2176,6,2182,18
2020-06-26,Lake,033,64148,80,42,0,42,0
2020-06-26,Lassen,035,31185,239,30,2,32,0
2020-06-26,Los Angeles,037,10098052,111358,93328,30,93358,3275
2020-06-26,Madera,039,155013,832,409,2,411,4
2020-06-26,Marin,041,260295,2572,1406,4,1410,17
2020-06-26,Mariposa,043,17540,30,21,0,21,1
2020-06-26,Mendocino,045,87422,82,63,0,63,0
2020-06-26,Merced,047,269075,1526,797,1,798,10
2020-06-26,Modoc,049,8938,1,0,0,0,0
2020-06-26,Mono,051,14174,45,35,0,35,1
2020-06-26,Monterey,053,433212,2015,1449,6,1455,12
2020-06-26,Napa,055,140530,412,277,0,277,3
2020-06-26,Nevada,057,99092,136,101,1,102,1
2020-06-26,Orange,059,3164182,20961,12659,178,12837,320
2020-06-26,Placer,061,380077,880,584,3,587,10
2020-06-26,Plumas,063,18699,11,6,0,6,0
2020-06-26,Riverside,065,2383286,22179,15858,26,15884,430
2020-06-26,Sacramento,067,1510023,3797,2687,6,2693,63
2020-06-26,San Benito,069,59416,263,176,0,176,2
2020-06-26,San Bernardino,071,2135413,17403,11111,9,11120,243
2020-06-26,San Diego,073,3302833,16128,12402,2,12404,358
2020-06-26,San Francisco,075,870044,3851,3330,1,3331,49
2020-06-26,San Joaquin,077,732212,4555,2943,4,2947,52
2020-06-26,San Luis Obispo,079,281455,777,498,6,504,1
2020-06-26,San Mateo,081,765935,3495,3055,6,3061,83
2020-06-26,Santa Barbara,083,443738,3463,2784,28,2812,25
2020-06-26,Santa Clara,085,1922200,5519,3968,17,3985,156
2020-06-26,Santa Cruz,087,273765,431,344,0,344,2
2020-06-26,Shasta,089,179085,186,86,0,86,5
2020-06-26,Sierra,091,2930,1,1,0,1,0
2020-06-26,Siskiyou,093,43540,34,24,0,24,0
2020-06-26,Solano,095,438530,1678,1068,8,1076,21
2020-06-26,Sonoma,097,501317,1361,977,5,982,5
2020-06-26,Stanislaus,099,539301,3636,2157,6,2163,36
2020-06-26,Sutter,101,95872,184,138,0,138,2
2020-06-26,Tehama,103,63373,87,63,2,65,1
2020-06-26,Trinity,105,12862,17,2,4,6,0
2020-06-26,Tulare,107,460477,5178,3720,12,3732,117
2020-06-26,Tuolumne,109,53932,39,10,2,12,0
2020-06-26,Ventura,111,848112,4059,2444,17,2461,40
2020-06-26,Yolo,113,214977,641,418,3,421,24
2020-06-26,Yuba,115,75493,75,38,0,38,1
2020-06-25,Alameda,001,1643700,6512,5398,10,5408,130
2020-06-25,Alpine,003,1148,1,1,0,1,0
2020-06-25,Amador,005,37829,25,18,0,18,0
2020-06-25,Butte,007,227075,238,127,8,135,1
2020-06-25,Calaveras,009,45235,42,26,0,26,0
2020-06-25,Colusa,011,21464,53,14,0,14,0
2020-06-25,Contra Costa,013,1133247,3394,2591,3,2594,71
2020-06-25,Del Norte,015,27424,55,47,0,47,0
2020-06-25,El Dorado,017,186661,255,150,1,151,0
2020-06-25,Fresno,019,978130,8544,3938,74,4012,71
2020-06-25,Glenn,021,27897,132,59,0,59,0
2020-06-25,Humboldt,023,135768,151,121,0,121,3
2020-06-25,Imperial,025,180216,7624,5192,4,5196,44
2020-06-25,Inyo,027,18085,29,27,0,27,1
2020-06-25,Kern,029,883053,7374,4236,23,4259,69
2020-06-25,Kings,031,150075,2584,2110,6,2116,17
2020-06-25,Lake,033,64148,79,42,0,42,0
2020-06-25,Lassen,035,31185,233,13,2,15,0
2020-06-25,Los Angeles,037,10098052,108592,91524,30,91554,3239
2020-06-25,Madera,039,155013,788,380,2,382,4
2020-06-25,Marin,041,260295,2470,1321,4,1325,17
2020-06-25,Mariposa,043,17540,29,20,0,20,1
2020-06-25,Mendocino,045,87422,79,61,0,61,0
2020-06-25,Merced,047,269075,1439,747,1,748,10
2020-06-25,Modoc,049,8938,1,0,0,0,0
2020-06-25,Mono,051,14174,44,35,0,35,1
2020-06-25,Monterey,053,433212,1927,1426,5,1431,12
2020-06-25,Napa,055,140530,394,260,0,260,3
2020-06-25,Nevada,057,99092,128,92,1,93,1
2020-06-25,Orange,059,3164182,20039,12221,176,12397,311
2020-06-25,Placer,061,380077,826,574,3,577,10
2020-06-25,Plumas,063,18699,10,6,0,6,0
2020-06-25,Riverside,065,2383286,21424,15224,26,15250,427
2020-06-25,Sacramento,067,1510023,3574,2519,6,2525,62
2020-06-25,San Benito,069,59416,255,174,0,174,2
2020-06-25,San Bernardino,071,2135413,16650,10590,9,10599,242
2020-06-25,San Diego,073,3302833,15589,11963,2,11965,352
2020-06-25,San Francisco,075,870044,3785,3252,1,3253,48
2020-06-25,San Joaquin,077,732212,4282,2803,4,2807,50
2020-06-25,San Luis Obispo,079,281455,745,473,6,479,1
2020-06-25,San Mateo,081,765935,3427,2996,6,3002,82
2020-06-25,Santa Barbara,083,443738,3358,2622,27,2649,25
2020-06-25,Santa Clara,085,1922200,5370,3871,17,3888,156
2020-06-25,Santa Cruz,087,273765,419,335,0,335,2
2020-06-25,Shasta,089,179085,176,84,0,84,5
2020-06-25,Sierra,091,2930,1,1,0,1,0
2020-06-25,Siskiyou,093,43540,33,24,0,24,0
2020-06-25,Solano,095,438530,1625,1034,8,1042,21
2020-06-25,Sonoma,097,501317,1312,953,4,957,5
2020-06-25,Stanislaus,099,539301,3424,2130,6,2136,36
2020-06-25,Sutter,101,95872,172,126,0,126,2
2020-06-25,Tehama,103,63373,83,59,2,61,1
2020-06-25,Trinity,105,12862,17,2,4,6,0
2020-06-25,Tulare,107,460477,5047,3656,12,3668,117
2020-06-25,Tuolumne,109,53932,38,10,1,11,0
2020-06-25,Ventura,111,848112,3877,2346,16,2362,40
2020-06-25,Yolo,113,214977,612,397,3,400,24
2020-06-25,Yuba,115,75493,64,38,0,38,1
2020-06-24,Alameda,001,1643700,6350,5242,10,5252,123
2020-06-24,Alpine,003,1148,1,1,0,1,0
2020-06-24,Amador,005,37829,23,16,0,16,0
2020-06-24,Butte,007,227075,222,119,7,126,1
2020-06-24,Calaveras,009,45235,40,26,0,26,0
2020-06-24,Colusa,011,21464,44,11,0,11,0
2020-06-24,Contra Costa,013,1133247,3239,2520,3,2523,66
2020-06-24,Del Norte,015,27424,49,47,0,47,0
2020-06-24,El Dorado,017,186661,239,149,1,150,0
2020-06-24,Fresno,019,978130,8213,3765,74,3839,71
2020-06-24,Glenn,021,27897,124,54,0,54,0
2020-06-24,Humboldt,023,135768,151,117,0,117,3
2020-06-24,Imperial,025,180216,7506,5138,4,5142,38
2020-06-24,Inyo,027,18085,29,28,0,28,1
2020-06-24,Kern,029,883053,6981,4155,21,4176,67
2020-06-24,Kings,031,150075,2520,2063,6,2069,16
2020-06-24,Lake,033,64148,66,40,0,40,0
2020-06-24,Lassen,035,31185,232,9,2,11,0
2020-06-24,Los Angeles,037,10098052,105828,89566,30,89596,3186
2020-06-24,Madera,039,155013,766,373,2,375,4
2020-06-24,Marin,041,260295,2242,1261,4,1265,17
2020-06-24,Mariposa,043,17540,28,19,0,19,1
2020-06-24,Mendocino,045,87422,79,60,0,60,0
2020-06-24,Merced,047,269075,1353,696,1,697,8
2020-06-24,Modoc,049,8938,1,0,0,0,0
2020-06-24,Mono,051,14174,42,35,0,35,1
2020-06-24,Monterey,053,433212,1850,1407,5,1412,12
2020-06-24,Napa,055,140530,377,258,0,258,3
2020-06-24,Nevada,057,99092,122,92,1,93,1
2020-06-24,Orange,059,3164182,19042,11804,158,11962,303
2020-06-24,Placer,061,380077,787,548,3,551,10
2020-06-24,Plumas,063,18699,10,6,0,6,0
2020-06-24,Riverside,065,2383286,20576,14946,26,14972,410
2020-06-24,Sacramento,067,1510023,3370,2446,5,2451,62
2020-06-24,San Benito,069,59416,251,171,0,171,2
2020-06-24,San Bernardino,071,2135413,15836,10211,9,10220,239
2020-06-24,San Diego,073,3302833,15086,11628,2,11630,347
2020-06-24,San Francisco,075,870044,3722,3216,1,3217,48
2020-06-24,San Joaquin,077,732212,4061,2680,4,2684,49
2020-06-24,San Luis Obispo,079,281455,714,461,5,466,1
2020-06-24,San Mateo,081,765935,3370,2964,6,2970,82
2020-06-24,Santa Barbara,083,443738,3239,2569,25,2594,22
2020-06-24,Santa Clara,085,1922200,5239,3812,17,3829,155
2020-06-24,Santa Cruz,087,273765,407,329,0,329,2
2020-06-24,Shasta,089,179085,168,83,0,83,5
2020-06-24,Sierra,091,2930,1,1,0,1,0
2020-06-24,Siskiyou,093,43540,32,24,0,24,0
2020-06-24,Solano,095,438530,1535,979,7,986,21
2020-06-24,Sonoma,097,501317,1263,933,4,937,4
2020-06-24,Stanislaus,099,539301,3245,2039,6,2045,36
2020-06-24,Sutter,101,95872,159,118,0,118,2
2020-06-24,Tehama,103,63373,81,55,2,57,1
2020-06-24,Trinity,105,12862,16,2,3,5,0
2020-06-24,Tulare,107,460477,4892,3541,10,3551,116
2020-06-24,Tuolumne,109,53932,33,9,1,10,0
2020-06-24,Ventura,111,848112,3536,2314,16,2330,42
2020-06-24,Yolo,113,214977,577,376,3,379,24
2020-06-24,Yuba,115,75493,58,37,0,37,1
2020-06-23,Alameda,001,1643700,6169,5159,10,5169,121
2020-06-23,Alpine,003,1148,1,1,0,1,0
2020-06-23,Amador,005,37829,22,13,0,13,0
2020-06-23,Butte,007,227075,204,111,7,118,1
2020-06-23,Calaveras,009,45235,40,26,0,26,0
2020-06-23,Colusa,011,21464,40,7,0,7,0
2020-06-23,Contra Costa,013,1133247,3113,2453,3,2456,60
2020-06-23,Del Norte,015,27424,48,46,0,46,0
2020-06-23,El Dorado,017,186661,230,142,1,143,0
2020-06-23,Fresno,019,978130,7561,3569,72,3641,67
2020-06-23,Glenn,021,27897,120,47,0,47,0
2020-06-23,Humboldt,023,135768,151,110,0,110,3
2020-06-23,Imperial,025,180216,7343,5025,4,5029,38
2020-06-23,Inyo,027,18085,29,26,0,26,1
2020-06-23,Kern,029,883053,6613,4087,18,4105,64
2020-06-23,Kings,031,150075,2455,1727,6,1733,16
2020-06-23,Lake,033,64148,60,40,0,40,0
2020-06-23,Lassen,035,31185,228,9,2,11,0
2020-06-23,Los Angeles,037,10098052,102883,88433,29,88462,3152
2020-06-23,Madera,039,155013,727,369,2,371,4
2020-06-23,Marin,041,260295,1974,1139,4,1143,17
2020-06-23,Mariposa,043,17540,26,18,0,18,1
2020-06-23,Mendocino,045,87422,78,61,0,61,0
2020-06-23,Merced,047,269075,1255,656,1,657,8
2020-06-23,Modoc,049,8938,1,0,0,0,0
2020-06-23,Mono,051,14174,42,35,0,35,1
2020-06-23,Monterey,053,433212,1780,1346,5,1351,12
2020-06-23,Napa,055,140530,362,230,0,230,3
2020-06-23,Nevada,057,99092,116,81,1,82,1
2020-06-23,Orange,059,3164182,18073,11071,155,11226,278
2020-06-23,Placer,061,380077,761,525,3,528,10
2020-06-23,Plumas,063,18699,9,6,0,6,0
2020-06-23,Riverside,065,2383286,19557,14469,26,14495,406
2020-06-23,Sacramento,067,1510023,3191,2374,5,2379,62
2020-06-23,San Benito,069,59416,237,167,0,167,2
2020-06-23,San Bernardino,071,2135413,15055,9771,9,9780,229
2020-06-23,San Diego,073,3302833,14566,11296,2,11298,341
2020-06-23,San Francisco,075,870044,3648,3177,1,3178,48
2020-06-23,San Joaquin,077,732212,3802,2502,4,2506,48
2020-06-23,San Luis Obispo,079,281455,683,445,5,450,1
2020-06-23,San Mateo,081,765935,3305,2907,6,2913,81
2020-06-23,Santa Barbara,083,443738,3144,2498,25,2523,22
2020-06-23,Santa Clara,085,1922200,5093,3700,17,3717,155
2020-06-23,Santa Cruz,087,273765,397,313,0,313,2
2020-06-23,Shasta,089,179085,159,81,0,81,5
2020-06-23,Sierra,091,2930,1,1,0,1,0
2020-06-23,Siskiyou,093,43540,30,24,0,24,0
2020-06-23,Solano,095,438530,1478,941,6,947,21
2020-06-23,Sonoma,097,501317,1210,912,4,916,4
2020-06-23,Stanislaus,099,539301,3069,1850,6,1856,35
2020-06-23,Sutter,101,95872,149,112,0,112,2
2020-06-23,Tehama,103,63373,79,50,2,52,1
2020-06-23,Trinity,105,12862,16,2,3,5,0
2020-06-23,Tulare,107,460477,4770,3456,10,3466,111
2020-06-23,Tuolumne,109,53932,28,9,0,9,0
2020-06-23,Ventura,111,848112,3376,2209,15,2224,40
2020-06-23,Yolo,113,214977,551,350,0,350,24
2020-06-23,Yuba,115,75493,55,35,0,35,1
2020-06-22,Alameda,001,1643700,6018,4944,10,4954,121
2020-06-22,Alpine,003,1148,1,1,0,1,0
2020-06-22,Amador,005,37829,19,12,0,12,0
2020-06-22,Butte,007,227075,185,104,7,111,1
2020-06-22,Calaveras,009,45235,38,20,0,20,0
2020-06-22,Colusa,011,21464,37,7,0,7,0
2020-06-22,Contra Costa,013,1133247,2971,2363,3,2366,60
2020-06-22,Del Norte,015,27424,48,46,0,46,0
2020-06-22,El Dorado,017,186661,221,137,1,138,0
2020-06-22,Fresno,019,978130,7029,3425,72,3497,67
2020-06-22,Glenn,021,27897,111,40,0,40,0
2020-06-22,Humboldt,023,135768,148,110,0,110,3
2020-06-22,Imperial,025,180216,7186,4700,4,4704,38
2020-06-22,Inyo,027,18085,29,26,0,26,1
2020-06-22,Kern,029,883053,6261,3982,16,3998,60
2020-06-22,Kings,031,150075,2406,1513,6,1519,13
2020-06-22,Lake,033,64148,54,37,0,37,0
2020-06-22,Lassen,035,31185,118,7,2,9,0
2020-06-22,Los Angeles,037,10098052,99985,85925,27,85952,3117
2020-06-22,Madera,039,155013,702,333,2,335,4
2020-06-22,Marin,041,260295,1717,1029,4,1033,17
2020-06-22,Mariposa,043,17540,25,18,0,18,1
2020-06-22,Mendocino,045,87422,73,48,0,48,0
2020-06-22,Merced,047,269075,1166,619,1,620,8
2020-06-22,Modoc,049,8938,1,0,0,0,0
2020-06-22,Mono,051,14174,42,34,0,34,1
2020-06-22,Monterey,053,433212,1719,1293,5,1298,12
2020-06-22,Napa,055,140530,338,222,0,222,3
2020-06-22,Nevada,057,99092,111,79,1,80,1
2020-06-22,Orange,059,3164182,17141,10711,152,10863,275
2020-06-22,Placer,061,380077,735,512,3,515,9
2020-06-22,Plumas,063,18699,7,6,0,6,0
2020-06-22,Riverside,065,2383286,18585,13948,26,13974,403
2020-06-22,Sacramento,067,1510023,2974,2243,5,2248,62
2020-06-22,San Benito,069,59416,228,164,0,164,2
2020-06-22,San Bernardino,071,2135413,14282,9133,9,9142,229
2020-06-22,San Diego,073,3302833,14074,11098,2,11100,338
2020-06-22,San Francisco,075,870044,3555,3000,1,3001,47
2020-06-22,San Joaquin,077,732212,3554,2332,4,2336,48
2020-06-22,San Luis Obispo,079,281455,650,422,5,427,1
2020-06-22,San Mateo,081,765935,3232,2813,5,2818,81
2020-06-22,Santa Barbara,083,443738,3052,2447,25,2472,21
2020-06-22,Santa Clara,085,1922200,4930,3580,17,3597,155
2020-06-22,Santa Cruz,087,273765,384,290,0,290,3
2020-06-22,Shasta,089,179085,156,77,0,77,5
2020-06-22,Sierra,091,2930,1,1,0,1,0
2020-06-22,Siskiyou,093,43540,30,23,0,23,0
2020-06-22,Solano,095,438530,1400,784,5,789,21
2020-06-22,Sonoma,097,501317,1166,860,2,862,4
2020-06-22,Stanislaus,099,539301,2884,1784,6,1790,35
2020-06-22,Sutter,101,95872,140,100,0,100,2
2020-06-22,Tehama,103,63373,75,38,2,40,1
2020-06-22,Trinity,105,12862,16,2,3,5,0
2020-06-22,Tulare,107,460477,4633,3185,10,3195,111
2020-06-22,Tuolumne,109,53932,19,8,0,8,0
2020-06-22,Ventura,111,848112,3227,2065,15,2080,39
2020-06-22,Yolo,113,214977,525,333,0,333,24
2020-06-22,Yuba,115,75493,50,36,0,36,1
2020-06-21,Alameda,001,1643700,5823,4835,10,4845,121
2020-06-21,Alpine,003,1148,1,1,0,1,0
2020-06-21,Amador,005,37829,14,12,0,12,0
2020-06-21,Butte,007,227075,171,97,7,104,1
2020-06-21,Calaveras,009,45235,38,20,0,20,0
2020-06-21,Colusa,011,21464,29,7,0,7,0
2020-06-21,Contra Costa,013,1133247,2845,2282,3,2285,60
2020-06-21,Del Norte,015,27424,47,46,0,46,0
2020-06-21,El Dorado,017,186661,212,132,1,133,0
2020-06-21,Fresno,019,978130,6459,3296,70,3366,67
2020-06-21,Glenn,021,27897,102,40,0,40,0
2020-06-21,Humboldt,023,135768,143,108,0,108,3
2020-06-21,Imperial,025,180216,7003,4701,4,4705,38
2020-06-21,Inyo,027,18085,27,26,0,26,1
2020-06-21,Kern,029,883053,5969,3918,14,3932,60
2020-06-21,Kings,031,150075,2342,1334,6,1340,11
2020-06-21,Lake,033,64148,49,36,0,36,0
2020-06-21,Lassen,035,31185,25,7,2,9,0
2020-06-21,Los Angeles,037,10098052,97095,83383,26,83409,3101
2020-06-21,Madera,039,155013,668,319,2,321,4
2020-06-21,Marin,041,260295,1560,907,4,911,17
2020-06-21,Mariposa,043,17540,22,18,0,18,1
2020-06-21,Mendocino,045,87422,70,48,0,48,0
2020-06-21,Merced,047,269075,1071,577,1,578,8
2020-06-21,Modoc,049,8938,1,0,0,0,0
2020-06-21,Mono,051,14174,42,34,0,34,1
2020-06-21,Monterey,053,433212,1646,1227,5,1232,12
2020-06-21,Napa,055,140530,323,218,0,218,3
2020-06-21,Nevada,057,99092,108,79,1,80,1
2020-06-21,Orange,059,3164182,16308,10563,148,10711,275
2020-06-21,Placer,061,380077,695,498,3,501,9
2020-06-21,Plumas,063,18699,7,6,0,6,0
2020-06-21,Riverside,065,2383286,17879,13528,25,13553,402
2020-06-21,Sacramento,067,1510023,2773,2156,4,2160,62
2020-06-21,San Benito,069,59416,214,151,0,151,2
2020-06-21,San Bernardino,071,2135413,13508,8925,8,8933,229
2020-06-21,San Diego,073,3302833,13528,10796,2,10798,338
2020-06-21,San Francisco,075,870044,3449,3000,1,3001,47
2020-06-21,San Joaquin,077,732212,3318,2188,4,2192,48
2020-06-21,San Luis Obispo,079,281455,624,418,5,423,1
2020-06-21,San Mateo,081,765935,3174,2781,5,2786,81
2020-06-21,Santa Barbara,083,443738,2945,2430,24,2454,21
2020-06-21,Santa Clara,085,1922200,4793,3514,17,3531,154
2020-06-21,Santa Cruz,087,273765,374,290,0,290,3
2020-06-21,Shasta,089,179085,146,75,0,75,5
2020-06-21,Sierra,091,2930,1,1,0,1,0
2020-06-21,Siskiyou,093,43540,30,23,0,23,0
2020-06-21,Solano,095,438530,1300,783,4,787,21
2020-06-21,Sonoma,097,501317,1116,836,2,838,4
2020-06-21,Stanislaus,099,539301,2698,1688,6,1694,35
2020-06-21,Sutter,101,95872,132,96,0,96,2
2020-06-21,Tehama,103,63373,64,35,2,37,1
2020-06-21,Trinity,105,12862,15,2,3,5,0
2020-06-21,Tulare,107,460477,4464,3173,10,3183,111
2020-06-21,Tuolumne,109,53932,17,8,0,8,0
2020-06-21,Ventura,111,848112,3049,2021,15,2036,39
2020-06-21,Yolo,113,214977,493,323,0,323,24
2020-06-21,Yuba,115,75493,46,35,0,35,1
2020-06-20,Alameda,001,1643700,5761,4758,10,4768,119
2020-06-20,Alpine,003,1148,1,1,0,1,0
2020-06-20,Amador,005,37829,14,12,0,12,0
2020-06-20,Butte,007,227075,164,94,7,101,1
2020-06-20,Calaveras,009,45235,38,20,0,20,0
2020-06-20,Colusa,011,21464,26,7,0,7,0
2020-06-20,Contra Costa,013,1133247,2786,2231,3,2234,54
2020-06-20,Del Norte,015,27424,47,46,0,46,0
2020-06-20,El Dorado,017,186661,207,130,1,131,0
2020-06-20,Fresno,019,978130,6333,3222,67,3289,67
2020-06-20,Glenn,021,27897,97,40,0,40,0
2020-06-20,Humboldt,023,135768,143,108,0,108,3
2020-06-20,Imperial,025,180216,6922,4616,4,4620,37
2020-06-20,Inyo,027,18085,27,26,0,26,1
2020-06-20,Kern,029,883053,5804,3836,14,3850,59
2020-06-20,Kings,031,150075,2318,1331,6,1337,9
2020-06-20,Lake,033,64148,49,37,0,37,0
2020-06-20,Lassen,035,31185,24,7,2,9,0
2020-06-20,Los Angeles,037,10098052,95524,81604,25,81629,3093
2020-06-20,Madera,039,155013,635,321,2,323,4
2020-06-20,Marin,041,260295,1540,879,4,883,17
2020-06-20,Mariposa,043,17540,22,18,0,18,1
2020-06-20,Mendocino,045,87422,69,48,0,48,0
2020-06-20,Merced,047,269075,1031,566,1,567,8
2020-06-20,Modoc,049,8938,1,0,0,0,0
2020-06-20,Mono,051,14174,42,34,0,34,1
2020-06-20,Monterey,053,433212,1610,1181,5,1186,12
2020-06-20,Napa,055,140530,314,212,0,212,3
2020-06-20,Nevada,057,99092,105,73,1,74,1
2020-06-20,Orange,059,3164182,15958,10284,144,10428,273
2020-06-20,Placer,061,380077,670,483,3,486,9
2020-06-20,Plumas,063,18699,6,6,0,6,0
2020-06-20,Riverside,065,2383286,17579,13021,25,13046,402
2020-06-20,Sacramento,067,1510023,2702,2069,4,2073,63
2020-06-20,San Benito,069,59416,210,139,0,139,2
2020-06-20,San Bernardino,071,2135413,13145,8718,8,8726,229
2020-06-20,San Diego,073,3302833,13205,10486,2,10488,338
2020-06-20,San Francisco,075,870044,3405,2999,1,3000,47
2020-06-20,San Joaquin,077,732212,3236,2046,4,2050,48
2020-06-20,San Luis Obispo,079,281455,610,405,5,410,1
2020-06-20,San Mateo,081,765935,3126,2755,5,2760,81
2020-06-20,Santa Barbara,083,443738,2888,2358,23,2381,21
2020-06-20,Santa Clara,085,1922200,4719,3435,17,3452,154
2020-06-20,Santa Cruz,087,273765,372,287,0,287,3
2020-06-20,Shasta,089,179085,140,66,0,66,5
2020-06-20,Sierra,091,2930,1,1,0,1,0
2020-06-20,Siskiyou,093,43540,29,22,0,22,0
2020-06-20,Solano,095,438530,1276,784,4,788,21
2020-06-20,Sonoma,097,501317,1080,806,2,808,4
2020-06-20,Stanislaus,099,539301,2590,1598,6,1604,35
2020-06-20,Sutter,101,95872,130,89,0,89,2
2020-06-20,Tehama,103,63373,62,35,2,37,1
2020-06-20,Trinity,105,12862,15,2,3,5,0
2020-06-20,Tulare,107,460477,4391,3172,10,3182,111
2020-06-20,Tuolumne,109,53932,14,8,0,8,0
2020-06-20,Ventura,111,848112,2983,1946,15,1961,37
2020-06-20,Yolo,113,214977,477,309,0,309,24
2020-06-20,Yuba,115,75493,44,34,0,34,1
2020-06-19,Alameda,001,1643700,5689,4646,10,4656,119
2020-06-19,Alpine,003,1148,1,1,0,1,0
2020-06-19,Amador,005,37829,14,12,0,12,0
2020-06-19,Butte,007,227075,159,91,7,98,1
2020-06-19,Calaveras,009,45235,37,20,0,20,0
2020-06-19,Colusa,011,21464,24,7,0,7,0
2020-06-19,Contra Costa,013,1133247,2706,2106,3,2109,54
2020-06-19,Del Norte,015,27424,47,46,0,46,0
2020-06-19,El Dorado,017,186661,198,124,1,125,0
2020-06-19,Fresno,019,978130,6171,3109,65,3174,61
2020-06-19,Glenn,021,27897,91,40,0,40,0
2020-06-19,Humboldt,023,135768,141,106,0,106,3
2020-06-19,Imperial,025,180216,6830,4504,4,4508,36
2020-06-19,Inyo,027,18085,27,26,0,26,1
2020-06-19,Kern,029,883053,5581,3742,13,3755,57
2020-06-19,Kings,031,150075,2297,1285,6,1291,9
2020-06-19,Lake,033,64148,46,36,0,36,0
2020-06-19,Lassen,035,31185,23,7,2,9,0
2020-06-19,Los Angeles,037,10098052,93537,79572,24,79596,3047
2020-06-19,Madera,039,155013,616,300,2,302,4
2020-06-19,Marin,041,260295,1511,829,4,833,17
2020-06-19,Mariposa,043,17540,21,18,0,18,1
2020-06-19,Mendocino,045,87422,68,48,0,48,0
2020-06-19,Merced,047,269075,986,529,1,530,8
2020-06-19,Modoc,049,8938,1,0,0,0,0
2020-06-19,Mono,051,14174,42,34,0,34,1
2020-06-19,Monterey,053,433212,1581,1159,5,1164,12
2020-06-19,Napa,055,140530,304,209,0,209,3
2020-06-19,Nevada,057,99092,102,71,1,72,1
2020-06-19,Orange,059,3164182,15425,9972,137,10109,260
2020-06-19,Placer,061,380077,652,464,3,467,9
2020-06-19,Plumas,063,18699,6,5,0,5,0
2020-06-19,Riverside,065,2383286,17174,12710,25,12735,398
2020-06-19,Sacramento,067,1510023,2619,1976,4,1980,64
2020-06-19,San Benito,069,59416,209,136,0,136,2
2020-06-19,San Bernardino,071,2135413,12740,8454,7,8461,226
2020-06-19,San Diego,073,3302833,12842,10352,2,10354,332
2020-06-19,San Francisco,075,870044,3350,2968,1,2969,47
2020-06-19,San Joaquin,077,732212,3113,1969,4,1973,48
2020-06-19,San Luis Obispo,079,281455,594,392,5,397,1
2020-06-19,San Mateo,081,765935,3087,2713,5,2718,81
2020-06-19,Santa Barbara,083,443738,2815,2284,21,2305,21
2020-06-19,Santa Clara,085,1922200,4645,3376,17,3393,154
2020-06-19,Santa Cruz,087,273765,362,283,0,283,3
2020-06-19,Shasta,089,179085,137,58,0,58,5
2020-06-19,Sierra,091,2930,1,1,0,1,0
2020-06-19,Siskiyou,093,43540,29,21,0,21,0
2020-06-19,Solano,095,438530,1238,755,4,759,21
2020-06-19,Sonoma,097,501317,1053,803,2,805,4
2020-06-19,Stanislaus,099,539301,2480,1549,6,1555,35
2020-06-19,Sutter,101,95872,129,89,0,89,2
2020-06-19,Tehama,103,63373,61,35,2,37,1
2020-06-19,Trinity,105,12862,15,2,3,5,0
2020-06-19,Tulare,107,460477,4321,3053,10,3063,107
2020-06-19,Tuolumne,109,53932,13,8,0,8,0
2020-06-19,Ventura,111,848112,2899,1865,15,1880,37
2020-06-19,Yolo,113,214977,458,303,0,303,24
2020-06-19,Yuba,115,75493,43,33,0,33,1
2020-06-18,Alameda,001,1643700,5559,4589,10,4599,118
2020-06-18,Alpine,003,1148,1,1,0,1,0
2020-06-18,Amador,005,37829,13,12,0,12,0
2020-06-18,Butte,007,227075,154,88,7,95,1
2020-06-18,Calaveras,009,45235,37,20,0,20,0
2020-06-18,Colusa,011,21464,20,7,0,7,0
2020-06-18,Contra Costa,013,1133247,2599,2072,3,2075,53
2020-06-18,Del Norte,015,27424,47,46,0,46,0
2020-06-18,El Dorado,017,186661,194,121,1,122,0
2020-06-18,Fresno,019,978130,5904,2947,64,3011,57
2020-06-18,Glenn,021,27897,82,35,0,35,0
2020-06-18,Humboldt,023,135768,140,106,0,106,3
2020-06-18,Imperial,025,180216,6680,4366,4,4370,36
2020-06-18,Inyo,027,18085,26,25,0,25,1
2020-06-18,Kern,029,883053,5363,3634,13,3647,57
2020-06-18,Kings,031,150075,2238,1141,6,1147,8
2020-06-18,Lake,033,64148,45,36,0,36,0
2020-06-18,Lassen,035,31185,22,5,2,7,0
2020-06-18,Los Angeles,037,10098052,91268,78244,24,78268,3009
2020-06-18,Madera,039,155013,581,288,2,290,4
2020-06-18,Marin,041,260295,1448,819,4,823,17
2020-06-18,Mariposa,043,17540,19,18,0,18,1
2020-06-18,Mendocino,045,87422,64,45,0,45,0
2020-06-18,Merced,047,269075,934,486,1,487,7
2020-06-18,Modoc,049,8938,1,0,0,0,0
2020-06-18,Mono,051,14174,42,34,0,34,1
2020-06-18,Monterey,053,433212,1513,1127,5,1132,12
2020-06-18,Napa,055,140530,289,205,0,205,3
2020-06-18,Nevada,057,99092,98,68,1,69,1
2020-06-18,Orange,059,3164182,14770,9597,118,9715,255
2020-06-18,Placer,061,380077,629,457,3,460,9
2020-06-18,Plumas,063,18699,6,5,0,5,0
2020-06-18,Riverside,065,2383286,16558,12410,25,12435,392
2020-06-18,Sacramento,067,1510023,2503,1938,4,1942,63
2020-06-18,San Benito,069,59416,203,134,0,134,2
2020-06-18,San Bernardino,071,2135413,12100,8141,7,8148,226
2020-06-18,San Diego,073,3302833,12420,10094,2,10096,331
2020-06-18,San Francisco,075,870044,3301,2951,1,2952,47
2020-06-18,San Joaquin,077,732212,2961,1908,4,1912,47
2020-06-18,San Luis Obispo,079,281455,574,378,5,383,1
2020-06-18,San Mateo,081,765935,3048,2674,5,2679,78
2020-06-18,Santa Barbara,083,443738,2741,2201,21,2222,19
2020-06-18,Santa Clara,085,1922200,4542,3338,17,3355,152
2020-06-18,Santa Cruz,087,273765,345,275,0,275,3
2020-06-18,Shasta,089,179085,126,51,0,51,4
2020-06-18,Sierra,091,2930,1,1,0,1,0
2020-06-18,Siskiyou,093,43540,29,18,0,18,0
2020-06-18,Solano,095,438530,1200,735,4,739,21
2020-06-18,Sonoma,097,501317,1011,789,2,791,4
2020-06-18,Stanislaus,099,539301,2346,1495,6,1501,35
2020-06-18,Sutter,101,95872,125,85,0,85,2
2020-06-18,Tehama,103,63373,56,31,2,33,1
2020-06-18,Trinity,105,12862,15,2,3,5,0
2020-06-18,Tulare,107,460477,4198,3005,10,3015,107
2020-06-18,Tuolumne,109,53932,12,8,0,8,0
2020-06-18,Ventura,111,848112,2773,1781,15,1796,37
2020-06-18,Yolo,113,214977,425,294,0,294,24
2020-06-18,Yuba,115,75493,42,32,0,32,1
2020-06-17,Alameda,001,1643700,5436,4485,10,4495,117
2020-06-17,Alpine,003,1148,1,1,0,1,0
2020-06-17,Amador,005,37829,12,10,0,10,0
2020-06-17,Butte,007,227075,145,81,7,88,1
2020-06-17,Calaveras,009,45235,37,20,0,20,0
2020-06-17,Colusa,011,21464,19,7,0,7,0
2020-06-17,Contra Costa,013,1133247,2502,2020,3,2023,45
2020-06-17,Del Norte,015,27424,47,45,0,45,0
2020-06-17,El Dorado,017,186661,187,116,1,117,0
2020-06-17,Fresno,019,978130,5678,2801,61,2862,56
2020-06-17,Glenn,021,27897,75,31,0,31,0
2020-06-17,Humboldt,023,135768,138,105,0,105,3
2020-06-17,Imperial,025,180216,6507,4108,4,4112,36
2020-06-17,Inyo,027,18085,25,25,0,25,1
2020-06-17,Kern,029,883053,5162,3547,13,3560,56
2020-06-17,Kings,031,150075,2208,1097,6,1103,7
2020-06-17,Lake,033,64148,44,32,0,32,0
2020-06-17,Lassen,035,31185,18,5,2,7,0
2020-06-17,Los Angeles,037,10098052,88958,77166,23,77189,2973
2020-06-17,Madera,039,155013,559,258,2,260,4
2020-06-17,Marin,041,260295,1256,771,3,774,17
2020-06-17,Mariposa,043,17540,18,18,0,18,1
2020-06-17,Mendocino,045,87422,62,42,0,42,0
2020-06-17,Merced,047,269075,862,460,1,461,7
2020-06-17,Modoc,049,8938,1,0,0,0,0
2020-06-17,Mono,051,14174,42,34,0,34,1
2020-06-17,Monterey,053,433212,1461,1077,5,1082,12
2020-06-17,Napa,055,140530,274,202,0,202,3
2020-06-17,Nevada,057,99092,94,57,1,58,1
2020-06-17,Orange,059,3164182,14164,9278,112,9390,230
2020-06-17,Placer,061,380077,609,427,3,430,9
2020-06-17,Plumas,063,18699,6,5,0,5,0
2020-06-17,Riverside,065,2383286,15922,11859,25,11884,370
2020-06-17,Sacramento,067,1510023,2396,1889,4,1893,63
2020-06-17,San Benito,069,59416,198,116,0,116,2
2020-06-17,San Bernardino,071,2135413,11551,7670,7,7677,225
2020-06-17,San Diego,073,3302833,12041,9856,2,9858,327
2020-06-17,San Francisco,075,870044,3262,2906,1,2907,46
2020-06-17,San Joaquin,077,732212,2788,1825,4,1829,46
2020-06-17,San Luis Obispo,079,281455,555,362,5,367,1
2020-06-17,San Mateo,081,765935,3001,2649,5,2654,78
2020-06-17,Santa Barbara,083,443738,2668,2147,19,2166,19
2020-06-17,Santa Clara,085,1922200,4449,3264,16,3280,148
2020-06-17,Santa Cruz,087,273765,339,265,0,265,2
2020-06-17,Shasta,089,179085,124,51,0,51,4
2020-06-17,Sierra,091,2930,1,1,0,1,0
2020-06-17,Siskiyou,093,43540,28,16,0,16,0
2020-06-17,Solano,095,438530,1150,722,4,726,21
2020-06-17,Sonoma,097,501317,985,748,2,750,4
2020-06-17,Stanislaus,099,539301,2223,1387,6,1393,35
2020-06-17,Sutter,101,95872,119,79,0,79,2
2020-06-17,Tehama,103,63373,41,24,2,26,1
2020-06-17,Trinity,105,12862,14,2,3,5,0
2020-06-17,Tulare,107,460477,4088,2882,10,2892,106
2020-06-17,Tuolumne,109,53932,12,7,0,7,0
2020-06-17,Ventura,111,848112,2673,1729,15,1744,37
2020-06-17,Yolo,113,214977,405,277,0,277,24
2020-06-17,Yuba,115,75493,41,30,0,30,1
2020-06-16,Alameda,001,1643700,5318,4428,10,4438,113
2020-06-16,Alpine,003,1148,1,1,0,1,0
2020-06-16,Amador,005,37829,12,10,0,10,0
2020-06-16,Butte,007,227075,141,79,7,86,1
2020-06-16,Calaveras,009,45235,34,19,0,19,0
2020-06-16,Colusa,011,21464,16,7,0,7,0
2020-06-16,Contra Costa,013,1133247,2411,1971,2,1973,45
2020-06-16,Del Norte,015,27424,47,45,0,45,0
2020-06-16,El Dorado,017,186661,181,115,1,116,0
2020-06-16,Fresno,019,978130,5440,2731,59,2790,50
2020-06-16,Glenn,021,27897,71,30,0,30,0
2020-06-16,Humboldt,023,135768,135,105,0,105,3
2020-06-16,Imperial,025,180216,6348,3939,4,3943,36
2020-06-16,Inyo,027,18085,25,24,0,24,1
2020-06-16,Kern,029,883053,4939,3496,13,3509,55
2020-06-16,Kings,031,150075,2162,1044,6,1050,6
2020-06-16,Lake,033,64148,44,31,0,31,0
2020-06-16,Lassen,035,31185,15,5,2,7,0
2020-06-16,Los Angeles,037,10098052,86634,75051,23,75074,2942
2020-06-16,Madera,039,155013,533,239,2,241,3
2020-06-16,Marin,041,260295,1203,725,3,728,17
2020-06-16,Mariposa,043,17540,18,17,0,17,1
2020-06-16,Mendocino,045,87422,61,35,0,35,0
2020-06-16,Merced,047,269075,814,436,1,437,7
2020-06-16,Modoc,049,8938,1,0,0,0,0
2020-06-16,Mono,051,14174,42,34,0,34,1
2020-06-16,Monterey,053,433212,1413,1019,5,1024,12
2020-06-16,Napa,055,140530,259,196,0,196,3
2020-06-16,Nevada,057,99092,91,53,1,54,1
2020-06-16,Orange,059,3164182,13580,9163,107,9270,223
2020-06-16,Placer,061,380077,577,392,3,395,9
2020-06-16,Plumas,063,18699,6,5,0,5,0
2020-06-16,Riverside,065,2383286,15247,11638,25,11663,364
2020-06-16,Sacramento,067,1510023,2286,1825,4,1829,60
2020-06-16,San Benito,069,59416,190,110,0,110,2
2020-06-16,San Bernardino,071,2135413,11007,7463,7,7470,225
2020-06-16,San Diego,073,3302833,11679,9732,1,9733,323
2020-06-16,San Francisco,075,870044,3211,2893,1,2894,46
2020-06-16,San Joaquin,077,732212,2635,1718,4,1722,47
2020-06-16,San Luis Obispo,079,281455,531,343,5,348,1
2020-06-16,San Mateo,081,765935,2947,2618,5,2623,77
2020-06-16,Santa Barbara,083,443738,2601,2090,19,2109,16
2020-06-16,Santa Clara,085,1922200,4338,3228,15,3243,148
2020-06-16,Santa Cruz,087,273765,323,257,0,257,2
2020-06-16,Shasta,089,179085,115,51,0,51,4
2020-06-16,Sierra,091,2930,1,1,0,1,0
2020-06-16,Siskiyou,093,43540,27,15,0,15,0
2020-06-16,Solano,095,438530,1060,694,4,698,19
2020-06-16,Sonoma,097,501317,953,739,2,741,4
2020-06-16,Stanislaus,099,539301,2070,1278,6,1284,36
2020-06-16,Sutter,101,95872,112,73,0,73,2
2020-06-16,Tehama,103,63373,37,24,2,26,1
2020-06-16,Trinity,105,12862,14,2,3,5,0
2020-06-16,Tulare,107,460477,3969,2802,10,2812,96
2020-06-16,Tuolumne,109,53932,12,7,0,7,0
2020-06-16,Ventura,111,848112,2573,1676,15,1691,37
2020-06-16,Yolo,113,214977,382,262,0,262,24
2020-06-16,Yuba,115,75493,39,29,0,29,1
2020-06-15,Alameda,001,1643700,5192,4323,10,4333,112
2020-06-15,Alpine,003,1148,1,1,0,1,0
2020-06-15,Amador,005,37829,12,10,0,10,0
2020-06-15,Butte,007,227075,133,78,7,85,1
2020-06-15,Calaveras,009,45235,34,18,0,18,0
2020-06-15,Colusa,011,21464,14,7,0,7,0
2020-06-15,Contra Costa,013,1133247,2334,1918,2,1920,43
2020-06-15,Del Norte,015,27424,47,45,0,45,0
2020-06-15,El Dorado,017,186661,171,114,1,115,0
2020-06-15,Fresno,019,978130,5228,2616,58,2674,48
2020-06-15,Glenn,021,27897,66,21,0,21,0
2020-06-15,Humboldt,023,135768,133,105,0,105,3
2020-06-15,Imperial,025,180216,6173,3726,4,3730,36
2020-06-15,Inyo,027,18085,25,23,0,23,1
2020-06-15,Kern,029,883053,4716,3417,13,3430,55
2020-06-15,Kings,031,150075,2085,1022,6,1028,6
2020-06-15,Lake,033,64148,44,31,0,31,0
2020-06-15,Lassen,035,31185,15,5,2,7,0
2020-06-15,Los Angeles,037,10098052,84447,73705,23,73728,2908
2020-06-15,Madera,039,155013,511,203,2,205,3
2020-06-15,Marin,041,260295,1036,708,3,711,17
2020-06-15,Mariposa,043,17540,18,17,0,17,1
2020-06-15,Mendocino,045,87422,52,33,0,33,0
2020-06-15,Merced,047,269075,768,414,1,415,7
2020-06-15,Modoc,049,8938,1,0,0,0,0
2020-06-15,Mono,051,14174,42,34,0,34,1
2020-06-15,Monterey,053,433212,1347,998,5,1003,12
2020-06-15,Napa,055,140530,251,187,0,187,3
2020-06-15,Nevada,057,99092,85,52,1,53,1
2020-06-15,Orange,059,3164182,13012,8944,99,9043,212
2020-06-15,Placer,061,380077,555,386,3,389,9
2020-06-15,Plumas,063,18699,6,4,0,4,0
2020-06-15,Riverside,065,2383286,14629,11376,24,11400,364
2020-06-15,Sacramento,067,1510023,2170,1791,4,1795,60
2020-06-15,San Benito,069,59416,184,108,0,108,2
2020-06-15,San Bernardino,071,2135413,10504,7189,7,7196,224
2020-06-15,San Diego,073,3302833,11339,9612,1,9613,320
2020-06-15,San Francisco,075,870044,3167,2833,1,2834,45
2020-06-15,San Joaquin,077,732212,2499,1667,4,1671,43
2020-06-15,San Luis Obispo,079,281455,516,332,5,337,1
2020-06-15,San Mateo,081,765935,2900,2591,5,2596,75
2020-06-15,Santa Barbara,083,443738,2533,2054,19,2073,16
2020-06-15,Santa Clara,085,1922200,4238,3204,15,3219,148
2020-06-15,Santa Cruz,087,273765,312,254,0,254,2
2020-06-15,Shasta,089,179085,109,50,0,50,4
2020-06-15,Sierra,091,2930,1,1,0,1,0
2020-06-15,Siskiyou,093,43540,26,14,0,14,0
2020-06-15,Solano,095,438530,1000,638,4,642,19
2020-06-15,Sonoma,097,501317,924,726,2,728,4
2020-06-15,Stanislaus,099,539301,1953,1253,6,1259,35
2020-06-15,Sutter,101,95872,102,71,0,71,2
2020-06-15,Tehama,103,63373,37,17,2,19,1
2020-06-15,Trinity,105,12862,13,2,3,5,0
2020-06-15,Tulare,107,460477,3855,2662,10,2672,96
2020-06-15,Tuolumne,109,53932,11,7,0,7,0
2020-06-15,Ventura,111,848112,2492,1656,15,1671,37
2020-06-15,Yolo,113,214977,362,255,0,255,24
2020-06-15,Yuba,115,75493,39,28,0,28,1
2020-06-14,Alameda,001,1643700,5046,4271,10,4281,112
2020-06-14,Alpine,003,1148,1,1,0,1,0
2020-06-14,Amador,005,37829,12,10,0,10,0
2020-06-14,Butte,007,227075,125,78,7,85,1
2020-06-14,Calaveras,009,45235,33,18,0,18,0
2020-06-14,Colusa,011,21464,13,7,0,7,0
2020-06-14,Contra Costa,013,1133247,2266,1893,2,1895,43
2020-06-14,Del Norte,015,27424,47,45,0,45,0
2020-06-14,El Dorado,017,186661,167,110,1,111,0
2020-06-14,Fresno,019,978130,5043,2585,57,2642,48
2020-06-14,Glenn,021,27897,51,21,0,21,0
2020-06-14,Humboldt,023,135768,129,105,0,105,3
2020-06-14,Imperial,025,180216,5942,3730,4,3734,36
2020-06-14,Inyo,027,18085,24,23,0,23,1
2020-06-14,Kern,029,883053,4505,3328,13,3341,55
2020-06-14,Kings,031,150075,2034,1022,5,1027,6
2020-06-14,Lake,033,64148,41,31,0,31,0
2020-06-14,Lassen,035,31185,15,5,2,7,0
2020-06-14,Los Angeles,037,10098052,82118,72932,22,72954,2887
2020-06-14,Madera,039,155013,492,203,2,205,3
2020-06-14,Marin,041,260295,871,689,2,691,17
2020-06-14,Mariposa,043,17540,18,16,0,16,1
2020-06-14,Mendocino,045,87422,49,33,0,33,0
2020-06-14,Merced,047,269075,717,403,1,404,7
2020-06-14,Modoc,049,8938,1,0,0,0,0
2020-06-14,Mono,051,14174,42,34,0,34,1
2020-06-14,Monterey,053,433212,1286,949,5,954,12
2020-06-14,Napa,055,140530,229,181,0,181,3
2020-06-14,Nevada,057,99092,81,52,1,53,1
2020-06-14,Orange,059,3164182,12585,8744,94,8838,211
2020-06-14,Placer,061,380077,529,369,3,372,9
2020-06-14,Plumas,063,18699,5,4,0,4,0
2020-06-14,Riverside,065,2383286,14186,11218,24,11242,364
2020-06-14,Sacramento,067,1510023,2083,1750,4,1754,60
2020-06-14,San Benito,069,59416,173,104,0,104,2
2020-06-14,San Bernardino,071,2135413,9964,7015,7,7022,224
2020-06-14,San Diego,073,3302833,10964,9442,1,9443,319
2020-06-14,San Francisco,075,870044,3127,2834,1,2835,45
2020-06-14,San Joaquin,077,732212,2348,1603,4,1607,43
2020-06-14,San Luis Obispo,079,281455,501,330,5,335,1
2020-06-14,San Mateo,081,765935,2842,2571,5,2576,75
2020-06-14,Santa Barbara,083,443738,2456,2049,19,2068,17
2020-06-14,Santa Clara,085,1922200,4143,3178,15,3193,148
2020-06-14,Santa Cruz,087,273765,298,254,0,254,2
2020-06-14,Shasta,089,179085,103,48,0,48,4
2020-06-14,Sierra,091,2930,1,1,0,1,0
2020-06-14,Siskiyou,093,43540,25,13,0,13,0
2020-06-14,Solano,095,438530,951,638,4,642,19
2020-06-14,Sonoma,097,501317,896,724,2,726,4
2020-06-14,Stanislaus,099,539301,1805,1159,6,1165,35
2020-06-14,Sutter,101,95872,97,63,0,63,2
2020-06-14,Tehama,103,63373,34,17,2,19,1
2020-06-14,Trinity,105,12862,13,2,3,5,0
2020-06-14,Tulare,107,460477,3721,2646,10,2656,96
2020-06-14,Tuolumne,109,53932,11,7,0,7,0
2020-06-14,Ventura,111,848112,2393,1610,14,1624,37
2020-06-14,Yolo,113,214977,346,254,0,254,24
2020-06-14,Yuba,115,75493,38,28,0,28,1
2020-06-13,Alameda,001,1643700,4983,4196,10,4206,112
2020-06-13,Alpine,003,1148,1,1,0,1,0
2020-06-13,Amador,005,37829,11,10,0,10,0
2020-06-13,Butte,007,227075,116,72,7,79,1
2020-06-13,Calaveras,009,45235,31,18,0,18,0
2020-06-13,Colusa,011,21464,12,7,0,7,0
2020-06-13,Contra Costa,013,1133247,2230,1868,2,1870,43
2020-06-13,Del Norte,015,27424,47,45,0,45,0
2020-06-13,El Dorado,017,186661,163,110,1,111,0
2020-06-13,Fresno,019,978130,4945,2499,57,2556,48
2020-06-13,Glenn,021,27897,49,21,0,21,0
2020-06-13,Humboldt,023,135768,128,104,0,104,3
2020-06-13,Imperial,025,180216,5869,3646,4,3650,36
2020-06-13,Inyo,027,18085,24,23,0,23,1
2020-06-13,Kern,029,883053,4396,3239,13,3252,55
2020-06-13,Kings,031,150075,2014,1023,5,1028,6
2020-06-13,Lake,033,64148,40,29,0,29,0
2020-06-13,Lassen,035,31185,15,5,2,7,0
2020-06-13,Los Angeles,037,10098052,81076,71938,22,71960,2874
2020-06-13,Madera,039,155013,488,203,2,205,3
2020-06-13,Marin,041,260295,840,677,2,679,17
2020-06-13,Mariposa,043,17540,18,16,0,16,1
2020-06-13,Mendocino,045,87422,49,33,0,33,0
2020-06-13,Merced,047,269075,699,376,1,377,7
2020-06-13,Modoc,049,8938,1,0,0,0,0
2020-06-13,Mono,051,14174,42,35,0,35,1
2020-06-13,Monterey,053,433212,1248,900,5,905,11
2020-06-13,Napa,055,140530,226,171,0,171,3
2020-06-13,Nevada,057,99092,79,52,1,53,1
2020-06-13,Orange,059,3164182,12341,8581,91,8672,211
2020-06-13,Placer,061,380077,512,346,3,349,9
2020-06-13,Plumas,063,18699,5,4,0,4,0
2020-06-13,Riverside,065,2383286,13907,10931,24,10955,364
2020-06-13,Sacramento,067,1510023,2028,1713,4,1717,60
2020-06-13,San Benito,069,59416,166,99,0,99,2
2020-06-13,San Bernardino,071,2135413,9741,6885,7,6892,224
2020-06-13,San Diego,073,3302833,10792,9316,1,9317,319
2020-06-13,San Francisco,075,870044,3107,2834,1,2835,44
2020-06-13,San Joaquin,077,732212,2267,1461,4,1465,43
2020-06-13,San Luis Obispo,079,281455,490,326,5,331,1
2020-06-13,San Mateo,081,765935,2819,2551,5,2556,75
2020-06-13,Santa Barbara,083,443738,2398,1999,19,2018,15
2020-06-13,Santa Clara,085,1922200,4100,3141,15,3156,148
2020-06-13,Santa Cruz,087,273765,292,254,0,254,2
2020-06-13,Shasta,089,179085,101,48,0,48,4
2020-06-13,Sierra,091,2930,1,1,0,1,0
2020-06-13,Siskiyou,093,43540,25,13,0,13,0
2020-06-13,Solano,095,438530,923,637,4,641,19
2020-06-13,Sonoma,097,501317,881,711,2,713,4
2020-06-13,Stanislaus,099,539301,1748,1122,6,1128,33
2020-06-13,Sutter,101,95872,96,62,0,62,2
2020-06-13,Tehama,103,63373,33,17,2,19,1
2020-06-13,Trinity,105,12862,13,2,3,5,0
2020-06-13,Tulare,107,460477,3689,2626,10,2636,96
2020-06-13,Tuolumne,109,53932,10,7,0,7,0
2020-06-13,Ventura,111,848112,2347,1567,14,1581,37
2020-06-13,Yolo,113,214977,326,251,0,251,24
2020-06-13,Yuba,115,75493,38,28,0,28,1
2020-06-12,Alameda,001,1643700,4910,4167,10,4177,109
2020-06-12,Alpine,003,1148,1,1,0,1,0
2020-06-12,Amador,005,37829,11,10,0,10,0
2020-06-12,Butte,007,227075,112,71,7,78,1
2020-06-12,Calaveras,009,45235,28,18,0,18,0
2020-06-12,Colusa,011,21464,12,7,0,7,0
2020-06-12,Contra Costa,013,1133247,2193,1827,2,1829,43
2020-06-12,Del Norte,015,27424,47,45,0,45,0
2020-06-12,El Dorado,017,186661,163,110,1,111,0
2020-06-12,Fresno,019,978130,4807,2428,57,2485,47
2020-06-12,Glenn,021,27897,46,21,0,21,0
2020-06-12,Humboldt,023,135768,126,105,0,105,3
2020-06-12,Imperial,025,180216,5785,3543,4,3547,36
2020-06-12,Inyo,027,18085,24,23,0,23,1
2020-06-12,Kern,029,883053,4279,3152,13,3165,54
2020-06-12,Kings,031,150075,2001,987,5,992,6
2020-06-12,Lake,033,64148,39,29,0,29,0
2020-06-12,Lassen,035,31185,15,5,2,7,0
2020-06-12,Los Angeles,037,10098052,79671,70385,22,70407,2814
2020-06-12,Madera,039,155013,463,187,2,189,3
2020-06-12,Marin,041,260295,837,649,2,651,17
2020-06-12,Mariposa,043,17540,18,16,0,16,1
2020-06-12,Mendocino,045,87422,49,33,0,33,0
2020-06-12,Merced,047,269075,665,372,1,373,7
2020-06-12,Modoc,049,8938,1,0,0,0,0
2020-06-12,Mono,051,14174,39,35,0,35,1
2020-06-12,Monterey,053,433212,1207,864,4,868,11
2020-06-12,Napa,055,140530,223,162,0,162,3
2020-06-12,Nevada,057,99092,73,52,1,53,1
2020-06-12,Orange,059,3164182,12035,8440,90,8530,203
2020-06-12,Placer,061,380077,495,333,3,336,9
2020-06-12,Plumas,063,18699,5,4,0,4,0
2020-06-12,Riverside,065,2383286,13570,10616,24,10640,364
2020-06-12,Sacramento,067,1510023,1973,1702,4,1706,60
2020-06-12,San Benito,069,59416,159,96,0,96,2
2020-06-12,San Bernardino,071,2135413,9473,6707,7,6714,223
2020-06-12,San Diego,073,3302833,10622,9132,1,9133,313
2020-06-12,San Francisco,075,870044,3073,2823,1,2824,44
2020-06-12,San Joaquin,077,732212,2187,1406,4,1410,43
2020-06-12,San Luis Obispo,079,281455,474,321,5,326,1
2020-06-12,San Mateo,081,765935,2784,2533,5,2538,75
2020-06-12,Santa Barbara,083,443738,2344,1969,19,1988,14
2020-06-12,Santa Clara,085,1922200,4056,3099,15,3114,149
2020-06-12,Santa Cruz,087,273765,284,251,0,251,2
2020-06-12,Shasta,089,179085,94,48,0,48,5
2020-06-12,Sierra,091,2930,1,1,0,1,0
2020-06-12,Siskiyou,093,43540,25,13,0,13,0
2020-06-12,Solano,095,438530,909,620,4,624,19
2020-06-12,Sonoma,097,501317,862,696,2,698,4
2020-06-12,Stanislaus,099,539301,1689,1092,6,1098,33
2020-06-12,Sutter,101,95872,95,56,0,56,2
2020-06-12,Tehama,103,63373,32,13,2,15,1
2020-06-12,Trinity,105,12862,13,2,3,5,0
2020-06-12,Tulare,107,460477,3635,2552,10,2562,95
2020-06-12,Tuolumne,109,53932,10,7,0,7,0
2020-06-12,Ventura,111,848112,2295,1534,14,1548,35
2020-06-12,Yolo,113,214977,314,243,0,243,24
2020-06-12,Yuba,115,75493,36,27,0,27,1
2020-06-11,Alameda,001,1643700,4780,4073,9,4082,108
2020-06-11,Alpine,003,1148,1,1,0,1,0
2020-06-11,Amador,005,37829,10,10,0,10,0
2020-06-11,Butte,007,227075,106,72,7,79,1
2020-06-11,Calaveras,009,45235,27,16,0,16,0
2020-06-11,Colusa,011,21464,12,7,0,7,0
2020-06-11,Contra Costa,013,1133247,2140,1797,2,1799,43
2020-06-11,Del Norte,015,27424,47,45,0,45,0
2020-06-11,El Dorado,017,186661,155,109,1,110,0
2020-06-11,Fresno,019,978130,4653,2338,57,2395,45
2020-06-11,Glenn,021,27897,42,21,0,21,0
2020-06-11,Humboldt,023,135768,122,113,0,113,3
2020-06-11,Imperial,025,180216,5629,3463,4,3467,36
2020-06-11,Inyo,027,18085,22,23,0,23,1
2020-06-11,Kern,029,883053,4127,3047,11,3058,54
2020-06-11,Kings,031,150075,1968,963,5,968,6
2020-06-11,Lake,033,64148,39,28,0,28,0
2020-06-11,Lassen,035,31185,15,5,2,7,0
2020-06-11,Los Angeles,037,10098052,78006,68807,21,68828,2800
2020-06-11,Madera,039,155013,445,178,2,180,3
2020-06-11,Marin,041,260295,789,637,2,639,17
2020-06-11,Mariposa,043,17540,18,16,0,16,1
2020-06-11,Mendocino,045,87422,40,35,0,35,0
2020-06-11,Merced,047,269075,625,370,1,371,7
2020-06-11,Modoc,049,8938,1,0,0,0,0
2020-06-11,Mono,051,14174,39,35,0,35,1
2020-06-11,Monterey,053,433212,1160,813,4,817,11
2020-06-11,Napa,055,140530,214,162,0,162,3
2020-06-11,Nevada,057,99092,67,50,1,51,1
2020-06-11,Orange,059,3164182,11727,8304,89,8393,188
2020-06-11,Placer,061,380077,476,321,3,324,9
2020-06-11,Plumas,063,18699,5,4,0,4,0
2020-06-11,Riverside,065,2383286,13217,10014,24,10038,361
2020-06-11,Sacramento,067,1510023,1925,1669,4,1673,60
2020-06-11,San Benito,069,59416,153,94,0,94,2
2020-06-11,San Bernardino,071,2135413,9176,6509,7,6516,221
2020-06-11,San Diego,073,3302833,10392,9000,0,9000,308
2020-06-11,San Francisco,075,870044,3044,2766,1,2767,44
2020-06-11,San Joaquin,077,732212,2075,1351,4,1355,43
2020-06-11,San Luis Obispo,079,281455,460,307,5,312,1
2020-06-11,San Mateo,081,765935,2746,2499,5,2504,74
2020-06-11,Santa Barbara,083,443738,2283,1895,19,1914,14
2020-06-11,Santa Clara,085,1922200,3989,3049,15,3064,149
2020-06-11,Santa Cruz,087,273765,280,247,0,247,2
2020-06-11,Shasta,089,179085,87,47,0,47,5
2020-06-11,Sierra,091,2930,1,1,0,1,0
2020-06-11,Siskiyou,093,43540,25,14,0,14,0
2020-06-11,Solano,095,438530,883,616,4,620,19
2020-06-11,Sonoma,097,501317,840,682,2,684,4
2020-06-11,Stanislaus,099,539301,1598,1062,6,1068,30
2020-06-11,Sutter,101,95872,92,56,0,56,2
2020-06-11,Tehama,103,63373,27,10,2,12,1
2020-06-11,Trinity,105,12862,11,2,3,5,0
2020-06-11,Tulare,107,460477,3536,2473,10,2483,95
2020-06-11,Tuolumne,109,53932,10,7,0,7,0
2020-06-11,Ventura,111,848112,2218,1491,13,1504,34
2020-06-11,Yolo,113,214977,306,230,0,230,24
2020-06-11,Yuba,115,75493,36,27,0,27,1
2020-06-10,Alameda,001,1643700,4680,4027,8,4035,107
2020-06-10,Alpine,003,1148,1,1,0,1,0
2020-06-10,Amador,005,37829,10,10,0,10,0
2020-06-10,Butte,007,227075,102,71,7,78,1
2020-06-10,Calaveras,009,45235,27,16,0,16,0
2020-06-10,Colusa,011,21464,11,7,0,7,0
2020-06-10,Contra Costa,013,1133247,2096,1778,2,1780,43
2020-06-10,Del Norte,015,27424,47,45,0,45,0
2020-06-10,El Dorado,017,186661,152,109,1,110,0
2020-06-10,Fresno,019,978130,4476,2324,57,2381,45
2020-06-10,Glenn,021,27897,39,21,0,21,0
2020-06-10,Humboldt,023,135768,118,112,0,112,3
2020-06-10,Imperial,025,180216,5481,3454,4,3458,36
2020-06-10,Inyo,027,18085,22,23,0,23,1
2020-06-10,Kern,029,883053,4002,3000,10,3010,54
2020-06-10,Kings,031,150075,1922,952,4,956,6
2020-06-10,Lake,033,64148,39,28,0,28,0
2020-06-10,Lassen,035,31185,15,5,2,7,0
2020-06-10,Los Angeles,037,10098052,76485,67018,21,67039,2752
2020-06-10,Madera,039,155013,431,176,1,177,3
2020-06-10,Marin,041,260295,757,633,2,635,17
2020-06-10,Mariposa,043,17540,17,16,0,16,1
2020-06-10,Mendocino,045,87422,39,35,0,35,0
2020-06-10,Merced,047,269075,592,370,1,371,7
2020-06-10,Modoc,049,8938,1,0,0,0,0
2020-06-10,Mono,051,14174,39,35,0,35,1
2020-06-10,Monterey,053,433212,1106,791,4,795,11
2020-06-10,Napa,055,140530,211,159,0,159,3
2020-06-10,Nevada,057,99092,65,50,1,51,1
2020-06-10,Orange,059,3164182,11451,8222,85,8307,184
2020-06-10,Placer,061,380077,451,309,3,312,9
2020-06-10,Plumas,063,18699,5,4,0,4,0
2020-06-10,Riverside,065,2383286,12894,9857,24,9881,361
2020-06-10,Sacramento,067,1510023,1886,1643,2,1645,59
2020-06-10,San Benito,069,59416,144,94,0,94,2
2020-06-10,San Bernardino,071,2135413,8883,6438,7,6445,219
2020-06-10,San Diego,073,3302833,10228,8839,0,8839,305
2020-06-10,San Francisco,075,870044,3019,2774,1,2775,44
2020-06-10,San Joaquin,077,732212,1946,1282,4,1286,41
2020-06-10,San Luis Obispo,079,281455,440,306,5,311,1
2020-06-10,San Mateo,081,765935,2706,2492,5,2497,74
2020-06-10,Santa Barbara,083,443738,2227,1878,19,1897,13
2020-06-10,Santa Clara,085,1922200,3938,3032,15,3047,149
2020-06-10,Santa Cruz,087,273765,276,242,0,242,2
2020-06-10,Shasta,089,179085,82,45,0,45,5
2020-06-10,Sierra,091,2930,1,1,0,1,0
2020-06-10,Siskiyou,093,43540,25,14,0,14,0
2020-06-10,Solano,095,438530,847,608,4,612,19
2020-06-10,Sonoma,097,501317,822,673,2,675,4
2020-06-10,Stanislaus,099,539301,1508,1030,6,1036,29
2020-06-10,Sutter,101,95872,91,56,0,56,2
2020-06-10,Tehama,103,63373,25,10,2,12,1
2020-06-10,Trinity,105,12862,11,2,3,5,0
2020-06-10,Tulare,107,460477,3443,2455,10,2465,95
2020-06-10,Tuolumne,109,53932,10,7,0,7,0
2020-06-10,Ventura,111,848112,2172,1446,12,1458,34
2020-06-10,Yolo,113,214977,298,226,0,226,24
2020-06-10,Yuba,115,75493,35,27,0,27,1
2020-06-09,Alameda,001,1643700,4570,3963,8,3971,103
2020-06-09,Alpine,003,1148,1,1,0,1,0
2020-06-09,Amador,005,37829,10,10,0,10,0
2020-06-09,Butte,007,227075,101,70,6,76,1
2020-06-09,Calaveras,009,45235,27,16,0,16,0
2020-06-09,Colusa,011,21464,10,7,0,7,0
2020-06-09,Contra Costa,013,1133247,2055,1744,2,1746,42
2020-06-09,Del Norte,015,27424,47,45,0,45,0
2020-06-09,El Dorado,017,186661,142,108,1,109,0
2020-06-09,Fresno,019,978130,4324,2278,57,2335,43
2020-06-09,Glenn,021,27897,38,19,0,19,0
2020-06-09,Humboldt,023,135768,116,113,0,113,2
2020-06-09,Imperial,025,180216,5329,3067,4,3071,36
2020-06-09,Inyo,027,18085,22,22,0,22,1
2020-06-09,Kern,029,883053,3874,2920,10,2930,51
2020-06-09,Kings,031,150075,1890,934,4,938,6
2020-06-09,Lake,033,64148,39,28,0,28,0
2020-06-09,Lassen,035,31185,15,5,2,7,0
2020-06-09,Los Angeles,037,10098052,74824,65827,21,65848,2692
2020-06-09,Madera,039,155013,416,172,1,173,3
2020-06-09,Marin,041,260295,721,616,2,618,17
2020-06-09,Mariposa,043,17540,17,16,0,16,1
2020-06-09,Mendocino,045,87422,35,35,0,35,0
2020-06-09,Merced,047,269075,563,349,1,350,7
2020-06-09,Modoc,049,8938,1,0,0,0,0
2020-06-09,Mono,051,14174,39,35,0,35,1
2020-06-09,Monterey,053,433212,1065,772,4,776,11
2020-06-09,Napa,055,140530,201,156,0,156,3
2020-06-09,Nevada,057,99092,57,50,1,51,1
2020-06-09,Orange,059,3164182,11210,7991,83,8074,174
2020-06-09,Placer,061,380077,438,301,3,304,9
2020-06-09,Plumas,063,18699,5,4,0,4,0
2020-06-09,Riverside,065,2383286,12516,9511,24,9535,354
2020-06-09,Sacramento,067,1510023,1832,1625,2,1627,59
2020-06-09,San Benito,069,59416,138,95,0,95,2
2020-06-09,San Bernardino,071,2135413,8559,6268,6,6274,217
2020-06-09,San Diego,073,3302833,10043,8731,0,8731,301
2020-06-09,San Francisco,075,870044,2994,2749,1,2750,44
2020-06-09,San Joaquin,077,732212,1840,1240,4,1244,41
2020-06-09,San Luis Obispo,079,281455,427,301,4,305,1
2020-06-09,San Mateo,081,765935,2675,2463,5,2468,74
2020-06-09,Santa Barbara,083,443738,2171,1854,19,1873,13
2020-06-09,Santa Clara,085,1922200,3870,3006,14,3020,147
2020-06-09,Santa Cruz,087,273765,270,237,0,237,2
2020-06-09,Shasta,089,179085,78,44,0,44,4
2020-06-09,Sierra,091,2930,1,1,0,1,0
2020-06-09,Siskiyou,093,43540,20,10,0,10,0
2020-06-09,Solano,095,438530,812,596,4,600,18
2020-06-09,Sonoma,097,501317,799,661,2,663,4
2020-06-09,Stanislaus,099,539301,1407,993,6,999,25
2020-06-09,Sutter,101,95872,88,56,0,56,2
2020-06-09,Tehama,103,63373,25,9,2,11,1
2020-06-09,Trinity,105,12862,10,2,3,5,0
2020-06-09,Tulare,107,460477,3377,2393,10,2403,91
2020-06-09,Tuolumne,109,53932,10,8,0,8,0
2020-06-09,Ventura,111,848112,2106,1407,12,1419,34
2020-06-09,Yolo,113,214977,287,226,0,226,24
2020-06-09,Yuba,115,75493,34,27,0,27,1
2020-06-08,Alameda,001,1643700,4489,3937,8,3945,103
2020-06-08,Alpine,003,1148,1,1,0,1,0
2020-06-08,Amador,005,37829,10,10,0,10,0
2020-06-08,Butte,007,227075,97,68,6,74,1
2020-06-08,Calaveras,009,45235,27,16,0,16,0
2020-06-08,Colusa,011,21464,9,7,0,7,0
2020-06-08,Contra Costa,013,1133247,2012,1714,2,1716,41
2020-06-08,Del Norte,015,27424,47,45,0,45,0
2020-06-08,El Dorado,017,186661,138,107,1,108,0
2020-06-08,Fresno,019,978130,4200,2194,56,2250,42
2020-06-08,Glenn,021,27897,36,17,0,17,0
2020-06-08,Humboldt,023,135768,116,112,0,112,2
2020-06-08,Imperial,025,180216,5177,3051,4,3055,21
2020-06-08,Inyo,027,18085,22,22,0,22,1
2020-06-08,Kern,029,883053,3743,2853,9,2862,49
2020-06-08,Kings,031,150075,1814,892,4,896,6
2020-06-08,Lake,033,64148,39,28,0,28,0
2020-06-08,Lassen,035,31185,15,4,2,6,0
2020-06-08,Los Angeles,037,10098052,73361,64634,21,64655,2640
2020-06-08,Madera,039,155013,386,154,1,155,3
2020-06-08,Marin,041,260295,680,596,2,598,17
2020-06-08,Mariposa,043,17540,16,16,0,16,1
2020-06-08,Mendocino,045,87422,33,32,0,32,0
2020-06-08,Merced,047,269075,529,331,1,332,7
2020-06-08,Modoc,049,8938,1,0,0,0,0
2020-06-08,Mono,051,14174,39,35,0,35,1
2020-06-08,Monterey,053,433212,1014,751,3,754,10
2020-06-08,Napa,055,140530,185,151,0,151,3
2020-06-08,Nevada,057,99092,56,50,1,51,1
2020-06-08,Orange,059,3164182,10959,7786,81,7867,160
2020-06-08,Placer,061,380077,421,290,3,293,9
2020-06-08,Plumas,063,18699,5,4,0,4,0
2020-06-08,Riverside,065,2383286,12147,9246,24,9270,347
2020-06-08,Sacramento,067,1510023,1782,1591,2,1593,59
2020-06-08,San Benito,069,59416,131,93,0,93,2
2020-06-08,San Bernardino,071,2135413,8240,6122,6,6128,214
2020-06-08,San Diego,073,3302833,9886,8621,0,8621,296
2020-06-08,San Francisco,075,870044,2967,2715,1,2716,43
2020-06-08,San Joaquin,077,732212,1733,1198,4,1202,40
2020-06-08,San Luis Obispo,079,281455,421,300,4,304,1
2020-06-08,San Mateo,081,765935,2644,2431,4,2435,74
2020-06-08,Santa Barbara,083,443738,2116,1824,17,1841,13
2020-06-08,Santa Clara,085,1922200,3824,2971,14,2985,146
2020-06-08,Santa Cruz,087,273765,269,234,0,234,2
2020-06-08,Shasta,089,179085,74,43,0,43,4
2020-06-08,Sierra,091,2930,1,1,0,1,0
2020-06-08,Siskiyou,093,43540,20,8,0,8,0
2020-06-08,Solano,095,438530,785,560,4,564,19
2020-06-08,Sonoma,097,501317,783,654,2,656,4
2020-06-08,Stanislaus,099,539301,1325,956,6,962,28
2020-06-08,Sutter,101,95872,81,55,0,55,2
2020-06-08,Tehama,103,63373,19,8,2,10,1
2020-06-08,Trinity,105,12862,10,2,3,5,0
2020-06-08,Tulare,107,460477,3294,2301,10,2311,91
2020-06-08,Tuolumne,109,53932,9,8,0,8,0
2020-06-08,Ventura,111,848112,2048,1382,12,1394,30
2020-06-08,Yolo,113,214977,276,228,0,228,24
2020-06-08,Yuba,115,75493,32,27,0,27,1
2020-06-07,Alameda,001,1643700,4376,3866,8,3874,102
2020-06-07,Alpine,003,1148,1,1,0,1,0
2020-06-07,Amador,005,37829,10,10,0,10,0
2020-06-07,Butte,007,227075,95,64,5,69,1
2020-06-07,Calaveras,009,45235,25,16,0,16,0
2020-06-07,Colusa,011,21464,9,7,0,7,0
2020-06-07,Contra Costa,013,1133247,1961,1653,1,1654,38
2020-06-07,Del Norte,015,27424,45,45,0,45,0
2020-06-07,El Dorado,017,186661,138,104,1,105,0
2020-06-07,Fresno,019,978130,4070,2144,56,2200,41
2020-06-07,Glenn,021,27897,29,16,0,16,0
2020-06-07,Humboldt,023,135768,116,112,0,112,2
2020-06-07,Imperial,025,180216,5026,3048,4,3052,19
2020-06-07,Inyo,027,18085,22,21,0,21,1
2020-06-07,Kern,029,883053,3612,2771,9,2780,46
2020-06-07,Kings,031,150075,1765,882,4,886,6
2020-06-07,Lake,033,64148,36,28,0,28,0
2020-06-07,Lassen,035,31185,14,4,2,6,0
2020-06-07,Los Angeles,037,10098052,71657,63750,21,63771,2629
2020-06-07,Madera,039,155013,369,149,1,150,3
2020-06-07,Marin,041,260295,666,584,2,586,17
2020-06-07,Mariposa,043,17540,16,16,0,16,1
2020-06-07,Mendocino,045,87422,33,32,0,32,0
2020-06-07,Merced,047,269075,496,318,1,319,7
2020-06-07,Modoc,049,8938,1,0,0,0,0
2020-06-07,Mono,051,14174,39,35,0,35,1
2020-06-07,Monterey,053,433212,968,732,3,735,10
2020-06-07,Napa,055,140530,177,142,0,142,3
2020-06-07,Nevada,057,99092,55,50,1,51,1
2020-06-07,Orange,059,3164182,10702,7643,79,7722,158
2020-06-07,Placer,061,380077,400,273,2,275,9
2020-06-07,Plumas,063,18699,5,4,0,4,0
2020-06-07,Riverside,065,2383286,11851,9105,24,9129,344
2020-06-07,Sacramento,067,1510023,1734,1568,2,1570,59
2020-06-07,San Benito,069,59416,128,92,0,92,2
2020-06-07,San Bernardino,071,2135413,7954,6033,6,6039,214
2020-06-07,San Diego,073,3302833,9707,8478,0,8478,296
2020-06-07,San Francisco,075,870044,2923,2674,0,2674,43
2020-06-07,San Joaquin,077,732212,1632,1126,4,1130,37
2020-06-07,San Luis Obispo,079,281455,411,296,4,300,1
2020-06-07,San Mateo,081,765935,2617,2399,4,2403,73
2020-06-07,Santa Barbara,083,443738,2061,1818,17,1835,13
2020-06-07,Santa Clara,085,1922200,3772,2947,14,2961,146
2020-06-07,Santa Cruz,087,273765,261,230,0,230,2
2020-06-07,Shasta,089,179085,73,41,0,41,4
2020-06-07,Sierra,091,2930,1,1,0,1,0
2020-06-07,Siskiyou,093,43540,20,8,0,8,0
2020-06-07,Solano,095,438530,762,560,4,564,19
2020-06-07,Sonoma,097,501317,752,639,2,641,4
2020-06-07,Stanislaus,099,539301,1245,905,5,910,28
2020-06-07,Sutter,101,95872,73,55,0,55,2
2020-06-07,Tehama,103,63373,16,8,2,10,1
2020-06-07,Trinity,105,12862,8,2,3,5,0
2020-06-07,Tulare,107,460477,3172,2219,10,2229,90
2020-06-07,Tuolumne,109,53932,9,4,0,4,0
2020-06-07,Ventura,111,848112,1982,1337,12,1349,30
2020-06-07,Yolo,113,214977,266,224,0,224,24
2020-06-07,Yuba,115,75493,32,27,0,27,1
2020-06-06,Alameda,001,1643700,4331,3801,8,3809,102
2020-06-06,Alpine,003,1148,1,1,0,1,0
2020-06-06,Amador,005,37829,10,10,0,10,0
2020-06-06,Butte,007,227075,94,63,5,68,1
2020-06-06,Calaveras,009,45235,23,16,0,16,0
2020-06-06,Colusa,011,21464,9,7,0,7,0
2020-06-06,Contra Costa,013,1133247,1940,1619,1,1620,37
2020-06-06,Del Norte,015,27424,45,45,0,45,0
2020-06-06,El Dorado,017,186661,133,104,1,105,0
2020-06-06,Fresno,019,978130,4015,2117,56,2173,41
2020-06-06,Glenn,021,27897,27,16,0,16,0
2020-06-06,Humboldt,023,135768,116,112,0,112,2
2020-06-06,Imperial,025,180216,4950,3047,4,3051,19
2020-06-06,Inyo,027,18085,22,21,0,21,1
2020-06-06,Kern,029,883053,3541,2695,9,2704,46
2020-06-06,Kings,031,150075,1746,882,4,886,6
2020-06-06,Lake,033,64148,36,28,0,28,0
2020-06-06,Lassen,035,31185,14,4,2,6,0
2020-06-06,Los Angeles,037,10098052,70908,62269,21,62290,2607
2020-06-06,Madera,039,155013,360,149,1,150,3
2020-06-06,Marin,041,260295,661,556,2,558,17
2020-06-06,Mariposa,043,17540,16,16,0,16,1
2020-06-06,Mendocino,045,87422,33,32,0,32,0
2020-06-06,Merced,047,269075,495,315,1,316,7
2020-06-06,Modoc,049,8938,1,0,0,0,0
2020-06-06,Mono,051,14174,39,35,0,35,1
2020-06-06,Monterey,053,433212,944,679,3,682,10
2020-06-06,Napa,055,140530,171,136,0,136,3
2020-06-06,Nevada,057,99092,54,50,1,51,1
2020-06-06,Orange,059,3164182,10543,7576,78,7654,157
2020-06-06,Placer,061,380077,388,270,2,272,9
2020-06-06,Plumas,063,18699,5,4,0,4,0
2020-06-06,Riverside,065,2383286,11673,8935,24,8959,345
2020-06-06,Sacramento,067,1510023,1711,1533,2,1535,59
2020-06-06,San Benito,069,59416,118,92,0,92,2
2020-06-06,San Bernardino,071,2135413,7806,5946,6,5952,214
2020-06-06,San Diego,073,3302833,9586,8347,0,8347,296
2020-06-06,San Francisco,075,870044,2908,2674,0,2674,43
2020-06-06,San Joaquin,077,732212,1592,1076,4,1080,37
2020-06-06,San Luis Obispo,079,281455,405,295,4,299,1
2020-06-06,San Mateo,081,765935,2602,2342,4,2346,72
2020-06-06,Santa Barbara,083,443738,2022,1815,17,1832,13
2020-06-06,Santa Clara,085,1922200,3731,2934,14,2948,144
2020-06-06,Santa Cruz,087,273765,259,226,0,226,2
2020-06-06,Shasta,089,179085,73,40,0,40,4
2020-06-06,Sierra,091,2930,1,1,0,1,0
2020-06-06,Siskiyou,093,43540,18,8,0,8,0
2020-06-06,Solano,095,438530,747,560,4,564,19
2020-06-06,Sonoma,097,501317,740,622,2,624,4
2020-06-06,Stanislaus,099,539301,1211,858,5,863,27
2020-06-06,Sutter,101,95872,73,51,0,51,2
2020-06-06,Tehama,103,63373,15,8,2,10,1
2020-06-06,Trinity,105,12862,8,2,2,4,0
2020-06-06,Tulare,107,460477,3139,2213,10,2223,90
2020-06-06,Tuolumne,109,53932,9,4,0,4,0
2020-06-06,Ventura,111,848112,1958,1303,12,1315,30
2020-06-06,Yolo,113,214977,264,223,0,223,24
2020-06-06,Yuba,115,75493,32,27,0,27,1
2020-06-05,Alameda,001,1643700,4280,3734,8,3742,102
2020-06-05,Alpine,003,1148,1,1,0,1,0
2020-06-05,Amador,005,37829,10,10,0,10,0
2020-06-05,Butte,007,227075,91,61,5,66,1
2020-06-05,Calaveras,009,45235,22,16,0,16,0
2020-06-05,Colusa,011,21464,9,7,0,7,0
2020-06-05,Contra Costa,013,1133247,1925,1575,1,1576,37
2020-06-05,Del Norte,015,27424,45,45,0,45,0
2020-06-05,El Dorado,017,186661,131,101,1,102,0
2020-06-05,Fresno,019,978130,3951,2051,55,2106,38
2020-06-05,Glenn,021,27897,25,16,0,16,0
2020-06-05,Humboldt,023,135768,115,111,0,111,2
2020-06-05,Imperial,025,180216,4844,2778,4,2782,19
2020-06-05,Inyo,027,18085,22,21,0,21,1
2020-06-05,Kern,029,883053,3452,2624,9,2633,46
2020-06-05,Kings,031,150075,1731,865,4,869,6
2020-06-05,Lake,033,64148,35,28,0,28,0
2020-06-05,Lassen,035,31185,13,4,2,6,0
2020-06-05,Los Angeles,037,10098052,69760,60955,21,60976,2553
2020-06-05,Madera,039,155013,338,144,1,145,3
2020-06-05,Marin,041,260295,652,546,2,548,17
2020-06-05,Mariposa,043,17540,16,16,0,16,1
2020-06-05,Mendocino,045,87422,33,32,0,32,0
2020-06-05,Merced,047,269075,493,309,1,310,7
2020-06-05,Modoc,049,8938,1,0,0,0,0
2020-06-05,Mono,051,14174,39,35,0,35,1
2020-06-05,Monterey,053,433212,912,649,3,652,10
2020-06-05,Napa,055,140530,168,123,0,123,3
2020-06-05,Nevada,057,99092,54,50,1,51,1
2020-06-05,Orange,059,3164182,10348,7391,76,7467,153
2020-06-05,Placer,061,380077,378,265,2,267,9
2020-06-05,Plumas,063,18699,5,4,0,4,0
2020-06-05,Riverside,065,2383286,11414,8700,24,8724,345
2020-06-05,Sacramento,067,1510023,1689,1514,2,1516,59
2020-06-05,San Benito,069,59416,116,92,0,92,2
2020-06-05,San Bernardino,071,2135413,7624,5869,5,5874,212
2020-06-05,San Diego,073,3302833,9471,8182,0,8182,294
2020-06-05,San Francisco,075,870044,2890,2675,0,2675,43
2020-06-05,San Joaquin,077,732212,1513,1046,4,1050,36
2020-06-05,San Luis Obispo,079,281455,398,293,4,297,1
2020-06-05,San Mateo,081,765935,2577,2331,4,2335,72
2020-06-05,Santa Barbara,083,443738,1991,1795,17,1812,13
2020-06-05,Santa Clara,085,1922200,3696,2902,14,2916,144
2020-06-05,Santa Cruz,087,273765,256,222,0,222,2
2020-06-05,Shasta,089,179085,72,40,0,40,4
2020-06-05,Sierra,091,2930,1,1,0,1,0
2020-06-05,Siskiyou,093,43540,16,8,0,8,0
2020-06-05,Solano,095,438530,740,558,4,562,19
2020-06-05,Sonoma,097,501317,719,618,2,620,4
2020-06-05,Stanislaus,099,539301,1178,842,5,847,27
2020-06-05,Sutter,101,95872,73,49,0,49,2
2020-06-05,Tehama,103,63373,15,7,2,9,1
2020-06-05,Trinity,105,12862,8,1,2,3,0
2020-06-05,Tulare,107,460477,3090,2180,10,2190,90
2020-06-05,Tuolumne,109,53932,9,4,0,4,0
2020-06-05,Ventura,111,848112,1925,1274,12,1286,30
2020-06-05,Yolo,113,214977,263,216,0,216,24
2020-06-05,Yuba,115,75493,32,27,0,27,1
2020-06-04,Alameda,001,1643700,4181,3643,8,3651,99
2020-06-04,Alpine,003,1148,1,1,0,1,0
2020-06-04,Amador,005,37829,10,10,0,10,0
2020-06-04,Butte,007,227075,87,57,4,61,1
2020-06-04,Calaveras,009,45235,22,15,0,15,0
2020-06-04,Colusa,011,21464,9,7,0,7,0
2020-06-04,Contra Costa,013,1133247,1867,1551,1,1552,37
2020-06-04,Del Norte,015,27424,45,45,0,45,0
2020-06-04,El Dorado,017,186661,129,101,1,102,0
2020-06-04,Fresno,019,978130,3845,2007,54,2061,35
2020-06-04,Glenn,021,27897,22,16,0,16,0
2020-06-04,Humboldt,023,135768,115,109,0,109,2
2020-06-04,Imperial,025,180216,4662,2631,4,2635,19
2020-06-04,Inyo,027,18085,22,20,0,20,1
2020-06-04,Kern,029,883053,3336,2530,9,2539,46
2020-06-04,Kings,031,150075,1661,842,4,846,6
2020-06-04,Lake,033,64148,34,27,0,27,0
2020-06-04,Lassen,035,31185,11,4,2,6,0
2020-06-04,Los Angeles,037,10098052,68292,59596,21,59617,2515
2020-06-04,Madera,039,155013,330,127,1,128,3
2020-06-04,Marin,041,260295,630,533,2,535,14
2020-06-04,Mariposa,043,17540,16,16,0,16,1
2020-06-04,Mendocino,045,87422,33,29,0,29,0
2020-06-04,Merced,047,269075,473,304,1,305,7
2020-06-04,Modoc,049,8938,1,0,0,0,0
2020-06-04,Mono,051,14174,39,35,0,35,1
2020-06-04,Monterey,053,433212,877,621,2,623,10
2020-06-04,Napa,055,140530,164,117,0,117,3
2020-06-04,Nevada,057,99092,53,49,1,50,1
2020-06-04,Orange,059,3164182,10096,7192,75,7267,148
2020-06-04,Placer,061,380077,362,256,2,258,9
2020-06-04,Plumas,063,18699,4,4,0,4,0
2020-06-04,Riverside,065,2383286,11136,8473,24,8497,341
2020-06-04,Sacramento,067,1510023,1661,1492,2,1494,58
2020-06-04,San Benito,069,59416,114,88,0,88,2
2020-06-04,San Bernardino,071,2135413,7355,5726,5,5731,207
2020-06-04,San Diego,073,3302833,9308,7942,0,7942,288
2020-06-04,San Francisco,075,870044,2857,2636,0,2636,43
2020-06-04,San Joaquin,077,732212,1451,1016,4,1020,36
2020-06-04,San Luis Obispo,079,281455,387,288,4,292,1
2020-06-04,San Mateo,081,765935,2550,2284,4,2288,72
2020-06-04,Santa Barbara,083,443738,1960,1750,16,1766,13
2020-06-04,Santa Clara,085,1922200,3662,2871,14,2885,144
2020-06-04,Santa Cruz,087,273765,250,218,0,218,2
2020-06-04,Shasta,089,179085,66,40,0,40,4
2020-06-04,Sierra,091,2930,1,1,0,1,0
2020-06-04,Siskiyou,093,43540,15,8,0,8,0
2020-06-04,Solano,095,438530,723,551,4,555,19
2020-06-04,Sonoma,097,501317,700,591,1,592,4
2020-06-04,Stanislaus,099,539301,1102,806,5,811,28
2020-06-04,Sutter,101,95872,68,46,0,46,2
2020-06-04,Tehama,103,63373,14,6,1,7,1
2020-06-04,Trinity,105,12862,8,1,2,3,0
2020-06-04,Tulare,107,460477,2973,2086,10,2096,90
2020-06-04,Tuolumne,109,53932,8,4,0,4,0
2020-06-04,Ventura,111,848112,1881,1236,11,1247,30
2020-06-04,Yolo,113,214977,258,216,0,216,24
2020-06-04,Yuba,115,75493,31,27,0,27,1
2020-06-03,Alameda,001,1643700,4122,3589,7,3596,99
2020-06-03,Alpine,003,1148,1,1,0,1,0
2020-06-03,Amador,005,37829,10,10,0,10,0
2020-06-03,Butte,007,227075,85,53,4,57,1
2020-06-03,Calaveras,009,45235,21,15,0,15,0
2020-06-03,Colusa,011,21464,9,7,0,7,0
2020-06-03,Contra Costa,013,1133247,1819,1511,1,1512,37
2020-06-03,Del Norte,015,27424,45,39,0,39,0
2020-06-03,El Dorado,017,186661,126,90,1,91,0
2020-06-03,Fresno,019,978130,3746,1943,54,1997,35
2020-06-03,Glenn,021,27897,22,16,0,16,0
2020-06-03,Humboldt,023,135768,115,103,0,103,2
2020-06-03,Imperial,025,180216,4489,2540,4,2544,19
2020-06-03,Inyo,027,18085,22,20,0,20,1
2020-06-03,Kern,029,883053,3240,2452,8,2460,44
2020-06-03,Kings,031,150075,1596,744,4,748,6
2020-06-03,Lake,033,64148,32,26,0,26,0
2020-06-03,Lassen,035,31185,11,4,2,6,0
2020-06-03,Los Angeles,037,10098052,66680,58166,21,58187,2472
2020-06-03,Madera,039,155013,322,117,1,118,3
2020-06-03,Marin,041,260295,612,527,2,529,14
2020-06-03,Mariposa,043,17540,16,16,0,16,1
2020-06-03,Mendocino,045,87422,32,29,0,29,0
2020-06-03,Merced,047,269075,459,299,1,300,7
2020-06-03,Modoc,049,8938,1,0,0,0,0
2020-06-03,Mono,051,14174,39,35,0,35,1
2020-06-03,Monterey,053,433212,849,592,2,594,10
2020-06-03,Napa,055,140530,163,116,0,116,3
2020-06-03,Nevada,057,99092,52,43,1,44,1
2020-06-03,Orange,059,3164182,9870,6939,73,7012,145
2020-06-03,Placer,061,380077,342,243,2,245,9
2020-06-03,Plumas,063,18699,4,4,0,4,0
2020-06-03,Riverside,065,2383286,10862,8208,24,8232,335
2020-06-03,Sacramento,067,1510023,1632,1457,2,1459,58
2020-06-03,San Benito,069,59416,108,88,0,88,2
2020-06-03,San Bernardino,071,2135413,7132,5565,5,5570,203
2020-06-03,San Diego,073,3302833,9160,7800,0,7800,283
2020-06-03,San Francisco,075,870044,2826,2608,0,2608,43
2020-06-03,San Joaquin,077,732212,1387,1004,4,1008,35
2020-06-03,San Luis Obispo,079,281455,382,279,4,283,1
2020-06-03,San Mateo,081,765935,2522,2243,4,2247,71
2020-06-03,Santa Barbara,083,443738,1926,1722,15,1737,12
2020-06-03,Santa Clara,085,1922200,3620,2836,14,2850,144
2020-06-03,Santa Cruz,087,273765,244,217,0,217,2
2020-06-03,Shasta,089,179085,63,40,0,40,4
2020-06-03,Sierra,091,2930,1,1,0,1,0
2020-06-03,Siskiyou,093,43540,14,8,0,8,0
2020-06-03,Solano,095,438530,698,543,2,545,18
2020-06-03,Sonoma,097,501317,688,578,1,579,4
2020-06-03,Stanislaus,099,539301,1062,780,5,785,27
2020-06-03,Sutter,101,95872,60,45,0,45,2
2020-06-03,Tehama,103,63373,14,6,1,7,1
2020-06-03,Trinity,105,12862,8,1,2,3,0
2020-06-03,Tulare,107,460477,2904,2041,10,2051,88
2020-06-03,Tuolumne,109,53932,6,4,0,4,0
2020-06-03,Ventura,111,848112,1814,1202,11,1213,30
2020-06-03,Yolo,113,214977,254,213,0,213,24
2020-06-03,Yuba,115,75493,31,27,0,27,1
2020-06-02,Alameda,001,1643700,4046,3517,7,3524,99
2020-06-02,Alpine,003,1148,1,1,0,1,0
2020-06-02,Amador,005,37829,10,10,0,10,0
2020-06-02,Butte,007,227075,81,51,3,54,1
2020-06-02,Calaveras,009,45235,21,15,0,15,0
2020-06-02,Colusa,011,21464,9,7,0,7,0
2020-06-02,Contra Costa,013,1133247,1787,1505,1,1506,37
2020-06-02,Del Norte,015,27424,45,39,0,39,0
2020-06-02,El Dorado,017,186661,125,88,1,89,0
2020-06-02,Fresno,019,978130,3633,1917,54,1971,34
2020-06-02,Glenn,021,27897,21,16,0,16,0
2020-06-02,Humboldt,023,135768,115,101,0,101,2
2020-06-02,Imperial,025,180216,4296,2459,4,2463,19
2020-06-02,Inyo,027,18085,20,20,0,20,1
2020-06-02,Kern,029,883053,3141,2406,6,2412,41
2020-06-02,Kings,031,150075,1568,720,4,724,5
2020-06-02,Lake,033,64148,32,25,0,25,0
2020-06-02,Lassen,035,31185,10,4,2,6,0
2020-06-02,Los Angeles,037,10098052,65274,57144,21,57165,2430
2020-06-02,Madera,039,155013,301,110,1,111,2
2020-06-02,Marin,041,260295,585,509,2,511,14
2020-06-02,Mariposa,043,17540,16,16,0,16,1
2020-06-02,Mendocino,045,87422,32,29,0,29,0
2020-06-02,Merced,047,269075,443,297,1,298,6
2020-06-02,Modoc,049,8938,1,0,0,0,0
2020-06-02,Mono,051,14174,39,35,0,35,1
2020-06-02,Monterey,053,433212,819,582,2,584,10
2020-06-02,Napa,055,140530,154,116,0,116,3
2020-06-02,Nevada,057,99092,51,41,1,42,1
2020-06-02,Orange,059,3164182,9669,6790,72,6862,142
2020-06-02,Placer,061,380077,328,226,2,228,9
2020-06-02,Plumas,063,18699,4,4,0,4,0
2020-06-02,Riverside,065,2383286,10566,8091,22,8113,330
2020-06-02,Sacramento,067,1510023,1603,1428,2,1430,58
2020-06-02,San Benito,069,59416,107,86,0,86,2
2020-06-02,San Bernardino,071,2135413,6925,5438,5,5443,202
2020-06-02,San Diego,073,3302833,9014,7676,0,7676,276
2020-06-02,San Francisco,075,870044,2791,2554,0,2554,43
2020-06-02,San Joaquin,077,732212,1321,985,4,989,35
2020-06-02,San Luis Obispo,079,281455,377,275,4,279,1
2020-06-02,San Mateo,081,765935,2487,2203,4,2207,71
2020-06-02,Santa Barbara,083,443738,1886,1703,15,1718,12
2020-06-02,Santa Clara,085,1922200,3570,2819,14,2833,144
2020-06-02,Santa Cruz,087,273765,239,215,0,215,2
2020-06-02,Shasta,089,179085,62,38,0,38,4
2020-06-02,Sierra,091,2930,1,1,0,1,0
2020-06-02,Siskiyou,093,43540,13,8,0,8,0
2020-06-02,Solano,095,438530,683,537,1,538,18
2020-06-02,Sonoma,097,501317,677,571,1,572,4
2020-06-02,Stanislaus,099,539301,1003,772,5,777,27
2020-06-02,Sutter,101,95872,57,43,0,43,2
2020-06-02,Tehama,103,63373,14,6,1,7,1
2020-06-02,Trinity,105,12862,8,1,2,3,0
2020-06-02,Tulare,107,460477,2824,2012,10,2022,86
2020-06-02,Tuolumne,109,53932,6,4,0,4,0
2020-06-02,Ventura,111,848112,1761,1178,11,1189,30
2020-06-02,Yolo,113,214977,252,213,0,213,24
2020-06-02,Yuba,115,75493,31,27,0,27,1
2020-06-01,Alameda,001,1643700,3980,3460,7,3467,98
2020-06-01,Alpine,003,1148,1,1,0,1,0
2020-06-01,Amador,005,37829,10,10,0,10,0
2020-06-01,Butte,007,227075,80,50,2,52,1
2020-06-01,Calaveras,009,45235,21,15,0,15,0
2020-06-01,Colusa,011,21464,9,7,0,7,0
2020-06-01,Contra Costa,013,1133247,1751,1486,1,1487,37
2020-06-01,Del Norte,015,27424,45,38,0,38,0
2020-06-01,El Dorado,017,186661,123,88,1,89,0
2020-06-01,Fresno,019,978130,3538,1854,52,1906,33
2020-06-01,Glenn,021,27897,21,16,0,16,0
2020-06-01,Humboldt,023,135768,115,98,0,98,2
2020-06-01,Imperial,025,180216,4074,2366,4,2370,14
2020-06-01,Inyo,027,18085,20,20,0,20,1
2020-06-01,Kern,029,883053,3058,2366,6,2372,38
2020-06-01,Kings,031,150075,1300,703,4,707,4
2020-06-01,Lake,033,64148,32,22,0,22,0
2020-06-01,Lassen,035,31185,10,4,2,6,0
2020-06-01,Los Angeles,037,10098052,63805,55899,21,55920,2367
2020-06-01,Madera,039,155013,289,103,1,104,2
2020-06-01,Marin,041,260295,544,495,2,497,14
2020-06-01,Mariposa,043,17540,16,16,0,16,1
2020-06-01,Mendocino,045,87422,32,28,0,28,0
2020-06-01,Merced,047,269075,424,289,1,290,6
2020-06-01,Modoc,049,8938,1,0,0,0,0
2020-06-01,Mono,051,14174,39,35,0,35,1
2020-06-01,Monterey,053,433212,795,554,2,556,10
2020-06-01,Napa,055,140530,151,114,0,114,3
2020-06-01,Nevada,057,99092,51,41,1,42,1
2020-06-01,Orange,059,3164182,9472,6640,71,6711,135
2020-06-01,Placer,061,380077,316,218,2,220,9
2020-06-01,Plumas,063,18699,4,4,0,4,0
2020-06-01,Riverside,065,2383286,10114,7921,21,7942,322
2020-06-01,Sacramento,067,1510023,1564,1415,2,1417,58
2020-06-01,San Benito,069,59416,104,86,0,86,2
2020-06-01,San Bernardino,071,2135413,6719,5310,5,5315,202
2020-06-01,San Diego,073,3302833,8834,7556,0,7556,269
2020-06-01,San Francisco,075,870044,2754,2546,0,2546,43
2020-06-01,San Joaquin,077,732212,1256,957,4,961,35
2020-06-01,San Luis Obispo,079,281455,373,275,4,279,1
2020-06-01,San Mateo,081,765935,2457,2190,4,2194,71
2020-06-01,Santa Barbara,083,443738,1852,1671,14,1685,10
2020-06-01,Santa Clara,085,1922200,3532,2797,13,2810,142
2020-06-01,Santa Cruz,087,273765,235,215,0,215,2
2020-06-01,Shasta,089,179085,62,38,0,38,4
2020-06-01,Sierra,091,2930,1,1,0,1,0
2020-06-01,Siskiyou,093,43540,13,7,0,7,0
2020-06-01,Solano,095,438530,659,529,1,530,17
2020-06-01,Sonoma,097,501317,661,565,1,566,4
2020-06-01,Stanislaus,099,539301,966,758,5,763,27
2020-06-01,Sutter,101,95872,52,43,0,43,2
2020-06-01,Tehama,103,63373,11,5,1,6,1
2020-06-01,Trinity,105,12862,7,1,2,3,0
2020-06-01,Tulare,107,460477,2709,1976,10,1986,84
2020-06-01,Tuolumne,109,53932,5,4,0,4,0
2020-06-01,Ventura,111,848112,1708,1163,11,1174,29
2020-06-01,Yolo,113,214977,249,212,0,212,24
2020-06-01,Yuba,115,75493,30,26,0,26,1
2020-05-31,Alameda,001,1643700,3875,3362,7,3369,98
2020-05-31,Alpine,003,1148,1,1,0,1,0
2020-05-31,Amador,005,37829,10,10,0,10,0
2020-05-31,Butte,007,227075,78,51,2,53,0
2020-05-31,Calaveras,009,45235,18,15,0,15,0
2020-05-31,Colusa,011,21464,9,5,0,5,0
2020-05-31,Contra Costa,013,1133247,1717,1458,1,1459,37
2020-05-31,Del Norte,015,27424,45,37,0,37,0
2020-05-31,El Dorado,017,186661,119,88,1,89,0
2020-05-31,Fresno,019,978130,3373,1780,46,1826,31
2020-05-31,Glenn,021,27897,20,16,0,16,0
2020-05-31,Humboldt,023,135768,113,98,0,98,2
2020-05-31,Imperial,025,180216,3807,2197,4,2201,14
2020-05-31,Inyo,027,18085,20,20,0,20,1
2020-05-31,Kern,029,883053,2923,2300,6,2306,38
2020-05-31,Kings,031,150075,1263,703,4,707,3
2020-05-31,Lake,033,64148,32,19,0,19,0
2020-05-31,Lassen,035,31185,10,4,2,6,0
2020-05-31,Los Angeles,037,10098052,62513,54925,21,54946,2344
2020-05-31,Madera,039,155013,271,101,1,102,2
2020-05-31,Marin,041,260295,534,486,2,488,14
2020-05-31,Mariposa,043,17540,16,16,0,16,1
2020-05-31,Mendocino,045,87422,32,24,0,24,0
2020-05-31,Merced,047,269075,397,288,0,288,6
2020-05-31,Modoc,049,8938,0,0,0,0,0
2020-05-31,Mono,051,14174,39,34,0,34,1
2020-05-31,Monterey,053,433212,721,545,2,547,10
2020-05-31,Napa,055,140530,149,114,0,114,3
2020-05-31,Nevada,057,99092,50,41,1,42,1
2020-05-31,Orange,059,3164182,9262,6532,70,6602,135
2020-05-31,Placer,061,380077,294,215,2,217,9
2020-05-31,Plumas,063,18699,4,4,0,4,0
2020-05-31,Riverside,065,2383286,9858,7704,21,7725,321
2020-05-31,Sacramento,067,1510023,1533,1398,2,1400,57
2020-05-31,San Benito,069,59416,98,85,0,85,2
2020-05-31,San Bernardino,071,2135413,6451,5185,5,5190,198
2020-05-31,San Diego,073,3302833,8640,7483,0,7483,269
2020-05-31,San Francisco,075,870044,2718,2501,0,2501,43
2020-05-31,San Joaquin,077,732212,1191,888,4,892,34
2020-05-31,San Luis Obispo,079,281455,363,271,4,275,1
2020-05-31,San Mateo,081,765935,2411,2169,4,2173,71
2020-05-31,Santa Barbara,083,443738,1801,1662,13,1675,9
2020-05-31,Santa Clara,085,1922200,3488,2785,13,2798,142
2020-05-31,Santa Cruz,087,273765,232,210,0,210,2
2020-05-31,Shasta,089,179085,60,38,0,38,4
2020-05-31,Sierra,091,2930,1,1,0,1,0
2020-05-31,Siskiyou,093,43540,12,7,0,7,0
2020-05-31,Solano,095,438530,633,512,1,513,6
2020-05-31,Sonoma,097,501317,641,555,1,556,4
2020-05-31,Stanislaus,099,539301,912,738,5,743,27
2020-05-31,Sutter,101,95872,50,42,0,42,2
2020-05-31,Tehama,103,63373,10,4,1,5,1
2020-05-31,Trinity,105,12862,7,1,2,3,0
2020-05-31,Tulare,107,460477,2636,1884,10,1894,82
2020-05-31,Tuolumne,109,53932,5,4,0,4,0
2020-05-31,Ventura,111,848112,1647,1151,11,1162,30
2020-05-31,Yolo,113,214977,243,211,0,211,24
2020-05-31,Yuba,115,75493,30,26,0,26,1
2020-05-30,Alameda,001,1643700,3849,3304,7,3311,96
2020-05-30,Alpine,003,1148,1,1,0,1,0
2020-05-30,Amador,005,37829,10,10,0,10,0
2020-05-30,Butte,007,227075,77,44,2,46,0
2020-05-30,Calaveras,009,45235,17,15,0,15,0
2020-05-30,Colusa,011,21464,8,5,0,5,0
2020-05-30,Contra Costa,013,1133247,1701,1429,1,1430,37
2020-05-30,Del Norte,015,27424,45,37,0,37,0
2020-05-30,El Dorado,017,186661,118,86,1,87,0
2020-05-30,Fresno,019,978130,3312,1744,45,1789,31
2020-05-30,Glenn,021,27897,19,16,0,16,0
2020-05-30,Humboldt,023,135768,112,98,0,98,2
2020-05-30,Imperial,025,180216,3717,2091,4,2095,14
2020-05-30,Inyo,027,18085,20,20,0,20,1
2020-05-30,Kern,029,883053,2854,2217,6,2223,38
2020-05-30,Kings,031,150075,1249,703,4,707,3
2020-05-30,Lake,033,64148,31,18,0,18,0
2020-05-30,Lassen,035,31185,10,4,2,6,0
2020-05-30,Los Angeles,037,10098052,61975,53627,21,53648,2319
2020-05-30,Madera,039,155013,266,101,1,102,2
2020-05-30,Marin,041,260295,534,462,2,464,14
2020-05-30,Mariposa,043,17540,16,16,0,16,1
2020-05-30,Mendocino,045,87422,32,24,0,24,0
2020-05-30,Merced,047,269075,396,285,0,285,6
2020-05-30,Modoc,049,8938,0,0,0,0,0
2020-05-30,Mono,051,14174,39,34,0,34,1
2020-05-30,Monterey,053,433212,705,520,2,522,10
2020-05-30,Napa,055,140530,147,113,0,113,3
2020-05-30,Nevada,057,99092,50,41,1,42,1
2020-05-30,Orange,059,3164182,9105,6354,70,6424,134
2020-05-30,Placer,061,380077,286,199,1,200,9
2020-05-30,Plumas,063,18699,4,4,0,4,0
2020-05-30,Riverside,065,2383286,9714,7492,21,7513,316
2020-05-30,Sacramento,067,1510023,1522,1384,2,1386,57
2020-05-30,San Benito,069,59416,97,85,0,85,2
2020-05-30,San Bernardino,071,2135413,6342,5122,5,5127,198
2020-05-30,San Diego,073,3302833,8547,7387,0,7387,269
2020-05-30,San Francisco,075,870044,2693,2496,0,2496,41
2020-05-30,San Joaquin,077,732212,1153,888,4,892,34
2020-05-30,San Luis Obispo,079,281455,358,270,4,274,1
2020-05-30,San Mateo,081,765935,2387,2129,4,2133,71
2020-05-30,Santa Barbara,083,443738,1782,1660,13,1673,9
2020-05-30,Santa Clara,085,1922200,3472,2741,13,2754,141
2020-05-30,Santa Cruz,087,273765,232,206,0,206,2
2020-05-30,Shasta,089,179085,60,36,0,36,4
2020-05-30,Sierra,091,2930,1,1,0,1,0
2020-05-30,Siskiyou,093,43540,11,7,0,7,0
2020-05-30,Solano,095,438530,626,512,1,513,6
2020-05-30,Sonoma,097,501317,631,551,1,552,4
2020-05-30,Stanislaus,099,539301,895,712,5,717,27
2020-05-30,Sutter,101,95872,49,40,0,40,2
2020-05-30,Tehama,103,63373,10,4,1,5,1
2020-05-30,Trinity,105,12862,7,1,2,3,0
2020-05-30,Tulare,107,460477,2599,1879,10,1889,81
2020-05-30,Tuolumne,109,53932,5,4,0,4,0
2020-05-30,Ventura,111,848112,1630,1116,11,1127,30
2020-05-30,Yolo,113,214977,239,210,0,210,24
2020-05-30,Yuba,115,75493,30,25,0,25,1
2020-05-29,Alameda,001,1643700,3814,3209,7,3216,96
2020-05-29,Alpine,003,1148,1,1,0,1,0
2020-05-29,Amador,005,37829,10,10,0,10,0
2020-05-29,Butte,007,227075,72,41,2,43,0
2020-05-29,Calaveras,009,45235,17,15,0,15,0
2020-05-29,Colusa,011,21464,8,5,0,5,0
2020-05-29,Contra Costa,013,1133247,1685,1411,1,1412,37
2020-05-29,Del Norte,015,27424,45,37,0,37,0
2020-05-29,El Dorado,017,186661,117,85,1,86,0
2020-05-29,Fresno,019,978130,3262,1687,45,1732,31
2020-05-29,Glenn,021,27897,19,14,0,14,0
2020-05-29,Humboldt,023,135768,111,98,0,98,2
2020-05-29,Imperial,025,180216,3599,1607,4,1611,14
2020-05-29,Inyo,027,18085,20,20,0,20,1
2020-05-29,Kern,029,883053,2796,2128,6,2134,36
2020-05-29,Kings,031,150075,1238,693,4,697,3
2020-05-29,Lake,033,64148,30,17,0,17,0
2020-05-29,Lassen,035,31185,10,0,2,2,0
2020-05-29,Los Angeles,037,10098052,61019,51578,21,51599,2273
2020-05-29,Madera,039,155013,251,98,1,99,2
2020-05-29,Marin,041,260295,526,448,2,450,14
2020-05-29,Mariposa,043,17540,16,16,0,16,1
2020-05-29,Mendocino,045,87422,30,25,0,25,0
2020-05-29,Merced,047,269075,391,285,0,285,7
2020-05-29,Modoc,049,8938,0,0,0,0,0
2020-05-29,Mono,051,14174,38,34,0,34,1
2020-05-29,Monterey,053,433212,675,479,2,481,10
2020-05-29,Napa,055,140530,144,113,0,113,3
2020-05-29,Nevada,057,99092,50,41,1,42,1
2020-05-29,Orange,059,3164182,8919,6176,67,6243,133
2020-05-29,Placer,061,380077,264,199,1,200,9
2020-05-29,Plumas,063,18699,4,4,0,4,0
2020-05-29,Riverside,065,2383286,9528,7376,21,7397,313
2020-05-29,Sacramento,067,1510023,1499,1360,2,1362,57
2020-05-29,San Benito,069,59416,97,84,0,84,2
2020-05-29,San Bernardino,071,2135413,6234,4983,5,4988,196
2020-05-29,San Diego,073,3302833,8424,7242,0,7242,266
2020-05-29,San Francisco,075,870044,2669,2453,0,2453,41
2020-05-29,San Joaquin,077,732212,1116,855,4,859,34
2020-05-29,San Luis Obispo,079,281455,354,270,4,274,1
2020-05-29,San Mateo,081,765935,2371,2103,4,2107,71
2020-05-29,Santa Barbara,083,443738,1755,1656,13,1669,9
2020-05-29,Santa Clara,085,1922200,3444,2707,13,2720,141
2020-05-29,Santa Cruz,087,273765,229,203,0,203,2
2020-05-29,Shasta,089,179085,60,36,0,36,4
2020-05-29,Sierra,091,2930,1,1,0,1,0
2020-05-29,Siskiyou,093,43540,11,7,0,7,0
2020-05-29,Solano,095,438530,618,498,1,499,6
2020-05-29,Sonoma,097,501317,620,537,1,538,4
2020-05-29,Stanislaus,099,539301,865,698,5,703,27
2020-05-29,Sutter,101,95872,47,40,0,40,2
2020-05-29,Tehama,103,63373,9,4,1,5,1
2020-05-29,Trinity,105,12862,7,1,2,3,0
2020-05-29,Tulare,107,460477,2561,1852,10,1862,80
2020-05-29,Tuolumne,109,53932,5,4,0,4,0
2020-05-29,Ventura,111,848112,1606,1093,11,1104,29
2020-05-29,Yolo,113,214977,235,211,0,211,24
2020-05-29,Yuba,115,75493,29,25,0,25,1
2020-05-28,Alameda,001,1643700,3714,3083,7,3090,94
2020-05-28,Alpine,003,1148,1,1,0,1,0
2020-05-28,Amador,005,37829,10,10,0,10,0
2020-05-28,Butte,007,227075,71,40,2,42,0
2020-05-28,Calaveras,009,45235,16,15,0,15,0
2020-05-28,Colusa,011,21464,8,5,0,5,0
2020-05-28,Contra Costa,013,1133247,1646,1392,1,1393,37
2020-05-28,Del Norte,015,27424,45,37,0,37,0
2020-05-28,El Dorado,017,186661,114,82,1,83,0
2020-05-28,Fresno,019,978130,3181,1653,44,1697,31
2020-05-28,Glenn,021,27897,18,14,0,14,0
2020-05-28,Humboldt,023,135768,110,97,0,97,2
2020-05-28,Imperial,025,180216,3404,1430,4,1434,14
2020-05-28,Inyo,027,18085,20,20,0,20,1
2020-05-28,Kern,029,883053,2718,2069,6,2075,36
2020-05-28,Kings,031,150075,901,626,4,630,3
2020-05-28,Lake,033,64148,29,17,0,17,0
2020-05-28,Lassen,035,31185,10,0,2,2,0
2020-05-28,Los Angeles,037,10098052,59437,49861,21,49882,2222
2020-05-28,Madera,039,155013,233,93,1,94,2
2020-05-28,Marin,041,260295,501,443,2,445,14
2020-05-28,Mariposa,043,17540,16,16,0,16,1
2020-05-28,Mendocino,045,87422,28,24,0,24,0
2020-05-28,Merced,047,269075,382,283,0,283,7
2020-05-28,Modoc,049,8938,0,0,0,0,0
2020-05-28,Mono,051,14174,38,34,0,34,1
2020-05-28,Monterey,053,433212,643,471,2,473,10
2020-05-28,Napa,055,140530,141,113,0,113,3
2020-05-28,Nevada,057,99092,45,41,1,42,1
2020-05-28,Orange,059,3164182,8723,6045,67,6112,130
2020-05-28,Placer,061,380077,257,196,1,197,9
2020-05-28,Plumas,063,18699,4,4,0,4,0
2020-05-28,Riverside,065,2383286,9124,7240,20,7260,304
2020-05-28,Sacramento,067,1510023,1479,1339,2,1341,57
2020-05-28,San Benito,069,59416,96,82,0,82,2
2020-05-28,San Bernardino,071,2135413,6069,4831,5,4836,191
2020-05-28,San Diego,073,3302833,8267,7102,0,7102,260
2020-05-28,San Francisco,075,870044,2635,2417,0,2417,40
2020-05-28,San Joaquin,077,732212,1081,840,4,844,34
2020-05-28,San Luis Obispo,079,281455,351,267,4,271,1
2020-05-28,San Mateo,081,765935,2344,2070,4,2074,71
2020-05-28,Santa Barbara,083,443738,1727,1642,12,1654,9
2020-05-28,Santa Clara,085,1922200,3404,2698,13,2711,140
2020-05-28,Santa Cruz,087,273765,228,201,0,201,2
2020-05-28,Shasta,089,179085,58,36,0,36,4
2020-05-28,Sierra,091,2930,1,1,0,1,0
2020-05-28,Siskiyou,093,43540,9,6,0,6,0
2020-05-28,Solano,095,438530,601,489,1,490,6
2020-05-28,Sonoma,097,501317,598,529,1,530,4
2020-05-28,Stanislaus,099,539301,824,684,5,689,27
2020-05-28,Sutter,101,95872,47,40,0,40,2
2020-05-28,Tehama,103,63373,9,4,1,5,1
2020-05-28,Trinity,105,12862,6,1,2,3,0
2020-05-28,Tulare,107,460477,2525,1832,10,1842,79
2020-05-28,Tuolumne,109,53932,5,4,0,4,0
2020-05-28,Ventura,111,848112,1573,1083,11,1094,29
2020-05-28,Yolo,113,214977,232,206,0,206,22
2020-05-28,Yuba,115,75493,28,24,0,24,1
2020-05-27,Alameda,001,1643700,3631,3037,7,3044,94
2020-05-27,Alpine,003,1148,1,1,0,1,0
2020-05-27,Amador,005,37829,10,10,0,10,0
2020-05-27,Butte,007,227075,68,40,1,41,0
2020-05-27,Calaveras,009,45235,15,15,0,15,0
2020-05-27,Colusa,011,21464,8,5,0,5,0
2020-05-27,Contra Costa,013,1133247,1606,1373,1,1374,37
2020-05-27,Del Norte,015,27424,45,34,0,34,0
2020-05-27,El Dorado,017,186661,113,82,1,83,0
2020-05-27,Fresno,019,978130,3093,1620,44,1664,27
2020-05-27,Glenn,021,27897,18,14,0,14,0
2020-05-27,Humboldt,023,135768,110,86,0,86,2
2020-05-27,Imperial,025,180216,3224,1369,4,1373,14
2020-05-27,Inyo,027,18085,20,20,0,20,1
2020-05-27,Kern,029,883053,2653,1999,6,2005,37
2020-05-27,Kings,031,150075,874,586,4,590,3
2020-05-27,Lake,033,64148,29,13,0,13,0
2020-05-27,Lassen,035,31185,10,0,2,2,0
2020-05-27,Los Angeles,037,10098052,58062,48711,21,48732,2177
2020-05-27,Madera,039,155013,224,91,1,92,2
2020-05-27,Marin,041,260295,472,439,2,441,14
2020-05-27,Mariposa,043,17540,16,16,0,16,1
2020-05-27,Mendocino,045,87422,27,21,0,21,0
2020-05-27,Merced,047,269075,378,278,0,278,7
2020-05-27,Modoc,049,8938,0,0,0,0,0
2020-05-27,Mono,051,14174,38,34,0,34,1
2020-05-27,Monterey,053,433212,603,443,2,445,8
2020-05-27,Napa,055,140530,136,112,0,112,3
2020-05-27,Nevada,057,99092,44,41,1,42,1
2020-05-27,Orange,059,3164182,8568,5849,67,5916,121
2020-05-27,Placer,061,380077,238,196,0,196,9
2020-05-27,Plumas,063,18699,4,4,0,4,0
2020-05-27,Riverside,065,2383286,8745,7156,20,7176,299
2020-05-27,Sacramento,067,1510023,1451,1318,2,1320,50
2020-05-27,San Benito,069,59416,93,74,0,74,2
2020-05-27,San Bernardino,071,2135413,5885,4708,5,4713,183
2020-05-27,San Diego,073,3302833,8116,6985,0,6985,255
2020-05-27,San Francisco,075,870044,2606,2394,0,2394,40
2020-05-27,San Joaquin,077,732212,1039,825,4,829,34
2020-05-27,San Luis Obispo,079,281455,346,266,4,270,1
2020-05-27,San Mateo,081,765935,2304,2045,4,2049,71
2020-05-27,Santa Barbara,083,443738,1712,1629,12,1641,9
2020-05-27,Santa Clara,085,1922200,3371,2680,13,2693,140
2020-05-27,Santa Cruz,087,273765,224,202,0,202,2
2020-05-27,Shasta,089,179085,55,36,0,36,4
2020-05-27,Sierra,091,2930,1,1,0,1,0
2020-05-27,Siskiyou,093,43540,9,6,0,6,0
2020-05-27,Solano,095,438530,581,477,1,478,5
2020-05-27,Sonoma,097,501317,584,521,1,522,4
2020-05-27,Stanislaus,099,539301,799,675,5,680,27
2020-05-27,Sutter,101,95872,46,40,0,40,2
2020-05-27,Tehama,103,63373,9,3,1,4,1
2020-05-27,Trinity,105,12862,6,1,2,3,0
2020-05-27,Tulare,107,460477,2473,1817,10,1827,77
2020-05-27,Tuolumne,109,53932,5,4,0,4,0
2020-05-27,Ventura,111,848112,1548,1065,11,1076,28
2020-05-27,Yolo,113,214977,231,204,0,204,22
2020-05-27,Yuba,115,75493,28,24,0,24,1
2020-05-26,Alameda,001,1643700,3536,2956,7,2963,92
2020-05-26,Alpine,003,1148,1,1,0,1,0
2020-05-26,Amador,005,37829,10,10,0,10,0
2020-05-26,Butte,007,227075,66,37,1,38,0
2020-05-26,Calaveras,009,45235,15,13,0,13,0
2020-05-26,Colusa,011,21464,8,4,0,4,0
2020-05-26,Contra Costa,013,1133247,1571,1352,1,1353,37
2020-05-26,Del Norte,015,27424,44,30,0,30,0
2020-05-26,El Dorado,017,186661,109,79,1,80,0
2020-05-26,Fresno,019,978130,3006,1496,44,1540,22
2020-05-26,Glenn,021,27897,16,12,0,12,0
2020-05-26,Humboldt,023,135768,108,81,0,81,2
2020-05-26,Imperial,025,180216,3009,1369,4,1373,14
2020-05-26,Inyo,027,18085,20,20,0,20,1
2020-05-26,Kern,029,883053,2575,1890,6,1896,31
2020-05-26,Kings,031,150075,806,449,3,452,2
2020-05-26,Lake,033,64148,27,12,0,12,0
2020-05-26,Lassen,035,31185,9,0,2,2,0
2020-05-26,Los Angeles,037,10098052,56595,47760,21,47781,2121
2020-05-26,Madera,039,155013,209,83,1,84,2
2020-05-26,Marin,041,260295,460,424,2,426,14
2020-05-26,Mariposa,043,17540,16,16,0,16,1
2020-05-26,Mendocino,045,87422,25,20,0,20,0
2020-05-26,Merced,047,269075,363,266,0,266,7
2020-05-26,Modoc,049,8938,0,1,0,1,0
2020-05-26,Mono,051,14174,37,34,0,34,1
2020-05-26,Monterey,053,433212,575,424,1,425,8
2020-05-26,Napa,055,140530,131,109,0,109,3
2020-05-26,Nevada,057,99092,43,41,1,42,1
2020-05-26,Orange,059,3164182,8298,5651,66,5717,115
2020-05-26,Placer,061,380077,233,188,0,188,9
2020-05-26,Plumas,063,18699,4,4,0,4,0
2020-05-26,Riverside,065,2383286,8298,6917,20,6937,284
2020-05-26,Sacramento,067,1510023,1425,1298,2,1300,50
2020-05-26,San Benito,069,59416,88,69,0,69,2
2020-05-26,San Bernardino,071,2135413,5717,4430,5,4435,175
2020-05-26,San Diego,073,3302833,7973,6884,0,6884,249
2020-05-26,San Francisco,075,870044,2573,2363,0,2363,40
2020-05-26,San Joaquin,077,732212,992,760,4,764,33
2020-05-26,San Luis Obispo,079,281455,344,260,4,264,1
2020-05-26,San Mateo,081,765935,2266,1967,3,1970,71
2020-05-26,Santa Barbara,083,443738,1695,1590,11,1601,9
2020-05-26,Santa Clara,085,1922200,3339,2659,13,2672,139
2020-05-26,Santa Cruz,087,273765,222,197,0,197,2
2020-05-26,Shasta,089,179085,55,36,0,36,4
2020-05-26,Sierra,091,2930,1,1,0,1,0
2020-05-26,Siskiyou,093,43540,8,6,0,6,0
2020-05-26,Solano,095,438530,563,470,1,471,5
2020-05-26,Sonoma,097,501317,576,509,0,509,4
2020-05-26,Stanislaus,099,539301,779,663,5,668,27
2020-05-26,Sutter,101,95872,45,39,0,39,2
2020-05-26,Tehama,103,63373,8,2,1,3,1
2020-05-26,Trinity,105,12862,6,1,2,3,0
2020-05-26,Tulare,107,460477,2417,1768,10,1778,76
2020-05-26,Tuolumne,109,53932,5,2,0,2,0
2020-05-26,Ventura,111,848112,1511,1033,8,1041,27
2020-05-26,Yolo,113,214977,225,198,0,198,22
2020-05-26,Yuba,115,75493,27,24,0,24,1
2020-05-25,Alameda,001,1643700,3442,2900,6,2906,92
2020-05-25,Alpine,003,1148,1,1,0,1,0
2020-05-25,Amador,005,37829,10,10,0,10,0
2020-05-25,Butte,007,227075,63,37,1,38,0
2020-05-25,Calaveras,009,45235,15,13,0,13,0
2020-05-25,Colusa,011,21464,7,4,0,4,0
2020-05-25,Contra Costa,013,1133247,1539,1348,1,1349,37
2020-05-25,Del Norte,015,27424,44,20,0,20,0
2020-05-25,El Dorado,017,186661,101,78,1,79,0
2020-05-25,Fresno,019,978130,2902,1496,42,1538,22
2020-05-25,Glenn,021,27897,16,12,0,12,0
2020-05-25,Humboldt,023,135768,107,81,0,81,2
2020-05-25,Imperial,025,180216,2798,1369,4,1373,14
2020-05-25,Inyo,027,18085,19,20,0,20,1
2020-05-25,Kern,029,883053,2504,1890,6,1896,31
2020-05-25,Kings,031,150075,776,447,3,450,2
2020-05-25,Lake,033,64148,25,13,0,13,0
2020-05-25,Lassen,035,31185,9,0,2,2,0
2020-05-25,Los Angeles,037,10098052,54784,45952,20,45972,2094
2020-05-25,Madera,039,155013,196,83,1,84,2
2020-05-25,Marin,041,260295,442,415,2,417,14
2020-05-25,Mariposa,043,17540,16,15,0,15,1
2020-05-25,Mendocino,045,87422,22,19,0,19,0
2020-05-25,Merced,047,269075,356,262,0,262,6
2020-05-25,Modoc,049,8938,0,1,0,1,0
2020-05-25,Mono,051,14174,37,34,0,34,1
2020-05-25,Monterey,053,433212,545,418,1,419,8
2020-05-25,Napa,055,140530,131,107,0,107,3
2020-05-25,Nevada,057,99092,43,41,1,42,1
2020-05-25,Orange,059,3164182,8076,5601,65,5666,115
2020-05-25,Placer,061,380077,229,186,0,186,9
2020-05-25,Plumas,063,18699,4,4,0,4,0
2020-05-25,Riverside,065,2383286,8067,6900,20,6920,284
2020-05-25,Sacramento,067,1510023,1405,1290,1,1291,50
2020-05-25,San Benito,069,59416,87,70,0,70,2
2020-05-25,San Bernardino,071,2135413,5527,4393,4,4397,175
2020-05-25,San Diego,073,3302833,7797,6799,0,6799,249
2020-05-25,San Francisco,075,870044,2536,2358,0,2358,40
2020-05-25,San Joaquin,077,732212,966,760,4,764,33
2020-05-25,San Luis Obispo,079,281455,341,260,4,264,1
2020-05-25,San Mateo,081,765935,2229,1938,3,1941,71
2020-05-25,Santa Barbara,083,443738,1685,1590,11,1601,9
2020-05-25,Santa Clara,085,1922200,3306,2647,13,2660,139
2020-05-25,Santa Cruz,087,273765,220,191,0,191,2
2020-05-25,Shasta,089,179085,54,36,0,36,4
2020-05-25,Sierra,091,2930,1,1,0,1,0
2020-05-25,Siskiyou,093,43540,8,6,0,6,0
2020-05-25,Solano,095,438530,549,437,1,438,5
2020-05-25,Sonoma,097,501317,564,496,0,496,4
2020-05-25,Stanislaus,099,539301,749,651,5,656,27
2020-05-25,Sutter,101,95872,45,38,0,38,2
2020-05-25,Tehama,103,63373,7,2,1,3,1
2020-05-25,Trinity,105,12862,6,1,2,3,0
2020-05-25,Tulare,107,460477,2353,1747,10,1757,76
2020-05-25,Tuolumne,109,53932,5,2,0,2,0
2020-05-25,Ventura,111,848112,1470,1020,8,1028,27
2020-05-25,Yolo,113,214977,223,197,0,197,22
2020-05-25,Yuba,115,75493,26,24,0,24,1
2020-05-24,Alameda,001,1643700,3369,2830,6,2836,92
2020-05-24,Alpine,003,1148,1,1,0,1,0
2020-05-24,Amador,005,37829,10,9,0,9,0
2020-05-24,Butte,007,227075,61,35,1,36,0
2020-05-24,Calaveras,009,45235,15,13,0,13,0
2020-05-24,Colusa,011,21464,7,4,0,4,0
2020-05-24,Contra Costa,013,1133247,1511,1325,1,1326,37
2020-05-24,Del Norte,015,27424,43,16,0,16,0
2020-05-24,El Dorado,017,186661,100,76,1,77,0
2020-05-24,Fresno,019,978130,2835,1455,41,1496,22
2020-05-24,Glenn,021,27897,15,12,0,12,0
2020-05-24,Humboldt,023,135768,107,81,0,81,2
2020-05-24,Imperial,025,180216,2672,1369,4,1373,14
2020-05-24,Inyo,027,18085,19,20,0,20,1
2020-05-24,Kern,029,883053,2431,1861,5,1866,31
2020-05-24,Kings,031,150075,765,446,3,449,2
2020-05-24,Lake,033,64148,24,12,0,12,0
2020-05-24,Lassen,035,31185,8,0,2,2,0
2020-05-24,Los Angeles,037,10098052,53769,44954,20,44974,2085
2020-05-24,Madera,039,155013,190,83,1,84,2
2020-05-24,Marin,041,260295,440,401,2,403,14
2020-05-24,Mariposa,043,17540,16,15,0,15,1
2020-05-24,Mendocino,045,87422,21,19,0,19,0
2020-05-24,Merced,047,269075,355,258,0,258,6
2020-05-24,Modoc,049,8938,0,0,0,0,0
2020-05-24,Mono,051,14174,37,34,0,34,1
2020-05-24,Monterey,053,433212,517,405,1,406,8
2020-05-24,Napa,055,140530,129,104,0,104,3
2020-05-24,Nevada,057,99092,43,41,1,42,1
2020-05-24,Orange,059,3164182,7922,5439,64,5503,113
2020-05-24,Placer,061,380077,221,184,0,184,9
2020-05-24,Plumas,063,18699,4,4,0,4,0
2020-05-24,Riverside,065,2383286,7926,6571,20,6591,284
2020-05-24,Sacramento,067,1510023,1389,1283,1,1284,50
2020-05-24,San Benito,069,59416,86,67,0,67,2
2020-05-24,San Bernardino,071,2135413,5419,4262,4,4266,175
2020-05-24,San Diego,073,3302833,7654,6703,0,6703,249
2020-05-24,San Francisco,075,870044,2512,2318,0,2318,40
2020-05-24,San Joaquin,077,732212,947,760,4,764,33
2020-05-24,San Luis Obispo,079,281455,339,257,4,261,1
2020-05-24,San Mateo,081,765935,2194,1925,3,1928,71
2020-05-24,Santa Barbara,083,443738,1673,1573,11,1584,9
2020-05-24,Santa Clara,085,1922200,3286,2623,13,2636,139
2020-05-24,Santa Cruz,087,273765,217,185,0,185,2
2020-05-24,Shasta,089,179085,53,36,0,36,4
2020-05-24,Sierra,091,2930,1,1,0,1,0
2020-05-24,Siskiyou,093,43540,7,6,0,6,0
2020-05-24,Solano,095,438530,541,436,0,436,5
2020-05-24,Sonoma,097,501317,553,485,0,485,4
2020-05-24,Stanislaus,099,539301,729,634,5,639,27
2020-05-24,Sutter,101,95872,45,38,0,38,2
2020-05-24,Tehama,103,63373,5,2,1,3,1
2020-05-24,Trinity,105,12862,6,1,2,3,0
2020-05-24,Tulare,107,460477,2307,1684,10,1694,74
2020-05-24,Tuolumne,109,53932,5,2,0,2,0
2020-05-24,Ventura,111,848112,1458,982,8,990,27
2020-05-24,Yolo,113,214977,221,192,0,192,22
2020-05-24,Yuba,115,75493,26,24,0,24,1
2020-05-23,Alameda,001,1643700,3328,2783,6,2789,91
2020-05-23,Alpine,003,1148,1,1,0,1,0
2020-05-23,Amador,005,37829,10,9,0,9,0
2020-05-23,Butte,007,227075,60,34,1,35,0
2020-05-23,Calaveras,009,45235,15,13,0,13,0
2020-05-23,Colusa,011,21464,7,4,0,4,0
2020-05-23,Contra Costa,013,1133247,1500,1302,1,1303,36
2020-05-23,Del Norte,015,27424,43,10,0,10,0
2020-05-23,El Dorado,017,186661,100,74,1,75,0
2020-05-23,Fresno,019,978130,2815,1447,41,1488,21
2020-05-23,Glenn,021,27897,15,12,0,12,0
2020-05-23,Humboldt,023,135768,105,80,0,80,2
2020-05-23,Imperial,025,180216,2584,1283,4,1287,14
2020-05-23,Inyo,027,18085,19,20,0,20,1
2020-05-23,Kern,029,883053,2388,1806,5,1811,31
2020-05-23,Kings,031,150075,761,444,3,447,2
2020-05-23,Lake,033,64148,23,10,0,10,0
2020-05-23,Lassen,035,31185,8,0,2,2,0
2020-05-23,Los Angeles,037,10098052,53227,44029,20,44049,2069
2020-05-23,Madera,039,155013,186,83,1,84,2
2020-05-23,Marin,041,260295,440,393,1,394,14
2020-05-23,Mariposa,043,17540,16,15,0,15,1
2020-05-23,Mendocino,045,87422,21,13,0,13,0
2020-05-23,Merced,047,269075,352,247,0,247,6
2020-05-23,Modoc,049,8938,0,0,0,0,0
2020-05-23,Mono,051,14174,36,34,0,34,1
2020-05-23,Monterey,053,433212,503,397,1,398,8
2020-05-23,Napa,055,140530,125,101,0,101,3
2020-05-23,Nevada,057,99092,43,41,1,42,1
2020-05-23,Orange,059,3164182,7763,5313,63,5376,113
2020-05-23,Placer,061,380077,215,184,0,184,9
2020-05-23,Plumas,063,18699,4,4,0,4,0
2020-05-23,Riverside,065,2383286,7835,6460,20,6480,284
2020-05-23,Sacramento,067,1510023,1373,1275,1,1276,50
2020-05-23,San Benito,069,59416,81,67,0,67,2
2020-05-23,San Bernardino,071,2135413,5325,4172,4,4176,175
2020-05-23,San Diego,073,3302833,7563,6561,0,6561,249
2020-05-23,San Francisco,075,870044,2493,2312,0,2312,40
2020-05-23,San Joaquin,077,732212,932,759,4,763,33
2020-05-23,San Luis Obispo,079,281455,335,256,4,260,1
2020-05-23,San Mateo,081,765935,2166,1862,3,1865,71
2020-05-23,Santa Barbara,083,443738,1665,1566,11,1577,9
2020-05-23,Santa Clara,085,1922200,3272,2593,12,2605,139
2020-05-23,Santa Cruz,087,273765,215,177,0,177,2
2020-05-23,Shasta,089,179085,53,35,0,35,4
2020-05-23,Sierra,091,2930,1,1,0,1,0
2020-05-23,Siskiyou,093,43540,7,6,0,6,0
2020-05-23,Solano,095,438530,536,435,0,435,5
2020-05-23,Sonoma,097,501317,539,462,0,462,4
2020-05-23,Stanislaus,099,539301,721,625,5,630,27
2020-05-23,Sutter,101,95872,44,38,0,38,2
2020-05-23,Tehama,103,63373,5,2,1,3,1
2020-05-23,Trinity,105,12862,6,1,2,3,0
2020-05-23,Tulare,107,460477,2286,1682,10,1692,73
2020-05-23,Tuolumne,109,53932,5,2,0,2,0
2020-05-23,Ventura,111,848112,1438,961,8,969,27
2020-05-23,Yolo,113,214977,220,188,0,188,22
2020-05-23,Yuba,115,75493,26,24,0,24,1
2020-05-22,Alameda,001,1643700,3274,2722,6,2728,91
2020-05-22,Alpine,003,1148,1,1,0,1,0
2020-05-22,Amador,005,37829,10,9,0,9,0
2020-05-22,Butte,007,227075,58,34,1,35,0
2020-05-22,Calaveras,009,45235,15,13,0,13,0
2020-05-22,Colusa,011,21464,7,4,0,4,0
2020-05-22,Contra Costa,013,1133247,1488,1272,1,1273,36
2020-05-22,Del Norte,015,27424,41,9,0,9,0
2020-05-22,El Dorado,017,186661,97,74,1,75,0
2020-05-22,Fresno,019,978130,2756,1399,40,1439,20
2020-05-22,Glenn,021,27897,15,12,0,12,0
2020-05-22,Humboldt,023,135768,105,80,0,80,2
2020-05-22,Imperial,025,180216,2483,1214,4,1218,14
2020-05-22,Inyo,027,18085,19,20,0,20,1
2020-05-22,Kern,029,883053,2339,1749,5,1754,28
2020-05-22,Kings,031,150075,758,428,3,431,2
2020-05-22,Lake,033,64148,22,10,0,10,0
2020-05-22,Lassen,035,31185,6,0,2,2,0
2020-05-22,Los Angeles,037,10098052,52433,43025,20,43045,2027
2020-05-22,Madera,039,155013,182,82,1,83,2
2020-05-22,Marin,041,260295,436,372,1,373,14
2020-05-22,Mariposa,043,17540,16,15,0,15,1
2020-05-22,Mendocino,045,87422,20,13,0,13,0
2020-05-22,Merced,047,269075,352,233,0,233,6
2020-05-22,Modoc,049,8938,0,0,0,0,0
2020-05-22,Mono,051,14174,36,34,0,34,1
2020-05-22,Monterey,053,433212,492,372,1,373,8
2020-05-22,Napa,055,140530,123,97,0,97,3
2020-05-22,Nevada,057,99092,42,41,1,42,1
2020-05-22,Orange,059,3164182,7566,5144,61,5205,113
2020-05-22,Placer,061,380077,215,181,0,181,9
2020-05-22,Plumas,063,18699,4,4,0,4,0
2020-05-22,Riverside,065,2383286,7720,6351,20,6371,283
2020-05-22,Sacramento,067,1510023,1357,1262,1,1263,50
2020-05-22,San Benito,069,59416,80,64,0,64,2
2020-05-22,San Bernardino,071,2135413,5250,4107,4,4111,173
2020-05-22,San Diego,073,3302833,7477,6436,0,6436,242
2020-05-22,San Francisco,075,870044,2475,2251,0,2251,40
2020-05-22,San Joaquin,077,732212,919,747,4,751,33
2020-05-22,San Luis Obispo,079,281455,334,254,4,258,1
2020-05-22,San Mateo,081,765935,2147,1847,3,1850,71
2020-05-22,Santa Barbara,083,443738,1655,1554,11,1565,9
2020-05-22,Santa Clara,085,1922200,3252,2537,12,2549,139
2020-05-22,Santa Cruz,087,273765,212,171,0,171,2
2020-05-22,Shasta,089,179085,53,34,0,34,4
2020-05-22,Sierra,091,2930,1,0,0,0,0
2020-05-22,Siskiyou,093,43540,7,6,0,6,0
2020-05-22,Solano,095,438530,533,431,0,431,4
2020-05-22,Sonoma,097,501317,535,444,0,444,4
2020-05-22,Stanislaus,099,539301,711,616,5,621,27
2020-05-22,Sutter,101,95872,44,38,0,38,2
2020-05-22,Tehama,103,63373,5,2,0,2,1
2020-05-22,Trinity,105,12862,6,1,2,3,0
2020-05-22,Tulare,107,460477,2256,1662,10,1672,73
2020-05-22,Tuolumne,109,53932,5,2,0,2,0
2020-05-22,Ventura,111,848112,1420,937,8,945,27
2020-05-22,Yolo,113,214977,218,187,0,187,22
2020-05-22,Yuba,115,75493,26,24,0,24,1
2020-05-21,Alameda,001,1643700,3208,2606,6,2612,89
2020-05-21,Alpine,003,1148,1,1,0,1,0
2020-05-21,Amador,005,37829,10,9,0,9,0
2020-05-21,Butte,007,227075,57,31,1,32,0
2020-05-21,Calaveras,009,45235,14,13,0,13,0
2020-05-21,Colusa,011,21464,7,4,0,4,0
2020-05-21,Contra Costa,013,1133247,1452,1243,1,1244,36
2020-05-21,Del Norte,015,27424,38,9,0,9,0
2020-05-21,El Dorado,017,186661,95,67,1,68,0
2020-05-21,Fresno,019,978130,2664,1362,39,1401,20
2020-05-21,Glenn,021,27897,14,12,0,12,0
2020-05-21,Humboldt,023,135768,104,79,0,79,0
2020-05-21,Imperial,025,180216,2322,1096,4,1100,14
2020-05-21,Inyo,027,18085,19,20,0,20,1
2020-05-21,Kern,029,883053,2263,1684,4,1688,27
2020-05-21,Kings,031,150075,737,417,2,419,2
2020-05-21,Lake,033,64148,17,10,0,10,0
2020-05-21,Lassen,035,31185,6,0,2,2,0
2020-05-21,Los Angeles,037,10098052,51396,42063,20,42083,1996
2020-05-21,Madera,039,155013,179,82,1,83,2
2020-05-21,Marin,041,260295,425,359,1,360,14
2020-05-21,Mariposa,043,17540,16,15,0,15,1
2020-05-21,Mendocino,045,87422,20,12,0,12,0
2020-05-21,Merced,047,269075,341,226,0,226,6
2020-05-21,Modoc,049,8938,0,0,0,0,0
2020-05-21,Mono,051,14174,36,33,0,33,1
2020-05-21,Monterey,053,433212,481,363,1,364,8
2020-05-21,Napa,055,140530,121,96,0,96,3
2020-05-21,Nevada,057,99092,42,41,1,42,1
2020-05-21,Orange,059,3164182,7363,4975,60,5035,106
2020-05-21,Placer,061,380077,208,176,0,176,8
2020-05-21,Plumas,063,18699,4,4,0,4,0
2020-05-21,Riverside,065,2383286,7534,6245,20,6265,279
2020-05-21,Sacramento,067,1510023,1344,1258,1,1259,56
2020-05-21,San Benito,069,59416,77,61,0,61,2
2020-05-21,San Bernardino,071,2135413,5103,3950,4,3954,167
2020-05-21,San Diego,073,3302833,7341,6317,0,6317,241
2020-05-21,San Francisco,075,870044,2451,2248,0,2248,37
2020-05-21,San Joaquin,077,732212,883,730,4,734,33
2020-05-21,San Luis Obispo,079,281455,334,251,3,254,1
2020-05-21,San Mateo,081,765935,2111,1791,3,1794,74
2020-05-21,Santa Barbara,083,443738,1640,1541,11,1552,10
2020-05-21,Santa Clara,085,1922200,3229,2520,12,2532,138
2020-05-21,Santa Cruz,087,273765,204,164,0,164,3
2020-05-21,Shasta,089,179085,51,34,0,34,4
2020-05-21,Sierra,091,2930,1,0,0,0,0
2020-05-21,Siskiyou,093,43540,7,6,0,6,0
2020-05-21,Solano,095,438530,524,424,0,424,4
2020-05-21,Sonoma,097,501317,517,427,0,427,4
2020-05-21,Stanislaus,099,539301,700,602,5,607,27
2020-05-21,Sutter,101,95872,43,38,0,38,2
2020-05-21,Tehama,103,63373,4,2,0,2,1
2020-05-21,Trinity,105,12862,5,1,2,3,0
2020-05-21,Tulare,107,460477,2206,1606,8,1614,73
2020-05-21,Tuolumne,109,53932,3,2,0,2,0
2020-05-21,Ventura,111,848112,1371,907,8,915,30
2020-05-21,Yolo,113,214977,215,185,0,185,22
2020-05-21,Yuba,115,75493,26,24,0,24,1
2020-05-20,Alameda,001,1643700,3135,2554,6,2560,89
2020-05-20,Alpine,003,1148,1,1,0,1,0
2020-05-20,Amador,005,37829,10,9,0,9,0
2020-05-20,Butte,007,227075,54,30,1,31,0
2020-05-20,Calaveras,009,45235,14,13,0,13,0
2020-05-20,Colusa,011,21464,7,3,0,3,0
2020-05-20,Contra Costa,013,1133247,1422,1223,1,1224,33
2020-05-20,Del Norte,015,27424,31,9,0,9,0
2020-05-20,El Dorado,017,186661,94,67,1,68,0
2020-05-20,Fresno,019,978130,2591,1329,38,1367,17
2020-05-20,Glenn,021,27897,13,12,0,12,0
2020-05-20,Humboldt,023,135768,101,73,0,73,0
2020-05-20,Imperial,025,180216,2209,1047,4,1051,14
2020-05-20,Inyo,027,18085,19,20,0,20,1
2020-05-20,Kern,029,883053,2200,1639,3,1642,27
2020-05-20,Kings,031,150075,593,403,2,405,2
2020-05-20,Lake,033,64148,17,9,0,9,0
2020-05-20,Lassen,035,31185,5,0,2,2,0
2020-05-20,Los Angeles,037,10098052,50401,40932,20,40952,1955
2020-05-20,Madera,039,155013,177,82,1,83,2
2020-05-20,Marin,041,260295,398,348,1,349,14
2020-05-20,Mariposa,043,17540,16,15,0,15,1
2020-05-20,Mendocino,045,87422,20,12,0,12,0
2020-05-20,Merced,047,269075,334,225,0,225,6
2020-05-20,Modoc,049,8938,0,0,0,0,0
2020-05-20,Mono,051,14174,36,33,0,33,1
2020-05-20,Monterey,053,433212,467,356,1,357,8
2020-05-20,Napa,055,140530,114,93,0,93,3
2020-05-20,Nevada,057,99092,42,41,1,42,1
2020-05-20,Orange,059,3164182,7155,4866,58,4924,96
2020-05-20,Placer,061,380077,206,176,0,176,8
2020-05-20,Plumas,063,18699,4,4,0,4,0
2020-05-20,Riverside,065,2383286,7391,6090,20,6110,265
2020-05-20,Sacramento,067,1510023,1334,1244,1,1245,56
2020-05-20,San Benito,069,59416,76,61,0,61,2
2020-05-20,San Bernardino,071,2135413,4975,3771,4,3775,161
2020-05-20,San Diego,073,3302833,7224,6142,0,6142,230
2020-05-20,San Francisco,075,870044,2428,2199,0,2199,37
2020-05-20,San Joaquin,077,732212,847,713,4,717,33
2020-05-20,San Luis Obispo,079,281455,327,249,3,252,1
2020-05-20,San Mateo,081,765935,2058,1739,3,1742,74
2020-05-20,Santa Barbara,083,443738,1621,1524,11,1535,10
2020-05-20,Santa Clara,085,1922200,3208,2508,11,2519,138
2020-05-20,Santa Cruz,087,273765,201,163,0,163,3
2020-05-20,Shasta,089,179085,51,34,0,34,4
2020-05-20,Sierra,091,2930,1,0,0,0,0
2020-05-20,Siskiyou,093,43540,7,6,0,6,0
2020-05-20,Solano,095,438530,519,418,0,418,4
2020-05-20,Sonoma,097,501317,508,411,0,411,4
2020-05-20,Stanislaus,099,539301,684,584,4,588,25
2020-05-20,Sutter,101,95872,43,38,0,38,2
2020-05-20,Tehama,103,63373,4,2,0,2,1
2020-05-20,Trinity,105,12862,4,1,1,2,0
2020-05-20,Tulare,107,460477,2165,1585,8,1593,71
2020-05-20,Tuolumne,109,53932,3,2,0,2,0
2020-05-20,Ventura,111,848112,1335,879,8,887,29
2020-05-20,Yolo,113,214977,212,184,0,184,22
2020-05-20,Yuba,115,75493,26,23,0,23,1
2020-05-19,Alameda,001,1643700,3058,2493,4,2497,88
2020-05-19,Alpine,003,1148,1,1,0,1,0
2020-05-19,Amador,005,37829,10,9,0,9,0
2020-05-19,Butte,007,227075,52,25,1,26,0
2020-05-19,Calaveras,009,45235,14,13,0,13,0
2020-05-19,Colusa,011,21464,5,3,0,3,0
2020-05-19,Contra Costa,013,1133247,1398,1205,1,1206,33
2020-05-19,Del Norte,015,27424,28,8,0,8,0
2020-05-19,El Dorado,017,186661,91,67,0,67,0
2020-05-19,Fresno,019,978130,2477,1288,37,1325,15
2020-05-19,Glenn,021,27897,13,12,0,12,0
2020-05-19,Humboldt,023,135768,101,72,0,72,0
2020-05-19,Imperial,025,180216,2047,1012,4,1016,14
2020-05-19,Inyo,027,18085,19,20,0,20,1
2020-05-19,Kern,029,883053,2102,1601,3,1604,26
2020-05-19,Kings,031,150075,582,393,2,395,2
2020-05-19,Lake,033,64148,14,11,0,11,0
2020-05-19,Lassen,035,31185,5,0,2,2,0
2020-05-19,Los Angeles,037,10098052,49196,39670,20,39690,1906
2020-05-19,Madera,039,155013,173,80,1,81,2
2020-05-19,Marin,041,260295,374,340,1,341,14
2020-05-19,Mariposa,043,17540,16,15,0,15,1
2020-05-19,Mendocino,045,87422,20,12,0,12,0
2020-05-19,Merced,047,269075,326,222,0,222,5
2020-05-19,Modoc,049,8938,0,0,0,0,0
2020-05-19,Mono,051,14174,36,33,0,33,1
2020-05-19,Monterey,053,433212,455,350,1,351,8
2020-05-19,Napa,055,140530,113,93,0,93,3
2020-05-19,Nevada,057,99092,42,41,1,42,1
2020-05-19,Orange,059,3164182,6961,4746,56,4802,90
2020-05-19,Placer,061,380077,204,177,0,177,8
2020-05-19,Plumas,063,18699,4,5,0,5,0
2020-05-19,Riverside,065,2383286,7231,5963,19,5982,265
2020-05-19,Sacramento,067,1510023,1320,1239,1,1240,57
2020-05-19,San Benito,069,59416,74,59,0,59,2
2020-05-19,San Bernardino,071,2135413,4825,3656,4,3660,158
2020-05-19,San Diego,073,3302833,7080,6028,0,6028,222
2020-05-19,San Francisco,075,870044,2394,2186,0,2186,37
2020-05-19,San Joaquin,077,732212,825,705,4,709,33
2020-05-19,San Luis Obispo,079,281455,327,245,3,248,1
2020-05-19,San Mateo,081,765935,2017,1704,3,1707,71
2020-05-19,Santa Barbara,083,443738,1607,1521,11,1532,10
2020-05-19,Santa Clara,085,1922200,3158,2480,11,2491,138
2020-05-19,Santa Cruz,087,273765,190,161,0,161,3
2020-05-19,Shasta,089,179085,51,34,0,34,4
2020-05-19,Sierra,091,2930,0,0,0,0,0
2020-05-19,Siskiyou,093,43540,7,6,0,6,0
2020-05-19,Solano,095,438530,505,415,0,415,4
2020-05-19,Sonoma,097,501317,497,389,0,389,4
2020-05-19,Stanislaus,099,539301,670,582,4,586,25
2020-05-19,Sutter,101,95872,43,38,0,38,2
2020-05-19,Tehama,103,63373,4,2,0,2,1
2020-05-19,Trinity,105,12862,3,1,0,1,0
2020-05-19,Tulare,107,460477,2117,1551,8,1559,68
2020-05-19,Tuolumne,109,53932,3,2,0,2,0
2020-05-19,Ventura,111,848112,1294,861,7,868,28
2020-05-19,Yolo,113,214977,210,183,0,183,22
2020-05-19,Yuba,115,75493,26,23,0,23,1
2020-05-18,Alameda,001,1643700,2985,2442,4,2446,84
2020-05-18,Alpine,003,1148,1,1,0,1,0
2020-05-18,Amador,005,37829,10,8,0,8,0
2020-05-18,Butte,007,227075,50,24,1,25,0
2020-05-18,Calaveras,009,45235,14,13,0,13,0
2020-05-18,Colusa,011,21464,5,3,0,3,0
2020-05-18,Contra Costa,013,1133247,1367,1173,1,1174,33
2020-05-18,Del Norte,015,27424,23,8,0,8,0
2020-05-18,El Dorado,017,186661,89,67,0,67,0
2020-05-18,Fresno,019,978130,2399,1244,36,1280,14
2020-05-18,Glenn,021,27897,13,11,0,11,0
2020-05-18,Humboldt,023,135768,101,70,0,70,0
2020-05-18,Imperial,025,180216,1894,767,4,771,14
2020-05-18,Inyo,027,18085,19,20,0,20,1
2020-05-18,Kern,029,883053,2053,1566,3,1569,26
2020-05-18,Kings,031,150075,551,381,2,383,2
2020-05-18,Lake,033,64148,13,9,0,9,0
2020-05-18,Lassen,035,31185,5,0,2,2,0
2020-05-18,Los Angeles,037,10098052,48170,38477,20,38497,1825
2020-05-18,Madera,039,155013,167,74,1,75,2
2020-05-18,Marin,041,260295,361,329,1,330,14
2020-05-18,Mariposa,043,17540,16,15,0,15,1
2020-05-18,Mendocino,045,87422,15,12,0,12,0
2020-05-18,Merced,047,269075,317,217,0,217,5
2020-05-18,Modoc,049,8938,0,0,0,0,0
2020-05-18,Mono,051,14174,36,33,0,33,1
2020-05-18,Monterey,053,433212,444,345,1,346,8
2020-05-18,Napa,055,140530,109,92,0,92,3
2020-05-18,Nevada,057,99092,42,41,1,42,1
2020-05-18,Orange,059,3164182,6772,4558,54,4612,88
2020-05-18,Placer,061,380077,202,176,0,176,8
2020-05-18,Plumas,063,18699,4,5,0,5,0
2020-05-18,Riverside,065,2383286,7031,5873,18,5891,253
2020-05-18,Sacramento,067,1510023,1314,1233,0,1233,57
2020-05-18,San Benito,069,59416,72,59,0,59,2
2020-05-18,San Bernardino,071,2135413,4678,3558,4,3562,156
2020-05-18,San Diego,073,3302833,6947,5948,0,5948,211
2020-05-18,San Francisco,075,870044,2371,2183,0,2183,36
2020-05-18,San Joaquin,077,732212,813,697,4,701,33
2020-05-18,San Luis Obispo,079,281455,323,243,3,246,1
2020-05-18,San Mateo,081,765935,1979,1701,3,1704,68
2020-05-18,Santa Barbara,083,443738,1596,1501,11,1512,10
2020-05-18,Santa Clara,085,1922200,3125,2468,11,2479,137
2020-05-18,Santa Cruz,087,273765,188,160,0,160,3
2020-05-18,Shasta,089,179085,50,34,0,34,4
2020-05-18,Sierra,091,2930,0,0,0,0,0
2020-05-18,Siskiyou,093,43540,7,6,0,6,0
2020-05-18,Solano,095,438530,495,398,0,398,4
2020-05-18,Sonoma,097,501317,479,387,0,387,4
2020-05-18,Stanislaus,099,539301,658,572,4,576,25
2020-05-18,Sutter,101,95872,43,38,0,38,2
2020-05-18,Tehama,103,63373,4,2,0,2,1
2020-05-18,Trinity,105,12862,3,1,0,1,0
2020-05-18,Tulare,107,460477,2073,1491,8,1499,63
2020-05-18,Tuolumne,109,53932,3,2,0,2,0
2020-05-18,Ventura,111,848112,1271,850,6,856,27
2020-05-18,Yolo,113,214977,205,183,0,183,22
2020-05-18,Yuba,115,75493,26,23,0,23,1
2020-05-17,Alameda,001,1643700,2890,2389,4,2393,83
2020-05-17,Alpine,003,1148,1,1,0,1,0
2020-05-17,Amador,005,37829,10,8,0,8,0
2020-05-17,Butte,007,227075,49,23,1,24,0
2020-05-17,Calaveras,009,45235,14,13,0,13,0
2020-05-17,Colusa,011,21464,3,3,0,3,0
2020-05-17,Contra Costa,013,1133247,1328,1155,1,1156,33
2020-05-17,Del Norte,015,27424,23,7,0,7,0
2020-05-17,El Dorado,017,186661,89,65,0,65,0
2020-05-17,Fresno,019,978130,2293,1213,33,1246,14
2020-05-17,Glenn,021,27897,13,9,0,9,0
2020-05-17,Humboldt,023,135768,94,70,0,70,0
2020-05-17,Imperial,025,180216,1746,715,4,719,14
2020-05-17,Inyo,027,18085,19,20,0,20,1
2020-05-17,Kern,029,883053,1975,1546,3,1549,26
2020-05-17,Kings,031,150075,504,356,2,358,2
2020-05-17,Lake,033,64148,13,7,0,7,0
2020-05-17,Lassen,035,31185,5,0,2,2,0
2020-05-17,Los Angeles,037,10098052,46929,37996,20,38016,1807
2020-05-17,Madera,039,155013,165,69,1,70,2
2020-05-17,Marin,041,260295,350,315,1,316,14
2020-05-17,Mariposa,043,17540,15,15,0,15,1
2020-05-17,Mendocino,045,87422,14,10,0,10,0
2020-05-17,Merced,047,269075,306,214,0,214,5
2020-05-17,Modoc,049,8938,0,0,0,0,0
2020-05-17,Mono,051,14174,36,32,0,32,1
2020-05-17,Monterey,053,433212,424,342,1,343,8
2020-05-17,Napa,055,140530,105,89,0,89,3
2020-05-17,Nevada,057,99092,42,41,1,42,1
2020-05-17,Orange,059,3164182,6593,4466,53,4519,88
2020-05-17,Placer,061,380077,197,175,0,175,8
2020-05-17,Plumas,063,18699,4,4,0,4,0
2020-05-17,Riverside,065,2383286,6858,5776,18,5794,245
2020-05-17,Sacramento,067,1510023,1303,1224,0,1224,56
2020-05-17,San Benito,069,59416,71,59,0,59,2
2020-05-17,San Bernardino,071,2135413,4528,3467,4,3471,155
2020-05-17,San Diego,073,3302833,6815,5838,0,5838,209
2020-05-17,San Francisco,075,870044,2344,2132,0,2132,36
2020-05-17,San Joaquin,077,732212,783,688,4,692,32
2020-05-17,San Luis Obispo,079,281455,321,242,3,245,1
2020-05-17,San Mateo,081,765935,1942,1680,3,1683,68
2020-05-17,Santa Barbara,083,443738,1576,1457,11,1468,10
2020-05-17,Santa Clara,085,1922200,3087,2453,11,2464,135
2020-05-17,Santa Cruz,087,273765,177,155,0,155,3
2020-05-17,Shasta,089,179085,49,34,0,34,4
2020-05-17,Sierra,091,2930,0,0,0,0,0
2020-05-17,Siskiyou,093,43540,7,6,0,6,0
2020-05-17,Solano,095,438530,483,392,0,392,4
2020-05-17,Sonoma,097,501317,458,376,0,376,4
2020-05-17,Stanislaus,099,539301,647,566,4,570,25
2020-05-17,Sutter,101,95872,42,38,0,38,2
2020-05-17,Tehama,103,63373,3,2,0,2,1
2020-05-17,Trinity,105,12862,2,1,0,1,0
2020-05-17,Tulare,107,460477,1997,1430,7,1437,63
2020-05-17,Tuolumne,109,53932,3,2,0,2,0
2020-05-17,Ventura,111,848112,1226,838,6,844,27
2020-05-17,Yolo,113,214977,203,182,0,182,22
2020-05-17,Yuba,115,75493,26,21,0,21,1
2020-05-16,Alameda,001,1643700,2840,2327,4,2331,83
2020-05-16,Alpine,003,1148,1,1,0,1,0
2020-05-16,Amador,005,37829,10,8,0,8,0
2020-05-16,Butte,007,227075,44,22,1,23,0
2020-05-16,Calaveras,009,45235,14,13,0,13,0
2020-05-16,Colusa,011,21464,3,3,0,3,0
2020-05-16,Contra Costa,013,1133247,1310,1136,1,1137,33
2020-05-16,Del Norte,015,27424,19,4,0,4,0
2020-05-16,El Dorado,017,186661,89,65,0,65,0
2020-05-16,Fresno,019,978130,2236,1177,33,1210,14
2020-05-16,Glenn,021,27897,13,9,0,9,0
2020-05-16,Humboldt,023,135768,92,69,0,69,0
2020-05-16,Imperial,025,180216,1682,712,4,716,14
2020-05-16,Inyo,027,18085,19,20,0,20,1
2020-05-16,Kern,029,883053,1939,1509,3,1512,26
2020-05-16,Kings,031,150075,494,356,2,358,2
2020-05-16,Lake,033,64148,13,7,0,7,0
2020-05-16,Lassen,035,31185,4,0,2,2,0
2020-05-16,Los Angeles,037,10098052,46352,37352,20,37372,1778
2020-05-16,Madera,039,155013,163,70,1,71,2
2020-05-16,Marin,041,260295,346,297,1,298,14
2020-05-16,Mariposa,043,17540,15,15,0,15,1
2020-05-16,Mendocino,045,87422,14,10,0,10,0
2020-05-16,Merced,047,269075,304,201,0,201,5
2020-05-16,Modoc,049,8938,0,0,0,0,0
2020-05-16,Mono,051,14174,36,32,0,32,1
2020-05-16,Monterey,053,433212,409,329,1,330,8
2020-05-16,Napa,055,140530,105,86,0,86,3
2020-05-16,Nevada,057,99092,42,41,1,42,1
2020-05-16,Orange,059,3164182,6517,4396,52,4448,87
2020-05-16,Placer,061,380077,195,174,0,174,8
2020-05-16,Plumas,063,18699,4,4,0,4,0
2020-05-16,Riverside,065,2383286,6773,5633,18,5651,243
2020-05-16,Sacramento,067,1510023,1296,1209,0,1209,55
2020-05-16,San Benito,069,59416,66,58,0,58,2
2020-05-16,San Bernardino,071,2135413,4456,3362,4,3366,155
2020-05-16,San Diego,073,3302833,6729,5664,0,5664,209
2020-05-16,San Francisco,075,870044,2321,2094,0,2094,36
2020-05-16,San Joaquin,077,732212,775,668,4,672,32
2020-05-16,San Luis Obispo,079,281455,320,240,3,243,1
2020-05-16,San Mateo,081,765935,1927,1652,3,1655,68
2020-05-16,Santa Barbara,083,443738,1565,1422,10,1432,10
2020-05-16,Santa Clara,085,1922200,3069,2420,11,2431,135
2020-05-16,Santa Cruz,087,273765,174,154,0,154,3
2020-05-16,Shasta,089,179085,49,33,0,33,4
2020-05-16,Sierra,091,2930,0,0,0,0,0
2020-05-16,Siskiyou,093,43540,7,6,0,6,0
2020-05-16,Solano,095,438530,478,392,0,392,4
2020-05-16,Sonoma,097,501317,445,356,0,356,4
2020-05-16,Stanislaus,099,539301,638,546,4,550,24
2020-05-16,Sutter,101,95872,42,35,0,35,2
2020-05-16,Tehama,103,63373,3,2,0,2,1
2020-05-16,Trinity,105,12862,2,1,0,1,0
2020-05-16,Tulare,107,460477,1979,1426,7,1433,63
2020-05-16,Tuolumne,109,53932,3,2,0,2,0
2020-05-16,Ventura,111,848112,1200,813,6,819,25
2020-05-16,Yolo,113,214977,202,181,0,181,22
2020-05-16,Yuba,115,75493,26,21,0,21,1
2020-05-15,Alameda,001,1643700,2806,2289,4,2293,83
2020-05-15,Alpine,003,1148,1,1,0,1,0
2020-05-15,Amador,005,37829,10,8,0,8,0
2020-05-15,Butte,007,227075,42,22,1,23,0
2020-05-15,Calaveras,009,45235,14,13,0,13,0
2020-05-15,Colusa,011,21464,3,3,0,3,0
2020-05-15,Contra Costa,013,1133247,1292,1106,1,1107,33
2020-05-15,Del Norte,015,27424,14,4,0,4,0
2020-05-15,El Dorado,017,186661,89,64,0,64,0
2020-05-15,Fresno,019,978130,2169,1126,33,1159,14
2020-05-15,Glenn,021,27897,13,9,0,9,0
2020-05-15,Humboldt,023,135768,91,60,0,60,0
2020-05-15,Imperial,025,180216,1598,680,0,680,14
2020-05-15,Inyo,027,18085,19,20,0,20,1
2020-05-15,Kern,029,883053,1883,1472,3,1475,25
2020-05-15,Kings,031,150075,491,347,2,349,2
2020-05-15,Lake,033,64148,13,7,0,7,0
2020-05-15,Lassen,035,31185,4,0,2,2,0
2020-05-15,Los Angeles,037,10098052,45565,36317,20,36337,1734
2020-05-15,Madera,039,155013,162,71,1,72,2
2020-05-15,Marin,041,260295,338,295,1,296,14
2020-05-15,Mariposa,043,17540,15,15,0,15,1
2020-05-15,Mendocino,045,87422,14,10,0,10,0
2020-05-15,Merced,047,269075,301,191,0,191,5
2020-05-15,Modoc,049,8938,0,0,0,0,0
2020-05-15,Mono,051,14174,36,31,0,31,1
2020-05-15,Monterey,053,433212,403,321,1,322,8
2020-05-15,Napa,055,140530,105,83,0,83,3
2020-05-15,Nevada,057,99092,42,41,1,42,1
2020-05-15,Orange,059,3164182,6344,4281,52,4333,87
2020-05-15,Placer,061,380077,193,174,0,174,8
2020-05-15,Plumas,063,18699,4,4,0,4,0
2020-05-15,Riverside,065,2383286,6659,5496,18,5514,233
2020-05-15,Sacramento,067,1510023,1286,1203,0,1203,55
2020-05-15,San Benito,069,59416,63,57,0,57,2
2020-05-15,San Bernardino,071,2135413,4378,3225,4,3229,153
2020-05-15,San Diego,073,3302833,6622,5525,0,5525,208
2020-05-15,San Francisco,075,870044,2305,2062,0,2062,36
2020-05-15,San Joaquin,077,732212,769,656,4,660,32
2020-05-15,San Luis Obispo,079,281455,318,237,3,240,1
2020-05-15,San Mateo,081,765935,1905,1612,3,1615,68
2020-05-15,Santa Barbara,083,443738,1556,1409,9,1418,10
2020-05-15,Santa Clara,085,1922200,3026,2395,10,2405,135
2020-05-15,Santa Cruz,087,273765,173,146,0,146,3
2020-05-15,Shasta,089,179085,48,33,0,33,4
2020-05-15,Sierra,091,2930,0,0,0,0,0
2020-05-15,Siskiyou,093,43540,6,5,0,5,0
2020-05-15,Solano,095,438530,474,388,0,388,4
2020-05-15,Sonoma,097,501317,437,349,0,349,4
2020-05-15,Stanislaus,099,539301,631,540,4,544,23
2020-05-15,Sutter,101,95872,41,35,0,35,2
2020-05-15,Tehama,103,63373,3,1,0,1,1
2020-05-15,Trinity,105,12862,2,1,0,1,0
2020-05-15,Tulare,107,460477,1951,1356,7,1363,61
2020-05-15,Tuolumne,109,53932,3,2,0,2,0
2020-05-15,Ventura,111,848112,1182,789,5,794,25
2020-05-15,Yolo,113,214977,201,182,0,182,22
2020-05-15,Yuba,115,75493,26,21,0,21,1
2020-05-14,Alameda,001,1643700,2713,2255,4,2259,80
2020-05-14,Alpine,003,1148,1,1,0,1,0
2020-05-14,Amador,005,37829,10,8,0,8,0
2020-05-14,Butte,007,227075,40,22,1,23,0
2020-05-14,Calaveras,009,45235,14,13,0,13,0
2020-05-14,Colusa,011,21464,3,3,0,3,0
2020-05-14,Contra Costa,013,1133247,1266,1090,1,1091,32
2020-05-14,Del Norte,015,27424,14,4,0,4,0
2020-05-14,El Dorado,017,186661,80,59,0,59,0
2020-05-14,Fresno,019,978130,2109,1038,29,1067,12
2020-05-14,Glenn,021,27897,12,8,0,8,0
2020-05-14,Humboldt,023,135768,89,59,0,59,0
2020-05-14,Imperial,025,180216,1481,652,0,652,13
2020-05-14,Inyo,027,18085,19,20,0,20,1
2020-05-14,Kern,029,883053,1841,1430,3,1433,21
2020-05-14,Kings,031,150075,475,342,2,344,1
2020-05-14,Lake,033,64148,13,7,0,7,0
2020-05-14,Lassen,035,31185,4,0,2,2,0
2020-05-14,Los Angeles,037,10098052,44390,35427,20,35447,1693
2020-05-14,Madera,039,155013,153,69,1,70,2
2020-05-14,Marin,041,260295,320,283,1,284,14
2020-05-14,Mariposa,043,17540,15,15,0,15,0
2020-05-14,Mendocino,045,87422,13,10,0,10,0
2020-05-14,Merced,047,269075,290,182,0,182,3
2020-05-14,Modoc,049,8938,0,0,0,0,0
2020-05-14,Mono,051,14174,36,31,0,31,1
2020-05-14,Monterey,053,433212,393,317,1,318,7
2020-05-14,Napa,055,140530,103,83,0,83,3
2020-05-14,Nevada,057,99092,41,41,1,42,1
2020-05-14,Orange,059,3164182,6169,4163,50,4213,83
2020-05-14,Placer,061,380077,193,172,0,172,8
2020-05-14,Plumas,063,18699,4,4,0,4,0
2020-05-14,Riverside,065,2383286,6475,5339,18,5357,224
2020-05-14,Sacramento,067,1510023,1274,1181,0,1181,55
2020-05-14,San Benito,069,59416,61,56,0,56,2
2020-05-14,San Bernardino,071,2135413,4199,3149,4,3153,149
2020-05-14,San Diego,073,3302833,6487,5393,0,5393,200
2020-05-14,San Francisco,075,870044,2272,2029,0,2029,36
2020-05-14,San Joaquin,077,732212,754,643,4,647,31
2020-05-14,San Luis Obispo,079,281455,315,236,3,239,1
2020-05-14,San Mateo,081,765935,1873,1588,3,1591,67
2020-05-14,Santa Barbara,083,443738,1544,1395,9,1404,11
2020-05-14,Santa Clara,085,1922200,3003,2380,10,2390,134
2020-05-14,Santa Cruz,087,273765,171,145,0,145,3
2020-05-14,Shasta,089,179085,48,33,0,33,4
2020-05-14,Sierra,091,2930,0,0,0,0,0
2020-05-14,Siskiyou,093,43540,6,5,0,5,0
2020-05-14,Solano,095,438530,465,372,0,372,4
2020-05-14,Sonoma,097,501317,420,333,0,333,4
2020-05-14,Stanislaus,099,539301,612,533,4,537,23
2020-05-14,Sutter,101,95872,41,34,0,34,2
2020-05-14,Tehama,103,63373,3,1,0,1,1
2020-05-14,Trinity,105,12862,2,1,0,1,0
2020-05-14,Tulare,107,460477,1912,1317,7,1324,55
2020-05-14,Tuolumne,109,53932,3,2,0,2,0
2020-05-14,Ventura,111,848112,1151,760,5,765,25
2020-05-14,Yolo,113,214977,201,180,0,180,22
2020-05-14,Yuba,115,75493,26,21,0,21,1
2020-05-13,Alameda,001,1643700,2655,2181,4,2185,78
2020-05-13,Alpine,003,1148,1,1,0,1,0
2020-05-13,Amador,005,37829,10,8,0,8,0
2020-05-13,Butte,007,227075,40,21,1,22,0
2020-05-13,Calaveras,009,45235,14,13,0,13,0
2020-05-13,Colusa,011,21464,3,3,0,3,0
2020-05-13,Contra Costa,013,1133247,1244,1082,1,1083,32
2020-05-13,Del Norte,015,27424,13,4,0,4,0
2020-05-13,El Dorado,017,186661,79,58,0,58,0
2020-05-13,Fresno,019,978130,2011,993,29,1022,10
2020-05-13,Glenn,021,27897,11,6,0,6,0
2020-05-13,Humboldt,023,135768,83,58,0,58,0
2020-05-13,Imperial,025,180216,1411,610,0,610,11
2020-05-13,Inyo,027,18085,19,20,0,20,1
2020-05-13,Kern,029,883053,1795,1390,3,1393,19
2020-05-13,Kings,031,150075,461,314,2,316,1
2020-05-13,Lake,033,64148,13,7,0,7,0
2020-05-13,Lassen,035,31185,4,0,2,2,0
2020-05-13,Los Angeles,037,10098052,43081,34574,20,34594,1643
2020-05-13,Madera,039,155013,144,69,1,70,2
2020-05-13,Marin,041,260295,307,278,1,279,14
2020-05-13,Mariposa,043,17540,15,15,0,15,0
2020-05-13,Mendocino,045,87422,13,10,0,10,0
2020-05-13,Merced,047,269075,287,176,0,176,3
2020-05-13,Modoc,049,8938,0,0,0,0,0
2020-05-13,Mono,051,14174,35,31,0,31,1
2020-05-13,Monterey,053,433212,383,309,1,310,6
2020-05-13,Napa,055,140530,103,81,0,81,3
2020-05-13,Nevada,057,99092,41,41,1,42,1
2020-05-13,Orange,059,3164182,5923,4025,48,4073,79
2020-05-13,Placer,061,380077,192,170,0,170,8
2020-05-13,Plumas,063,18699,4,4,0,4,0
2020-05-13,Riverside,065,2383286,6352,5204,18,5222,216
2020-05-13,Sacramento,067,1510023,1259,1173,0,1173,53
2020-05-13,San Benito,069,59416,61,55,0,55,2
2020-05-13,San Bernardino,071,2135413,3943,3064,3,3067,140
2020-05-13,San Diego,073,3302833,6351,5280,0,5280,194
2020-05-13,San Francisco,075,870044,2244,2004,0,2004,35
2020-05-13,San Joaquin,077,732212,733,639,3,642,31
2020-05-13,San Luis Obispo,079,281455,313,231,3,234,1
2020-05-13,San Mateo,081,765935,1841,1550,3,1553,66
2020-05-13,Santa Barbara,083,443738,1533,1382,9,1391,10
2020-05-13,Santa Clara,085,1922200,2983,2370,10,2380,132
2020-05-13,Santa Cruz,087,273765,167,142,0,142,2
2020-05-13,Shasta,089,179085,48,32,0,32,4
2020-05-13,Sierra,091,2930,0,0,0,0,0
2020-05-13,Siskiyou,093,43540,6,5,0,5,0
2020-05-13,Solano,095,438530,452,368,0,368,4
2020-05-13,Sonoma,097,501317,410,330,0,330,4
2020-05-13,Stanislaus,099,539301,603,521,4,525,15
2020-05-13,Sutter,101,95872,41,33,0,33,2
2020-05-13,Tehama,103,63373,3,1,0,1,1
2020-05-13,Trinity,105,12862,2,2,0,2,0
2020-05-13,Tulare,107,460477,1879,1283,7,1290,54
2020-05-13,Tuolumne,109,53932,3,2,0,2,0
2020-05-13,Ventura,111,848112,1120,742,5,747,25
2020-05-13,Yolo,113,214977,199,178,0,178,22
2020-05-13,Yuba,115,75493,24,19,0,19,1
2020-05-12,Alameda,001,1643700,2591,2146,4,2150,74
2020-05-12,Alpine,003,1148,1,1,0,1,0
2020-05-12,Amador,005,37829,10,8,0,8,0
2020-05-12,Butte,007,227075,38,20,1,21,0
2020-05-12,Calaveras,009,45235,13,13,0,13,0
2020-05-12,Colusa,011,21464,3,3,0,3,0
2020-05-12,Contra Costa,013,1133247,1213,1067,1,1068,32
2020-05-12,Del Norte,015,27424,10,3,0,3,0
2020-05-12,El Dorado,017,186661,76,56,0,56,0
2020-05-12,Fresno,019,978130,1927,978,27,1005,9
2020-05-12,Glenn,021,27897,10,6,0,6,0
2020-05-12,Humboldt,023,135768,80,58,0,58,0
2020-05-12,Imperial,025,180216,1280,602,0,602,9
2020-05-12,Inyo,027,18085,19,20,0,20,1
2020-05-12,Kern,029,883053,1754,1363,3,1366,18
2020-05-12,Kings,031,150075,440,302,2,304,1
2020-05-12,Lake,033,64148,13,7,0,7,0
2020-05-12,Lassen,035,31185,4,0,2,2,0
2020-05-12,Los Angeles,037,10098052,42083,33281,19,33300,1601
2020-05-12,Madera,039,155013,138,69,1,70,2
2020-05-12,Marin,041,260295,302,274,1,275,14
2020-05-12,Mariposa,043,17540,15,15,0,15,0
2020-05-12,Mendocino,045,87422,13,10,0,10,0
2020-05-12,Merced,047,269075,276,175,0,175,3
2020-05-12,Modoc,049,8938,0,0,0,0,0
2020-05-12,Mono,051,14174,35,31,0,31,1
2020-05-12,Monterey,053,433212,376,298,1,299,6
2020-05-12,Napa,055,140530,101,80,0,80,3
2020-05-12,Nevada,057,99092,41,41,1,42,1
2020-05-12,Orange,059,3164182,5740,3843,46,3889,78
2020-05-12,Placer,061,380077,191,170,0,170,8
2020-05-12,Plumas,063,18699,4,4,0,4,0
2020-05-12,Riverside,065,2383286,6229,5134,18,5152,210
2020-05-12,Sacramento,067,1510023,1239,1166,0,1166,52
2020-05-12,San Benito,069,59416,61,55,0,55,2
2020-05-12,San Bernardino,071,2135413,3791,2997,3,3000,131
2020-05-12,San Diego,073,3302833,6207,3,0,3,0
2020-05-12,San Francisco,075,870044,2209,1981,0,1981,35
2020-05-12,San Joaquin,077,732212,718,625,3,628,30
2020-05-12,San Luis Obispo,079,281455,310,226,3,229,1
2020-05-12,San Mateo,081,765935,1815,1533,3,1536,66
2020-05-12,Santa Barbara,083,443738,1502,1377,9,1386,10
2020-05-12,Santa Clara,085,1922200,2953,2362,10,2372,131
2020-05-12,Santa Cruz,087,273765,165,141,0,141,2
2020-05-12,Shasta,089,179085,47,33,0,33,4
2020-05-12,Sierra,091,2930,0,0,0,0,0
2020-05-12,Siskiyou,093,43540,6,5,0,5,0
2020-05-12,Solano,095,438530,444,361,0,361,4
2020-05-12,Sonoma,097,501317,387,308,0,308,4
2020-05-12,Stanislaus,099,539301,596,515,4,519,15
2020-05-12,Sutter,101,95872,41,33,0,33,2
2020-05-12,Tehama,103,63373,3,1,0,1,1
2020-05-12,Trinity,105,12862,2,1,0,1,0
2020-05-12,Tulare,107,460477,1847,1261,7,1268,52
2020-05-12,Tuolumne,109,53932,3,2,0,2,0
2020-05-12,Ventura,111,848112,1064,718,5,723,20
2020-05-12,Yolo,113,214977,198,176,0,176,22
2020-05-12,Yuba,115,75493,24,19,0,19,1
2020-05-11,Alameda,001,1643700,2541,2103,4,2107,71
2020-05-11,Alpine,003,1148,1,1,0,1,0
2020-05-11,Amador,005,37829,10,8,0,8,0
2020-05-11,Butte,007,227075,37,19,1,20,0
2020-05-11,Calaveras,009,45235,13,13,0,13,0
2020-05-11,Colusa,011,21464,3,3,0,3,0
2020-05-11,Contra Costa,013,1133247,1199,1052,1,1053,32
2020-05-11,Del Norte,015,27424,8,3,0,3,0
2020-05-11,El Dorado,017,186661,76,55,0,55,0
2020-05-11,Fresno,019,978130,1835,937,26,963,8
2020-05-11,Glenn,021,27897,10,6,0,6,0
2020-05-11,Humboldt,023,135768,77,56,0,56,0
2020-05-11,Imperial,025,180216,1174,562,0,562,9
2020-05-11,Inyo,027,18085,19,20,0,20,1
2020-05-11,Kern,029,883053,1702,1331,3,1334,17
2020-05-11,Kings,031,150075,417,289,1,290,1
2020-05-11,Lake,033,64148,12,7,0,7,0
2020-05-11,Lassen,035,31185,4,0,2,2,0
2020-05-11,Los Angeles,037,10098052,40904,32279,19,32298,1553
2020-05-11,Madera,039,155013,129,68,1,69,2
2020-05-11,Marin,041,260295,293,271,1,272,14
2020-05-11,Mariposa,043,17540,15,15,0,15,0
2020-05-11,Mendocino,045,87422,13,10,0,10,0
2020-05-11,Merced,047,269075,261,158,0,158,3
2020-05-11,Modoc,049,8938,0,0,0,0,0
2020-05-11,Mono,051,14174,35,30,0,30,1
2020-05-11,Monterey,053,433212,373,286,1,287,6
2020-05-11,Napa,055,140530,95,79,0,79,2
2020-05-11,Nevada,057,99092,41,41,1,42,1
2020-05-11,Orange,059,3164182,5526,3699,39,3738,77
2020-05-11,Placer,061,380077,191,170,0,170,8
2020-05-11,Plumas,063,18699,4,4,0,4,0
2020-05-11,Riverside,065,2383286,6071,5082,17,5099,203
2020-05-11,Sacramento,067,1510023,1224,1160,0,1160,52
2020-05-11,San Benito,069,59416,59,52,0,52,2
2020-05-11,San Bernardino,071,2135413,3680,2945,3,2948,124
2020-05-11,San Diego,073,3302833,6054,5067,0,5067,175
2020-05-11,San Francisco,075,870044,2162,1974,0,1974,35
2020-05-11,San Joaquin,077,732212,708,620,3,623,30
2020-05-11,San Luis Obispo,079,281455,308,224,3,227,1
2020-05-11,San Mateo,081,765935,1789,1499,2,1501,66
2020-05-11,Santa Barbara,083,443738,1491,1372,8,1380,10
2020-05-11,Santa Clara,085,1922200,2936,2340,10,2350,129
2020-05-11,Santa Cruz,087,273765,162,140,0,140,2
2020-05-11,Shasta,089,179085,47,31,0,31,4
2020-05-11,Sierra,091,2930,0,0,0,0,0
2020-05-11,Siskiyou,093,43540,6,5,0,5,0
2020-05-11,Solano,095,438530,439,354,0,354,4
2020-05-11,Sonoma,097,501317,377,303,0,303,3
2020-05-11,Stanislaus,099,539301,586,507,4,511,14
2020-05-11,Sutter,101,95872,40,32,0,32,2
2020-05-11,Tehama,103,63373,3,1,0,1,1
2020-05-11,Trinity,105,12862,2,1,0,1,0
2020-05-11,Tulare,107,460477,1798,1203,7,1210,49
2020-05-11,Tuolumne,109,53932,3,2,0,2,0
2020-05-11,Ventura,111,848112,1003,698,4,702,19
2020-05-11,Yolo,113,214977,198,174,0,174,20
2020-05-11,Yuba,115,75493,24,18,0,18,1
2020-05-10,Alameda,001,1643700,2464,2047,4,2051,71
2020-05-10,Alpine,003,1148,1,1,0,1,0
2020-05-10,Amador,005,37829,10,8,0,8,0
2020-05-10,Butte,007,227075,32,18,1,19,0
2020-05-10,Calaveras,009,45235,13,13,0,13,0
2020-05-10,Colusa,011,21464,3,3,0,3,0
2020-05-10,Contra Costa,013,1133247,1185,1046,0,1046,31
2020-05-10,Del Norte,015,27424,7,3,0,3,0
2020-05-10,El Dorado,017,186661,76,55,0,55,0
2020-05-10,Fresno,019,978130,1750,894,26,920,8
2020-05-10,Glenn,021,27897,10,6,0,6,0
2020-05-10,Humboldt,023,135768,73,56,0,56,0
2020-05-10,Imperial,025,180216,1079,509,0,509,7
2020-05-10,Inyo,027,18085,19,20,0,20,1
2020-05-10,Kern,029,883053,1651,1300,2,1302,16
2020-05-10,Kings,031,150075,404,266,1,267,1
2020-05-10,Lake,033,64148,12,7,0,7,0
2020-05-10,Lassen,035,31185,4,0,2,2,0
2020-05-10,Los Angeles,037,10098052,39644,31711,19,31730,1514
2020-05-10,Madera,039,155013,127,65,1,66,2
2020-05-10,Marin,041,260295,285,267,1,268,14
2020-05-10,Mariposa,043,17540,15,15,0,15,0
2020-05-10,Mendocino,045,87422,12,10,0,10,0
2020-05-10,Merced,047,269075,246,154,0,154,3
2020-05-10,Modoc,049,8938,0,0,0,0,0
2020-05-10,Mono,051,14174,35,27,0,27,1
2020-05-10,Monterey,053,433212,359,282,1,283,6
2020-05-10,Napa,055,140530,89,79,0,79,2
2020-05-10,Nevada,057,99092,41,41,1,42,1
2020-05-10,Orange,059,3164182,5383,3627,39,3666,76
2020-05-10,Placer,061,380077,190,168,0,168,8
2020-05-10,Plumas,063,18699,4,4,0,4,0
2020-05-10,Riverside,065,2383286,5949,4951,17,4968,193
2020-05-10,Sacramento,067,1510023,1208,1152,0,1152,52
2020-05-10,San Benito,069,59416,59,52,0,52,2
2020-05-10,San Bernardino,071,2135413,3582,2910,3,2913,121
2020-05-10,San Diego,073,3302833,5902,4928,0,4928,175
2020-05-10,San Francisco,075,870044,2144,1953,0,1953,35
2020-05-10,San Joaquin,077,732212,693,611,3,614,29
2020-05-10,San Luis Obispo,079,281455,305,218,3,221,1
2020-05-10,San Mateo,081,765935,1767,1463,2,1465,65
2020-05-10,Santa Barbara,083,443738,1480,1323,8,1331,10
2020-05-10,Santa Clara,085,1922200,2909,2331,10,2341,129
2020-05-10,Santa Cruz,087,273765,161,139,0,139,2
2020-05-10,Shasta,089,179085,47,31,0,31,4
2020-05-10,Sierra,091,2930,0,0,0,0,0
2020-05-10,Siskiyou,093,43540,5,5,0,5,0
2020-05-10,Solano,095,438530,429,322,0,322,4
2020-05-10,Sonoma,097,501317,367,290,0,290,3
2020-05-10,Stanislaus,099,539301,579,498,4,502,14
2020-05-10,Sutter,101,95872,37,31,0,31,2
2020-05-10,Tehama,103,63373,3,1,0,1,1
2020-05-10,Trinity,105,12862,2,1,0,1,0
2020-05-10,Tulare,107,460477,1727,1143,7,1150,47
2020-05-10,Tuolumne,109,53932,3,2,0,2,0
2020-05-10,Ventura,111,848112,945,690,2,692,19
2020-05-10,Yolo,113,214977,198,173,0,173,20
2020-05-10,Yuba,115,75493,23,17,0,17,1
2020-05-09,Alameda,001,1643700,2421,2011,4,2015,71
2020-05-09,Alpine,003,1148,1,1,0,1,0
2020-05-09,Amador,005,37829,9,8,0,8,0
2020-05-09,Butte,007,227075,31,18,1,19,0
2020-05-09,Calaveras,009,45235,13,13,0,13,0
2020-05-09,Colusa,011,21464,3,3,0,3,0
2020-05-09,Contra Costa,013,1133247,1171,1039,0,1039,31
2020-05-09,Del Norte,015,27424,7,3,0,3,0
2020-05-09,El Dorado,017,186661,73,54,0,54,0
2020-05-09,Fresno,019,978130,1712,861,25,886,8
2020-05-09,Glenn,021,27897,9,6,0,6,0
2020-05-09,Humboldt,023,135768,71,55,0,55,0
2020-05-09,Imperial,025,180216,1023,474,0,474,7
2020-05-09,Inyo,027,18085,19,20,0,20,1
2020-05-09,Kern,029,883053,1615,1262,1,1263,15
2020-05-09,Kings,031,150075,399,264,1,265,1
2020-05-09,Lake,033,64148,12,7,0,7,0
2020-05-09,Lassen,035,31185,4,0,2,2,0
2020-05-09,Los Angeles,037,10098052,39021,31268,19,31287,1499
2020-05-09,Madera,039,155013,126,61,1,62,2
2020-05-09,Marin,041,260295,284,261,1,262,14
2020-05-09,Mariposa,043,17540,15,15,0,15,0
2020-05-09,Mendocino,045,87422,12,10,0,10,0
2020-05-09,Merced,047,269075,242,153,0,153,3
2020-05-09,Modoc,049,8938,0,0,0,0,0
2020-05-09,Mono,051,14174,35,27,0,27,1
2020-05-09,Monterey,053,433212,352,273,0,273,6
2020-05-09,Napa,055,140530,88,78,0,78,2
2020-05-09,Nevada,057,99092,41,41,1,42,1
2020-05-09,Orange,059,3164182,5301,3506,38,3544,75
2020-05-09,Placer,061,380077,189,168,0,168,8
2020-05-09,Plumas,063,18699,4,4,0,4,0
2020-05-09,Riverside,065,2383286,5854,4871,17,4888,183
2020-05-09,Sacramento,067,1510023,1204,1150,0,1150,52
2020-05-09,San Benito,069,59416,58,52,0,52,2
2020-05-09,San Bernardino,071,2135413,3526,2825,3,2828,121
2020-05-09,San Diego,073,3302833,5790,4778,0,4778,175
2020-05-09,San Francisco,075,870044,2129,1944,0,1944,34
2020-05-09,San Joaquin,077,732212,684,605,3,608,28
2020-05-09,San Luis Obispo,079,281455,301,213,3,216,1
2020-05-09,San Mateo,081,765935,1748,1453,2,1455,65
2020-05-09,Santa Barbara,083,443738,1472,1245,8,1253,10
2020-05-09,Santa Clara,085,1922200,2895,2317,10,2327,128
2020-05-09,Santa Cruz,087,273765,160,138,0,138,2
2020-05-09,Shasta,089,179085,47,31,0,31,4
2020-05-09,Sierra,091,2930,0,0,0,0,0
2020-05-09,Siskiyou,093,43540,5,5,0,5,0
2020-05-09,Solano,095,438530,423,321,0,321,4
2020-05-09,Sonoma,097,501317,363,288,0,288,3
2020-05-09,Stanislaus,099,539301,571,491,4,495,12
2020-05-09,Sutter,101,95872,37,31,0,31,2
2020-05-09,Tehama,103,63373,2,1,0,1,1
2020-05-09,Trinity,105,12862,2,1,0,1,0
2020-05-09,Tulare,107,460477,1699,1083,7,1090,47
2020-05-09,Tuolumne,109,53932,3,2,0,2,0
2020-05-09,Ventura,111,848112,924,679,2,681,19
2020-05-09,Yolo,113,214977,198,172,0,172,18
2020-05-09,Yuba,115,75493,23,17,0,17,1
2020-05-08,Alameda,001,1643700,2378,1955,4,1959,70
2020-05-08,Alpine,003,1148,1,1,0,1,0
2020-05-08,Amador,005,37829,9,8,0,8,0
2020-05-08,Butte,007,227075,31,18,1,19,0
2020-05-08,Calaveras,009,45235,13,13,0,13,0
2020-05-08,Colusa,011,21464,3,3,0,3,0
2020-05-08,Contra Costa,013,1133247,1159,1024,0,1024,29
2020-05-08,Del Norte,015,27424,7,3,0,3,0
2020-05-08,El Dorado,017,186661,72,54,0,54,0
2020-05-08,Fresno,019,978130,1670,838,23,861,8
2020-05-08,Glenn,021,27897,8,6,0,6,0
2020-05-08,Humboldt,023,135768,68,54,0,54,0
2020-05-08,Imperial,025,180216,978,467,0,467,7
2020-05-08,Inyo,027,18085,19,20,0,20,1
2020-05-08,Kern,029,883053,1584,1214,1,1215,13
2020-05-08,Kings,031,150075,390,236,1,237,1
2020-05-08,Lake,033,64148,12,7,0,7,0
2020-05-08,Lassen,035,31185,4,0,2,2,0
2020-05-08,Los Angeles,037,10098052,38289,30357,19,30376,1447
2020-05-08,Madera,039,155013,123,57,1,58,2
2020-05-08,Marin,041,260295,284,257,1,258,14
2020-05-08,Mariposa,043,17540,15,15,0,15,0
2020-05-08,Mendocino,045,87422,12,10,0,10,0
2020-05-08,Merced,047,269075,241,151,0,151,3
2020-05-08,Modoc,049,8938,0,0,0,0,0
2020-05-08,Mono,051,14174,32,27,0,27,1
2020-05-08,Monterey,053,433212,344,265,0,265,6
2020-05-08,Napa,055,140530,87,78,0,78,2
2020-05-08,Nevada,057,99092,41,41,1,42,1
2020-05-08,Orange,059,3164182,5154,3395,38,3433,72
2020-05-08,Placer,061,380077,187,166,0,166,8
2020-05-08,Plumas,063,18699,4,4,0,4,0
2020-05-08,Riverside,065,2383286,5754,4672,16,4688,181
2020-05-08,Sacramento,067,1510023,1199,1145,0,1145,51
2020-05-08,San Benito,069,59416,58,51,0,51,2
2020-05-08,San Bernardino,071,2135413,3478,2631,3,2634,119
2020-05-08,San Diego,073,3302833,5683,4664,0,4664,169
2020-05-08,San Francisco,075,870044,2111,1890,0,1890,33
2020-05-08,San Joaquin,077,732212,677,595,3,598,28
2020-05-08,San Luis Obispo,079,281455,298,210,3,213,1
2020-05-08,San Mateo,081,765935,1663,1423,2,1425,62
2020-05-08,Santa Barbara,083,443738,1463,1054,6,1060,8
2020-05-08,Santa Clara,085,1922200,2872,2285,10,2295,128
2020-05-08,Santa Cruz,087,273765,156,137,0,137,2
2020-05-08,Shasta,089,179085,47,31,0,31,4
2020-05-08,Sierra,091,2930,0,0,0,0,0
2020-05-08,Siskiyou,093,43540,5,5,0,5,0
2020-05-08,Solano,095,438530,418,314,0,314,4
2020-05-08,Sonoma,097,501317,358,285,0,285,3
2020-05-08,Stanislaus,099,539301,557,487,4,491,12
2020-05-08,Sutter,101,95872,37,30,0,30,2
2020-05-08,Tehama,103,63373,2,1,0,1,1
2020-05-08,Trinity,105,12862,2,0,0,0,0
2020-05-08,Tulare,107,460477,1654,1050,6,1056,43
2020-05-08,Tuolumne,109,53932,3,2,0,2,0
2020-05-08,Ventura,111,848112,906,665,2,667,19
2020-05-08,Yolo,113,214977,197,172,0,172,18
2020-05-08,Yuba,115,75493,22,16,0,16,1
2020-05-07,Alameda,001,1643700,2318,1914,4,1918,68
2020-05-07,Alpine,003,1148,1,1,0,1,0
2020-05-07,Amador,005,37829,9,8,0,8,0
2020-05-07,Butte,007,227075,31,19,1,20,0
2020-05-07,Calaveras,009,45235,13,13,0,13,0
2020-05-07,Colusa,011,21464,3,3,0,3,0
2020-05-07,Contra Costa,013,1133247,1145,1005,0,1005,29
2020-05-07,Del Norte,015,27424,6,3,0,3,0
2020-05-07,El Dorado,017,186661,71,54,0,54,0
2020-05-07,Fresno,019,978130,1584,812,22,834,8
2020-05-07,Glenn,021,27897,8,5,0,5,0
2020-05-07,Humboldt,023,135768,67,54,0,54,0
2020-05-07,Imperial,025,180216,915,442,0,442,6
2020-05-07,Inyo,027,18085,19,20,0,20,1
2020-05-07,Kern,029,883053,1540,1176,1,1177,13
2020-05-07,Kings,031,150075,367,219,1,220,1
2020-05-07,Lake,033,64148,11,7,0,7,0
2020-05-07,Lassen,035,31185,4,0,2,2,0
2020-05-07,Los Angeles,037,10098052,37168,29544,19,29563,1399
2020-05-07,Madera,039,155013,119,54,1,55,2
2020-05-07,Marin,041,260295,277,252,1,253,14
2020-05-07,Mariposa,043,17540,15,15,0,15,0
2020-05-07,Mendocino,045,87422,12,10,0,10,0
2020-05-07,Merced,047,269075,233,146,0,146,3
2020-05-07,Modoc,049,8938,0,0,0,0,0
2020-05-07,Mono,051,14174,32,26,0,26,1
2020-05-07,Monterey,053,433212,336,249,0,249,6
2020-05-07,Napa,055,140530,87,78,0,78,2
2020-05-07,Nevada,057,99092,41,41,1,42,1
2020-05-07,Orange,059,3164182,4969,3283,37,3320,69
2020-05-07,Placer,061,380077,187,165,0,165,8
2020-05-07,Plumas,063,18699,4,4,0,4,0
2020-05-07,Riverside,065,2383286,5638,4608,16,4624,170
2020-05-07,Sacramento,067,1510023,1193,1139,0,1139,50
2020-05-07,San Benito,069,59416,58,50,0,50,2
2020-05-07,San Bernardino,071,2135413,3386,2522,3,2525,115
2020-05-07,San Diego,073,3302833,5526,4431,0,4431,165
2020-05-07,San Francisco,075,870044,2080,1852,0,1852,33
2020-05-07,San Joaquin,077,732212,664,583,3,586,28
2020-05-07,San Luis Obispo,079,281455,287,209,3,212,1
2020-05-07,San Mateo,081,765935,1641,1398,2,1400,58
2020-05-07,Santa Barbara,083,443738,1436,720,5,725,8
2020-05-07,Santa Clara,085,1922200,2834,2281,10,2291,127
2020-05-07,Santa Cruz,087,273765,153,136,0,136,2
2020-05-07,Shasta,089,179085,46,31,0,31,4
2020-05-07,Sierra,091,2930,0,0,0,0,0
2020-05-07,Siskiyou,093,43540,5,5,0,5,0
2020-05-07,Solano,095,438530,412,307,0,307,4
2020-05-07,Sonoma,097,501317,346,282,0,282,3
2020-05-07,Stanislaus,099,539301,548,466,4,470,10
2020-05-07,Sutter,101,95872,37,29,0,29,2
2020-05-07,Tehama,103,63373,2,1,0,1,1
2020-05-07,Trinity,105,12862,2,0,0,0,0
2020-05-07,Tulare,107,460477,1586,1001,6,1007,41
2020-05-07,Tuolumne,109,53932,3,2,0,2,0
2020-05-07,Ventura,111,848112,882,647,1,648,19
2020-05-07,Yolo,113,214977,196,172,0,172,18
2020-05-07,Yuba,115,75493,22,16,0,16,1
2020-05-06,Alameda,001,1643700,2280,1864,4,1868,67
2020-05-06,Alpine,003,1148,1,1,0,1,0
2020-05-06,Amador,005,37829,9,8,0,8,0
2020-05-06,Butte,007,227075,30,19,1,20,0
2020-05-06,Calaveras,009,45235,13,13,0,13,0
2020-05-06,Colusa,011,21464,3,3,0,3,0
2020-05-06,Contra Costa,013,1133247,1124,990,0,990,29
2020-05-06,Del Norte,015,27424,6,3,0,3,0
2020-05-06,El Dorado,017,186661,69,53,0,53,0
2020-05-06,Fresno,019,978130,1521,773,20,793,8
2020-05-06,Glenn,021,27897,8,3,0,3,0
2020-05-06,Humboldt,023,135768,66,54,0,54,0
2020-05-06,Imperial,025,180216,847,399,0,399,6
2020-05-06,Inyo,027,18085,19,20,0,20,1
2020-05-06,Kern,029,883053,1484,1112,1,1113,12
2020-05-06,Kings,031,150075,349,208,1,209,1
2020-05-06,Lake,033,64148,11,7,0,7,0
2020-05-06,Lassen,035,31185,4,0,2,2,0
2020-05-06,Los Angeles,037,10098052,36163,28687,19,28706,1347
2020-05-06,Madera,039,155013,117,55,1,56,2
2020-05-06,Marin,041,260295,270,244,1,245,14
2020-05-06,Mariposa,043,17540,15,14,0,14,0
2020-05-06,Mendocino,045,87422,12,10,0,10,0
2020-05-06,Merced,047,269075,226,140,0,140,3
2020-05-06,Modoc,049,8938,0,0,0,0,0
2020-05-06,Mono,051,14174,32,26,0,26,1
2020-05-06,Monterey,053,433212,328,246,0,246,6
2020-05-06,Napa,055,140530,86,78,0,78,2
2020-05-06,Nevada,057,99092,41,41,1,42,1
2020-05-06,Orange,059,3164182,4785,3156,36,3192,66
2020-05-06,Placer,061,380077,184,164,0,164,8
2020-05-06,Plumas,063,18699,4,4,0,4,0
2020-05-06,Riverside,065,2383286,5494,4535,16,4551,163
2020-05-06,Sacramento,067,1510023,1187,1135,0,1135,49
2020-05-06,San Benito,069,59416,57,50,0,50,2
2020-05-06,San Bernardino,071,2135413,3264,2426,2,2428,110
2020-05-06,San Diego,073,3302833,5393,4321,0,4321,158
2020-05-06,San Francisco,075,870044,2055,1804,0,1804,32
2020-05-06,San Joaquin,077,732212,651,581,3,584,28
2020-05-06,San Luis Obispo,079,281455,284,207,3,210,1
2020-05-06,San Mateo,081,765935,1610,1348,2,1350,57
2020-05-06,Santa Barbara,083,443738,1395,565,4,569,8
2020-05-06,Santa Clara,085,1922200,2817,2270,9,2279,127
2020-05-06,Santa Cruz,087,273765,149,135,0,135,2
2020-05-06,Shasta,089,179085,45,31,0,31,4
2020-05-06,Sierra,091,2930,0,0,0,0,0
2020-05-06,Siskiyou,093,43540,5,5,0,5,0
2020-05-06,Solano,095,438530,402,300,0,300,4
2020-05-06,Sonoma,097,501317,330,269,0,269,3
2020-05-06,Stanislaus,099,539301,532,434,4,438,9
2020-05-06,Sutter,101,95872,37,29,0,29,2
2020-05-06,Tehama,103,63373,2,1,0,1,1
2020-05-06,Trinity,105,12862,2,0,0,0,0
2020-05-06,Tulare,107,460477,1538,963,6,969,40
2020-05-06,Tuolumne,109,53932,3,2,0,2,0
2020-05-06,Ventura,111,848112,855,619,1,620,19
2020-05-06,Yolo,113,214977,195,172,0,172,18
2020-05-06,Yuba,115,75493,22,15,0,15,1
2020-05-05,Alameda,001,1643700,2237,1819,4,1823,67
2020-05-05,Alpine,003,1148,1,1,0,1,0
2020-05-05,Amador,005,37829,9,8,0,8,0
2020-05-05,Butte,007,227075,29,19,1,20,0
2020-05-05,Calaveras,009,45235,13,13,0,13,0
2020-05-05,Colusa,011,21464,3,3,0,3,0
2020-05-05,Contra Costa,013,1133247,1106,976,0,976,29
2020-05-05,Del Norte,015,27424,6,3,0,3,0
2020-05-05,El Dorado,017,186661,67,54,0,54,0
2020-05-05,Fresno,019,978130,1448,726,18,744,8
2020-05-05,Glenn,021,27897,8,3,0,3,0
2020-05-05,Humboldt,023,135768,63,54,0,54,0
2020-05-05,Imperial,025,180216,792,389,0,389,6
2020-05-05,Inyo,027,18085,19,20,0,20,1
2020-05-05,Kern,029,883053,1432,1084,1,1085,11
2020-05-05,Kings,031,150075,331,187,1,188,1
2020-05-05,Lake,033,64148,10,7,0,7,0
2020-05-05,Lassen,035,31185,4,0,2,2,0
2020-05-05,Los Angeles,037,10098052,35091,27867,19,27886,1289
2020-05-05,Madera,039,155013,113,53,1,54,2
2020-05-05,Marin,041,260295,264,244,1,245,14
2020-05-05,Mariposa,043,17540,15,14,0,14,0
2020-05-05,Mendocino,045,87422,12,10,0,10,0
2020-05-05,Merced,047,269075,221,141,0,141,3
2020-05-05,Modoc,049,8938,0,0,0,0,0
2020-05-05,Mono,051,14174,32,25,0,25,1
2020-05-05,Monterey,053,433212,314,240,0,240,6
2020-05-05,Napa,055,140530,86,74,0,74,2
2020-05-05,Nevada,057,99092,41,41,1,42,1
2020-05-05,Orange,059,3164182,4661,3041,36,3077,63
2020-05-05,Placer,061,380077,184,162,0,162,8
2020-05-05,Plumas,063,18699,4,4,0,4,0
2020-05-05,Riverside,065,2383286,5384,4309,16,4325,161
2020-05-05,Sacramento,067,1510023,1180,1125,0,1125,48
2020-05-05,San Benito,069,59416,56,50,0,50,2
2020-05-05,San Bernardino,071,2135413,3171,2345,2,2347,104
2020-05-05,San Diego,073,3302833,5250,4162,0,4162,150
2020-05-05,San Francisco,075,870044,2020,1779,0,1779,31
2020-05-05,San Joaquin,077,732212,642,577,3,580,26
2020-05-05,San Luis Obispo,079,281455,282,203,3,206,1
2020-05-05,San Mateo,081,765935,1578,1335,2,1337,56
2020-05-05,Santa Barbara,083,443738,1174,541,4,545,7
2020-05-05,Santa Clara,085,1922200,2771,2249,8,2257,124
2020-05-05,Santa Cruz,087,273765,146,134,0,134,2
2020-05-05,Shasta,089,179085,44,31,0,31,4
2020-05-05,Sierra,091,2930,0,0,0,0,0
2020-05-05,Siskiyou,093,43540,5,5,0,5,0
2020-05-05,Solano,095,438530,386,299,0,299,4
2020-05-05,Sonoma,097,501317,327,263,0,263,3
2020-05-05,Stanislaus,099,539301,520,430,4,434,9
2020-05-05,Sutter,101,95872,36,29,0,29,2
2020-05-05,Tehama,103,63373,2,1,0,1,1
2020-05-05,Trinity,105,12862,2,0,0,0,0
2020-05-05,Tulare,107,460477,1440,869,6,875,40
2020-05-05,Tuolumne,109,53932,3,2,0,2,0
2020-05-05,Ventura,111,848112,831,607,1,608,19
2020-05-05,Yolo,113,214977,193,171,0,171,18
2020-05-05,Yuba,115,75493,22,15,0,15,1
2020-05-04,Alameda,001,1643700,2178,1762,3,1765,65
2020-05-04,Alpine,003,1148,1,1,0,1,0
2020-05-04,Amador,005,37829,8,8,0,8,0
2020-05-04,Butte,007,227075,28,16,1,17,0
2020-05-04,Calaveras,009,45235,13,13,0,13,0
2020-05-04,Colusa,011,21464,3,3,0,3,0
2020-05-04,Contra Costa,013,1133247,1088,949,0,949,28
2020-05-04,Del Norte,015,27424,5,3,0,3,0
2020-05-04,El Dorado,017,186661,66,51,0,51,0
2020-05-04,Fresno,019,978130,1378,680,17,697,8
2020-05-04,Glenn,021,27897,8,4,0,4,0
2020-05-04,Humboldt,023,135768,61,54,0,54,0
2020-05-04,Imperial,025,180216,740,351,0,351,6
2020-05-04,Inyo,027,18085,19,20,0,20,1
2020-05-04,Kern,029,883053,1390,1047,1,1048,8
2020-05-04,Kings,031,150075,314,153,1,154,1
2020-05-04,Lake,033,64148,9,7,0,7,0
2020-05-04,Lassen,035,31185,3,0,2,2,0
2020-05-04,Los Angeles,037,10098052,33791,26243,17,26260,1235
2020-05-04,Madera,039,155013,110,52,1,53,2
2020-05-04,Marin,041,260295,259,244,1,245,13
2020-05-04,Mariposa,043,17540,15,13,0,13,0
2020-05-04,Mendocino,045,87422,12,10,0,10,0
2020-05-04,Merced,047,269075,221,138,0,138,3
2020-05-04,Modoc,049,8938,0,0,0,0,0
2020-05-04,Mono,051,14174,32,25,0,25,1
2020-05-04,Monterey,053,433212,303,237,0,237,6
2020-05-04,Napa,055,140530,86,72,0,72,2
2020-05-04,Nevada,057,99092,41,41,1,42,1
2020-05-04,Orange,059,3164182,4523,2931,33,2964,57
2020-05-04,Placer,061,380077,182,162,0,162,8
2020-05-04,Plumas,063,18699,4,4,0,4,0
2020-05-04,Riverside,065,2383286,5290,4221,16,4237,147
2020-05-04,Sacramento,067,1510023,1170,1119,0,1119,44
2020-05-04,San Benito,069,59416,54,49,0,49,2
2020-05-04,San Bernardino,071,2135413,3031,2184,2,2186,99
2020-05-04,San Diego,073,3302833,5109,4022,0,4022,144
2020-05-04,San Francisco,075,870044,1982,1760,0,1760,31
2020-05-04,San Joaquin,077,732212,628,574,3,577,26
2020-05-04,San Luis Obispo,079,281455,279,202,3,205,1
2020-05-04,San Mateo,081,765935,1553,1313,2,1315,53
2020-05-04,Santa Barbara,083,443738,927,524,4,528,7
2020-05-04,Santa Clara,085,1922200,2756,2238,8,2246,119
2020-05-04,Santa Cruz,087,273765,145,133,0,133,2
2020-05-04,Shasta,089,179085,42,31,0,31,4
2020-05-04,Sierra,091,2930,0,0,0,0,0
2020-05-04,Siskiyou,093,43540,5,5,0,5,0
2020-05-04,Solano,095,438530,372,293,0,293,4
2020-05-04,Sonoma,097,501317,313,256,0,256,4
2020-05-04,Stanislaus,099,539301,514,422,4,426,8
2020-05-04,Sutter,101,95872,33,28,0,28,2
2020-05-04,Tehama,103,63373,2,1,0,1,1
2020-05-04,Trinity,105,12862,1,0,0,0,0
2020-05-04,Tulare,107,460477,1361,760,6,766,40
2020-05-04,Tuolumne,109,53932,3,3,0,3,0
2020-05-04,Ventura,111,848112,810,590,1,591,19
2020-05-04,Yolo,113,214977,192,171,0,171,18
2020-05-04,Yuba,115,75493,19,16,0,16,1
2020-05-03,Alameda,001,1643700,2121,1731,3,1734,64
2020-05-03,Alpine,003,1148,1,1,0,1,0
2020-05-03,Amador,005,37829,8,8,0,8,0
2020-05-03,Butte,007,227075,28,17,1,18,0
2020-05-03,Calaveras,009,45235,13,13,0,13,0
2020-05-03,Colusa,011,21464,3,3,0,3,0
2020-05-03,Contra Costa,013,1133247,1072,945,0,945,28
2020-05-03,Del Norte,015,27424,5,3,0,3,0
2020-05-03,El Dorado,017,186661,64,49,0,49,0
2020-05-03,Fresno,019,978130,1286,646,15,661,8
2020-05-03,Glenn,021,27897,7,5,0,5,0
2020-05-03,Humboldt,023,135768,60,54,0,54,0
2020-05-03,Imperial,025,180216,684,351,0,351,6
2020-05-03,Inyo,027,18085,19,20,0,20,1
2020-05-03,Kern,029,883053,1335,1025,1,1026,8
2020-05-03,Kings,031,150075,294,137,1,138,1
2020-05-03,Lake,033,64148,9,7,0,7,0
2020-05-03,Lassen,035,31185,3,0,2,2,0
2020-05-03,Los Angeles,037,10098052,32806,25708,17,25725,1210
2020-05-03,Madera,039,155013,103,46,1,47,2
2020-05-03,Marin,041,260295,254,243,1,244,13
2020-05-03,Mariposa,043,17540,15,13,0,13,0
2020-05-03,Mendocino,045,87422,12,10,0,10,0
2020-05-03,Merced,047,269075,213,134,0,134,3
2020-05-03,Modoc,049,8938,0,0,0,0,0
2020-05-03,Mono,051,14174,32,25,0,25,1
2020-05-03,Monterey,053,433212,294,235,0,235,6
2020-05-03,Napa,055,140530,86,72,0,72,2
2020-05-03,Nevada,057,99092,41,41,1,42,1
2020-05-03,Orange,059,3164182,4349,2859,32,2891,55
2020-05-03,Placer,061,380077,182,161,0,161,8
2020-05-03,Plumas,063,18699,4,4,0,4,0
2020-05-03,Riverside,065,2383286,5185,4034,16,4050,139
2020-05-03,Sacramento,067,1510023,1161,1109,0,1109,43
2020-05-03,San Benito,069,59416,54,49,0,49,2
2020-05-03,San Bernardino,071,2135413,2970,2123,2,2125,99
2020-05-03,San Diego,073,3302833,4972,3929,0,3929,142
2020-05-03,San Francisco,075,870044,1953,1692,0,1692,30
2020-05-03,San Joaquin,077,732212,621,570,3,573,26
2020-05-03,San Luis Obispo,079,281455,276,200,3,203,1
2020-05-03,San Mateo,081,765935,1525,1277,2,1279,53
2020-05-03,Santa Barbara,083,443738,568,512,4,516,7
2020-05-03,Santa Clara,085,1922200,2719,2235,8,2243,116
2020-05-03,Santa Cruz,087,273765,145,133,0,133,2
2020-05-03,Shasta,089,179085,40,31,0,31,4
2020-05-03,Sierra,091,2930,0,0,0,0,0
2020-05-03,Siskiyou,093,43540,5,5,0,5,0
2020-05-03,Solano,095,438530,362,266,0,266,4
2020-05-03,Sonoma,097,501317,304,254,0,254,4
2020-05-03,Stanislaus,099,539301,486,411,4,415,8
2020-05-03,Sutter,101,95872,31,28,0,28,2
2020-05-03,Tehama,103,63373,2,1,0,1,1
2020-05-03,Trinity,105,12862,1,0,0,0,0
2020-05-03,Tulare,107,460477,1282,736,6,742,40
2020-05-03,Tuolumne,109,53932,3,3,0,3,0
2020-05-03,Ventura,111,848112,776,583,1,584,19
2020-05-03,Yolo,113,214977,191,171,0,171,18
2020-05-03,Yuba,115,75493,19,16,0,16,1
2020-05-02,Alameda,001,1643700,2084,1678,3,1681,63
2020-05-02,Alpine,003,1148,1,1,0,1,0
2020-05-02,Amador,005,37829,8,8,0,8,0
2020-05-02,Butte,007,227075,28,17,1,18,0
2020-05-02,Calaveras,009,45235,13,13,0,13,0
2020-05-02,Colusa,011,21464,3,3,0,3,0
2020-05-02,Contra Costa,013,1133247,1054,929,0,929,28
2020-05-02,Del Norte,015,27424,5,3,0,3,0
2020-05-02,El Dorado,017,186661,64,47,0,47,0
2020-05-02,Fresno,019,978130,1260,629,14,643,8
2020-05-02,Glenn,021,27897,7,5,0,5,0
2020-05-02,Humboldt,023,135768,60,54,0,54,0
2020-05-02,Imperial,025,180216,657,345,0,345,6
2020-05-02,Inyo,027,18085,19,20,0,20,1
2020-05-02,Kern,029,883053,1309,1007,1,1008,8
2020-05-02,Kings,031,150075,291,120,1,121,1
2020-05-02,Lake,033,64148,9,7,0,7,0
2020-05-02,Lassen,035,31185,3,0,2,2,0
2020-05-02,Los Angeles,037,10098052,32276,24955,17,24972,1192
2020-05-02,Madera,039,155013,103,46,1,47,2
2020-05-02,Marin,041,260295,253,243,1,244,13
2020-05-02,Mariposa,043,17540,15,13,0,13,0
2020-05-02,Mendocino,045,87422,12,10,0,10,0
2020-05-02,Merced,047,269075,210,131,0,131,3
2020-05-02,Modoc,049,8938,0,0,0,0,0
2020-05-02,Mono,051,14174,32,25,0,25,1
2020-05-02,Monterey,053,433212,288,225,0,225,5
2020-05-02,Napa,055,140530,86,71,0,71,2
2020-05-02,Nevada,057,99092,41,41,1,42,1
2020-05-02,Orange,059,3164182,4235,2774,32,2806,52
2020-05-02,Placer,061,380077,180,150,0,150,8
2020-05-02,Plumas,063,18699,4,4,0,4,0
2020-05-02,Riverside,065,2383286,5119,3997,16,4013,137
2020-05-02,Sacramento,067,1510023,1158,1097,0,1097,43
2020-05-02,San Benito,069,59416,54,49,0,49,2
2020-05-02,San Bernardino,071,2135413,2931,2124,2,2126,99
2020-05-02,San Diego,073,3302833,4870,3844,0,3844,138
2020-05-02,San Francisco,075,870044,1930,1632,0,1632,29
2020-05-02,San Joaquin,077,732212,613,559,3,562,25
2020-05-02,San Luis Obispo,079,281455,270,193,3,196,1
2020-05-02,San Mateo,081,765935,1509,1272,2,1274,52
2020-05-02,Santa Barbara,083,443738,560,506,4,510,7
2020-05-02,Santa Clara,085,1922200,2709,2203,8,2211,115
2020-05-02,Santa Cruz,087,273765,144,131,0,131,2
2020-05-02,Shasta,089,179085,40,31,0,31,4
2020-05-02,Sierra,091,2930,0,0,0,0,0
2020-05-02,Siskiyou,093,43540,5,5,0,5,0
2020-05-02,Solano,095,438530,355,267,0,267,4
2020-05-02,Sonoma,097,501317,301,250,0,250,3
2020-05-02,Stanislaus,099,539301,478,388,4,392,8
2020-05-02,Sutter,101,95872,31,28,0,28,2
2020-05-02,Tehama,103,63373,2,1,0,1,1
2020-05-02,Trinity,105,12862,1,0,0,0,0
2020-05-02,Tulare,107,460477,1239,711,6,717,35
2020-05-02,Tuolumne,109,53932,3,3,0,3,0
2020-05-02,Ventura,111,848112,762,564,1,565,19
2020-05-02,Yolo,113,214977,191,169,0,169,17
2020-05-02,Yuba,115,75493,19,16,0,16,1
2020-05-01,Alameda,001,1643700,2047,1630,3,1633,63
2020-05-01,Alpine,003,1148,1,1,0,1,0
2020-05-01,Amador,005,37829,8,8,0,8,0
2020-05-01,Butte,007,227075,28,17,1,18,0
2020-05-01,Calaveras,009,45235,13,13,0,13,0
2020-05-01,Colusa,011,21464,3,3,0,3,0
2020-05-01,Contra Costa,013,1133247,1040,915,0,915,28
2020-05-01,Del Norte,015,27424,5,3,0,3,0
2020-05-01,El Dorado,017,186661,64,47,0,47,0
2020-05-01,Fresno,019,978130,1229,617,14,631,7
2020-05-01,Glenn,021,27897,7,4,0,4,0
2020-05-01,Humboldt,023,135768,60,54,0,54,0
2020-05-01,Imperial,025,180216,620,337,0,337,6
2020-05-01,Inyo,027,18085,19,20,0,20,1
2020-05-01,Kern,029,883053,1282,972,1,973,8
2020-05-01,Kings,031,150075,274,112,1,113,1
2020-05-01,Lake,033,64148,9,6,0,6,0
2020-05-01,Lassen,035,31185,3,0,2,2,0
2020-05-01,Los Angeles,037,10098052,31519,24306,17,24323,1155
2020-05-01,Madera,039,155013,99,46,1,47,2
2020-05-01,Marin,041,260295,253,242,1,243,13
2020-05-01,Mariposa,043,17540,15,10,0,10,0
2020-05-01,Mendocino,045,87422,12,11,0,11,0
2020-05-01,Merced,047,269075,207,131,0,131,3
2020-05-01,Modoc,049,8938,0,0,0,0,0
2020-05-01,Mono,051,14174,32,25,0,25,1
2020-05-01,Monterey,053,433212,284,222,0,222,5
2020-05-01,Napa,055,140530,86,69,0,69,2
2020-05-01,Nevada,057,99092,41,41,1,42,1
2020-05-01,Orange,059,3164182,4158,2660,30,2690,51
2020-05-01,Placer,061,380077,179,149,0,149,8
2020-05-01,Plumas,063,18699,4,4,0,4,0
2020-05-01,Riverside,065,2383286,5055,3893,16,3909,132
2020-05-01,Sacramento,067,1510023,1153,1081,0,1081,43
2020-05-01,San Benito,069,59416,54,49,0,49,2
2020-05-01,San Bernardino,071,2135413,2876,2084,2,2086,98
2020-05-01,San Diego,073,3302833,4779,3713,0,3713,134
2020-05-01,San Francisco,075,870044,1886,1552,0,1552,29
2020-05-01,San Joaquin,077,732212,609,554,3,557,25
2020-05-01,San Luis Obispo,079,281455,267,186,3,189,1
2020-05-01,San Mateo,081,765935,1487,1222,2,1224,52
2020-05-01,Santa Barbara,083,443738,554,499,3,502,7
2020-05-01,Santa Clara,085,1922200,2697,2176,8,2184,112
2020-05-01,Santa Cruz,087,273765,144,127,0,127,2
2020-05-01,Shasta,089,179085,40,31,0,31,4
2020-05-01,Sierra,091,2930,0,0,0,0,0
2020-05-01,Siskiyou,093,43540,5,5,0,5,0
2020-05-01,Solano,095,438530,347,266,0,266,4
2020-05-01,Sonoma,097,501317,298,242,0,242,3
2020-05-01,Stanislaus,099,539301,473,384,4,388,8
2020-05-01,Sutter,101,95872,31,28,0,28,2
2020-05-01,Tehama,103,63373,2,1,0,1,1
2020-05-01,Trinity,105,12862,1,0,0,0,0
2020-05-01,Tulare,107,460477,1195,685,6,691,32
2020-05-01,Tuolumne,109,53932,3,3,0,3,0
2020-05-01,Ventura,111,848112,749,556,1,557,18
2020-05-01,Yolo,113,214977,191,165,0,165,18
2020-05-01,Yuba,115,75493,19,16,0,16,1
2020-04-30,Alameda,001,1643700,1987,1599,3,1602,60
2020-04-30,Alpine,003,1148,1,1,0,1,0
2020-04-30,Amador,005,37829,8,8,0,8,0
2020-04-30,Butte,007,227075,28,16,1,17,0
2020-04-30,Calaveras,009,45235,13,13,0,13,0
2020-04-30,Colusa,011,21464,3,3,0,3,0
2020-04-30,Contra Costa,013,1133247,1018,900,0,900,25
2020-04-30,Del Norte,015,27424,4,3,0,3,0
2020-04-30,El Dorado,017,186661,64,44,0,44,0
2020-04-30,Fresno,019,978130,1163,562,11,573,7
2020-04-30,Glenn,021,27897,7,4,0,4,0
2020-04-30,Humboldt,023,135768,60,54,0,54,0
2020-04-30,Imperial,025,180216,574,322,0,322,6
2020-04-30,Inyo,027,18085,19,20,0,20,1
2020-04-30,Kern,029,883053,1250,941,1,942,8
2020-04-30,Kings,031,150075,262,87,1,88,1
2020-04-30,Lake,033,64148,9,6,0,6,0
2020-04-30,Lassen,035,31185,3,0,2,2,0
2020-04-30,Los Angeles,037,10098052,30512,23284,17,23301,1099
2020-04-30,Madera,039,155013,88,46,1,47,2
2020-04-30,Marin,041,260295,253,240,1,241,13
2020-04-30,Mariposa,043,17540,15,3,0,3,0
2020-04-30,Mendocino,045,87422,12,11,0,11,0
2020-04-30,Merced,047,269075,200,122,0,122,3
2020-04-30,Modoc,049,8938,0,0,0,0,0
2020-04-30,Mono,051,14174,31,25,0,25,1
2020-04-30,Monterey,053,433212,274,213,0,213,5
2020-04-30,Napa,055,140530,84,69,0,69,2
2020-04-30,Nevada,057,99092,41,41,1,42,1
2020-04-30,Orange,059,3164182,3935,2591,27,2618,46
2020-04-30,Placer,061,380077,178,148,0,148,8
2020-04-30,Plumas,063,18699,4,4,0,4,0
2020-04-30,Riverside,065,2383286,4955,3820,15,3835,124
2020-04-30,Sacramento,067,1510023,1147,1071,0,1071,43
2020-04-30,San Benito,069,59416,54,48,0,48,2
2020-04-30,San Bernardino,071,2135413,2674,2020,2,2022,96
2020-04-30,San Diego,073,3302833,4608,3566,0,3566,124
2020-04-30,San Francisco,075,870044,1852,1518,0,1518,26
2020-04-30,San Joaquin,077,732212,601,548,3,551,25
2020-04-30,San Luis Obispo,079,281455,264,182,3,185,1
2020-04-30,San Mateo,081,765935,1457,1194,2,1196,52
2020-04-30,Santa Barbara,083,443738,542,490,3,493,7
2020-04-30,Santa Clara,085,1922200,2657,2172,8,2180,111
2020-04-30,Santa Cruz,087,273765,143,126,0,126,2
2020-04-30,Shasta,089,179085,39,31,0,31,4
2020-04-30,Sierra,091,2930,0,0,0,0,0
2020-04-30,Siskiyou,093,43540,5,5,0,5,0
2020-04-30,Solano,095,438530,337,262,0,262,4
2020-04-30,Sonoma,097,501317,289,233,0,233,3
2020-04-30,Stanislaus,099,539301,466,378,4,382,7
2020-04-30,Sutter,101,95872,31,28,0,28,2
2020-04-30,Tehama,103,63373,1,1,0,1,1
2020-04-30,Trinity,105,12862,1,0,0,0,0
2020-04-30,Tulare,107,460477,1129,637,6,643,31
2020-04-30,Tuolumne,109,53932,3,3,0,3,0
2020-04-30,Ventura,111,848112,721,547,1,548,18
2020-04-30,Yolo,113,214977,190,164,0,164,16
2020-04-30,Yuba,115,75493,19,15,0,15,1
2020-04-29,Alameda,001,1643700,1929,1564,2,1566,60
2020-04-29,Alpine,003,1148,1,1,0,1,0
2020-04-29,Amador,005,37829,8,8,0,8,0
2020-04-29,Butte,007,227075,28,16,1,17,0
2020-04-29,Calaveras,009,45235,13,13,0,13,0
2020-04-29,Colusa,011,21464,3,3,0,3,0
2020-04-29,Contra Costa,013,1133247,999,885,0,885,25
2020-04-29,Del Norte,015,27424,4,3,0,3,0
2020-04-29,El Dorado,017,186661,62,44,0,44,0
2020-04-29,Fresno,019,978130,1111,544,11,555,7
2020-04-29,Glenn,021,27897,7,4,0,4,0
2020-04-29,Humboldt,023,135768,60,53,0,53,0
2020-04-29,Imperial,025,180216,544,300,0,300,6
2020-04-29,Inyo,027,18085,19,20,0,20,1
2020-04-29,Kern,029,883053,1207,910,1,911,6
2020-04-29,Kings,031,150075,243,80,1,81,1
2020-04-29,Lake,033,64148,9,6,0,6,0
2020-04-29,Lassen,035,31185,3,0,2,2,0
2020-04-29,Los Angeles,037,10098052,29535,22560,16,22576,1043
2020-04-29,Madera,039,155013,86,45,1,46,2
2020-04-29,Marin,041,260295,250,234,1,235,13
2020-04-29,Mariposa,043,17540,15,1,0,1,0
2020-04-29,Mendocino,045,87422,12,11,0,11,0
2020-04-29,Merced,047,269075,193,116,0,116,3
2020-04-29,Modoc,049,8938,0,0,0,0,0
2020-04-29,Mono,051,14174,31,25,0,25,1
2020-04-29,Monterey,053,433212,266,204,0,204,5
2020-04-29,Napa,055,140530,82,68,0,68,2
2020-04-29,Nevada,057,99092,41,41,1,42,1
2020-04-29,Orange,059,3164182,3800,2421,26,2447,43
2020-04-29,Placer,061,380077,176,145,0,145,8
2020-04-29,Plumas,063,18699,4,4,0,4,0
2020-04-29,Riverside,065,2383286,4878,3700,15,3715,116
2020-04-29,Sacramento,067,1510023,1125,1055,0,1055,41
2020-04-29,San Benito,069,59416,54,48,0,48,2
2020-04-29,San Bernardino,071,2135413,2587,1975,1,1976,91
2020-04-29,San Diego,073,3302833,4466,3434,0,3434,120
2020-04-29,San Francisco,075,870044,1824,1489,0,1489,23
2020-04-29,San Joaquin,077,732212,593,540,3,543,25
2020-04-29,San Luis Obispo,079,281455,262,181,3,184,1
2020-04-29,San Mateo,081,765935,1431,1170,2,1172,50
2020-04-29,Santa Barbara,083,443738,529,477,3,480,7
2020-04-29,Santa Clara,085,1922200,2630,2147,8,2155,108
2020-04-29,Santa Cruz,087,273765,142,124,0,124,2
2020-04-29,Shasta,089,179085,38,31,0,31,4
2020-04-29,Sierra,091,2930,0,0,0,0,0
2020-04-29,Siskiyou,093,43540,5,5,0,5,0
2020-04-29,Solano,095,438530,313,252,0,252,3
2020-04-29,Sonoma,097,501317,281,230,0,230,2
2020-04-29,Stanislaus,099,539301,453,374,4,378,5
2020-04-29,Sutter,101,95872,31,28,0,28,2
2020-04-29,Tehama,103,63373,1,1,0,1,1
2020-04-29,Trinity,105,12862,1,0,0,0,0
2020-04-29,Tulare,107,460477,1056,615,5,620,30
2020-04-29,Tuolumne,109,53932,3,4,0,4,0
2020-04-29,Ventura,111,848112,697,530,1,531,18
2020-04-29,Yolo,113,214977,187,161,0,161,11
2020-04-29,Yuba,115,75493,19,15,0,15,1
2020-04-28,Alameda,001,1643700,1872,1525,2,1527,55
2020-04-28,Alpine,003,1148,1,1,0,1,0
2020-04-28,Amador,005,37829,8,8,0,8,0
2020-04-28,Butte,007,227075,28,16,1,17,0
2020-04-28,Calaveras,009,45235,13,13,0,13,0
2020-04-28,Colusa,011,21464,3,3,0,3,0
2020-04-28,Contra Costa,013,1133247,992,866,0,866,25
2020-04-28,Del Norte,015,27424,4,3,0,3,0
2020-04-28,El Dorado,017,186661,61,43,0,43,0
2020-04-28,Fresno,019,978130,1060,525,9,534,7
2020-04-28,Glenn,021,27897,5,4,0,4,0
2020-04-28,Humboldt,023,135768,59,53,0,53,0
2020-04-28,Imperial,025,180216,510,295,0,295,6
2020-04-28,Inyo,027,18085,19,20,0,20,1
2020-04-28,Kern,029,883053,1164,882,1,883,5
2020-04-28,Kings,031,150075,230,57,1,58,1
2020-04-28,Lake,033,64148,9,6,0,6,0
2020-04-28,Lassen,035,31185,3,0,2,2,0
2020-04-28,Los Angeles,037,10098052,28470,21029,16,21045,984
2020-04-28,Madera,039,155013,86,44,1,45,2
2020-04-28,Marin,041,260295,249,228,1,229,12
2020-04-28,Mariposa,043,17540,15,0,0,0,0
2020-04-28,Mendocino,045,87422,12,10,0,10,0
2020-04-28,Merced,047,269075,186,108,0,108,3
2020-04-28,Modoc,049,8938,0,0,0,0,0
2020-04-28,Mono,051,14174,31,25,0,25,1
2020-04-28,Monterey,053,433212,260,191,0,191,5
2020-04-28,Napa,055,140530,81,67,0,67,2
2020-04-28,Nevada,057,99092,41,41,1,42,1
2020-04-28,Orange,059,3164182,3637,2324,25,2349,42
2020-04-28,Placer,061,380077,166,143,0,143,8
2020-04-28,Plumas,063,18699,4,4,0,4,0
2020-04-28,Riverside,065,2383286,4783,3504,15,3519,113
2020-04-28,Sacramento,067,1510023,1110,1044,0,1044,41
2020-04-28,San Benito,069,59416,52,46,0,46,2
2020-04-28,San Bernardino,071,2135413,2510,1891,1,1892,89
2020-04-28,San Diego,073,3302833,4336,3316,0,3316,118
2020-04-28,San Francisco,075,870044,1789,1471,0,1471,23
2020-04-28,San Joaquin,077,732212,587,532,3,535,25
2020-04-28,San Luis Obispo,079,281455,255,172,3,175,1
2020-04-28,San Mateo,081,765935,1418,1129,2,1131,48
2020-04-28,Santa Barbara,083,443738,524,469,2,471,7
2020-04-28,Santa Clara,085,1922200,2596,2130,8,2138,106
2020-04-28,Santa Cruz,087,273765,142,123,0,123,2
2020-04-28,Shasta,089,179085,38,29,0,29,4
2020-04-28,Sierra,091,2930,0,0,0,0,0
2020-04-28,Siskiyou,093,43540,5,5,0,5,0
2020-04-28,Solano,095,438530,294,246,0,246,3
2020-04-28,Sonoma,097,501317,278,226,0,226,1
2020-04-28,Stanislaus,099,539301,437,330,4,334,5
2020-04-28,Sutter,101,95872,31,25,0,25,2
2020-04-28,Tehama,103,63373,1,1,0,1,1
2020-04-28,Trinity,105,12862,1,0,0,0,0
2020-04-28,Tulare,107,460477,960,579,5,584,30
2020-04-28,Tuolumne,109,53932,3,4,0,4,0
2020-04-28,Ventura,111,848112,677,517,1,518,17
2020-04-28,Yolo,113,214977,187,160,0,160,10
2020-04-28,Yuba,115,75493,19,15,0,15,1
2020-04-27,Alameda,001,1643700,1812,1494,2,1496,53
2020-04-27,Alpine,003,1148,1,1,0,1,0
2020-04-27,Amador,005,37829,8,8,0,8,0
2020-04-27,Butte,007,227075,27,16,1,17,0
2020-04-27,Calaveras,009,45235,13,13,0,13,0
2020-04-27,Colusa,011,21464,3,3,0,3,0
2020-04-27,Contra Costa,013,1133247,980,843,0,843,25
2020-04-27,Del Norte,015,27424,4,3,0,3,0
2020-04-27,El Dorado,017,186661,60,43,0,43,0
2020-04-27,Fresno,019,978130,957,504,8,512,7
2020-04-27,Glenn,021,27897,5,4,0,4,0
2020-04-27,Humboldt,023,135768,59,52,0,52,0
2020-04-27,Imperial,025,180216,480,290,0,290,6
2020-04-27,Inyo,027,18085,19,20,0,20,1
2020-04-27,Kern,029,883053,1125,865,1,866,4
2020-04-27,Kings,031,150075,207,48,1,49,1
2020-04-27,Lake,033,64148,8,6,0,6,0
2020-04-27,Lassen,035,31185,3,0,2,2,0
2020-04-27,Los Angeles,037,10098052,27452,20456,16,20472,931
2020-04-27,Madera,039,155013,84,42,1,43,2
2020-04-27,Marin,041,260295,244,227,1,228,12
2020-04-27,Mariposa,043,17540,14,0,0,0,0
2020-04-27,Mendocino,045,87422,12,10,0,10,0
2020-04-27,Merced,047,269075,183,108,0,108,3
2020-04-27,Modoc,049,8938,0,0,0,0,0
2020-04-27,Mono,051,14174,31,23,0,23,1
2020-04-27,Monterey,053,433212,253,185,0,185,4
2020-04-27,Napa,055,140530,77,64,0,64,2
2020-04-27,Nevada,057,99092,41,39,1,40,1
2020-04-27,Orange,059,3164182,3468,2198,25,2223,42
2020-04-27,Placer,061,380077,166,142,0,142,8
2020-04-27,Plumas,063,18699,4,4,0,4,0
2020-04-27,Riverside,065,2383286,4660,3381,15,3396,100
2020-04-27,Sacramento,067,1510023,1095,1035,0,1035,41
2020-04-27,San Benito,069,59416,50,45,0,45,2
2020-04-27,San Bernardino,071,2135413,2396,1742,1,1743,82
2020-04-27,San Diego,073,3302833,4210,3143,0,3143,113
2020-04-27,San Francisco,075,870044,1735,1453,0,1453,23
2020-04-27,San Joaquin,077,732212,581,522,3,525,25
2020-04-27,San Luis Obispo,079,281455,247,166,3,169,1
2020-04-27,San Mateo,081,765935,1396,1092,2,1094,46
2020-04-27,Santa Barbara,083,443738,516,466,2,468,7
2020-04-27,Santa Clara,085,1922200,2571,2104,7,2111,105
2020-04-27,Santa Cruz,087,273765,142,123,0,123,2
2020-04-27,Shasta,089,179085,38,29,0,29,4
2020-04-27,Sierra,091,2930,0,0,0,0,0
2020-04-27,Siskiyou,093,43540,5,5,0,5,0
2020-04-27,Solano,095,438530,294,222,0,222,3
2020-04-27,Sonoma,097,501317,269,220,0,220,1
2020-04-27,Stanislaus,099,539301,421,316,4,320,5
2020-04-27,Sutter,101,95872,29,26,0,26,2
2020-04-27,Tehama,103,63373,1,1,0,1,1
2020-04-27,Trinity,105,12862,1,0,0,0,0
2020-04-27,Tulare,107,460477,889,535,5,540,28
2020-04-27,Tuolumne,109,53932,3,3,0,3,0
2020-04-27,Ventura,111,848112,658,513,1,514,17
2020-04-27,Yolo,113,214977,184,160,0,160,9
2020-04-27,Yuba,115,75493,19,15,0,15,1
2020-04-26,Alameda,001,1643700,1751,1449,2,1451,52
2020-04-26,Alpine,003,1148,1,1,0,1,0
2020-04-26,Amador,005,37829,8,8,0,8,0
2020-04-26,Butte,007,227075,27,16,1,17,0
2020-04-26,Calaveras,009,45235,13,13,0,13,0
2020-04-26,Colusa,011,21464,3,3,0,3,0
2020-04-26,Contra Costa,013,1133247,964,830,0,830,25
2020-04-26,Del Norte,015,27424,3,3,0,3,0
2020-04-26,El Dorado,017,186661,58,41,0,41,0
2020-04-26,Fresno,019,978130,863,476,7,483,7
2020-04-26,Glenn,021,27897,5,4,0,4,0
2020-04-26,Humboldt,023,135768,59,53,0,53,0
2020-04-26,Imperial,025,180216,446,272,0,272,6
2020-04-26,Inyo,027,18085,19,20,0,20,1
2020-04-26,Kern,029,883053,1075,831,1,832,4
2020-04-26,Kings,031,150075,182,33,1,34,1
2020-04-26,Lake,033,64148,8,6,0,6,0
2020-04-26,Lassen,035,31185,3,0,2,2,0
2020-04-26,Los Angeles,037,10098052,26295,19570,16,19586,901
2020-04-26,Madera,039,155013,82,39,1,40,2
2020-04-26,Marin,041,260295,238,225,1,226,12
2020-04-26,Mariposa,043,17540,14,0,0,0,0
2020-04-26,Mendocino,045,87422,12,5,0,5,0
2020-04-26,Merced,047,269075,166,104,0,104,3
2020-04-26,Modoc,049,8938,0,0,0,0,0
2020-04-26,Mono,051,14174,31,23,0,23,1
2020-04-26,Monterey,053,433212,246,182,0,182,4
2020-04-26,Napa,055,140530,76,62,0,62,2
2020-04-26,Nevada,057,99092,41,37,1,38,1
2020-04-26,Orange,059,3164182,3303,2124,25,2149,40
2020-04-26,Placer,061,380077,165,141,0,141,8
2020-04-26,Plumas,063,18699,4,4,0,4,0
2020-04-26,Riverside,065,2383286,4517,3301,15,3316,95
2020-04-26,Sacramento,067,1510023,1086,1027,0,1027,41
2020-04-26,San Benito,069,59416,50,45,0,45,2
2020-04-26,San Bernardino,071,2135413,2300,1681,1,1682,82
2020-04-26,San Diego,073,3302833,4068,3045,0,3045,111
2020-04-26,San Francisco,075,870044,1696,1403,0,1403,23
2020-04-26,San Joaquin,077,732212,573,514,3,517,25
2020-04-26,San Luis Obispo,079,281455,244,165,3,168,1
2020-04-26,San Mateo,081,765935,1370,1070,2,1072,46
2020-04-26,Santa Barbara,083,443738,509,464,2,466,7
2020-04-26,Santa Clara,085,1922200,2548,2097,6,2103,102
2020-04-26,Santa Cruz,087,273765,142,116,0,116,2
2020-04-26,Shasta,089,179085,35,29,0,29,4
2020-04-26,Sierra,091,2930,0,0,0,0,0
2020-04-26,Siskiyou,093,43540,5,5,0,5,0
2020-04-26,Solano,095,438530,285,205,0,205,3
2020-04-26,Sonoma,097,501317,258,216,0,216,1
2020-04-26,Stanislaus,099,539301,406,294,4,298,4
2020-04-26,Sutter,101,95872,29,26,0,26,2
2020-04-26,Tehama,103,63373,1,1,0,1,1
2020-04-26,Trinity,105,12862,1,0,0,0,0
2020-04-26,Tulare,107,460477,830,497,5,502,28
2020-04-26,Tuolumne,109,53932,3,3,0,3,0
2020-04-26,Ventura,111,848112,640,509,1,510,17
2020-04-26,Yolo,113,214977,183,158,0,158,8
2020-04-26,Yuba,115,75493,18,15,0,15,1
2020-04-25,Alameda,001,1643700,1726,1396,2,1398,52
2020-04-25,Alpine,003,1148,1,1,0,1,0
2020-04-25,Amador,005,37829,8,8,0,8,0
2020-04-25,Butte,007,227075,26,16,1,17,0
2020-04-25,Calaveras,009,45235,13,12,0,12,0
2020-04-25,Colusa,011,21464,3,3,0,3,0
2020-04-25,Contra Costa,013,1133247,950,821,0,821,24
2020-04-25,Del Norte,015,27424,2,2,0,2,0
2020-04-25,El Dorado,017,186661,57,41,0,41,0
2020-04-25,Fresno,019,978130,831,459,6,465,7
2020-04-25,Glenn,021,27897,5,4,0,4,0
2020-04-25,Humboldt,023,135768,59,53,0,53,0
2020-04-25,Imperial,025,180216,429,232,0,232,6
2020-04-25,Inyo,027,18085,19,20,0,20,1
2020-04-25,Kern,029,883053,1044,802,1,803,4
2020-04-25,Kings,031,150075,170,33,1,34,1
2020-04-25,Lake,033,64148,6,6,0,6,0
2020-04-25,Lassen,035,31185,3,0,2,2,0
2020-04-25,Los Angeles,037,10098052,25661,19144,16,19160,881
2020-04-25,Madera,039,155013,79,39,1,40,2
2020-04-25,Marin,041,260295,238,215,1,216,12
2020-04-25,Mariposa,043,17540,14,0,0,0,0
2020-04-25,Mendocino,045,87422,11,5,0,5,0
2020-04-25,Merced,047,269075,166,103,0,103,3
2020-04-25,Modoc,049,8938,0,0,0,0,0
2020-04-25,Mono,051,14174,31,23,0,23,1
2020-04-25,Monterey,053,433212,244,173,0,173,4
2020-04-25,Napa,055,140530,76,60,0,60,2
2020-04-25,Nevada,057,99092,41,37,1,38,1
2020-04-25,Orange,059,3164182,3195,2047,25,2072,40
2020-04-25,Placer,061,380077,165,137,0,137,8
2020-04-25,Plumas,063,18699,4,4,0,4,0
2020-04-25,Riverside,065,2383286,4427,3037,15,3052,93
2020-04-25,Sacramento,067,1510023,1084,1015,0,1015,41
2020-04-25,San Benito,069,59416,50,45,0,45,2
2020-04-25,San Bernardino,071,2135413,2254,1675,1,1676,82
2020-04-25,San Diego,073,3302833,3967,2945,0,2945,111
2020-04-25,San Francisco,075,870044,1671,1341,0,1341,22
2020-04-25,San Joaquin,077,732212,566,497,3,500,24
2020-04-25,San Luis Obispo,079,281455,243,159,3,162,1
2020-04-25,San Mateo,081,765935,1352,1054,2,1056,46
2020-04-25,Santa Barbara,083,443738,502,457,2,459,7
2020-04-25,Santa Clara,085,1922200,2526,2045,5,2050,99
2020-04-25,Santa Cruz,087,273765,142,112,0,112,2
2020-04-25,Shasta,089,179085,35,29,0,29,4
2020-04-25,Sierra,091,2930,0,0,0,0,0
2020-04-25,Siskiyou,093,43540,5,5,0,5,0
2020-04-25,Solano,095,438530,281,203,0,203,3
2020-04-25,Sonoma,097,501317,254,199,0,199,1
2020-04-25,Stanislaus,099,539301,398,276,4,280,4
2020-04-25,Sutter,101,95872,29,24,0,24,2
2020-04-25,Tehama,103,63373,1,1,0,1,1
2020-04-25,Trinity,105,12862,0,0,0,0,0
2020-04-25,Tulare,107,460477,797,478,5,483,28
2020-04-25,Tuolumne,109,53932,3,2,0,2,0
2020-04-25,Ventura,111,848112,626,494,1,495,16
2020-04-25,Yolo,113,214977,183,157,0,157,8
2020-04-25,Yuba,115,75493,17,15,0,15,1
2020-04-24,Alameda,001,1643700,1695,1385,2,1387,50
2020-04-24,Alpine,003,1148,1,1,0,1,0
2020-04-24,Amador,005,37829,8,8,0,8,0
2020-04-24,Butte,007,227075,25,15,1,16,0
2020-04-24,Calaveras,009,45235,13,12,0,12,0
2020-04-24,Colusa,011,21464,3,3,0,3,0
2020-04-24,Contra Costa,013,1133247,941,806,0,806,23
2020-04-24,Del Norte,015,27424,2,2,0,2,0
2020-04-24,El Dorado,017,186661,56,41,0,41,0
2020-04-24,Fresno,019,978130,808,449,6,455,7
2020-04-24,Glenn,021,27897,5,4,0,4,0
2020-04-24,Humboldt,023,135768,59,53,0,53,0
2020-04-24,Imperial,025,180216,413,232,0,232,6
2020-04-24,Inyo,027,18085,19,20,0,20,0
2020-04-24,Kern,029,883053,1020,770,1,771,4
2020-04-24,Kings,031,150075,141,30,1,31,1
2020-04-24,Lake,033,64148,6,6,0,6,0
2020-04-24,Lassen,035,31185,3,0,2,2,0
2020-04-24,Los Angeles,037,10098052,24731,18553,16,18569,836
2020-04-24,Madera,039,155013,79,39,1,40,2
2020-04-24,Marin,041,260295,238,211,1,212,11
2020-04-24,Mariposa,043,17540,8,0,0,0,0
2020-04-24,Mendocino,045,87422,11,5,0,5,0
2020-04-24,Merced,047,269075,163,102,0,102,3
2020-04-24,Modoc,049,8938,0,0,0,0,0
2020-04-24,Mono,051,14174,30,23,0,23,1
2020-04-24,Monterey,053,433212,237,167,0,167,4
2020-04-24,Napa,055,140530,75,59,0,59,2
2020-04-24,Nevada,057,99092,41,36,1,37,1
2020-04-24,Orange,059,3164182,3088,1945,25,1970,39
2020-04-24,Placer,061,380077,163,137,0,137,8
2020-04-24,Plumas,063,18699,4,4,0,4,0
2020-04-24,Riverside,065,2383286,4346,3044,15,3059,87
2020-04-24,Sacramento,067,1510023,1078,1009,0,1009,41
2020-04-24,San Benito,069,59416,50,45,0,45,2
2020-04-24,San Bernardino,071,2135413,2219,1667,1,1668,80
2020-04-24,San Diego,073,3302833,3856,2828,0,2828,102
2020-04-24,San Francisco,075,870044,1613,1345,0,1345,22
2020-04-24,San Joaquin,077,732212,559,484,3,487,24
2020-04-24,San Luis Obispo,079,281455,240,151,3,154,1
2020-04-24,San Mateo,081,765935,1329,1004,2,1006,43
2020-04-24,Santa Barbara,083,443738,496,450,2,452,6
2020-04-24,Santa Clara,085,1922200,2484,2026,5,2031,98
2020-04-24,Santa Cruz,087,273765,138,111,0,111,2
2020-04-24,Shasta,089,179085,35,28,0,28,4
2020-04-24,Sierra,091,2930,0,0,0,0,0
2020-04-24,Siskiyou,093,43540,5,5,0,5,0
2020-04-24,Solano,095,438530,279,203,0,203,3
2020-04-24,Sonoma,097,501317,250,199,0,199,1
2020-04-24,Stanislaus,099,539301,395,273,4,277,4
2020-04-24,Sutter,101,95872,28,24,0,24,2
2020-04-24,Tehama,103,63373,1,1,0,1,1
2020-04-24,Trinity,105,12862,0,0,0,0,0
2020-04-24,Tulare,107,460477,769,459,5,464,27
2020-04-24,Tuolumne,109,53932,3,2,0,2,0
2020-04-24,Ventura,111,848112,616,489,1,490,16
2020-04-24,Yolo,113,214977,182,155,0,155,8
2020-04-24,Yuba,115,75493,16,15,0,15,1
2020-04-23,Alameda,001,1643700,1657,1336,2,1338,46
2020-04-23,Alpine,003,1148,1,1,0,1,0
2020-04-23,Amador,005,37829,8,8,0,8,0
2020-04-23,Butte,007,227075,25,15,1,16,0
2020-04-23,Calaveras,009,45235,13,12,0,12,0
2020-04-23,Colusa,011,21464,3,3,0,3,0
2020-04-23,Contra Costa,013,1133247,920,786,0,786,23
2020-04-23,Del Norte,015,27424,2,2,0,2,0
2020-04-23,El Dorado,017,186661,55,39,0,39,0
2020-04-23,Fresno,019,978130,770,426,6,432,7
2020-04-23,Glenn,021,27897,5,3,0,3,0
2020-04-23,Humboldt,023,135768,59,53,0,53,0
2020-04-23,Imperial,025,180216,392,181,0,181,4
2020-04-23,Inyo,027,18085,19,19,0,19,0
2020-04-23,Kern,029,883053,972,732,1,733,4
2020-04-23,Kings,031,150075,126,28,1,29,1
2020-04-23,Lake,033,64148,6,6,0,6,0
2020-04-23,Lassen,035,31185,3,0,2,2,0
2020-04-23,Los Angeles,037,10098052,23670,17548,15,17563,784
2020-04-23,Madera,039,155013,77,37,1,38,2
2020-04-23,Marin,041,260295,225,209,1,210,11
2020-04-23,Mariposa,043,17540,7,0,0,0,0
2020-04-23,Mendocino,045,87422,9,5,0,5,0
2020-04-23,Merced,047,269075,159,98,0,98,3
2020-04-23,Modoc,049,8938,0,0,0,0,0
2020-04-23,Mono,051,14174,30,23,0,23,1
2020-04-23,Monterey,053,433212,233,161,0,161,4
2020-04-23,Napa,055,140530,68,59,0,59,2
2020-04-23,Nevada,057,99092,41,36,1,37,1
2020-04-23,Orange,059,3164182,2910,1841,24,1865,37
2020-04-23,Placer,061,380077,160,136,0,136,8
2020-04-23,Plumas,063,18699,4,4,0,4,0
2020-04-23,Riverside,065,2383286,4232,2935,14,2949,78
2020-04-23,Sacramento,067,1510023,1066,978,0,978,41
2020-04-23,San Benito,069,59416,47,43,0,43,2
2020-04-23,San Bernardino,071,2135413,2154,1604,1,1605,79
2020-04-23,San Diego,073,3302833,3695,2645,0,2645,100
2020-04-23,San Francisco,075,870044,1588,1312,0,1312,21
2020-04-23,San Joaquin,077,732212,549,479,3,482,20
2020-04-23,San Luis Obispo,079,281455,236,146,3,149,1
2020-04-23,San Mateo,081,765935,1290,970,2,972,42
2020-04-23,Santa Barbara,083,443738,490,445,2,447,6
2020-04-23,Santa Clara,085,1922200,2449,1996,5,2001,95
2020-04-23,Santa Cruz,087,273765,137,110,0,110,2
2020-04-23,Shasta,089,179085,35,27,0,27,3
2020-04-23,Sierra,091,2930,0,0,0,0,0
2020-04-23,Siskiyou,093,43540,5,5,0,5,0
2020-04-23,Solano,095,438530,265,196,0,196,3
2020-04-23,Sonoma,097,501317,238,187,0,187,1
2020-04-23,Stanislaus,099,539301,391,254,4,258,4
2020-04-23,Sutter,101,95872,28,24,0,24,2
2020-04-23,Tehama,103,63373,1,1,0,1,1
2020-04-23,Trinity,105,12862,0,0,0,0,0
2020-04-23,Tulare,107,460477,740,440,5,445,25
2020-04-23,Tuolumne,109,53932,3,2,0,2,0
2020-04-23,Ventura,111,848112,602,479,1,480,16
2020-04-23,Yolo,113,214977,179,151,0,151,8
2020-04-23,Yuba,115,75493,16,15,0,15,1
2020-04-22,Alameda,001,1643700,1608,1275,2,1277,46
2020-04-22,Alpine,003,1148,1,1,0,1,0
2020-04-22,Amador,005,37829,8,7,0,7,0
2020-04-22,Butte,007,227075,24,15,1,16,0
2020-04-22,Calaveras,009,45235,13,12,0,12,0
2020-04-22,Colusa,011,21464,3,3,0,3,0
2020-04-22,Contra Costa,013,1133247,905,772,0,772,22
2020-04-22,Del Norte,015,27424,2,2,0,2,0
2020-04-22,El Dorado,017,186661,55,39,0,39,0
2020-04-22,Fresno,019,978130,730,388,6,394,7
2020-04-22,Glenn,021,27897,5,3,0,3,0
2020-04-22,Humboldt,023,135768,59,53,0,53,0
2020-04-22,Imperial,025,180216,381,170,0,170,3
2020-04-22,Inyo,027,18085,19,18,0,18,0
2020-04-22,Kern,029,883053,950,713,1,714,4
2020-04-22,Kings,031,150075,105,28,1,29,1
2020-04-22,Lake,033,64148,6,6,0,6,0
2020-04-22,Lassen,035,31185,3,0,2,2,0
2020-04-22,Los Angeles,037,10098052,22643,16400,15,16415,715
2020-04-22,Madera,039,155013,75,37,1,38,2
2020-04-22,Marin,041,260295,223,202,1,203,11
2020-04-22,Mariposa,043,17540,6,0,0,0,0
2020-04-22,Mendocino,045,87422,6,5,0,5,0
2020-04-22,Merced,047,269075,147,92,0,92,3
2020-04-22,Modoc,049,8938,0,0,0,0,0
2020-04-22,Mono,051,14174,29,23,0,23,1
2020-04-22,Monterey,053,433212,226,154,0,154,4
2020-04-22,Napa,055,140530,67,58,0,58,2
2020-04-22,Nevada,057,99092,41,36,1,37,1
2020-04-22,Orange,059,3164182,2816,1785,23,1808,36
2020-04-22,Placer,061,380077,158,133,0,133,8
2020-04-22,Plumas,063,18699,4,4,0,4,0
2020-04-22,Riverside,065,2383286,4128,2822,14,2836,76
2020-04-22,Sacramento,067,1510023,1061,959,0,959,36
2020-04-22,San Benito,069,59416,46,43,0,43,2
2020-04-22,San Bernardino,071,2135413,2091,1564,1,1565,74
2020-04-22,San Diego,073,3302833,3567,2493,0,2493,96
2020-04-22,San Francisco,075,870044,1551,1255,0,1255,21
2020-04-22,San Joaquin,077,732212,538,462,3,465,20
2020-04-22,San Luis Obispo,079,281455,227,142,3,145,1
2020-04-22,San Mateo,081,765935,1267,945,2,947,40
2020-04-22,Santa Barbara,083,443738,485,437,2,439,6
2020-04-22,Santa Clara,085,1922200,2433,1969,5,1974,95
2020-04-22,Santa Cruz,087,273765,133,106,0,106,2
2020-04-22,Shasta,089,179085,34,26,0,26,3
2020-04-22,Sierra,091,2930,0,0,0,0,0
2020-04-22,Siskiyou,093,43540,5,5,0,5,0
2020-04-22,Solano,095,438530,247,195,0,195,3
2020-04-22,Sonoma,097,501317,235,185,0,185,1
2020-04-22,Stanislaus,099,539301,334,247,4,251,4
2020-04-22,Sutter,101,95872,28,22,0,22,2
2020-04-22,Tehama,103,63373,1,1,0,1,1
2020-04-22,Trinity,105,12862,0,0,0,0,0
2020-04-22,Tulare,107,460477,706,425,5,430,23
2020-04-22,Tuolumne,109,53932,3,2,0,2,0
2020-04-22,Ventura,111,848112,591,465,1,466,15
2020-04-22,Yolo,113,214977,178,147,0,147,8
2020-04-22,Yuba,115,75493,16,15,0,15,1
2020-04-21,Alameda,001,1643700,1578,1234,2,1236,46
2020-04-21,Alpine,003,1148,1,1,0,1,0
2020-04-21,Amador,005,37829,8,7,0,7,0
2020-04-21,Butte,007,227075,23,15,1,16,0
2020-04-21,Calaveras,009,45235,12,12,0,12,0
2020-04-21,Colusa,011,21464,3,3,0,3,0
2020-04-21,Contra Costa,013,1133247,891,766,0,766,22
2020-04-21,Del Norte,015,27424,2,2,0,2,0
2020-04-21,El Dorado,017,186661,54,36,0,36,0
2020-04-21,Fresno,019,978130,696,372,6,378,7
2020-04-21,Glenn,021,27897,5,3,0,3,0
2020-04-21,Humboldt,023,135768,58,53,0,53,0
2020-04-21,Imperial,025,180216,361,165,0,165,2
2020-04-21,Inyo,027,18085,19,18,0,18,0
2020-04-21,Kern,029,883053,908,676,1,677,4
2020-04-21,Kings,031,150075,91,28,1,29,1
2020-04-21,Lake,033,64148,6,6,0,6,0
2020-04-21,Lassen,035,31185,3,0,2,2,0
2020-04-21,Los Angeles,037,10098052,21783,15096,15,15111,650
2020-04-21,Madera,039,155013,75,37,1,38,2
2020-04-21,Marin,041,260295,217,202,1,203,10
2020-04-21,Mariposa,043,17540,5,0,0,0,0
2020-04-21,Mendocino,045,87422,6,5,0,5,0
2020-04-21,Merced,047,269075,143,89,0,89,3
2020-04-21,Modoc,049,8938,0,0,0,0,0
2020-04-21,Mono,051,14174,29,23,0,23,1
2020-04-21,Monterey,053,433212,223,151,0,151,4
2020-04-21,Napa,055,140530,66,58,0,58,2
2020-04-21,Nevada,057,99092,41,36,1,37,1
2020-04-21,Orange,059,3164182,2693,1717,22,1739,36
2020-04-21,Placer,061,380077,156,133,0,133,8
2020-04-21,Plumas,063,18699,4,4,0,4,0
2020-04-21,Riverside,065,2383286,3996,2631,14,2645,68
2020-04-21,Sacramento,067,1510023,1051,941,0,941,33
2020-04-21,San Benito,069,59416,44,43,0,43,2
2020-04-21,San Bernardino,071,2135413,2030,1499,1,1500,71
2020-04-21,San Diego,073,3302833,3411,2436,0,2436,87
2020-04-21,San Francisco,075,870044,1521,1232,0,1232,20
2020-04-21,San Joaquin,077,732212,528,447,3,450,20
2020-04-21,San Luis Obispo,079,281455,219,134,3,137,1
2020-04-21,San Mateo,081,765935,1221,933,2,935,34
2020-04-21,Santa Barbara,083,443738,476,414,2,416,5
2020-04-21,Santa Clara,085,1922200,2383,1943,5,1948,91
2020-04-21,Santa Cruz,087,273765,131,104,0,104,2
2020-04-21,Shasta,089,179085,33,26,0,26,3
2020-04-21,Sierra,091,2930,0,0,0,0,0
2020-04-21,Siskiyou,093,43540,5,5,0,5,0
2020-04-21,Solano,095,438530,239,193,0,193,3
2020-04-21,Sonoma,097,501317,225,182,0,182,1
2020-04-21,Stanislaus,099,539301,315,235,4,239,4
2020-04-21,Sutter,101,95872,28,22,0,22,2
2020-04-21,Tehama,103,63373,1,1,0,1,1
2020-04-21,Trinity,105,12862,0,0,0,0,0
2020-04-21,Tulare,107,460477,669,410,5,415,23
2020-04-21,Tuolumne,109,53932,3,2,0,2,0
2020-04-21,Ventura,111,848112,579,455,1,456,14
2020-04-21,Yolo,113,214977,176,143,0,143,8
2020-04-21,Yuba,115,75493,16,15,0,15,1
2020-04-20,Alameda,001,1643700,1545,1181,2,1183,42
2020-04-20,Alpine,003,1148,1,1,0,1,0
2020-04-20,Amador,005,37829,8,7,0,7,0
2020-04-20,Butte,007,227075,23,15,1,16,0
2020-04-20,Calaveras,009,45235,12,12,0,12,0
2020-04-20,Colusa,011,21464,3,3,0,3,0
2020-04-20,Contra Costa,013,1133247,881,753,0,753,22
2020-04-20,Del Norte,015,27424,2,2,0,2,0
2020-04-20,El Dorado,017,186661,54,36,0,36,0
2020-04-20,Fresno,019,978130,678,356,6,362,7
2020-04-20,Glenn,021,27897,4,3,0,3,0
2020-04-20,Humboldt,023,135768,58,53,0,53,0
2020-04-20,Imperial,025,180216,342,149,0,149,2
2020-04-20,Inyo,027,18085,19,17,0,17,0
2020-04-20,Kern,029,883053,876,651,1,652,3
2020-04-20,Kings,031,150075,80,19,1,20,1
2020-04-20,Lake,033,64148,6,6,0,6,0
2020-04-20,Lassen,035,31185,3,0,2,2,0
2020-04-20,Los Angeles,037,10098052,20866,13787,15,13802,608
2020-04-20,Madera,039,155013,74,35,1,36,2
2020-04-20,Marin,041,260295,213,200,1,201,10
2020-04-20,Mariposa,043,17540,5,0,0,0,0
2020-04-20,Mendocino,045,87422,6,5,0,5,0
2020-04-20,Merced,047,269075,136,88,0,88,3
2020-04-20,Modoc,049,8938,0,0,0,0,0
2020-04-20,Mono,051,14174,29,23,0,23,1
2020-04-20,Monterey,053,433212,214,147,0,147,4
2020-04-20,Napa,055,140530,66,55,0,55,2
2020-04-20,Nevada,057,99092,41,34,1,35,1
2020-04-20,Orange,059,3164182,2609,1679,22,1701,33
2020-04-20,Placer,061,380077,155,132,0,132,8
2020-04-20,Plumas,063,18699,4,4,0,4,0
2020-04-20,Riverside,065,2383286,3871,2477,14,2491,61
2020-04-20,Sacramento,067,1510023,1041,924,0,924,32
2020-04-20,San Benito,069,59416,44,43,0,43,2
2020-04-20,San Bernardino,071,2135413,1943,1344,1,1345,63
2020-04-20,San Diego,073,3302833,3269,2327,0,2327,72
2020-04-20,San Francisco,075,870044,1489,1223,0,1223,19
2020-04-20,San Joaquin,077,732212,524,422,3,425,17
2020-04-20,San Luis Obispo,079,281455,205,132,3,135,1
2020-04-20,San Mateo,081,765935,1198,890,2,892,31
2020-04-20,Santa Barbara,083,443738,469,388,2,390,4
2020-04-20,Santa Clara,085,1922200,2352,1920,5,1925,84
2020-04-20,Santa Cruz,087,273765,129,102,0,102,2
2020-04-20,Shasta,089,179085,33,26,0,26,3
2020-04-20,Sierra,091,2930,0,0,0,0,0
2020-04-20,Siskiyou,093,43540,5,5,0,5,0
2020-04-20,Solano,095,438530,236,185,0,185,2
2020-04-20,Sonoma,097,501317,217,178,0,178,1
2020-04-20,Stanislaus,099,539301,301,228,4,232,3
2020-04-20,Sutter,101,95872,27,22,0,22,2
2020-04-20,Tehama,103,63373,1,1,0,1,1
2020-04-20,Trinity,105,12862,0,0,0,0,0
2020-04-20,Tulare,107,460477,659,401,5,406,20
2020-04-20,Tuolumne,109,53932,3,2,0,2,0
2020-04-20,Ventura,111,848112,565,426,1,427,13
2020-04-20,Yolo,113,214977,175,125,0,125,5
2020-04-20,Yuba,115,75493,16,15,0,15,1
2020-04-19,Alameda,001,1643700,1495,1134,2,1136,41
2020-04-19,Alpine,003,1148,1,1,0,1,0
2020-04-19,Amador,005,37829,7,7,0,7,0
2020-04-19,Butte,007,227075,22,15,1,16,0
2020-04-19,Calaveras,009,45235,12,12,0,12,0
2020-04-19,Colusa,011,21464,3,3,0,3,0
2020-04-19,Contra Costa,013,1133247,865,731,0,731,20
2020-04-19,Del Norte,015,27424,2,2,0,2,0
2020-04-19,El Dorado,017,186661,54,36,0,36,0
2020-04-19,Fresno,019,978130,642,326,6,332,7
2020-04-19,Glenn,021,27897,4,3,0,3,0
2020-04-19,Humboldt,023,135768,58,53,0,53,0
2020-04-19,Imperial,025,180216,316,144,0,144,2
2020-04-19,Inyo,027,18085,19,17,0,17,0
2020-04-19,Kern,029,883053,851,629,1,630,3
2020-04-19,Kings,031,150075,70,17,1,18,1
2020-04-19,Lake,033,64148,6,6,0,6,0
2020-04-19,Lassen,035,31185,3,0,2,2,0
2020-04-19,Los Angeles,037,10098052,19869,12299,15,12314,589
2020-04-19,Madera,039,155013,72,34,1,35,2
2020-04-19,Marin,041,260295,212,194,1,195,10
2020-04-19,Mariposa,043,17540,2,0,0,0,0
2020-04-19,Mendocino,045,87422,6,4,0,4,0
2020-04-19,Merced,047,269075,131,85,0,85,3
2020-04-19,Modoc,049,8938,0,0,0,0,0
2020-04-19,Mono,051,14174,29,23,0,23,1
2020-04-19,Monterey,053,433212,205,140,0,140,4
2020-04-19,Napa,055,140530,64,49,0,49,2
2020-04-19,Nevada,057,99092,40,34,1,35,1
2020-04-19,Orange,059,3164182,2512,1591,21,1612,32
2020-04-19,Placer,061,380077,154,131,0,131,8
2020-04-19,Plumas,063,18699,4,4,0,4,0
2020-04-19,Riverside,065,2383286,3728,2316,14,2330,56
2020-04-19,Sacramento,067,1510023,1014,912,0,912,32
2020-04-19,San Benito,069,59416,42,40,0,40,2
2020-04-19,San Bernardino,071,2135413,1880,1262,1,1263,58
2020-04-19,San Diego,073,3302833,3102,2270,0,2270,71
2020-04-19,San Francisco,075,870044,1456,1153,0,1153,19
2020-04-19,San Joaquin,077,732212,506,404,3,407,17
2020-04-19,San Luis Obispo,079,281455,200,132,3,135,1
2020-04-19,San Mateo,081,765935,1162,845,2,847,31
2020-04-19,Santa Barbara,083,443738,462,377,2,379,3
2020-04-19,Santa Clara,085,1922200,2307,1878,5,1883,81
2020-04-19,Santa Cruz,087,273765,126,98,0,98,2
2020-04-19,Shasta,089,179085,31,26,0,26,3
2020-04-19,Sierra,091,2930,0,0,0,0,0
2020-04-19,Siskiyou,093,43540,5,5,0,5,0
2020-04-19,Solano,095,438530,228,174,0,174,2
2020-04-19,Sonoma,097,501317,211,172,0,172,1
2020-04-19,Stanislaus,099,539301,293,221,4,225,3
2020-04-19,Sutter,101,95872,26,21,0,21,2
2020-04-19,Tehama,103,63373,1,1,0,1,1
2020-04-19,Trinity,105,12862,0,0,0,0,0
2020-04-19,Tulare,107,460477,613,391,5,396,17
2020-04-19,Tuolumne,109,53932,3,2,0,2,0
2020-04-19,Ventura,111,848112,557,418,1,419,13
2020-04-19,Yolo,113,214977,175,120,0,120,5
2020-04-19,Yuba,115,75493,16,15,0,15,1
2020-04-18,Alameda,001,1643700,1470,1085,2,1087,40
2020-04-18,Alpine,003,1148,1,1,0,1,0
2020-04-18,Amador,005,37829,7,7,0,7,0
2020-04-18,Butte,007,227075,21,15,1,16,0
2020-04-18,Calaveras,009,45235,12,12,0,12,0
2020-04-18,Colusa,011,21464,3,3,0,3,0
2020-04-18,Contra Costa,013,1133247,853,721,0,721,17
2020-04-18,Del Norte,015,27424,2,2,0,2,0
2020-04-18,El Dorado,017,186661,54,36,0,36,0
2020-04-18,Fresno,019,978130,622,319,6,325,7
2020-04-18,Glenn,021,27897,4,3,0,3,0
2020-04-18,Humboldt,023,135768,58,52,0,52,0
2020-04-18,Imperial,025,180216,307,137,0,137,2
2020-04-18,Inyo,027,18085,19,17,0,17,0
2020-04-18,Kern,029,883053,829,626,1,627,3
2020-04-18,Kings,031,150075,69,17,1,18,1
2020-04-18,Lake,033,64148,6,6,0,6,0
2020-04-18,Lassen,035,31185,3,0,2,2,0
2020-04-18,Los Angeles,037,10098052,19341,11984,15,11999,566
2020-04-18,Madera,039,155013,71,34,1,35,2
2020-04-18,Marin,041,260295,210,193,1,194,10
2020-04-18,Mariposa,043,17540,2,0,0,0,0
2020-04-18,Mendocino,045,87422,6,4,0,4,0
2020-04-18,Merced,047,269075,129,82,0,82,3
2020-04-18,Modoc,049,8938,0,0,0,0,0
2020-04-18,Mono,051,14174,29,22,0,22,1
2020-04-18,Monterey,053,433212,201,135,0,135,3
2020-04-18,Napa,055,140530,64,49,0,49,2
2020-04-18,Nevada,057,99092,39,34,1,35,1
2020-04-18,Orange,059,3164182,2448,1569,20,1589,32
2020-04-18,Placer,061,380077,152,130,0,130,8
2020-04-18,Plumas,063,18699,4,4,0,4,0
2020-04-18,Riverside,065,2383286,3653,2257,14,2271,56
2020-04-18,Sacramento,067,1510023,1002,901,0,901,32
2020-04-18,San Benito,069,59416,42,40,0,40,2
2020-04-18,San Bernardino,071,2135413,1835,1255,1,1256,58
2020-04-18,San Diego,073,3302833,3000,2215,0,2215,71
2020-04-18,San Francisco,075,870044,1417,1144,0,1144,19
2020-04-18,San Joaquin,077,732212,497,392,3,395,17
2020-04-18,San Luis Obispo,079,281455,196,129,3,132,1
2020-04-18,San Mateo,081,765935,1140,821,2,823,31
2020-04-18,Santa Barbara,083,443738,456,372,2,374,3
2020-04-18,Santa Clara,085,1922200,2274,1862,5,1867,79
2020-04-18,Santa Cruz,087,273765,124,96,0,96,2
2020-04-18,Shasta,089,179085,31,26,0,26,3
2020-04-18,Sierra,091,2930,0,0,0,0,0
2020-04-18,Siskiyou,093,43540,5,5,0,5,0
2020-04-18,Solano,095,438530,225,175,0,175,2
2020-04-18,Sonoma,097,501317,207,168,0,168,1
2020-04-18,Stanislaus,099,539301,285,216,4,220,3
2020-04-18,Sutter,101,95872,26,21,0,21,2
2020-04-18,Tehama,103,63373,1,1,0,1,1
2020-04-18,Trinity,105,12862,0,0,0,0,0
2020-04-18,Tulare,107,460477,602,385,5,390,17
2020-04-18,Tuolumne,109,53932,3,2,0,2,0
2020-04-18,Ventura,111,848112,549,416,1,417,13
2020-04-18,Yolo,113,214977,173,118,0,118,5
2020-04-18,Yuba,115,75493,16,14,0,14,1
2020-04-17,Alameda,001,1643700,1414,1043,1,1044,40
2020-04-17,Alpine,003,1148,1,1,0,1,0
2020-04-17,Amador,005,37829,7,7,0,7,0
2020-04-17,Butte,007,227075,21,15,1,16,0
2020-04-17,Calaveras,009,45235,12,11,0,11,0
2020-04-17,Colusa,011,21464,3,3,0,3,0
2020-04-17,Contra Costa,013,1133247,842,687,0,687,15
2020-04-17,Del Norte,015,27424,2,2,0,2,0
2020-04-17,El Dorado,017,186661,54,35,0,35,0
2020-04-17,Fresno,019,978130,600,315,6,321,7
2020-04-17,Glenn,021,27897,4,3,0,3,0
2020-04-17,Humboldt,023,135768,57,52,0,52,0
2020-04-17,Imperial,025,180216,298,135,0,135,2
2020-04-17,Inyo,027,18085,19,17,0,17,0
2020-04-17,Kern,029,883053,809,612,1,613,3
2020-04-17,Kings,031,150075,67,15,1,16,1
2020-04-17,Lake,033,64148,6,6,0,6,0
2020-04-17,Lassen,035,31185,3,0,2,2,0
2020-04-17,Los Angeles,037,10098052,18700,11354,15,11369,489
2020-04-17,Madera,039,155013,71,34,1,35,2
2020-04-17,Marin,041,260295,207,189,1,190,10
2020-04-17,Mariposa,043,17540,1,0,0,0,0
2020-04-17,Mendocino,045,87422,6,4,0,4,0
2020-04-17,Merced,047,269075,128,80,0,80,3
2020-04-17,Modoc,049,8938,0,0,0,0,0
2020-04-17,Mono,051,14174,29,22,0,22,1
2020-04-17,Monterey,053,433212,196,119,0,119,3
2020-04-17,Napa,055,140530,62,46,0,46,2
2020-04-17,Nevada,057,99092,38,34,1,35,1
2020-04-17,Orange,059,3164182,2397,1496,20,1516,31
2020-04-17,Placer,061,380077,152,130,0,130,8
2020-04-17,Plumas,063,18699,4,4,0,4,0
2020-04-17,Riverside,065,2383286,3526,2080,14,2094,50
2020-04-17,Sacramento,067,1510023,995,882,0,882,32
2020-04-17,San Benito,069,59416,42,38,0,38,2
2020-04-17,San Bernardino,071,2135413,1796,1229,1,1230,57
2020-04-17,San Diego,073,3302833,2910,2160,0,2160,70
2020-04-17,San Francisco,075,870044,1391,1090,0,1090,19
2020-04-17,San Joaquin,077,732212,486,356,3,359,17
2020-04-17,San Luis Obispo,079,281455,189,116,3,119,1
2020-04-17,San Mateo,081,765935,1124,768,2,770,31
2020-04-17,Santa Barbara,083,443738,451,349,2,351,3
2020-04-17,Santa Clara,085,1922200,2238,1834,5,1839,74
2020-04-17,Santa Cruz,087,273765,123,94,0,94,2
2020-04-17,Shasta,089,179085,31,26,0,26,3
2020-04-17,Sierra,091,2930,0,0,0,0,0
2020-04-17,Siskiyou,093,43540,5,5,0,5,0
2020-04-17,Solano,095,438530,224,173,0,173,2
2020-04-17,Sonoma,097,501317,204,167,0,167,1
2020-04-17,Stanislaus,099,539301,283,201,4,205,3
2020-04-17,Sutter,101,95872,26,20,0,20,2
2020-04-17,Tehama,103,63373,1,1,0,1,1
2020-04-17,Trinity,105,12862,0,0,0,0,0
2020-04-17,Tulare,107,460477,595,370,5,375,17
2020-04-17,Tuolumne,109,53932,3,2,0,2,0
2020-04-17,Ventura,111,848112,544,398,1,399,13
2020-04-17,Yolo,113,214977,172,117,0,117,5
2020-04-17,Yuba,115,75493,16,14,0,14,1
2020-04-16,Alameda,001,1643700,1380,981,1,982,39
2020-04-16,Alpine,003,1148,1,1,0,1,0
2020-04-16,Amador,005,37829,7,7,0,7,0
2020-04-16,Butte,007,227075,20,15,1,16,0
2020-04-16,Calaveras,009,45235,12,10,0,10,0
2020-04-16,Colusa,011,21464,3,3,0,3,0
2020-04-16,Contra Costa,013,1133247,828,675,0,675,14
2020-04-16,Del Norte,015,27424,2,2,0,2,0
2020-04-16,El Dorado,017,186661,53,34,0,34,0
2020-04-16,Fresno,019,978130,570,289,6,295,7
2020-04-16,Glenn,021,27897,4,3,0,3,0
2020-04-16,Humboldt,023,135768,57,47,0,47,0
2020-04-16,Imperial,025,180216,284,132,0,132,2
2020-04-16,Inyo,027,18085,17,17,0,17,0
2020-04-16,Kern,029,883053,782,587,1,588,3
2020-04-16,Kings,031,150075,63,12,1,13,1
2020-04-16,Lake,033,64148,6,6,0,6,0
2020-04-16,Lassen,035,31185,3,0,2,2,0
2020-04-16,Los Angeles,037,10098052,17809,10786,15,10801,447
2020-04-16,Madera,039,155013,69,34,1,35,2
2020-04-16,Marin,041,260295,203,170,1,171,10
2020-04-16,Mariposa,043,17540,1,1,0,1,0
2020-04-16,Mendocino,045,87422,6,4,0,4,0
2020-04-16,Merced,047,269075,122,76,0,76,3
2020-04-16,Modoc,049,8938,0,0,0,0,0
2020-04-16,Mono,051,14174,29,22,0,22,1
2020-04-16,Monterey,053,433212,193,116,0,116,3
2020-04-16,Napa,055,140530,59,44,0,44,2
2020-04-16,Nevada,057,99092,38,34,1,35,1
2020-04-16,Orange,059,3164182,2332,1439,19,1458,28
2020-04-16,Placer,061,380077,150,129,0,129,7
2020-04-16,Plumas,063,18699,4,4,0,4,0
2020-04-16,Riverside,065,2383286,3406,1913,14,1927,45
2020-04-16,Sacramento,067,1510023,987,865,0,865,32
2020-04-16,San Benito,069,59416,42,36,0,36,2
2020-04-16,San Bernardino,071,2135413,1715,1143,0,1143,54
2020-04-16,San Diego,073,3302833,2802,2089,0,2089,63
2020-04-16,San Francisco,075,870044,1347,1039,0,1039,16
2020-04-16,San Joaquin,077,732212,471,345,3,348,17
2020-04-16,San Luis Obispo,079,281455,185,113,3,116,1
2020-04-16,San Mateo,081,765935,1095,745,2,747,29
2020-04-16,Santa Barbara,083,443738,440,331,2,333,3
2020-04-16,Santa Clara,085,1922200,2201,1789,5,1794,70
2020-04-16,Santa Cruz,087,273765,121,90,0,90,2
2020-04-16,Shasta,089,179085,31,25,0,25,3
2020-04-16,Sierra,091,2930,0,0,0,0,0
2020-04-16,Siskiyou,093,43540,5,5,0,5,0
2020-04-16,Solano,095,438530,221,162,0,162,2
2020-04-16,Sonoma,097,501317,199,145,0,145,1
2020-04-16,Stanislaus,099,539301,280,185,4,189,3
2020-04-16,Sutter,101,95872,25,21,0,21,2
2020-04-16,Tehama,103,63373,1,1,0,1,1
2020-04-16,Trinity,105,12862,0,0,0,0,0
2020-04-16,Tulare,107,460477,578,305,5,310,16
2020-04-16,Tuolumne,109,53932,3,1,0,1,0
2020-04-16,Ventura,111,848112,532,384,1,385,13
2020-04-16,Yolo,113,214977,170,98,0,98,4
2020-04-16,Yuba,115,75493,15,14,0,14,1
2020-04-15,Alameda,001,1643700,1330,915,1,916,38
2020-04-15,Alpine,003,1148,1,1,0,1,0
2020-04-15,Amador,005,37829,7,7,0,7,0
2020-04-15,Butte,007,227075,20,14,1,15,0
2020-04-15,Calaveras,009,45235,11,9,0,9,0
2020-04-15,Colusa,011,21464,3,3,0,3,0
2020-04-15,Contra Costa,013,1133247,806,645,0,645,14
2020-04-15,Del Norte,015,27424,2,2,0,2,0
2020-04-15,El Dorado,017,186661,51,33,0,33,0
2020-04-15,Fresno,019,978130,544,264,6,270,7
2020-04-15,Glenn,021,27897,4,3,0,3,0
2020-04-15,Humboldt,023,135768,57,47,0,47,0
2020-04-15,Imperial,025,180216,257,115,0,115,2
2020-04-15,Inyo,027,18085,17,12,0,12,0
2020-04-15,Kern,029,883053,760,500,1,501,3
2020-04-15,Kings,031,150075,59,12,1,13,1
2020-04-15,Lake,033,64148,6,4,0,4,0
2020-04-15,Lassen,035,31185,3,0,2,2,0
2020-04-15,Los Angeles,037,10098052,16981,10416,14,10430,394
2020-04-15,Madera,039,155013,69,30,1,31,2
2020-04-15,Marin,041,260295,200,162,1,163,10
2020-04-15,Mariposa,043,17540,0,0,0,0,0
2020-04-15,Mendocino,045,87422,5,4,0,4,0
2020-04-15,Merced,047,269075,120,74,0,74,3
2020-04-15,Modoc,049,8938,0,0,0,0,0
2020-04-15,Mono,051,14174,29,22,0,22,1
2020-04-15,Monterey,053,433212,185,106,0,106,3
2020-04-15,Napa,055,140530,56,34,0,34,2
2020-04-15,Nevada,057,99092,37,34,1,35,1
2020-04-15,Orange,059,3164182,2229,1377,19,1396,24
2020-04-15,Placer,061,380077,149,123,0,123,6
2020-04-15,Plumas,063,18699,4,4,0,4,0
2020-04-15,Riverside,065,2383286,3211,1723,14,1737,42
2020-04-15,Sacramento,067,1510023,978,839,0,839,32
2020-04-15,San Benito,069,59416,42,34,0,34,2
2020-04-15,San Bernardino,071,2135413,1645,1063,0,1063,45
2020-04-15,San Diego,073,3302833,2714,2014,0,2014,60
2020-04-15,San Francisco,075,870044,1311,1006,0,1006,16
2020-04-15,San Joaquin,077,732212,463,329,3,332,17
2020-04-15,San Luis Obispo,079,281455,177,112,3,115,1
2020-04-15,San Mateo,081,765935,1046,707,2,709,28
2020-04-15,Santa Barbara,083,443738,424,317,2,319,2
2020-04-15,Santa Clara,085,1922200,2162,1692,5,1697,69
2020-04-15,Santa Cruz,087,273765,117,92,0,92,2
2020-04-15,Shasta,089,179085,31,25,0,25,3
2020-04-15,Sierra,091,2930,0,0,0,0,0
2020-04-15,Siskiyou,093,43540,5,5,0,5,0
2020-04-15,Solano,095,438530,216,153,0,153,2
2020-04-15,Sonoma,097,501317,197,140,0,140,1
2020-04-15,Stanislaus,099,539301,273,174,4,178,3
2020-04-15,Sutter,101,95872,25,19,0,19,2
2020-04-15,Tehama,103,63373,1,1,0,1,1
2020-04-15,Trinity,105,12862,0,0,0,0,0
2020-04-15,Tulare,107,460477,560,289,5,294,14
2020-04-15,Tuolumne,109,53932,3,1,0,1,0
2020-04-15,Ventura,111,848112,517,365,1,366,13
2020-04-15,Yolo,113,214977,163,93,0,93,3
2020-04-15,Yuba,115,75493,15,15,0,15,1
2020-04-14,Alameda,001,1643700,1285,843,1,844,30
2020-04-14,Alpine,003,1148,1,1,0,1,0
2020-04-14,Amador,005,37829,7,6,0,6,0
2020-04-14,Butte,007,227075,20,13,1,14,0
2020-04-14,Calaveras,009,45235,11,5,0,5,0
2020-04-14,Colusa,011,21464,3,3,0,3,0
2020-04-14,Contra Costa,013,1133247,794,617,0,617,12
2020-04-14,Del Norte,015,27424,2,2,0,2,0
2020-04-14,El Dorado,017,186661,51,30,0,30,0
2020-04-14,Fresno,019,978130,521,244,6,250,6
2020-04-14,Glenn,021,27897,4,3,0,3,0
2020-04-14,Humboldt,023,135768,57,44,0,44,0
2020-04-14,Imperial,025,180216,237,86,0,86,2
2020-04-14,Inyo,027,18085,17,12,0,12,0
2020-04-14,Kern,029,883053,736,453,1,454,3
2020-04-14,Kings,031,150075,58,12,1,13,1
2020-04-14,Lake,033,64148,6,3,0,3,0
2020-04-14,Lassen,035,31185,3,0,2,2,0
2020-04-14,Los Angeles,037,10098052,16085,9948,13,9961,357
2020-04-14,Madera,039,155013,68,29,1,30,2
2020-04-14,Marin,041,260295,196,147,1,148,9
2020-04-14,Mariposa,043,17540,0,0,0,0,0
2020-04-14,Mendocino,045,87422,5,4,0,4,0
2020-04-14,Merced,047,269075,113,61,0,61,3
2020-04-14,Modoc,049,8938,0,0,0,0,0
2020-04-14,Mono,051,14174,29,22,0,22,1
2020-04-14,Monterey,053,433212,180,98,0,98,3
2020-04-14,Napa,055,140530,56,33,0,33,2
2020-04-14,Nevada,057,99092,37,34,1,35,1
2020-04-14,Orange,059,3164182,2127,1362,19,1381,24
2020-04-14,Placer,061,380077,148,117,0,117,5
2020-04-14,Plumas,063,18699,4,3,0,3,0
2020-04-14,Riverside,065,2383286,3076,1467,14,1481,40
2020-04-14,Sacramento,067,1510023,969,737,0,737,29
2020-04-14,San Benito,069,59416,39,34,0,34,2
2020-04-14,San Bernardino,071,2135413,1590,933,0,933,37
2020-04-14,San Diego,073,3302833,2619,1932,0,1932,53
2020-04-14,San Francisco,075,870044,1257,968,0,968,14
2020-04-14,San Joaquin,077,732212,453,280,3,283,17
2020-04-14,San Luis Obispo,079,281455,174,109,3,112,1
2020-04-14,San Mateo,081,765935,1012,681,2,683,28
2020-04-14,Santa Barbara,083,443738,400,292,2,294,2
2020-04-14,Santa Clara,085,1922200,2129,1561,5,1566,63
2020-04-14,Santa Cruz,087,273765,109,84,0,84,2
2020-04-14,Shasta,089,179085,31,24,0,24,3
2020-04-14,Sierra,091,2930,0,0,0,0,0
2020-04-14,Siskiyou,093,43540,5,5,0,5,0
2020-04-14,Solano,095,438530,213,140,0,140,2
2020-04-14,Sonoma,097,501317,193,133,0,133,1
2020-04-14,Stanislaus,099,539301,260,136,4,140,3
2020-04-14,Sutter,101,95872,24,19,0,19,2
2020-04-14,Tehama,103,63373,1,1,0,1,1
2020-04-14,Trinity,105,12862,0,0,0,0,0
2020-04-14,Tulare,107,460477,536,228,5,233,12
2020-04-14,Tuolumne,109,53932,3,0,0,0,0
2020-04-14,Ventura,111,848112,504,328,1,329,11
2020-04-14,Yolo,113,214977,160,81,0,81,3
2020-04-14,Yuba,115,75493,14,14,0,14,1
2020-04-13,Alameda,001,1643700,1246,821,1,822,23
2020-04-13,Alpine,003,1148,1,1,0,1,0
2020-04-13,Amador,005,37829,7,6,0,6,0
2020-04-13,Butte,007,227075,19,13,1,14,0
2020-04-13,Calaveras,009,45235,10,5,0,5,0
2020-04-13,Colusa,011,21464,3,3,0,3,0
2020-04-13,Contra Costa,013,1133247,778,569,0,569,12
2020-04-13,Del Norte,015,27424,2,2,0,2,0
2020-04-13,El Dorado,017,186661,49,29,0,29,0
2020-04-13,Fresno,019,978130,499,205,5,210,4
2020-04-13,Glenn,021,27897,4,3,0,3,0
2020-04-13,Humboldt,023,135768,57,44,0,44,0
2020-04-13,Imperial,025,180216,219,82,0,82,2
2020-04-13,Inyo,027,18085,17,12,0,12,0
2020-04-13,Kern,029,883053,711,346,1,347,3
2020-04-13,Kings,031,150075,54,9,1,10,0
2020-04-13,Lake,033,64148,6,3,0,3,0
2020-04-13,Lassen,035,31185,3,0,2,2,0
2020-04-13,Los Angeles,037,10098052,15369,9367,13,9380,317
2020-04-13,Madera,039,155013,66,29,1,30,2
2020-04-13,Marin,041,260295,192,144,1,145,6
2020-04-13,Mariposa,043,17540,0,0,0,0,0
2020-04-13,Mendocino,045,87422,5,4,0,4,0
2020-04-13,Merced,047,269075,112,60,0,60,3
2020-04-13,Modoc,049,8938,0,0,0,0,0
2020-04-13,Mono,051,14174,29,21,0,21,1
2020-04-13,Monterey,053,433212,173,86,0,86,3
2020-04-13,Napa,055,140530,55,30,0,30,2
2020-04-13,Nevada,057,99092,37,24,1,25,1
2020-04-13,Orange,059,3164182,2054,1313,19,1332,21
2020-04-13,Placer,061,380077,147,116,0,116,5
2020-04-13,Plumas,063,18699,4,3,0,3,0
2020-04-13,Riverside,065,2383286,2935,1460,13,1473,35
2020-04-13,Sacramento,067,1510023,957,723,0,723,25
2020-04-13,San Benito,069,59416,38,33,0,33,2
2020-04-13,San Bernardino,071,2135413,1515,920,0,920,30
2020-04-13,San Diego,073,3302833,2536,1849,0,1849,47
2020-04-13,San Francisco,075,870044,1219,948,0,948,12
2020-04-13,San Joaquin,077,732212,438,255,3,258,16
2020-04-13,San Luis Obispo,079,281455,169,106,3,109,1
2020-04-13,San Mateo,081,765935,972,679,2,681,25
2020-04-13,Santa Barbara,083,443738,381,271,1,272,2
2020-04-13,Santa Clara,085,1922200,2083,1540,5,1545,58
2020-04-13,Santa Cruz,087,273765,103,82,0,82,1
2020-04-13,Shasta,089,179085,30,24,0,24,3
2020-04-13,Sierra,091,2930,0,0,0,0,0
2020-04-13,Siskiyou,093,43540,5,5,0,5,0
2020-04-13,Solano,095,438530,210,136,0,136,2
2020-04-13,Sonoma,097,501317,186,133,0,133,1
2020-04-13,Stanislaus,099,539301,254,130,4,134,1
2020-04-13,Sutter,101,95872,24,18,0,18,2
2020-04-13,Tehama,103,63373,1,1,0,1,0
2020-04-13,Trinity,105,12862,0,0,0,0,0
2020-04-13,Tulare,107,460477,500,185,5,190,11
2020-04-13,Tuolumne,109,53932,3,0,0,0,0
2020-04-13,Ventura,111,848112,483,309,0,309,9
2020-04-13,Yolo,113,214977,153,81,0,81,3
2020-04-13,Yuba,115,75493,14,13,0,13,1
2020-04-12,Alameda,001,1643700,1203,774,1,775,23
2020-04-12,Alpine,003,1148,1,1,0,1,0
2020-04-12,Amador,005,37829,7,6,0,6,0
2020-04-12,Butte,007,227075,19,13,1,14,0
2020-04-12,Calaveras,009,45235,10,5,0,5,0
2020-04-12,Colusa,011,21464,3,3,0,3,0
2020-04-12,Contra Costa,013,1133247,765,553,0,553,12
2020-04-12,Del Norte,015,27424,2,2,0,2,0
2020-04-12,El Dorado,017,186661,49,28,0,28,0
2020-04-12,Fresno,019,978130,470,205,5,210,4
2020-04-12,Glenn,021,27897,4,3,0,3,0
2020-04-12,Humboldt,023,135768,57,43,0,43,0
2020-04-12,Imperial,025,180216,196,78,0,78,2
2020-04-12,Inyo,027,18085,15,12,0,12,0
2020-04-12,Kern,029,883053,679,319,0,319,3
2020-04-12,Kings,031,150075,52,9,1,10,0
2020-04-12,Lake,033,64148,6,3,0,3,0
2020-04-12,Lassen,035,31185,3,0,2,2,0
2020-04-12,Los Angeles,037,10098052,14652,9133,13,9146,294
2020-04-12,Madera,039,155013,65,29,1,30,2
2020-04-12,Marin,041,260295,181,138,1,139,6
2020-04-12,Mariposa,043,17540,0,0,0,0,0
2020-04-12,Mendocino,045,87422,5,4,0,4,0
2020-04-12,Merced,047,269075,106,58,0,58,3
2020-04-12,Modoc,049,8938,0,0,0,0,0
2020-04-12,Mono,051,14174,29,20,0,20,1
2020-04-12,Monterey,053,433212,159,85,0,85,3
2020-04-12,Napa,055,140530,53,29,0,29,2
2020-04-12,Nevada,057,99092,37,24,1,25,1
2020-04-12,Orange,059,3164182,1994,1283,18,1301,21
2020-04-12,Placer,061,380077,146,114,0,114,4
2020-04-12,Plumas,063,18699,4,3,0,3,0
2020-04-12,Riverside,065,2383286,2753,1330,13,1343,34
2020-04-12,Sacramento,067,1510023,920,689,0,689,25
2020-04-12,San Benito,069,59416,36,33,0,33,2
2020-04-12,San Bernardino,071,2135413,1439,827,0,827,30
2020-04-12,San Diego,073,3302833,2446,1806,0,1806,45
2020-04-12,San Francisco,075,870044,1192,886,0,886,11
2020-04-12,San Joaquin,077,732212,420,246,3,249,15
2020-04-12,San Luis Obispo,079,281455,166,102,2,104,1
2020-04-12,San Mateo,081,765935,946,664,2,666,25
2020-04-12,Santa Barbara,083,443738,362,261,1,262,2
2020-04-12,Santa Clara,085,1922200,2055,1461,5,1466,53
2020-04-12,Santa Cruz,087,273765,102,80,0,80,1
2020-04-12,Shasta,089,179085,30,24,0,24,3
2020-04-12,Sierra,091,2930,0,0,0,0,0
2020-04-12,Siskiyou,093,43540,5,5,0,5,0
2020-04-12,Solano,095,438530,204,136,0,136,2
2020-04-12,Sonoma,097,501317,183,131,0,131,1
2020-04-12,Stanislaus,099,539301,246,117,4,121,1
2020-04-12,Sutter,101,95872,23,18,0,18,2
2020-04-12,Tehama,103,63373,1,1,0,1,0
2020-04-12,Trinity,105,12862,0,0,0,0,0
2020-04-12,Tulare,107,460477,488,166,5,171,11
2020-04-12,Tuolumne,109,53932,3,0,0,0,0
2020-04-12,Ventura,111,848112,473,306,0,306,9
2020-04-12,Yolo,113,214977,139,67,0,67,3
2020-04-12,Yuba,115,75493,14,13,0,13,1
2020-04-11,Alameda,001,1643700,1162,751,1,752,23
2020-04-11,Alpine,003,1148,1,1,0,1,0
2020-04-11,Amador,005,37829,7,6,0,6,0
2020-04-11,Butte,007,227075,19,13,1,14,0
2020-04-11,Calaveras,009,45235,10,5,0,5,0
2020-04-11,Colusa,011,21464,3,3,0,3,0
2020-04-11,Contra Costa,013,1133247,756,550,0,550,12
2020-04-11,Del Norte,015,27424,2,2,0,2,0
2020-04-11,El Dorado,017,186661,48,29,0,29,0
2020-04-11,Fresno,019,978130,460,201,5,206,4
2020-04-11,Glenn,021,27897,4,3,0,3,0
2020-04-11,Humboldt,023,135768,57,38,0,38,0
2020-04-11,Imperial,025,180216,186,78,0,78,2
2020-04-11,Inyo,027,18085,15,12,0,12,0
2020-04-11,Kern,029,883053,651,304,0,304,3
2020-04-11,Kings,031,150075,49,9,1,10,0
2020-04-11,Lake,033,64148,6,3,0,3,0
2020-04-11,Lassen,035,31185,3,0,2,2,0
2020-04-11,Los Angeles,037,10098052,14178,8823,13,8836,262
2020-04-11,Madera,039,155013,64,29,1,30,2
2020-04-11,Marin,041,260295,178,136,1,137,6
2020-04-11,Mariposa,043,17540,0,0,0,0,0
2020-04-11,Mendocino,045,87422,5,4,0,4,0
2020-04-11,Merced,047,269075,103,59,0,59,3
2020-04-11,Modoc,049,8938,0,0,0,0,0
2020-04-11,Mono,051,14174,29,20,0,20,1
2020-04-11,Monterey,053,433212,153,78,0,78,3
2020-04-11,Napa,055,140530,53,29,0,29,2
2020-04-11,Nevada,057,99092,37,24,1,25,1
2020-04-11,Orange,059,3164182,1932,1267,18,1285,21
2020-04-11,Placer,061,380077,146,113,0,113,4
2020-04-11,Plumas,063,18699,4,3,0,3,0
2020-04-11,Riverside,065,2383286,2674,1260,13,1273,33
2020-04-11,Sacramento,067,1510023,909,685,0,685,25
2020-04-11,San Benito,069,59416,36,33,0,33,2
2020-04-11,San Bernardino,071,2135413,1403,826,0,826,28
2020-04-11,San Diego,073,3302833,2380,1763,0,1763,45
2020-04-11,San Francisco,075,870044,1170,860,0,860,11
2020-04-11,San Joaquin,077,732212,415,244,3,247,15
2020-04-11,San Luis Obispo,079,281455,166,100,1,101,1
2020-04-11,San Mateo,081,765935,934,662,2,664,25
2020-04-11,Santa Barbara,083,443738,354,258,1,259,2
2020-04-11,Santa Clara,085,1922200,1996,1441,5,1446,51
2020-04-11,Santa Cruz,087,273765,102,79,0,79,1
2020-04-11,Shasta,089,179085,30,24,0,24,3
2020-04-11,Sierra,091,2930,0,0,0,0,0
2020-04-11,Siskiyou,093,43540,5,5,0,5,0
2020-04-11,Solano,095,438530,200,138,0,138,2
2020-04-11,Sonoma,097,501317,181,131,0,131,1
2020-04-11,Stanislaus,099,539301,238,119,3,122,1
2020-04-11,Sutter,101,95872,23,18,0,18,2
2020-04-11,Tehama,103,63373,1,1,0,1,0
2020-04-11,Trinity,105,12862,0,0,0,0,0
2020-04-11,Tulare,107,460477,466,168,5,173,10
2020-04-11,Tuolumne,109,53932,3,0,0,0,0
2020-04-11,Ventura,111,848112,463,304,0,304,9
2020-04-11,Yolo,113,214977,136,67,0,67,3
2020-04-11,Yuba,115,75493,14,13,0,13,1
2020-04-10,Alameda,001,1643700,1121,706,1,707,21
2020-04-10,Alpine,003,1148,1,1,0,1,0
2020-04-10,Amador,005,37829,7,5,0,5,0
2020-04-10,Butte,007,227075,19,13,1,14,0
2020-04-10,Calaveras,009,45235,10,5,0,5,0
2020-04-10,Colusa,011,21464,3,3,0,3,0
2020-04-10,Contra Costa,013,1133247,743,537,0,537,10
2020-04-10,Del Norte,015,27424,2,2,0,2,0
2020-04-10,El Dorado,017,186661,48,26,0,26,0
2020-04-10,Fresno,019,978130,453,186,4,190,3
2020-04-10,Glenn,021,27897,4,3,0,3,0
2020-04-10,Humboldt,023,135768,57,36,0,36,0
2020-04-10,Imperial,025,180216,179,70,0,70,2
2020-04-10,Inyo,027,18085,13,11,0,11,0
2020-04-10,Kern,029,883053,627,272,0,272,3
2020-04-10,Kings,031,150075,46,7,1,8,0
2020-04-10,Lake,033,64148,6,3,0,3,0
2020-04-10,Lassen,035,31185,3,0,2,2,0
2020-04-10,Los Angeles,037,10098052,13662,8384,12,8396,239
2020-04-10,Madera,039,155013,63,29,1,30,2
2020-04-10,Marin,041,260295,173,128,1,129,6
2020-04-10,Mariposa,043,17540,0,0,0,0,0
2020-04-10,Mendocino,045,87422,5,4,0,4,0
2020-04-10,Merced,047,269075,100,56,0,56,3
2020-04-10,Modoc,049,8938,0,0,0,0,0
2020-04-10,Mono,051,14174,29,20,0,20,1
2020-04-10,Monterey,053,433212,142,78,0,78,3
2020-04-10,Napa,055,140530,50,28,0,28,2
2020-04-10,Nevada,057,99092,37,23,1,24,1
2020-04-10,Orange,059,3164182,1885,1167,18,1185,21
2020-04-10,Placer,061,380077,145,112,0,112,4
2020-04-10,Plumas,063,18699,4,3,0,3,0
2020-04-10,Riverside,065,2383286,2608,1162,13,1175,30
2020-04-10,Sacramento,067,1510023,900,642,0,642,24
2020-04-10,San Benito,069,59416,36,32,0,32,2
2020-04-10,San Bernardino,071,2135413,1355,779,0,779,27
2020-04-10,San Diego,073,3302833,2320,1695,0,1695,44
2020-04-10,San Francisco,075,870044,1139,797,0,797,10
2020-04-10,San Joaquin,077,732212,403,234,3,237,14
2020-04-10,San Luis Obispo,079,281455,166,97,1,98,1
2020-04-10,San Mateo,081,765935,918,642,2,644,24
2020-04-10,Santa Barbara,083,443738,346,254,1,255,2
2020-04-10,Santa Clara,085,1922200,1944,1351,5,1356,50
2020-04-10,Santa Cruz,087,273765,101,75,0,75,1
2020-04-10,Shasta,089,179085,30,24,0,24,3
2020-04-10,Sierra,091,2930,0,0,0,0,0
2020-04-10,Siskiyou,093,43540,5,5,0,5,0
2020-04-10,Solano,095,438530,197,129,0,129,2
2020-04-10,Sonoma,097,501317,180,129,0,129,1
2020-04-10,Stanislaus,099,539301,231,101,3,104,0
2020-04-10,Sutter,101,95872,23,18,0,18,2
2020-04-10,Tehama,103,63373,1,1,0,1,0
2020-04-10,Trinity,105,12862,0,0,0,0,0
2020-04-10,Tulare,107,460477,424,163,5,168,10
2020-04-10,Tuolumne,109,53932,3,0,0,0,0
2020-04-10,Ventura,111,848112,454,290,0,290,9
2020-04-10,Yolo,113,214977,134,62,0,62,3
2020-04-10,Yuba,115,75493,14,13,0,13,1
2020-04-09,Alameda,001,1643700,1071,641,1,642,17
2020-04-09,Alpine,003,1148,1,1,0,1,0
2020-04-09,Amador,005,37829,7,2,0,2,0
2020-04-09,Butte,007,227075,19,12,1,13,0
2020-04-09,Calaveras,009,45235,10,5,0,5,0
2020-04-09,Colusa,011,21464,3,3,0,3,0
2020-04-09,Contra Costa,013,1133247,700,505,0,505,7
2020-04-09,Del Norte,015,27424,2,2,0,2,0
2020-04-09,El Dorado,017,186661,47,25,0,25,0
2020-04-09,Fresno,019,978130,428,165,4,169,3
2020-04-09,Glenn,021,27897,4,2,0,2,0
2020-04-09,Humboldt,023,135768,57,36,0,36,0
2020-04-09,Imperial,025,180216,158,67,0,67,2
2020-04-09,Inyo,027,18085,12,11,0,11,0
2020-04-09,Kern,029,883053,591,241,0,241,2
2020-04-09,Kings,031,150075,43,5,1,6,0
2020-04-09,Lake,033,64148,5,1,0,1,0
2020-04-09,Lassen,035,31185,3,0,2,2,0
2020-04-09,Los Angeles,037,10098052,13033,7919,12,7931,220
2020-04-09,Madera,039,155013,63,28,1,29,2
2020-04-09,Marin,041,260295,171,126,1,127,7
2020-04-09,Mariposa,043,17540,0,0,0,0,0
2020-04-09,Mendocino,045,87422,5,4,0,4,0
2020-04-09,Merced,047,269075,97,41,0,41,3
2020-04-09,Modoc,049,8938,0,0,0,0,0
2020-04-09,Mono,051,14174,29,19,0,19,1
2020-04-09,Monterey,053,433212,124,70,0,70,3
2020-04-09,Napa,055,140530,46,27,0,27,2
2020-04-09,Nevada,057,99092,36,23,1,24,1
2020-04-09,Orange,059,3164182,1811,1105,18,1123,19
2020-04-09,Placer,061,380077,144,107,0,107,4
2020-04-09,Plumas,063,18699,4,3,0,3,0
2020-04-09,Riverside,065,2383286,2465,1083,13,1096,29
2020-04-09,Sacramento,067,1510023,877,601,0,601,21
2020-04-09,San Benito,069,59416,36,32,0,32,2
2020-04-09,San Bernardino,071,2135413,1286,717,0,717,27
2020-04-09,San Diego,073,3302833,2224,1630,0,1630,40
2020-04-09,San Francisco,075,870044,1119,748,0,748,8
2020-04-09,San Joaquin,077,732212,382,223,3,226,14
2020-04-09,San Luis Obispo,079,281455,158,93,1,94,1
2020-04-09,San Mateo,081,765935,902,630,2,632,23
2020-04-09,Santa Barbara,083,443738,336,232,1,233,2
2020-04-09,Santa Clara,085,1922200,1874,1301,5,1306,49
2020-04-09,Santa Cruz,087,273765,101,73,0,73,1
2020-04-09,Shasta,089,179085,30,22,0,22,3
2020-04-09,Sierra,091,2930,0,0,0,0,0
2020-04-09,Siskiyou,093,43540,5,4,0,4,0
2020-04-09,Solano,095,438530,188,118,0,118,2
2020-04-09,Sonoma,097,501317,176,113,0,113,1
2020-04-09,Stanislaus,099,539301,219,93,3,96,0
2020-04-09,Sutter,101,95872,23,17,0,17,2
2020-04-09,Tehama,103,63373,1,1,0,1,0
2020-04-09,Trinity,105,12862,0,0,0,0,0
2020-04-09,Tulare,107,460477,395,147,5,152,9
2020-04-09,Tuolumne,109,53932,3,0,0,0,0
2020-04-09,Ventura,111,848112,435,273,0,273,9
2020-04-09,Yolo,113,214977,125,59,0,59,3
2020-04-09,Yuba,115,75493,14,13,0,13,0
2020-04-08,Alameda,001,1643700,1029,594,1,595,15
2020-04-08,Alpine,003,1148,1,1,0,1,0
2020-04-08,Amador,005,37829,7,2,0,2,0
2020-04-08,Butte,007,227075,18,11,1,12,0
2020-04-08,Calaveras,009,45235,10,5,0,5,0
2020-04-08,Colusa,011,21464,3,3,0,3,0
2020-04-08,Contra Costa,013,1133247,687,481,0,481,7
2020-04-08,Del Norte,015,27424,2,2,0,2,0
2020-04-08,El Dorado,017,186661,47,25,0,25,0
2020-04-08,Fresno,019,978130,408,151,4,155,3
2020-04-08,Glenn,021,27897,4,2,0,2,0
2020-04-08,Humboldt,023,135768,57,40,0,40,0
2020-04-08,Imperial,025,180216,147,59,0,59,2
2020-04-08,Inyo,027,18085,12,11,0,11,0
2020-04-08,Kern,029,883053,550,198,0,198,2
2020-04-08,Kings,031,150075,43,5,1,6,0
2020-04-08,Lake,033,64148,5,1,0,1,0
2020-04-08,Lassen,035,31185,3,0,2,2,0
2020-04-08,Los Angeles,037,10098052,12432,7505,12,7517,196
2020-04-08,Madera,039,155013,62,28,1,29,2
2020-04-08,Marin,041,260295,165,125,1,126,7
2020-04-08,Mariposa,043,17540,0,0,0,0,0
2020-04-08,Mendocino,045,87422,5,4,0,4,0
2020-04-08,Merced,047,269075,82,35,0,35,1
2020-04-08,Modoc,049,8938,0,0,0,0,0
2020-04-08,Mono,051,14174,29,19,0,19,1
2020-04-08,Monterey,053,433212,115,68,0,68,3
2020-04-08,Napa,055,140530,44,21,0,21,2
2020-04-08,Nevada,057,99092,36,21,1,22,1
2020-04-08,Orange,059,3164182,1748,1034,18,1052,19
2020-04-08,Placer,061,380077,144,102,0,102,4
2020-04-08,Plumas,063,18699,4,3,0,3,0
2020-04-08,Riverside,065,2383286,2308,974,13,987,28
2020-04-08,Sacramento,067,1510023,843,565,0,565,21
2020-04-08,San Benito,069,59416,36,31,0,31,2
2020-04-08,San Bernardino,071,2135413,1229,635,0,635,22
2020-04-08,San Diego,073,3302833,2150,1532,0,1532,36
2020-04-08,San Francisco,075,870044,1052,687,0,687,7
2020-04-08,San Joaquin,077,732212,365,211,3,214,12
2020-04-08,San Luis Obispo,079,281455,156,90,1,91,1
2020-04-08,San Mateo,081,765935,887,608,2,610,22
2020-04-08,Santa Barbara,083,443738,319,221,1,222,2
2020-04-08,Santa Clara,085,1922200,1829,1257,5,1262,47
2020-04-08,Santa Cruz,087,273765,100,69,0,69,1
2020-04-08,Shasta,089,179085,30,18,0,18,3
2020-04-08,Sierra,091,2930,0,0,0,0,0
2020-04-08,Siskiyou,093,43540,5,4,0,4,0
2020-04-08,Solano,095,438530,175,111,0,111,2
2020-04-08,Sonoma,097,501317,170,107,0,107,1
2020-04-08,Stanislaus,099,539301,203,86,3,89,0
2020-04-08,Sutter,101,95872,22,17,0,17,2
2020-04-08,Tehama,103,63373,1,1,0,1,0
2020-04-08,Trinity,105,12862,0,0,0,0,0
2020-04-08,Tulare,107,460477,364,145,5,150,6
2020-04-08,Tuolumne,109,53932,3,0,0,0,0
2020-04-08,Ventura,111,848112,426,263,0,263,7
2020-04-08,Yolo,113,214977,108,56,0,56,3
2020-04-08,Yuba,115,75493,14,10,0,10,0
2020-04-07,Alameda,001,1643700,994,560,1,561,14
2020-04-07,Alpine,003,1148,1,1,0,1,0
2020-04-07,Amador,005,37829,7,2,0,2,0
2020-04-07,Butte,007,227075,17,11,1,12,0
2020-04-07,Calaveras,009,45235,9,5,0,5,0
2020-04-07,Colusa,011,21464,3,2,0,2,0
2020-04-07,Contra Costa,013,1133247,667,471,0,471,7
2020-04-07,Del Norte,015,27424,2,2,0,2,0
2020-04-07,El Dorado,017,186661,46,22,0,22,0
2020-04-07,Fresno,019,978130,393,138,4,142,3
2020-04-07,Glenn,021,27897,4,2,0,2,0
2020-04-07,Humboldt,023,135768,56,40,0,40,0
2020-04-07,Imperial,025,180216,128,53,0,53,2
2020-04-07,Inyo,027,18085,12,11,0,11,0
2020-04-07,Kern,029,883053,507,134,0,134,2
2020-04-07,Kings,031,150075,40,5,1,6,0
2020-04-07,Lake,033,64148,4,1,0,1,0
2020-04-07,Lassen,035,31185,3,0,2,2,0
2020-04-07,Los Angeles,037,10098052,11782,6885,12,6897,170
2020-04-07,Madera,039,155013,60,28,0,28,2
2020-04-07,Marin,041,260295,163,122,1,123,7
2020-04-07,Mariposa,043,17540,0,0,0,0,0
2020-04-07,Mendocino,045,87422,5,4,0,4,0
2020-04-07,Merced,047,269075,67,27,0,27,1
2020-04-07,Modoc,049,8938,0,0,0,0,0
2020-04-07,Mono,051,14174,28,18,0,18,1
2020-04-07,Monterey,053,433212,107,63,0,63,2
2020-04-07,Napa,055,140530,42,18,0,18,2
2020-04-07,Nevada,057,99092,36,20,1,21,1
2020-04-07,Orange,059,3164182,1701,971,16,987,19
2020-04-07,Placer,061,380077,139,94,0,94,3
2020-04-07,Plumas,063,18699,4,3,0,3,0
2020-04-07,Riverside,065,2383286,2151,905,13,918,25
2020-04-07,Sacramento,067,1510023,813,513,0,513,18
2020-04-07,San Benito,069,59416,36,26,0,26,2
2020-04-07,San Bernardino,071,2135413,1162,554,0,554,19
2020-04-07,San Diego,073,3302833,2073,1456,0,1456,31
2020-04-07,San Francisco,075,870044,992,636,0,636,6
2020-04-07,San Joaquin,077,732212,347,198,3,201,12
2020-04-07,San Luis Obispo,079,281455,149,87,1,88,1
2020-04-07,San Mateo,081,765935,866,573,2,575,22
2020-04-07,Santa Barbara,083,443738,305,209,1,210,2
2020-04-07,Santa Clara,085,1922200,1760,1193,4,1197,46
2020-04-07,Santa Cruz,087,273765,100,67,0,67,1
2020-04-07,Shasta,089,179085,29,16,0,16,3
2020-04-07,Sierra,091,2930,0,0,0,0,0
2020-04-07,Siskiyou,093,43540,5,4,0,4,0
2020-04-07,Solano,095,438530,170,99,0,99,1
2020-04-07,Sonoma,097,501317,167,102,0,102,1
2020-04-07,Stanislaus,099,539301,186,83,3,86,0
2020-04-07,Sutter,101,95872,22,16,0,16,2
2020-04-07,Tehama,103,63373,1,1,0,1,0
2020-04-07,Trinity,105,12862,0,0,0,0,0
2020-04-07,Tulare,107,460477,335,144,5,149,5
2020-04-07,Tuolumne,109,53932,3,1,0,1,0
2020-04-07,Ventura,111,848112,409,247,0,247,6
2020-04-07,Yolo,113,214977,101,51,0,51,2
2020-04-07,Yuba,115,75493,14,10,0,10,0
2020-04-06,Alameda,001,1643700,964,527,1,528,13
2020-04-06,Alpine,003,1148,1,1,0,1,0
2020-04-06,Amador,005,37829,6,2,0,2,0
2020-04-06,Butte,007,227075,16,11,1,12,0
2020-04-06,Calaveras,009,45235,9,4,0,4,0
2020-04-06,Colusa,011,21464,3,1,0,1,0
2020-04-06,Contra Costa,013,1133247,642,447,0,447,7
2020-04-06,Del Norte,015,27424,2,2,0,2,0
2020-04-06,El Dorado,017,186661,44,23,0,23,0
2020-04-06,Fresno,019,978130,371,122,4,126,1
2020-04-06,Glenn,021,27897,4,2,0,2,0
2020-04-06,Humboldt,023,135768,55,37,0,37,0
2020-04-06,Imperial,025,180216,121,47,0,47,1
2020-04-06,Inyo,027,18085,11,11,0,11,0
2020-04-06,Kern,029,883053,470,117,0,117,2
2020-04-06,Kings,031,150075,40,3,1,4,0
2020-04-06,Lake,033,64148,4,1,0,1,0
2020-04-06,Lassen,035,31185,3,0,2,2,0
2020-04-06,Los Angeles,037,10098052,11047,6346,12,6358,145
2020-04-06,Madera,039,155013,58,29,0,29,2
2020-04-06,Marin,041,260295,160,119,1,120,7
2020-04-06,Mariposa,043,17540,0,0,0,0,0
2020-04-06,Mendocino,045,87422,5,4,0,4,0
2020-04-06,Merced,047,269075,60,25,0,25,1
2020-04-06,Modoc,049,8938,0,0,0,0,0
2020-04-06,Mono,051,14174,28,18,0,18,1
2020-04-06,Monterey,053,433212,102,62,0,62,2
2020-04-06,Napa,055,140530,42,18,0,18,2
2020-04-06,Nevada,057,99092,36,19,1,20,1
2020-04-06,Orange,059,3164182,1657,910,15,925,17
2020-04-06,Placer,061,380077,139,90,0,90,3
2020-04-06,Plumas,063,18699,4,2,0,2,0
2020-04-06,Riverside,065,2383286,2025,854,13,867,17
2020-04-06,Sacramento,067,1510023,783,448,0,448,15
2020-04-06,San Benito,069,59416,34,25,0,25,1
2020-04-06,San Bernardino,071,2135413,1103,550,0,550,13
2020-04-06,San Diego,073,3302833,1991,1406,0,1406,19
2020-04-06,San Francisco,075,870044,952,586,0,586,6
2020-04-06,San Joaquin,077,732212,332,191,3,194,10
2020-04-06,San Luis Obispo,079,281455,147,85,1,86,1
2020-04-06,San Mateo,081,765935,848,569,2,571,20
2020-04-06,Santa Barbara,083,443738,296,189,1,190,2
2020-04-06,Santa Clara,085,1922200,1707,1128,4,1132,43
2020-04-06,Santa Cruz,087,273765,98,65,0,65,1
2020-04-06,Shasta,089,179085,29,16,0,16,3
2020-04-06,Sierra,091,2930,0,0,0,0,0
2020-04-06,Siskiyou,093,43540,4,4,0,4,0
2020-04-06,Solano,095,438530,163,95,0,95,1
2020-04-06,Sonoma,097,501317,166,102,0,102,1
2020-04-06,Stanislaus,099,539301,170,72,3,75,0
2020-04-06,Sutter,101,95872,22,14,0,14,2
2020-04-06,Tehama,103,63373,1,1,0,1,0
2020-04-06,Trinity,105,12862,0,0,0,0,0
2020-04-06,Tulare,107,460477,319,126,5,131,5
2020-04-06,Tuolumne,109,53932,3,1,0,1,0
2020-04-06,Ventura,111,848112,391,234,0,234,6
2020-04-06,Yolo,113,214977,97,43,0,43,1
2020-04-06,Yuba,115,75493,14,8,0,8,0
2020-04-05,Alameda,001,1643700,922,475,1,476,12
2020-04-05,Alpine,003,1148,1,1,0,1,0
2020-04-05,Amador,005,37829,6,2,0,2,0
2020-04-05,Butte,007,227075,16,10,1,11,0
2020-04-05,Calaveras,009,45235,9,3,0,3,0
2020-04-05,Colusa,011,21464,3,1,0,1,0
2020-04-05,Contra Costa,013,1133247,625,415,0,415,6
2020-04-05,Del Norte,015,27424,2,1,0,1,0
2020-04-05,El Dorado,017,186661,42,19,0,19,0
2020-04-05,Fresno,019,978130,337,102,4,106,1
2020-04-05,Glenn,021,27897,4,2,0,2,0
2020-04-05,Humboldt,023,135768,55,29,0,29,0
2020-04-05,Imperial,025,180216,113,42,0,42,1
2020-04-05,Inyo,027,18085,11,10,0,10,0
2020-04-05,Kern,029,883053,415,109,0,109,2
2020-04-05,Kings,031,150075,39,4,1,5,0
2020-04-05,Lake,033,64148,4,0,0,0,0
2020-04-05,Lassen,035,31185,3,0,2,2,0
2020-04-05,Los Angeles,037,10098052,10476,5892,12,5904,130
2020-04-05,Madera,039,155013,57,27,0,27,2
2020-04-05,Marin,041,260295,160,113,1,114,6
2020-04-05,Mariposa,043,17540,0,0,0,0,0
2020-04-05,Mendocino,045,87422,5,4,0,4,0
2020-04-05,Merced,047,269075,53,16,0,16,0
2020-04-05,Modoc,049,8938,0,0,0,0,0
2020-04-05,Mono,051,14174,28,18,0,18,1
2020-04-05,Monterey,053,433212,95,61,0,61,2
2020-04-05,Napa,055,140530,40,15,0,15,2
2020-04-05,Nevada,057,99092,36,19,1,20,1
2020-04-05,Orange,059,3164182,1600,820,15,835,15
2020-04-05,Placer,061,380077,136,86,0,86,3
2020-04-05,Plumas,063,18699,3,2,0,2,0
2020-04-05,Riverside,065,2383286,1896,669,13,682,17
2020-04-05,Sacramento,067,1510023,752,393,0,393,11
2020-04-05,San Benito,069,59416,34,22,0,22,1
2020-04-05,San Bernardino,071,2135413,1030,375,0,375,13
2020-04-05,San Diego,073,3302833,1909,1328,0,1328,19
2020-04-05,San Francisco,075,870044,905,559,0,559,6
2020-04-05,San Joaquin,077,732212,317,179,3,182,10
2020-04-05,San Luis Obispo,079,281455,145,83,1,84,1
2020-04-05,San Mateo,081,765935,828,528,2,530,19
2020-04-05,Santa Barbara,083,443738,280,171,1,172,1
2020-04-05,Santa Clara,085,1922200,1660,1052,4,1056,42
2020-04-05,Santa Cruz,087,273765,98,59,0,59,1
2020-04-05,Shasta,089,179085,28,11,0,11,2
2020-04-05,Sierra,091,2930,0,0,0,0,0
2020-04-05,Siskiyou,093,43540,4,3,0,3,0
2020-04-05,Solano,095,438530,159,78,0,78,1
2020-04-05,Sonoma,097,501317,164,88,0,88,1
2020-04-05,Stanislaus,099,539301,156,51,3,54,0
2020-04-05,Sutter,101,95872,22,14,0,14,1
2020-04-05,Tehama,103,63373,1,1,0,1,0
2020-04-05,Trinity,105,12862,0,0,0,0,0
2020-04-05,Tulare,107,460477,282,81,5,86,4
2020-04-05,Tuolumne,109,53932,3,1,0,1,0
2020-04-05,Ventura,111,848112,377,196,0,196,6
2020-04-05,Yolo,113,214977,78,37,0,37,2
2020-04-05,Yuba,115,75493,14,7,0,7,0
2020-04-04,Alameda,001,1643700,899,468,1,469,12
2020-04-04,Alpine,003,1148,1,1,0,1,0
2020-04-04,Amador,005,37829,5,2,0,2,0
2020-04-04,Butte,007,227075,16,10,1,11,0
2020-04-04,Calaveras,009,45235,9,3,0,3,0
2020-04-04,Colusa,011,21464,3,1,0,1,0
2020-04-04,Contra Costa,013,1133247,617,382,0,382,5
2020-04-04,Del Norte,015,27424,2,1,0,1,0
2020-04-04,El Dorado,017,186661,42,19,0,19,0
2020-04-04,Fresno,019,978130,327,102,4,106,1
2020-04-04,Glenn,021,27897,4,2,0,2,0
2020-04-04,Humboldt,023,135768,55,29,0,29,0
2020-04-04,Imperial,025,180216,112,42,0,42,1
2020-04-04,Inyo,027,18085,11,10,0,10,0
2020-04-04,Kern,029,883053,385,103,0,103,2
2020-04-04,Kings,031,150075,39,3,1,4,0
2020-04-04,Lake,033,64148,4,0,0,0,0
2020-04-04,Lassen,035,31185,3,0,2,2,0
2020-04-04,Los Angeles,037,10098052,9857,5275,12,5287,117
2020-04-04,Madera,039,155013,55,27,0,27,2
2020-04-04,Marin,041,260295,158,111,0,111,6
2020-04-04,Mariposa,043,17540,0,0,0,0,0
2020-04-04,Mendocino,045,87422,5,4,0,4,0
2020-04-04,Merced,047,269075,49,11,0,11,0
2020-04-04,Modoc,049,8938,0,0,0,0,0
2020-04-04,Mono,051,14174,28,18,0,18,1
2020-04-04,Monterey,053,433212,91,61,0,61,2
2020-04-04,Napa,055,140530,40,15,0,15,2
2020-04-04,Nevada,057,99092,36,19,1,20,1
2020-04-04,Orange,059,3164182,1558,781,14,795,15
2020-04-04,Placer,061,380077,135,87,0,87,2
2020-04-04,Plumas,063,18699,3,2,0,2,0
2020-04-04,Riverside,065,2383286,1795,652,13,665,15
2020-04-04,Sacramento,067,1510023,734,393,0,393,11
2020-04-04,San Benito,069,59416,34,22,0,22,1
2020-04-04,San Bernardino,071,2135413,982,373,0,373,13
2020-04-04,San Diego,073,3302833,1861,1211,0,1211,18
2020-04-04,San Francisco,075,870044,867,537,0,537,6
2020-04-04,San Joaquin,077,732212,294,171,3,174,10
2020-04-04,San Luis Obispo,079,281455,145,82,1,83,0
2020-04-04,San Mateo,081,765935,816,520,2,522,17
2020-04-04,Santa Barbara,083,443738,271,167,1,168,1
2020-04-04,Santa Clara,085,1922200,1608,1045,4,1049,39
2020-04-04,Santa Cruz,087,273765,98,56,0,56,1
2020-04-04,Shasta,089,179085,27,11,0,11,2
2020-04-04,Sierra,091,2930,0,0,0,0,0
2020-04-04,Siskiyou,093,43540,4,3,0,3,0
2020-04-04,Solano,095,438530,154,79,0,79,1
2020-04-04,Sonoma,097,501317,161,88,0,88,1
2020-04-04,Stanislaus,099,539301,145,51,3,54,0
2020-04-04,Sutter,101,95872,22,14,0,14,1
2020-04-04,Tehama,103,63373,1,1,0,1,0
2020-04-04,Trinity,105,12862,0,0,0,0,0
2020-04-04,Tulare,107,460477,268,79,5,84,4
2020-04-04,Tuolumne,109,53932,3,1,0,1,0
2020-04-04,Ventura,111,848112,364,194,0,194,6
2020-04-04,Yolo,113,214977,76,40,0,40,2
2020-04-04,Yuba,115,75493,13,7,0,7,0
2020-04-03,Alameda,001,1643700,863,395,1,396,11
2020-04-03,Alpine,003,1148,1,1,0,1,0
2020-04-03,Amador,005,37829,5,2,0,2,0
2020-04-03,Butte,007,227075,16,8,1,9,0
2020-04-03,Calaveras,009,45235,9,3,0,3,0
2020-04-03,Colusa,011,21464,3,1,0,1,0
2020-04-03,Contra Costa,013,1133247,594,327,0,327,5
2020-04-03,Del Norte,015,27424,2,1,0,1,0
2020-04-03,El Dorado,017,186661,40,16,0,16,0
2020-04-03,Fresno,019,978130,315,98,4,102,1
2020-04-03,Glenn,021,27897,4,2,0,2,0
2020-04-03,Humboldt,023,135768,55,34,0,34,0
2020-04-03,Imperial,025,180216,103,35,0,35,0
2020-04-03,Inyo,027,18085,11,10,0,10,0
2020-04-03,Kern,029,883053,359,87,0,87,1
2020-04-03,Kings,031,150075,37,3,1,4,0
2020-04-03,Lake,033,64148,3,0,0,0,0
2020-04-03,Lassen,035,31185,3,0,2,2,0
2020-04-03,Los Angeles,037,10098052,9240,4566,12,4578,91
2020-04-03,Madera,039,155013,54,28,0,28,2
2020-04-03,Marin,041,260295,156,106,0,106,6
2020-04-03,Mariposa,043,17540,0,0,0,0,0
2020-04-03,Mendocino,045,87422,5,4,0,4,0
2020-04-03,Merced,047,269075,46,9,0,9,0
2020-04-03,Modoc,049,8938,0,0,0,0,0
2020-04-03,Mono,051,14174,28,18,0,18,1
2020-04-03,Monterey,053,433212,88,58,0,58,2
2020-04-03,Napa,055,140530,39,13,0,13,1
2020-04-03,Nevada,057,99092,36,19,1,20,1
2020-04-03,Orange,059,3164182,1519,713,14,727,13
2020-04-03,Placer,061,380077,131,76,0,76,2
2020-04-03,Plumas,063,18699,3,2,0,2,0
2020-04-03,Riverside,065,2383286,1715,540,13,553,14
2020-04-03,Sacramento,067,1510023,713,363,0,363,11
2020-04-03,San Benito,069,59416,34,22,0,22,1
2020-04-03,San Bernardino,071,2135413,937,356,0,356,11
2020-04-03,San Diego,073,3302833,1800,1114,0,1114,17
2020-04-03,San Francisco,075,870044,843,506,0,506,6
2020-04-03,San Joaquin,077,732212,282,162,3,165,10
2020-04-03,San Luis Obispo,079,281455,144,82,1,83,0
2020-04-03,San Mateo,081,765935,799,474,2,476,13
2020-04-03,Santa Barbara,083,443738,260,154,1,155,1
2020-04-03,Santa Clara,085,1922200,1572,983,4,987,39
2020-04-03,Santa Cruz,087,273765,98,52,0,52,1
2020-04-03,Shasta,089,179085,27,10,0,10,1
2020-04-03,Sierra,091,2930,0,0,0,0,0
2020-04-03,Siskiyou,093,43540,4,3,0,3,0
2020-04-03,Solano,095,438530,146,72,0,72,1
2020-04-03,Sonoma,097,501317,161,84,0,84,1
2020-04-03,Stanislaus,099,539301,139,48,3,51,0
2020-04-03,Sutter,101,95872,22,12,0,12,1
2020-04-03,Tehama,103,63373,1,1,0,1,0
2020-04-03,Trinity,105,12862,0,0,0,0,0
2020-04-03,Tulare,107,460477,254,73,5,78,3
2020-04-03,Tuolumne,109,53932,3,1,0,1,0
2020-04-03,Ventura,111,848112,354,186,0,186,6
2020-04-03,Yolo,113,214977,75,33,0,33,1
2020-04-03,Yuba,115,75493,13,6,0,6,0
2020-04-02,Alameda,001,1643700,812,345,1,346,10
2020-04-02,Alpine,003,1148,1,1,0,1,0
2020-04-02,Amador,005,37829,5,2,0,2,0
2020-04-02,Butte,007,227075,16,7,0,7,0
2020-04-02,Calaveras,009,45235,7,3,0,3,0
2020-04-02,Colusa,011,21464,3,1,0,1,0
2020-04-02,Contra Costa,013,1133247,564,297,0,297,3
2020-04-02,Del Norte,015,27424,2,0,0,0,0
2020-04-02,El Dorado,017,186661,38,16,0,16,0
2020-04-02,Fresno,019,978130,299,92,4,96,0
2020-04-02,Glenn,021,27897,3,2,0,2,0
2020-04-02,Humboldt,023,135768,51,23,0,23,0
2020-04-02,Imperial,025,180216,99,24,0,24,0
2020-04-02,Inyo,027,18085,10,8,0,8,0
2020-04-02,Kern,029,883053,332,74,0,74,0
2020-04-02,Kings,031,150075,37,3,1,4,0
2020-04-02,Lake,033,64148,3,0,0,0,0
2020-04-02,Lassen,035,31185,3,0,2,2,0
2020-04-02,Los Angeles,037,10098052,8405,4040,12,4052,79
2020-04-02,Madera,039,155013,52,25,0,25,1
2020-04-02,Marin,041,260295,150,102,0,102,1
2020-04-02,Mariposa,043,17540,0,0,0,0,0
2020-04-02,Mendocino,045,87422,5,4,0,4,0
2020-04-02,Merced,047,269075,41,9,0,9,0
2020-04-02,Modoc,049,8938,0,0,0,0,0
2020-04-02,Mono,051,14174,28,16,0,16,1
2020-04-02,Monterey,053,433212,86,50,0,50,2
2020-04-02,Napa,055,140530,39,13,0,13,0
2020-04-02,Nevada,057,99092,35,17,1,18,0
2020-04-02,Orange,059,3164182,1467,640,13,653,12
2020-04-02,Placer,061,380077,130,72,0,72,2
2020-04-02,Plumas,063,18699,3,1,0,1,0
2020-04-02,Riverside,065,2383286,1598,438,13,451,13
2020-04-02,Sacramento,067,1510023,695,322,0,322,9
2020-04-02,San Benito,069,59416,32,18,0,18,1
2020-04-02,San Bernardino,071,2135413,882,335,0,335,8
2020-04-02,San Diego,073,3302833,1733,968,0,968,16
2020-04-02,San Francisco,075,870044,817,473,0,473,6
2020-04-02,San Joaquin,077,732212,263,148,3,151,9
2020-04-02,San Luis Obispo,079,281455,139,79,1,80,0
2020-04-02,San Mateo,081,765935,778,423,2,425,13
2020-04-02,Santa Barbara,083,443738,249,125,1,126,1
2020-04-02,Santa Clara,085,1922200,1521,908,4,912,38
2020-04-02,Santa Cruz,087,273765,96,49,0,49,1
2020-04-02,Shasta,089,179085,26,7,0,7,1
2020-04-02,Sierra,091,2930,0,0,0,0,0
2020-04-02,Siskiyou,093,43540,4,3,0,3,0
2020-04-02,Solano,095,438530,136,65,0,65,0
2020-04-02,Sonoma,097,501317,157,76,0,76,1
2020-04-02,Stanislaus,099,539301,128,40,3,43,0
2020-04-02,Sutter,101,95872,21,10,0,10,1
2020-04-02,Tehama,103,63373,1,1,0,1,0
2020-04-02,Trinity,105,12862,0,0,0,0,0
2020-04-02,Tulare,107,460477,220,64,5,69,1
2020-04-02,Tuolumne,109,53932,3,1,0,1,0
2020-04-02,Ventura,111,848112,336,178,0,178,5
2020-04-02,Yolo,113,214977,73,29,0,29,1
2020-04-02,Yuba,115,75493,10,5,0,5,0
2020-04-01,Alameda,001,1643700,785,287,1,288,8
2020-04-01,Alpine,003,1148,1,1,0,1,0
2020-04-01,Amador,005,37829,5,1,0,1,0
2020-04-01,Butte,007,227075,16,6,0,6,0
2020-04-01,Calaveras,009,45235,6,3,0,3,0
2020-04-01,Colusa,011,21464,3,1,0,1,0
2020-04-01,Contra Costa,013,1133247,521,267,0,267,3
2020-04-01,Del Norte,015,27424,2,0,0,0,0
2020-04-01,El Dorado,017,186661,37,14,0,14,0
2020-04-01,Fresno,019,978130,277,75,3,78,0
2020-04-01,Glenn,021,27897,3,2,0,2,0
2020-04-01,Humboldt,023,135768,51,19,0,19,0
2020-04-01,Imperial,025,180216,93,25,0,25,0
2020-04-01,Inyo,027,18085,10,8,0,8,0
2020-04-01,Kern,029,883053,305,53,0,53,0
2020-04-01,Kings,031,150075,35,3,1,4,0
2020-04-01,Lake,033,64148,3,0,0,0,0
2020-04-01,Lassen,035,31185,3,0,2,2,0
2020-04-01,Los Angeles,037,10098052,7753,3502,12,3514,66
2020-04-01,Madera,039,155013,50,17,0,17,1
2020-04-01,Marin,041,260295,146,87,0,87,1
2020-04-01,Mariposa,043,17540,0,0,0,0,0
2020-04-01,Mendocino,045,87422,5,4,0,4,0
2020-04-01,Merced,047,269075,38,7,0,7,0
2020-04-01,Modoc,049,8938,0,0,0,0,0
2020-04-01,Mono,051,14174,28,12,0,12,1
2020-04-01,Monterey,053,433212,85,47,0,47,2
2020-04-01,Napa,055,140530,36,11,0,11,0
2020-04-01,Nevada,057,99092,35,15,1,16,0
2020-04-01,Orange,059,3164182,1415,579,13,592,11
2020-04-01,Placer,061,380077,128,52,0,52,2
2020-04-01,Plumas,063,18699,3,1,0,1,0
2020-04-01,Riverside,065,2383286,1430,306,12,318,11
2020-04-01,Sacramento,067,1510023,662,299,0,299,8
2020-04-01,San Benito,069,59416,29,14,0,14,1
2020-04-01,San Bernardino,071,2135413,833,245,0,245,5
2020-04-01,San Diego,073,3302833,1663,851,0,851,11
2020-04-01,San Francisco,075,870044,789,432,0,432,6
2020-04-01,San Joaquin,077,732212,251,132,3,135,8
2020-04-01,San Luis Obispo,079,281455,133,69,1,70,0
2020-04-01,San Mateo,081,765935,760,354,2,356,13
2020-04-01,Santa Barbara,083,443738,236,103,1,104,0
2020-04-01,Santa Clara,085,1922200,1479,805,4,809,33
2020-04-01,Santa Cruz,087,273765,91,44,0,44,1
2020-04-01,Shasta,089,179085,25,5,0,5,1
2020-04-01,Sierra,091,2930,0,0,0,0,0
2020-04-01,Siskiyou,093,43540,4,3,0,3,0
2020-04-01,Solano,095,438530,131,57,0,57,0
2020-04-01,Sonoma,097,501317,153,60,0,60,1
2020-04-01,Stanislaus,099,539301,117,29,3,32,0
2020-04-01,Sutter,101,95872,21,9,0,9,1
2020-04-01,Tehama,103,63373,1,0,0,0,0
2020-04-01,Trinity,105,12862,0,0,0,0,0
2020-04-01,Tulare,107,460477,182,43,5,48,1
2020-04-01,Tuolumne,109,53932,3,1,0,1,0
2020-04-01,Ventura,111,848112,323,154,0,154,5
2020-04-01,Yolo,113,214977,68,22,0,22,1
2020-04-01,Yuba,115,75493,9,5,0,5,0
2020-03-31,Alameda,001,1643700,718,269,1,270,7
2020-03-31,Alpine,003,1148,1,1,0,1,0
2020-03-31,Amador,005,37829,5,1,0,1,0
2020-03-31,Butte,007,227075,16,6,0,6,0
2020-03-31,Calaveras,009,45235,6,3,0,3,0
2020-03-31,Colusa,011,21464,3,1,0,1,0
2020-03-31,Contra Costa,013,1133247,496,246,0,246,3
2020-03-31,Del Norte,015,27424,1,0,0,0,0
2020-03-31,El Dorado,017,186661,33,14,0,14,0
2020-03-31,Fresno,019,978130,252,59,3,62,0
2020-03-31,Glenn,021,27897,3,2,0,2,0
2020-03-31,Humboldt,023,135768,51,18,0,18,0
2020-03-31,Imperial,025,180216,88,17,0,17,0
2020-03-31,Inyo,027,18085,10,8,0,8,0
2020-03-31,Kern,029,883053,281,47,0,47,0
2020-03-31,Kings,031,150075,33,2,1,3,0
2020-03-31,Lake,033,64148,1,0,0,0,0
2020-03-31,Lassen,035,31185,3,0,2,2,0
2020-03-31,Los Angeles,037,10098052,7089,3001,12,3013,53
2020-03-31,Madera,039,155013,49,17,0,17,1
2020-03-31,Marin,041,260295,137,85,0,85,1
2020-03-31,Mariposa,043,17540,0,0,0,0,0
2020-03-31,Mendocino,045,87422,5,4,0,4,0
2020-03-31,Merced,047,269075,33,6,0,6,0
2020-03-31,Modoc,049,8938,0,0,0,0,0
2020-03-31,Mono,051,14174,26,12,0,12,0
2020-03-31,Monterey,053,433212,83,43,0,43,2
2020-03-31,Napa,055,140530,35,9,0,9,0
2020-03-31,Nevada,057,99092,35,15,1,16,0
2020-03-31,Orange,059,3164182,1345,506,13,519,7
2020-03-31,Placer,061,380077,121,49,0,49,2
2020-03-31,Plumas,063,18699,1,0,0,0,0
2020-03-31,Riverside,065,2383286,1284,284,12,296,8
2020-03-31,Sacramento,067,1510023,610,271,0,271,8
2020-03-31,San Benito,069,59416,29,14,0,14,1
2020-03-31,San Bernardino,071,2135413,748,193,0,193,5
2020-03-31,San Diego,073,3302833,1581,736,0,736,9
2020-03-31,San Francisco,075,870044,754,404,0,404,5
2020-03-31,San Joaquin,077,732212,235,122,3,125,7
2020-03-31,San Luis Obispo,079,281455,129,67,1,68,0
2020-03-31,San Mateo,081,765935,741,297,2,299,12
2020-03-31,Santa Barbara,083,443738,221,89,1,90,0
2020-03-31,Santa Clara,085,1922200,1429,777,4,781,30
2020-03-31,Santa Cruz,087,273765,84,40,0,40,1
2020-03-31,Shasta,089,179085,22,5,0,5,1
2020-03-31,Sierra,091,2930,0,0,0,0,0
2020-03-31,Siskiyou,093,43540,4,3,0,3,0
2020-03-31,Solano,095,438530,117,56,0,56,0
2020-03-31,Sonoma,097,501317,148,58,0,58,1
2020-03-31,Stanislaus,099,539301,102,28,3,31,0
2020-03-31,Sutter,101,95872,21,8,0,8,0
2020-03-31,Tehama,103,63373,1,0,0,0,0
2020-03-31,Trinity,105,12862,0,0,0,0,0
2020-03-31,Tulare,107,460477,159,42,4,46,1
2020-03-31,Tuolumne,109,53932,3,1,0,1,0
2020-03-31,Ventura,111,848112,312,143,0,143,4
2020-03-31,Yolo,113,214977,61,21,0,21,1
2020-03-31,Yuba,115,75493,9,5,0,5,0
2020-03-30,Alameda,001,1643700,678,250,1,251,7
2020-03-30,Alpine,003,1148,1,1,0,1,0
2020-03-30,Amador,005,37829,5,1,0,1,0
2020-03-30,Butte,007,227075,14,5,0,5,0
2020-03-30,Calaveras,009,45235,6,3,0,3,0
2020-03-30,Colusa,011,21464,3,1,0,1,0
2020-03-30,Contra Costa,013,1133247,470,212,0,212,3
2020-03-30,Del Norte,015,27424,0,0,0,0,0
2020-03-30,El Dorado,017,186661,33,11,0,11,0
2020-03-30,Fresno,019,978130,227,46,3,49,0
2020-03-30,Glenn,021,27897,3,2,0,2,0
2020-03-30,Humboldt,023,135768,49,11,0,11,0
2020-03-30,Imperial,025,180216,85,9,0,9,0
2020-03-30,Inyo,027,18085,10,5,0,5,0
2020-03-30,Kern,029,883053,248,30,0,30,0
2020-03-30,Kings,031,150075,33,1,1,2,0
2020-03-30,Lake,033,64148,1,0,0,0,0
2020-03-30,Lassen,035,31185,3,0,1,1,0
2020-03-30,Los Angeles,037,10098052,6429,2467,12,2479,44
2020-03-30,Madera,039,155013,48,14,0,14,1
2020-03-30,Marin,041,260295,130,78,0,78,0
2020-03-30,Mariposa,043,17540,0,0,0,0,0
2020-03-30,Mendocino,045,87422,5,2,0,2,0
2020-03-30,Merced,047,269075,29,6,0,6,0
2020-03-30,Modoc,049,8938,0,0,0,0,0
2020-03-30,Mono,051,14174,26,11,0,11,0
2020-03-30,Monterey,053,433212,78,41,0,41,1
2020-03-30,Napa,055,140530,34,9,0,9,0
2020-03-30,Nevada,057,99092,34,14,1,15,0
2020-03-30,Orange,059,3164182,1280,418,13,431,5
2020-03-30,Placer,061,380077,118,44,0,44,2
2020-03-30,Plumas,063,18699,1,0,0,0,0
2020-03-30,Riverside,065,2383286,1203,204,12,216,7
2020-03-30,Sacramento,067,1510023,586,238,0,238,8
2020-03-30,San Benito,069,59416,29,11,0,11,1
2020-03-30,San Bernardino,071,2135413,704,145,0,145,4
2020-03-30,San Diego,073,3302833,1511,605,0,605,7
2020-03-30,San Francisco,075,870044,714,368,0,368,5
2020-03-30,San Joaquin,077,732212,228,112,3,115,5
2020-03-30,San Luis Obispo,079,281455,126,62,1,63,0
2020-03-30,San Mateo,081,765935,717,257,2,259,11
2020-03-30,Santa Barbara,083,443738,212,79,1,80,0
2020-03-30,Santa Clara,085,1922200,1398,745,3,748,31
2020-03-30,Santa Cruz,087,273765,81,36,0,36,1
2020-03-30,Shasta,089,179085,21,4,0,4,1
2020-03-30,Sierra,091,2930,0,0,0,0,0
2020-03-30,Siskiyou,093,43540,4,2,0,2,0
2020-03-30,Solano,095,438530,111,50,0,50,0
2020-03-30,Sonoma,097,501317,145,57,0,57,1
2020-03-30,Stanislaus,099,539301,95,28,3,31,0
2020-03-30,Sutter,101,95872,20,6,0,6,0
2020-03-30,Tehama,103,63373,1,0,0,0,0
2020-03-30,Trinity,105,12862,0,0,0,0,0
2020-03-30,Tulare,107,460477,147,40,3,43,1
2020-03-30,Tuolumne,109,53932,3,1,0,1,0
2020-03-30,Ventura,111,848112,301,118,0,118,2
2020-03-30,Yolo,113,214977,58,17,0,17,1
2020-03-30,Yuba,115,75493,8,5,0,5,0
2020-03-29,Alameda,001,1643700,644,207,1,208,6
2020-03-29,Alpine,003,1148,1,0,0,0,0
2020-03-29,Amador,005,37829,5,1,0,1,0
2020-03-29,Butte,007,227075,14,4,0,4,0
2020-03-29,Calaveras,009,45235,6,2,0,2,0
2020-03-29,Colusa,011,21464,3,1,0,1,0
2020-03-29,Contra Costa,013,1133247,440,187,0,187,3
2020-03-29,Del Norte,015,27424,0,0,0,0,0
2020-03-29,El Dorado,017,186661,32,9,0,9,0
2020-03-29,Fresno,019,978130,203,31,3,34,0
2020-03-29,Glenn,021,27897,2,1,0,1,0
2020-03-29,Humboldt,023,135768,46,9,0,9,0
2020-03-29,Imperial,025,180216,79,9,0,9,0
2020-03-29,Inyo,027,18085,9,0,0,0,0
2020-03-29,Kern,029,883053,230,20,0,20,0
2020-03-29,Kings,031,150075,30,1,1,2,0
2020-03-29,Lake,033,64148,0,0,0,0,0
2020-03-29,Lassen,035,31185,3,0,1,1,0
2020-03-29,Los Angeles,037,10098052,5782,2119,11,2130,37
2020-03-29,Madera,039,155013,43,11,0,11,1
2020-03-29,Marin,041,260295,125,60,0,60,0
2020-03-29,Mariposa,043,17540,0,0,0,0,0
2020-03-29,Mendocino,045,87422,5,2,0,2,0
2020-03-29,Merced,047,269075,28,4,0,4,0
2020-03-29,Modoc,049,8938,0,0,0,0,0
2020-03-29,Mono,051,14174,26,8,0,8,0
2020-03-29,Monterey,053,433212,73,36,0,36,1
2020-03-29,Napa,055,140530,32,5,0,5,0
2020-03-29,Nevada,057,99092,32,13,1,14,0
2020-03-29,Orange,059,3164182,1207,343,13,356,2
2020-03-29,Placer,061,380077,117,35,0,35,2
2020-03-29,Plumas,063,18699,1,0,0,0,0
2020-03-29,Riverside,065,2383286,1079,122,12,134,7
2020-03-29,Sacramento,067,1510023,546,217,0,217,7
2020-03-29,San Benito,069,59416,28,10,0,10,1
2020-03-29,San Bernardino,071,2135413,652,94,0,94,2
2020-03-29,San Diego,073,3302833,1439,521,0,521,7
2020-03-29,San Francisco,075,870044,670,333,0,333,5
2020-03-29,San Joaquin,077,732212,219,86,3,89,4
2020-03-29,San Luis Obispo,079,281455,119,55,0,55,0
2020-03-29,San Mateo,081,765935,692,234,2,236,12
2020-03-29,Santa Barbara,083,443738,204,52,1,53,0
2020-03-29,Santa Clara,085,1922200,1341,591,3,594,30
2020-03-29,Santa Cruz,087,273765,81,33,0,33,1
2020-03-29,Shasta,089,179085,20,4,0,4,1
2020-03-29,Sierra,091,2930,0,0,0,0,0
2020-03-29,Siskiyou,093,43540,4,2,0,2,0
2020-03-29,Solano,095,438530,103,48,0,48,0
2020-03-29,Sonoma,097,501317,143,35,0,35,1
2020-03-29,Stanislaus,099,539301,90,19,3,22,0
2020-03-29,Sutter,101,95872,17,6,0,6,0
2020-03-29,Tehama,103,63373,1,0,0,0,0
2020-03-29,Trinity,105,12862,0,0,0,0,0
2020-03-29,Tulare,107,460477,122,24,3,27,1
2020-03-29,Tuolumne,109,53932,2,1,0,1,0
2020-03-29,Ventura,111,848112,274,92,0,92,2
2020-03-29,Yolo,113,214977,53,13,0,13,1
2020-03-29,Yuba,115,75493,8,3,0,3,0
2020-03-28,Alameda,001,1643700,617,410,1,411,12
2020-03-28,Alpine,003,1148,1,0,0,0,0
2020-03-28,Amador,005,37829,5,2,0,2,0
2020-03-28,Butte,007,227075,14,8,0,8,0
2020-03-28,Calaveras,009,45235,6,4,0,4,0
2020-03-28,Colusa,011,21464,3,2,0,2,0
2020-03-28,Contra Costa,013,1133247,417,350,0,350,4
2020-03-28,Del Norte,015,27424,0,0,0,0,0
2020-03-28,El Dorado,017,186661,31,18,0,18,0
2020-03-28,Fresno,019,978130,193,62,3,65,0
2020-03-28,Glenn,021,27897,2,2,0,2,0
2020-03-28,Humboldt,023,135768,46,18,0,18,0
2020-03-28,Imperial,025,180216,74,18,0,18,0
2020-03-28,Inyo,027,18085,9,0,0,0,0
2020-03-28,Kern,029,883053,213,40,0,40,0
2020-03-28,Kings,031,150075,29,2,1,3,0
2020-03-28,Lake,033,64148,0,0,0,0,0
2020-03-28,Lassen,035,31185,3,0,1,1,0
2020-03-28,Los Angeles,037,10098052,5397,3600,10,3610,64
2020-03-28,Madera,039,155013,43,22,0,22,2
2020-03-28,Marin,041,260295,120,116,0,116,0
2020-03-28,Mariposa,043,17540,0,0,0,0,0
2020-03-28,Mendocino,045,87422,5,4,0,4,0
2020-03-28,Merced,047,269075,27,8,0,8,0
2020-03-28,Modoc,049,8938,0,0,0,0,0
2020-03-28,Mono,051,14174,24,12,0,12,0
2020-03-28,Monterey,053,433212,72,64,0,64,2
2020-03-28,Napa,055,140530,27,10,0,10,0
2020-03-28,Nevada,057,99092,32,22,1,23,0
2020-03-28,Orange,059,3164182,1171,656,13,669,4
2020-03-28,Placer,061,380077,112,70,0,70,2
2020-03-28,Plumas,063,18699,1,0,0,0,0
2020-03-28,Riverside,065,2383286,1011,242,12,254,14
2020-03-28,Sacramento,067,1510023,528,406,0,406,14
2020-03-28,San Benito,069,59416,28,20,0,20,2
2020-03-28,San Bernardino,071,2135413,604,162,0,162,4
2020-03-28,San Diego,073,3302833,1380,980,0,980,14
2020-03-28,San Francisco,075,870044,646,600,0,600,6
2020-03-28,San Joaquin,077,732212,212,166,3,169,8
2020-03-28,San Luis Obispo,079,281455,117,104,0,104,0
2020-03-28,San Mateo,081,765935,672,462,2,464,17
2020-03-28,Santa Barbara,083,443738,194,98,1,99,0
2020-03-28,Santa Clara,085,1922200,1322,1174,3,1177,54
2020-03-28,Santa Cruz,087,273765,80,62,0,62,0
2020-03-28,Shasta,089,179085,20,8,0,8,2
2020-03-28,Sierra,091,2930,0,0,0,0,0
2020-03-28,Siskiyou,093,43540,4,4,0,4,0
2020-03-28,Solano,095,438530,99,96,0,96,0
2020-03-28,Sonoma,097,501317,141,70,0,70,2
2020-03-28,Stanislaus,099,539301,85,34,3,37,0
2020-03-28,Sutter,101,95872,17,6,0,6,0
2020-03-28,Tehama,103,63373,1,0,0,0,0
2020-03-28,Trinity,105,12862,0,0,0,0,0
2020-03-28,Tulare,107,460477,114,46,3,49,0
2020-03-28,Tuolumne,109,53932,2,2,0,2,0
2020-03-28,Ventura,111,848112,270,178,0,178,4
2020-03-28,Yolo,113,214977,52,26,0,26,2
2020-03-28,Yuba,115,75493,8,6,0,6,0
2020-03-27,Alameda,001,1643700,598,185,1,186,4
2020-03-27,Alpine,003,1148,1,0,0,0,0
2020-03-27,Amador,005,37829,4,1,0,1,0
2020-03-27,Butte,007,227075,12,4,0,4,0
2020-03-27,Calaveras,009,45235,6,2,0,2,0
2020-03-27,Colusa,011,21464,3,0,0,0,0
2020-03-27,Contra Costa,013,1133247,396,161,0,161,2
2020-03-27,Del Norte,015,27424,0,0,0,0,0
2020-03-27,El Dorado,017,186661,29,9,0,9,0
2020-03-27,Fresno,019,978130,181,29,2,31,0
2020-03-27,Glenn,021,27897,2,0,0,0,0
2020-03-27,Humboldt,023,135768,42,9,0,9,0
2020-03-27,Imperial,025,180216,69,9,0,9,0
2020-03-27,Inyo,027,18085,9,0,0,0,0
2020-03-27,Kern,029,883053,200,20,0,20,0
2020-03-27,Kings,031,150075,28,0,1,1,0
2020-03-27,Lake,033,64148,0,0,0,0,0
2020-03-27,Lassen,035,31185,3,0,1,1,0
2020-03-27,Los Angeles,037,10098052,4987,1474,10,1484,26
2020-03-27,Madera,039,155013,41,10,0,10,1
2020-03-27,Marin,041,260295,115,58,0,58,0
2020-03-27,Mariposa,043,17540,0,0,0,0,0
2020-03-27,Mendocino,045,87422,5,2,0,2,0
2020-03-27,Merced,047,269075,26,3,0,3,0
2020-03-27,Modoc,049,8938,0,0,0,0,0
2020-03-27,Mono,051,14174,24,6,0,6,0
2020-03-27,Monterey,053,433212,69,26,0,26,1
2020-03-27,Napa,055,140530,27,5,0,5,0
2020-03-27,Nevada,057,99092,32,6,1,7,0
2020-03-27,Orange,059,3164182,1121,299,13,312,2
2020-03-27,Placer,061,380077,109,33,0,33,1
2020-03-27,Plumas,063,18699,0,0,0,0,0
2020-03-27,Riverside,065,2383286,955,121,12,133,7
2020-03-27,Sacramento,067,1510023,505,163,0,163,6
2020-03-27,San Benito,069,59416,27,9,0,9,1
2020-03-27,San Bernardino,071,2135413,514,77,0,77,2
2020-03-27,San Diego,073,3302833,1323,419,0,419,5
2020-03-27,San Francisco,075,870044,621,285,0,285,2
2020-03-27,San Joaquin,077,732212,201,73,3,76,3
2020-03-27,San Luis Obispo,079,281455,115,46,0,46,0
2020-03-27,San Mateo,081,765935,646,213,2,215,7
2020-03-27,Santa Barbara,083,443738,180,37,1,38,0
2020-03-27,Santa Clara,085,1922200,1284,557,3,560,25
2020-03-27,Santa Cruz,087,273765,79,31,0,31,0
2020-03-27,Shasta,089,179085,17,3,0,3,1
2020-03-27,Sierra,091,2930,0,0,0,0,0
2020-03-27,Siskiyou,093,43540,4,2,0,2,0
2020-03-27,Solano,095,438530,93,48,0,48,0
2020-03-27,Sonoma,097,501317,133,35,0,35,1
2020-03-27,Stanislaus,099,539301,83,16,3,19,0
2020-03-27,Sutter,101,95872,16,2,0,2,0
2020-03-27,Tehama,103,63373,1,0,0,0,0
2020-03-27,Trinity,105,12862,0,0,0,0,0
2020-03-27,Tulare,107,460477,106,15,3,18,0
2020-03-27,Tuolumne,109,53932,2,1,0,1,0
2020-03-27,Ventura,111,848112,261,80,0,80,2
2020-03-27,Yolo,113,214977,51,13,0,13,1
2020-03-27,Yuba,115,75493,7,3,0,3,0
2020-03-26,Alameda,001,1643700,558,172,1,173,4
2020-03-26,Alpine,003,1148,1,0,0,0,0
2020-03-26,Amador,005,37829,4,1,0,1,0
2020-03-26,Butte,007,227075,12,4,0,4,0
2020-03-26,Calaveras,009,45235,6,2,0,2,0
2020-03-26,Colusa,011,21464,3,0,0,0,0
2020-03-26,Contra Costa,013,1133247,385,147,0,147,2
2020-03-26,Del Norte,015,27424,0,0,0,0,0
2020-03-26,El Dorado,017,186661,27,7,0,7,0
2020-03-26,Fresno,019,978130,172,25,2,27,0
2020-03-26,Glenn,021,27897,2,0,0,0,0
2020-03-26,Humboldt,023,135768,38,8,0,8,0
2020-03-26,Imperial,025,180216,65,8,0,8,0
2020-03-26,Inyo,027,18085,8,0,0,0,0
2020-03-26,Kern,029,883053,184,20,0,20,0
2020-03-26,Kings,031,150075,28,0,1,1,0
2020-03-26,Lake,033,64148,0,0,0,0,0
2020-03-26,Lassen,035,31185,3,0,1,1,0
2020-03-26,Los Angeles,037,10098052,4579,1075,10,1085,19
2020-03-26,Madera,039,155013,39,8,0,8,0
2020-03-26,Marin,041,260295,106,56,0,56,0
2020-03-26,Mariposa,043,17540,0,0,0,0,0
2020-03-26,Mendocino,045,87422,4,1,0,1,0
2020-03-26,Merced,047,269075,23,1,0,1,0
2020-03-26,Modoc,049,8938,0,0,0,0,0
2020-03-26,Mono,051,14174,23,5,0,5,0
2020-03-26,Monterey,053,433212,66,25,0,25,1
2020-03-26,Napa,055,140530,26,5,0,5,0
2020-03-26,Nevada,057,99092,32,7,1,8,0
2020-03-26,Orange,059,3164182,1059,279,11,290,1
2020-03-26,Placer,061,380077,106,34,0,34,1
2020-03-26,Plumas,063,18699,0,0,0,0,0
2020-03-26,Riverside,065,2383286,884,118,12,130,7
2020-03-26,Sacramento,067,1510023,472,147,0,147,5
2020-03-26,San Benito,069,59416,27,8,0,8,1
2020-03-26,San Bernardino,071,2135413,448,57,0,57,1
2020-03-26,San Diego,073,3302833,1256,299,0,299,2
2020-03-26,San Francisco,075,870044,594,261,0,261,1
2020-03-26,San Joaquin,077,732212,190,69,3,72,3
2020-03-26,San Luis Obispo,079,281455,110,38,0,38,0
2020-03-26,San Mateo,081,765935,612,122,2,124,5
2020-03-26,Santa Barbara,083,443738,167,33,1,34,0
2020-03-26,Santa Clara,085,1922200,1239,487,2,489,20
2020-03-26,Santa Cruz,087,273765,75,30,0,30,0
2020-03-26,Shasta,089,179085,17,3,0,3,1
2020-03-26,Sierra,091,2930,0,0,0,0,0
2020-03-26,Siskiyou,093,43540,4,2,0,2,0
2020-03-26,Solano,095,438530,85,41,0,41,0
2020-03-26,Sonoma,097,501317,128,33,0,33,1
2020-03-26,Stanislaus,099,539301,81,15,3,18,0
2020-03-26,Sutter,101,95872,12,2,0,2,0
2020-03-26,Tehama,103,63373,1,0,0,0,0
2020-03-26,Trinity,105,12862,0,0,0,0,0
2020-03-26,Tulare,107,460477,97,15,3,18,0
2020-03-26,Tuolumne,109,53932,2,0,0,0,0
2020-03-26,Ventura,111,848112,245,70,0,70,1
2020-03-26,Yolo,113,214977,47,13,0,13,1
2020-03-26,Yuba,115,75493,7,3,0,3,0
2020-03-25,Alameda,001,1643700,537,134,1,135,3
2020-03-25,Alpine,003,1148,1,0,0,0,0
2020-03-25,Amador,005,37829,4,1,0,1,0
2020-03-25,Butte,007,227075,12,4,0,4,0
2020-03-25,Calaveras,009,45235,6,2,0,2,0
2020-03-25,Colusa,011,21464,2,0,0,0,0
2020-03-25,Contra Costa,013,1133247,371,131,0,131,1
2020-03-25,Del Norte,015,27424,0,0,0,0,0
2020-03-25,El Dorado,017,186661,27,5,0,5,0
2020-03-25,Fresno,019,978130,152,21,2,23,0
2020-03-25,Glenn,021,27897,2,0,0,0,0
2020-03-25,Humboldt,023,135768,35,3,0,3,0
2020-03-25,Imperial,025,180216,57,8,0,8,0
2020-03-25,Inyo,027,18085,5,0,0,0,0
2020-03-25,Kern,029,883053,164,13,0,13,0
2020-03-25,Kings,031,150075,26,0,1,1,0
2020-03-25,Lake,033,64148,0,0,0,0,0
2020-03-25,Lassen,035,31185,3,0,1,1,0
2020-03-25,Los Angeles,037,10098052,4181,725,10,735,10
2020-03-25,Madera,039,155013,37,6,0,6,0
2020-03-25,Marin,041,260295,100,47,0,47,0
2020-03-25,Mariposa,043,17540,0,0,0,0,0
2020-03-25,Mendocino,045,87422,3,1,0,1,0
2020-03-25,Merced,047,269075,19,0,0,0,0
2020-03-25,Modoc,049,8938,0,0,0,0,0
2020-03-25,Mono,051,14174,22,4,0,4,0
2020-03-25,Monterey,053,433212,63,23,0,23,1
2020-03-25,Napa,055,140530,26,5,0,5,0
2020-03-25,Nevada,057,99092,31,5,1,6,0
2020-03-25,Orange,059,3164182,1001,214,9,223,1
2020-03-25,Placer,061,380077,100,30,0,30,1
2020-03-25,Plumas,063,18699,0,1,0,1,0
2020-03-25,Riverside,065,2383286,813,87,12,99,5
2020-03-25,Sacramento,067,1510023,446,114,0,114,5
2020-03-25,San Benito,069,59416,26,4,0,4,1
2020-03-25,San Bernardino,071,2135413,409,46,0,46,1
2020-03-25,San Diego,073,3302833,1194,238,0,238,2
2020-03-25,San Francisco,075,870044,553,212,0,212,1
2020-03-25,San Joaquin,077,732212,177,64,3,67,2
2020-03-25,San Luis Obispo,079,281455,105,35,0,35,0
2020-03-25,San Mateo,081,765935,577,111,2,113,5
2020-03-25,Santa Barbara,083,443738,157,25,1,26,0
2020-03-25,Santa Clara,085,1922200,1195,452,2,454,20
2020-03-25,Santa Cruz,087,273765,72,26,0,26,0
2020-03-25,Shasta,089,179085,16,3,0,3,1
2020-03-25,Sierra,091,2930,0,0,0,0,0
2020-03-25,Siskiyou,093,43540,4,2,0,2,0
2020-03-25,Solano,095,438530,80,39,0,39,0
2020-03-25,Sonoma,097,501317,123,31,0,31,1
2020-03-25,Stanislaus,099,539301,74,14,3,17,0
2020-03-25,Sutter,101,95872,9,1,0,1,0
2020-03-25,Tehama,103,63373,1,0,0,0,0
2020-03-25,Trinity,105,12862,0,0,0,0,0
2020-03-25,Tulare,107,460477,87,11,3,14,0
2020-03-25,Tuolumne,109,53932,2,0,0,0,0
2020-03-25,Ventura,111,848112,229,53,0,53,1
2020-03-25,Yolo,113,214977,45,9,0,9,1
2020-03-25,Yuba,115,75493,7,2,0,2,0
2020-03-24,Alameda,001,1643700,504,96,1,97,2
2020-03-24,Alpine,003,1148,1,0,0,0,0
2020-03-24,Amador,005,37829,2,1,0,1,0
2020-03-24,Butte,007,227075,11,3,0,3,0
2020-03-24,Calaveras,009,45235,5,2,0,2,0
2020-03-24,Colusa,011,21464,2,0,0,0,0
2020-03-24,Contra Costa,013,1133247,358,108,0,108,1
2020-03-24,Del Norte,015,27424,0,0,0,0,0
2020-03-24,El Dorado,017,186661,27,3,0,3,0
2020-03-24,Fresno,019,978130,133,18,2,20,0
2020-03-24,Glenn,021,27897,2,0,0,0,0
2020-03-24,Humboldt,023,135768,33,2,0,2,0
2020-03-24,Imperial,025,180216,54,3,0,3,0
2020-03-24,Inyo,027,18085,5,0,0,0,0
2020-03-24,Kern,029,883053,144,5,0,5,0
2020-03-24,Kings,031,150075,25,0,1,1,0
2020-03-24,Lake,033,64148,0,0,0,0,0
2020-03-24,Lassen,035,31185,3,0,1,1,0
2020-03-24,Los Angeles,037,10098052,3728,633,10,643,7
2020-03-24,Madera,039,155013,36,6,0,6,0
2020-03-24,Marin,041,260295,89,44,0,44,0
2020-03-24,Mariposa,043,17540,0,0,0,0,0
2020-03-24,Mendocino,045,87422,3,1,0,1,0
2020-03-24,Merced,047,269075,17,0,0,0,0
2020-03-24,Modoc,049,8938,0,0,0,0,0
2020-03-24,Mono,051,14174,21,1,0,1,0
2020-03-24,Monterey,053,433212,59,23,0,23,1
2020-03-24,Napa,055,140530,23,2,0,2,0
2020-03-24,Nevada,057,99092,30,4,1,5,0
2020-03-24,Orange,059,3164182,939,166,9,175,0
2020-03-24,Placer,061,380077,93,22,0,22,1
2020-03-24,Plumas,063,18699,0,1,0,1,0
2020-03-24,Riverside,065,2383286,746,56,12,68,5
2020-03-24,Sacramento,067,1510023,426,93,0,93,4
2020-03-24,San Benito,069,59416,25,4,0,4,1
2020-03-24,San Bernardino,071,2135413,365,27,0,27,0
2020-03-24,San Diego,073,3302833,1127,231,0,231,2
2020-03-24,San Francisco,075,870044,521,181,0,181,1
2020-03-24,San Joaquin,077,732212,166,52,3,55,2
2020-03-24,San Luis Obispo,079,281455,102,32,0,32,0
2020-03-24,San Mateo,081,765935,536,100,2,102,2
2020-03-24,Santa Barbara,083,443738,151,20,1,21,0
2020-03-24,Santa Clara,085,1922200,1126,389,2,391,17
2020-03-24,Santa Cruz,087,273765,67,22,0,22,0
2020-03-24,Shasta,089,179085,15,3,0,3,0
2020-03-24,Sierra,091,2930,0,0,0,0,0
2020-03-24,Siskiyou,093,43540,4,2,0,2,0
2020-03-24,Solano,095,438530,78,34,0,34,0
2020-03-24,Sonoma,097,501317,116,27,0,27,1
2020-03-24,Stanislaus,099,539301,65,13,3,16,0
2020-03-24,Sutter,101,95872,9,0,0,0,0
2020-03-24,Tehama,103,63373,1,0,0,0,0
2020-03-24,Trinity,105,12862,0,0,0,0,0
2020-03-24,Tulare,107,460477,77,10,3,13,0
2020-03-24,Tuolumne,109,53932,2,0,0,0,0
2020-03-24,Ventura,111,848112,213,44,0,44,1
2020-03-24,Yolo,113,214977,41,8,0,8,0
2020-03-24,Yuba,115,75493,7,2,0,2,0
2020-03-23,Alameda,001,1643700,473,88,1,89,1
2020-03-23,Alpine,003,1148,1,0,0,0,0
2020-03-23,Amador,005,37829,2,1,0,1,0
2020-03-23,Butte,007,227075,11,2,0,2,0
2020-03-23,Calaveras,009,45235,5,2,0,2,0
2020-03-23,Colusa,011,21464,1,0,0,0,0
2020-03-23,Contra Costa,013,1133247,338,91,0,91,2
2020-03-23,Del Norte,015,27424,0,0,0,0,0
2020-03-23,El Dorado,017,186661,26,3,0,3,0
2020-03-23,Fresno,019,978130,123,10,2,12,0
2020-03-23,Glenn,021,27897,2,0,0,0,0
2020-03-23,Humboldt,023,135768,31,2,0,2,0
2020-03-23,Imperial,025,180216,50,2,0,2,0
2020-03-23,Inyo,027,18085,3,0,0,0,0
2020-03-23,Kern,029,883053,130,5,0,5,0
2020-03-23,Kings,031,150075,25,0,1,1,0
2020-03-23,Lake,033,64148,0,0,0,0,0
2020-03-23,Lassen,035,31185,3,0,1,1,0
2020-03-23,Los Angeles,037,10098052,3417,389,10,399,4
2020-03-23,Madera,039,155013,36,4,0,4,0
2020-03-23,Marin,041,260295,84,30,0,30,0
2020-03-23,Mariposa,043,17540,0,0,0,0,0
2020-03-23,Mendocino,045,87422,3,1,0,1,0
2020-03-23,Merced,047,269075,11,0,0,0,0
2020-03-23,Modoc,049,8938,0,0,0,0,0
2020-03-23,Mono,051,14174,19,1,0,1,0
2020-03-23,Monterey,053,433212,54,14,0,14,1
2020-03-23,Napa,055,140530,21,1,0,1,0
2020-03-23,Nevada,057,99092,27,2,1,3,0
2020-03-23,Orange,059,3164182,884,138,7,145,0
2020-03-23,Placer,061,380077,90,19,0,19,1
2020-03-23,Plumas,063,18699,0,0,0,0,0
2020-03-23,Riverside,065,2383286,703,39,12,51,5
2020-03-23,Sacramento,067,1510023,393,87,0,87,4
2020-03-23,San Benito,069,59416,24,4,0,4,1
2020-03-23,San Bernardino,071,2135413,335,17,0,17,0
2020-03-23,San Diego,073,3302833,1068,178,0,178,1
2020-03-23,San Francisco,075,870044,492,152,0,152,0
2020-03-23,San Joaquin,077,732212,154,37,3,40,2
2020-03-23,San Luis Obispo,079,281455,96,23,0,23,0
2020-03-23,San Mateo,081,765935,497,88,2,90,1
2020-03-23,Santa Barbara,083,443738,133,18,1,19,0
2020-03-23,Santa Clara,085,1922200,1077,336,2,338,13
2020-03-23,Santa Cruz,087,273765,65,21,0,21,0
2020-03-23,Shasta,089,179085,13,2,0,2,0
2020-03-23,Sierra,091,2930,0,0,0,0,0
2020-03-23,Siskiyou,093,43540,4,2,0,2,0
2020-03-23,Solano,095,438530,74,33,0,33,0
2020-03-23,Sonoma,097,501317,104,19,0,19,1
2020-03-23,Stanislaus,099,539301,57,10,3,13,0
2020-03-23,Sutter,101,95872,9,0,0,0,0
2020-03-23,Tehama,103,63373,1,0,0,0,0
2020-03-23,Trinity,105,12862,0,0,0,0,0
2020-03-23,Tulare,107,460477,68,9,3,12,0
2020-03-23,Tuolumne,109,53932,2,0,0,0,0
2020-03-23,Ventura,111,848112,196,30,0,30,0
2020-03-23,Yolo,113,214977,40,8,0,8,0
2020-03-23,Yuba,115,75493,7,2,0,2,0
2020-03-22,Alameda,001,1643700,434,72,1,73,1
2020-03-22,Alpine,003,1148,1,0,0,0,0
2020-03-22,Amador,005,37829,2,1,0,1,0
2020-03-22,Butte,007,227075,8,1,0,1,0
2020-03-22,Calaveras,009,45235,4,2,0,2,0
2020-03-22,Colusa,011,21464,1,0,0,0,0
2020-03-22,Contra Costa,013,1133247,311,79,0,79,1
2020-03-22,Del Norte,015,27424,0,0,0,0,0
2020-03-22,El Dorado,017,186661,24,1,0,1,0
2020-03-22,Fresno,019,978130,103,8,2,10,0
2020-03-22,Glenn,021,27897,2,0,0,0,0
2020-03-22,Humboldt,023,135768,28,1,0,1,0
2020-03-22,Imperial,025,180216,48,2,0,2,0
2020-03-22,Inyo,027,18085,1,0,0,0,0
2020-03-22,Kern,029,883053,114,3,0,3,0
2020-03-22,Kings,031,150075,22,0,1,1,0
2020-03-22,Lake,033,64148,0,0,0,0,0
2020-03-22,Lassen,035,31185,3,0,1,1,0
2020-03-22,Los Angeles,037,10098052,3091,384,10,394,3
2020-03-22,Madera,039,155013,33,4,0,4,0
2020-03-22,Marin,041,260295,74,30,0,30,0
2020-03-22,Mariposa,043,17540,0,0,0,0,0
2020-03-22,Mendocino,045,87422,3,1,0,1,0
2020-03-22,Merced,047,269075,7,0,0,0,0
2020-03-22,Modoc,049,8938,0,0,0,0,0
2020-03-22,Mono,051,14174,14,1,0,1,0
2020-03-22,Monterey,053,433212,51,14,0,14,1
2020-03-22,Napa,055,140530,17,1,0,1,0
2020-03-22,Nevada,057,99092,23,2,1,3,0
2020-03-22,Orange,059,3164182,811,102,4,106,0
2020-03-22,Placer,061,380077,88,18,0,18,1
2020-03-22,Plumas,063,18699,0,0,0,0,0
2020-03-22,Riverside,065,2383286,613,26,8,34,5
2020-03-22,Sacramento,067,1510023,361,82,0,82,4
2020-03-22,San Benito,069,59416,19,4,0,4,1
2020-03-22,San Bernardino,071,2135413,291,16,0,16,0
2020-03-22,San Diego,073,3302833,980,161,0,161,0
2020-03-22,San Francisco,075,870044,455,134,0,134,0
2020-03-22,San Joaquin,077,732212,140,30,3,33,2
2020-03-22,San Luis Obispo,079,281455,89,19,0,19,0
2020-03-22,San Mateo,081,765935,464,82,2,84,1
2020-03-22,Santa Barbara,083,443738,119,16,1,17,0
2020-03-22,Santa Clara,085,1922200,1013,284,2,286,13
2020-03-22,Santa Cruz,087,273765,64,19,0,19,0
2020-03-22,Shasta,089,179085,13,1,0,1,0
2020-03-22,Sierra,091,2930,0,0,0,0,0
2020-03-22,Siskiyou,093,43540,4,2,0,2,0
2020-03-22,Solano,095,438530,65,30,0,30,0
2020-03-22,Sonoma,097,501317,99,18,0,18,1
2020-03-22,Stanislaus,099,539301,51,8,3,11,0
2020-03-22,Sutter,101,95872,8,0,0,0,0
2020-03-22,Tehama,103,63373,0,0,0,0,0
2020-03-22,Trinity,105,12862,0,0,0,0,0
2020-03-22,Tulare,107,460477,62,5,3,8,0
2020-03-22,Tuolumne,109,53932,2,0,0,0,0
2020-03-22,Ventura,111,848112,174,26,0,26,0
2020-03-22,Yolo,113,214977,34,6,0,6,0
2020-03-22,Yuba,115,75493,7,2,0,2,0
2020-03-21,Alameda,001,1643700,410,62,1,63,0
2020-03-21,Alpine,003,1148,1,0,0,0,0
2020-03-21,Amador,005,37829,2,1,0,1,0
2020-03-21,Butte,007,227075,7,1,0,1,0
2020-03-21,Calaveras,009,45235,4,2,0,2,0
2020-03-21,Colusa,011,21464,1,0,0,0,0
2020-03-21,Contra Costa,013,1133247,300,62,0,62,1
2020-03-21,Del Norte,015,27424,0,0,0,0,0
2020-03-21,El Dorado,017,186661,21,1,0,1,0
2020-03-21,Fresno,019,978130,99,8,2,10,0
2020-03-21,Glenn,021,27897,2,0,0,0,0
2020-03-21,Humboldt,023,135768,25,1,0,1,0
2020-03-21,Imperial,025,180216,44,2,0,2,0
2020-03-21,Inyo,027,18085,1,0,0,0,0
2020-03-21,Kern,029,883053,108,3,0,3,0
2020-03-21,Kings,031,150075,22,0,1,1,0
2020-03-21,Lake,033,64148,0,0,0,0,0
2020-03-21,Lassen,035,31185,3,0,1,1,0
2020-03-21,Los Angeles,037,10098052,2818,322,10,332,2
2020-03-21,Madera,039,155013,33,4,0,4,0
2020-03-21,Marin,041,260295,69,30,0,30,0
2020-03-21,Mariposa,043,17540,0,0,0,0,0
2020-03-21,Mendocino,045,87422,3,1,0,1,0
2020-03-21,Merced,047,269075,6,0,0,0,0
2020-03-21,Modoc,049,8938,0,0,0,0,0
2020-03-21,Mono,051,14174,14,1,0,1,0
2020-03-21,Monterey,053,433212,48,8,0,8,1
2020-03-21,Napa,055,140530,17,0,0,0,0
2020-03-21,Nevada,057,99092,23,2,1,3,0
2020-03-21,Orange,059,3164182,762,85,4,89,0
2020-03-21,Placer,061,380077,78,11,0,11,1
2020-03-21,Plumas,063,18699,0,0,0,0,0
2020-03-21,Riverside,065,2383286,566,20,8,28,3
2020-03-21,Sacramento,067,1510023,334,66,0,66,3
2020-03-21,San Benito,069,59416,17,4,0,4,1
2020-03-21,San Bernardino,071,2135413,271,13,0,13,0
2020-03-21,San Diego,073,3302833,903,121,0,121,0
2020-03-21,San Francisco,075,870044,419,106,0,106,0
2020-03-21,San Joaquin,077,732212,131,26,3,29,2
2020-03-21,San Luis Obispo,079,281455,84,16,0,16,0
2020-03-21,San Mateo,081,765935,426,78,2,80,1
2020-03-21,Santa Barbara,083,443738,109,8,1,9,0
2020-03-21,Santa Clara,085,1922200,951,269,2,271,10
2020-03-21,Santa Cruz,087,273765,62,17,0,17,0
2020-03-21,Shasta,089,179085,12,1,0,1,0
2020-03-21,Sierra,091,2930,0,0,0,0,0
2020-03-21,Siskiyou,093,43540,4,0,0,0,0
2020-03-21,Solano,095,438530,63,30,0,30,0
2020-03-21,Sonoma,097,501317,98,15,0,15,1
2020-03-21,Stanislaus,099,539301,45,7,3,10,0
2020-03-21,Sutter,101,95872,7,0,0,0,0
2020-03-21,Tehama,103,63373,0,0,0,0,0
2020-03-21,Trinity,105,12862,0,0,0,0,0
2020-03-21,Tulare,107,460477,54,5,3,8,0
2020-03-21,Tuolumne,109,53932,2,0,0,0,0
2020-03-21,Ventura,111,848112,166,22,0,22,0
2020-03-21,Yolo,113,214977,34,6,0,6,0
2020-03-21,Yuba,115,75493,7,1,0,1,0
2020-03-20,Alameda,001,1643700,389,42,1,43,0
2020-03-20,Alpine,003,1148,1,0,0,0,0
2020-03-20,Amador,005,37829,1,0,0,0,0
2020-03-20,Butte,007,227075,7,0,0,0,0
2020-03-20,Calaveras,009,45235,4,2,0,2,0
2020-03-20,Colusa,011,21464,1,0,0,0,0
2020-03-20,Contra Costa,013,1133247,270,52,0,52,1
2020-03-20,Del Norte,015,27424,0,0,0,0,0
2020-03-20,El Dorado,017,186661,20,1,0,1,0
2020-03-20,Fresno,019,978130,96,7,2,9,0
2020-03-20,Glenn,021,27897,1,0,0,0,0
2020-03-20,Humboldt,023,135768,25,1,0,1,0
2020-03-20,Imperial,025,180216,43,2,0,2,0
2020-03-20,Inyo,027,18085,0,0,0,0,0
2020-03-20,Kern,029,883053,93,3,0,3,0
2020-03-20,Kings,031,150075,21,0,1,1,0
2020-03-20,Lake,033,64148,0,0,0,0,0
2020-03-20,Lassen,035,31185,3,0,1,1,0
2020-03-20,Los Angeles,037,10098052,2589,267,9,276,1
2020-03-20,Madera,039,155013,32,4,0,4,0
2020-03-20,Marin,041,260295,66,30,0,30,0
2020-03-20,Mariposa,043,17540,0,0,0,0,0
2020-03-20,Mendocino,045,87422,3,1,0,1,0
2020-03-20,Merced,047,269075,6,0,0,0,0
2020-03-20,Modoc,049,8938,0,0,0,0,0
2020-03-20,Mono,051,14174,14,0,0,0,0
2020-03-20,Monterey,053,433212,47,4,0,4,0
2020-03-20,Napa,055,140530,16,0,0,0,0
2020-03-20,Nevada,057,99092,20,2,1,3,0
2020-03-20,Orange,059,3164182,715,71,4,75,2
2020-03-20,Placer,061,380077,72,9,0,9,1
2020-03-20,Plumas,063,18699,0,0,0,0,0
2020-03-20,Riverside,065,2383286,507,19,8,27,3
2020-03-20,Sacramento,067,1510023,313,56,0,56,4
2020-03-20,San Benito,069,59416,17,4,0,4,1
2020-03-20,San Bernardino,071,2135413,244,9,0,9,0
2020-03-20,San Diego,073,3302833,851,98,0,98,0
2020-03-20,San Francisco,075,870044,387,87,0,87,0
2020-03-20,San Joaquin,077,732212,116,18,3,21,2
2020-03-20,San Luis Obispo,079,281455,80,11,0,11,0
2020-03-20,San Mateo,081,765935,396,71,2,73,1
2020-03-20,Santa Barbara,083,443738,97,7,1,8,0
2020-03-20,Santa Clara,085,1922200,914,246,2,248,8
2020-03-20,Santa Cruz,087,273765,60,13,0,13,0
2020-03-20,Shasta,089,179085,11,1,0,1,0
2020-03-20,Sierra,091,2930,0,0,0,0,0
2020-03-20,Siskiyou,093,43540,4,0,0,0,0
2020-03-20,Solano,095,438530,59,29,0,29,0
2020-03-20,Sonoma,097,501317,90,7,0,7,0
2020-03-20,Stanislaus,099,539301,39,7,3,10,0
2020-03-20,Sutter,101,95872,7,0,0,0,0
2020-03-20,Tehama,103,63373,0,0,0,0,0
2020-03-20,Trinity,105,12862,0,0,0,0,0
2020-03-20,Tulare,107,460477,50,4,3,7,0
2020-03-20,Tuolumne,109,53932,2,0,0,0,0
2020-03-20,Ventura,111,848112,156,18,0,18,0
2020-03-20,Yolo,113,214977,32,5,0,5,0
2020-03-20,Yuba,115,75493,6,0,0,0,0
2020-03-19,Alameda,001,1643700,353,36,1,37,0
2020-03-19,Alpine,003,1148,1,0,0,0,0
2020-03-19,Amador,005,37829,1,0,0,0,0
2020-03-19,Butte,007,227075,5,0,0,0,0
2020-03-19,Calaveras,009,45235,4,2,0,2,0
2020-03-19,Colusa,011,21464,0,0,0,0,0
2020-03-19,Contra Costa,013,1133247,254,46,0,46,0
2020-03-19,Del Norte,015,27424,0,0,0,0,0
2020-03-19,El Dorado,017,186661,18,0,0,0,0
2020-03-19,Fresno,019,978130,87,6,2,8,0
2020-03-19,Glenn,021,27897,1,0,0,0,0
2020-03-19,Humboldt,023,135768,23,1,0,1,0
2020-03-19,Imperial,025,180216,36,2,0,2,0
2020-03-19,Inyo,027,18085,0,0,0,0,0
2020-03-19,Kern,029,883053,81,3,0,3,0
2020-03-19,Kings,031,150075,17,0,1,1,0
2020-03-19,Lake,033,64148,0,0,0,0,0
2020-03-19,Lassen,035,31185,2,0,1,1,0
2020-03-19,Los Angeles,037,10098052,2300,233,9,242,0
2020-03-19,Madera,039,155013,31,3,0,3,0
2020-03-19,Marin,041,260295,63,19,0,19,0
2020-03-19,Mariposa,043,17540,0,0,0,0,0
2020-03-19,Mendocino,045,87422,2,1,0,1,0
2020-03-19,Merced,047,269075,5,0,0,0,0
2020-03-19,Modoc,049,8938,0,0,0,0,0
2020-03-19,Mono,051,14174,12,0,0,0,0
2020-03-19,Monterey,053,433212,39,3,0,3,0
2020-03-19,Napa,055,140530,14,0,0,0,0
2020-03-19,Nevada,057,99092,18,2,1,3,0
2020-03-19,Orange,059,3164182,634,59,4,63,0
2020-03-19,Placer,061,380077,64,8,0,8,1
2020-03-19,Plumas,063,18699,0,0,0,0,0
2020-03-19,Riverside,065,2383286,396,14,6,20,3
2020-03-19,Sacramento,067,1510023,280,52,0,52,3
2020-03-19,San Benito,069,59416,14,3,0,3,0
2020-03-19,San Bernardino,071,2135413,214,7,0,7,0
2020-03-19,San Diego,073,3302833,768,68,0,68,0
2020-03-19,San Francisco,075,870044,351,80,0,80,0
2020-03-19,San Joaquin,077,732212,102,15,3,18,2
2020-03-19,San Luis Obispo,079,281455,77,6,0,6,0
2020-03-19,San Mateo,081,765935,361,58,2,60,1
2020-03-19,Santa Barbara,083,443738,85,5,0,5,0
2020-03-19,Santa Clara,085,1922200,847,183,2,185,8
2020-03-19,Santa Cruz,087,273765,57,13,0,13,0
2020-03-19,Shasta,089,179085,10,1,0,1,0
2020-03-19,Sierra,091,2930,0,0,0,0,0
2020-03-19,Siskiyou,093,43540,3,0,0,0,0
2020-03-19,Solano,095,438530,55,26,0,26,0
2020-03-19,Sonoma,097,501317,87,8,0,8,0
2020-03-19,Stanislaus,099,539301,38,7,3,10,0
2020-03-19,Sutter,101,95872,7,0,0,0,0
2020-03-19,Tehama,103,63373,0,0,0,0,0
2020-03-19,Trinity,105,12862,0,0,0,0,0
2020-03-19,Tulare,107,460477,44,3,3,6,0
2020-03-19,Tuolumne,109,53932,2,0,0,0,0
2020-03-19,Ventura,111,848112,134,15,0,15,0
2020-03-19,Yolo,113,214977,28,5,0,5,0
2020-03-19,Yuba,115,75493,5,0,0,0,0
2020-03-18,Alameda,001,1643700,325,29,1,30,0
2020-03-18,Alpine,003,1148,1,0,0,0,0
2020-03-18,Amador,005,37829,1,0,0,0,0
2020-03-18,Butte,007,227075,4,0,0,0,0
2020-03-18,Calaveras,009,45235,4,2,0,2,0
2020-03-18,Colusa,011,21464,0,0,0,0,0
2020-03-18,Contra Costa,013,1133247,232,44,0,44,0
2020-03-18,Del Norte,015,27424,0,0,0,0,0
2020-03-18,El Dorado,017,186661,17,0,0,0,0
2020-03-18,Fresno,019,978130,78,3,1,4,0
2020-03-18,Glenn,021,27897,1,0,0,0,0
2020-03-18,Humboldt,023,135768,19,1,0,1,0
2020-03-18,Imperial,025,180216,30,2,0,2,0
2020-03-18,Inyo,027,18085,0,0,0,0,0
2020-03-18,Kern,029,883053,66,1,0,1,0
2020-03-18,Kings,031,150075,15,0,1,1,0
2020-03-18,Lake,033,64148,0,0,0,0,0
2020-03-18,Lassen,035,31185,1,0,1,1,0
2020-03-18,Los Angeles,037,10098052,2055,47,9,56,0
2020-03-18,Madera,039,155013,30,2,0,2,0
2020-03-18,Marin,041,260295,58,10,0,10,0
2020-03-18,Mariposa,043,17540,0,0,0,0,0
2020-03-18,Mendocino,045,87422,2,0,0,0,0
2020-03-18,Merced,047,269075,5,0,0,0,0
2020-03-18,Modoc,049,8938,0,0,0,0,0
2020-03-18,Mono,051,14174,11,0,0,0,0
2020-03-18,Monterey,053,433212,31,1,0,1,0
2020-03-18,Napa,055,140530,11,0,0,0,0
2020-03-18,Nevada,057,99092,16,2,1,3,0
2020-03-18,Orange,059,3164182,576,38,4,42,0
2020-03-18,Placer,061,380077,57,8,0,8,1
2020-03-18,Plumas,063,18699,0,0,0,0,0
2020-03-18,Riverside,065,2383286,333,11,5,16,2
2020-03-18,Sacramento,067,1510023,257,46,0,46,3
2020-03-18,San Benito,069,59416,13,3,0,3,0
2020-03-18,San Bernardino,071,2135413,192,3,0,3,0
2020-03-18,San Diego,073,3302833,683,40,0,40,0
2020-03-18,San Francisco,075,870044,332,65,0,65,0
2020-03-18,San Joaquin,077,732212,90,14,3,17,2
2020-03-18,San Luis Obispo,079,281455,70,5,0,5,0
2020-03-18,San Mateo,081,765935,340,57,2,59,1
2020-03-18,Santa Barbara,083,443738,77,2,0,2,0
2020-03-18,Santa Clara,085,1922200,796,151,2,153,6
2020-03-18,Santa Cruz,087,273765,55,11,0,11,0
2020-03-18,Shasta,089,179085,9,1,0,1,0
2020-03-18,Sierra,091,2930,0,0,0,0,0
2020-03-18,Siskiyou,093,43540,3,0,0,0,0
2020-03-18,Solano,095,438530,51,26,0,26,0
2020-03-18,Sonoma,097,501317,78,6,0,6,0
2020-03-18,Stanislaus,099,539301,34,5,2,7,0
2020-03-18,Sutter,101,95872,5,0,0,0,0
2020-03-18,Tehama,103,63373,0,0,0,0,0
2020-03-18,Trinity,105,12862,0,0,0,0,0
2020-03-18,Tulare,107,460477,34,3,3,6,0
2020-03-18,Tuolumne,109,53932,2,0,0,0,0
2020-03-18,Ventura,111,848112,115,11,0,11,0
2020-03-18,Yolo,113,214977,25,4,0,4,0
2020-03-18,Yuba,115,75493,4,0,0,0,0
2020-03-17,Alameda,001,1643700,293,19,0,19,0
2020-03-17,Alpine,003,1148,0,0,0,0,0
2020-03-17,Amador,005,37829,1,0,0,0,0
2020-03-17,Butte,007,227075,4,0,0,0,0
2020-03-17,Calaveras,009,45235,4,2,0,2,0
2020-03-17,Colusa,011,21464,0,0,0,0,0
2020-03-17,Contra Costa,013,1133247,210,37,0,37,0
2020-03-17,Del Norte,015,27424,0,0,0,0,0
2020-03-17,El Dorado,017,186661,16,0,0,0,0
2020-03-17,Fresno,019,978130,68,2,1,3,0
2020-03-17,Glenn,021,27897,1,0,0,0,0
2020-03-17,Humboldt,023,135768,17,1,0,1,0
2020-03-17,Imperial,025,180216,24,2,0,2,0
2020-03-17,Inyo,027,18085,0,0,0,0,0
2020-03-17,Kern,029,883053,52,0,0,0,0
2020-03-17,Kings,031,150075,12,0,1,1,0
2020-03-17,Lake,033,64148,0,0,0,0,0
2020-03-17,Lassen,035,31185,1,0,1,1,0
2020-03-17,Los Angeles,037,10098052,1850,41,9,50,0
2020-03-17,Madera,039,155013,22,2,0,2,0
2020-03-17,Marin,041,260295,51,4,0,4,0
2020-03-17,Mariposa,043,17540,0,0,0,0,0
2020-03-17,Mendocino,045,87422,2,0,0,0,0
2020-03-17,Merced,047,269075,5,0,0,0,0
2020-03-17,Modoc,049,8938,0,0,0,0,0
2020-03-17,Mono,051,14174,9,0,0,0,0
2020-03-17,Monterey,053,433212,29,0,0,0,0
2020-03-17,Napa,055,140530,8,0,0,0,0
2020-03-17,Nevada,057,99092,15,1,1,2,0
2020-03-17,Orange,059,3164182,498,24,3,27,0
2020-03-17,Placer,061,380077,47,7,0,7,1
2020-03-17,Plumas,063,18699,0,0,0,0,0
2020-03-17,Riverside,065,2383286,271,11,5,16,0
2020-03-17,Sacramento,067,1510023,237,36,0,36,1
2020-03-17,San Benito,069,59416,12,2,0,2,0
2020-03-17,San Bernardino,071,2135413,164,2,0,2,0
2020-03-17,San Diego,073,3302833,616,17,0,17,0
2020-03-17,San Francisco,075,870044,305,46,0,46,0
2020-03-17,San Joaquin,077,732212,84,11,3,14,0
2020-03-17,San Luis Obispo,079,281455,62,1,0,1,0
2020-03-17,San Mateo,081,765935,308,46,2,48,1
2020-03-17,Santa Barbara,083,443738,65,0,0,0,0
2020-03-17,Santa Clara,085,1922200,738,121,2,123,4
2020-03-17,Santa Cruz,087,273765,52,10,0,10,0
2020-03-17,Shasta,089,179085,5,1,0,1,0
2020-03-17,Sierra,091,2930,0,0,0,0,0
2020-03-17,Siskiyou,093,43540,3,0,0,0,0
2020-03-17,Solano,095,438530,48,27,0,27,0
2020-03-17,Sonoma,097,501317,70,4,0,4,0
2020-03-17,Stanislaus,099,539301,31,4,2,6,0
2020-03-17,Sutter,101,95872,5,0,0,0,0
2020-03-17,Tehama,103,63373,0,0,0,0,0
2020-03-17,Trinity,105,12862,0,0,0,0,0
2020-03-17,Tulare,107,460477,29,2,3,5,0
2020-03-17,Tuolumne,109,53932,2,0,0,0,0
2020-03-17,Ventura,111,848112,98,7,0,7,0
2020-03-17,Yolo,113,214977,21,2,0,2,0
2020-03-17,Yuba,115,75493,4,0,0,0,0
2020-03-16,Alameda,001,1643700,264,17,0,17,0
2020-03-16,Alpine,003,1148,0,0,0,0,0
2020-03-16,Amador,005,37829,1,0,0,0,0
2020-03-16,Butte,007,227075,3,0,0,0,0
2020-03-16,Calaveras,009,45235,4,2,0,2,0
2020-03-16,Colusa,011,21464,0,0,0,0,0
2020-03-16,Contra Costa,013,1133247,186,36,0,36,0
2020-03-16,Del Norte,015,27424,0,0,0,0,0
2020-03-16,El Dorado,017,186661,15,0,0,0,0
2020-03-16,Fresno,019,978130,53,2,1,3,0
2020-03-16,Glenn,021,27897,0,0,0,0,0
2020-03-16,Humboldt,023,135768,13,1,0,1,0
2020-03-16,Imperial,025,180216,19,2,0,2,0
2020-03-16,Inyo,027,18085,0,0,0,0,0
2020-03-16,Kern,029,883053,43,0,0,0,0
2020-03-16,Kings,031,150075,11,0,1,1,0
2020-03-16,Lake,033,64148,0,0,0,0,0
2020-03-16,Lassen,035,31185,1,0,0,0,0
2020-03-16,Los Angeles,037,10098052,1612,43,9,52,0
2020-03-16,Madera,039,155013,21,2,0,2,0
2020-03-16,Marin,041,260295,48,4,0,4,0
2020-03-16,Mariposa,043,17540,0,0,0,0,0
2020-03-16,Mendocino,045,87422,2,0,0,0,0
2020-03-16,Merced,047,269075,5,0,0,0,0
2020-03-16,Modoc,049,8938,0,0,0,0,0
2020-03-16,Mono,051,14174,7,0,0,0,0
2020-03-16,Monterey,053,433212,28,0,0,0,0
2020-03-16,Napa,055,140530,7,0,0,0,0
2020-03-16,Nevada,057,99092,11,1,1,2,0
2020-03-16,Orange,059,3164182,415,18,3,21,0
2020-03-16,Placer,061,380077,39,7,0,7,1
2020-03-16,Plumas,063,18699,0,0,0,0,0
2020-03-16,Riverside,065,2383286,235,10,5,15,0
2020-03-16,Sacramento,067,1510023,210,34,0,34,1
2020-03-16,San Benito,069,59416,8,2,0,2,0
2020-03-16,San Bernardino,071,2135413,144,1,0,1,0
2020-03-16,San Diego,073,3302833,525,17,0,17,0
2020-03-16,San Francisco,075,870044,267,40,0,40,0
2020-03-16,San Joaquin,077,732212,74,9,3,12,0
2020-03-16,San Luis Obispo,079,281455,55,1,0,1,0
2020-03-16,San Mateo,081,765935,269,42,2,44,1
2020-03-16,Santa Barbara,083,443738,55,0,0,0,0
2020-03-16,Santa Clara,085,1922200,658,115,1,116,2
2020-03-16,Santa Cruz,087,273765,45,9,0,9,0
2020-03-16,Shasta,089,179085,5,1,0,1,0
2020-03-16,Sierra,091,2930,0,0,0,0,0
2020-03-16,Siskiyou,093,43540,2,0,0,0,0
2020-03-16,Solano,095,438530,43,27,0,27,0
2020-03-16,Sonoma,097,501317,62,4,0,4,0
2020-03-16,Stanislaus,099,539301,27,2,2,4,0
2020-03-16,Sutter,101,95872,3,0,0,0,0
2020-03-16,Tehama,103,63373,0,0,0,0,0
2020-03-16,Trinity,105,12862,0,0,0,0,0
2020-03-16,Tulare,107,460477,25,2,3,5,0
2020-03-16,Tuolumne,109,53932,2,0,0,0,0
2020-03-16,Ventura,111,848112,88,7,0,7,0
2020-03-16,Yolo,113,214977,19,2,0,2,0
2020-03-16,Yuba,115,75493,3,0,0,0,0
2020-03-15,Alameda,001,1643700,216,17,0,17,0
2020-03-15,Alpine,003,1148,0,0,0,0,0
2020-03-15,Amador,005,37829,1,0,0,0,0
2020-03-15,Butte,007,227075,3,0,0,0,0
2020-03-15,Calaveras,009,45235,2,2,0,2,0
2020-03-15,Colusa,011,21464,0,0,0,0,0
2020-03-15,Contra Costa,013,1133247,161,34,0,34,0
2020-03-15,Del Norte,015,27424,0,0,0,0,0
2020-03-15,El Dorado,017,186661,14,0,0,0,0
2020-03-15,Fresno,019,978130,33,1,1,2,0
2020-03-15,Glenn,021,27897,0,0,0,0,0
2020-03-15,Humboldt,023,135768,11,1,0,1,0
2020-03-15,Imperial,025,180216,14,2,0,2,0
2020-03-15,Inyo,027,18085,0,0,0,0,0
2020-03-15,Kern,029,883053,37,0,0,0,0
2020-03-15,Kings,031,150075,11,0,1,1,0
2020-03-15,Lake,033,64148,0,0,0,0,0
2020-03-15,Lassen,035,31185,1,0,0,0,0
2020-03-15,Los Angeles,037,10098052,1365,41,9,50,0
2020-03-15,Madera,039,155013,20,2,0,2,0
2020-03-15,Marin,041,260295,41,3,0,3,0
2020-03-15,Mariposa,043,17540,0,0,0,0,0
2020-03-15,Mendocino,045,87422,2,0,0,0,0
2020-03-15,Merced,047,269075,3,0,0,0,0
2020-03-15,Modoc,049,8938,0,0,0,0,0
2020-03-15,Mono,051,14174,6,0,0,0,0
2020-03-15,Monterey,053,433212,21,0,0,0,0
2020-03-15,Napa,055,140530,7,0,0,0,0
2020-03-15,Nevada,057,99092,11,0,1,1,0
2020-03-15,Orange,059,3164182,347,16,1,17,0
2020-03-15,Placer,061,380077,33,7,0,7,1
2020-03-15,Plumas,063,18699,0,0,0,0,0
2020-03-15,Riverside,065,2383286,183,10,5,15,0
2020-03-15,Sacramento,067,1510023,174,30,0,30,1
2020-03-15,San Benito,069,59416,8,2,0,2,0
2020-03-15,San Bernardino,071,2135413,122,0,0,0,0
2020-03-15,San Diego,073,3302833,438,16,0,16,0
2020-03-15,San Francisco,075,870044,209,31,0,31,0
2020-03-15,San Joaquin,077,732212,63,6,3,9,0
2020-03-15,San Luis Obispo,079,281455,45,1,0,1,0
2020-03-15,San Mateo,081,765935,235,29,1,30,1
2020-03-15,Santa Barbara,083,443738,46,0,0,0,0
2020-03-15,Santa Clara,085,1922200,586,79,1,80,2
2020-03-15,Santa Cruz,087,273765,38,8,0,8,0
2020-03-15,Shasta,089,179085,5,1,0,1,0
2020-03-15,Sierra,091,2930,0,0,0,0,0
2020-03-15,Siskiyou,093,43540,2,0,0,0,0
2020-03-15,Solano,095,438530,42,26,0,26,0
2020-03-15,Sonoma,097,501317,53,4,0,4,0
2020-03-15,Stanislaus,099,539301,26,2,2,4,0
2020-03-15,Sutter,101,95872,2,0,0,0,0
2020-03-15,Tehama,103,63373,0,0,0,0,0
2020-03-15,Trinity,105,12862,0,0,0,0,0
2020-03-15,Tulare,107,460477,19,2,3,5,0
2020-03-15,Tuolumne,109,53932,1,0,0,0,0
2020-03-15,Ventura,111,848112,77,5,0,5,0
2020-03-15,Yolo,113,214977,15,2,0,2,0
2020-03-15,Yuba,115,75493,2,0,0,0,0
2020-03-14,Alameda,001,1643700,197,11,0,11,0
2020-03-14,Alpine,003,1148,0,0,0,0,0
2020-03-14,Amador,005,37829,1,0,0,0,0
2020-03-14,Butte,007,227075,2,0,0,0,0
2020-03-14,Calaveras,009,45235,2,2,0,2,0
2020-03-14,Colusa,011,21464,0,0,0,0,0
2020-03-14,Contra Costa,013,1133247,139,30,0,30,0
2020-03-14,Del Norte,015,27424,0,0,0,0,0
2020-03-14,El Dorado,017,186661,12,0,0,0,0
2020-03-14,Fresno,019,978130,25,1,1,2,0
2020-03-14,Glenn,021,27897,0,0,0,0,0
2020-03-14,Humboldt,023,135768,7,1,0,1,0
2020-03-14,Imperial,025,180216,10,2,0,2,0
2020-03-14,Inyo,027,18085,0,0,0,0,0
2020-03-14,Kern,029,883053,32,0,0,0,0
2020-03-14,Kings,031,150075,11,0,1,1,0
2020-03-14,Lake,033,64148,0,0,0,0,0
2020-03-14,Lassen,035,31185,1,0,0,0,0
2020-03-14,Los Angeles,037,10098052,1185,35,9,44,0
2020-03-14,Madera,039,155013,19,2,0,2,0
2020-03-14,Marin,041,260295,37,3,0,3,0
2020-03-14,Mariposa,043,17540,0,0,0,0,0
2020-03-14,Mendocino,045,87422,2,0,0,0,0
2020-03-14,Merced,047,269075,3,0,0,0,0
2020-03-14,Modoc,049,8938,0,0,0,0,0
2020-03-14,Mono,051,14174,5,0,0,0,0
2020-03-14,Monterey,053,433212,15,0,0,0,0
2020-03-14,Napa,055,140530,5,0,0,0,0
2020-03-14,Nevada,057,99092,8,0,1,1,0
2020-03-14,Orange,059,3164182,308,14,0,14,0
2020-03-14,Placer,061,380077,29,6,0,6,1
2020-03-14,Plumas,063,18699,0,0,0,0,0
2020-03-14,Riverside,065,2383286,163,10,5,15,0
2020-03-14,Sacramento,067,1510023,152,31,0,31,1
2020-03-14,San Benito,069,59416,8,2,0,2,0
2020-03-14,San Bernardino,071,2135413,103,0,0,0,0
2020-03-14,San Diego,073,3302833,363,10,0,10,0
2020-03-14,San Francisco,075,870044,188,29,0,29,0
2020-03-14,San Joaquin,077,732212,54,6,3,9,0
2020-03-14,San Luis Obispo,079,281455,40,0,0,0,0
2020-03-14,San Mateo,081,765935,212,27,1,28,0
2020-03-14,Santa Barbara,083,443738,37,0,0,0,0
2020-03-14,Santa Clara,085,1922200,530,62,1,63,2
2020-03-14,Santa Cruz,087,273765,33,8,0,8,0
2020-03-14,Shasta,089,179085,5,1,0,1,0
2020-03-14,Sierra,091,2930,0,0,0,0,0
2020-03-14,Siskiyou,093,43540,1,0,0,0,0
2020-03-14,Solano,095,438530,40,26,0,26,0
2020-03-14,Sonoma,097,501317,40,2,0,2,0
2020-03-14,Stanislaus,099,539301,22,2,2,4,0
2020-03-14,Sutter,101,95872,2,0,0,0,0
2020-03-14,Tehama,103,63373,0,0,0,0,0
2020-03-14,Trinity,105,12862,0,0,0,0,0
2020-03-14,Tulare,107,460477,17,2,2,4,0
2020-03-14,Tuolumne,109,53932,1,0,0,0,0
2020-03-14,Ventura,111,848112,68,5,0,5,0
2020-03-14,Yolo,113,214977,15,2,0,2,0
2020-03-14,Yuba,115,75493,1,0,0,0,0
2020-03-13,Alameda,001,1643700,178,12,0,12,0
2020-03-13,Alpine,003,1148,0,0,0,0,0
2020-03-13,Amador,005,37829,1,0,0,0,0
2020-03-13,Butte,007,227075,0,0,0,0,0
2020-03-13,Calaveras,009,45235,2,2,0,2,0
2020-03-13,Colusa,011,21464,0,0,0,0,0
2020-03-13,Contra Costa,013,1133247,125,22,0,22,0
2020-03-13,Del Norte,015,27424,0,0,0,0,0
2020-03-13,El Dorado,017,186661,11,0,0,0,0
2020-03-13,Fresno,019,978130,20,1,1,2,0
2020-03-13,Glenn,021,27897,0,0,0,0,0
2020-03-13,Humboldt,023,135768,7,1,0,1,0
2020-03-13,Imperial,025,180216,9,2,0,2,0
2020-03-13,Inyo,027,18085,0,0,0,0,0
2020-03-13,Kern,029,883053,27,0,0,0,0
2020-03-13,Kings,031,150075,10,0,1,1,0
2020-03-13,Lake,033,64148,0,0,0,0,0
2020-03-13,Lassen,035,31185,1,0,0,0,0
2020-03-13,Los Angeles,037,10098052,1030,30,7,37,0
2020-03-13,Madera,039,155013,18,1,0,1,0
2020-03-13,Marin,041,260295,34,3,0,3,0
2020-03-13,Mariposa,043,17540,0,0,0,0,0
2020-03-13,Mendocino,045,87422,2,0,0,0,0
2020-03-13,Merced,047,269075,2,0,0,0,0
2020-03-13,Modoc,049,8938,0,0,0,0,0
2020-03-13,Mono,051,14174,3,0,0,0,0
2020-03-13,Monterey,053,433212,10,0,0,0,0
2020-03-13,Napa,055,140530,3,0,0,0,0
2020-03-13,Nevada,057,99092,7,0,1,1,0
2020-03-13,Orange,059,3164182,268,10,0,10,0
2020-03-13,Placer,061,380077,27,6,0,6,1
2020-03-13,Plumas,063,18699,0,0,0,0,0
2020-03-13,Riverside,065,2383286,133,5,4,9,0
2020-03-13,Sacramento,067,1510023,130,18,0,18,1
2020-03-13,San Benito,069,59416,6,2,0,2,0
2020-03-13,San Bernardino,071,2135413,96,0,0,0,0
2020-03-13,San Diego,073,3302833,313,8,0,8,0
2020-03-13,San Francisco,075,870044,174,28,0,28,0
2020-03-13,San Joaquin,077,732212,50,6,3,9,0
2020-03-13,San Luis Obispo,079,281455,33,0,0,0,0
2020-03-13,San Mateo,081,765935,191,24,1,25,0
2020-03-13,Santa Barbara,083,443738,33,0,0,0,0
2020-03-13,Santa Clara,085,1922200,468,59,1,60,1
2020-03-13,Santa Cruz,087,273765,32,7,0,7,0
2020-03-13,Shasta,089,179085,3,1,0,1,0
2020-03-13,Sierra,091,2930,0,0,0,0,0
2020-03-13,Siskiyou,093,43540,0,0,0,0,0
2020-03-13,Solano,095,438530,39,26,0,26,0
2020-03-13,Sonoma,097,501317,39,2,0,2,0
2020-03-13,Stanislaus,099,539301,17,2,2,4,0
2020-03-13,Sutter,101,95872,2,0,0,0,0
2020-03-13,Tehama,103,63373,0,0,0,0,0
2020-03-13,Trinity,105,12862,0,0,0,0,0
2020-03-13,Tulare,107,460477,14,2,2,4,0
2020-03-13,Tuolumne,109,53932,1,0,0,0,0
2020-03-13,Ventura,111,848112,54,5,0,5,0
2020-03-13,Yolo,113,214977,14,1,0,1,0
2020-03-13,Yuba,115,75493,1,0,0,0,0
2020-03-12,Alameda,001,1643700,152,9,0,9,0
2020-03-12,Alpine,003,1148,0,0,0,0,0
2020-03-12,Amador,005,37829,1,0,0,0,0
2020-03-12,Butte,007,227075,0,0,0,0,0
2020-03-12,Calaveras,009,45235,2,2,0,2,0
2020-03-12,Colusa,011,21464,0,0,0,0,0
2020-03-12,Contra Costa,013,1133247,108,18,0,18,0
2020-03-12,Del Norte,015,27424,0,0,0,0,0
2020-03-12,El Dorado,017,186661,9,0,0,0,0
2020-03-12,Fresno,019,978130,12,1,1,2,0
2020-03-12,Glenn,021,27897,0,0,0,0,0
2020-03-12,Humboldt,023,135768,6,1,0,1,0
2020-03-12,Imperial,025,180216,8,2,0,2,0
2020-03-12,Inyo,027,18085,0,0,0,0,0
2020-03-12,Kern,029,883053,18,0,0,0,0
2020-03-12,Kings,031,150075,7,0,1,1,0
2020-03-12,Lake,033,64148,0,0,0,0,0
2020-03-12,Lassen,035,31185,1,0,0,0,0
2020-03-12,Los Angeles,037,10098052,867,30,7,37,0
2020-03-12,Madera,039,155013,15,1,0,1,0
2020-03-12,Marin,041,260295,24,1,0,1,0
2020-03-12,Mariposa,043,17540,0,0,0,0,0
2020-03-12,Mendocino,045,87422,2,0,0,0,0
2020-03-12,Merced,047,269075,2,0,0,0,0
2020-03-12,Modoc,049,8938,0,0,0,0,0
2020-03-12,Mono,051,14174,3,0,0,0,0
2020-03-12,Monterey,053,433212,8,0,0,0,0
2020-03-12,Napa,055,140530,3,0,0,0,0
2020-03-12,Nevada,057,99092,4,0,1,1,0
2020-03-12,Orange,059,3164182,231,7,0,7,0
2020-03-12,Placer,061,380077,23,6,0,6,1
2020-03-12,Plumas,063,18699,0,0,0,0,0
2020-03-12,Riverside,065,2383286,107,5,2,7,0
2020-03-12,Sacramento,067,1510023,106,17,0,17,1
2020-03-12,San Benito,069,59416,5,2,0,2,0
2020-03-12,San Bernardino,071,2135413,80,0,0,0,0
2020-03-12,San Diego,073,3302833,258,9,0,9,0
2020-03-12,San Francisco,075,870044,149,20,0,20,0
2020-03-12,San Joaquin,077,732212,44,3,3,6,1
2020-03-12,San Luis Obispo,079,281455,26,0,0,0,0
2020-03-12,San Mateo,081,765935,157,21,1,22,0
2020-03-12,Santa Barbara,083,443738,22,0,0,0,0
2020-03-12,Santa Clara,085,1922200,410,51,1,52,1
2020-03-12,Santa Cruz,087,273765,29,5,0,5,0
2020-03-12,Shasta,089,179085,2,1,0,1,0
2020-03-12,Sierra,091,2930,0,0,0,0,0
2020-03-12,Siskiyou,093,43540,0,0,0,0,0
2020-03-12,Solano,095,438530,34,26,0,26,0
2020-03-12,Sonoma,097,501317,34,2,0,2,0
2020-03-12,Stanislaus,099,539301,15,2,2,4,0
2020-03-12,Sutter,101,95872,0,0,0,0,0
2020-03-12,Tehama,103,63373,0,0,0,0,0
2020-03-12,Trinity,105,12862,0,0,0,0,0
2020-03-12,Tulare,107,460477,12,1,1,2,0
2020-03-12,Tuolumne,109,53932,1,0,0,0,0
2020-03-12,Ventura,111,848112,45,3,0,3,0
2020-03-12,Yolo,113,214977,13,1,0,1,0
2020-03-12,Yuba,115,75493,1,0,0,0,0
2020-03-11,Alameda,001,1643700,120,5,0,5,0
2020-03-11,Alpine,003,1148,0,0,0,0,0
2020-03-11,Amador,005,37829,1,0,0,0,0
2020-03-11,Butte,007,227075,0,0,0,0,0
2020-03-11,Calaveras,009,45235,2,2,0,2,0
2020-03-11,Colusa,011,21464,0,0,0,0,0
2020-03-11,Contra Costa,013,1133247,93,16,0,16,0
2020-03-11,Del Norte,015,27424,0,0,0,0,0
2020-03-11,El Dorado,017,186661,8,0,0,0,0
2020-03-11,Fresno,019,978130,9,1,1,2,0
2020-03-11,Glenn,021,27897,0,0,0,0,0
2020-03-11,Humboldt,023,135768,6,1,0,1,0
2020-03-11,Imperial,025,180216,6,0,0,0,0
2020-03-11,Inyo,027,18085,0,0,0,0,0
2020-03-11,Kern,029,883053,16,0,0,0,0
2020-03-11,Kings,031,150075,5,0,1,1,0
2020-03-11,Lake,033,64148,0,0,0,0,0
2020-03-11,Lassen,035,31185,1,0,0,0,0
2020-03-11,Los Angeles,037,10098052,699,21,7,28,0
2020-03-11,Madera,039,155013,12,1,0,1,0
2020-03-11,Marin,041,260295,17,1,0,1,0
2020-03-11,Mariposa,043,17540,0,0,0,0,0
2020-03-11,Mendocino,045,87422,1,0,0,0,0
2020-03-11,Merced,047,269075,2,0,0,0,0
2020-03-11,Modoc,049,8938,0,0,0,0,0
2020-03-11,Mono,051,14174,3,0,0,0,0
2020-03-11,Monterey,053,433212,7,0,0,0,0
2020-03-11,Napa,055,140530,2,0,0,0,0
2020-03-11,Nevada,057,99092,4,0,1,1,0
2020-03-11,Orange,059,3164182,202,6,0,6,0
2020-03-11,Placer,061,380077,18,6,0,6,1
2020-03-11,Plumas,063,18699,0,0,0,0,0
2020-03-11,Riverside,065,2383286,81,4,1,5,0
2020-03-11,Sacramento,067,1510023,88,9,0,9,1
2020-03-11,San Benito,069,59416,5,2,0,2,0
2020-03-11,San Bernardino,071,2135413,73,0,0,0,0
2020-03-11,San Diego,073,3302833,208,4,0,4,0
2020-03-11,San Francisco,075,870044,124,17,0,17,0
2020-03-11,San Joaquin,077,732212,33,1,3,4,0
2020-03-11,San Luis Obispo,079,281455,23,0,0,0,0
2020-03-11,San Mateo,081,765935,139,16,0,16,0
2020-03-11,Santa Barbara,083,443738,13,0,0,0,0
2020-03-11,Santa Clara,085,1922200,370,48,1,49,1
2020-03-11,Santa Cruz,087,273765,26,2,0,2,0
2020-03-11,Shasta,089,179085,2,1,0,1,0
2020-03-11,Sierra,091,2930,0,0,0,0,0
2020-03-11,Siskiyou,093,43540,0,0,0,0,0
2020-03-11,Solano,095,438530,29,26,0,26,0
2020-03-11,Sonoma,097,501317,30,2,0,2,0
2020-03-11,Stanislaus,099,539301,15,2,2,4,0
2020-03-11,Sutter,101,95872,0,0,0,0,0
2020-03-11,Tehama,103,63373,0,0,0,0,0
2020-03-11,Trinity,105,12862,0,0,0,0,0
2020-03-11,Tulare,107,460477,10,0,1,1,0
2020-03-11,Tuolumne,109,53932,1,0,0,0,0
2020-03-11,Ventura,111,848112,37,3,0,3,0
2020-03-11,Yolo,113,214977,9,1,0,1,0
2020-03-11,Yuba,115,75493,1,0,0,0,0
2020-03-10,Alameda,001,1643700,99,4,0,4,0
2020-03-10,Alpine,003,1148,0,0,0,0,0
2020-03-10,Amador,005,37829,1,0,0,0,0
2020-03-10,Butte,007,227075,0,0,0,0,0
2020-03-10,Calaveras,009,45235,2,2,0,2,0
2020-03-10,Colusa,011,21464,0,0,0,0,0
2020-03-10,Contra Costa,013,1133247,84,11,0,11,0
2020-03-10,Del Norte,015,27424,0,0,0,0,0
2020-03-10,El Dorado,017,186661,7,0,0,0,0
2020-03-10,Fresno,019,978130,7,1,1,2,0
2020-03-10,Glenn,021,27897,0,0,0,0,0
2020-03-10,Humboldt,023,135768,6,1,0,1,0
2020-03-10,Imperial,025,180216,5,0,0,0,0
2020-03-10,Inyo,027,18085,0,0,0,0,0
2020-03-10,Kern,029,883053,11,0,0,0,0
2020-03-10,Kings,031,150075,5,0,1,1,0
2020-03-10,Lake,033,64148,0,0,0,0,0
2020-03-10,Lassen,035,31185,1,0,0,0,0
2020-03-10,Los Angeles,037,10098052,563,20,7,27,0
2020-03-10,Madera,039,155013,7,1,0,1,0
2020-03-10,Marin,041,260295,16,1,0,1,0
2020-03-10,Mariposa,043,17540,0,0,0,0,0
2020-03-10,Mendocino,045,87422,0,0,0,0,0
2020-03-10,Merced,047,269075,2,0,0,0,0
2020-03-10,Modoc,049,8938,0,0,0,0,0
2020-03-10,Mono,051,14174,3,0,0,0,0
2020-03-10,Monterey,053,433212,5,0,0,0,0
2020-03-10,Napa,055,140530,2,0,0,0,0
2020-03-10,Nevada,057,99092,3,0,1,1,0
2020-03-10,Orange,059,3164182,182,5,0,5,1
2020-03-10,Placer,061,380077,14,7,0,7,1
2020-03-10,Plumas,063,18699,0,0,0,0,0
2020-03-10,Riverside,065,2383286,59,4,1,5,0
2020-03-10,Sacramento,067,1510023,79,8,0,8,0
2020-03-10,San Benito,069,59416,5,2,0,2,0
2020-03-10,San Bernardino,071,2135413,65,0,0,0,0
2020-03-10,San Diego,073,3302833,165,3,0,3,0
2020-03-10,San Francisco,075,870044,92,16,0,16,0
2020-03-10,San Joaquin,077,732212,30,1,3,4,0
2020-03-10,San Luis Obispo,079,281455,15,0,0,0,0
2020-03-10,San Mateo,081,765935,123,11,0,11,0
2020-03-10,Santa Barbara,083,443738,10,0,0,0,0
2020-03-10,Santa Clara,085,1922200,322,45,1,46,1
2020-03-10,Santa Cruz,087,273765,22,2,0,2,0
2020-03-10,Shasta,089,179085,2,1,0,1,0
2020-03-10,Sierra,091,2930,0,0,0,0,0
2020-03-10,Siskiyou,093,43540,0,0,0,0,0
2020-03-10,Solano,095,438530,27,26,0,26,0
2020-03-10,Sonoma,097,501317,27,2,0,2,0
2020-03-10,Stanislaus,099,539301,11,0,2,2,0
2020-03-10,Sutter,101,95872,0,0,0,0,0
2020-03-10,Tehama,103,63373,0,0,0,0,0
2020-03-10,Trinity,105,12862,0,0,0,0,0
2020-03-10,Tulare,107,460477,9,0,1,1,0
2020-03-10,Tuolumne,109,53932,1,0,0,0,0
2020-03-10,Ventura,111,848112,29,1,0,1,0
2020-03-10,Yolo,113,214977,6,2,0,2,0
2020-03-10,Yuba,115,75493,1,0,0,0,0
2020-03-09,Alameda,001,1643700,71,4,0,4,0
2020-03-09,Alpine,003,1148,0,0,0,0,0
2020-03-09,Amador,005,37829,0,0,0,0,0
2020-03-09,Butte,007,227075,0,0,0,0,0
2020-03-09,Calaveras,009,45235,2,0,0,0,0
2020-03-09,Colusa,011,21464,0,0,0,0,0
2020-03-09,Contra Costa,013,1133247,72,9,0,9,0
2020-03-09,Del Norte,015,27424,0,0,0,0,0
2020-03-09,El Dorado,017,186661,5,0,0,0,0
2020-03-09,Fresno,019,978130,7,1,1,2,0
2020-03-09,Glenn,021,27897,0,0,0,0,0
2020-03-09,Humboldt,023,135768,5,1,0,1,0
2020-03-09,Imperial,025,180216,5,0,0,0,0
2020-03-09,Inyo,027,18085,0,0,0,0,0
2020-03-09,Kern,029,883053,8,0,0,0,0
2020-03-09,Kings,031,150075,4,0,1,1,0
2020-03-09,Lake,033,64148,0,0,0,0,0
2020-03-09,Lassen,035,31185,1,0,0,0,0
2020-03-09,Los Angeles,037,10098052,460,17,6,23,0
2020-03-09,Madera,039,155013,7,1,0,1,0
2020-03-09,Marin,041,260295,15,1,0,1,0
2020-03-09,Mariposa,043,17540,0,0,0,0,0
2020-03-09,Mendocino,045,87422,0,0,0,0,0
2020-03-09,Merced,047,269075,2,0,0,0,0
2020-03-09,Modoc,049,8938,0,0,0,0,0
2020-03-09,Mono,051,14174,3,0,0,0,0
2020-03-09,Monterey,053,433212,3,0,0,0,0
2020-03-09,Napa,055,140530,2,0,0,0,0
2020-03-09,Nevada,057,99092,2,0,1,1,0
2020-03-09,Orange,059,3164182,154,4,0,4,0
2020-03-09,Placer,061,380077,12,7,0,7,1
2020-03-09,Plumas,063,18699,0,0,0,0,0
2020-03-09,Riverside,065,2383286,49,4,1,5,0
2020-03-09,Sacramento,067,1510023,75,8,0,8,0
2020-03-09,San Benito,069,59416,3,2,0,2,0
2020-03-09,San Bernardino,071,2135413,54,0,0,0,0
2020-03-09,San Diego,073,3302833,126,2,0,2,0
2020-03-09,San Francisco,075,870044,72,14,0,14,0
2020-03-09,San Joaquin,077,732212,21,0,3,3,0
2020-03-09,San Luis Obispo,079,281455,15,0,0,0,0
2020-03-09,San Mateo,081,765935,109,6,0,6,0
2020-03-09,Santa Barbara,083,443738,8,0,0,0,0
2020-03-09,Santa Clara,085,1922200,278,42,1,43,1
2020-03-09,Santa Cruz,087,273765,19,2,0,2,0
2020-03-09,Shasta,089,179085,2,1,0,1,0
2020-03-09,Sierra,091,2930,0,0,0,0,0
2020-03-09,Siskiyou,093,43540,0,0,0,0,0
2020-03-09,Solano,095,438530,25,26,0,26,0
2020-03-09,Sonoma,097,501317,22,2,0,2,0
2020-03-09,Stanislaus,099,539301,11,0,2,2,0
2020-03-09,Sutter,101,95872,0,0,0,0,0
2020-03-09,Tehama,103,63373,0,0,0,0,0
2020-03-09,Trinity,105,12862,0,0,0,0,0
2020-03-09,Tulare,107,460477,9,0,1,1,0
2020-03-09,Tuolumne,109,53932,1,0,0,0,0
2020-03-09,Ventura,111,848112,25,1,0,1,0
2020-03-09,Yolo,113,214977,5,2,0,2,0
2020-03-09,Yuba,115,75493,0,0,0,0,0
2020-03-08,Alameda,001,1643700,46,4,0,4,0
2020-03-08,Alpine,003,1148,0,0,0,0,0
2020-03-08,Amador,005,37829,0,0,0,0,0
2020-03-08,Butte,007,227075,0,0,0,0,0
2020-03-08,Calaveras,009,45235,2,0,0,0,0
2020-03-08,Colusa,011,21464,0,0,0,0,0
2020-03-08,Contra Costa,013,1133247,58,9,0,9,0
2020-03-08,Del Norte,015,27424,0,0,0,0,0
2020-03-08,El Dorado,017,186661,5,0,0,0,0
2020-03-08,Fresno,019,978130,5,1,1,2,0
2020-03-08,Glenn,021,27897,0,0,0,0,0
2020-03-08,Humboldt,023,135768,5,1,0,1,0
2020-03-08,Imperial,025,180216,5,0,0,0,0
2020-03-08,Inyo,027,18085,0,0,0,0,0
2020-03-08,Kern,029,883053,8,0,0,0,0
2020-03-08,Kings,031,150075,3,0,1,1,0
2020-03-08,Lake,033,64148,0,0,0,0,0
2020-03-08,Lassen,035,31185,0,0,0,0,0
2020-03-08,Los Angeles,037,10098052,367,14,6,20,0
2020-03-08,Madera,039,155013,7,1,0,1,0
2020-03-08,Marin,041,260295,13,1,0,1,0
2020-03-08,Mariposa,043,17540,0,0,0,0,0
2020-03-08,Mendocino,045,87422,0,0,0,0,0
2020-03-08,Merced,047,269075,2,0,0,0,0
2020-03-08,Modoc,049,8938,0,0,0,0,0
2020-03-08,Mono,051,14174,3,0,0,0,0
2020-03-08,Monterey,053,433212,3,0,0,0,0
2020-03-08,Napa,055,140530,2,0,0,0,0
2020-03-08,Nevada,057,99092,1,0,1,1,0
2020-03-08,Orange,059,3164182,129,4,0,4,0
2020-03-08,Placer,061,380077,11,7,0,7,1
2020-03-08,Plumas,063,18699,0,0,0,0,0
2020-03-08,Riverside,065,2383286,41,1,1,2,0
2020-03-08,Sacramento,067,1510023,65,5,0,5,0
2020-03-08,San Benito,069,59416,3,2,0,2,0
2020-03-08,San Bernardino,071,2135413,43,0,0,0,0
2020-03-08,San Diego,073,3302833,92,2,0,2,0
2020-03-08,San Francisco,075,870044,53,9,0,9,0
2020-03-08,San Joaquin,077,732212,18,0,3,3,0
2020-03-08,San Luis Obispo,079,281455,9,0,0,0,0
2020-03-08,San Mateo,081,765935,96,4,0,4,0
2020-03-08,Santa Barbara,083,443738,5,0,0,0,0
2020-03-08,Santa Clara,085,1922200,236,36,1,37,0
2020-03-08,Santa Cruz,087,273765,17,1,0,1,0
2020-03-08,Shasta,089,179085,2,0,0,0,0
2020-03-08,Sierra,091,2930,0,0,0,0,0
2020-03-08,Siskiyou,093,43540,0,0,0,0,0
2020-03-08,Solano,095,438530,24,26,0,26,0
2020-03-08,Sonoma,097,501317,17,2,0,2,0
2020-03-08,Stanislaus,099,539301,10,0,2,2,0
2020-03-08,Sutter,101,95872,0,0,0,0,0
2020-03-08,Tehama,103,63373,0,0,0,0,0
2020-03-08,Trinity,105,12862,0,0,0,0,0
2020-03-08,Tulare,107,460477,9,0,0,0,0
2020-03-08,Tuolumne,109,53932,1,0,0,0,0
2020-03-08,Ventura,111,848112,21,1,0,1,0
2020-03-08,Yolo,113,214977,2,2,0,2,0
2020-03-08,Yuba,115,75493,0,0,0,0,0
2020-03-07,Alameda,001,1643700,41,3,0,3,0
2020-03-07,Alpine,003,1148,0,0,0,0,0
2020-03-07,Amador,005,37829,0,0,0,0,0
2020-03-07,Butte,007,227075,0,0,0,0,0
2020-03-07,Calaveras,009,45235,2,0,0,0,0
2020-03-07,Colusa,011,21464,0,0,0,0,0
2020-03-07,Contra Costa,013,1133247,55,4,0,4,0
2020-03-07,Del Norte,015,27424,0,0,0,0,0
2020-03-07,El Dorado,017,186661,4,0,0,0,0
2020-03-07,Fresno,019,978130,4,1,1,2,0
2020-03-07,Glenn,021,27897,0,0,0,0,0
2020-03-07,Humboldt,023,135768,5,1,0,1,0
2020-03-07,Imperial,025,180216,4,0,0,0,0
2020-03-07,Inyo,027,18085,0,0,0,0,0
2020-03-07,Kern,029,883053,7,0,0,0,0
2020-03-07,Kings,031,150075,3,0,1,1,0
2020-03-07,Lake,033,64148,0,0,0,0,0
2020-03-07,Lassen,035,31185,0,0,0,0,0
2020-03-07,Los Angeles,037,10098052,317,14,6,20,0
2020-03-07,Madera,039,155013,6,1,0,1,0
2020-03-07,Marin,041,260295,11,0,0,0,0
2020-03-07,Mariposa,043,17540,0,0,0,0,0
2020-03-07,Mendocino,045,87422,0,0,0,0,0
2020-03-07,Merced,047,269075,2,0,0,0,0
2020-03-07,Modoc,049,8938,0,0,0,0,0
2020-03-07,Mono,051,14174,3,0,0,0,0
2020-03-07,Monterey,053,433212,3,0,0,0,0
2020-03-07,Napa,055,140530,1,0,0,0,0
2020-03-07,Nevada,057,99092,1,0,1,1,0
2020-03-07,Orange,059,3164182,121,4,0,4,0
2020-03-07,Placer,061,380077,11,6,0,6,1
2020-03-07,Plumas,063,18699,0,0,0,0,0
2020-03-07,Riverside,065,2383286,31,0,1,1,0
2020-03-07,Sacramento,067,1510023,52,4,0,4,0
2020-03-07,San Benito,069,59416,3,2,0,2,0
2020-03-07,San Bernardino,071,2135413,41,0,0,0,0
2020-03-07,San Diego,073,3302833,74,2,0,2,0
2020-03-07,San Francisco,075,870044,47,9,0,9,0
2020-03-07,San Joaquin,077,732212,16,0,3,3,0
2020-03-07,San Luis Obispo,079,281455,6,0,0,0,0
2020-03-07,San Mateo,081,765935,86,1,0,1,0
2020-03-07,Santa Barbara,083,443738,5,0,0,0,0
2020-03-07,Santa Clara,085,1922200,206,31,1,32,0
2020-03-07,Santa Cruz,087,273765,17,1,0,1,0
2020-03-07,Shasta,089,179085,2,0,0,0,0
2020-03-07,Sierra,091,2930,0,0,0,0,0
2020-03-07,Siskiyou,093,43540,0,0,0,0,0
2020-03-07,Solano,095,438530,23,25,0,25,0
2020-03-07,Sonoma,097,501317,13,2,0,2,0
2020-03-07,Stanislaus,099,539301,9,0,2,2,0
2020-03-07,Sutter,101,95872,0,0,0,0,0
2020-03-07,Tehama,103,63373,0,0,0,0,0
2020-03-07,Trinity,105,12862,0,0,0,0,0
2020-03-07,Tulare,107,460477,6,0,0,0,0
2020-03-07,Tuolumne,109,53932,1,0,0,0,0
2020-03-07,Ventura,111,848112,18,1,0,1,0
2020-03-07,Yolo,113,214977,2,2,0,2,0
2020-03-07,Yuba,115,75493,0,0,0,0,0
2020-03-06,Alameda,001,1643700,39,3,0,3,0
2020-03-06,Alpine,003,1148,0,0,0,0,0
2020-03-06,Amador,005,37829,0,0,0,0,0
2020-03-06,Butte,007,227075,0,0,0,0,0
2020-03-06,Calaveras,009,45235,2,0,0,0,0
2020-03-06,Colusa,011,21464,0,0,0,0,0
2020-03-06,Contra Costa,013,1133247,46,4,0,4,0
2020-03-06,Del Norte,015,27424,0,0,0,0,0
2020-03-06,El Dorado,017,186661,3,0,0,0,0
2020-03-06,Fresno,019,978130,3,0,1,1,0
2020-03-06,Glenn,021,27897,0,0,0,0,0
2020-03-06,Humboldt,023,135768,4,1,0,1,0
2020-03-06,Imperial,025,180216,3,0,0,0,0
2020-03-06,Inyo,027,18085,0,0,0,0,0
2020-03-06,Kern,029,883053,6,0,0,0,0
2020-03-06,Kings,031,150075,3,0,1,1,0
2020-03-06,Lake,033,64148,0,0,0,0,0
2020-03-06,Lassen,035,31185,0,0,0,0,0
2020-03-06,Los Angeles,037,10098052,274,13,6,19,0
2020-03-06,Madera,039,155013,5,0,0,0,0
2020-03-06,Marin,041,260295,10,0,0,0,0
2020-03-06,Mariposa,043,17540,0,0,0,0,0
2020-03-06,Mendocino,045,87422,0,0,0,0,0
2020-03-06,Merced,047,269075,2,0,0,0,0
2020-03-06,Modoc,049,8938,0,0,0,0,0
2020-03-06,Mono,051,14174,1,0,0,0,0
2020-03-06,Monterey,053,433212,3,0,0,0,0
2020-03-06,Napa,055,140530,1,0,0,0,0
2020-03-06,Nevada,057,99092,1,0,1,1,0
2020-03-06,Orange,059,3164182,95,4,0,4,0
2020-03-06,Placer,061,380077,10,5,0,5,1
2020-03-06,Plumas,063,18699,0,0,0,0,0
2020-03-06,Riverside,065,2383286,30,0,1,1,0
2020-03-06,Sacramento,067,1510023,43,2,0,2,0
2020-03-06,San Benito,069,59416,3,2,0,2,0
2020-03-06,San Bernardino,071,2135413,39,0,0,0,0
2020-03-06,San Diego,073,3302833,61,2,0,2,0
2020-03-06,San Francisco,075,870044,41,2,0,2,0
2020-03-06,San Joaquin,077,732212,13,0,3,3,0
2020-03-06,San Luis Obispo,079,281455,4,0,0,0,0
2020-03-06,San Mateo,081,765935,78,1,0,1,0
2020-03-06,Santa Barbara,083,443738,3,0,0,0,0
2020-03-06,Santa Clara,085,1922200,188,20,1,21,0
2020-03-06,Santa Cruz,087,273765,15,0,0,0,0
2020-03-06,Shasta,089,179085,2,0,0,0,0
2020-03-06,Sierra,091,2930,0,0,0,0,0
2020-03-06,Siskiyou,093,43540,0,0,0,0,0
2020-03-06,Solano,095,438530,22,25,0,25,0
2020-03-06,Sonoma,097,501317,13,2,0,2,0
2020-03-06,Stanislaus,099,539301,5,0,2,2,0
2020-03-06,Sutter,101,95872,0,0,0,0,0
2020-03-06,Tehama,103,63373,0,0,0,0,0
2020-03-06,Trinity,105,12862,0,0,0,0,0
2020-03-06,Tulare,107,460477,6,0,0,0,0
2020-03-06,Tuolumne,109,53932,1,0,0,0,0
2020-03-06,Ventura,111,848112,15,1,0,1,0
2020-03-06,Yolo,113,214977,2,1,0,1,0
2020-03-06,Yuba,115,75493,0,0,0,0,0
2020-03-05,Alameda,001,1643700,34,2,0,2,0
2020-03-05,Alpine,003,1148,0,0,0,0,0
2020-03-05,Amador,005,37829,0,0,0,0,0
2020-03-05,Butte,007,227075,0,0,0,0,0
2020-03-05,Calaveras,009,45235,2,0,0,0,0
2020-03-05,Colusa,011,21464,0,0,0,0,0
2020-03-05,Contra Costa,013,1133247,39,1,0,1,0
2020-03-05,Del Norte,015,27424,0,0,0,0,0
2020-03-05,El Dorado,017,186661,1,0,0,0,0
2020-03-05,Fresno,019,978130,3,0,1,1,0
2020-03-05,Glenn,021,27897,0,0,0,0,0
2020-03-05,Humboldt,023,135768,4,1,0,1,0
2020-03-05,Imperial,025,180216,2,0,0,0,0
2020-03-05,Inyo,027,18085,0,0,0,0,0
2020-03-05,Kern,029,883053,6,0,0,0,0
2020-03-05,Kings,031,150075,3,0,1,1,0
2020-03-05,Lake,033,64148,0,0,0,0,0
2020-03-05,Lassen,035,31185,0,0,0,0,0
2020-03-05,Los Angeles,037,10098052,227,11,6,17,0
2020-03-05,Madera,039,155013,5,0,0,0,0
2020-03-05,Marin,041,260295,10,0,0,0,0
2020-03-05,Mariposa,043,17540,0,0,0,0,0
2020-03-05,Mendocino,045,87422,0,0,0,0,0
2020-03-05,Merced,047,269075,2,0,0,0,0
2020-03-05,Modoc,049,8938,0,0,0,0,0
2020-03-05,Mono,051,14174,1,0,0,0,0
2020-03-05,Monterey,053,433212,3,0,0,0,0
2020-03-05,Napa,055,140530,1,0,0,0,0
2020-03-05,Nevada,057,99092,0,0,1,1,0
2020-03-05,Orange,059,3164182,80,3,0,3,0
2020-03-05,Placer,061,380077,10,2,0,2,1
2020-03-05,Plumas,063,18699,0,0,0,0,0
2020-03-05,Riverside,065,2383286,27,0,1,1,0
2020-03-05,Sacramento,067,1510023,37,2,0,2,0
2020-03-05,San Benito,069,59416,1,2,0,2,0
2020-03-05,San Bernardino,071,2135413,34,0,0,0,0
2020-03-05,San Diego,073,3302833,54,2,0,2,0
2020-03-05,San Francisco,075,870044,31,2,0,2,0
2020-03-05,San Joaquin,077,732212,10,0,3,3,0
2020-03-05,San Luis Obispo,079,281455,4,0,0,0,0
2020-03-05,San Mateo,081,765935,65,1,0,1,0
2020-03-05,Santa Barbara,083,443738,2,0,0,0,0
2020-03-05,Santa Clara,085,1922200,164,14,1,15,0
2020-03-05,Santa Cruz,087,273765,13,0,0,0,0
2020-03-05,Shasta,089,179085,2,0,0,0,0
2020-03-05,Sierra,091,2930,0,0,0,0,0
2020-03-05,Siskiyou,093,43540,0,0,0,0,0
2020-03-05,Solano,095,438530,22,24,0,24,0
2020-03-05,Sonoma,097,501317,12,2,0,2,0
2020-03-05,Stanislaus,099,539301,4,0,2,2,0
2020-03-05,Sutter,101,95872,0,0,0,0,0
2020-03-05,Tehama,103,63373,0,0,0,0,0
2020-03-05,Trinity,105,12862,0,0,0,0,0
2020-03-05,Tulare,107,460477,6,0,0,0,0
2020-03-05,Tuolumne,109,53932,1,0,0,0,0
2020-03-05,Ventura,111,848112,13,0,0,0,0
2020-03-05,Yolo,113,214977,2,0,0,0,0
2020-03-05,Yuba,115,75493,0,0,0,0,0
2020-03-04,Alameda,001,1643700,30,2,0,2,0
2020-03-04,Alpine,003,1148,0,0,0,0,0
2020-03-04,Amador,005,37829,0,0,0,0,0
2020-03-04,Butte,007,227075,0,0,0,0,0
2020-03-04,Calaveras,009,45235,0,0,0,0,0
2020-03-04,Colusa,011,21464,0,0,0,0,0
2020-03-04,Contra Costa,013,1133247,34,1,0,1,0
2020-03-04,Del Norte,015,27424,0,0,0,0,0
2020-03-04,El Dorado,017,186661,1,0,0,0,0
2020-03-04,Fresno,019,978130,3,0,1,1,0
2020-03-04,Glenn,021,27897,0,0,0,0,0
2020-03-04,Humboldt,023,135768,1,1,0,1,0
2020-03-04,Imperial,025,180216,2,0,0,0,0
2020-03-04,Inyo,027,18085,0,0,0,0,0
2020-03-04,Kern,029,883053,6,0,0,0,0
2020-03-04,Kings,031,150075,3,0,1,1,0
2020-03-04,Lake,033,64148,0,0,0,0,0
2020-03-04,Lassen,035,31185,0,0,0,0,0
2020-03-04,Los Angeles,037,10098052,191,7,6,13,0
2020-03-04,Madera,039,155013,5,0,0,0,0
2020-03-04,Marin,041,260295,10,0,0,0,0
2020-03-04,Mariposa,043,17540,0,0,0,0,0
2020-03-04,Mendocino,045,87422,0,0,0,0,0
2020-03-04,Merced,047,269075,2,0,0,0,0
2020-03-04,Modoc,049,8938,0,0,0,0,0
2020-03-04,Mono,051,14174,1,0,0,0,0
2020-03-04,Monterey,053,433212,3,0,0,0,0
2020-03-04,Napa,055,140530,1,0,0,0,0
2020-03-04,Nevada,057,99092,0,0,1,1,0
2020-03-04,Orange,059,3164182,77,3,0,3,0
2020-03-04,Placer,061,380077,9,2,0,2,1
2020-03-04,Plumas,063,18699,0,0,0,0,0
2020-03-04,Riverside,065,2383286,23,0,1,1,0
2020-03-04,Sacramento,067,1510023,32,1,0,1,0
2020-03-04,San Benito,069,59416,1,2,0,2,0
2020-03-04,San Bernardino,071,2135413,31,0,0,0,0
2020-03-04,San Diego,073,3302833,41,2,0,2,0
2020-03-04,San Francisco,075,870044,26,0,0,0,0
2020-03-04,San Joaquin,077,732212,9,0,3,3,0
2020-03-04,San Luis Obispo,079,281455,4,0,0,0,0
2020-03-04,San Mateo,081,765935,60,1,0,1,0
2020-03-04,Santa Barbara,083,443738,2,0,0,0,0
2020-03-04,Santa Clara,085,1922200,147,12,1,13,0
2020-03-04,Santa Cruz,087,273765,13,0,0,0,0
2020-03-04,Shasta,089,179085,2,0,0,0,0
2020-03-04,Sierra,091,2930,0,0,0,0,0
2020-03-04,Siskiyou,093,43540,0,0,0,0,0
2020-03-04,Solano,095,438530,21,24,0,24,0
2020-03-04,Sonoma,097,501317,11,2,0,2,0
2020-03-04,Stanislaus,099,539301,4,0,2,2,0
2020-03-04,Sutter,101,95872,0,0,0,0,0
2020-03-04,Tehama,103,63373,0,0,0,0,0
2020-03-04,Trinity,105,12862,0,0,0,0,0
2020-03-04,Tulare,107,460477,6,0,0,0,0
2020-03-04,Tuolumne,109,53932,0,0,0,0,0
2020-03-04,Ventura,111,848112,12,0,0,0,0
2020-03-04,Yolo,113,214977,2,0,0,0,0
2020-03-04,Yuba,115,75493,0,0,0,0,0
2020-03-03,Alameda,001,1643700,24,2,0,2,0
2020-03-03,Alpine,003,1148,0,0,0,0,0
2020-03-03,Amador,005,37829,0,0,0,0,0
2020-03-03,Butte,007,227075,0,0,0,0,0
2020-03-03,Calaveras,009,45235,0,0,0,0,0
2020-03-03,Colusa,011,21464,0,0,0,0,0
2020-03-03,Contra Costa,013,1133247,30,0,0,0,0
2020-03-03,Del Norte,015,27424,0,0,0,0,0
2020-03-03,El Dorado,017,186661,1,0,0,0,0
2020-03-03,Fresno,019,978130,2,0,1,1,0
2020-03-03,Glenn,021,27897,0,0,0,0,0
2020-03-03,Humboldt,023,135768,1,1,0,1,0
2020-03-03,Imperial,025,180216,2,0,0,0,0
2020-03-03,Inyo,027,18085,0,0,0,0,0
2020-03-03,Kern,029,883053,4,0,0,0,0
2020-03-03,Kings,031,150075,3,0,1,1,0
2020-03-03,Lake,033,64148,0,0,0,0,0
2020-03-03,Lassen,035,31185,0,0,0,0,0
2020-03-03,Los Angeles,037,10098052,172,5,6,11,0
2020-03-03,Madera,039,155013,4,0,0,0,0
2020-03-03,Marin,041,260295,6,0,0,0,0
2020-03-03,Mariposa,043,17540,0,0,0,0,0
2020-03-03,Mendocino,045,87422,0,0,0,0,0
2020-03-03,Merced,047,269075,2,0,0,0,0
2020-03-03,Modoc,049,8938,0,0,0,0,0
2020-03-03,Mono,051,14174,1,0,0,0,0
2020-03-03,Monterey,053,433212,2,0,0,0,0
2020-03-03,Napa,055,140530,1,0,0,0,0
2020-03-03,Nevada,057,99092,0,0,1,1,0
2020-03-03,Orange,059,3164182,69,1,0,1,0
2020-03-03,Placer,061,380077,8,2,0,2,0
2020-03-03,Plumas,063,18699,0,0,0,0,0
2020-03-03,Riverside,065,2383286,20,0,1,1,0
2020-03-03,Sacramento,067,1510023,31,1,0,1,0
2020-03-03,San Benito,069,59416,1,2,0,2,0
2020-03-03,San Bernardino,071,2135413,28,0,0,0,0
2020-03-03,San Diego,073,3302833,34,2,0,2,0
2020-03-03,San Francisco,075,870044,24,0,0,0,0
2020-03-03,San Joaquin,077,732212,8,0,3,3,0
2020-03-03,San Luis Obispo,079,281455,2,0,0,0,0
2020-03-03,San Mateo,081,765935,53,1,0,1,0
2020-03-03,Santa Barbara,083,443738,1,0,0,0,0
2020-03-03,Santa Clara,085,1922200,132,11,1,12,0
2020-03-03,Santa Cruz,087,273765,10,0,0,0,0
2020-03-03,Shasta,089,179085,2,0,0,0,0
2020-03-03,Sierra,091,2930,0,0,0,0,0
2020-03-03,Siskiyou,093,43540,0,0,0,0,0
2020-03-03,Solano,095,438530,20,24,0,24,0
2020-03-03,Sonoma,097,501317,11,1,0,1,0
2020-03-03,Stanislaus,099,539301,4,0,2,2,0
2020-03-03,Sutter,101,95872,0,0,0,0,0
2020-03-03,Tehama,103,63373,0,0,0,0,0
2020-03-03,Trinity,105,12862,0,0,0,0,0
2020-03-03,Tulare,107,460477,6,0,0,0,0
2020-03-03,Tuolumne,109,53932,0,0,0,0,0
2020-03-03,Ventura,111,848112,11,0,0,0,0
2020-03-03,Yolo,113,214977,1,0,0,0,0
2020-03-03,Yuba,115,75493,0,0,0,0,0
2020-03-02,Alameda,001,1643700,21,1,0,1,0
2020-03-02,Alpine,003,1148,0,0,0,0,0
2020-03-02,Amador,005,37829,0,0,0,0,0
2020-03-02,Butte,007,227075,0,0,0,0,0
2020-03-02,Calaveras,009,45235,0,0,0,0,0
2020-03-02,Colusa,011,21464,0,0,0,0,0
2020-03-02,Contra Costa,013,1133247,27,0,0,0,0
2020-03-02,Del Norte,015,27424,0,0,0,0,0
2020-03-02,El Dorado,017,186661,1,0,0,0,0
2020-03-02,Fresno,019,978130,2,0,1,1,0
2020-03-02,Glenn,021,27897,0,0,0,0,0
2020-03-02,Humboldt,023,135768,1,1,0,1,0
2020-03-02,Imperial,025,180216,2,0,0,0,0
2020-03-02,Inyo,027,18085,0,0,0,0,0
2020-03-02,Kern,029,883053,4,0,0,0,0
2020-03-02,Kings,031,150075,3,0,1,1,0
2020-03-02,Lake,033,64148,0,0,0,0,0
2020-03-02,Lassen,035,31185,0,0,0,0,0
2020-03-02,Los Angeles,037,10098052,157,1,6,7,0
2020-03-02,Madera,039,155013,4,0,0,0,0
2020-03-02,Marin,041,260295,6,0,0,0,0
2020-03-02,Mariposa,043,17540,0,0,0,0,0
2020-03-02,Mendocino,045,87422,0,0,0,0,0
2020-03-02,Merced,047,269075,1,0,0,0,0
2020-03-02,Modoc,049,8938,0,0,0,0,0
2020-03-02,Mono,051,14174,1,0,0,0,0
2020-03-02,Monterey,053,433212,2,0,0,0,0
2020-03-02,Napa,055,140530,1,0,0,0,0
2020-03-02,Nevada,057,99092,0,0,1,1,0
2020-03-02,Orange,059,3164182,64,1,0,1,0
2020-03-02,Placer,061,380077,8,1,0,1,0
2020-03-02,Plumas,063,18699,0,0,0,0,0
2020-03-02,Riverside,065,2383286,19,0,1,1,0
2020-03-02,Sacramento,067,1510023,25,1,0,1,0
2020-03-02,San Benito,069,59416,1,2,0,2,0
2020-03-02,San Bernardino,071,2135413,28,0,0,0,0
2020-03-02,San Diego,073,3302833,28,2,0,2,0
2020-03-02,San Francisco,075,870044,17,0,0,0,0
2020-03-02,San Joaquin,077,732212,7,0,3,3,0
2020-03-02,San Luis Obispo,079,281455,2,0,0,0,0
2020-03-02,San Mateo,081,765935,44,1,0,1,0
2020-03-02,Santa Barbara,083,443738,1,0,0,0,0
2020-03-02,Santa Clara,085,1922200,110,7,1,8,0
2020-03-02,Santa Cruz,087,273765,9,0,0,0,0
2020-03-02,Shasta,089,179085,2,0,0,0,0
2020-03-02,Sierra,091,2930,0,0,0,0,0
2020-03-02,Siskiyou,093,43540,0,0,0,0,0
2020-03-02,Solano,095,438530,19,24,0,24,0
2020-03-02,Sonoma,097,501317,10,1,0,1,0
2020-03-02,Stanislaus,099,539301,2,0,2,2,0
2020-03-02,Sutter,101,95872,0,0,0,0,0
2020-03-02,Tehama,103,63373,0,0,0,0,0
2020-03-02,Trinity,105,12862,0,0,0,0,0
2020-03-02,Tulare,107,460477,6,0,0,0,0
2020-03-02,Tuolumne,109,53932,0,0,0,0,0
2020-03-02,Ventura,111,848112,10,0,0,0,0
2020-03-02,Yolo,113,214977,1,0,0,0,0
2020-03-02,Yuba,115,75493,0,0,0,0,0
2020-03-01,Alameda,001,1643700,20,1,0,1,0
2020-03-01,Alpine,003,1148,0,0,0,0,0
2020-03-01,Amador,005,37829,0,0,0,0,0
2020-03-01,Butte,007,227075,0,0,0,0,0
2020-03-01,Calaveras,009,45235,0,0,0,0,0
2020-03-01,Colusa,011,21464,0,0,0,0,0
2020-03-01,Contra Costa,013,1133247,24,0,0,0,0
2020-03-01,Del Norte,015,27424,0,0,0,0,0
2020-03-01,El Dorado,017,186661,1,0,0,0,0
2020-03-01,Fresno,019,978130,1,0,1,1,0
2020-03-01,Glenn,021,27897,0,0,0,0,0
2020-03-01,Humboldt,023,135768,1,1,0,1,0
2020-03-01,Imperial,025,180216,2,0,0,0,0
2020-03-01,Inyo,027,18085,0,0,0,0,0
2020-03-01,Kern,029,883053,2,0,0,0,0
2020-03-01,Kings,031,150075,3,0,1,1,0
2020-03-01,Lake,033,64148,0,0,0,0,0
2020-03-01,Lassen,035,31185,0,0,0,0,0
2020-03-01,Los Angeles,037,10098052,138,1,6,7,0
2020-03-01,Madera,039,155013,2,0,0,0,0
2020-03-01,Marin,041,260295,5,0,0,0,0
2020-03-01,Mariposa,043,17540,0,0,0,0,0
2020-03-01,Mendocino,045,87422,0,0,0,0,0
2020-03-01,Merced,047,269075,1,0,0,0,0
2020-03-01,Modoc,049,8938,0,0,0,0,0
2020-03-01,Mono,051,14174,1,0,0,0,0
2020-03-01,Monterey,053,433212,1,0,0,0,0
2020-03-01,Napa,055,140530,1,0,0,0,0
2020-03-01,Nevada,057,99092,0,0,1,1,0
2020-03-01,Orange,059,3164182,61,1,0,1,0
2020-03-01,Placer,061,380077,8,0,0,0,0
2020-03-01,Plumas,063,18699,0,0,0,0,0
2020-03-01,Riverside,065,2383286,18,0,1,1,0
2020-03-01,Sacramento,067,1510023,21,1,0,1,0
2020-03-01,San Benito,069,59416,0,2,0,2,0
2020-03-01,San Bernardino,071,2135413,27,0,0,0,0
2020-03-01,San Diego,073,3302833,21,2,0,2,0
2020-03-01,San Francisco,075,870044,13,0,0,0,0
2020-03-01,San Joaquin,077,732212,7,0,3,3,0
2020-03-01,San Luis Obispo,079,281455,2,0,0,0,0
2020-03-01,San Mateo,081,765935,36,0,0,0,0
2020-03-01,Santa Barbara,083,443738,1,0,0,0,0
2020-03-01,Santa Clara,085,1922200,97,6,1,7,0
2020-03-01,Santa Cruz,087,273765,8,0,0,0,0
2020-03-01,Shasta,089,179085,2,0,0,0,0
2020-03-01,Sierra,091,2930,0,0,0,0,0
2020-03-01,Siskiyou,093,43540,0,0,0,0,0
2020-03-01,Solano,095,438530,19,24,0,24,0
2020-03-01,Sonoma,097,501317,9,0,0,0,0
2020-03-01,Stanislaus,099,539301,2,0,2,2,0
2020-03-01,Sutter,101,95872,0,0,0,0,0
2020-03-01,Tehama,103,63373,0,0,0,0,0
2020-03-01,Trinity,105,12862,0,0,0,0,0
2020-03-01,Tulare,107,460477,6,0,0,0,0
2020-03-01,Tuolumne,109,53932,0,0,0,0,0
2020-03-01,Ventura,111,848112,8,0,0,0,0
2020-03-01,Yolo,113,214977,1,0,0,0,0
2020-03-01,Yuba,115,75493,0,0,0,0,0
2020-02-29,Alameda,001,1643700,16,0,0,0,0
2020-02-29,Alpine,003,1148,0,0,0,0,0
2020-02-29,Amador,005,37829,0,0,0,0,0
2020-02-29,Butte,007,227075,0,0,0,0,0
2020-02-29,Calaveras,009,45235,0,0,0,0,0
2020-02-29,Colusa,011,21464,0,0,0,0,0
2020-02-29,Contra Costa,013,1133247,20,0,0,0,0
2020-02-29,Del Norte,015,27424,0,0,0,0,0
2020-02-29,El Dorado,017,186661,1,0,0,0,0
2020-02-29,Fresno,019,978130,1,0,0,0,0
2020-02-29,Glenn,021,27897,0,0,0,0,0
2020-02-29,Humboldt,023,135768,1,1,0,1,0
2020-02-29,Imperial,025,180216,1,0,0,0,0
2020-02-29,Inyo,027,18085,0,0,0,0,0
2020-02-29,Kern,029,883053,2,0,0,0,0
2020-02-29,Kings,031,150075,3,0,1,1,0
2020-02-29,Lake,033,64148,0,0,0,0,0
2020-02-29,Lassen,035,31185,0,0,0,0,0
2020-02-29,Los Angeles,037,10098052,110,1,6,7,0
2020-02-29,Madera,039,155013,2,0,0,0,0
2020-02-29,Marin,041,260295,4,0,0,0,0
2020-02-29,Mariposa,043,17540,0,0,0,0,0
2020-02-29,Mendocino,045,87422,0,0,0,0,0
2020-02-29,Merced,047,269075,1,0,0,0,0
2020-02-29,Modoc,049,8938,0,0,0,0,0
2020-02-29,Mono,051,14174,1,0,0,0,0
2020-02-29,Monterey,053,433212,1,0,0,0,0
2020-02-29,Napa,055,140530,1,0,0,0,0
2020-02-29,Nevada,057,99092,0,0,1,1,0
2020-02-29,Orange,059,3164182,56,1,0,1,0
2020-02-29,Placer,061,380077,7,0,0,0,0
2020-02-29,Plumas,063,18699,0,0,0,0,0
2020-02-29,Riverside,065,2383286,15,0,1,1,0
2020-02-29,Sacramento,067,1510023,16,1,0,1,0
2020-02-29,San Benito,069,59416,0,2,0,2,0
2020-02-29,San Bernardino,071,2135413,25,0,0,0,0
2020-02-29,San Diego,073,3302833,16,2,0,2,0
2020-02-29,San Francisco,075,870044,12,0,0,0,0
2020-02-29,San Joaquin,077,732212,6,0,3,3,0
2020-02-29,San Luis Obispo,079,281455,2,0,0,0,0
2020-02-29,San Mateo,081,765935,29,0,0,0,0
2020-02-29,Santa Barbara,083,443738,0,0,0,0,0
2020-02-29,Santa Clara,085,1922200,75,3,1,4,0
2020-02-29,Santa Cruz,087,273765,8,0,0,0,0
2020-02-29,Shasta,089,179085,2,0,0,0,0
2020-02-29,Sierra,091,2930,0,0,0,0,0
2020-02-29,Siskiyou,093,43540,0,0,0,0,0
2020-02-29,Solano,095,438530,18,23,0,23,0
2020-02-29,Sonoma,097,501317,6,0,0,0,0
2020-02-29,Stanislaus,099,539301,2,0,2,2,0
2020-02-29,Sutter,101,95872,0,0,0,0,0
2020-02-29,Tehama,103,63373,0,0,0,0,0
2020-02-29,Trinity,105,12862,0,0,0,0,0
2020-02-29,Tulare,107,460477,4,0,0,0,0
2020-02-29,Tuolumne,109,53932,0,0,0,0,0
2020-02-29,Ventura,111,848112,6,0,0,0,0
2020-02-29,Yolo,113,214977,1,0,0,0,0
2020-02-29,Yuba,115,75493,0,0,0,0,0
2020-02-28,Alameda,001,1643700,14,0,0,0,0
2020-02-28,Alpine,003,1148,0,0,0,0,0
2020-02-28,Amador,005,37829,0,0,0,0,0
2020-02-28,Butte,007,227075,0,0,0,0,0
2020-02-28,Calaveras,009,45235,0,0,0,0,0
2020-02-28,Colusa,011,21464,0,0,0,0,0
2020-02-28,Contra Costa,013,1133247,20,0,0,0,0
2020-02-28,Del Norte,015,27424,0,0,0,0,0
2020-02-28,El Dorado,017,186661,0,0,0,0,0
2020-02-28,Fresno,019,978130,1,0,0,0,0
2020-02-28,Glenn,021,27897,0,0,0,0,0
2020-02-28,Humboldt,023,135768,1,1,0,1,0
2020-02-28,Imperial,025,180216,1,0,0,0,0
2020-02-28,Inyo,027,18085,0,0,0,0,0
2020-02-28,Kern,029,883053,2,0,0,0,0
2020-02-28,Kings,031,150075,3,0,1,1,0
2020-02-28,Lake,033,64148,0,0,0,0,0
2020-02-28,Lassen,035,31185,0,0,0,0,0
2020-02-28,Los Angeles,037,10098052,102,1,6,7,0
2020-02-28,Madera,039,155013,2,0,0,0,0
2020-02-28,Marin,041,260295,2,0,0,0,0
2020-02-28,Mariposa,043,17540,0,0,0,0,0
2020-02-28,Mendocino,045,87422,0,0,0,0,0
2020-02-28,Merced,047,269075,1,0,0,0,0
2020-02-28,Modoc,049,8938,0,0,0,0,0
2020-02-28,Mono,051,14174,0,0,0,0,0
2020-02-28,Monterey,053,433212,1,0,0,0,0
2020-02-28,Napa,055,140530,1,0,0,0,0
2020-02-28,Nevada,057,99092,0,0,1,1,0
2020-02-28,Orange,059,3164182,54,1,0,1,0
2020-02-28,Placer,061,380077,7,0,0,0,0
2020-02-28,Plumas,063,18699,0,0,0,0,0
2020-02-28,Riverside,065,2383286,13,0,1,1,0
2020-02-28,Sacramento,067,1510023,10,1,0,1,0
2020-02-28,San Benito,069,59416,0,2,0,2,0
2020-02-28,San Bernardino,071,2135413,25,0,0,0,0
2020-02-28,San Diego,073,3302833,13,2,0,2,0
2020-02-28,San Francisco,075,870044,10,0,0,0,0
2020-02-28,San Joaquin,077,732212,6,0,3,3,0
2020-02-28,San Luis Obispo,079,281455,2,0,0,0,0
2020-02-28,San Mateo,081,765935,24,0,0,0,0
2020-02-28,Santa Barbara,083,443738,0,0,0,0,0
2020-02-28,Santa Clara,085,1922200,70,3,1,4,0
2020-02-28,Santa Cruz,087,273765,8,0,0,0,0
2020-02-28,Shasta,089,179085,2,0,0,0,0
2020-02-28,Sierra,091,2930,0,0,0,0,0
2020-02-28,Siskiyou,093,43540,0,0,0,0,0
2020-02-28,Solano,095,438530,17,23,0,23,0
2020-02-28,Sonoma,097,501317,6,0,0,0,0
2020-02-28,Stanislaus,099,539301,2,0,2,2,0
2020-02-28,Sutter,101,95872,0,0,0,0,0
2020-02-28,Tehama,103,63373,0,0,0,0,0
2020-02-28,Trinity,105,12862,0,0,0,0,0
2020-02-28,Tulare,107,460477,3,0,0,0,0
2020-02-28,Tuolumne,109,53932,0,0,0,0,0
2020-02-28,Ventura,111,848112,6,0,0,0,0
2020-02-28,Yolo,113,214977,1,0,0,0,0
2020-02-28,Yuba,115,75493,0,0,0,0,0
2020-02-27,Alameda,001,1643700,13,0,0,0,0
2020-02-27,Alpine,003,1148,0,0,0,0,0
2020-02-27,Amador,005,37829,0,0,0,0,0
2020-02-27,Butte,007,227075,0,0,0,0,0
2020-02-27,Calaveras,009,45235,0,0,0,0,0
2020-02-27,Colusa,011,21464,0,0,0,0,0
2020-02-27,Contra Costa,013,1133247,14,0,0,0,0
2020-02-27,Del Norte,015,27424,0,0,0,0,0
2020-02-27,El Dorado,017,186661,0,0,0,0,0
2020-02-27,Fresno,019,978130,1,0,0,0,0
2020-02-27,Glenn,021,27897,0,0,0,0,0
2020-02-27,Humboldt,023,135768,1,1,0,1,0
2020-02-27,Imperial,025,180216,1,0,0,0,0
2020-02-27,Inyo,027,18085,0,0,0,0,0
2020-02-27,Kern,029,883053,2,0,0,0,0
2020-02-27,Kings,031,150075,3,0,1,1,0
2020-02-27,Lake,033,64148,0,0,0,0,0
2020-02-27,Lassen,035,31185,0,0,0,0,0
2020-02-27,Los Angeles,037,10098052,94,1,6,7,0
2020-02-27,Madera,039,155013,2,0,0,0,0
2020-02-27,Marin,041,260295,1,0,0,0,0
2020-02-27,Mariposa,043,17540,0,0,0,0,0
2020-02-27,Mendocino,045,87422,0,0,0,0,0
2020-02-27,Merced,047,269075,1,0,0,0,0
2020-02-27,Modoc,049,8938,0,0,0,0,0
2020-02-27,Mono,051,14174,0,0,0,0,0
2020-02-27,Monterey,053,433212,1,0,0,0,0
2020-02-27,Napa,055,140530,1,0,0,0,0
2020-02-27,Nevada,057,99092,0,0,1,1,0
2020-02-27,Orange,059,3164182,48,1,0,1,0
2020-02-27,Placer,061,380077,6,0,0,0,0
2020-02-27,Plumas,063,18699,0,0,0,0,0
2020-02-27,Riverside,065,2383286,12,0,1,1,0
2020-02-27,Sacramento,067,1510023,10,1,0,1,0
2020-02-27,San Benito,069,59416,0,2,0,2,0
2020-02-27,San Bernardino,071,2135413,25,0,0,0,0
2020-02-27,San Diego,073,3302833,12,2,0,2,0
2020-02-27,San Francisco,075,870044,9,0,0,0,0
2020-02-27,San Joaquin,077,732212,5,0,3,3,0
2020-02-27,San Luis Obispo,079,281455,2,0,0,0,0
2020-02-27,San Mateo,081,765935,20,0,0,0,0
2020-02-27,Santa Barbara,083,443738,0,0,0,0,0
2020-02-27,Santa Clara,085,1922200,59,2,1,3,0
2020-02-27,Santa Cruz,087,273765,6,0,0,0,0
2020-02-27,Shasta,089,179085,0,0,0,0,0
2020-02-27,Sierra,091,2930,0,0,0,0,0
2020-02-27,Siskiyou,093,43540,0,0,0,0,0
2020-02-27,Solano,095,438530,17,23,0,23,0
2020-02-27,Sonoma,097,501317,5,0,0,0,0
2020-02-27,Stanislaus,099,539301,2,0,2,2,0
2020-02-27,Sutter,101,95872,0,0,0,0,0
2020-02-27,Tehama,103,63373,0,0,0,0,0
2020-02-27,Trinity,105,12862,0,0,0,0,0
2020-02-27,Tulare,107,460477,3,0,0,0,0
2020-02-27,Tuolumne,109,53932,0,0,0,0,0
2020-02-27,Ventura,111,848112,4,0,0,0,0
2020-02-27,Yolo,113,214977,1,0,0,0,0
2020-02-27,Yuba,115,75493,0,0,0,0,0
2020-02-26,Alameda,001,1643700,13,0,0,0,0
2020-02-26,Alpine,003,1148,0,0,0,0,0
2020-02-26,Amador,005,37829,0,0,0,0,0
2020-02-26,Butte,007,227075,0,0,0,0,0
2020-02-26,Calaveras,009,45235,0,0,0,0,0
2020-02-26,Colusa,011,21464,0,0,0,0,0
2020-02-26,Contra Costa,013,1133247,13,0,0,0,0
2020-02-26,Del Norte,015,27424,0,0,0,0,0
2020-02-26,El Dorado,017,186661,0,0,0,0,0
2020-02-26,Fresno,019,978130,1,0,0,0,0
2020-02-26,Glenn,021,27897,0,0,0,0,0
2020-02-26,Humboldt,023,135768,1,1,0,1,0
2020-02-26,Imperial,025,180216,1,0,0,0,0
2020-02-26,Inyo,027,18085,0,0,0,0,0
2020-02-26,Kern,029,883053,2,0,0,0,0
2020-02-26,Kings,031,150075,3,0,1,1,0
2020-02-26,Lake,033,64148,0,0,0,0,0
2020-02-26,Lassen,035,31185,0,0,0,0,0
2020-02-26,Los Angeles,037,10098052,88,1,6,7,0
2020-02-26,Madera,039,155013,2,0,0,0,0
2020-02-26,Marin,041,260295,1,0,0,0,0
2020-02-26,Mariposa,043,17540,0,0,0,0,0
2020-02-26,Mendocino,045,87422,0,0,0,0,0
2020-02-26,Merced,047,269075,1,0,0,0,0
2020-02-26,Modoc,049,8938,0,0,0,0,0
2020-02-26,Mono,051,14174,0,0,0,0,0
2020-02-26,Monterey,053,433212,1,0,0,0,0
2020-02-26,Napa,055,140530,0,0,0,0,0
2020-02-26,Nevada,057,99092,0,0,1,1,0
2020-02-26,Orange,059,3164182,47,1,0,1,0
2020-02-26,Placer,061,380077,5,0,0,0,0
2020-02-26,Plumas,063,18699,0,0,0,0,0
2020-02-26,Riverside,065,2383286,10,0,1,1,0
2020-02-26,Sacramento,067,1510023,10,1,0,1,0
2020-02-26,San Benito,069,59416,0,2,0,2,0
2020-02-26,San Bernardino,071,2135413,23,0,0,0,0
2020-02-26,San Diego,073,3302833,11,2,0,2,0
2020-02-26,San Francisco,075,870044,9,0,0,0,0
2020-02-26,San Joaquin,077,732212,5,0,3,3,0
2020-02-26,San Luis Obispo,079,281455,2,0,0,0,0
2020-02-26,San Mateo,081,765935,18,0,0,0,0
2020-02-26,Santa Barbara,083,443738,0,0,0,0,0
2020-02-26,Santa Clara,085,1922200,50,2,1,3,0
2020-02-26,Santa Cruz,087,273765,6,0,0,0,0
2020-02-26,Shasta,089,179085,0,0,0,0,0
2020-02-26,Sierra,091,2930,0,0,0,0,0
2020-02-26,Siskiyou,093,43540,0,0,0,0,0
2020-02-26,Solano,095,438530,17,23,0,23,0
2020-02-26,Sonoma,097,501317,5,0,0,0,0
2020-02-26,Stanislaus,099,539301,2,0,2,2,0
2020-02-26,Sutter,101,95872,0,0,0,0,0
2020-02-26,Tehama,103,63373,0,0,0,0,0
2020-02-26,Trinity,105,12862,0,0,0,0,0
2020-02-26,Tulare,107,460477,3,0,0,0,0
2020-02-26,Tuolumne,109,53932,0,0,0,0,0
2020-02-26,Ventura,111,848112,4,0,0,0,0
2020-02-26,Yolo,113,214977,1,0,0,0,0
2020-02-26,Yuba,115,75493,0,0,0,0,0
2020-02-25,Alameda,001,1643700,13,0,0,0,0
2020-02-25,Alpine,003,1148,0,0,0,0,0
2020-02-25,Amador,005,37829,0,0,0,0,0
2020-02-25,Butte,007,227075,0,0,0,0,0
2020-02-25,Calaveras,009,45235,0,0,0,0,0
2020-02-25,Colusa,011,21464,0,0,0,0,0
2020-02-25,Contra Costa,013,1133247,11,0,0,0,0
2020-02-25,Del Norte,015,27424,0,0,0,0,0
2020-02-25,El Dorado,017,186661,0,0,0,0,0
2020-02-25,Fresno,019,978130,1,0,0,0,0
2020-02-25,Glenn,021,27897,0,0,0,0,0
2020-02-25,Humboldt,023,135768,1,1,0,1,0
2020-02-25,Imperial,025,180216,1,0,0,0,0
2020-02-25,Inyo,027,18085,0,0,0,0,0
2020-02-25,Kern,029,883053,2,0,0,0,0
2020-02-25,Kings,031,150075,3,0,1,1,0
2020-02-25,Lake,033,64148,0,0,0,0,0
2020-02-25,Lassen,035,31185,0,0,0,0,0
2020-02-25,Los Angeles,037,10098052,76,1,6,7,0
2020-02-25,Madera,039,155013,2,0,0,0,0
2020-02-25,Marin,041,260295,1,0,0,0,0
2020-02-25,Mariposa,043,17540,0,0,0,0,0
2020-02-25,Mendocino,045,87422,0,0,0,0,0
2020-02-25,Merced,047,269075,0,0,0,0,0
2020-02-25,Modoc,049,8938,0,0,0,0,0
2020-02-25,Mono,051,14174,0,0,0,0,0
2020-02-25,Monterey,053,433212,1,0,0,0,0
2020-02-25,Napa,055,140530,0,0,0,0,0
2020-02-25,Nevada,057,99092,0,0,1,1,0
2020-02-25,Orange,059,3164182,46,1,0,1,0
2020-02-25,Placer,061,380077,5,0,0,0,0
2020-02-25,Plumas,063,18699,0,0,0,0,0
2020-02-25,Riverside,065,2383286,10,0,1,1,0
2020-02-25,Sacramento,067,1510023,8,1,0,1,0
2020-02-25,San Benito,069,59416,0,2,0,2,0
2020-02-25,San Bernardino,071,2135413,21,0,0,0,0
2020-02-25,San Diego,073,3302833,7,2,0,2,0
2020-02-25,San Francisco,075,870044,7,0,0,0,0
2020-02-25,San Joaquin,077,732212,5,0,2,2,0
2020-02-25,San Luis Obispo,079,281455,2,0,0,0,0
2020-02-25,San Mateo,081,765935,17,0,0,0,0
2020-02-25,Santa Barbara,083,443738,0,0,0,0,0
2020-02-25,Santa Clara,085,1922200,40,2,1,3,0
2020-02-25,Santa Cruz,087,273765,5,0,0,0,0
2020-02-25,Shasta,089,179085,0,0,0,0,0
2020-02-25,Sierra,091,2930,0,0,0,0,0
2020-02-25,Siskiyou,093,43540,0,0,0,0,0
2020-02-25,Solano,095,438530,16,21,0,21,0
2020-02-25,Sonoma,097,501317,5,0,0,0,0
2020-02-25,Stanislaus,099,539301,2,0,2,2,0
2020-02-25,Sutter,101,95872,0,0,0,0,0
2020-02-25,Tehama,103,63373,0,0,0,0,0
2020-02-25,Trinity,105,12862,0,0,0,0,0
2020-02-25,Tulare,107,460477,3,0,0,0,0
2020-02-25,Tuolumne,109,53932,0,0,0,0,0
2020-02-25,Ventura,111,848112,4,0,0,0,0
2020-02-25,Yolo,113,214977,1,0,0,0,0
2020-02-25,Yuba,115,75493,0,0,0,0,0
2020-02-24,Alameda,001,1643700,13,0,0,0,0
2020-02-24,Alpine,003,1148,0,0,0,0,0
2020-02-24,Amador,005,37829,0,0,0,0,0
2020-02-24,Butte,007,227075,0,0,0,0,0
2020-02-24,Calaveras,009,45235,0,0,0,0,0
2020-02-24,Colusa,011,21464,0,0,0,0,0
2020-02-24,Contra Costa,013,1133247,9,0,0,0,0
2020-02-24,Del Norte,015,27424,0,0,0,0,0
2020-02-24,El Dorado,017,186661,0,0,0,0,0
2020-02-24,Fresno,019,978130,1,0,0,0,0
2020-02-24,Glenn,021,27897,0,0,0,0,0
2020-02-24,Humboldt,023,135768,1,1,0,1,0
2020-02-24,Imperial,025,180216,1,0,0,0,0
2020-02-24,Inyo,027,18085,0,0,0,0,0
2020-02-24,Kern,029,883053,2,0,0,0,0
2020-02-24,Kings,031,150075,3,0,1,1,0
2020-02-24,Lake,033,64148,0,0,0,0,0
2020-02-24,Lassen,035,31185,0,0,0,0,0
2020-02-24,Los Angeles,037,10098052,71,1,6,7,0
2020-02-24,Madera,039,155013,1,0,0,0,0
2020-02-24,Marin,041,260295,1,0,0,0,0
2020-02-24,Mariposa,043,17540,0,0,0,0,0
2020-02-24,Mendocino,045,87422,0,0,0,0,0
2020-02-24,Merced,047,269075,0,0,0,0,0
2020-02-24,Modoc,049,8938,0,0,0,0,0
2020-02-24,Mono,051,14174,0,0,0,0,0
2020-02-24,Monterey,053,433212,1,0,0,0,0
2020-02-24,Napa,055,140530,0,0,0,0,0
2020-02-24,Nevada,057,99092,0,0,1,1,0
2020-02-24,Orange,059,3164182,44,1,0,1,0
2020-02-24,Placer,061,380077,3,0,0,0,0
2020-02-24,Plumas,063,18699,0,0,0,0,0
2020-02-24,Riverside,065,2383286,9,0,1,1,0
2020-02-24,Sacramento,067,1510023,7,1,0,1,0
2020-02-24,San Benito,069,59416,0,2,0,2,0
2020-02-24,San Bernardino,071,2135413,21,0,0,0,0
2020-02-24,San Diego,073,3302833,7,2,0,2,0
2020-02-24,San Francisco,075,870044,6,0,0,0,0
2020-02-24,San Joaquin,077,732212,5,0,1,1,0
2020-02-24,San Luis Obispo,079,281455,2,0,0,0,0
2020-02-24,San Mateo,081,765935,13,0,0,0,0
2020-02-24,Santa Barbara,083,443738,0,0,0,0,0
2020-02-24,Santa Clara,085,1922200,38,2,1,3,0
2020-02-24,Santa Cruz,087,273765,5,0,0,0,0
2020-02-24,Shasta,089,179085,0,0,0,0,0
2020-02-24,Sierra,091,2930,0,0,0,0,0
2020-02-24,Siskiyou,093,43540,0,0,0,0,0
2020-02-24,Solano,095,438530,13,15,0,15,0
2020-02-24,Sonoma,097,501317,5,0,0,0,0
2020-02-24,Stanislaus,099,539301,2,0,2,2,0
2020-02-24,Sutter,101,95872,0,0,0,0,0
2020-02-24,Tehama,103,63373,0,0,0,0,0
2020-02-24,Trinity,105,12862,0,0,0,0,0
2020-02-24,Tulare,107,460477,3,0,0,0,0
2020-02-24,Tuolumne,109,53932,0,0,0,0,0
2020-02-24,Ventura,111,848112,4,0,0,0,0
2020-02-24,Yolo,113,214977,1,0,0,0,0
2020-02-24,Yuba,115,75493,0,0,0,0,0
2020-02-23,Alameda,001,1643700,11,0,0,0,0
2020-02-23,Alpine,003,1148,0,0,0,0,0
2020-02-23,Amador,005,37829,0,0,0,0,0
2020-02-23,Butte,007,227075,0,0,0,0,0
2020-02-23,Calaveras,009,45235,0,0,0,0,0
2020-02-23,Colusa,011,21464,0,0,0,0,0
2020-02-23,Contra Costa,013,1133247,6,0,0,0,0
2020-02-23,Del Norte,015,27424,0,0,0,0,0
2020-02-23,El Dorado,017,186661,0,0,0,0,0
2020-02-23,Fresno,019,978130,1,0,0,0,0
2020-02-23,Glenn,021,27897,0,0,0,0,0
2020-02-23,Humboldt,023,135768,1,1,0,1,0
2020-02-23,Imperial,025,180216,1,0,0,0,0
2020-02-23,Inyo,027,18085,0,0,0,0,0
2020-02-23,Kern,029,883053,2,0,0,0,0
2020-02-23,Kings,031,150075,3,0,1,1,0
2020-02-23,Lake,033,64148,0,0,0,0,0
2020-02-23,Lassen,035,31185,0,0,0,0,0
2020-02-23,Los Angeles,037,10098052,63,1,6,7,0
2020-02-23,Madera,039,155013,1,0,0,0,0
2020-02-23,Marin,041,260295,1,0,0,0,0
2020-02-23,Mariposa,043,17540,0,0,0,0,0
2020-02-23,Mendocino,045,87422,0,0,0,0,0
2020-02-23,Merced,047,269075,0,0,0,0,0
2020-02-23,Modoc,049,8938,0,0,0,0,0
2020-02-23,Mono,051,14174,0,0,0,0,0
2020-02-23,Monterey,053,433212,1,0,0,0,0
2020-02-23,Napa,055,140530,0,0,0,0,0
2020-02-23,Nevada,057,99092,0,0,1,1,0
2020-02-23,Orange,059,3164182,44,1,0,1,0
2020-02-23,Placer,061,380077,3,0,0,0,0
2020-02-23,Plumas,063,18699,0,0,0,0,0
2020-02-23,Riverside,065,2383286,9,0,0,0,0
2020-02-23,Sacramento,067,1510023,6,1,0,1,0
2020-02-23,San Benito,069,59416,0,2,0,2,0
2020-02-23,San Bernardino,071,2135413,20,0,0,0,0
2020-02-23,San Diego,073,3302833,6,2,0,2,0
2020-02-23,San Francisco,075,870044,5,0,0,0,0
2020-02-23,San Joaquin,077,732212,4,0,1,1,0
2020-02-23,San Luis Obispo,079,281455,2,0,0,0,0
2020-02-23,San Mateo,081,765935,10,0,0,0,0
2020-02-23,Santa Barbara,083,443738,0,0,0,0,0
2020-02-23,Santa Clara,085,1922200,26,2,1,3,0
2020-02-23,Santa Cruz,087,273765,2,0,0,0,0
2020-02-23,Shasta,089,179085,0,0,0,0,0
2020-02-23,Sierra,091,2930,0,0,0,0,0
2020-02-23,Siskiyou,093,43540,0,0,0,0,0
2020-02-23,Solano,095,438530,11,15,0,15,0
2020-02-23,Sonoma,097,501317,5,0,0,0,0
2020-02-23,Stanislaus,099,539301,2,0,2,2,0
2020-02-23,Sutter,101,95872,0,0,0,0,0
2020-02-23,Tehama,103,63373,0,0,0,0,0
2020-02-23,Trinity,105,12862,0,0,0,0,0
2020-02-23,Tulare,107,460477,2,0,0,0,0
2020-02-23,Tuolumne,109,53932,0,0,0,0,0
2020-02-23,Ventura,111,848112,4,0,0,0,0
2020-02-23,Yolo,113,214977,1,0,0,0,0
2020-02-23,Yuba,115,75493,0,0,0,0,0
2020-02-22,Alameda,001,1643700,10,0,0,0,0
2020-02-22,Alpine,003,1148,0,0,0,0,0
2020-02-22,Amador,005,37829,0,0,0,0,0
2020-02-22,Butte,007,227075,0,0,0,0,0
2020-02-22,Calaveras,009,45235,0,0,0,0,0
2020-02-22,Colusa,011,21464,0,0,0,0,0
2020-02-22,Contra Costa,013,1133247,5,0,0,0,0
2020-02-22,Del Norte,015,27424,0,0,0,0,0
2020-02-22,El Dorado,017,186661,0,0,0,0,0
2020-02-22,Fresno,019,978130,1,0,0,0,0
2020-02-22,Glenn,021,27897,0,0,0,0,0
2020-02-22,Humboldt,023,135768,1,1,0,1,0
2020-02-22,Imperial,025,180216,0,0,0,0,0
2020-02-22,Inyo,027,18085,0,0,0,0,0
2020-02-22,Kern,029,883053,2,0,0,0,0
2020-02-22,Kings,031,150075,3,0,1,1,0
2020-02-22,Lake,033,64148,0,0,0,0,0
2020-02-22,Lassen,035,31185,0,0,0,0,0
2020-02-22,Los Angeles,037,10098052,61,1,6,7,0
2020-02-22,Madera,039,155013,0,0,0,0,0
2020-02-22,Marin,041,260295,1,0,0,0,0
2020-02-22,Mariposa,043,17540,0,0,0,0,0
2020-02-22,Mendocino,045,87422,0,0,0,0,0
2020-02-22,Merced,047,269075,0,0,0,0,0
2020-02-22,Modoc,049,8938,0,0,0,0,0
2020-02-22,Mono,051,14174,0,0,0,0,0
2020-02-22,Monterey,053,433212,1,0,0,0,0
2020-02-22,Napa,055,140530,0,0,0,0,0
2020-02-22,Nevada,057,99092,0,0,1,1,0
2020-02-22,Orange,059,3164182,43,1,0,1,0
2020-02-22,Placer,061,380077,3,0,0,0,0
2020-02-22,Plumas,063,18699,0,0,0,0,0
2020-02-22,Riverside,065,2383286,9,0,0,0,0
2020-02-22,Sacramento,067,1510023,6,1,0,1,0
2020-02-22,San Benito,069,59416,0,2,0,2,0
2020-02-22,San Bernardino,071,2135413,18,0,0,0,0
2020-02-22,San Diego,073,3302833,5,2,0,2,0
2020-02-22,San Francisco,075,870044,3,0,0,0,0
2020-02-22,San Joaquin,077,732212,4,0,1,1,0
2020-02-22,San Luis Obispo,079,281455,2,0,0,0,0
2020-02-22,San Mateo,081,765935,8,0,0,0,0
2020-02-22,Santa Barbara,083,443738,0,0,0,0,0
2020-02-22,Santa Clara,085,1922200,23,2,1,3,0
2020-02-22,Santa Cruz,087,273765,2,0,0,0,0
2020-02-22,Shasta,089,179085,0,0,0,0,0
2020-02-22,Sierra,091,2930,0,0,0,0,0
2020-02-22,Siskiyou,093,43540,0,0,0,0,0
2020-02-22,Solano,095,438530,11,11,0,11,0
2020-02-22,Sonoma,097,501317,4,0,0,0,0
2020-02-22,Stanislaus,099,539301,2,0,2,2,0
2020-02-22,Sutter,101,95872,0,0,0,0,0
2020-02-22,Tehama,103,63373,0,0,0,0,0
2020-02-22,Trinity,105,12862,0,0,0,0,0
2020-02-22,Tulare,107,460477,2,0,0,0,0
2020-02-22,Tuolumne,109,53932,0,0,0,0,0
2020-02-22,Ventura,111,848112,4,0,0,0,0
2020-02-22,Yolo,113,214977,0,0,0,0,0
2020-02-22,Yuba,115,75493,0,0,0,0,0
2020-02-21,Alameda,001,1643700,9,0,0,0,0
2020-02-21,Alpine,003,1148,0,0,0,0,0
2020-02-21,Amador,005,37829,0,0,0,0,0
2020-02-21,Butte,007,227075,0,0,0,0,0
2020-02-21,Calaveras,009,45235,0,0,0,0,0
2020-02-21,Colusa,011,21464,0,0,0,0,0
2020-02-21,Contra Costa,013,1133247,4,0,0,0,0
2020-02-21,Del Norte,015,27424,0,0,0,0,0
2020-02-21,El Dorado,017,186661,0,0,0,0,0
2020-02-21,Fresno,019,978130,1,0,0,0,0
2020-02-21,Glenn,021,27897,0,0,0,0,0
2020-02-21,Humboldt,023,135768,1,1,0,1,0
2020-02-21,Imperial,025,180216,0,0,0,0,0
2020-02-21,Inyo,027,18085,0,0,0,0,0
2020-02-21,Kern,029,883053,2,0,0,0,0
2020-02-21,Kings,031,150075,3,0,1,1,0
2020-02-21,Lake,033,64148,0,0,0,0,0
2020-02-21,Lassen,035,31185,0,0,0,0,0
2020-02-21,Los Angeles,037,10098052,57,1,6,7,0
2020-02-21,Madera,039,155013,0,0,0,0,0
2020-02-21,Marin,041,260295,1,0,0,0,0
2020-02-21,Mariposa,043,17540,0,0,0,0,0
2020-02-21,Mendocino,045,87422,0,0,0,0,0
2020-02-21,Merced,047,269075,0,0,0,0,0
2020-02-21,Modoc,049,8938,0,0,0,0,0
2020-02-21,Mono,051,14174,0,0,0,0,0
2020-02-21,Monterey,053,433212,1,0,0,0,0
2020-02-21,Napa,055,140530,0,0,0,0,0
2020-02-21,Nevada,057,99092,0,0,1,1,0
2020-02-21,Orange,059,3164182,41,1,0,1,0
2020-02-21,Placer,061,380077,2,0,0,0,0
2020-02-21,Plumas,063,18699,0,0,0,0,0
2020-02-21,Riverside,065,2383286,9,0,0,0,0
2020-02-21,Sacramento,067,1510023,5,1,0,1,0
2020-02-21,San Benito,069,59416,0,2,0,2,0
2020-02-21,San Bernardino,071,2135413,17,0,0,0,0
2020-02-21,San Diego,073,3302833,5,2,0,2,0
2020-02-21,San Francisco,075,870044,3,0,0,0,0
2020-02-21,San Joaquin,077,732212,2,0,1,1,0
2020-02-21,San Luis Obispo,079,281455,2,0,0,0,0
2020-02-21,San Mateo,081,765935,8,0,0,0,0
2020-02-21,Santa Barbara,083,443738,0,0,0,0,0
2020-02-21,Santa Clara,085,1922200,21,2,1,3,0
2020-02-21,Santa Cruz,087,273765,2,0,0,0,0
2020-02-21,Shasta,089,179085,0,0,0,0,0
2020-02-21,Sierra,091,2930,0,0,0,0,0
2020-02-21,Siskiyou,093,43540,0,0,0,0,0
2020-02-21,Solano,095,438530,10,11,0,11,0
2020-02-21,Sonoma,097,501317,3,0,0,0,0
2020-02-21,Stanislaus,099,539301,2,0,2,2,0
2020-02-21,Sutter,101,95872,0,0,0,0,0
2020-02-21,Tehama,103,63373,0,0,0,0,0
2020-02-21,Trinity,105,12862,0,0,0,0,0
2020-02-21,Tulare,107,460477,2,0,0,0,0
2020-02-21,Tuolumne,109,53932,0,0,0,0,0
2020-02-21,Ventura,111,848112,4,0,0,0,0
2020-02-21,Yolo,113,214977,0,0,0,0,0
2020-02-21,Yuba,115,75493,0,0,0,0,0
2020-02-20,Alameda,001,1643700,7,0,0,0,0
2020-02-20,Alpine,003,1148,0,0,0,0,0
2020-02-20,Amador,005,37829,0,0,0,0,0
2020-02-20,Butte,007,227075,0,0,0,0,0
2020-02-20,Calaveras,009,45235,0,0,0,0,0
2020-02-20,Colusa,011,21464,0,0,0,0,0
2020-02-20,Contra Costa,013,1133247,3,0,0,0,0
2020-02-20,Del Norte,015,27424,0,0,0,0,0
2020-02-20,El Dorado,017,186661,0,0,0,0,0
2020-02-20,Fresno,019,978130,1,0,0,0,0
2020-02-20,Glenn,021,27897,0,0,0,0,0
2020-02-20,Humboldt,023,135768,1,1,0,1,0
2020-02-20,Imperial,025,180216,0,0,0,0,0
2020-02-20,Inyo,027,18085,0,0,0,0,0
2020-02-20,Kern,029,883053,2,0,0,0,0
2020-02-20,Kings,031,150075,3,0,1,1,0
2020-02-20,Lake,033,64148,0,0,0,0,0
2020-02-20,Lassen,035,31185,0,0,0,0,0
2020-02-20,Los Angeles,037,10098052,56,1,5,6,0
2020-02-20,Madera,039,155013,0,0,0,0,0
2020-02-20,Marin,041,260295,0,0,0,0,0
2020-02-20,Mariposa,043,17540,0,0,0,0,0
2020-02-20,Mendocino,045,87422,0,0,0,0,0
2020-02-20,Merced,047,269075,0,0,0,0,0
2020-02-20,Modoc,049,8938,0,0,0,0,0
2020-02-20,Mono,051,14174,0,0,0,0,0
2020-02-20,Monterey,053,433212,1,0,0,0,0
2020-02-20,Napa,055,140530,0,0,0,0,0
2020-02-20,Nevada,057,99092,0,0,1,1,0
2020-02-20,Orange,059,3164182,41,1,0,1,0
2020-02-20,Placer,061,380077,2,0,0,0,0
2020-02-20,Plumas,063,18699,0,0,0,0,0
2020-02-20,Riverside,065,2383286,7,0,0,0,0
2020-02-20,Sacramento,067,1510023,2,1,0,1,0
2020-02-20,San Benito,069,59416,0,2,0,2,0
2020-02-20,San Bernardino,071,2135413,15,0,0,0,0
2020-02-20,San Diego,073,3302833,5,2,0,2,0
2020-02-20,San Francisco,075,870044,3,0,0,0,0
2020-02-20,San Joaquin,077,732212,2,0,1,1,0
2020-02-20,San Luis Obispo,079,281455,2,0,0,0,0
2020-02-20,San Mateo,081,765935,7,0,0,0,0
2020-02-20,Santa Barbara,083,443738,0,0,0,0,0
2020-02-20,Santa Clara,085,1922200,17,2,1,3,0
2020-02-20,Santa Cruz,087,273765,2,0,0,0,0
2020-02-20,Shasta,089,179085,0,0,0,0,0
2020-02-20,Sierra,091,2930,0,0,0,0,0
2020-02-20,Siskiyou,093,43540,0,0,0,0,0
2020-02-20,Solano,095,438530,8,7,0,7,0
2020-02-20,Sonoma,097,501317,2,0,0,0,0
2020-02-20,Stanislaus,099,539301,2,0,2,2,0
2020-02-20,Sutter,101,95872,0,0,0,0,0
2020-02-20,Tehama,103,63373,0,0,0,0,0
2020-02-20,Trinity,105,12862,0,0,0,0,0
2020-02-20,Tulare,107,460477,2,0,0,0,0
2020-02-20,Tuolumne,109,53932,0,0,0,0,0
2020-02-20,Ventura,111,848112,4,0,0,0,0
2020-02-20,Yolo,113,214977,0,0,0,0,0
2020-02-20,Yuba,115,75493,0,0,0,0,0
2020-02-19,Alameda,001,1643700,6,0,0,0,0
2020-02-19,Alpine,003,1148,0,0,0,0,0
2020-02-19,Amador,005,37829,0,0,0,0,0
2020-02-19,Butte,007,227075,0,0,0,0,0
2020-02-19,Calaveras,009,45235,0,0,0,0,0
2020-02-19,Colusa,011,21464,0,0,0,0,0
2020-02-19,Contra Costa,013,1133247,3,0,0,0,0
2020-02-19,Del Norte,015,27424,0,0,0,0,0
2020-02-19,El Dorado,017,186661,0,0,0,0,0
2020-02-19,Fresno,019,978130,1,0,0,0,0
2020-02-19,Glenn,021,27897,0,0,0,0,0
2020-02-19,Humboldt,023,135768,1,0,0,0,0
2020-02-19,Imperial,025,180216,0,0,0,0,0
2020-02-19,Inyo,027,18085,0,0,0,0,0
2020-02-19,Kern,029,883053,2,0,0,0,0
2020-02-19,Kings,031,150075,3,0,1,1,0
2020-02-19,Lake,033,64148,0,0,0,0,0
2020-02-19,Lassen,035,31185,0,0,0,0,0
2020-02-19,Los Angeles,037,10098052,53,1,5,6,0
2020-02-19,Madera,039,155013,0,0,0,0,0
2020-02-19,Marin,041,260295,0,0,0,0,0
2020-02-19,Mariposa,043,17540,0,0,0,0,0
2020-02-19,Mendocino,045,87422,0,0,0,0,0
2020-02-19,Merced,047,269075,0,0,0,0,0
2020-02-19,Modoc,049,8938,0,0,0,0,0
2020-02-19,Mono,051,14174,0,0,0,0,0
2020-02-19,Monterey,053,433212,1,0,0,0,0
2020-02-19,Napa,055,140530,0,0,0,0,0
2020-02-19,Nevada,057,99092,0,0,1,1,0
2020-02-19,Orange,059,3164182,40,1,0,1,0
2020-02-19,Placer,061,380077,2,0,0,0,0
2020-02-19,Plumas,063,18699,0,0,0,0,0
2020-02-19,Riverside,065,2383286,5,0,0,0,0
2020-02-19,Sacramento,067,1510023,2,0,0,0,0
2020-02-19,San Benito,069,59416,0,2,0,2,0
2020-02-19,San Bernardino,071,2135413,14,0,0,0,0
2020-02-19,San Diego,073,3302833,4,2,0,2,0
2020-02-19,San Francisco,075,870044,2,0,0,0,0
2020-02-19,San Joaquin,077,732212,2,0,1,1,0
2020-02-19,San Luis Obispo,079,281455,2,0,0,0,0
2020-02-19,San Mateo,081,765935,6,0,0,0,0
2020-02-19,Santa Barbara,083,443738,0,0,0,0,0
2020-02-19,Santa Clara,085,1922200,15,2,1,3,0
2020-02-19,Santa Cruz,087,273765,0,0,0,0,0
2020-02-19,Shasta,089,179085,0,0,0,0,0
2020-02-19,Sierra,091,2930,0,0,0,0,0
2020-02-19,Siskiyou,093,43540,0,0,0,0,0
2020-02-19,Solano,095,438530,5,7,0,7,0
2020-02-19,Sonoma,097,501317,2,0,0,0,0
2020-02-19,Stanislaus,099,539301,1,0,2,2,0
2020-02-19,Sutter,101,95872,0,0,0,0,0
2020-02-19,Tehama,103,63373,0,0,0,0,0
2020-02-19,Trinity,105,12862,0,0,0,0,0
2020-02-19,Tulare,107,460477,2,0,0,0,0
2020-02-19,Tuolumne,109,53932,0,0,0,0,0
2020-02-19,Ventura,111,848112,2,0,0,0,0
2020-02-19,Yolo,113,214977,0,0,0,0,0
2020-02-19,Yuba,115,75493,0,0,0,0,0
2020-02-18,Alameda,001,1643700,6,0,0,0,0
2020-02-18,Alpine,003,1148,0,0,0,0,0
2020-02-18,Amador,005,37829,0,0,0,0,0
2020-02-18,Butte,007,227075,0,0,0,0,0
2020-02-18,Calaveras,009,45235,0,0,0,0,0
2020-02-18,Colusa,011,21464,0,0,0,0,0
2020-02-18,Contra Costa,013,1133247,3,0,0,0,0
2020-02-18,Del Norte,015,27424,0,0,0,0,0
2020-02-18,El Dorado,017,186661,0,0,0,0,0
2020-02-18,Fresno,019,978130,0,0,0,0,0
2020-02-18,Glenn,021,27897,0,0,0,0,0
2020-02-18,Humboldt,023,135768,1,0,0,0,0
2020-02-18,Imperial,025,180216,0,0,0,0,0
2020-02-18,Inyo,027,18085,0,0,0,0,0
2020-02-18,Kern,029,883053,2,0,0,0,0
2020-02-18,Kings,031,150075,3,0,1,1,0
2020-02-18,Lake,033,64148,0,0,0,0,0
2020-02-18,Lassen,035,31185,0,0,0,0,0
2020-02-18,Los Angeles,037,10098052,50,1,4,5,0
2020-02-18,Madera,039,155013,0,0,0,0,0
2020-02-18,Marin,041,260295,0,0,0,0,0
2020-02-18,Mariposa,043,17540,0,0,0,0,0
2020-02-18,Mendocino,045,87422,0,0,0,0,0
2020-02-18,Merced,047,269075,0,0,0,0,0
2020-02-18,Modoc,049,8938,0,0,0,0,0
2020-02-18,Mono,051,14174,0,0,0,0,0
2020-02-18,Monterey,053,433212,1,0,0,0,0
2020-02-18,Napa,055,140530,0,0,0,0,0
2020-02-18,Nevada,057,99092,0,0,1,1,0
2020-02-18,Orange,059,3164182,39,1,0,1,0
2020-02-18,Placer,061,380077,0,0,0,0,0
2020-02-18,Plumas,063,18699,0,0,0,0,0
2020-02-18,Riverside,065,2383286,5,0,0,0,0
2020-02-18,Sacramento,067,1510023,2,0,0,0,0
2020-02-18,San Benito,069,59416,0,2,0,2,0
2020-02-18,San Bernardino,071,2135413,13,0,0,0,0
2020-02-18,San Diego,073,3302833,4,2,0,2,0
2020-02-18,San Francisco,075,870044,2,0,0,0,0
2020-02-18,San Joaquin,077,732212,1,0,1,1,0
2020-02-18,San Luis Obispo,079,281455,2,0,0,0,0
2020-02-18,San Mateo,081,765935,5,0,0,0,0
2020-02-18,Santa Barbara,083,443738,0,0,0,0,0
2020-02-18,Santa Clara,085,1922200,14,2,1,3,0
2020-02-18,Santa Cruz,087,273765,0,0,0,0,0
2020-02-18,Shasta,089,179085,0,0,0,0,0
2020-02-18,Sierra,091,2930,0,0,0,0,0
2020-02-18,Siskiyou,093,43540,0,0,0,0,0
2020-02-18,Solano,095,438530,5,7,0,7,0
2020-02-18,Sonoma,097,501317,1,0,0,0,0
2020-02-18,Stanislaus,099,539301,1,0,2,2,0
2020-02-18,Sutter,101,95872,0,0,0,0,0
2020-02-18,Tehama,103,63373,0,0,0,0,0
2020-02-18,Trinity,105,12862,0,0,0,0,0
2020-02-18,Tulare,107,460477,2,0,0,0,0
2020-02-18,Tuolumne,109,53932,0,0,0,0,0
2020-02-18,Ventura,111,848112,2,0,0,0,0
2020-02-18,Yolo,113,214977,0,0,0,0,0
2020-02-18,Yuba,115,75493,0,0,0,0,0
2020-02-17,Alameda,001,1643700,6,0,0,0,0
2020-02-17,Alpine,003,1148,0,0,0,0,0
2020-02-17,Amador,005,37829,0,0,0,0,0
2020-02-17,Butte,007,227075,0,0,0,0,0
2020-02-17,Calaveras,009,45235,0,0,0,0,0
2020-02-17,Colusa,011,21464,0,0,0,0,0
2020-02-17,Contra Costa,013,1133247,3,0,0,0,0
2020-02-17,Del Norte,015,27424,0,0,0,0,0
2020-02-17,El Dorado,017,186661,0,0,0,0,0
2020-02-17,Fresno,019,978130,0,0,0,0,0
2020-02-17,Glenn,021,27897,0,0,0,0,0
2020-02-17,Humboldt,023,135768,1,0,0,0,0
2020-02-17,Imperial,025,180216,0,0,0,0,0
2020-02-17,Inyo,027,18085,0,0,0,0,0
2020-02-17,Kern,029,883053,2,0,0,0,0
2020-02-17,Kings,031,150075,3,0,0,0,0
2020-02-17,Lake,033,64148,0,0,0,0,0
2020-02-17,Lassen,035,31185,0,0,0,0,0
2020-02-17,Los Angeles,037,10098052,47,1,4,5,0
2020-02-17,Madera,039,155013,0,0,0,0,0
2020-02-17,Marin,041,260295,0,0,0,0,0
2020-02-17,Mariposa,043,17540,0,0,0,0,0
2020-02-17,Mendocino,045,87422,0,0,0,0,0
2020-02-17,Merced,047,269075,0,0,0,0,0
2020-02-17,Modoc,049,8938,0,0,0,0,0
2020-02-17,Mono,051,14174,0,0,0,0,0
2020-02-17,Monterey,053,433212,1,0,0,0,0
2020-02-17,Napa,055,140530,0,0,0,0,0
2020-02-17,Nevada,057,99092,0,0,1,1,0
2020-02-17,Orange,059,3164182,39,1,0,1,0
2020-02-17,Placer,061,380077,0,0,0,0,0
2020-02-17,Plumas,063,18699,0,0,0,0,0
2020-02-17,Riverside,065,2383286,5,0,0,0,0
2020-02-17,Sacramento,067,1510023,2,0,0,0,0
2020-02-17,San Benito,069,59416,0,2,0,2,0
2020-02-17,San Bernardino,071,2135413,11,0,0,0,0
2020-02-17,San Diego,073,3302833,4,2,0,2,0
2020-02-17,San Francisco,075,870044,2,0,0,0,0
2020-02-17,San Joaquin,077,732212,1,0,1,1,0
2020-02-17,San Luis Obispo,079,281455,1,0,0,0,0
2020-02-17,San Mateo,081,765935,5,0,0,0,0
2020-02-17,Santa Barbara,083,443738,0,0,0,0,0
2020-02-17,Santa Clara,085,1922200,12,2,1,3,0
2020-02-17,Santa Cruz,087,273765,0,0,0,0,0
2020-02-17,Shasta,089,179085,0,0,0,0,0
2020-02-17,Sierra,091,2930,0,0,0,0,0
2020-02-17,Siskiyou,093,43540,0,0,0,0,0
2020-02-17,Solano,095,438530,3,5,0,5,0
2020-02-17,Sonoma,097,501317,1,0,0,0,0
2020-02-17,Stanislaus,099,539301,1,0,2,2,0
2020-02-17,Sutter,101,95872,0,0,0,0,0
2020-02-17,Tehama,103,63373,0,0,0,0,0
2020-02-17,Trinity,105,12862,0,0,0,0,0
2020-02-17,Tulare,107,460477,2,0,0,0,0
2020-02-17,Tuolumne,109,53932,0,0,0,0,0
2020-02-17,Ventura,111,848112,2,0,0,0,0
2020-02-17,Yolo,113,214977,0,0,0,0,0
2020-02-17,Yuba,115,75493,0,0,0,0,0
2020-02-16,Alameda,001,1643700,5,0,0,0,0
2020-02-16,Alpine,003,1148,0,0,0,0,0
2020-02-16,Amador,005,37829,0,0,0,0,0
2020-02-16,Butte,007,227075,0,0,0,0,0
2020-02-16,Calaveras,009,45235,0,0,0,0,0
2020-02-16,Colusa,011,21464,0,0,0,0,0
2020-02-16,Contra Costa,013,1133247,3,0,0,0,0
2020-02-16,Del Norte,015,27424,0,0,0,0,0
2020-02-16,El Dorado,017,186661,0,0,0,0,0
2020-02-16,Fresno,019,978130,0,0,0,0,0
2020-02-16,Glenn,021,27897,0,0,0,0,0
2020-02-16,Humboldt,023,135768,1,0,0,0,0
2020-02-16,Imperial,025,180216,0,0,0,0,0
2020-02-16,Inyo,027,18085,0,0,0,0,0
2020-02-16,Kern,029,883053,2,0,0,0,0
2020-02-16,Kings,031,150075,3,0,0,0,0
2020-02-16,Lake,033,64148,0,0,0,0,0
2020-02-16,Lassen,035,31185,0,0,0,0,0
2020-02-16,Los Angeles,037,10098052,41,1,4,5,0
2020-02-16,Madera,039,155013,0,0,0,0,0
2020-02-16,Marin,041,260295,0,0,0,0,0
2020-02-16,Mariposa,043,17540,0,0,0,0,0
2020-02-16,Mendocino,045,87422,0,0,0,0,0
2020-02-16,Merced,047,269075,0,0,0,0,0
2020-02-16,Modoc,049,8938,0,0,0,0,0
2020-02-16,Mono,051,14174,0,0,0,0,0
2020-02-16,Monterey,053,433212,1,0,0,0,0
2020-02-16,Napa,055,140530,0,0,0,0,0
2020-02-16,Nevada,057,99092,0,0,0,0,0
2020-02-16,Orange,059,3164182,38,1,0,1,0
2020-02-16,Placer,061,380077,0,0,0,0,0
2020-02-16,Plumas,063,18699,0,0,0,0,0
2020-02-16,Riverside,065,2383286,5,0,0,0,0
2020-02-16,Sacramento,067,1510023,2,0,0,0,0
2020-02-16,San Benito,069,59416,0,2,0,2,0
2020-02-16,San Bernardino,071,2135413,10,0,0,0,0
2020-02-16,San Diego,073,3302833,4,2,0,2,0
2020-02-16,San Francisco,075,870044,2,0,0,0,0
2020-02-16,San Joaquin,077,732212,1,0,1,1,0
2020-02-16,San Luis Obispo,079,281455,1,0,0,0,0
2020-02-16,San Mateo,081,765935,4,0,0,0,0
2020-02-16,Santa Barbara,083,443738,0,0,0,0,0
2020-02-16,Santa Clara,085,1922200,10,2,1,3,0
2020-02-16,Santa Cruz,087,273765,0,0,0,0,0
2020-02-16,Shasta,089,179085,0,0,0,0,0
2020-02-16,Sierra,091,2930,0,0,0,0,0
2020-02-16,Siskiyou,093,43540,0,0,0,0,0
2020-02-16,Solano,095,438530,1,0,0,0,0
2020-02-16,Sonoma,097,501317,1,0,0,0,0
2020-02-16,Stanislaus,099,539301,1,0,2,2,0
2020-02-16,Sutter,101,95872,0,0,0,0,0
2020-02-16,Tehama,103,63373,0,0,0,0,0
2020-02-16,Trinity,105,12862,0,0,0,0,0
2020-02-16,Tulare,107,460477,2,0,0,0,0
2020-02-16,Tuolumne,109,53932,0,0,0,0,0
2020-02-16,Ventura,111,848112,2,0,0,0,0
2020-02-16,Yolo,113,214977,0,0,0,0,0
2020-02-16,Yuba,115,75493,0,0,0,0,0
2020-02-15,Alameda,001,1643700,5,0,0,0,0
2020-02-15,Alpine,003,1148,0,0,0,0,0
2020-02-15,Amador,005,37829,0,0,0,0,0
2020-02-15,Butte,007,227075,0,0,0,0,0
2020-02-15,Calaveras,009,45235,0,0,0,0,0
2020-02-15,Colusa,011,21464,0,0,0,0,0
2020-02-15,Contra Costa,013,1133247,3,0,0,0,0
2020-02-15,Del Norte,015,27424,0,0,0,0,0
2020-02-15,El Dorado,017,186661,0,0,0,0,0
2020-02-15,Fresno,019,978130,0,0,0,0,0
2020-02-15,Glenn,021,27897,0,0,0,0,0
2020-02-15,Humboldt,023,135768,1,0,0,0,0
2020-02-15,Imperial,025,180216,0,0,0,0,0
2020-02-15,Inyo,027,18085,0,0,0,0,0
2020-02-15,Kern,029,883053,2,0,0,0,0
2020-02-15,Kings,031,150075,3,0,0,0,0
2020-02-15,Lake,033,64148,0,0,0,0,0
2020-02-15,Lassen,035,31185,0,0,0,0,0
2020-02-15,Los Angeles,037,10098052,38,1,4,5,0
2020-02-15,Madera,039,155013,0,0,0,0,0
2020-02-15,Marin,041,260295,0,0,0,0,0
2020-02-15,Mariposa,043,17540,0,0,0,0,0
2020-02-15,Mendocino,045,87422,0,0,0,0,0
2020-02-15,Merced,047,269075,0,0,0,0,0
2020-02-15,Modoc,049,8938,0,0,0,0,0
2020-02-15,Mono,051,14174,0,0,0,0,0
2020-02-15,Monterey,053,433212,1,0,0,0,0
2020-02-15,Napa,055,140530,0,0,0,0,0
2020-02-15,Nevada,057,99092,0,0,0,0,0
2020-02-15,Orange,059,3164182,37,1,0,1,0
2020-02-15,Placer,061,380077,0,0,0,0,0
2020-02-15,Plumas,063,18699,0,0,0,0,0
2020-02-15,Riverside,065,2383286,4,0,0,0,0
2020-02-15,Sacramento,067,1510023,2,0,0,0,0
2020-02-15,San Benito,069,59416,0,2,0,2,0
2020-02-15,San Bernardino,071,2135413,9,0,0,0,0
2020-02-15,San Diego,073,3302833,4,2,0,2,0
2020-02-15,San Francisco,075,870044,2,0,0,0,0
2020-02-15,San Joaquin,077,732212,1,0,1,1,0
2020-02-15,San Luis Obispo,079,281455,1,0,0,0,0
2020-02-15,San Mateo,081,765935,4,0,0,0,0
2020-02-15,Santa Barbara,083,443738,0,0,0,0,0
2020-02-15,Santa Clara,085,1922200,10,2,1,3,0
2020-02-15,Santa Cruz,087,273765,0,0,0,0,0
2020-02-15,Shasta,089,179085,0,0,0,0,0
2020-02-15,Sierra,091,2930,0,0,0,0,0
2020-02-15,Siskiyou,093,43540,0,0,0,0,0
2020-02-15,Solano,095,438530,1,0,0,0,0
2020-02-15,Sonoma,097,501317,0,0,0,0,0
2020-02-15,Stanislaus,099,539301,1,0,2,2,0
2020-02-15,Sutter,101,95872,0,0,0,0,0
2020-02-15,Tehama,103,63373,0,0,0,0,0
2020-02-15,Trinity,105,12862,0,0,0,0,0
2020-02-15,Tulare,107,460477,2,0,0,0,0
2020-02-15,Tuolumne,109,53932,0,0,0,0,0
2020-02-15,Ventura,111,848112,2,0,0,0,0
2020-02-15,Yolo,113,214977,0,0,0,0,0
2020-02-15,Yuba,115,75493,0,0,0,0,0
2020-02-14,Alameda,001,1643700,4,0,0,0,0
2020-02-14,Alpine,003,1148,0,0,0,0,0
2020-02-14,Amador,005,37829,0,0,0,0,0
2020-02-14,Butte,007,227075,0,0,0,0,0
2020-02-14,Calaveras,009,45235,0,0,0,0,0
2020-02-14,Colusa,011,21464,0,0,0,0,0
2020-02-14,Contra Costa,013,1133247,3,0,0,0,0
2020-02-14,Del Norte,015,27424,0,0,0,0,0
2020-02-14,El Dorado,017,186661,0,0,0,0,0
2020-02-14,Fresno,019,978130,0,0,0,0,0
2020-02-14,Glenn,021,27897,0,0,0,0,0
2020-02-14,Humboldt,023,135768,1,0,0,0,0
2020-02-14,Imperial,025,180216,0,0,0,0,0
2020-02-14,Inyo,027,18085,0,0,0,0,0
2020-02-14,Kern,029,883053,2,0,0,0,0
2020-02-14,Kings,031,150075,1,0,0,0,0
2020-02-14,Lake,033,64148,0,0,0,0,0
2020-02-14,Lassen,035,31185,0,0,0,0,0
2020-02-14,Los Angeles,037,10098052,33,1,4,5,0
2020-02-14,Madera,039,155013,0,0,0,0,0
2020-02-14,Marin,041,260295,0,0,0,0,0
2020-02-14,Mariposa,043,17540,0,0,0,0,0
2020-02-14,Mendocino,045,87422,0,0,0,0,0
2020-02-14,Merced,047,269075,0,0,0,0,0
2020-02-14,Modoc,049,8938,0,0,0,0,0
2020-02-14,Mono,051,14174,0,0,0,0,0
2020-02-14,Monterey,053,433212,1,0,0,0,0
2020-02-14,Napa,055,140530,0,0,0,0,0
2020-02-14,Nevada,057,99092,0,0,0,0,0
2020-02-14,Orange,059,3164182,37,1,0,1,0
2020-02-14,Placer,061,380077,0,0,0,0,0
2020-02-14,Plumas,063,18699,0,0,0,0,0
2020-02-14,Riverside,065,2383286,4,0,0,0,0
2020-02-14,Sacramento,067,1510023,1,0,0,0,0
2020-02-14,San Benito,069,59416,0,2,0,2,0
2020-02-14,San Bernardino,071,2135413,9,0,0,0,0
2020-02-14,San Diego,073,3302833,3,2,0,2,0
2020-02-14,San Francisco,075,870044,2,0,0,0,0
2020-02-14,San Joaquin,077,732212,1,0,1,1,0
2020-02-14,San Luis Obispo,079,281455,0,0,0,0,0
2020-02-14,San Mateo,081,765935,3,0,0,0,0
2020-02-14,Santa Barbara,083,443738,0,0,0,0,0
2020-02-14,Santa Clara,085,1922200,8,2,1,3,0
2020-02-14,Santa Cruz,087,273765,0,0,0,0,0
2020-02-14,Shasta,089,179085,0,0,0,0,0
2020-02-14,Sierra,091,2930,0,0,0,0,0
2020-02-14,Siskiyou,093,43540,0,0,0,0,0
2020-02-14,Solano,095,438530,1,0,0,0,0
2020-02-14,Sonoma,097,501317,0,0,0,0,0
2020-02-14,Stanislaus,099,539301,1,0,2,2,0
2020-02-14,Sutter,101,95872,0,0,0,0,0
2020-02-14,Tehama,103,63373,0,0,0,0,0
2020-02-14,Trinity,105,12862,0,0,0,0,0
2020-02-14,Tulare,107,460477,2,0,0,0,0
2020-02-14,Tuolumne,109,53932,0,0,0,0,0
2020-02-14,Ventura,111,848112,2,0,0,0,0
2020-02-14,Yolo,113,214977,0,0,0,0,0
2020-02-14,Yuba,115,75493,0,0,0,0,0
2020-02-13,Alameda,001,1643700,4,0,0,0,0
2020-02-13,Alpine,003,1148,0,0,0,0,0
2020-02-13,Amador,005,37829,0,0,0,0,0
2020-02-13,Butte,007,227075,0,0,0,0,0
2020-02-13,Calaveras,009,45235,0,0,0,0,0
2020-02-13,Colusa,011,21464,0,0,0,0,0
2020-02-13,Contra Costa,013,1133247,3,0,0,0,0
2020-02-13,Del Norte,015,27424,0,0,0,0,0
2020-02-13,El Dorado,017,186661,0,0,0,0,0
2020-02-13,Fresno,019,978130,0,0,0,0,0
2020-02-13,Glenn,021,27897,0,0,0,0,0
2020-02-13,Humboldt,023,135768,1,0,0,0,0
2020-02-13,Imperial,025,180216,0,0,0,0,0
2020-02-13,Inyo,027,18085,0,0,0,0,0
2020-02-13,Kern,029,883053,2,0,0,0,0
2020-02-13,Kings,031,150075,1,0,0,0,0
2020-02-13,Lake,033,64148,0,0,0,0,0
2020-02-13,Lassen,035,31185,0,0,0,0,0
2020-02-13,Los Angeles,037,10098052,30,1,3,4,0
2020-02-13,Madera,039,155013,0,0,0,0,0
2020-02-13,Marin,041,260295,0,0,0,0,0
2020-02-13,Mariposa,043,17540,0,0,0,0,0
2020-02-13,Mendocino,045,87422,0,0,0,0,0
2020-02-13,Merced,047,269075,0,0,0,0,0
2020-02-13,Modoc,049,8938,0,0,0,0,0
2020-02-13,Mono,051,14174,0,0,0,0,0
2020-02-13,Monterey,053,433212,1,0,0,0,0
2020-02-13,Napa,055,140530,0,0,0,0,0
2020-02-13,Nevada,057,99092,0,0,0,0,0
2020-02-13,Orange,059,3164182,36,1,0,1,0
2020-02-13,Placer,061,380077,0,0,0,0,0
2020-02-13,Plumas,063,18699,0,0,0,0,0
2020-02-13,Riverside,065,2383286,4,0,0,0,0
2020-02-13,Sacramento,067,1510023,1,0,0,0,0
2020-02-13,San Benito,069,59416,0,2,0,2,0
2020-02-13,San Bernardino,071,2135413,8,0,0,0,0
2020-02-13,San Diego,073,3302833,2,2,0,2,0
2020-02-13,San Francisco,075,870044,2,0,0,0,0
2020-02-13,San Joaquin,077,732212,1,0,1,1,0
2020-02-13,San Luis Obispo,079,281455,0,0,0,0,0
2020-02-13,San Mateo,081,765935,2,0,0,0,0
2020-02-13,Santa Barbara,083,443738,0,0,0,0,0
2020-02-13,Santa Clara,085,1922200,7,2,0,2,0
2020-02-13,Santa Cruz,087,273765,0,0,0,0,0
2020-02-13,Shasta,089,179085,0,0,0,0,0
2020-02-13,Sierra,091,2930,0,0,0,0,0
2020-02-13,Siskiyou,093,43540,0,0,0,0,0
2020-02-13,Solano,095,438530,0,0,0,0,0
2020-02-13,Sonoma,097,501317,0,0,0,0,0
2020-02-13,Stanislaus,099,539301,1,0,1,1,0
2020-02-13,Sutter,101,95872,0,0,0,0,0
2020-02-13,Tehama,103,63373,0,0,0,0,0
2020-02-13,Trinity,105,12862,0,0,0,0,0
2020-02-13,Tulare,107,460477,2,0,0,0,0
2020-02-13,Tuolumne,109,53932,0,0,0,0,0
2020-02-13,Ventura,111,848112,2,0,0,0,0
2020-02-13,Yolo,113,214977,0,0,0,0,0
2020-02-13,Yuba,115,75493,0,0,0,0,0
2020-02-12,Alameda,001,1643700,4,0,0,0,0
2020-02-12,Alpine,003,1148,0,0,0,0,0
2020-02-12,Amador,005,37829,0,0,0,0,0
2020-02-12,Butte,007,227075,0,0,0,0,0
2020-02-12,Calaveras,009,45235,0,0,0,0,0
2020-02-12,Colusa,011,21464,0,0,0,0,0
2020-02-12,Contra Costa,013,1133247,3,0,0,0,0
2020-02-12,Del Norte,015,27424,0,0,0,0,0
2020-02-12,El Dorado,017,186661,0,0,0,0,0
2020-02-12,Fresno,019,978130,0,0,0,0,0
2020-02-12,Glenn,021,27897,0,0,0,0,0
2020-02-12,Humboldt,023,135768,1,0,0,0,0
2020-02-12,Imperial,025,180216,0,0,0,0,0
2020-02-12,Inyo,027,18085,0,0,0,0,0
2020-02-12,Kern,029,883053,2,0,0,0,0
2020-02-12,Kings,031,150075,1,0,0,0,0
2020-02-12,Lake,033,64148,0,0,0,0,0
2020-02-12,Lassen,035,31185,0,0,0,0,0
2020-02-12,Los Angeles,037,10098052,29,1,3,4,0
2020-02-12,Madera,039,155013,0,0,0,0,0
2020-02-12,Marin,041,260295,0,0,0,0,0
2020-02-12,Mariposa,043,17540,0,0,0,0,0
2020-02-12,Mendocino,045,87422,0,0,0,0,0
2020-02-12,Merced,047,269075,0,0,0,0,0
2020-02-12,Modoc,049,8938,0,0,0,0,0
2020-02-12,Mono,051,14174,0,0,0,0,0
2020-02-12,Monterey,053,433212,1,0,0,0,0
2020-02-12,Napa,055,140530,0,0,0,0,0
2020-02-12,Nevada,057,99092,0,0,0,0,0
2020-02-12,Orange,059,3164182,36,1,0,1,0
2020-02-12,Placer,061,380077,0,0,0,0,0
2020-02-12,Plumas,063,18699,0,0,0,0,0
2020-02-12,Riverside,065,2383286,4,0,0,0,0
2020-02-12,Sacramento,067,1510023,1,0,0,0,0
2020-02-12,San Benito,069,59416,0,2,0,2,0
2020-02-12,San Bernardino,071,2135413,8,0,0,0,0
2020-02-12,San Diego,073,3302833,2,2,0,2,0
2020-02-12,San Francisco,075,870044,2,0,0,0,0
2020-02-12,San Joaquin,077,732212,1,0,1,1,0
2020-02-12,San Luis Obispo,079,281455,0,0,0,0,0
2020-02-12,San Mateo,081,765935,2,0,0,0,0
2020-02-12,Santa Barbara,083,443738,0,0,0,0,0
2020-02-12,Santa Clara,085,1922200,6,2,0,2,0
2020-02-12,Santa Cruz,087,273765,0,0,0,0,0
2020-02-12,Shasta,089,179085,0,0,0,0,0
2020-02-12,Sierra,091,2930,0,0,0,0,0
2020-02-12,Siskiyou,093,43540,0,0,0,0,0
2020-02-12,Solano,095,438530,0,0,0,0,0
2020-02-12,Sonoma,097,501317,0,0,0,0,0
2020-02-12,Stanislaus,099,539301,1,0,1,1,0
2020-02-12,Sutter,101,95872,0,0,0,0,0
2020-02-12,Tehama,103,63373,0,0,0,0,0
2020-02-12,Trinity,105,12862,0,0,0,0,0
2020-02-12,Tulare,107,460477,2,0,0,0,0
2020-02-12,Tuolumne,109,53932,0,0,0,0,0
2020-02-12,Ventura,111,848112,2,0,0,0,0
2020-02-12,Yolo,113,214977,0,0,0,0,0
2020-02-12,Yuba,115,75493,0,0,0,0,0
2020-02-11,Alameda,001,1643700,4,0,0,0,0
2020-02-11,Alpine,003,1148,0,0,0,0,0
2020-02-11,Amador,005,37829,0,0,0,0,0
2020-02-11,Butte,007,227075,0,0,0,0,0
2020-02-11,Calaveras,009,45235,0,0,0,0,0
2020-02-11,Colusa,011,21464,0,0,0,0,0
2020-02-11,Contra Costa,013,1133247,3,0,0,0,0
2020-02-11,Del Norte,015,27424,0,0,0,0,0
2020-02-11,El Dorado,017,186661,0,0,0,0,0
2020-02-11,Fresno,019,978130,0,0,0,0,0
2020-02-11,Glenn,021,27897,0,0,0,0,0
2020-02-11,Humboldt,023,135768,1,0,0,0,0
2020-02-11,Imperial,025,180216,0,0,0,0,0
2020-02-11,Inyo,027,18085,0,0,0,0,0
2020-02-11,Kern,029,883053,2,0,0,0,0
2020-02-11,Kings,031,150075,1,0,0,0,0
2020-02-11,Lake,033,64148,0,0,0,0,0
2020-02-11,Lassen,035,31185,0,0,0,0,0
2020-02-11,Los Angeles,037,10098052,29,1,3,4,0
2020-02-11,Madera,039,155013,0,0,0,0,0
2020-02-11,Marin,041,260295,0,0,0,0,0
2020-02-11,Mariposa,043,17540,0,0,0,0,0
2020-02-11,Mendocino,045,87422,0,0,0,0,0
2020-02-11,Merced,047,269075,0,0,0,0,0
2020-02-11,Modoc,049,8938,0,0,0,0,0
2020-02-11,Mono,051,14174,0,0,0,0,0
2020-02-11,Monterey,053,433212,1,0,0,0,0
2020-02-11,Napa,055,140530,0,0,0,0,0
2020-02-11,Nevada,057,99092,0,0,0,0,0
2020-02-11,Orange,059,3164182,35,1,0,1,0
2020-02-11,Placer,061,380077,0,0,0,0,0
2020-02-11,Plumas,063,18699,0,0,0,0,0
2020-02-11,Riverside,065,2383286,4,0,0,0,0
2020-02-11,Sacramento,067,1510023,1,0,0,0,0
2020-02-11,San Benito,069,59416,0,2,0,2,0
2020-02-11,San Bernardino,071,2135413,8,0,0,0,0
2020-02-11,San Diego,073,3302833,2,1,0,1,0
2020-02-11,San Francisco,075,870044,2,0,0,0,0
2020-02-11,San Joaquin,077,732212,0,0,1,1,0
2020-02-11,San Luis Obispo,079,281455,0,0,0,0,0
2020-02-11,San Mateo,081,765935,2,0,0,0,0
2020-02-11,Santa Barbara,083,443738,0,0,0,0,0
2020-02-11,Santa Clara,085,1922200,5,2,0,2,0
2020-02-11,Santa Cruz,087,273765,0,0,0,0,0
2020-02-11,Shasta,089,179085,0,0,0,0,0
2020-02-11,Sierra,091,2930,0,0,0,0,0
2020-02-11,Siskiyou,093,43540,0,0,0,0,0
2020-02-11,Solano,095,438530,0,0,0,0,0
2020-02-11,Sonoma,097,501317,0,0,0,0,0
2020-02-11,Stanislaus,099,539301,1,0,1,1,0
2020-02-11,Sutter,101,95872,0,0,0,0,0
2020-02-11,Tehama,103,63373,0,0,0,0,0
2020-02-11,Trinity,105,12862,0,0,0,0,0
2020-02-11,Tulare,107,460477,2,0,0,0,0
2020-02-11,Tuolumne,109,53932,0,0,0,0,0
2020-02-11,Ventura,111,848112,2,0,0,0,0
2020-02-11,Yolo,113,214977,0,0,0,0,0
2020-02-11,Yuba,115,75493,0,0,0,0,0
2020-02-10,Alameda,001,1643700,4,0,0,0,0
2020-02-10,Alpine,003,1148,0,0,0,0,0
2020-02-10,Amador,005,37829,0,0,0,0,0
2020-02-10,Butte,007,227075,0,0,0,0,0
2020-02-10,Calaveras,009,45235,0,0,0,0,0
2020-02-10,Colusa,011,21464,0,0,0,0,0
2020-02-10,Contra Costa,013,1133247,3,0,0,0,0
2020-02-10,Del Norte,015,27424,0,0,0,0,0
2020-02-10,El Dorado,017,186661,0,0,0,0,0
2020-02-10,Fresno,019,978130,0,0,0,0,0
2020-02-10,Glenn,021,27897,0,0,0,0,0
2020-02-10,Humboldt,023,135768,0,0,0,0,0
2020-02-10,Imperial,025,180216,0,0,0,0,0
2020-02-10,Inyo,027,18085,0,0,0,0,0
2020-02-10,Kern,029,883053,2,0,0,0,0
2020-02-10,Kings,031,150075,1,0,0,0,0
2020-02-10,Lake,033,64148,0,0,0,0,0
2020-02-10,Lassen,035,31185,0,0,0,0,0
2020-02-10,Los Angeles,037,10098052,27,1,3,4,0
2020-02-10,Madera,039,155013,0,0,0,0,0
2020-02-10,Marin,041,260295,0,0,0,0,0
2020-02-10,Mariposa,043,17540,0,0,0,0,0
2020-02-10,Mendocino,045,87422,0,0,0,0,0
2020-02-10,Merced,047,269075,0,0,0,0,0
2020-02-10,Modoc,049,8938,0,0,0,0,0
2020-02-10,Mono,051,14174,0,0,0,0,0
2020-02-10,Monterey,053,433212,1,0,0,0,0
2020-02-10,Napa,055,140530,0,0,0,0,0
2020-02-10,Nevada,057,99092,0,0,0,0,0
2020-02-10,Orange,059,3164182,35,1,0,1,0
2020-02-10,Placer,061,380077,0,0,0,0,0
2020-02-10,Plumas,063,18699,0,0,0,0,0
2020-02-10,Riverside,065,2383286,4,0,0,0,0
2020-02-10,Sacramento,067,1510023,1,0,0,0,0
2020-02-10,San Benito,069,59416,0,2,0,2,0
2020-02-10,San Bernardino,071,2135413,7,0,0,0,0
2020-02-10,San Diego,073,3302833,2,0,0,0,0
2020-02-10,San Francisco,075,870044,2,0,0,0,0
2020-02-10,San Joaquin,077,732212,0,0,1,1,0
2020-02-10,San Luis Obispo,079,281455,0,0,0,0,0
2020-02-10,San Mateo,081,765935,2,0,0,0,0
2020-02-10,Santa Barbara,083,443738,0,0,0,0,0
2020-02-10,Santa Clara,085,1922200,5,2,0,2,0
2020-02-10,Santa Cruz,087,273765,0,0,0,0,0
2020-02-10,Shasta,089,179085,0,0,0,0,0
2020-02-10,Sierra,091,2930,0,0,0,0,0
2020-02-10,Siskiyou,093,43540,0,0,0,0,0
2020-02-10,Solano,095,438530,0,0,0,0,0
2020-02-10,Sonoma,097,501317,0,0,0,0,0
2020-02-10,Stanislaus,099,539301,1,0,0,0,0
2020-02-10,Sutter,101,95872,0,0,0,0,0
2020-02-10,Tehama,103,63373,0,0,0,0,0
2020-02-10,Trinity,105,12862,0,0,0,0,0
2020-02-10,Tulare,107,460477,2,0,0,0,0
2020-02-10,Tuolumne,109,53932,0,0,0,0,0
2020-02-10,Ventura,111,848112,2,0,0,0,0
2020-02-10,Yolo,113,214977,0,0,0,0,0
2020-02-10,Yuba,115,75493,0,0,0,0,0
2020-02-09,Alameda,001,1643700,4,0,0,0,0
2020-02-09,Alpine,003,1148,0,0,0,0,0
2020-02-09,Amador,005,37829,0,0,0,0,0
2020-02-09,Butte,007,227075,0,0,0,0,0
2020-02-09,Calaveras,009,45235,0,0,0,0,0
2020-02-09,Colusa,011,21464,0,0,0,0,0
2020-02-09,Contra Costa,013,1133247,3,0,0,0,0
2020-02-09,Del Norte,015,27424,0,0,0,0,0
2020-02-09,El Dorado,017,186661,0,0,0,0,0
2020-02-09,Fresno,019,978130,0,0,0,0,0
2020-02-09,Glenn,021,27897,0,0,0,0,0
2020-02-09,Humboldt,023,135768,0,0,0,0,0
2020-02-09,Imperial,025,180216,0,0,0,0,0
2020-02-09,Inyo,027,18085,0,0,0,0,0
2020-02-09,Kern,029,883053,2,0,0,0,0
2020-02-09,Kings,031,150075,1,0,0,0,0
2020-02-09,Lake,033,64148,0,0,0,0,0
2020-02-09,Lassen,035,31185,0,0,0,0,0
2020-02-09,Los Angeles,037,10098052,26,1,3,4,0
2020-02-09,Madera,039,155013,0,0,0,0,0
2020-02-09,Marin,041,260295,0,0,0,0,0
2020-02-09,Mariposa,043,17540,0,0,0,0,0
2020-02-09,Mendocino,045,87422,0,0,0,0,0
2020-02-09,Merced,047,269075,0,0,0,0,0
2020-02-09,Modoc,049,8938,0,0,0,0,0
2020-02-09,Mono,051,14174,0,0,0,0,0
2020-02-09,Monterey,053,433212,1,0,0,0,0
2020-02-09,Napa,055,140530,0,0,0,0,0
2020-02-09,Nevada,057,99092,0,0,0,0,0
2020-02-09,Orange,059,3164182,35,1,0,1,0
2020-02-09,Placer,061,380077,0,0,0,0,0
2020-02-09,Plumas,063,18699,0,0,0,0,0
2020-02-09,Riverside,065,2383286,4,0,0,0,0
2020-02-09,Sacramento,067,1510023,0,0,0,0,0
2020-02-09,San Benito,069,59416,0,2,0,2,0
2020-02-09,San Bernardino,071,2135413,7,0,0,0,0
2020-02-09,San Diego,073,3302833,2,0,0,0,0
2020-02-09,San Francisco,075,870044,1,0,0,0,0
2020-02-09,San Joaquin,077,732212,0,0,1,1,0
2020-02-09,San Luis Obispo,079,281455,0,0,0,0,0
2020-02-09,San Mateo,081,765935,2,0,0,0,0
2020-02-09,Santa Barbara,083,443738,0,0,0,0,0
2020-02-09,Santa Clara,085,1922200,4,2,0,2,0
2020-02-09,Santa Cruz,087,273765,0,0,0,0,0
2020-02-09,Shasta,089,179085,0,0,0,0,0
2020-02-09,Sierra,091,2930,0,0,0,0,0
2020-02-09,Siskiyou,093,43540,0,0,0,0,0
2020-02-09,Solano,095,438530,0,0,0,0,0
2020-02-09,Sonoma,097,501317,0,0,0,0,0
2020-02-09,Stanislaus,099,539301,0,0,0,0,0
2020-02-09,Sutter,101,95872,0,0,0,0,0
2020-02-09,Tehama,103,63373,0,0,0,0,0
2020-02-09,Trinity,105,12862,0,0,0,0,0
2020-02-09,Tulare,107,460477,2,0,0,0,0
2020-02-09,Tuolumne,109,53932,0,0,0,0,0
2020-02-09,Ventura,111,848112,1,0,0,0,0
2020-02-09,Yolo,113,214977,0,0,0,0,0
2020-02-09,Yuba,115,75493,0,0,0,0,0
2020-02-08,Alameda,001,1643700,3,0,0,0,0
2020-02-08,Alpine,003,1148,0,0,0,0,0
2020-02-08,Amador,005,37829,0,0,0,0,0
2020-02-08,Butte,007,227075,0,0,0,0,0
2020-02-08,Calaveras,009,45235,0,0,0,0,0
2020-02-08,Colusa,011,21464,0,0,0,0,0
2020-02-08,Contra Costa,013,1133247,2,0,0,0,0
2020-02-08,Del Norte,015,27424,0,0,0,0,0
2020-02-08,El Dorado,017,186661,0,0,0,0,0
2020-02-08,Fresno,019,978130,0,0,0,0,0
2020-02-08,Glenn,021,27897,0,0,0,0,0
2020-02-08,Humboldt,023,135768,0,0,0,0,0
2020-02-08,Imperial,025,180216,0,0,0,0,0
2020-02-08,Inyo,027,18085,0,0,0,0,0
2020-02-08,Kern,029,883053,2,0,0,0,0
2020-02-08,Kings,031,150075,1,0,0,0,0
2020-02-08,Lake,033,64148,0,0,0,0,0
2020-02-08,Lassen,035,31185,0,0,0,0,0
2020-02-08,Los Angeles,037,10098052,23,1,1,2,0
2020-02-08,Madera,039,155013,0,0,0,0,0
2020-02-08,Marin,041,260295,0,0,0,0,0
2020-02-08,Mariposa,043,17540,0,0,0,0,0
2020-02-08,Mendocino,045,87422,0,0,0,0,0
2020-02-08,Merced,047,269075,0,0,0,0,0
2020-02-08,Modoc,049,8938,0,0,0,0,0
2020-02-08,Mono,051,14174,0,0,0,0,0
2020-02-08,Monterey,053,433212,1,0,0,0,0
2020-02-08,Napa,055,140530,0,0,0,0,0
2020-02-08,Nevada,057,99092,0,0,0,0,0
2020-02-08,Orange,059,3164182,35,1,0,1,0
2020-02-08,Placer,061,380077,0,0,0,0,0
2020-02-08,Plumas,063,18699,0,0,0,0,0
2020-02-08,Riverside,065,2383286,4,0,0,0,0
2020-02-08,Sacramento,067,1510023,0,0,0,0,0
2020-02-08,San Benito,069,59416,0,2,0,2,0
2020-02-08,San Bernardino,071,2135413,7,0,0,0,0
2020-02-08,San Diego,073,3302833,1,0,0,0,0
2020-02-08,San Francisco,075,870044,1,0,0,0,0
2020-02-08,San Joaquin,077,732212,0,0,1,1,0
2020-02-08,San Luis Obispo,079,281455,0,0,0,0,0
2020-02-08,San Mateo,081,765935,2,0,0,0,0
2020-02-08,Santa Barbara,083,443738,0,0,0,0,0
2020-02-08,Santa Clara,085,1922200,4,2,0,2,0
2020-02-08,Santa Cruz,087,273765,0,0,0,0,0
2020-02-08,Shasta,089,179085,0,0,0,0,0
2020-02-08,Sierra,091,2930,0,0,0,0,0
2020-02-08,Siskiyou,093,43540,0,0,0,0,0
2020-02-08,Solano,095,438530,0,0,0,0,0
2020-02-08,Sonoma,097,501317,0,0,0,0,0
2020-02-08,Stanislaus,099,539301,0,0,0,0,0
2020-02-08,Sutter,101,95872,0,0,0,0,0
2020-02-08,Tehama,103,63373,0,0,0,0,0
2020-02-08,Trinity,105,12862,0,0,0,0,0
2020-02-08,Tulare,107,460477,2,0,0,0,0
2020-02-08,Tuolumne,109,53932,0,0,0,0,0
2020-02-08,Ventura,111,848112,1,0,0,0,0
2020-02-08,Yolo,113,214977,0,0,0,0,0
2020-02-08,Yuba,115,75493,0,0,0,0,0
2020-02-07,Alameda,001,1643700,3,0,0,0,0
2020-02-07,Alpine,003,1148,0,0,0,0,0
2020-02-07,Amador,005,37829,0,0,0,0,0
2020-02-07,Butte,007,227075,0,0,0,0,0
2020-02-07,Calaveras,009,45235,0,0,0,0,0
2020-02-07,Colusa,011,21464,0,0,0,0,0
2020-02-07,Contra Costa,013,1133247,2,0,0,0,0
2020-02-07,Del Norte,015,27424,0,0,0,0,0
2020-02-07,El Dorado,017,186661,0,0,0,0,0
2020-02-07,Fresno,019,978130,0,0,0,0,0
2020-02-07,Glenn,021,27897,0,0,0,0,0
2020-02-07,Humboldt,023,135768,0,0,0,0,0
2020-02-07,Imperial,025,180216,0,0,0,0,0
2020-02-07,Inyo,027,18085,0,0,0,0,0
2020-02-07,Kern,029,883053,2,0,0,0,0
2020-02-07,Kings,031,150075,1,0,0,0,0
2020-02-07,Lake,033,64148,0,0,0,0,0
2020-02-07,Lassen,035,31185,0,0,0,0,0
2020-02-07,Los Angeles,037,10098052,22,1,0,1,0
2020-02-07,Madera,039,155013,0,0,0,0,0
2020-02-07,Marin,041,260295,0,0,0,0,0
2020-02-07,Mariposa,043,17540,0,0,0,0,0
2020-02-07,Mendocino,045,87422,0,0,0,0,0
2020-02-07,Merced,047,269075,0,0,0,0,0
2020-02-07,Modoc,049,8938,0,0,0,0,0
2020-02-07,Mono,051,14174,0,0,0,0,0
2020-02-07,Monterey,053,433212,1,0,0,0,0
2020-02-07,Napa,055,140530,0,0,0,0,0
2020-02-07,Nevada,057,99092,0,0,0,0,0
2020-02-07,Orange,059,3164182,33,1,0,1,0
2020-02-07,Placer,061,380077,0,0,0,0,0
2020-02-07,Plumas,063,18699,0,0,0,0,0
2020-02-07,Riverside,065,2383286,4,0,0,0,0
2020-02-07,Sacramento,067,1510023,0,0,0,0,0
2020-02-07,San Benito,069,59416,0,2,0,2,0
2020-02-07,San Bernardino,071,2135413,4,0,0,0,0
2020-02-07,San Diego,073,3302833,1,0,0,0,0
2020-02-07,San Francisco,075,870044,1,0,0,0,0
2020-02-07,San Joaquin,077,732212,0,0,1,1,0
2020-02-07,San Luis Obispo,079,281455,0,0,0,0,0
2020-02-07,San Mateo,081,765935,1,0,0,0,0
2020-02-07,Santa Barbara,083,443738,0,0,0,0,0
2020-02-07,Santa Clara,085,1922200,4,2,0,2,0
2020-02-07,Santa Cruz,087,273765,0,0,0,0,0
2020-02-07,Shasta,089,179085,0,0,0,0,0
2020-02-07,Sierra,091,2930,0,0,0,0,0
2020-02-07,Siskiyou,093,43540,0,0,0,0,0
2020-02-07,Solano,095,438530,0,0,0,0,0
2020-02-07,Sonoma,097,501317,0,0,0,0,0
2020-02-07,Stanislaus,099,539301,0,0,0,0,0
2020-02-07,Sutter,101,95872,0,0,0,0,0
2020-02-07,Tehama,103,63373,0,0,0,0,0
2020-02-07,Trinity,105,12862,0,0,0,0,0
2020-02-07,Tulare,107,460477,2,0,0,0,0
2020-02-07,Tuolumne,109,53932,0,0,0,0,0
2020-02-07,Ventura,111,848112,1,0,0,0,0
2020-02-07,Yolo,113,214977,0,0,0,0,0
2020-02-07,Yuba,115,75493,0,0,0,0,0
2020-02-06,Alameda,001,1643700,3,0,0,0,0
2020-02-06,Alpine,003,1148,0,0,0,0,0
2020-02-06,Amador,005,37829,0,0,0,0,0
2020-02-06,Butte,007,227075,0,0,0,0,0
2020-02-06,Calaveras,009,45235,0,0,0,0,0
2020-02-06,Colusa,011,21464,0,0,0,0,0
2020-02-06,Contra Costa,013,1133247,2,0,0,0,0
2020-02-06,Del Norte,015,27424,0,0,0,0,0
2020-02-06,El Dorado,017,186661,0,0,0,0,0
2020-02-06,Fresno,019,978130,0,0,0,0,0
2020-02-06,Glenn,021,27897,0,0,0,0,0
2020-02-06,Humboldt,023,135768,0,0,0,0,0
2020-02-06,Imperial,025,180216,0,0,0,0,0
2020-02-06,Inyo,027,18085,0,0,0,0,0
2020-02-06,Kern,029,883053,2,0,0,0,0
2020-02-06,Kings,031,150075,0,0,0,0,0
2020-02-06,Lake,033,64148,0,0,0,0,0
2020-02-06,Lassen,035,31185,0,0,0,0,0
2020-02-06,Los Angeles,037,10098052,21,1,0,1,0
2020-02-06,Madera,039,155013,0,0,0,0,0
2020-02-06,Marin,041,260295,0,0,0,0,0
2020-02-06,Mariposa,043,17540,0,0,0,0,0
2020-02-06,Mendocino,045,87422,0,0,0,0,0
2020-02-06,Merced,047,269075,0,0,0,0,0
2020-02-06,Modoc,049,8938,0,0,0,0,0
2020-02-06,Mono,051,14174,0,0,0,0,0
2020-02-06,Monterey,053,433212,1,0,0,0,0
2020-02-06,Napa,055,140530,0,0,0,0,0
2020-02-06,Nevada,057,99092,0,0,0,0,0
2020-02-06,Orange,059,3164182,3,1,0,1,0
2020-02-06,Placer,061,380077,0,0,0,0,0
2020-02-06,Plumas,063,18699,0,0,0,0,0
2020-02-06,Riverside,065,2383286,4,0,0,0,0
2020-02-06,Sacramento,067,1510023,0,0,0,0,0
2020-02-06,San Benito,069,59416,0,2,0,2,0
2020-02-06,San Bernardino,071,2135413,4,0,0,0,0
2020-02-06,San Diego,073,3302833,1,0,0,0,0
2020-02-06,San Francisco,075,870044,1,0,0,0,0
2020-02-06,San Joaquin,077,732212,0,0,1,1,0
2020-02-06,San Luis Obispo,079,281455,0,0,0,0,0
2020-02-06,San Mateo,081,765935,1,0,0,0,0
2020-02-06,Santa Barbara,083,443738,0,0,0,0,0
2020-02-06,Santa Clara,085,1922200,4,2,0,2,0
2020-02-06,Santa Cruz,087,273765,0,0,0,0,0
2020-02-06,Shasta,089,179085,0,0,0,0,0
2020-02-06,Sierra,091,2930,0,0,0,0,0
2020-02-06,Siskiyou,093,43540,0,0,0,0,0
2020-02-06,Solano,095,438530,0,0,0,0,0
2020-02-06,Sonoma,097,501317,0,0,0,0,0
2020-02-06,Stanislaus,099,539301,0,0,0,0,0
2020-02-06,Sutter,101,95872,0,0,0,0,0
2020-02-06,Tehama,103,63373,0,0,0,0,0
2020-02-06,Trinity,105,12862,0,0,0,0,0
2020-02-06,Tulare,107,460477,2,0,0,0,0
2020-02-06,Tuolumne,109,53932,0,0,0,0,0
2020-02-06,Ventura,111,848112,1,0,0,0,0
2020-02-06,Yolo,113,214977,0,0,0,0,0
2020-02-06,Yuba,115,75493,0,0,0,0,0
2020-02-05,Alameda,001,1643700,3,0,0,0,0
2020-02-05,Alpine,003,1148,0,0,0,0,0
2020-02-05,Amador,005,37829,0,0,0,0,0
2020-02-05,Butte,007,227075,0,0,0,0,0
2020-02-05,Calaveras,009,45235,0,0,0,0,0
2020-02-05,Colusa,011,21464,0,0,0,0,0
2020-02-05,Contra Costa,013,1133247,2,0,0,0,0
2020-02-05,Del Norte,015,27424,0,0,0,0,0
2020-02-05,El Dorado,017,186661,0,0,0,0,0
2020-02-05,Fresno,019,978130,0,0,0,0,0
2020-02-05,Glenn,021,27897,0,0,0,0,0
2020-02-05,Humboldt,023,135768,0,0,0,0,0
2020-02-05,Imperial,025,180216,0,0,0,0,0
2020-02-05,Inyo,027,18085,0,0,0,0,0
2020-02-05,Kern,029,883053,1,0,0,0,0
2020-02-05,Kings,031,150075,0,0,0,0,0
2020-02-05,Lake,033,64148,0,0,0,0,0
2020-02-05,Lassen,035,31185,0,0,0,0,0
2020-02-05,Los Angeles,037,10098052,21,1,0,1,0
2020-02-05,Madera,039,155013,0,0,0,0,0
2020-02-05,Marin,041,260295,0,0,0,0,0
2020-02-05,Mariposa,043,17540,0,0,0,0,0
2020-02-05,Mendocino,045,87422,0,0,0,0,0
2020-02-05,Merced,047,269075,0,0,0,0,0
2020-02-05,Modoc,049,8938,0,0,0,0,0
2020-02-05,Mono,051,14174,0,0,0,0,0
2020-02-05,Monterey,053,433212,1,0,0,0,0
2020-02-05,Napa,055,140530,0,0,0,0,0
2020-02-05,Nevada,057,99092,0,0,0,0,0
2020-02-05,Orange,059,3164182,1,1,0,1,0
2020-02-05,Placer,061,380077,0,0,0,0,0
2020-02-05,Plumas,063,18699,0,0,0,0,0
2020-02-05,Riverside,065,2383286,4,0,0,0,0
2020-02-05,Sacramento,067,1510023,0,0,0,0,0
2020-02-05,San Benito,069,59416,0,2,0,2,0
2020-02-05,San Bernardino,071,2135413,4,0,0,0,0
2020-02-05,San Diego,073,3302833,0,0,0,0,0
2020-02-05,San Francisco,075,870044,1,0,0,0,0
2020-02-05,San Joaquin,077,732212,0,0,1,1,0
2020-02-05,San Luis Obispo,079,281455,0,0,0,0,0
2020-02-05,San Mateo,081,765935,1,0,0,0,0
2020-02-05,Santa Barbara,083,443738,0,0,0,0,0
2020-02-05,Santa Clara,085,1922200,2,2,0,2,0
2020-02-05,Santa Cruz,087,273765,0,0,0,0,0
2020-02-05,Shasta,089,179085,0,0,0,0,0
2020-02-05,Sierra,091,2930,0,0,0,0,0
2020-02-05,Siskiyou,093,43540,0,0,0,0,0
2020-02-05,Solano,095,438530,0,0,0,0,0
2020-02-05,Sonoma,097,501317,0,0,0,0,0
2020-02-05,Stanislaus,099,539301,0,0,0,0,0
2020-02-05,Sutter,101,95872,0,0,0,0,0
2020-02-05,Tehama,103,63373,0,0,0,0,0
2020-02-05,Trinity,105,12862,0,0,0,0,0
2020-02-05,Tulare,107,460477,2,0,0,0,0
2020-02-05,Tuolumne,109,53932,0,0,0,0,0
2020-02-05,Ventura,111,848112,0,0,0,0,0
2020-02-05,Yolo,113,214977,0,0,0,0,0
2020-02-05,Yuba,115,75493,0,0,0,0,0
2020-02-04,Alameda,001,1643700,3,0,0,0,0
2020-02-04,Alpine,003,1148,0,0,0,0,0
2020-02-04,Amador,005,37829,0,0,0,0,0
2020-02-04,Butte,007,227075,0,0,0,0,0
2020-02-04,Calaveras,009,45235,0,0,0,0,0
2020-02-04,Colusa,011,21464,0,0,0,0,0
2020-02-04,Contra Costa,013,1133247,2,0,0,0,0
2020-02-04,Del Norte,015,27424,0,0,0,0,0
2020-02-04,El Dorado,017,186661,0,0,0,0,0
2020-02-04,Fresno,019,978130,0,0,0,0,0
2020-02-04,Glenn,021,27897,0,0,0,0,0
2020-02-04,Humboldt,023,135768,0,0,0,0,0
2020-02-04,Imperial,025,180216,0,0,0,0,0
2020-02-04,Inyo,027,18085,0,0,0,0,0
2020-02-04,Kern,029,883053,0,0,0,0,0
2020-02-04,Kings,031,150075,0,0,0,0,0
2020-02-04,Lake,033,64148,0,0,0,0,0
2020-02-04,Lassen,035,31185,0,0,0,0,0
2020-02-04,Los Angeles,037,10098052,21,1,0,1,0
2020-02-04,Madera,039,155013,0,0,0,0,0
2020-02-04,Marin,041,260295,0,0,0,0,0
2020-02-04,Mariposa,043,17540,0,0,0,0,0
2020-02-04,Mendocino,045,87422,0,0,0,0,0
2020-02-04,Merced,047,269075,0,0,0,0,0
2020-02-04,Modoc,049,8938,0,0,0,0,0
2020-02-04,Mono,051,14174,0,0,0,0,0
2020-02-04,Monterey,053,433212,1,0,0,0,0
2020-02-04,Napa,055,140530,0,0,0,0,0
2020-02-04,Nevada,057,99092,0,0,0,0,0
2020-02-04,Orange,059,3164182,1,1,0,1,0
2020-02-04,Placer,061,380077,0,0,0,0,0
2020-02-04,Plumas,063,18699,0,0,0,0,0
2020-02-04,Riverside,065,2383286,4,0,0,0,0
2020-02-04,Sacramento,067,1510023,0,0,0,0,0
2020-02-04,San Benito,069,59416,0,2,0,2,0
2020-02-04,San Bernardino,071,2135413,3,0,0,0,0
2020-02-04,San Diego,073,3302833,0,0,0,0,0
2020-02-04,San Francisco,075,870044,1,0,0,0,0
2020-02-04,San Joaquin,077,732212,0,0,1,1,0
2020-02-04,San Luis Obispo,079,281455,0,0,0,0,0
2020-02-04,San Mateo,081,765935,0,0,0,0,0
2020-02-04,Santa Barbara,083,443738,0,0,0,0,0
2020-02-04,Santa Clara,085,1922200,2,2,0,2,0
2020-02-04,Santa Cruz,087,273765,0,0,0,0,0
2020-02-04,Shasta,089,179085,0,0,0,0,0
2020-02-04,Sierra,091,2930,0,0,0,0,0
2020-02-04,Siskiyou,093,43540,0,0,0,0,0
2020-02-04,Solano,095,438530,0,0,0,0,0
2020-02-04,Sonoma,097,501317,0,0,0,0,0
2020-02-04,Stanislaus,099,539301,0,0,0,0,0
2020-02-04,Sutter,101,95872,0,0,0,0,0
2020-02-04,Tehama,103,63373,0,0,0,0,0
2020-02-04,Trinity,105,12862,0,0,0,0,0
2020-02-04,Tulare,107,460477,2,0,0,0,0
2020-02-04,Tuolumne,109,53932,0,0,0,0,0
2020-02-04,Ventura,111,848112,0,0,0,0,0
2020-02-04,Yolo,113,214977,0,0,0,0,0
2020-02-04,Yuba,115,75493,0,0,0,0,0
2020-02-03,Alameda,001,1643700,3,0,0,0,0
2020-02-03,Alpine,003,1148,0,0,0,0,0
2020-02-03,Amador,005,37829,0,0,0,0,0
2020-02-03,Butte,007,227075,0,0,0,0,0
2020-02-03,Calaveras,009,45235,0,0,0,0,0
2020-02-03,Colusa,011,21464,0,0,0,0,0
2020-02-03,Contra Costa,013,1133247,2,0,0,0,0
2020-02-03,Del Norte,015,27424,0,0,0,0,0
2020-02-03,El Dorado,017,186661,0,0,0,0,0
2020-02-03,Fresno,019,978130,0,0,0,0,0
2020-02-03,Glenn,021,27897,0,0,0,0,0
2020-02-03,Humboldt,023,135768,0,0,0,0,0
2020-02-03,Imperial,025,180216,0,0,0,0,0
2020-02-03,Inyo,027,18085,0,0,0,0,0
2020-02-03,Kern,029,883053,0,0,0,0,0
2020-02-03,Kings,031,150075,0,0,0,0,0
2020-02-03,Lake,033,64148,0,0,0,0,0
2020-02-03,Lassen,035,31185,0,0,0,0,0
2020-02-03,Los Angeles,037,10098052,21,1,0,1,0
2020-02-03,Madera,039,155013,0,0,0,0,0
2020-02-03,Marin,041,260295,0,0,0,0,0
2020-02-03,Mariposa,043,17540,0,0,0,0,0
2020-02-03,Mendocino,045,87422,0,0,0,0,0
2020-02-03,Merced,047,269075,0,0,0,0,0
2020-02-03,Modoc,049,8938,0,0,0,0,0
2020-02-03,Mono,051,14174,0,0,0,0,0
2020-02-03,Monterey,053,433212,1,0,0,0,0
2020-02-03,Napa,055,140530,0,0,0,0,0
2020-02-03,Nevada,057,99092,0,0,0,0,0
2020-02-03,Orange,059,3164182,1,1,0,1,0
2020-02-03,Placer,061,380077,0,0,0,0,0
2020-02-03,Plumas,063,18699,0,0,0,0,0
2020-02-03,Riverside,065,2383286,4,0,0,0,0
2020-02-03,Sacramento,067,1510023,0,0,0,0,0
2020-02-03,San Benito,069,59416,0,2,0,2,0
2020-02-03,San Bernardino,071,2135413,3,0,0,0,0
2020-02-03,San Diego,073,3302833,0,0,0,0,0
2020-02-03,San Francisco,075,870044,1,0,0,0,0
2020-02-03,San Joaquin,077,732212,0,0,1,1,0
2020-02-03,San Luis Obispo,079,281455,0,0,0,0,0
2020-02-03,San Mateo,081,765935,0,0,0,0,0
2020-02-03,Santa Barbara,083,443738,0,0,0,0,0
2020-02-03,Santa Clara,085,1922200,2,2,0,2,0
2020-02-03,Santa Cruz,087,273765,0,0,0,0,0
2020-02-03,Shasta,089,179085,0,0,0,0,0
2020-02-03,Sierra,091,2930,0,0,0,0,0
2020-02-03,Siskiyou,093,43540,0,0,0,0,0
2020-02-03,Solano,095,438530,0,0,0,0,0
2020-02-03,Sonoma,097,501317,0,0,0,0,0
2020-02-03,Stanislaus,099,539301,0,0,0,0,0
2020-02-03,Sutter,101,95872,0,0,0,0,0
2020-02-03,Tehama,103,63373,0,0,0,0,0
2020-02-03,Trinity,105,12862,0,0,0,0,0
2020-02-03,Tulare,107,460477,2,0,0,0,0
2020-02-03,Tuolumne,109,53932,0,0,0,0,0
2020-02-03,Ventura,111,848112,0,0,0,0,0
2020-02-03,Yolo,113,214977,0,0,0,0,0
2020-02-03,Yuba,115,75493,0,0,0,0,0
2020-02-02,Alameda,001,1643700,3,0,0,0,0
2020-02-02,Alpine,003,1148,0,0,0,0,0
2020-02-02,Amador,005,37829,0,0,0,0,0
2020-02-02,Butte,007,227075,0,0,0,0,0
2020-02-02,Calaveras,009,45235,0,0,0,0,0
2020-02-02,Colusa,011,21464,0,0,0,0,0
2020-02-02,Contra Costa,013,1133247,1,0,0,0,0
2020-02-02,Del Norte,015,27424,0,0,0,0,0
2020-02-02,El Dorado,017,186661,0,0,0,0,0
2020-02-02,Fresno,019,978130,0,0,0,0,0
2020-02-02,Glenn,021,27897,0,0,0,0,0
2020-02-02,Humboldt,023,135768,0,0,0,0,0
2020-02-02,Imperial,025,180216,0,0,0,0,0
2020-02-02,Inyo,027,18085,0,0,0,0,0
2020-02-02,Kern,029,883053,0,0,0,0,0
2020-02-02,Kings,031,150075,0,0,0,0,0
2020-02-02,Lake,033,64148,0,0,0,0,0
2020-02-02,Lassen,035,31185,0,0,0,0,0
2020-02-02,Los Angeles,037,10098052,17,1,0,1,0
2020-02-02,Madera,039,155013,0,0,0,0,0
2020-02-02,Marin,041,260295,0,0,0,0,0
2020-02-02,Mariposa,043,17540,0,0,0,0,0
2020-02-02,Mendocino,045,87422,0,0,0,0,0
2020-02-02,Merced,047,269075,0,0,0,0,0
2020-02-02,Modoc,049,8938,0,0,0,0,0
2020-02-02,Mono,051,14174,0,0,0,0,0
2020-02-02,Monterey,053,433212,1,0,0,0,0
2020-02-02,Napa,055,140530,0,0,0,0,0
2020-02-02,Nevada,057,99092,0,0,0,0,0
2020-02-02,Orange,059,3164182,1,1,0,1,0
2020-02-02,Placer,061,380077,0,0,0,0,0
2020-02-02,Plumas,063,18699,0,0,0,0,0
2020-02-02,Riverside,065,2383286,3,0,0,0,0
2020-02-02,Sacramento,067,1510023,0,0,0,0,0
2020-02-02,San Benito,069,59416,0,2,0,2,0
2020-02-02,San Bernardino,071,2135413,2,0,0,0,0
2020-02-02,San Diego,073,3302833,0,0,0,0,0
2020-02-02,San Francisco,075,870044,1,0,0,0,0
2020-02-02,San Joaquin,077,732212,0,0,1,1,0
2020-02-02,San Luis Obispo,079,281455,0,0,0,0,0
2020-02-02,San Mateo,081,765935,0,0,0,0,0
2020-02-02,Santa Barbara,083,443738,0,0,0,0,0
2020-02-02,Santa Clara,085,1922200,2,2,0,2,0
2020-02-02,Santa Cruz,087,273765,0,0,0,0,0
2020-02-02,Shasta,089,179085,0,0,0,0,0
2020-02-02,Sierra,091,2930,0,0,0,0,0
2020-02-02,Siskiyou,093,43540,0,0,0,0,0
2020-02-02,Solano,095,438530,0,0,0,0,0
2020-02-02,Sonoma,097,501317,0,0,0,0,0
2020-02-02,Stanislaus,099,539301,0,0,0,0,0
2020-02-02,Sutter,101,95872,0,0,0,0,0
2020-02-02,Tehama,103,63373,0,0,0,0,0
2020-02-02,Trinity,105,12862,0,0,0,0,0
2020-02-02,Tulare,107,460477,2,0,0,0,0
2020-02-02,Tuolumne,109,53932,0,0,0,0,0
2020-02-02,Ventura,111,848112,0,0,0,0,0
2020-02-02,Yolo,113,214977,0,0,0,0,0
2020-02-02,Yuba,115,75493,0,0,0,0,0
2020-02-01,Alameda,001,1643700,3,0,0,0,0
2020-02-01,Alpine,003,1148,0,0,0,0,0
2020-02-01,Amador,005,37829,0,0,0,0,0
2020-02-01,Butte,007,227075,0,0,0,0,0
2020-02-01,Calaveras,009,45235,0,0,0,0,0
2020-02-01,Colusa,011,21464,0,0,0,0,0
2020-02-01,Contra Costa,013,1133247,0,0,0,0,0
2020-02-01,Del Norte,015,27424,0,0,0,0,0
2020-02-01,El Dorado,017,186661,0,0,0,0,0
2020-02-01,Fresno,019,978130,0,0,0,0,0
2020-02-01,Glenn,021,27897,0,0,0,0,0
2020-02-01,Humboldt,023,135768,0,0,0,0,0
2020-02-01,Imperial,025,180216,0,0,0,0,0
2020-02-01,Inyo,027,18085,0,0,0,0,0
2020-02-01,Kern,029,883053,0,0,0,0,0
2020-02-01,Kings,031,150075,0,0,0,0,0
2020-02-01,Lake,033,64148,0,0,0,0,0
2020-02-01,Lassen,035,31185,0,0,0,0,0
2020-02-01,Los Angeles,037,10098052,13,1,0,1,0
2020-02-01,Madera,039,155013,0,0,0,0,0
2020-02-01,Marin,041,260295,0,0,0,0,0
2020-02-01,Mariposa,043,17540,0,0,0,0,0
2020-02-01,Mendocino,045,87422,0,0,0,0,0
2020-02-01,Merced,047,269075,0,0,0,0,0
2020-02-01,Modoc,049,8938,0,0,0,0,0
2020-02-01,Mono,051,14174,0,0,0,0,0
2020-02-01,Monterey,053,433212,0,0,0,0,0
2020-02-01,Napa,055,140530,0,0,0,0,0
2020-02-01,Nevada,057,99092,0,0,0,0,0
2020-02-01,Orange,059,3164182,1,1,0,1,0
2020-02-01,Placer,061,380077,0,0,0,0,0
2020-02-01,Plumas,063,18699,0,0,0,0,0
2020-02-01,Riverside,065,2383286,2,0,0,0,0
2020-02-01,Sacramento,067,1510023,0,0,0,0,0
2020-02-01,San Benito,069,59416,0,0,0,0,0
2020-02-01,San Bernardino,071,2135413,1,0,0,0,0
2020-02-01,San Diego,073,3302833,0,0,0,0,0
2020-02-01,San Francisco,075,870044,1,0,0,0,0
2020-02-01,San Joaquin,077,732212,0,0,1,1,0
2020-02-01,San Luis Obispo,079,281455,0,0,0,0,0
2020-02-01,San Mateo,081,765935,0,0,0,0,0
2020-02-01,Santa Barbara,083,443738,0,0,0,0,0
2020-02-01,Santa Clara,085,1922200,2,1,0,1,0
2020-02-01,Santa Cruz,087,273765,0,0,0,0,0
2020-02-01,Shasta,089,179085,0,0,0,0,0
2020-02-01,Sierra,091,2930,0,0,0,0,0
2020-02-01,Siskiyou,093,43540,0,0,0,0,0
2020-02-01,Solano,095,438530,0,0,0,0,0
2020-02-01,Sonoma,097,501317,0,0,0,0,0
2020-02-01,Stanislaus,099,539301,0,0,0,0,0
2020-02-01,Sutter,101,95872,0,0,0,0,0
2020-02-01,Tehama,103,63373,0,0,0,0,0
2020-02-01,Trinity,105,12862,0,0,0,0,0
2020-02-01,Tulare,107,460477,1,0,0,0,0
2020-02-01,Tuolumne,109,53932,0,0,0,0,0
2020-02-01,Ventura,111,848112,0,0,0,0,0
2020-02-01,Yolo,113,214977,0,0,0,0,0
2020-02-01,Yuba,115,75493,0,0,0,0,0
