date,county,fips,population,confirmed_cases,reported_cases,probable_cases,reported_and_probable_cases,reported_deaths
2022-02-16,Alameda,001,1643700,245695,245662,13240,258902,1691
2022-02-16,Alpine,003,1148,124,124,1,125,0
2022-02-16,Amador,005,37829,8198,8197,638,8835,77
2022-02-16,Butte,007,227075,32103,32095,6467,38562,363
2022-02-16,Calaveras,009,45235,7129,7129,335,7464,107
2022-02-16,Colusa,011,21464,3384,3384,1055,4439,21
2022-02-16,Contra Costa,013,1133247,182450,182423,12513,194936,1179
2022-02-16,Del Norte,015,27424,5474,5473,166,5639,45
2022-02-16,El Dorado,017,186661,26055,26061,3072,29133,189
2022-02-16,Fresno,019,978130,223057,223056,21204,244260,2542
2022-02-16,Glenn,021,27897,4872,4873,1508,6381,39
2022-02-16,Humboldt,023,135768,16341,16342,2809,19151,132
2022-02-16,Imperial,025,180216,53902,53901,10636,64537,861
2022-02-16,Inyo,027,18085,4013,4013,449,4462,52
2022-02-16,Kern,029,883053,186777,186740,40214,226954,2084
2022-02-16,Kings,031,150075,49584,49575,3337,52912,420
2022-02-16,Lake,033,64148,10148,10145,853,10998,125
2022-02-16,Lassen,035,31185,8616,8618,881,9499,55
2022-02-16,Los Angeles,037,10098052,2639747,2640005,120512,2760517,29749
2022-02-16,Madera,039,155013,36395,36382,5812,42194,330
2022-02-16,Marin,041,260295,32378,32381,2119,34500,257
2022-02-16,Mariposa,043,17540,2305,2305,192,2497,6
2022-02-16,Mendocino,045,87422,12603,12605,2758,15363,108
2022-02-16,Merced,047,269075,60785,60776,8093,68869,767
2022-02-16,Modoc,049,8938,711,711,234,945,6
2022-02-16,Mono,051,14174,2953,2953,116,3069,5
2022-02-16,Monterey,053,433212,76639,76624,12634,89258,682
2022-02-16,Napa,055,140530,24895,24897,932,25829,128
2022-02-16,Nevada,057,99092,15671,15677,1158,16835,121
2022-02-16,Orange,059,3164182,537949,537934,40423,578357,6392
2022-02-16,Placer,061,380077,61284,61278,7091,68369,556
2022-02-16,Plumas,063,18699,2644,2644,333,2977,13
2022-02-16,Riverside,065,2383286,580774,580828,27030,607858,6064
2022-02-16,Sacramento,067,1510023,269422,269416,26071,295487,2736
2022-02-16,San Benito,069,59416,12644,12644,503,13147,92
2022-02-16,San Bernardino,071,2135413,552309,552353,23417,575770,6379
2022-02-16,San Diego,073,3302833,728610,728610,47582,776192,4931
2022-02-16,San Francisco,075,870044,120978,120987,8581,129568,756
2022-02-16,San Joaquin,077,732212,162759,162752,8839,171591,2032
2022-02-16,San Luis Obispo,079,281455,50697,50704,3590,54294,425
2022-02-16,San Mateo,081,765935,116432,116438,6829,123267,595
2022-02-16,Santa Barbara,083,443738,83974,83968,4644,88612,642
2022-02-16,Santa Clara,085,1922200,302464,302439,12041,314480,2130
2022-02-16,Santa Cruz,087,273765,45274,45274,1820,47094,250
2022-02-16,Shasta,089,179085,29767,29767,5998,35765,477
2022-02-16,Sierra,091,2930,269,269,40,309,0
2022-02-16,Siskiyou,093,43540,4302,4302,2647,6949,71
2022-02-16,Solano,095,438530,78738,78742,5190,83932,422
2022-02-16,Sonoma,097,501317,80634,80642,1899,82541,431
2022-02-16,Stanislaus,099,539301,115740,115751,15966,131717,1443
2022-02-16,Sutter,101,95872,20014,20020,1791,21811,210
2022-02-16,Tehama,103,63373,11738,11738,2563,14301,152
2022-02-16,Trinity,105,12862,1130,1130,278,1408,20
2022-02-16,Tulare,107,460477,101836,101817,27371,129188,1281
2022-02-16,Tuolumne,109,53932,11991,11991,532,12523,171
2022-02-16,Ventura,111,848112,170122,170117,9064,179181,1372
2022-02-16,Yolo,113,214977,35291,35284,3020,38304,292
2022-02-16,Yuba,115,75493,15404,15405,1143,16548,110
2022-02-15,Alameda,001,1643700,245695,245265,13240,258505,1683
2022-02-15,Alpine,003,1148,124,124,1,125,0
2022-02-15,Amador,005,37829,8198,8183,638,8821,77
2022-02-15,Butte,007,227075,32103,32011,6467,38478,361
2022-02-15,Calaveras,009,45235,7129,7115,335,7450,106
2022-02-15,Colusa,011,21464,3384,3374,1055,4429,21
2022-02-15,Contra Costa,013,1133247,182450,182041,12513,194554,1179
2022-02-15,Del Norte,015,27424,5474,5439,166,5605,45
2022-02-15,El Dorado,017,186661,26055,25988,3072,29060,189
2022-02-15,Fresno,019,978130,223057,222673,21204,243877,2543
2022-02-15,Glenn,021,27897,4872,4862,1508,6370,39
2022-02-15,Humboldt,023,135768,16341,16297,2809,19106,132
2022-02-15,Imperial,025,180216,53902,53813,10636,64449,860
2022-02-15,Inyo,027,18085,4013,4009,449,4458,52
2022-02-15,Kern,029,883053,186777,186324,40214,226538,2072
2022-02-15,Kings,031,150075,49584,49473,3337,52810,418
2022-02-15,Lake,033,64148,10148,10112,853,10965,123
2022-02-15,Lassen,035,31185,8616,8587,881,9468,55
2022-02-15,Los Angeles,037,10098052,2639747,2638266,120512,2758778,29691
2022-02-15,Madera,039,155013,36395,36260,5812,42072,330
2022-02-15,Marin,041,260295,32378,32355,2119,34474,255
2022-02-15,Mariposa,043,17540,2305,2302,192,2494,6
2022-02-15,Mendocino,045,87422,12603,12580,2758,15338,108
2022-02-15,Merced,047,269075,60785,60674,8093,68767,763
2022-02-15,Modoc,049,8938,711,710,234,944,6
2022-02-15,Mono,051,14174,2953,2952,116,3068,5
2022-02-15,Monterey,053,433212,76639,75530,12634,88164,682
2022-02-15,Napa,055,140530,24895,24832,932,25764,127
2022-02-15,Nevada,057,99092,15671,15643,1158,16801,121
2022-02-15,Orange,059,3164182,537949,537478,40423,577901,6374
2022-02-15,Placer,061,380077,61284,61170,7091,68261,554
2022-02-15,Plumas,063,18699,2644,2638,333,2971,13
2022-02-15,Riverside,065,2383286,580774,579940,27030,606970,6049
2022-02-15,Sacramento,067,1510023,269422,268950,26071,295021,2721
2022-02-15,San Benito,069,59416,12644,12616,503,13119,91
2022-02-15,San Bernardino,071,2135413,552309,551803,23417,575220,6372
2022-02-15,San Diego,073,3302833,728610,727486,47582,775068,4914
2022-02-15,San Francisco,075,870044,120978,120759,8581,129340,756
2022-02-15,San Joaquin,077,732212,162759,162518,8839,171357,2021
2022-02-15,San Luis Obispo,079,281455,50697,50534,3590,54124,419
2022-02-15,San Mateo,081,765935,116432,116253,6829,123082,595
2022-02-15,Santa Barbara,083,443738,83974,83734,4644,88378,640
2022-02-15,Santa Clara,085,1922200,302464,301831,12041,313872,2130
2022-02-15,Santa Cruz,087,273765,45274,45171,1820,46991,250
2022-02-15,Shasta,089,179085,29767,29684,5998,35682,477
2022-02-15,Sierra,091,2930,269,269,40,309,0
2022-02-15,Siskiyou,093,43540,4302,4288,2647,6935,70
2022-02-15,Solano,095,438530,78738,78626,5190,83816,426
2022-02-15,Sonoma,097,501317,80634,80433,1899,82332,431
2022-02-15,Stanislaus,099,539301,115740,115549,15966,131515,1429
2022-02-15,Sutter,101,95872,20014,19980,1791,21771,208
2022-02-15,Tehama,103,63373,11738,11717,2563,14280,151
2022-02-15,Trinity,105,12862,1130,1125,278,1403,20
2022-02-15,Tulare,107,460477,101836,101645,27371,129016,1278
2022-02-15,Tuolumne,109,53932,11991,11945,532,12477,171
2022-02-15,Ventura,111,848112,170122,169942,9064,179006,1372
2022-02-15,Yolo,113,214977,35291,35241,3020,38261,289
2022-02-15,Yuba,115,75493,15404,15372,1143,16515,109
2022-02-14,Alameda,001,1643700,245662,244315,13240,257555,1677
2022-02-14,Alpine,003,1148,124,125,1,126,0
2022-02-14,Amador,005,37829,8195,8164,638,8802,77
2022-02-14,Butte,007,227075,32086,31946,6466,38412,360
2022-02-14,Calaveras,009,45235,7121,7097,335,7432,106
2022-02-14,Colusa,011,21464,3381,3367,1052,4419,21
2022-02-14,Contra Costa,013,1133247,182408,181753,12513,194266,1167
2022-02-14,Del Norte,015,27424,5469,5426,165,5591,45
2022-02-14,El Dorado,017,186661,26044,25915,3071,28986,188
2022-02-14,Fresno,019,978130,223017,222360,21204,243564,2538
2022-02-14,Glenn,021,27897,4871,4854,1508,6362,39
2022-02-14,Humboldt,023,135768,16338,16264,2809,19073,132
2022-02-14,Imperial,025,180216,53879,53765,10636,64401,860
2022-02-14,Inyo,027,18085,4013,4010,449,4459,52
2022-02-14,Kern,029,883053,186710,186037,40212,226249,2063
2022-02-14,Kings,031,150075,49567,49395,3335,52730,419
2022-02-14,Lake,033,64148,10141,10090,853,10943,123
2022-02-14,Lassen,035,31185,8611,8539,878,9417,55
2022-02-14,Los Angeles,037,10098052,2639735,2636064,120511,2756575,29650
2022-02-14,Madera,039,155013,36381,36194,5812,42006,330
2022-02-14,Marin,041,260295,32370,32304,2119,34423,255
2022-02-14,Mariposa,043,17540,2305,2295,192,2487,6
2022-02-14,Mendocino,045,87422,12595,12541,2758,15299,108
2022-02-14,Merced,047,269075,60780,60591,8092,68683,758
2022-02-14,Modoc,049,8938,711,707,234,941,6
2022-02-14,Mono,051,14174,2953,2954,116,3070,5
2022-02-14,Monterey,053,433212,76612,75407,12625,88032,678
2022-02-14,Napa,055,140530,24873,24776,931,25707,127
2022-02-14,Nevada,057,99092,15667,15629,1158,16787,121
2022-02-14,Orange,059,3164182,537879,536924,40423,577347,6355
2022-02-14,Placer,061,380077,61256,61123,7091,68214,554
2022-02-14,Plumas,063,18699,2643,2631,332,2963,13
2022-02-14,Riverside,065,2383286,580695,579174,26998,606172,5994
2022-02-14,Sacramento,067,1510023,269344,268547,26071,294618,2717
2022-02-14,San Benito,069,59416,12641,12598,503,13101,91
2022-02-14,San Bernardino,071,2135413,552263,551338,23415,574753,6372
2022-02-14,San Diego,073,3302833,728610,723902,47582,771484,4894
2022-02-14,San Francisco,075,870044,120958,120581,8581,129162,756
2022-02-14,San Joaquin,077,732212,162728,162363,8839,171202,2018
2022-02-14,San Luis Obispo,079,281455,50666,50465,3588,54053,416
2022-02-14,San Mateo,081,765935,116419,116129,6828,122957,592
2022-02-14,Santa Barbara,083,443738,83885,83697,4641,88338,636
2022-02-14,Santa Clara,085,1922200,302421,301319,12041,313360,2127
2022-02-14,Santa Cruz,087,273765,45272,45042,1820,46862,250
2022-02-14,Shasta,089,179085,29751,29595,5992,35587,474
2022-02-14,Sierra,091,2930,269,269,40,309,0
2022-02-14,Siskiyou,093,43540,4298,4278,2647,6925,69
2022-02-14,Solano,095,438530,78724,78533,5190,83723,427
2022-02-14,Sonoma,097,501317,80622,80336,1899,82235,431
2022-02-14,Stanislaus,099,539301,115714,115426,15941,131367,1406
2022-02-14,Sutter,101,95872,19995,19957,1791,21748,209
2022-02-14,Tehama,103,63373,11735,11686,2563,14249,151
2022-02-14,Trinity,105,12862,1130,1123,278,1401,20
2022-02-14,Tulare,107,460477,101808,101448,27358,128806,1276
2022-02-14,Tuolumne,109,53932,11982,11920,532,12452,170
2022-02-14,Ventura,111,848112,170102,169725,9060,178785,1361
2022-02-14,Yolo,113,214977,35281,35112,3020,38132,286
2022-02-14,Yuba,115,75493,15386,15375,1138,16513,108
2022-02-13,Alameda,001,1643700,245360,243681,13225,256906,1677
2022-02-13,Alpine,003,1148,124,125,1,126,0
2022-02-13,Amador,005,37829,8188,8146,635,8781,77
2022-02-13,Butte,007,227075,32041,31865,6455,38320,360
2022-02-13,Calaveras,009,45235,7116,7083,334,7417,106
2022-02-13,Colusa,011,21464,3378,3366,1052,4418,21
2022-02-13,Contra Costa,013,1133247,182185,181313,12510,193823,1159
2022-02-13,Del Norte,015,27424,5449,5379,165,5544,45
2022-02-13,El Dorado,017,186661,26022,25871,3069,28940,188
2022-02-13,Fresno,019,978130,222691,221686,21178,242864,2537
2022-02-13,Glenn,021,27897,4865,4847,1508,6355,39
2022-02-13,Humboldt,023,135768,16312,16210,2788,18998,132
2022-02-13,Imperial,025,180216,53807,53658,10617,64275,860
2022-02-13,Inyo,027,18085,4012,4006,446,4452,52
2022-02-13,Kern,029,883053,186624,185640,40209,225849,2063
2022-02-13,Kings,031,150075,49498,49243,3327,52570,416
2022-02-13,Lake,033,64148,10119,10042,846,10888,123
2022-02-13,Lassen,035,31185,8597,8503,877,9380,55
2022-02-13,Los Angeles,037,10098052,2639546,2631267,120493,2751760,29595
2022-02-13,Madera,039,155013,36310,36054,5801,41855,330
2022-02-13,Marin,041,260295,32335,32222,2115,34337,255
2022-02-13,Mariposa,043,17540,2301,2292,191,2483,6
2022-02-13,Mendocino,045,87422,12574,12521,2749,15270,108
2022-02-13,Merced,047,269075,60705,60460,8070,68530,758
2022-02-13,Modoc,049,8938,710,704,233,937,6
2022-02-13,Mono,051,14174,2951,2949,116,3065,5
2022-02-13,Monterey,053,433212,76531,75295,12597,87892,678
2022-02-13,Napa,055,140530,24836,24743,929,25672,127
2022-02-13,Nevada,057,99092,15655,15590,1155,16745,121
2022-02-13,Orange,059,3164182,537587,536134,40416,576550,6355
2022-02-13,Placer,061,380077,61200,61020,7086,68106,554
2022-02-13,Plumas,063,18699,2633,2626,327,2953,13
2022-02-13,Riverside,065,2383286,580349,578363,26979,605342,5995
2022-02-13,Sacramento,067,1510023,269100,267947,26003,293950,2699
2022-02-13,San Benito,069,59416,12614,12578,503,13081,91
2022-02-13,San Bernardino,071,2135413,551908,550632,23402,574034,6367
2022-02-13,San Diego,073,3302833,728484,723902,47499,771401,4894
2022-02-13,San Francisco,075,870044,120775,120295,8578,128873,756
2022-02-13,San Joaquin,077,732212,162562,162028,8832,170860,2018
2022-02-13,San Luis Obispo,079,281455,50569,50384,3584,53968,415
2022-02-13,San Mateo,081,765935,116292,115876,6820,122696,592
2022-02-13,Santa Barbara,083,443738,83784,83547,4637,88184,635
2022-02-13,Santa Clara,085,1922200,301995,300412,12019,312431,2114
2022-02-13,Santa Cruz,087,273765,45202,44887,1819,46706,240
2022-02-13,Shasta,089,179085,29708,29531,5984,35515,474
2022-02-13,Sierra,091,2930,269,269,40,309,0
2022-02-13,Siskiyou,093,43540,4293,4264,2634,6898,69
2022-02-13,Solano,095,438530,78658,78424,5182,83606,426
2022-02-13,Sonoma,097,501317,80555,80172,1899,82071,431
2022-02-13,Stanislaus,099,539301,115603,115156,15893,131049,1406
2022-02-13,Sutter,101,95872,19974,19900,1789,21689,209
2022-02-13,Tehama,103,63373,11721,11644,2559,14203,151
2022-02-13,Trinity,105,12862,1128,1120,275,1395,20
2022-02-13,Tulare,107,460477,101672,101135,27294,128429,1276
2022-02-13,Tuolumne,109,53932,11957,11891,532,12423,170
2022-02-13,Ventura,111,848112,169985,169422,9048,178470,1361
2022-02-13,Yolo,113,214977,35260,35057,3014,38071,286
2022-02-13,Yuba,115,75493,15368,15346,1136,16482,107
2022-02-12,Alameda,001,1643700,245210,242137,13221,255358,1668
2022-02-12,Alpine,003,1148,124,124,1,125,0
2022-02-12,Amador,005,37829,8185,8091,635,8726,76
2022-02-12,Butte,007,227075,32020,31601,6452,38053,360
2022-02-12,Calaveras,009,45235,7113,7022,333,7355,106
2022-02-12,Colusa,011,21464,3375,3345,1052,4397,21
2022-02-12,Contra Costa,013,1133247,182033,180270,12507,192777,1141
2022-02-12,Del Norte,015,27424,5446,5262,165,5427,45
2022-02-12,El Dorado,017,186661,26015,25692,3068,28760,188
2022-02-12,Fresno,019,978130,222544,219909,21171,241080,2509
2022-02-12,Glenn,021,27897,4862,4818,1507,6325,39
2022-02-12,Humboldt,023,135768,16297,16058,2788,18846,132
2022-02-12,Imperial,025,180216,53776,53304,10606,63910,860
2022-02-12,Inyo,027,18085,4010,3991,446,4437,52
2022-02-12,Kern,029,883053,186548,184639,40208,224847,2037
2022-02-12,Kings,031,150075,49481,48893,3327,52220,415
2022-02-12,Lake,033,64148,10113,9926,836,10762,123
2022-02-12,Lassen,035,31185,8582,8477,877,9354,55
2022-02-12,Los Angeles,037,10098052,2639151,2616426,120446,2736872,29364
2022-02-12,Madera,039,155013,36294,35710,5797,41507,330
2022-02-12,Marin,041,260295,32312,32048,2111,34159,255
2022-02-12,Mariposa,043,17540,2301,2286,191,2477,6
2022-02-12,Mendocino,045,87422,12567,12439,2749,15188,107
2022-02-12,Merced,047,269075,60667,60187,8070,68257,758
2022-02-12,Modoc,049,8938,710,697,233,930,6
2022-02-12,Mono,051,14174,2951,2939,116,3055,5
2022-02-12,Monterey,053,433212,76494,74842,12591,87433,672
2022-02-12,Napa,055,140530,24819,24530,929,25459,124
2022-02-12,Nevada,057,99092,15651,15499,1154,16653,119
2022-02-12,Orange,059,3164182,537334,534503,40388,574891,6305
2022-02-12,Placer,061,380077,61163,60636,7086,67722,554
2022-02-12,Plumas,063,18699,2630,2617,326,2943,13
2022-02-12,Riverside,065,2383286,580093,575566,26966,602532,5961
2022-02-12,Sacramento,067,1510023,268899,266347,25997,292344,2686
2022-02-12,San Benito,069,59416,12603,12526,503,13029,91
2022-02-12,San Bernardino,071,2135413,551745,548822,23396,572218,6360
2022-02-12,San Diego,073,3302833,728203,720287,47464,767751,4854
2022-02-12,San Francisco,075,870044,120690,119113,8564,127677,740
2022-02-12,San Joaquin,077,732212,162493,161234,8831,170065,2014
2022-02-12,San Luis Obispo,079,281455,50547,50064,3583,53647,416
2022-02-12,San Mateo,081,765935,116217,115235,6813,122048,589
2022-02-12,Santa Barbara,083,443738,83712,83390,4632,88022,631
2022-02-12,Santa Clara,085,1922200,301726,298176,12016,310192,2093
2022-02-12,Santa Cruz,087,273765,45175,44447,1818,46265,239
2022-02-12,Shasta,089,179085,29693,29370,5982,35352,473
2022-02-12,Sierra,091,2930,269,268,39,307,0
2022-02-12,Siskiyou,093,43540,4286,4231,2634,6865,68
2022-02-12,Solano,095,438530,78623,77865,5181,83046,424
2022-02-12,Sonoma,097,501317,80477,79533,1898,81431,431
2022-02-12,Stanislaus,099,539301,115528,114531,15886,130417,1406
2022-02-12,Sutter,101,95872,19964,19800,1789,21589,211
2022-02-12,Tehama,103,63373,11714,11580,2558,14138,151
2022-02-12,Trinity,105,12862,1127,1115,275,1390,20
2022-02-12,Tulare,107,460477,101602,100434,27272,127706,1273
2022-02-12,Tuolumne,109,53932,11951,11754,532,12286,125
2022-02-12,Ventura,111,848112,169901,168736,9044,177780,1340
2022-02-12,Yolo,113,214977,35234,34773,3011,37784,286
2022-02-12,Yuba,115,75493,15359,15242,1136,16378,107
2022-02-11,Alameda,001,1643700,244951,242137,13212,255349,1668
2022-02-11,Alpine,003,1148,124,124,1,125,0
2022-02-11,Amador,005,37829,8175,8091,635,8726,76
2022-02-11,Butte,007,227075,31979,31601,6444,38045,360
2022-02-11,Calaveras,009,45235,7109,7022,333,7355,106
2022-02-11,Colusa,011,21464,3373,3345,1052,4397,21
2022-02-11,Contra Costa,013,1133247,181861,180270,12497,192767,1141
2022-02-11,Del Norte,015,27424,5437,5262,165,5427,45
2022-02-11,El Dorado,017,186661,25996,25692,3066,28758,188
2022-02-11,Fresno,019,978130,222265,219909,21167,241076,2509
2022-02-11,Glenn,021,27897,4859,4818,1507,6325,39
2022-02-11,Humboldt,023,135768,16275,16058,2786,18844,132
2022-02-11,Imperial,025,180216,53745,53304,10604,63908,860
2022-02-11,Inyo,027,18085,4008,3991,446,4437,52
2022-02-11,Kern,029,883053,186416,184639,40201,224840,2037
2022-02-11,Kings,031,150075,49449,48893,3327,52220,415
2022-02-11,Lake,033,64148,10089,9926,835,10761,123
2022-02-11,Lassen,035,31185,8543,8477,877,9354,55
2022-02-11,Los Angeles,037,10098052,2637950,2616426,120383,2736809,29364
2022-02-11,Madera,039,155013,36254,35710,5793,41503,330
2022-02-11,Marin,041,260295,32280,32048,2111,34159,255
2022-02-11,Mariposa,043,17540,2298,2286,191,2477,6
2022-02-11,Mendocino,045,87422,12555,12439,2749,15188,107
2022-02-11,Merced,047,269075,60624,60187,8070,68257,758
2022-02-11,Modoc,049,8938,708,697,233,930,6
2022-02-11,Mono,051,14174,2950,2939,116,3055,5
2022-02-11,Monterey,053,433212,76390,74842,12585,87427,672
2022-02-11,Napa,055,140530,24795,24530,929,25459,124
2022-02-11,Nevada,057,99092,15640,15499,1152,16651,119
2022-02-11,Orange,059,3164182,536988,534503,40324,574827,6305
2022-02-11,Placer,061,380077,61122,60636,7086,67722,554
2022-02-11,Plumas,063,18699,2630,2617,326,2943,13
2022-02-11,Riverside,065,2383286,579740,575566,26960,602526,5961
2022-02-11,Sacramento,067,1510023,268665,266347,25985,292332,2686
2022-02-11,San Benito,069,59416,12598,12526,503,13029,91
2022-02-11,San Bernardino,071,2135413,551516,548822,23384,572206,6360
2022-02-11,San Diego,073,3302833,727608,720287,47434,767721,4854
2022-02-11,San Francisco,075,870044,120596,119113,8549,127662,740
2022-02-11,San Joaquin,077,732212,162361,161234,8823,170057,2014
2022-02-11,San Luis Obispo,079,281455,50513,50064,3578,53642,416
2022-02-11,San Mateo,081,765935,116127,115235,6806,122041,589
2022-02-11,Santa Barbara,083,443738,83643,83390,4632,88022,631
2022-02-11,Santa Clara,085,1922200,301331,298176,12000,310176,2093
2022-02-11,Santa Cruz,087,273765,45090,44447,1817,46264,239
2022-02-11,Shasta,089,179085,29663,29370,5979,35349,473
2022-02-11,Sierra,091,2930,269,268,39,307,0
2022-02-11,Siskiyou,093,43540,4283,4231,2633,6864,68
2022-02-11,Solano,095,438530,78536,77865,5175,83040,424
2022-02-11,Sonoma,097,501317,80418,79533,1897,81430,431
2022-02-11,Stanislaus,099,539301,115449,114531,15878,130409,1406
2022-02-11,Sutter,101,95872,19941,19800,1787,21587,211
2022-02-11,Tehama,103,63373,11704,11580,2558,14138,151
2022-02-11,Trinity,105,12862,1125,1115,275,1390,20
2022-02-11,Tulare,107,460477,101505,100434,27229,127663,1273
2022-02-11,Tuolumne,109,53932,11938,11754,532,12286,125
2022-02-11,Ventura,111,848112,169782,168736,9042,177778,1340
2022-02-11,Yolo,113,214977,35212,34773,3009,37782,286
2022-02-11,Yuba,115,75493,15345,15242,1136,16378,107
2022-02-10,Alameda,001,1643700,244421,242137,13165,255302,1668
2022-02-10,Alpine,003,1148,124,124,1,125,0
2022-02-10,Amador,005,37829,8164,8091,630,8721,76
2022-02-10,Butte,007,227075,31929,31601,6433,38034,360
2022-02-10,Calaveras,009,45235,7097,7022,331,7353,106
2022-02-10,Colusa,011,21464,3368,3345,1051,4396,21
2022-02-10,Contra Costa,013,1133247,181531,180270,12437,192707,1141
2022-02-10,Del Norte,015,27424,5404,5262,163,5425,45
2022-02-10,El Dorado,017,186661,25964,25692,3057,28749,188
2022-02-10,Fresno,019,978130,221693,219909,21112,241021,2509
2022-02-10,Glenn,021,27897,4855,4818,1507,6325,39
2022-02-10,Humboldt,023,135768,16229,16058,2767,18825,132
2022-02-10,Imperial,025,180216,53662,53304,10564,63868,860
2022-02-10,Inyo,027,18085,4007,3991,446,4437,52
2022-02-10,Kern,029,883053,186128,184639,40158,224797,2037
2022-02-10,Kings,031,150075,49350,48893,3319,52212,415
2022-02-10,Lake,033,64148,10067,9926,831,10757,123
2022-02-10,Lassen,035,31185,8530,8477,877,9354,55
2022-02-10,Los Angeles,037,10098052,2634257,2616426,120286,2736712,29364
2022-02-10,Madera,039,155013,36159,35710,5767,41477,330
2022-02-10,Marin,041,260295,32217,32048,2101,34149,255
2022-02-10,Mariposa,043,17540,2294,2286,189,2475,6
2022-02-10,Mendocino,045,87422,12536,12439,2730,15169,107
2022-02-10,Merced,047,269075,60515,60187,8037,68224,758
2022-02-10,Modoc,049,8938,707,697,232,929,6
2022-02-10,Mono,051,14174,2948,2939,116,3055,5
2022-02-10,Monterey,053,433212,76234,74842,12514,87356,672
2022-02-10,Napa,055,140530,24727,24530,929,25459,124
2022-02-10,Nevada,057,99092,15616,15499,1150,16649,119
2022-02-10,Orange,059,3164182,536304,534503,40254,574757,6305
2022-02-10,Placer,061,380077,61046,60636,7081,67717,554
2022-02-10,Plumas,063,18699,2628,2617,322,2939,13
2022-02-10,Riverside,065,2383286,579089,575566,26912,602478,5961
2022-02-10,Sacramento,067,1510023,268162,266347,25886,292233,2686
2022-02-10,San Benito,069,59416,12578,12526,502,13028,91
2022-02-10,San Bernardino,071,2135413,550998,548822,23357,572179,6360
2022-02-10,San Diego,073,3302833,726635,720287,47336,767623,4854
2022-02-10,San Francisco,075,870044,120394,119113,8530,127643,740
2022-02-10,San Joaquin,077,732212,162104,161234,8817,170051,2014
2022-02-10,San Luis Obispo,079,281455,50416,50064,3568,53632,416
2022-02-10,San Mateo,081,765935,115921,115235,6790,122025,589
2022-02-10,Santa Barbara,083,443738,83510,83390,4625,88015,631
2022-02-10,Santa Clara,085,1922200,300736,298176,11946,310122,2093
2022-02-10,Santa Cruz,087,273765,44955,44447,1817,46264,239
2022-02-10,Shasta,089,179085,29615,29370,5964,35334,473
2022-02-10,Sierra,091,2930,269,268,39,307,0
2022-02-10,Siskiyou,093,43540,4279,4231,2618,6849,68
2022-02-10,Solano,095,438530,78381,77865,5156,83021,424
2022-02-10,Sonoma,097,501317,80293,79533,1882,81415,431
2022-02-10,Stanislaus,099,539301,115313,114531,15846,130377,1406
2022-02-10,Sutter,101,95872,19908,19800,1772,21572,211
2022-02-10,Tehama,103,63373,11676,11580,2557,14137,151
2022-02-10,Trinity,105,12862,1125,1115,275,1390,20
2022-02-10,Tulare,107,460477,101303,100434,27159,127593,1273
2022-02-10,Tuolumne,109,53932,11927,11754,529,12283,125
2022-02-10,Ventura,111,848112,169529,168736,9027,177763,1340
2022-02-10,Yolo,113,214977,35142,34773,3005,37778,286
2022-02-10,Yuba,115,75493,15324,15242,1131,16373,107
2022-02-09,Alameda,001,1643700,243924,241141,13108,254249,1668
2022-02-09,Alpine,003,1148,123,124,1,125,0
2022-02-09,Amador,005,37829,8151,8069,625,8694,76
2022-02-09,Butte,007,227075,31840,31433,6417,37850,359
2022-02-09,Calaveras,009,45235,7077,7005,327,7332,106
2022-02-09,Colusa,011,21464,3362,3331,1049,4380,21
2022-02-09,Contra Costa,013,1133247,181205,179695,12392,192087,1132
2022-02-09,Del Norte,015,27424,5355,5204,160,5364,45
2022-02-09,El Dorado,017,186661,25930,25572,3049,28621,186
2022-02-09,Fresno,019,978130,221092,218989,21044,240033,2502
2022-02-09,Glenn,021,27897,4844,4804,1505,6309,39
2022-02-09,Humboldt,023,135768,16185,15929,2746,18675,131
2022-02-09,Imperial,025,180216,53564,53102,10485,63587,858
2022-02-09,Inyo,027,18085,4002,3989,445,4434,52
2022-02-09,Kern,029,883053,185794,184068,40117,224185,2021
2022-02-09,Kings,031,150075,49246,48718,3313,52031,410
2022-02-09,Lake,033,64148,10031,9880,825,10705,124
2022-02-09,Lassen,035,31185,8501,8459,877,9336,55
2022-02-09,Los Angeles,037,10098052,2630791,2611611,120145,2731756,29263
2022-02-09,Madera,039,155013,36063,35559,5738,41297,330
2022-02-09,Marin,041,260295,32166,31965,2094,34059,255
2022-02-09,Mariposa,043,17540,2291,2279,189,2468,6
2022-02-09,Mendocino,045,87422,12504,12378,2708,15086,107
2022-02-09,Merced,047,269075,60399,59952,7985,67937,755
2022-02-09,Modoc,049,8938,703,691,231,922,6
2022-02-09,Mono,051,14174,2946,2937,116,3053,5
2022-02-09,Monterey,053,433212,76083,74500,12431,86931,670
2022-02-09,Napa,055,140530,24680,24429,922,25351,123
2022-02-09,Nevada,057,99092,15595,15446,1148,16594,119
2022-02-09,Orange,059,3164182,535649,534316,40175,574491,6263
2022-02-09,Placer,061,380077,60949,60490,7067,67557,553
2022-02-09,Plumas,063,18699,2624,2609,319,2928,13
2022-02-09,Riverside,065,2383286,578390,573907,26865,600772,5911
2022-02-09,Sacramento,067,1510023,267631,265624,25754,291378,2673
2022-02-09,San Benito,069,59416,12555,12492,502,12994,91
2022-02-09,San Bernardino,071,2135413,550472,547768,23330,571098,6349
2022-02-09,San Diego,073,3302833,725445,717896,47255,765151,4832
2022-02-09,San Francisco,075,870044,120143,118550,8517,127067,731
2022-02-09,San Joaquin,077,732212,161831,160618,8809,169427,2014
2022-02-09,San Luis Obispo,079,281455,50276,49833,3563,53396,414
2022-02-09,San Mateo,081,765935,115741,114890,6748,121638,589
2022-02-09,Santa Barbara,083,443738,83397,82830,4618,87448,629
2022-02-09,Santa Clara,085,1922200,300093,297157,11888,309045,2090
2022-02-09,Santa Cruz,087,273765,44777,44200,1810,46010,239
2022-02-09,Shasta,089,179085,29544,29215,5944,35159,471
2022-02-09,Sierra,091,2930,269,268,39,307,0
2022-02-09,Siskiyou,093,43540,4264,4217,2608,6825,68
2022-02-09,Solano,095,438530,78224,77299,5144,82443,423
2022-02-09,Sonoma,097,501317,80140,79165,1877,81042,431
2022-02-09,Stanislaus,099,539301,115106,114039,15725,129764,1406
2022-02-09,Sutter,101,95872,19866,19758,1758,21516,207
2022-02-09,Tehama,103,63373,11650,11542,2550,14092,149
2022-02-09,Trinity,105,12862,1123,1110,275,1385,20
2022-02-09,Tulare,107,460477,101096,100049,27069,127118,1271
2022-02-09,Tuolumne,109,53932,11895,11702,528,12230,95
2022-02-09,Ventura,111,848112,169319,168253,9013,177266,1325
2022-02-09,Yolo,113,214977,35068,34588,2994,37582,285
2022-02-09,Yuba,115,75493,15294,15187,1120,16307,105
2022-02-08,Alameda,001,1643700,243360,240587,13041,253628,1651
2022-02-08,Alpine,003,1148,123,124,1,125,0
2022-02-08,Amador,005,37829,8143,8050,618,8668,76
2022-02-08,Butte,007,227075,31756,31353,6388,37741,359
2022-02-08,Calaveras,009,45235,7055,6981,325,7306,101
2022-02-08,Colusa,011,21464,3354,3320,1049,4369,21
2022-02-08,Contra Costa,013,1133247,180800,179078,12313,191391,1132
2022-02-08,Del Norte,015,27424,5312,5156,157,5313,44
2022-02-08,El Dorado,017,186661,25887,25446,3040,28486,186
2022-02-08,Fresno,019,978130,220394,218416,20944,239360,2502
2022-02-08,Glenn,021,27897,4828,4784,1501,6285,39
2022-02-08,Humboldt,023,135768,16138,15865,2715,18580,130
2022-02-08,Imperial,025,180216,53448,52977,10429,63406,855
2022-02-08,Inyo,027,18085,3997,3983,444,4427,52
2022-02-08,Kern,029,883053,185505,183519,40059,223578,2010
2022-02-08,Kings,031,150075,49109,48479,3300,51779,411
2022-02-08,Lake,033,64148,9996,9806,819,10625,125
2022-02-08,Lassen,035,31185,8493,8423,871,9294,55
2022-02-08,Los Angeles,037,10098052,2626600,2611204,119985,2731189,29259
2022-02-08,Madera,039,155013,35977,35381,5675,41056,330
2022-02-08,Marin,041,260295,32081,31878,2087,33965,255
2022-02-08,Mariposa,043,17540,2289,2266,182,2448,6
2022-02-08,Mendocino,045,87422,12469,12336,2677,15013,107
2022-02-08,Merced,047,269075,60291,59789,7925,67714,751
2022-02-08,Modoc,049,8938,700,684,231,915,6
2022-02-08,Mono,051,14174,2945,2932,115,3047,5
2022-02-08,Monterey,053,433212,75918,74316,12330,86646,670
2022-02-08,Napa,055,140530,24609,24346,915,25261,121
2022-02-08,Nevada,057,99092,15566,15383,1143,16526,117
2022-02-08,Orange,059,3164182,534923,533507,40093,573600,6205
2022-02-08,Placer,061,380077,60829,60301,7059,67360,553
2022-02-08,Plumas,063,18699,2619,2596,315,2911,13
2022-02-08,Riverside,065,2383286,577594,571892,26786,598678,5908
2022-02-08,Sacramento,067,1510023,266986,264479,25574,290053,2664
2022-02-08,San Benito,069,59416,12530,12434,500,12934,91
2022-02-08,San Bernardino,071,2135413,549889,544658,23290,567948,6335
2022-02-08,San Diego,073,3302833,724085,717896,47141,765037,4832
2022-02-08,San Francisco,075,870044,119805,117942,8506,126448,731
2022-02-08,San Joaquin,077,732212,161512,160147,8790,168937,2005
2022-02-08,San Luis Obispo,079,281455,50109,49556,3527,53083,410
2022-02-08,San Mateo,081,765935,115537,114541,6718,121259,589
2022-02-08,Santa Barbara,083,443738,83239,82461,4591,87052,627
2022-02-08,Santa Clara,085,1922200,299303,295679,11839,307518,2091
2022-02-08,Santa Cruz,087,273765,44627,43884,1805,45689,239
2022-02-08,Shasta,089,179085,29463,29084,5916,35000,470
2022-02-08,Sierra,091,2930,269,267,39,306,0
2022-02-08,Siskiyou,093,43540,4255,4191,2597,6788,68
2022-02-08,Solano,095,438530,78051,77031,5131,82162,421
2022-02-08,Sonoma,097,501317,79921,78798,1859,80657,431
2022-02-08,Stanislaus,099,539301,114891,113733,15647,129380,1406
2022-02-08,Sutter,101,95872,19832,19717,1741,21458,203
2022-02-08,Tehama,103,63373,11627,11491,2543,14034,149
2022-02-08,Trinity,105,12862,1122,1110,275,1385,20
2022-02-08,Tulare,107,460477,100817,99694,26929,126623,1267
2022-02-08,Tuolumne,109,53932,11871,11665,526,12191,92
2022-02-08,Ventura,111,848112,169100,167830,8999,176829,1325
2022-02-08,Yolo,113,214977,34989,34462,2983,37445,281
2022-02-08,Yuba,115,75493,15247,15126,1098,16224,107
2022-02-07,Alameda,001,1643700,242711,238678,12981,251659,1643
2022-02-07,Alpine,003,1148,123,124,1,125,0
2022-02-07,Amador,005,37829,8116,7980,610,8590,75
2022-02-07,Butte,007,227075,31680,31184,6361,37545,355
2022-02-07,Calaveras,009,45235,7034,6910,324,7234,100
2022-02-07,Colusa,011,21464,3344,3283,1044,4327,21
2022-02-07,Contra Costa,013,1133247,180368,177767,12241,190008,1130
2022-02-07,Del Norte,015,27424,5263,5093,153,5246,44
2022-02-07,El Dorado,017,186661,25838,25257,3032,28289,185
2022-02-07,Fresno,019,978130,219596,216495,20832,237327,2493
2022-02-07,Glenn,021,27897,4824,4762,1497,6259,39
2022-02-07,Humboldt,023,135768,16064,15764,2688,18452,129
2022-02-07,Imperial,025,180216,53328,52689,10355,63044,853
2022-02-07,Inyo,027,18085,3990,3976,437,4413,51
2022-02-07,Kern,029,883053,185091,182047,39976,222023,1998
2022-02-07,Kings,031,150075,48932,48147,3286,51433,403
2022-02-07,Lake,033,64148,9952,9519,810,10329,125
2022-02-07,Lassen,035,31185,8470,8362,865,9227,55
2022-02-07,Los Angeles,037,10098052,2622247,2607438,119786,2727224,29210
2022-02-07,Madera,039,155013,35868,35083,5628,40711,330
2022-02-07,Marin,041,260295,32004,31670,2082,33752,255
2022-02-07,Mariposa,043,17540,2283,2253,178,2431,6
2022-02-07,Mendocino,045,87422,12420,12237,2639,14876,107
2022-02-07,Merced,047,269075,60169,59472,7834,67306,748
2022-02-07,Modoc,049,8938,696,679,231,910,6
2022-02-07,Mono,051,14174,2942,2917,115,3032,5
2022-02-07,Monterey,053,433212,75695,69433,12218,81651,670
2022-02-07,Napa,055,140530,24533,23237,907,24144,120
2022-02-07,Nevada,057,99092,15526,15268,1138,16406,113
2022-02-07,Orange,059,3164182,534138,531442,40006,571448,6179
2022-02-07,Placer,061,380077,60710,59894,7044,66938,546
2022-02-07,Plumas,063,18699,2611,2573,309,2882,13
2022-02-07,Riverside,065,2383286,576685,568874,26699,595573,5868
2022-02-07,Sacramento,067,1510023,266315,262834,25390,288224,2631
2022-02-07,San Benito,069,59416,12495,12285,498,12783,90
2022-02-07,San Bernardino,071,2135413,549188,542846,23252,566098,6335
2022-02-07,San Diego,073,3302833,722501,716244,46990,763234,4811
2022-02-07,San Francisco,075,870044,119420,113945,8476,122421,727
2022-02-07,San Joaquin,077,732212,161159,159358,8772,168130,1998
2022-02-07,San Luis Obispo,079,281455,49948,48994,3504,52498,406
2022-02-07,San Mateo,081,765935,115269,107060,6689,113749,589
2022-02-07,Santa Barbara,083,443738,83073,81608,4576,86184,624
2022-02-07,Santa Clara,085,1922200,298401,293360,11786,305146,2085
2022-02-07,Santa Cruz,087,273765,44417,43244,1800,45044,239
2022-02-07,Shasta,089,179085,29387,28900,5888,34788,468
2022-02-07,Sierra,091,2930,269,265,39,304,0
2022-02-07,Siskiyou,093,43540,4243,4157,2586,6743,68
2022-02-07,Solano,095,438530,77877,73934,5105,79039,420
2022-02-07,Sonoma,097,501317,79683,78296,1849,80145,431
2022-02-07,Stanislaus,099,539301,114677,113029,15547,128576,1406
2022-02-07,Sutter,101,95872,19800,19599,1713,21312,203
2022-02-07,Tehama,103,63373,11591,11418,2535,13953,146
2022-02-07,Trinity,105,12862,1120,1109,274,1383,20
2022-02-07,Tulare,107,460477,100500,98774,26776,125550,1263
2022-02-07,Tuolumne,109,53932,11829,11578,524,12102,92
2022-02-07,Ventura,111,848112,168807,166904,8987,175891,1324
2022-02-07,Yolo,113,214977,34892,34007,2968,36975,281
2022-02-07,Yuba,115,75493,15203,14998,1091,16089,105
2022-02-06,Alameda,001,1643700,241868,237188,12893,250081,1643
2022-02-06,Alpine,003,1148,123,123,1,124,0
2022-02-06,Amador,005,37829,8088,7922,597,8519,73
2022-02-06,Butte,007,227075,31561,31021,6317,37338,355
2022-02-06,Calaveras,009,45235,7007,6870,319,7189,99
2022-02-06,Colusa,011,21464,3337,3282,1043,4325,21
2022-02-06,Contra Costa,013,1133247,179733,176863,12082,188945,1128
2022-02-06,Del Norte,015,27424,5202,5038,149,5187,44
2022-02-06,El Dorado,017,186661,25772,25165,3019,28184,185
2022-02-06,Fresno,019,978130,218817,214726,20601,235327,2489
2022-02-06,Glenn,021,27897,4812,4738,1489,6227,39
2022-02-06,Humboldt,023,135768,15977,15658,2650,18308,128
2022-02-06,Imperial,025,180216,53150,52396,10296,62692,853
2022-02-06,Inyo,027,18085,3987,3970,435,4405,51
2022-02-06,Kern,029,883053,184599,181188,39841,221029,1996
2022-02-06,Kings,031,150075,48712,47669,3260,50929,401
2022-02-06,Lake,033,64148,9887,9468,793,10261,125
2022-02-06,Lassen,035,31185,8447,8326,859,9185,55
2022-02-06,Los Angeles,037,10098052,2616645,2602620,119562,2722182,29180
2022-02-06,Madera,039,155013,35710,34901,5532,40433,330
2022-02-06,Marin,041,260295,31905,31488,2067,33555,255
2022-02-06,Mariposa,043,17540,2275,2244,166,2410,6
2022-02-06,Mendocino,045,87422,12375,12169,2572,14741,107
2022-02-06,Merced,047,269075,59962,59112,7663,66775,748
2022-02-06,Modoc,049,8938,691,675,230,905,6
2022-02-06,Mono,051,14174,2936,2901,114,3015,5
2022-02-06,Monterey,053,433212,75347,67912,12036,79948,670
2022-02-06,Napa,055,140530,24411,23230,896,24126,120
2022-02-06,Nevada,057,99092,15453,15192,1126,16318,113
2022-02-06,Orange,059,3164182,533156,527906,39888,567794,6171
2022-02-06,Placer,061,380077,60516,59507,7023,66530,544
2022-02-06,Plumas,063,18699,2605,2559,301,2860,13
2022-02-06,Riverside,065,2383286,575548,568276,26615,594891,5865
2022-02-06,Sacramento,067,1510023,265455,261353,25103,286456,2631
2022-02-06,San Benito,069,59416,12440,12186,490,12676,90
2022-02-06,San Bernardino,071,2135413,548340,541103,23185,564288,6334
2022-02-06,San Diego,073,3302833,720526,709938,46783,756721,4786
2022-02-06,San Francisco,075,870044,119041,113115,8441,121556,728
2022-02-06,San Joaquin,077,732212,160611,158510,8740,167250,1997
2022-02-06,San Luis Obispo,079,281455,49731,48843,3446,52289,405
2022-02-06,San Mateo,081,765935,114949,105556,6650,112206,587
2022-02-06,Santa Barbara,083,443738,82761,81118,4535,85653,623
2022-02-06,Santa Clara,085,1922200,297322,291732,11663,303395,2075
2022-02-06,Santa Cruz,087,273765,44108,42952,1789,44741,239
2022-02-06,Shasta,089,179085,29259,28762,5837,34599,468
2022-02-06,Sierra,091,2930,269,265,39,304,0
2022-02-06,Siskiyou,093,43540,4221,4118,2559,6677,68
2022-02-06,Solano,095,438530,77614,73475,5068,78543,419
2022-02-06,Sonoma,097,501317,79363,77887,1834,79721,431
2022-02-06,Stanislaus,099,539301,114304,112521,15431,127952,1406
2022-02-06,Sutter,101,95872,19760,19523,1665,21188,203
2022-02-06,Tehama,103,63373,11551,11366,2507,13873,146
2022-02-06,Trinity,105,12862,1119,1102,273,1375,20
2022-02-06,Tulare,107,460477,100077,98260,26586,124846,1262
2022-02-06,Tuolumne,109,53932,11781,11507,506,12013,92
2022-02-06,Ventura,111,848112,168444,166235,8979,175214,1323
2022-02-06,Yolo,113,214977,34763,33784,2951,36735,281
2022-02-06,Yuba,115,75493,15160,14917,1085,16002,104
2022-02-05,Alameda,001,1643700,241518,235698,12886,248584,1638
2022-02-05,Alpine,003,1148,123,124,1,125,0
2022-02-05,Amador,005,37829,8079,7855,595,8450,71
2022-02-05,Butte,007,227075,31510,30733,6303,37036,355
2022-02-05,Calaveras,009,45235,6990,6789,319,7108,99
2022-02-05,Colusa,011,21464,3332,3234,1041,4275,21
2022-02-05,Contra Costa,013,1133247,179489,175871,12072,187943,1115
2022-02-05,Del Norte,015,27424,5178,4978,149,5127,44
2022-02-05,El Dorado,017,186661,25747,24813,3017,27830,185
2022-02-05,Fresno,019,978130,218515,213539,20591,234130,2477
2022-02-05,Glenn,021,27897,4809,4691,1483,6174,39
2022-02-05,Humboldt,023,135768,15932,15514,2646,18160,127
2022-02-05,Imperial,025,180216,53089,52153,10287,62440,853
2022-02-05,Inyo,027,18085,3984,3948,435,4383,51
2022-02-05,Kern,029,883053,184422,180296,39817,220113,1987
2022-02-05,Kings,031,150075,48641,47538,3257,50795,402
2022-02-05,Lake,033,64148,9873,9289,787,10076,124
2022-02-05,Lassen,035,31185,8437,8288,859,9147,55
2022-02-05,Los Angeles,037,10098052,2614720,2572702,119435,2692137,28947
2022-02-05,Madera,039,155013,35660,34471,5518,39989,329
2022-02-05,Marin,041,260295,31854,31299,2063,33362,255
2022-02-05,Mariposa,043,17540,2274,2222,165,2387,6
2022-02-05,Mendocino,045,87422,12351,12066,2570,14636,107
2022-02-05,Merced,047,269075,59878,58908,7660,66568,744
2022-02-05,Modoc,049,8938,690,664,230,894,6
2022-02-05,Mono,051,14174,2935,2904,114,3018,5
2022-02-05,Monterey,053,433212,75253,67342,12022,79364,666
2022-02-05,Napa,055,140530,24365,22973,895,23868,118
2022-02-05,Nevada,057,99092,15436,15002,1121,16123,113
2022-02-05,Orange,059,3164182,532702,527516,39805,567321,6134
2022-02-05,Placer,061,380077,60402,59043,7012,66055,533
2022-02-05,Plumas,063,18699,2604,2550,300,2850,13
2022-02-05,Riverside,065,2383286,574976,563991,26549,590540,5827
2022-02-05,Sacramento,067,1510023,265110,259437,25079,284516,2610
2022-02-05,San Benito,069,59416,12397,12142,490,12632,90
2022-02-05,San Bernardino,071,2135413,547891,539312,23163,562475,6322
2022-02-05,San Diego,073,3302833,719718,703957,46733,750690,4735
2022-02-05,San Francisco,075,870044,118870,112481,8413,120894,720
2022-02-05,San Joaquin,077,732212,160432,157420,8736,166156,1989
2022-02-05,San Luis Obispo,079,281455,49697,48361,3444,51805,404
2022-02-05,San Mateo,081,765935,114766,104810,6641,111451,587
2022-02-05,Santa Barbara,083,443738,82602,80478,4523,85001,617
2022-02-05,Santa Clara,085,1922200,296680,289262,11648,300910,2067
2022-02-05,Santa Cruz,087,273765,44036,42553,1786,44339,239
2022-02-05,Shasta,089,179085,29215,28604,5828,34432,466
2022-02-05,Sierra,091,2930,269,262,39,301,0
2022-02-05,Siskiyou,093,43540,4214,4106,2548,6654,67
2022-02-05,Solano,095,438530,77546,73112,5062,78174,415
2022-02-05,Sonoma,097,501317,79208,77213,1831,79044,431
2022-02-05,Stanislaus,099,539301,114109,111783,15417,127200,1406
2022-02-05,Sutter,101,95872,19730,19406,1660,21066,203
2022-02-05,Tehama,103,63373,11537,11259,2501,13760,146
2022-02-05,Trinity,105,12862,1118,1085,273,1358,20
2022-02-05,Tulare,107,460477,99950,97414,26525,123939,1254
2022-02-05,Tuolumne,109,53932,11755,11409,503,11912,91
2022-02-05,Ventura,111,848112,168229,165532,8963,174495,1308
2022-02-05,Yolo,113,214977,34680,33614,2938,36552,281
2022-02-05,Yuba,115,75493,15133,14801,1077,15878,105
2022-02-04,Alameda,001,1643700,241088,235698,12878,248576,1638
2022-02-04,Alpine,003,1148,123,124,1,125,0
2022-02-04,Amador,005,37829,8064,7855,591,8446,71
2022-02-04,Butte,007,227075,31450,30733,6294,37027,355
2022-02-04,Calaveras,009,45235,6981,6789,317,7106,99
2022-02-04,Colusa,011,21464,3327,3234,1039,4273,21
2022-02-04,Contra Costa,013,1133247,179175,175871,12055,187926,1115
2022-02-04,Del Norte,015,27424,5153,4978,149,5127,44
2022-02-04,El Dorado,017,186661,25711,24813,3015,27828,185
2022-02-04,Fresno,019,978130,218063,213539,20571,234110,2477
2022-02-04,Glenn,021,27897,4802,4691,1480,6171,39
2022-02-04,Humboldt,023,135768,15903,15514,2645,18159,127
2022-02-04,Imperial,025,180216,53018,52153,10273,62426,853
2022-02-04,Inyo,027,18085,3981,3948,433,4381,51
2022-02-04,Kern,029,883053,184229,180296,39781,220077,1987
2022-02-04,Kings,031,150075,48570,47538,3253,50791,402
2022-02-04,Lake,033,64148,9846,9289,786,10075,124
2022-02-04,Lassen,035,31185,8412,8288,859,9147,55
2022-02-04,Los Angeles,037,10098052,2611963,2572702,119333,2692035,28947
2022-02-04,Madera,039,155013,35582,34471,5508,39979,329
2022-02-04,Marin,041,260295,31794,31299,2062,33361,255
2022-02-04,Mariposa,043,17540,2272,2222,163,2385,6
2022-02-04,Mendocino,045,87422,12323,12066,2568,14634,107
2022-02-04,Merced,047,269075,59805,58908,7653,66561,744
2022-02-04,Modoc,049,8938,690,664,230,894,6
2022-02-04,Mono,051,14174,2934,2904,114,3018,5
2022-02-04,Monterey,053,433212,75081,67342,12004,79346,666
2022-02-04,Napa,055,140530,24321,22973,894,23867,118
2022-02-04,Nevada,057,99092,15403,15002,1117,16119,113
2022-02-04,Orange,059,3164182,532163,527516,39747,567263,6134
2022-02-04,Placer,061,380077,60309,59043,7010,66053,533
2022-02-04,Plumas,063,18699,2601,2550,297,2847,13
2022-02-04,Riverside,065,2383286,574273,563991,26537,590528,5827
2022-02-04,Sacramento,067,1510023,264683,259437,25063,284500,2610
2022-02-04,San Benito,069,59416,12378,12142,488,12630,90
2022-02-04,San Bernardino,071,2135413,547383,539312,23145,562457,6322
2022-02-04,San Diego,073,3302833,718652,703957,46691,750648,4735
2022-02-04,San Francisco,075,870044,118651,112481,8388,120869,720
2022-02-04,San Joaquin,077,732212,160208,157420,8725,166145,1989
2022-02-04,San Luis Obispo,079,281455,49640,48361,3440,51801,404
2022-02-04,San Mateo,081,765935,114542,104810,6626,111436,587
2022-02-04,Santa Barbara,083,443738,82454,80478,4522,85000,617
2022-02-04,Santa Clara,085,1922200,296016,289262,11627,300889,2067
2022-02-04,Santa Cruz,087,273765,43839,42553,1783,44336,239
2022-02-04,Shasta,089,179085,29165,28604,5816,34420,466
2022-02-04,Sierra,091,2930,269,262,39,301,0
2022-02-04,Siskiyou,093,43540,4207,4106,2542,6648,67
2022-02-04,Solano,095,438530,77356,73112,5025,78137,415
2022-02-04,Sonoma,097,501317,79061,77213,1829,79042,431
2022-02-04,Stanislaus,099,539301,113933,111783,15409,127192,1406
2022-02-04,Sutter,101,95872,19706,19406,1654,21060,203
2022-02-04,Tehama,103,63373,11523,11259,2500,13759,146
2022-02-04,Trinity,105,12862,1118,1085,272,1357,20
2022-02-04,Tulare,107,460477,99791,97414,26455,123869,1254
2022-02-04,Tuolumne,109,53932,11742,11409,502,11911,91
2022-02-04,Ventura,111,848112,167973,165532,8954,174486,1308
2022-02-04,Yolo,113,214977,34593,33614,2931,36545,281
2022-02-04,Yuba,115,75493,15116,14801,1077,15878,105
2022-02-03,Alameda,001,1643700,240336,235698,12817,248515,1638
2022-02-03,Alpine,003,1148,123,124,1,125,0
2022-02-03,Amador,005,37829,8044,7855,586,8441,71
2022-02-03,Butte,007,227075,31344,30733,6265,36998,355
2022-02-03,Calaveras,009,45235,6951,6789,313,7102,99
2022-02-03,Colusa,011,21464,3314,3234,1033,4267,21
2022-02-03,Contra Costa,013,1133247,178621,175871,11963,187834,1115
2022-02-03,Del Norte,015,27424,5102,4978,147,5125,44
2022-02-03,El Dorado,017,186661,25643,24813,3010,27823,185
2022-02-03,Fresno,019,978130,217166,213539,20434,233973,2477
2022-02-03,Glenn,021,27897,4784,4691,1462,6153,39
2022-02-03,Humboldt,023,135768,15831,15514,2608,18122,127
2022-02-03,Imperial,025,180216,52872,52153,10219,62372,853
2022-02-03,Inyo,027,18085,3979,3948,429,4377,51
2022-02-03,Kern,029,883053,183789,180296,39707,220003,1987
2022-02-03,Kings,031,150075,48418,47538,3244,50782,402
2022-02-03,Lake,033,64148,9790,9289,780,10069,124
2022-02-03,Lassen,035,31185,8386,8288,858,9146,55
2022-02-03,Los Angeles,037,10098052,2606299,2572702,119114,2691816,28947
2022-02-03,Madera,039,155013,35459,34471,5463,39934,329
2022-02-03,Marin,041,260295,31696,31299,2058,33357,255
2022-02-03,Mariposa,043,17540,2260,2222,160,2382,6
2022-02-03,Mendocino,045,87422,12278,12066,2544,14610,107
2022-02-03,Merced,047,269075,59652,58908,7545,66453,744
2022-02-03,Modoc,049,8938,687,664,230,894,6
2022-02-03,Mono,051,14174,2929,2904,114,3018,5
2022-02-03,Monterey,053,433212,74814,67342,11830,79172,666
2022-02-03,Napa,055,140530,24187,22973,894,23867,118
2022-02-03,Nevada,057,99092,15360,15002,1107,16109,113
2022-02-03,Orange,059,3164182,531217,527516,39654,567170,6134
2022-02-03,Placer,061,380077,60109,59043,6993,66036,533
2022-02-03,Plumas,063,18699,2586,2550,294,2844,13
2022-02-03,Riverside,065,2383286,573078,563991,26465,590456,5827
2022-02-03,Sacramento,067,1510023,263809,259437,24859,284296,2610
2022-02-03,San Benito,069,59416,12352,12142,485,12627,90
2022-02-03,San Bernardino,071,2135413,546510,539312,23108,562420,6322
2022-02-03,San Diego,073,3302833,716727,703957,46540,750497,4735
2022-02-03,San Francisco,075,870044,118326,112481,8351,120832,720
2022-02-03,San Joaquin,077,732212,159759,157420,8697,166117,1989
2022-02-03,San Luis Obispo,079,281455,49443,48361,3423,51784,404
2022-02-03,San Mateo,081,765935,114207,104810,6592,111402,587
2022-02-03,Santa Barbara,083,443738,82086,80478,4497,84975,617
2022-02-03,Santa Clara,085,1922200,294834,289262,11515,300777,2067
2022-02-03,Santa Cruz,087,273765,43505,42553,1776,44329,239
2022-02-03,Shasta,089,179085,29060,28604,5786,34390,466
2022-02-03,Sierra,091,2930,269,262,39,301,0
2022-02-03,Siskiyou,093,43540,4191,4106,2523,6629,67
2022-02-03,Solano,095,438530,77049,73112,5007,78119,415
2022-02-03,Sonoma,097,501317,78768,77213,1822,79035,431
2022-02-03,Stanislaus,099,539301,113582,111783,15346,127129,1406
2022-02-03,Sutter,101,95872,19655,19406,1647,21053,203
2022-02-03,Tehama,103,63373,11495,11259,2491,13750,146
2022-02-03,Trinity,105,12862,1118,1085,271,1356,20
2022-02-03,Tulare,107,460477,99421,97414,26297,123711,1254
2022-02-03,Tuolumne,109,53932,11699,11409,493,11902,91
2022-02-03,Ventura,111,848112,167598,165532,8944,174476,1308
2022-02-03,Yolo,113,214977,34484,33614,2917,36531,281
2022-02-03,Yuba,115,75493,15067,14801,1067,15868,105
2022-02-02,Alameda,001,1643700,239450,234300,12713,247013,1632
2022-02-02,Alpine,003,1148,123,123,1,124,0
2022-02-02,Amador,005,37829,8013,7781,576,8357,71
2022-02-02,Butte,007,227075,31240,30550,6233,36783,355
2022-02-02,Calaveras,009,45235,6923,6753,309,7062,99
2022-02-02,Colusa,011,21464,3299,3211,1032,4243,21
2022-02-02,Contra Costa,013,1133247,178074,174876,11874,186750,1113
2022-02-02,Del Norte,015,27424,5059,4924,142,5066,44
2022-02-02,El Dorado,017,186661,25574,24690,2993,27683,185
2022-02-02,Fresno,019,978130,216200,211976,20338,232314,2463
2022-02-02,Glenn,021,27897,4760,4667,1455,6122,39
2022-02-02,Humboldt,023,135768,15771,15392,2569,17961,127
2022-02-02,Imperial,025,180216,52656,51875,10068,61943,853
2022-02-02,Inyo,027,18085,3973,3944,427,4371,51
2022-02-02,Kern,029,883053,183228,179386,39607,218993,1974
2022-02-02,Kings,031,150075,48243,47061,3222,50283,401
2022-02-02,Lake,033,64148,9729,9235,774,10009,120
2022-02-02,Lassen,035,31185,8368,8258,846,9104,55
2022-02-02,Los Angeles,037,10098052,2599870,2561902,118777,2680679,28850
2022-02-02,Madera,039,155013,35294,34265,5388,39653,329
2022-02-02,Marin,041,260295,31592,31149,2048,33197,255
2022-02-02,Mariposa,043,17540,2249,2215,155,2370,6
2022-02-02,Mendocino,045,87422,12223,11996,2505,14501,105
2022-02-02,Merced,047,269075,59486,58532,7450,65982,744
2022-02-02,Modoc,049,8938,681,662,230,892,6
2022-02-02,Mono,051,14174,2917,2887,114,3001,5
2022-02-02,Monterey,053,433212,74456,66852,11663,78515,666
2022-02-02,Napa,055,140530,24066,22859,876,23735,117
2022-02-02,Nevada,057,99092,15308,14895,1082,15977,112
2022-02-02,Orange,059,3164182,530132,524418,39549,563967,6127
2022-02-02,Placer,061,380077,59933,58654,6962,65616,533
2022-02-02,Plumas,063,18699,2578,2540,290,2830,12
2022-02-02,Riverside,065,2383286,571783,561220,26418,587638,5827
2022-02-02,Sacramento,067,1510023,262902,258078,24632,282710,2602
2022-02-02,San Benito,069,59416,12314,12058,481,12539,90
2022-02-02,San Bernardino,071,2135413,545581,537485,23047,560532,6317
2022-02-02,San Diego,073,3302833,714560,703957,46382,750339,4735
2022-02-02,San Francisco,075,870044,117954,112008,8335,120343,714
2022-02-02,San Joaquin,077,732212,159212,156537,8670,165207,1986
2022-02-02,San Luis Obispo,079,281455,49250,48119,3411,51530,403
2022-02-02,San Mateo,081,765935,113878,104201,6522,110723,587
2022-02-02,Santa Barbara,083,443738,81716,79979,4464,84443,612
2022-02-02,Santa Clara,085,1922200,293719,287443,11398,298841,2051
2022-02-02,Santa Cruz,087,273765,43233,42127,1765,43892,239
2022-02-02,Shasta,089,179085,28966,28429,5743,34172,465
2022-02-02,Sierra,091,2930,269,262,39,301,0
2022-02-02,Siskiyou,093,43540,4180,4078,2496,6574,67
2022-02-02,Solano,095,438530,76714,72711,4985,77696,414
2022-02-02,Sonoma,097,501317,78463,76681,1813,78494,431
2022-02-02,Stanislaus,099,539301,113211,111167,15216,126383,1403
2022-02-02,Sutter,101,95872,19592,19290,1621,20911,203
2022-02-02,Tehama,103,63373,11443,11193,2475,13668,146
2022-02-02,Trinity,105,12862,1115,1074,269,1343,20
2022-02-02,Tulare,107,460477,99056,96820,26125,122945,1249
2022-02-02,Tuolumne,109,53932,11625,11342,489,11831,91
2022-02-02,Ventura,111,848112,167205,164905,8923,173828,1292
2022-02-02,Yolo,113,214977,34366,33332,2895,36227,281
2022-02-02,Yuba,115,75493,15003,14720,1057,15777,104
2022-02-01,Alameda,001,1643700,238398,233782,12607,246389,1620
2022-02-01,Alpine,003,1148,123,123,1,124,0
2022-02-01,Amador,005,37829,7970,7783,571,8354,73
2022-02-01,Butte,007,227075,31109,30496,6192,36688,355
2022-02-01,Calaveras,009,45235,6884,6749,305,7054,98
2022-02-01,Colusa,011,21464,3280,3202,1006,4208,21
2022-02-01,Contra Costa,013,1133247,177355,174379,11737,186116,1115
2022-02-01,Del Norte,015,27424,5017,4907,141,5048,44
2022-02-01,El Dorado,017,186661,25510,24664,2974,27638,184
2022-02-01,Fresno,019,978130,215072,211352,20194,231546,2464
2022-02-01,Glenn,021,27897,4747,4649,1445,6094,39
2022-02-01,Humboldt,023,135768,15689,15354,2537,17891,127
2022-02-01,Imperial,025,180216,52450,51675,10002,61677,846
2022-02-01,Inyo,027,18085,3962,3928,424,4352,51
2022-02-01,Kern,029,883053,182625,178987,39513,218500,1967
2022-02-01,Kings,031,150075,47997,46959,3196,50155,400
2022-02-01,Lake,033,64148,9675,9211,768,9979,119
2022-02-01,Lassen,035,31185,8347,8231,840,9071,55
2022-02-01,Los Angeles,037,10098052,2592895,2548794,118443,2667237,28752
2022-02-01,Madera,039,155013,35076,34124,5303,39427,329
2022-02-01,Marin,041,260295,31471,31099,2032,33131,255
2022-02-01,Mariposa,043,17540,2242,2210,154,2364,6
2022-02-01,Mendocino,045,87422,12164,11978,2469,14447,105
2022-02-01,Merced,047,269075,59286,58362,7329,65691,743
2022-02-01,Modoc,049,8938,674,664,230,894,6
2022-02-01,Mono,051,14174,2912,2888,113,3001,5
2022-02-01,Monterey,053,433212,74047,66553,11462,78015,665
2022-02-01,Napa,055,140530,23972,22795,857,23652,116
2022-02-01,Nevada,057,99092,15240,14863,1068,15931,112
2022-02-01,Orange,059,3164182,528890,523741,39415,563156,6108
2022-02-01,Placer,061,380077,59667,58486,6923,65409,532
2022-02-01,Plumas,063,18699,2572,2526,287,2813,12
2022-02-01,Riverside,065,2383286,570391,560010,26367,586377,5825
2022-02-01,Sacramento,067,1510023,261902,257504,24345,281849,2593
2022-02-01,San Benito,069,59416,12251,12053,478,12531,90
2022-02-01,San Bernardino,071,2135413,544428,536591,22983,559574,6311
2022-02-01,San Diego,073,3302833,712078,701009,46191,747200,4710
2022-02-01,San Francisco,075,870044,117438,111606,8311,119917,713
2022-02-01,San Joaquin,077,732212,158699,156300,8644,164944,1987
2022-02-01,San Luis Obispo,079,281455,49030,47842,3351,51193,403
2022-02-01,San Mateo,081,765935,113436,103868,6477,110345,589
2022-02-01,Santa Barbara,083,443738,81261,79659,4427,84086,608
2022-02-01,Santa Clara,085,1922200,292175,286109,11290,297399,2070
2022-02-01,Santa Cruz,087,273765,42939,41782,1751,43533,239
2022-02-01,Shasta,089,179085,28838,28382,5691,34073,465
2022-02-01,Sierra,091,2930,267,262,39,301,0
2022-02-01,Siskiyou,093,43540,4166,4072,2470,6542,66
2022-02-01,Solano,095,438530,76464,72494,4968,77462,415
2022-02-01,Sonoma,097,501317,78114,76379,1795,78174,431
2022-02-01,Stanislaus,099,539301,112819,110925,15115,126040,1403
2022-02-01,Sutter,101,95872,19524,19256,1588,20844,202
2022-02-01,Tehama,103,63373,11388,11165,2459,13624,146
2022-02-01,Trinity,105,12862,1113,1073,269,1342,19
2022-02-01,Tulare,107,460477,98594,96467,25905,122372,1247
2022-02-01,Tuolumne,109,53932,11576,11318,480,11798,91
2022-02-01,Ventura,111,848112,166716,164721,8900,173621,1293
2022-02-01,Yolo,113,214977,34228,33257,2870,36127,275
2022-02-01,Yuba,115,75493,14947,14693,1050,15743,103
2022-01-31,Alameda,001,1643700,237105,232743,12488,245231,1607
2022-01-31,Alpine,003,1148,122,123,1,124,0
2022-01-31,Amador,005,37829,7917,7682,556,8238,73
2022-01-31,Butte,007,227075,30953,30371,6154,36525,354
2022-01-31,Calaveras,009,45235,6851,6700,294,6994,96
2022-01-31,Colusa,011,21464,3268,3187,997,4184,21
2022-01-31,Contra Costa,013,1133247,176589,173466,11609,185075,1115
2022-01-31,Del Norte,015,27424,4976,4879,133,5012,43
2022-01-31,El Dorado,017,186661,25416,24545,2954,27499,184
2022-01-31,Fresno,019,978130,213619,210589,20014,230603,2464
2022-01-31,Glenn,021,27897,4711,4641,1433,6074,39
2022-01-31,Humboldt,023,135768,15602,15308,2502,17810,126
2022-01-31,Imperial,025,180216,52240,51472,9874,61346,846
2022-01-31,Inyo,027,18085,3948,3922,419,4341,50
2022-01-31,Kern,029,883053,181903,178375,39348,217723,1967
2022-01-31,Kings,031,150075,47656,46845,3172,50017,398
2022-01-31,Lake,033,64148,9604,9141,753,9894,119
2022-01-31,Lassen,035,31185,8321,8162,832,8994,55
2022-01-31,Los Angeles,037,10098052,2584956,2541189,118124,2659313,28718
2022-01-31,Madera,039,155013,34873,33886,5208,39094,329
2022-01-31,Marin,041,260295,31341,31023,2021,33044,253
2022-01-31,Mariposa,043,17540,2232,2203,144,2347,6
2022-01-31,Mendocino,045,87422,12096,11896,2426,14322,104
2022-01-31,Merced,047,269075,59010,58198,7138,65336,740
2022-01-31,Modoc,049,8938,671,661,230,891,6
2022-01-31,Mono,051,14174,2894,2889,113,3002,5
2022-01-31,Monterey,053,433212,73619,66117,11252,77369,661
2022-01-31,Napa,055,140530,23794,22707,842,23549,113
2022-01-31,Nevada,057,99092,15157,14813,1055,15868,112
2022-01-31,Orange,059,3164182,527474,522358,39287,561645,6098
2022-01-31,Placer,061,380077,59428,58252,6889,65141,523
2022-01-31,Plumas,063,18699,2566,2513,285,2798,12
2022-01-31,Riverside,065,2383286,568562,558166,26294,584460,5785
2022-01-31,Sacramento,067,1510023,260675,256594,24062,280656,2571
2022-01-31,San Benito,069,59416,12194,11976,477,12453,90
2022-01-31,San Bernardino,071,2135413,542949,535276,22904,558180,6302
2022-01-31,San Diego,073,3302833,709223,698571,45953,744524,4686
2022-01-31,San Francisco,075,870044,117009,111119,8266,119385,712
2022-01-31,San Joaquin,077,732212,157946,155736,8614,164350,1985
2022-01-31,San Luis Obispo,079,281455,48781,47656,3294,50950,395
2022-01-31,San Mateo,081,765935,112954,103313,6419,109732,589
2022-01-31,Santa Barbara,083,443738,80744,79267,4384,83651,606
2022-01-31,Santa Clara,085,1922200,290496,284562,11181,295743,2041
2022-01-31,Santa Cruz,087,273765,42571,41630,1747,43377,239
2022-01-31,Shasta,089,179085,28712,28190,5651,33841,462
2022-01-31,Sierra,091,2930,266,261,39,300,0
2022-01-31,Siskiyou,093,43540,4149,4054,2454,6508,66
2022-01-31,Solano,095,438530,75768,72258,4921,77179,414
2022-01-31,Sonoma,097,501317,77664,76199,1783,77982,431
2022-01-31,Stanislaus,099,539301,112311,110493,14948,125441,1403
2022-01-31,Sutter,101,95872,19450,19189,1546,20735,202
2022-01-31,Tehama,103,63373,11319,11112,2430,13542,145
2022-01-31,Trinity,105,12862,1109,1071,266,1337,19
2022-01-31,Tulare,107,460477,98004,96053,25636,121689,1245
2022-01-31,Tuolumne,109,53932,11483,11278,473,11751,91
2022-01-31,Ventura,111,848112,166182,164060,8877,172937,1286
2022-01-31,Yolo,113,214977,34082,33175,2844,36019,274
2022-01-31,Yuba,115,75493,14885,14652,1031,15683,103
2022-01-30,Alameda,001,1643700,235624,231838,12336,244174,1607
2022-01-30,Alpine,003,1148,122,123,1,124,0
2022-01-30,Amador,005,37829,7864,7644,532,8176,73
2022-01-30,Butte,007,227075,30761,30255,6091,36346,354
2022-01-30,Calaveras,009,45235,6794,6676,280,6956,96
2022-01-30,Colusa,011,21464,3244,3168,985,4153,21
2022-01-30,Contra Costa,013,1133247,175656,172902,11407,184309,1102
2022-01-30,Del Norte,015,27424,4924,4833,128,4961,43
2022-01-30,El Dorado,017,186661,25299,24491,2931,27422,184
2022-01-30,Fresno,019,978130,212113,209645,19784,229429,2463
2022-01-30,Glenn,021,27897,4680,4619,1423,6042,39
2022-01-30,Humboldt,023,135768,15488,15247,2444,17691,126
2022-01-30,Imperial,025,180216,51931,51415,9680,61095,846
2022-01-30,Inyo,027,18085,3935,3921,416,4337,50
2022-01-30,Kern,029,883053,181078,177924,39181,217105,1967
2022-01-30,Kings,031,150075,47307,46654,3111,49765,398
2022-01-30,Lake,033,64148,9513,9080,732,9812,119
2022-01-30,Lassen,035,31185,8292,8158,823,8981,55
2022-01-30,Los Angeles,037,10098052,2574686,2530739,117722,2648461,28678
2022-01-30,Madera,039,155013,34579,33752,5010,38762,329
2022-01-30,Marin,041,260295,31184,30875,2006,32881,253
2022-01-30,Mariposa,043,17540,2220,2177,138,2315,6
2022-01-30,Mendocino,045,87422,12023,11860,2321,14181,104
2022-01-30,Merced,047,269075,58648,58006,6835,64841,740
2022-01-30,Modoc,049,8938,668,661,230,891,6
2022-01-30,Mono,051,14174,2890,2888,113,3001,5
2022-01-30,Monterey,053,433212,73023,65996,10954,76950,661
2022-01-30,Napa,055,140530,23623,22588,823,23411,114
2022-01-30,Nevada,057,99092,15054,14741,1039,15780,112
2022-01-30,Orange,059,3164182,525795,521334,39117,560451,6098
2022-01-30,Placer,061,380077,59037,58030,6843,64873,523
2022-01-30,Plumas,063,18699,2551,2510,270,2780,12
2022-01-30,Riverside,065,2383286,566474,557088,26200,583288,5767
2022-01-30,Sacramento,067,1510023,259219,255715,23556,279271,2572
2022-01-30,San Benito,069,59416,12130,11945,472,12417,90
2022-01-30,San Bernardino,071,2135413,541319,534050,22807,556857,6302
2022-01-30,San Diego,073,3302833,705708,687145,45582,732727,4665
2022-01-30,San Francisco,075,870044,116445,110772,8224,118996,712
2022-01-30,San Joaquin,077,732212,156970,155165,8577,163742,1985
2022-01-30,San Luis Obispo,079,281455,48388,47599,3257,50856,394
2022-01-30,San Mateo,081,765935,112400,102979,6369,109348,589
2022-01-30,Santa Barbara,083,443738,80069,79072,4321,83393,606
2022-01-30,Santa Clara,085,1922200,288505,282846,11046,293892,2035
2022-01-30,Santa Cruz,087,273765,42122,41330,1741,43071,239
2022-01-30,Shasta,089,179085,28552,28105,5566,33671,462
2022-01-30,Sierra,091,2930,266,261,39,300,0
2022-01-30,Siskiyou,093,43540,4120,4039,2403,6442,66
2022-01-30,Solano,095,438530,75314,71857,4879,76736,414
2022-01-30,Sonoma,097,501317,77142,75890,1766,77656,431
2022-01-30,Stanislaus,099,539301,111676,110111,14773,124884,1403
2022-01-30,Sutter,101,95872,19360,19108,1458,20566,202
2022-01-30,Tehama,103,63373,11250,11071,2401,13472,145
2022-01-30,Trinity,105,12862,1103,1068,266,1334,19
2022-01-30,Tulare,107,460477,97291,95676,25367,121043,1245
2022-01-30,Tuolumne,109,53932,11374,11242,435,11677,91
2022-01-30,Ventura,111,848112,165610,163521,8847,172368,1286
2022-01-30,Yolo,113,214977,33874,33043,2810,35853,274
2022-01-30,Yuba,115,75493,14795,14584,1009,15593,103
2022-01-29,Alameda,001,1643700,235028,225602,12322,237924,1605
2022-01-29,Alpine,003,1148,122,123,1,124,0
2022-01-29,Amador,005,37829,7843,7505,529,8034,73
2022-01-29,Butte,007,227075,30676,29557,6066,35623,353
2022-01-29,Calaveras,009,45235,6775,6484,279,6763,96
2022-01-29,Colusa,011,21464,3238,3107,982,4089,21
2022-01-29,Contra Costa,013,1133247,175155,168003,11384,179387,1101
2022-01-29,Del Norte,015,27424,4917,4589,126,4715,43
2022-01-29,El Dorado,017,186661,25250,24008,2927,26935,184
2022-01-29,Fresno,019,978130,211678,202691,19755,222446,2457
2022-01-29,Glenn,021,27897,4673,4516,1416,5932,39
2022-01-29,Humboldt,023,135768,15441,14812,2437,17249,126
2022-01-29,Imperial,025,180216,51826,50153,9627,59780,845
2022-01-29,Inyo,027,18085,3933,3895,408,4303,50
2022-01-29,Kern,029,883053,180762,174456,39107,213563,1962
2022-01-29,Kings,031,150075,47195,45047,3109,48156,397
2022-01-29,Lake,033,64148,9487,8747,728,9475,119
2022-01-29,Lassen,035,31185,8274,7961,822,8783,55
2022-01-29,Los Angeles,037,10098052,2571167,2473332,117493,2590825,28467
2022-01-29,Madera,039,155013,34471,32753,4985,37738,329
2022-01-29,Marin,041,260295,31114,30137,2003,32140,253
2022-01-29,Mariposa,043,17540,2218,2117,136,2253,6
2022-01-29,Mendocino,045,87422,11999,11591,2306,13897,104
2022-01-29,Merced,047,269075,58545,56472,6833,63305,735
2022-01-29,Modoc,049,8938,668,654,230,884,6
2022-01-29,Mono,051,14174,2890,2860,113,2973,5
2022-01-29,Monterey,053,433212,72881,64090,10930,75020,658
2022-01-29,Napa,055,140530,23578,22121,821,22942,113
2022-01-29,Nevada,057,99092,15023,14337,1036,15373,112
2022-01-29,Orange,059,3164182,525126,511255,39002,550257,6038
2022-01-29,Placer,061,380077,58842,56562,6828,63390,523
2022-01-29,Plumas,063,18699,2544,2463,266,2729,12
2022-01-29,Riverside,065,2383286,565458,548121,26163,574284,5726
2022-01-29,Sacramento,067,1510023,258664,249130,23512,272642,2558
2022-01-29,San Benito,069,59416,12070,11670,471,12141,90
2022-01-29,San Bernardino,071,2135413,540642,525249,22770,548019,6297
2022-01-29,San Diego,073,3302833,704412,683027,45513,728540,4643
2022-01-29,San Francisco,075,870044,116160,108265,8158,116423,712
2022-01-29,San Joaquin,077,732212,156728,150849,8563,159412,1971
2022-01-29,San Luis Obispo,079,281455,48301,46374,3254,49628,391
2022-01-29,San Mateo,081,765935,112061,100306,6343,106649,586
2022-01-29,Santa Barbara,083,443738,79863,76546,4314,80860,604
2022-01-29,Santa Clara,085,1922200,287546,273879,11019,284898,2019
2022-01-29,Santa Cruz,087,273765,41995,39228,1739,40967,240
2022-01-29,Shasta,089,179085,28493,27504,5551,33055,452
2022-01-29,Sierra,091,2930,266,260,39,299,0
2022-01-29,Siskiyou,093,43540,4110,3987,2396,6383,66
2022-01-29,Solano,095,438530,75173,69862,4866,74728,407
2022-01-29,Sonoma,097,501317,76917,73439,1762,75201,427
2022-01-29,Stanislaus,099,539301,111432,107668,14739,122407,1403
2022-01-29,Sutter,101,95872,19311,18797,1443,20240,202
2022-01-29,Tehama,103,63373,11221,10880,2396,13276,145
2022-01-29,Trinity,105,12862,1101,1033,265,1298,19
2022-01-29,Tulare,107,460477,97066,93154,25309,118463,1237
2022-01-29,Tuolumne,109,53932,11349,10806,427,11233,91
2022-01-29,Ventura,111,848112,165281,160466,8830,169296,1271
2022-01-29,Yolo,113,214977,33770,32123,2796,34919,275
2022-01-29,Yuba,115,75493,14759,14295,1007,15302,103
2022-01-28,Alameda,001,1643700,234128,225602,12304,237906,1605
2022-01-28,Alpine,003,1148,122,123,1,124,0
2022-01-28,Amador,005,37829,7816,7505,527,8032,73
2022-01-28,Butte,007,227075,30601,29557,6047,35604,353
2022-01-28,Calaveras,009,45235,6757,6484,278,6762,96
2022-01-28,Colusa,011,21464,3234,3107,980,4087,21
2022-01-28,Contra Costa,013,1133247,174658,168003,11347,179350,1101
2022-01-28,Del Norte,015,27424,4894,4589,125,4714,43
2022-01-28,El Dorado,017,186661,25210,24008,2923,26931,184
2022-01-28,Fresno,019,978130,210900,202691,19717,222408,2457
2022-01-28,Glenn,021,27897,4660,4516,1415,5931,39
2022-01-28,Humboldt,023,135768,15404,14812,2427,17239,126
2022-01-28,Imperial,025,180216,51704,50153,9594,59747,845
2022-01-28,Inyo,027,18085,3930,3895,405,4300,50
2022-01-28,Kern,029,883053,180377,174456,39047,213503,1962
2022-01-28,Kings,031,150075,47062,45047,3106,48153,397
2022-01-28,Lake,033,64148,9460,8747,727,9474,119
2022-01-28,Lassen,035,31185,8207,7961,821,8782,55
2022-01-28,Los Angeles,037,10098052,2565446,2473332,117313,2590645,28467
2022-01-28,Madera,039,155013,34340,32753,4968,37721,329
2022-01-28,Marin,041,260295,31025,30137,1994,32131,253
2022-01-28,Mariposa,043,17540,2208,2117,134,2251,6
2022-01-28,Mendocino,045,87422,11961,11591,2304,13895,104
2022-01-28,Merced,047,269075,58447,56472,6822,63294,735
2022-01-28,Modoc,049,8938,667,654,230,884,6
2022-01-28,Mono,051,14174,2885,2860,113,2973,5
2022-01-28,Monterey,053,433212,72683,64090,10894,74984,658
2022-01-28,Napa,055,140530,23507,22121,820,22941,113
2022-01-28,Nevada,057,99092,14990,14337,1035,15372,112
2022-01-28,Orange,059,3164182,524012,511255,38911,550166,6038
2022-01-28,Placer,061,380077,58661,56562,6804,63366,523
2022-01-28,Plumas,063,18699,2537,2463,264,2727,12
2022-01-28,Riverside,065,2383286,564133,548121,26126,574247,5726
2022-01-28,Sacramento,067,1510023,257925,249130,23465,272595,2558
2022-01-28,San Benito,069,59416,12048,11670,466,12136,90
2022-01-28,San Bernardino,071,2135413,539662,525249,22743,547992,6297
2022-01-28,San Diego,073,3302833,702612,683027,45444,728471,4643
2022-01-28,San Francisco,075,870044,115794,108265,8107,116372,712
2022-01-28,San Joaquin,077,732212,156440,150849,8553,159402,1971
2022-01-28,San Luis Obispo,079,281455,48217,46374,3248,49622,391
2022-01-28,San Mateo,081,765935,111720,100306,6320,106626,586
2022-01-28,Santa Barbara,083,443738,79608,76546,4310,80856,604
2022-01-28,Santa Clara,085,1922200,286322,273879,10970,284849,2019
2022-01-28,Santa Cruz,087,273765,41814,39228,1734,40962,240
2022-01-28,Shasta,089,179085,28440,27504,5536,33040,452
2022-01-28,Sierra,091,2930,266,260,39,299,0
2022-01-28,Siskiyou,093,43540,4102,3987,2392,6379,66
2022-01-28,Solano,095,438530,74599,69862,4799,74661,407
2022-01-28,Sonoma,097,501317,76707,73439,1757,75196,427
2022-01-28,Stanislaus,099,539301,111178,107668,14713,122381,1403
2022-01-28,Sutter,101,95872,19266,18797,1441,20238,202
2022-01-28,Tehama,103,63373,11189,10880,2392,13272,145
2022-01-28,Trinity,105,12862,1094,1033,265,1298,19
2022-01-28,Tulare,107,460477,96824,93154,25218,118372,1237
2022-01-28,Tuolumne,109,53932,11318,10806,421,11227,91
2022-01-28,Ventura,111,848112,164830,160466,8811,169277,1271
2022-01-28,Yolo,113,214977,33665,32123,2789,34912,275
2022-01-28,Yuba,115,75493,14720,14295,1001,15296,103
2022-01-27,Alameda,001,1643700,232590,225602,12171,237773,1605
2022-01-27,Alpine,003,1148,122,123,1,124,0
2022-01-27,Amador,005,37829,7770,7505,514,8019,73
2022-01-27,Butte,007,227075,30450,29557,5995,35552,353
2022-01-27,Calaveras,009,45235,6729,6484,262,6746,96
2022-01-27,Colusa,011,21464,3220,3107,973,4080,21
2022-01-27,Contra Costa,013,1133247,173668,168003,11177,179180,1101
2022-01-27,Del Norte,015,27424,4845,4589,121,4710,43
2022-01-27,El Dorado,017,186661,25105,24008,2906,26914,184
2022-01-27,Fresno,019,978130,209312,202691,19529,222220,2457
2022-01-27,Glenn,021,27897,4630,4516,1407,5923,39
2022-01-27,Humboldt,023,135768,15314,14812,2389,17201,126
2022-01-27,Imperial,025,180216,51414,50153,9481,59634,845
2022-01-27,Inyo,027,18085,3925,3895,395,4290,50
2022-01-27,Kern,029,883053,179630,174456,38848,213304,1962
2022-01-27,Kings,031,150075,46759,45047,3073,48120,397
2022-01-27,Lake,033,64148,9408,8747,707,9454,119
2022-01-27,Lassen,035,31185,8169,7961,814,8775,55
2022-01-27,Los Angeles,037,10098052,2554109,2473332,116912,2590244,28467
2022-01-27,Madera,039,155013,34123,32753,4860,37613,329
2022-01-27,Marin,041,260295,30861,30137,1978,32115,253
2022-01-27,Mariposa,043,17540,2185,2117,130,2247,6
2022-01-27,Mendocino,045,87422,11911,11591,2255,13846,104
2022-01-27,Merced,047,269075,58181,56472,6667,63139,735
2022-01-27,Modoc,049,8938,665,654,229,883,6
2022-01-27,Mono,051,14174,2882,2860,111,2971,5
2022-01-27,Monterey,053,433212,72060,64090,10652,74742,658
2022-01-27,Napa,055,140530,23345,22121,792,22913,113
2022-01-27,Nevada,057,99092,14921,14337,1009,15346,112
2022-01-27,Orange,059,3164182,522231,511255,38759,550014,6038
2022-01-27,Placer,061,380077,58345,56562,6755,63317,523
2022-01-27,Plumas,063,18699,2528,2463,251,2714,12
2022-01-27,Riverside,065,2383286,561964,548121,26055,574176,5726
2022-01-27,Sacramento,067,1510023,256636,249130,23114,272244,2558
2022-01-27,San Benito,069,59416,11992,11670,461,12131,90
2022-01-27,San Bernardino,071,2135413,537858,525249,22650,547899,6297
2022-01-27,San Diego,073,3302833,699304,683027,45116,728143,4643
2022-01-27,San Francisco,075,870044,115289,108265,8049,116314,712
2022-01-27,San Joaquin,077,732212,155582,150849,8504,159353,1971
2022-01-27,San Luis Obispo,079,281455,47946,46374,3210,49584,391
2022-01-27,San Mateo,081,765935,111140,100306,6245,106551,586
2022-01-27,Santa Barbara,083,443738,79126,76546,4256,80802,604
2022-01-27,Santa Clara,085,1922200,284228,273879,10819,284698,2019
2022-01-27,Santa Cruz,087,273765,41161,39228,1722,40950,240
2022-01-27,Shasta,089,179085,28307,27504,5484,32988,452
2022-01-27,Sierra,091,2930,265,260,39,299,0
2022-01-27,Siskiyou,093,43540,4081,3987,2356,6343,66
2022-01-27,Solano,095,438530,73983,69862,4759,74621,407
2022-01-27,Sonoma,097,501317,76237,73439,1751,75190,427
2022-01-27,Stanislaus,099,539301,110663,107668,14605,122273,1403
2022-01-27,Sutter,101,95872,19163,18797,1418,20215,202
2022-01-27,Tehama,103,63373,11135,10880,2375,13255,145
2022-01-27,Trinity,105,12862,1090,1033,264,1297,19
2022-01-27,Tulare,107,460477,96205,93154,24953,118107,1237
2022-01-27,Tuolumne,109,53932,11267,10806,409,11215,91
2022-01-27,Ventura,111,848112,164185,160466,8778,169244,1271
2022-01-27,Yolo,113,214977,33524,32123,2773,34896,275
2022-01-27,Yuba,115,75493,14641,14295,985,15280,103
2022-01-26,Alameda,001,1643700,230752,222680,12007,234687,1596
2022-01-26,Alpine,003,1148,122,123,1,124,0
2022-01-26,Amador,005,37829,7697,7427,496,7923,73
2022-01-26,Butte,007,227075,30249,29229,5936,35165,353
2022-01-26,Calaveras,009,45235,6683,6387,254,6641,96
2022-01-26,Colusa,011,21464,3206,3094,967,4061,21
2022-01-26,Contra Costa,013,1133247,172557,165972,11010,176982,1095
2022-01-26,Del Norte,015,27424,4775,4542,120,4662,43
2022-01-26,El Dorado,017,186661,24987,23819,2888,26707,181
2022-01-26,Fresno,019,978130,207509,199689,19359,219048,2452
2022-01-26,Glenn,021,27897,4596,4472,1402,5874,39
2022-01-26,Humboldt,023,135768,15213,14715,2341,17056,126
2022-01-26,Imperial,025,180216,51070,49477,9319,58796,839
2022-01-26,Inyo,027,18085,3922,3889,364,4253,50
2022-01-26,Kern,029,883053,178758,173052,38664,211716,1953
2022-01-26,Kings,031,150075,46351,44367,3052,47419,396
2022-01-26,Lake,033,64148,9325,8645,699,9344,119
2022-01-26,Lassen,035,31185,8133,7888,811,8699,55
2022-01-26,Los Angeles,037,10098052,2541611,2450620,116437,2567057,28382
2022-01-26,Madera,039,155013,33879,32323,4739,37062,329
2022-01-26,Marin,041,260295,30687,29813,1960,31773,253
2022-01-26,Mariposa,043,17540,2168,2108,123,2231,6
2022-01-26,Mendocino,045,87422,11863,11453,2205,13658,103
2022-01-26,Merced,047,269075,57819,56060,6483,62543,733
2022-01-26,Modoc,049,8938,664,652,228,880,6
2022-01-26,Mono,051,14174,2877,2852,111,2963,4
2022-01-26,Monterey,053,433212,71519,63264,10353,73617,659
2022-01-26,Napa,055,140530,23191,21864,781,22645,112
2022-01-26,Nevada,057,99092,14827,14128,998,15126,112
2022-01-26,Orange,059,3164182,520121,506419,38586,545005,6007
2022-01-26,Placer,061,380077,58012,55892,6691,62583,524
2022-01-26,Plumas,063,18699,2517,2425,249,2674,12
2022-01-26,Riverside,065,2383286,559443,543788,25938,569726,5701
2022-01-26,Sacramento,067,1510023,254966,246416,22745,269161,2559
2022-01-26,San Benito,069,59416,11922,11563,448,12011,90
2022-01-26,San Bernardino,071,2135413,535707,521699,22545,544244,6291
2022-01-26,San Diego,073,3302833,695134,676392,44785,721177,4622
2022-01-26,San Francisco,075,870044,114654,107174,8009,115183,704
2022-01-26,San Joaquin,077,732212,154588,148770,8459,157229,1971
2022-01-26,San Luis Obispo,079,281455,47651,45716,3182,48898,391
2022-01-26,San Mateo,081,765935,110492,99016,6119,105135,586
2022-01-26,Santa Barbara,083,443738,78584,75548,4192,79740,600
2022-01-26,Santa Clara,085,1922200,282100,270470,10644,281114,2015
2022-01-26,Santa Cruz,087,273765,40668,38298,1711,40009,239
2022-01-26,Shasta,089,179085,28159,27255,5435,32690,452
2022-01-26,Sierra,091,2930,264,260,38,298,0
2022-01-26,Siskiyou,093,43540,4066,3971,2333,6304,66
2022-01-26,Solano,095,438530,73307,69150,4705,73855,401
2022-01-26,Sonoma,097,501317,75674,72509,1721,74230,423
2022-01-26,Stanislaus,099,539301,110111,106582,14449,121031,1396
2022-01-26,Sutter,101,95872,19054,18670,1381,20051,202
2022-01-26,Tehama,103,63373,11073,10749,2358,13107,145
2022-01-26,Trinity,105,12862,1085,1008,264,1272,19
2022-01-26,Tulare,107,460477,95477,91904,24710,116614,1234
2022-01-26,Tuolumne,109,53932,11127,10699,398,11097,91
2022-01-26,Ventura,111,848112,163468,159077,8739,167816,1263
2022-01-26,Yolo,113,214977,33314,31913,2734,34647,275
2022-01-26,Yuba,115,75493,14558,14171,963,15134,103
2022-01-25,Alameda,001,1643700,228881,219753,11826,231579,1589
2022-01-25,Alpine,003,1148,122,122,1,123,0
2022-01-25,Amador,005,37829,7623,7352,484,7836,73
2022-01-25,Butte,007,227075,30045,28887,5861,34748,351
2022-01-25,Calaveras,009,45235,6614,6266,240,6506,95
2022-01-25,Colusa,011,21464,3186,3074,965,4039,21
2022-01-25,Contra Costa,013,1133247,171237,163792,10794,174586,1092
2022-01-25,Del Norte,015,27424,4704,4514,115,4629,43
2022-01-25,El Dorado,017,186661,24849,23339,2871,26210,179
2022-01-25,Fresno,019,978130,205391,198262,19101,217363,2434
2022-01-25,Glenn,021,27897,4566,4418,1387,5805,39
2022-01-25,Humboldt,023,135768,15119,14574,2314,16888,126
2022-01-25,Imperial,025,180216,50588,48913,9067,57980,832
2022-01-25,Inyo,027,18085,3907,3857,318,4175,50
2022-01-25,Kern,029,883053,177762,171695,38389,210084,1947
2022-01-25,Kings,031,150075,45864,43853,3020,46873,396
2022-01-25,Lake,033,64148,9244,8543,687,9230,118
2022-01-25,Lassen,035,31185,8104,7834,802,8636,55
2022-01-25,Los Angeles,037,10098052,2526526,2433516,115867,2549383,28293
2022-01-25,Madera,039,155013,33558,31794,4606,36400,329
2022-01-25,Marin,041,260295,30520,29589,1947,31536,253
2022-01-25,Mariposa,043,17540,2157,2069,117,2186,6
2022-01-25,Mendocino,045,87422,11743,11280,2102,13382,103
2022-01-25,Merced,047,269075,57427,55555,6340,61895,733
2022-01-25,Modoc,049,8938,662,652,228,880,6
2022-01-25,Mono,051,14174,2867,2826,111,2937,4
2022-01-25,Monterey,053,433212,70944,62498,9960,72458,654
2022-01-25,Napa,055,140530,22981,21668,744,22412,111
2022-01-25,Nevada,057,99092,14703,13944,974,14918,112
2022-01-25,Orange,059,3164182,517730,504274,38381,542655,5980
2022-01-25,Placer,061,380077,57596,55465,6616,62081,518
2022-01-25,Plumas,063,18699,2499,2397,245,2642,12
2022-01-25,Riverside,065,2383286,556398,540723,25777,566500,5686
2022-01-25,Sacramento,067,1510023,253015,244468,22196,266664,2545
2022-01-25,San Benito,069,59416,11822,11446,444,11890,88
2022-01-25,San Bernardino,071,2135413,533282,519150,22432,541582,6288
2022-01-25,San Diego,073,3302833,690149,670110,44351,714461,4604
2022-01-25,San Francisco,075,870044,113786,106254,7960,114214,703
2022-01-25,San Joaquin,077,732212,153589,147271,8407,155678,1972
2022-01-25,San Luis Obispo,079,281455,47295,45130,3134,48264,391
2022-01-25,San Mateo,081,765935,109694,98010,6005,104015,586
2022-01-25,Santa Barbara,083,443738,77864,74686,4112,78798,594
2022-01-25,Santa Clara,085,1922200,279422,268031,10430,278461,2006
2022-01-25,Santa Cruz,087,273765,40009,37850,1698,39548,237
2022-01-25,Shasta,089,179085,27999,27090,5367,32457,452
2022-01-25,Sierra,091,2930,264,260,33,293,0
2022-01-25,Siskiyou,093,43540,4041,3958,2288,6246,65
2022-01-25,Solano,095,438530,72747,68657,4656,73313,399
2022-01-25,Sonoma,097,501317,74980,71633,1687,73320,423
2022-01-25,Stanislaus,099,539301,109480,105965,14277,120242,1396
2022-01-25,Sutter,101,95872,18954,18508,1342,19850,200
2022-01-25,Tehama,103,63373,11015,10669,2332,13001,145
2022-01-25,Trinity,105,12862,1076,999,263,1262,19
2022-01-25,Tulare,107,460477,94680,91237,24366,115603,1229
2022-01-25,Tuolumne,109,53932,10961,10516,374,10890,91
2022-01-25,Ventura,111,848112,162611,157971,8695,166666,1263
2022-01-25,Yolo,113,214977,33066,31677,2688,34365,274
2022-01-25,Yuba,115,75493,14474,14038,935,14973,103
2022-01-24,Alameda,001,1643700,226504,216252,11556,227808,1581
2022-01-24,Alpine,003,1148,122,120,1,121,0
2022-01-24,Amador,005,37829,7574,7166,440,7606,73
2022-01-24,Butte,007,227075,29818,28607,5798,34405,350
2022-01-24,Calaveras,009,45235,6558,6172,226,6398,95
2022-01-24,Colusa,011,21464,3166,3052,948,4000,21
2022-01-24,Contra Costa,013,1133247,169740,162161,10579,172740,1092
2022-01-24,Del Norte,015,27424,4632,4460,114,4574,43
2022-01-24,El Dorado,017,186661,24687,23128,2846,25974,179
2022-01-24,Fresno,019,978130,203091,196092,18822,214914,2430
2022-01-24,Glenn,021,27897,4523,4367,1377,5744,39
2022-01-24,Humboldt,023,135768,15009,14416,2268,16684,126
2022-01-24,Imperial,025,180216,50039,48228,8722,56950,824
2022-01-24,Inyo,027,18085,3903,3805,294,4099,50
2022-01-24,Kern,029,883053,176478,169892,38106,207998,1946
2022-01-24,Kings,031,150075,45294,43260,2960,46220,396
2022-01-24,Lake,033,64148,9128,8423,672,9095,118
2022-01-24,Lassen,035,31185,8011,7732,780,8512,55
2022-01-24,Los Angeles,037,10098052,2510185,2391045,115254,2506299,28230
2022-01-24,Madera,039,155013,33120,31339,4421,35760,329
2022-01-24,Marin,041,260295,30291,29301,1911,31212,253
2022-01-24,Mariposa,043,17540,2132,2033,113,2146,6
2022-01-24,Mendocino,045,87422,11634,11002,2023,13025,103
2022-01-24,Merced,047,269075,56931,54970,6056,61026,730
2022-01-24,Modoc,049,8938,659,648,227,875,6
2022-01-24,Mono,051,14174,2855,2802,109,2911,4
2022-01-24,Monterey,053,433212,70121,61975,9588,71563,654
2022-01-24,Napa,055,140530,22796,21494,731,22225,111
2022-01-24,Nevada,057,99092,14561,13774,952,14726,112
2022-01-24,Orange,059,3164182,515018,501634,38109,539743,5969
2022-01-24,Placer,061,380077,57085,54933,6564,61497,518
2022-01-24,Plumas,063,18699,2478,2370,229,2599,12
2022-01-24,Riverside,065,2383286,552708,535962,25568,561530,5661
2022-01-24,Sacramento,067,1510023,250701,241522,21623,263145,2526
2022-01-24,San Benito,069,59416,11727,11331,431,11762,88
2022-01-24,San Bernardino,071,2135413,530554,515604,22295,537899,6285
2022-01-24,San Diego,073,3302833,684538,663580,43850,707430,4586
2022-01-24,San Francisco,075,870044,112748,105418,7844,113262,703
2022-01-24,San Joaquin,077,732212,152265,145984,8361,154345,1959
2022-01-24,San Luis Obispo,079,281455,46823,44616,3079,47695,387
2022-01-24,San Mateo,081,765935,108774,96968,5881,102849,586
2022-01-24,Santa Barbara,083,443738,77006,73866,4015,77881,591
2022-01-24,Santa Clara,085,1922200,276464,265341,10229,275570,2006
2022-01-24,Santa Cruz,087,273765,39179,37188,1683,38871,237
2022-01-24,Shasta,089,179085,27811,26871,5277,32148,452
2022-01-24,Sierra,091,2930,264,258,33,291,0
2022-01-24,Siskiyou,093,43540,4028,3934,2245,6179,64
2022-01-24,Solano,095,438530,72067,68094,4588,72682,400
2022-01-24,Sonoma,097,501317,74068,70733,1664,72397,423
2022-01-24,Stanislaus,099,539301,108732,104933,14063,118996,1395
2022-01-24,Sutter,101,95872,18839,18336,1258,19594,200
2022-01-24,Tehama,103,63373,10943,10567,2313,12880,145
2022-01-24,Trinity,105,12862,1067,978,261,1239,19
2022-01-24,Tulare,107,460477,93670,90089,23976,114065,1219
2022-01-24,Tuolumne,109,53932,10855,10374,362,10736,91
2022-01-24,Ventura,111,848112,161580,156551,8652,165203,1261
2022-01-24,Yolo,113,214977,32783,31480,2653,34133,273
2022-01-24,Yuba,115,75493,14365,13862,895,14757,103
2022-01-23,Alameda,001,1643700,223891,214003,11210,225213,1583
2022-01-23,Alpine,003,1148,122,120,1,121,0
2022-01-23,Amador,005,37829,7519,7090,400,7490,73
2022-01-23,Butte,007,227075,29528,28340,5691,34031,350
2022-01-23,Calaveras,009,45235,6487,6095,203,6298,95
2022-01-23,Colusa,011,21464,3136,3040,941,3981,21
2022-01-23,Contra Costa,013,1133247,167912,160798,10217,171015,1092
2022-01-23,Del Norte,015,27424,4557,4419,106,4525,43
2022-01-23,El Dorado,017,186661,24492,22925,2799,25724,179
2022-01-23,Fresno,019,978130,200647,193642,18399,212041,2430
2022-01-23,Glenn,021,27897,4472,4340,1354,5694,39
2022-01-23,Humboldt,023,135768,14887,14296,2184,16480,126
2022-01-23,Imperial,025,180216,49447,47935,8426,56361,824
2022-01-23,Inyo,027,18085,3877,3781,280,4061,50
2022-01-23,Kern,029,883053,175136,168585,37731,206316,1946
2022-01-23,Kings,031,150075,44683,42622,2875,45497,397
2022-01-23,Lake,033,64148,8958,8363,641,9004,118
2022-01-23,Lassen,035,31185,7954,7710,756,8466,55
2022-01-23,Los Angeles,037,10098052,2490614,2390590,114297,2504887,28231
2022-01-23,Madera,039,155013,32752,30962,4176,35138,329
2022-01-23,Marin,041,260295,30044,29025,1873,30898,253
2022-01-23,Mariposa,043,17540,2117,2011,110,2121,6
2022-01-23,Mendocino,045,87422,11507,10889,1899,12788,103
2022-01-23,Merced,047,269075,56387,54644,5611,60255,730
2022-01-23,Modoc,049,8938,657,645,224,869,6
2022-01-23,Mono,051,14174,2849,2788,106,2894,4
2022-01-23,Monterey,053,433212,69291,61522,9137,70659,654
2022-01-23,Napa,055,140530,22529,21281,719,22000,111
2022-01-23,Nevada,057,99092,14387,13629,922,14551,112
2022-01-23,Orange,059,3164182,511786,498968,37795,536763,5970
2022-01-23,Placer,061,380077,56512,54568,6469,61037,518
2022-01-23,Plumas,063,18699,2456,2368,200,2568,12
2022-01-23,Riverside,065,2383286,548290,532273,25267,557540,5661
2022-01-23,Sacramento,067,1510023,248116,239589,20643,260232,2530
2022-01-23,San Benito,069,59416,11604,11225,420,11645,88
2022-01-23,San Bernardino,071,2135413,527302,512657,22052,534709,6281
2022-01-23,San Diego,073,3302833,678013,640215,43136,683351,4566
2022-01-23,San Francisco,075,870044,111596,104485,7706,112191,704
2022-01-23,San Joaquin,077,732212,150645,144621,8288,152909,1959
2022-01-23,San Luis Obispo,079,281455,46142,44183,3000,47183,386
2022-01-23,San Mateo,081,765935,107703,95940,5733,101673,586
2022-01-23,Santa Barbara,083,443738,75886,73041,3889,76930,590
2022-01-23,Santa Clara,085,1922200,273100,261991,9899,271890,2005
2022-01-23,Santa Cruz,087,273765,38637,36547,1654,38201,237
2022-01-23,Shasta,089,179085,27512,26732,5155,31887,452
2022-01-23,Sierra,091,2930,263,252,33,285,0
2022-01-23,Siskiyou,093,43540,4003,3916,2187,6103,64
2022-01-23,Solano,095,438530,71280,67457,4495,71952,400
2022-01-23,Sonoma,097,501317,73136,69791,1627,71418,423
2022-01-23,Stanislaus,099,539301,107885,104067,13830,117897,1395
2022-01-23,Sutter,101,95872,18679,18175,1158,19333,200
2022-01-23,Tehama,103,63373,10839,10481,2281,12762,145
2022-01-23,Trinity,105,12862,1064,961,259,1220,19
2022-01-23,Tulare,107,460477,92522,89120,23531,112651,1219
2022-01-23,Tuolumne,109,53932,10704,10243,344,10587,91
2022-01-23,Ventura,111,848112,160400,155052,8579,163631,1261
2022-01-23,Yolo,113,214977,32422,30908,2610,33518,273
2022-01-23,Yuba,115,75493,14238,13762,840,14602,103
2022-01-22,Alameda,001,1643700,222895,203927,11181,215108,1575
2022-01-22,Alpine,003,1148,121,119,1,120,0
2022-01-22,Amador,005,37829,7487,6845,395,7240,73
2022-01-22,Butte,007,227075,29413,27232,5663,32895,350
2022-01-22,Calaveras,009,45235,6455,5835,202,6037,95
2022-01-22,Colusa,011,21464,3119,2954,939,3893,21
2022-01-22,Contra Costa,013,1133247,166992,154111,10188,164299,1091
2022-01-22,Del Norte,015,27424,4536,4269,105,4374,43
2022-01-22,El Dorado,017,186661,24421,22273,2788,25061,179
2022-01-22,Fresno,019,978130,199838,185292,18350,203642,2429
2022-01-22,Glenn,021,27897,4466,4174,1351,5525,39
2022-01-22,Humboldt,023,135768,14818,13628,2171,15799,125
2022-01-22,Imperial,025,180216,49251,45741,8365,54106,820
2022-01-22,Inyo,027,18085,3873,3706,256,3962,50
2022-01-22,Kern,029,883053,174532,162902,37584,200486,1946
2022-01-22,Kings,031,150075,44495,40580,2871,43451,396
2022-01-22,Lake,033,64148,8925,8056,630,8686,118
2022-01-22,Lassen,035,31185,7915,7545,749,8294,55
2022-01-22,Los Angeles,037,10098052,2483751,2286280,113833,2400113,28038
2022-01-22,Madera,039,155013,32634,29595,4162,33757,329
2022-01-22,Marin,041,260295,29924,27893,1871,29764,253
2022-01-22,Mariposa,043,17540,2113,1920,110,2030,6
2022-01-22,Mendocino,045,87422,11458,10395,1877,12272,103
2022-01-22,Merced,047,269075,56243,53025,5603,58628,727
2022-01-22,Modoc,049,8938,656,639,224,863,6
2022-01-22,Mono,051,14174,2848,2723,105,2828,4
2022-01-22,Monterey,053,433212,69083,59038,9107,68145,651
2022-01-22,Napa,055,140530,22431,20402,708,21110,111
2022-01-22,Nevada,057,99092,14329,12957,914,13871,112
2022-01-22,Orange,059,3164182,510171,480329,37518,517847,5946
2022-01-22,Placer,061,380077,56270,52557,6439,58996,512
2022-01-22,Plumas,063,18699,2439,2289,196,2485,12
2022-01-22,Riverside,065,2383286,546444,513567,25195,538762,5623
2022-01-22,Sacramento,067,1510023,247203,230206,20559,250765,2510
2022-01-22,San Benito,069,59416,11545,10743,415,11158,88
2022-01-22,San Bernardino,071,2135413,525871,495209,21976,517185,6267
2022-01-22,San Diego,073,3302833,675586,628904,42974,671878,4559
2022-01-22,San Francisco,075,870044,110946,100238,7546,107784,702
2022-01-22,San Joaquin,077,732212,150214,138264,8260,146524,1960
2022-01-22,San Luis Obispo,079,281455,46024,42154,2993,45147,385
2022-01-22,San Mateo,081,765935,107131,91440,5664,97104,585
2022-01-22,Santa Barbara,083,443738,75469,69555,3883,73438,589
2022-01-22,Santa Clara,085,1922200,271390,249205,9833,259038,1993
2022-01-22,Santa Cruz,087,273765,38451,33741,1650,35391,237
2022-01-22,Shasta,089,179085,27418,25919,5133,31052,450
2022-01-22,Sierra,091,2930,263,248,32,280,0
2022-01-22,Siskiyou,093,43540,3987,3845,2171,6016,62
2022-01-22,Solano,095,438530,71055,63882,4456,68338,391
2022-01-22,Sonoma,097,501317,72730,66013,1617,67630,422
2022-01-22,Stanislaus,099,539301,107430,100092,13776,113868,1393
2022-01-22,Sutter,101,95872,18614,17616,1149,18765,199
2022-01-22,Tehama,103,63373,10804,10171,2276,12447,142
2022-01-22,Trinity,105,12862,1062,925,259,1184,19
2022-01-22,Tulare,107,460477,92161,85223,23428,108651,1211
2022-01-22,Tuolumne,109,53932,10642,9731,338,10069,91
2022-01-22,Ventura,111,848112,159698,148742,8549,157291,1250
2022-01-22,Yolo,113,214977,32247,30061,2594,32655,273
2022-01-22,Yuba,115,75493,14147,13288,834,14122,103
2022-01-21,Alameda,001,1643700,221365,203927,11150,215077,1575
2022-01-21,Alpine,003,1148,121,119,1,120,0
2022-01-21,Amador,005,37829,7431,6845,392,7237,73
2022-01-21,Butte,007,227075,29278,27232,5617,32849,350
2022-01-21,Calaveras,009,45235,6417,5835,202,6037,95
2022-01-21,Colusa,011,21464,3112,2954,937,3891,21
2022-01-21,Contra Costa,013,1133247,165953,154111,10109,164220,1091
2022-01-21,Del Norte,015,27424,4498,4269,105,4374,43
2022-01-21,El Dorado,017,186661,24343,22273,2771,25044,179
2022-01-21,Fresno,019,978130,198600,185292,18303,203595,2429
2022-01-21,Glenn,021,27897,4448,4174,1346,5520,39
2022-01-21,Humboldt,023,135768,14748,13628,2152,15780,125
2022-01-21,Imperial,025,180216,49057,45741,8276,54017,820
2022-01-21,Inyo,027,18085,3860,3706,250,3956,50
2022-01-21,Kern,029,883053,173827,162902,37363,200265,1946
2022-01-21,Kings,031,150075,44310,40580,2865,43445,396
2022-01-21,Lake,033,64148,8873,8056,617,8673,118
2022-01-21,Lassen,035,31185,7873,7545,745,8290,55
2022-01-21,Los Angeles,037,10098052,2472939,2286280,113421,2399701,28038
2022-01-21,Madera,039,155013,32333,29595,4135,33730,329
2022-01-21,Marin,041,260295,29743,27893,1845,29738,253
2022-01-21,Mariposa,043,17540,2101,1920,109,2029,6
2022-01-21,Mendocino,045,87422,11380,10395,1874,12269,103
2022-01-21,Merced,047,269075,56092,53025,5602,58627,727
2022-01-21,Modoc,049,8938,655,639,224,863,6
2022-01-21,Mono,051,14174,2831,2723,103,2826,4
2022-01-21,Monterey,053,433212,68632,59038,9001,68039,651
2022-01-21,Napa,055,140530,22317,20402,700,21102,111
2022-01-21,Nevada,057,99092,14232,12957,910,13867,112
2022-01-21,Orange,059,3164182,507893,480329,37277,517606,5946
2022-01-21,Placer,061,380077,55884,52557,6378,58935,512
2022-01-21,Plumas,063,18699,2428,2289,191,2480,12
2022-01-21,Riverside,065,2383286,543791,513567,25120,538687,5623
2022-01-21,Sacramento,067,1510023,245826,230206,20488,250694,2510
2022-01-21,San Benito,069,59416,11510,10743,412,11155,88
2022-01-21,San Bernardino,071,2135413,523950,495209,21917,517126,6267
2022-01-21,San Diego,073,3302833,671471,628904,42853,671757,4559
2022-01-21,San Francisco,075,870044,110176,100238,7431,107669,702
2022-01-21,San Joaquin,077,732212,149636,138264,8225,146489,1960
2022-01-21,San Luis Obispo,079,281455,45898,42154,2991,45145,385
2022-01-21,San Mateo,081,765935,106465,91440,5619,97059,585
2022-01-21,Santa Barbara,083,443738,74975,69555,3874,73429,589
2022-01-21,Santa Clara,085,1922200,269542,249205,9724,258929,1993
2022-01-21,Santa Cruz,087,273765,37730,33741,1641,35382,237
2022-01-21,Shasta,089,179085,27330,25919,5085,31004,450
2022-01-21,Sierra,091,2930,261,248,31,279,0
2022-01-21,Siskiyou,093,43540,3982,3845,2155,6000,62
2022-01-21,Solano,095,438530,70647,63882,4373,68255,391
2022-01-21,Sonoma,097,501317,72213,66013,1606,67619,422
2022-01-21,Stanislaus,099,539301,106929,100092,13725,113817,1393
2022-01-21,Sutter,101,95872,18526,17616,1132,18748,199
2022-01-21,Tehama,103,63373,10772,10171,2275,12446,142
2022-01-21,Trinity,105,12862,1055,925,258,1183,19
2022-01-21,Tulare,107,460477,91720,85223,23283,108506,1211
2022-01-21,Tuolumne,109,53932,10564,9731,331,10062,91
2022-01-21,Ventura,111,848112,158878,148742,8520,157262,1250
2022-01-21,Yolo,113,214977,32085,30061,2572,32633,273
2022-01-21,Yuba,115,75493,14077,13288,829,14117,103
2022-01-20,Alameda,001,1643700,218329,203927,10904,214831,1575
2022-01-20,Alpine,003,1148,121,119,1,120,0
2022-01-20,Amador,005,37829,7366,6845,374,7219,73
2022-01-20,Butte,007,227075,29003,27232,5529,32761,350
2022-01-20,Calaveras,009,45235,6300,5835,193,6028,95
2022-01-20,Colusa,011,21464,3076,2954,926,3880,21
2022-01-20,Contra Costa,013,1133247,163995,154111,9847,163958,1091
2022-01-20,Del Norte,015,27424,4455,4269,103,4372,43
2022-01-20,El Dorado,017,186661,24142,22273,2723,24996,179
2022-01-20,Fresno,019,978130,196038,185292,17962,203254,2429
2022-01-20,Glenn,021,27897,4414,4174,1337,5511,39
2022-01-20,Humboldt,023,135768,14616,13628,2100,15728,125
2022-01-20,Imperial,025,180216,48480,45741,8102,53843,820
2022-01-20,Inyo,027,18085,3848,3706,239,3945,50
2022-01-20,Kern,029,883053,172358,162902,36956,199858,1946
2022-01-20,Kings,031,150075,43817,40580,2821,43401,396
2022-01-20,Lake,033,64148,8774,8056,596,8652,118
2022-01-20,Lassen,035,31185,7827,7545,726,8271,55
2022-01-20,Los Angeles,037,10098052,2448879,2286280,112549,2398829,28038
2022-01-20,Madera,039,155013,31931,29595,4007,33602,329
2022-01-20,Marin,041,260295,29426,27893,1808,29701,253
2022-01-20,Mariposa,043,17540,2073,1920,106,2026,6
2022-01-20,Mendocino,045,87422,11281,10395,1799,12194,103
2022-01-20,Merced,047,269075,55656,53025,5374,58399,727
2022-01-20,Modoc,049,8938,653,639,224,863,6
2022-01-20,Mono,051,14174,2820,2723,102,2825,4
2022-01-20,Monterey,053,433212,67877,59038,8594,67632,651
2022-01-20,Napa,055,140530,22058,20402,662,21064,111
2022-01-20,Nevada,057,99092,14073,12957,886,13843,112
2022-01-20,Orange,059,3164182,503731,480329,36949,517278,5946
2022-01-20,Placer,061,380077,55417,52557,6322,58879,512
2022-01-20,Plumas,063,18699,2408,2289,187,2476,12
2022-01-20,Riverside,065,2383286,539196,513567,24877,538444,5623
2022-01-20,Sacramento,067,1510023,243569,230206,19833,250039,2510
2022-01-20,San Benito,069,59416,11399,10743,399,11142,88
2022-01-20,San Bernardino,071,2135413,519997,495209,21652,516861,6267
2022-01-20,San Diego,073,3302833,664533,628904,42243,671147,4559
2022-01-20,San Francisco,075,870044,108982,100238,7277,107515,702
2022-01-20,San Joaquin,077,732212,147987,138264,8135,146399,1960
2022-01-20,San Luis Obispo,079,281455,45394,42154,2956,45110,385
2022-01-20,San Mateo,081,765935,105279,91440,5406,96846,585
2022-01-20,Santa Barbara,083,443738,74068,69555,3765,73320,589
2022-01-20,Santa Clara,085,1922200,266173,249205,9387,258592,1993
2022-01-20,Santa Cruz,087,273765,36846,33741,1625,35366,237
2022-01-20,Shasta,089,179085,27140,25919,5016,30935,450
2022-01-20,Sierra,091,2930,261,248,29,277,0
2022-01-20,Siskiyou,093,43540,3969,3845,2119,5964,62
2022-01-20,Solano,095,438530,69679,63882,4292,68174,391
2022-01-20,Sonoma,097,501317,71198,66013,1567,67580,422
2022-01-20,Stanislaus,099,539301,105991,100092,13531,113623,1393
2022-01-20,Sutter,101,95872,18363,17616,1111,18727,199
2022-01-20,Tehama,103,63373,10695,10171,2256,12427,142
2022-01-20,Trinity,105,12862,1043,925,256,1181,19
2022-01-20,Tulare,107,460477,90741,85223,22980,108203,1211
2022-01-20,Tuolumne,109,53932,10445,9731,319,10050,91
2022-01-20,Ventura,111,848112,157492,148742,8448,157190,1250
2022-01-20,Yolo,113,214977,31802,30061,2534,32595,273
2022-01-20,Yuba,115,75493,13969,13288,796,14084,103
2022-01-19,Alameda,001,1643700,215029,199739,10566,210305,1571
2022-01-19,Alpine,003,1148,120,119,1,120,0
2022-01-19,Amador,005,37829,7287,6789,331,7120,73
2022-01-19,Butte,007,227075,28684,26839,5456,32295,351
2022-01-19,Calaveras,009,45235,6202,5765,184,5949,95
2022-01-19,Colusa,011,21464,3047,2938,912,3850,21
2022-01-19,Contra Costa,013,1133247,161704,151543,9605,161148,1091
2022-01-19,Del Norte,015,27424,4410,4240,101,4341,43
2022-01-19,El Dorado,017,186661,23886,21953,2682,24635,177
2022-01-19,Fresno,019,978130,193208,181526,17700,199226,2430
2022-01-19,Glenn,021,27897,4363,4127,1328,5455,39
2022-01-19,Humboldt,023,135768,14444,13391,2046,15437,125
2022-01-19,Imperial,025,180216,47722,45156,7895,53051,820
2022-01-19,Inyo,027,18085,3825,3680,200,3880,49
2022-01-19,Kern,029,883053,170615,160747,36442,197189,1946
2022-01-19,Kings,031,150075,43165,40027,2758,42785,395
2022-01-19,Lake,033,64148,8649,7972,583,8555,118
2022-01-19,Lassen,035,31185,7763,7507,702,8209,55
2022-01-19,Los Angeles,037,10098052,2420781,2251718,111118,2362836,27934
2022-01-19,Madera,039,155013,31537,29021,3830,32851,329
2022-01-19,Marin,041,260295,29107,27375,1768,29143,251
2022-01-19,Mariposa,043,17540,2047,1896,100,1996,6
2022-01-19,Mendocino,045,87422,11103,10252,1705,11957,103
2022-01-19,Merced,047,269075,55091,52355,5020,57375,724
2022-01-19,Modoc,049,8938,651,635,223,858,6
2022-01-19,Mono,051,14174,2802,2677,98,2775,4
2022-01-19,Monterey,053,433212,66970,58426,8135,66561,651
2022-01-19,Napa,055,140530,21802,20090,633,20723,110
2022-01-19,Nevada,057,99092,13922,12703,857,13560,112
2022-01-19,Orange,059,3164182,498939,468460,36552,505012,5943
2022-01-19,Placer,061,380077,54874,51545,6251,57796,511
2022-01-19,Plumas,063,18699,2378,2239,179,2418,12
2022-01-19,Riverside,065,2383286,533607,503575,24639,528214,5604
2022-01-19,Sacramento,067,1510023,240697,226035,19059,245094,2512
2022-01-19,San Benito,069,59416,11259,10639,387,11026,88
2022-01-19,San Bernardino,071,2135413,515546,487846,21312,509158,6265
2022-01-19,San Diego,073,3302833,655940,614709,41623,656332,4553
2022-01-19,San Francisco,075,870044,107580,98652,7191,105843,694
2022-01-19,San Joaquin,077,732212,146080,135953,8041,143994,1959
2022-01-19,San Luis Obispo,079,281455,44795,41374,2890,44264,382
2022-01-19,San Mateo,081,765935,103926,89715,5137,94852,585
2022-01-19,Santa Barbara,083,443738,73050,68531,3661,72192,586
2022-01-19,Santa Clara,085,1922200,262398,244922,9015,253937,1991
2022-01-19,Santa Cruz,087,273765,35581,33026,1605,34631,237
2022-01-19,Shasta,089,179085,26872,25355,4945,30300,450
2022-01-19,Sierra,091,2930,261,245,28,273,0
2022-01-19,Siskiyou,093,43540,3947,3821,2062,5883,62
2022-01-19,Solano,095,438530,68845,63003,4180,67183,392
2022-01-19,Sonoma,097,501317,70096,64689,1538,66227,420
2022-01-19,Stanislaus,099,539301,104946,98952,13257,112209,1381
2022-01-19,Sutter,101,95872,18197,17436,1046,18482,199
2022-01-19,Tehama,103,63373,10578,10064,2209,12273,142
2022-01-19,Trinity,105,12862,1029,916,255,1171,19
2022-01-19,Tulare,107,460477,89561,83743,22511,106254,1200
2022-01-19,Tuolumne,109,53932,10300,9613,291,9904,91
2022-01-19,Ventura,111,848112,155970,144738,8375,153113,1234
2022-01-19,Yolo,113,214977,31449,29392,2495,31887,273
2022-01-19,Yuba,115,75493,13808,13114,783,13897,104
2022-01-18,Alameda,001,1643700,211714,195728,10249,205977,1566
2022-01-18,Alpine,003,1148,120,118,1,119,0
2022-01-18,Amador,005,37829,7150,6691,292,6983,73
2022-01-18,Butte,007,227075,28291,26514,5361,31875,347
2022-01-18,Calaveras,009,45235,6120,5684,169,5853,94
2022-01-18,Colusa,011,21464,3006,2903,907,3810,21
2022-01-18,Contra Costa,013,1133247,159716,149446,9234,158680,1085
2022-01-18,Del Norte,015,27424,4345,4229,97,4326,43
2022-01-18,El Dorado,017,186661,23500,21707,2636,24343,175
2022-01-18,Fresno,019,978130,189907,178922,17306,196228,2425
2022-01-18,Glenn,021,27897,4330,4070,1316,5386,39
2022-01-18,Humboldt,023,135768,14271,13218,1977,15195,125
2022-01-18,Imperial,025,180216,47033,44742,7698,52440,819
2022-01-18,Inyo,027,18085,3784,3654,189,3843,49
2022-01-18,Kern,029,883053,168633,158864,35881,194745,1943
2022-01-18,Kings,031,150075,42356,39440,2686,42126,392
2022-01-18,Lake,033,64148,8538,7919,558,8477,117
2022-01-18,Lassen,035,31185,7674,7461,659,8120,55
2022-01-18,Los Angeles,037,10098052,2387523,2227360,109627,2336987,27871
2022-01-18,Madera,039,155013,31010,28717,3641,32358,329
2022-01-18,Marin,041,260295,28825,27036,1726,28762,251
2022-01-18,Mariposa,043,17540,2022,1872,96,1968,6
2022-01-18,Mendocino,045,87422,10936,10114,1623,11737,103
2022-01-18,Merced,047,269075,54493,51746,4739,56485,718
2022-01-18,Modoc,049,8938,649,633,218,851,6
2022-01-18,Mono,051,14174,2778,2643,97,2740,4
2022-01-18,Monterey,053,433212,66190,57846,7656,65502,650
2022-01-18,Napa,055,140530,21458,19911,612,20523,109
2022-01-18,Nevada,057,99092,13722,12584,812,13396,111
2022-01-18,Orange,059,3164182,493388,461324,36040,497364,5938
2022-01-18,Placer,061,380077,54214,50983,6168,57151,508
2022-01-18,Plumas,063,18699,2347,2218,173,2391,12
2022-01-18,Riverside,065,2383286,527568,497278,24329,521607,5599
2022-01-18,Sacramento,067,1510023,237709,223745,18010,241755,2496
2022-01-18,San Benito,069,59416,11116,10520,373,10893,88
2022-01-18,San Bernardino,071,2135413,510380,483753,20913,504666,6258
2022-01-18,San Diego,073,3302833,645914,605137,40718,645855,4547
2022-01-18,San Francisco,075,870044,106045,96505,7054,103559,694
2022-01-18,San Joaquin,077,732212,144131,134365,7913,142278,1957
2022-01-18,San Luis Obispo,079,281455,44113,40848,2804,43652,381
2022-01-18,San Mateo,081,765935,102450,88225,4936,93161,585
2022-01-18,Santa Barbara,083,443738,71807,67216,3487,70703,581
2022-01-18,Santa Clara,085,1922200,258203,240281,8612,248893,1986
2022-01-18,Santa Cruz,087,273765,34956,32203,1580,33783,237
2022-01-18,Shasta,089,179085,26590,25162,4846,30008,448
2022-01-18,Sierra,091,2930,257,244,28,272,0
2022-01-18,Siskiyou,093,43540,3913,3799,2015,5814,62
2022-01-18,Solano,095,438530,68002,62204,4076,66280,391
2022-01-18,Sonoma,097,501317,68730,63714,1490,65204,419
2022-01-18,Stanislaus,099,539301,103734,98000,12934,110934,1379
2022-01-18,Sutter,101,95872,18015,17295,992,18287,198
2022-01-18,Tehama,103,63373,10468,9975,2154,12129,142
2022-01-18,Trinity,105,12862,1017,907,254,1161,19
2022-01-18,Tulare,107,460477,88172,82667,22039,104706,1196
2022-01-18,Tuolumne,109,53932,10152,9528,279,9807,91
2022-01-18,Ventura,111,848112,154248,143384,8301,151685,1233
2022-01-18,Yolo,113,214977,31071,28786,2447,31233,270
2022-01-18,Yuba,115,75493,13646,12971,758,13729,101
2022-01-17,Alameda,001,1643700,207071,193276,9661,202937,1565
2022-01-17,Alpine,003,1148,119,118,0,118,0
2022-01-17,Amador,005,37829,7042,6640,233,6873,73
2022-01-17,Butte,007,227075,27905,26303,5248,31551,348
2022-01-17,Calaveras,009,45235,5979,5584,141,5725,94
2022-01-17,Colusa,011,21464,2981,2905,901,3806,21
2022-01-17,Contra Costa,013,1133247,156977,147993,8752,156745,1086
2022-01-17,Del Norte,015,27424,4297,4209,89,4298,43
2022-01-17,El Dorado,017,186661,23250,21540,2558,24098,175
2022-01-17,Fresno,019,978130,186424,176959,16846,193805,2426
2022-01-17,Glenn,021,27897,4273,4055,1302,5357,39
2022-01-17,Humboldt,023,135768,14060,13120,1812,14932,125
2022-01-17,Imperial,025,180216,46368,44412,7545,51957,821
2022-01-17,Inyo,027,18085,3762,3650,163,3813,49
2022-01-17,Kern,029,883053,166148,157645,35228,192873,1944
2022-01-17,Kings,031,150075,41208,39143,2574,41717,392
2022-01-17,Lake,033,64148,8389,7864,514,8378,117
2022-01-17,Lassen,035,31185,7572,7417,620,8037,55
2022-01-17,Los Angeles,037,10098052,2348653,2205740,107556,2313296,27832
2022-01-17,Madera,039,155013,30358,28568,3451,32019,329
2022-01-17,Marin,041,260295,28408,26633,1664,28297,251
2022-01-17,Mariposa,043,17540,1996,1862,90,1952,6
2022-01-17,Mendocino,045,87422,10714,10030,1495,11525,103
2022-01-17,Merced,047,269075,53813,51227,4175,55402,718
2022-01-17,Modoc,049,8938,645,630,218,848,6
2022-01-17,Mono,051,14174,2752,2642,96,2738,4
2022-01-17,Monterey,053,433212,65080,57318,7162,64480,647
2022-01-17,Napa,055,140530,21106,19647,591,20238,109
2022-01-17,Nevada,057,99092,13527,12414,772,13186,111
2022-01-17,Orange,059,3164182,487218,457418,35575,492993,5933
2022-01-17,Placer,061,380077,53437,50511,6009,56520,508
2022-01-17,Plumas,063,18699,2318,2205,142,2347,12
2022-01-17,Riverside,065,2383286,520726,491322,23866,515188,5600
2022-01-17,Sacramento,067,1510023,233701,221143,16607,237750,2497
2022-01-17,San Benito,069,59416,10948,10432,345,10777,88
2022-01-17,San Bernardino,071,2135413,504264,480243,20407,500650,6259
2022-01-17,San Diego,073,3302833,634085,569241,39611,608852,4545
2022-01-17,San Francisco,075,870044,104173,95292,6795,102087,694
2022-01-17,San Joaquin,077,732212,141270,133414,7768,141182,1958
2022-01-17,San Luis Obispo,079,281455,43289,40425,2704,43129,379
2022-01-17,San Mateo,081,765935,100528,87013,4675,91688,585
2022-01-17,Santa Barbara,083,443738,70464,66704,3288,69992,581
2022-01-17,Santa Clara,085,1922200,253638,237934,8170,246104,1985
2022-01-17,Santa Cruz,087,273765,34120,31714,1555,33269,237
2022-01-17,Shasta,089,179085,26293,25025,4722,29747,448
2022-01-17,Sierra,091,2930,254,242,28,270,0
2022-01-17,Siskiyou,093,43540,3875,3764,1933,5697,62
2022-01-17,Solano,095,438530,66959,61497,3822,65319,391
2022-01-17,Sonoma,097,501317,67205,62763,1436,64199,419
2022-01-17,Stanislaus,099,539301,102409,96951,12494,109445,1379
2022-01-17,Sutter,101,95872,17812,17159,869,18028,198
2022-01-17,Tehama,103,63373,10330,9912,2087,11999,142
2022-01-17,Trinity,105,12862,1006,906,248,1154,19
2022-01-17,Tulare,107,460477,86536,81741,21469,103210,1199
2022-01-17,Tuolumne,109,53932,10029,9416,246,9662,91
2022-01-17,Ventura,111,848112,152126,142070,8192,150262,1234
2022-01-17,Yolo,113,214977,30553,28638,2380,31018,270
2022-01-17,Yuba,115,75493,13446,12871,702,13573,101
2022-01-16,Alameda,001,1643700,204096,190691,9411,200102,1564
2022-01-16,Alpine,003,1148,119,118,0,118,0
2022-01-16,Amador,005,37829,6968,6618,226,6844,73
2022-01-16,Butte,007,227075,27572,26139,5206,31345,348
2022-01-16,Calaveras,009,45235,5871,5537,137,5674,94
2022-01-16,Colusa,011,21464,2963,2886,890,3776,21
2022-01-16,Contra Costa,013,1133247,155073,146307,8551,154858,1086
2022-01-16,Del Norte,015,27424,4254,4177,88,4265,43
2022-01-16,El Dorado,017,186661,22987,21303,2519,23822,175
2022-01-16,Fresno,019,978130,183796,174818,16500,191318,2425
2022-01-16,Glenn,021,27897,4218,4049,1280,5329,39
2022-01-16,Humboldt,023,135768,13910,13075,1793,14868,125
2022-01-16,Imperial,025,180216,45779,44035,7414,51449,821
2022-01-16,Inyo,027,18085,3726,3602,141,3743,49
2022-01-16,Kern,029,883053,164924,156655,34626,191281,1944
2022-01-16,Kings,031,150075,40868,38861,2555,41416,392
2022-01-16,Lake,033,64148,8282,7823,480,8303,117
2022-01-16,Lassen,035,31185,7531,7391,609,8000,55
2022-01-16,Los Angeles,037,10098052,2325965,2174403,106044,2280447,27805
2022-01-16,Madera,039,155013,29986,28313,3397,31710,329
2022-01-16,Marin,041,260295,28106,26292,1648,27940,251
2022-01-16,Mariposa,043,17540,1968,1851,85,1936,6
2022-01-16,Mendocino,045,87422,10569,9992,1378,11370,102
2022-01-16,Merced,047,269075,53217,50882,4159,55041,718
2022-01-16,Modoc,049,8938,642,629,218,847,6
2022-01-16,Mono,051,14174,2750,2614,93,2707,4
2022-01-16,Monterey,053,433212,64307,57012,7038,64050,647
2022-01-16,Napa,055,140530,20836,19521,582,20103,109
2022-01-16,Nevada,057,99092,13293,12307,749,13056,111
2022-01-16,Orange,059,3164182,481822,451962,35033,486995,5932
2022-01-16,Placer,061,380077,52654,50076,5896,55972,508
2022-01-16,Plumas,063,18699,2281,2204,131,2335,12
2022-01-16,Riverside,065,2383286,515217,485191,23645,508836,5600
2022-01-16,Sacramento,067,1510023,230804,218819,15892,234711,2491
2022-01-16,San Benito,069,59416,10791,10377,343,10720,88
2022-01-16,San Bernardino,071,2135413,500596,474425,20203,494628,6259
2022-01-16,San Diego,073,3302833,626890,569241,39262,608503,4545
2022-01-16,San Francisco,075,870044,102454,94139,6634,100773,694
2022-01-16,San Joaquin,077,732212,139495,132214,7681,139895,1958
2022-01-16,San Luis Obispo,079,281455,42637,40113,2667,42780,379
2022-01-16,San Mateo,081,765935,99054,85966,4574,90540,585
2022-01-16,Santa Barbara,083,443738,69483,66111,3249,69360,582
2022-01-16,Santa Clara,085,1922200,249906,234293,8018,242311,1984
2022-01-16,Santa Cruz,087,273765,33473,31469,1543,33012,237
2022-01-16,Shasta,089,179085,26050,24980,4654,29634,449
2022-01-16,Sierra,091,2930,251,238,28,266,0
2022-01-16,Siskiyou,093,43540,3848,3748,1895,5643,62
2022-01-16,Solano,095,438530,66253,60885,3690,64575,391
2022-01-16,Sonoma,097,501317,66141,61842,1423,63265,419
2022-01-16,Stanislaus,099,539301,101340,96370,12389,108759,1379
2022-01-16,Sutter,101,95872,17611,16996,857,17853,198
2022-01-16,Tehama,103,63373,10252,9868,2067,11935,142
2022-01-16,Trinity,105,12862,1003,889,246,1135,19
2022-01-16,Tulare,107,460477,85260,80867,21214,102081,1199
2022-01-16,Tuolumne,109,53932,9929,9369,238,9607,91
2022-01-16,Ventura,111,848112,150530,140715,8121,148836,1234
2022-01-16,Yolo,113,214977,30178,28481,2323,30804,270
2022-01-16,Yuba,115,75493,13273,12760,696,13456,101
2022-01-15,Alameda,001,1643700,202831,177768,9364,187132,1561
2022-01-15,Alpine,003,1148,119,117,0,117,0
2022-01-15,Amador,005,37829,6937,6434,212,6646,72
2022-01-15,Butte,007,227075,27423,25032,5161,30193,348
2022-01-15,Calaveras,009,45235,5846,5258,137,5395,93
2022-01-15,Colusa,011,21464,2957,2796,884,3680,21
2022-01-15,Contra Costa,013,1133247,153881,137643,8507,146150,1082
2022-01-15,Del Norte,015,27424,4242,4065,87,4152,43
2022-01-15,El Dorado,017,186661,22893,20434,2504,22938,175
2022-01-15,Fresno,019,978130,182892,167361,16433,183794,2415
2022-01-15,Glenn,021,27897,4212,3906,1273,5179,39
2022-01-15,Humboldt,023,135768,13808,12419,1776,14195,123
2022-01-15,Imperial,025,180216,45639,42508,7306,49814,817
2022-01-15,Inyo,027,18085,3716,3395,141,3536,49
2022-01-15,Kern,029,883053,164107,150085,34361,184446,1938
2022-01-15,Kings,031,150075,40648,37221,2544,39765,391
2022-01-15,Lake,033,64148,8244,7641,469,8110,117
2022-01-15,Lassen,035,31185,7505,7274,606,7880,55
2022-01-15,Los Angeles,037,10098052,2314474,2047927,105060,2152987,27641
2022-01-15,Madera,039,155013,29840,27294,3376,30670,329
2022-01-15,Marin,041,260295,27913,25248,1641,26889,251
2022-01-15,Mariposa,043,17540,1961,1762,85,1847,6
2022-01-15,Mendocino,045,87422,10498,9534,1374,10908,102
2022-01-15,Merced,047,269075,53058,48904,4150,53054,715
2022-01-15,Modoc,049,8938,640,628,218,846,6
2022-01-15,Mono,051,14174,2746,2508,93,2601,4
2022-01-15,Monterey,053,433212,63816,55315,6999,62314,647
2022-01-15,Napa,055,140530,20731,17648,578,18226,109
2022-01-15,Nevada,057,99092,13235,11773,736,12509,111
2022-01-15,Orange,059,3164182,479339,433141,34769,467910,5914
2022-01-15,Placer,061,380077,52394,47780,5875,53655,501
2022-01-15,Plumas,063,18699,2263,2158,126,2284,12
2022-01-15,Riverside,065,2383286,512631,466381,23511,489892,5578
2022-01-15,Sacramento,067,1510023,229814,208156,15816,223972,2491
2022-01-15,San Benito,069,59416,10691,9868,337,10205,87
2022-01-15,San Bernardino,071,2135413,498422,454395,20075,474470,6233
2022-01-15,San Diego,073,3302833,623275,559385,39044,598429,4540
2022-01-15,San Francisco,075,870044,101489,88004,6488,94492,692
2022-01-15,San Joaquin,077,732212,138943,125136,7587,132723,1954
2022-01-15,San Luis Obispo,079,281455,42449,38231,2655,40886,374
2022-01-15,San Mateo,081,765935,98102,80494,4532,85026,582
2022-01-15,Santa Barbara,083,443738,68908,62312,3239,65551,579
2022-01-15,Santa Clara,085,1922200,247691,218986,7902,226888,1974
2022-01-15,Santa Cruz,087,273765,33146,29414,1539,30953,235
2022-01-15,Shasta,089,179085,25965,24482,4622,29104,445
2022-01-15,Sierra,091,2930,250,232,27,259,0
2022-01-15,Siskiyou,093,43540,3839,3661,1883,5544,62
2022-01-15,Solano,095,438530,65984,58061,3641,61702,389
2022-01-15,Sonoma,097,501317,65573,58181,1417,59598,418
2022-01-15,Stanislaus,099,539301,100768,92986,12315,105301,1379
2022-01-15,Sutter,101,95872,17523,16345,849,17194,197
2022-01-15,Tehama,103,63373,10209,9572,2052,11624,141
2022-01-15,Trinity,105,12862,1001,872,246,1118,19
2022-01-15,Tulare,107,460477,84886,77769,21117,98886,1192
2022-01-15,Tuolumne,109,53932,9842,9042,233,9275,91
2022-01-15,Ventura,111,848112,149749,134736,8085,142821,1227
2022-01-15,Yolo,113,214977,30006,27311,2304,29615,270
2022-01-15,Yuba,115,75493,13209,12200,692,12892,101
2022-01-14,Alameda,001,1643700,200832,177768,9314,187082,1561
2022-01-14,Alpine,003,1148,119,117,0,117,0
2022-01-14,Amador,005,37829,6861,6434,203,6637,72
2022-01-14,Butte,007,227075,27238,25032,5135,30167,348
2022-01-14,Calaveras,009,45235,5811,5258,136,5394,93
2022-01-14,Colusa,011,21464,2948,2796,875,3671,21
2022-01-14,Contra Costa,013,1133247,152437,137643,8407,146050,1082
2022-01-14,Del Norte,015,27424,4224,4065,86,4151,43
2022-01-14,El Dorado,017,186661,22734,20434,2488,22922,175
2022-01-14,Fresno,019,978130,181315,167361,16357,183718,2415
2022-01-14,Glenn,021,27897,4190,3906,1264,5170,39
2022-01-14,Humboldt,023,135768,13702,12419,1743,14162,123
2022-01-14,Imperial,025,180216,45497,42508,7292,49800,817
2022-01-14,Inyo,027,18085,3691,3395,138,3533,49
2022-01-14,Kern,029,883053,163121,150085,34047,184132,1938
2022-01-14,Kings,031,150075,40420,37221,2539,39760,391
2022-01-14,Lake,033,64148,8190,7641,457,8098,117
2022-01-14,Lassen,035,31185,7490,7274,598,7872,55
2022-01-14,Los Angeles,037,10098052,2295100,2047927,104029,2151956,27641
2022-01-14,Madera,039,155013,29603,27294,3353,30647,329
2022-01-14,Marin,041,260295,27658,25248,1598,26846,251
2022-01-14,Mariposa,043,17540,1946,1762,85,1847,6
2022-01-14,Mendocino,045,87422,10388,9534,1360,10894,102
2022-01-14,Merced,047,269075,52872,48904,4130,53034,715
2022-01-14,Modoc,049,8938,639,628,218,846,6
2022-01-14,Mono,051,14174,2726,2508,91,2599,4
2022-01-14,Monterey,053,433212,63146,55315,6931,62246,647
2022-01-14,Napa,055,140530,20561,17648,573,18221,109
2022-01-14,Nevada,057,99092,13122,11773,725,12498,111
2022-01-14,Orange,059,3164182,475643,433141,34492,467633,5914
2022-01-14,Placer,061,380077,51971,47780,5806,53586,501
2022-01-14,Plumas,063,18699,2254,2158,120,2278,12
2022-01-14,Riverside,065,2383286,509192,466381,23369,489750,5578
2022-01-14,Sacramento,067,1510023,227968,208156,15697,223853,2491
2022-01-14,San Benito,069,59416,10638,9868,336,10204,87
2022-01-14,San Bernardino,071,2135413,495399,454395,19902,474297,6233
2022-01-14,San Diego,073,3302833,617750,559385,38819,598204,4540
2022-01-14,San Francisco,075,870044,100344,88004,6302,94306,692
2022-01-14,San Joaquin,077,732212,138096,125136,7538,132674,1954
2022-01-14,San Luis Obispo,079,281455,42284,38231,2632,40863,374
2022-01-14,San Mateo,081,765935,96917,80494,4502,84996,582
2022-01-14,Santa Barbara,083,443738,68407,62312,3230,65542,579
2022-01-14,Santa Clara,085,1922200,245088,218986,7800,226786,1974
2022-01-14,Santa Cruz,087,273765,32819,29414,1535,30949,235
2022-01-14,Shasta,089,179085,25849,24482,4589,29071,445
2022-01-14,Sierra,091,2930,248,232,25,257,0
2022-01-14,Siskiyou,093,43540,3826,3661,1872,5533,62
2022-01-14,Solano,095,438530,65120,58061,3551,61612,389
2022-01-14,Sonoma,097,501317,65045,58181,1393,59574,418
2022-01-14,Stanislaus,099,539301,100173,92986,12218,105204,1379
2022-01-14,Sutter,101,95872,17402,16345,840,17185,197
2022-01-14,Tehama,103,63373,10160,9572,2041,11613,141
2022-01-14,Trinity,105,12862,996,872,245,1117,19
2022-01-14,Tulare,107,460477,84415,77769,20962,98731,1192
2022-01-14,Tuolumne,109,53932,9734,9042,228,9270,91
2022-01-14,Ventura,111,848112,148649,134736,8026,142762,1227
2022-01-14,Yolo,113,214977,29774,27311,2275,29586,270
2022-01-14,Yuba,115,75493,13104,12200,687,12887,101
2022-01-13,Alameda,001,1643700,196564,177768,8953,186721,1561
2022-01-13,Alpine,003,1148,118,117,0,117,0
2022-01-13,Amador,005,37829,6801,6434,182,6616,72
2022-01-13,Butte,007,227075,26939,25032,5024,30056,348
2022-01-13,Calaveras,009,45235,5713,5258,132,5390,93
2022-01-13,Colusa,011,21464,2917,2796,865,3661,21
2022-01-13,Contra Costa,013,1133247,149927,137643,7950,145593,1082
2022-01-13,Del Norte,015,27424,4197,4065,85,4150,43
2022-01-13,El Dorado,017,186661,22484,20434,2444,22878,175
2022-01-13,Fresno,019,978130,178579,167361,16005,183366,2415
2022-01-13,Glenn,021,27897,4143,3906,1241,5147,39
2022-01-13,Humboldt,023,135768,13544,12419,1679,14098,123
2022-01-13,Imperial,025,180216,44958,42508,7109,49617,817
2022-01-13,Inyo,027,18085,3635,3395,121,3516,49
2022-01-13,Kern,029,883053,161562,150085,33552,183637,1938
2022-01-13,Kings,031,150075,39943,37221,2498,39719,391
2022-01-13,Lake,033,64148,8096,7641,440,8081,117
2022-01-13,Lassen,035,31185,7471,7274,581,7855,55
2022-01-13,Los Angeles,037,10098052,2258764,2047927,102311,2150238,27641
2022-01-13,Madera,039,155013,29134,27294,3261,30555,329
2022-01-13,Marin,041,260295,27310,25248,1559,26807,251
2022-01-13,Mariposa,043,17540,1923,1762,82,1844,6
2022-01-13,Mendocino,045,87422,10304,9534,1291,10825,102
2022-01-13,Merced,047,269075,52224,48904,3861,52765,715
2022-01-13,Modoc,049,8938,636,628,218,846,6
2022-01-13,Mono,051,14174,2699,2508,87,2595,4
2022-01-13,Monterey,053,433212,62252,55315,6644,61959,647
2022-01-13,Napa,055,140530,20257,17648,563,18211,109
2022-01-13,Nevada,057,99092,12916,11773,694,12467,111
2022-01-13,Orange,059,3164182,469117,433141,34049,467190,5914
2022-01-13,Placer,061,380077,51311,47780,5697,53477,501
2022-01-13,Plumas,063,18699,2235,2158,110,2268,12
2022-01-13,Riverside,065,2383286,502987,466381,23042,489423,5578
2022-01-13,Sacramento,067,1510023,224974,208156,14889,223045,2491
2022-01-13,San Benito,069,59416,10536,9868,328,10196,87
2022-01-13,San Bernardino,071,2135413,489855,454395,19462,473857,6233
2022-01-13,San Diego,073,3302833,609398,559385,38018,597403,4540
2022-01-13,San Francisco,075,870044,98581,88004,6086,94090,692
2022-01-13,San Joaquin,077,732212,136018,125136,7428,132564,1954
2022-01-13,San Luis Obispo,079,281455,41682,38231,2526,40757,374
2022-01-13,San Mateo,081,765935,95186,80494,4260,84754,582
2022-01-13,Santa Barbara,083,443738,67427,62312,3103,65415,579
2022-01-13,Santa Clara,085,1922200,240792,218986,7465,226451,1974
2022-01-13,Santa Cruz,087,273765,32093,29414,1519,30933,235
2022-01-13,Shasta,089,179085,25638,24482,4517,28999,445
2022-01-13,Sierra,091,2930,247,232,25,257,0
2022-01-13,Siskiyou,093,43540,3806,3661,1826,5487,62
2022-01-13,Solano,095,438530,63990,58061,3441,61502,389
2022-01-13,Sonoma,097,501317,63979,58181,1340,59521,418
2022-01-13,Stanislaus,099,539301,99009,92986,11968,104954,1379
2022-01-13,Sutter,101,95872,17200,16345,786,17131,197
2022-01-13,Tehama,103,63373,10059,9572,1995,11567,141
2022-01-13,Trinity,105,12862,987,872,244,1116,19
2022-01-13,Tulare,107,460477,83240,77769,20652,98421,1192
2022-01-13,Tuolumne,109,53932,9600,9042,208,9250,91
2022-01-13,Ventura,111,848112,146861,134736,7944,142680,1227
2022-01-13,Yolo,113,214977,29377,27311,2232,29543,270
2022-01-13,Yuba,115,75493,12966,12200,659,12859,101
2022-01-12,Alameda,001,1643700,192028,173001,8484,181485,1563
2022-01-12,Alpine,003,1148,118,117,0,117,0
2022-01-12,Amador,005,37829,6754,6354,168,6522,71
2022-01-12,Butte,007,227075,26608,24631,4939,29570,348
2022-01-12,Calaveras,009,45235,5623,5151,126,5277,93
2022-01-12,Colusa,011,21464,2878,2772,851,3623,21
2022-01-12,Contra Costa,013,1133247,147398,134579,7579,142158,1077
2022-01-12,Del Norte,015,27424,4170,4019,83,4102,43
2022-01-12,El Dorado,017,186661,22143,20092,2403,22495,175
2022-01-12,Fresno,019,978130,175883,165316,15633,180949,2413
2022-01-12,Glenn,021,27897,4093,3859,1217,5076,39
2022-01-12,Humboldt,023,135768,13370,12081,1598,13679,122
2022-01-12,Imperial,025,180216,44331,41985,6782,48767,814
2022-01-12,Inyo,027,18085,3589,3334,106,3440,49
2022-01-12,Kern,029,883053,159464,148435,32977,181412,1933
2022-01-12,Kings,031,150075,39343,36780,2460,39240,391
2022-01-12,Lake,033,64148,7982,7535,396,7931,117
2022-01-12,Lassen,035,31185,7431,7223,554,7777,55
2022-01-12,Los Angeles,037,10098052,2219841,2005065,100136,2105201,27601
2022-01-12,Madera,039,155013,28806,26952,3163,30115,329
2022-01-12,Marin,041,260295,26820,24704,1509,26213,251
2022-01-12,Mariposa,043,17540,1893,1725,80,1805,6
2022-01-12,Mendocino,045,87422,10140,9379,1191,10570,103
2022-01-12,Merced,047,269075,51531,48441,3582,52023,710
2022-01-12,Modoc,049,8938,634,627,218,845,6
2022-01-12,Mono,051,14174,2664,2466,83,2549,4
2022-01-12,Monterey,053,433212,61300,54524,6294,60818,647
2022-01-12,Napa,055,140530,20002,17347,536,17883,109
2022-01-12,Nevada,057,99092,12688,11552,645,12197,111
2022-01-12,Orange,059,3164182,462254,425737,33453,459190,5912
2022-01-12,Placer,061,380077,50663,47004,5583,52587,501
2022-01-12,Plumas,063,18699,2212,2135,101,2236,12
2022-01-12,Riverside,065,2383286,495876,458881,22702,481583,5565
2022-01-12,Sacramento,067,1510023,221431,204696,14000,218696,2479
2022-01-12,San Benito,069,59416,10404,9737,316,10053,87
2022-01-12,San Bernardino,071,2135413,483747,447869,18890,466759,6222
2022-01-12,San Diego,073,3302833,599020,551669,37256,588925,4529
2022-01-12,San Francisco,075,870044,96669,85700,5963,91663,691
2022-01-12,San Joaquin,077,732212,133724,122850,7311,130161,1948
2022-01-12,San Luis Obispo,079,281455,40949,37727,2444,40171,373
2022-01-12,San Mateo,081,765935,93200,78476,3876,82352,582
2022-01-12,Santa Barbara,083,443738,66237,60815,2999,63814,578
2022-01-12,Santa Clara,085,1922200,236254,213177,7083,220260,1971
2022-01-12,Santa Cruz,087,273765,31449,28463,1483,29946,235
2022-01-12,Shasta,089,179085,25420,24324,4451,28775,446
2022-01-12,Sierra,091,2930,246,228,25,253,0
2022-01-12,Siskiyou,093,43540,3778,3639,1780,5419,62
2022-01-12,Solano,095,438530,62933,57052,3318,60370,386
2022-01-12,Sonoma,097,501317,62689,56394,1268,57662,417
2022-01-12,Stanislaus,099,539301,97749,91738,11708,103446,1373
2022-01-12,Sutter,101,95872,17009,16135,757,16892,197
2022-01-12,Tehama,103,63373,9976,9475,1933,11408,141
2022-01-12,Trinity,105,12862,984,868,244,1112,19
2022-01-12,Tulare,107,460477,82264,76943,20272,97215,1192
2022-01-12,Tuolumne,109,53932,9482,8870,190,9060,91
2022-01-12,Ventura,111,848112,144959,132180,7864,140044,1220
2022-01-12,Yolo,113,214977,28976,26888,2155,29043,270
2022-01-12,Yuba,115,75493,12804,12015,631,12646,101
2022-01-11,Alameda,001,1643700,187590,169181,8084,177265,1561
2022-01-11,Alpine,003,1148,118,116,0,116,0
2022-01-11,Amador,005,37829,6670,6317,152,6469,71
2022-01-11,Butte,007,227075,26200,24479,4846,29325,347
2022-01-11,Calaveras,009,45235,5478,5083,112,5195,93
2022-01-11,Colusa,011,21464,2851,2766,832,3598,21
2022-01-11,Contra Costa,013,1133247,144439,132410,7098,139508,1077
2022-01-11,Del Norte,015,27424,4135,4006,82,4088,43
2022-01-11,El Dorado,017,186661,21801,19842,2331,22173,174
2022-01-11,Fresno,019,978130,172885,163509,15331,178840,2404
2022-01-11,Glenn,021,27897,4030,3844,1165,5009,39
2022-01-11,Humboldt,023,135768,13140,11960,1504,13464,122
2022-01-11,Imperial,025,180216,43739,41444,6594,48038,813
2022-01-11,Inyo,027,18085,3490,3278,99,3377,49
2022-01-11,Kern,029,883053,157265,146942,32265,179207,1929
2022-01-11,Kings,031,150075,38744,36524,2427,38951,389
2022-01-11,Lake,033,64148,7911,7494,379,7873,117
2022-01-11,Lassen,035,31185,7388,7210,540,7750,55
2022-01-11,Los Angeles,037,10098052,2178153,1966319,97903,2064222,27563
2022-01-11,Madera,039,155013,28383,26688,3078,29766,329
2022-01-11,Marin,041,260295,26471,24387,1463,25850,251
2022-01-11,Mariposa,043,17540,1871,1718,77,1795,6
2022-01-11,Mendocino,045,87422,9973,9301,1092,10393,102
2022-01-11,Merced,047,269075,50772,48068,3397,51465,708
2022-01-11,Modoc,049,8938,633,626,217,843,6
2022-01-11,Mono,051,14174,2616,2425,82,2507,4
2022-01-11,Monterey,053,433212,60266,53911,5940,59851,646
2022-01-11,Napa,055,140530,19559,17020,484,17504,109
2022-01-11,Nevada,057,99092,12432,11467,611,12078,110
2022-01-11,Orange,059,3164182,454536,417703,32813,450516,5909
2022-01-11,Placer,061,380077,49903,46459,5442,51901,500
2022-01-11,Plumas,063,18699,2190,2099,99,2198,12
2022-01-11,Riverside,065,2383286,488255,453766,22387,476153,5551
2022-01-11,Sacramento,067,1510023,217432,201058,12944,214002,2489
2022-01-11,San Benito,069,59416,10264,9624,304,9928,83
2022-01-11,San Bernardino,071,2135413,476292,442960,18324,461284,6198
2022-01-11,San Diego,073,3302833,587285,536954,36264,573218,4520
2022-01-11,San Francisco,075,870044,94446,83678,5786,89464,691
2022-01-11,San Joaquin,077,732212,131361,121139,7183,128322,1944
2022-01-11,San Luis Obispo,079,281455,40178,37183,2324,39507,372
2022-01-11,San Mateo,081,765935,90989,76756,3652,80408,582
2022-01-11,Santa Barbara,083,443738,64918,59758,2861,62619,578
2022-01-11,Santa Clara,085,1922200,230779,208425,6621,215046,1971
2022-01-11,Santa Cruz,087,273765,30968,27709,1439,29148,232
2022-01-11,Shasta,089,179085,25170,24132,4355,28487,446
2022-01-11,Sierra,091,2930,243,228,24,252,0
2022-01-11,Siskiyou,093,43540,3752,3621,1728,5349,62
2022-01-11,Solano,095,438530,61493,56349,3168,59517,388
2022-01-11,Sonoma,097,501317,61201,55411,1198,56609,416
2022-01-11,Stanislaus,099,539301,96386,90998,11405,102403,1372
2022-01-11,Sutter,101,95872,16814,15993,706,16699,197
2022-01-11,Tehama,103,63373,9848,9406,1886,11292,140
2022-01-11,Trinity,105,12862,971,858,242,1100,19
2022-01-11,Tulare,107,460477,81080,76267,19873,96140,1188
2022-01-11,Tuolumne,109,53932,9343,8811,183,8994,91
2022-01-11,Ventura,111,848112,142714,129548,7735,137283,1220
2022-01-11,Yolo,113,214977,28422,26482,2091,28573,270
2022-01-11,Yuba,115,75493,12631,11912,610,12522,101
2022-01-10,Alameda,001,1643700,182567,165657,7561,173218,1559
2022-01-10,Alpine,003,1148,118,116,0,116,0
2022-01-10,Amador,005,37829,6567,6279,136,6415,71
2022-01-10,Butte,007,227075,25838,24217,4742,28959,347
2022-01-10,Calaveras,009,45235,5375,5025,106,5131,93
2022-01-10,Colusa,011,21464,2823,2758,824,3582,21
2022-01-10,Contra Costa,013,1133247,141741,129951,6582,136533,1077
2022-01-10,Del Norte,015,27424,4113,3970,82,4052,43
2022-01-10,El Dorado,017,186661,21240,19606,2276,21882,172
2022-01-10,Fresno,019,978130,169904,161593,14985,176578,2404
2022-01-10,Glenn,021,27897,3971,3807,1152,4959,39
2022-01-10,Humboldt,023,135768,12893,11778,1372,13150,121
2022-01-10,Imperial,025,180216,43073,41080,6401,47481,811
2022-01-10,Inyo,027,18085,3436,3227,87,3314,49
2022-01-10,Kern,029,883053,154708,145744,31648,177392,1929
2022-01-10,Kings,031,150075,38104,36286,2389,38675,389
2022-01-10,Lake,033,64148,7824,7416,354,7770,117
2022-01-10,Lassen,035,31185,7352,7192,519,7711,55
2022-01-10,Los Angeles,037,10098052,2133481,1932475,95461,2027936,27546
2022-01-10,Madera,039,155013,27926,26501,2979,29480,328
2022-01-10,Marin,041,260295,25968,24023,1390,25413,251
2022-01-10,Mariposa,043,17540,1830,1684,71,1755,6
2022-01-10,Mendocino,045,87422,9798,9163,1004,10167,101
2022-01-10,Merced,047,269075,49985,47632,3094,50726,707
2022-01-10,Modoc,049,8938,631,622,215,837,6
2022-01-10,Mono,051,14174,2545,2415,79,2494,4
2022-01-10,Monterey,053,433212,59315,53485,5627,59112,645
2022-01-10,Napa,055,140530,19185,16775,470,17245,109
2022-01-10,Nevada,057,99092,12209,11300,573,11873,110
2022-01-10,Orange,059,3164182,445860,406170,31983,438153,5906
2022-01-10,Placer,061,380077,49079,45642,5287,50929,498
2022-01-10,Plumas,063,18699,2168,2086,97,2183,12
2022-01-10,Riverside,065,2383286,480154,445536,21940,467476,5546
2022-01-10,Sacramento,067,1510023,213100,198023,11920,209943,2474
2022-01-10,San Benito,069,59416,10093,9467,294,9761,83
2022-01-10,San Bernardino,071,2135413,468377,437207,17647,454854,6184
2022-01-10,San Diego,073,3302833,574863,530506,35190,565696,4500
2022-01-10,San Francisco,075,870044,92633,82209,5490,87699,690
2022-01-10,San Joaquin,077,732212,128687,119587,6988,126575,1927
2022-01-10,San Luis Obispo,079,281455,39377,36618,2227,38845,371
2022-01-10,San Mateo,081,765935,88399,75210,3393,78603,582
2022-01-10,Santa Barbara,083,443738,63655,58957,2668,61625,578
2022-01-10,Santa Clara,085,1922200,224927,203540,6133,209673,1971
2022-01-10,Santa Cruz,087,273765,30104,26906,1408,28314,232
2022-01-10,Shasta,089,179085,24972,23983,4279,28262,446
2022-01-10,Sierra,091,2930,240,223,24,247,0
2022-01-10,Siskiyou,093,43540,3718,3592,1684,5276,62
2022-01-10,Solano,095,438530,60440,55663,2967,58630,385
2022-01-10,Sonoma,097,501317,59625,54478,1161,55639,412
2022-01-10,Stanislaus,099,539301,95066,89997,11097,101094,1372
2022-01-10,Sutter,101,95872,16575,15823,661,16484,196
2022-01-10,Tehama,103,63373,9739,9360,1834,11194,140
2022-01-10,Trinity,105,12862,967,849,240,1089,19
2022-01-10,Tulare,107,460477,79713,75498,19470,94968,1186
2022-01-10,Tuolumne,109,53932,9228,8685,172,8857,91
2022-01-10,Ventura,111,848112,140116,126240,7595,133835,1217
2022-01-10,Yolo,113,214977,27862,26065,2039,28104,270
2022-01-10,Yuba,115,75493,12380,11776,575,12351,101
2022-01-09,Alameda,001,1643700,178161,162701,6878,169579,1561
2022-01-09,Alpine,003,1148,118,116,0,116,0
2022-01-09,Amador,005,37829,6480,6215,124,6339,71
2022-01-09,Butte,007,227075,25453,24018,4615,28633,347
2022-01-09,Calaveras,009,45235,5257,4976,97,5073,93
2022-01-09,Colusa,011,21464,2797,2750,807,3557,21
2022-01-09,Contra Costa,013,1133247,138924,128050,5931,133981,1077
2022-01-09,Del Norte,015,27424,4068,3950,76,4026,43
2022-01-09,El Dorado,017,186661,20880,19430,2209,21639,172
2022-01-09,Fresno,019,978130,167379,159989,14656,174645,2405
2022-01-09,Glenn,021,27897,3916,3797,1123,4920,39
2022-01-09,Humboldt,023,135768,12645,11582,1246,12828,121
2022-01-09,Imperial,025,180216,42307,40608,6157,46765,811
2022-01-09,Inyo,027,18085,3328,3149,78,3227,49
2022-01-09,Kern,029,883053,152276,144819,31008,175827,1927
2022-01-09,Kings,031,150075,37410,36041,2350,38391,389
2022-01-09,Lake,033,64148,7711,7393,310,7703,117
2022-01-09,Lassen,035,31185,7290,7172,490,7662,55
2022-01-09,Los Angeles,037,10098052,2086526,1887830,92434,1980264,27532
2022-01-09,Madera,039,155013,27544,26325,2876,29201,328
2022-01-09,Marin,041,260295,25477,23708,1296,25004,251
2022-01-09,Mariposa,043,17540,1780,1660,70,1730,6
2022-01-09,Mendocino,045,87422,9583,9097,895,9992,101
2022-01-09,Merced,047,269075,49114,47294,2820,50114,706
2022-01-09,Modoc,049,8938,629,619,215,834,6
2022-01-09,Mono,051,14174,2513,2390,70,2460,4
2022-01-09,Monterey,053,433212,58259,53251,5335,58586,645
2022-01-09,Napa,055,140530,18693,16614,455,17069,109
2022-01-09,Nevada,057,99092,11968,11152,509,11661,110
2022-01-09,Orange,059,3164182,435934,400563,31041,431604,5905
2022-01-09,Placer,061,380077,48101,45081,5145,50226,498
2022-01-09,Plumas,063,18699,2137,2081,75,2156,12
2022-01-09,Riverside,065,2383286,471315,440413,21421,461834,5546
2022-01-09,Sacramento,067,1510023,208572,195444,10796,206240,2475
2022-01-09,San Benito,069,59416,9907,9363,266,9629,83
2022-01-09,San Bernardino,071,2135413,460624,430257,16889,447146,6180
2022-01-09,San Diego,073,3302833,561968,478206,33415,511621,4500
2022-01-09,San Francisco,075,870044,90786,80463,5207,85670,690
2022-01-09,San Joaquin,077,732212,125614,118422,6847,125269,1927
2022-01-09,San Luis Obispo,079,281455,38569,36291,2117,38408,371
2022-01-09,San Mateo,081,765935,85962,73867,3062,76929,582
2022-01-09,Santa Barbara,083,443738,61996,58280,2407,60687,578
2022-01-09,Santa Clara,085,1922200,218769,199889,5573,205462,1976
2022-01-09,Santa Cruz,087,273765,29356,26513,1382,27895,232
2022-01-09,Shasta,089,179085,24744,23926,4191,28117,446
2022-01-09,Sierra,091,2930,238,223,23,246,0
2022-01-09,Siskiyou,093,43540,3689,3580,1614,5194,62
2022-01-09,Solano,095,438530,59288,54985,2697,57682,384
2022-01-09,Sonoma,097,501317,57967,53543,1135,54678,412
2022-01-09,Stanislaus,099,539301,93692,89248,10845,100093,1372
2022-01-09,Sutter,101,95872,16294,15695,587,16282,196
2022-01-09,Tehama,103,63373,9621,9306,1784,11090,140
2022-01-09,Trinity,105,12862,961,848,240,1088,19
2022-01-09,Tulare,107,460477,78385,75085,19111,94196,1186
2022-01-09,Tuolumne,109,53932,9074,8595,155,8750,91
2022-01-09,Ventura,111,848112,137049,124269,7366,131635,1217
2022-01-09,Yolo,113,214977,27260,25632,1994,27626,270
2022-01-09,Yuba,115,75493,12184,11666,545,12211,101
2022-01-08,Alameda,001,1643700,176301,148560,6747,155307,1558
2022-01-08,Alpine,003,1148,118,114,0,114,0
2022-01-08,Amador,005,37829,6446,6091,119,6210,71
2022-01-08,Butte,007,227075,25273,23429,4581,28010,347
2022-01-08,Calaveras,009,45235,5223,4823,93,4916,93
2022-01-08,Colusa,011,21464,2785,2713,804,3517,21
2022-01-08,Contra Costa,013,1133247,137441,119907,5858,125765,1077
2022-01-08,Del Norte,015,27424,4055,3902,76,3978,43
2022-01-08,El Dorado,017,186661,20705,18599,2174,20773,172
2022-01-08,Fresno,019,978130,166502,155394,14569,169963,2393
2022-01-08,Glenn,021,27897,3908,3732,1121,4853,39
2022-01-08,Humboldt,023,135768,12525,11149,1220,12369,121
2022-01-08,Imperial,025,180216,42136,39429,6016,45445,800
2022-01-08,Inyo,027,18085,3314,3020,75,3095,49
2022-01-08,Kern,029,883053,151162,140410,30638,171048,1921
2022-01-08,Kings,031,150075,37191,35275,2338,37613,390
2022-01-08,Lake,033,64148,7671,7209,301,7510,117
2022-01-08,Lassen,035,31185,7266,7127,475,7602,55
2022-01-08,Los Angeles,037,10098052,2068627,1765787,90669,1856456,27476
2022-01-08,Madera,039,155013,27381,25767,2840,28607,328
2022-01-08,Marin,041,260295,25208,22377,1284,23661,251
2022-01-08,Mariposa,043,17540,1770,1588,70,1658,6
2022-01-08,Mendocino,045,87422,9513,8792,893,9685,101
2022-01-08,Merced,047,269075,48956,46094,2809,48903,703
2022-01-08,Modoc,049,8938,629,610,215,825,6
2022-01-08,Mono,051,14174,2509,2240,68,2308,4
2022-01-08,Monterey,053,433212,57888,51721,5256,56977,644
2022-01-08,Napa,055,140530,18539,15819,426,16245,109
2022-01-08,Nevada,057,99092,11899,10765,497,11262,110
2022-01-08,Orange,059,3164182,432303,375124,30156,405280,5903
2022-01-08,Placer,061,380077,47709,43172,5107,48279,495
2022-01-08,Plumas,063,18699,2130,2053,71,2124,12
2022-01-08,Riverside,065,2383286,467852,422591,21184,443775,5535
2022-01-08,Sacramento,067,1510023,207339,185118,10671,195789,2470
2022-01-08,San Benito,069,59416,9743,9016,263,9279,83
2022-01-08,San Bernardino,071,2135413,457463,411724,16542,428266,6122
2022-01-08,San Diego,073,3302833,557166,472273,32921,505194,4495
2022-01-08,San Francisco,075,870044,89579,73660,4887,78547,690
2022-01-08,San Joaquin,077,732212,124644,112514,6751,119265,1916
2022-01-08,San Luis Obispo,079,281455,38367,34489,2075,36564,369
2022-01-08,San Mateo,081,765935,84625,67918,2974,70892,582
2022-01-08,Santa Barbara,083,443738,61333,54617,2374,56991,575
2022-01-08,Santa Clara,085,1922200,215743,183842,5365,189207,1966
2022-01-08,Santa Cruz,087,273765,28957,24678,1372,26050,230
2022-01-08,Shasta,089,179085,24658,23585,4159,27744,445
2022-01-08,Sierra,091,2930,234,215,23,238,0
2022-01-08,Siskiyou,093,43540,3678,3545,1603,5148,62
2022-01-08,Solano,095,438530,58893,52452,2629,55081,383
2022-01-08,Sonoma,097,501317,57478,50130,1103,51233,411
2022-01-08,Stanislaus,099,539301,93053,87049,10740,97789,1372
2022-01-08,Sutter,101,95872,16178,15261,577,15838,195
2022-01-08,Tehama,103,63373,9590,9109,1779,10888,140
2022-01-08,Trinity,105,12862,956,836,240,1076,19
2022-01-08,Tulare,107,460477,78016,73600,18964,92564,1185
2022-01-08,Tuolumne,109,53932,8981,8360,152,8512,91
2022-01-08,Ventura,111,848112,135885,117229,7238,124467,1216
2022-01-08,Yolo,113,214977,26976,24006,1967,25973,270
2022-01-08,Yuba,115,75493,12100,11277,542,11819,101
2022-01-07,Alameda,001,1643700,173669,148560,6641,155201,1558
2022-01-07,Alpine,003,1148,118,114,0,114,0
2022-01-07,Amador,005,37829,6398,6091,116,6207,71
2022-01-07,Butte,007,227075,25074,23429,4551,27980,347
2022-01-07,Calaveras,009,45235,5192,4823,93,4916,93
2022-01-07,Colusa,011,21464,2777,2713,797,3510,21
2022-01-07,Contra Costa,013,1133247,135603,119907,5736,125643,1077
2022-01-07,Del Norte,015,27424,4038,3902,75,3977,43
2022-01-07,El Dorado,017,186661,20546,18599,2161,20760,172
2022-01-07,Fresno,019,978130,165168,155394,14487,169881,2393
2022-01-07,Glenn,021,27897,3888,3732,1119,4851,39
2022-01-07,Humboldt,023,135768,12377,11149,1193,12342,121
2022-01-07,Imperial,025,180216,41995,39429,5941,45370,800
2022-01-07,Inyo,027,18085,3295,3020,73,3093,49
2022-01-07,Kern,029,883053,150210,140410,30238,170648,1921
2022-01-07,Kings,031,150075,37012,35275,2325,37600,390
2022-01-07,Lake,033,64148,7623,7209,277,7486,117
2022-01-07,Lassen,035,31185,7252,7127,472,7599,55
2022-01-07,Los Angeles,037,10098052,2038092,1765787,89213,1855000,27476
2022-01-07,Madera,039,155013,27203,25767,2811,28578,328
2022-01-07,Marin,041,260295,24840,22377,1272,23649,251
2022-01-07,Mariposa,043,17540,1754,1588,70,1658,6
2022-01-07,Mendocino,045,87422,9420,8792,892,9684,101
2022-01-07,Merced,047,269075,48793,46094,2794,48888,703
2022-01-07,Modoc,049,8938,628,610,215,825,6
2022-01-07,Mono,051,14174,2467,2240,61,2301,4
2022-01-07,Monterey,053,433212,57471,51721,5176,56897,644
2022-01-07,Napa,055,140530,18309,15819,405,16224,109
2022-01-07,Nevada,057,99092,11783,10765,479,11244,110
2022-01-07,Orange,059,3164182,427594,375124,29565,404689,5903
2022-01-07,Placer,061,380077,47252,43172,5066,48238,495
2022-01-07,Plumas,063,18699,2122,2053,70,2123,12
2022-01-07,Riverside,065,2383286,464115,422591,20980,443571,5535
2022-01-07,Sacramento,067,1510023,205310,185118,10547,195665,2470
2022-01-07,San Benito,069,59416,9697,9016,262,9278,83
2022-01-07,San Bernardino,071,2135413,453756,411724,16338,428062,6122
2022-01-07,San Diego,073,3302833,550093,472273,32425,504698,4495
2022-01-07,San Francisco,075,870044,88113,73660,4611,78271,690
2022-01-07,San Joaquin,077,732212,123704,112514,6695,119209,1916
2022-01-07,San Luis Obispo,079,281455,38152,34489,2019,36508,369
2022-01-07,San Mateo,081,765935,83185,67918,2915,70833,582
2022-01-07,Santa Barbara,083,443738,60653,54617,2352,56969,575
2022-01-07,Santa Clara,085,1922200,212492,183842,5252,189094,1966
2022-01-07,Santa Cruz,087,273765,28495,24678,1360,26038,230
2022-01-07,Shasta,089,179085,24566,23585,4125,27710,445
2022-01-07,Sierra,091,2930,231,215,23,238,0
2022-01-07,Siskiyou,093,43540,3670,3545,1594,5139,62
2022-01-07,Solano,095,438530,58187,52452,2589,55041,383
2022-01-07,Sonoma,097,501317,56881,50130,1072,51202,411
2022-01-07,Stanislaus,099,539301,92537,87049,10652,97701,1372
2022-01-07,Sutter,101,95872,16030,15261,568,15829,195
2022-01-07,Tehama,103,63373,9551,9109,1766,10875,140
2022-01-07,Trinity,105,12862,951,836,239,1075,19
2022-01-07,Tulare,107,460477,77632,73600,18817,92417,1185
2022-01-07,Tuolumne,109,53932,8903,8360,148,8508,91
2022-01-07,Ventura,111,848112,134276,117229,7112,124341,1216
2022-01-07,Yolo,113,214977,26616,24006,1948,25954,270
2022-01-07,Yuba,115,75493,12002,11277,538,11815,101
2022-01-06,Alameda,001,1643700,168363,148560,6242,154802,1558
2022-01-06,Alpine,003,1148,117,114,0,114,0
2022-01-06,Amador,005,37829,6349,6091,110,6201,71
2022-01-06,Butte,007,227075,24781,23429,4474,27903,347
2022-01-06,Calaveras,009,45235,5064,4823,91,4914,93
2022-01-06,Colusa,011,21464,2756,2713,788,3501,21
2022-01-06,Contra Costa,013,1133247,132764,119907,5323,125230,1077
2022-01-06,Del Norte,015,27424,4008,3902,73,3975,43
2022-01-06,El Dorado,017,186661,20213,18599,2120,20719,172
2022-01-06,Fresno,019,978130,163063,155394,14253,169647,2393
2022-01-06,Glenn,021,27897,3863,3732,1110,4842,39
2022-01-06,Humboldt,023,135768,12135,11149,1152,12301,121
2022-01-06,Imperial,025,180216,41429,39429,5743,45172,800
2022-01-06,Inyo,027,18085,3254,3020,73,3093,49
2022-01-06,Kern,029,883053,148588,140410,29614,170024,1921
2022-01-06,Kings,031,150075,36663,35275,2299,37574,390
2022-01-06,Lake,033,64148,7552,7209,263,7472,117
2022-01-06,Lassen,035,31185,7228,7127,465,7592,55
2022-01-06,Los Angeles,037,10098052,1984556,1765787,86861,1852648,27476
2022-01-06,Madera,039,155013,26896,25767,2752,28519,328
2022-01-06,Marin,041,260295,24449,22377,1239,23616,251
2022-01-06,Mariposa,043,17540,1735,1588,68,1656,6
2022-01-06,Mendocino,045,87422,9328,8792,851,9643,101
2022-01-06,Merced,047,269075,48237,46094,2662,48756,703
2022-01-06,Modoc,049,8938,627,610,215,825,6
2022-01-06,Mono,051,14174,2442,2240,56,2296,4
2022-01-06,Monterey,053,433212,56745,51721,4932,56653,644
2022-01-06,Napa,055,140530,17910,15819,396,16215,109
2022-01-06,Nevada,057,99092,11586,10765,467,11232,110
2022-01-06,Orange,059,3164182,418292,375124,28837,403961,5903
2022-01-06,Placer,061,380077,46546,43172,4992,48164,495
2022-01-06,Plumas,063,18699,2110,2053,64,2117,12
2022-01-06,Riverside,065,2383286,456734,422591,20695,443286,5535
2022-01-06,Sacramento,067,1510023,201545,185118,9816,194934,2470
2022-01-06,San Benito,069,59416,9596,9016,255,9271,83
2022-01-06,San Bernardino,071,2135413,446653,411724,15912,427636,6122
2022-01-06,San Diego,073,3302833,538604,472273,31503,503776,4495
2022-01-06,San Francisco,075,870044,85695,73660,4346,78006,690
2022-01-06,San Joaquin,077,732212,121552,112514,6616,119130,1916
2022-01-06,San Luis Obispo,079,281455,37450,34489,1948,36437,369
2022-01-06,San Mateo,081,765935,80821,67918,2734,70652,582
2022-01-06,Santa Barbara,083,443738,59489,54617,2292,56909,575
2022-01-06,Santa Clara,085,1922200,207552,183842,4855,188697,1966
2022-01-06,Santa Cruz,087,273765,27956,24678,1347,26025,230
2022-01-06,Shasta,089,179085,24419,23585,4076,27661,445
2022-01-06,Sierra,091,2930,227,215,23,238,0
2022-01-06,Siskiyou,093,43540,3654,3545,1550,5095,62
2022-01-06,Solano,095,438530,57181,52452,2433,54885,383
2022-01-06,Sonoma,097,501317,55509,50130,1047,51177,411
2022-01-06,Stanislaus,099,539301,91390,87049,10494,97543,1372
2022-01-06,Sutter,101,95872,15855,15261,547,15808,195
2022-01-06,Tehama,103,63373,9478,9109,1738,10847,140
2022-01-06,Trinity,105,12862,944,836,238,1074,19
2022-01-06,Tulare,107,460477,76977,73600,18643,92243,1185
2022-01-06,Tuolumne,109,53932,8797,8360,143,8503,91
2022-01-06,Ventura,111,848112,131566,117229,6956,124185,1216
2022-01-06,Yolo,113,214977,26091,24006,1904,25910,270
2022-01-06,Yuba,115,75493,11868,11277,521,11798,101
2022-01-05,Alameda,001,1643700,163266,144824,5811,150635,1548
2022-01-05,Alpine,003,1148,117,112,0,112,0
2022-01-05,Amador,005,37829,6308,6012,107,6119,70
2022-01-05,Butte,007,227075,24468,23134,4420,27554,343
2022-01-05,Calaveras,009,45235,5016,4758,89,4847,90
2022-01-05,Colusa,011,21464,2744,2704,777,3481,21
2022-01-05,Contra Costa,013,1133247,129777,117188,4874,122062,1071
2022-01-05,Del Norte,015,27424,3988,3862,71,3933,43
2022-01-05,El Dorado,017,186661,19837,18367,2091,20458,171
2022-01-05,Fresno,019,978130,161068,153033,14020,167053,2377
2022-01-05,Glenn,021,27897,3816,3700,1101,4801,39
2022-01-05,Humboldt,023,135768,11925,10938,1102,12040,120
2022-01-05,Imperial,025,180216,40813,38789,5605,44394,800
2022-01-05,Inyo,027,18085,3165,2939,69,3008,49
2022-01-05,Kern,029,883053,146862,138186,29083,167269,1913
2022-01-05,Kings,031,150075,36339,34893,2283,37176,387
2022-01-05,Lake,033,64148,7462,7129,246,7375,117
2022-01-05,Lassen,035,31185,7210,7077,457,7534,55
2022-01-05,Los Angeles,037,10098052,1929789,1729640,84573,1814213,27443
2022-01-05,Madera,039,155013,26645,25392,2672,28064,327
2022-01-05,Marin,041,260295,24130,21829,1190,23019,251
2022-01-05,Mariposa,043,17540,1709,1564,67,1631,6
2022-01-05,Mendocino,045,87422,9204,8625,816,9441,101
2022-01-05,Merced,047,269075,47666,45721,2534,48255,700
2022-01-05,Modoc,049,8938,625,603,215,818,6
2022-01-05,Mono,051,14174,2424,2201,51,2252,4
2022-01-05,Monterey,053,433212,55923,51241,4746,55987,639
2022-01-05,Napa,055,140530,17538,15494,366,15860,108
2022-01-05,Nevada,057,99092,11391,10624,451,11075,110
2022-01-05,Orange,059,3164182,408406,366139,27767,393906,5869
2022-01-05,Placer,061,380077,45687,42456,4901,47357,492
2022-01-05,Plumas,063,18699,2094,2020,63,2083,12
2022-01-05,Riverside,065,2383286,449414,415253,20372,435625,5502
2022-01-05,Sacramento,067,1510023,197102,181488,8875,190363,2455
2022-01-05,San Benito,069,59416,9403,8829,243,9072,83
2022-01-05,San Bernardino,071,2135413,438537,405323,15423,420746,6085
2022-01-05,San Diego,073,3302833,525289,466602,30626,497228,4495
2022-01-05,San Francisco,075,870044,83029,71405,4214,75619,686
2022-01-05,San Joaquin,077,732212,119021,110497,6541,117038,1903
2022-01-05,San Luis Obispo,079,281455,36648,34066,1868,35934,369
2022-01-05,San Mateo,081,765935,78694,66018,2536,68554,578
2022-01-05,Santa Barbara,083,443738,58209,53082,2213,55295,570
2022-01-05,Santa Clara,085,1922200,201727,178629,4438,183067,1961
2022-01-05,Santa Cruz,087,273765,27194,24394,1334,25728,229
2022-01-05,Shasta,089,179085,24258,23361,4047,27408,441
2022-01-05,Sierra,091,2930,224,210,22,232,0
2022-01-05,Siskiyou,093,43540,3643,3513,1523,5036,60
2022-01-05,Solano,095,438530,56158,51505,2316,53821,380
2022-01-05,Sonoma,097,501317,54306,49120,972,50092,412
2022-01-05,Stanislaus,099,539301,90420,86248,10345,96593,1360
2022-01-05,Sutter,101,95872,15653,15117,509,15626,193
2022-01-05,Tehama,103,63373,9382,9011,1707,10718,140
2022-01-05,Trinity,105,12862,941,822,236,1058,19
2022-01-05,Tulare,107,460477,76254,72718,18476,91194,1173
2022-01-05,Tuolumne,109,53932,8706,8223,136,8359,90
2022-01-05,Ventura,111,848112,128801,114752,6751,121503,1211
2022-01-05,Yolo,113,214977,25506,23401,1861,25262,269
2022-01-05,Yuba,115,75493,11689,11138,496,11634,100
2022-01-04,Alameda,001,1643700,157770,143360,5411,148771,1532
2022-01-04,Alpine,003,1148,117,113,0,113,0
2022-01-04,Amador,005,37829,6241,6025,102,6127,71
2022-01-04,Butte,007,227075,24163,23094,4353,27447,346
2022-01-04,Calaveras,009,45235,4942,4767,86,4853,93
2022-01-04,Colusa,011,21464,2732,2689,771,3460,21
2022-01-04,Contra Costa,013,1133247,126670,116005,4518,120523,1075
2022-01-04,Del Norte,015,27424,3957,3882,69,3951,43
2022-01-04,El Dorado,017,186661,19488,18339,2069,20408,172
2022-01-04,Fresno,019,978130,158923,153244,13827,167071,2380
2022-01-04,Glenn,021,27897,3785,3705,1089,4794,39
2022-01-04,Humboldt,023,135768,11663,10865,1053,11918,120
2022-01-04,Imperial,025,180216,40242,38596,5339,43935,800
2022-01-04,Inyo,027,18085,3081,2870,68,2938,49
2022-01-04,Kern,029,883053,144976,138245,28528,166773,1916
2022-01-04,Kings,031,150075,36056,34931,2267,37198,388
2022-01-04,Lake,033,64148,7420,7152,233,7385,117
2022-01-04,Lassen,035,31185,7188,7111,454,7565,55
2022-01-04,Los Angeles,037,10098052,1871716,1705253,82170,1787423,27419
2022-01-04,Madera,039,155013,26302,25425,2610,28035,328
2022-01-04,Marin,041,260295,23671,21675,1134,22809,251
2022-01-04,Mariposa,043,17540,1671,1564,66,1630,6
2022-01-04,Mendocino,045,87422,9083,8636,793,9429,101
2022-01-04,Merced,047,269075,47055,45583,2406,47989,700
2022-01-04,Modoc,049,8938,622,611,215,826,6
2022-01-04,Mono,051,14174,2367,2190,41,2231,4
2022-01-04,Monterey,053,433212,55195,51176,4534,55710,643
2022-01-04,Napa,055,140530,17025,15370,337,15707,107
2022-01-04,Nevada,057,99092,11235,10608,439,11047,110
2022-01-04,Orange,059,3164182,397840,362051,26639,388690,5897
2022-01-04,Placer,061,380077,44871,42285,4793,47078,494
2022-01-04,Plumas,063,18699,2081,2014,61,2075,12
2022-01-04,Riverside,065,2383286,440982,413366,20019,433385,5504
2022-01-04,Sacramento,067,1510023,192552,181271,8148,189419,2453
2022-01-04,San Benito,069,59416,9215,8763,235,8998,79
2022-01-04,San Bernardino,071,2135413,430277,404409,14936,419345,6060
2022-01-04,San Diego,073,3302833,509050,458499,29774,488273,4487
2022-01-04,San Francisco,075,870044,80139,70666,4072,74738,688
2022-01-04,San Joaquin,077,732212,116591,110374,6409,116783,1911
2022-01-04,San Luis Obispo,079,281455,35834,33788,1782,35570,371
2022-01-04,San Mateo,081,765935,76430,65157,2348,67505,582
2022-01-04,Santa Barbara,083,443738,56752,52449,2136,54585,574
2022-01-04,Santa Clara,085,1922200,195724,176854,3969,180823,1964
2022-01-04,Santa Cruz,087,273765,26428,23904,1306,25210,228
2022-01-04,Shasta,089,179085,24116,23366,3992,27358,442
2022-01-04,Sierra,091,2930,224,214,22,236,0
2022-01-04,Siskiyou,093,43540,3626,3509,1504,5013,61
2022-01-04,Solano,095,438530,54873,51300,2128,53428,383
2022-01-04,Sonoma,097,501317,52685,48653,913,49566,410
2022-01-04,Stanislaus,099,539301,89371,86107,10190,96297,1361
2022-01-04,Sutter,101,95872,15501,15032,485,15517,193
2022-01-04,Tehama,103,63373,9303,9020,1685,10705,140
2022-01-04,Trinity,105,12862,934,833,232,1065,18
2022-01-04,Tulare,107,460477,75504,72893,18288,91181,1172
2022-01-04,Tuolumne,109,53932,8602,8235,131,8366,91
2022-01-04,Ventura,111,848112,125693,114079,6525,120604,1213
2022-01-04,Yolo,113,214977,24884,22938,1821,24759,270
2022-01-04,Yuba,115,75493,11511,11104,483,11587,101
2022-01-03,Alameda,001,1643700,151826,142090,4992,147082,1529
2022-01-03,Alpine,003,1148,116,113,0,113,0
2022-01-03,Amador,005,37829,6182,6004,97,6101,71
2022-01-03,Butte,007,227075,23874,22924,4305,27229,345
2022-01-03,Calaveras,009,45235,4883,4742,81,4823,93
2022-01-03,Colusa,011,21464,2724,2683,765,3448,21
2022-01-03,Contra Costa,013,1133247,123409,114966,3923,118889,1073
2022-01-03,Del Norte,015,27424,3938,3873,66,3939,43
2022-01-03,El Dorado,017,186661,19097,18183,2042,20225,172
2022-01-03,Fresno,019,978130,156951,152674,13643,166317,2379
2022-01-03,Glenn,021,27897,3757,3703,1049,4752,39
2022-01-03,Humboldt,023,135768,11459,10784,1004,11788,119
2022-01-03,Imperial,025,180216,39633,38411,5154,43565,800
2022-01-03,Inyo,027,18085,3016,2845,64,2909,49
2022-01-03,Kern,029,883053,143039,137773,27972,165745,1916
2022-01-03,Kings,031,150075,35767,34817,2228,37045,387
2022-01-03,Lake,033,64148,7317,7134,218,7352,117
2022-01-03,Lassen,035,31185,7171,7103,452,7555,55
2022-01-03,Los Angeles,037,10098052,1812802,1686203,79372,1765575,27394
2022-01-03,Madera,039,155013,26016,25323,2570,27893,320
2022-01-03,Marin,041,260295,23098,21532,1095,22627,251
2022-01-03,Mariposa,043,17540,1630,1559,66,1625,6
2022-01-03,Mendocino,045,87422,8936,8573,743,9316,101
2022-01-03,Merced,047,269075,46470,45459,2303,47762,696
2022-01-03,Modoc,049,8938,619,602,215,817,6
2022-01-03,Mono,051,14174,2256,2172,32,2204,4
2022-01-03,Monterey,053,433212,54377,51047,4339,55386,644
2022-01-03,Napa,055,140530,16508,15260,305,15565,107
2022-01-03,Nevada,057,99092,11079,10572,429,11001,110
2022-01-03,Orange,059,3164182,386772,358052,25471,383523,5894
2022-01-03,Placer,061,380077,44096,42054,4732,46786,489
2022-01-03,Plumas,063,18699,2064,2005,61,2066,12
2022-01-03,Riverside,065,2383286,432543,410155,19525,429680,5504
2022-01-03,Sacramento,067,1510023,187818,179992,7602,187594,2452
2022-01-03,San Benito,069,59416,9050,8688,228,8916,79
2022-01-03,San Bernardino,071,2135413,422121,401938,14533,416471,6056
2022-01-03,San Diego,073,3302833,493213,451154,28977,480131,4476
2022-01-03,San Francisco,075,870044,77339,69315,3813,73128,686
2022-01-03,San Joaquin,077,732212,114271,109757,6331,116088,1903
2022-01-03,San Luis Obispo,079,281455,35008,33667,1689,35356,367
2022-01-03,San Mateo,081,765935,73800,64470,2189,66659,582
2022-01-03,Santa Barbara,083,443738,55336,51912,2042,53954,571
2022-01-03,Santa Clara,085,1922200,189777,174215,3492,177707,1963
2022-01-03,Santa Cruz,087,273765,25640,23765,1277,25042,228
2022-01-03,Shasta,089,179085,23933,23301,3964,27265,440
2022-01-03,Sierra,091,2930,218,213,21,234,0
2022-01-03,Siskiyou,093,43540,3601,3500,1481,4981,61
2022-01-03,Solano,095,438530,53589,51030,1942,52972,380
2022-01-03,Sonoma,097,501317,51003,48391,859,49250,410
2022-01-03,Stanislaus,099,539301,88393,85793,10031,95824,1332
2022-01-03,Sutter,101,95872,15349,14973,466,15439,193
2022-01-03,Tehama,103,63373,9229,9005,1658,10663,140
2022-01-03,Trinity,105,12862,929,833,231,1064,18
2022-01-03,Tulare,107,460477,74849,72664,18093,90757,1167
2022-01-03,Tuolumne,109,53932,8474,8179,127,8306,91
2022-01-03,Ventura,111,848112,122510,112762,6314,119076,1211
2022-01-03,Yolo,113,214977,24224,22563,1757,24320,270
2022-01-03,Yuba,115,75493,11379,11037,464,11501,99
2022-01-02,Alameda,001,1643700,147533,133486,4513,137999,1528
2022-01-02,Alpine,003,1148,114,113,0,113,0
2022-01-02,Amador,005,37829,6116,5913,92,6005,70
2022-01-02,Butte,007,227075,23552,22469,4250,26719,341
2022-01-02,Calaveras,009,45235,4823,4668,73,4741,93
2022-01-02,Colusa,011,21464,2719,2659,755,3414,21
2022-01-02,Contra Costa,013,1133247,119943,109593,3489,113082,1073
2022-01-02,Del Norte,015,27424,3909,3841,64,3905,43
2022-01-02,El Dorado,017,186661,18774,17621,1989,19610,172
2022-01-02,Fresno,019,978130,155254,149927,13438,163365,2379
2022-01-02,Glenn,021,27897,3731,3663,1041,4704,39
2022-01-02,Humboldt,023,135768,11226,10381,928,11309,119
2022-01-02,Imperial,025,180216,38968,37672,4937,42609,800
2022-01-02,Inyo,027,18085,2951,2726,53,2779,49
2022-01-02,Kern,029,883053,141170,136123,27385,163508,1917
2022-01-02,Kings,031,150075,35463,34318,2182,36500,386
2022-01-02,Lake,033,64148,7247,7060,202,7262,117
2022-01-02,Lassen,035,31185,7155,7089,450,7539,55
2022-01-02,Los Angeles,037,10098052,1763460,1596123,76429,1672552,27371
2022-01-02,Madera,039,155013,25766,25002,2515,27517,320
2022-01-02,Marin,041,260295,22556,20475,1025,21500,249
2022-01-02,Mariposa,043,17540,1600,1509,64,1573,6
2022-01-02,Mendocino,045,87422,8819,8422,725,9147,101
2022-01-02,Merced,047,269075,45942,44769,2206,46975,694
2022-01-02,Modoc,049,8938,617,601,214,815,6
2022-01-02,Mono,051,14174,2227,2101,29,2130,4
2022-01-02,Monterey,053,433212,53766,50251,4135,54386,643
2022-01-02,Napa,055,140530,15952,14439,294,14733,107
2022-01-02,Nevada,057,99092,10893,10299,414,10713,110
2022-01-02,Orange,059,3164182,375933,339526,24325,363851,5890
2022-01-02,Placer,061,380077,43427,40857,4650,45507,489
2022-01-02,Plumas,063,18699,2049,1994,57,2051,12
2022-01-02,Riverside,065,2383286,424440,397124,19023,416147,5501
2022-01-02,Sacramento,067,1510023,184177,173562,6797,180359,2448
2022-01-02,San Benito,069,59416,8869,8320,213,8533,79
2022-01-02,San Bernardino,071,2135413,414833,386278,14047,400325,6051
2022-01-02,San Diego,073,3302833,478545,427087,27979,455066,4469
2022-01-02,San Francisco,075,870044,74522,64498,3567,68065,682
2022-01-02,San Joaquin,077,732212,112418,106640,6229,112869,1902
2022-01-02,San Luis Obispo,079,281455,34275,32342,1603,33945,365
2022-01-02,San Mateo,081,765935,71340,60504,1950,62454,581
2022-01-02,Santa Barbara,083,443738,53942,49555,1979,51534,568
2022-01-02,Santa Clara,085,1922200,183664,164547,3097,167644,1969
2022-01-02,Santa Cruz,087,273765,24997,22980,1255,24235,228
2022-01-02,Shasta,089,179085,23745,23161,3914,27075,435
2022-01-02,Sierra,091,2930,217,206,21,227,0
2022-01-02,Siskiyou,093,43540,3577,3474,1459,4933,61
2022-01-02,Solano,095,438530,52677,48957,1775,50732,379
2022-01-02,Sonoma,097,501317,49654,46040,824,46864,410
2022-01-02,Stanislaus,099,539301,87554,84367,9918,94285,1332
2022-01-02,Sutter,101,95872,15178,14741,448,15189,193
2022-01-02,Tehama,103,63373,9165,8944,1637,10581,139
2022-01-02,Trinity,105,12862,927,832,230,1062,17
2022-01-02,Tulare,107,460477,74257,71941,17917,89858,1160
2022-01-02,Tuolumne,109,53932,8381,8044,122,8166,91
2022-01-02,Ventura,111,848112,119631,107992,6111,114103,1211
2022-01-02,Yolo,113,214977,23578,21747,1691,23438,270
2022-01-02,Yuba,115,75493,11258,10844,447,11291,99
2022-01-01,Alameda,001,1643700,145766,133486,4268,137754,1528
2022-01-01,Alpine,003,1148,114,113,0,113,0
2022-01-01,Amador,005,37829,6081,5913,88,6001,70
2022-01-01,Butte,007,227075,23380,22469,4225,26694,341
2022-01-01,Calaveras,009,45235,4801,4668,71,4739,93
2022-01-01,Colusa,011,21464,2717,2659,745,3404,21
2022-01-01,Contra Costa,013,1133247,118627,109593,3369,112962,1073
2022-01-01,Del Norte,015,27424,3903,3841,64,3905,43
2022-01-01,El Dorado,017,186661,18633,17621,1975,19596,172
2022-01-01,Fresno,019,978130,154605,149927,13375,163302,2379
2022-01-01,Glenn,021,27897,3726,3663,1041,4704,39
2022-01-01,Humboldt,023,135768,11099,10381,909,11290,119
2022-01-01,Imperial,025,180216,38829,37672,4895,42567,800
2022-01-01,Inyo,027,18085,2923,2726,51,2777,49
2022-01-01,Kern,029,883053,140493,136123,27089,163212,1917
2022-01-01,Kings,031,150075,35332,34318,2166,36484,386
2022-01-01,Lake,033,64148,7215,7060,198,7258,117
2022-01-01,Lassen,035,31185,7149,7089,445,7534,55
2022-01-01,Los Angeles,037,10098052,1744250,1596123,74508,1670631,27371
2022-01-01,Madera,039,155013,25685,25002,2501,27503,320
2022-01-01,Marin,041,260295,22257,20475,984,21459,249
2022-01-01,Mariposa,043,17540,1589,1509,64,1573,6
2022-01-01,Mendocino,045,87422,8728,8422,719,9141,101
2022-01-01,Merced,047,269075,45813,44769,2197,46966,694
2022-01-01,Modoc,049,8938,614,601,214,815,6
2022-01-01,Mono,051,14174,2214,2101,25,2126,4
2022-01-01,Monterey,053,433212,53481,50251,4055,54306,643
2022-01-01,Napa,055,140530,15810,14439,279,14718,107
2022-01-01,Nevada,057,99092,10831,10299,407,10706,110
2022-01-01,Orange,059,3164182,371782,339526,23582,363108,5890
2022-01-01,Placer,061,380077,43143,40857,4589,45446,489
2022-01-01,Plumas,063,18699,2038,1994,57,2051,12
2022-01-01,Riverside,065,2383286,421057,397124,18833,415957,5501
2022-01-01,Sacramento,067,1510023,183072,173562,6550,180112,2448
2022-01-01,San Benito,069,59416,8774,8320,213,8533,79
2022-01-01,San Bernardino,071,2135413,411883,386278,13785,400063,6051
2022-01-01,San Diego,073,3302833,472807,427087,27518,454605,4469
2022-01-01,San Francisco,075,870044,73160,64498,3351,67849,682
2022-01-01,San Joaquin,077,732212,111733,106640,6182,112822,1902
2022-01-01,San Luis Obispo,079,281455,34077,32342,1595,33937,365
2022-01-01,San Mateo,081,765935,69920,60504,1797,62301,581
2022-01-01,Santa Barbara,083,443738,53233,49555,1945,51500,568
2022-01-01,Santa Clara,085,1922200,180651,164547,2900,167447,1969
2022-01-01,Santa Cruz,087,273765,24690,22980,1244,24224,228
2022-01-01,Shasta,089,179085,23664,23161,3896,27057,435
2022-01-01,Sierra,091,2930,216,206,21,227,0
2022-01-01,Siskiyou,093,43540,3575,3474,1453,4927,61
2022-01-01,Solano,095,438530,52420,48957,1718,50675,379
2022-01-01,Sonoma,097,501317,49284,46040,794,46834,410
2022-01-01,Stanislaus,099,539301,87153,84367,9856,94223,1332
2022-01-01,Sutter,101,95872,15103,14741,446,15187,193
2022-01-01,Tehama,103,63373,9134,8944,1626,10570,139
2022-01-01,Trinity,105,12862,924,832,230,1062,17
2022-01-01,Tulare,107,460477,74029,71941,17819,89760,1160
2022-01-01,Tuolumne,109,53932,8325,8044,119,8163,91
2022-01-01,Ventura,111,848112,118254,107992,5983,113975,1211
2022-01-01,Yolo,113,214977,23160,21747,1654,23401,270
2022-01-01,Yuba,115,75493,11193,10844,441,11285,99
2021-12-31,Alameda,001,1643700,145071,133486,4189,137675,1528
2021-12-31,Alpine,003,1148,114,113,0,113,0
2021-12-31,Amador,005,37829,6058,5913,87,6000,70
2021-12-31,Butte,007,227075,23295,22469,4198,26667,341
2021-12-31,Calaveras,009,45235,4780,4668,71,4739,93
2021-12-31,Colusa,011,21464,2712,2659,738,3397,21
2021-12-31,Contra Costa,013,1133247,117798,109593,3309,112902,1073
2021-12-31,Del Norte,015,27424,3894,3841,62,3903,43
2021-12-31,El Dorado,017,186661,18563,17621,1957,19578,172
2021-12-31,Fresno,019,978130,154317,149927,13359,163286,2379
2021-12-31,Glenn,021,27897,3725,3663,1041,4704,39
2021-12-31,Humboldt,023,135768,11012,10381,891,11272,119
2021-12-31,Imperial,025,180216,38723,37672,4884,42556,800
2021-12-31,Inyo,027,18085,2898,2726,51,2777,49
2021-12-31,Kern,029,883053,139995,136123,26960,163083,1917
2021-12-31,Kings,031,150075,35236,34318,2161,36479,386
2021-12-31,Lake,033,64148,7194,7060,195,7255,117
2021-12-31,Lassen,035,31185,7138,7089,445,7534,55
2021-12-31,Los Angeles,037,10098052,1734135,1596123,73733,1669856,27371
2021-12-31,Madera,039,155013,25621,25002,2485,27487,320
2021-12-31,Marin,041,260295,22108,20475,954,21429,249
2021-12-31,Mariposa,043,17540,1583,1509,63,1572,6
2021-12-31,Mendocino,045,87422,8697,8422,716,9138,101
2021-12-31,Merced,047,269075,45738,44769,2180,46949,694
2021-12-31,Modoc,049,8938,610,601,212,813,6
2021-12-31,Mono,051,14174,2207,2101,25,2126,4
2021-12-31,Monterey,053,433212,53366,50251,3990,54241,643
2021-12-31,Napa,055,140530,15705,14439,269,14708,107
2021-12-31,Nevada,057,99092,10770,10299,401,10700,110
2021-12-31,Orange,059,3164182,369408,339526,23164,362690,5890
2021-12-31,Placer,061,380077,42927,40857,4526,45383,489
2021-12-31,Plumas,063,18699,2034,1994,57,2051,12
2021-12-31,Riverside,065,2383286,419501,397124,18691,415815,5501
2021-12-31,Sacramento,067,1510023,182341,173562,6451,180013,2448
2021-12-31,San Benito,069,59416,8760,8320,212,8532,79
2021-12-31,San Bernardino,071,2135413,409816,386278,13603,399881,6051
2021-12-31,San Diego,073,3302833,469717,427087,27243,454330,4469
2021-12-31,San Francisco,075,870044,72288,64498,3294,67792,682
2021-12-31,San Joaquin,077,732212,111134,106640,6141,112781,1902
2021-12-31,San Luis Obispo,079,281455,33976,32342,1582,33924,365
2021-12-31,San Mateo,081,765935,69069,60504,1742,62246,581
2021-12-31,Santa Barbara,083,443738,52878,49555,1929,51484,568
2021-12-31,Santa Clara,085,1922200,178737,164547,2765,167312,1969
2021-12-31,Santa Cruz,087,273765,24472,22980,1229,24209,228
2021-12-31,Shasta,089,179085,23600,23161,3875,27036,435
2021-12-31,Sierra,091,2930,216,206,21,227,0
2021-12-31,Siskiyou,093,43540,3570,3474,1442,4916,61
2021-12-31,Solano,095,438530,52271,48957,1692,50649,379
2021-12-31,Sonoma,097,501317,49060,46040,782,46822,410
2021-12-31,Stanislaus,099,539301,86835,84367,9813,94180,1332
2021-12-31,Sutter,101,95872,15043,14741,440,15181,193
2021-12-31,Tehama,103,63373,9104,8944,1618,10562,139
2021-12-31,Trinity,105,12862,923,832,230,1062,17
2021-12-31,Tulare,107,460477,73843,71941,17737,89678,1160
2021-12-31,Tuolumne,109,53932,8282,8044,118,8162,91
2021-12-31,Ventura,111,848112,117300,107992,5904,113896,1211
2021-12-31,Yolo,113,214977,22941,21747,1632,23379,270
2021-12-31,Yuba,115,75493,11138,10844,435,11279,99
2021-12-30,Alameda,001,1643700,143820,133486,4059,137545,1528
2021-12-30,Alpine,003,1148,113,113,0,113,0
2021-12-30,Amador,005,37829,6040,5913,86,5999,70
2021-12-30,Butte,007,227075,23180,22469,4177,26646,341
2021-12-30,Calaveras,009,45235,4764,4668,71,4739,93
2021-12-30,Colusa,011,21464,2711,2659,736,3395,21
2021-12-30,Contra Costa,013,1133247,116713,109593,3202,112795,1073
2021-12-30,Del Norte,015,27424,3884,3841,61,3902,43
2021-12-30,El Dorado,017,186661,18464,17621,1937,19558,172
2021-12-30,Fresno,019,978130,153833,149927,13297,163224,2379
2021-12-30,Glenn,021,27897,3720,3663,1040,4703,39
2021-12-30,Humboldt,023,135768,10944,10381,879,11260,119
2021-12-30,Imperial,025,180216,38572,37672,4762,42434,800
2021-12-30,Inyo,027,18085,2879,2726,49,2775,49
2021-12-30,Kern,029,883053,139477,136123,26667,162790,1917
2021-12-30,Kings,031,150075,35117,34318,2149,36467,386
2021-12-30,Lake,033,64148,7181,7060,190,7250,117
2021-12-30,Lassen,035,31185,7132,7089,445,7534,55
2021-12-30,Los Angeles,037,10098052,1711644,1596123,72430,1668553,27371
2021-12-30,Madera,039,155013,25540,25002,2465,27467,320
2021-12-30,Marin,041,260295,21938,20475,930,21405,249
2021-12-30,Mariposa,043,17540,1577,1509,63,1572,6
2021-12-30,Mendocino,045,87422,8680,8422,705,9127,101
2021-12-30,Merced,047,269075,45647,44769,2166,46935,694
2021-12-30,Modoc,049,8938,609,601,212,813,6
2021-12-30,Mono,051,14174,2206,2101,24,2125,4
2021-12-30,Monterey,053,433212,53067,50251,3931,54182,643
2021-12-30,Napa,055,140530,15563,14439,260,14699,107
2021-12-30,Nevada,057,99092,10708,10299,393,10692,110
2021-12-30,Orange,059,3164182,364396,339526,22608,362134,5890
2021-12-30,Placer,061,380077,42660,40857,4480,45337,489
2021-12-30,Plumas,063,18699,2031,1994,56,2050,12
2021-12-30,Riverside,065,2383286,416312,397124,18568,415692,5501
2021-12-30,Sacramento,067,1510023,181176,173562,6313,179875,2448
2021-12-30,San Benito,069,59416,8716,8320,208,8528,79
2021-12-30,San Bernardino,071,2135413,407476,386278,13463,399741,6051
2021-12-30,San Diego,073,3302833,464772,427087,26803,453890,4469
2021-12-30,San Francisco,075,870044,71178,64498,3222,67720,682
2021-12-30,San Joaquin,077,732212,110557,106640,6111,112751,1902
2021-12-30,San Luis Obispo,079,281455,33861,32342,1566,33908,365
2021-12-30,San Mateo,081,765935,68068,60504,1608,62112,581
2021-12-30,Santa Barbara,083,443738,52413,49555,1909,51464,568
2021-12-30,Santa Clara,085,1922200,176455,164547,2642,167189,1969
2021-12-30,Santa Cruz,087,273765,24237,22980,1203,24183,228
2021-12-30,Shasta,089,179085,23550,23161,3869,27030,435
2021-12-30,Sierra,091,2930,216,206,21,227,0
2021-12-30,Siskiyou,093,43540,3560,3474,1440,4914,61
2021-12-30,Solano,095,438530,51925,48957,1645,50602,379
2021-12-30,Sonoma,097,501317,48739,46040,773,46813,410
2021-12-30,Stanislaus,099,539301,86519,84367,9766,94133,1332
2021-12-30,Sutter,101,95872,14984,14741,439,15180,193
2021-12-30,Tehama,103,63373,9077,8944,1612,10556,139
2021-12-30,Trinity,105,12862,920,832,230,1062,17
2021-12-30,Tulare,107,460477,73672,71941,17663,89604,1160
2021-12-30,Tuolumne,109,53932,8244,8044,117,8161,91
2021-12-30,Ventura,111,848112,116053,107992,5804,113796,1211
2021-12-30,Yolo,113,214977,22810,21747,1605,23352,270
2021-12-30,Yuba,115,75493,11091,10844,433,11277,99
2021-12-29,Alameda,001,1643700,140636,131586,3906,135492,1529
2021-12-29,Alpine,003,1148,113,113,0,113,0
2021-12-29,Amador,005,37829,6017,5905,83,5988,70
2021-12-29,Butte,007,227075,23042,22353,4141,26494,338
2021-12-29,Calaveras,009,45235,4738,4646,69,4715,93
2021-12-29,Colusa,011,21464,2701,2657,731,3388,21
2021-12-29,Contra Costa,013,1133247,114602,108165,3074,111239,1072
2021-12-29,Del Norte,015,27424,3871,3826,59,3885,43
2021-12-29,El Dorado,017,186661,18238,17489,1919,19408,172
2021-12-29,Fresno,019,978130,152793,149318,13209,162527,2364
2021-12-29,Glenn,021,27897,3710,3653,1038,4691,39
2021-12-29,Humboldt,023,135768,10839,10249,858,11107,119
2021-12-29,Imperial,025,180216,38367,37460,4692,42152,800
2021-12-29,Inyo,027,18085,2847,2703,49,2752,49
2021-12-29,Kern,029,883053,138702,135648,26281,161929,1913
2021-12-29,Kings,031,150075,34995,34216,2145,36361,386
2021-12-29,Lake,033,64148,7150,7048,188,7236,117
2021-12-29,Lassen,035,31185,7129,7085,444,7529,55
2021-12-29,Los Angeles,037,10098052,1682283,1576414,70686,1647100,27349
2021-12-29,Madera,039,155013,25436,24923,2455,27378,320
2021-12-29,Marin,041,260295,21588,20025,910,20935,249
2021-12-29,Mariposa,043,17540,1555,1507,63,1570,6
2021-12-29,Mendocino,045,87422,8621,8386,701,9087,99
2021-12-29,Merced,047,269075,45429,44548,2152,46700,693
2021-12-29,Modoc,049,8938,606,600,212,812,6
2021-12-29,Mono,051,14174,2182,2056,24,2080,4
2021-12-29,Monterey,053,433212,52659,50097,3829,53926,641
2021-12-29,Napa,055,140530,15242,14247,241,14488,107
2021-12-29,Nevada,057,99092,10616,10274,392,10666,110
2021-12-29,Orange,059,3164182,356964,334557,21928,356485,5887
2021-12-29,Placer,061,380077,42178,40545,4406,44951,489
2021-12-29,Plumas,063,18699,2019,1990,56,2046,12
2021-12-29,Riverside,065,2383286,411001,392989,18389,411378,5486
2021-12-29,Sacramento,067,1510023,178930,172145,6161,178306,2437
2021-12-29,San Benito,069,59416,8571,8239,207,8446,79
2021-12-29,San Bernardino,071,2135413,402423,382872,13268,396140,6049
2021-12-29,San Diego,073,3302833,454165,421045,26187,447232,4461
2021-12-29,San Francisco,075,870044,69470,63117,3155,66272,684
2021-12-29,San Joaquin,077,732212,109390,106063,6061,112124,1891
2021-12-29,San Luis Obispo,079,281455,33451,31936,1520,33456,365
2021-12-29,San Mateo,081,765935,66498,59478,1499,60977,581
2021-12-29,Santa Barbara,083,443738,51599,49003,1884,50887,568
2021-12-29,Santa Clara,085,1922200,173321,162008,2507,164515,1962
2021-12-29,Santa Cruz,087,273765,23964,22669,1180,23849,228
2021-12-29,Shasta,089,179085,23475,23083,3858,26941,435
2021-12-29,Sierra,091,2930,216,206,21,227,0
2021-12-29,Siskiyou,093,43540,3548,3472,1430,4902,61
2021-12-29,Solano,095,438530,51229,48562,1589,50151,379
2021-12-29,Sonoma,097,501317,47936,45479,750,46229,410
2021-12-29,Stanislaus,099,539301,86029,84083,9715,93798,1332
2021-12-29,Sutter,101,95872,14919,14688,438,15126,193
2021-12-29,Tehama,103,63373,9056,8914,1600,10514,138
2021-12-29,Trinity,105,12862,919,832,230,1062,17
2021-12-29,Tulare,107,460477,73399,71752,17545,89297,1160
2021-12-29,Tuolumne,109,53932,8191,8012,116,8128,91
2021-12-29,Ventura,111,848112,114107,106974,5624,112598,1207
2021-12-29,Yolo,113,214977,22580,21564,1574,23138,270
2021-12-29,Yuba,115,75493,11030,10808,429,11237,99
2021-12-28,Alameda,001,1643700,137539,130427,3745,134172,1522
2021-12-28,Alpine,003,1148,113,113,0,113,0
2021-12-28,Amador,005,37829,5998,5900,82,5982,70
2021-12-28,Butte,007,227075,22904,22285,4124,26409,338
2021-12-28,Calaveras,009,45235,4723,4641,68,4709,91
2021-12-28,Colusa,011,21464,2695,2653,729,3382,21
2021-12-28,Contra Costa,013,1133247,112340,107160,2957,110117,1072
2021-12-28,Del Norte,015,27424,3865,3815,59,3874,43
2021-12-28,El Dorado,017,186661,18014,17419,1908,19327,172
2021-12-28,Fresno,019,978130,151831,148987,13135,162122,2365
2021-12-28,Glenn,021,27897,3688,3639,1037,4676,39
2021-12-28,Humboldt,023,135768,10720,10198,833,11031,119
2021-12-28,Imperial,025,180216,38097,37223,4584,41807,800
2021-12-28,Inyo,027,18085,2790,2676,48,2724,48
2021-12-28,Kern,029,883053,138004,135346,25941,161287,1909
2021-12-28,Kings,031,150075,34858,34165,2131,36296,386
2021-12-28,Lake,033,64148,7134,7044,184,7228,116
2021-12-28,Lassen,035,31185,7121,7083,444,7527,55
2021-12-28,Los Angeles,037,10098052,1649284,1561791,69119,1630910,27323
2021-12-28,Madera,039,155013,25310,24865,2438,27303,320
2021-12-28,Marin,041,260295,21177,19739,880,20619,249
2021-12-28,Mariposa,043,17540,1544,1499,62,1561,6
2021-12-28,Mendocino,045,87422,8560,8366,693,9059,98
2021-12-28,Merced,047,269075,45190,44434,2144,46578,691
2021-12-28,Modoc,049,8938,606,599,211,810,6
2021-12-28,Mono,051,14174,2162,2045,23,2068,4
2021-12-28,Monterey,053,433212,52296,49973,3753,53726,639
2021-12-28,Napa,055,140530,14925,14131,214,14345,107
2021-12-28,Nevada,057,99092,10526,10250,389,10639,110
2021-12-28,Orange,059,3164182,349381,331279,21177,352456,5882
2021-12-28,Placer,061,380077,41714,40410,4336,44746,489
2021-12-28,Plumas,063,18699,2016,1989,56,2045,12
2021-12-28,Riverside,065,2383286,405823,390343,18149,408492,5470
2021-12-28,Sacramento,067,1510023,176815,171290,6034,177324,2426
2021-12-28,San Benito,069,59416,8431,8170,205,8375,79
2021-12-28,San Bernardino,071,2135413,397046,381316,13067,394383,6047
2021-12-28,San Diego,073,3302833,443576,417383,25736,443119,4450
2021-12-28,San Francisco,075,870044,67851,61745,3094,64839,682
2021-12-28,San Joaquin,077,732212,108343,105572,6016,111588,1884
2021-12-28,San Luis Obispo,079,281455,32961,31759,1505,33264,365
2021-12-28,San Mateo,081,765935,65047,58712,1410,60122,582
2021-12-28,Santa Barbara,083,443738,50979,48493,1865,50358,568
2021-12-28,Santa Clara,085,1922200,170187,160811,2411,163222,1962
2021-12-28,Santa Cruz,087,273765,23593,22513,1150,23663,228
2021-12-28,Shasta,089,179085,23404,23035,3853,26888,434
2021-12-28,Sierra,091,2930,213,206,21,227,0
2021-12-28,Siskiyou,093,43540,3539,3468,1424,4892,60
2021-12-28,Solano,095,438530,50290,48318,1534,49852,378
2021-12-28,Sonoma,097,501317,47093,45086,724,45810,410
2021-12-28,Stanislaus,099,539301,85544,83946,9666,93612,1331
2021-12-28,Sutter,101,95872,14870,14662,436,15098,193
2021-12-28,Tehama,103,63373,9039,8893,1598,10491,138
2021-12-28,Trinity,105,12862,917,831,229,1060,17
2021-12-28,Tulare,107,460477,73141,71630,17419,89049,1156
2021-12-28,Tuolumne,109,53932,8148,8006,116,8122,91
2021-12-28,Ventura,111,848112,111990,105883,5493,111376,1207
2021-12-28,Yolo,113,214977,22257,21320,1525,22845,270
2021-12-28,Yuba,115,75493,10976,10778,426,11204,99
2021-12-27,Alameda,001,1643700,134992,129910,3600,133510,1530
2021-12-27,Alpine,003,1148,113,113,0,113,0
2021-12-27,Amador,005,37829,5970,5891,82,5973,70
2021-12-27,Butte,007,227075,22776,22234,4102,26336,335
2021-12-27,Calaveras,009,45235,4701,4630,67,4697,91
2021-12-27,Colusa,011,21464,2686,2652,723,3375,21
2021-12-27,Contra Costa,013,1133247,110227,106692,2874,109566,1071
2021-12-27,Del Norte,015,27424,3856,3802,58,3860,43
2021-12-27,El Dorado,017,186661,17851,17361,1896,19257,172
2021-12-27,Fresno,019,978130,150978,148826,13069,161895,2364
2021-12-27,Glenn,021,27897,3679,3634,1030,4664,39
2021-12-27,Humboldt,023,135768,10604,10164,811,10975,119
2021-12-27,Imperial,025,180216,37886,37180,4482,41662,800
2021-12-27,Inyo,027,18085,2761,2662,46,2708,48
2021-12-27,Kern,029,883053,137359,135119,25644,160763,1907
2021-12-27,Kings,031,150075,34706,34126,2120,36246,382
2021-12-27,Lake,033,64148,7111,7037,175,7212,116
2021-12-27,Lassen,035,31185,7115,7080,444,7524,55
2021-12-27,Los Angeles,037,10098052,1613839,1554074,67381,1621455,27300
2021-12-27,Madera,039,155013,25194,24840,2420,27260,320
2021-12-27,Marin,041,260295,20789,19601,853,20454,249
2021-12-27,Mariposa,043,17540,1529,1495,62,1557,6
2021-12-27,Mendocino,045,87422,8493,8351,689,9040,98
2021-12-27,Merced,047,269075,44961,44383,2127,46510,690
2021-12-27,Modoc,049,8938,604,599,211,810,6
2021-12-27,Mono,051,14174,2079,2026,23,2049,4
2021-12-27,Monterey,053,433212,52002,49918,3702,53620,639
2021-12-27,Napa,055,140530,14661,14083,205,14288,107
2021-12-27,Nevada,057,99092,10458,10239,381,10620,110
2021-12-27,Orange,059,3164182,342005,329222,20365,349587,5875
2021-12-27,Placer,061,380077,41335,40263,4288,44551,489
2021-12-27,Plumas,063,18699,2015,1988,54,2042,12
2021-12-27,Riverside,065,2383286,401323,389096,17910,407006,5470
2021-12-27,Sacramento,067,1510023,174856,170858,5862,176720,2422
2021-12-27,San Benito,069,59416,8310,8133,201,8334,79
2021-12-27,San Bernardino,071,2135413,391476,380526,12885,393411,6047
2021-12-27,San Diego,073,3302833,433814,414968,25314,440282,4445
2021-12-27,San Francisco,075,870044,66104,60920,3027,63947,682
2021-12-27,San Joaquin,077,732212,107434,105413,5969,111382,1876
2021-12-27,San Luis Obispo,079,281455,32514,31671,1484,33155,365
2021-12-27,San Mateo,081,765935,63582,58397,1311,59708,581
2021-12-27,Santa Barbara,083,443738,50219,48209,1844,50053,568
2021-12-27,Santa Clara,085,1922200,167210,159904,2288,162192,1961
2021-12-27,Santa Cruz,087,273765,23305,22456,1133,23589,228
2021-12-27,Shasta,089,179085,23340,23015,3842,26857,432
2021-12-27,Sierra,091,2930,213,206,21,227,0
2021-12-27,Siskiyou,093,43540,3530,3466,1419,4885,60
2021-12-27,Solano,095,438530,49560,48172,1486,49658,378
2021-12-27,Sonoma,097,501317,46528,44990,706,45696,410
2021-12-27,Stanislaus,099,539301,85093,83833,9631,93464,1331
2021-12-27,Sutter,101,95872,14815,14642,431,15073,191
2021-12-27,Tehama,103,63373,9023,8887,1591,10478,136
2021-12-27,Trinity,105,12862,917,827,229,1056,17
2021-12-27,Tulare,107,460477,72897,71562,17322,88884,1146
2021-12-27,Tuolumne,109,53932,8111,7978,115,8093,91
2021-12-27,Ventura,111,848112,109884,105212,5363,110575,1206
2021-12-27,Yolo,113,214977,21975,21300,1491,22791,270
2021-12-27,Yuba,115,75493,10916,10759,425,11184,98
2021-12-26,Alameda,001,1643700,132980,127221,3525,130746,1525
2021-12-26,Alpine,003,1148,113,113,0,113,0
2021-12-26,Amador,005,37829,5954,5861,80,5941,70
2021-12-26,Butte,007,227075,22628,22087,4079,26166,330
2021-12-26,Calaveras,009,45235,4679,4591,67,4658,91
2021-12-26,Colusa,011,21464,2676,2647,717,3364,21
2021-12-26,Contra Costa,013,1133247,108559,105022,2775,107797,1071
2021-12-26,Del Norte,015,27424,3851,3795,58,3853,43
2021-12-26,El Dorado,017,186661,17701,17188,1887,19075,172
2021-12-26,Fresno,019,978130,150344,148027,13004,161031,2358
2021-12-26,Glenn,021,27897,3672,3611,1026,4637,39
2021-12-26,Humboldt,023,135768,10460,10052,788,10840,119
2021-12-26,Imperial,025,180216,37605,36878,4392,41270,800
2021-12-26,Inyo,027,18085,2736,2636,43,2679,47
2021-12-26,Kern,029,883053,136651,134591,25390,159981,1908
2021-12-26,Kings,031,150075,34557,34009,2114,36123,379
2021-12-26,Lake,033,64148,7091,7019,172,7191,116
2021-12-26,Lassen,035,31185,7109,7072,443,7515,55
2021-12-26,Los Angeles,037,10098052,1584831,1515469,65585,1581054,27257
2021-12-26,Madera,039,155013,25076,24741,2405,27146,320
2021-12-26,Marin,041,260295,20412,19085,791,19876,249
2021-12-26,Mariposa,043,17540,1523,1480,62,1542,6
2021-12-26,Mendocino,045,87422,8443,8314,687,9001,98
2021-12-26,Merced,047,269075,44717,44208,2116,46324,690
2021-12-26,Modoc,049,8938,603,597,209,806,6
2021-12-26,Mono,051,14174,2057,2000,23,2023,4
2021-12-26,Monterey,053,433212,51728,49709,3653,53362,638
2021-12-26,Napa,055,140530,14431,13809,198,14007,107
2021-12-26,Nevada,057,99092,10402,10153,374,10527,110
2021-12-26,Orange,059,3164182,335785,322991,19564,342555,5863
2021-12-26,Placer,061,380077,40990,39852,4217,44069,489
2021-12-26,Plumas,063,18699,2008,1987,53,2040,12
2021-12-26,Riverside,065,2383286,397222,384567,17752,402319,5470
2021-12-26,Sacramento,067,1510023,173223,169144,5717,174861,2418
2021-12-26,San Benito,069,59416,8224,7991,197,8188,79
2021-12-26,San Bernardino,071,2135413,387017,376052,12715,388767,6043
2021-12-26,San Diego,073,3302833,425052,406616,24884,431500,4442
2021-12-26,San Francisco,075,870044,64523,58229,2965,61194,682
2021-12-26,San Joaquin,077,732212,106630,104590,5917,110507,1872
2021-12-26,San Luis Obispo,079,281455,32102,31290,1467,32757,365
2021-12-26,San Mateo,081,765935,62224,56973,1262,58235,581
2021-12-26,Santa Barbara,083,443738,49563,47553,1814,49367,567
2021-12-26,Santa Clara,085,1922200,164505,156872,2157,159029,1967
2021-12-26,Santa Cruz,087,273765,23021,22176,1123,23299,228
2021-12-26,Shasta,089,179085,23257,22959,3830,26789,432
2021-12-26,Sierra,091,2930,213,202,21,223,0
2021-12-26,Siskiyou,093,43540,3522,3460,1410,4870,60
2021-12-26,Solano,095,438530,49060,47646,1448,49094,377
2021-12-26,Sonoma,097,501317,46041,44358,673,45031,408
2021-12-26,Stanislaus,099,539301,84722,83368,9597,92965,1331
2021-12-26,Sutter,101,95872,14752,14533,428,14961,191
2021-12-26,Tehama,103,63373,8991,8861,1588,10449,136
2021-12-26,Trinity,105,12862,917,826,228,1054,17
2021-12-26,Tulare,107,460477,72672,71292,17212,88504,1137
2021-12-26,Tuolumne,109,53932,8074,7919,115,8034,91
2021-12-26,Ventura,111,848112,108058,103498,5215,108713,1206
2021-12-26,Yolo,113,214977,21698,21084,1451,22535,270
2021-12-26,Yuba,115,75493,10867,10694,423,11117,98
2021-12-25,Alameda,001,1643700,131946,127221,3462,130683,1525
2021-12-25,Alpine,003,1148,113,113,0,113,0
2021-12-25,Amador,005,37829,5935,5861,80,5941,70
2021-12-25,Butte,007,227075,22537,22087,4063,26150,330
2021-12-25,Calaveras,009,45235,4651,4591,67,4658,91
2021-12-25,Colusa,011,21464,2672,2647,711,3358,21
2021-12-25,Contra Costa,013,1133247,107765,105022,2722,107744,1071
2021-12-25,Del Norte,015,27424,3844,3795,57,3852,43
2021-12-25,El Dorado,017,186661,17647,17188,1876,19064,172
2021-12-25,Fresno,019,978130,150050,148027,12968,160995,2358
2021-12-25,Glenn,021,27897,3663,3611,1024,4635,39
2021-12-25,Humboldt,023,135768,10384,10052,780,10832,119
2021-12-25,Imperial,025,180216,37496,36878,4367,41245,800
2021-12-25,Inyo,027,18085,2716,2636,43,2679,47
2021-12-25,Kern,029,883053,136304,134591,25267,159858,1908
2021-12-25,Kings,031,150075,34474,34009,2106,36115,379
2021-12-25,Lake,033,64148,7079,7019,170,7189,116
2021-12-25,Lassen,035,31185,7107,7072,443,7515,55
2021-12-25,Los Angeles,037,10098052,1572694,1515469,64266,1579735,27257
2021-12-25,Madera,039,155013,25028,24741,2399,27140,320
2021-12-25,Marin,041,260295,20074,19085,742,19827,249
2021-12-25,Mariposa,043,17540,1517,1480,62,1542,6
2021-12-25,Mendocino,045,87422,8405,8314,687,9001,98
2021-12-25,Merced,047,269075,44618,44208,2114,46322,690
2021-12-25,Modoc,049,8938,603,597,209,806,6
2021-12-25,Mono,051,14174,2051,2000,23,2023,4
2021-12-25,Monterey,053,433212,51565,49709,3619,53328,638
2021-12-25,Napa,055,140530,14320,13809,190,13999,107
2021-12-25,Nevada,057,99092,10374,10153,374,10527,110
2021-12-25,Orange,059,3164182,332987,322991,18980,341971,5863
2021-12-25,Placer,061,380077,40802,39852,4182,44034,489
2021-12-25,Plumas,063,18699,2006,1987,53,2040,12
2021-12-25,Riverside,065,2383286,394993,384567,17632,402199,5470
2021-12-25,Sacramento,067,1510023,172408,169144,5613,174757,2418
2021-12-25,San Benito,069,59416,8160,7991,197,8188,79
2021-12-25,San Bernardino,071,2135413,384916,376052,12587,388639,6043
2021-12-25,San Diego,073,3302833,421049,406616,24622,431238,4442
2021-12-25,San Francisco,075,870044,63488,58229,2928,61157,682
2021-12-25,San Joaquin,077,732212,106300,104590,5886,110476,1872
2021-12-25,San Luis Obispo,079,281455,31964,31290,1459,32749,365
2021-12-25,San Mateo,081,765935,61225,56973,1218,58191,581
2021-12-25,Santa Barbara,083,443738,49208,47553,1801,49354,567
2021-12-25,Santa Clara,085,1922200,163018,156872,2089,158961,1967
2021-12-25,Santa Cruz,087,273765,22863,22176,1118,23294,228
2021-12-25,Shasta,089,179085,23226,22959,3824,26783,432
2021-12-25,Sierra,091,2930,213,202,21,223,0
2021-12-25,Siskiyou,093,43540,3519,3460,1404,4864,60
2021-12-25,Solano,095,438530,48939,47646,1430,49076,377
2021-12-25,Sonoma,097,501317,45659,44358,647,45005,408
2021-12-25,Stanislaus,099,539301,84508,83368,9577,92945,1331
2021-12-25,Sutter,101,95872,14711,14533,426,14959,191
2021-12-25,Tehama,103,63373,8971,8861,1584,10445,136
2021-12-25,Trinity,105,12862,916,826,228,1054,17
2021-12-25,Tulare,107,460477,72547,71292,17135,88427,1137
2021-12-25,Tuolumne,109,53932,8044,7919,115,8034,91
2021-12-25,Ventura,111,848112,106894,103498,5105,108603,1206
2021-12-25,Yolo,113,214977,21587,21084,1430,22514,270
2021-12-25,Yuba,115,75493,10841,10694,422,11116,98
2021-12-24,Alameda,001,1643700,131360,127221,3444,130665,1525
2021-12-24,Alpine,003,1148,113,113,0,113,0
2021-12-24,Amador,005,37829,5927,5861,79,5940,70
2021-12-24,Butte,007,227075,22483,22087,4050,26137,330
2021-12-24,Calaveras,009,45235,4645,4591,67,4658,91
2021-12-24,Colusa,011,21464,2670,2647,710,3357,21
2021-12-24,Contra Costa,013,1133247,107473,105022,2691,107713,1071
2021-12-24,Del Norte,015,27424,3837,3795,57,3852,43
2021-12-24,El Dorado,017,186661,17598,17188,1871,19059,172
2021-12-24,Fresno,019,978130,149891,148027,12958,160985,2358
2021-12-24,Glenn,021,27897,3662,3611,1024,4635,39
2021-12-24,Humboldt,023,135768,10328,10052,774,10826,119
2021-12-24,Imperial,025,180216,37415,36878,4361,41239,800
2021-12-24,Inyo,027,18085,2696,2636,43,2679,47
2021-12-24,Kern,029,883053,136179,134591,25225,159816,1908
2021-12-24,Kings,031,150075,34421,34009,2105,36114,379
2021-12-24,Lake,033,64148,7075,7019,170,7189,116
2021-12-24,Lassen,035,31185,7104,7072,443,7515,55
2021-12-24,Los Angeles,037,10098052,1568350,1515469,63767,1579236,27257
2021-12-24,Madera,039,155013,24995,24741,2394,27135,320
2021-12-24,Marin,041,260295,19930,19085,712,19797,249
2021-12-24,Mariposa,043,17540,1515,1480,62,1542,6
2021-12-24,Mendocino,045,87422,8390,8314,687,9001,98
2021-12-24,Merced,047,269075,44574,44208,2112,46320,690
2021-12-24,Modoc,049,8938,603,597,209,806,6
2021-12-24,Mono,051,14174,2046,2000,23,2023,4
2021-12-24,Monterey,053,433212,51469,49709,3594,53303,638
2021-12-24,Napa,055,140530,14255,13809,186,13995,107
2021-12-24,Nevada,057,99092,10347,10153,372,10525,110
2021-12-24,Orange,059,3164182,331994,322991,18824,341815,5863
2021-12-24,Placer,061,380077,40685,39852,4166,44018,489
2021-12-24,Plumas,063,18699,2005,1987,53,2040,12
2021-12-24,Riverside,065,2383286,394018,384567,17543,402110,5470
2021-12-24,Sacramento,067,1510023,172110,169144,5575,174719,2418
2021-12-24,San Benito,069,59416,8152,7991,196,8187,79
2021-12-24,San Bernardino,071,2135413,383852,376052,12521,388573,6043
2021-12-24,San Diego,073,3302833,419962,406616,24497,431113,4442
2021-12-24,San Francisco,075,870044,62980,58229,2910,61139,682
2021-12-24,San Joaquin,077,732212,106117,104590,5879,110469,1872
2021-12-24,San Luis Obispo,079,281455,31906,31290,1450,32740,365
2021-12-24,San Mateo,081,765935,60799,56973,1195,58168,581
2021-12-24,Santa Barbara,083,443738,49005,47553,1795,49348,567
2021-12-24,Santa Clara,085,1922200,162200,156872,2055,158927,1967
2021-12-24,Santa Cruz,087,273765,22781,22176,1115,23291,228
2021-12-24,Shasta,089,179085,23195,22959,3820,26779,432
2021-12-24,Sierra,091,2930,212,202,21,223,0
2021-12-24,Siskiyou,093,43540,3514,3460,1400,4860,60
2021-12-24,Solano,095,438530,48887,47646,1428,49074,377
2021-12-24,Sonoma,097,501317,45499,44358,639,44997,408
2021-12-24,Stanislaus,099,539301,84397,83368,9563,92931,1331
2021-12-24,Sutter,101,95872,14691,14533,423,14956,191
2021-12-24,Tehama,103,63373,8962,8861,1581,10442,136
2021-12-24,Trinity,105,12862,914,826,228,1054,17
2021-12-24,Tulare,107,460477,72482,71292,17091,88383,1137
2021-12-24,Tuolumne,109,53932,8020,7919,115,8034,91
2021-12-24,Ventura,111,848112,106449,103498,5049,108547,1206
2021-12-24,Yolo,113,214977,21515,21084,1412,22496,270
2021-12-24,Yuba,115,75493,10818,10694,421,11115,98
2021-12-23,Alameda,001,1643700,130687,127221,3408,130629,1525
2021-12-23,Alpine,003,1148,113,113,0,113,0
2021-12-23,Amador,005,37829,5915,5861,77,5938,70
2021-12-23,Butte,007,227075,22433,22087,4039,26126,330
2021-12-23,Calaveras,009,45235,4634,4591,67,4658,91
2021-12-23,Colusa,011,21464,2664,2647,706,3353,21
2021-12-23,Contra Costa,013,1133247,107079,105022,2649,107671,1071
2021-12-23,Del Norte,015,27424,3834,3795,57,3852,43
2021-12-23,El Dorado,017,186661,17540,17188,1865,19053,172
2021-12-23,Fresno,019,978130,149700,148027,12943,160970,2358
2021-12-23,Glenn,021,27897,3659,3611,1024,4635,39
2021-12-23,Humboldt,023,135768,10275,10052,771,10823,119
2021-12-23,Imperial,025,180216,37348,36878,4331,41209,800
2021-12-23,Inyo,027,18085,2684,2636,43,2679,47
2021-12-23,Kern,029,883053,136030,134591,25130,159721,1908
2021-12-23,Kings,031,150075,34382,34009,2104,36113,379
2021-12-23,Lake,033,64148,7065,7019,168,7187,116
2021-12-23,Lassen,035,31185,7103,7072,443,7515,55
2021-12-23,Los Angeles,037,10098052,1559216,1515469,62646,1578115,27257
2021-12-23,Madera,039,155013,24964,24741,2391,27132,320
2021-12-23,Marin,041,260295,19796,19085,695,19780,249
2021-12-23,Mariposa,043,17540,1510,1480,62,1542,6
2021-12-23,Mendocino,045,87422,8381,8314,687,9001,98
2021-12-23,Merced,047,269075,44528,44208,2110,46318,690
2021-12-23,Modoc,049,8938,603,597,209,806,6
2021-12-23,Mono,051,14174,2038,2000,22,2022,4
2021-12-23,Monterey,053,433212,51354,49709,3571,53280,638
2021-12-23,Napa,055,140530,14174,13809,180,13989,107
2021-12-23,Nevada,057,99092,10324,10153,371,10524,110
2021-12-23,Orange,059,3164182,330357,322991,18489,341480,5863
2021-12-23,Placer,061,380077,40561,39852,4150,44002,489
2021-12-23,Plumas,063,18699,2005,1987,53,2040,12
2021-12-23,Riverside,065,2383286,392832,384567,17483,402050,5470
2021-12-23,Sacramento,067,1510023,171679,169144,5530,174674,2418
2021-12-23,San Benito,069,59416,8133,7991,194,8185,79
2021-12-23,San Bernardino,071,2135413,382744,376052,12420,388472,6043
2021-12-23,San Diego,073,3302833,418141,406616,24304,430920,4442
2021-12-23,San Francisco,075,870044,62251,58229,2881,61110,682
2021-12-23,San Joaquin,077,732212,105900,104590,5866,110456,1872
2021-12-23,San Luis Obispo,079,281455,31838,31290,1446,32736,365
2021-12-23,San Mateo,081,765935,60263,56973,1175,58148,581
2021-12-23,Santa Barbara,083,443738,48807,47553,1793,49346,567
2021-12-23,Santa Clara,085,1922200,161288,156872,1995,158867,1967
2021-12-23,Santa Cruz,087,273765,22665,22176,1105,23281,228
2021-12-23,Shasta,089,179085,23169,22959,3817,26776,432
2021-12-23,Sierra,091,2930,209,202,21,223,0
2021-12-23,Siskiyou,093,43540,3514,3460,1398,4858,60
2021-12-23,Solano,095,438530,48785,47646,1413,49059,377
2021-12-23,Sonoma,097,501317,45323,44358,636,44994,408
2021-12-23,Stanislaus,099,539301,84270,83368,9549,92917,1331
2021-12-23,Sutter,101,95872,14673,14533,422,14955,191
2021-12-23,Tehama,103,63373,8950,8861,1577,10438,136
2021-12-23,Trinity,105,12862,914,826,228,1054,17
2021-12-23,Tulare,107,460477,72408,71292,17046,88338,1137
2021-12-23,Tuolumne,109,53932,8002,7919,114,8033,91
2021-12-23,Ventura,111,848112,105917,103498,4982,108480,1206
2021-12-23,Yolo,113,214977,21447,21084,1394,22478,270
2021-12-23,Yuba,115,75493,10805,10694,421,11115,98
2021-12-22,Alameda,001,1643700,129815,126533,3325,129858,1522
2021-12-22,Alpine,003,1148,113,112,0,112,0
2021-12-22,Amador,005,37829,5902,5850,76,5926,70
2021-12-22,Butte,007,227075,22385,22070,4028,26098,330
2021-12-22,Calaveras,009,45235,4625,4580,67,4647,91
2021-12-22,Colusa,011,21464,2664,2645,703,3348,21
2021-12-22,Contra Costa,013,1133247,106489,104559,2604,107163,1070
2021-12-22,Del Norte,015,27424,3834,3794,57,3851,43
2021-12-22,El Dorado,017,186661,17479,17140,1856,18996,172
2021-12-22,Fresno,019,978130,149449,147838,12916,160754,2349
2021-12-22,Glenn,021,27897,3654,3604,1024,4628,39
2021-12-22,Humboldt,023,135768,10215,10022,766,10788,119
2021-12-22,Imperial,025,180216,37268,36755,4293,41048,798
2021-12-22,Inyo,027,18085,2666,2632,43,2675,47
2021-12-22,Kern,029,883053,135794,134433,25046,159479,1900
2021-12-22,Kings,031,150075,34335,33953,2097,36050,376
2021-12-22,Lake,033,64148,7059,7008,166,7174,116
2021-12-22,Lassen,035,31185,7098,7069,442,7511,55
2021-12-22,Los Angeles,037,10098052,1545922,1507110,61458,1568568,27234
2021-12-22,Madera,039,155013,24925,24702,2387,27089,320
2021-12-22,Marin,041,260295,19576,18927,671,19598,249
2021-12-22,Mariposa,043,17540,1503,1480,62,1542,6
2021-12-22,Mendocino,045,87422,8372,8299,687,8986,99
2021-12-22,Merced,047,269075,44457,44137,2108,46245,689
2021-12-22,Modoc,049,8938,603,595,209,804,6
2021-12-22,Mono,051,14174,2034,1979,21,2000,4
2021-12-22,Monterey,053,433212,51204,49650,3554,53204,639
2021-12-22,Napa,055,140530,14047,13746,170,13916,107
2021-12-22,Nevada,057,99092,10297,10101,366,10467,110
2021-12-22,Orange,059,3164182,328120,321765,18056,339821,5858
2021-12-22,Placer,061,380077,40381,39758,4113,43871,489
2021-12-22,Plumas,063,18699,2002,1986,53,2039,12
2021-12-22,Riverside,065,2383286,391047,383319,17375,400694,5472
2021-12-22,Sacramento,067,1510023,171043,168695,5472,174167,2422
2021-12-22,San Benito,069,59416,8080,7971,192,8163,79
2021-12-22,San Bernardino,071,2135413,381133,375044,12338,387382,6039
2021-12-22,San Diego,073,3302833,414032,404269,23988,428257,4434
2021-12-22,San Francisco,075,870044,61256,57520,2835,60355,682
2021-12-22,San Joaquin,077,732212,105631,104385,5852,110237,1870
2021-12-22,San Luis Obispo,079,281455,31701,31175,1427,32602,365
2021-12-22,San Mateo,081,765935,59597,56604,1145,57749,581
2021-12-22,Santa Barbara,083,443738,48553,47372,1778,49150,566
2021-12-22,Santa Clara,085,1922200,160167,156258,1955,158213,1954
2021-12-22,Santa Cruz,087,273765,22559,22075,1099,23174,228
2021-12-22,Shasta,089,179085,23141,22937,3812,26749,432
2021-12-22,Sierra,091,2930,209,202,21,223,0
2021-12-22,Siskiyou,093,43540,3511,3458,1395,4853,59
2021-12-22,Solano,095,438530,48551,47531,1398,48929,375
2021-12-22,Sonoma,097,501317,45047,44201,625,44826,408
2021-12-22,Stanislaus,099,539301,84128,83245,9534,92779,1331
2021-12-22,Sutter,101,95872,14638,14513,419,14932,191
2021-12-22,Tehama,103,63373,8937,8853,1574,10427,136
2021-12-22,Trinity,105,12862,914,826,228,1054,17
2021-12-22,Tulare,107,460477,72312,71226,16994,88220,1137
2021-12-22,Tuolumne,109,53932,7982,7903,114,8017,91
2021-12-22,Ventura,111,848112,105312,103089,4875,107964,1206
2021-12-22,Yolo,113,214977,21373,21012,1380,22392,270
2021-12-22,Yuba,115,75493,10788,10681,421,11102,98
2021-12-21,Alameda,001,1643700,128833,126007,3269,129276,1518
2021-12-21,Alpine,003,1148,113,112,0,112,0
2021-12-21,Amador,005,37829,5892,5845,76,5921,70
2021-12-21,Butte,007,227075,22324,22041,4015,26056,330
2021-12-21,Calaveras,009,45235,4612,4575,67,4642,91
2021-12-21,Colusa,011,21464,2662,2643,702,3345,21
2021-12-21,Contra Costa,013,1133247,105885,104255,2542,106797,1068
2021-12-21,Del Norte,015,27424,3833,3793,57,3850,43
2021-12-21,El Dorado,017,186661,17413,17098,1845,18943,172
2021-12-21,Fresno,019,978130,149185,147707,12887,160594,2341
2021-12-21,Glenn,021,27897,3640,3602,1024,4626,39
2021-12-21,Humboldt,023,135768,10150,9989,761,10750,118
2021-12-21,Imperial,025,180216,37176,36580,4250,40830,792
2021-12-21,Inyo,027,18085,2654,2627,43,2670,47
2021-12-21,Kern,029,883053,135584,134321,24940,159261,1892
2021-12-21,Kings,031,150075,34279,33914,2096,36010,376
2021-12-21,Lake,033,64148,7054,7004,164,7168,116
2021-12-21,Lassen,035,31185,7096,7069,442,7511,55
2021-12-21,Los Angeles,037,10098052,1532189,1501169,60426,1561595,27220
2021-12-21,Madera,039,155013,24890,24688,2381,27069,320
2021-12-21,Marin,041,260295,19406,18828,636,19464,249
2021-12-21,Mariposa,043,17540,1502,1480,61,1541,6
2021-12-21,Mendocino,045,87422,8356,8282,685,8967,97
2021-12-21,Merced,047,269075,44385,44096,2105,46201,688
2021-12-21,Modoc,049,8938,601,595,207,802,6
2021-12-21,Mono,051,14174,2008,1979,21,2000,4
2021-12-21,Monterey,053,433212,51114,49586,3536,53122,638
2021-12-21,Napa,055,140530,13946,13703,159,13862,107
2021-12-21,Nevada,057,99092,10268,10095,366,10461,110
2021-12-21,Orange,059,3164182,326018,320705,17597,338302,5855
2021-12-21,Placer,061,380077,40240,39649,4084,43733,487
2021-12-21,Plumas,063,18699,2002,1975,53,2028,12
2021-12-21,Riverside,065,2383286,389351,382415,17259,399674,5465
2021-12-21,Sacramento,067,1510023,170410,168422,5415,173837,2419
2021-12-21,San Benito,069,59416,8039,7950,190,8140,79
2021-12-21,San Bernardino,071,2135413,379566,374219,12236,386455,6026
2021-12-21,San Diego,073,3302833,410293,402386,23672,426058,4424
2021-12-21,San Francisco,075,870044,60307,56950,2801,59751,681
2021-12-21,San Joaquin,077,732212,105341,104238,5833,110071,1870
2021-12-21,San Luis Obispo,079,281455,31540,31103,1415,32518,365
2021-12-21,San Mateo,081,765935,58993,56381,1122,57503,581
2021-12-21,Santa Barbara,083,443738,48329,47194,1763,48957,564
2021-12-21,Santa Clara,085,1922200,159135,155769,1914,157683,1951
2021-12-21,Santa Cruz,087,273765,22444,22028,1088,23116,228
2021-12-21,Shasta,089,179085,23111,22920,3808,26728,429
2021-12-21,Sierra,091,2930,207,201,21,222,0
2021-12-21,Siskiyou,093,43540,3510,3455,1395,4850,59
2021-12-21,Solano,095,438530,48393,47474,1391,48865,372
2021-12-21,Sonoma,097,501317,44824,44051,615,44666,408
2021-12-21,Stanislaus,099,539301,83973,83167,9507,92674,1331
2021-12-21,Sutter,101,95872,14615,14492,418,14910,190
2021-12-21,Tehama,103,63373,8929,8849,1569,10418,136
2021-12-21,Trinity,105,12862,914,826,228,1054,17
2021-12-21,Tulare,107,460477,72223,71166,16952,88118,1137
2021-12-21,Tuolumne,109,53932,7958,7893,114,8007,91
2021-12-21,Ventura,111,848112,104691,102631,4761,107392,1205
2021-12-21,Yolo,113,214977,21264,20944,1376,22320,267
2021-12-21,Yuba,115,75493,10771,10668,421,11089,98
2021-12-20,Alameda,001,1643700,127933,125762,3201,128963,1515
2021-12-20,Alpine,003,1148,113,112,0,112,0
2021-12-20,Amador,005,37829,5878,5838,76,5914,70
2021-12-20,Butte,007,227075,22263,22030,4006,26036,329
2021-12-20,Calaveras,009,45235,4602,4569,67,4636,91
2021-12-20,Colusa,011,21464,2660,2644,702,3346,21
2021-12-20,Contra Costa,013,1133247,105371,104051,2497,106548,1068
2021-12-20,Del Norte,015,27424,3831,3792,57,3849,43
2021-12-20,El Dorado,017,186661,17352,17083,1836,18919,172
2021-12-20,Fresno,019,978130,148950,147605,12861,160466,2341
2021-12-20,Glenn,021,27897,3633,3597,1024,4621,39
2021-12-20,Humboldt,023,135768,10106,9973,758,10731,118
2021-12-20,Imperial,025,180216,37065,36532,4218,40750,792
2021-12-20,Inyo,027,18085,2651,2615,43,2658,47
2021-12-20,Kern,029,883053,135388,134203,24880,159083,1883
2021-12-20,Kings,031,150075,34235,33898,2095,35993,376
2021-12-20,Lake,033,64148,7049,6999,164,7163,116
2021-12-20,Lassen,035,31185,7094,7065,441,7506,55
2021-12-20,Los Angeles,037,10098052,1520824,1495251,59705,1554956,27188
2021-12-20,Madera,039,155013,24861,24668,2377,27045,313
2021-12-20,Marin,041,260295,19192,18747,618,19365,249
2021-12-20,Mariposa,043,17540,1493,1479,61,1540,6
2021-12-20,Mendocino,045,87422,8344,8264,683,8947,96
2021-12-20,Merced,047,269075,44328,44071,2100,46171,687
2021-12-20,Modoc,049,8938,601,595,204,799,6
2021-12-20,Mono,051,14174,1991,1973,21,1994,4
2021-12-20,Monterey,053,433212,51019,49556,3518,53074,636
2021-12-20,Napa,055,140530,13863,13672,149,13821,107
2021-12-20,Nevada,057,99092,10228,10079,365,10444,109
2021-12-20,Orange,059,3164182,324433,320235,17273,337508,5852
2021-12-20,Placer,061,380077,40112,39579,4054,43633,485
2021-12-20,Plumas,063,18699,2000,1971,52,2023,12
2021-12-20,Riverside,065,2383286,387918,381841,17169,399010,5452
2021-12-20,Sacramento,067,1510023,169845,168153,5373,173526,2414
2021-12-20,San Benito,069,59416,7994,7934,188,8122,79
2021-12-20,San Bernardino,071,2135413,378125,373881,12154,386035,6023
2021-12-20,San Diego,073,3302833,407060,401483,23435,424918,4412
2021-12-20,San Francisco,075,870044,59243,56661,2740,59401,681
2021-12-20,San Joaquin,077,732212,105099,104188,5824,110012,1865
2021-12-20,San Luis Obispo,079,281455,31430,31075,1407,32482,365
2021-12-20,San Mateo,081,765935,58456,56247,1101,57348,581
2021-12-20,Santa Barbara,083,443738,48123,47131,1758,48889,562
2021-12-20,Santa Clara,085,1922200,158171,155427,1865,157292,1950
2021-12-20,Santa Cruz,087,273765,22363,21989,1083,23072,227
2021-12-20,Shasta,089,179085,23090,22888,3803,26691,429
2021-12-20,Sierra,091,2930,206,201,21,222,0
2021-12-20,Siskiyou,093,43540,3509,3453,1393,4846,59
2021-12-20,Solano,095,438530,48263,47394,1383,48777,370
2021-12-20,Sonoma,097,501317,44636,43982,607,44589,408
2021-12-20,Stanislaus,099,539301,83848,83110,9480,92590,1331
2021-12-20,Sutter,101,95872,14593,14480,418,14898,190
2021-12-20,Tehama,103,63373,8921,8840,1567,10407,136
2021-12-20,Trinity,105,12862,914,826,228,1054,17
2021-12-20,Tulare,107,460477,72138,71124,16885,88009,1129
2021-12-20,Tuolumne,109,53932,7945,7867,110,7977,91
2021-12-20,Ventura,111,848112,104178,102452,4683,107135,1203
2021-12-20,Yolo,113,214977,21178,20903,1364,22267,267
2021-12-20,Yuba,115,75493,10755,10656,418,11074,97
2021-12-19,Alameda,001,1643700,127100,125464,3154,128618,1519
2021-12-19,Alpine,003,1148,113,112,0,112,0
2021-12-19,Amador,005,37829,5866,5832,75,5907,70
2021-12-19,Butte,007,227075,22211,22022,4000,26022,329
2021-12-19,Calaveras,009,45235,4586,4563,66,4629,91
2021-12-19,Colusa,011,21464,2660,2643,699,3342,21
2021-12-19,Contra Costa,013,1133247,104888,103906,2462,106368,1068
2021-12-19,Del Norte,015,27424,3827,3797,57,3854,43
2021-12-19,El Dorado,017,186661,17296,17067,1834,18901,172
2021-12-19,Fresno,019,978130,148717,147505,12839,160344,2341
2021-12-19,Glenn,021,27897,3629,3596,1024,4620,39
2021-12-19,Humboldt,023,135768,10067,9957,753,10710,118
2021-12-19,Imperial,025,180216,36942,36501,4172,40673,792
2021-12-19,Inyo,027,18085,2642,2613,43,2656,47
2021-12-19,Kern,029,883053,135192,134136,24809,158945,1883
2021-12-19,Kings,031,150075,34176,33874,2091,35965,378
2021-12-19,Lake,033,64148,7040,6999,161,7160,116
2021-12-19,Lassen,035,31185,7090,7065,441,7506,55
2021-12-19,Los Angeles,037,10098052,1512053,1495082,59099,1554181,27189
2021-12-19,Madera,039,155013,24836,24642,2371,27013,313
2021-12-19,Marin,041,260295,19016,18707,596,19303,249
2021-12-19,Mariposa,043,17540,1487,1475,61,1536,6
2021-12-19,Mendocino,045,87422,8327,8257,680,8937,96
2021-12-19,Merced,047,269075,44233,44045,2092,46137,687
2021-12-19,Modoc,049,8938,600,595,204,799,6
2021-12-19,Mono,051,14174,1983,1968,21,1989,4
2021-12-19,Monterey,053,433212,50919,49516,3496,53012,636
2021-12-19,Napa,055,140530,13790,13659,140,13799,107
2021-12-19,Nevada,057,99092,10193,10057,362,10419,109
2021-12-19,Orange,059,3164182,323065,319615,17040,336655,5852
2021-12-19,Placer,061,380077,39991,39525,4038,43563,485
2021-12-19,Plumas,063,18699,1997,1971,52,2023,12
2021-12-19,Riverside,065,2383286,386495,381305,17093,398398,5452
2021-12-19,Sacramento,067,1510023,169360,167933,5345,173278,2415
2021-12-19,San Benito,069,59416,7968,7929,187,8116,79
2021-12-19,San Bernardino,071,2135413,376854,373480,12115,385595,6023
2021-12-19,San Diego,073,3302833,404557,398197,23240,421437,4406
2021-12-19,San Francisco,075,870044,58370,56358,2683,59041,681
2021-12-19,San Joaquin,077,732212,104842,104125,5810,109935,1865
2021-12-19,San Luis Obispo,079,281455,31307,31035,1395,32430,366
2021-12-19,San Mateo,081,765935,58002,56132,1085,57217,581
2021-12-19,Santa Barbara,083,443738,47903,47070,1751,48821,562
2021-12-19,Santa Clara,085,1922200,157277,155049,1837,156886,1950
2021-12-19,Santa Cruz,087,273765,22263,21960,1078,23038,227
2021-12-19,Shasta,089,179085,23054,22875,3799,26674,429
2021-12-19,Sierra,091,2930,205,201,21,222,0
2021-12-19,Siskiyou,093,43540,3506,3452,1393,4845,59
2021-12-19,Solano,095,438530,48145,47341,1377,48718,370
2021-12-19,Sonoma,097,501317,44455,43944,605,44549,408
2021-12-19,Stanislaus,099,539301,83710,83040,9449,92489,1331
2021-12-19,Sutter,101,95872,14554,14475,417,14892,190
2021-12-19,Tehama,103,63373,8914,8840,1567,10407,136
2021-12-19,Trinity,105,12862,914,826,228,1054,17
2021-12-19,Tulare,107,460477,72044,71085,16844,87929,1129
2021-12-19,Tuolumne,109,53932,7929,7865,109,7974,91
2021-12-19,Ventura,111,848112,103600,102170,4619,106789,1203
2021-12-19,Yolo,113,214977,21104,20887,1345,22232,267
2021-12-19,Yuba,115,75493,10738,10646,416,11062,97
2021-12-18,Alameda,001,1643700,126711,124583,3129,127712,1512
2021-12-18,Alpine,003,1148,113,110,0,110,0
2021-12-18,Amador,005,37829,5860,5821,75,5896,69
2021-12-18,Butte,007,227075,22194,21956,3995,25951,328
2021-12-18,Calaveras,009,45235,4579,4534,66,4600,91
2021-12-18,Colusa,011,21464,2658,2635,697,3332,21
2021-12-18,Contra Costa,013,1133247,104680,103380,2448,105828,1065
2021-12-18,Del Norte,015,27424,3824,3791,57,3848,43
2021-12-18,El Dorado,017,186661,17268,16968,1831,18799,171
2021-12-18,Fresno,019,978130,148615,147038,12828,159866,2335
2021-12-18,Glenn,021,27897,3627,3590,1024,4614,39
2021-12-18,Humboldt,023,135768,10051,9889,753,10642,118
2021-12-18,Imperial,025,180216,36875,36280,4160,40440,790
2021-12-18,Inyo,027,18085,2636,2607,43,2650,47
2021-12-18,Kern,029,883053,135102,133754,24762,158516,1873
2021-12-18,Kings,031,150075,34147,33783,2087,35870,374
2021-12-18,Lake,033,64148,7039,6976,161,7137,115
2021-12-18,Lassen,035,31185,7088,7061,440,7501,55
2021-12-18,Los Angeles,037,10098052,1508104,1484840,58793,1543633,27135
2021-12-18,Madera,039,155013,24822,24575,2369,26944,313
2021-12-18,Marin,041,260295,18918,18537,584,19121,249
2021-12-18,Mariposa,043,17540,1486,1468,61,1529,6
2021-12-18,Mendocino,045,87422,8321,8219,680,8899,95
2021-12-18,Merced,047,269075,44200,43929,2091,46020,686
2021-12-18,Modoc,049,8938,598,595,204,799,6
2021-12-18,Mono,051,14174,1983,1956,21,1977,4
2021-12-18,Monterey,053,433212,50862,49343,3491,52834,635
2021-12-18,Napa,055,140530,13764,13581,138,13719,107
2021-12-18,Nevada,057,99092,10171,9991,360,10351,108
2021-12-18,Orange,059,3164182,322407,318149,16900,335049,5844
2021-12-18,Placer,061,380077,39890,39336,4024,43360,485
2021-12-18,Plumas,063,18699,1997,1964,52,2016,13
2021-12-18,Riverside,065,2383286,385807,379354,17055,396409,5439
2021-12-18,Sacramento,067,1510023,169122,167046,5324,172370,2404
2021-12-18,San Benito,069,59416,7953,7894,187,8081,79
2021-12-18,San Bernardino,071,2135413,376211,371658,12088,383746,6017
2021-12-18,San Diego,073,3302833,403607,397130,23189,420319,4399
2021-12-18,San Francisco,075,870044,57871,55562,2652,58214,679
2021-12-18,San Joaquin,077,732212,104754,103698,5802,109500,1858
2021-12-18,San Luis Obispo,079,281455,31264,30873,1389,32262,365
2021-12-18,San Mateo,081,765935,57769,55730,1080,56810,580
2021-12-18,Santa Barbara,083,443738,47807,46776,1749,48525,562
2021-12-18,Santa Clara,085,1922200,156826,154243,1825,156068,1946
2021-12-18,Santa Cruz,087,273765,22211,21805,1076,22881,225
2021-12-18,Shasta,089,179085,23033,22811,3799,26610,429
2021-12-18,Sierra,091,2930,205,199,21,220,0
2021-12-18,Siskiyou,093,43540,3504,3441,1392,4833,58
2021-12-18,Solano,095,438530,48099,47174,1375,48549,369
2021-12-18,Sonoma,097,501317,44344,43658,601,44259,407
2021-12-18,Stanislaus,099,539301,83628,82736,9438,92174,1330
2021-12-18,Sutter,101,95872,14536,14435,417,14852,190
2021-12-18,Tehama,103,63373,8908,8814,1566,10380,136
2021-12-18,Trinity,105,12862,914,823,228,1051,17
2021-12-18,Tulare,107,460477,72007,70922,16819,87741,1120
2021-12-18,Tuolumne,109,53932,7916,7834,109,7943,91
2021-12-18,Ventura,111,848112,103316,101612,4596,106208,1201
2021-12-18,Yolo,113,214977,21065,20793,1339,22132,267
2021-12-18,Yuba,115,75493,10727,10599,416,11015,96
2021-12-17,Alameda,001,1643700,126399,124583,3109,127692,1512
2021-12-17,Alpine,003,1148,113,110,0,110,0
2021-12-17,Amador,005,37829,5853,5821,75,5896,69
2021-12-17,Butte,007,227075,22174,21956,3989,25945,328
2021-12-17,Calaveras,009,45235,4575,4534,66,4600,91
2021-12-17,Colusa,011,21464,2657,2635,696,3331,21
2021-12-17,Contra Costa,013,1133247,104478,103380,2444,105824,1065
2021-12-17,Del Norte,015,27424,3823,3791,57,3848,43
2021-12-17,El Dorado,017,186661,17239,16968,1828,18796,171
2021-12-17,Fresno,019,978130,148511,147038,12828,159866,2335
2021-12-17,Glenn,021,27897,3621,3590,1024,4614,39
2021-12-17,Humboldt,023,135768,10032,9889,751,10640,118
2021-12-17,Imperial,025,180216,36817,36280,4142,40422,790
2021-12-17,Inyo,027,18085,2631,2607,43,2650,47
2021-12-17,Kern,029,883053,135012,133754,24725,158479,1873
2021-12-17,Kings,031,150075,34129,33783,2087,35870,374
2021-12-17,Lake,033,64148,7035,6976,161,7137,115
2021-12-17,Lassen,035,31185,7088,7061,439,7500,55
2021-12-17,Los Angeles,037,10098052,1504212,1484840,58550,1543390,27135
2021-12-17,Madera,039,155013,24806,24575,2364,26939,313
2021-12-17,Marin,041,260295,18842,18537,580,19117,249
2021-12-17,Mariposa,043,17540,1482,1468,61,1529,6
2021-12-17,Mendocino,045,87422,8310,8219,680,8899,95
2021-12-17,Merced,047,269075,44172,43929,2090,46019,686
2021-12-17,Modoc,049,8938,598,595,204,799,6
2021-12-17,Mono,051,14174,1980,1956,21,1977,4
2021-12-17,Monterey,053,433212,50805,49343,3486,52829,635
2021-12-17,Napa,055,140530,13737,13581,137,13718,107
2021-12-17,Nevada,057,99092,10160,9991,360,10351,108
2021-12-17,Orange,059,3164182,321855,318149,16831,334980,5844
2021-12-17,Placer,061,380077,39837,39336,4018,43354,485
2021-12-17,Plumas,063,18699,1996,1964,52,2016,13
2021-12-17,Riverside,065,2383286,385167,379354,17045,396399,5439
2021-12-17,Sacramento,067,1510023,168897,167046,5311,172357,2404
2021-12-17,San Benito,069,59416,7951,7894,187,8081,79
2021-12-17,San Bernardino,071,2135413,375679,371658,12071,383729,6017
2021-12-17,San Diego,073,3302833,402676,397130,23141,420271,4399
2021-12-17,San Francisco,075,870044,57546,55562,2621,58183,679
2021-12-17,San Joaquin,077,732212,104680,103698,5792,109490,1858
2021-12-17,San Luis Obispo,079,281455,31236,30873,1385,32258,365
2021-12-17,San Mateo,081,765935,57587,55730,1073,56803,580
2021-12-17,Santa Barbara,083,443738,47730,46776,1743,48519,562
2021-12-17,Santa Clara,085,1922200,156455,154243,1808,156051,1946
2021-12-17,Santa Cruz,087,273765,22164,21805,1073,22878,225
2021-12-17,Shasta,089,179085,23020,22811,3797,26608,429
2021-12-17,Sierra,091,2930,204,199,21,220,0
2021-12-17,Siskiyou,093,43540,3500,3441,1390,4831,58
2021-12-17,Solano,095,438530,48031,47174,1371,48545,369
2021-12-17,Sonoma,097,501317,44249,43658,598,44256,407
2021-12-17,Stanislaus,099,539301,83577,82736,9432,92168,1330
2021-12-17,Sutter,101,95872,14525,14435,415,14850,190
2021-12-17,Tehama,103,63373,8901,8814,1565,10379,136
2021-12-17,Trinity,105,12862,914,823,228,1051,17
2021-12-17,Tulare,107,460477,71965,70922,16788,87710,1120
2021-12-17,Tuolumne,109,53932,7904,7834,109,7943,91
2021-12-17,Ventura,111,848112,103067,101612,4585,106197,1201
2021-12-17,Yolo,113,214977,21033,20793,1334,22127,267
2021-12-17,Yuba,115,75493,10716,10599,413,11012,96
2021-12-16,Alameda,001,1643700,126037,124583,3096,127679,1512
2021-12-16,Alpine,003,1148,111,110,0,110,0
2021-12-16,Amador,005,37829,5845,5821,75,5896,69
2021-12-16,Butte,007,227075,22155,21956,3986,25942,328
2021-12-16,Calaveras,009,45235,4567,4534,66,4600,91
2021-12-16,Colusa,011,21464,2657,2635,696,3331,21
2021-12-16,Contra Costa,013,1133247,104257,103380,2432,105812,1065
2021-12-16,Del Norte,015,27424,3820,3791,57,3848,43
2021-12-16,El Dorado,017,186661,17203,16968,1823,18791,171
2021-12-16,Fresno,019,978130,148354,147038,12821,159859,2335
2021-12-16,Glenn,021,27897,3620,3590,1024,4614,39
2021-12-16,Humboldt,023,135768,10007,9889,742,10631,118
2021-12-16,Imperial,025,180216,36733,36280,4112,40392,790
2021-12-16,Inyo,027,18085,2627,2607,42,2649,47
2021-12-16,Kern,029,883053,134870,133754,24673,158427,1873
2021-12-16,Kings,031,150075,34106,33783,2086,35869,374
2021-12-16,Lake,033,64148,7031,6976,161,7137,115
2021-12-16,Lassen,035,31185,7085,7061,438,7499,55
2021-12-16,Los Angeles,037,10098052,1500041,1484840,58296,1543136,27135
2021-12-16,Madera,039,155013,24777,24575,2360,26935,313
2021-12-16,Marin,041,260295,18795,18537,572,19109,249
2021-12-16,Mariposa,043,17540,1479,1468,61,1529,6
2021-12-16,Mendocino,045,87422,8299,8219,677,8896,95
2021-12-16,Merced,047,269075,44134,43929,2090,46019,686
2021-12-16,Modoc,049,8938,598,595,204,799,6
2021-12-16,Mono,051,14174,1971,1956,21,1977,4
2021-12-16,Monterey,053,433212,50734,49343,3469,52812,635
2021-12-16,Napa,055,140530,13705,13581,137,13718,107
2021-12-16,Nevada,057,99092,10133,9991,360,10351,108
2021-12-16,Orange,059,3164182,321260,318149,16751,334900,5844
2021-12-16,Placer,061,380077,39760,39336,4013,43349,485
2021-12-16,Plumas,063,18699,1996,1964,52,2016,13
2021-12-16,Riverside,065,2383286,384370,379354,17031,396385,5439
2021-12-16,Sacramento,067,1510023,168617,167046,5286,172332,2404
2021-12-16,San Benito,069,59416,7944,7894,187,8081,79
2021-12-16,San Bernardino,071,2135413,375043,371658,12053,383711,6017
2021-12-16,San Diego,073,3302833,401492,397130,23080,420210,4399
2021-12-16,San Francisco,075,870044,57182,55562,2598,58160,679
2021-12-16,San Joaquin,077,732212,104563,103698,5785,109483,1858
2021-12-16,San Luis Obispo,079,281455,31167,30873,1379,32252,365
2021-12-16,San Mateo,081,765935,57387,55730,1070,56800,580
2021-12-16,Santa Barbara,083,443738,47611,46776,1739,48515,562
2021-12-16,Santa Clara,085,1922200,156128,154243,1798,156041,1946
2021-12-16,Santa Cruz,087,273765,22117,21805,1072,22877,225
2021-12-16,Shasta,089,179085,22990,22811,3795,26606,429
2021-12-16,Sierra,091,2930,204,199,21,220,0
2021-12-16,Siskiyou,093,43540,3499,3441,1386,4827,58
2021-12-16,Solano,095,438530,47963,47174,1364,48538,369
2021-12-16,Sonoma,097,501317,44151,43658,596,44254,407
2021-12-16,Stanislaus,099,539301,83490,82736,9419,92155,1330
2021-12-16,Sutter,101,95872,14512,14435,414,14849,190
2021-12-16,Tehama,103,63373,8894,8814,1564,10378,136
2021-12-16,Trinity,105,12862,914,823,228,1051,17
2021-12-16,Tulare,107,460477,71917,70922,16761,87683,1120
2021-12-16,Tuolumne,109,53932,7885,7834,109,7943,91
2021-12-16,Ventura,111,848112,102798,101612,4578,106190,1201
2021-12-16,Yolo,113,214977,20984,20793,1329,22122,267
2021-12-16,Yuba,115,75493,10701,10599,412,11011,96
2021-12-15,Alameda,001,1643700,125725,124342,3084,127426,1509
2021-12-15,Alpine,003,1148,111,109,0,109,0
2021-12-15,Amador,005,37829,5839,5810,75,5885,69
2021-12-15,Butte,007,227075,22137,21922,3985,25907,327
2021-12-15,Calaveras,009,45235,4561,4523,66,4589,89
2021-12-15,Colusa,011,21464,2656,2632,695,3327,21
2021-12-15,Contra Costa,013,1133247,104040,103236,2429,105665,1064
2021-12-15,Del Norte,015,27424,3819,3789,56,3845,43
2021-12-15,El Dorado,017,186661,17171,16936,1817,18753,171
2021-12-15,Fresno,019,978130,148226,146859,12810,159669,2319
2021-12-15,Glenn,021,27897,3620,3589,1024,4613,39
2021-12-15,Humboldt,023,135768,9987,9854,741,10595,118
2021-12-15,Imperial,025,180216,36658,36187,4068,40255,789
2021-12-15,Inyo,027,18085,2622,2606,42,2648,47
2021-12-15,Kern,029,883053,134731,133590,24626,158216,1866
2021-12-15,Kings,031,150075,34077,33716,2082,35798,374
2021-12-15,Lake,033,64148,7022,6968,160,7128,115
2021-12-15,Lassen,035,31185,7085,7062,438,7500,55
2021-12-15,Los Angeles,037,10098052,1496165,1482735,58102,1540837,27116
2021-12-15,Madera,039,155013,24759,24549,2354,26903,313
2021-12-15,Marin,041,260295,18737,18514,567,19081,249
2021-12-15,Mariposa,043,17540,1476,1463,61,1524,6
2021-12-15,Mendocino,045,87422,8295,8209,674,8883,95
2021-12-15,Merced,047,269075,44093,43890,2078,45968,685
2021-12-15,Modoc,049,8938,598,595,204,799,6
2021-12-15,Mono,051,14174,1967,1955,21,1976,4
2021-12-15,Monterey,053,433212,50679,49279,3450,52729,635
2021-12-15,Napa,055,140530,13676,13557,135,13692,107
2021-12-15,Nevada,057,99092,10111,9958,360,10318,107
2021-12-15,Orange,059,3164182,320694,317808,16709,334517,5838
2021-12-15,Placer,061,380077,39706,39264,4003,43267,485
2021-12-15,Plumas,063,18699,1992,1957,52,2009,12
2021-12-15,Riverside,065,2383286,383657,378769,17020,395789,5438
2021-12-15,Sacramento,067,1510023,168315,166793,5264,172057,2401
2021-12-15,San Benito,069,59416,7931,7877,187,8064,79
2021-12-15,San Bernardino,071,2135413,374513,371122,12022,383144,6013
2021-12-15,San Diego,073,3302833,400309,396546,23010,419556,4395
2021-12-15,San Francisco,075,870044,56864,55414,2579,57993,679
2021-12-15,San Joaquin,077,732212,104415,103579,5776,109355,1853
2021-12-15,San Luis Obispo,079,281455,31119,30784,1372,32156,365
2021-12-15,San Mateo,081,765935,57253,55657,1058,56715,580
2021-12-15,Santa Barbara,083,443738,47531,46681,1737,48418,562
2021-12-15,Santa Clara,085,1922200,155816,153928,1777,155705,1944
2021-12-15,Santa Cruz,087,273765,22077,21753,1065,22818,225
2021-12-15,Shasta,089,179085,22975,22778,3791,26569,427
2021-12-15,Sierra,091,2930,204,199,21,220,0
2021-12-15,Siskiyou,093,43540,3498,3434,1385,4819,58
2021-12-15,Solano,095,438530,47894,47098,1358,48456,367
2021-12-15,Sonoma,097,501317,44068,43580,591,44171,407
2021-12-15,Stanislaus,099,539301,83380,82628,9412,92040,1298
2021-12-15,Sutter,101,95872,14492,14428,413,14841,189
2021-12-15,Tehama,103,63373,8887,8806,1563,10369,136
2021-12-15,Trinity,105,12862,913,822,228,1050,17
2021-12-15,Tulare,107,460477,71864,70846,16729,87575,1120
2021-12-15,Tuolumne,109,53932,7876,7818,108,7926,91
2021-12-15,Ventura,111,848112,102584,101447,4572,106019,1199
2021-12-15,Yolo,113,214977,20956,20749,1324,22073,267
2021-12-15,Yuba,115,75493,10690,10587,411,10998,96
2021-12-14,Alameda,001,1643700,125420,124272,3075,127347,1506
2021-12-14,Alpine,003,1148,110,109,0,109,0
2021-12-14,Amador,005,37829,5833,5808,74,5882,69
2021-12-14,Butte,007,227075,22104,21901,3983,25884,326
2021-12-14,Calaveras,009,45235,4549,4517,66,4583,89
2021-12-14,Colusa,011,21464,2654,2628,695,3323,21
2021-12-14,Contra Costa,013,1133247,103862,103135,2425,105560,1064
2021-12-14,Del Norte,015,27424,3816,3788,56,3844,43
2021-12-14,El Dorado,017,186661,17137,16915,1815,18730,170
2021-12-14,Fresno,019,978130,148059,146756,12807,159563,2316
2021-12-14,Glenn,021,27897,3619,3589,1024,4613,39
2021-12-14,Humboldt,023,135768,9974,9836,732,10568,118
2021-12-14,Imperial,025,180216,36594,36049,4025,40074,789
2021-12-14,Inyo,027,18085,2622,2601,42,2643,46
2021-12-14,Kern,029,883053,134595,133498,24577,158075,1863
2021-12-14,Kings,031,150075,34040,33693,2079,35772,373
2021-12-14,Lake,033,64148,7012,6961,160,7121,115
2021-12-14,Lassen,035,31185,7084,7061,438,7499,55
2021-12-14,Los Angeles,037,10098052,1492561,1481131,57922,1539053,27099
2021-12-14,Madera,039,155013,24733,24535,2346,26881,313
2021-12-14,Marin,041,260295,18689,18491,565,19056,249
2021-12-14,Mariposa,043,17540,1473,1463,60,1523,6
2021-12-14,Mendocino,045,87422,8268,8206,672,8878,95
2021-12-14,Merced,047,269075,44046,43870,2076,45946,684
2021-12-14,Modoc,049,8938,597,595,204,799,6
2021-12-14,Mono,051,14174,1962,1955,21,1976,4
2021-12-14,Monterey,053,433212,50594,49237,3439,52676,635
2021-12-14,Napa,055,140530,13648,13528,135,13663,107
2021-12-14,Nevada,057,99092,10085,9956,359,10315,106
2021-12-14,Orange,059,3164182,320148,317465,16657,334122,5827
2021-12-14,Placer,061,380077,39629,39221,3998,43219,482
2021-12-14,Plumas,063,18699,1988,1950,50,2000,12
2021-12-14,Riverside,065,2383286,382989,378227,17003,395230,5427
2021-12-14,Sacramento,067,1510023,168004,166605,5241,171846,2394
2021-12-14,San Benito,069,59416,7913,7871,187,8058,79
2021-12-14,San Bernardino,071,2135413,373899,370604,11993,382597,6013
2021-12-14,San Diego,073,3302833,399173,395876,22960,418836,4393
2021-12-14,San Francisco,075,870044,56557,55278,2567,57845,679
2021-12-14,San Joaquin,077,732212,104275,103488,5757,109245,1848
2021-12-14,San Luis Obispo,079,281455,31060,30753,1368,32121,363
2021-12-14,San Mateo,081,765935,57090,55601,1051,56652,580
2021-12-14,Santa Barbara,083,443738,47433,46648,1732,48380,560
2021-12-14,Santa Clara,085,1922200,155502,153814,1764,155578,1945
2021-12-14,Santa Cruz,087,273765,22012,21737,1061,22798,225
2021-12-14,Shasta,089,179085,22948,22756,3790,26546,427
2021-12-14,Sierra,091,2930,202,199,21,220,0
2021-12-14,Siskiyou,093,43540,3493,3430,1384,4814,58
2021-12-14,Solano,095,438530,47847,47065,1352,48417,367
2021-12-14,Sonoma,097,501317,43986,43538,590,44128,407
2021-12-14,Stanislaus,099,539301,83293,82581,9399,91980,1293
2021-12-14,Sutter,101,95872,14480,14421,412,14833,189
2021-12-14,Tehama,103,63373,8883,8805,1563,10368,134
2021-12-14,Trinity,105,12862,913,821,228,1049,17
2021-12-14,Tulare,107,460477,71792,70803,16698,87501,1120
2021-12-14,Tuolumne,109,53932,7863,7815,108,7923,91
2021-12-14,Ventura,111,848112,102362,101343,4565,105908,1199
2021-12-14,Yolo,113,214977,20923,20734,1310,22044,267
2021-12-14,Yuba,115,75493,10673,10574,411,10985,92
2021-12-13,Alameda,001,1643700,125146,124174,3059,127233,1501
2021-12-13,Alpine,003,1148,110,109,0,109,0
2021-12-13,Amador,005,37829,5829,5797,74,5871,69
2021-12-13,Butte,007,227075,22082,21889,3979,25868,326
2021-12-13,Calaveras,009,45235,4542,4507,65,4572,89
2021-12-13,Colusa,011,21464,2652,2627,695,3322,21
2021-12-13,Contra Costa,013,1133247,103716,103041,2413,105454,1064
2021-12-13,Del Norte,015,27424,3812,3787,56,3843,42
2021-12-13,El Dorado,017,186661,17114,16896,1813,18709,170
2021-12-13,Fresno,019,978130,147913,146641,12797,159438,2312
2021-12-13,Glenn,021,27897,3614,3589,1022,4611,37
2021-12-13,Humboldt,023,135768,9945,9821,728,10549,118
2021-12-13,Imperial,025,180216,36516,35974,4005,39979,787
2021-12-13,Inyo,027,18085,2621,2592,42,2634,46
2021-12-13,Kern,029,883053,134468,133381,24524,157905,1863
2021-12-13,Kings,031,150075,33997,33680,2074,35754,372
2021-12-13,Lake,033,64148,7010,6958,158,7116,115
2021-12-13,Lassen,035,31185,7083,7057,438,7495,55
2021-12-13,Los Angeles,037,10098052,1489816,1480195,57755,1537950,27085
2021-12-13,Madera,039,155013,24705,24527,2341,26868,311
2021-12-13,Marin,041,260295,18629,18471,562,19033,249
2021-12-13,Mariposa,043,17540,1470,1462,60,1522,6
2021-12-13,Mendocino,045,87422,8255,8196,670,8866,95
2021-12-13,Merced,047,269075,44007,43848,2072,45920,682
2021-12-13,Modoc,049,8938,596,595,204,799,6
2021-12-13,Mono,051,14174,1960,1952,21,1973,4
2021-12-13,Monterey,053,433212,50542,49222,3420,52642,631
2021-12-13,Napa,055,140530,13635,13518,135,13653,107
2021-12-13,Nevada,057,99092,10066,9946,358,10304,106
2021-12-13,Orange,059,3164182,319687,317112,16604,333716,5824
2021-12-13,Placer,061,380077,39568,39168,3987,43155,481
2021-12-13,Plumas,063,18699,1984,1943,50,1993,12
2021-12-13,Riverside,065,2383286,382409,377728,16988,394716,5414
2021-12-13,Sacramento,067,1510023,167726,166439,5207,171646,2392
2021-12-13,San Benito,069,59416,7904,7856,187,8043,79
2021-12-13,San Bernardino,071,2135413,373334,370274,11987,382261,6011
2021-12-13,San Diego,073,3302833,398364,395266,22908,418174,4389
2021-12-13,San Francisco,075,870044,56286,55245,2554,57799,678
2021-12-13,San Joaquin,077,732212,104160,103449,5748,109197,1846
2021-12-13,San Luis Obispo,079,281455,31013,30746,1364,32110,363
2021-12-13,San Mateo,081,765935,56937,55569,1043,56612,580
2021-12-13,Santa Barbara,083,443738,47348,46608,1727,48335,560
2021-12-13,Santa Clara,085,1922200,155237,153672,1753,155425,1944
2021-12-13,Santa Cruz,087,273765,21958,21698,1058,22756,225
2021-12-13,Shasta,089,179085,22927,22731,3788,26519,426
2021-12-13,Sierra,091,2930,202,199,21,220,0
2021-12-13,Siskiyou,093,43540,3489,3426,1381,4807,57
2021-12-13,Solano,095,438530,47771,47045,1347,48392,365
2021-12-13,Sonoma,097,501317,43890,43492,588,44080,407
2021-12-13,Stanislaus,099,539301,83177,82507,9379,91886,1282
2021-12-13,Sutter,101,95872,14473,14408,412,14820,188
2021-12-13,Tehama,103,63373,8871,8800,1563,10363,134
2021-12-13,Trinity,105,12862,913,820,228,1048,17
2021-12-13,Tulare,107,460477,71736,70758,16674,87432,1114
2021-12-13,Tuolumne,109,53932,7853,7804,108,7912,91
2021-12-13,Ventura,111,848112,102138,101180,4554,105734,1197
2021-12-13,Yolo,113,214977,20878,20706,1304,22010,267
2021-12-13,Yuba,115,75493,10656,10570,411,10981,92
2021-12-12,Alameda,001,1643700,124865,124075,3046,127121,1503
2021-12-12,Alpine,003,1148,110,109,0,109,0
2021-12-12,Amador,005,37829,5822,5797,73,5870,69
2021-12-12,Butte,007,227075,22057,21874,3976,25850,326
2021-12-12,Calaveras,009,45235,4532,4501,65,4566,89
2021-12-12,Colusa,011,21464,2647,2627,692,3319,21
2021-12-12,Contra Costa,013,1133247,103530,102976,2411,105387,1065
2021-12-12,Del Norte,015,27424,3809,3793,56,3849,42
2021-12-12,El Dorado,017,186661,17078,16890,1805,18695,170
2021-12-12,Fresno,019,978130,147751,146518,12782,159300,2310
2021-12-12,Glenn,021,27897,3611,3589,1021,4610,37
2021-12-12,Humboldt,023,135768,9921,9804,721,10525,118
2021-12-12,Imperial,025,180216,36379,35926,3972,39898,787
2021-12-12,Inyo,027,18085,2616,2592,42,2634,46
2021-12-12,Kern,029,883053,134303,133314,24481,157795,1861
2021-12-12,Kings,031,150075,33944,33661,2072,35733,372
2021-12-12,Lake,033,64148,7003,6955,156,7111,115
2021-12-12,Lassen,035,31185,7082,7057,438,7495,55
2021-12-12,Los Angeles,037,10098052,1486992,1479054,57572,1536626,27074
2021-12-12,Madera,039,155013,24675,24493,2333,26826,311
2021-12-12,Marin,041,260295,18576,18451,558,19009,249
2021-12-12,Mariposa,043,17540,1469,1461,60,1521,6
2021-12-12,Mendocino,045,87422,8242,8190,669,8859,95
2021-12-12,Merced,047,269075,43975,43821,2065,45886,682
2021-12-12,Modoc,049,8938,596,595,203,798,6
2021-12-12,Mono,051,14174,1959,1947,21,1968,4
2021-12-12,Monterey,053,433212,50489,49192,3393,52585,631
2021-12-12,Napa,055,140530,13592,13508,133,13641,107
2021-12-12,Nevada,057,99092,10040,9938,357,10295,106
2021-12-12,Orange,059,3164182,319187,316918,16539,333457,5825
2021-12-12,Placer,061,380077,39504,39139,3981,43120,481
2021-12-12,Plumas,063,18699,1980,1942,48,1990,12
2021-12-12,Riverside,065,2383286,381736,377467,16962,394429,5414
2021-12-12,Sacramento,067,1510023,167455,166291,5186,171477,2392
2021-12-12,San Benito,069,59416,7884,7853,187,8040,79
2021-12-12,San Bernardino,071,2135413,372708,369977,11961,381938,6011
2021-12-12,San Diego,073,3302833,397464,393307,22870,416177,4378
2021-12-12,San Francisco,075,870044,56033,55180,2542,57722,678
2021-12-12,San Joaquin,077,732212,104022,103405,5738,109143,1846
2021-12-12,San Luis Obispo,079,281455,30961,30719,1362,32081,363
2021-12-12,San Mateo,081,765935,56824,55505,1038,56543,580
2021-12-12,Santa Barbara,083,443738,47274,46586,1725,48311,560
2021-12-12,Santa Clara,085,1922200,154957,153452,1738,155190,1945
2021-12-12,Santa Cruz,087,273765,21910,21671,1056,22727,225
2021-12-12,Shasta,089,179085,22899,22732,3787,26519,426
2021-12-12,Sierra,091,2930,202,199,21,220,0
2021-12-12,Siskiyou,093,43540,3489,3424,1381,4805,57
2021-12-12,Solano,095,438530,47705,47021,1342,48363,365
2021-12-12,Sonoma,097,501317,43797,43424,585,44009,407
2021-12-12,Stanislaus,099,539301,83077,82460,9369,91829,1282
2021-12-12,Sutter,101,95872,14462,14396,412,14808,189
2021-12-12,Tehama,103,63373,8860,8796,1561,10357,134
2021-12-12,Trinity,105,12862,911,820,228,1048,17
2021-12-12,Tulare,107,460477,71659,70733,16632,87365,1115
2021-12-12,Tuolumne,109,53932,7836,7794,108,7902,91
2021-12-12,Ventura,111,848112,101942,101105,4540,105645,1197
2021-12-12,Yolo,113,214977,20829,20685,1293,21978,267
2021-12-12,Yuba,115,75493,10642,10565,408,10973,92
2021-12-11,Alameda,001,1643700,124742,123572,3044,126616,1496
2021-12-11,Alpine,003,1148,110,109,0,109,0
2021-12-11,Amador,005,37829,5817,5787,73,5860,69
2021-12-11,Butte,007,227075,22043,21819,3975,25794,326
2021-12-11,Calaveras,009,45235,4524,4469,64,4533,89
2021-12-11,Colusa,011,21464,2643,2619,691,3310,21
2021-12-11,Contra Costa,013,1133247,103446,102618,2409,105027,1061
2021-12-11,Del Norte,015,27424,3809,3778,56,3834,42
2021-12-11,El Dorado,017,186661,17057,16796,1804,18600,170
2021-12-11,Fresno,019,978130,147665,145988,12776,158764,2294
2021-12-11,Glenn,021,27897,3610,3585,1020,4605,37
2021-12-11,Humboldt,023,135768,9904,9721,718,10439,118
2021-12-11,Imperial,025,180216,36319,35635,3961,39596,782
2021-12-11,Inyo,027,18085,2611,2576,42,2618,46
2021-12-11,Kern,029,883053,134234,132852,24446,157298,1854
2021-12-11,Kings,031,150075,33930,33530,2070,35600,371
2021-12-11,Lake,033,64148,7002,6932,154,7086,114
2021-12-11,Lassen,035,31185,7081,7049,438,7487,55
2021-12-11,Los Angeles,037,10098052,1485797,1474030,57480,1531510,27031
2021-12-11,Madera,039,155013,24669,24417,2332,26749,311
2021-12-11,Marin,041,260295,18542,18339,555,18894,249
2021-12-11,Mariposa,043,17540,1468,1450,60,1510,6
2021-12-11,Mendocino,045,87422,8235,8130,669,8799,95
2021-12-11,Merced,047,269075,43956,43690,2064,45754,681
2021-12-11,Modoc,049,8938,596,594,203,797,6
2021-12-11,Mono,051,14174,1957,1926,21,1947,4
2021-12-11,Monterey,053,433212,50461,49008,3390,52398,631
2021-12-11,Napa,055,140530,13575,13459,133,13592,107
2021-12-11,Nevada,057,99092,10026,9880,357,10237,106
2021-12-11,Orange,059,3164182,318933,315759,16513,332272,5805
2021-12-11,Placer,061,380077,39446,38959,3974,42933,481
2021-12-11,Plumas,063,18699,1974,1934,48,1982,12
2021-12-11,Riverside,065,2383286,381319,375649,16948,392597,5408
2021-12-11,Sacramento,067,1510023,167330,165530,5176,170706,2386
2021-12-11,San Benito,069,59416,7870,7808,187,7995,79
2021-12-11,San Bernardino,071,2135413,372348,368145,11952,380097,6007
2021-12-11,San Diego,073,3302833,397043,392274,22830,415104,4374
2021-12-11,San Francisco,075,870044,55880,54869,2536,57405,678
2021-12-11,San Joaquin,077,732212,103961,103013,5734,108747,1842
2021-12-11,San Luis Obispo,079,281455,30938,30567,1358,31925,362
2021-12-11,San Mateo,081,765935,56749,55284,1036,56320,580
2021-12-11,Santa Barbara,083,443738,47240,46309,1725,48034,559
2021-12-11,Santa Clara,085,1922200,154761,152846,1726,154572,1941
2021-12-11,Santa Cruz,087,273765,21886,21557,1056,22613,225
2021-12-11,Shasta,089,179085,22884,22660,3783,26443,419
2021-12-11,Sierra,091,2930,202,199,21,220,0
2021-12-11,Siskiyou,093,43540,3483,3418,1378,4796,57
2021-12-11,Solano,095,438530,47676,46891,1337,48228,365
2021-12-11,Sonoma,097,501317,43749,43227,585,43812,407
2021-12-11,Stanislaus,099,539301,83027,82133,9361,91494,1264
2021-12-11,Sutter,101,95872,14453,14354,412,14766,187
2021-12-11,Tehama,103,63373,8857,8776,1559,10335,134
2021-12-11,Trinity,105,12862,911,819,228,1047,17
2021-12-11,Tulare,107,460477,71617,70523,16622,87145,1103
2021-12-11,Tuolumne,109,53932,7827,7760,108,7868,91
2021-12-11,Ventura,111,848112,101866,100711,4533,105244,1195
2021-12-11,Yolo,113,214977,20809,20608,1289,21897,267
2021-12-11,Yuba,115,75493,10630,10519,407,10926,92
2021-12-10,Alameda,001,1643700,124620,123572,3037,126609,1496
2021-12-10,Alpine,003,1148,109,109,0,109,0
2021-12-10,Amador,005,37829,5810,5787,73,5860,69
2021-12-10,Butte,007,227075,22030,21819,3973,25792,326
2021-12-10,Calaveras,009,45235,4521,4469,64,4533,89
2021-12-10,Colusa,011,21464,2642,2619,691,3310,21
2021-12-10,Contra Costa,013,1133247,103350,102618,2408,105026,1061
2021-12-10,Del Norte,015,27424,3809,3778,56,3834,42
2021-12-10,El Dorado,017,186661,17044,16796,1804,18600,170
2021-12-10,Fresno,019,978130,147576,145988,12770,158758,2294
2021-12-10,Glenn,021,27897,3610,3585,1020,4605,37
2021-12-10,Humboldt,023,135768,9887,9721,716,10437,118
2021-12-10,Imperial,025,180216,36263,35635,3944,39579,782
2021-12-10,Inyo,027,18085,2608,2576,42,2618,46
2021-12-10,Kern,029,883053,134146,132852,24422,157274,1854
2021-12-10,Kings,031,150075,33917,33530,2068,35598,371
2021-12-10,Lake,033,64148,6995,6932,154,7086,114
2021-12-10,Lassen,035,31185,7080,7049,438,7487,55
2021-12-10,Los Angeles,037,10098052,1484726,1474030,57395,1531425,27031
2021-12-10,Madera,039,155013,24651,24417,2330,26747,311
2021-12-10,Marin,041,260295,18520,18339,555,18894,249
2021-12-10,Mariposa,043,17540,1465,1450,60,1510,6
2021-12-10,Mendocino,045,87422,8228,8130,668,8798,95
2021-12-10,Merced,047,269075,43939,43690,2062,45752,681
2021-12-10,Modoc,049,8938,596,594,203,797,6
2021-12-10,Mono,051,14174,1954,1926,21,1947,4
2021-12-10,Monterey,053,433212,50424,49008,3384,52392,631
2021-12-10,Napa,055,140530,13563,13459,132,13591,107
2021-12-10,Nevada,057,99092,10017,9880,357,10237,106
2021-12-10,Orange,059,3164182,318659,315759,16480,332239,5805
2021-12-10,Placer,061,380077,39403,38959,3971,42930,481
2021-12-10,Plumas,063,18699,1972,1934,48,1982,12
2021-12-10,Riverside,065,2383286,380912,375649,16937,392586,5408
2021-12-10,Sacramento,067,1510023,167176,165530,5174,170704,2386
2021-12-10,San Benito,069,59416,7866,7808,187,7995,79
2021-12-10,San Bernardino,071,2135413,371974,368145,11929,380074,6007
2021-12-10,San Diego,073,3302833,396563,392274,22816,415090,4374
2021-12-10,San Francisco,075,870044,55796,54869,2530,57399,678
2021-12-10,San Joaquin,077,732212,103907,103013,5730,108743,1842
2021-12-10,San Luis Obispo,079,281455,30928,30567,1355,31922,362
2021-12-10,San Mateo,081,765935,56692,55284,1033,56317,580
2021-12-10,Santa Barbara,083,443738,47204,46309,1724,48033,559
2021-12-10,Santa Clara,085,1922200,154590,152846,1713,154559,1941
2021-12-10,Santa Cruz,087,273765,21867,21557,1055,22612,225
2021-12-10,Shasta,089,179085,22873,22660,3780,26440,419
2021-12-10,Sierra,091,2930,202,199,21,220,0
2021-12-10,Siskiyou,093,43540,3476,3418,1378,4796,57
2021-12-10,Solano,095,438530,47633,46891,1333,48224,365
2021-12-10,Sonoma,097,501317,43715,43227,584,43811,407
2021-12-10,Stanislaus,099,539301,82962,82133,9355,91488,1264
2021-12-10,Sutter,101,95872,14444,14354,412,14766,187
2021-12-10,Tehama,103,63373,8855,8776,1557,10333,134
2021-12-10,Trinity,105,12862,911,819,228,1047,17
2021-12-10,Tulare,107,460477,71587,70523,16595,87118,1103
2021-12-10,Tuolumne,109,53932,7822,7760,108,7868,91
2021-12-10,Ventura,111,848112,101761,100711,4530,105241,1195
2021-12-10,Yolo,113,214977,20794,20608,1287,21895,267
2021-12-10,Yuba,115,75493,10618,10519,406,10925,92
2021-12-09,Alameda,001,1643700,124481,123572,3032,126604,1496
2021-12-09,Alpine,003,1148,109,109,0,109,0
2021-12-09,Amador,005,37829,5807,5787,72,5859,69
2021-12-09,Butte,007,227075,22009,21819,3970,25789,326
2021-12-09,Calaveras,009,45235,4512,4469,64,4533,89
2021-12-09,Colusa,011,21464,2640,2619,691,3310,21
2021-12-09,Contra Costa,013,1133247,103231,102618,2402,105020,1061
2021-12-09,Del Norte,015,27424,3808,3778,56,3834,42
2021-12-09,El Dorado,017,186661,17017,16796,1799,18595,170
2021-12-09,Fresno,019,978130,147430,145988,12760,158748,2294
2021-12-09,Glenn,021,27897,3610,3585,1020,4605,37
2021-12-09,Humboldt,023,135768,9865,9721,715,10436,118
2021-12-09,Imperial,025,180216,36193,35635,3914,39549,782
2021-12-09,Inyo,027,18085,2606,2576,42,2618,46
2021-12-09,Kern,029,883053,134021,132852,24389,157241,1854
2021-12-09,Kings,031,150075,33891,33530,2065,35595,371
2021-12-09,Lake,033,64148,6987,6932,154,7086,114
2021-12-09,Lassen,035,31185,7078,7049,438,7487,55
2021-12-09,Los Angeles,037,10098052,1483199,1474030,57309,1531339,27031
2021-12-09,Madera,039,155013,24626,24417,2327,26744,311
2021-12-09,Marin,041,260295,18507,18339,553,18892,249
2021-12-09,Mariposa,043,17540,1464,1450,60,1510,6
2021-12-09,Mendocino,045,87422,8214,8130,668,8798,95
2021-12-09,Merced,047,269075,43900,43690,2051,45741,681
2021-12-09,Modoc,049,8938,596,594,203,797,6
2021-12-09,Mono,051,14174,1944,1926,21,1947,4
2021-12-09,Monterey,053,433212,50378,49008,3373,52381,631
2021-12-09,Napa,055,140530,13543,13459,128,13587,107
2021-12-09,Nevada,057,99092,9998,9880,357,10237,106
2021-12-09,Orange,059,3164182,318330,315759,16442,332201,5805
2021-12-09,Placer,061,380077,39360,38959,3958,42917,481
2021-12-09,Plumas,063,18699,1964,1934,48,1982,12
2021-12-09,Riverside,065,2383286,380366,375649,16922,392571,5408
2021-12-09,Sacramento,067,1510023,166958,165530,5158,170688,2386
2021-12-09,San Benito,069,59416,7854,7808,186,7994,79
2021-12-09,San Bernardino,071,2135413,371490,368145,11908,380053,6007
2021-12-09,San Diego,073,3302833,395918,392274,22786,415060,4374
2021-12-09,San Francisco,075,870044,55711,54869,2523,57392,678
2021-12-09,San Joaquin,077,732212,103815,103013,5724,108737,1842
2021-12-09,San Luis Obispo,079,281455,30900,30567,1353,31920,362
2021-12-09,San Mateo,081,765935,56602,55284,1031,56315,580
2021-12-09,Santa Barbara,083,443738,47126,46309,1717,48026,559
2021-12-09,Santa Clara,085,1922200,154376,152846,1702,154548,1941
2021-12-09,Santa Cruz,087,273765,21840,21557,1055,22612,225
2021-12-09,Shasta,089,179085,22857,22660,3779,26439,419
2021-12-09,Sierra,091,2930,202,199,21,220,0
2021-12-09,Siskiyou,093,43540,3472,3418,1377,4795,57
2021-12-09,Solano,095,438530,47597,46891,1331,48222,365
2021-12-09,Sonoma,097,501317,43658,43227,583,43810,407
2021-12-09,Stanislaus,099,539301,82890,82133,9342,91475,1264
2021-12-09,Sutter,101,95872,14429,14354,412,14766,187
2021-12-09,Tehama,103,63373,8848,8776,1556,10332,134
2021-12-09,Trinity,105,12862,911,819,228,1047,17
2021-12-09,Tulare,107,460477,71530,70523,16566,87089,1103
2021-12-09,Tuolumne,109,53932,7812,7760,108,7868,91
2021-12-09,Ventura,111,848112,101615,100711,4518,105229,1195
2021-12-09,Yolo,113,214977,20771,20608,1279,21887,267
2021-12-09,Yuba,115,75493,10610,10519,402,10921,92
2021-12-08,Alameda,001,1643700,124339,123438,3022,126460,1496
2021-12-08,Alpine,003,1148,109,108,0,108,0
2021-12-08,Amador,005,37829,5802,5781,72,5853,69
2021-12-08,Butte,007,227075,21993,21780,3967,25747,326
2021-12-08,Calaveras,009,45235,4503,4455,64,4519,89
2021-12-08,Colusa,011,21464,2637,2619,690,3309,21
2021-12-08,Contra Costa,013,1133247,103101,102506,2400,104906,1058
2021-12-08,Del Norte,015,27424,3807,3767,56,3823,42
2021-12-08,El Dorado,017,186661,16985,16757,1799,18556,170
2021-12-08,Fresno,019,978130,147274,145830,12749,158579,2293
2021-12-08,Glenn,021,27897,3609,3584,1018,4602,37
2021-12-08,Humboldt,023,135768,9843,9704,713,10417,117
2021-12-08,Imperial,025,180216,36120,35537,3882,39419,782
2021-12-08,Inyo,027,18085,2603,2570,42,2612,46
2021-12-08,Kern,029,883053,133898,132709,24345,157054,1846
2021-12-08,Kings,031,150075,33856,33468,2064,35532,371
2021-12-08,Lake,033,64148,6982,6927,153,7080,114
2021-12-08,Lassen,035,31185,7076,7041,436,7477,55
2021-12-08,Los Angeles,037,10098052,1481681,1472410,57198,1529608,27018
2021-12-08,Madera,039,155013,24605,24396,2320,26716,311
2021-12-08,Marin,041,260295,18486,18305,550,18855,249
2021-12-08,Mariposa,043,17540,1462,1447,60,1507,6
2021-12-08,Mendocino,045,87422,8202,8118,667,8785,95
2021-12-08,Merced,047,269075,43869,43631,2043,45674,680
2021-12-08,Modoc,049,8938,596,594,203,797,6
2021-12-08,Mono,051,14174,1942,1924,21,1945,4
2021-12-08,Monterey,053,433212,50313,48957,3357,52314,631
2021-12-08,Napa,055,140530,13529,13421,128,13549,107
2021-12-08,Nevada,057,99092,9982,9862,357,10219,106
2021-12-08,Orange,059,3164182,317987,315421,16404,331825,5795
2021-12-08,Placer,061,380077,39307,38934,3953,42887,478
2021-12-08,Plumas,063,18699,1962,1924,48,1972,12
2021-12-08,Riverside,065,2383286,379862,375099,16898,391997,5404
2021-12-08,Sacramento,067,1510023,166707,165278,5130,170408,2373
2021-12-08,San Benito,069,59416,7845,7793,186,7979,79
2021-12-08,San Bernardino,071,2135413,371029,367516,11883,379399,6006
2021-12-08,San Diego,073,3302833,395270,391676,22754,414430,4369
2021-12-08,San Francisco,075,870044,55624,54792,2514,57306,677
2021-12-08,San Joaquin,077,732212,103714,102877,5714,108591,1841
2021-12-08,San Luis Obispo,079,281455,30853,30519,1348,31867,361
2021-12-08,San Mateo,081,765935,56530,55220,1025,56245,580
2021-12-08,Santa Barbara,083,443738,47071,46250,1714,47964,558
2021-12-08,Santa Clara,085,1922200,154214,152674,1691,154365,1937
2021-12-08,Santa Cruz,087,273765,21793,21505,1053,22558,224
2021-12-08,Shasta,089,179085,22837,22616,3773,26389,419
2021-12-08,Sierra,091,2930,202,199,21,220,0
2021-12-08,Siskiyou,093,43540,3471,3415,1375,4790,57
2021-12-08,Solano,095,438530,47567,46837,1330,48167,365
2021-12-08,Sonoma,097,501317,43595,43179,582,43761,405
2021-12-08,Stanislaus,099,539301,82807,82038,9332,91370,1264
2021-12-08,Sutter,101,95872,14413,14336,410,14746,187
2021-12-08,Tehama,103,63373,8839,8768,1556,10324,133
2021-12-08,Trinity,105,12862,911,818,228,1046,17
2021-12-08,Tulare,107,460477,71467,70472,16541,87013,1102
2021-12-08,Tuolumne,109,53932,7799,7749,108,7857,91
2021-12-08,Ventura,111,848112,101486,100647,4515,105162,1194
2021-12-08,Yolo,113,214977,20743,20575,1273,21848,267
2021-12-08,Yuba,115,75493,10596,10499,399,10898,92
2021-12-07,Alameda,001,1643700,124178,123325,3013,126338,1497
2021-12-07,Alpine,003,1148,109,108,0,108,0
2021-12-07,Amador,005,37829,5799,5778,71,5849,69
2021-12-07,Butte,007,227075,21969,21761,3962,25723,324
2021-12-07,Calaveras,009,45235,4487,4445,64,4509,88
2021-12-07,Colusa,011,21464,2635,2619,690,3309,21
2021-12-07,Contra Costa,013,1133247,102979,102421,2391,104812,1058
2021-12-07,Del Norte,015,27424,3806,3766,56,3822,42
2021-12-07,El Dorado,017,186661,16962,16742,1796,18538,170
2021-12-07,Fresno,019,978130,147127,145715,12732,158447,2289
2021-12-07,Glenn,021,27897,3608,3579,1017,4596,36
2021-12-07,Humboldt,023,135768,9819,9693,708,10401,117
2021-12-07,Imperial,025,180216,36041,35502,3860,39362,778
2021-12-07,Inyo,027,18085,2600,2567,42,2609,46
2021-12-07,Kern,029,883053,133742,132564,24293,156857,1838
2021-12-07,Kings,031,150075,33824,33441,2061,35502,372
2021-12-07,Lake,033,64148,6977,6925,153,7078,113
2021-12-07,Lassen,035,31185,7075,7040,435,7475,55
2021-12-07,Los Angeles,037,10098052,1479898,1470904,57096,1528000,27007
2021-12-07,Madera,039,155013,24583,24367,2313,26680,311
2021-12-07,Marin,041,260295,18452,18284,544,18828,249
2021-12-07,Mariposa,043,17540,1460,1446,60,1506,6
2021-12-07,Mendocino,045,87422,8184,8107,667,8774,95
2021-12-07,Merced,047,269075,43827,43600,2036,45636,675
2021-12-07,Modoc,049,8938,596,594,202,796,6
2021-12-07,Mono,051,14174,1937,1921,21,1942,4
2021-12-07,Monterey,053,433212,50230,48880,3340,52220,631
2021-12-07,Napa,055,140530,13511,13409,128,13537,107
2021-12-07,Nevada,057,99092,9968,9858,356,10214,105
2021-12-07,Orange,059,3164182,317656,315138,16355,331493,5784
2021-12-07,Placer,061,380077,39232,38860,3949,42809,474
2021-12-07,Plumas,063,18699,1958,1915,48,1963,12
2021-12-07,Riverside,065,2383286,379336,374552,16882,391434,5397
2021-12-07,Sacramento,067,1510023,166462,165148,5116,170264,2375
2021-12-07,San Benito,069,59416,7829,7776,186,7962,78
2021-12-07,San Bernardino,071,2135413,370473,366981,11865,378846,6007
2021-12-07,San Diego,073,3302833,394417,391110,22716,413826,4357
2021-12-07,San Francisco,075,870044,55514,54729,2509,57238,676
2021-12-07,San Joaquin,077,732212,103596,102797,5702,108499,1839
2021-12-07,San Luis Obispo,079,281455,30814,30495,1346,31841,361
2021-12-07,San Mateo,081,765935,56441,55163,1019,56182,580
2021-12-07,Santa Barbara,083,443738,47000,46205,1712,47917,556
2021-12-07,Santa Clara,085,1922200,154029,152465,1682,154147,1941
2021-12-07,Santa Cruz,087,273765,21746,21493,1053,22546,224
2021-12-07,Shasta,089,179085,22815,22594,3770,26364,418
2021-12-07,Sierra,091,2930,202,199,21,220,0
2021-12-07,Siskiyou,093,43540,3468,3412,1375,4787,57
2021-12-07,Solano,095,438530,47527,46812,1330,48142,365
2021-12-07,Sonoma,097,501317,43521,43154,581,43735,405
2021-12-07,Stanislaus,099,539301,82729,81980,9319,91299,1258
2021-12-07,Sutter,101,95872,14405,14322,409,14731,186
2021-12-07,Tehama,103,63373,8831,8765,1555,10320,133
2021-12-07,Trinity,105,12862,911,818,228,1046,17
2021-12-07,Tulare,107,460477,71408,70411,16512,86923,1103
2021-12-07,Tuolumne,109,53932,7791,7743,108,7851,91
2021-12-07,Ventura,111,848112,101390,100569,4505,105074,1194
2021-12-07,Yolo,113,214977,20717,20560,1270,21830,263
2021-12-07,Yuba,115,75493,10579,10491,398,10889,91
2021-12-06,Alameda,001,1643700,124022,123227,3010,126237,1496
2021-12-06,Alpine,003,1148,109,108,0,108,0
2021-12-06,Amador,005,37829,5793,5769,70,5839,67
2021-12-06,Butte,007,227075,21952,21732,3959,25691,321
2021-12-06,Calaveras,009,45235,4480,4443,64,4507,88
2021-12-06,Colusa,011,21464,2634,2615,686,3301,21
2021-12-06,Contra Costa,013,1133247,102860,102327,2388,104715,1058
2021-12-06,Del Norte,015,27424,3804,3744,56,3800,42
2021-12-06,El Dorado,017,186661,16938,16726,1794,18520,168
2021-12-06,Fresno,019,978130,146933,145539,12722,158261,2285
2021-12-06,Glenn,021,27897,3606,3577,1015,4592,36
2021-12-06,Humboldt,023,135768,9799,9671,701,10372,117
2021-12-06,Imperial,025,180216,35963,35453,3842,39295,778
2021-12-06,Inyo,027,18085,2594,2562,41,2603,46
2021-12-06,Kern,029,883053,133556,132366,24236,156602,1835
2021-12-06,Kings,031,150075,33791,33399,2056,35455,368
2021-12-06,Lake,033,64148,6973,6922,153,7075,113
2021-12-06,Lassen,035,31185,7070,7032,433,7465,51
2021-12-06,Los Angeles,037,10098052,1478253,1470059,57004,1527063,26993
2021-12-06,Madera,039,155013,24556,24334,2309,26643,307
2021-12-06,Marin,041,260295,18424,18252,542,18794,249
2021-12-06,Mariposa,043,17540,1457,1443,60,1503,6
2021-12-06,Mendocino,045,87422,8170,8079,664,8743,95
2021-12-06,Merced,047,269075,43787,43549,2026,45575,672
2021-12-06,Modoc,049,8938,596,593,202,795,6
2021-12-06,Mono,051,14174,1929,1913,21,1934,4
2021-12-06,Monterey,053,433212,50153,48831,3320,52151,626
2021-12-06,Napa,055,140530,13488,13387,126,13513,107
2021-12-06,Nevada,057,99092,9941,9847,355,10202,105
2021-12-06,Orange,059,3164182,317279,314859,16312,331171,5771
2021-12-06,Placer,061,380077,39175,38785,3944,42729,473
2021-12-06,Plumas,063,18699,1950,1913,48,1961,10
2021-12-06,Riverside,065,2383286,378818,374116,16868,390984,5388
2021-12-06,Sacramento,067,1510023,166181,164926,5095,170021,2367
2021-12-06,San Benito,069,59416,7813,7755,186,7941,78
2021-12-06,San Bernardino,071,2135413,369926,366606,11838,378444,5998
2021-12-06,San Diego,073,3302833,393568,390389,22671,413060,4352
2021-12-06,San Francisco,075,870044,55406,54659,2504,57163,674
2021-12-06,San Joaquin,077,732212,103469,102728,5695,108423,1837
2021-12-06,San Luis Obispo,079,281455,30777,30464,1344,31808,361
2021-12-06,San Mateo,081,765935,56366,55112,1016,56128,580
2021-12-06,Santa Barbara,083,443738,46909,46146,1711,47857,556
2021-12-06,Santa Clara,085,1922200,153821,152310,1667,153977,1937
2021-12-06,Santa Cruz,087,273765,21711,21450,1050,22500,224
2021-12-06,Shasta,089,179085,22792,22556,3763,26319,416
2021-12-06,Sierra,091,2930,201,198,21,219,0
2021-12-06,Siskiyou,093,43540,3466,3409,1370,4779,57
2021-12-06,Solano,095,438530,47482,46748,1329,48077,360
2021-12-06,Sonoma,097,501317,43453,43114,573,43687,405
2021-12-06,Stanislaus,099,539301,82632,81889,9293,91182,1241
2021-12-06,Sutter,101,95872,14393,14319,409,14728,186
2021-12-06,Tehama,103,63373,8823,8760,1555,10315,133
2021-12-06,Trinity,105,12862,911,815,227,1042,17
2021-12-06,Tulare,107,460477,71332,70285,16473,86758,1101
2021-12-06,Tuolumne,109,53932,7778,7726,108,7834,91
2021-12-06,Ventura,111,848112,101286,100426,4497,104923,1194
2021-12-06,Yolo,113,214977,20695,20548,1269,21817,263
2021-12-06,Yuba,115,75493,10564,10480,393,10873,91
2021-12-05,Alameda,001,1643700,123838,123104,3002,126106,1496
2021-12-05,Alpine,003,1148,108,108,0,108,0
2021-12-05,Amador,005,37829,5790,5761,70,5831,67
2021-12-05,Butte,007,227075,21918,21720,3953,25673,320
2021-12-05,Calaveras,009,45235,4464,4434,64,4498,88
2021-12-05,Colusa,011,21464,2633,2615,685,3300,21
2021-12-05,Contra Costa,013,1133247,102733,102251,2378,104629,1058
2021-12-05,Del Norte,015,27424,3802,3751,56,3807,42
2021-12-05,El Dorado,017,186661,16901,16717,1788,18505,168
2021-12-05,Fresno,019,978130,146759,145452,12701,158153,2284
2021-12-05,Glenn,021,27897,3604,3577,1013,4590,36
2021-12-05,Humboldt,023,135768,9769,9662,698,10360,117
2021-12-05,Imperial,025,180216,35873,35422,3813,39235,778
2021-12-05,Inyo,027,18085,2587,2559,41,2600,46
2021-12-05,Kern,029,883053,133392,132286,24184,156470,1833
2021-12-05,Kings,031,150075,33726,33360,2056,35416,369
2021-12-05,Lake,033,64148,6969,6919,152,7071,113
2021-12-05,Lassen,035,31185,7068,7031,433,7464,51
2021-12-05,Los Angeles,037,10098052,1476422,1468937,56868,1525805,26991
2021-12-05,Madera,039,155013,24515,24311,2306,26617,307
2021-12-05,Marin,041,260295,18377,18216,534,18750,249
2021-12-05,Mariposa,043,17540,1454,1440,59,1499,6
2021-12-05,Mendocino,045,87422,8152,8069,658,8727,95
2021-12-05,Merced,047,269075,43745,43534,2017,45551,672
2021-12-05,Modoc,049,8938,596,593,202,795,6
2021-12-05,Mono,051,14174,1924,1907,21,1928,4
2021-12-05,Monterey,053,433212,50082,48813,3288,52101,626
2021-12-05,Napa,055,140530,13462,13382,123,13505,107
2021-12-05,Nevada,057,99092,9920,9827,355,10182,105
2021-12-05,Orange,059,3164182,316847,314560,16270,330830,5771
2021-12-05,Placer,061,380077,39118,38738,3935,42673,473
2021-12-05,Plumas,063,18699,1946,1913,47,1960,9
2021-12-05,Riverside,065,2383286,378164,373827,16838,390665,5388
2021-12-05,Sacramento,067,1510023,165873,164721,5077,169798,2367
2021-12-05,San Benito,069,59416,7796,7748,185,7933,78
2021-12-05,San Bernardino,071,2135413,369236,366282,11792,378074,5998
2021-12-05,San Diego,073,3302833,392770,387979,22623,410602,4351
2021-12-05,San Francisco,075,870044,55307,54603,2503,57106,674
2021-12-05,San Joaquin,077,732212,103328,102698,5690,108388,1837
2021-12-05,San Luis Obispo,079,281455,30708,30454,1341,31795,360
2021-12-05,San Mateo,081,765935,56279,55050,1006,56056,580
2021-12-05,Santa Barbara,083,443738,46826,46097,1703,47800,555
2021-12-05,Santa Clara,085,1922200,153566,152114,1647,153761,1933
2021-12-05,Santa Cruz,087,273765,21661,21424,1050,22474,224
2021-12-05,Shasta,089,179085,22734,22550,3762,26312,416
2021-12-05,Sierra,091,2930,201,198,21,219,0
2021-12-05,Siskiyou,093,43540,3464,3409,1368,4777,57
2021-12-05,Solano,095,438530,47421,46715,1327,48042,360
2021-12-05,Sonoma,097,501317,43376,43038,568,43606,405
2021-12-05,Stanislaus,099,539301,82487,81847,9285,91132,1241
2021-12-05,Sutter,101,95872,14369,14303,404,14707,186
2021-12-05,Tehama,103,63373,8816,8755,1554,10309,133
2021-12-05,Trinity,105,12862,910,815,227,1042,17
2021-12-05,Tulare,107,460477,71249,70254,16425,86679,1102
2021-12-05,Tuolumne,109,53932,7766,7718,108,7826,91
2021-12-05,Ventura,111,848112,101149,100367,4484,104851,1194
2021-12-05,Yolo,113,214977,20653,20512,1267,21779,263
2021-12-05,Yuba,115,75493,10551,10467,386,10853,91
2021-12-04,Alameda,001,1643700,123734,122508,2998,125506,1494
2021-12-04,Alpine,003,1148,108,108,0,108,0
2021-12-04,Amador,005,37829,5787,5729,70,5799,67
2021-12-04,Butte,007,227075,21899,21638,3949,25587,318
2021-12-04,Calaveras,009,45235,4456,4392,63,4455,88
2021-12-04,Colusa,011,21464,2633,2600,683,3283,21
2021-12-04,Contra Costa,013,1133247,102663,101824,2372,104196,1056
2021-12-04,Del Norte,015,27424,3799,3726,56,3782,42
2021-12-04,El Dorado,017,186661,16892,16621,1787,18408,168
2021-12-04,Fresno,019,978130,146671,144734,12696,157430,2270
2021-12-04,Glenn,021,27897,3604,3559,1013,4572,36
2021-12-04,Humboldt,023,135768,9754,9596,694,10290,117
2021-12-04,Imperial,025,180216,35818,35206,3800,39006,776
2021-12-04,Inyo,027,18085,2582,2538,41,2579,46
2021-12-04,Kern,029,883053,133314,131771,24161,155932,1817
2021-12-04,Kings,031,150075,33702,33183,2055,35238,367
2021-12-04,Lake,033,64148,6960,6903,152,7055,113
2021-12-04,Lassen,035,31185,7067,7014,431,7445,51
2021-12-04,Los Angeles,037,10098052,1475562,1463270,56790,1520060,26952
2021-12-04,Madera,039,155013,24501,24188,2302,26490,307
2021-12-04,Marin,041,260295,18355,18075,533,18608,249
2021-12-04,Mariposa,043,17540,1450,1421,59,1480,6
2021-12-04,Mendocino,045,87422,8147,7981,658,8639,91
2021-12-04,Merced,047,269075,43717,43337,2015,45352,671
2021-12-04,Modoc,049,8938,596,591,202,793,6
2021-12-04,Mono,051,14174,1924,1883,21,1904,4
2021-12-04,Monterey,053,433212,50049,48682,3281,51963,626
2021-12-04,Napa,055,140530,13452,13327,122,13449,106
2021-12-04,Nevada,057,99092,9913,9752,355,10107,105
2021-12-04,Orange,059,3164182,316619,313112,16244,329356,5748
2021-12-04,Placer,061,380077,39078,38460,3929,42389,473
2021-12-04,Plumas,063,18699,1943,1903,47,1950,7
2021-12-04,Riverside,065,2383286,377806,371768,16832,388600,5381
2021-12-04,Sacramento,067,1510023,165734,163900,5069,168969,2365
2021-12-04,San Benito,069,59416,7770,7688,185,7873,78
2021-12-04,San Bernardino,071,2135413,368848,364154,11779,375933,5983
2021-12-04,San Diego,073,3302833,392291,386710,22594,409304,4350
2021-12-04,San Francisco,075,870044,55240,54286,2500,56786,674
2021-12-04,San Joaquin,077,732212,103275,102286,5688,107974,1835
2021-12-04,San Luis Obispo,079,281455,30687,30318,1337,31655,360
2021-12-04,San Mateo,081,765935,56231,54774,1003,55777,579
2021-12-04,Santa Barbara,083,443738,46781,45774,1703,47477,555
2021-12-04,Santa Clara,085,1922200,153410,151275,1633,152908,1928
2021-12-04,Santa Cruz,087,273765,21635,21286,1049,22335,224
2021-12-04,Shasta,089,179085,22717,22418,3760,26178,414
2021-12-04,Sierra,091,2930,201,196,21,217,0
2021-12-04,Siskiyou,093,43540,3462,3398,1368,4766,57
2021-12-04,Solano,095,438530,47401,46529,1326,47855,360
2021-12-04,Sonoma,097,501317,43330,42778,565,43343,405
2021-12-04,Stanislaus,099,539301,82414,81462,9278,90740,1231
2021-12-04,Sutter,101,95872,14361,14258,403,14661,186
2021-12-04,Tehama,103,63373,8814,8742,1554,10296,131
2021-12-04,Trinity,105,12862,909,801,227,1028,17
2021-12-04,Tulare,107,460477,71211,70014,16397,86411,1100
2021-12-04,Tuolumne,109,53932,7761,7676,108,7784,91
2021-12-04,Ventura,111,848112,101058,99751,4480,104231,1192
2021-12-04,Yolo,113,214977,20632,20442,1266,21708,261
2021-12-04,Yuba,115,75493,10540,10418,385,10803,91
2021-12-03,Alameda,001,1643700,123645,122508,2988,125496,1494
2021-12-03,Alpine,003,1148,108,108,0,108,0
2021-12-03,Amador,005,37829,5782,5729,69,5798,67
2021-12-03,Butte,007,227075,21886,21638,3944,25582,318
2021-12-03,Calaveras,009,45235,4447,4392,63,4455,88
2021-12-03,Colusa,011,21464,2631,2600,683,3283,21
2021-12-03,Contra Costa,013,1133247,102590,101824,2367,104191,1056
2021-12-03,Del Norte,015,27424,3797,3726,56,3782,42
2021-12-03,El Dorado,017,186661,16863,16621,1785,18406,168
2021-12-03,Fresno,019,978130,146556,144734,12694,157428,2270
2021-12-03,Glenn,021,27897,3603,3559,1012,4571,36
2021-12-03,Humboldt,023,135768,9737,9596,692,10288,117
2021-12-03,Imperial,025,180216,35773,35206,3770,38976,776
2021-12-03,Inyo,027,18085,2575,2538,41,2579,46
2021-12-03,Kern,029,883053,133243,131771,24125,155896,1817
2021-12-03,Kings,031,150075,33673,33183,2055,35238,367
2021-12-03,Lake,033,64148,6960,6903,152,7055,113
2021-12-03,Lassen,035,31185,7065,7014,430,7444,51
2021-12-03,Los Angeles,037,10098052,1474631,1463270,56710,1519980,26952
2021-12-03,Madera,039,155013,24475,24188,2298,26486,307
2021-12-03,Marin,041,260295,18323,18075,529,18604,249
2021-12-03,Mariposa,043,17540,1448,1421,59,1480,6
2021-12-03,Mendocino,045,87422,8140,7981,658,8639,91
2021-12-03,Merced,047,269075,43694,43337,2012,45349,671
2021-12-03,Modoc,049,8938,596,591,202,793,6
2021-12-03,Mono,051,14174,1918,1883,21,1904,4
2021-12-03,Monterey,053,433212,50010,48682,3270,51952,626
2021-12-03,Napa,055,140530,13440,13327,122,13449,106
2021-12-03,Nevada,057,99092,9902,9752,355,10107,105
2021-12-03,Orange,059,3164182,316352,313112,16211,329323,5748
2021-12-03,Placer,061,380077,39041,38460,3922,42382,473
2021-12-03,Plumas,063,18699,1940,1903,47,1950,7
2021-12-03,Riverside,065,2383286,377416,371768,16826,388594,5381
2021-12-03,Sacramento,067,1510023,165555,163900,5055,168955,2365
2021-12-03,San Benito,069,59416,7763,7688,185,7873,78
2021-12-03,San Bernardino,071,2135413,368407,364154,11769,375923,5983
2021-12-03,San Diego,073,3302833,391813,386710,22570,409280,4350
2021-12-03,San Francisco,075,870044,55170,54286,2496,56782,674
2021-12-03,San Joaquin,077,732212,103219,102286,5687,107973,1835
2021-12-03,San Luis Obispo,079,281455,30661,30318,1334,31652,360
2021-12-03,San Mateo,081,765935,56169,54774,1000,55774,579
2021-12-03,Santa Barbara,083,443738,46746,45774,1703,47477,555
2021-12-03,Santa Clara,085,1922200,153228,151275,1618,152893,1928
2021-12-03,Santa Cruz,087,273765,21608,21286,1049,22335,224
2021-12-03,Shasta,089,179085,22702,22418,3760,26178,414
2021-12-03,Sierra,091,2930,201,196,21,217,0
2021-12-03,Siskiyou,093,43540,3459,3398,1366,4764,57
2021-12-03,Solano,095,438530,47359,46529,1325,47854,360
2021-12-03,Sonoma,097,501317,43294,42778,563,43341,405
2021-12-03,Stanislaus,099,539301,82357,81462,9269,90731,1231
2021-12-03,Sutter,101,95872,14348,14258,401,14659,186
2021-12-03,Tehama,103,63373,8813,8742,1553,10295,131
2021-12-03,Trinity,105,12862,909,801,227,1028,17
2021-12-03,Tulare,107,460477,71171,70014,16365,86379,1100
2021-12-03,Tuolumne,109,53932,7752,7676,108,7784,91
2021-12-03,Ventura,111,848112,100971,99751,4473,104224,1192
2021-12-03,Yolo,113,214977,20615,20442,1265,21707,261
2021-12-03,Yuba,115,75493,10532,10418,385,10803,91
2021-12-02,Alameda,001,1643700,123496,122508,2979,125487,1494
2021-12-02,Alpine,003,1148,108,108,0,108,0
2021-12-02,Amador,005,37829,5777,5729,68,5797,67
2021-12-02,Butte,007,227075,21861,21638,3941,25579,318
2021-12-02,Calaveras,009,45235,4437,4392,62,4454,88
2021-12-02,Colusa,011,21464,2630,2600,683,3283,21
2021-12-02,Contra Costa,013,1133247,102478,101824,2363,104187,1056
2021-12-02,Del Norte,015,27424,3789,3726,56,3782,42
2021-12-02,El Dorado,017,186661,16842,16621,1783,18404,168
2021-12-02,Fresno,019,978130,146392,144734,12684,157418,2270
2021-12-02,Glenn,021,27897,3603,3559,1011,4570,36
2021-12-02,Humboldt,023,135768,9718,9596,690,10286,117
2021-12-02,Imperial,025,180216,35708,35206,3747,38953,776
2021-12-02,Inyo,027,18085,2570,2538,41,2579,46
2021-12-02,Kern,029,883053,133072,131771,24074,155845,1817
2021-12-02,Kings,031,150075,33619,33183,2053,35236,367
2021-12-02,Lake,033,64148,6956,6903,152,7055,113
2021-12-02,Lassen,035,31185,7061,7014,430,7444,51
2021-12-02,Los Angeles,037,10098052,1473122,1463270,56626,1519896,26952
2021-12-02,Madera,039,155013,24438,24188,2289,26477,307
2021-12-02,Marin,041,260295,18293,18075,525,18600,249
2021-12-02,Mariposa,043,17540,1446,1421,59,1480,6
2021-12-02,Mendocino,045,87422,8124,7981,657,8638,91
2021-12-02,Merced,047,269075,43648,43337,2006,45343,671
2021-12-02,Modoc,049,8938,595,591,202,793,6
2021-12-02,Mono,051,14174,1904,1883,21,1904,4
2021-12-02,Monterey,053,433212,49938,48682,3248,51930,626
2021-12-02,Napa,055,140530,13427,13327,122,13449,106
2021-12-02,Nevada,057,99092,9884,9752,354,10106,105
2021-12-02,Orange,059,3164182,316013,313112,16174,329286,5748
2021-12-02,Placer,061,380077,38976,38460,3917,42377,473
2021-12-02,Plumas,063,18699,1938,1903,47,1950,7
2021-12-02,Riverside,065,2383286,376891,371768,16816,388584,5381
2021-12-02,Sacramento,067,1510023,165329,163900,5045,168945,2365
2021-12-02,San Benito,069,59416,7743,7688,185,7873,78
2021-12-02,San Bernardino,071,2135413,367862,364154,11749,375903,5983
2021-12-02,San Diego,073,3302833,391168,386710,22516,409226,4350
2021-12-02,San Francisco,075,870044,55070,54286,2491,56777,674
2021-12-02,San Joaquin,077,732212,103103,102286,5682,107968,1835
2021-12-02,San Luis Obispo,079,281455,30628,30318,1327,31645,360
2021-12-02,San Mateo,081,765935,56088,54774,992,55766,579
2021-12-02,Santa Barbara,083,443738,46666,45774,1700,47474,555
2021-12-02,Santa Clara,085,1922200,152982,151275,1601,152876,1928
2021-12-02,Santa Cruz,087,273765,21557,21286,1048,22334,224
2021-12-02,Shasta,089,179085,22670,22418,3759,26177,414
2021-12-02,Sierra,091,2930,201,196,21,217,0
2021-12-02,Siskiyou,093,43540,3458,3398,1359,4757,57
2021-12-02,Solano,095,438530,47308,46529,1323,47852,360
2021-12-02,Sonoma,097,501317,43222,42778,563,43341,405
2021-12-02,Stanislaus,099,539301,82260,81462,9261,90723,1231
2021-12-02,Sutter,101,95872,14335,14258,398,14656,186
2021-12-02,Tehama,103,63373,8806,8742,1551,10293,131
2021-12-02,Trinity,105,12862,909,801,227,1028,17
2021-12-02,Tulare,107,460477,71084,70014,16313,86327,1100
2021-12-02,Tuolumne,109,53932,7737,7676,107,7783,91
2021-12-02,Ventura,111,848112,100846,99751,4471,104222,1192
2021-12-02,Yolo,113,214977,20590,20442,1261,21703,261
2021-12-02,Yuba,115,75493,10516,10418,382,10800,91
2021-12-01,Alameda,001,1643700,123349,122298,2969,125267,1492
2021-12-01,Alpine,003,1148,108,108,0,108,0
2021-12-01,Amador,005,37829,5770,5723,68,5791,67
2021-12-01,Butte,007,227075,21841,21600,3936,25536,318
2021-12-01,Calaveras,009,45235,4432,4371,62,4433,88
2021-12-01,Colusa,011,21464,2623,2595,680,3275,20
2021-12-01,Contra Costa,013,1133247,102373,101651,2352,104003,1048
2021-12-01,Del Norte,015,27424,3787,3722,56,3778,42
2021-12-01,El Dorado,017,186661,16821,16575,1781,18356,166
2021-12-01,Fresno,019,978130,146186,144507,12675,157182,2264
2021-12-01,Glenn,021,27897,3592,3556,1010,4566,36
2021-12-01,Humboldt,023,135768,9694,9573,685,10258,117
2021-12-01,Imperial,025,180216,35627,35085,3720,38805,776
2021-12-01,Inyo,027,18085,2566,2533,41,2574,46
2021-12-01,Kern,029,883053,132925,131580,24021,155601,1804
2021-12-01,Kings,031,150075,33569,33112,2052,35164,364
2021-12-01,Lake,033,64148,6948,6896,151,7047,112
2021-12-01,Lassen,035,31185,7055,7008,428,7436,51
2021-12-01,Los Angeles,037,10098052,1471540,1461394,56531,1517925,26928
2021-12-01,Madera,039,155013,24406,24134,2280,26414,307
2021-12-01,Marin,041,260295,18256,18038,519,18557,249
2021-12-01,Mariposa,043,17540,1442,1415,59,1474,6
2021-12-01,Mendocino,045,87422,8110,7966,652,8618,90
2021-12-01,Merced,047,269075,43592,43259,1985,45244,670
2021-12-01,Modoc,049,8938,595,576,202,778,5
2021-12-01,Mono,051,14174,1903,1876,21,1897,4
2021-12-01,Monterey,053,433212,49889,48611,3239,51850,626
2021-12-01,Napa,055,140530,13410,13319,120,13439,107
2021-12-01,Nevada,057,99092,9871,9706,354,10060,105
2021-12-01,Orange,059,3164182,315652,312772,16136,328908,5735
2021-12-01,Placer,061,380077,38920,38373,3911,42284,472
2021-12-01,Plumas,063,18699,1934,1893,47,1940,7
2021-12-01,Riverside,065,2383286,376369,371189,16800,387989,5369
2021-12-01,Sacramento,067,1510023,165117,163616,5025,168641,2360
2021-12-01,San Benito,069,59416,7729,7669,185,7854,78
2021-12-01,San Bernardino,071,2135413,367286,363368,11724,375092,5973
2021-12-01,San Diego,073,3302833,390372,386056,22464,408520,4346
2021-12-01,San Francisco,075,870044,54989,54199,2484,56683,672
2021-12-01,San Joaquin,077,732212,102996,102109,5681,107790,1834
2021-12-01,San Luis Obispo,079,281455,30587,30238,1323,31561,360
2021-12-01,San Mateo,081,765935,56006,54711,988,55699,579
2021-12-01,Santa Barbara,083,443738,46596,45681,1698,47379,554
2021-12-01,Santa Clara,085,1922200,152763,150961,1584,152545,1925
2021-12-01,Santa Cruz,087,273765,21527,21191,1047,22238,224
2021-12-01,Shasta,089,179085,22638,22375,3753,26128,410
2021-12-01,Sierra,091,2930,201,195,21,216,0
2021-12-01,Siskiyou,093,43540,3455,3391,1359,4750,55
2021-12-01,Solano,095,438530,47265,46485,1323,47808,360
2021-12-01,Sonoma,097,501317,43149,42713,562,43275,405
2021-12-01,Stanislaus,099,539301,82163,81330,9251,90581,1231
2021-12-01,Sutter,101,95872,14320,14229,397,14626,186
2021-12-01,Tehama,103,63373,8796,8728,1551,10279,130
2021-12-01,Trinity,105,12862,904,801,227,1028,17
2021-12-01,Tulare,107,460477,71006,69953,16273,86226,1098
2021-12-01,Tuolumne,109,53932,7729,7655,107,7762,91
2021-12-01,Ventura,111,848112,100739,99680,4460,104140,1191
2021-12-01,Yolo,113,214977,20561,20393,1261,21654,260
2021-12-01,Yuba,115,75493,10504,10401,381,10782,89
2021-11-30,Alameda,001,1643700,123187,122196,2960,125156,1489
2021-11-30,Alpine,003,1148,108,108,0,108,0
2021-11-30,Amador,005,37829,5762,5716,68,5784,66
2021-11-30,Butte,007,227075,21812,21565,3927,25492,318
2021-11-30,Calaveras,009,45235,4414,4360,62,4422,88
2021-11-30,Colusa,011,21464,2622,2592,680,3272,21
2021-11-30,Contra Costa,013,1133247,102236,101538,2345,103883,1046
2021-11-30,Del Norte,015,27424,3781,3718,56,3774,42
2021-11-30,El Dorado,017,186661,16793,16558,1775,18333,166
2021-11-30,Fresno,019,978130,145989,144384,12667,157051,2259
2021-11-30,Glenn,021,27897,3587,3555,1009,4564,36
2021-11-30,Humboldt,023,135768,9663,9539,679,10218,116
2021-11-30,Imperial,025,180216,35518,34999,3692,38691,773
2021-11-30,Inyo,027,18085,2557,2530,41,2571,46
2021-11-30,Kern,029,883053,132752,131451,23965,155416,1799
2021-11-30,Kings,031,150075,33519,33074,2048,35122,362
2021-11-30,Lake,033,64148,6943,6892,149,7041,110
2021-11-30,Lassen,035,31185,7051,7003,427,7430,51
2021-11-30,Los Angeles,037,10098052,1469759,1460177,56426,1516603,26913
2021-11-30,Madera,039,155013,24372,24108,2275,26383,307
2021-11-30,Marin,041,260295,18212,18010,517,18527,249
2021-11-30,Mariposa,043,17540,1436,1412,59,1471,6
2021-11-30,Mendocino,045,87422,8081,7960,646,8606,89
2021-11-30,Merced,047,269075,43523,43200,1978,45178,668
2021-11-30,Modoc,049,8938,594,576,202,778,5
2021-11-30,Mono,051,14174,1898,1873,21,1894,4
2021-11-30,Monterey,053,433212,49825,48581,3229,51810,626
2021-11-30,Napa,055,140530,13390,13308,120,13428,105
2021-11-30,Nevada,057,99092,9855,9699,353,10052,105
2021-11-30,Orange,059,3164182,315234,312451,16095,328546,5724
2021-11-30,Placer,061,380077,38819,38324,3903,42227,470
2021-11-30,Plumas,063,18699,1929,1887,46,1933,7
2021-11-30,Riverside,065,2383286,375686,370739,16775,387514,5358
2021-11-30,Sacramento,067,1510023,164835,163420,5002,168422,2353
2021-11-30,San Benito,069,59416,7707,7645,184,7829,78
2021-11-30,San Bernardino,071,2135413,366621,363006,11701,374707,5967
2021-11-30,San Diego,073,3302833,389441,385405,22420,407825,4340
2021-11-30,San Francisco,075,870044,54883,54147,2475,56622,672
2021-11-30,San Joaquin,077,732212,102870,101972,5673,107645,1834
2021-11-30,San Luis Obispo,079,281455,30562,30200,1320,31520,360
2021-11-30,San Mateo,081,765935,55906,54656,978,55634,579
2021-11-30,Santa Barbara,083,443738,46500,45628,1692,47320,553
2021-11-30,Santa Clara,085,1922200,152502,150799,1565,152364,1929
2021-11-30,Santa Cruz,087,273765,21468,21169,1043,22212,224
2021-11-30,Shasta,089,179085,22608,22347,3750,26097,401
2021-11-30,Sierra,091,2930,198,195,21,216,0
2021-11-30,Siskiyou,093,43540,3451,3385,1356,4741,55
2021-11-30,Solano,095,438530,47202,46434,1317,47751,358
2021-11-30,Sonoma,097,501317,43071,42663,561,43224,405
2021-11-30,Stanislaus,099,539301,82059,81276,9226,90502,1227
2021-11-30,Sutter,101,95872,14310,14210,394,14604,186
2021-11-30,Tehama,103,63373,8789,8727,1550,10277,130
2021-11-30,Trinity,105,12862,903,799,227,1026,17
2021-11-30,Tulare,107,460477,70917,69900,16227,86127,1099
2021-11-30,Tuolumne,109,53932,7714,7643,107,7750,91
2021-11-30,Ventura,111,848112,100585,99601,4448,104049,1191
2021-11-30,Yolo,113,214977,20522,20376,1255,21631,260
2021-11-30,Yuba,115,75493,10485,10398,376,10774,89
2021-11-29,Alameda,001,1643700,123033,122136,2950,125086,1489
2021-11-29,Alpine,003,1148,108,108,0,108,0
2021-11-29,Amador,005,37829,5755,5706,68,5774,66
2021-11-29,Butte,007,227075,21785,21544,3921,25465,314
2021-11-29,Calaveras,009,45235,4398,4353,62,4415,88
2021-11-29,Colusa,011,21464,2620,2585,677,3262,20
2021-11-29,Contra Costa,013,1133247,102092,101441,2337,103778,1046
2021-11-29,Del Norte,015,27424,3777,3704,56,3760,42
2021-11-29,El Dorado,017,186661,16775,16534,1770,18304,166
2021-11-29,Fresno,019,978130,145785,144282,12651,156933,2254
2021-11-29,Glenn,021,27897,3584,3555,1008,4563,36
2021-11-29,Humboldt,023,135768,9646,9514,672,10186,115
2021-11-29,Imperial,025,180216,35454,34960,3672,38632,773
2021-11-29,Inyo,027,18085,2552,2529,41,2570,46
2021-11-29,Kern,029,883053,132567,131362,23924,155286,1789
2021-11-29,Kings,031,150075,33466,33059,2044,35103,363
2021-11-29,Lake,033,64148,6931,6889,149,7038,110
2021-11-29,Lassen,035,31185,7048,7003,425,7428,51
2021-11-29,Los Angeles,037,10098052,1467916,1459446,56339,1515785,26889
2021-11-29,Madera,039,155013,24334,24069,2267,26336,307
2021-11-29,Marin,041,260295,18165,17980,512,18492,249
2021-11-29,Mariposa,043,17540,1428,1409,59,1468,6
2021-11-29,Mendocino,045,87422,8064,7954,642,8596,89
2021-11-29,Merced,047,269075,43449,43167,1971,45138,667
2021-11-29,Modoc,049,8938,593,569,202,771,5
2021-11-29,Mono,051,14174,1877,1859,21,1880,4
2021-11-29,Monterey,053,433212,49765,48548,3213,51761,626
2021-11-29,Napa,055,140530,13380,13304,120,13424,104
2021-11-29,Nevada,057,99092,9841,9689,353,10042,105
2021-11-29,Orange,059,3164182,314836,312203,16050,328253,5709
2021-11-29,Placer,061,380077,38754,38261,3898,42159,470
2021-11-29,Plumas,063,18699,1926,1884,46,1930,7
2021-11-29,Riverside,065,2383286,375153,370334,16764,387098,5358
2021-11-29,Sacramento,067,1510023,164584,163282,4968,168250,2342
2021-11-29,San Benito,069,59416,7687,7631,183,7814,77
2021-11-29,San Bernardino,071,2135413,366031,362694,11670,374364,5962
2021-11-29,San Diego,073,3302833,388550,384853,22389,407242,4335
2021-11-29,San Francisco,075,870044,54785,54125,2471,56596,669
2021-11-29,San Joaquin,077,732212,102734,101927,5666,107593,1834
2021-11-29,San Luis Obispo,079,281455,30528,30165,1316,31481,359
2021-11-29,San Mateo,081,765935,55804,54622,974,55596,579
2021-11-29,Santa Barbara,083,443738,46403,45576,1688,47264,549
2021-11-29,Santa Clara,085,1922200,152231,150620,1559,152179,1925
2021-11-29,Santa Cruz,087,273765,21430,21149,1041,22190,224
2021-11-29,Shasta,089,179085,22574,22315,3746,26061,399
2021-11-29,Sierra,091,2930,198,195,21,216,0
2021-11-29,Siskiyou,093,43540,3448,3374,1349,4723,55
2021-11-29,Solano,095,438530,47150,46412,1315,47727,357
2021-11-29,Sonoma,097,501317,42998,42624,558,43182,405
2021-11-29,Stanislaus,099,539301,81977,81227,9209,90436,1223
2021-11-29,Sutter,101,95872,14294,14204,391,14595,186
2021-11-29,Tehama,103,63373,8784,8720,1545,10265,130
2021-11-29,Trinity,105,12862,898,798,227,1025,17
2021-11-29,Tulare,107,460477,70840,69850,16192,86042,1096
2021-11-29,Tuolumne,109,53932,7701,7627,106,7733,90
2021-11-29,Ventura,111,848112,100464,99520,4438,103958,1190
2021-11-29,Yolo,113,214977,20478,20344,1252,21596,257
2021-11-29,Yuba,115,75493,10468,10395,375,10770,89
2021-11-28,Alameda,001,1643700,122819,122082,2943,125025,1491
2021-11-28,Alpine,003,1148,108,108,0,108,0
2021-11-28,Amador,005,37829,5745,5703,68,5771,66
2021-11-28,Butte,007,227075,21747,21530,3919,25449,313
2021-11-28,Calaveras,009,45235,4376,4350,62,4412,88
2021-11-28,Colusa,011,21464,2616,2586,676,3262,19
2021-11-28,Contra Costa,013,1133247,101920,101355,2326,103681,1046
2021-11-28,Del Norte,015,27424,3772,3703,56,3759,42
2021-11-28,El Dorado,017,186661,16734,16527,1769,18296,166
2021-11-28,Fresno,019,978130,145541,144164,12630,156794,2252
2021-11-28,Glenn,021,27897,3582,3547,1006,4553,36
2021-11-28,Humboldt,023,135768,9614,9499,668,10167,115
2021-11-28,Imperial,025,180216,35346,34929,3649,38578,773
2021-11-28,Inyo,027,18085,2545,2531,41,2572,46
2021-11-28,Kern,029,883053,132359,131279,23868,155147,1789
2021-11-28,Kings,031,150075,33391,33057,2037,35094,364
2021-11-28,Lake,033,64148,6921,6885,148,7033,110
2021-11-28,Lassen,035,31185,7040,7002,421,7423,51
2021-11-28,Los Angeles,037,10098052,1465752,1458646,56251,1514897,26878
2021-11-28,Madera,039,155013,24286,24055,2260,26315,307
2021-11-28,Marin,041,260295,18116,17962,508,18470,249
2021-11-28,Mariposa,043,17540,1424,1406,59,1465,6
2021-11-28,Mendocino,045,87422,8034,7943,637,8580,89
2021-11-28,Merced,047,269075,43383,43166,1956,45122,667
2021-11-28,Modoc,049,8938,592,569,202,771,5
2021-11-28,Mono,051,14174,1872,1841,21,1862,4
2021-11-28,Monterey,053,433212,49700,48537,3193,51730,626
2021-11-28,Napa,055,140530,13368,13303,120,13423,104
2021-11-28,Nevada,057,99092,9813,9684,352,10036,105
2021-11-28,Orange,059,3164182,314455,312028,16006,328034,5693
2021-11-28,Placer,061,380077,38672,38240,3879,42119,470
2021-11-28,Plumas,063,18699,1920,1884,45,1929,7
2021-11-28,Riverside,065,2383286,374498,370051,16742,386793,5358
2021-11-28,Sacramento,067,1510023,164228,163170,4945,168115,2335
2021-11-28,San Benito,069,59416,7669,7623,182,7805,77
2021-11-28,San Bernardino,071,2135413,365319,362407,11645,374052,5958
2021-11-28,San Diego,073,3302833,387659,383025,22325,405350,4325
2021-11-28,San Francisco,075,870044,54709,54082,2468,56550,669
2021-11-28,San Joaquin,077,732212,102551,101895,5649,107544,1834
2021-11-28,San Luis Obispo,079,281455,30465,30152,1312,31464,358
2021-11-28,San Mateo,081,765935,55710,54567,970,55537,579
2021-11-28,Santa Barbara,083,443738,46324,45551,1677,47228,549
2021-11-28,Santa Clara,085,1922200,151924,150436,1544,151980,1920
2021-11-28,Santa Cruz,087,273765,21359,21110,1040,22150,224
2021-11-28,Shasta,089,179085,22533,22316,3744,26060,400
2021-11-28,Sierra,091,2930,198,195,21,216,0
2021-11-28,Siskiyou,093,43540,3442,3372,1345,4717,55
2021-11-28,Solano,095,438530,47088,46385,1314,47699,356
2021-11-28,Sonoma,097,501317,42914,42583,555,43138,405
2021-11-28,Stanislaus,099,539301,81852,81181,9192,90373,1223
2021-11-28,Sutter,101,95872,14273,14192,385,14577,186
2021-11-28,Tehama,103,63373,8776,8720,1541,10261,130
2021-11-28,Trinity,105,12862,897,797,227,1024,17
2021-11-28,Tulare,107,460477,70745,69833,16138,85971,1095
2021-11-28,Tuolumne,109,53932,7681,7620,106,7726,90
2021-11-28,Ventura,111,848112,100308,99486,4427,103913,1190
2021-11-28,Yolo,113,214977,20437,20333,1251,21584,257
2021-11-28,Yuba,115,75493,10450,10391,373,10764,89
2021-11-27,Alameda,001,1643700,122726,121618,2940,124558,1477
2021-11-27,Alpine,003,1148,108,106,0,106,0
2021-11-27,Amador,005,37829,5744,5670,68,5738,66
2021-11-27,Butte,007,227075,21724,21384,3914,25298,309
2021-11-27,Calaveras,009,45235,4370,4294,62,4356,85
2021-11-27,Colusa,011,21464,2615,2568,674,3242,19
2021-11-27,Contra Costa,013,1133247,101838,100961,2325,103286,1045
2021-11-27,Del Norte,015,27424,3765,3661,56,3717,42
2021-11-27,El Dorado,017,186661,16699,16399,1768,18167,161
2021-11-27,Fresno,019,978130,145432,143386,12625,156011,2246
2021-11-27,Glenn,021,27897,3580,3532,1006,4538,36
2021-11-27,Humboldt,023,135768,9586,9399,666,10065,115
2021-11-27,Imperial,025,180216,35263,34611,3633,38244,769
2021-11-27,Inyo,027,18085,2542,2506,41,2547,45
2021-11-27,Kern,029,883053,132274,130245,23839,154084,1773
2021-11-27,Kings,031,150075,33369,32891,2035,34926,358
2021-11-27,Lake,033,64148,6918,6836,147,6983,110
2021-11-27,Lassen,035,31185,7038,6959,420,7379,47
2021-11-27,Los Angeles,037,10098052,1464757,1454495,56181,1510676,26817
2021-11-27,Madera,039,155013,24266,23880,2256,26136,296
2021-11-27,Marin,041,260295,18078,17857,503,18360,248
2021-11-27,Mariposa,043,17540,1422,1374,59,1433,6
2021-11-27,Mendocino,045,87422,8015,7871,637,8508,89
2021-11-27,Merced,047,269075,43348,42921,1953,44874,664
2021-11-27,Modoc,049,8938,590,551,202,753,5
2021-11-27,Mono,051,14174,1871,1810,21,1831,4
2021-11-27,Monterey,053,433212,49667,48400,3179,51579,625
2021-11-27,Napa,055,140530,13354,13256,120,13376,104
2021-11-27,Nevada,057,99092,9791,9584,351,9935,103
2021-11-27,Orange,059,3164182,314203,310809,15969,326778,5665
2021-11-27,Placer,061,380077,38611,38001,3873,41874,468
2021-11-27,Plumas,063,18699,1916,1860,45,1905,7
2021-11-27,Riverside,065,2383286,374139,367601,16735,384336,5306
2021-11-27,Sacramento,067,1510023,164074,162328,4942,167270,2335
2021-11-27,San Benito,069,59416,7652,7575,182,7757,77
2021-11-27,San Bernardino,071,2135413,364887,360033,11636,371669,5932
2021-11-27,San Diego,073,3302833,387159,382634,22299,404933,4319
2021-11-27,San Francisco,075,870044,54659,53830,2465,56295,669
2021-11-27,San Joaquin,077,732212,102484,101368,5647,107015,1833
2021-11-27,San Luis Obispo,079,281455,30430,29983,1308,31291,358
2021-11-27,San Mateo,081,765935,55654,54360,966,55326,577
2021-11-27,Santa Barbara,083,443738,46270,45318,1675,46993,548
2021-11-27,Santa Clara,085,1922200,151718,149700,1538,151238,1922
2021-11-27,Santa Cruz,087,273765,21319,20929,1037,21966,222
2021-11-27,Shasta,089,179085,22510,22151,3743,25894,396
2021-11-27,Sierra,091,2930,197,194,21,215,0
2021-11-27,Siskiyou,093,43540,3439,3336,1343,4679,54
2021-11-27,Solano,095,438530,47052,46163,1311,47474,356
2021-11-27,Sonoma,097,501317,42851,42368,555,42923,405
2021-11-27,Stanislaus,099,539301,81779,80782,9174,89956,1220
2021-11-27,Sutter,101,95872,14265,14127,384,14511,181
2021-11-27,Tehama,103,63373,8774,8675,1540,10215,129
2021-11-27,Trinity,105,12862,897,789,227,1016,17
2021-11-27,Tulare,107,460477,70693,69377,16122,85499,1082
2021-11-27,Tuolumne,109,53932,7668,7574,106,7680,90
2021-11-27,Ventura,111,848112,100234,99163,4419,103582,1188
2021-11-27,Yolo,113,214977,20416,20237,1242,21479,257
2021-11-27,Yuba,115,75493,10440,10335,373,10708,88
2021-11-26,Alameda,001,1643700,122623,121618,2938,124556,1477
2021-11-26,Alpine,003,1148,108,106,0,106,0
2021-11-26,Amador,005,37829,5740,5670,68,5738,66
2021-11-26,Butte,007,227075,21701,21384,3909,25293,309
2021-11-26,Calaveras,009,45235,4361,4294,62,4356,85
2021-11-26,Colusa,011,21464,2613,2568,673,3241,19
2021-11-26,Contra Costa,013,1133247,101751,100961,2321,103282,1045
2021-11-26,Del Norte,015,27424,3762,3661,56,3717,42
2021-11-26,El Dorado,017,186661,16682,16399,1765,18164,161
2021-11-26,Fresno,019,978130,145300,143386,12616,156002,2246
2021-11-26,Glenn,021,27897,3573,3532,1006,4538,36
2021-11-26,Humboldt,023,135768,9567,9399,662,10061,115
2021-11-26,Imperial,025,180216,35206,34611,3620,38231,769
2021-11-26,Inyo,027,18085,2542,2506,41,2547,45
2021-11-26,Kern,029,883053,132191,130245,23795,154040,1773
2021-11-26,Kings,031,150075,33345,32891,2033,34924,358
2021-11-26,Lake,033,64148,6916,6836,147,6983,110
2021-11-26,Lassen,035,31185,7032,6959,420,7379,47
2021-11-26,Los Angeles,037,10098052,1463918,1454495,56119,1510614,26817
2021-11-26,Madera,039,155013,24239,23880,2254,26134,296
2021-11-26,Marin,041,260295,18049,17857,503,18360,248
2021-11-26,Mariposa,043,17540,1416,1374,58,1432,6
2021-11-26,Mendocino,045,87422,8005,7871,637,8508,89
2021-11-26,Merced,047,269075,43317,42921,1948,44869,664
2021-11-26,Modoc,049,8938,588,551,202,753,5
2021-11-26,Mono,051,14174,1859,1810,21,1831,4
2021-11-26,Monterey,053,433212,49623,48400,3172,51572,625
2021-11-26,Napa,055,140530,13338,13256,120,13376,104
2021-11-26,Nevada,057,99092,9780,9584,351,9935,103
2021-11-26,Orange,059,3164182,313930,310809,15937,326746,5665
2021-11-26,Placer,061,380077,38566,38001,3865,41866,468
2021-11-26,Plumas,063,18699,1911,1860,45,1905,7
2021-11-26,Riverside,065,2383286,373739,367601,16728,384329,5306
2021-11-26,Sacramento,067,1510023,163963,162328,4937,167265,2335
2021-11-26,San Benito,069,59416,7644,7575,182,7757,77
2021-11-26,San Bernardino,071,2135413,364456,360033,11629,371662,5932
2021-11-26,San Diego,073,3302833,386603,382634,22287,404921,4319
2021-11-26,San Francisco,075,870044,54610,53830,2463,56293,669
2021-11-26,San Joaquin,077,732212,102427,101368,5646,107014,1833
2021-11-26,San Luis Obispo,079,281455,30388,29983,1305,31288,358
2021-11-26,San Mateo,081,765935,55592,54360,965,55325,577
2021-11-26,Santa Barbara,083,443738,46223,45318,1674,46992,548
2021-11-26,Santa Clara,085,1922200,151550,149700,1530,151230,1922
2021-11-26,Santa Cruz,087,273765,21279,20929,1037,21966,222
2021-11-26,Shasta,089,179085,22491,22151,3741,25892,396
2021-11-26,Sierra,091,2930,197,194,21,215,0
2021-11-26,Siskiyou,093,43540,3436,3336,1342,4678,54
2021-11-26,Solano,095,438530,47009,46163,1310,47473,356
2021-11-26,Sonoma,097,501317,42800,42368,553,42921,405
2021-11-26,Stanislaus,099,539301,81703,80782,9163,89945,1220
2021-11-26,Sutter,101,95872,14252,14127,383,14510,181
2021-11-26,Tehama,103,63373,8772,8675,1539,10214,129
2021-11-26,Trinity,105,12862,896,789,227,1016,17
2021-11-26,Tulare,107,460477,70650,69377,16090,85467,1082
2021-11-26,Tuolumne,109,53932,7658,7574,106,7680,90
2021-11-26,Ventura,111,848112,100154,99163,4414,103577,1188
2021-11-26,Yolo,113,214977,20395,20237,1236,21473,257
2021-11-26,Yuba,115,75493,10434,10335,373,10708,88
2021-11-25,Alameda,001,1643700,122516,121618,2933,124551,1477
2021-11-25,Alpine,003,1148,108,106,0,106,0
2021-11-25,Amador,005,37829,5732,5670,68,5738,66
2021-11-25,Butte,007,227075,21683,21384,3907,25291,309
2021-11-25,Calaveras,009,45235,4356,4294,62,4356,85
2021-11-25,Colusa,011,21464,2610,2568,671,3239,19
2021-11-25,Contra Costa,013,1133247,101646,100961,2316,103277,1045
2021-11-25,Del Norte,015,27424,3757,3661,56,3717,42
2021-11-25,El Dorado,017,186661,16663,16399,1764,18163,161
2021-11-25,Fresno,019,978130,145167,143386,12609,155995,2246
2021-11-25,Glenn,021,27897,3572,3532,1006,4538,36
2021-11-25,Humboldt,023,135768,9548,9399,659,10058,115
2021-11-25,Imperial,025,180216,35161,34611,3607,38218,769
2021-11-25,Inyo,027,18085,2540,2506,41,2547,45
2021-11-25,Kern,029,883053,132093,130245,23749,153994,1773
2021-11-25,Kings,031,150075,33317,32891,2032,34923,358
2021-11-25,Lake,033,64148,6909,6836,147,6983,110
2021-11-25,Lassen,035,31185,7030,6959,419,7378,47
2021-11-25,Los Angeles,037,10098052,1462958,1454495,56060,1510555,26817
2021-11-25,Madera,039,155013,24204,23880,2253,26133,296
2021-11-25,Marin,041,260295,18022,17857,498,18355,248
2021-11-25,Mariposa,043,17540,1413,1374,58,1432,6
2021-11-25,Mendocino,045,87422,7987,7871,637,8508,89
2021-11-25,Merced,047,269075,43278,42921,1943,44864,664
2021-11-25,Modoc,049,8938,587,551,202,753,5
2021-11-25,Mono,051,14174,1847,1810,21,1831,4
2021-11-25,Monterey,053,433212,49579,48400,3163,51563,625
2021-11-25,Napa,055,140530,13330,13256,120,13376,104
2021-11-25,Nevada,057,99092,9761,9584,348,9932,103
2021-11-25,Orange,059,3164182,313665,310809,15906,326715,5665
2021-11-25,Placer,061,380077,38518,38001,3859,41860,468
2021-11-25,Plumas,063,18699,1909,1860,45,1905,7
2021-11-25,Riverside,065,2383286,373326,367601,16721,384322,5306
2021-11-25,Sacramento,067,1510023,163781,162328,4931,167259,2335
2021-11-25,San Benito,069,59416,7637,7575,182,7757,77
2021-11-25,San Bernardino,071,2135413,364063,360033,11614,371647,5932
2021-11-25,San Diego,073,3302833,386158,382634,22267,404901,4319
2021-11-25,San Francisco,075,870044,54560,53830,2460,56290,669
2021-11-25,San Joaquin,077,732212,102343,101368,5642,107010,1833
2021-11-25,San Luis Obispo,079,281455,30358,29983,1303,31286,358
2021-11-25,San Mateo,081,765935,55543,54360,963,55323,577
2021-11-25,Santa Barbara,083,443738,46186,45318,1672,46990,548
2021-11-25,Santa Clara,085,1922200,151393,149700,1525,151225,1922
2021-11-25,Santa Cruz,087,273765,21247,20929,1037,21966,222
2021-11-25,Shasta,089,179085,22465,22151,3741,25892,396
2021-11-25,Sierra,091,2930,197,194,21,215,0
2021-11-25,Siskiyou,093,43540,3433,3336,1342,4678,54
2021-11-25,Solano,095,438530,46972,46163,1309,47472,356
2021-11-25,Sonoma,097,501317,42743,42368,549,42917,405
2021-11-25,Stanislaus,099,539301,81632,80782,9149,89931,1220
2021-11-25,Sutter,101,95872,14236,14127,382,14509,181
2021-11-25,Tehama,103,63373,8764,8675,1539,10214,129
2021-11-25,Trinity,105,12862,896,789,227,1016,17
2021-11-25,Tulare,107,460477,70585,69377,16063,85440,1082
2021-11-25,Tuolumne,109,53932,7647,7574,106,7680,90
2021-11-25,Ventura,111,848112,100085,99163,4411,103574,1188
2021-11-25,Yolo,113,214977,20366,20237,1232,21469,257
2021-11-25,Yuba,115,75493,10425,10335,372,10707,88
2021-11-24,Alameda,001,1643700,122452,121618,2929,124547,1477
2021-11-24,Alpine,003,1148,108,106,0,106,0
2021-11-24,Amador,005,37829,5722,5670,68,5738,66
2021-11-24,Butte,007,227075,21668,21384,3906,25290,309
2021-11-24,Calaveras,009,45235,4349,4294,62,4356,85
2021-11-24,Colusa,011,21464,2610,2568,670,3238,19
2021-11-24,Contra Costa,013,1133247,101609,100961,2313,103274,1045
2021-11-24,Del Norte,015,27424,3754,3661,56,3717,42
2021-11-24,El Dorado,017,186661,16651,16399,1763,18162,161
2021-11-24,Fresno,019,978130,145112,143386,12609,155995,2246
2021-11-24,Glenn,021,27897,3570,3532,1005,4537,36
2021-11-24,Humboldt,023,135768,9534,9399,659,10058,115
2021-11-24,Imperial,025,180216,35133,34611,3601,38212,769
2021-11-24,Inyo,027,18085,2537,2506,41,2547,45
2021-11-24,Kern,029,883053,132029,130245,23737,153982,1773
2021-11-24,Kings,031,150075,33304,32891,2030,34921,358
2021-11-24,Lake,033,64148,6905,6836,147,6983,110
2021-11-24,Lassen,035,31185,7030,6959,419,7378,47
2021-11-24,Los Angeles,037,10098052,1462475,1454495,56017,1510512,26817
2021-11-24,Madera,039,155013,24181,23880,2247,26127,296
2021-11-24,Marin,041,260295,18010,17857,496,18353,248
2021-11-24,Mariposa,043,17540,1413,1374,58,1432,6
2021-11-24,Mendocino,045,87422,7975,7871,637,8508,89
2021-11-24,Merced,047,269075,43246,42921,1940,44861,664
2021-11-24,Modoc,049,8938,587,551,202,753,5
2021-11-24,Mono,051,14174,1846,1810,21,1831,4
2021-11-24,Monterey,053,433212,49566,48400,3161,51561,625
2021-11-24,Napa,055,140530,13326,13256,120,13376,104
2021-11-24,Nevada,057,99092,9746,9584,348,9932,103
2021-11-24,Orange,059,3164182,313509,310809,15893,326702,5665
2021-11-24,Placer,061,380077,38485,38001,3857,41858,468
2021-11-24,Plumas,063,18699,1907,1860,45,1905,7
2021-11-24,Riverside,065,2383286,373146,367601,16715,384316,5306
2021-11-24,Sacramento,067,1510023,163708,162328,4931,167259,2335
2021-11-24,San Benito,069,59416,7635,7575,182,7757,77
2021-11-24,San Bernardino,071,2135413,363854,360033,11603,371636,5932
2021-11-24,San Diego,073,3302833,385903,382634,22254,404888,4319
2021-11-24,San Francisco,075,870044,54529,53830,2458,56288,669
2021-11-24,San Joaquin,077,732212,102302,101368,5639,107007,1833
2021-11-24,San Luis Obispo,079,281455,30340,29983,1303,31286,358
2021-11-24,San Mateo,081,765935,55513,54360,962,55322,577
2021-11-24,Santa Barbara,083,443738,46159,45318,1672,46990,548
2021-11-24,Santa Clara,085,1922200,151297,149700,1525,151225,1922
2021-11-24,Santa Cruz,087,273765,21223,20929,1036,21965,222
2021-11-24,Shasta,089,179085,22454,22151,3738,25889,396
2021-11-24,Sierra,091,2930,197,194,21,215,0
2021-11-24,Siskiyou,093,43540,3431,3336,1342,4678,54
2021-11-24,Solano,095,438530,46944,46163,1307,47470,356
2021-11-24,Sonoma,097,501317,42712,42368,547,42915,405
2021-11-24,Stanislaus,099,539301,81594,80782,9144,89926,1220
2021-11-24,Sutter,101,95872,14223,14127,380,14507,181
2021-11-24,Tehama,103,63373,8761,8675,1538,10213,129
2021-11-24,Trinity,105,12862,896,789,227,1016,17
2021-11-24,Tulare,107,460477,70561,69377,16044,85421,1082
2021-11-24,Tuolumne,109,53932,7643,7574,106,7680,90
2021-11-24,Ventura,111,848112,100050,99163,4407,103570,1188
2021-11-24,Yolo,113,214977,20358,20237,1231,21468,257
2021-11-24,Yuba,115,75493,10421,10335,371,10706,88
2021-11-23,Alameda,001,1643700,122338,121618,2921,124539,1477
2021-11-23,Alpine,003,1148,108,106,0,106,0
2021-11-23,Amador,005,37829,5715,5670,68,5738,66
2021-11-23,Butte,007,227075,21639,21384,3902,25286,309
2021-11-23,Calaveras,009,45235,4343,4294,61,4355,85
2021-11-23,Colusa,011,21464,2606,2568,669,3237,19
2021-11-23,Contra Costa,013,1133247,101503,100961,2311,103272,1045
2021-11-23,Del Norte,015,27424,3751,3661,56,3717,42
2021-11-23,El Dorado,017,186661,16619,16399,1760,18159,161
2021-11-23,Fresno,019,978130,144976,143386,12599,155985,2246
2021-11-23,Glenn,021,27897,3564,3532,1005,4537,36
2021-11-23,Humboldt,023,135768,9512,9399,656,10055,115
2021-11-23,Imperial,025,180216,35063,34611,3580,38191,769
2021-11-23,Inyo,027,18085,2533,2506,41,2547,45
2021-11-23,Kern,029,883053,131924,130245,23690,153935,1773
2021-11-23,Kings,031,150075,33264,32891,2029,34920,358
2021-11-23,Lake,033,64148,6900,6836,147,6983,110
2021-11-23,Lassen,035,31185,7026,6959,416,7375,47
2021-11-23,Los Angeles,037,10098052,1461464,1454495,55955,1510450,26817
2021-11-23,Madera,039,155013,24155,23880,2245,26125,296
2021-11-23,Marin,041,260295,17979,17857,492,18349,248
2021-11-23,Mariposa,043,17540,1410,1374,58,1432,6
2021-11-23,Mendocino,045,87422,7954,7871,634,8505,89
2021-11-23,Merced,047,269075,43208,42921,1939,44860,664
2021-11-23,Modoc,049,8938,585,551,202,753,5
2021-11-23,Mono,051,14174,1836,1810,20,1830,4
2021-11-23,Monterey,053,433212,49530,48400,3155,51555,625
2021-11-23,Napa,055,140530,13317,13256,120,13376,104
2021-11-23,Nevada,057,99092,9717,9584,347,9931,103
2021-11-23,Orange,059,3164182,313259,310809,15856,326665,5665
2021-11-23,Placer,061,380077,38427,38001,3840,41841,468
2021-11-23,Plumas,063,18699,1903,1860,45,1905,7
2021-11-23,Riverside,065,2383286,372763,367601,16702,384303,5306
2021-11-23,Sacramento,067,1510023,163525,162328,4919,167247,2335
2021-11-23,San Benito,069,59416,7626,7575,180,7755,77
2021-11-23,San Bernardino,071,2135413,363442,360033,11589,371622,5932
2021-11-23,San Diego,073,3302833,385414,382634,22231,404865,4319
2021-11-23,San Francisco,075,870044,54469,53830,2455,56285,669
2021-11-23,San Joaquin,077,732212,102195,101368,5629,106997,1833
2021-11-23,San Luis Obispo,079,281455,30306,29983,1300,31283,358
2021-11-23,San Mateo,081,765935,55463,54360,960,55320,577
2021-11-23,Santa Barbara,083,443738,46108,45318,1672,46990,548
2021-11-23,Santa Clara,085,1922200,151085,149700,1513,151213,1922
2021-11-23,Santa Cruz,087,273765,21185,20929,1036,21965,222
2021-11-23,Shasta,089,179085,22418,22151,3736,25887,396
2021-11-23,Sierra,091,2930,197,194,21,215,0
2021-11-23,Siskiyou,093,43540,3426,3336,1341,4677,54
2021-11-23,Solano,095,438530,46890,46163,1303,47466,356
2021-11-23,Sonoma,097,501317,42661,42368,544,42912,405
2021-11-23,Stanislaus,099,539301,81524,80782,9131,89913,1220
2021-11-23,Sutter,101,95872,14207,14127,379,14506,181
2021-11-23,Tehama,103,63373,8748,8675,1537,10212,129
2021-11-23,Trinity,105,12862,895,789,227,1016,17
2021-11-23,Tulare,107,460477,70514,69377,16014,85391,1082
2021-11-23,Tuolumne,109,53932,7632,7574,106,7680,90
2021-11-23,Ventura,111,848112,99967,99163,4401,103564,1188
2021-11-23,Yolo,113,214977,20337,20237,1223,21460,257
2021-11-23,Yuba,115,75493,10409,10335,371,10706,88
2021-11-22,Alameda,001,1643700,122227,121566,2918,124484,1475
2021-11-22,Alpine,003,1148,108,106,0,106,0
2021-11-22,Amador,005,37829,5702,5670,68,5738,66
2021-11-22,Butte,007,227075,21600,21363,3896,25259,305
2021-11-22,Calaveras,009,45235,4331,4294,61,4355,84
2021-11-22,Colusa,011,21464,2603,2565,669,3234,19
2021-11-22,Contra Costa,013,1133247,101417,100877,2306,103183,1045
2021-11-22,Del Norte,015,27424,3748,3659,56,3715,42
2021-11-22,El Dorado,017,186661,16596,16378,1757,18135,161
2021-11-22,Fresno,019,978130,144844,143290,12593,155883,2243
2021-11-22,Glenn,021,27897,3559,3530,1004,4534,36
2021-11-22,Humboldt,023,135768,9485,9389,651,10040,115
2021-11-22,Imperial,025,180216,35001,34562,3566,38128,766
2021-11-22,Inyo,027,18085,2527,2501,41,2542,44
2021-11-22,Kern,029,883053,131762,130091,23640,153731,1762
2021-11-22,Kings,031,150075,33228,32867,2024,34891,358
2021-11-22,Lake,033,64148,6895,6837,147,6984,110
2021-11-22,Lassen,035,31185,7025,6954,415,7369,47
2021-11-22,Los Angeles,037,10098052,1460401,1453945,55877,1509822,26800
2021-11-22,Madera,039,155013,24121,23872,2238,26110,296
2021-11-22,Marin,041,260295,17948,17842,490,18332,248
2021-11-22,Mariposa,043,17540,1406,1372,58,1430,6
2021-11-22,Mendocino,045,87422,7938,7859,633,8492,89
2021-11-22,Merced,047,269075,43157,42898,1928,44826,660
2021-11-22,Modoc,049,8938,584,551,202,753,5
2021-11-22,Mono,051,14174,1823,1809,20,1829,4
2021-11-22,Monterey,053,433212,49503,48374,3151,51525,611
2021-11-22,Napa,055,140530,13309,13255,119,13374,104
2021-11-22,Nevada,057,99092,9698,9575,345,9920,96
2021-11-22,Orange,059,3164182,313015,310654,15830,326484,5663
2021-11-22,Placer,061,380077,38382,37956,3832,41788,465
2021-11-22,Plumas,063,18699,1900,1858,45,1903,7
2021-11-22,Riverside,065,2383286,372328,367301,16692,383993,5283
2021-11-22,Sacramento,067,1510023,163332,162222,4910,167132,2328
2021-11-22,San Benito,069,59416,7606,7567,180,7747,77
2021-11-22,San Bernardino,071,2135413,363032,359851,11579,371430,5916
2021-11-22,San Diego,073,3302833,384919,382132,22207,404339,4317
2021-11-22,San Francisco,075,870044,54377,53778,2449,56227,669
2021-11-22,San Joaquin,077,732212,102070,101299,5624,106923,1833
2021-11-22,San Luis Obispo,079,281455,30279,29963,1299,31262,358
2021-11-22,San Mateo,081,765935,55406,54330,958,55288,577
2021-11-22,Santa Barbara,083,443738,46037,45279,1672,46951,546
2021-11-22,Santa Clara,085,1922200,150899,149541,1503,151044,1919
2021-11-22,Santa Cruz,087,273765,21144,20891,1036,21927,222
2021-11-22,Shasta,089,179085,22404,22116,3731,25847,393
2021-11-22,Sierra,091,2930,197,193,21,214,0
2021-11-22,Siskiyou,093,43540,3421,3336,1339,4675,54
2021-11-22,Solano,095,438530,46842,46153,1301,47454,356
2021-11-22,Sonoma,097,501317,42604,42344,543,42887,404
2021-11-22,Stanislaus,099,539301,81435,80718,9122,89840,1209
2021-11-22,Sutter,101,95872,14191,14125,377,14502,181
2021-11-22,Tehama,103,63373,8741,8669,1532,10201,127
2021-11-22,Trinity,105,12862,894,785,227,1012,17
2021-11-22,Tulare,107,460477,70451,69314,15979,85293,1075
2021-11-22,Tuolumne,109,53932,7617,7567,106,7673,90
2021-11-22,Ventura,111,848112,99900,99114,4398,103512,1186
2021-11-22,Yolo,113,214977,20314,20227,1221,21448,257
2021-11-22,Yuba,115,75493,10400,10332,370,10702,88
2021-11-21,Alameda,001,1643700,122106,121443,2914,124357,1475
2021-11-21,Alpine,003,1148,106,106,0,106,0
2021-11-21,Amador,005,37829,5697,5662,67,5729,66
2021-11-21,Butte,007,227075,21559,21342,3891,25233,306
2021-11-21,Calaveras,009,45235,4322,4287,61,4348,84
2021-11-21,Colusa,011,21464,2599,2562,668,3230,19
2021-11-21,Contra Costa,013,1133247,101315,100807,2300,103107,1045
2021-11-21,Del Norte,015,27424,3744,3659,56,3715,42
2021-11-21,El Dorado,017,186661,16569,16370,1751,18121,161
2021-11-21,Fresno,019,978130,144678,143203,12579,155782,2242
2021-11-21,Glenn,021,27897,3556,3529,1004,4533,36
2021-11-21,Humboldt,023,135768,9463,9378,650,10028,115
2021-11-21,Imperial,025,180216,34912,34527,3554,38081,766
2021-11-21,Inyo,027,18085,2520,2501,41,2542,44
2021-11-21,Kern,029,883053,131598,130020,23595,153615,1762
2021-11-21,Kings,031,150075,33191,32843,2020,34863,356
2021-11-21,Lake,033,64148,6888,6834,147,6981,110
2021-11-21,Lassen,035,31185,7016,6953,415,7368,47
2021-11-21,Los Angeles,037,10098052,1459335,1453181,55829,1509010,26793
2021-11-21,Madera,039,155013,24095,23856,2233,26089,296
2021-11-21,Marin,041,260295,17919,17829,487,18316,248
2021-11-21,Mariposa,043,17540,1405,1371,57,1428,6
2021-11-21,Mendocino,045,87422,7932,7846,630,8476,89
2021-11-21,Merced,047,269075,43102,42881,1924,44805,660
2021-11-21,Modoc,049,8938,580,551,202,753,5
2021-11-21,Mono,051,14174,1815,1799,20,1819,4
2021-11-21,Monterey,053,433212,49457,48358,3142,51500,611
2021-11-21,Napa,055,140530,13297,13250,119,13369,104
2021-11-21,Nevada,057,99092,9672,9556,344,9900,96
2021-11-21,Orange,059,3164182,312759,310477,15797,326274,5663
2021-11-21,Placer,061,380077,38300,37929,3831,41760,465
2021-11-21,Plumas,063,18699,1899,1858,45,1903,7
2021-11-21,Riverside,065,2383286,371840,367093,16684,383777,5283
2021-11-21,Sacramento,067,1510023,163112,162087,4900,166987,2327
2021-11-21,San Benito,069,59416,7592,7563,179,7742,77
2021-11-21,San Bernardino,071,2135413,362551,359621,11544,371165,5912
2021-11-21,San Diego,073,3302833,384383,380747,22182,402929,4317
2021-11-21,San Francisco,075,870044,54309,53741,2443,56184,669
2021-11-21,San Joaquin,077,732212,101966,101264,5611,106875,1833
2021-11-21,San Luis Obispo,079,281455,30241,29948,1299,31247,358
2021-11-21,San Mateo,081,765935,55355,54290,956,55246,577
2021-11-21,Santa Barbara,083,443738,45977,45237,1669,46906,546
2021-11-21,Santa Clara,085,1922200,150695,149387,1483,150870,1918
2021-11-21,Santa Cruz,087,273765,21100,20866,1034,21900,222
2021-11-21,Shasta,089,179085,22373,22112,3729,25841,393
2021-11-21,Sierra,091,2930,197,193,21,214,0
2021-11-21,Siskiyou,093,43540,3416,3333,1338,4671,54
2021-11-21,Solano,095,438530,46787,46122,1294,47416,356
2021-11-21,Sonoma,097,501317,42544,42298,542,42840,404
2021-11-21,Stanislaus,099,539301,81337,80687,9110,89797,1209
2021-11-21,Sutter,101,95872,14177,14111,377,14488,181
2021-11-21,Tehama,103,63373,8735,8669,1531,10200,127
2021-11-21,Trinity,105,12862,892,784,225,1009,17
2021-11-21,Tulare,107,460477,70369,69285,15941,85226,1075
2021-11-21,Tuolumne,109,53932,7609,7560,105,7665,90
2021-11-21,Ventura,111,848112,99809,99081,4394,103475,1186
2021-11-21,Yolo,113,214977,20287,20209,1218,21427,257
2021-11-21,Yuba,115,75493,10391,10326,370,10696,88
2021-11-20,Alameda,001,1643700,122014,121059,2908,123967,1473
2021-11-20,Alpine,003,1148,106,105,0,105,0
2021-11-20,Amador,005,37829,5691,5652,66,5718,66
2021-11-20,Butte,007,227075,21543,21265,3887,25152,300
2021-11-20,Calaveras,009,45235,4313,4268,61,4329,84
2021-11-20,Colusa,011,21464,2598,2549,667,3216,19
2021-11-20,Contra Costa,013,1133247,101237,100491,2296,102787,1043
2021-11-20,Del Norte,015,27424,3741,3637,56,3693,42
2021-11-20,El Dorado,017,186661,16548,16308,1749,18057,161
2021-11-20,Fresno,019,978130,144607,142579,12572,155151,2233
2021-11-20,Glenn,021,27897,3556,3526,1003,4529,35
2021-11-20,Humboldt,023,135768,9450,9302,648,9950,115
2021-11-20,Imperial,025,180216,34859,34312,3548,37860,766
2021-11-20,Inyo,027,18085,2519,2467,41,2508,44
2021-11-20,Kern,029,883053,131498,129488,23558,153046,1750
2021-11-20,Kings,031,150075,33181,32720,2020,34740,354
2021-11-20,Lake,033,64148,6885,6808,147,6955,110
2021-11-20,Lassen,035,31185,7015,6931,415,7346,47
2021-11-20,Los Angeles,037,10098052,1458722,1448963,55783,1504746,26741
2021-11-20,Madera,039,155013,24083,23720,2230,25950,296
2021-11-20,Marin,041,260295,17904,17774,487,18261,248
2021-11-20,Mariposa,043,17540,1404,1354,57,1411,6
2021-11-20,Mendocino,045,87422,7924,7773,630,8403,89
2021-11-20,Merced,047,269075,43077,42692,1924,44616,656
2021-11-20,Modoc,049,8938,579,550,202,752,5
2021-11-20,Mono,051,14174,1814,1767,20,1787,4
2021-11-20,Monterey,053,433212,49444,48260,3134,51394,609
2021-11-20,Napa,055,140530,13294,13184,119,13303,103
2021-11-20,Nevada,057,99092,9656,9480,344,9824,92
2021-11-20,Orange,059,3164182,312561,309672,15780,325452,5658
2021-11-20,Placer,061,380077,38259,37800,3826,41626,462
2021-11-20,Plumas,063,18699,1895,1841,45,1886,7
2021-11-20,Riverside,065,2383286,371568,365809,16671,382480,5265
2021-11-20,Sacramento,067,1510023,163009,161533,4896,166429,2316
2021-11-20,San Benito,069,59416,7588,7533,179,7712,77
2021-11-20,San Bernardino,071,2135413,362279,358322,11533,369855,5897
2021-11-20,San Diego,073,3302833,384051,380147,22156,402303,4311
2021-11-20,San Francisco,075,870044,54271,53525,2442,55967,669
2021-11-20,San Joaquin,077,732212,101916,100922,5606,106528,1832
2021-11-20,San Luis Obispo,079,281455,30226,29815,1298,31113,355
2021-11-20,San Mateo,081,765935,55320,54132,955,55087,577
2021-11-20,Santa Barbara,083,443738,45945,45074,1669,46743,544
2021-11-20,Santa Clara,085,1922200,150590,148829,1482,150311,1917
2021-11-20,Santa Cruz,087,273765,21081,20756,1034,21790,222
2021-11-20,Shasta,089,179085,22349,21968,3728,25696,383
2021-11-20,Sierra,091,2930,197,191,21,212,0
2021-11-20,Siskiyou,093,43540,3413,3313,1338,4651,54
2021-11-20,Solano,095,438530,46766,46006,1294,47300,356
2021-11-20,Sonoma,097,501317,42513,42151,542,42693,403
2021-11-20,Stanislaus,099,539301,81290,80412,9106,89518,1205
2021-11-20,Sutter,101,95872,14169,14074,377,14451,181
2021-11-20,Tehama,103,63373,8730,8648,1531,10179,125
2021-11-20,Trinity,105,12862,888,771,225,996,17
2021-11-20,Tulare,107,460477,70333,69074,15920,84994,1054
2021-11-20,Tuolumne,109,53932,7600,7511,105,7616,90
2021-11-20,Ventura,111,848112,99760,98893,4387,103280,1186
2021-11-20,Yolo,113,214977,20280,20139,1214,21353,257
2021-11-20,Yuba,115,75493,10385,10290,369,10659,88
2021-11-19,Alameda,001,1643700,121943,121059,2905,123964,1473
2021-11-19,Alpine,003,1148,106,105,0,105,0
2021-11-19,Amador,005,37829,5681,5652,66,5718,66
2021-11-19,Butte,007,227075,21520,21265,3880,25145,300
2021-11-19,Calaveras,009,45235,4306,4268,61,4329,84
2021-11-19,Colusa,011,21464,2596,2549,666,3215,19
2021-11-19,Contra Costa,013,1133247,101181,100491,2291,102782,1043
2021-11-19,Del Norte,015,27424,3736,3637,56,3693,42
2021-11-19,El Dorado,017,186661,16527,16308,1747,18055,161
2021-11-19,Fresno,019,978130,144492,142579,12568,155147,2233
2021-11-19,Glenn,021,27897,3555,3526,1002,4528,35
2021-11-19,Humboldt,023,135768,9437,9302,645,9947,115
2021-11-19,Imperial,025,180216,34820,34312,3541,37853,766
2021-11-19,Inyo,027,18085,2515,2467,41,2508,44
2021-11-19,Kern,029,883053,131394,129488,23516,153004,1750
2021-11-19,Kings,031,150075,33155,32720,2018,34738,354
2021-11-19,Lake,033,64148,6882,6808,147,6955,110
2021-11-19,Lassen,035,31185,7011,6931,414,7345,47
2021-11-19,Los Angeles,037,10098052,1458043,1448963,55728,1504691,26741
2021-11-19,Madera,039,155013,24062,23720,2226,25946,296
2021-11-19,Marin,041,260295,17885,17774,485,18259,248
2021-11-19,Mariposa,043,17540,1402,1354,57,1411,6
2021-11-19,Mendocino,045,87422,7904,7773,630,8403,89
2021-11-19,Merced,047,269075,43051,42692,1923,44615,656
2021-11-19,Modoc,049,8938,578,550,202,752,5
2021-11-19,Mono,051,14174,1807,1767,20,1787,4
2021-11-19,Monterey,053,433212,49422,48260,3134,51394,609
2021-11-19,Napa,055,140530,13284,13184,118,13302,103
2021-11-19,Nevada,057,99092,9643,9480,344,9824,92
2021-11-19,Orange,059,3164182,312405,309672,15755,325427,5658
2021-11-19,Placer,061,380077,38222,37800,3822,41622,462
2021-11-19,Plumas,063,18699,1891,1841,45,1886,7
2021-11-19,Riverside,065,2383286,371295,365809,16667,382476,5265
2021-11-19,Sacramento,067,1510023,162887,161533,4892,166425,2316
2021-11-19,San Benito,069,59416,7582,7533,177,7710,77
2021-11-19,San Bernardino,071,2135413,361964,358322,11524,369846,5897
2021-11-19,San Diego,073,3302833,383651,380147,22129,402276,4311
2021-11-19,San Francisco,075,870044,54233,53525,2442,55967,669
2021-11-19,San Joaquin,077,732212,101860,100922,5602,106524,1832
2021-11-19,San Luis Obispo,079,281455,30208,29815,1296,31111,355
2021-11-19,San Mateo,081,765935,55271,54132,951,55083,577
2021-11-19,Santa Barbara,083,443738,45909,45074,1669,46743,544
2021-11-19,Santa Clara,085,1922200,150442,148829,1479,150308,1917
2021-11-19,Santa Cruz,087,273765,21054,20756,1031,21787,222
2021-11-19,Shasta,089,179085,22337,21968,3727,25695,383
2021-11-19,Sierra,091,2930,197,191,21,212,0
2021-11-19,Siskiyou,093,43540,3410,3313,1338,4651,54
2021-11-19,Solano,095,438530,46736,46006,1290,47296,356
2021-11-19,Sonoma,097,501317,42480,42151,539,42690,403
2021-11-19,Stanislaus,099,539301,81231,80412,9096,89508,1205
2021-11-19,Sutter,101,95872,14167,14074,377,14451,181
2021-11-19,Tehama,103,63373,8727,8648,1531,10179,125
2021-11-19,Trinity,105,12862,886,771,225,996,17
2021-11-19,Tulare,107,460477,70294,69074,15891,84965,1054
2021-11-19,Tuolumne,109,53932,7589,7511,105,7616,90
2021-11-19,Ventura,111,848112,99694,98893,4383,103276,1186
2021-11-19,Yolo,113,214977,20271,20139,1211,21350,257
2021-11-19,Yuba,115,75493,10382,10290,369,10659,88
2021-11-18,Alameda,001,1643700,121824,121059,2897,123956,1473
2021-11-18,Alpine,003,1148,106,105,0,105,0
2021-11-18,Amador,005,37829,5679,5652,66,5718,66
2021-11-18,Butte,007,227075,21503,21265,3873,25138,300
2021-11-18,Calaveras,009,45235,4299,4268,60,4328,84
2021-11-18,Colusa,011,21464,2588,2549,666,3215,19
2021-11-18,Contra Costa,013,1133247,101079,100491,2283,102774,1043
2021-11-18,Del Norte,015,27424,3733,3637,56,3693,42
2021-11-18,El Dorado,017,186661,16508,16308,1744,18052,161
2021-11-18,Fresno,019,978130,144354,142579,12559,155138,2233
2021-11-18,Glenn,021,27897,3554,3526,1001,4527,35
2021-11-18,Humboldt,023,135768,9421,9302,640,9942,115
2021-11-18,Imperial,025,180216,34765,34312,3525,37837,766
2021-11-18,Inyo,027,18085,2507,2467,41,2508,44
2021-11-18,Kern,029,883053,131250,129488,23469,152957,1750
2021-11-18,Kings,031,150075,33118,32720,2015,34735,354
2021-11-18,Lake,033,64148,6877,6808,147,6955,110
2021-11-18,Lassen,035,31185,7008,6931,409,7340,47
2021-11-18,Los Angeles,037,10098052,1457062,1448963,55664,1504627,26741
2021-11-18,Madera,039,155013,24037,23720,2223,25943,296
2021-11-18,Marin,041,260295,17868,17774,481,18255,248
2021-11-18,Mariposa,043,17540,1399,1354,57,1411,6
2021-11-18,Mendocino,045,87422,7882,7773,621,8394,89
2021-11-18,Merced,047,269075,42994,42692,1921,44613,656
2021-11-18,Modoc,049,8938,567,550,202,752,5
2021-11-18,Mono,051,14174,1794,1767,20,1787,4
2021-11-18,Monterey,053,433212,49397,48260,3129,51389,609
2021-11-18,Napa,055,140530,13272,13184,117,13301,103
2021-11-18,Nevada,057,99092,9619,9480,344,9824,92
2021-11-18,Orange,059,3164182,312169,309672,15736,325408,5658
2021-11-18,Placer,061,380077,38180,37800,3811,41611,462
2021-11-18,Plumas,063,18699,1890,1841,45,1886,7
2021-11-18,Riverside,065,2383286,370923,365809,16654,382463,5265
2021-11-18,Sacramento,067,1510023,162658,161533,4877,166410,2316
2021-11-18,San Benito,069,59416,7572,7533,177,7710,77
2021-11-18,San Bernardino,071,2135413,361536,358322,11505,369827,5897
2021-11-18,San Diego,073,3302833,383146,380147,22113,402260,4311
2021-11-18,San Francisco,075,870044,54181,53525,2438,55963,669
2021-11-18,San Joaquin,077,732212,101767,100922,5593,106515,1832
2021-11-18,San Luis Obispo,079,281455,30178,29815,1295,31110,355
2021-11-18,San Mateo,081,765935,55213,54132,948,55080,577
2021-11-18,Santa Barbara,083,443738,45865,45074,1662,46736,544
2021-11-18,Santa Clara,085,1922200,150258,148829,1471,150300,1917
2021-11-18,Santa Cruz,087,273765,21003,20756,1030,21786,222
2021-11-18,Shasta,089,179085,22301,21968,3722,25690,383
2021-11-18,Sierra,091,2930,196,191,21,212,0
2021-11-18,Siskiyou,093,43540,3410,3313,1334,4647,54
2021-11-18,Solano,095,438530,46694,46006,1288,47294,356
2021-11-18,Sonoma,097,501317,42432,42151,537,42688,403
2021-11-18,Stanislaus,099,539301,81164,80412,9089,89501,1205
2021-11-18,Sutter,101,95872,14156,14074,377,14451,181
2021-11-18,Tehama,103,63373,8722,8648,1531,10179,125
2021-11-18,Trinity,105,12862,885,771,225,996,17
2021-11-18,Tulare,107,460477,70223,69074,15843,84917,1054
2021-11-18,Tuolumne,109,53932,7581,7511,105,7616,90
2021-11-18,Ventura,111,848112,99616,98893,4379,103272,1186
2021-11-18,Yolo,113,214977,20254,20139,1206,21345,257
2021-11-18,Yuba,115,75493,10376,10290,369,10659,88
2021-11-17,Alameda,001,1643700,121705,120913,2896,123809,1472
2021-11-17,Alpine,003,1148,106,105,0,105,0
2021-11-17,Amador,005,37829,5672,5646,66,5712,66
2021-11-17,Butte,007,227075,21477,21230,3870,25100,300
2021-11-17,Calaveras,009,45235,4292,4259,60,4319,84
2021-11-17,Colusa,011,21464,2585,2546,665,3211,19
2021-11-17,Contra Costa,013,1133247,100987,100387,2279,102666,1039
2021-11-17,Del Norte,015,27424,3730,3630,56,3686,42
2021-11-17,El Dorado,017,186661,16489,16269,1743,18012,161
2021-11-17,Fresno,019,978130,144173,142366,12547,154913,2230
2021-11-17,Glenn,021,27897,3553,3527,1000,4527,34
2021-11-17,Humboldt,023,135768,9410,9270,637,9907,115
2021-11-17,Imperial,025,180216,34709,34256,3503,37759,766
2021-11-17,Inyo,027,18085,2501,2457,41,2498,44
2021-11-17,Kern,029,883053,131078,129307,23427,152734,1743
2021-11-17,Kings,031,150075,33090,32669,2011,34680,352
2021-11-17,Lake,033,64148,6873,6795,146,6941,110
2021-11-17,Lassen,035,31185,7006,6918,409,7327,47
2021-11-17,Los Angeles,037,10098052,1455962,1447947,55599,1503546,26721
2021-11-17,Madera,039,155013,24003,23673,2222,25895,287
2021-11-17,Marin,041,260295,17849,17757,479,18236,248
2021-11-17,Mariposa,043,17540,1395,1353,57,1410,6
2021-11-17,Mendocino,045,87422,7874,7735,620,8355,89
2021-11-17,Merced,047,269075,42933,42612,1918,44530,654
2021-11-17,Modoc,049,8938,563,540,202,742,5
2021-11-17,Mono,051,14174,1791,1765,20,1785,5
2021-11-17,Monterey,053,433212,49349,48221,3118,51339,609
2021-11-17,Napa,055,140530,13248,13167,117,13284,103
2021-11-17,Nevada,057,99092,9606,9447,344,9791,92
2021-11-17,Orange,059,3164182,311927,309396,15702,325098,5651
2021-11-17,Placer,061,380077,38131,37725,3802,41527,460
2021-11-17,Plumas,063,18699,1886,1833,45,1878,7
2021-11-17,Riverside,065,2383286,370512,365406,16641,382047,5229
2021-11-17,Sacramento,067,1510023,162487,161269,4869,166138,2302
2021-11-17,San Benito,069,59416,7565,7524,177,7701,77
2021-11-17,San Bernardino,071,2135413,361178,357947,11489,369436,5893
2021-11-17,San Diego,073,3302833,382649,379769,22086,401855,4301
2021-11-17,San Francisco,075,870044,54126,53469,2435,55904,667
2021-11-17,San Joaquin,077,732212,101665,100764,5588,106352,1828
2021-11-17,San Luis Obispo,079,281455,30152,29731,1292,31023,354
2021-11-17,San Mateo,081,765935,55145,54092,943,55035,577
2021-11-17,Santa Barbara,083,443738,45828,45000,1662,46662,542
2021-11-17,Santa Clara,085,1922200,150095,148626,1463,150089,1915
2021-11-17,Santa Cruz,087,273765,20968,20700,1030,21730,222
2021-11-17,Shasta,089,179085,22268,21883,3720,25603,382
2021-11-17,Sierra,091,2930,195,189,21,210,0
2021-11-17,Siskiyou,093,43540,3406,3307,1331,4638,54
2021-11-17,Solano,095,438530,46661,45948,1287,47235,353
2021-11-17,Sonoma,097,501317,42386,42093,534,42627,403
2021-11-17,Stanislaus,099,539301,81074,80276,9079,89355,1199
2021-11-17,Sutter,101,95872,14142,14064,375,14439,181
2021-11-17,Tehama,103,63373,8713,8633,1528,10161,125
2021-11-17,Trinity,105,12862,884,765,225,990,17
2021-11-17,Tulare,107,460477,70152,68977,15817,84794,1047
2021-11-17,Tuolumne,109,53932,7565,7485,105,7590,90
2021-11-17,Ventura,111,848112,99555,98812,4373,103185,1183
2021-11-17,Yolo,113,214977,20235,20100,1203,21303,257
2021-11-17,Yuba,115,75493,10364,10275,365,10640,88
2021-11-16,Alameda,001,1643700,121598,120809,2892,123701,1467
2021-11-16,Alpine,003,1148,106,105,0,105,0
2021-11-16,Amador,005,37829,5666,5644,66,5710,66
2021-11-16,Butte,007,227075,21452,21208,3865,25073,297
2021-11-16,Calaveras,009,45235,4283,4249,60,4309,83
2021-11-16,Colusa,011,21464,2579,2538,665,3203,19
2021-11-16,Contra Costa,013,1133247,100865,100320,2276,102596,1038
2021-11-16,Del Norte,015,27424,3724,3630,56,3686,42
2021-11-16,El Dorado,017,186661,16464,16248,1741,17989,159
2021-11-16,Fresno,019,978130,143986,142200,12531,154731,2218
2021-11-16,Glenn,021,27897,3552,3527,997,4524,34
2021-11-16,Humboldt,023,135768,9389,9252,633,9885,115
2021-11-16,Imperial,025,180216,34624,34177,3491,37668,766
2021-11-16,Inyo,027,18085,2494,2449,41,2490,42
2021-11-16,Kern,029,883053,130920,129136,23366,152502,1735
2021-11-16,Kings,031,150075,33039,32614,2006,34620,350
2021-11-16,Lake,033,64148,6868,6789,146,6935,110
2021-11-16,Lassen,035,31185,6996,6915,409,7324,47
2021-11-16,Los Angeles,037,10098052,1454798,1446815,55527,1502342,26703
2021-11-16,Madera,039,155013,23967,23642,2216,25858,287
2021-11-16,Marin,041,260295,17830,17736,478,18214,248
2021-11-16,Mariposa,043,17540,1387,1349,56,1405,6
2021-11-16,Mendocino,045,87422,7832,7723,616,8339,89
2021-11-16,Merced,047,269075,42896,42578,1911,44489,653
2021-11-16,Modoc,049,8938,562,539,201,740,5
2021-11-16,Mono,051,14174,1783,1767,20,1787,4
2021-11-16,Monterey,053,433212,49319,48195,3104,51299,609
2021-11-16,Napa,055,140530,13237,13151,117,13268,103
2021-11-16,Nevada,057,99092,9589,9435,342,9777,92
2021-11-16,Orange,059,3164182,311660,309170,15667,324837,5651
2021-11-16,Placer,061,380077,38088,37676,3796,41472,459
2021-11-16,Plumas,063,18699,1879,1832,45,1877,7
2021-11-16,Riverside,065,2383286,370091,365078,16619,381697,5208
2021-11-16,Sacramento,067,1510023,162308,161102,4856,165958,2299
2021-11-16,San Benito,069,59416,7551,7513,177,7690,77
2021-11-16,San Bernardino,071,2135413,360767,357528,11437,368965,5901
2021-11-16,San Diego,073,3302833,382092,379435,22059,401494,4287
2021-11-16,San Francisco,075,870044,54055,53415,2428,55843,667
2021-11-16,San Joaquin,077,732212,101525,100637,5572,106209,1807
2021-11-16,San Luis Obispo,079,281455,30121,29703,1289,30992,356
2021-11-16,San Mateo,081,765935,55083,54034,941,54975,577
2021-11-16,Santa Barbara,083,443738,45760,44932,1659,46591,539
2021-11-16,Santa Clara,085,1922200,149916,148452,1451,149903,1916
2021-11-16,Santa Cruz,087,273765,20923,20684,1028,21712,222
2021-11-16,Shasta,089,179085,22229,21853,3716,25569,379
2021-11-16,Sierra,091,2930,195,189,21,210,0
2021-11-16,Siskiyou,093,43540,3403,3304,1329,4633,54
2021-11-16,Solano,095,438530,46620,45908,1286,47194,351
2021-11-16,Sonoma,097,501317,42337,42056,533,42589,401
2021-11-16,Stanislaus,099,539301,80976,80214,9057,89271,1196
2021-11-16,Sutter,101,95872,14130,14058,373,14431,181
2021-11-16,Tehama,103,63373,8706,8621,1521,10142,125
2021-11-16,Trinity,105,12862,884,762,224,986,17
2021-11-16,Tulare,107,460477,70074,68881,15782,84663,1039
2021-11-16,Tuolumne,109,53932,7556,7478,105,7583,90
2021-11-16,Ventura,111,848112,99479,98731,4370,103101,1183
2021-11-16,Yolo,113,214977,20197,20077,1201,21278,257
2021-11-16,Yuba,115,75493,10356,10262,363,10625,85
2021-11-15,Alameda,001,1643700,121446,120731,2887,123618,1464
2021-11-15,Alpine,003,1148,106,105,0,105,0
2021-11-15,Amador,005,37829,5662,5637,66,5703,66
2021-11-15,Butte,007,227075,21428,21182,3861,25043,296
2021-11-15,Calaveras,009,45235,4269,4237,60,4297,83
2021-11-15,Colusa,011,21464,2572,2535,662,3197,19
2021-11-15,Contra Costa,013,1133247,100760,100251,2273,102524,1038
2021-11-15,Del Norte,015,27424,3719,3630,55,3685,42
2021-11-15,El Dorado,017,186661,16440,16236,1737,17973,159
2021-11-15,Fresno,019,978130,143761,142015,12513,154528,2210
2021-11-15,Glenn,021,27897,3550,3526,997,4523,34
2021-11-15,Humboldt,023,135768,9366,9230,625,9855,115
2021-11-15,Imperial,025,180216,34550,34130,3474,37604,766
2021-11-15,Inyo,027,18085,2489,2442,41,2483,42
2021-11-15,Kern,029,883053,130711,128928,23296,152224,1730
2021-11-15,Kings,031,150075,33005,32584,2002,34586,348
2021-11-15,Lake,033,64148,6864,6784,146,6930,109
2021-11-15,Lassen,035,31185,6986,6915,407,7322,47
2021-11-15,Los Angeles,037,10098052,1453612,1446114,55461,1501575,26677
2021-11-15,Madera,039,155013,23928,23605,2205,25810,287
2021-11-15,Marin,041,260295,17813,17723,477,18200,248
2021-11-15,Mariposa,043,17540,1386,1347,54,1401,6
2021-11-15,Mendocino,045,87422,7812,7694,610,8304,89
2021-11-15,Merced,047,269075,42837,42552,1901,44453,648
2021-11-15,Modoc,049,8938,561,538,201,739,5
2021-11-15,Mono,051,14174,1772,1763,20,1783,4
2021-11-15,Monterey,053,433212,49286,48154,3098,51252,609
2021-11-15,Napa,055,140530,13229,13143,117,13260,103
2021-11-15,Nevada,057,99092,9560,9420,342,9762,92
2021-11-15,Orange,059,3164182,311385,308859,15643,324502,5646
2021-11-15,Placer,061,380077,38024,37610,3792,41402,452
2021-11-15,Plumas,063,18699,1873,1829,45,1874,7
2021-11-15,Riverside,065,2383286,369645,364750,16600,381350,5199
2021-11-15,Sacramento,067,1510023,162086,160937,4843,165780,2293
2021-11-15,San Benito,069,59416,7546,7511,176,7687,77
2021-11-15,San Bernardino,071,2135413,360351,357306,11418,368724,5898
2021-11-15,San Diego,073,3302833,381542,378845,22034,400879,4284
2021-11-15,San Francisco,075,870044,53988,53374,2425,55799,667
2021-11-15,San Joaquin,077,732212,101372,100587,5561,106148,1799
2021-11-15,San Luis Obispo,079,281455,30078,29669,1277,30946,351
2021-11-15,San Mateo,081,765935,55030,54010,938,54948,576
2021-11-15,Santa Barbara,083,443738,45705,44879,1653,46532,539
2021-11-15,Santa Clara,085,1922200,149697,148313,1444,149757,1914
2021-11-15,Santa Cruz,087,273765,20880,20630,1027,21657,223
2021-11-15,Shasta,089,179085,22183,21779,3711,25490,374
2021-11-15,Sierra,091,2930,195,189,21,210,0
2021-11-15,Siskiyou,093,43540,3396,3302,1327,4629,54
2021-11-15,Solano,095,438530,46583,45885,1283,47168,351
2021-11-15,Sonoma,097,501317,42286,42021,532,42553,401
2021-11-15,Stanislaus,099,539301,80889,80129,9043,89172,1174
2021-11-15,Sutter,101,95872,14117,14043,372,14415,181
2021-11-15,Tehama,103,63373,8701,8615,1520,10135,125
2021-11-15,Trinity,105,12862,882,757,222,979,17
2021-11-15,Tulare,107,460477,69987,68826,15737,84563,1039
2021-11-15,Tuolumne,109,53932,7546,7461,105,7566,90
2021-11-15,Ventura,111,848112,99394,98605,4365,102970,1183
2021-11-15,Yolo,113,214977,20167,20065,1196,21261,255
2021-11-15,Yuba,115,75493,10337,10254,359,10613,85
2021-11-14,Alameda,001,1643700,121278,120629,2883,123512,1461
2021-11-14,Alpine,003,1148,105,105,0,105,0
2021-11-14,Amador,005,37829,5655,5632,65,5697,66
2021-11-14,Butte,007,227075,21398,21146,3852,24998,296
2021-11-14,Calaveras,009,45235,4258,4222,60,4282,83
2021-11-14,Colusa,011,21464,2570,2532,659,3191,19
2021-11-14,Contra Costa,013,1133247,100653,100188,2271,102459,1038
2021-11-14,Del Norte,015,27424,3716,3629,55,3684,42
2021-11-14,El Dorado,017,186661,16399,16212,1732,17944,159
2021-11-14,Fresno,019,978130,143479,141869,12481,154350,2209
2021-11-14,Glenn,021,27897,3549,3521,997,4518,34
2021-11-14,Humboldt,023,135768,9338,9215,615,9830,115
2021-11-14,Imperial,025,180216,34446,34078,3459,37537,766
2021-11-14,Inyo,027,18085,2477,2441,41,2482,42
2021-11-14,Kern,029,883053,130471,128842,23230,152072,1730
2021-11-14,Kings,031,150075,32948,32545,1995,34540,349
2021-11-14,Lake,033,64148,6856,6777,146,6923,109
2021-11-14,Lassen,035,31185,6976,6911,406,7317,47
2021-11-14,Los Angeles,037,10098052,1452258,1445284,55385,1500669,26667
2021-11-14,Madera,039,155013,23879,23566,2196,25762,287
2021-11-14,Marin,041,260295,17798,17712,477,18189,247
2021-11-14,Mariposa,043,17540,1376,1337,50,1387,6
2021-11-14,Mendocino,045,87422,7778,7684,606,8290,89
2021-11-14,Merced,047,269075,42747,42513,1895,44408,648
2021-11-14,Modoc,049,8938,559,538,201,739,5
2021-11-14,Mono,051,14174,1764,1760,20,1780,4
2021-11-14,Monterey,053,433212,49231,48135,3081,51216,609
2021-11-14,Napa,055,140530,13211,13132,117,13249,103
2021-11-14,Nevada,057,99092,9532,9408,342,9750,92
2021-11-14,Orange,059,3164182,311074,308699,15622,324321,5646
2021-11-14,Placer,061,380077,37943,37569,3782,41351,452
2021-11-14,Plumas,063,18699,1870,1829,44,1873,7
2021-11-14,Riverside,065,2383286,369147,364490,16583,381073,5199
2021-11-14,Sacramento,067,1510023,161850,160761,4826,165587,2295
2021-11-14,San Benito,069,59416,7535,7507,175,7682,77
2021-11-14,San Bernardino,071,2135413,359770,357014,11401,368415,5897
2021-11-14,San Diego,073,3302833,380938,377633,22001,399634,4280
2021-11-14,San Francisco,075,870044,53913,53338,2420,55758,667
2021-11-14,San Joaquin,077,732212,101245,100518,5556,106074,1799
2021-11-14,San Luis Obispo,079,281455,29996,29645,1273,30918,352
2021-11-14,San Mateo,081,765935,54977,53978,936,54914,576
2021-11-14,Santa Barbara,083,443738,45627,44842,1650,46492,539
2021-11-14,Santa Clara,085,1922200,149498,148152,1436,149588,1913
2021-11-14,Santa Cruz,087,273765,20826,20609,1025,21634,223
2021-11-14,Shasta,089,179085,22131,21771,3698,25469,373
2021-11-14,Sierra,091,2930,195,189,21,210,0
2021-11-14,Siskiyou,093,43540,3387,3302,1326,4628,54
2021-11-14,Solano,095,438530,46527,45860,1276,47136,351
2021-11-14,Sonoma,097,501317,42220,41974,530,42504,401
2021-11-14,Stanislaus,099,539301,80756,80076,9031,89107,1174
2021-11-14,Sutter,101,95872,14100,14031,367,14398,181
2021-11-14,Tehama,103,63373,8691,8607,1518,10125,125
2021-11-14,Trinity,105,12862,879,754,220,974,17
2021-11-14,Tulare,107,460477,69868,68772,15679,84451,1037
2021-11-14,Tuolumne,109,53932,7528,7439,104,7543,90
2021-11-14,Ventura,111,848112,99275,98550,4363,102913,1183
2021-11-14,Yolo,113,214977,20140,20040,1190,21230,255
2021-11-14,Yuba,115,75493,10330,10238,357,10595,85
2021-11-13,Alameda,001,1643700,121209,120407,2881,123288,1454
2021-11-13,Alpine,003,1148,105,105,0,105,0
2021-11-13,Amador,005,37829,5654,5614,65,5679,66
2021-11-13,Butte,007,227075,21378,21104,3849,24953,296
2021-11-13,Calaveras,009,45235,4247,4203,60,4263,83
2021-11-13,Colusa,011,21464,2568,2522,659,3181,19
2021-11-13,Contra Costa,013,1133247,100581,100004,2265,102269,1028
2021-11-13,Del Norte,015,27424,3716,3629,55,3684,42
2021-11-13,El Dorado,017,186661,16387,16163,1729,17892,159
2021-11-13,Fresno,019,978130,143372,141452,12470,153922,2205
2021-11-13,Glenn,021,27897,3549,3514,996,4510,34
2021-11-13,Humboldt,023,135768,9323,9177,610,9787,115
2021-11-13,Imperial,025,180216,34396,33990,3442,37432,766
2021-11-13,Inyo,027,18085,2471,2436,41,2477,42
2021-11-13,Kern,029,883053,130371,128472,23185,151657,1719
2021-11-13,Kings,031,150075,32931,32452,1994,34446,347
2021-11-13,Lake,033,64148,6851,6769,146,6915,109
2021-11-13,Lassen,035,31185,6971,6897,406,7303,47
2021-11-13,Los Angeles,037,10098052,1451606,1443088,55343,1498431,26649
2021-11-13,Madera,039,155013,23849,23462,2191,25653,287
2021-11-13,Marin,041,260295,17785,17684,475,18159,247
2021-11-13,Mariposa,043,17540,1373,1323,50,1373,6
2021-11-13,Mendocino,045,87422,7759,7652,604,8256,89
2021-11-13,Merced,047,269075,42709,42411,1892,44303,644
2021-11-13,Modoc,049,8938,558,536,201,737,5
2021-11-13,Mono,051,14174,1764,1750,20,1770,4
2021-11-13,Monterey,053,433212,49206,48087,3079,51166,609
2021-11-13,Napa,055,140530,13203,13110,117,13227,103
2021-11-13,Nevada,057,99092,9512,9369,340,9709,92
2021-11-13,Orange,059,3164182,310908,308211,15594,323805,5641
2021-11-13,Placer,061,380077,37893,37453,3779,41232,445
2021-11-13,Plumas,063,18699,1867,1828,44,1872,8
2021-11-13,Riverside,065,2383286,368842,363801,16576,380377,5187
2021-11-13,Sacramento,067,1510023,161717,160397,4813,165210,2291
2021-11-13,San Benito,069,59416,7522,7491,174,7665,77
2021-11-13,San Bernardino,071,2135413,359518,356325,11394,367719,5873
2021-11-13,San Diego,073,3302833,380601,377633,21973,399606,4280
2021-11-13,San Francisco,075,870044,53880,53195,2419,55614,667
2021-11-13,San Joaquin,077,732212,101188,100263,5547,105810,1799
2021-11-13,San Luis Obispo,079,281455,29966,29589,1271,30860,351
2021-11-13,San Mateo,081,765935,54940,53853,935,54788,574
2021-11-13,Santa Barbara,083,443738,45594,44734,1650,46384,537
2021-11-13,Santa Clara,085,1922200,149380,147821,1431,149252,1905
2021-11-13,Santa Cruz,087,273765,20811,20565,1024,21589,223
2021-11-13,Shasta,089,179085,22100,21713,3694,25407,366
2021-11-13,Sierra,091,2930,194,188,21,209,0
2021-11-13,Siskiyou,093,43540,3378,3299,1325,4624,54
2021-11-13,Solano,095,438530,46498,45774,1272,47046,350
2021-11-13,Sonoma,097,501317,42186,41882,529,42411,399
2021-11-13,Stanislaus,099,539301,80678,79872,9017,88889,1174
2021-11-13,Sutter,101,95872,14090,14017,366,14383,181
2021-11-13,Tehama,103,63373,8685,8592,1514,10106,125
2021-11-13,Trinity,105,12862,878,749,220,969,17
2021-11-13,Tulare,107,460477,69801,68619,15656,84275,1033
2021-11-13,Tuolumne,109,53932,7512,7392,104,7496,90
2021-11-13,Ventura,111,848112,99212,98452,4360,102812,1183
2021-11-13,Yolo,113,214977,20124,20009,1185,21194,255
2021-11-13,Yuba,115,75493,10320,10218,355,10573,85
2021-11-12,Alameda,001,1643700,121128,120407,2878,123285,1454
2021-11-12,Alpine,003,1148,105,105,0,105,0
2021-11-12,Amador,005,37829,5648,5614,64,5678,66
2021-11-12,Butte,007,227075,21361,21104,3845,24949,296
2021-11-12,Calaveras,009,45235,4236,4203,60,4263,83
2021-11-12,Colusa,011,21464,2564,2522,658,3180,19
2021-11-12,Contra Costa,013,1133247,100526,100004,2264,102268,1028
2021-11-12,Del Norte,015,27424,3716,3629,55,3684,42
2021-11-12,El Dorado,017,186661,16368,16163,1728,17891,159
2021-11-12,Fresno,019,978130,143230,141452,12461,153913,2205
2021-11-12,Glenn,021,27897,3546,3514,995,4509,34
2021-11-12,Humboldt,023,135768,9316,9177,608,9785,115
2021-11-12,Imperial,025,180216,34367,33990,3432,37422,766
2021-11-12,Inyo,027,18085,2467,2436,41,2477,42
2021-11-12,Kern,029,883053,130234,128472,23154,151626,1719
2021-11-12,Kings,031,150075,32905,32452,1993,34445,347
2021-11-12,Lake,033,64148,6847,6769,146,6915,109
2021-11-12,Lassen,035,31185,6967,6897,405,7302,47
2021-11-12,Los Angeles,037,10098052,1450882,1443088,55298,1498386,26649
2021-11-12,Madera,039,155013,23819,23462,2186,25648,287
2021-11-12,Marin,041,260295,17769,17684,474,18158,247
2021-11-12,Mariposa,043,17540,1366,1323,50,1373,6
2021-11-12,Mendocino,045,87422,7748,7652,601,8253,89
2021-11-12,Merced,047,269075,42682,42411,1890,44301,644
2021-11-12,Modoc,049,8938,557,536,201,737,5
2021-11-12,Mono,051,14174,1763,1750,20,1770,4
2021-11-12,Monterey,053,433212,49174,48087,3073,51160,609
2021-11-12,Napa,055,140530,13194,13110,117,13227,103
2021-11-12,Nevada,057,99092,9498,9369,339,9708,92
2021-11-12,Orange,059,3164182,310719,308211,15576,323787,5641
2021-11-12,Placer,061,380077,37853,37453,3776,41229,445
2021-11-12,Plumas,063,18699,1862,1828,44,1872,8
2021-11-12,Riverside,065,2383286,368576,363801,16572,380373,5187
2021-11-12,Sacramento,067,1510023,161560,160397,4808,165205,2291
2021-11-12,San Benito,069,59416,7522,7491,174,7665,77
2021-11-12,San Bernardino,071,2135413,359218,356325,11383,367708,5873
2021-11-12,San Diego,073,3302833,380225,377633,21951,399584,4280
2021-11-12,San Francisco,075,870044,53845,53195,2415,55610,667
2021-11-12,San Joaquin,077,732212,101142,100263,5541,105804,1799
2021-11-12,San Luis Obispo,079,281455,29937,29589,1270,30859,351
2021-11-12,San Mateo,081,765935,54891,53853,931,54784,574
2021-11-12,Santa Barbara,083,443738,45540,44734,1649,46383,537
2021-11-12,Santa Clara,085,1922200,149237,147821,1426,149247,1905
2021-11-12,Santa Cruz,087,273765,20784,20565,1022,21587,223
2021-11-12,Shasta,089,179085,22068,21713,3691,25404,366
2021-11-12,Sierra,091,2930,193,188,21,209,0
2021-11-12,Siskiyou,093,43540,3377,3299,1323,4622,54
2021-11-12,Solano,095,438530,46471,45774,1268,47042,350
2021-11-12,Sonoma,097,501317,42145,41882,529,42411,399
2021-11-12,Stanislaus,099,539301,80625,79872,9009,88881,1174
2021-11-12,Sutter,101,95872,14083,14017,366,14383,181
2021-11-12,Tehama,103,63373,8681,8592,1513,10105,125
2021-11-12,Trinity,105,12862,871,749,220,969,17
2021-11-12,Tulare,107,460477,69759,68619,15621,84240,1033
2021-11-12,Tuolumne,109,53932,7500,7392,103,7495,90
2021-11-12,Ventura,111,848112,99147,98452,4359,102811,1183
2021-11-12,Yolo,113,214977,20110,20009,1179,21188,255
2021-11-12,Yuba,115,75493,10311,10218,354,10572,85
2021-11-11,Alameda,001,1643700,121012,120147,2870,123017,1453
2021-11-11,Alpine,003,1148,105,105,0,105,0
2021-11-11,Amador,005,37829,5644,5603,63,5666,66
2021-11-11,Butte,007,227075,21319,21047,3840,24887,293
2021-11-11,Calaveras,009,45235,4218,4179,60,4239,83
2021-11-11,Colusa,011,21464,2556,2518,656,3174,19
2021-11-11,Contra Costa,013,1133247,100421,99808,2259,102067,1028
2021-11-11,Del Norte,015,27424,3714,3622,55,3677,42
2021-11-11,El Dorado,017,186661,16332,16085,1725,17810,159
2021-11-11,Fresno,019,978130,143028,140833,12433,153266,2202
2021-11-11,Glenn,021,27897,3544,3503,995,4498,34
2021-11-11,Humboldt,023,135768,9293,9125,605,9730,115
2021-11-11,Imperial,025,180216,34298,33844,3410,37254,766
2021-11-11,Inyo,027,18085,2462,2428,41,2469,42
2021-11-11,Kern,029,883053,130050,128023,23091,151114,1709
2021-11-11,Kings,031,150075,32854,32318,1991,34309,345
2021-11-11,Lake,033,64148,6840,6745,146,6891,107
2021-11-11,Lassen,035,31185,6961,6875,405,7280,47
2021-11-11,Los Angeles,037,10098052,1449795,1440436,55238,1495674,26614
2021-11-11,Madera,039,155013,23771,23316,2178,25494,287
2021-11-11,Marin,041,260295,17759,17639,474,18113,247
2021-11-11,Mariposa,043,17540,1356,1317,50,1367,6
2021-11-11,Mendocino,045,87422,7733,7612,592,8204,89
2021-11-11,Merced,047,269075,42626,42292,1888,44180,643
2021-11-11,Modoc,049,8938,555,536,201,737,5
2021-11-11,Mono,051,14174,1754,1743,20,1763,4
2021-11-11,Monterey,053,433212,49139,48008,3061,51069,609
2021-11-11,Napa,055,140530,13185,13075,117,13192,103
2021-11-11,Nevada,057,99092,9476,9308,339,9647,92
2021-11-11,Orange,059,3164182,310450,307674,15538,323212,5633
2021-11-11,Placer,061,380077,37802,37333,3768,41101,440
2021-11-11,Plumas,063,18699,1858,1814,44,1858,7
2021-11-11,Riverside,065,2383286,368145,362930,16554,379484,5175
2021-11-11,Sacramento,067,1510023,161348,159962,4789,164751,2289
2021-11-11,San Benito,069,59416,7514,7473,174,7647,76
2021-11-11,San Bernardino,071,2135413,358794,355413,11371,366784,5849
2021-11-11,San Diego,073,3302833,379710,376428,21928,398356,4272
2021-11-11,San Francisco,075,870044,53785,53063,2413,55476,666
2021-11-11,San Joaquin,077,732212,101047,99937,5525,105462,1799
2021-11-11,San Luis Obispo,079,281455,29886,29532,1268,30800,351
2021-11-11,San Mateo,081,765935,54840,53722,926,54648,574
2021-11-11,Santa Barbara,083,443738,45483,44603,1646,46249,534
2021-11-11,Santa Clara,085,1922200,149055,147458,1420,148878,1901
2021-11-11,Santa Cruz,087,273765,20739,20479,1022,21501,222
2021-11-11,Shasta,089,179085,22021,21600,3689,25289,364
2021-11-11,Sierra,091,2930,192,186,21,207,0
2021-11-11,Siskiyou,093,43540,3371,3297,1322,4619,53
2021-11-11,Solano,095,438530,46434,45679,1267,46946,350
2021-11-11,Sonoma,097,501317,42108,41774,529,42303,395
2021-11-11,Stanislaus,099,539301,80539,79570,8996,88566,1166
2021-11-11,Sutter,101,95872,14069,13993,365,14358,181
2021-11-11,Tehama,103,63373,8669,8565,1511,10076,125
2021-11-11,Trinity,105,12862,870,748,220,968,17
2021-11-11,Tulare,107,460477,69668,68367,15584,83951,1028
2021-11-11,Tuolumne,109,53932,7487,7354,103,7457,90
2021-11-11,Ventura,111,848112,99059,98297,4353,102650,1182
2021-11-11,Yolo,113,214977,20083,19946,1177,21123,255
2021-11-11,Yuba,115,75493,10295,10191,354,10545,85
2021-11-10,Alameda,001,1643700,120904,120147,2861,123008,1453
2021-11-10,Alpine,003,1148,105,105,0,105,0
2021-11-10,Amador,005,37829,5638,5603,63,5666,66
2021-11-10,Butte,007,227075,21293,21047,3836,24883,293
2021-11-10,Calaveras,009,45235,4207,4179,60,4239,83
2021-11-10,Colusa,011,21464,2550,2518,656,3174,19
2021-11-10,Contra Costa,013,1133247,100338,99808,2255,102063,1028
2021-11-10,Del Norte,015,27424,3713,3622,55,3677,42
2021-11-10,El Dorado,017,186661,16316,16085,1724,17809,159
2021-11-10,Fresno,019,978130,142850,140833,12421,153254,2202
2021-11-10,Glenn,021,27897,3544,3503,994,4497,34
2021-11-10,Humboldt,023,135768,9275,9125,605,9730,115
2021-11-10,Imperial,025,180216,34245,33844,3391,37235,766
2021-11-10,Inyo,027,18085,2455,2428,41,2469,42
2021-11-10,Kern,029,883053,129901,128023,23036,151059,1709
2021-11-10,Kings,031,150075,32822,32318,1989,34307,345
2021-11-10,Lake,033,64148,6830,6745,146,6891,107
2021-11-10,Lassen,035,31185,6956,6875,405,7280,47
2021-11-10,Los Angeles,037,10098052,1448850,1440436,55182,1495618,26614
2021-11-10,Madera,039,155013,23722,23316,2172,25488,287
2021-11-10,Marin,041,260295,17746,17639,472,18111,247
2021-11-10,Mariposa,043,17540,1350,1317,50,1367,6
2021-11-10,Mendocino,045,87422,7721,7612,591,8203,89
2021-11-10,Merced,047,269075,42591,42292,1886,44178,643
2021-11-10,Modoc,049,8938,554,536,200,736,5
2021-11-10,Mono,051,14174,1752,1743,20,1763,4
2021-11-10,Monterey,053,433212,49106,48008,3049,51057,609
2021-11-10,Napa,055,140530,13171,13075,116,13191,103
2021-11-10,Nevada,057,99092,9469,9308,337,9645,92
2021-11-10,Orange,059,3164182,310192,307674,15506,323180,5633
2021-11-10,Placer,061,380077,37757,37333,3761,41094,440
2021-11-10,Plumas,063,18699,1855,1814,43,1857,7
2021-11-10,Riverside,065,2383286,367765,362930,16548,379478,5175
2021-11-10,Sacramento,067,1510023,161195,159962,4779,164741,2289
2021-11-10,San Benito,069,59416,7506,7473,174,7647,76
2021-11-10,San Bernardino,071,2135413,358454,355413,11363,366776,5849
2021-11-10,San Diego,073,3302833,379295,376428,21906,398334,4272
2021-11-10,San Francisco,075,870044,53723,53063,2410,55473,666
2021-11-10,San Joaquin,077,732212,100940,99937,5519,105456,1799
2021-11-10,San Luis Obispo,079,281455,29856,29532,1267,30799,351
2021-11-10,San Mateo,081,765935,54787,53722,925,54647,574
2021-11-10,Santa Barbara,083,443738,45445,44603,1645,46248,534
2021-11-10,Santa Clara,085,1922200,148908,147458,1414,148872,1901
2021-11-10,Santa Cruz,087,273765,20712,20479,1021,21500,222
2021-11-10,Shasta,089,179085,21985,21600,3687,25287,364
2021-11-10,Sierra,091,2930,191,186,21,207,0
2021-11-10,Siskiyou,093,43540,3369,3297,1322,4619,53
2021-11-10,Solano,095,438530,46404,45679,1265,46944,350
2021-11-10,Sonoma,097,501317,42057,41774,529,42303,395
2021-11-10,Stanislaus,099,539301,80436,79570,8979,88549,1166
2021-11-10,Sutter,101,95872,14061,13993,365,14358,181
2021-11-10,Tehama,103,63373,8657,8565,1505,10070,125
2021-11-10,Trinity,105,12862,866,748,219,967,17
2021-11-10,Tulare,107,460477,69606,68367,15544,83911,1028
2021-11-10,Tuolumne,109,53932,7463,7354,103,7457,90
2021-11-10,Ventura,111,848112,98985,98297,4353,102650,1182
2021-11-10,Yolo,113,214977,20065,19946,1176,21122,255
2021-11-10,Yuba,115,75493,10286,10191,354,10545,85
2021-11-09,Alameda,001,1643700,120768,120051,2852,122903,1450
2021-11-09,Alpine,003,1148,105,105,0,105,0
2021-11-09,Amador,005,37829,5634,5596,63,5659,66
2021-11-09,Butte,007,227075,21272,21022,3833,24855,291
2021-11-09,Calaveras,009,45235,4203,4174,60,4234,84
2021-11-09,Colusa,011,21464,2545,2517,655,3172,19
2021-11-09,Contra Costa,013,1133247,100245,99732,2248,101980,1028
2021-11-09,Del Norte,015,27424,3712,3620,55,3675,42
2021-11-09,El Dorado,017,186661,16278,16073,1719,17792,160
2021-11-09,Fresno,019,978130,142609,140666,12406,153072,2188
2021-11-09,Glenn,021,27897,3539,3499,993,4492,34
2021-11-09,Humboldt,023,135768,9255,9112,600,9712,115
2021-11-09,Imperial,025,180216,34192,33751,3377,37128,766
2021-11-09,Inyo,027,18085,2451,2404,41,2445,42
2021-11-09,Kern,029,883053,129658,127901,22975,150876,1694
2021-11-09,Kings,031,150075,32755,32279,1985,34264,344
2021-11-09,Lake,033,64148,6821,6743,146,6889,106
2021-11-09,Lassen,035,31185,6944,6846,405,7251,47
2021-11-09,Los Angeles,037,10098052,1447611,1439125,55122,1494247,26581
2021-11-09,Madera,039,155013,23672,23285,2163,25448,287
2021-11-09,Marin,041,260295,17727,17630,470,18100,247
2021-11-09,Mariposa,043,17540,1342,1317,49,1366,5
2021-11-09,Mendocino,045,87422,7698,7598,585,8183,85
2021-11-09,Merced,047,269075,42549,42251,1882,44133,613
2021-11-09,Modoc,049,8938,553,536,198,734,5
2021-11-09,Mono,051,14174,1747,1738,20,1758,4
2021-11-09,Monterey,053,433212,49068,47975,3024,50999,609
2021-11-09,Napa,055,140530,13153,13051,116,13167,103
2021-11-09,Nevada,057,99092,9450,9288,337,9625,92
2021-11-09,Orange,059,3164182,309910,307412,15479,322891,5621
2021-11-09,Placer,061,380077,37703,37291,3744,41035,440
2021-11-09,Plumas,063,18699,1853,1802,43,1845,7
2021-11-09,Riverside,065,2383286,367300,362557,16533,379090,5160
2021-11-09,Sacramento,067,1510023,160956,159856,4769,164625,2286
2021-11-09,San Benito,069,59416,7495,7471,173,7644,76
2021-11-09,San Bernardino,071,2135413,358006,354972,11346,366318,5839
2021-11-09,San Diego,073,3302833,378788,375997,21880,397877,4272
2021-11-09,San Francisco,075,870044,53651,52996,2404,55400,666
2021-11-09,San Joaquin,077,732212,100762,99848,5506,105354,1794
2021-11-09,San Luis Obispo,079,281455,29815,29488,1266,30754,350
2021-11-09,San Mateo,081,765935,54739,53697,915,54612,574
2021-11-09,Santa Barbara,083,443738,45378,44579,1637,46216,533
2021-11-09,Santa Clara,085,1922200,148701,147281,1407,148688,1901
2021-11-09,Santa Cruz,087,273765,20677,20463,1020,21483,222
2021-11-09,Shasta,089,179085,21930,21558,3682,25240,364
2021-11-09,Sierra,091,2930,191,186,21,207,0
2021-11-09,Siskiyou,093,43540,3367,3295,1320,4615,52
2021-11-09,Solano,095,438530,46350,45639,1264,46903,350
2021-11-09,Sonoma,097,501317,42002,41727,527,42254,395
2021-11-09,Stanislaus,099,539301,80332,79505,8963,88468,1165
2021-11-09,Sutter,101,95872,14046,13988,363,14351,180
2021-11-09,Tehama,103,63373,8639,8555,1503,10058,125
2021-11-09,Trinity,105,12862,865,746,219,965,17
2021-11-09,Tulare,107,460477,69503,68298,15504,83802,1024
2021-11-09,Tuolumne,109,53932,7444,7347,103,7450,90
2021-11-09,Ventura,111,848112,98904,98202,4348,102550,1182
2021-11-09,Yolo,113,214977,20041,19931,1172,21103,255
2021-11-09,Yuba,115,75493,10269,10175,348,10523,85
2021-11-08,Alameda,001,1643700,120629,119983,2846,122829,1447
2021-11-08,Alpine,003,1148,105,105,0,105,0
2021-11-08,Amador,005,37829,5628,5590,63,5653,66
2021-11-08,Butte,007,227075,21244,21000,3825,24825,288
2021-11-08,Calaveras,009,45235,4195,4166,60,4226,82
2021-11-08,Colusa,011,21464,2544,2514,654,3168,19
2021-11-08,Contra Costa,013,1133247,100143,99669,2243,101912,1028
2021-11-08,Del Norte,015,27424,3708,3619,55,3674,42
2021-11-08,El Dorado,017,186661,16259,16055,1714,17769,156
2021-11-08,Fresno,019,978130,142309,140466,12388,152854,2179
2021-11-08,Glenn,021,27897,3536,3496,989,4485,34
2021-11-08,Humboldt,023,135768,9228,9095,590,9685,109
2021-11-08,Imperial,025,180216,34113,33690,3357,37047,766
2021-11-08,Inyo,027,18085,2444,2398,41,2439,41
2021-11-08,Kern,029,883053,129423,127722,22893,150615,1692
2021-11-08,Kings,031,150075,32709,32248,1984,34232,344
2021-11-08,Lake,033,64148,6815,6737,146,6883,106
2021-11-08,Lassen,035,31185,6937,6830,403,7233,46
2021-11-08,Los Angeles,037,10098052,1446268,1438322,55064,1493386,26575
2021-11-08,Madera,039,155013,23623,23253,2151,25404,287
2021-11-08,Marin,041,260295,17710,17617,467,18084,247
2021-11-08,Mariposa,043,17540,1334,1316,48,1364,5
2021-11-08,Mendocino,045,87422,7684,7581,579,8160,85
2021-11-08,Merced,047,269075,42478,42224,1874,44098,607
2021-11-08,Modoc,049,8938,552,529,198,727,5
2021-11-08,Mono,051,14174,1741,1739,20,1759,4
2021-11-08,Monterey,053,433212,49027,47942,3003,50945,602
2021-11-08,Napa,055,140530,13139,13045,116,13161,103
2021-11-08,Nevada,057,99092,9432,9278,335,9613,92
2021-11-08,Orange,059,3164182,309634,307156,15448,322604,5616
2021-11-08,Placer,061,380077,37651,37250,3741,40991,439
2021-11-08,Plumas,063,18699,1852,1788,42,1830,7
2021-11-08,Riverside,065,2383286,366845,362201,16519,378720,5152
2021-11-08,Sacramento,067,1510023,160741,159735,4749,164484,2275
2021-11-08,San Benito,069,59416,7493,7461,173,7634,75
2021-11-08,San Bernardino,071,2135413,357502,354741,11327,366068,5836
2021-11-08,San Diego,073,3302833,378200,375557,21834,397391,4259
2021-11-08,San Francisco,075,870044,53597,52942,2398,55340,666
2021-11-08,San Joaquin,077,732212,100645,99736,5504,105240,1794
2021-11-08,San Luis Obispo,079,281455,29766,29464,1262,30726,350
2021-11-08,San Mateo,081,765935,54662,53658,910,54568,574
2021-11-08,Santa Barbara,083,443738,45324,44548,1636,46184,532
2021-11-08,Santa Clara,085,1922200,148473,147183,1401,148584,1899
2021-11-08,Santa Cruz,087,273765,20649,20435,1020,21455,222
2021-11-08,Shasta,089,179085,21883,21504,3676,25180,354
2021-11-08,Sierra,091,2930,191,183,21,204,0
2021-11-08,Siskiyou,093,43540,3363,3290,1309,4599,50
2021-11-08,Solano,095,438530,46309,45613,1262,46875,350
2021-11-08,Sonoma,097,501317,41934,41669,525,42194,395
2021-11-08,Stanislaus,099,539301,80180,79417,8949,88366,1150
2021-11-08,Sutter,101,95872,14038,13976,359,14335,180
2021-11-08,Tehama,103,63373,8629,8534,1503,10037,123
2021-11-08,Trinity,105,12862,865,743,218,961,13
2021-11-08,Tulare,107,460477,69386,68199,15466,83665,1020
2021-11-08,Tuolumne,109,53932,7425,7328,102,7430,90
2021-11-08,Ventura,111,848112,98811,98144,4345,102489,1182
2021-11-08,Yolo,113,214977,20003,19916,1167,21083,255
2021-11-08,Yuba,115,75493,10258,10172,345,10517,83
2021-11-07,Alameda,001,1643700,120476,119902,2840,122742,1444
2021-11-07,Alpine,003,1148,105,105,0,105,0
2021-11-07,Amador,005,37829,5621,5580,61,5641,66
2021-11-07,Butte,007,227075,21204,20969,3816,24785,288
2021-11-07,Calaveras,009,45235,4168,4158,59,4217,82
2021-11-07,Colusa,011,21464,2538,2511,652,3163,19
2021-11-07,Contra Costa,013,1133247,100033,99596,2234,101830,1028
2021-11-07,Del Norte,015,27424,3706,3617,55,3672,42
2021-11-07,El Dorado,017,186661,16222,16040,1711,17751,156
2021-11-07,Fresno,019,978130,141969,140263,12364,152627,2179
2021-11-07,Glenn,021,27897,3529,3493,988,4481,34
2021-11-07,Humboldt,023,135768,9203,9074,586,9660,109
2021-11-07,Imperial,025,180216,34040,33674,3337,37011,766
2021-11-07,Inyo,027,18085,2431,2394,41,2435,41
2021-11-07,Kern,029,883053,129151,127583,22801,150384,1692
2021-11-07,Kings,031,150075,32618,32221,1980,34201,343
2021-11-07,Lake,033,64148,6799,6734,145,6879,106
2021-11-07,Lassen,035,31185,6928,6819,399,7218,46
2021-11-07,Los Angeles,037,10098052,1444781,1437314,54991,1492305,26573
2021-11-07,Madera,039,155013,23578,23225,2144,25369,287
2021-11-07,Marin,041,260295,17690,17594,466,18060,247
2021-11-07,Mariposa,043,17540,1333,1306,48,1354,5
2021-11-07,Mendocino,045,87422,7655,7567,575,8142,85
2021-11-07,Merced,047,269075,42397,42186,1844,44030,607
2021-11-07,Modoc,049,8938,549,528,197,725,5
2021-11-07,Mono,051,14174,1737,1739,20,1759,4
2021-11-07,Monterey,053,433212,48975,47924,2998,50922,602
2021-11-07,Napa,055,140530,13118,13041,116,13157,103
2021-11-07,Nevada,057,99092,9383,9254,335,9589,92
2021-11-07,Orange,059,3164182,309313,306954,15409,322363,5616
2021-11-07,Placer,061,380077,37575,37202,3726,40928,439
2021-11-07,Plumas,063,18699,1845,1787,41,1828,7
2021-11-07,Riverside,065,2383286,366311,361960,16500,378460,5152
2021-11-07,Sacramento,067,1510023,160510,159549,4731,164280,2277
2021-11-07,San Benito,069,59416,7480,7460,173,7633,75
2021-11-07,San Bernardino,071,2135413,357001,354488,11304,365792,5832
2021-11-07,San Diego,073,3302833,377611,375165,21801,396966,4250
2021-11-07,San Francisco,075,870044,53514,52868,2391,55259,666
2021-11-07,San Joaquin,077,732212,100459,99696,5498,105194,1794
2021-11-07,San Luis Obispo,079,281455,29717,29454,1258,30712,350
2021-11-07,San Mateo,081,765935,54603,53600,908,54508,574
2021-11-07,Santa Barbara,083,443738,45261,44501,1635,46136,532
2021-11-07,Santa Clara,085,1922200,148271,147054,1388,148442,1898
2021-11-07,Santa Cruz,087,273765,20591,20397,1019,21416,222
2021-11-07,Shasta,089,179085,21836,21479,3670,25149,354
2021-11-07,Sierra,091,2930,189,183,21,204,0
2021-11-07,Siskiyou,093,43540,3357,3289,1307,4596,51
2021-11-07,Solano,095,438530,46254,45582,1258,46840,350
2021-11-07,Sonoma,097,501317,41885,41630,525,42155,395
2021-11-07,Stanislaus,099,539301,80026,79351,8929,88280,1150
2021-11-07,Sutter,101,95872,14025,13964,356,14320,180
2021-11-07,Tehama,103,63373,8606,8528,1501,10029,121
2021-11-07,Trinity,105,12862,864,742,217,959,13
2021-11-07,Tulare,107,460477,69234,68145,15423,83568,1020
2021-11-07,Tuolumne,109,53932,7407,7300,100,7400,90
2021-11-07,Ventura,111,848112,98707,98085,4343,102428,1182
2021-11-07,Yolo,113,214977,19983,19899,1162,21061,255
2021-11-07,Yuba,115,75493,10241,10162,340,10502,83
2021-11-06,Alameda,001,1643700,120417,119499,2837,122336,1436
2021-11-06,Alpine,003,1148,105,105,0,105,0
2021-11-06,Amador,005,37829,5615,5557,61,5618,66
2021-11-06,Butte,007,227075,21184,20796,3812,24608,288
2021-11-06,Calaveras,009,45235,4160,4105,59,4164,82
2021-11-06,Colusa,011,21464,2537,2501,651,3152,19
2021-11-06,Contra Costa,013,1133247,99979,99282,2232,101514,1025
2021-11-06,Del Norte,015,27424,3703,3607,55,3662,42
2021-11-06,El Dorado,017,186661,16205,15958,1711,17669,156
2021-11-06,Fresno,019,978130,141852,139249,12362,151611,2170
2021-11-06,Glenn,021,27897,3526,3479,988,4467,33
2021-11-06,Humboldt,023,135768,9191,8972,582,9554,109
2021-11-06,Imperial,025,180216,33994,33471,3331,36802,766
2021-11-06,Inyo,027,18085,2425,2353,41,2394,41
2021-11-06,Kern,029,883053,129018,126848,22748,149596,1684
2021-11-06,Kings,031,150075,32585,32018,1975,33993,342
2021-11-06,Lake,033,64148,6797,6695,145,6840,106
2021-11-06,Lassen,035,31185,6923,6796,398,7194,46
2021-11-06,Los Angeles,037,10098052,1444006,1433081,54947,1488028,26533
2021-11-06,Madera,039,155013,23542,22994,2135,25129,287
2021-11-06,Marin,041,260295,17671,17520,463,17983,247
2021-11-06,Mariposa,043,17540,1331,1282,48,1330,5
2021-11-06,Mendocino,045,87422,7633,7486,575,8061,85
2021-11-06,Merced,047,269075,42373,41958,1836,43794,604
2021-11-06,Modoc,049,8938,548,523,197,720,5
2021-11-06,Mono,051,14174,1736,1725,20,1745,4
2021-11-06,Monterey,053,433212,48943,47830,2988,50818,602
2021-11-06,Napa,055,140530,13107,12950,116,13066,103
2021-11-06,Nevada,057,99092,9361,9169,334,9503,91
2021-11-06,Orange,059,3164182,309104,306049,15383,321432,5611
2021-11-06,Placer,061,380077,37534,36967,3723,40690,438
2021-11-06,Plumas,063,18699,1841,1755,40,1795,7
2021-11-06,Riverside,065,2383286,365993,360584,16491,377075,5138
2021-11-06,Sacramento,067,1510023,160418,158766,4726,163492,2263
2021-11-06,San Benito,069,59416,7473,7429,173,7602,75
2021-11-06,San Bernardino,071,2135413,356730,353142,11300,364442,5813
2021-11-06,San Diego,073,3302833,377263,373423,21783,395206,4246
2021-11-06,San Francisco,075,870044,53460,52556,2388,54944,666
2021-11-06,San Joaquin,077,732212,100402,99372,5497,104869,1782
2021-11-06,San Luis Obispo,079,281455,29689,29335,1254,30589,350
2021-11-06,San Mateo,081,765935,54569,53442,907,54349,574
2021-11-06,Santa Barbara,083,443738,45225,44301,1634,45935,532
2021-11-06,Santa Clara,085,1922200,148126,146519,1383,147902,1894
2021-11-06,Santa Cruz,087,273765,20572,20311,1017,21328,222
2021-11-06,Shasta,089,179085,21817,21281,3665,24946,349
2021-11-06,Sierra,091,2930,189,181,21,202,0
2021-11-06,Siskiyou,093,43540,3357,3279,1305,4584,48
2021-11-06,Solano,095,438530,46224,45465,1257,46722,350
2021-11-06,Sonoma,097,501317,41835,41398,524,41922,395
2021-11-06,Stanislaus,099,539301,79958,78902,8921,87823,1193
2021-11-06,Sutter,101,95872,14021,13908,355,14263,180
2021-11-06,Tehama,103,63373,8595,8474,1499,9973,120
2021-11-06,Trinity,105,12862,861,732,217,949,11
2021-11-06,Tulare,107,460477,69183,67767,15395,83162,1010
2021-11-06,Tuolumne,109,53932,7394,7245,100,7345,90
2021-11-06,Ventura,111,848112,98641,97770,4339,102109,1180
2021-11-06,Yolo,113,214977,19966,19827,1158,20985,255
2021-11-06,Yuba,115,75493,10227,10107,340,10447,83
2021-11-05,Alameda,001,1643700,120338,119499,2835,122334,1436
2021-11-05,Alpine,003,1148,105,105,0,105,0
2021-11-05,Amador,005,37829,5610,5557,61,5618,66
2021-11-05,Butte,007,227075,21170,20796,3811,24607,288
2021-11-05,Calaveras,009,45235,4155,4105,59,4164,82
2021-11-05,Colusa,011,21464,2537,2501,650,3151,19
2021-11-05,Contra Costa,013,1133247,99913,99282,2230,101512,1025
2021-11-05,Del Norte,015,27424,3701,3607,55,3662,42
2021-11-05,El Dorado,017,186661,16187,15958,1705,17663,156
2021-11-05,Fresno,019,978130,141674,139249,12350,151599,2170
2021-11-05,Glenn,021,27897,3526,3479,988,4467,33
2021-11-05,Humboldt,023,135768,9177,8972,582,9554,109
2021-11-05,Imperial,025,180216,33959,33471,3328,36799,766
2021-11-05,Inyo,027,18085,2417,2353,41,2394,41
2021-11-05,Kern,029,883053,128891,126848,22692,149540,1684
2021-11-05,Kings,031,150075,32562,32018,1974,33992,342
2021-11-05,Lake,033,64148,6791,6695,145,6840,106
2021-11-05,Lassen,035,31185,6919,6796,397,7193,46
2021-11-05,Los Angeles,037,10098052,1443186,1433081,54909,1487990,26533
2021-11-05,Madera,039,155013,23504,22994,2134,25128,287
2021-11-05,Marin,041,260295,17649,17520,462,17982,247
2021-11-05,Mariposa,043,17540,1328,1282,47,1329,5
2021-11-05,Mendocino,045,87422,7622,7486,574,8060,85
2021-11-05,Merced,047,269075,42347,41958,1832,43790,604
2021-11-05,Modoc,049,8938,548,523,197,720,5
2021-11-05,Mono,051,14174,1736,1725,20,1745,4
2021-11-05,Monterey,053,433212,48914,47830,2986,50816,602
2021-11-05,Napa,055,140530,13085,12950,116,13066,103
2021-11-05,Nevada,057,99092,9348,9169,334,9503,91
2021-11-05,Orange,059,3164182,308908,306049,15361,321410,5611
2021-11-05,Placer,061,380077,37507,36967,3713,40680,438
2021-11-05,Plumas,063,18699,1834,1755,40,1795,7
2021-11-05,Riverside,065,2383286,365652,360584,16481,377065,5138
2021-11-05,Sacramento,067,1510023,160295,158766,4720,163486,2263
2021-11-05,San Benito,069,59416,7471,7429,172,7601,75
2021-11-05,San Bernardino,071,2135413,356400,353142,11289,364431,5813
2021-11-05,San Diego,073,3302833,376898,373423,21771,395194,4246
2021-11-05,San Francisco,075,870044,53409,52556,2385,54941,666
2021-11-05,San Joaquin,077,732212,100349,99372,5488,104860,1782
2021-11-05,San Luis Obispo,079,281455,29667,29335,1254,30589,350
2021-11-05,San Mateo,081,765935,54530,53442,905,54347,574
2021-11-05,Santa Barbara,083,443738,45181,44301,1633,45934,532
2021-11-05,Santa Clara,085,1922200,147988,146519,1382,147901,1894
2021-11-05,Santa Cruz,087,273765,20548,20311,1016,21327,222
2021-11-05,Shasta,089,179085,21785,21281,3660,24941,349
2021-11-05,Sierra,091,2930,189,181,21,202,0
2021-11-05,Siskiyou,093,43540,3352,3279,1304,4583,48
2021-11-05,Solano,095,438530,46178,45465,1254,46719,350
2021-11-05,Sonoma,097,501317,41795,41398,524,41922,395
2021-11-05,Stanislaus,099,539301,79900,78902,8909,87811,1193
2021-11-05,Sutter,101,95872,14013,13908,354,14262,180
2021-11-05,Tehama,103,63373,8588,8474,1498,9972,120
2021-11-05,Trinity,105,12862,861,732,217,949,11
2021-11-05,Tulare,107,460477,69113,67767,15357,83124,1010
2021-11-05,Tuolumne,109,53932,7377,7245,99,7344,90
2021-11-05,Ventura,111,848112,98595,97770,4336,102106,1180
2021-11-05,Yolo,113,214977,19956,19827,1157,20984,255
2021-11-05,Yuba,115,75493,10214,10107,338,10445,83
2021-11-04,Alameda,001,1643700,120226,119499,2829,122328,1436
2021-11-04,Alpine,003,1148,105,105,0,105,0
2021-11-04,Amador,005,37829,5602,5557,61,5618,66
2021-11-04,Butte,007,227075,21128,20796,3801,24597,288
2021-11-04,Calaveras,009,45235,4141,4105,57,4162,82
2021-11-04,Colusa,011,21464,2531,2501,649,3150,19
2021-11-04,Contra Costa,013,1133247,99820,99282,2225,101507,1025
2021-11-04,Del Norte,015,27424,3698,3607,55,3662,42
2021-11-04,El Dorado,017,186661,16161,15958,1701,17659,156
2021-11-04,Fresno,019,978130,141395,139249,12343,151592,2170
2021-11-04,Glenn,021,27897,3521,3479,987,4466,33
2021-11-04,Humboldt,023,135768,9152,8972,579,9551,109
2021-11-04,Imperial,025,180216,33900,33471,3319,36790,766
2021-11-04,Inyo,027,18085,2409,2353,41,2394,41
2021-11-04,Kern,029,883053,128658,126848,22627,149475,1684
2021-11-04,Kings,031,150075,32481,32018,1966,33984,342
2021-11-04,Lake,033,64148,6781,6695,143,6838,106
2021-11-04,Lassen,035,31185,6909,6796,392,7188,46
2021-11-04,Los Angeles,037,10098052,1441888,1433081,54826,1487907,26533
2021-11-04,Madera,039,155013,23449,22994,2123,25117,287
2021-11-04,Marin,041,260295,17636,17520,460,17980,247
2021-11-04,Mariposa,043,17540,1321,1282,47,1329,5
2021-11-04,Mendocino,045,87422,7609,7486,568,8054,85
2021-11-04,Merced,047,269075,42292,41958,1828,43786,604
2021-11-04,Modoc,049,8938,547,523,197,720,5
2021-11-04,Mono,051,14174,1733,1725,20,1745,4
2021-11-04,Monterey,053,433212,48869,47830,2970,50800,602
2021-11-04,Napa,055,140530,13064,12950,116,13066,103
2021-11-04,Nevada,057,99092,9317,9169,333,9502,91
2021-11-04,Orange,059,3164182,308657,306049,15342,321391,5611
2021-11-04,Placer,061,380077,37435,36967,3704,40671,438
2021-11-04,Plumas,063,18699,1826,1755,36,1791,7
2021-11-04,Riverside,065,2383286,365256,360584,16472,377056,5138
2021-11-04,Sacramento,067,1510023,160060,158766,4699,163465,2263
2021-11-04,San Benito,069,59416,7465,7429,172,7601,75
2021-11-04,San Bernardino,071,2135413,355967,353142,11282,364424,5813
2021-11-04,San Diego,073,3302833,376418,373423,21750,395173,4246
2021-11-04,San Francisco,075,870044,53331,52556,2381,54937,666
2021-11-04,San Joaquin,077,732212,100242,99372,5476,104848,1782
2021-11-04,San Luis Obispo,079,281455,29643,29335,1248,30583,350
2021-11-04,San Mateo,081,765935,54471,53442,898,54340,574
2021-11-04,Santa Barbara,083,443738,45125,44301,1633,45934,532
2021-11-04,Santa Clara,085,1922200,147833,146519,1378,147897,1894
2021-11-04,Santa Cruz,087,273765,20513,20311,1016,21327,222
2021-11-04,Shasta,089,179085,21727,21281,3654,24935,349
2021-11-04,Sierra,091,2930,187,181,21,202,0
2021-11-04,Siskiyou,093,43540,3349,3279,1297,4576,48
2021-11-04,Solano,095,438530,46136,45465,1253,46718,350
2021-11-04,Sonoma,097,501317,41734,41398,524,41922,395
2021-11-04,Stanislaus,099,539301,79762,78902,8903,87805,1193
2021-11-04,Sutter,101,95872,14002,13908,352,14260,180
2021-11-04,Tehama,103,63373,8579,8474,1494,9968,120
2021-11-04,Trinity,105,12862,860,732,217,949,11
2021-11-04,Tulare,107,460477,68997,67767,15311,83078,1010
2021-11-04,Tuolumne,109,53932,7355,7245,97,7342,90
2021-11-04,Ventura,111,848112,98504,97770,4331,102101,1180
2021-11-04,Yolo,113,214977,19930,19827,1151,20978,255
2021-11-04,Yuba,115,75493,10200,10107,336,10443,83
2021-11-03,Alameda,001,1643700,120089,119356,2826,122182,1428
2021-11-03,Alpine,003,1148,105,105,0,105,0
2021-11-03,Amador,005,37829,5596,5545,60,5605,66
2021-11-03,Butte,007,227075,21083,20769,3792,24561,284
2021-11-03,Calaveras,009,45235,4123,4087,56,4143,82
2021-11-03,Colusa,011,21464,2525,2499,649,3148,20
2021-11-03,Contra Costa,013,1133247,99720,99168,2220,101388,1025
2021-11-03,Del Norte,015,27424,3696,3600,54,3654,42
2021-11-03,El Dorado,017,186661,16135,15915,1698,17613,156
2021-11-03,Fresno,019,978130,141032,138873,12324,151197,2166
2021-11-03,Glenn,021,27897,3517,3470,987,4457,33
2021-11-03,Humboldt,023,135768,9134,8949,574,9523,109
2021-11-03,Imperial,025,180216,33830,33402,3308,36710,766
2021-11-03,Inyo,027,18085,2389,2344,41,2385,41
2021-11-03,Kern,029,883053,128395,126523,22533,149056,1681
2021-11-03,Kings,031,150075,32426,31923,1958,33881,341
2021-11-03,Lake,033,64148,6765,6685,143,6828,106
2021-11-03,Lassen,035,31185,6893,6782,386,7168,46
2021-11-03,Los Angeles,037,10098052,1440540,1431209,54741,1485950,26517
2021-11-03,Madera,039,155013,23382,22893,2114,25007,287
2021-11-03,Marin,041,260295,17615,17491,456,17947,247
2021-11-03,Mariposa,043,17540,1311,1276,47,1323,5
2021-11-03,Mendocino,045,87422,7593,7457,560,8017,84
2021-11-03,Merced,047,269075,42231,41849,1818,43667,597
2021-11-03,Modoc,049,8938,547,521,195,716,5
2021-11-03,Mono,051,14174,1730,1719,20,1739,4
2021-11-03,Monterey,053,433212,48819,47794,2957,50751,601
2021-11-03,Napa,055,140530,13052,12937,115,13052,103
2021-11-03,Nevada,057,99092,9290,9131,332,9463,91
2021-11-03,Orange,059,3164182,308346,305661,15309,320970,5607
2021-11-03,Placer,061,380077,37365,36868,3699,40567,438
2021-11-03,Plumas,063,18699,1815,1739,35,1774,7
2021-11-03,Riverside,065,2383286,364798,360060,16468,376528,5131
2021-11-03,Sacramento,067,1510023,159834,158311,4688,162999,2259
2021-11-03,San Benito,069,59416,7457,7419,172,7591,75
2021-11-03,San Bernardino,071,2135413,355496,352225,11262,363487,5813
2021-11-03,San Diego,073,3302833,375905,372951,21727,394678,4241
2021-11-03,San Francisco,075,870044,53236,52493,2376,54869,663
2021-11-03,San Joaquin,077,732212,100130,99188,5465,104653,1776
2021-11-03,San Luis Obispo,079,281455,29601,29276,1242,30518,348
2021-11-03,San Mateo,081,765935,54406,53396,892,54288,571
2021-11-03,Santa Barbara,083,443738,45069,44220,1630,45850,531
2021-11-03,Santa Clara,085,1922200,147665,146259,1371,147630,1897
2021-11-03,Santa Cruz,087,273765,20478,20275,1016,21291,222
2021-11-03,Shasta,089,179085,21669,21215,3647,24862,346
2021-11-03,Sierra,091,2930,185,180,21,201,0
2021-11-03,Siskiyou,093,43540,3345,3276,1295,4571,46
2021-11-03,Solano,095,438530,46109,45411,1251,46662,351
2021-11-03,Sonoma,097,501317,41657,41326,522,41848,395
2021-11-03,Stanislaus,099,539301,79632,78736,8888,87624,1193
2021-11-03,Sutter,101,95872,13989,13876,350,14226,179
2021-11-03,Tehama,103,63373,8567,8438,1494,9932,118
2021-11-03,Trinity,105,12862,859,730,217,947,11
2021-11-03,Tulare,107,460477,68871,67588,15268,82856,1007
2021-11-03,Tuolumne,109,53932,7338,7218,95,7313,90
2021-11-03,Ventura,111,848112,98387,97682,4327,102009,1178
2021-11-03,Yolo,113,214977,19914,19758,1143,20901,250
2021-11-03,Yuba,115,75493,10188,10092,336,10428,83
2021-11-02,Alameda,001,1643700,119952,119241,2820,122061,1425
2021-11-02,Alpine,003,1148,104,105,0,105,0
2021-11-02,Amador,005,37829,5591,5535,60,5595,66
2021-11-02,Butte,007,227075,21039,20744,3781,24525,282
2021-11-02,Calaveras,009,45235,4100,4075,56,4131,82
2021-11-02,Colusa,011,21464,2520,2497,648,3145,19
2021-11-02,Contra Costa,013,1133247,99617,99080,2208,101288,1025
2021-11-02,Del Norte,015,27424,3694,3596,54,3650,42
2021-11-02,El Dorado,017,186661,16106,15883,1698,17581,154
2021-11-02,Fresno,019,978130,140711,138644,12295,150939,2158
2021-11-02,Glenn,021,27897,3509,3469,984,4453,33
2021-11-02,Humboldt,023,135768,9093,8937,573,9510,109
2021-11-02,Imperial,025,180216,33757,33371,3295,36666,766
2021-11-02,Inyo,027,18085,2382,2324,41,2365,41
2021-11-02,Kern,029,883053,128140,126311,22414,148725,1665
2021-11-02,Kings,031,150075,32367,31896,1953,33849,339
2021-11-02,Lake,033,64148,6760,6681,142,6823,106
2021-11-02,Lassen,035,31185,6881,6777,383,7160,45
2021-11-02,Los Angeles,037,10098052,1439089,1429601,54666,1484267,26496
2021-11-02,Madera,039,155013,23300,22837,2103,24940,287
2021-11-02,Marin,041,260295,17587,17482,456,17938,247
2021-11-02,Mariposa,043,17540,1300,1270,46,1316,5
2021-11-02,Mendocino,045,87422,7569,7447,548,7995,84
2021-11-02,Merced,047,269075,42164,41785,1810,43595,596
2021-11-02,Modoc,049,8938,544,520,194,714,5
2021-11-02,Mono,051,14174,1727,1718,20,1738,4
2021-11-02,Monterey,053,433212,48768,47775,2938,50713,599
2021-11-02,Napa,055,140530,13034,12930,115,13045,104
2021-11-02,Nevada,057,99092,9260,9122,331,9453,91
2021-11-02,Orange,059,3164182,308031,305369,15262,320631,5600
2021-11-02,Placer,061,380077,37293,36817,3684,40501,438
2021-11-02,Plumas,063,18699,1804,1721,35,1756,7
2021-11-02,Riverside,065,2383286,364346,359586,16448,376034,5116
2021-11-02,Sacramento,067,1510023,159578,158112,4665,162777,2250
2021-11-02,San Benito,069,59416,7440,7407,172,7579,75
2021-11-02,San Bernardino,071,2135413,355022,351832,11209,363041,5813
2021-11-02,San Diego,073,3302833,375312,372440,21697,394137,4232
2021-11-02,San Francisco,075,870044,53117,52450,2372,54822,663
2021-11-02,San Joaquin,077,732212,99994,99076,5454,104530,1772
2021-11-02,San Luis Obispo,079,281455,29568,29224,1239,30463,348
2021-11-02,San Mateo,081,765935,54334,53351,889,54240,571
2021-11-02,Santa Barbara,083,443738,45013,44177,1626,45803,531
2021-11-02,Santa Clara,085,1922200,147472,146115,1364,147479,1896
2021-11-02,Santa Cruz,087,273765,20445,20266,1015,21281,222
2021-11-02,Shasta,089,179085,21594,21127,3636,24763,344
2021-11-02,Sierra,091,2930,185,180,20,200,0
2021-11-02,Siskiyou,093,43540,3343,3272,1292,4564,46
2021-11-02,Solano,095,438530,46069,45378,1246,46624,350
2021-11-02,Sonoma,097,501317,41579,41288,521,41809,395
2021-11-02,Stanislaus,099,539301,79478,78629,8868,87497,1193
2021-11-02,Sutter,101,95872,13968,13868,350,14218,179
2021-11-02,Tehama,103,63373,8554,8422,1492,9914,116
2021-11-02,Trinity,105,12862,859,729,217,946,11
2021-11-02,Tulare,107,460477,68746,67502,15219,82721,1002
2021-11-02,Tuolumne,109,53932,7317,7204,93,7297,90
2021-11-02,Ventura,111,848112,98269,97574,4323,101897,1178
2021-11-02,Yolo,113,214977,19883,19736,1141,20877,250
2021-11-02,Yuba,115,75493,10165,10080,334,10414,83
2021-11-01,Alameda,001,1643700,119819,119159,2818,121977,1421
2021-11-01,Alpine,003,1148,104,105,0,105,0
2021-11-01,Amador,005,37829,5589,5532,60,5592,64
2021-11-01,Butte,007,227075,20989,20710,3776,24486,281
2021-11-01,Calaveras,009,45235,4090,4059,55,4114,82
2021-11-01,Colusa,011,21464,2518,2494,645,3139,19
2021-11-01,Contra Costa,013,1133247,99492,99011,2199,101210,1025
2021-11-01,Del Norte,015,27424,3692,3594,54,3648,42
2021-11-01,El Dorado,017,186661,16082,15858,1692,17550,154
2021-11-01,Fresno,019,978130,140335,138421,12264,150685,2149
2021-11-01,Glenn,021,27897,3502,3461,982,4443,33
2021-11-01,Humboldt,023,135768,9065,8929,568,9497,108
2021-11-01,Imperial,025,180216,33706,33342,3286,36628,766
2021-11-01,Inyo,027,18085,2370,2307,41,2348,41
2021-11-01,Kern,029,883053,127840,126092,22303,148395,1660
2021-11-01,Kings,031,150075,32315,31866,1951,33817,337
2021-11-01,Lake,033,64148,6749,6676,141,6817,106
2021-11-01,Lassen,035,31185,6866,6775,380,7155,42
2021-11-01,Los Angeles,037,10098052,1437713,1428891,54574,1483465,26483
2021-11-01,Madera,039,155013,23220,22801,2098,24899,283
2021-11-01,Marin,041,260295,17567,17460,455,17915,247
2021-11-01,Mariposa,043,17540,1292,1266,45,1311,5
2021-11-01,Mendocino,045,87422,7535,7422,530,7952,84
2021-11-01,Merced,047,269075,42075,41740,1808,43548,594
2021-11-01,Modoc,049,8938,539,520,192,712,5
2021-11-01,Mono,051,14174,1722,1714,20,1734,3
2021-11-01,Monterey,053,433212,48726,47756,2926,50682,597
2021-11-01,Napa,055,140530,13007,12916,114,13030,101
2021-11-01,Nevada,057,99092,9237,9108,330,9438,91
2021-11-01,Orange,059,3164182,307693,305192,15220,320412,5596
2021-11-01,Placer,061,380077,37210,36747,3672,40419,435
2021-11-01,Plumas,063,18699,1785,1719,35,1754,7
2021-11-01,Riverside,065,2383286,363846,359263,16426,375689,5115
2021-11-01,Sacramento,067,1510023,159306,157893,4641,162534,2239
2021-11-01,San Benito,069,59416,7430,7406,171,7577,73
2021-11-01,San Bernardino,071,2135413,354537,351620,11189,362809,5815
2021-11-01,San Diego,073,3302833,374727,372043,21679,393722,4232
2021-11-01,San Francisco,075,870044,53030,52418,2365,54783,661
2021-11-01,San Joaquin,077,732212,99831,98969,5447,104416,1772
2021-11-01,San Luis Obispo,079,281455,29524,29199,1235,30434,343
2021-11-01,San Mateo,081,765935,54270,53314,885,54199,571
2021-11-01,Santa Barbara,083,443738,44947,44146,1622,45768,529
2021-11-01,Santa Clara,085,1922200,147275,145978,1359,147337,1907
2021-11-01,Santa Cruz,087,273765,20410,20238,1015,21253,221
2021-11-01,Shasta,089,179085,21541,21104,3629,24733,338
2021-11-01,Sierra,091,2930,185,180,20,200,0
2021-11-01,Siskiyou,093,43540,3336,3272,1287,4559,46
2021-11-01,Solano,095,438530,46010,45358,1246,46604,350
2021-11-01,Sonoma,097,501317,41506,41234,521,41755,395
2021-11-01,Stanislaus,099,539301,79349,78534,8854,87388,1193
2021-11-01,Sutter,101,95872,13944,13852,348,14200,179
2021-11-01,Tehama,103,63373,8526,8412,1491,9903,116
2021-11-01,Trinity,105,12862,857,727,217,944,11
2021-11-01,Tulare,107,460477,68603,67388,15167,82555,1002
2021-11-01,Tuolumne,109,53932,7301,7175,92,7267,90
2021-11-01,Ventura,111,848112,98188,97507,4317,101824,1178
2021-11-01,Yolo,113,214977,19863,19708,1134,20842,250
2021-11-01,Yuba,115,75493,10147,10066,332,10398,83
2021-10-31,Alameda,001,1643700,119680,119071,2815,121886,1419
2021-10-31,Alpine,003,1148,104,105,0,105,0
2021-10-31,Amador,005,37829,5578,5518,60,5578,64
2021-10-31,Butte,007,227075,20928,20689,3767,24456,281
2021-10-31,Calaveras,009,45235,4072,4052,54,4106,82
2021-10-31,Colusa,011,21464,2516,2493,642,3135,18
2021-10-31,Contra Costa,013,1133247,99366,98936,2197,101133,1025
2021-10-31,Del Norte,015,27424,3686,3591,54,3645,42
2021-10-31,El Dorado,017,186661,16036,15841,1689,17530,154
2021-10-31,Fresno,019,978130,139930,138165,12232,150397,2147
2021-10-31,Glenn,021,27897,3497,3459,982,4441,33
2021-10-31,Humboldt,023,135768,9018,8919,562,9481,108
2021-10-31,Imperial,025,180216,33631,33334,3274,36608,766
2021-10-31,Inyo,027,18085,2351,2309,41,2350,41
2021-10-31,Kern,029,883053,127470,125917,22182,148099,1666
2021-10-31,Kings,031,150075,32228,31814,1938,33752,338
2021-10-31,Lake,033,64148,6738,6665,141,6806,106
2021-10-31,Lassen,035,31185,6851,6768,375,7143,42
2021-10-31,Los Angeles,037,10098052,1436176,1427933,54491,1482424,26474
2021-10-31,Madera,039,155013,23125,22744,2085,24829,283
2021-10-31,Marin,041,260295,17539,17443,454,17897,247
2021-10-31,Mariposa,043,17540,1286,1257,44,1301,5
2021-10-31,Mendocino,045,87422,7493,7403,513,7916,84
2021-10-31,Merced,047,269075,41981,41699,1788,43487,589
2021-10-31,Modoc,049,8938,533,517,189,706,5
2021-10-31,Mono,051,14174,1719,1711,20,1731,3
2021-10-31,Monterey,053,433212,48685,47744,2908,50652,596
2021-10-31,Napa,055,140530,12990,12906,112,13018,101
2021-10-31,Nevada,057,99092,9200,9084,325,9409,91
2021-10-31,Orange,059,3164182,307347,305032,15137,320169,5596
2021-10-31,Placer,061,380077,37113,36698,3658,40356,435
2021-10-31,Plumas,063,18699,1767,1716,35,1751,7
2021-10-31,Riverside,065,2383286,363268,359005,16412,375417,5104
2021-10-31,Sacramento,067,1510023,158957,157667,4626,162293,2243
2021-10-31,San Benito,069,59416,7419,7397,169,7566,73
2021-10-31,San Bernardino,071,2135413,354006,351411,11175,362586,5810
2021-10-31,San Diego,073,3302833,374155,371603,21648,393251,4218
2021-10-31,San Francisco,075,870044,52922,52370,2359,54729,661
2021-10-31,San Joaquin,077,732212,99668,98893,5433,104326,1772
2021-10-31,San Luis Obispo,079,281455,29473,29176,1234,30410,343
2021-10-31,San Mateo,081,765935,54213,53284,883,54167,571
2021-10-31,Santa Barbara,083,443738,44879,44113,1617,45730,529
2021-10-31,Santa Clara,085,1922200,147061,145829,1345,147174,1908
2021-10-31,Santa Cruz,087,273765,20375,20218,1014,21232,221
2021-10-31,Shasta,089,179085,21458,21086,3617,24703,338
2021-10-31,Sierra,091,2930,185,180,20,200,0
2021-10-31,Siskiyou,093,43540,3330,3271,1286,4557,46
2021-10-31,Solano,095,438530,45962,45310,1240,46550,350
2021-10-31,Sonoma,097,501317,41437,41183,518,41701,395
2021-10-31,Stanislaus,099,539301,79159,78426,8839,87265,1193
2021-10-31,Sutter,101,95872,13925,13838,345,14183,179
2021-10-31,Tehama,103,63373,8495,8391,1487,9878,116
2021-10-31,Trinity,105,12862,857,724,217,941,11
2021-10-31,Tulare,107,460477,68407,67310,15076,82386,1002
2021-10-31,Tuolumne,109,53932,7272,7141,91,7232,90
2021-10-31,Ventura,111,848112,98070,97460,4312,101772,1178
2021-10-31,Yolo,113,214977,19822,19662,1128,20790,250
2021-10-31,Yuba,115,75493,10129,10051,322,10373,83
2021-10-30,Alameda,001,1643700,119623,118632,2812,121444,1419
2021-10-30,Alpine,003,1148,104,105,0,105,0
2021-10-30,Amador,005,37829,5569,5480,59,5539,64
2021-10-30,Butte,007,227075,20913,20516,3761,24277,277
2021-10-30,Calaveras,009,45235,4065,3992,54,4046,82
2021-10-30,Colusa,011,21464,2516,2484,641,3125,19
2021-10-30,Contra Costa,013,1133247,99305,98562,2196,100758,1024
2021-10-30,Del Norte,015,27424,3683,3574,54,3628,42
2021-10-30,El Dorado,017,186661,16020,15752,1684,17436,154
2021-10-30,Fresno,019,978130,139787,136901,12227,149128,2131
2021-10-30,Glenn,021,27897,3493,3442,982,4424,33
2021-10-30,Humboldt,023,135768,9003,8871,560,9431,105
2021-10-30,Imperial,025,180216,33586,33156,3270,36426,766
2021-10-30,Inyo,027,18085,2348,2249,41,2290,41
2021-10-30,Kern,029,883053,127318,124892,22111,147003,1653
2021-10-30,Kings,031,150075,32192,31578,1934,33512,337
2021-10-30,Lake,033,64148,6733,6610,141,6751,106
2021-10-30,Lassen,035,31185,6845,6719,373,7092,42
2021-10-30,Los Angeles,037,10098052,1435456,1424257,54437,1478694,26625
2021-10-30,Madera,039,155013,23081,22524,2080,24604,283
2021-10-30,Marin,041,260295,17524,17380,452,17832,247
2021-10-30,Mariposa,043,17540,1283,1228,44,1272,5
2021-10-30,Mendocino,045,87422,7471,7338,511,7849,84
2021-10-30,Merced,047,269075,41941,41428,1786,43214,586
2021-10-30,Modoc,049,8938,531,513,188,701,5
2021-10-30,Mono,051,14174,1719,1684,20,1704,3
2021-10-30,Monterey,053,433212,48668,47649,2902,50551,588
2021-10-30,Napa,055,140530,12977,12863,111,12974,101
2021-10-30,Nevada,057,99092,9181,9015,325,9340,91
2021-10-30,Orange,059,3164182,307170,304120,15114,319234,5588
2021-10-30,Placer,061,380077,37067,36400,3652,40052,434
2021-10-30,Plumas,063,18699,1762,1695,35,1730,7
2021-10-30,Riverside,065,2383286,362968,357645,16403,374048,5088
2021-10-30,Sacramento,067,1510023,158801,157125,4616,161741,2233
2021-10-30,San Benito,069,59416,7412,7362,169,7531,71
2021-10-30,San Bernardino,071,2135413,353729,350076,11160,361236,5777
2021-10-30,San Diego,073,3302833,373781,370006,21626,391632,4213
2021-10-30,San Francisco,075,870044,52893,52161,2357,54518,661
2021-10-30,San Joaquin,077,732212,99612,98314,5432,103746,1768
2021-10-30,San Luis Obispo,079,281455,29441,29053,1231,30284,341
2021-10-30,San Mateo,081,765935,54173,53083,883,53966,571
2021-10-30,Santa Barbara,083,443738,44844,43972,1616,45588,528
2021-10-30,Santa Clara,085,1922200,146956,145262,1341,146603,1903
2021-10-30,Santa Cruz,087,273765,20357,20134,1012,21146,221
2021-10-30,Shasta,089,179085,21413,20878,3611,24489,332
2021-10-30,Sierra,091,2930,185,175,20,195,0
2021-10-30,Siskiyou,093,43540,3329,3257,1283,4540,46
2021-10-30,Solano,095,438530,45941,45146,1239,46385,346
2021-10-30,Sonoma,097,501317,41398,40924,518,41442,393
2021-10-30,Stanislaus,099,539301,79090,77871,8832,86703,1191
2021-10-30,Sutter,101,95872,13912,13773,345,14118,178
2021-10-30,Tehama,103,63373,8484,8307,1482,9789,114
2021-10-30,Trinity,105,12862,855,708,216,924,11
2021-10-30,Tulare,107,460477,68337,66745,15029,81774,995
2021-10-30,Tuolumne,109,53932,7248,7050,90,7140,90
2021-10-30,Ventura,111,848112,98025,97182,4311,101493,1174
2021-10-30,Yolo,113,214977,19802,19568,1126,20694,250
2021-10-30,Yuba,115,75493,10118,9969,322,10291,82
2021-10-29,Alameda,001,1643700,119546,118632,2808,121440,1419
2021-10-29,Alpine,003,1148,104,105,0,105,0
2021-10-29,Amador,005,37829,5558,5480,59,5539,64
2021-10-29,Butte,007,227075,20889,20516,3751,24267,277
2021-10-29,Calaveras,009,45235,4058,3992,54,4046,82
2021-10-29,Colusa,011,21464,2516,2484,639,3123,19
2021-10-29,Contra Costa,013,1133247,99239,98562,2194,100756,1024
2021-10-29,Del Norte,015,27424,3676,3574,54,3628,42
2021-10-29,El Dorado,017,186661,16006,15752,1684,17436,154
2021-10-29,Fresno,019,978130,139572,136901,12215,149116,2131
2021-10-29,Glenn,021,27897,3491,3442,981,4423,33
2021-10-29,Humboldt,023,135768,8998,8871,559,9430,105
2021-10-29,Imperial,025,180216,33559,33156,3267,36423,766
2021-10-29,Inyo,027,18085,2345,2249,41,2290,41
2021-10-29,Kern,029,883053,127141,124892,22021,146913,1653
2021-10-29,Kings,031,150075,32157,31578,1932,33510,337
2021-10-29,Lake,033,64148,6724,6610,139,6749,106
2021-10-29,Lassen,035,31185,6836,6719,370,7089,42
2021-10-29,Los Angeles,037,10098052,1434614,1424257,54394,1478651,26625
2021-10-29,Madera,039,155013,23029,22524,2075,24599,283
2021-10-29,Marin,041,260295,17508,17380,451,17831,247
2021-10-29,Mariposa,043,17540,1279,1228,44,1272,5
2021-10-29,Mendocino,045,87422,7463,7338,511,7849,84
2021-10-29,Merced,047,269075,41891,41428,1780,43208,586
2021-10-29,Modoc,049,8938,529,513,187,700,5
2021-10-29,Mono,051,14174,1716,1684,20,1704,3
2021-10-29,Monterey,053,433212,48644,47649,2902,50551,588
2021-10-29,Napa,055,140530,12956,12863,111,12974,101
2021-10-29,Nevada,057,99092,9169,9015,325,9340,91
2021-10-29,Orange,059,3164182,306945,304120,15094,319214,5588
2021-10-29,Placer,061,380077,37031,36400,3641,40041,434
2021-10-29,Plumas,063,18699,1756,1695,35,1730,7
2021-10-29,Riverside,065,2383286,362634,357645,16398,374043,5088
2021-10-29,Sacramento,067,1510023,158613,157125,4607,161732,2233
2021-10-29,San Benito,069,59416,7409,7362,169,7531,71
2021-10-29,San Bernardino,071,2135413,353432,350076,11151,361227,5777
2021-10-29,San Diego,073,3302833,373405,370006,21598,391604,4213
2021-10-29,San Francisco,075,870044,52834,52161,2351,54512,661
2021-10-29,San Joaquin,077,732212,99555,98314,5427,103741,1768
2021-10-29,San Luis Obispo,079,281455,29415,29053,1229,30282,341
2021-10-29,San Mateo,081,765935,54130,53083,881,53964,571
2021-10-29,Santa Barbara,083,443738,44804,43972,1613,45585,528
2021-10-29,Santa Clara,085,1922200,146841,145262,1334,146596,1903
2021-10-29,Santa Cruz,087,273765,20350,20134,1011,21145,221
2021-10-29,Shasta,089,179085,21374,20878,3605,24483,332
2021-10-29,Sierra,091,2930,183,175,20,195,0
2021-10-29,Siskiyou,093,43540,3329,3257,1282,4539,46
2021-10-29,Solano,095,438530,45905,45146,1238,46384,346
2021-10-29,Sonoma,097,501317,41377,40924,518,41442,393
2021-10-29,Stanislaus,099,539301,79005,77871,8821,86692,1191
2021-10-29,Sutter,101,95872,13893,13773,345,14118,178
2021-10-29,Tehama,103,63373,8471,8307,1481,9788,114
2021-10-29,Trinity,105,12862,854,708,216,924,11
2021-10-29,Tulare,107,460477,68236,66745,14985,81730,995
2021-10-29,Tuolumne,109,53932,7235,7050,90,7140,90
2021-10-29,Ventura,111,848112,97970,97182,4309,101491,1174
2021-10-29,Yolo,113,214977,19784,19568,1122,20690,250
2021-10-29,Yuba,115,75493,10110,9969,318,10287,82
2021-10-28,Alameda,001,1643700,119423,118632,2801,121433,1419
2021-10-28,Alpine,003,1148,104,105,0,105,0
2021-10-28,Amador,005,37829,5545,5480,59,5539,64
2021-10-28,Butte,007,227075,20849,20516,3742,24258,277
2021-10-28,Calaveras,009,45235,4045,3992,54,4046,82
2021-10-28,Colusa,011,21464,2513,2484,638,3122,19
2021-10-28,Contra Costa,013,1133247,99108,98562,2189,100751,1024
2021-10-28,Del Norte,015,27424,3675,3574,54,3628,42
2021-10-28,El Dorado,017,186661,15980,15752,1681,17433,154
2021-10-28,Fresno,019,978130,139243,136901,12187,149088,2131
2021-10-28,Glenn,021,27897,3487,3442,978,4420,33
2021-10-28,Humboldt,023,135768,8982,8871,554,9425,105
2021-10-28,Imperial,025,180216,33494,33156,3261,36417,766
2021-10-28,Inyo,027,18085,2328,2249,41,2290,41
2021-10-28,Kern,029,883053,126896,124892,21907,146799,1653
2021-10-28,Kings,031,150075,32089,31578,1927,33505,337
2021-10-28,Lake,033,64148,6714,6610,139,6749,106
2021-10-28,Lassen,035,31185,6826,6719,366,7085,42
2021-10-28,Los Angeles,037,10098052,1433481,1424257,54320,1478577,26625
2021-10-28,Madera,039,155013,22975,22524,2064,24588,283
2021-10-28,Marin,041,260295,17490,17380,450,17830,247
2021-10-28,Mariposa,043,17540,1275,1228,44,1272,5
2021-10-28,Mendocino,045,87422,7450,7338,500,7838,84
2021-10-28,Merced,047,269075,41806,41428,1769,43197,586
2021-10-28,Modoc,049,8938,528,513,187,700,5
2021-10-28,Mono,051,14174,1711,1684,20,1704,3
2021-10-28,Monterey,053,433212,48615,47649,2884,50533,588
2021-10-28,Napa,055,140530,12947,12863,110,12973,101
2021-10-28,Nevada,057,99092,9151,9015,325,9340,91
2021-10-28,Orange,059,3164182,306659,304120,15028,319148,5588
2021-10-28,Placer,061,380077,36952,36400,3632,40032,434
2021-10-28,Plumas,063,18699,1748,1695,35,1730,7
2021-10-28,Riverside,065,2383286,362196,357645,16374,374019,5088
2021-10-28,Sacramento,067,1510023,158347,157125,4595,161720,2233
2021-10-28,San Benito,069,59416,7401,7362,169,7531,71
2021-10-28,San Bernardino,071,2135413,353018,350076,11129,361205,5777
2021-10-28,San Diego,073,3302833,372932,370006,21575,391581,4213
2021-10-28,San Francisco,075,870044,52789,52161,2344,54505,661
2021-10-28,San Joaquin,077,732212,99427,98314,5426,103740,1768
2021-10-28,San Luis Obispo,079,281455,29386,29053,1226,30279,341
2021-10-28,San Mateo,081,765935,54085,53083,879,53962,571
2021-10-28,Santa Barbara,083,443738,44765,43972,1611,45583,528
2021-10-28,Santa Clara,085,1922200,146683,145262,1329,146591,1903
2021-10-28,Santa Cruz,087,273765,20326,20134,1011,21145,221
2021-10-28,Shasta,089,179085,21298,20878,3598,24476,332
2021-10-28,Sierra,091,2930,182,175,20,195,0
2021-10-28,Siskiyou,093,43540,3328,3257,1282,4539,46
2021-10-28,Solano,095,438530,45866,45146,1237,46383,346
2021-10-28,Sonoma,097,501317,41309,40924,517,41441,393
2021-10-28,Stanislaus,099,539301,78853,77871,8805,86676,1191
2021-10-28,Sutter,101,95872,13880,13773,341,14114,178
2021-10-28,Tehama,103,63373,8433,8307,1478,9785,114
2021-10-28,Trinity,105,12862,851,708,216,924,11
2021-10-28,Tulare,107,460477,68098,66745,14929,81674,995
2021-10-28,Tuolumne,109,53932,7204,7050,90,7140,90
2021-10-28,Ventura,111,848112,97878,97182,4307,101489,1174
2021-10-28,Yolo,113,214977,19747,19568,1117,20685,250
2021-10-28,Yuba,115,75493,10081,9969,315,10284,82
2021-10-27,Alameda,001,1643700,119302,118487,2799,121286,1414
2021-10-27,Alpine,003,1148,104,105,0,105,0
2021-10-27,Amador,005,37829,5533,5470,58,5528,64
2021-10-27,Butte,007,227075,20805,20446,3728,24174,274
2021-10-27,Calaveras,009,45235,4028,3970,53,4023,82
2021-10-27,Colusa,011,21464,2512,2480,637,3117,18
2021-10-27,Contra Costa,013,1133247,99001,98442,2177,100619,1018
2021-10-27,Del Norte,015,27424,3668,3571,53,3624,42
2021-10-27,El Dorado,017,186661,15949,15723,1676,17399,154
2021-10-27,Fresno,019,978130,138863,136447,12156,148603,2128
2021-10-27,Glenn,021,27897,3481,3435,977,4412,33
2021-10-27,Humboldt,023,135768,8962,8851,552,9403,105
2021-10-27,Imperial,025,180216,33455,33068,3256,36324,766
2021-10-27,Inyo,027,18085,2308,2236,41,2277,41
2021-10-27,Kern,029,883053,126627,124557,21807,146364,1647
2021-10-27,Kings,031,150075,32022,31437,1922,33359,335
2021-10-27,Lake,033,64148,6687,6589,139,6728,105
2021-10-27,Lassen,035,31185,6812,6706,364,7070,42
2021-10-27,Los Angeles,037,10098052,1432247,1422615,54262,1476877,26604
2021-10-27,Madera,039,155013,22889,22413,2041,24454,283
2021-10-27,Marin,041,260295,17475,17362,450,17812,247
2021-10-27,Mariposa,043,17540,1262,1228,44,1272,5
2021-10-27,Mendocino,045,87422,7437,7321,493,7814,84
2021-10-27,Merced,047,269075,41709,41310,1755,43065,583
2021-10-27,Modoc,049,8938,524,513,187,700,5
2021-10-27,Mono,051,14174,1708,1682,20,1702,3
2021-10-27,Monterey,053,433212,48577,47610,2862,50472,588
2021-10-27,Napa,055,140530,12932,12856,109,12965,101
2021-10-27,Nevada,057,99092,9134,8987,324,9311,90
2021-10-27,Orange,059,3164182,306345,303825,14977,318802,5584
2021-10-27,Placer,061,380077,36886,36296,3625,39921,434
2021-10-27,Plumas,063,18699,1740,1686,35,1721,7
2021-10-27,Riverside,065,2383286,361767,357152,16366,373518,5081
2021-10-27,Sacramento,067,1510023,158077,156830,4574,161404,2230
2021-10-27,San Benito,069,59416,7395,7337,169,7506,71
2021-10-27,San Bernardino,071,2135413,352596,349624,11108,360732,5770
2021-10-27,San Diego,073,3302833,372356,369579,21551,391130,4207
2021-10-27,San Francisco,075,870044,52737,52108,2340,54448,655
2021-10-27,San Joaquin,077,732212,99267,98168,5411,103579,1753
2021-10-27,San Luis Obispo,079,281455,29347,29002,1224,30226,341
2021-10-27,San Mateo,081,765935,54030,53032,870,53902,571
2021-10-27,Santa Barbara,083,443738,44712,43901,1608,45509,527
2021-10-27,Santa Clara,085,1922200,146506,145081,1321,146402,1902
2021-10-27,Santa Cruz,087,273765,20299,20091,1009,21100,221
2021-10-27,Shasta,089,179085,21224,20813,3590,24403,331
2021-10-27,Sierra,091,2930,181,176,20,196,0
2021-10-27,Siskiyou,093,43540,3325,3256,1278,4534,46
2021-10-27,Solano,095,438530,45821,45089,1229,46318,346
2021-10-27,Sonoma,097,501317,41234,40829,515,41344,393
2021-10-27,Stanislaus,099,539301,78693,77687,8791,86478,1191
2021-10-27,Sutter,101,95872,13866,13754,341,14095,177
2021-10-27,Tehama,103,63373,8411,8265,1477,9742,113
2021-10-27,Trinity,105,12862,851,706,215,921,11
2021-10-27,Tulare,107,460477,67945,66568,14872,81440,991
2021-10-27,Tuolumne,109,53932,7177,7009,89,7098,90
2021-10-27,Ventura,111,848112,97788,97108,4303,101411,1172
2021-10-27,Yolo,113,214977,19718,19517,1110,20627,250
2021-10-27,Yuba,115,75493,10060,9945,313,10258,82
2021-10-26,Alameda,001,1643700,119168,118360,2796,121156,1407
2021-10-26,Alpine,003,1148,104,105,0,105,0
2021-10-26,Amador,005,37829,5525,5465,57,5522,64
2021-10-26,Butte,007,227075,20747,20387,3711,24098,274
2021-10-26,Calaveras,009,45235,4017,3966,53,4019,81
2021-10-26,Colusa,011,21464,2510,2478,636,3114,18
2021-10-26,Contra Costa,013,1133247,98880,98352,2167,100519,1017
2021-10-26,Del Norte,015,27424,3663,3563,53,3616,42
2021-10-26,El Dorado,017,186661,15921,15690,1667,17357,153
2021-10-26,Fresno,019,978130,138419,136211,12116,148327,2122
2021-10-26,Glenn,021,27897,3466,3431,974,4405,33
2021-10-26,Humboldt,023,135768,8944,8830,546,9376,105
2021-10-26,Imperial,025,180216,33389,33012,3251,36263,766
2021-10-26,Inyo,027,18085,2293,2200,41,2241,41
2021-10-26,Kern,029,883053,126283,124351,21686,146037,1645
2021-10-26,Kings,031,150075,31958,31382,1915,33297,336
2021-10-26,Lake,033,64148,6677,6584,137,6721,105
2021-10-26,Lassen,035,31185,6792,6689,362,7051,42
2021-10-26,Los Angeles,037,10098052,1430907,1421795,54189,1475984,26599
2021-10-26,Madera,039,155013,22799,22363,2030,24393,283
2021-10-26,Marin,041,260295,17458,17354,449,17803,244
2021-10-26,Mariposa,043,17540,1257,1225,43,1268,5
2021-10-26,Mendocino,045,87422,7408,7308,476,7784,83
2021-10-26,Merced,047,269075,41631,41267,1748,43015,583
2021-10-26,Modoc,049,8938,524,513,187,700,5
2021-10-26,Mono,051,14174,1699,1680,20,1700,3
2021-10-26,Monterey,053,433212,48540,47572,2851,50423,588
2021-10-26,Napa,055,140530,12920,12849,109,12958,101
2021-10-26,Nevada,057,99092,9102,8971,323,9294,90
2021-10-26,Orange,059,3164182,306074,303533,14938,318471,5580
2021-10-26,Placer,061,380077,36789,36245,3619,39864,434
2021-10-26,Plumas,063,18699,1731,1645,35,1680,7
2021-10-26,Riverside,065,2383286,361281,356775,16356,373131,5068
2021-10-26,Sacramento,067,1510023,157772,156643,4557,161200,2228
2021-10-26,San Benito,069,59416,7372,7325,169,7494,71
2021-10-26,San Bernardino,071,2135413,352173,349346,11093,360439,5764
2021-10-26,San Diego,073,3302833,371837,369043,21522,390565,4198
2021-10-26,San Francisco,075,870044,52662,52063,2337,54400,655
2021-10-26,San Joaquin,077,732212,99091,98036,5396,103432,1748
2021-10-26,San Luis Obispo,079,281455,29308,28928,1218,30146,337
2021-10-26,San Mateo,081,765935,53959,52974,867,53841,571
2021-10-26,Santa Barbara,083,443738,44667,43835,1607,45442,525
2021-10-26,Santa Clara,085,1922200,146309,144932,1315,146247,1903
2021-10-26,Santa Cruz,087,273765,20268,20067,1008,21075,221
2021-10-26,Shasta,089,179085,21164,20725,3572,24297,330
2021-10-26,Sierra,091,2930,181,169,20,189,0
2021-10-26,Siskiyou,093,43540,3319,3254,1276,4530,46
2021-10-26,Solano,095,438530,45764,45044,1229,46273,344
2021-10-26,Sonoma,097,501317,41152,40794,513,41307,393
2021-10-26,Stanislaus,099,539301,78518,77552,8767,86319,1157
2021-10-26,Sutter,101,95872,13836,13739,340,14079,176
2021-10-26,Tehama,103,63373,8383,8247,1471,9718,112
2021-10-26,Trinity,105,12862,847,705,215,920,11
2021-10-26,Tulare,107,460477,67790,66476,14813,81289,991
2021-10-26,Tuolumne,109,53932,7152,6995,87,7082,90
2021-10-26,Ventura,111,848112,97681,97014,4298,101312,1170
2021-10-26,Yolo,113,214977,19690,19490,1107,20597,248
2021-10-26,Yuba,115,75493,10042,9927,308,10235,82
2021-10-25,Alameda,001,1643700,119024,118319,2793,121112,1404
2021-10-25,Alpine,003,1148,104,105,0,105,0
2021-10-25,Amador,005,37829,5511,5455,57,5512,64
2021-10-25,Butte,007,227075,20673,20331,3703,24034,273
2021-10-25,Calaveras,009,45235,3987,3942,52,3994,82
2021-10-25,Colusa,011,21464,2508,2471,634,3105,18
2021-10-25,Contra Costa,013,1133247,98764,98267,2162,100429,1017
2021-10-25,Del Norte,015,27424,3656,3562,53,3615,42
2021-10-25,El Dorado,017,186661,15886,15663,1665,17328,149
2021-10-25,Fresno,019,978130,137984,135974,12076,148050,2112
2021-10-25,Glenn,021,27897,3464,3421,973,4394,33
2021-10-25,Humboldt,023,135768,8920,8825,541,9366,105
2021-10-25,Imperial,025,180216,33327,32968,3240,36208,766
2021-10-25,Inyo,027,18085,2275,2183,41,2224,41
2021-10-25,Kern,029,883053,125932,124078,21547,145625,1649
2021-10-25,Kings,031,150075,31870,31329,1906,33235,335
2021-10-25,Lake,033,64148,6664,6571,137,6708,105
2021-10-25,Lassen,035,31185,6781,6688,360,7048,42
2021-10-25,Los Angeles,037,10098052,1429547,1421061,54122,1475183,26579
2021-10-25,Madera,039,155013,22745,22325,2022,24347,281
2021-10-25,Marin,041,260295,17436,17334,447,17781,244
2021-10-25,Mariposa,043,17540,1243,1220,43,1263,5
2021-10-25,Mendocino,045,87422,7378,7296,472,7768,82
2021-10-25,Merced,047,269075,41564,41207,1721,42928,583
2021-10-25,Modoc,049,8938,522,512,185,697,5
2021-10-25,Mono,051,14174,1683,1677,20,1697,3
2021-10-25,Monterey,053,433212,48510,47547,2849,50396,587
2021-10-25,Napa,055,140530,12907,12841,109,12950,100
2021-10-25,Nevada,057,99092,9076,8958,323,9281,90
2021-10-25,Orange,059,3164182,305776,303279,14900,318179,5574
2021-10-25,Placer,061,380077,36681,36153,3609,39762,431
2021-10-25,Plumas,063,18699,1719,1641,35,1676,7
2021-10-25,Riverside,065,2383286,360854,356381,16341,372722,5056
2021-10-25,Sacramento,067,1510023,157467,156516,4531,161047,2235
2021-10-25,San Benito,069,59416,7358,7314,168,7482,71
2021-10-25,San Bernardino,071,2135413,351676,349075,11081,360156,5748
2021-10-25,San Diego,073,3302833,371252,368386,21494,389880,4196
2021-10-25,San Francisco,075,870044,52589,52041,2330,54371,649
2021-10-25,San Joaquin,077,732212,98889,97980,5387,103367,1740
2021-10-25,San Luis Obispo,079,281455,29260,28907,1213,30120,336
2021-10-25,San Mateo,081,765935,53899,52927,863,53790,571
2021-10-25,Santa Barbara,083,443738,44610,43775,1607,45382,525
2021-10-25,Santa Clara,085,1922200,146119,144895,1310,146205,1901
2021-10-25,Santa Cruz,087,273765,20239,20053,1007,21060,221
2021-10-25,Shasta,089,179085,21092,20666,3565,24231,326
2021-10-25,Sierra,091,2930,181,168,20,188,0
2021-10-25,Siskiyou,093,43540,3315,3248,1271,4519,46
2021-10-25,Solano,095,438530,45703,45022,1227,46249,344
2021-10-25,Sonoma,097,501317,41079,40746,511,41257,393
2021-10-25,Stanislaus,099,539301,78326,77452,8738,86190,1145
2021-10-25,Sutter,101,95872,13823,13721,337,14058,176
2021-10-25,Tehama,103,63373,8356,8224,1467,9691,111
2021-10-25,Trinity,105,12862,842,699,214,913,11
2021-10-25,Tulare,107,460477,67599,66357,14751,81108,986
2021-10-25,Tuolumne,109,53932,7118,6952,86,7038,90
2021-10-25,Ventura,111,848112,97585,96932,4294,101226,1167
2021-10-25,Yolo,113,214977,19641,19457,1104,20561,248
2021-10-25,Yuba,115,75493,10026,9924,304,10228,82
2021-10-24,Alameda,001,1643700,118895,117816,2788,120604,1397
2021-10-24,Alpine,003,1148,104,105,0,105,0
2021-10-24,Amador,005,37829,5506,5412,57,5469,64
2021-10-24,Butte,007,227075,20604,20101,3691,23792,273
2021-10-24,Calaveras,009,45235,3968,3865,51,3916,81
2021-10-24,Colusa,011,21464,2504,2458,631,3089,18
2021-10-24,Contra Costa,013,1133247,98649,97855,2152,100007,1008
2021-10-24,Del Norte,015,27424,3652,3540,53,3593,42
2021-10-24,El Dorado,017,186661,15851,15540,1661,17201,149
2021-10-24,Fresno,019,978130,137555,134466,12035,146501,2094
2021-10-24,Glenn,021,27897,3453,3399,971,4370,33
2021-10-24,Humboldt,023,135768,8907,8753,535,9288,105
2021-10-24,Imperial,025,180216,33249,32777,3233,36010,766
2021-10-24,Inyo,027,18085,2243,2108,41,2149,41
2021-10-24,Kern,029,883053,125601,122939,21428,144367,1636
2021-10-24,Kings,031,150075,31741,30942,1890,32832,325
2021-10-24,Lake,033,64148,6641,6501,137,6638,105
2021-10-24,Lassen,035,31185,6764,6632,359,6991,27
2021-10-24,Los Angeles,037,10098052,1428106,1415919,54054,1469973,26527
2021-10-24,Madera,039,155013,22668,22062,2009,24071,281
2021-10-24,Marin,041,260295,17420,17264,446,17710,244
2021-10-24,Mariposa,043,17540,1240,1184,43,1227,5
2021-10-24,Mendocino,045,87422,7354,7220,461,7681,82
2021-10-24,Merced,047,269075,41442,40808,1716,42524,581
2021-10-24,Modoc,049,8938,521,507,185,692,5
2021-10-24,Mono,051,14174,1680,1655,20,1675,3
2021-10-24,Monterey,053,433212,48462,47456,2838,50294,586
2021-10-24,Napa,055,140530,12896,12789,109,12898,100
2021-10-24,Nevada,057,99092,9053,8861,320,9181,90
2021-10-24,Orange,059,3164182,305429,302237,14862,317099,5546
2021-10-24,Placer,061,380077,36577,35822,3595,39417,426
2021-10-24,Plumas,063,18699,1709,1623,34,1657,7
2021-10-24,Riverside,065,2383286,360380,354688,16321,371009,5041
2021-10-24,Sacramento,067,1510023,157124,155125,4507,159632,2232
2021-10-24,San Benito,069,59416,7338,7280,168,7448,71
2021-10-24,San Bernardino,071,2135413,351131,347681,11069,358750,5688
2021-10-24,San Diego,073,3302833,370649,366085,21463,387548,4183
2021-10-24,San Francisco,075,870044,52526,51820,2324,54144,649
2021-10-24,San Joaquin,077,732212,98716,97440,5381,102821,1721
2021-10-24,San Luis Obispo,079,281455,29200,28755,1206,29961,333
2021-10-24,San Mateo,081,765935,53825,52719,863,53582,571
2021-10-24,Santa Barbara,083,443738,44546,43552,1605,45157,523
2021-10-24,Santa Clara,085,1922200,145930,144276,1300,145576,1897
2021-10-24,Santa Cruz,087,273765,20201,19967,1006,20973,221
2021-10-24,Shasta,089,179085,20992,20386,3559,23945,321
2021-10-24,Sierra,091,2930,181,168,20,188,0
2021-10-24,Siskiyou,093,43540,3308,3231,1267,4498,46
2021-10-24,Solano,095,438530,45653,44861,1225,46086,341
2021-10-24,Sonoma,097,501317,40997,40476,511,40987,393
2021-10-24,Stanislaus,099,539301,78136,76812,8726,85538,1145
2021-10-24,Sutter,101,95872,13796,13616,329,13945,175
2021-10-24,Tehama,103,63373,8308,8105,1456,9561,110
2021-10-24,Trinity,105,12862,838,696,211,907,11
2021-10-24,Tulare,107,460477,67430,65585,14678,80263,978
2021-10-24,Tuolumne,109,53932,7078,6840,84,6924,90
2021-10-24,Ventura,111,848112,97481,96664,4292,100956,1167
2021-10-24,Yolo,113,214977,19590,19280,1101,20381,248
2021-10-24,Yuba,115,75493,10001,9838,303,10141,82
2021-10-23,Alameda,001,1643700,118807,117816,2783,120599,1397
2021-10-23,Alpine,003,1148,104,105,0,105,0
2021-10-23,Amador,005,37829,5499,5412,57,5469,64
2021-10-23,Butte,007,227075,20570,20101,3682,23783,273
2021-10-23,Calaveras,009,45235,3961,3865,50,3915,81
2021-10-23,Colusa,011,21464,2502,2458,630,3088,18
2021-10-23,Contra Costa,013,1133247,98597,97855,2148,100003,1008
2021-10-23,Del Norte,015,27424,3650,3540,53,3593,42
2021-10-23,El Dorado,017,186661,15825,15540,1659,17199,149
2021-10-23,Fresno,019,978130,137380,134466,12027,146493,2094
2021-10-23,Glenn,021,27897,3450,3399,970,4369,33
2021-10-23,Humboldt,023,135768,8892,8753,530,9283,105
2021-10-23,Imperial,025,180216,33202,32777,3229,36006,766
2021-10-23,Inyo,027,18085,2232,2108,41,2149,41
2021-10-23,Kern,029,883053,125441,122939,21339,144278,1636
2021-10-23,Kings,031,150075,31695,30942,1888,32830,325
2021-10-23,Lake,033,64148,6636,6501,137,6638,105
2021-10-23,Lassen,035,31185,6761,6632,357,6989,27
2021-10-23,Los Angeles,037,10098052,1427434,1415919,53999,1469918,26527
2021-10-23,Madera,039,155013,22619,22062,2000,24062,281
2021-10-23,Marin,041,260295,17403,17264,445,17709,244
2021-10-23,Mariposa,043,17540,1237,1184,42,1226,5
2021-10-23,Mendocino,045,87422,7349,7220,460,7680,82
2021-10-23,Merced,047,269075,41401,40808,1714,42522,581
2021-10-23,Modoc,049,8938,519,507,185,692,5
2021-10-23,Mono,051,14174,1679,1655,20,1675,3
2021-10-23,Monterey,053,433212,48444,47456,2834,50290,586
2021-10-23,Napa,055,140530,12891,12789,109,12898,100
2021-10-23,Nevada,057,99092,9042,8861,318,9179,90
2021-10-23,Orange,059,3164182,305242,302237,14846,317083,5546
2021-10-23,Placer,061,380077,36515,35822,3589,39411,426
2021-10-23,Plumas,063,18699,1708,1623,34,1657,7
2021-10-23,Riverside,065,2383286,360060,354688,16314,371002,5041
2021-10-23,Sacramento,067,1510023,156995,155125,4499,159624,2232
2021-10-23,San Benito,069,59416,7328,7280,168,7448,71
2021-10-23,San Bernardino,071,2135413,350867,347681,11063,358744,5688
2021-10-23,San Diego,073,3302833,370291,366085,21432,387517,4183
2021-10-23,San Francisco,075,870044,52491,51820,2323,54143,649
2021-10-23,San Joaquin,077,732212,98649,97440,5372,102812,1721
2021-10-23,San Luis Obispo,079,281455,29163,28755,1204,29959,333
2021-10-23,San Mateo,081,765935,53787,52719,861,53580,571
2021-10-23,Santa Barbara,083,443738,44515,43552,1603,45155,523
2021-10-23,Santa Clara,085,1922200,145822,144276,1296,145572,1897
2021-10-23,Santa Cruz,087,273765,20189,19967,1006,20973,221
2021-10-23,Shasta,089,179085,20956,20386,3547,23933,321
2021-10-23,Sierra,091,2930,180,168,20,188,0
2021-10-23,Siskiyou,093,43540,3306,3231,1267,4498,46
2021-10-23,Solano,095,438530,45628,44861,1222,46083,341
2021-10-23,Sonoma,097,501317,40957,40476,511,40987,393
2021-10-23,Stanislaus,099,539301,78047,76812,8707,85519,1145
2021-10-23,Sutter,101,95872,13791,13616,328,13944,175
2021-10-23,Tehama,103,63373,8296,8105,1455,9560,110
2021-10-23,Trinity,105,12862,837,696,211,907,11
2021-10-23,Tulare,107,460477,67342,65585,14618,80203,978
2021-10-23,Tuolumne,109,53932,7057,6840,84,6924,90
2021-10-23,Ventura,111,848112,97423,96664,4291,100955,1167
2021-10-23,Yolo,113,214977,19572,19280,1098,20378,248
2021-10-23,Yuba,115,75493,9993,9838,303,10141,82
2021-10-22,Alameda,001,1643700,118722,117816,2780,120596,1397
2021-10-22,Alpine,003,1148,104,105,0,105,0
2021-10-22,Amador,005,37829,5488,5412,57,5469,64
2021-10-22,Butte,007,227075,20538,20101,3678,23779,273
2021-10-22,Calaveras,009,45235,3953,3865,50,3915,81
2021-10-22,Colusa,011,21464,2499,2458,630,3088,18
2021-10-22,Contra Costa,013,1133247,98506,97855,2146,100001,1008
2021-10-22,Del Norte,015,27424,3646,3540,53,3593,42
2021-10-22,El Dorado,017,186661,15812,15540,1657,17197,149
2021-10-22,Fresno,019,978130,137167,134466,12018,146484,2094
2021-10-22,Glenn,021,27897,3439,3399,970,4369,33
2021-10-22,Humboldt,023,135768,8879,8753,529,9282,105
2021-10-22,Imperial,025,180216,33159,32777,3229,36006,766
2021-10-22,Inyo,027,18085,2219,2108,41,2149,41
2021-10-22,Kern,029,883053,125254,122939,21266,144205,1636
2021-10-22,Kings,031,150075,31660,30942,1887,32829,325
2021-10-22,Lake,033,64148,6626,6501,137,6638,105
2021-10-22,Lassen,035,31185,6754,6632,354,6986,27
2021-10-22,Los Angeles,037,10098052,1426685,1415919,53940,1469859,26527
2021-10-22,Madera,039,155013,22570,22062,1987,24049,281
2021-10-22,Marin,041,260295,17391,17264,445,17709,244
2021-10-22,Mariposa,043,17540,1234,1184,42,1226,5
2021-10-22,Mendocino,045,87422,7335,7220,459,7679,82
2021-10-22,Merced,047,269075,41362,40808,1709,42517,581
2021-10-22,Modoc,049,8938,519,507,185,692,5
2021-10-22,Mono,051,14174,1679,1655,20,1675,3
2021-10-22,Monterey,053,433212,48411,47456,2831,50287,586
2021-10-22,Napa,055,140530,12885,12789,109,12898,100
2021-10-22,Nevada,057,99092,9025,8861,317,9178,90
2021-10-22,Orange,059,3164182,305025,302237,14816,317053,5546
2021-10-22,Placer,061,380077,36487,35822,3580,39402,426
2021-10-22,Plumas,063,18699,1702,1623,34,1657,7
2021-10-22,Riverside,065,2383286,359749,354688,16309,370997,5041
2021-10-22,Sacramento,067,1510023,156808,155125,4489,159614,2232
2021-10-22,San Benito,069,59416,7323,7280,168,7448,71
2021-10-22,San Bernardino,071,2135413,350540,347681,11049,358730,5688
2021-10-22,San Diego,073,3302833,369878,366085,21414,387499,4183
2021-10-22,San Francisco,075,870044,52459,51820,2316,54136,649
2021-10-22,San Joaquin,077,732212,98590,97440,5369,102809,1721
2021-10-22,San Luis Obispo,079,281455,29133,28755,1204,29959,333
2021-10-22,San Mateo,081,765935,53738,52719,854,53573,571
2021-10-22,Santa Barbara,083,443738,44475,43552,1603,45155,523
2021-10-22,Santa Clara,085,1922200,145666,144276,1289,145565,1897
2021-10-22,Santa Cruz,087,273765,20167,19967,1006,20973,221
2021-10-22,Shasta,089,179085,20924,20386,3544,23930,321
2021-10-22,Sierra,091,2930,179,168,19,187,0
2021-10-22,Siskiyou,093,43540,3304,3231,1264,4495,46
2021-10-22,Solano,095,438530,45593,44861,1218,46079,341
2021-10-22,Sonoma,097,501317,40900,40476,511,40987,393
2021-10-22,Stanislaus,099,539301,77944,76812,8688,85500,1145
2021-10-22,Sutter,101,95872,13776,13616,328,13944,175
2021-10-22,Tehama,103,63373,8275,8105,1450,9555,110
2021-10-22,Trinity,105,12862,836,696,211,907,11
2021-10-22,Tulare,107,460477,67258,65585,14563,80148,978
2021-10-22,Tuolumne,109,53932,7022,6840,84,6924,90
2021-10-22,Ventura,111,848112,97370,96664,4284,100948,1167
2021-10-22,Yolo,113,214977,19545,19280,1096,20376,248
2021-10-22,Yuba,115,75493,9979,9838,301,10139,82
2021-10-21,Alameda,001,1643700,118607,117816,2775,120591,1397
2021-10-21,Alpine,003,1148,104,105,0,105,0
2021-10-21,Amador,005,37829,5480,5412,57,5469,64
2021-10-21,Butte,007,227075,20455,20101,3665,23766,273
2021-10-21,Calaveras,009,45235,3934,3865,50,3915,81
2021-10-21,Colusa,011,21464,2495,2458,623,3081,18
2021-10-21,Contra Costa,013,1133247,98392,97855,2140,99995,1008
2021-10-21,Del Norte,015,27424,3640,3540,52,3592,42
2021-10-21,El Dorado,017,186661,15784,15540,1650,17190,149
2021-10-21,Fresno,019,978130,136819,134466,11979,146445,2094
2021-10-21,Glenn,021,27897,3435,3399,966,4365,33
2021-10-21,Humboldt,023,135768,8865,8753,525,9278,105
2021-10-21,Imperial,025,180216,33104,32777,3225,36002,766
2021-10-21,Inyo,027,18085,2197,2108,41,2149,41
2021-10-21,Kern,029,883053,125007,122939,21154,144093,1636
2021-10-21,Kings,031,150075,31561,30942,1881,32823,325
2021-10-21,Lake,033,64148,6613,6501,137,6638,105
2021-10-21,Lassen,035,31185,6741,6632,350,6982,27
2021-10-21,Los Angeles,037,10098052,1425573,1415919,53890,1469809,26527
2021-10-21,Madera,039,155013,22512,22062,1977,24039,281
2021-10-21,Marin,041,260295,17373,17264,445,17709,244
2021-10-21,Mariposa,043,17540,1228,1184,41,1225,5
2021-10-21,Mendocino,045,87422,7317,7220,451,7671,82
2021-10-21,Merced,047,269075,41260,40808,1702,42510,581
2021-10-21,Modoc,049,8938,519,507,185,692,5
2021-10-21,Mono,051,14174,1671,1655,20,1675,3
2021-10-21,Monterey,053,433212,48377,47456,2819,50275,586
2021-10-21,Napa,055,140530,12873,12789,109,12898,100
2021-10-21,Nevada,057,99092,9000,8861,317,9178,90
2021-10-21,Orange,059,3164182,304748,302237,14780,317017,5546
2021-10-21,Placer,061,380077,36399,35822,3567,39389,426
2021-10-21,Plumas,063,18699,1688,1623,34,1657,7
2021-10-21,Riverside,065,2383286,359304,354688,16298,370986,5041
2021-10-21,Sacramento,067,1510023,156489,155125,4464,159589,2232
2021-10-21,San Benito,069,59416,7316,7280,166,7446,71
2021-10-21,San Bernardino,071,2135413,350162,347681,11014,358695,5688
2021-10-21,San Diego,073,3302833,369353,366085,21384,387469,4183
2021-10-21,San Francisco,075,870044,52403,51820,2315,54135,649
2021-10-21,San Joaquin,077,732212,98451,97440,5362,102802,1721
2021-10-21,San Luis Obispo,079,281455,29091,28755,1202,29957,333
2021-10-21,San Mateo,081,765935,53692,52719,853,53572,571
2021-10-21,Santa Barbara,083,443738,44410,43552,1601,45153,523
2021-10-21,Santa Clara,085,1922200,145493,144276,1285,145561,1897
2021-10-21,Santa Cruz,087,273765,20143,19967,1004,20971,221
2021-10-21,Shasta,089,179085,20862,20386,3529,23915,321
2021-10-21,Sierra,091,2930,178,168,18,186,0
2021-10-21,Siskiyou,093,43540,3299,3231,1262,4493,46
2021-10-21,Solano,095,438530,45542,44861,1217,46078,341
2021-10-21,Sonoma,097,501317,40831,40476,509,40985,393
2021-10-21,Stanislaus,099,539301,77775,76812,8677,85489,1145
2021-10-21,Sutter,101,95872,13748,13616,324,13940,175
2021-10-21,Tehama,103,63373,8247,8105,1443,9548,110
2021-10-21,Trinity,105,12862,834,696,211,907,11
2021-10-21,Tulare,107,460477,67069,65585,14491,80076,978
2021-10-21,Tuolumne,109,53932,6985,6840,83,6923,90
2021-10-21,Ventura,111,848112,97278,96664,4283,100947,1167
2021-10-21,Yolo,113,214977,19500,19280,1094,20374,248
2021-10-21,Yuba,115,75493,9955,9838,300,10138,82
2021-10-20,Alameda,001,1643700,118485,117654,2774,120428,1390
2021-10-20,Alpine,003,1148,104,103,0,103,0
2021-10-20,Amador,005,37829,5472,5379,57,5436,64
2021-10-20,Butte,007,227075,20401,20021,3650,23671,270
2021-10-20,Calaveras,009,45235,3913,3844,49,3893,81
2021-10-20,Colusa,011,21464,2491,2454,621,3075,18
2021-10-20,Contra Costa,013,1133247,98280,97721,2135,99856,1008
2021-10-20,Del Norte,015,27424,3636,3536,52,3588,42
2021-10-20,El Dorado,017,186661,15754,15502,1647,17149,149
2021-10-20,Fresno,019,978130,136420,134025,11955,145980,2084
2021-10-20,Glenn,021,27897,3428,3382,964,4346,33
2021-10-20,Humboldt,023,135768,8843,8727,523,9250,105
2021-10-20,Imperial,025,180216,33030,32705,3217,35922,766
2021-10-20,Inyo,027,18085,2177,2077,40,2117,40
2021-10-20,Kern,029,883053,124714,122630,21033,143663,1623
2021-10-20,Kings,031,150075,31486,30805,1871,32676,322
2021-10-20,Lake,033,64148,6591,6475,137,6612,104
2021-10-20,Lassen,035,31185,6726,6622,350,6972,27
2021-10-20,Los Angeles,037,10098052,1424464,1414931,53813,1468744,26506
2021-10-20,Madera,039,155013,22442,21983,1968,23951,281
2021-10-20,Marin,041,260295,17352,17250,443,17693,244
2021-10-20,Mariposa,043,17540,1221,1174,41,1215,5
2021-10-20,Mendocino,045,87422,7290,7189,448,7637,82
2021-10-20,Merced,047,269075,41173,40685,1691,42376,581
2021-10-20,Modoc,049,8938,519,504,185,689,5
2021-10-20,Mono,051,14174,1670,1653,20,1673,3
2021-10-20,Monterey,053,433212,48347,47430,2811,50241,587
2021-10-20,Napa,055,140530,12860,12773,108,12881,100
2021-10-20,Nevada,057,99092,8972,8836,317,9153,90
2021-10-20,Orange,059,3164182,304468,301957,14758,316715,5534
2021-10-20,Placer,061,380077,36310,35729,3558,39287,425
2021-10-20,Plumas,063,18699,1681,1604,34,1638,7
2021-10-20,Riverside,065,2383286,358860,354311,16281,370592,5030
2021-10-20,Sacramento,067,1510023,156190,154822,4440,159262,2222
2021-10-20,San Benito,069,59416,7313,7275,164,7439,71
2021-10-20,San Bernardino,071,2135413,349765,347217,10982,358199,5663
2021-10-20,San Diego,073,3302833,368837,365698,21365,387063,4178
2021-10-20,San Francisco,075,870044,52353,51755,2314,54069,646
2021-10-20,San Joaquin,077,732212,98304,97246,5354,102600,1721
2021-10-20,San Luis Obispo,079,281455,29047,28727,1198,29925,332
2021-10-20,San Mateo,081,765935,53620,52663,845,53508,571
2021-10-20,Santa Barbara,083,443738,44350,43489,1600,45089,523
2021-10-20,Santa Clara,085,1922200,145357,144124,1280,145404,1896
2021-10-20,Santa Cruz,087,273765,20130,19951,1004,20955,219
2021-10-20,Shasta,089,179085,20801,20313,3502,23815,320
2021-10-20,Sierra,091,2930,178,168,18,186,0
2021-10-20,Siskiyou,093,43540,3299,3224,1256,4480,46
2021-10-20,Solano,095,438530,45509,44819,1215,46034,341
2021-10-20,Sonoma,097,501317,40785,40404,509,40913,393
2021-10-20,Stanislaus,099,539301,77625,76631,8658,85289,1145
2021-10-20,Sutter,101,95872,13724,13592,318,13910,175
2021-10-20,Tehama,103,63373,8216,8081,1432,9513,110
2021-10-20,Trinity,105,12862,834,693,210,903,11
2021-10-20,Tulare,107,460477,66895,65413,14447,79860,967
2021-10-20,Tuolumne,109,53932,6964,6803,83,6886,89
2021-10-20,Ventura,111,848112,97187,96610,4280,100890,1166
2021-10-20,Yolo,113,214977,19456,19236,1092,20328,248
2021-10-20,Yuba,115,75493,9938,9808,297,10105,82
2021-10-19,Alameda,001,1643700,118374,117542,2768,120310,1383
2021-10-19,Alpine,003,1148,104,103,0,103,0
2021-10-19,Amador,005,37829,5456,5367,57,5424,64
2021-10-19,Butte,007,227075,20347,19974,3642,23616,268
2021-10-19,Calaveras,009,45235,3896,3826,48,3874,80
2021-10-19,Colusa,011,21464,2488,2447,619,3066,18
2021-10-19,Contra Costa,013,1133247,98190,97613,2129,99742,1004
2021-10-19,Del Norte,015,27424,3629,3531,52,3583,42
2021-10-19,El Dorado,017,186661,15729,15478,1642,17120,149
2021-10-19,Fresno,019,978130,136063,133813,11920,145733,2073
2021-10-19,Glenn,021,27897,3427,3380,960,4340,33
2021-10-19,Humboldt,023,135768,8819,8714,517,9231,105
2021-10-19,Imperial,025,180216,32962,32632,3213,35845,764
2021-10-19,Inyo,027,18085,2146,2045,40,2085,40
2021-10-19,Kern,029,883053,124395,122391,20909,143300,1613
2021-10-19,Kings,031,150075,31391,30757,1864,32621,322
2021-10-19,Lake,033,64148,6587,6465,137,6602,104
2021-10-19,Lassen,035,31185,6720,6612,345,6957,27
2021-10-19,Los Angeles,037,10098052,1423228,1413882,53735,1467617,26473
2021-10-19,Madera,039,155013,22379,21950,1960,23910,281
2021-10-19,Marin,041,260295,17338,17241,440,17681,244
2021-10-19,Mariposa,043,17540,1215,1171,39,1210,5
2021-10-19,Mendocino,045,87422,7275,7172,445,7617,82
2021-10-19,Merced,047,269075,41057,40628,1671,42299,580
2021-10-19,Modoc,049,8938,517,502,185,687,5
2021-10-19,Mono,051,14174,1664,1651,20,1671,3
2021-10-19,Monterey,053,433212,48309,47412,2800,50212,583
2021-10-19,Napa,055,140530,12853,12769,108,12877,100
2021-10-19,Nevada,057,99092,8951,8829,316,9145,90
2021-10-19,Orange,059,3164182,304215,301700,14723,316423,5527
2021-10-19,Placer,061,380077,36189,35663,3543,39206,422
2021-10-19,Plumas,063,18699,1663,1586,34,1620,8
2021-10-19,Riverside,065,2383286,358439,353891,16273,370164,5020
2021-10-19,Sacramento,067,1510023,155882,154570,4414,158984,2227
2021-10-19,San Benito,069,59416,7297,7264,164,7428,71
2021-10-19,San Bernardino,071,2135413,349370,346814,10952,357766,5627
2021-10-19,San Diego,073,3302833,368244,365285,21334,386619,4170
2021-10-19,San Francisco,075,870044,52292,51704,2312,54016,645
2021-10-19,San Joaquin,077,732212,98136,97105,5343,102448,1721
2021-10-19,San Luis Obispo,079,281455,29000,28670,1195,29865,332
2021-10-19,San Mateo,081,765935,53561,52617,843,53460,571
2021-10-19,Santa Barbara,083,443738,44283,43413,1598,45011,522
2021-10-19,Santa Clara,085,1922200,145183,143989,1272,145261,1898
2021-10-19,Santa Cruz,087,273765,20106,19895,1002,20897,218
2021-10-19,Shasta,089,179085,20724,20209,3494,23703,319
2021-10-19,Sierra,091,2930,175,168,18,186,0
2021-10-19,Siskiyou,093,43540,3295,3216,1251,4467,46
2021-10-19,Solano,095,438530,45466,44782,1211,45993,341
2021-10-19,Sonoma,097,501317,40711,40379,508,40887,392
2021-10-19,Stanislaus,099,539301,77483,76526,8646,85172,1145
2021-10-19,Sutter,101,95872,13700,13569,317,13886,174
2021-10-19,Tehama,103,63373,8186,8057,1416,9473,108
2021-10-19,Trinity,105,12862,827,691,210,901,11
2021-10-19,Tulare,107,460477,66712,65253,14379,79632,958
2021-10-19,Tuolumne,109,53932,6936,6782,82,6864,89
2021-10-19,Ventura,111,848112,97107,96539,4276,100815,1166
2021-10-19,Yolo,113,214977,19413,19206,1087,20293,248
2021-10-19,Yuba,115,75493,9920,9796,296,10092,82
2021-10-18,Alameda,001,1643700,118240,117506,2759,120265,1381
2021-10-18,Alpine,003,1148,104,103,0,103,0
2021-10-18,Amador,005,37829,5445,5345,57,5402,64
2021-10-18,Butte,007,227075,20297,19921,3634,23555,265
2021-10-18,Calaveras,009,45235,3871,3819,47,3866,80
2021-10-18,Colusa,011,21464,2487,2444,617,3061,18
2021-10-18,Contra Costa,013,1133247,98079,97585,2125,99710,995
2021-10-18,Del Norte,015,27424,3622,3529,52,3581,41
2021-10-18,El Dorado,017,186661,15698,15452,1639,17091,149
2021-10-18,Fresno,019,978130,135668,133688,11885,145573,2063
2021-10-18,Glenn,021,27897,3421,3370,954,4324,32
2021-10-18,Humboldt,023,135768,8800,8699,509,9208,104
2021-10-18,Imperial,025,180216,32871,32558,3212,35770,764
2021-10-18,Inyo,027,18085,2128,2020,40,2060,40
2021-10-18,Kern,029,883053,124094,122231,20812,143043,1605
2021-10-18,Kings,031,150075,31275,30698,1851,32549,320
2021-10-18,Lake,033,64148,6568,6455,135,6590,104
2021-10-18,Lassen,035,31185,6700,6607,342,6949,26
2021-10-18,Los Angeles,037,10098052,1421992,1413291,53657,1466948,26446
2021-10-18,Madera,039,155013,22325,21909,1948,23857,277
2021-10-18,Marin,041,260295,17318,17232,437,17669,244
2021-10-18,Mariposa,043,17540,1207,1160,39,1199,5
2021-10-18,Mendocino,045,87422,7256,7156,436,7592,82
2021-10-18,Merced,047,269075,40933,40573,1661,42234,579
2021-10-18,Modoc,049,8938,517,498,185,683,5
2021-10-18,Mono,051,14174,1653,1648,19,1667,3
2021-10-18,Monterey,053,433212,48286,47389,2795,50184,583
2021-10-18,Napa,055,140530,12838,12762,108,12870,100
2021-10-18,Nevada,057,99092,8932,8816,316,9132,90
2021-10-18,Orange,059,3164182,303875,301573,14690,316263,5524
2021-10-18,Placer,061,380077,36111,35598,3539,39137,420
2021-10-18,Plumas,063,18699,1655,1579,34,1613,6
2021-10-18,Riverside,065,2383286,358024,353699,16259,369958,5008
2021-10-18,Sacramento,067,1510023,155577,154428,4382,158810,2203
2021-10-18,San Benito,069,59416,7285,7253,164,7417,71
2021-10-18,San Bernardino,071,2135413,348950,346742,10938,357680,5606
2021-10-18,San Diego,073,3302833,367678,364948,21296,386244,4169
2021-10-18,San Francisco,075,870044,52229,51671,2306,53977,644
2021-10-18,San Joaquin,077,732212,97969,97041,5333,102374,1721
2021-10-18,San Luis Obispo,079,281455,28961,28644,1192,29836,331
2021-10-18,San Mateo,081,765935,53497,52594,842,53436,571
2021-10-18,Santa Barbara,083,443738,44226,43386,1596,44982,522
2021-10-18,Santa Clara,085,1922200,145027,143891,1263,145154,1895
2021-10-18,Santa Cruz,087,273765,20092,19876,1000,20876,218
2021-10-18,Shasta,089,179085,20643,20146,3482,23628,313
2021-10-18,Sierra,091,2930,175,166,18,184,0
2021-10-18,Siskiyou,093,43540,3292,3210,1243,4453,42
2021-10-18,Solano,095,438530,45422,44758,1209,45967,339
2021-10-18,Sonoma,097,501317,40647,40349,505,40854,392
2021-10-18,Stanislaus,099,539301,77317,76466,8634,85100,1145
2021-10-18,Sutter,101,95872,13666,13557,315,13872,172
2021-10-18,Tehama,103,63373,8152,8042,1404,9446,107
2021-10-18,Trinity,105,12862,826,688,210,898,11
2021-10-18,Tulare,107,460477,66537,65171,14315,79486,958
2021-10-18,Tuolumne,109,53932,6907,6755,82,6837,89
2021-10-18,Ventura,111,848112,97014,96506,4274,100780,1165
2021-10-18,Yolo,113,214977,19376,19197,1084,20281,248
2021-10-18,Yuba,115,75493,9893,9782,294,10076,82
2021-10-17,Alameda,001,1643700,118091,117423,2754,120177,1376
2021-10-17,Alpine,003,1148,104,103,0,103,0
2021-10-17,Amador,005,37829,5422,5341,57,5398,64
2021-10-17,Butte,007,227075,20211,19897,3625,23522,265
2021-10-17,Calaveras,009,45235,3855,3805,47,3852,80
2021-10-17,Colusa,011,21464,2482,2442,610,3052,18
2021-10-17,Contra Costa,013,1133247,97956,97485,2114,99599,995
2021-10-17,Del Norte,015,27424,3617,3526,52,3578,41
2021-10-17,El Dorado,017,186661,15640,15438,1632,17070,149
2021-10-17,Fresno,019,978130,135202,133429,11852,145281,2063
2021-10-17,Glenn,021,27897,3405,3364,952,4316,32
2021-10-17,Humboldt,023,135768,8780,8690,506,9196,104
2021-10-17,Imperial,025,180216,32789,32520,3206,35726,764
2021-10-17,Inyo,027,18085,2100,2000,40,2040,40
2021-10-17,Kern,029,883053,123744,122085,20715,142800,1603
2021-10-17,Kings,031,150075,31161,30636,1842,32478,315
2021-10-17,Lake,033,64148,6552,6437,134,6571,104
2021-10-17,Lassen,035,31185,6688,6605,337,6942,26
2021-10-17,Los Angeles,037,10098052,1420656,1412371,53581,1465952,26443
2021-10-17,Madera,039,155013,22263,21869,1938,23807,277
2021-10-17,Marin,041,260295,17296,17211,437,17648,243
2021-10-17,Mariposa,043,17540,1200,1150,39,1189,5
2021-10-17,Mendocino,045,87422,7228,7148,430,7578,82
2021-10-17,Merced,047,269075,40806,40531,1647,42178,579
2021-10-17,Modoc,049,8938,514,498,183,681,5
2021-10-17,Mono,051,14174,1652,1640,18,1658,3
2021-10-17,Monterey,053,433212,48244,47369,2785,50154,583
2021-10-17,Napa,055,140530,12823,12753,105,12858,100
2021-10-17,Nevada,057,99092,8915,8794,315,9109,90
2021-10-17,Orange,059,3164182,303563,301414,14657,316071,5524
2021-10-17,Placer,061,380077,36010,35559,3524,39083,420
2021-10-17,Plumas,063,18699,1631,1571,32,1603,6
2021-10-17,Riverside,065,2383286,357541,353500,16245,369745,5008
2021-10-17,Sacramento,067,1510023,155175,154080,4364,158444,2213
2021-10-17,San Benito,069,59416,7276,7250,163,7413,71
2021-10-17,San Bernardino,071,2135413,348520,346524,10917,357441,5597
2021-10-17,San Diego,073,3302833,367070,364675,21268,385943,4163
2021-10-17,San Francisco,075,870044,52156,51625,2296,53921,644
2021-10-17,San Joaquin,077,732212,97796,96950,5324,102274,1721
2021-10-17,San Luis Obispo,079,281455,28910,28604,1184,29788,331
2021-10-17,San Mateo,081,765935,53445,52541,838,53379,571
2021-10-17,Santa Barbara,083,443738,44164,43344,1595,44939,522
2021-10-17,Santa Clara,085,1922200,144852,143768,1254,145022,1895
2021-10-17,Santa Cruz,087,273765,20064,19861,998,20859,218
2021-10-17,Shasta,089,179085,20553,20116,3472,23588,312
2021-10-17,Sierra,091,2930,173,165,18,183,0
2021-10-17,Siskiyou,093,43540,3284,3204,1240,4444,42
2021-10-17,Solano,095,438530,45365,44722,1208,45930,340
2021-10-17,Sonoma,097,501317,40571,40306,505,40811,392
2021-10-17,Stanislaus,099,539301,77119,76354,8621,84975,1145
2021-10-17,Sutter,101,95872,13649,13543,313,13856,172
2021-10-17,Tehama,103,63373,8120,8015,1387,9402,107
2021-10-17,Trinity,105,12862,823,686,209,895,11
2021-10-17,Tulare,107,460477,66354,65057,14241,79298,958
2021-10-17,Tuolumne,109,53932,6873,6735,81,6816,89
2021-10-17,Ventura,111,848112,96919,96458,4271,100729,1165
2021-10-17,Yolo,113,214977,19335,19171,1075,20246,248
2021-10-17,Yuba,115,75493,9867,9771,292,10063,82
2021-10-16,Alameda,001,1643700,118004,117027,2753,119780,1365
2021-10-16,Alpine,003,1148,103,102,0,102,0
2021-10-16,Amador,005,37829,5415,5310,57,5367,64
2021-10-16,Butte,007,227075,20180,19612,3618,23230,260
2021-10-16,Calaveras,009,45235,3848,3771,47,3818,80
2021-10-16,Colusa,011,21464,2478,2431,607,3038,18
2021-10-16,Contra Costa,013,1133247,97865,97107,2107,99214,982
2021-10-16,Del Norte,015,27424,3614,3516,52,3568,41
2021-10-16,El Dorado,017,186661,15618,15315,1630,16945,149
2021-10-16,Fresno,019,978130,135053,132433,11845,144278,2051
2021-10-16,Glenn,021,27897,3402,3331,952,4283,26
2021-10-16,Humboldt,023,135768,8768,8621,501,9122,104
2021-10-16,Imperial,025,180216,32774,32368,3204,35572,764
2021-10-16,Inyo,027,18085,2086,1932,40,1972,39
2021-10-16,Kern,029,883053,123589,121354,20631,141985,1590
2021-10-16,Kings,031,150075,31113,30418,1839,32257,314
2021-10-16,Lake,033,64148,6541,6378,134,6512,104
2021-10-16,Lassen,035,31185,6680,6559,332,6891,26
2021-10-16,Los Angeles,037,10098052,1420009,1409418,53526,1462944,26398
2021-10-16,Madera,039,155013,22219,21707,1935,23642,277
2021-10-16,Marin,041,260295,17287,17148,437,17585,243
2021-10-16,Mariposa,043,17540,1197,1096,39,1135,5
2021-10-16,Mendocino,045,87422,7218,7099,430,7529,82
2021-10-16,Merced,047,269075,40773,40265,1646,41911,577
2021-10-16,Modoc,049,8938,511,492,183,675,5
2021-10-16,Mono,051,14174,1651,1628,18,1646,3
2021-10-16,Monterey,053,433212,48227,47293,2777,50070,582
2021-10-16,Napa,055,140530,12812,12706,105,12811,100
2021-10-16,Nevada,057,99092,8895,8739,315,9054,90
2021-10-16,Orange,059,3164182,303386,300722,14632,315354,5509
2021-10-16,Placer,061,380077,35925,35343,3518,38861,412
2021-10-16,Plumas,063,18699,1626,1542,31,1573,6
2021-10-16,Riverside,065,2383286,357272,352435,16233,368668,4990
2021-10-16,Sacramento,067,1510023,154976,153264,4360,157624,2192
2021-10-16,San Benito,069,59416,7263,7210,162,7372,71
2021-10-16,San Bernardino,071,2135413,348315,345418,10910,356328,5566
2021-10-16,San Diego,073,3302833,366747,363109,21252,384361,4151
2021-10-16,San Francisco,075,870044,52108,51436,2292,53728,645
2021-10-16,San Joaquin,077,732212,97725,96507,5321,101828,1708
2021-10-16,San Luis Obispo,079,281455,28884,28460,1183,29643,329
2021-10-16,San Mateo,081,765935,53397,52399,837,53236,569
2021-10-16,Santa Barbara,083,443738,44128,43175,1594,44769,521
2021-10-16,Santa Clara,085,1922200,144751,143282,1246,144528,1890
2021-10-16,Santa Cruz,087,273765,20049,19794,997,20791,218
2021-10-16,Shasta,089,179085,20503,19932,3461,23393,309
2021-10-16,Sierra,091,2930,171,160,18,178,0
2021-10-16,Siskiyou,093,43540,3282,3173,1233,4406,42
2021-10-16,Solano,095,438530,45339,44585,1204,45789,334
2021-10-16,Sonoma,097,501317,40531,40195,505,40700,390
2021-10-16,Stanislaus,099,539301,77033,75868,8612,84480,1142
2021-10-16,Sutter,101,95872,13630,13471,312,13783,169
2021-10-16,Tehama,103,63373,8106,7907,1382,9289,104
2021-10-16,Trinity,105,12862,823,679,209,888,11
2021-10-16,Tulare,107,460477,66220,64489,14208,78697,951
2021-10-16,Tuolumne,109,53932,6841,6666,81,6747,89
2021-10-16,Ventura,111,848112,96891,96181,4266,100447,1164
2021-10-16,Yolo,113,214977,19308,19078,1069,20147,247
2021-10-16,Yuba,115,75493,9843,9705,289,9994,82
2021-10-15,Alameda,001,1643700,117933,117027,2749,119776,1365
2021-10-15,Alpine,003,1148,103,102,0,102,0
2021-10-15,Amador,005,37829,5391,5310,57,5367,64
2021-10-15,Butte,007,227075,20144,19612,3611,23223,260
2021-10-15,Calaveras,009,45235,3842,3771,47,3818,80
2021-10-15,Colusa,011,21464,2476,2431,604,3035,18
2021-10-15,Contra Costa,013,1133247,97784,97107,2103,99210,982
2021-10-15,Del Norte,015,27424,3612,3516,52,3568,41
2021-10-15,El Dorado,017,186661,15598,15315,1625,16940,149
2021-10-15,Fresno,019,978130,134800,132433,11838,144271,2051
2021-10-15,Glenn,021,27897,3398,3331,951,4282,26
2021-10-15,Humboldt,023,135768,8759,8621,499,9120,104
2021-10-15,Imperial,025,180216,32727,32368,3200,35568,764
2021-10-15,Inyo,027,18085,2068,1932,40,1972,39
2021-10-15,Kern,029,883053,123454,121354,20557,141911,1590
2021-10-15,Kings,031,150075,31057,30418,1835,32253,314
2021-10-15,Lake,033,64148,6532,6378,134,6512,104
2021-10-15,Lassen,035,31185,6668,6559,331,6890,26
2021-10-15,Los Angeles,037,10098052,1419319,1409418,53477,1462895,26398
2021-10-15,Madera,039,155013,22175,21707,1927,23634,277
2021-10-15,Marin,041,260295,17276,17148,437,17585,243
2021-10-15,Mariposa,043,17540,1189,1096,39,1135,5
2021-10-15,Mendocino,045,87422,7203,7099,430,7529,82
2021-10-15,Merced,047,269075,40743,40265,1643,41908,577
2021-10-15,Modoc,049,8938,510,492,183,675,5
2021-10-15,Mono,051,14174,1650,1628,18,1646,3
2021-10-15,Monterey,053,433212,48205,47293,2775,50068,582
2021-10-15,Napa,055,140530,12808,12706,105,12811,100
2021-10-15,Nevada,057,99092,8880,8739,315,9054,90
2021-10-15,Orange,059,3164182,303216,300722,14613,315335,5509
2021-10-15,Placer,061,380077,35871,35343,3512,38855,412
2021-10-15,Plumas,063,18699,1618,1542,31,1573,6
2021-10-15,Riverside,065,2383286,357030,352435,16228,368663,4990
2021-10-15,Sacramento,067,1510023,154791,153264,4350,157614,2192
2021-10-15,San Benito,069,59416,7260,7210,162,7372,71
2021-10-15,San Bernardino,071,2135413,348080,345418,10908,356326,5566
2021-10-15,San Diego,073,3302833,366383,363109,21227,384336,4151
2021-10-15,San Francisco,075,870044,52068,51436,2285,53721,645
2021-10-15,San Joaquin,077,732212,97648,96507,5314,101821,1708
2021-10-15,San Luis Obispo,079,281455,28863,28460,1181,29641,329
2021-10-15,San Mateo,081,765935,53353,52399,836,53235,569
2021-10-15,Santa Barbara,083,443738,44092,43175,1594,44769,521
2021-10-15,Santa Clara,085,1922200,144630,143282,1238,144520,1890
2021-10-15,Santa Cruz,087,273765,20038,19794,997,20791,218
2021-10-15,Shasta,089,179085,20446,19932,3453,23385,309
2021-10-15,Sierra,091,2930,170,160,18,178,0
2021-10-15,Siskiyou,093,43540,3281,3173,1230,4403,42
2021-10-15,Solano,095,438530,45313,44585,1204,45789,334
2021-10-15,Sonoma,097,501317,40497,40195,504,40699,390
2021-10-15,Stanislaus,099,539301,76953,75868,8596,84464,1142
2021-10-15,Sutter,101,95872,13613,13471,310,13781,169
2021-10-15,Tehama,103,63373,8084,7907,1376,9283,104
2021-10-15,Trinity,105,12862,823,679,209,888,11
2021-10-15,Tulare,107,460477,66141,64489,14171,78660,951
2021-10-15,Tuolumne,109,53932,6818,6666,79,6745,89
2021-10-15,Ventura,111,848112,96850,96181,4262,100443,1164
2021-10-15,Yolo,113,214977,19294,19078,1065,20143,247
2021-10-15,Yuba,115,75493,9833,9705,288,9993,82
2021-10-14,Alameda,001,1643700,117826,117027,2744,119771,1365
2021-10-14,Alpine,003,1148,103,102,0,102,0
2021-10-14,Amador,005,37829,5380,5310,57,5367,64
2021-10-14,Butte,007,227075,20092,19612,3606,23218,260
2021-10-14,Calaveras,009,45235,3829,3771,46,3817,80
2021-10-14,Colusa,011,21464,2474,2431,602,3033,18
2021-10-14,Contra Costa,013,1133247,97650,97107,2095,99202,982
2021-10-14,Del Norte,015,27424,3606,3516,52,3568,41
2021-10-14,El Dorado,017,186661,15559,15315,1622,16937,149
2021-10-14,Fresno,019,978130,134508,132433,11818,144251,2051
2021-10-14,Glenn,021,27897,3395,3331,950,4281,26
2021-10-14,Humboldt,023,135768,8742,8621,496,9117,104
2021-10-14,Imperial,025,180216,32663,32368,3193,35561,764
2021-10-14,Inyo,027,18085,2049,1932,40,1972,39
2021-10-14,Kern,029,883053,123184,121354,20457,141811,1590
2021-10-14,Kings,031,150075,30992,30418,1827,32245,314
2021-10-14,Lake,033,64148,6511,6378,133,6511,104
2021-10-14,Lassen,035,31185,6662,6559,330,6889,26
2021-10-14,Los Angeles,037,10098052,1418337,1409418,53426,1462844,26398
2021-10-14,Madera,039,155013,22110,21707,1923,23630,277
2021-10-14,Marin,041,260295,17271,17148,435,17583,243
2021-10-14,Mariposa,043,17540,1176,1096,38,1134,5
2021-10-14,Mendocino,045,87422,7189,7099,429,7528,82
2021-10-14,Merced,047,269075,40654,40265,1630,41895,577
2021-10-14,Modoc,049,8938,510,492,183,675,5
2021-10-14,Mono,051,14174,1644,1628,18,1646,3
2021-10-14,Monterey,053,433212,48179,47293,2770,50063,582
2021-10-14,Napa,055,140530,12793,12706,105,12811,100
2021-10-14,Nevada,057,99092,8852,8739,313,9052,90
2021-10-14,Orange,059,3164182,303009,300722,14596,315318,5509
2021-10-14,Placer,061,380077,35804,35343,3498,38841,412
2021-10-14,Plumas,063,18699,1603,1542,31,1573,6
2021-10-14,Riverside,065,2383286,356633,352435,16217,368652,4990
2021-10-14,Sacramento,067,1510023,154539,153264,4328,157592,2192
2021-10-14,San Benito,069,59416,7249,7210,162,7372,71
2021-10-14,San Bernardino,071,2135413,347722,345418,10902,356320,5566
2021-10-14,San Diego,073,3302833,365935,363109,21200,384309,4151
2021-10-14,San Francisco,075,870044,52013,51436,2281,53717,645
2021-10-14,San Joaquin,077,732212,97519,96507,5305,101812,1708
2021-10-14,San Luis Obispo,079,281455,28820,28460,1177,29637,329
2021-10-14,San Mateo,081,765935,53305,52399,835,53234,569
2021-10-14,Santa Barbara,083,443738,44036,43175,1589,44764,521
2021-10-14,Santa Clara,085,1922200,144489,143282,1232,144514,1890
2021-10-14,Santa Cruz,087,273765,20015,19794,997,20791,218
2021-10-14,Shasta,089,179085,20390,19932,3441,23373,309
2021-10-14,Sierra,091,2930,170,160,18,178,0
2021-10-14,Siskiyou,093,43540,3278,3173,1222,4395,42
2021-10-14,Solano,095,438530,45263,44585,1198,45783,334
2021-10-14,Sonoma,097,501317,40446,40195,501,40696,390
2021-10-14,Stanislaus,099,539301,76807,75868,8583,84451,1142
2021-10-14,Sutter,101,95872,13593,13471,309,13780,169
2021-10-14,Tehama,103,63373,8053,7907,1369,9276,104
2021-10-14,Trinity,105,12862,822,679,208,887,11
2021-10-14,Tulare,107,460477,65961,64489,14124,78613,951
2021-10-14,Tuolumne,109,53932,6788,6666,78,6744,89
2021-10-14,Ventura,111,848112,96784,96181,4255,100436,1164
2021-10-14,Yolo,113,214977,19262,19078,1058,20136,247
2021-10-14,Yuba,115,75493,9819,9705,279,9984,82
2021-10-13,Alameda,001,1643700,117725,116914,2739,119653,1360
2021-10-13,Alpine,003,1148,103,102,0,102,0
2021-10-13,Amador,005,37829,5366,5305,57,5362,63
2021-10-13,Butte,007,227075,20018,19546,3602,23148,257
2021-10-13,Calaveras,009,45235,3808,3756,44,3800,79
2021-10-13,Colusa,011,21464,2467,2430,598,3028,18
2021-10-13,Contra Costa,013,1133247,97536,96975,2094,99069,969
2021-10-13,Del Norte,015,27424,3601,3512,52,3564,39
2021-10-13,El Dorado,017,186661,15536,15302,1617,16919,149
2021-10-13,Fresno,019,978130,134177,132055,11796,143851,2048
2021-10-13,Glenn,021,27897,3384,3327,947,4274,26
2021-10-13,Humboldt,023,135768,8731,8604,491,9095,102
2021-10-13,Imperial,025,180216,32603,32317,3190,35507,762
2021-10-13,Inyo,027,18085,2012,1907,40,1947,39
2021-10-13,Kern,029,883053,122942,120956,20365,141321,1586
2021-10-13,Kings,031,150075,30911,30246,1820,32066,312
2021-10-13,Lake,033,64148,6491,6371,133,6504,103
2021-10-13,Lassen,035,31185,6652,6535,324,6859,25
2021-10-13,Los Angeles,037,10098052,1417284,1408384,53368,1461752,26379
2021-10-13,Madera,039,155013,22056,21609,1908,23517,277
2021-10-13,Marin,041,260295,17247,17137,434,17571,243
2021-10-13,Mariposa,043,17540,1162,1090,38,1128,5
2021-10-13,Mendocino,045,87422,7174,7088,421,7509,82
2021-10-13,Merced,047,269075,40569,40164,1620,41784,577
2021-10-13,Modoc,049,8938,508,490,181,671,5
2021-10-13,Mono,051,14174,1644,1612,18,1630,3
2021-10-13,Monterey,053,433212,48160,47273,2763,50036,582
2021-10-13,Napa,055,140530,12782,12695,103,12798,100
2021-10-13,Nevada,057,99092,8830,8725,313,9038,90
2021-10-13,Orange,059,3164182,302803,300468,14580,315048,5503
2021-10-13,Placer,061,380077,35737,35254,3489,38743,412
2021-10-13,Plumas,063,18699,1589,1514,31,1545,6
2021-10-13,Riverside,065,2383286,356303,352044,16204,368248,4978
2021-10-13,Sacramento,067,1510023,154289,153141,4306,157447,2182
2021-10-13,San Benito,069,59416,7243,7196,161,7357,71
2021-10-13,San Bernardino,071,2135413,347399,344951,10886,355837,5562
2021-10-13,San Diego,073,3302833,365499,362564,21178,383742,4141
2021-10-13,San Francisco,075,870044,51971,51379,2277,53656,644
2021-10-13,San Joaquin,077,732212,97376,96343,5300,101643,1696
2021-10-13,San Luis Obispo,079,281455,28782,28397,1174,29571,330
2021-10-13,San Mateo,081,765935,53253,52352,831,53183,569
2021-10-13,Santa Barbara,083,443738,43984,43109,1589,44698,518
2021-10-13,Santa Clara,085,1922200,144350,143064,1231,144295,1886
2021-10-13,Santa Cruz,087,273765,19989,19763,996,20759,217
2021-10-13,Shasta,089,179085,20320,19802,3419,23221,307
2021-10-13,Sierra,091,2930,170,155,18,173,0
2021-10-13,Siskiyou,093,43540,3270,3173,1221,4394,42
2021-10-13,Solano,095,438530,45224,44558,1196,45754,334
2021-10-13,Sonoma,097,501317,40390,40122,501,40623,390
2021-10-13,Stanislaus,099,539301,76666,75698,8574,84272,1136
2021-10-13,Sutter,101,95872,13563,13458,307,13765,169
2021-10-13,Tehama,103,63373,8015,7849,1363,9212,103
2021-10-13,Trinity,105,12862,819,677,208,885,11
2021-10-13,Tulare,107,460477,65782,64297,14069,78366,945
2021-10-13,Tuolumne,109,53932,6774,6644,77,6721,89
2021-10-13,Ventura,111,848112,96710,96099,4250,100349,1162
2021-10-13,Yolo,113,214977,19232,19023,1056,20079,247
2021-10-13,Yuba,115,75493,9794,9690,265,9955,80
2021-10-12,Alameda,001,1643700,117624,116813,2734,119547,1357
2021-10-12,Alpine,003,1148,103,102,0,102,0
2021-10-12,Amador,005,37829,5355,5301,57,5358,63
2021-10-12,Butte,007,227075,19949,19506,3590,23096,256
2021-10-12,Calaveras,009,45235,3793,3750,44,3794,75
2021-10-12,Colusa,011,21464,2464,2428,596,3024,18
2021-10-12,Contra Costa,013,1133247,97423,96894,2085,98979,960
2021-10-12,Del Norte,015,27424,3595,3511,52,3563,39
2021-10-12,El Dorado,017,186661,15502,15287,1615,16902,148
2021-10-12,Fresno,019,978130,133818,131848,11767,143615,2042
2021-10-12,Glenn,021,27897,3374,3321,944,4265,26
2021-10-12,Humboldt,023,135768,8704,8587,485,9072,102
2021-10-12,Imperial,025,180216,32551,32267,3188,35455,762
2021-10-12,Inyo,027,18085,1980,1889,40,1929,39
2021-10-12,Kern,029,883053,122657,120826,20256,141082,1580
2021-10-12,Kings,031,150075,30839,30200,1809,32009,312
2021-10-12,Lake,033,64148,6476,6372,133,6505,97
2021-10-12,Lassen,035,31185,6642,6526,323,6849,25
2021-10-12,Los Angeles,037,10098052,1416222,1407462,53320,1460782,26362
2021-10-12,Madera,039,155013,21985,21574,1896,23470,277
2021-10-12,Marin,041,260295,17224,17126,434,17560,242
2021-10-12,Mariposa,043,17540,1148,1088,38,1126,5
2021-10-12,Mendocino,045,87422,7145,7077,419,7496,82
2021-10-12,Merced,047,269075,40490,40113,1614,41727,567
2021-10-12,Modoc,049,8938,503,485,180,665,5
2021-10-12,Mono,051,14174,1640,1608,18,1626,3
2021-10-12,Monterey,053,433212,48128,47254,2755,50009,582
2021-10-12,Napa,055,140530,12768,12671,103,12774,97
2021-10-12,Nevada,057,99092,8818,8720,312,9032,89
2021-10-12,Orange,059,3164182,302545,300256,14555,314811,5499
2021-10-12,Placer,061,380077,35675,35214,3481,38695,404
2021-10-12,Plumas,063,18699,1575,1488,30,1518,6
2021-10-12,Riverside,065,2383286,355977,351771,16190,367961,4973
2021-10-12,Sacramento,067,1510023,153985,152935,4281,157216,2170
2021-10-12,San Benito,069,59416,7229,7193,161,7354,71
2021-10-12,San Bernardino,071,2135413,347086,344788,10876,355664,5563
2021-10-12,San Diego,073,3302833,364975,362256,21149,383405,4137
2021-10-12,San Francisco,075,870044,51908,51301,2276,53577,643
2021-10-12,San Joaquin,077,732212,97239,96237,5295,101532,1690
2021-10-12,San Luis Obispo,079,281455,28735,28379,1173,29552,327
2021-10-12,San Mateo,081,765935,53203,52328,830,53158,569
2021-10-12,Santa Barbara,083,443738,43923,43076,1589,44665,515
2021-10-12,Santa Clara,085,1922200,144196,142954,1229,144183,1882
2021-10-12,Santa Cruz,087,273765,19964,19757,996,20753,218
2021-10-12,Shasta,089,179085,20246,19731,3397,23128,304
2021-10-12,Sierra,091,2930,170,153,18,171,0
2021-10-12,Siskiyou,093,43540,3259,3166,1215,4381,42
2021-10-12,Solano,095,438530,45181,44516,1191,45707,329
2021-10-12,Sonoma,097,501317,40348,40105,501,40606,390
2021-10-12,Stanislaus,099,539301,76514,75589,8560,84149,1126
2021-10-12,Sutter,101,95872,13540,13436,303,13739,168
2021-10-12,Tehama,103,63373,7982,7820,1359,9179,103
2021-10-12,Trinity,105,12862,816,676,208,884,11
2021-10-12,Tulare,107,460477,65603,64216,14013,78229,944
2021-10-12,Tuolumne,109,53932,6757,6637,76,6713,89
2021-10-12,Ventura,111,848112,96602,96022,4246,100268,1160
2021-10-12,Yolo,113,214977,19206,18987,1048,20035,247
2021-10-12,Yuba,115,75493,9779,9676,261,9937,70
2021-10-11,Alameda,001,1643700,117485,116759,2733,119492,1358
2021-10-11,Alpine,003,1148,102,102,0,102,0
2021-10-11,Amador,005,37829,5343,5286,57,5343,62
2021-10-11,Butte,007,227075,19890,19452,3585,23037,253
2021-10-11,Calaveras,009,45235,3772,3750,44,3794,75
2021-10-11,Colusa,011,21464,2460,2427,589,3016,18
2021-10-11,Contra Costa,013,1133247,97286,96832,2080,98912,960
2021-10-11,Del Norte,015,27424,3592,3510,48,3558,39
2021-10-11,El Dorado,017,186661,15474,15273,1611,16884,146
2021-10-11,Fresno,019,978130,133491,131703,11738,143441,2036
2021-10-11,Glenn,021,27897,3356,3308,943,4251,26
2021-10-11,Humboldt,023,135768,8679,8571,478,9049,101
2021-10-11,Imperial,025,180216,32501,32207,3182,35389,762
2021-10-11,Inyo,027,18085,1957,1862,39,1901,39
2021-10-11,Kern,029,883053,122422,120684,20160,140844,1575
2021-10-11,Kings,031,150075,30751,30180,1799,31979,309
2021-10-11,Lake,033,64148,6460,6361,129,6490,97
2021-10-11,Lassen,035,31185,6622,6499,320,6819,25
2021-10-11,Los Angeles,037,10098052,1415178,1406826,53269,1460095,26346
2021-10-11,Madera,039,155013,21928,21555,1879,23434,272
2021-10-11,Marin,041,260295,17206,17121,430,17551,242
2021-10-11,Mariposa,043,17540,1118,1083,37,1120,5
2021-10-11,Mendocino,045,87422,7129,7064,415,7479,82
2021-10-11,Merced,047,269075,40373,40064,1590,41654,566
2021-10-11,Modoc,049,8938,500,482,177,659,5
2021-10-11,Mono,051,14174,1630,1604,18,1622,3
2021-10-11,Monterey,053,433212,48099,47241,2748,49989,580
2021-10-11,Napa,055,140530,12745,12654,101,12755,96
2021-10-11,Nevada,057,99092,8798,8716,311,9027,90
2021-10-11,Orange,059,3164182,302317,299941,14526,314467,5499
2021-10-11,Placer,061,380077,35606,35173,3464,38637,404
2021-10-11,Plumas,063,18699,1557,1469,28,1497,6
2021-10-11,Riverside,065,2383286,355635,351444,16185,367629,4973
2021-10-11,Sacramento,067,1510023,153696,152681,4250,156931,2169
2021-10-11,San Benito,069,59416,7207,7184,159,7343,71
2021-10-11,San Bernardino,071,2135413,346698,344594,10868,355462,5549
2021-10-11,San Diego,073,3302833,364453,361712,21117,382829,4124
2021-10-11,San Francisco,075,870044,51837,51275,2271,53546,643
2021-10-11,San Joaquin,077,732212,97086,96152,5284,101436,1681
2021-10-11,San Luis Obispo,079,281455,28689,28355,1168,29523,327
2021-10-11,San Mateo,081,765935,53155,52298,829,53127,569
2021-10-11,Santa Barbara,083,443738,43876,43018,1588,44606,515
2021-10-11,Santa Clara,085,1922200,144034,142836,1226,144062,1882
2021-10-11,Santa Cruz,087,273765,19940,19745,995,20740,217
2021-10-11,Shasta,089,179085,20167,19662,3381,23043,295
2021-10-11,Sierra,091,2930,165,147,17,164,0
2021-10-11,Siskiyou,093,43540,3251,3159,1211,4370,42
2021-10-11,Solano,095,438530,45133,44474,1188,45662,329
2021-10-11,Sonoma,097,501317,40303,40067,501,40568,390
2021-10-11,Stanislaus,099,539301,76341,75478,8539,84017,1118
2021-10-11,Sutter,101,95872,13521,13427,301,13728,165
2021-10-11,Tehama,103,63373,7941,7795,1349,9144,102
2021-10-11,Trinity,105,12862,810,675,207,882,11
2021-10-11,Tulare,107,460477,65422,64094,13947,78041,942
2021-10-11,Tuolumne,109,53932,6721,6602,76,6678,89
2021-10-11,Ventura,111,848112,96501,95876,4238,100114,1160
2021-10-11,Yolo,113,214977,19160,18977,1045,20022,247
2021-10-11,Yuba,115,75493,9762,9657,249,9906,69
2021-10-10,Alameda,001,1643700,117365,116679,2729,119408,1358
2021-10-10,Alpine,003,1148,102,102,0,102,0
2021-10-10,Amador,005,37829,5328,5278,57,5335,62
2021-10-10,Butte,007,227075,19826,19430,3571,23001,253
2021-10-10,Calaveras,009,45235,3760,3747,44,3791,75
2021-10-10,Colusa,011,21464,2459,2425,588,3013,18
2021-10-10,Contra Costa,013,1133247,97187,96760,2074,98834,960
2021-10-10,Del Norte,015,27424,3588,3507,48,3555,39
2021-10-10,El Dorado,017,186661,15443,15250,1605,16855,146
2021-10-10,Fresno,019,978130,133163,131434,11710,143144,2035
2021-10-10,Glenn,021,27897,3354,3297,941,4238,26
2021-10-10,Humboldt,023,135768,8657,8554,474,9028,101
2021-10-10,Imperial,025,180216,32427,32167,3180,35347,762
2021-10-10,Inyo,027,18085,1936,1857,39,1896,39
2021-10-10,Kern,029,883053,122096,120552,20056,140608,1573
2021-10-10,Kings,031,150075,30663,30122,1789,31911,308
2021-10-10,Lake,033,64148,6444,6349,128,6477,97
2021-10-10,Lassen,035,31185,6602,6495,319,6814,26
2021-10-10,Los Angeles,037,10098052,1414005,1406034,53194,1459228,26338
2021-10-10,Madera,039,155013,21882,21486,1870,23356,272
2021-10-10,Marin,041,260295,17189,17112,430,17542,242
2021-10-10,Mariposa,043,17540,1115,1074,37,1111,5
2021-10-10,Mendocino,045,87422,7114,7060,407,7467,81
2021-10-10,Merced,047,269075,40289,40036,1573,41609,566
2021-10-10,Modoc,049,8938,500,482,177,659,5
2021-10-10,Mono,051,14174,1629,1596,18,1614,3
2021-10-10,Monterey,053,433212,48069,47228,2747,49975,580
2021-10-10,Napa,055,140530,12722,12641,101,12742,96
2021-10-10,Nevada,057,99092,8786,8689,311,9000,90
2021-10-10,Orange,059,3164182,302054,299787,14498,314285,5499
2021-10-10,Placer,061,380077,35513,35128,3452,38580,404
2021-10-10,Plumas,063,18699,1541,1468,26,1494,6
2021-10-10,Riverside,065,2383286,355263,351248,16166,367414,4973
2021-10-10,Sacramento,067,1510023,153432,152405,4233,156638,2178
2021-10-10,San Benito,069,59416,7202,7180,158,7338,71
2021-10-10,San Bernardino,071,2135413,346393,344423,10860,355283,5551
2021-10-10,San Diego,073,3302833,363927,361038,21070,382108,4113
2021-10-10,San Francisco,075,870044,51789,51216,2268,53484,643
2021-10-10,San Joaquin,077,732212,96915,96084,5267,101351,1681
2021-10-10,San Luis Obispo,079,281455,28648,28343,1168,29511,326
2021-10-10,San Mateo,081,765935,53114,52273,828,53101,569
2021-10-10,Santa Barbara,083,443738,43831,42987,1587,44574,515
2021-10-10,Santa Clara,085,1922200,143869,142768,1219,143987,1881
2021-10-10,Santa Cruz,087,273765,19920,19727,995,20722,217
2021-10-10,Shasta,089,179085,20078,19635,3372,23007,296
2021-10-10,Sierra,091,2930,163,147,17,164,0
2021-10-10,Siskiyou,093,43540,3237,3155,1204,4359,42
2021-10-10,Solano,095,438530,45077,44431,1188,45619,329
2021-10-10,Sonoma,097,501317,40251,40027,501,40528,390
2021-10-10,Stanislaus,099,539301,76162,75403,8524,83927,1118
2021-10-10,Sutter,101,95872,13496,13412,296,13708,165
2021-10-10,Tehama,103,63373,7903,7764,1340,9104,102
2021-10-10,Trinity,105,12862,809,669,206,875,11
2021-10-10,Tulare,107,460477,65253,63930,13898,77828,940
2021-10-10,Tuolumne,109,53932,6698,6580,75,6655,89
2021-10-10,Ventura,111,848112,96414,95829,4236,100065,1160
2021-10-10,Yolo,113,214977,19128,18952,1040,19992,247
2021-10-10,Yuba,115,75493,9745,9641,244,9885,69
2021-10-09,Alameda,001,1643700,117271,116253,2727,118980,1356
2021-10-09,Alpine,003,1148,101,102,0,102,0
2021-10-09,Amador,005,37829,5326,5237,56,5293,62
2021-10-09,Butte,007,227075,19796,19277,3568,22845,250
2021-10-09,Calaveras,009,45235,3756,3716,44,3760,75
2021-10-09,Colusa,011,21464,2455,2419,587,3006,18
2021-10-09,Contra Costa,013,1133247,97122,96378,2068,98446,958
2021-10-09,Del Norte,015,27424,3587,3495,48,3543,39
2021-10-09,El Dorado,017,186661,15425,15153,1602,16755,144
2021-10-09,Fresno,019,978130,133030,130508,11694,142202,2018
2021-10-09,Glenn,021,27897,3350,3277,940,4217,26
2021-10-09,Humboldt,023,135768,8643,8448,472,8920,97
2021-10-09,Imperial,025,180216,32393,31989,3178,35167,760
2021-10-09,Inyo,027,18085,1927,1808,39,1847,39
2021-10-09,Kern,029,883053,121957,119795,20029,139824,1559
2021-10-09,Kings,031,150075,30614,29894,1787,31681,308
2021-10-09,Lake,033,64148,6425,6283,127,6410,97
2021-10-09,Lassen,035,31185,6597,6442,318,6760,25
2021-10-09,Los Angeles,037,10098052,1413419,1402810,53155,1455965,26280
2021-10-09,Madera,039,155013,21849,21313,1857,23170,271
2021-10-09,Marin,041,260295,17184,17049,428,17477,242
2021-10-09,Mariposa,043,17540,1108,1042,36,1078,5
2021-10-09,Mendocino,045,87422,7107,7011,407,7418,82
2021-10-09,Merced,047,269075,40248,39784,1573,41357,565
2021-10-09,Modoc,049,8938,498,477,176,653,5
2021-10-09,Mono,051,14174,1627,1577,18,1595,3
2021-10-09,Monterey,053,433212,48057,47168,2744,49912,577
2021-10-09,Napa,055,140530,12718,12586,101,12687,96
2021-10-09,Nevada,057,99092,8775,8613,310,8923,90
2021-10-09,Orange,059,3164182,301875,299089,14479,313568,5457
2021-10-09,Placer,061,380077,35475,34877,3445,38322,393
2021-10-09,Plumas,063,18699,1530,1418,26,1444,6
2021-10-09,Riverside,065,2383286,355012,350082,16149,366231,4965
2021-10-09,Sacramento,067,1510023,153223,151566,4220,155786,2160
2021-10-09,San Benito,069,59416,7194,7123,158,7281,71
2021-10-09,San Bernardino,071,2135413,346209,343452,10856,354308,5556
2021-10-09,San Diego,073,3302833,363612,359909,21065,380974,4111
2021-10-09,San Francisco,075,870044,51743,50960,2261,53221,643
2021-10-09,San Joaquin,077,732212,96848,95606,5262,100868,1669
2021-10-09,San Luis Obispo,079,281455,28631,28197,1166,29363,324
2021-10-09,San Mateo,081,765935,53081,52121,827,52948,569
2021-10-09,Santa Barbara,083,443738,43804,42735,1587,44322,514
2021-10-09,Santa Clara,085,1922200,143745,142298,1213,143511,1873
2021-10-09,Santa Cruz,087,273765,19911,19635,994,20629,217
2021-10-09,Shasta,089,179085,20028,19437,3367,22804,290
2021-10-09,Sierra,091,2930,160,141,17,158,0
2021-10-09,Siskiyou,093,43540,3236,3124,1203,4327,42
2021-10-09,Solano,095,438530,45060,44265,1187,45452,329
2021-10-09,Sonoma,097,501317,40207,39848,501,40349,387
2021-10-09,Stanislaus,099,539301,76072,74899,8514,83413,1114
2021-10-09,Sutter,101,95872,13487,13314,294,13608,165
2021-10-09,Tehama,103,63373,7892,7670,1335,9005,99
2021-10-09,Trinity,105,12862,808,660,206,866,11
2021-10-09,Tulare,107,460477,65146,63398,13877,77275,932
2021-10-09,Tuolumne,109,53932,6679,6521,75,6596,89
2021-10-09,Ventura,111,848112,96358,95542,4233,99775,1158
2021-10-09,Yolo,113,214977,19107,18850,1037,19887,247
2021-10-09,Yuba,115,75493,9733,9551,242,9793,69
2021-10-08,Alameda,001,1643700,117189,116253,2724,118977,1356
2021-10-08,Alpine,003,1148,101,102,0,102,0
2021-10-08,Amador,005,37829,5313,5237,56,5293,62
2021-10-08,Butte,007,227075,19767,19277,3564,22841,250
2021-10-08,Calaveras,009,45235,3751,3716,44,3760,75
2021-10-08,Colusa,011,21464,2453,2419,587,3006,18
2021-10-08,Contra Costa,013,1133247,97078,96378,2063,98441,958
2021-10-08,Del Norte,015,27424,3586,3495,48,3543,39
2021-10-08,El Dorado,017,186661,15406,15153,1598,16751,144
2021-10-08,Fresno,019,978130,132834,130508,11673,142181,2018
2021-10-08,Glenn,021,27897,3339,3277,939,4216,26
2021-10-08,Humboldt,023,135768,8632,8448,469,8917,97
2021-10-08,Imperial,025,180216,32363,31989,3174,35163,760
2021-10-08,Inyo,027,18085,1909,1808,39,1847,39
2021-10-08,Kern,029,883053,121820,119795,19987,139782,1559
2021-10-08,Kings,031,150075,30521,29894,1786,31680,308
2021-10-08,Lake,033,64148,6417,6283,127,6410,97
2021-10-08,Lassen,035,31185,6583,6442,315,6757,25
2021-10-08,Los Angeles,037,10098052,1412756,1402810,53119,1455929,26280
2021-10-08,Madera,039,155013,21791,21313,1850,23163,271
2021-10-08,Marin,041,260295,17173,17049,427,17476,242
2021-10-08,Mariposa,043,17540,1101,1042,34,1076,5
2021-10-08,Mendocino,045,87422,7094,7011,407,7418,82
2021-10-08,Merced,047,269075,40216,39784,1570,41354,565
2021-10-08,Modoc,049,8938,496,477,176,653,5
2021-10-08,Mono,051,14174,1625,1577,18,1595,3
2021-10-08,Monterey,053,433212,48030,47168,2742,49910,577
2021-10-08,Napa,055,140530,12702,12586,101,12687,96
2021-10-08,Nevada,057,99092,8762,8613,310,8923,90
2021-10-08,Orange,059,3164182,301726,299089,14459,313548,5457
2021-10-08,Placer,061,380077,35437,34877,3437,38314,393
2021-10-08,Plumas,063,18699,1518,1418,26,1444,6
2021-10-08,Riverside,065,2383286,354743,350082,16138,366220,4965
2021-10-08,Sacramento,067,1510023,153058,151566,4206,155772,2160
2021-10-08,San Benito,069,59416,7190,7123,156,7279,71
2021-10-08,San Bernardino,071,2135413,346006,343452,10848,354300,5556
2021-10-08,San Diego,073,3302833,363276,359909,21047,380956,4111
2021-10-08,San Francisco,075,870044,51695,50960,2252,53212,643
2021-10-08,San Joaquin,077,732212,96779,95606,5256,100862,1669
2021-10-08,San Luis Obispo,079,281455,28604,28197,1165,29362,324
2021-10-08,San Mateo,081,765935,53054,52121,827,52948,569
2021-10-08,Santa Barbara,083,443738,43769,42735,1586,44321,514
2021-10-08,Santa Clara,085,1922200,143632,142298,1208,143506,1873
2021-10-08,Santa Cruz,087,273765,19896,19635,994,20629,217
2021-10-08,Shasta,089,179085,19986,19437,3361,22798,290
2021-10-08,Sierra,091,2930,158,141,15,156,0
2021-10-08,Siskiyou,093,43540,3228,3124,1202,4326,42
2021-10-08,Solano,095,438530,45021,44265,1186,45451,329
2021-10-08,Sonoma,097,501317,40172,39848,501,40349,387
2021-10-08,Stanislaus,099,539301,76003,74899,8506,83405,1114
2021-10-08,Sutter,101,95872,13473,13314,292,13606,165
2021-10-08,Tehama,103,63373,7875,7670,1333,9003,99
2021-10-08,Trinity,105,12862,807,660,206,866,11
2021-10-08,Tulare,107,460477,65029,63398,13844,77242,932
2021-10-08,Tuolumne,109,53932,6656,6521,75,6596,89
2021-10-08,Ventura,111,848112,96313,95542,4228,99770,1158
2021-10-08,Yolo,113,214977,19094,18850,1033,19883,247
2021-10-08,Yuba,115,75493,9713,9551,241,9792,69
2021-10-07,Alameda,001,1643700,117073,116253,2723,118976,1356
2021-10-07,Alpine,003,1148,101,102,0,102,0
2021-10-07,Amador,005,37829,5306,5237,56,5293,62
2021-10-07,Butte,007,227075,19718,19277,3553,22830,250
2021-10-07,Calaveras,009,45235,3739,3716,44,3760,75
2021-10-07,Colusa,011,21464,2450,2419,581,3000,18
2021-10-07,Contra Costa,013,1133247,96957,96378,2058,98436,958
2021-10-07,Del Norte,015,27424,3583,3495,48,3543,39
2021-10-07,El Dorado,017,186661,15370,15153,1594,16747,144
2021-10-07,Fresno,019,978130,132560,130508,11651,142159,2018
2021-10-07,Glenn,021,27897,3332,3277,936,4213,26
2021-10-07,Humboldt,023,135768,8606,8448,466,8914,97
2021-10-07,Imperial,025,180216,32292,31989,3160,35149,760
2021-10-07,Inyo,027,18085,1890,1808,39,1847,39
2021-10-07,Kern,029,883053,121589,119795,19921,139716,1559
2021-10-07,Kings,031,150075,30456,29894,1780,31674,308
2021-10-07,Lake,033,64148,6406,6283,127,6410,97
2021-10-07,Lassen,035,31185,6565,6442,313,6755,25
2021-10-07,Los Angeles,037,10098052,1411798,1402810,53074,1455884,26280
2021-10-07,Madera,039,155013,21718,21313,1835,23148,271
2021-10-07,Marin,041,260295,17155,17049,427,17476,242
2021-10-07,Mariposa,043,17540,1093,1042,34,1076,5
2021-10-07,Mendocino,045,87422,7084,7011,403,7414,82
2021-10-07,Merced,047,269075,40149,39784,1554,41338,565
2021-10-07,Modoc,049,8938,493,477,175,652,5
2021-10-07,Mono,051,14174,1614,1577,18,1595,3
2021-10-07,Monterey,053,433212,48005,47168,2733,49901,577
2021-10-07,Napa,055,140530,12687,12586,101,12687,96
2021-10-07,Nevada,057,99092,8734,8613,310,8923,90
2021-10-07,Orange,059,3164182,301502,299089,14445,313534,5457
2021-10-07,Placer,061,380077,35375,34877,3430,38307,393
2021-10-07,Plumas,063,18699,1501,1418,26,1444,6
2021-10-07,Riverside,065,2383286,354409,350082,16126,366208,4965
2021-10-07,Sacramento,067,1510023,152778,151566,4179,155745,2160
2021-10-07,San Benito,069,59416,7174,7123,154,7277,71
2021-10-07,San Bernardino,071,2135413,345734,343452,10841,354293,5556
2021-10-07,San Diego,073,3302833,362864,359909,21026,380935,4111
2021-10-07,San Francisco,075,870044,51625,50960,2249,53209,643
2021-10-07,San Joaquin,077,732212,96626,95606,5248,100854,1669
2021-10-07,San Luis Obispo,079,281455,28553,28197,1163,29360,324
2021-10-07,San Mateo,081,765935,53014,52121,825,52946,569
2021-10-07,Santa Barbara,083,443738,43701,42735,1580,44315,514
2021-10-07,Santa Clara,085,1922200,143481,142298,1202,143500,1873
2021-10-07,Santa Cruz,087,273765,19876,19635,993,20628,217
2021-10-07,Shasta,089,179085,19897,19437,3345,22782,290
2021-10-07,Sierra,091,2930,158,141,15,156,0
2021-10-07,Siskiyou,093,43540,3225,3124,1197,4321,42
2021-10-07,Solano,095,438530,44976,44265,1182,45447,329
2021-10-07,Sonoma,097,501317,40135,39848,499,40347,387
2021-10-07,Stanislaus,099,539301,75841,74899,8481,83380,1114
2021-10-07,Sutter,101,95872,13451,13314,289,13603,165
2021-10-07,Tehama,103,63373,7843,7670,1327,8997,99
2021-10-07,Trinity,105,12862,805,660,206,866,11
2021-10-07,Tulare,107,460477,64867,63398,13806,77204,932
2021-10-07,Tuolumne,109,53932,6634,6521,75,6596,89
2021-10-07,Ventura,111,848112,96230,95542,4225,99767,1158
2021-10-07,Yolo,113,214977,19061,18850,1028,19878,247
2021-10-07,Yuba,115,75493,9687,9551,234,9785,69
2021-10-06,Alameda,001,1643700,116939,116058,2717,118775,1353
2021-10-06,Alpine,003,1148,101,102,0,102,0
2021-10-06,Amador,005,37829,5303,5205,56,5261,62
2021-10-06,Butte,007,227075,19655,19208,3546,22754,247
2021-10-06,Calaveras,009,45235,3730,3669,44,3713,75
2021-10-06,Colusa,011,21464,2448,2414,574,2988,18
2021-10-06,Contra Costa,013,1133247,96830,96184,2054,98238,953
2021-10-06,Del Norte,015,27424,3580,3490,45,3535,39
2021-10-06,El Dorado,017,186661,15345,15078,1592,16670,140
2021-10-06,Fresno,019,978130,132272,130074,11625,141699,2008
2021-10-06,Glenn,021,27897,3322,3270,933,4203,26
2021-10-06,Humboldt,023,135768,8591,8416,459,8875,94
2021-10-06,Imperial,025,180216,32239,31930,3149,35079,760
2021-10-06,Inyo,027,18085,1875,1806,39,1845,39
2021-10-06,Kern,029,883053,121332,119491,19828,139319,1552
2021-10-06,Kings,031,150075,30390,29785,1772,31557,308
2021-10-06,Lake,033,64148,6392,6271,127,6398,97
2021-10-06,Lassen,035,31185,6549,6429,312,6741,25
2021-10-06,Los Angeles,037,10098052,1410840,1401675,53027,1454702,26252
2021-10-06,Madera,039,155013,21663,21230,1825,23055,269
2021-10-06,Marin,041,260295,17146,17042,424,17466,242
2021-10-06,Mariposa,043,17540,1086,1036,34,1070,5
2021-10-06,Mendocino,045,87422,7075,6986,402,7388,81
2021-10-06,Merced,047,269075,40071,39666,1545,41211,563
2021-10-06,Modoc,049,8938,493,477,173,650,5
2021-10-06,Mono,051,14174,1603,1568,18,1586,3
2021-10-06,Monterey,053,433212,47973,47136,2728,49864,577
2021-10-06,Napa,055,140530,12663,12552,100,12652,96
2021-10-06,Nevada,057,99092,8718,8582,309,8891,90
2021-10-06,Orange,059,3164182,301267,298785,14432,313217,5448
2021-10-06,Placer,061,380077,35324,34764,3423,38187,390
2021-10-06,Plumas,063,18699,1478,1383,26,1409,6
2021-10-06,Riverside,065,2383286,354053,349645,16105,365750,4953
2021-10-06,Sacramento,067,1510023,152525,151164,4148,155312,2141
2021-10-06,San Benito,069,59416,7159,7108,154,7262,69
2021-10-06,San Bernardino,071,2135413,345441,343022,10834,353856,5551
2021-10-06,San Diego,073,3302833,362365,359564,20998,380562,4104
2021-10-06,San Francisco,075,870044,51561,50894,2246,53140,641
2021-10-06,San Joaquin,077,732212,96491,95418,5236,100654,1658
2021-10-06,San Luis Obispo,079,281455,28504,28170,1157,29327,323
2021-10-06,San Mateo,081,765935,52964,52056,820,52876,569
2021-10-06,Santa Barbara,083,443738,43618,42687,1578,44265,513
2021-10-06,Santa Clara,085,1922200,143330,142124,1197,143321,1872
2021-10-06,Santa Cruz,087,273765,19847,19604,991,20595,217
2021-10-06,Shasta,089,179085,19822,19325,3331,22656,287
2021-10-06,Sierra,091,2930,156,138,15,153,0
2021-10-06,Siskiyou,093,43540,3215,3116,1190,4306,42
2021-10-06,Solano,095,438530,44942,44185,1181,45366,328
2021-10-06,Sonoma,097,501317,40085,39787,499,40286,383
2021-10-06,Stanislaus,099,539301,75699,74699,8468,83167,1114
2021-10-06,Sutter,101,95872,13430,13284,287,13571,164
2021-10-06,Tehama,103,63373,7807,7629,1320,8949,99
2021-10-06,Trinity,105,12862,802,656,206,862,11
2021-10-06,Tulare,107,460477,64691,63198,13748,76946,926
2021-10-06,Tuolumne,109,53932,6609,6486,75,6561,89
2021-10-06,Ventura,111,848112,96141,95449,4218,99667,1158
2021-10-06,Yolo,113,214977,19029,18815,1023,19838,247
2021-10-06,Yuba,115,75493,9663,9520,233,9753,69
2021-10-05,Alameda,001,1643700,116797,115968,2711,118679,1350
2021-10-05,Alpine,003,1148,101,102,0,102,0
2021-10-05,Amador,005,37829,5282,5194,55,5249,61
2021-10-05,Butte,007,227075,19607,19137,3536,22673,246
2021-10-05,Calaveras,009,45235,3714,3657,44,3701,73
2021-10-05,Colusa,011,21464,2441,2414,573,2987,18
2021-10-05,Contra Costa,013,1133247,96714,96108,2047,98155,941
2021-10-05,Del Norte,015,27424,3578,3485,44,3529,39
2021-10-05,El Dorado,017,186661,15306,15052,1589,16641,140
2021-10-05,Fresno,019,978130,131933,129957,11595,141552,1987
2021-10-05,Glenn,021,27897,3313,3270,929,4199,26
2021-10-05,Humboldt,023,135768,8559,8398,455,8853,94
2021-10-05,Imperial,025,180216,32191,31909,3144,35053,759
2021-10-05,Inyo,027,18085,1858,1800,39,1839,39
2021-10-05,Kern,029,883053,121066,119260,19727,138987,1540
2021-10-05,Kings,031,150075,30315,29749,1766,31515,301
2021-10-05,Lake,033,64148,6371,6264,126,6390,97
2021-10-05,Lassen,035,31185,6530,6417,310,6727,25
2021-10-05,Los Angeles,037,10098052,1409697,1400300,52975,1453275,26223
2021-10-05,Madera,039,155013,21605,21183,1812,22995,269
2021-10-05,Marin,041,260295,17134,17024,424,17448,242
2021-10-05,Mariposa,043,17540,1067,1033,31,1064,5
2021-10-05,Mendocino,045,87422,7059,6972,395,7367,79
2021-10-05,Merced,047,269075,40005,39608,1536,41144,562
2021-10-05,Modoc,049,8938,489,475,172,647,5
2021-10-05,Mono,051,14174,1597,1565,18,1583,3
2021-10-05,Monterey,053,433212,47956,47087,2718,49805,573
2021-10-05,Napa,055,140530,12639,12533,100,12633,96
2021-10-05,Nevada,057,99092,8688,8576,309,8885,90
2021-10-05,Orange,059,3164182,300992,298589,14400,312989,5441
2021-10-05,Placer,061,380077,35244,34728,3416,38144,382
2021-10-05,Plumas,063,18699,1453,1357,26,1383,6
2021-10-05,Riverside,065,2383286,353694,349365,16090,365455,4942
2021-10-05,Sacramento,067,1510023,152252,151111,4120,155231,2126
2021-10-05,San Benito,069,59416,7140,7103,152,7255,69
2021-10-05,San Bernardino,071,2135413,345113,342711,10827,353538,5557
2021-10-05,San Diego,073,3302833,361781,359194,20971,380165,4092
2021-10-05,San Francisco,075,870044,51466,50826,2243,53069,641
2021-10-05,San Joaquin,077,732212,96338,95276,5209,100485,1651
2021-10-05,San Luis Obispo,079,281455,28460,28113,1155,29268,324
2021-10-05,San Mateo,081,765935,52919,52008,820,52828,569
2021-10-05,Santa Barbara,083,443738,43540,42595,1574,44169,511
2021-10-05,Santa Clara,085,1922200,143172,141971,1190,143161,1873
2021-10-05,Santa Cruz,087,273765,19805,19582,991,20573,216
2021-10-05,Shasta,089,179085,19749,19285,3318,22603,286
2021-10-05,Sierra,091,2930,152,136,15,151,0
2021-10-05,Siskiyou,093,43540,3201,3107,1190,4297,42
2021-10-05,Solano,095,438530,44871,44149,1179,45328,325
2021-10-05,Sonoma,097,501317,40031,39756,494,40250,383
2021-10-05,Stanislaus,099,539301,75537,74599,8451,83050,1114
2021-10-05,Sutter,101,95872,13402,13270,286,13556,164
2021-10-05,Tehama,103,63373,7779,7607,1311,8918,98
2021-10-05,Trinity,105,12862,799,655,206,861,11
2021-10-05,Tulare,107,460477,64488,63093,13694,76787,920
2021-10-05,Tuolumne,109,53932,6594,6473,74,6547,89
2021-10-05,Ventura,111,848112,96036,95351,4217,99568,1155
2021-10-05,Yolo,113,214977,18994,18782,1017,19799,245
2021-10-05,Yuba,115,75493,9631,9504,230,9734,69
2021-10-04,Alameda,001,1643700,116639,115845,2707,118552,1347
2021-10-04,Alpine,003,1148,101,102,0,102,0
2021-10-04,Amador,005,37829,5272,5163,54,5217,61
2021-10-04,Butte,007,227075,19530,19081,3524,22605,245
2021-10-04,Calaveras,009,45235,3705,3641,44,3685,73
2021-10-04,Colusa,011,21464,2440,2414,572,2986,18
2021-10-04,Contra Costa,013,1133247,96573,95958,2042,98000,937
2021-10-04,Del Norte,015,27424,3576,3485,40,3525,39
2021-10-04,El Dorado,017,186661,15258,15031,1582,16613,138
2021-10-04,Fresno,019,978130,131625,129665,11574,141239,1978
2021-10-04,Glenn,021,27897,3307,3270,923,4193,26
2021-10-04,Humboldt,023,135768,8525,8355,447,8802,94
2021-10-04,Imperial,025,180216,32142,31866,3137,35003,757
2021-10-04,Inyo,027,18085,1846,1792,36,1828,39
2021-10-04,Kern,029,883053,120778,118984,19605,138589,1531
2021-10-04,Kings,031,150075,30222,29702,1763,31465,303
2021-10-04,Lake,033,64148,6358,6248,126,6374,97
2021-10-04,Lassen,035,31185,6514,6405,310,6715,25
2021-10-04,Los Angeles,037,10098052,1408585,1399604,52916,1452520,26186
2021-10-04,Madera,039,155013,21541,21126,1801,22927,266
2021-10-04,Marin,041,260295,17118,17008,423,17431,242
2021-10-04,Mariposa,043,17540,1055,1024,31,1055,5
2021-10-04,Mendocino,045,87422,7041,6947,392,7339,79
2021-10-04,Merced,047,269075,39890,39565,1519,41084,558
2021-10-04,Modoc,049,8938,486,473,172,645,5
2021-10-04,Mono,051,14174,1588,1561,18,1579,3
2021-10-04,Monterey,053,433212,47935,47058,2711,49769,571
2021-10-04,Napa,055,140530,12615,12506,100,12606,96
2021-10-04,Nevada,057,99092,8668,8563,309,8872,90
2021-10-04,Orange,059,3164182,300699,298165,14368,312533,5438
2021-10-04,Placer,061,380077,35159,34630,3388,38018,379
2021-10-04,Plumas,063,18699,1431,1329,26,1355,6
2021-10-04,Riverside,065,2383286,353313,348828,16080,364908,4923
2021-10-04,Sacramento,067,1510023,151930,150887,4093,154980,2115
2021-10-04,San Benito,069,59416,7127,7099,152,7251,69
2021-10-04,San Bernardino,071,2135413,344756,342418,10815,353233,5551
2021-10-04,San Diego,073,3302833,361203,358525,20940,379465,4090
2021-10-04,San Francisco,075,870044,51371,50798,2239,53037,638
2021-10-04,San Joaquin,077,732212,96140,95198,5189,100387,1649
2021-10-04,San Luis Obispo,079,281455,28415,28090,1149,29239,323
2021-10-04,San Mateo,081,765935,52860,51958,819,52777,569
2021-10-04,Santa Barbara,083,443738,43457,42585,1573,44158,511
2021-10-04,Santa Clara,085,1922200,143028,141840,1184,143024,1869
2021-10-04,Santa Cruz,087,273765,19776,19559,990,20549,216
2021-10-04,Shasta,089,179085,19642,19170,3304,22474,279
2021-10-04,Sierra,091,2930,145,136,14,150,0
2021-10-04,Siskiyou,093,43540,3192,3103,1175,4278,42
2021-10-04,Solano,095,438530,44812,44092,1177,45269,322
2021-10-04,Sonoma,097,501317,39966,39720,494,40214,381
2021-10-04,Stanislaus,099,539301,75384,74444,8432,82876,1106
2021-10-04,Sutter,101,95872,13373,13261,285,13546,164
2021-10-04,Tehama,103,63373,7738,7585,1305,8890,95
2021-10-04,Trinity,105,12862,798,649,205,854,11
2021-10-04,Tulare,107,460477,64302,62957,13626,76583,920
2021-10-04,Tuolumne,109,53932,6568,6442,74,6516,89
2021-10-04,Ventura,111,848112,95949,95170,4210,99380,1153
2021-10-04,Yolo,113,214977,18950,18761,1012,19773,242
2021-10-04,Yuba,115,75493,9592,9481,228,9709,68
2021-10-03,Alameda,001,1643700,116500,115751,2697,118448,1349
2021-10-03,Alpine,003,1148,101,102,0,102,0
2021-10-03,Amador,005,37829,5254,5160,52,5212,61
2021-10-03,Butte,007,227075,19457,19066,3508,22574,245
2021-10-03,Calaveras,009,45235,3688,3632,44,3676,73
2021-10-03,Colusa,011,21464,2439,2413,569,2982,18
2021-10-03,Contra Costa,013,1133247,96443,95890,2035,97925,937
2021-10-03,Del Norte,015,27424,3570,3483,39,3522,39
2021-10-03,El Dorado,017,186661,15200,15014,1575,16589,139
2021-10-03,Fresno,019,978130,131245,129365,11540,140905,1978
2021-10-03,Glenn,021,27897,3295,3266,915,4181,26
2021-10-03,Humboldt,023,135768,8480,8352,443,8795,94
2021-10-03,Imperial,025,180216,32075,31844,3129,34973,757
2021-10-03,Inyo,027,18085,1825,1788,36,1824,39
2021-10-03,Kern,029,883053,120474,118851,19483,138334,1535
2021-10-03,Kings,031,150075,30122,29623,1756,31379,300
2021-10-03,Lake,033,64148,6332,6239,126,6365,97
2021-10-03,Lassen,035,31185,6492,6400,308,6708,25
2021-10-03,Los Angeles,037,10098052,1407313,1398790,52861,1451651,26179
2021-10-03,Madera,039,155013,21469,21066,1791,22857,266
2021-10-03,Marin,041,260295,17095,16995,418,17413,242
2021-10-03,Mariposa,043,17540,1048,1011,31,1042,5
2021-10-03,Mendocino,045,87422,7021,6939,383,7322,79
2021-10-03,Merced,047,269075,39782,39516,1502,41018,558
2021-10-03,Modoc,049,8938,485,472,171,643,5
2021-10-03,Mono,051,14174,1577,1554,18,1572,3
2021-10-03,Monterey,053,433212,47910,47049,2700,49749,571
2021-10-03,Napa,055,140530,12587,12489,98,12587,96
2021-10-03,Nevada,057,99092,8633,8545,309,8854,90
2021-10-03,Orange,059,3164182,300419,298027,14348,312375,5447
2021-10-03,Placer,061,380077,35021,34596,3371,37967,379
2021-10-03,Plumas,063,18699,1403,1328,26,1354,6
2021-10-03,Riverside,065,2383286,352882,348593,16060,364653,4924
2021-10-03,Sacramento,067,1510023,151640,150664,4065,154729,2120
2021-10-03,San Benito,069,59416,7118,7095,152,7247,69
2021-10-03,San Bernardino,071,2135413,344349,342302,10808,353110,5555
2021-10-03,San Diego,073,3302833,360607,358153,20908,379061,4081
2021-10-03,San Francisco,075,870044,51283,50733,2236,52969,638
2021-10-03,San Joaquin,077,732212,95950,95133,5181,100314,1649
2021-10-03,San Luis Obispo,079,281455,28348,28065,1144,29209,325
2021-10-03,San Mateo,081,765935,52794,51923,817,52740,569
2021-10-03,Santa Barbara,083,443738,43362,42550,1565,44115,511
2021-10-03,Santa Clara,085,1922200,142858,141737,1176,142913,1869
2021-10-03,Santa Cruz,087,273765,19736,19548,988,20536,216
2021-10-03,Shasta,089,179085,19537,19132,3274,22406,279
2021-10-03,Sierra,091,2930,142,136,14,150,0
2021-10-03,Siskiyou,093,43540,3179,3096,1164,4260,42
2021-10-03,Solano,095,438530,44748,44051,1174,45225,322
2021-10-03,Sonoma,097,501317,39900,39679,494,40173,381
2021-10-03,Stanislaus,099,539301,75196,74366,8414,82780,1106
2021-10-03,Sutter,101,95872,13358,13248,281,13529,164
2021-10-03,Tehama,103,63373,7695,7564,1300,8864,94
2021-10-03,Trinity,105,12862,794,647,203,850,11
2021-10-03,Tulare,107,460477,64107,62860,13554,76414,924
2021-10-03,Tuolumne,109,53932,6539,6430,72,6502,89
2021-10-03,Ventura,111,848112,95838,95108,4207,99315,1153
2021-10-03,Yolo,113,214977,18920,18720,1005,19725,242
2021-10-03,Yuba,115,75493,9574,9462,227,9689,68
2021-10-02,Alameda,001,1643700,116397,115185,2693,117878,1343
2021-10-02,Alpine,003,1148,101,102,0,102,0
2021-10-02,Amador,005,37829,5245,5105,52,5157,61
2021-10-02,Butte,007,227075,19426,18911,3501,22412,243
2021-10-02,Calaveras,009,45235,3681,3585,44,3629,72
2021-10-02,Colusa,011,21464,2438,2403,567,2970,18
2021-10-02,Contra Costa,013,1133247,96372,95369,2031,97400,933
2021-10-02,Del Norte,015,27424,3565,3468,39,3507,39
2021-10-02,El Dorado,017,186661,15174,14887,1574,16461,136
2021-10-02,Fresno,019,978130,131074,128450,11529,139979,1964
2021-10-02,Glenn,021,27897,3295,3234,915,4149,26
2021-10-02,Humboldt,023,135768,8461,8244,443,8687,94
2021-10-02,Imperial,025,180216,32041,31674,3125,34799,757
2021-10-02,Inyo,027,18085,1816,1746,36,1782,39
2021-10-02,Kern,029,883053,120341,117962,19400,137362,1524
2021-10-02,Kings,031,150075,30073,29339,1753,31092,301
2021-10-02,Lake,033,64148,6323,6191,126,6317,97
2021-10-02,Lassen,035,31185,6487,6360,308,6668,25
2021-10-02,Los Angeles,037,10098052,1406709,1395070,52824,1447894,26126
2021-10-02,Madera,039,155013,21444,20931,1782,22713,266
2021-10-02,Marin,041,260295,17090,16936,415,17351,242
2021-10-02,Mariposa,043,17540,1046,967,31,998,5
2021-10-02,Mendocino,045,87422,7011,6869,383,7252,78
2021-10-02,Merced,047,269075,39755,39196,1499,40695,552
2021-10-02,Modoc,049,8938,483,468,171,639,5
2021-10-02,Mono,051,14174,1575,1540,18,1558,3
2021-10-02,Monterey,053,433212,47857,46964,2699,49663,571
2021-10-02,Napa,055,140530,12577,12433,98,12531,96
2021-10-02,Nevada,057,99092,8622,8474,308,8782,87
2021-10-02,Orange,059,3164182,300253,297307,14328,311635,5435
2021-10-02,Placer,061,380077,34955,34377,3362,37739,381
2021-10-02,Plumas,063,18699,1392,1298,26,1324,6
2021-10-02,Riverside,065,2383286,352641,347227,16049,363276,4895
2021-10-02,Sacramento,067,1510023,151466,149897,4057,153954,2099
2021-10-02,San Benito,069,59416,7111,7055,152,7207,69
2021-10-02,San Bernardino,071,2135413,344164,341212,10758,351970,5540
2021-10-02,San Diego,073,3302833,360285,356454,20886,377340,4078
2021-10-02,San Francisco,075,870044,51234,50393,2231,52624,634
2021-10-02,San Joaquin,077,732212,95885,94599,5175,99774,1646
2021-10-02,San Luis Obispo,079,281455,28325,27915,1144,29059,323
2021-10-02,San Mateo,081,765935,52753,51767,813,52580,573
2021-10-02,Santa Barbara,083,443738,43322,42423,1565,43988,508
2021-10-02,Santa Clara,085,1922200,142744,141231,1172,142403,1862
2021-10-02,Santa Cruz,087,273765,19719,19461,987,20448,214
2021-10-02,Shasta,089,179085,19491,18912,3268,22180,270
2021-10-02,Sierra,091,2930,141,131,14,145,0
2021-10-02,Siskiyou,093,43540,3178,3053,1161,4214,42
2021-10-02,Solano,095,438530,44703,43800,1173,44973,321
2021-10-02,Sonoma,097,501317,39866,39497,493,39990,382
2021-10-02,Stanislaus,099,539301,75110,73859,8400,82259,1099
2021-10-02,Sutter,101,95872,13349,13160,280,13440,160
2021-10-02,Tehama,103,63373,7680,7453,1300,8753,93
2021-10-02,Trinity,105,12862,791,625,203,828,10
2021-10-02,Tulare,107,460477,64033,62247,13527,75774,908
2021-10-02,Tuolumne,109,53932,6525,6369,72,6441,89
2021-10-02,Ventura,111,848112,95775,94854,4202,99056,1148
2021-10-02,Yolo,113,214977,18895,18640,1001,19641,242
2021-10-02,Yuba,115,75493,9555,9370,226,9596,66
2021-10-01,Alameda,001,1643700,116324,115185,2687,117872,1343
2021-10-01,Alpine,003,1148,101,102,0,102,0
2021-10-01,Amador,005,37829,5225,5105,52,5157,61
2021-10-01,Butte,007,227075,19385,18911,3495,22406,243
2021-10-01,Calaveras,009,45235,3671,3585,44,3629,72
2021-10-01,Colusa,011,21464,2436,2403,567,2970,18
2021-10-01,Contra Costa,013,1133247,96275,95369,2027,97396,933
2021-10-01,Del Norte,015,27424,3562,3468,38,3506,39
2021-10-01,El Dorado,017,186661,15156,14887,1570,16457,136
2021-10-01,Fresno,019,978130,130886,128450,11520,139970,1964
2021-10-01,Glenn,021,27897,3295,3234,913,4147,26
2021-10-01,Humboldt,023,135768,8444,8244,443,8687,94
2021-10-01,Imperial,025,180216,32023,31674,3116,34790,757
2021-10-01,Inyo,027,18085,1807,1746,36,1782,39
2021-10-01,Kern,029,883053,120189,117962,19342,137304,1524
2021-10-01,Kings,031,150075,30039,29339,1747,31086,301
2021-10-01,Lake,033,64148,6313,6191,126,6317,97
2021-10-01,Lassen,035,31185,6476,6360,306,6666,25
2021-10-01,Los Angeles,037,10098052,1405950,1395070,52779,1447849,26126
2021-10-01,Madera,039,155013,21394,20931,1773,22704,266
2021-10-01,Marin,041,260295,17075,16936,414,17350,242
2021-10-01,Mariposa,043,17540,1039,967,31,998,5
2021-10-01,Mendocino,045,87422,6999,6869,383,7252,78
2021-10-01,Merced,047,269075,39710,39196,1490,40686,552
2021-10-01,Modoc,049,8938,482,468,171,639,5
2021-10-01,Mono,051,14174,1573,1540,18,1558,3
2021-10-01,Monterey,053,433212,47836,46964,2696,49660,571
2021-10-01,Napa,055,140530,12567,12433,97,12530,96
2021-10-01,Nevada,057,99092,8608,8474,307,8781,87
2021-10-01,Orange,059,3164182,300068,297307,14308,311615,5435
2021-10-01,Placer,061,380077,34921,34377,3358,37735,381
2021-10-01,Plumas,063,18699,1383,1298,26,1324,6
2021-10-01,Riverside,065,2383286,352349,347227,16041,363268,4895
2021-10-01,Sacramento,067,1510023,151315,149897,4046,153943,2099
2021-10-01,San Benito,069,59416,7109,7055,150,7205,69
2021-10-01,San Bernardino,071,2135413,343965,341212,10755,351967,5540
2021-10-01,San Diego,073,3302833,359918,356454,20865,377319,4078
2021-10-01,San Francisco,075,870044,51193,50393,2229,52622,634
2021-10-01,San Joaquin,077,732212,95815,94599,5171,99770,1646
2021-10-01,San Luis Obispo,079,281455,28302,27915,1141,29056,323
2021-10-01,San Mateo,081,765935,52713,51767,810,52577,573
2021-10-01,Santa Barbara,083,443738,43287,42423,1565,43988,508
2021-10-01,Santa Clara,085,1922200,142651,141231,1167,142398,1862
2021-10-01,Santa Cruz,087,273765,19699,19461,986,20447,214
2021-10-01,Shasta,089,179085,19437,18912,3260,22172,270
2021-10-01,Sierra,091,2930,141,131,14,145,0
2021-10-01,Siskiyou,093,43540,3177,3053,1158,4211,42
2021-10-01,Solano,095,438530,44651,43800,1167,44967,321
2021-10-01,Sonoma,097,501317,39834,39497,492,39989,382
2021-10-01,Stanislaus,099,539301,75026,73859,8389,82248,1099
2021-10-01,Sutter,101,95872,13333,13160,278,13438,160
2021-10-01,Tehama,103,63373,7668,7453,1298,8751,93
2021-10-01,Trinity,105,12862,789,625,203,828,10
2021-10-01,Tulare,107,460477,63930,62247,13492,75739,908
2021-10-01,Tuolumne,109,53932,6508,6369,72,6441,89
2021-10-01,Ventura,111,848112,95715,94854,4197,99051,1148
2021-10-01,Yolo,113,214977,18871,18640,998,19638,242
2021-10-01,Yuba,115,75493,9533,9370,226,9596,66
2021-09-30,Alameda,001,1643700,116182,115185,2684,117869,1343
2021-09-30,Alpine,003,1148,101,102,0,102,0
2021-09-30,Amador,005,37829,5213,5105,52,5157,61
2021-09-30,Butte,007,227075,19336,18911,3486,22397,243
2021-09-30,Calaveras,009,45235,3657,3585,44,3629,72
2021-09-30,Colusa,011,21464,2433,2403,566,2969,18
2021-09-30,Contra Costa,013,1133247,96172,95369,2021,97390,933
2021-09-30,Del Norte,015,27424,3558,3468,35,3503,39
2021-09-30,El Dorado,017,186661,15131,14887,1562,16449,136
2021-09-30,Fresno,019,978130,130609,128450,11491,139941,1964
2021-09-30,Glenn,021,27897,3284,3234,913,4147,26
2021-09-30,Humboldt,023,135768,8412,8244,437,8681,94
2021-09-30,Imperial,025,180216,31972,31674,3114,34788,757
2021-09-30,Inyo,027,18085,1797,1746,36,1782,39
2021-09-30,Kern,029,883053,119946,117962,19260,137222,1524
2021-09-30,Kings,031,150075,29950,29339,1743,31082,301
2021-09-30,Lake,033,64148,6295,6191,126,6317,97
2021-09-30,Lassen,035,31185,6462,6360,306,6666,25
2021-09-30,Los Angeles,037,10098052,1404744,1395070,52720,1447790,26126
2021-09-30,Madera,039,155013,21311,20931,1758,22689,266
2021-09-30,Marin,041,260295,17055,16936,413,17349,242
2021-09-30,Mariposa,043,17540,1017,967,31,998,5
2021-09-30,Mendocino,045,87422,6990,6869,374,7243,78
2021-09-30,Merced,047,269075,39613,39196,1487,40683,552
2021-09-30,Modoc,049,8938,482,468,170,638,5
2021-09-30,Mono,051,14174,1564,1540,18,1558,3
2021-09-30,Monterey,053,433212,47807,46964,2684,49648,571
2021-09-30,Napa,055,140530,12547,12433,97,12530,96
2021-09-30,Nevada,057,99092,8591,8474,306,8780,87
2021-09-30,Orange,059,3164182,299797,297307,14269,311576,5435
2021-09-30,Placer,061,380077,34869,34377,3337,37714,381
2021-09-30,Plumas,063,18699,1365,1298,26,1324,6
2021-09-30,Riverside,065,2383286,351917,347227,16020,363247,4895
2021-09-30,Sacramento,067,1510023,151058,149897,4020,153917,2099
2021-09-30,San Benito,069,59416,7103,7055,150,7205,69
2021-09-30,San Bernardino,071,2135413,343655,341212,10740,351952,5540
2021-09-30,San Diego,073,3302833,359424,356454,20839,377293,4078
2021-09-30,San Francisco,075,870044,51118,50393,2225,52618,634
2021-09-30,San Joaquin,077,732212,95686,94599,5163,99762,1646
2021-09-30,San Luis Obispo,079,281455,28254,27915,1137,29052,323
2021-09-30,San Mateo,081,765935,52667,51767,807,52574,573
2021-09-30,Santa Barbara,083,443738,43232,42423,1564,43987,508
2021-09-30,Santa Clara,085,1922200,142501,141231,1164,142395,1862
2021-09-30,Santa Cruz,087,273765,19659,19461,985,20446,214
2021-09-30,Shasta,089,179085,19375,18912,3245,22157,270
2021-09-30,Sierra,091,2930,140,131,14,145,0
2021-09-30,Siskiyou,093,43540,3169,3053,1153,4206,42
2021-09-30,Solano,095,438530,44599,43800,1164,44964,321
2021-09-30,Sonoma,097,501317,39785,39497,492,39989,382
2021-09-30,Stanislaus,099,539301,74866,73859,8369,82228,1099
2021-09-30,Sutter,101,95872,13312,13160,278,13438,160
2021-09-30,Tehama,103,63373,7631,7453,1287,8740,93
2021-09-30,Trinity,105,12862,785,625,203,828,10
2021-09-30,Tulare,107,460477,63758,62247,13433,75680,908
2021-09-30,Tuolumne,109,53932,6485,6369,72,6441,89
2021-09-30,Ventura,111,848112,95620,94854,4190,99044,1148
2021-09-30,Yolo,113,214977,18832,18640,994,19634,242
2021-09-30,Yuba,115,75493,9510,9370,225,9595,66
2021-09-29,Alameda,001,1643700,116037,114998,2681,117679,1339
2021-09-29,Alpine,003,1148,101,101,0,101,0
2021-09-29,Amador,005,37829,5191,5058,52,5110,61
2021-09-29,Butte,007,227075,19282,18835,3479,22314,242
2021-09-29,Calaveras,009,45235,3640,3553,43,3596,72
2021-09-29,Colusa,011,21464,2431,2401,566,2967,18
2021-09-29,Contra Costa,013,1133247,96058,95213,2013,97226,929
2021-09-29,Del Norte,015,27424,3552,3467,35,3502,39
2021-09-29,El Dorado,017,186661,15098,14834,1555,16389,136
2021-09-29,Fresno,019,978130,130310,128068,11472,139540,1957
2021-09-29,Glenn,021,27897,3277,3213,911,4124,26
2021-09-29,Humboldt,023,135768,8389,8203,436,8639,94
2021-09-29,Imperial,025,180216,31905,31600,3109,34709,757
2021-09-29,Inyo,027,18085,1787,1740,35,1775,39
2021-09-29,Kern,029,883053,119711,117605,19184,136789,1513
2021-09-29,Kings,031,150075,29866,29195,1728,30923,299
2021-09-29,Lake,033,64148,6275,6164,126,6290,97
2021-09-29,Lassen,035,31185,6448,6347,306,6653,25
2021-09-29,Los Angeles,037,10098052,1403538,1393617,52649,1446266,26098
2021-09-29,Madera,039,155013,21266,20818,1743,22561,266
2021-09-29,Marin,041,260295,17037,16921,411,17332,242
2021-09-29,Mariposa,043,17540,1003,963,31,994,5
2021-09-29,Mendocino,045,87422,6978,6821,366,7187,78
2021-09-29,Merced,047,269075,39519,39026,1476,40502,552
2021-09-29,Modoc,049,8938,480,468,170,638,5
2021-09-29,Mono,051,14174,1562,1527,18,1545,3
2021-09-29,Monterey,053,433212,47769,46917,2671,49588,571
2021-09-29,Napa,055,140530,12527,12416,93,12509,96
2021-09-29,Nevada,057,99092,8578,8434,306,8740,87
2021-09-29,Orange,059,3164182,299528,296936,14233,311169,5429
2021-09-29,Placer,061,380077,34805,34271,3314,37585,379
2021-09-29,Plumas,063,18699,1346,1289,26,1315,6
2021-09-29,Riverside,065,2383286,351483,346558,16007,362565,4886
2021-09-29,Sacramento,067,1510023,150807,149686,4010,153696,2099
2021-09-29,San Benito,069,59416,7092,7039,150,7189,69
2021-09-29,San Bernardino,071,2135413,343335,340672,10726,351398,5539
2021-09-29,San Diego,073,3302833,358922,355899,20809,376708,4066
2021-09-29,San Francisco,075,870044,51033,50286,2222,52508,629
2021-09-29,San Joaquin,077,732212,95529,94356,5141,99497,1645
2021-09-29,San Luis Obispo,079,281455,28208,27800,1131,28931,323
2021-09-29,San Mateo,081,765935,52608,51673,805,52478,573
2021-09-29,Santa Barbara,083,443738,43160,42328,1561,43889,507
2021-09-29,Santa Clara,085,1922200,142367,141036,1158,142194,1861
2021-09-29,Santa Cruz,087,273765,19641,19425,984,20409,214
2021-09-29,Shasta,089,179085,19309,18805,3233,22038,271
2021-09-29,Sierra,091,2930,136,130,14,144,0
2021-09-29,Siskiyou,093,43540,3156,3043,1146,4189,42
2021-09-29,Solano,095,438530,44543,43724,1157,44881,321
2021-09-29,Sonoma,097,501317,39724,39426,490,39916,370
2021-09-29,Stanislaus,099,539301,74735,73634,8358,81992,1096
2021-09-29,Sutter,101,95872,13285,13135,275,13410,155
2021-09-29,Tehama,103,63373,7601,7409,1272,8681,88
2021-09-29,Trinity,105,12862,781,616,203,819,10
2021-09-29,Tulare,107,460477,63588,62046,13374,75420,908
2021-09-29,Tuolumne,109,53932,6468,6336,72,6408,89
2021-09-29,Ventura,111,848112,95532,94753,4186,98939,1144
2021-09-29,Yolo,113,214977,18799,18587,989,19576,239
2021-09-29,Yuba,115,75493,9479,9351,221,9572,66
2021-09-28,Alameda,001,1643700,115879,114869,2674,117543,1333
2021-09-28,Alpine,003,1148,101,101,0,101,0
2021-09-28,Amador,005,37829,5169,5049,52,5101,61
2021-09-28,Butte,007,227075,19231,18764,3466,22230,241
2021-09-28,Calaveras,009,45235,3620,3530,43,3573,72
2021-09-28,Colusa,011,21464,2428,2399,564,2963,18
2021-09-28,Contra Costa,013,1133247,95916,95115,2008,97123,929
2021-09-28,Del Norte,015,27424,3549,3462,35,3497,39
2021-09-28,El Dorado,017,186661,15051,14793,1551,16344,133
2021-09-28,Fresno,019,978130,129964,127877,11445,139322,1948
2021-09-28,Glenn,021,27897,3271,3205,910,4115,26
2021-09-28,Humboldt,023,135768,8347,8159,433,8592,91
2021-09-28,Imperial,025,180216,31861,31543,3105,34648,757
2021-09-28,Inyo,027,18085,1773,1708,34,1742,39
2021-09-28,Kern,029,883053,119443,117420,19088,136508,1506
2021-09-28,Kings,031,150075,29766,29141,1720,30861,295
2021-09-28,Lake,033,64148,6260,6155,126,6281,95
2021-09-28,Lassen,035,31185,6442,6340,302,6642,25
2021-09-28,Los Angeles,037,10098052,1402246,1392445,52581,1445026,26068
2021-09-28,Madera,039,155013,21212,20764,1729,22493,266
2021-09-28,Marin,041,260295,17018,16887,409,17296,242
2021-09-28,Mariposa,043,17540,998,952,31,983,5
2021-09-28,Mendocino,045,87422,6956,6804,364,7168,78
2021-09-28,Merced,047,269075,39432,38953,1463,40416,551
2021-09-28,Modoc,049,8938,479,467,170,637,5
2021-09-28,Mono,051,14174,1552,1527,18,1545,3
2021-09-28,Monterey,053,433212,47732,46859,2662,49521,571
2021-09-28,Napa,055,140530,12510,12388,92,12480,96
2021-09-28,Nevada,057,99092,8555,8409,305,8714,84
2021-09-28,Orange,059,3164182,299275,296596,14205,310801,5421
2021-09-28,Placer,061,380077,34740,34187,3296,37483,370
2021-09-28,Plumas,063,18699,1337,1276,26,1302,6
2021-09-28,Riverside,065,2383286,351024,346096,15986,362082,4874
2021-09-28,Sacramento,067,1510023,150517,149310,3988,153298,2086
2021-09-28,San Benito,069,59416,7075,7028,149,7177,69
2021-09-28,San Bernardino,071,2135413,342984,340342,10709,351051,5540
2021-09-28,San Diego,073,3302833,358360,355373,20778,376151,4054
2021-09-28,San Francisco,075,870044,50930,50234,2221,52455,627
2021-09-28,San Joaquin,077,732212,95376,94194,5128,99322,1639
2021-09-28,San Luis Obispo,079,281455,28173,27755,1126,28881,321
2021-09-28,San Mateo,081,765935,52563,51620,804,52424,571
2021-09-28,Santa Barbara,083,443738,43088,42226,1560,43786,506
2021-09-28,Santa Clara,085,1922200,142205,140886,1149,142035,1858
2021-09-28,Santa Cruz,087,273765,19600,19324,983,20307,214
2021-09-28,Shasta,089,179085,19247,18701,3219,21920,267
2021-09-28,Sierra,091,2930,135,130,13,143,0
2021-09-28,Siskiyou,093,43540,3144,3032,1143,4175,42
2021-09-28,Solano,095,438530,44470,43652,1154,44806,316
2021-09-28,Sonoma,097,501317,39677,39395,489,39884,370
2021-09-28,Stanislaus,099,539301,74564,73528,8346,81874,1094
2021-09-28,Sutter,101,95872,13266,13102,271,13373,155
2021-09-28,Tehama,103,63373,7583,7382,1257,8639,88
2021-09-28,Trinity,105,12862,778,613,203,816,10
2021-09-28,Tulare,107,460477,63428,61916,13315,75231,905
2021-09-28,Tuolumne,109,53932,6442,6308,72,6380,89
2021-09-28,Ventura,111,848112,95413,94632,4183,98815,1143
2021-09-28,Yolo,113,214977,18773,18564,986,19550,239
2021-09-28,Yuba,115,75493,9460,9323,220,9543,66
2021-09-27,Alameda,001,1643700,115691,114731,2665,117396,1327
2021-09-27,Alpine,003,1148,101,101,0,101,0
2021-09-27,Amador,005,37829,5155,5017,52,5069,59
2021-09-27,Butte,007,227075,19174,18687,3450,22137,239
2021-09-27,Calaveras,009,45235,3600,3514,42,3556,70
2021-09-27,Colusa,011,21464,2427,2393,563,2956,18
2021-09-27,Contra Costa,013,1133247,95785,94979,1999,96978,924
2021-09-27,Del Norte,015,27424,3547,3468,33,3501,37
2021-09-27,El Dorado,017,186661,15012,14764,1544,16308,132
2021-09-27,Fresno,019,978130,129644,127475,11413,138888,1942
2021-09-27,Glenn,021,27897,3258,3189,906,4095,26
2021-09-27,Humboldt,023,135768,8307,8118,433,8551,91
2021-09-27,Imperial,025,180216,31798,31491,3098,34589,756
2021-09-27,Inyo,027,18085,1761,1698,34,1732,39
2021-09-27,Kern,029,883053,119167,117064,18990,136054,1503
2021-09-27,Kings,031,150075,29668,28998,1708,30706,297
2021-09-27,Lake,033,64148,6240,6126,126,6252,95
2021-09-27,Lassen,035,31185,6427,6327,298,6625,25
2021-09-27,Los Angeles,037,10098052,1400913,1391538,52512,1444050,26040
2021-09-27,Madera,039,155013,21147,20691,1721,22412,262
2021-09-27,Marin,041,260295,16996,16861,408,17269,242
2021-09-27,Mariposa,043,17540,988,931,31,962,5
2021-09-27,Mendocino,045,87422,6930,6761,357,7118,74
2021-09-27,Merced,047,269075,39334,38840,1457,40297,548
2021-09-27,Modoc,049,8938,478,465,168,633,5
2021-09-27,Mono,051,14174,1537,1525,18,1543,3
2021-09-27,Monterey,053,433212,47689,46811,2650,49461,571
2021-09-27,Napa,055,140530,12486,12354,91,12445,95
2021-09-27,Nevada,057,99092,8532,8379,302,8681,84
2021-09-27,Orange,059,3164182,298969,296334,14174,310508,5409
2021-09-27,Placer,061,380077,34653,34087,3291,37378,370
2021-09-27,Plumas,063,18699,1328,1269,26,1295,6
2021-09-27,Riverside,065,2383286,350582,345529,15976,361505,4864
2021-09-27,Sacramento,067,1510023,150200,149096,3966,153062,2076
2021-09-27,San Benito,069,59416,7058,7017,149,7166,67
2021-09-27,San Bernardino,071,2135413,342571,339952,10684,350636,5544
2021-09-27,San Diego,073,3302833,357702,354755,20753,375508,4054
2021-09-27,San Francisco,075,870044,50846,50157,2217,52374,622
2021-09-27,San Joaquin,077,732212,95193,94085,5125,99210,1633
2021-09-27,San Luis Obispo,079,281455,28118,27674,1123,28797,320
2021-09-27,San Mateo,081,765935,52487,51552,804,52356,571
2021-09-27,Santa Barbara,083,443738,43022,42012,1556,43568,505
2021-09-27,Santa Clara,085,1922200,142023,140802,1139,141941,1853
2021-09-27,Santa Cruz,087,273765,19576,19292,982,20274,214
2021-09-27,Shasta,089,179085,19165,18599,3191,21790,267
2021-09-27,Sierra,091,2930,135,128,13,141,0
2021-09-27,Siskiyou,093,43540,3132,3015,1138,4153,42
2021-09-27,Solano,095,438530,44395,43582,1149,44731,314
2021-09-27,Sonoma,097,501317,39622,39347,489,39836,370
2021-09-27,Stanislaus,099,539301,74409,73370,8327,81697,1091
2021-09-27,Sutter,101,95872,13235,13082,268,13350,155
2021-09-27,Tehama,103,63373,7542,7345,1247,8592,88
2021-09-27,Trinity,105,12862,767,605,202,807,9
2021-09-27,Tulare,107,460477,63229,61708,13244,74952,904
2021-09-27,Tuolumne,109,53932,6423,6264,72,6336,89
2021-09-27,Ventura,111,848112,95290,94477,4179,98656,1138
2021-09-27,Yolo,113,214977,18741,18524,985,19509,239
2021-09-27,Yuba,115,75493,9423,9292,216,9508,64
2021-09-26,Alameda,001,1643700,115494,114601,2658,117259,1326
2021-09-26,Alpine,003,1148,100,101,0,101,0
2021-09-26,Amador,005,37829,5123,5001,51,5052,59
2021-09-26,Butte,007,227075,19098,18634,3433,22067,238
2021-09-26,Calaveras,009,45235,3578,3505,42,3547,70
2021-09-26,Colusa,011,21464,2421,2392,560,2952,18
2021-09-26,Contra Costa,013,1133247,95612,94877,1986,96863,924
2021-09-26,Del Norte,015,27424,3541,3466,32,3498,37
2021-09-26,El Dorado,017,186661,14971,14738,1536,16274,132
2021-09-26,Fresno,019,978130,129289,127235,11373,138608,1939
2021-09-26,Glenn,021,27897,3246,3182,906,4088,26
2021-09-26,Humboldt,023,135768,8272,8098,432,8530,91
2021-09-26,Imperial,025,180216,31737,31462,3097,34559,756
2021-09-26,Inyo,027,18085,1746,1685,34,1719,39
2021-09-26,Kern,029,883053,118831,116927,18879,135806,1502
2021-09-26,Kings,031,150075,29566,28930,1697,30627,293
2021-09-26,Lake,033,64148,6223,6113,126,6239,95
2021-09-26,Lassen,035,31185,6417,6319,293,6612,25
2021-09-26,Los Angeles,037,10098052,1399427,1390577,52440,1443017,26035
2021-09-26,Madera,039,155013,21073,20629,1702,22331,262
2021-09-26,Marin,041,260295,16973,16860,408,17268,242
2021-09-26,Mariposa,043,17540,982,929,31,960,5
2021-09-26,Mendocino,045,87422,6897,6744,342,7086,74
2021-09-26,Merced,047,269075,39173,38717,1452,40169,548
2021-09-26,Modoc,049,8938,478,465,167,632,5
2021-09-26,Mono,051,14174,1535,1516,18,1534,3
2021-09-26,Monterey,053,433212,47643,46792,2636,49428,571
2021-09-26,Napa,055,140530,12462,12340,90,12430,95
2021-09-26,Nevada,057,99092,8501,8356,297,8653,84
2021-09-26,Orange,059,3164182,298634,296085,14142,310227,5409
2021-09-26,Placer,061,380077,34559,34043,3281,37324,370
2021-09-26,Plumas,063,18699,1310,1268,26,1294,6
2021-09-26,Riverside,065,2383286,350049,345257,15962,361219,4864
2021-09-26,Sacramento,067,1510023,149796,148745,3947,152692,2071
2021-09-26,San Benito,069,59416,7041,7012,148,7160,67
2021-09-26,San Bernardino,071,2135413,342118,339771,10669,350440,5545
2021-09-26,San Diego,073,3302833,357060,354414,20712,375126,4051
2021-09-26,San Francisco,075,870044,50720,50092,2209,52301,622
2021-09-26,San Joaquin,077,732212,94988,93935,5111,99046,1633
2021-09-26,San Luis Obispo,079,281455,28045,27624,1118,28742,319
2021-09-26,San Mateo,081,765935,52420,51496,802,52298,571
2021-09-26,Santa Barbara,083,443738,42936,41946,1553,43499,505
2021-09-26,Santa Clara,085,1922200,141823,140667,1136,141803,1852
2021-09-26,Santa Cruz,087,273765,19551,19279,982,20261,214
2021-09-26,Shasta,089,179085,19056,18566,3168,21734,266
2021-09-26,Sierra,091,2930,135,128,13,141,0
2021-09-26,Siskiyou,093,43540,3118,2998,1128,4126,42
2021-09-26,Solano,095,438530,44328,43537,1148,44685,314
2021-09-26,Sonoma,097,501317,39563,39302,489,39791,370
2021-09-26,Stanislaus,099,539301,74207,73243,8300,81543,1091
2021-09-26,Sutter,101,95872,13198,13045,267,13312,155
2021-09-26,Tehama,103,63373,7484,7323,1237,8560,88
2021-09-26,Trinity,105,12862,764,591,202,793,9
2021-09-26,Tulare,107,460477,63008,61560,13164,74724,904
2021-09-26,Tuolumne,109,53932,6395,6236,70,6306,89
2021-09-26,Ventura,111,848112,95178,94391,4172,98563,1138
2021-09-26,Yolo,113,214977,18706,18496,977,19473,239
2021-09-26,Yuba,115,75493,9396,9275,216,9491,64
2021-09-25,Alameda,001,1643700,115418,114014,2655,116669,1324
2021-09-25,Alpine,003,1148,100,101,0,101,0
2021-09-25,Amador,005,37829,5109,4934,51,4985,59
2021-09-25,Butte,007,227075,19069,18396,3424,21820,236
2021-09-25,Calaveras,009,45235,3575,3461,42,3503,70
2021-09-25,Colusa,011,21464,2419,2387,558,2945,16
2021-09-25,Contra Costa,013,1133247,95541,94337,1982,96319,924
2021-09-25,Del Norte,015,27424,3540,3404,32,3436,35
2021-09-25,El Dorado,017,186661,14948,14641,1532,16173,130
2021-09-25,Fresno,019,978130,129145,126299,11360,137659,1927
2021-09-25,Glenn,021,27897,3244,3144,905,4049,25
2021-09-25,Humboldt,023,135768,8253,8014,430,8444,88
2021-09-25,Imperial,025,180216,31710,31280,3097,34377,755
2021-09-25,Inyo,027,18085,1738,1657,34,1691,39
2021-09-25,Kern,029,883053,118676,116021,18811,134832,1485
2021-09-25,Kings,031,150075,29515,28636,1694,30330,293
2021-09-25,Lake,033,64148,6218,6046,124,6170,92
2021-09-25,Lassen,035,31185,6405,6248,292,6540,25
2021-09-25,Los Angeles,037,10098052,1398712,1386417,52401,1438818,25964
2021-09-25,Madera,039,155013,21048,20432,1696,22128,262
2021-09-25,Marin,041,260295,16964,16802,406,17208,242
2021-09-25,Mariposa,043,17540,977,906,31,937,5
2021-09-25,Mendocino,045,87422,6878,6657,341,6998,74
2021-09-25,Merced,047,269075,39127,38393,1450,39843,546
2021-09-25,Modoc,049,8938,478,460,167,627,5
2021-09-25,Mono,051,14174,1534,1501,18,1519,3
2021-09-25,Monterey,053,433212,47613,46653,2634,49287,567
2021-09-25,Napa,055,140530,12442,12266,90,12356,95
2021-09-25,Nevada,057,99092,8484,8285,297,8582,84
2021-09-25,Orange,059,3164182,298461,294514,14124,308638,5374
2021-09-25,Placer,061,380077,34495,33764,3278,37042,367
2021-09-25,Plumas,063,18699,1306,1238,26,1264,6
2021-09-25,Riverside,065,2383286,349726,343463,15954,359417,4843
2021-09-25,Sacramento,067,1510023,149620,147728,3938,151666,2049
2021-09-25,San Benito,069,59416,7036,6965,148,7113,67
2021-09-25,San Bernardino,071,2135413,341883,338413,10655,349068,5540
2021-09-25,San Diego,073,3302833,356710,352017,20686,372703,4039
2021-09-25,San Francisco,075,870044,50676,49840,2208,52048,615
2021-09-25,San Joaquin,077,732212,94902,93273,5109,98382,1628
2021-09-25,San Luis Obispo,079,281455,28007,27447,1114,28561,318
2021-09-25,San Mateo,081,765935,52355,51266,800,52066,568
2021-09-25,Santa Barbara,083,443738,42878,41728,1553,43281,505
2021-09-25,Santa Clara,085,1922200,141717,140023,1133,141156,1844
2021-09-25,Santa Cruz,087,273765,19535,19200,980,20180,214
2021-09-25,Shasta,089,179085,19005,18256,3159,21415,262
2021-09-25,Sierra,091,2930,134,127,13,140,0
2021-09-25,Siskiyou,093,43540,3111,2956,1118,4074,41
2021-09-25,Solano,095,438530,44287,43331,1145,44476,312
2021-09-25,Sonoma,097,501317,39522,39112,489,39601,369
2021-09-25,Stanislaus,099,539301,74097,72628,8286,80914,1091
2021-09-25,Sutter,101,95872,13180,12976,264,13240,154
2021-09-25,Tehama,103,63373,7469,7200,1235,8435,86
2021-09-25,Trinity,105,12862,764,576,202,778,9
2021-09-25,Tulare,107,460477,62925,60909,13120,74029,898
2021-09-25,Tuolumne,109,53932,6384,6168,70,6238,89
2021-09-25,Ventura,111,848112,95112,94059,4168,98227,1129
2021-09-25,Yolo,113,214977,18684,18393,976,19369,239
2021-09-25,Yuba,115,75493,9376,9191,216,9407,61
2021-09-24,Alameda,001,1643700,115314,114014,2651,116665,1324
2021-09-24,Alpine,003,1148,100,101,0,101,0
2021-09-24,Amador,005,37829,5079,4934,51,4985,59
2021-09-24,Butte,007,227075,19017,18396,3415,21811,236
2021-09-24,Calaveras,009,45235,3568,3461,41,3502,70
2021-09-24,Colusa,011,21464,2416,2387,557,2944,16
2021-09-24,Contra Costa,013,1133247,95433,94337,1978,96315,924
2021-09-24,Del Norte,015,27424,3537,3404,32,3436,35
2021-09-24,El Dorado,017,186661,14930,14641,1528,16169,130
2021-09-24,Fresno,019,978130,128946,126299,11348,137647,1927
2021-09-24,Glenn,021,27897,3239,3144,905,4049,25
2021-09-24,Humboldt,023,135768,8234,8014,427,8441,88
2021-09-24,Imperial,025,180216,31672,31280,3095,34375,755
2021-09-24,Inyo,027,18085,1729,1657,34,1691,39
2021-09-24,Kern,029,883053,118539,116021,18745,134766,1485
2021-09-24,Kings,031,150075,29474,28636,1689,30325,293
2021-09-24,Lake,033,64148,6210,6046,124,6170,92
2021-09-24,Lassen,035,31185,6397,6248,291,6539,25
2021-09-24,Los Angeles,037,10098052,1397833,1386417,52358,1438775,25964
2021-09-24,Madera,039,155013,21017,20432,1687,22119,262
2021-09-24,Marin,041,260295,16950,16802,405,17207,242
2021-09-24,Mariposa,043,17540,965,906,31,937,5
2021-09-24,Mendocino,045,87422,6865,6657,341,6998,74
2021-09-24,Merced,047,269075,39083,38393,1450,39843,546
2021-09-24,Modoc,049,8938,478,460,166,626,5
2021-09-24,Mono,051,14174,1531,1501,18,1519,3
2021-09-24,Monterey,053,433212,47592,46653,2626,49279,567
2021-09-24,Napa,055,140530,12423,12266,90,12356,95
2021-09-24,Nevada,057,99092,8470,8285,294,8579,84
2021-09-24,Orange,059,3164182,298255,294514,14106,308620,5374
2021-09-24,Placer,061,380077,34440,33764,3265,37029,367
2021-09-24,Plumas,063,18699,1302,1238,26,1264,6
2021-09-24,Riverside,065,2383286,349392,343463,15945,359408,4843
2021-09-24,Sacramento,067,1510023,149436,147728,3934,151662,2049
2021-09-24,San Benito,069,59416,7030,6965,148,7113,67
2021-09-24,San Bernardino,071,2135413,341618,338413,10645,349058,5540
2021-09-24,San Diego,073,3302833,356356,352017,20671,372688,4039
2021-09-24,San Francisco,075,870044,50612,49840,2200,52040,615
2021-09-24,San Joaquin,077,732212,94788,93273,5107,98380,1628
2021-09-24,San Luis Obispo,079,281455,27976,27447,1109,28556,318
2021-09-24,San Mateo,081,765935,52296,51266,799,52065,568
2021-09-24,Santa Barbara,083,443738,42839,41728,1552,43280,505
2021-09-24,Santa Clara,085,1922200,141605,140023,1132,141155,1844
2021-09-24,Santa Cruz,087,273765,19512,19200,979,20179,214
2021-09-24,Shasta,089,179085,18950,18256,3145,21401,262
2021-09-24,Sierra,091,2930,133,127,13,140,0
2021-09-24,Siskiyou,093,43540,3102,2956,1112,4068,41
2021-09-24,Solano,095,438530,44250,43331,1143,44474,312
2021-09-24,Sonoma,097,501317,39490,39112,489,39601,369
2021-09-24,Stanislaus,099,539301,73982,72628,8271,80899,1091
2021-09-24,Sutter,101,95872,13161,12976,263,13239,154
2021-09-24,Tehama,103,63373,7457,7200,1230,8430,86
2021-09-24,Trinity,105,12862,761,576,202,778,9
2021-09-24,Tulare,107,460477,62832,60909,13077,73986,898
2021-09-24,Tuolumne,109,53932,6355,6168,70,6238,89
2021-09-24,Ventura,111,848112,95034,94059,4161,98220,1129
2021-09-24,Yolo,113,214977,18652,18393,973,19366,239
2021-09-24,Yuba,115,75493,9357,9191,216,9407,61
2021-09-23,Alameda,001,1643700,115160,114014,2646,116660,1324
2021-09-23,Alpine,003,1148,100,101,0,101,0
2021-09-23,Amador,005,37829,5066,4934,51,4985,59
2021-09-23,Butte,007,227075,18955,18396,3391,21787,236
2021-09-23,Calaveras,009,45235,3547,3461,41,3502,70
2021-09-23,Colusa,011,21464,2414,2387,555,2942,16
2021-09-23,Contra Costa,013,1133247,95291,94337,1971,96308,924
2021-09-23,Del Norte,015,27424,3528,3404,31,3435,35
2021-09-23,El Dorado,017,186661,14904,14641,1522,16163,130
2021-09-23,Fresno,019,978130,128650,126299,11331,137630,1927
2021-09-23,Glenn,021,27897,3225,3144,902,4046,25
2021-09-23,Humboldt,023,135768,8208,8014,425,8439,88
2021-09-23,Imperial,025,180216,31636,31280,3095,34375,755
2021-09-23,Inyo,027,18085,1715,1657,34,1691,39
2021-09-23,Kern,029,883053,118280,116021,18664,134685,1485
2021-09-23,Kings,031,150075,29371,28636,1680,30316,293
2021-09-23,Lake,033,64148,6200,6046,124,6170,92
2021-09-23,Lassen,035,31185,6388,6248,286,6534,25
2021-09-23,Los Angeles,037,10098052,1396642,1386417,52294,1438711,25964
2021-09-23,Madera,039,155013,20935,20432,1683,22115,262
2021-09-23,Marin,041,260295,16935,16802,404,17206,242
2021-09-23,Mariposa,043,17540,952,906,31,937,5
2021-09-23,Mendocino,045,87422,6844,6657,339,6996,74
2021-09-23,Merced,047,269075,38980,38393,1443,39836,546
2021-09-23,Modoc,049,8938,477,460,166,626,5
2021-09-23,Mono,051,14174,1529,1501,18,1519,3
2021-09-23,Monterey,053,433212,47543,46653,2615,49268,567
2021-09-23,Napa,055,140530,12406,12266,90,12356,95
2021-09-23,Nevada,057,99092,8443,8285,294,8579,84
2021-09-23,Orange,059,3164182,297956,294514,14082,308596,5374
2021-09-23,Placer,061,380077,34364,33764,3258,37022,367
2021-09-23,Plumas,063,18699,1285,1238,25,1263,6
2021-09-23,Riverside,065,2383286,348940,343463,15938,359401,4843
2021-09-23,Sacramento,067,1510023,149106,147728,3914,151642,2049
2021-09-23,San Benito,069,59416,7019,6965,148,7113,67
2021-09-23,San Bernardino,071,2135413,341259,338413,10630,349043,5540
2021-09-23,San Diego,073,3302833,355893,352017,20632,372649,4039
2021-09-23,San Francisco,075,870044,50539,49840,2198,52038,615
2021-09-23,San Joaquin,077,732212,94615,93273,5092,98365,1628
2021-09-23,San Luis Obispo,079,281455,27933,27447,1107,28554,318
2021-09-23,San Mateo,081,765935,52222,51266,798,52064,568
2021-09-23,Santa Barbara,083,443738,42761,41728,1549,43277,505
2021-09-23,Santa Clara,085,1922200,141455,140023,1125,141148,1844
2021-09-23,Santa Cruz,087,273765,19481,19200,979,20179,214
2021-09-23,Shasta,089,179085,18870,18256,3128,21384,262
2021-09-23,Sierra,091,2930,133,127,13,140,0
2021-09-23,Siskiyou,093,43540,3098,2956,1101,4057,41
2021-09-23,Solano,095,438530,44182,43331,1140,44471,312
2021-09-23,Sonoma,097,501317,39431,39112,486,39598,369
2021-09-23,Stanislaus,099,539301,73825,72628,8239,80867,1091
2021-09-23,Sutter,101,95872,13132,12976,263,13239,154
2021-09-23,Tehama,103,63373,7416,7200,1225,8425,86
2021-09-23,Trinity,105,12862,747,576,201,777,9
2021-09-23,Tulare,107,460477,62655,60909,13022,73931,898
2021-09-23,Tuolumne,109,53932,6330,6168,69,6237,89
2021-09-23,Ventura,111,848112,94931,94059,4154,98213,1129
2021-09-23,Yolo,113,214977,18623,18393,968,19361,239
2021-09-23,Yuba,115,75493,9329,9191,215,9406,61
2021-09-22,Alameda,001,1643700,115005,113862,2642,116504,1322
2021-09-22,Alpine,003,1148,100,100,0,100,0
2021-09-22,Amador,005,37829,5050,4915,51,4966,59
2021-09-22,Butte,007,227075,18896,18337,3376,21713,235
2021-09-22,Calaveras,009,45235,3531,3448,41,3489,70
2021-09-22,Colusa,011,21464,2409,2384,554,2938,16
2021-09-22,Contra Costa,013,1133247,95107,94209,1963,96172,924
2021-09-22,Del Norte,015,27424,3517,3386,30,3416,35
2021-09-22,El Dorado,017,186661,14868,14605,1515,16120,127
2021-09-22,Fresno,019,978130,128393,126006,11319,137325,1908
2021-09-22,Glenn,021,27897,3223,3138,901,4039,25
2021-09-22,Humboldt,023,135768,8185,7998,417,8415,80
2021-09-22,Imperial,025,180216,31584,31243,3088,34331,755
2021-09-22,Inyo,027,18085,1705,1651,34,1685,39
2021-09-22,Kern,029,883053,118037,115757,18542,134299,1477
2021-09-22,Kings,031,150075,29287,28589,1674,30263,292
2021-09-22,Lake,033,64148,6188,6035,124,6159,93
2021-09-22,Lassen,035,31185,6368,6209,282,6491,25
2021-09-22,Los Angeles,037,10098052,1395320,1384719,52238,1436957,25930
2021-09-22,Madera,039,155013,20878,20382,1675,22057,262
2021-09-22,Marin,041,260295,16925,16782,401,17183,242
2021-09-22,Mariposa,043,17540,946,901,31,932,5
2021-09-22,Mendocino,045,87422,6817,6624,333,6957,70
2021-09-22,Merced,047,269075,38848,38305,1441,39746,541
2021-09-22,Modoc,049,8938,474,458,166,624,5
2021-09-22,Mono,051,14174,1520,1496,17,1513,3
2021-09-22,Monterey,053,433212,47492,46615,2608,49223,566
2021-09-22,Napa,055,140530,12383,12248,89,12337,95
2021-09-22,Nevada,057,99092,8420,8273,291,8564,84
2021-09-22,Orange,059,3164182,297681,294214,14065,308279,5366
2021-09-22,Placer,061,380077,34277,33661,3245,36906,367
2021-09-22,Plumas,063,18699,1273,1230,25,1255,6
2021-09-22,Riverside,065,2383286,348405,342946,15913,358859,4830
2021-09-22,Sacramento,067,1510023,148791,147533,3883,151416,2043
2021-09-22,San Benito,069,59416,7008,6961,146,7107,67
2021-09-22,San Bernardino,071,2135413,340865,337938,10621,348559,5528
2021-09-22,San Diego,073,3302833,355432,351132,20610,371742,4027
2021-09-22,San Francisco,075,870044,50455,49734,2193,51927,610
2021-09-22,San Joaquin,077,732212,94382,93010,5066,98076,1626
2021-09-22,San Luis Obispo,079,281455,27885,27398,1104,28502,315
2021-09-22,San Mateo,081,765935,52148,51197,794,51991,568
2021-09-22,Santa Barbara,083,443738,42698,41678,1548,43226,504
2021-09-22,Santa Clara,085,1922200,141292,139803,1118,140921,1844
2021-09-22,Santa Cruz,087,273765,19442,19177,979,20156,214
2021-09-22,Shasta,089,179085,18780,18153,3116,21269,260
2021-09-22,Sierra,091,2930,133,127,13,140,0
2021-09-22,Siskiyou,093,43540,3081,2947,1091,4038,41
2021-09-22,Solano,095,438530,44117,43269,1139,44408,312
2021-09-22,Sonoma,097,501317,39378,39063,485,39548,369
2021-09-22,Stanislaus,099,539301,73659,72355,8220,80575,1091
2021-09-22,Sutter,101,95872,13112,12960,260,13220,153
2021-09-22,Tehama,103,63373,7389,7173,1222,8395,86
2021-09-22,Trinity,105,12862,746,572,201,773,9
2021-09-22,Tulare,107,460477,62445,60776,12951,73727,896
2021-09-22,Tuolumne,109,53932,6309,6155,68,6223,89
2021-09-22,Ventura,111,848112,94827,93978,4148,98126,1122
2021-09-22,Yolo,113,214977,18584,18342,961,19303,239
2021-09-22,Yuba,115,75493,9300,9169,210,9379,61
2021-09-21,Alameda,001,1643700,114855,113765,2642,116407,1321
2021-09-21,Alpine,003,1148,100,100,0,100,0
2021-09-21,Amador,005,37829,5028,4897,51,4948,59
2021-09-21,Butte,007,227075,18799,18229,3338,21567,232
2021-09-21,Calaveras,009,45235,3513,3437,41,3478,70
2021-09-21,Colusa,011,21464,2406,2378,553,2931,16
2021-09-21,Contra Costa,013,1133247,94914,94101,1949,96050,924
2021-09-21,Del Norte,015,27424,3504,3378,30,3408,34
2021-09-21,El Dorado,017,186661,14838,14578,1508,16086,127
2021-09-21,Fresno,019,978130,128043,125789,11300,137089,1892
2021-09-21,Glenn,021,27897,3215,3134,895,4029,25
2021-09-21,Humboldt,023,135768,8153,7955,412,8367,80
2021-09-21,Imperial,025,180216,31526,31185,3086,34271,755
2021-09-21,Inyo,027,18085,1695,1646,34,1680,39
2021-09-21,Kern,029,883053,117744,115534,18428,133962,1467
2021-09-21,Kings,031,150075,29199,28545,1666,30211,291
2021-09-21,Lake,033,64148,6165,6013,124,6137,90
2021-09-21,Lassen,035,31185,6350,6159,278,6437,25
2021-09-21,Los Angeles,037,10098052,1393877,1383277,52182,1435459,25893
2021-09-21,Madera,039,155013,20818,20317,1664,21981,262
2021-09-21,Marin,041,260295,16910,16748,400,17148,242
2021-09-21,Mariposa,043,17540,941,894,30,924,5
2021-09-21,Mendocino,045,87422,6776,6580,324,6904,68
2021-09-21,Merced,047,269075,38727,38225,1437,39662,539
2021-09-21,Modoc,049,8938,471,458,166,624,5
2021-09-21,Mono,051,14174,1517,1495,16,1511,3
2021-09-21,Monterey,053,433212,47425,46583,2596,49179,565
2021-09-21,Napa,055,140530,12362,12238,89,12327,95
2021-09-21,Nevada,057,99092,8393,8259,282,8541,84
2021-09-21,Orange,059,3164182,297353,293898,14035,307933,5357
2021-09-21,Placer,061,380077,34176,33609,3234,36843,365
2021-09-21,Plumas,063,18699,1266,1225,25,1250,5
2021-09-21,Riverside,065,2383286,347845,342460,15889,358349,4817
2021-09-21,Sacramento,067,1510023,148408,147378,3855,151233,2027
2021-09-21,San Benito,069,59416,6997,6950,145,7095,67
2021-09-21,San Bernardino,071,2135413,340425,337387,10604,347991,5520
2021-09-21,San Diego,073,3302833,354813,350265,20586,370851,4021
2021-09-21,San Francisco,075,870044,50360,49653,2190,51843,609
2021-09-21,San Joaquin,077,732212,94148,92762,5055,97817,1621
2021-09-21,San Luis Obispo,079,281455,27827,27318,1100,28418,314
2021-09-21,San Mateo,081,765935,52080,51136,794,51930,568
2021-09-21,Santa Barbara,083,443738,42631,41644,1544,43188,503
2021-09-21,Santa Clara,085,1922200,141075,139657,1114,140771,1843
2021-09-21,Santa Cruz,087,273765,19412,19140,978,20118,212
2021-09-21,Shasta,089,179085,18652,18027,3092,21119,258
2021-09-21,Sierra,091,2930,133,127,13,140,0
2021-09-21,Siskiyou,093,43540,3067,2927,1077,4004,36
2021-09-21,Solano,095,438530,44041,43220,1139,44359,311
2021-09-21,Sonoma,097,501317,39325,39042,485,39527,369
2021-09-21,Stanislaus,099,539301,73472,72211,8198,80409,1091
2021-09-21,Sutter,101,95872,13089,12930,257,13187,153
2021-09-21,Tehama,103,63373,7343,7151,1218,8369,85
2021-09-21,Trinity,105,12862,735,572,199,771,9
2021-09-21,Tulare,107,460477,62230,60607,12891,73498,896
2021-09-21,Tuolumne,109,53932,6278,6139,68,6207,89
2021-09-21,Ventura,111,848112,94723,93818,4141,97959,1120
2021-09-21,Yolo,113,214977,18549,18313,957,19270,239
2021-09-21,Yuba,115,75493,9272,9135,210,9345,61
2021-09-20,Alameda,001,1643700,114676,113637,2638,116275,1320
2021-09-20,Alpine,003,1148,100,100,0,100,0
2021-09-20,Amador,005,37829,5010,4883,50,4933,59
2021-09-20,Butte,007,227075,18717,18135,3322,21457,231
2021-09-20,Calaveras,009,45235,3491,3395,40,3435,66
2021-09-20,Colusa,011,21464,2404,2376,550,2926,16
2021-09-20,Contra Costa,013,1133247,94764,93919,1943,95862,924
2021-09-20,Del Norte,015,27424,3496,3374,29,3403,34
2021-09-20,El Dorado,017,186661,14805,14545,1496,16041,127
2021-09-20,Fresno,019,978130,127629,125287,11279,136566,1889
2021-09-20,Glenn,021,27897,3205,3112,892,4004,25
2021-09-20,Humboldt,023,135768,8117,7938,407,8345,80
2021-09-20,Imperial,025,180216,31444,31146,3085,34231,755
2021-09-20,Inyo,027,18085,1687,1641,33,1674,39
2021-09-20,Kern,029,883053,117403,115271,18296,133567,1459
2021-09-20,Kings,031,150075,29112,28471,1660,30131,285
2021-09-20,Lake,033,64148,6150,5984,123,6107,87
2021-09-20,Lassen,035,31185,6320,6132,278,6410,25
2021-09-20,Los Angeles,037,10098052,1392359,1382206,52102,1434308,25858
2021-09-20,Madera,039,155013,20766,20203,1655,21858,257
2021-09-20,Marin,041,260295,16885,16732,398,17130,242
2021-09-20,Mariposa,043,17540,930,887,30,917,5
2021-09-20,Mendocino,045,87422,6742,6568,319,6887,67
2021-09-20,Merced,047,269075,38619,38144,1427,39571,536
2021-09-20,Modoc,049,8938,470,457,164,621,5
2021-09-20,Mono,051,14174,1512,1480,16,1496,3
2021-09-20,Monterey,053,433212,47382,46506,2579,49085,565
2021-09-20,Napa,055,140530,12337,12209,88,12297,95
2021-09-20,Nevada,057,99092,8373,8228,280,8508,84
2021-09-20,Orange,059,3164182,297012,293642,14009,307651,5354
2021-09-20,Placer,061,380077,34086,33531,3219,36750,364
2021-09-20,Plumas,063,18699,1261,1211,25,1236,5
2021-09-20,Riverside,065,2383286,347345,341961,15876,357837,4802
2021-09-20,Sacramento,067,1510023,148034,147016,3821,150837,2016
2021-09-20,San Benito,069,59416,6988,6947,144,7091,67
2021-09-20,San Bernardino,071,2135413,340032,337059,10588,347647,5507
2021-09-20,San Diego,073,3302833,354138,349579,20549,370128,4009
2021-09-20,San Francisco,075,870044,50253,49559,2189,51748,605
2021-09-20,San Joaquin,077,732212,93905,92614,5042,97656,1615
2021-09-20,San Luis Obispo,079,281455,27751,27259,1092,28351,313
2021-09-20,San Mateo,081,765935,51997,51100,791,51891,567
2021-09-20,Santa Barbara,083,443738,42535,41589,1540,43129,500
2021-09-20,Santa Clara,085,1922200,140874,139578,1112,140690,1841
2021-09-20,Santa Cruz,087,273765,19380,19121,978,20099,211
2021-09-20,Shasta,089,179085,18553,17893,3061,20954,258
2021-09-20,Sierra,091,2930,131,126,13,139,0
2021-09-20,Siskiyou,093,43540,3045,2902,1064,3966,35
2021-09-20,Solano,095,438530,43973,43152,1132,44284,312
2021-09-20,Sonoma,097,501317,39280,38991,485,39476,369
2021-09-20,Stanislaus,099,539301,73270,72031,8179,80210,1091
2021-09-20,Sutter,101,95872,13053,12896,252,13148,153
2021-09-20,Tehama,103,63373,7311,7121,1206,8327,84
2021-09-20,Trinity,105,12862,729,568,198,766,7
2021-09-20,Tulare,107,460477,62028,60302,12835,73137,896
2021-09-20,Tuolumne,109,53932,6252,6113,68,6181,89
2021-09-20,Ventura,111,848112,94610,93700,4134,97834,1120
2021-09-20,Yolo,113,214977,18504,18287,955,19242,239
2021-09-20,Yuba,115,75493,9236,9107,208,9315,61
2021-09-19,Alameda,001,1643700,114469,113446,2634,116080,1320
2021-09-19,Alpine,003,1148,99,100,0,100,0
2021-09-19,Amador,005,37829,4970,4875,49,4924,59
2021-09-19,Butte,007,227075,18624,18063,3295,21358,230
2021-09-19,Calaveras,009,45235,3466,3390,37,3427,66
2021-09-19,Colusa,011,21464,2402,2375,548,2923,16
2021-09-19,Contra Costa,013,1133247,94580,93788,1933,95721,924
2021-09-19,Del Norte,015,27424,3469,3344,28,3372,34
2021-09-19,El Dorado,017,186661,14753,14512,1490,16002,127
2021-09-19,Fresno,019,978130,127226,124985,11248,136233,1888
2021-09-19,Glenn,021,27897,3196,3102,887,3989,25
2021-09-19,Humboldt,023,135768,8072,7914,405,8319,80
2021-09-19,Imperial,025,180216,31375,31122,3082,34204,755
2021-09-19,Inyo,027,18085,1678,1639,33,1672,39
2021-09-19,Kern,029,883053,117090,115074,18189,133263,1459
2021-09-19,Kings,031,150075,28984,28416,1651,30067,284
2021-09-19,Lake,033,64148,6119,5962,123,6085,87
2021-09-19,Lassen,035,31185,6300,6129,272,6401,25
2021-09-19,Los Angeles,037,10098052,1390392,1381200,52002,1433202,25852
2021-09-19,Madera,039,155013,20687,20161,1645,21806,257
2021-09-19,Marin,041,260295,16856,16711,396,17107,242
2021-09-19,Mariposa,043,17540,922,881,30,911,5
2021-09-19,Mendocino,045,87422,6697,6538,313,6851,67
2021-09-19,Merced,047,269075,38462,38068,1419,39487,535
2021-09-19,Modoc,049,8938,467,457,162,619,5
2021-09-19,Mono,051,14174,1507,1480,16,1496,3
2021-09-19,Monterey,053,433212,47329,46486,2576,49062,565
2021-09-19,Napa,055,140530,12316,12190,86,12276,95
2021-09-19,Nevada,057,99092,8345,8203,278,8481,84
2021-09-19,Orange,059,3164182,296642,293258,13988,307246,5354
2021-09-19,Placer,061,380077,33973,33406,3201,36607,364
2021-09-19,Plumas,063,18699,1253,1211,25,1236,5
2021-09-19,Riverside,065,2383286,346751,341566,15867,357433,4804
2021-09-19,Sacramento,067,1510023,147673,146603,3776,150379,2012
2021-09-19,San Benito,069,59416,6969,6942,144,7086,67
2021-09-19,San Bernardino,071,2135413,339543,336688,10577,347265,5506
2021-09-19,San Diego,073,3302833,353423,349225,20513,369738,4006
2021-09-19,San Francisco,075,870044,50145,49458,2181,51639,605
2021-09-19,San Joaquin,077,732212,93609,92467,5031,97498,1615
2021-09-19,San Luis Obispo,079,281455,27650,27208,1083,28291,313
2021-09-19,San Mateo,081,765935,51898,51028,790,51818,567
2021-09-19,Santa Barbara,083,443738,42431,41512,1540,43052,500
2021-09-19,Santa Clara,085,1922200,140687,139410,1107,140517,1841
2021-09-19,Santa Cruz,087,273765,19342,19096,978,20074,211
2021-09-19,Shasta,089,179085,18439,17813,3025,20838,258
2021-09-19,Sierra,091,2930,130,126,13,139,0
2021-09-19,Siskiyou,093,43540,3019,2882,1055,3937,35
2021-09-19,Solano,095,438530,43884,43056,1127,44183,312
2021-09-19,Sonoma,097,501317,39208,38956,481,39437,369
2021-09-19,Stanislaus,099,539301,73026,71830,8156,79986,1091
2021-09-19,Sutter,101,95872,13026,12868,245,13113,153
2021-09-19,Tehama,103,63373,7257,7081,1196,8277,84
2021-09-19,Trinity,105,12862,718,562,196,758,7
2021-09-19,Tulare,107,460477,61767,60160,12741,72901,896
2021-09-19,Tuolumne,109,53932,6210,6097,68,6165,89
2021-09-19,Ventura,111,848112,94448,93491,4125,97616,1120
2021-09-19,Yolo,113,214977,18454,18238,949,19187,239
2021-09-19,Yuba,115,75493,9210,9087,207,9294,61
2021-09-18,Alameda,001,1643700,114365,113300,2633,115933,1320
2021-09-18,Alpine,003,1148,99,100,0,100,0
2021-09-18,Amador,005,37829,4960,4850,49,4899,59
2021-09-18,Butte,007,227075,18587,17961,3281,21242,230
2021-09-18,Calaveras,009,45235,3460,3361,36,3397,66
2021-09-18,Colusa,011,21464,2402,2373,547,2920,16
2021-09-18,Contra Costa,013,1133247,94490,93656,1929,95585,924
2021-09-18,Del Norte,015,27424,3461,3326,26,3352,34
2021-09-18,El Dorado,017,186661,14730,14472,1486,15958,127
2021-09-18,Fresno,019,978130,127084,124771,11235,136006,1889
2021-09-18,Glenn,021,27897,3188,3086,886,3972,25
2021-09-18,Humboldt,023,135768,8058,7881,404,8285,80
2021-09-18,Imperial,025,180216,31351,31096,3081,34177,755
2021-09-18,Inyo,027,18085,1672,1636,33,1669,39
2021-09-18,Kern,029,883053,116936,114781,18125,132906,1459
2021-09-18,Kings,031,150075,28936,28330,1646,29976,285
2021-09-18,Lake,033,64148,6102,5936,123,6059,87
2021-09-18,Lassen,035,31185,6290,6121,269,6390,25
2021-09-18,Los Angeles,037,10098052,1389635,1379880,51950,1431830,25849
2021-09-18,Madera,039,155013,20643,20126,1636,21762,257
2021-09-18,Marin,041,260295,16839,16685,395,17080,242
2021-09-18,Mariposa,043,17540,919,871,30,901,5
2021-09-18,Mendocino,045,87422,6676,6523,313,6836,67
2021-09-18,Merced,047,269075,38425,37977,1413,39390,535
2021-09-18,Modoc,049,8938,467,457,161,618,5
2021-09-18,Mono,051,14174,1505,1480,16,1496,3
2021-09-18,Monterey,053,433212,47291,46466,2573,49039,565
2021-09-18,Napa,055,140530,12304,12168,86,12254,95
2021-09-18,Nevada,057,99092,8328,8183,278,8461,84
2021-09-18,Orange,059,3164182,296445,293005,13974,306979,5354
2021-09-18,Placer,061,380077,33901,33309,3198,36507,364
2021-09-18,Plumas,063,18699,1252,1204,25,1229,5
2021-09-18,Riverside,065,2383286,346366,341136,15852,356988,4802
2021-09-18,Sacramento,067,1510023,147490,146162,3767,149929,2016
2021-09-18,San Benito,069,59416,6964,6937,144,7081,67
2021-09-18,San Bernardino,071,2135413,339271,336380,10564,346944,5501
2021-09-18,San Diego,073,3302833,353022,348848,20503,369351,4006
2021-09-18,San Francisco,075,870044,50083,49359,2175,51534,605
2021-09-18,San Joaquin,077,732212,93500,92242,5019,97261,1615
2021-09-18,San Luis Obispo,079,281455,27613,27181,1080,28261,313
2021-09-18,San Mateo,081,765935,51847,50961,788,51749,567
2021-09-18,Santa Barbara,083,443738,42367,41465,1540,43005,500
2021-09-18,Santa Clara,085,1922200,140566,139233,1104,140337,1841
2021-09-18,Santa Cruz,087,273765,19322,19079,978,20057,211
2021-09-18,Shasta,089,179085,18376,17777,3007,20784,258
2021-09-18,Sierra,091,2930,129,125,13,138,0
2021-09-18,Siskiyou,093,43540,3016,2875,1049,3924,35
2021-09-18,Solano,095,438530,43844,42966,1124,44090,312
2021-09-18,Sonoma,097,501317,39173,38891,479,39370,369
2021-09-18,Stanislaus,099,539301,72880,71587,8131,79718,1091
2021-09-18,Sutter,101,95872,13012,12829,245,13074,153
2021-09-18,Tehama,103,63373,7242,7055,1188,8243,84
2021-09-18,Trinity,105,12862,716,561,196,757,7
2021-09-18,Tulare,107,460477,61692,60003,12689,72692,896
2021-09-18,Tuolumne,109,53932,6195,6069,68,6137,89
2021-09-18,Ventura,111,848112,94380,93424,4120,97544,1120
2021-09-18,Yolo,113,214977,18428,18213,943,19156,239
2021-09-18,Yuba,115,75493,9196,9061,206,9267,61
2021-09-17,Alameda,001,1643700,114243,113070,2631,115701,1320
2021-09-17,Alpine,003,1148,99,99,0,99,0
2021-09-17,Amador,005,37829,4944,4835,48,4883,58
2021-09-17,Butte,007,227075,18536,17870,3272,21142,230
2021-09-17,Calaveras,009,45235,3448,3338,35,3373,66
2021-09-17,Colusa,011,21464,2401,2369,542,2911,16
2021-09-17,Contra Costa,013,1133247,94390,93485,1926,95411,924
2021-09-17,Del Norte,015,27424,3456,3311,24,3335,34
2021-09-17,El Dorado,017,186661,14711,14421,1484,15905,127
2021-09-17,Fresno,019,978130,126865,124296,11226,135522,1882
2021-09-17,Glenn,021,27897,3173,3072,884,3956,25
2021-09-17,Humboldt,023,135768,8037,7850,404,8254,80
2021-09-17,Imperial,025,180216,31325,31031,3080,34111,755
2021-09-17,Inyo,027,18085,1664,1634,33,1667,39
2021-09-17,Kern,029,883053,116745,114303,18028,132331,1456
2021-09-17,Kings,031,150075,28871,28240,1644,29884,281
2021-09-17,Lake,033,64148,6089,5915,123,6038,87
2021-09-17,Lassen,035,31185,6275,6080,267,6347,25
2021-09-17,Los Angeles,037,10098052,1388664,1377905,51883,1429788,25820
2021-09-17,Madera,039,155013,20591,20040,1624,21664,257
2021-09-17,Marin,041,260295,16826,16658,393,17051,242
2021-09-17,Mariposa,043,17540,917,869,30,899,5
2021-09-17,Mendocino,045,87422,6657,6498,313,6811,67
2021-09-17,Merced,047,269075,38378,37803,1411,39214,533
2021-09-17,Modoc,049,8938,467,456,161,617,5
2021-09-17,Mono,051,14174,1501,1457,16,1473,3
2021-09-17,Monterey,053,433212,47268,46421,2572,48993,564
2021-09-17,Napa,055,140530,12283,12153,86,12239,95
2021-09-17,Nevada,057,99092,8313,8157,278,8435,84
2021-09-17,Orange,059,3164182,296228,292685,13956,306641,5346
2021-09-17,Placer,061,380077,33840,33188,3187,36375,362
2021-09-17,Plumas,063,18699,1243,1192,24,1216,5
2021-09-17,Riverside,065,2383286,345965,340445,15841,356286,4792
2021-09-17,Sacramento,067,1510023,147291,145985,3756,149741,1999
2021-09-17,San Benito,069,59416,6961,6929,144,7073,67
2021-09-17,San Bernardino,071,2135413,338917,335810,10557,346367,5488
2021-09-17,San Diego,073,3302833,352589,348098,20485,368583,4002
2021-09-17,San Francisco,075,870044,50031,49249,2170,51419,605
2021-09-17,San Joaquin,077,732212,93362,91977,5007,96984,1610
2021-09-17,San Luis Obispo,079,281455,27579,27102,1069,28171,311
2021-09-17,San Mateo,081,765935,51793,50854,787,51641,564
2021-09-17,Santa Barbara,083,443738,42305,41354,1540,42894,498
2021-09-17,Santa Clara,085,1922200,140417,138939,1103,140042,1838
2021-09-17,Santa Cruz,087,273765,19297,19039,978,20017,211
2021-09-17,Shasta,089,179085,18305,17617,2994,20611,254
2021-09-17,Sierra,091,2930,129,124,13,137,0
2021-09-17,Siskiyou,093,43540,3001,2852,1049,3901,35
2021-09-17,Solano,095,438530,43781,42898,1120,44018,312
2021-09-17,Sonoma,097,501317,39136,38808,478,39286,369
2021-09-17,Stanislaus,099,539301,72773,71408,8113,79521,1091
2021-09-17,Sutter,101,95872,12996,12799,243,13042,153
2021-09-17,Tehama,103,63373,7218,7020,1176,8196,84
2021-09-17,Trinity,105,12862,711,556,195,751,7
2021-09-17,Tulare,107,460477,61576,59689,12655,72344,895
2021-09-17,Tuolumne,109,53932,6176,6047,68,6115,89
2021-09-17,Ventura,111,848112,94268,93273,4118,97391,1116
2021-09-17,Yolo,113,214977,18397,18177,939,19116,239
2021-09-17,Yuba,115,75493,9169,9019,205,9224,61
2021-09-16,Alameda,001,1643700,114064,112770,2628,115398,1318
2021-09-16,Alpine,003,1148,99,99,0,99,0
2021-09-16,Amador,005,37829,4924,4819,48,4867,58
2021-09-16,Butte,007,227075,18462,17750,3256,21006,230
2021-09-16,Calaveras,009,45235,3414,3313,35,3348,66
2021-09-16,Colusa,011,21464,2399,2363,540,2903,16
2021-09-16,Contra Costa,013,1133247,94220,93213,1918,95131,917
2021-09-16,Del Norte,015,27424,3438,3285,24,3309,34
2021-09-16,El Dorado,017,186661,14671,14372,1476,15848,127
2021-09-16,Fresno,019,978130,126507,123853,11186,135039,1868
2021-09-16,Glenn,021,27897,3161,3068,882,3950,24
2021-09-16,Humboldt,023,135768,8003,7809,394,8203,80
2021-09-16,Imperial,025,180216,31282,30966,3072,34038,753
2021-09-16,Inyo,027,18085,1662,1623,33,1656,39
2021-09-16,Kern,029,883053,116474,113828,17960,131788,1448
2021-09-16,Kings,031,150075,28785,28114,1635,29749,280
2021-09-16,Lake,033,64148,6065,5890,120,6010,87
2021-09-16,Lassen,035,31185,6240,6028,262,6290,25
2021-09-16,Los Angeles,037,10098052,1387278,1376277,51818,1428095,25796
2021-09-16,Madera,039,155013,20515,19974,1618,21592,257
2021-09-16,Marin,041,260295,16799,16625,392,17017,242
2021-09-16,Mariposa,043,17540,911,849,30,879,6
2021-09-16,Mendocino,045,87422,6625,6445,304,6749,67
2021-09-16,Merced,047,269075,38271,37675,1408,39083,532
2021-09-16,Modoc,049,8938,465,455,161,616,5
2021-09-16,Mono,051,14174,1492,1449,16,1465,3
2021-09-16,Monterey,053,433212,47214,46342,2566,48908,562
2021-09-16,Napa,055,140530,12258,12115,82,12197,95
2021-09-16,Nevada,057,99092,8285,8121,277,8398,84
2021-09-16,Orange,059,3164182,295885,292183,13936,306119,5340
2021-09-16,Placer,061,380077,33744,33037,3168,36205,354
2021-09-16,Plumas,063,18699,1235,1178,24,1202,5
2021-09-16,Riverside,065,2383286,345433,339770,15827,355597,4786
2021-09-16,Sacramento,067,1510023,146934,145754,3724,149478,1996
2021-09-16,San Benito,069,59416,6948,6913,143,7056,67
2021-09-16,San Bernardino,071,2135413,338490,335129,10550,345679,5474
2021-09-16,San Diego,073,3302833,351963,347472,20450,367922,3994
2021-09-16,San Francisco,075,870044,49946,49133,2161,51294,605
2021-09-16,San Joaquin,077,732212,93122,91650,4962,96612,1608
2021-09-16,San Luis Obispo,079,281455,27507,27044,1065,28109,310
2021-09-16,San Mateo,081,765935,51717,50773,784,51557,564
2021-09-16,Santa Barbara,083,443738,42239,41272,1537,42809,497
2021-09-16,Santa Clara,085,1922200,140262,138685,1099,139784,1835
2021-09-16,Santa Cruz,087,273765,19269,19011,978,19989,211
2021-09-16,Shasta,089,179085,18180,17438,2960,20398,251
2021-09-16,Sierra,091,2930,129,123,13,136,0
2021-09-16,Siskiyou,093,43540,2981,2819,1042,3861,35
2021-09-16,Solano,095,438530,43709,42792,1114,43906,312
2021-09-16,Sonoma,097,501317,39073,38707,477,39184,369
2021-09-16,Stanislaus,099,539301,72537,71105,8097,79202,1091
2021-09-16,Sutter,101,95872,12952,12729,237,12966,152
2021-09-16,Tehama,103,63373,7179,6953,1165,8118,83
2021-09-16,Trinity,105,12862,708,547,194,741,7
2021-09-16,Tulare,107,460477,61355,59459,12581,72040,894
2021-09-16,Tuolumne,109,53932,6156,5999,67,6066,89
2021-09-16,Ventura,111,848112,94129,93087,4114,97201,1110
2021-09-16,Yolo,113,214977,18366,18135,937,19072,239
2021-09-16,Yuba,115,75493,9135,8981,202,9183,61
2021-09-15,Alameda,001,1643700,113891,112498,2620,115118,1317
2021-09-15,Alpine,003,1148,99,99,0,99,0
2021-09-15,Amador,005,37829,4916,4792,48,4840,58
2021-09-15,Butte,007,227075,18364,17664,3236,20900,228
2021-09-15,Calaveras,009,45235,3382,3293,33,3326,66
2021-09-15,Colusa,011,21464,2397,2352,537,2889,16
2021-09-15,Contra Costa,013,1133247,94040,92989,1906,94895,913
2021-09-15,Del Norte,015,27424,3425,3271,22,3293,34
2021-09-15,El Dorado,017,186661,14645,14309,1468,15777,127
2021-09-15,Fresno,019,978130,126129,123370,11144,134514,1867
2021-09-15,Glenn,021,27897,3148,3051,877,3928,20
2021-09-15,Humboldt,023,135768,7968,7754,389,8143,52
2021-09-15,Imperial,025,180216,31227,30891,3067,33958,753
2021-09-15,Inyo,027,18085,1658,1614,33,1647,39
2021-09-15,Kern,029,883053,116126,113546,17861,131407,1434
2021-09-15,Kings,031,150075,28705,27991,1626,29617,279
2021-09-15,Lake,033,64148,6033,5852,119,5971,85
2021-09-15,Lassen,035,31185,6180,6018,257,6275,25
2021-09-15,Los Angeles,037,10098052,1385785,1374307,51749,1426056,25767
2021-09-15,Madera,039,155013,20441,19880,1611,21491,257
2021-09-15,Marin,041,260295,16764,16592,387,16979,242
2021-09-15,Mariposa,043,17540,900,843,30,873,5
2021-09-15,Mendocino,045,87422,6595,6399,299,6698,66
2021-09-15,Merced,047,269075,38163,37508,1406,38914,529
2021-09-15,Modoc,049,8938,465,454,161,615,5
2021-09-15,Mono,051,14174,1488,1445,16,1461,3
2021-09-15,Monterey,053,433212,47144,46317,2554,48871,562
2021-09-15,Napa,055,140530,12237,12082,82,12164,95
2021-09-15,Nevada,057,99092,8263,8081,274,8355,84
2021-09-15,Orange,059,3164182,295562,291834,13917,305751,5328
2021-09-15,Placer,061,380077,33632,32860,3146,36006,352
2021-09-15,Plumas,063,18699,1230,1164,23,1187,5
2021-09-15,Riverside,065,2383286,344850,339077,15803,354880,4769
2021-09-15,Sacramento,067,1510023,146507,145202,3693,148895,1981
2021-09-15,San Benito,069,59416,6945,6902,143,7045,67
2021-09-15,San Bernardino,071,2135413,338032,334556,10536,345092,5470
2021-09-15,San Diego,073,3302833,351334,346933,20424,367357,3983
2021-09-15,San Francisco,075,870044,49836,48999,2156,51155,605
2021-09-15,San Joaquin,077,732212,92846,91322,4919,96241,1607
2021-09-15,San Luis Obispo,079,281455,27424,26943,1059,28002,306
2021-09-15,San Mateo,081,765935,51635,50691,781,51472,564
2021-09-15,Santa Barbara,083,443738,42140,41077,1532,42609,497
2021-09-15,Santa Clara,085,1922200,140090,138410,1094,139504,1833
2021-09-15,Santa Cruz,087,273765,19231,18984,976,19960,210
2021-09-15,Shasta,089,179085,18069,17317,2939,20256,250
2021-09-15,Sierra,091,2930,129,123,13,136,0
2021-09-15,Siskiyou,093,43540,2961,2804,1011,3815,35
2021-09-15,Solano,095,438530,43637,42682,1109,43791,312
2021-09-15,Sonoma,097,501317,39014,38629,477,39106,369
2021-09-15,Stanislaus,099,539301,72313,70852,8076,78928,1091
2021-09-15,Sutter,101,95872,12919,12699,232,12931,151
2021-09-15,Tehama,103,63373,7138,6894,1156,8050,79
2021-09-15,Trinity,105,12862,706,541,192,733,7
2021-09-15,Tulare,107,460477,61097,59149,12520,71669,890
2021-09-15,Tuolumne,109,53932,6130,5969,67,6036,89
2021-09-15,Ventura,111,848112,93988,92960,4107,97067,1109
2021-09-15,Yolo,113,214977,18332,18064,929,18993,239
2021-09-15,Yuba,115,75493,9101,8953,202,9155,61
2021-09-14,Alameda,001,1643700,113680,112329,2614,114943,1316
2021-09-14,Alpine,003,1148,99,98,0,98,0
2021-09-14,Amador,005,37829,4896,4790,48,4838,57
2021-09-14,Butte,007,227075,18232,17516,3213,20729,226
2021-09-14,Calaveras,009,45235,3359,3280,30,3310,66
2021-09-14,Colusa,011,21464,2393,2344,533,2877,16
2021-09-14,Contra Costa,013,1133247,93842,92822,1897,94719,908
2021-09-14,Del Norte,015,27424,3409,3252,21,3273,32
2021-09-14,El Dorado,017,186661,14593,14247,1460,15707,123
2021-09-14,Fresno,019,978130,125653,123151,11102,134253,1856
2021-09-14,Glenn,021,27897,3127,3045,872,3917,20
2021-09-14,Humboldt,023,135768,7934,7717,384,8101,52
2021-09-14,Imperial,025,180216,31176,30845,3064,33909,752
2021-09-14,Inyo,027,18085,1649,1605,32,1637,39
2021-09-14,Kern,029,883053,115747,113250,17735,130985,1428
2021-09-14,Kings,031,150075,28629,27955,1618,29573,278
2021-09-14,Lake,033,64148,6001,5845,119,5964,83
2021-09-14,Lassen,035,31185,6166,5977,252,6229,25
2021-09-14,Los Angeles,037,10098052,1383949,1372831,51666,1424497,25729
2021-09-14,Madera,039,155013,20359,19800,1602,21402,254
2021-09-14,Marin,041,260295,16737,16584,385,16969,242
2021-09-14,Mariposa,043,17540,889,834,29,863,5
2021-09-14,Mendocino,045,87422,6560,6372,287,6659,65
2021-09-14,Merced,047,269075,38013,37430,1402,38832,526
2021-09-14,Modoc,049,8938,464,453,161,614,5
2021-09-14,Mono,051,14174,1476,1440,16,1456,4
2021-09-14,Monterey,053,433212,47102,46224,2542,48766,558
2021-09-14,Napa,055,140530,12204,12070,81,12151,91
2021-09-14,Nevada,057,99092,8229,8056,274,8330,83
2021-09-14,Orange,059,3164182,295173,291423,13893,305316,5319
2021-09-14,Placer,061,380077,33501,32735,3126,35861,350
2021-09-14,Plumas,063,18699,1215,1148,23,1171,5
2021-09-14,Riverside,065,2383286,344210,338534,15772,354306,4748
2021-09-14,Sacramento,067,1510023,146121,145051,3645,148696,1977
2021-09-14,San Benito,069,59416,6935,6887,143,7030,64
2021-09-14,San Bernardino,071,2135413,337538,333968,10511,344479,5465
2021-09-14,San Diego,073,3302833,350662,346204,20379,366583,3966
2021-09-14,San Francisco,075,870044,49701,48998,2154,51152,603
2021-09-14,San Joaquin,077,732212,92607,91128,4909,96037,1596
2021-09-14,San Luis Obispo,079,281455,27351,26845,1054,27899,304
2021-09-14,San Mateo,081,765935,51537,50602,778,51380,564
2021-09-14,Santa Barbara,083,443738,42045,40783,1523,42306,495
2021-09-14,Santa Clara,085,1922200,139855,138321,1091,139412,1828
2021-09-14,Santa Cruz,087,273765,19191,18965,974,19939,210
2021-09-14,Shasta,089,179085,17938,17152,2918,20070,246
2021-09-14,Sierra,091,2930,129,123,13,136,0
2021-09-14,Siskiyou,093,43540,2937,2756,994,3750,35
2021-09-14,Solano,095,438530,43554,42599,1106,43705,307
2021-09-14,Sonoma,097,501317,38944,38595,473,39068,369
2021-09-14,Stanislaus,099,539301,72055,70697,8048,78745,1091
2021-09-14,Sutter,101,95872,12877,12670,225,12895,149
2021-09-14,Tehama,103,63373,7084,6859,1148,8007,80
2021-09-14,Trinity,105,12862,700,538,191,729,7
2021-09-14,Tulare,107,460477,60845,58961,12448,71409,888
2021-09-14,Tuolumne,109,53932,6109,5951,65,6016,89
2021-09-14,Ventura,111,848112,93808,92841,4091,96932,1107
2021-09-14,Yolo,113,214977,18288,18039,924,18963,239
2021-09-14,Yuba,115,75493,9065,8928,202,9130,61
2021-09-13,Alameda,001,1643700,113463,112159,2609,114768,1309
2021-09-13,Alpine,003,1148,98,98,0,98,0
2021-09-13,Amador,005,37829,4878,4761,48,4809,56
2021-09-13,Butte,007,227075,18108,17393,3186,20579,225
2021-09-13,Calaveras,009,45235,3329,3253,28,3281,65
2021-09-13,Colusa,011,21464,2383,2346,528,2874,16
2021-09-13,Contra Costa,013,1133247,93596,92658,1892,94550,908
2021-09-13,Del Norte,015,27424,3373,3232,21,3253,28
2021-09-13,El Dorado,017,186661,14532,14194,1452,15646,119
2021-09-13,Fresno,019,978130,125186,122650,11045,133695,1853
2021-09-13,Glenn,021,27897,3115,3026,864,3890,20
2021-09-13,Humboldt,023,135768,7902,7659,381,8040,52
2021-09-13,Imperial,025,180216,31124,30802,3061,33863,751
2021-09-13,Inyo,027,18085,1642,1602,32,1634,39
2021-09-13,Kern,029,883053,115366,112930,17610,130540,1424
2021-09-13,Kings,031,150075,28519,27858,1606,29464,275
2021-09-13,Lake,033,64148,5979,5809,119,5928,82
2021-09-13,Lassen,035,31185,6131,5953,251,6204,25
2021-09-13,Los Angeles,037,10098052,1382092,1371423,51598,1423021,25703
2021-09-13,Madera,039,155013,20288,19735,1592,21327,252
2021-09-13,Marin,041,260295,16701,16557,384,16941,242
2021-09-13,Mariposa,043,17540,875,825,29,854,5
2021-09-13,Mendocino,045,87422,6526,6323,278,6601,61
2021-09-13,Merced,047,269075,37861,37291,1397,38688,521
2021-09-13,Modoc,049,8938,463,451,161,612,5
2021-09-13,Mono,051,14174,1470,1435,16,1451,3
2021-09-13,Monterey,053,433212,47011,46188,2529,48717,558
2021-09-13,Napa,055,140530,12186,12039,81,12120,91
2021-09-13,Nevada,057,99092,8203,8021,272,8293,83
2021-09-13,Orange,059,3164182,294737,291128,13872,305000,5312
2021-09-13,Placer,061,380077,33336,32617,3109,35726,343
2021-09-13,Plumas,063,18699,1206,1142,23,1165,5
2021-09-13,Riverside,065,2383286,343565,337876,15754,353630,4731
2021-09-13,Sacramento,067,1510023,145634,144537,3611,148148,1956
2021-09-13,San Benito,069,59416,6920,6867,142,7009,64
2021-09-13,San Bernardino,071,2135413,337050,333613,10487,344100,5441
2021-09-13,San Diego,073,3302833,349872,345647,20329,365976,3961
2021-09-13,San Francisco,075,870044,49572,48914,2148,51062,603
2021-09-13,San Joaquin,077,732212,92323,90966,4891,95857,1581
2021-09-13,San Luis Obispo,079,281455,27254,26805,1051,27856,300
2021-09-13,San Mateo,081,765935,51447,50525,773,51298,564
2021-09-13,Santa Barbara,083,443738,41928,40661,1516,42177,494
2021-09-13,Santa Clara,085,1922200,139607,138152,1086,139238,1820
2021-09-13,Santa Cruz,087,273765,19151,18917,973,19890,210
2021-09-13,Shasta,089,179085,17808,17033,2876,19909,243
2021-09-13,Sierra,091,2930,129,123,13,136,0
2021-09-13,Siskiyou,093,43540,2922,2745,982,3727,35
2021-09-13,Solano,095,438530,43450,42501,1104,43605,306
2021-09-13,Sonoma,097,501317,38877,38513,470,38983,368
2021-09-13,Stanislaus,099,539301,71801,70477,8013,78490,1091
2021-09-13,Sutter,101,95872,12819,12624,221,12845,145
2021-09-13,Tehama,103,63373,7021,6803,1136,7939,79
2021-09-13,Trinity,105,12862,698,533,189,722,7
2021-09-13,Tulare,107,460477,60558,58768,12386,71154,887
2021-09-13,Tuolumne,109,53932,6078,5909,65,5974,89
2021-09-13,Ventura,111,848112,93655,92679,4083,96762,1107
2021-09-13,Yolo,113,214977,18246,17974,919,18893,239
2021-09-13,Yuba,115,75493,9020,8884,201,9085,61
2021-09-12,Alameda,001,1643700,113191,111961,2606,114567,1309
2021-09-12,Alpine,003,1148,98,98,0,98,0
2021-09-12,Amador,005,37829,4857,4752,48,4800,56
2021-09-12,Butte,007,227075,17963,17257,3142,20399,221
2021-09-12,Calaveras,009,45235,3297,3236,24,3260,65
2021-09-12,Colusa,011,21464,2380,2344,527,2871,16
2021-09-12,Contra Costa,013,1133247,93329,92498,1880,94378,908
2021-09-12,Del Norte,015,27424,3338,3200,21,3221,28
2021-09-12,El Dorado,017,186661,14459,14167,1436,15603,119
2021-09-12,Fresno,019,978130,124671,122407,10997,133404,1853
2021-09-12,Glenn,021,27897,3096,3016,857,3873,20
2021-09-12,Humboldt,023,135768,7832,7636,370,8006,52
2021-09-12,Imperial,025,180216,31061,30790,3055,33845,751
2021-09-12,Inyo,027,18085,1632,1596,30,1626,39
2021-09-12,Kern,029,883053,114955,112602,17451,130053,1424
2021-09-12,Kings,031,150075,28409,27764,1589,29353,274
2021-09-12,Lake,033,64148,5940,5781,117,5898,82
2021-09-12,Lassen,035,31185,6094,5943,241,6184,25
2021-09-12,Los Angeles,037,10098052,1380039,1365968,51521,1417489,25630
2021-09-12,Madera,039,155013,20201,19691,1580,21271,252
2021-09-12,Marin,041,260295,16678,16526,384,16910,242
2021-09-12,Mariposa,043,17540,864,811,27,838,5
2021-09-12,Mendocino,045,87422,6485,6283,270,6553,61
2021-09-12,Merced,047,269075,37688,37172,1386,38558,521
2021-09-12,Modoc,049,8938,463,451,160,611,5
2021-09-12,Mono,051,14174,1460,1431,16,1447,3
2021-09-12,Monterey,053,433212,46913,46167,2520,48687,558
2021-09-12,Napa,055,140530,12156,12011,81,12092,91
2021-09-12,Nevada,057,99092,8164,7987,269,8256,83
2021-09-12,Orange,059,3164182,294271,290718,13851,304569,5312
2021-09-12,Placer,061,380077,33188,32520,3085,35605,343
2021-09-12,Plumas,063,18699,1189,1138,23,1161,5
2021-09-12,Riverside,065,2383286,342882,337332,15721,353053,4731
2021-09-12,Sacramento,067,1510023,145125,144030,3571,147601,1959
2021-09-12,San Benito,069,59416,6901,6852,141,6993,64
2021-09-12,San Bernardino,071,2135413,336440,333049,10474,343523,5439
2021-09-12,San Diego,073,3302833,349049,345058,20256,365314,3942
2021-09-12,San Francisco,075,870044,49460,48819,2141,50960,603
2021-09-12,San Joaquin,077,732212,91994,90730,4883,95613,1581
2021-09-12,San Luis Obispo,079,281455,27136,26729,1038,27767,299
2021-09-12,San Mateo,081,765935,51340,50432,769,51201,564
2021-09-12,Santa Barbara,083,443738,41821,40600,1508,42108,494
2021-09-12,Santa Clara,085,1922200,139353,137899,1083,138982,1820
2021-09-12,Santa Cruz,087,273765,19119,18892,972,19864,210
2021-09-12,Shasta,089,179085,17643,16957,2818,19775,243
2021-09-12,Sierra,091,2930,129,123,13,136,0
2021-09-12,Siskiyou,093,43540,2894,2730,967,3697,35
2021-09-12,Solano,095,438530,43344,42409,1099,43508,306
2021-09-12,Sonoma,097,501317,38799,38456,468,38924,368
2021-09-12,Stanislaus,099,539301,71502,70184,7974,78158,1091
2021-09-12,Sutter,101,95872,12777,12589,215,12804,145
2021-09-12,Tehama,103,63373,6957,6732,1124,7856,79
2021-09-12,Trinity,105,12862,694,529,187,716,7
2021-09-12,Tulare,107,460477,60200,58582,12326,70908,887
2021-09-12,Tuolumne,109,53932,6045,5888,65,5953,89
2021-09-12,Ventura,111,848112,93538,92496,4077,96573,1107
2021-09-12,Yolo,113,214977,18180,17943,911,18854,239
2021-09-12,Yuba,115,75493,8983,8842,201,9043,61
2021-09-11,Alameda,001,1643700,113065,111715,2604,114319,1309
2021-09-11,Alpine,003,1148,98,98,0,98,0
2021-09-11,Amador,005,37829,4844,4728,47,4775,56
2021-09-11,Butte,007,227075,17881,17218,3115,20333,221
2021-09-11,Calaveras,009,45235,3294,3208,23,3231,65
2021-09-11,Colusa,011,21464,2379,2338,524,2862,16
2021-09-11,Contra Costa,013,1133247,93211,92269,1875,94144,908
2021-09-11,Del Norte,015,27424,3322,3184,21,3205,28
2021-09-11,El Dorado,017,186661,14440,14117,1429,15546,119
2021-09-11,Fresno,019,978130,124490,122224,10977,133201,1853
2021-09-11,Glenn,021,27897,3092,3007,855,3862,20
2021-09-11,Humboldt,023,135768,7810,7615,367,7982,52
2021-09-11,Imperial,025,180216,31036,30760,3051,33811,751
2021-09-11,Inyo,027,18085,1629,1590,30,1620,39
2021-09-11,Kern,029,883053,114705,112205,17335,129540,1424
2021-09-11,Kings,031,150075,28360,27631,1583,29214,275
2021-09-11,Lake,033,64148,5920,5761,117,5878,82
2021-09-11,Lassen,035,31185,6079,5930,237,6167,25
2021-09-11,Los Angeles,037,10098052,1379075,1365831,51456,1417287,25630
2021-09-11,Madera,039,155013,20148,19648,1574,21222,252
2021-09-11,Marin,041,260295,16650,16496,383,16879,242
2021-09-11,Mariposa,043,17540,859,799,27,826,5
2021-09-11,Mendocino,045,87422,6461,6257,270,6527,61
2021-09-11,Merced,047,269075,37634,37042,1383,38425,521
2021-09-11,Modoc,049,8938,463,449,160,609,5
2021-09-11,Mono,051,14174,1456,1431,16,1447,3
2021-09-11,Monterey,053,433212,46876,46140,2518,48658,558
2021-09-11,Napa,055,140530,12133,11991,81,12072,91
2021-09-11,Nevada,057,99092,8149,7967,269,8236,83
2021-09-11,Orange,059,3164182,293971,290429,13835,304264,5306
2021-09-11,Placer,061,380077,33104,32414,3074,35488,344
2021-09-11,Plumas,063,18699,1184,1112,23,1135,5
2021-09-11,Riverside,065,2383286,342444,336585,15707,352292,4731
2021-09-11,Sacramento,067,1510023,144825,143557,3559,147116,1955
2021-09-11,San Benito,069,59416,6888,6844,141,6985,64
2021-09-11,San Bernardino,071,2135413,336100,332512,10460,342972,5430
2021-09-11,San Diego,073,3302833,348559,344355,20232,364587,3942
2021-09-11,San Francisco,075,870044,49405,48660,2136,50796,603
2021-09-11,San Joaquin,077,732212,91849,90482,4876,95358,1581
2021-09-11,San Luis Obispo,079,281455,27090,26651,1037,27688,299
2021-09-11,San Mateo,081,765935,51271,50341,769,51110,564
2021-09-11,Santa Barbara,083,443738,41748,40451,1508,41959,494
2021-09-11,Santa Clara,085,1922200,139203,137659,1080,138739,1820
2021-09-11,Santa Cruz,087,273765,19090,18865,972,19837,210
2021-09-11,Shasta,089,179085,17550,16877,2798,19675,243
2021-09-11,Sierra,091,2930,129,123,13,136,0
2021-09-11,Siskiyou,093,43540,2877,2717,964,3681,35
2021-09-11,Solano,095,438530,43293,42344,1096,43440,306
2021-09-11,Sonoma,097,501317,38752,38399,466,38865,368
2021-09-11,Stanislaus,099,539301,71376,69974,7960,77934,1091
2021-09-11,Sutter,101,95872,12752,12538,212,12750,145
2021-09-11,Tehama,103,63373,6936,6703,1116,7819,79
2021-09-11,Trinity,105,12862,687,526,187,713,7
2021-09-11,Tulare,107,460477,60089,58321,12279,70600,889
2021-09-11,Tuolumne,109,53932,6026,5879,62,5941,89
2021-09-11,Ventura,111,848112,93459,92328,4072,96400,1107
2021-09-11,Yolo,113,214977,18157,17906,906,18812,239
2021-09-11,Yuba,115,75493,8958,8813,201,9014,61
2021-09-10,Alameda,001,1643700,112873,111386,2603,113989,1306
2021-09-10,Alpine,003,1148,97,97,0,97,0
2021-09-10,Amador,005,37829,4832,4706,47,4753,56
2021-09-10,Butte,007,227075,17806,17051,3100,20151,222
2021-09-10,Calaveras,009,45235,3288,3183,23,3206,65
2021-09-10,Colusa,011,21464,2375,2327,521,2848,16
2021-09-10,Contra Costa,013,1133247,93090,92024,1873,93897,908
2021-09-10,Del Norte,015,27424,3307,3128,20,3148,28
2021-09-10,El Dorado,017,186661,14409,14051,1424,15475,119
2021-09-10,Fresno,019,978130,124168,121659,10957,132616,1846
2021-09-10,Glenn,021,27897,3087,2977,855,3832,20
2021-09-10,Humboldt,023,135768,7777,7543,363,7906,52
2021-09-10,Imperial,025,180216,31012,30716,3049,33765,751
2021-09-10,Inyo,027,18085,1625,1590,30,1620,39
2021-09-10,Kern,029,883053,114451,111832,17216,129048,1419
2021-09-10,Kings,031,150075,28286,27473,1575,29048,274
2021-09-10,Lake,033,64148,5904,5713,115,5828,79
2021-09-10,Lassen,035,31185,6071,5914,234,6148,25
2021-09-10,Los Angeles,037,10098052,1377868,1365709,51389,1417098,25630
2021-09-10,Madera,039,155013,20102,19520,1569,21089,252
2021-09-10,Marin,041,260295,16630,16458,380,16838,242
2021-09-10,Mariposa,043,17540,854,795,27,822,5
2021-09-10,Mendocino,045,87422,6430,6184,269,6453,61
2021-09-10,Merced,047,269075,37582,36884,1382,38266,521
2021-09-10,Modoc,049,8938,463,448,160,608,5
2021-09-10,Mono,051,14174,1453,1422,16,1438,3
2021-09-10,Monterey,053,433212,46832,46084,2516,48600,557
2021-09-10,Napa,055,140530,12109,11948,81,12029,90
2021-09-10,Nevada,057,99092,8131,7932,268,8200,83
2021-09-10,Orange,059,3164182,293667,290022,13826,303848,5302
2021-09-10,Placer,061,380077,33004,32264,3061,35325,343
2021-09-10,Plumas,063,18699,1176,1111,23,1134,5
2021-09-10,Riverside,065,2383286,341971,335988,15700,351688,4720
2021-09-10,Sacramento,067,1510023,144482,143244,3551,146795,1950
2021-09-10,San Benito,069,59416,6884,6824,141,6965,64
2021-09-10,San Bernardino,071,2135413,335679,331894,10450,342344,5422
2021-09-10,San Diego,073,3302833,347996,343173,20191,363364,3941
2021-09-10,San Francisco,075,870044,49326,48518,2129,50647,602
2021-09-10,San Joaquin,077,732212,91669,90208,4870,95078,1573
2021-09-10,San Luis Obispo,079,281455,27057,26526,1035,27561,299
2021-09-10,San Mateo,081,765935,51207,50251,768,51019,564
2021-09-10,Santa Barbara,083,443738,41694,40321,1505,41826,492
2021-09-10,Santa Clara,085,1922200,139019,137337,1079,138416,1817
2021-09-10,Santa Cruz,087,273765,19071,18785,971,19756,210
2021-09-10,Shasta,089,179085,17456,16667,2770,19437,242
2021-09-10,Sierra,091,2930,129,117,13,130,0
2021-09-10,Siskiyou,093,43540,2865,2702,960,3662,35
2021-09-10,Solano,095,438530,43219,42230,1089,43319,305
2021-09-10,Sonoma,097,501317,38694,38271,465,38736,368
2021-09-10,Stanislaus,099,539301,71218,69617,7936,77553,1091
2021-09-10,Sutter,101,95872,12718,12468,212,12680,145
2021-09-10,Tehama,103,63373,6903,6652,1110,7762,77
2021-09-10,Trinity,105,12862,683,524,187,711,7
2021-09-10,Tulare,107,460477,59941,57930,12234,70164,883
2021-09-10,Tuolumne,109,53932,6008,5842,61,5903,89
2021-09-10,Ventura,111,848112,93370,92145,4067,96212,1104
2021-09-10,Yolo,113,214977,18132,17825,901,18726,239
2021-09-10,Yuba,115,75493,8939,8760,200,8960,62
2021-09-09,Alameda,001,1643700,112654,111014,2598,113612,1306
2021-09-09,Alpine,003,1148,97,94,0,94,0
2021-09-09,Amador,005,37829,4811,4698,46,4744,56
2021-09-09,Butte,007,227075,17661,16874,3074,19948,221
2021-09-09,Calaveras,009,45235,3254,3165,23,3188,65
2021-09-09,Colusa,011,21464,2368,2321,519,2840,16
2021-09-09,Contra Costa,013,1133247,92881,91687,1868,93555,904
2021-09-09,Del Norte,015,27424,3284,3102,20,3122,28
2021-09-09,El Dorado,017,186661,14352,13970,1414,15384,119
2021-09-09,Fresno,019,978130,123695,121040,10924,131964,1838
2021-09-09,Glenn,021,27897,3074,2947,849,3796,20
2021-09-09,Humboldt,023,135768,7727,7471,357,7828,52
2021-09-09,Imperial,025,180216,30974,30661,3046,33707,751
2021-09-09,Inyo,027,18085,1618,1586,30,1616,39
2021-09-09,Kern,029,883053,114102,111390,17059,128449,1414
2021-09-09,Kings,031,150075,28185,27282,1564,28846,273
2021-09-09,Lake,033,64148,5880,5638,113,5751,79
2021-09-09,Lassen,035,31185,6021,5860,228,6088,25
2021-09-09,Los Angeles,037,10098052,1376006,1363735,51317,1415052,25583
2021-09-09,Madera,039,155013,20029,19401,1556,20957,252
2021-09-09,Marin,041,260295,16607,16416,377,16793,242
2021-09-09,Mariposa,043,17540,841,779,26,805,5
2021-09-09,Mendocino,045,87422,6398,6089,260,6349,61
2021-09-09,Merced,047,269075,37427,36634,1369,38003,516
2021-09-09,Modoc,049,8938,463,448,160,608,5
2021-09-09,Mono,051,14174,1447,1420,16,1436,3
2021-09-09,Monterey,053,433212,46778,45991,2505,48496,556
2021-09-09,Napa,055,140530,12077,11878,81,11959,90
2021-09-09,Nevada,057,99092,8093,7855,268,8123,82
2021-09-09,Orange,059,3164182,293259,289109,13795,302904,5299
2021-09-09,Placer,061,380077,32887,32048,3046,35094,342
2021-09-09,Plumas,063,18699,1166,1098,22,1120,5
2021-09-09,Riverside,065,2383286,341332,334774,15682,350456,4701
2021-09-09,Sacramento,067,1510023,144000,142728,3505,146233,1929
2021-09-09,San Benito,069,59416,6874,6820,140,6960,64
2021-09-09,San Bernardino,071,2135413,335116,331040,10438,341478,5417
2021-09-09,San Diego,073,3302833,347270,342149,20134,362283,3929
2021-09-09,San Francisco,075,870044,49212,48404,2120,50524,597
2021-09-09,San Joaquin,077,732212,91395,89874,4852,94726,1570
2021-09-09,San Luis Obispo,079,281455,26975,26472,1032,27504,296
2021-09-09,San Mateo,081,765935,51086,50143,765,50908,561
2021-09-09,Santa Barbara,083,443738,41589,40180,1501,41681,490
2021-09-09,Santa Clara,085,1922200,138796,137017,1074,138091,1816
2021-09-09,Santa Cruz,087,273765,19025,18728,971,19699,210
2021-09-09,Shasta,089,179085,17310,16401,2728,19129,238
2021-09-09,Sierra,091,2930,129,115,13,128,0
2021-09-09,Siskiyou,093,43540,2842,2683,946,3629,35
2021-09-09,Solano,095,438530,43103,42081,1085,43166,303
2021-09-09,Sonoma,097,501317,38626,38171,464,38635,360
2021-09-09,Stanislaus,099,539301,70932,69178,7903,77081,1074
2021-09-09,Sutter,101,95872,12663,12396,210,12606,144
2021-09-09,Tehama,103,63373,6849,6554,1105,7659,75
2021-09-09,Trinity,105,12862,677,523,185,708,6
2021-09-09,Tulare,107,460477,59699,57564,12174,69738,879
2021-09-09,Tuolumne,109,53932,5980,5802,60,5862,89
2021-09-09,Ventura,111,848112,93227,91610,4058,95668,1098
2021-09-09,Yolo,113,214977,18076,17724,898,18622,239
2021-09-09,Yuba,115,75493,8894,8707,197,8904,55
2021-09-08,Alameda,001,1643700,112398,110781,2595,113376,1305
2021-09-08,Alpine,003,1148,97,94,0,94,0
2021-09-08,Amador,005,37829,4799,4693,46,4739,56
2021-09-08,Butte,007,227075,17528,16775,3057,19832,220
2021-09-08,Calaveras,009,45235,3235,3157,23,3180,63
2021-09-08,Colusa,011,21464,2366,2308,517,2825,16
2021-09-08,Contra Costa,013,1133247,92609,91471,1863,93334,900
2021-09-08,Del Norte,015,27424,3260,3085,20,3105,25
2021-09-08,El Dorado,017,186661,14272,13928,1392,15320,119
2021-09-08,Fresno,019,978130,123204,120644,10872,131516,1831
2021-09-08,Glenn,021,27897,3056,2942,837,3779,20
2021-09-08,Humboldt,023,135768,7683,7438,349,7787,52
2021-09-08,Imperial,025,180216,30941,30609,3033,33642,751
2021-09-08,Inyo,027,18085,1607,1580,30,1610,39
2021-09-08,Kern,029,883053,113705,110933,16919,127852,1409
2021-09-08,Kings,031,150075,28056,27235,1549,28784,267
2021-09-08,Lake,033,64148,5850,5618,111,5729,79
2021-09-08,Lassen,035,31185,6003,5848,221,6069,25
2021-09-08,Los Angeles,037,10098052,1373942,1362029,51229,1413258,25533
2021-09-08,Madera,039,155013,19969,19352,1542,20894,252
2021-09-08,Marin,041,260295,16579,16386,376,16762,242
2021-09-08,Mariposa,043,17540,829,777,25,802,5
2021-09-08,Mendocino,045,87422,6353,6069,251,6320,61
2021-09-08,Merced,047,269075,37265,36500,1358,37858,516
2021-09-08,Modoc,049,8938,463,448,160,608,5
2021-09-08,Mono,051,14174,1444,1418,16,1434,3
2021-09-08,Monterey,053,433212,46729,45959,2499,48458,554
2021-09-08,Napa,055,140530,12042,11842,79,11921,90
2021-09-08,Nevada,057,99092,8057,7843,267,8110,82
2021-09-08,Orange,059,3164182,292852,288511,13771,302282,5290
2021-09-08,Placer,061,380077,32750,31852,3029,34881,337
2021-09-08,Plumas,063,18699,1159,1072,22,1094,5
2021-09-08,Riverside,065,2383286,340572,334037,15656,349693,4683
2021-09-08,Sacramento,067,1510023,143522,142448,3455,145903,1921
2021-09-08,San Benito,069,59416,6856,6800,140,6940,64
2021-09-08,San Bernardino,071,2135413,334514,330279,10422,340701,5411
2021-09-08,San Diego,073,3302833,346334,341437,20088,361525,3926
2021-09-08,San Francisco,075,870044,49072,48263,2117,50380,589
2021-09-08,San Joaquin,077,732212,91116,89631,4828,94459,1561
2021-09-08,San Luis Obispo,079,281455,26882,26303,1027,27330,294
2021-09-08,San Mateo,081,765935,50985,50051,765,50816,561
2021-09-08,Santa Barbara,083,443738,41478,40000,1497,41497,490
2021-09-08,Santa Clara,085,1922200,138563,136836,1070,137906,1810
2021-09-08,Santa Cruz,087,273765,18988,18699,971,19670,210
2021-09-08,Shasta,089,179085,17155,16227,2681,18908,234
2021-09-08,Sierra,091,2930,129,113,13,126,0
2021-09-08,Siskiyou,093,43540,2809,2643,935,3578,35
2021-09-08,Solano,095,438530,43011,41971,1082,43053,302
2021-09-08,Sonoma,097,501317,38543,38075,463,38538,360
2021-09-08,Stanislaus,099,539301,70686,68945,7864,76809,1074
2021-09-08,Sutter,101,95872,12598,12349,207,12556,144
2021-09-08,Tehama,103,63373,6782,6520,1088,7608,75
2021-09-08,Trinity,105,12862,674,520,181,701,6
2021-09-08,Tulare,107,460477,59374,57425,12118,69543,876
2021-09-08,Tuolumne,109,53932,5947,5783,58,5841,89
2021-09-08,Ventura,111,848112,93077,91345,4040,95385,1096
2021-09-08,Yolo,113,214977,17994,17680,893,18573,239
2021-09-08,Yuba,115,75493,8852,8675,195,8870,55
2021-09-07,Alameda,001,1643700,112092,110550,2590,113140,1301
2021-09-07,Alpine,003,1148,96,94,0,94,0
2021-09-07,Amador,005,37829,4772,4679,46,4725,53
2021-09-07,Butte,007,227075,17372,16723,3021,19744,220
2021-09-07,Calaveras,009,45235,3195,3140,21,3161,63
2021-09-07,Colusa,011,21464,2355,2306,516,2822,16
2021-09-07,Contra Costa,013,1133247,92349,91167,1857,93024,891
2021-09-07,Del Norte,015,27424,3246,3081,20,3101,24
2021-09-07,El Dorado,017,186661,14200,13892,1376,15268,119
2021-09-07,Fresno,019,978130,122655,120268,10807,131075,1828
2021-09-07,Glenn,021,27897,3039,2937,829,3766,20
2021-09-07,Humboldt,023,135768,7623,7397,332,7729,52
2021-09-07,Imperial,025,180216,30901,30584,3025,33609,751
2021-09-07,Inyo,027,18085,1601,1579,29,1608,39
2021-09-07,Kern,029,883053,113272,110674,16756,127430,1408
2021-09-07,Kings,031,150075,27932,27169,1531,28700,267
2021-09-07,Lake,033,64148,5807,5597,103,5700,78
2021-09-07,Lassen,035,31185,5985,5842,215,6057,21
2021-09-07,Los Angeles,037,10098052,1371716,1360407,51136,1411543,25486
2021-09-07,Madera,039,155013,19882,19316,1534,20850,249
2021-09-07,Marin,041,260295,16540,16363,376,16739,242
2021-09-07,Mariposa,043,17540,814,771,25,796,5
2021-09-07,Mendocino,045,87422,6296,6036,241,6277,61
2021-09-07,Merced,047,269075,37091,36400,1352,37752,513
2021-09-07,Modoc,049,8938,461,449,160,609,5
2021-09-07,Mono,051,14174,1435,1416,16,1432,3
2021-09-07,Monterey,053,433212,46646,45911,2485,48396,543
2021-09-07,Napa,055,140530,12001,11814,79,11893,90
2021-09-07,Nevada,057,99092,8029,7829,267,8096,82
2021-09-07,Orange,059,3164182,292420,288225,13740,301965,5274
2021-09-07,Placer,061,380077,32597,31710,3000,34710,337
2021-09-07,Plumas,063,18699,1144,1071,22,1093,5
2021-09-07,Riverside,065,2383286,339786,333390,15637,349027,4666
2021-09-07,Sacramento,067,1510023,142981,142364,3409,145773,1905
2021-09-07,San Benito,069,59416,6838,6786,140,6926,64
2021-09-07,San Bernardino,071,2135413,333768,329962,10397,340359,5407
2021-09-07,San Diego,073,3302833,345323,340709,20024,360733,3922
2021-09-07,San Francisco,075,870044,48932,48175,2112,50287,589
2021-09-07,San Joaquin,077,732212,90781,89468,4814,94282,1548
2021-09-07,San Luis Obispo,079,281455,26764,26253,1018,27271,287
2021-09-07,San Mateo,081,765935,50892,49913,764,50677,561
2021-09-07,Santa Barbara,083,443738,41353,39957,1492,41449,489
2021-09-07,Santa Clara,085,1922200,138276,136631,1064,137695,1807
2021-09-07,Santa Cruz,087,273765,18939,18669,969,19638,210
2021-09-07,Shasta,089,179085,16997,16096,2627,18723,226
2021-09-07,Sierra,091,2930,129,111,13,124,0
2021-09-07,Siskiyou,093,43540,2783,2607,918,3525,34
2021-09-07,Solano,095,438530,42881,41862,1078,42940,300
2021-09-07,Sonoma,097,501317,38459,38013,461,38474,358
2021-09-07,Stanislaus,099,539301,70400,68831,7836,76667,1074
2021-09-07,Sutter,101,95872,12524,12310,201,12511,138
2021-09-07,Tehama,103,63373,6730,6482,1068,7550,74
2021-09-07,Trinity,105,12862,668,517,181,698,6
2021-09-07,Tulare,107,460477,59021,57228,12038,69266,874
2021-09-07,Tuolumne,109,53932,5910,5759,58,5817,88
2021-09-07,Ventura,111,848112,92866,91246,4030,95276,1093
2021-09-07,Yolo,113,214977,17925,17653,888,18541,235
2021-09-07,Yuba,115,75493,8809,8642,190,8832,55
2021-09-06,Alameda,001,1643700,111782,110357,2581,112938,1301
2021-09-06,Alpine,003,1148,94,94,0,94,0
2021-09-06,Amador,005,37829,4756,4648,45,4693,53
2021-09-06,Butte,007,227075,17180,16588,2977,19565,218
2021-09-06,Calaveras,009,45235,3177,3122,21,3143,63
2021-09-06,Colusa,011,21464,2348,2306,511,2817,16
2021-09-06,Contra Costa,013,1133247,92055,90971,1847,92818,891
2021-09-06,Del Norte,015,27424,3205,3037,19,3056,24
2021-09-06,El Dorado,017,186661,14131,13848,1360,15208,119
2021-09-06,Fresno,019,978130,122087,119738,10743,130481,1828
2021-09-06,Glenn,021,27897,3006,2912,816,3728,20
2021-09-06,Humboldt,023,135768,7546,7320,314,7634,52
2021-09-06,Imperial,025,180216,30838,30576,3019,33595,751
2021-09-06,Inyo,027,18085,1592,1578,17,1595,39
2021-09-06,Kern,029,883053,112761,110347,16567,126914,1408
2021-09-06,Kings,031,150075,27789,27094,1516,28610,264
2021-09-06,Lake,033,64148,5743,5548,96,5644,78
2021-09-06,Lassen,035,31185,5959,5822,204,6026,21
2021-09-06,Los Angeles,037,10098052,1369341,1359348,51018,1410366,25477
2021-09-06,Madera,039,155013,19780,19191,1510,20701,249
2021-09-06,Marin,041,260295,16500,16356,376,16732,242
2021-09-06,Mariposa,043,17540,802,764,25,789,5
2021-09-06,Mendocino,045,87422,6228,5984,228,6212,61
2021-09-06,Merced,047,269075,36874,36300,1343,37643,513
2021-09-06,Modoc,049,8938,458,449,160,609,5
2021-09-06,Mono,051,14174,1432,1416,16,1432,3
2021-09-06,Monterey,053,433212,46552,45833,2469,48302,541
2021-09-06,Napa,055,140530,11958,11792,78,11870,90
2021-09-06,Nevada,057,99092,7981,7748,265,8013,82
2021-09-06,Orange,059,3164182,291924,287948,13688,301636,5274
2021-09-06,Placer,061,380077,32420,31595,2962,34557,337
2021-09-06,Plumas,063,18699,1123,1068,19,1087,5
2021-09-06,Riverside,065,2383286,338969,333052,15616,348668,4666
2021-09-06,Sacramento,067,1510023,142341,141730,3340,145070,1905
2021-09-06,San Benito,069,59416,6815,6777,137,6914,64
2021-09-06,San Bernardino,071,2135413,332885,329693,10366,340059,5398
2021-09-06,San Diego,073,3302833,344307,340222,19929,360151,3922
2021-09-06,San Francisco,075,870044,48798,48120,2106,50226,589
2021-09-06,San Joaquin,077,732212,90436,89293,4788,94081,1548
2021-09-06,San Luis Obispo,079,281455,26635,26183,1015,27198,286
2021-09-06,San Mateo,081,765935,50766,49859,761,50620,561
2021-09-06,Santa Barbara,083,443738,41225,39876,1483,41359,489
2021-09-06,Santa Clara,085,1922200,137986,136458,1062,137520,1807
2021-09-06,Santa Cruz,087,273765,18887,18615,966,19581,210
2021-09-06,Shasta,089,179085,16817,15985,2572,18557,226
2021-09-06,Sierra,091,2930,129,109,13,122,0
2021-09-06,Siskiyou,093,43540,2739,2595,884,3479,34
2021-09-06,Solano,095,438530,42734,41774,1072,42846,300
2021-09-06,Sonoma,097,501317,38339,37929,460,38389,358
2021-09-06,Stanislaus,099,539301,70023,68596,7791,76387,1074
2021-09-06,Sutter,101,95872,12462,12238,192,12430,138
2021-09-06,Tehama,103,63373,6668,6413,1041,7454,74
2021-09-06,Trinity,105,12862,665,515,179,694,6
2021-09-06,Tulare,107,460477,58667,57068,11957,69025,874
2021-09-06,Tuolumne,109,53932,5875,5697,58,5755,88
2021-09-06,Ventura,111,848112,92690,91132,4018,95150,1093
2021-09-06,Yolo,113,214977,17842,17576,882,18458,235
2021-09-06,Yuba,115,75493,8759,8584,186,8770,55
2021-09-05,Alameda,001,1643700,111592,110173,2578,112751,1301
2021-09-05,Alpine,003,1148,94,94,0,94,0
2021-09-05,Amador,005,37829,4744,4642,45,4687,53
2021-09-05,Butte,007,227075,17090,16504,2949,19453,218
2021-09-05,Calaveras,009,45235,3170,3106,21,3127,63
2021-09-05,Colusa,011,21464,2340,2305,509,2814,16
2021-09-05,Contra Costa,013,1133247,91871,90862,1842,92704,891
2021-09-05,Del Norte,015,27424,3184,3023,19,3042,24
2021-09-05,El Dorado,017,186661,14102,13827,1346,15173,119
2021-09-05,Fresno,019,978130,121790,119384,10708,130092,1828
2021-09-05,Glenn,021,27897,2997,2899,813,3712,20
2021-09-05,Humboldt,023,135768,7513,7312,311,7623,52
2021-09-05,Imperial,025,180216,30809,30548,3017,33565,751
2021-09-05,Inyo,027,18085,1589,1572,17,1589,39
2021-09-05,Kern,029,883053,112461,110073,16406,126479,1408
2021-09-05,Kings,031,150075,27712,26989,1512,28501,264
2021-09-05,Lake,033,64148,5723,5525,96,5621,78
2021-09-05,Lassen,035,31185,5937,5820,200,6020,21
2021-09-05,Los Angeles,037,10098052,1368055,1357748,50946,1408694,25465
2021-09-05,Madera,039,155013,19737,19155,1499,20654,249
2021-09-05,Marin,041,260295,16481,16342,375,16717,242
2021-09-05,Mariposa,043,17540,798,761,25,786,5
2021-09-05,Mendocino,045,87422,6194,5965,228,6193,61
2021-09-05,Merced,047,269075,36798,36243,1342,37585,513
2021-09-05,Modoc,049,8938,458,447,160,607,5
2021-09-05,Mono,051,14174,1432,1416,16,1432,3
2021-09-05,Monterey,053,433212,46524,45795,2460,48255,540
2021-09-05,Napa,055,140530,11933,11770,78,11848,90
2021-09-05,Nevada,057,99092,7959,7722,264,7986,82
2021-09-05,Orange,059,3164182,291638,287614,13671,301285,5274
2021-09-05,Placer,061,380077,32293,31487,2948,34435,337
2021-09-05,Plumas,063,18699,1116,1067,19,1086,5
2021-09-05,Riverside,065,2383286,338518,332604,15604,348208,4654
2021-09-05,Sacramento,067,1510023,141902,141276,3322,144598,1905
2021-09-05,San Benito,069,59416,6814,6764,137,6901,64
2021-09-05,San Bernardino,071,2135413,332504,329062,10351,339413,5392
2021-09-05,San Diego,073,3302833,343748,339427,19893,359320,3914
2021-09-05,San Francisco,075,870044,48720,48035,2101,50136,589
2021-09-05,San Joaquin,077,732212,90271,89121,4771,93892,1548
2021-09-05,San Luis Obispo,079,281455,26587,26098,1014,27112,285
2021-09-05,San Mateo,081,765935,50700,49809,757,50566,561
2021-09-05,Santa Barbara,083,443738,41158,39762,1481,41243,489
2021-09-05,Santa Clara,085,1922200,137776,136146,1060,137206,1807
2021-09-05,Santa Cruz,087,273765,18867,18588,964,19552,210
2021-09-05,Shasta,089,179085,16734,15960,2546,18506,226
2021-09-05,Sierra,091,2930,128,109,13,122,0
2021-09-05,Siskiyou,093,43540,2722,2585,870,3455,34
2021-09-05,Solano,095,438530,42639,41687,1067,42754,300
2021-09-05,Sonoma,097,501317,38254,37881,459,38340,358
2021-09-05,Stanislaus,099,539301,69874,68434,7766,76200,1074
2021-09-05,Sutter,101,95872,12432,12179,186,12365,138
2021-09-05,Tehama,103,63373,6643,6400,1035,7435,74
2021-09-05,Trinity,105,12862,658,505,178,683,6
2021-09-05,Tulare,107,460477,58499,56915,11913,68828,874
2021-09-05,Tuolumne,109,53932,5863,5688,58,5746,88
2021-09-05,Ventura,111,848112,92555,91004,4014,95018,1093
2021-09-05,Yolo,113,214977,17807,17557,876,18433,235
2021-09-05,Yuba,115,75493,8733,8521,184,8705,55
2021-09-04,Alameda,001,1643700,111465,109944,2571,112515,1301
2021-09-04,Alpine,003,1148,94,94,0,94,0
2021-09-04,Amador,005,37829,4726,4637,44,4681,53
2021-09-04,Butte,007,227075,17032,16403,2934,19337,218
2021-09-04,Calaveras,009,45235,3159,3087,20,3107,63
2021-09-04,Colusa,011,21464,2338,2301,509,2810,16
2021-09-04,Contra Costa,013,1133247,91758,90623,1839,92462,891
2021-09-04,Del Norte,015,27424,3173,2984,19,3003,24
2021-09-04,El Dorado,017,186661,14076,13782,1338,15120,119
2021-09-04,Fresno,019,978130,121597,119033,10692,129725,1828
2021-09-04,Glenn,021,27897,2988,2878,810,3688,20
2021-09-04,Humboldt,023,135768,7482,7298,305,7603,52
2021-09-04,Imperial,025,180216,30786,30526,3015,33541,751
2021-09-04,Inyo,027,18085,1587,1571,17,1588,39
2021-09-04,Kern,029,883053,112216,109751,16275,126026,1408
2021-09-04,Kings,031,150075,27624,26896,1506,28402,263
2021-09-04,Lake,033,64148,5705,5507,96,5603,78
2021-09-04,Lassen,035,31185,5922,5814,192,6006,21
2021-09-04,Los Angeles,037,10098052,1367113,1355634,50886,1406520,25454
2021-09-04,Madera,039,155013,19704,19112,1492,20604,249
2021-09-04,Marin,041,260295,16465,16319,374,16693,242
2021-09-04,Mariposa,043,17540,793,759,25,784,5
2021-09-04,Mendocino,045,87422,6158,5933,228,6161,61
2021-09-04,Merced,047,269075,36753,36083,1339,37422,513
2021-09-04,Modoc,049,8938,458,447,160,607,5
2021-09-04,Mono,051,14174,1432,1417,16,1433,3
2021-09-04,Monterey,053,433212,46493,45756,2456,48212,540
2021-09-04,Napa,055,140530,11908,11760,76,11836,90
2021-09-04,Nevada,057,99092,7944,7691,263,7954,82
2021-09-04,Orange,059,3164182,291372,287244,13650,300894,5274
2021-09-04,Placer,061,380077,32189,31374,2931,34305,337
2021-09-04,Plumas,063,18699,1108,1067,19,1086,5
2021-09-04,Riverside,065,2383286,338048,331958,15592,347550,4654
2021-09-04,Sacramento,067,1510023,141609,140735,3314,144049,1896
2021-09-04,San Benito,069,59416,6805,6758,137,6895,64
2021-09-04,San Bernardino,071,2135413,332172,328425,10338,338763,5393
2021-09-04,San Diego,073,3302833,343314,338748,19871,358619,3914
2021-09-04,San Francisco,075,870044,48646,47937,2091,50028,589
2021-09-04,San Joaquin,077,732212,90155,88846,4763,93609,1548
2021-09-04,San Luis Obispo,079,281455,26556,26020,1014,27034,285
2021-09-04,San Mateo,081,765935,50645,49721,756,50477,560
2021-09-04,Santa Barbara,083,443738,41092,39667,1479,41146,489
2021-09-04,Santa Clara,085,1922200,137590,135845,1057,136902,1806
2021-09-04,Santa Cruz,087,273765,18849,18579,960,19539,210
2021-09-04,Shasta,089,179085,16657,15924,2520,18444,226
2021-09-04,Sierra,091,2930,126,108,13,121,0
2021-09-04,Siskiyou,093,43540,2696,2563,859,3422,34
2021-09-04,Solano,095,438530,42566,41614,1065,42679,300
2021-09-04,Sonoma,097,501317,38221,37809,459,38268,358
2021-09-04,Stanislaus,099,539301,69716,68210,7742,75952,1074
2021-09-04,Sutter,101,95872,12391,12137,185,12322,138
2021-09-04,Tehama,103,63373,6618,6367,1017,7384,74
2021-09-04,Trinity,105,12862,656,497,178,675,6
2021-09-04,Tulare,107,460477,58391,56719,11870,68589,874
2021-09-04,Tuolumne,109,53932,5845,5667,56,5723,88
2021-09-04,Ventura,111,848112,92420,90904,4011,94915,1090
2021-09-04,Yolo,113,214977,17773,17522,872,18394,235
2021-09-04,Yuba,115,75493,8705,8475,183,8658,55
2021-09-03,Alameda,001,1643700,111315,109636,2569,112205,1301
2021-09-03,Alpine,003,1148,94,94,0,94,0
2021-09-03,Amador,005,37829,4704,4614,44,4658,53
2021-09-03,Butte,007,227075,16942,16259,2908,19167,215
2021-09-03,Calaveras,009,45235,3149,3069,20,3089,63
2021-09-03,Colusa,011,21464,2333,2295,508,2803,16
2021-09-03,Contra Costa,013,1133247,91607,90299,1836,92135,886
2021-09-03,Del Norte,015,27424,3145,2943,18,2961,24
2021-09-03,El Dorado,017,186661,14043,13710,1334,15044,119
2021-09-03,Fresno,019,978130,121265,118508,10673,129181,1822
2021-09-03,Glenn,021,27897,2980,2867,804,3671,20
2021-09-03,Humboldt,023,135768,7458,7194,300,7494,52
2021-09-03,Imperial,025,180216,30763,30475,3009,33484,751
2021-09-03,Inyo,027,18085,1582,1567,17,1584,39
2021-09-03,Kern,029,883053,111999,109296,16164,125460,1407
2021-09-03,Kings,031,150075,27540,26753,1503,28256,263
2021-09-03,Lake,033,64148,5685,5479,94,5573,78
2021-09-03,Lassen,035,31185,5905,5789,187,5976,21
2021-09-03,Los Angeles,037,10098052,1365784,1351185,50822,1402007,25384
2021-09-03,Madera,039,155013,19619,19021,1486,20507,247
2021-09-03,Marin,041,260295,16443,16293,373,16666,242
2021-09-03,Mariposa,043,17540,785,753,25,778,5
2021-09-03,Mendocino,045,87422,6123,5891,227,6118,61
2021-09-03,Merced,047,269075,36699,35941,1330,37271,512
2021-09-03,Modoc,049,8938,458,445,160,605,5
2021-09-03,Mono,051,14174,1431,1410,16,1426,3
2021-09-03,Monterey,053,433212,46455,45707,2452,48159,540
2021-09-03,Napa,055,140530,11887,11733,76,11809,89
2021-09-03,Nevada,057,99092,7911,7632,263,7895,82
2021-09-03,Orange,059,3164182,291050,286818,13620,300438,5253
2021-09-03,Placer,061,380077,32081,31238,2907,34145,335
2021-09-03,Plumas,063,18699,1097,1057,19,1076,5
2021-09-03,Riverside,065,2383286,337516,331011,15576,346587,4653
2021-09-03,Sacramento,067,1510023,141240,139982,3295,143277,1886
2021-09-03,San Benito,069,59416,6799,6746,137,6883,64
2021-09-03,San Bernardino,071,2135413,331760,327599,10327,337926,5381
2021-09-03,San Diego,073,3302833,342692,337627,19840,357467,3911
2021-09-03,San Francisco,075,870044,48570,47822,2085,49907,589
2021-09-03,San Joaquin,077,732212,90002,88366,4755,93121,1540
2021-09-03,San Luis Obispo,079,281455,26481,25917,1012,26929,283
2021-09-03,San Mateo,081,765935,50550,49617,754,50371,560
2021-09-03,Santa Barbara,083,443738,41026,39507,1476,40983,489
2021-09-03,Santa Clara,085,1922200,137388,135522,1053,136575,1801
2021-09-03,Santa Cruz,087,273765,18824,18532,960,19492,210
2021-09-03,Shasta,089,179085,16582,15778,2496,18274,226
2021-09-03,Sierra,091,2930,124,105,13,118,0
2021-09-03,Siskiyou,093,43540,2684,2529,846,3375,34
2021-09-03,Solano,095,438530,42465,41457,1062,42519,300
2021-09-03,Sonoma,097,501317,38159,37699,459,38158,358
2021-09-03,Stanislaus,099,539301,69536,67887,7716,75603,1074
2021-09-03,Sutter,101,95872,12352,12073,184,12257,139
2021-09-03,Tehama,103,63373,6579,6334,1010,7344,72
2021-09-03,Trinity,105,12862,655,490,173,663,6
2021-09-03,Tulare,107,460477,58264,56401,11817,68218,872
2021-09-03,Tuolumne,109,53932,5803,5630,56,5686,88
2021-09-03,Ventura,111,848112,92286,90742,4007,94749,1088
2021-09-03,Yolo,113,214977,17750,17446,866,18312,235
2021-09-03,Yuba,115,75493,8673,8412,183,8595,55
2021-09-02,Alameda,001,1643700,111057,109377,2565,111942,1301
2021-09-02,Alpine,003,1148,93,92,0,92,0
2021-09-02,Amador,005,37829,4688,4606,44,4650,53
2021-09-02,Butte,007,227075,16816,16154,2889,19043,215
2021-09-02,Calaveras,009,45235,3138,3042,20,3062,62
2021-09-02,Colusa,011,21464,2330,2290,506,2796,16
2021-09-02,Contra Costa,013,1133247,91427,90038,1826,91864,886
2021-09-02,Del Norte,015,27424,3114,2891,18,2909,24
2021-09-02,El Dorado,017,186661,13983,13641,1308,14949,119
2021-09-02,Fresno,019,978130,120779,117974,10634,128608,1804
2021-09-02,Glenn,021,27897,2963,2855,800,3655,20
2021-09-02,Humboldt,023,135768,7410,7141,289,7430,52
2021-09-02,Imperial,025,180216,30719,30449,3005,33454,751
2021-09-02,Inyo,027,18085,1577,1564,16,1580,39
2021-09-02,Kern,029,883053,111586,108930,16019,124949,1404
2021-09-02,Kings,031,150075,27448,26638,1493,28131,263
2021-09-02,Lake,033,64148,5655,5432,90,5522,78
2021-09-02,Lassen,035,31185,5891,5747,180,5927,21
2021-09-02,Los Angeles,037,10098052,1363928,1351105,50728,1401833,25382
2021-09-02,Madera,039,155013,19528,18937,1468,20405,247
2021-09-02,Marin,041,260295,16430,16244,371,16615,242
2021-09-02,Mariposa,043,17540,779,745,22,767,5
2021-09-02,Mendocino,045,87422,6082,5848,224,6072,61
2021-09-02,Merced,047,269075,36536,35820,1323,37143,508
2021-09-02,Modoc,049,8938,458,437,160,597,5
2021-09-02,Mono,051,14174,1431,1409,16,1425,3
2021-09-02,Monterey,053,433212,46390,45648,2437,48085,539
2021-09-02,Napa,055,140530,11858,11684,76,11760,88
2021-09-02,Nevada,057,99092,7859,7575,262,7837,82
2021-09-02,Orange,059,3164182,290591,286326,13586,299912,5240
2021-09-02,Placer,061,380077,31943,31067,2878,33945,330
2021-09-02,Plumas,063,18699,1086,1045,18,1063,5
2021-09-02,Riverside,065,2383286,336800,330190,15551,345741,4644
2021-09-02,Sacramento,067,1510023,140657,139274,3256,142530,1882
2021-09-02,San Benito,069,59416,6794,6734,136,6870,64
2021-09-02,San Bernardino,071,2135413,331156,326940,10252,337192,5369
2021-09-02,San Diego,073,3302833,341724,336382,19788,356170,3909
2021-09-02,San Francisco,075,870044,48460,47674,2081,49755,587
2021-09-02,San Joaquin,077,732212,89717,88056,4730,92786,1540
2021-09-02,San Luis Obispo,079,281455,26397,25851,1007,26858,283
2021-09-02,San Mateo,081,765935,50451,49490,751,50241,558
2021-09-02,Santa Barbara,083,443738,40935,39386,1463,40849,486
2021-09-02,Santa Clara,085,1922200,137086,135216,1047,136263,1799
2021-09-02,Santa Cruz,087,273765,18790,18473,957,19430,210
2021-09-02,Shasta,089,179085,16444,15670,2467,18137,224
2021-09-02,Sierra,091,2930,124,105,13,118,0
2021-09-02,Siskiyou,093,43540,2663,2513,818,3331,34
2021-09-02,Solano,095,438530,42359,41293,1059,42352,294
2021-09-02,Sonoma,097,501317,38078,37558,459,38017,352
2021-09-02,Stanislaus,099,539301,69279,67576,7694,75270,1074
2021-09-02,Sutter,101,95872,12282,11995,180,12175,138
2021-09-02,Tehama,103,63373,6520,6265,991,7256,72
2021-09-02,Trinity,105,12862,651,484,171,655,6
2021-09-02,Tulare,107,460477,58035,56105,11764,67869,872
2021-09-02,Tuolumne,109,53932,5748,5578,56,5634,88
2021-09-02,Ventura,111,848112,92104,90610,4002,94612,1084
2021-09-02,Yolo,113,214977,17681,17357,855,18212,235
2021-09-02,Yuba,115,75493,8613,8363,183,8546,55
2021-09-01,Alameda,001,1643700,110785,109075,2559,111634,1299
2021-09-01,Alpine,003,1148,93,92,0,92,0
2021-09-01,Amador,005,37829,4672,4599,43,4642,53
2021-09-01,Butte,007,227075,16700,16046,2864,18910,215
2021-09-01,Calaveras,009,45235,3124,3023,20,3043,59
2021-09-01,Colusa,011,21464,2325,2281,506,2787,16
2021-09-01,Contra Costa,013,1133247,91200,89834,1815,91649,877
2021-09-01,Del Norte,015,27424,3081,2860,18,2878,24
2021-09-01,El Dorado,017,186661,13927,13577,1281,14858,119
2021-09-01,Fresno,019,978130,120293,117492,10582,128074,1800
2021-09-01,Glenn,021,27897,2935,2846,790,3636,20
2021-09-01,Humboldt,023,135768,7362,7090,282,7372,52
2021-09-01,Imperial,025,180216,30682,30393,3000,33393,750
2021-09-01,Inyo,027,18085,1573,1561,15,1576,39
2021-09-01,Kern,029,883053,111161,108449,15877,124326,1400
2021-09-01,Kings,031,150075,27335,26443,1482,27925,263
2021-09-01,Lake,033,64148,5613,5396,85,5481,77
2021-09-01,Lassen,035,31185,5869,5731,176,5907,21
2021-09-01,Los Angeles,037,10098052,1361700,1348589,50620,1399209,25341
2021-09-01,Madera,039,155013,19450,18852,1453,20305,247
2021-09-01,Marin,041,260295,16408,16224,366,16590,240
2021-09-01,Mariposa,043,17540,771,735,22,757,5
2021-09-01,Mendocino,045,87422,6042,5821,219,6040,59
2021-09-01,Merced,047,269075,36359,35686,1314,37000,500
2021-09-01,Modoc,049,8938,452,436,158,594,5
2021-09-01,Mono,051,14174,1431,1400,16,1416,3
2021-09-01,Monterey,053,433212,46310,45590,2422,48012,539
2021-09-01,Napa,055,140530,11825,11653,76,11729,88
2021-09-01,Nevada,057,99092,7806,7508,261,7769,82
2021-09-01,Orange,059,3164182,290118,285840,13548,299388,5233
2021-09-01,Placer,061,380077,31789,30902,2864,33766,330
2021-09-01,Plumas,063,18699,1078,1033,18,1051,5
2021-09-01,Riverside,065,2383286,335984,329388,15521,344909,4634
2021-09-01,Sacramento,067,1510023,140046,138499,3210,141709,1875
2021-09-01,San Benito,069,59416,6777,6716,136,6852,64
2021-09-01,San Bernardino,071,2135413,330509,326250,10223,336473,5364
2021-09-01,San Diego,073,3302833,340683,335302,19739,355041,3908
2021-09-01,San Francisco,075,870044,48351,47538,2074,49612,584
2021-09-01,San Joaquin,077,732212,89396,87640,4706,92346,1540
2021-09-01,San Luis Obispo,079,281455,26301,25691,1002,26693,283
2021-09-01,San Mateo,081,765935,50333,49394,745,50139,558
2021-09-01,Santa Barbara,083,443738,40818,39263,1447,40710,483
2021-09-01,Santa Clara,085,1922200,136818,134855,1040,135895,1796
2021-09-01,Santa Cruz,087,273765,18743,18453,955,19408,210
2021-09-01,Shasta,089,179085,16310,15552,2425,17977,221
2021-09-01,Sierra,091,2930,123,98,13,111,0
2021-09-01,Siskiyou,093,43540,2633,2482,798,3280,34
2021-09-01,Solano,095,438530,42208,41194,1053,42247,293
2021-09-01,Sonoma,097,501317,37983,37454,458,37912,352
2021-09-01,Stanislaus,099,539301,68988,67287,7663,74950,1075
2021-09-01,Sutter,101,95872,12218,11945,173,12118,136
2021-09-01,Tehama,103,63373,6486,6228,974,7202,72
2021-09-01,Trinity,105,12862,650,482,168,650,5
2021-09-01,Tulare,107,460477,57753,55768,11727,67495,870
2021-09-01,Tuolumne,109,53932,5708,5553,56,5609,88
2021-09-01,Ventura,111,848112,91889,90471,3986,94457,1089
2021-09-01,Yolo,113,214977,17627,17264,849,18113,235
2021-09-01,Yuba,115,75493,8552,8308,183,8491,55
2021-08-31,Alameda,001,1643700,110478,108837,2552,111389,1297
2021-08-31,Alpine,003,1148,91,92,0,92,0
2021-08-31,Amador,005,37829,4651,4555,43,4598,53
2021-08-31,Butte,007,227075,16559,15896,2823,18719,216
2021-08-31,Calaveras,009,45235,3085,3008,20,3028,59
2021-08-31,Colusa,011,21464,2323,2275,504,2779,16
2021-08-31,Contra Costa,013,1133247,90907,89546,1803,91349,871
2021-08-31,Del Norte,015,27424,3045,2830,18,2848,19
2021-08-31,El Dorado,017,186661,13857,13539,1264,14803,119
2021-08-31,Fresno,019,978130,119721,117155,10513,127668,1801
2021-08-31,Glenn,021,27897,2918,2829,776,3605,20
2021-08-31,Humboldt,023,135768,7286,7030,268,7298,52
2021-08-31,Imperial,025,180216,30645,30348,2992,33340,750
2021-08-31,Inyo,027,18085,1569,1550,15,1565,39
2021-08-31,Kern,029,883053,110657,108151,15697,123848,1393
2021-08-31,Kings,031,150075,27194,26405,1468,27873,260
2021-08-31,Lake,033,64148,5569,5359,82,5441,74
2021-08-31,Lassen,035,31185,5843,5702,173,5875,21
2021-08-31,Los Angeles,037,10098052,1359192,1346686,50539,1397225,25303
2021-08-31,Madera,039,155013,19360,18811,1435,20246,247
2021-08-31,Marin,041,260295,16379,16215,363,16578,240
2021-08-31,Mariposa,043,17540,763,732,22,754,5
2021-08-31,Mendocino,045,87422,6002,5777,217,5994,59
2021-08-31,Merced,047,269075,36189,35512,1309,36821,498
2021-08-31,Modoc,049,8938,451,436,158,594,5
2021-08-31,Mono,051,14174,1415,1398,16,1414,3
2021-08-31,Monterey,053,433212,46226,45550,2409,47959,539
2021-08-31,Napa,055,140530,11778,11618,76,11694,88
2021-08-31,Nevada,057,99092,7739,7460,261,7721,82
2021-08-31,Orange,059,3164182,289517,285310,13513,298823,5229
2021-08-31,Placer,061,380077,31602,30745,2826,33571,325
2021-08-31,Plumas,063,18699,1074,1018,17,1035,5
2021-08-31,Riverside,065,2383286,335011,328556,15488,344044,4627
2021-08-31,Sacramento,067,1510023,139359,137879,3176,141055,1863
2021-08-31,San Benito,069,59416,6765,6694,134,6828,64
2021-08-31,San Bernardino,071,2135413,329767,325446,10203,335649,5350
2021-08-31,San Diego,073,3302833,339413,334377,19691,354068,3888
2021-08-31,San Francisco,075,870044,48200,47440,2063,49503,581
2021-08-31,San Joaquin,077,732212,88951,87365,4691,92056,1540
2021-08-31,San Luis Obispo,079,281455,26177,25518,998,26516,282
2021-08-31,San Mateo,081,765935,50222,49299,745,50044,556
2021-08-31,Santa Barbara,083,443738,40670,39091,1441,40532,481
2021-08-31,Santa Clara,085,1922200,136467,134637,1033,135670,1793
2021-08-31,Santa Cruz,087,273765,18702,18419,952,19371,210
2021-08-31,Shasta,089,179085,16156,15368,2397,17765,220
2021-08-31,Sierra,091,2930,120,95,13,108,0
2021-08-31,Siskiyou,093,43540,2613,2435,782,3217,33
2021-08-31,Solano,095,438530,42069,41067,1046,42113,289
2021-08-31,Sonoma,097,501317,37887,37379,457,37836,352
2021-08-31,Stanislaus,099,539301,68624,67004,7628,74632,1075
2021-08-31,Sutter,101,95872,12152,11901,169,12070,136
2021-08-31,Tehama,103,63373,6426,6169,943,7112,72
2021-08-31,Trinity,105,12862,644,480,168,648,3
2021-08-31,Tulare,107,460477,57419,55567,11655,67222,870
2021-08-31,Tuolumne,109,53932,5672,5516,56,5572,88
2021-08-31,Ventura,111,848112,91672,90292,3973,94265,1081
2021-08-31,Yolo,113,214977,17548,17205,840,18045,234
2021-08-31,Yuba,115,75493,8498,8253,183,8436,54
2021-08-30,Alameda,001,1643700,110153,107734,2541,110275,1296
2021-08-30,Alpine,003,1148,91,92,0,92,0
2021-08-30,Amador,005,37829,4640,4507,43,4550,53
2021-08-30,Butte,007,227075,16407,15719,2790,18509,214
2021-08-30,Calaveras,009,45235,3067,2975,20,2995,59
2021-08-30,Colusa,011,21464,2314,2271,500,2771,16
2021-08-30,Contra Costa,013,1133247,90649,87679,1793,89472,872
2021-08-30,Del Norte,015,27424,3003,2796,17,2813,11
2021-08-30,El Dorado,017,186661,13788,13217,1247,14464,119
2021-08-30,Fresno,019,978130,119157,115867,10451,126318,1790
2021-08-30,Glenn,021,27897,2907,2804,774,3578,20
2021-08-30,Humboldt,023,135768,7233,6930,261,7191,52
2021-08-30,Imperial,025,180216,30607,30311,2987,33298,750
2021-08-30,Inyo,027,18085,1564,1544,15,1559,39
2021-08-30,Kern,029,883053,110178,107615,15533,123148,1389
2021-08-30,Kings,031,150075,27078,26236,1453,27689,259
2021-08-30,Lake,033,64148,5534,5323,79,5402,74
2021-08-30,Lassen,035,31185,5821,5667,167,5834,21
2021-08-30,Los Angeles,037,10098052,1356743,1344949,50452,1395401,25269
2021-08-30,Madera,039,155013,19278,18622,1416,20038,247
2021-08-30,Marin,041,260295,16348,16160,363,16523,240
2021-08-30,Mariposa,043,17540,757,715,21,736,5
2021-08-30,Mendocino,045,87422,5969,5721,213,5934,55
2021-08-30,Merced,047,269075,36059,35335,1307,36642,497
2021-08-30,Modoc,049,8938,449,436,157,593,5
2021-08-30,Mono,051,14174,1415,1390,16,1406,3
2021-08-30,Monterey,053,433212,46164,45463,2392,47855,539
2021-08-30,Napa,055,140530,11729,11579,74,11653,87
2021-08-30,Nevada,057,99092,7680,7356,258,7614,82
2021-08-30,Orange,059,3164182,288939,284750,13464,298214,5223
2021-08-30,Placer,061,380077,31438,29825,2803,32628,319
2021-08-30,Plumas,063,18699,1057,998,17,1015,5
2021-08-30,Riverside,065,2383286,334112,327593,15457,343050,4623
2021-08-30,Sacramento,067,1510023,138703,134571,3130,137701,1847
2021-08-30,San Benito,069,59416,6756,6663,134,6797,64
2021-08-30,San Bernardino,071,2135413,329090,324870,10173,335043,5348
2021-08-30,San Diego,073,3302833,338133,333011,19620,352631,3885
2021-08-30,San Francisco,075,870044,48060,46966,2049,49015,581
2021-08-30,San Joaquin,077,732212,88620,86203,4671,90874,1528
2021-08-30,San Luis Obispo,079,281455,26051,25422,991,26413,280
2021-08-30,San Mateo,081,765935,50096,48839,739,49578,554
2021-08-30,Santa Barbara,083,443738,40522,38998,1436,40434,481
2021-08-30,Santa Clara,085,1922200,136145,133281,1026,134307,1789
2021-08-30,Santa Cruz,087,273765,18647,18326,948,19274,210
2021-08-30,Shasta,089,179085,16025,15238,2353,17591,217
2021-08-30,Sierra,091,2930,118,91,13,104,0
2021-08-30,Siskiyou,093,43540,2600,2411,771,3182,33
2021-08-30,Solano,095,438530,41905,39986,1042,41028,290
2021-08-30,Sonoma,097,501317,37784,36764,457,37221,352
2021-08-30,Stanislaus,099,539301,68280,66173,7598,73771,1074
2021-08-30,Sutter,101,95872,12081,11791,162,11953,136
2021-08-30,Tehama,103,63373,6347,6085,918,7003,71
2021-08-30,Trinity,105,12862,633,468,165,633,3
2021-08-30,Tulare,107,460477,57105,55140,11579,66719,870
2021-08-30,Tuolumne,109,53932,5626,5492,56,5548,74
2021-08-30,Ventura,111,848112,91456,90149,3961,94110,1082
2021-08-30,Yolo,113,214977,17485,17071,836,17907,231
2021-08-30,Yuba,115,75493,8424,8129,182,8311,54
2021-08-29,Alameda,001,1643700,109811,107494,2528,110022,1296
2021-08-29,Alpine,003,1148,91,92,0,92,0
2021-08-29,Amador,005,37829,4626,4501,43,4544,53
2021-08-29,Butte,007,227075,16237,15602,2753,18355,214
2021-08-29,Calaveras,009,45235,3033,2970,20,2990,59
2021-08-29,Colusa,011,21464,2304,2260,494,2754,16
2021-08-29,Contra Costa,013,1133247,90352,87439,1788,89227,872
2021-08-29,Del Norte,015,27424,2960,2752,17,2769,11
2021-08-29,El Dorado,017,186661,13733,13166,1236,14402,119
2021-08-29,Fresno,019,978130,118563,115502,10396,125898,1790
2021-08-29,Glenn,021,27897,2893,2778,767,3545,20
2021-08-29,Humboldt,023,135768,7189,6922,246,7168,52
2021-08-29,Imperial,025,180216,30546,30293,2977,33270,750
2021-08-29,Inyo,027,18085,1554,1543,14,1557,39
2021-08-29,Kern,029,883053,109727,107324,15362,122686,1389
2021-08-29,Kings,031,150075,26925,26143,1438,27581,259
2021-08-29,Lake,033,64148,5494,5293,69,5362,74
2021-08-29,Lassen,035,31185,5798,5666,163,5829,21
2021-08-29,Los Angeles,037,10098052,1353989,1342541,50340,1392881,25263
2021-08-29,Madera,039,155013,19191,18594,1400,19994,247
2021-08-29,Marin,041,260295,16317,16134,360,16494,240
2021-08-29,Mariposa,043,17540,751,709,19,728,5
2021-08-29,Mendocino,045,87422,5913,5689,200,5889,55
2021-08-29,Merced,047,269075,35820,35250,1295,36545,497
2021-08-29,Modoc,049,8938,446,436,157,593,5
2021-08-29,Mono,051,14174,1409,1387,16,1403,3
2021-08-29,Monterey,053,433212,46058,45424,2368,47792,539
2021-08-29,Napa,055,140530,11698,11552,74,11626,87
2021-08-29,Nevada,057,99092,7624,7294,257,7551,82
2021-08-29,Orange,059,3164182,288319,284432,13424,297856,5223
2021-08-29,Placer,061,380077,31265,29674,2762,32436,319
2021-08-29,Plumas,063,18699,1046,996,17,1013,5
2021-08-29,Riverside,065,2383286,333253,326987,15436,342423,4623
2021-08-29,Sacramento,067,1510023,137950,133981,3081,137062,1843
2021-08-29,San Benito,069,59416,6730,6646,134,6780,64
2021-08-29,San Bernardino,071,2135413,328301,324266,10139,334405,5347
2021-08-29,San Diego,073,3302833,337022,332014,19528,351542,3880
2021-08-29,San Francisco,075,870044,47925,46885,2037,48922,581
2021-08-29,San Joaquin,077,732212,88172,85922,4651,90573,1528
2021-08-29,San Luis Obispo,079,281455,25852,25288,986,26274,280
2021-08-29,San Mateo,081,765935,49982,48737,734,49471,554
2021-08-29,Santa Barbara,083,443738,40356,38900,1432,40332,481
2021-08-29,Santa Clara,085,1922200,135792,132979,1020,133999,1789
2021-08-29,Santa Cruz,087,273765,18600,18285,946,19231,210
2021-08-29,Shasta,089,179085,15871,15198,2326,17524,217
2021-08-29,Sierra,091,2930,116,91,13,104,0
2021-08-29,Siskiyou,093,43540,2553,2407,751,3158,33
2021-08-29,Solano,095,438530,41750,39887,1037,40924,290
2021-08-29,Sonoma,097,501317,37648,36650,453,37103,352
2021-08-29,Stanislaus,099,539301,67935,65956,7564,73520,1074
2021-08-29,Sutter,101,95872,12023,11719,155,11874,136
2021-08-29,Tehama,103,63373,6276,6040,895,6935,71
2021-08-29,Trinity,105,12862,630,468,161,629,3
2021-08-29,Tulare,107,460477,56771,54974,11495,66469,870
2021-08-29,Tuolumne,109,53932,5601,5478,55,5533,74
2021-08-29,Ventura,111,848112,91199,90114,3952,94066,1082
2021-08-29,Yolo,113,214977,17386,17015,824,17839,231
2021-08-29,Yuba,115,75493,8360,8042,182,8224,54
2021-08-28,Alameda,001,1643700,109648,107007,2519,109526,1296
2021-08-28,Alpine,003,1148,91,92,0,92,0
2021-08-28,Amador,005,37829,4607,4484,43,4527,53
2021-08-28,Butte,007,227075,16178,15487,2725,18212,214
2021-08-28,Calaveras,009,45235,3025,2926,20,2946,59
2021-08-28,Colusa,011,21464,2300,2252,492,2744,16
2021-08-28,Contra Costa,013,1133247,90140,86938,1786,88724,872
2021-08-28,Del Norte,015,27424,2933,2734,16,2750,11
2021-08-28,El Dorado,017,186661,13693,13089,1230,14319,119
2021-08-28,Fresno,019,978130,118322,115079,10372,125451,1792
2021-08-28,Glenn,021,27897,2885,2773,760,3533,20
2021-08-28,Humboldt,023,135768,7154,6887,241,7128,52
2021-08-28,Imperial,025,180216,30519,30260,2974,33234,750
2021-08-28,Inyo,027,18085,1552,1539,14,1553,39
2021-08-28,Kern,029,883053,109489,107012,15219,122231,1389
2021-08-28,Kings,031,150075,26858,26059,1435,27494,257
2021-08-28,Lake,033,64148,5471,5267,65,5332,74
2021-08-28,Lassen,035,31185,5783,5665,162,5827,21
2021-08-28,Los Angeles,037,10098052,1352783,1337097,50267,1387364,25234
2021-08-28,Madera,039,155013,19140,18553,1385,19938,247
2021-08-28,Marin,041,260295,16302,16106,360,16466,240
2021-08-28,Mariposa,043,17540,749,704,19,723,5
2021-08-28,Mendocino,045,87422,5888,5658,200,5858,55
2021-08-28,Merced,047,269075,35768,35108,1292,36400,497
2021-08-28,Modoc,049,8938,446,436,156,592,5
2021-08-28,Mono,051,14174,1406,1385,16,1401,3
2021-08-28,Monterey,053,433212,46016,45394,2363,47757,539
2021-08-28,Napa,055,140530,11675,11512,73,11585,88
2021-08-28,Nevada,057,99092,7600,7238,255,7493,82
2021-08-28,Orange,059,3164182,287960,283953,13375,297328,5222
2021-08-28,Placer,061,380077,31155,29428,2749,32177,319
2021-08-28,Plumas,063,18699,1039,991,17,1008,5
2021-08-28,Riverside,065,2383286,332665,326222,15426,341648,4623
2021-08-28,Sacramento,067,1510023,137558,132985,3065,136050,1844
2021-08-28,San Benito,069,59416,6723,6636,134,6770,64
2021-08-28,San Bernardino,071,2135413,327855,323672,10131,333803,5348
2021-08-28,San Diego,073,3302833,336437,331330,19494,350824,3880
2021-08-28,San Francisco,075,870044,47852,46654,2030,48684,581
2021-08-28,San Joaquin,077,732212,88003,85481,4642,90123,1527
2021-08-28,San Luis Obispo,079,281455,25786,25138,981,26119,280
2021-08-28,San Mateo,081,765935,49907,48575,731,49306,554
2021-08-28,Santa Barbara,083,443738,40284,38780,1431,40211,481
2021-08-28,Santa Clara,085,1922200,135585,132488,1018,133506,1789
2021-08-28,Santa Cruz,087,273765,18583,18240,943,19183,210
2021-08-28,Shasta,089,179085,15768,15147,2307,17454,217
2021-08-28,Sierra,091,2930,112,91,13,104,0
2021-08-28,Siskiyou,093,43540,2545,2402,740,3142,33
2021-08-28,Solano,095,438530,41701,39610,1036,40646,290
2021-08-28,Sonoma,097,501317,37575,36466,451,36917,352
2021-08-28,Stanislaus,099,539301,67773,65670,7546,73216,1074
2021-08-28,Sutter,101,95872,12002,11669,154,11823,136
2021-08-28,Tehama,103,63373,6251,6004,883,6887,71
2021-08-28,Trinity,105,12862,626,463,160,623,3
2021-08-28,Tulare,107,460477,56640,54746,11453,66199,870
2021-08-28,Tuolumne,109,53932,5585,5469,55,5524,74
2021-08-28,Ventura,111,848112,91081,89934,3950,93884,1081
2021-08-28,Yolo,113,214977,17350,16907,817,17724,231
2021-08-28,Yuba,115,75493,8328,7985,181,8166,55
2021-08-27,Alameda,001,1643700,109436,106622,2516,109138,1296
2021-08-27,Alpine,003,1148,91,92,0,92,0
2021-08-27,Amador,005,37829,4591,4458,42,4500,53
2021-08-27,Butte,007,227075,16098,15277,2706,17983,214
2021-08-27,Calaveras,009,45235,3011,2903,20,2923,59
2021-08-27,Colusa,011,21464,2294,2240,490,2730,16
2021-08-27,Contra Costa,013,1133247,89943,86386,1783,88169,872
2021-08-27,Del Norte,015,27424,2901,2695,16,2711,11
2021-08-27,El Dorado,017,186661,13654,12968,1226,14194,119
2021-08-27,Fresno,019,978130,117888,114481,10354,124835,1774
2021-08-27,Glenn,021,27897,2867,2754,752,3506,20
2021-08-27,Humboldt,023,135768,7121,6782,238,7020,52
2021-08-27,Imperial,025,180216,30499,30201,2971,33172,750
2021-08-27,Inyo,027,18085,1551,1529,14,1543,39
2021-08-27,Kern,029,883053,109195,106570,15109,121679,1385
2021-08-27,Kings,031,150075,26779,25957,1433,27390,257
2021-08-27,Lake,033,64148,5446,5228,64,5292,74
2021-08-27,Lassen,035,31185,5767,5646,157,5803,21
2021-08-27,Los Angeles,037,10098052,1351269,1337006,50199,1387205,25230
2021-08-27,Madera,039,155013,19084,18476,1372,19848,247
2021-08-27,Marin,041,260295,16286,16055,358,16413,240
2021-08-27,Mariposa,043,17540,743,690,19,709,5
2021-08-27,Mendocino,045,87422,5857,5602,199,5801,55
2021-08-27,Merced,047,269075,35714,34906,1283,36189,495
2021-08-27,Modoc,049,8938,446,434,156,590,5
2021-08-27,Mono,051,14174,1397,1385,16,1401,3
2021-08-27,Monterey,053,433212,45967,45337,2355,47692,539
2021-08-27,Napa,055,140530,11641,11460,73,11533,87
2021-08-27,Nevada,057,99092,7560,7169,253,7422,82
2021-08-27,Orange,059,3164182,287603,283407,13337,296744,5206
2021-08-27,Placer,061,380077,31025,29157,2729,31886,320
2021-08-27,Plumas,063,18699,1033,984,17,1001,5
2021-08-27,Riverside,065,2383286,332148,325379,15411,340790,4622
2021-08-27,Sacramento,067,1510023,137122,131921,3052,134973,1838
2021-08-27,San Benito,069,59416,6717,6622,134,6756,64
2021-08-27,San Bernardino,071,2135413,327331,322893,10113,333006,5342
2021-08-27,San Diego,073,3302833,335652,330162,19440,349602,3877
2021-08-27,San Francisco,075,870044,47776,46456,2012,48468,581
2021-08-27,San Joaquin,077,732212,87820,84949,4623,89572,1524
2021-08-27,San Luis Obispo,079,281455,25738,24952,978,25930,280
2021-08-27,San Mateo,081,765935,49832,48424,727,49151,553
2021-08-27,Santa Barbara,083,443738,40192,38675,1429,40104,480
2021-08-27,Santa Clara,085,1922200,135355,132011,1015,133026,1783
2021-08-27,Santa Cruz,087,273765,18544,18163,939,19102,210
2021-08-27,Shasta,089,179085,15687,14996,2291,17287,217
2021-08-27,Sierra,091,2930,111,91,13,104,0
2021-08-27,Siskiyou,093,43540,2530,2358,726,3084,33
2021-08-27,Solano,095,438530,41587,39347,1032,40379,287
2021-08-27,Sonoma,097,501317,37503,36326,450,36776,342
2021-08-27,Stanislaus,099,539301,67562,65167,7508,72675,1061
2021-08-27,Sutter,101,95872,11956,11590,152,11742,135
2021-08-27,Tehama,103,63373,6218,5964,868,6832,71
2021-08-27,Trinity,105,12862,626,458,159,617,3
2021-08-27,Tulare,107,460477,56504,54443,11407,65850,870
2021-08-27,Tuolumne,109,53932,5553,5438,55,5493,74
2021-08-27,Ventura,111,848112,90952,89774,3946,93720,1076
2021-08-27,Yolo,113,214977,17308,16805,812,17617,231
2021-08-27,Yuba,115,75493,8271,7926,181,8107,54
2021-08-26,Alameda,001,1643700,109157,106146,2507,108653,1296
2021-08-26,Alpine,003,1148,91,92,0,92,0
2021-08-26,Amador,005,37829,4576,4442,41,4483,53
2021-08-26,Butte,007,227075,15965,15159,2670,17829,214
2021-08-26,Calaveras,009,45235,3002,2873,20,2893,59
2021-08-26,Colusa,011,21464,2288,2234,486,2720,16
2021-08-26,Contra Costa,013,1133247,89584,85808,1777,87585,866
2021-08-26,Del Norte,015,27424,2865,2625,16,2641,8
2021-08-26,El Dorado,017,186661,13585,12863,1212,14075,118
2021-08-26,Fresno,019,978130,117386,113854,10304,124158,1770
2021-08-26,Glenn,021,27897,2847,2740,743,3483,20
2021-08-26,Humboldt,023,135768,7063,6695,228,6923,53
2021-08-26,Imperial,025,180216,30450,30121,2963,33084,748
2021-08-26,Inyo,027,18085,1541,1521,13,1534,39
2021-08-26,Kern,029,883053,108767,106051,14964,121015,1380
2021-08-26,Kings,031,150075,26656,25838,1425,27263,260
2021-08-26,Lake,033,64148,5400,5196,61,5257,74
2021-08-26,Lassen,035,31185,5755,5626,155,5781,21
2021-08-26,Los Angeles,037,10098052,1349015,1334372,50104,1384476,25199
2021-08-26,Madera,039,155013,19014,18393,1360,19753,247
2021-08-26,Marin,041,260295,16257,15983,355,16338,240
2021-08-26,Mariposa,043,17540,733,677,19,696,5
2021-08-26,Mendocino,045,87422,5821,5533,194,5727,55
2021-08-26,Merced,047,269075,35547,34755,1262,36017,495
2021-08-26,Modoc,049,8938,446,433,156,589,5
2021-08-26,Mono,051,14174,1395,1385,16,1401,3
2021-08-26,Monterey,053,433212,45895,45265,2344,47609,539
2021-08-26,Napa,055,140530,11619,11394,72,11466,87
2021-08-26,Nevada,057,99092,7501,7086,250,7336,80
2021-08-26,Orange,059,3164182,287108,282814,13314,296128,5200
2021-08-26,Placer,061,380077,30857,28898,2703,31601,319
2021-08-26,Plumas,063,18699,1026,971,16,987,5
2021-08-26,Riverside,065,2383286,331356,324486,15390,339876,4615
2021-08-26,Sacramento,067,1510023,136589,130977,3010,133987,1827
2021-08-26,San Benito,069,59416,6707,6604,134,6738,64
2021-08-26,San Bernardino,071,2135413,326672,322100,10089,332189,5339
2021-08-26,San Diego,073,3302833,334623,328276,19374,347650,3869
2021-08-26,San Francisco,075,870044,47649,46288,2007,48295,581
2021-08-26,San Joaquin,077,732212,87442,84429,4600,89029,1513
2021-08-26,San Luis Obispo,079,281455,25588,24831,972,25803,278
2021-08-26,San Mateo,081,765935,49702,48263,725,48988,553
2021-08-26,Santa Barbara,083,443738,40109,38566,1428,39994,479
2021-08-26,Santa Clara,085,1922200,135029,131443,1011,132454,1782
2021-08-26,Santa Cruz,087,273765,18484,18072,937,19009,210
2021-08-26,Shasta,089,179085,15563,14891,2263,17154,217
2021-08-26,Sierra,091,2930,109,90,13,103,0
2021-08-26,Siskiyou,093,43540,2508,2342,712,3054,33
2021-08-26,Solano,095,438530,41438,39027,1024,40051,286
2021-08-26,Sonoma,097,501317,37414,36102,450,36552,337
2021-08-26,Stanislaus,099,539301,67245,64785,7468,72253,1061
2021-08-26,Sutter,101,95872,11896,11499,149,11648,135
2021-08-26,Tehama,103,63373,6160,5913,855,6768,68
2021-08-26,Trinity,105,12862,621,450,157,607,3
2021-08-26,Tulare,107,460477,56244,54157,11358,65515,870
2021-08-26,Tuolumne,109,53932,5533,5387,55,5442,74
2021-08-26,Ventura,111,848112,90766,89595,3937,93532,1080
2021-08-26,Yolo,113,214977,17241,16727,801,17528,231
2021-08-26,Yuba,115,75493,8198,7834,179,8013,54
2021-08-25,Alameda,001,1643700,108828,105636,2499,108135,1296
2021-08-25,Alpine,003,1148,91,92,0,92,0
2021-08-25,Amador,005,37829,4561,4415,41,4456,53
2021-08-25,Butte,007,227075,15859,15039,2629,17668,214
2021-08-25,Calaveras,009,45235,2982,2851,20,2871,59
2021-08-25,Colusa,011,21464,2281,2227,477,2704,16
2021-08-25,Contra Costa,013,1133247,89202,85322,1771,87093,863
2021-08-25,Del Norte,015,27424,2820,2573,16,2589,8
2021-08-25,El Dorado,017,186661,13526,12787,1196,13983,118
2021-08-25,Fresno,019,978130,116848,113384,10264,123648,1761
2021-08-25,Glenn,021,27897,2825,2728,731,3459,20
2021-08-25,Humboldt,023,135768,6994,6653,218,6871,52
2021-08-25,Imperial,025,180216,30413,30085,2956,33041,748
2021-08-25,Inyo,027,18085,1537,1518,13,1531,39
2021-08-25,Kern,029,883053,108336,105687,14808,120495,1379
2021-08-25,Kings,031,150075,26549,25676,1418,27094,258
2021-08-25,Lake,033,64148,5370,5163,58,5221,74
2021-08-25,Lassen,035,31185,5738,5583,154,5737,21
2021-08-25,Los Angeles,037,10098052,1346421,1331400,50017,1381417,25170
2021-08-25,Madera,039,155013,18950,18311,1338,19649,247
2021-08-25,Marin,041,260295,16235,15938,349,16287,240
2021-08-25,Mariposa,043,17540,727,676,19,695,5
2021-08-25,Mendocino,045,87422,5785,5486,189,5675,53
2021-08-25,Merced,047,269075,35409,34600,1257,35857,492
2021-08-25,Modoc,049,8938,446,433,156,589,5
2021-08-25,Mono,051,14174,1391,1382,16,1398,3
2021-08-25,Monterey,053,433212,45821,45196,2329,47525,539
2021-08-25,Napa,055,140530,11585,11348,71,11419,87
2021-08-25,Nevada,057,99092,7435,7000,249,7249,77
2021-08-25,Orange,059,3164182,286586,282061,13281,295342,5193
2021-08-25,Placer,061,380077,30681,28740,2670,31410,319
2021-08-25,Plumas,063,18699,1011,962,16,978,5
2021-08-25,Riverside,065,2383286,330512,323548,15368,338916,4610
2021-08-25,Sacramento,067,1510023,135907,130046,2971,133017,1827
2021-08-25,San Benito,069,59416,6686,6587,133,6720,64
2021-08-25,San Bernardino,071,2135413,325978,321228,10068,331296,5337
2021-08-25,San Diego,073,3302833,333344,327166,19299,346465,3859
2021-08-25,San Francisco,075,870044,47500,46107,2002,48109,578
2021-08-25,San Joaquin,077,732212,87057,84002,4584,88586,1510
2021-08-25,San Luis Obispo,079,281455,25396,24607,969,25576,276
2021-08-25,San Mateo,081,765935,49578,48153,721,48874,553
2021-08-25,Santa Barbara,083,443738,39980,38450,1428,39878,479
2021-08-25,Santa Clara,085,1922200,134660,130995,1008,132003,1783
2021-08-25,Santa Cruz,087,273765,18423,17987,934,18921,210
2021-08-25,Shasta,089,179085,15434,14752,2231,16983,217
2021-08-25,Sierra,091,2930,106,90,13,103,0
2021-08-25,Siskiyou,093,43540,2463,2322,693,3015,33
2021-08-25,Solano,095,438530,41267,38848,1012,39860,286
2021-08-25,Sonoma,097,501317,37290,35986,447,36433,336
2021-08-25,Stanislaus,099,539301,66954,64441,7435,71876,1061
2021-08-25,Sutter,101,95872,11828,11451,145,11596,134
2021-08-25,Tehama,103,63373,6101,5861,838,6699,68
2021-08-25,Trinity,105,12862,615,450,156,606,3
2021-08-25,Tulare,107,460477,55959,53877,11288,65165,866
2021-08-25,Tuolumne,109,53932,5507,5354,55,5409,74
2021-08-25,Ventura,111,848112,90583,89379,3923,93302,1068
2021-08-25,Yolo,113,214977,17177,16667,791,17458,231
2021-08-25,Yuba,115,75493,8132,7771,178,7949,54
2021-08-24,Alameda,001,1643700,108497,105319,2489,107808,1296
2021-08-24,Alpine,003,1148,91,92,0,92,0
2021-08-24,Amador,005,37829,4542,4380,41,4421,50
2021-08-24,Butte,007,227075,15703,14964,2595,17559,214
2021-08-24,Calaveras,009,45235,2942,2811,20,2831,59
2021-08-24,Colusa,011,21464,2273,2221,473,2694,16
2021-08-24,Contra Costa,013,1133247,88842,84963,1765,86728,857
2021-08-24,Del Norte,015,27424,2793,2543,16,2559,8
2021-08-24,El Dorado,017,186661,13449,12732,1180,13912,118
2021-08-24,Fresno,019,978130,116245,113024,10210,123234,1761
2021-08-24,Glenn,021,27897,2810,2717,723,3440,20
2021-08-24,Humboldt,023,135768,6931,6585,205,6790,52
2021-08-24,Imperial,025,180216,30352,30045,2950,32995,748
2021-08-24,Inyo,027,18085,1532,1512,13,1525,39
2021-08-24,Kern,029,883053,107872,105399,14641,120040,1375
2021-08-24,Kings,031,150075,26428,25629,1403,27032,258
2021-08-24,Lake,033,64148,5335,5135,58,5193,72
2021-08-24,Lassen,035,31185,5722,5576,152,5728,21
2021-08-24,Los Angeles,037,10098052,1343567,1328777,49916,1378693,25135
2021-08-24,Madera,039,155013,18874,18251,1321,19572,247
2021-08-24,Marin,041,260295,16199,15900,345,16245,240
2021-08-24,Mariposa,043,17540,720,670,19,689,5
2021-08-24,Mendocino,045,87422,5741,5416,182,5598,52
2021-08-24,Merced,047,269075,35241,34490,1246,35736,491
2021-08-24,Modoc,049,8938,446,432,156,588,5
2021-08-24,Mono,051,14174,1389,1382,16,1398,3
2021-08-24,Monterey,053,433212,45755,45126,2312,47438,539
2021-08-24,Napa,055,140530,11552,11299,70,11369,85
2021-08-24,Nevada,057,99092,7365,6981,247,7228,77
2021-08-24,Orange,059,3164182,285982,281461,13255,294716,5187
2021-08-24,Placer,061,380077,30477,28618,2631,31249,318
2021-08-24,Plumas,063,18699,1001,953,16,969,5
2021-08-24,Riverside,065,2383286,329638,322620,15337,337957,4605
2021-08-24,Sacramento,067,1510023,135222,129542,2923,132465,1812
2021-08-24,San Benito,069,59416,6673,6576,133,6709,64
2021-08-24,San Bernardino,071,2135413,325223,320300,10038,330338,5328
2021-08-24,San Diego,073,3302833,331881,325823,19203,345026,3851
2021-08-24,San Francisco,075,870044,47325,46010,1989,47999,574
2021-08-24,San Joaquin,077,732212,86617,83684,4546,88230,1508
2021-08-24,San Luis Obispo,079,281455,25218,24443,959,25402,274
2021-08-24,San Mateo,081,765935,49429,48050,718,48768,553
2021-08-24,Santa Barbara,083,443738,39851,38307,1427,39734,478
2021-08-24,Santa Clara,085,1922200,134234,130763,1004,131767,1779
2021-08-24,Santa Cruz,087,273765,18349,17928,928,18856,209
2021-08-24,Shasta,089,179085,15326,14664,2199,16863,217
2021-08-24,Sierra,091,2930,103,90,13,103,0
2021-08-24,Siskiyou,093,43540,2441,2294,678,2972,33
2021-08-24,Solano,095,438530,41058,38724,1000,39724,283
2021-08-24,Sonoma,097,501317,37162,35849,445,36294,336
2021-08-24,Stanislaus,099,539301,66594,64195,7386,71581,1058
2021-08-24,Sutter,101,95872,11761,11384,142,11526,134
2021-08-24,Tehama,103,63373,6055,5826,823,6649,67
2021-08-24,Trinity,105,12862,604,446,148,594,3
2021-08-24,Tulare,107,460477,55606,53702,11198,64900,856
2021-08-24,Tuolumne,109,53932,5476,5287,55,5342,74
2021-08-24,Ventura,111,848112,90398,89167,3912,93079,1068
2021-08-24,Yolo,113,214977,17101,16492,778,17270,231
2021-08-24,Yuba,115,75493,8049,7723,176,7899,54
2021-08-23,Alameda,001,1643700,108094,104922,2477,107399,1294
2021-08-23,Alpine,003,1148,91,91,0,91,0
2021-08-23,Amador,005,37829,4528,4369,41,4410,50
2021-08-23,Butte,007,227075,15557,14847,2560,17407,211
2021-08-23,Calaveras,009,45235,2907,2803,20,2823,59
2021-08-23,Colusa,011,21464,2269,2206,470,2676,16
2021-08-23,Contra Costa,013,1133247,88463,84651,1758,86409,857
2021-08-23,Del Norte,015,27424,2747,2499,16,2515,8
2021-08-23,El Dorado,017,186661,13346,12684,1158,13842,118
2021-08-23,Fresno,019,978130,115686,112445,10166,122611,1759
2021-08-23,Glenn,021,27897,2792,2696,716,3412,20
2021-08-23,Humboldt,023,135768,6856,6498,190,6688,52
2021-08-23,Imperial,025,180216,30301,30011,2947,32958,748
2021-08-23,Inyo,027,18085,1525,1509,13,1522,39
2021-08-23,Kern,029,883053,107417,104995,14485,119480,1375
2021-08-23,Kings,031,150075,26296,25465,1397,26862,257
2021-08-23,Lake,033,64148,5295,5099,56,5155,69
2021-08-23,Lassen,035,31185,5710,5562,152,5714,21
2021-08-23,Los Angeles,037,10098052,1340621,1326412,49790,1376202,25096
2021-08-23,Madera,039,155013,18788,18155,1306,19461,246
2021-08-23,Marin,041,260295,16151,15856,341,16197,240
2021-08-23,Mariposa,043,17540,709,645,19,664,5
2021-08-23,Mendocino,045,87422,5674,5374,175,5549,51
2021-08-23,Merced,047,269075,35058,34322,1241,35563,488
2021-08-23,Modoc,049,8938,443,431,155,586,6
2021-08-23,Mono,051,14174,1387,1384,16,1400,3
2021-08-23,Monterey,053,433212,45657,45047,2301,47348,538
2021-08-23,Napa,055,140530,11514,11257,70,11327,85
2021-08-23,Nevada,057,99092,7285,6930,245,7175,77
2021-08-23,Orange,059,3164182,285345,280891,13220,294111,5181
2021-08-23,Placer,061,380077,30277,28540,2593,31133,314
2021-08-23,Plumas,063,18699,993,934,16,950,5
2021-08-23,Riverside,065,2383286,328725,321650,15311,336961,4598
2021-08-23,Sacramento,067,1510023,134435,128969,2855,131824,1807
2021-08-23,San Benito,069,59416,6655,6562,131,6693,64
2021-08-23,San Bernardino,071,2135413,324420,319577,9999,329576,5324
2021-08-23,San Diego,073,3302833,330423,324536,19098,343634,3848
2021-08-23,San Francisco,075,870044,47172,45945,1980,47925,573
2021-08-23,San Joaquin,077,732212,86183,83466,4513,87979,1499
2021-08-23,San Luis Obispo,079,281455,25036,24317,957,25274,274
2021-08-23,San Mateo,081,765935,49291,47935,714,48649,553
2021-08-23,Santa Barbara,083,443738,39674,38181,1425,39606,478
2021-08-23,Santa Clara,085,1922200,133836,130489,1000,131489,1778
2021-08-23,Santa Cruz,087,273765,18292,17871,926,18797,209
2021-08-23,Shasta,089,179085,15200,14537,2160,16697,216
2021-08-23,Sierra,091,2930,103,90,13,103,0
2021-08-23,Siskiyou,093,43540,2420,2274,657,2931,33
2021-08-23,Solano,095,438530,40905,38612,991,39603,283
2021-08-23,Sonoma,097,501317,37042,35769,444,36213,336
2021-08-23,Stanislaus,099,539301,66242,63922,7347,71269,1058
2021-08-23,Sutter,101,95872,11672,11314,134,11448,133
2021-08-23,Tehama,103,63373,6001,5805,805,6610,67
2021-08-23,Trinity,105,12862,601,435,145,580,3
2021-08-23,Tulare,107,460477,55300,53370,11125,64495,856
2021-08-23,Tuolumne,109,53932,5434,5240,55,5295,73
2021-08-23,Ventura,111,848112,90179,88960,3900,92860,1063
2021-08-23,Yolo,113,214977,17014,16445,763,17208,226
2021-08-23,Yuba,115,75493,7978,7653,174,7827,54
2021-08-22,Alameda,001,1643700,107645,104539,2444,106983,1294
2021-08-22,Alpine,003,1148,91,91,0,91,0
2021-08-22,Amador,005,37829,4498,4349,41,4390,50
2021-08-22,Butte,007,227075,15418,14791,2524,17315,211
2021-08-22,Calaveras,009,45235,2868,2771,20,2791,59
2021-08-22,Colusa,011,21464,2261,2201,464,2665,16
2021-08-22,Contra Costa,013,1133247,87922,84371,1744,86115,857
2021-08-22,Del Norte,015,27424,2687,2455,16,2471,8
2021-08-22,El Dorado,017,186661,13242,12629,1138,13767,118
2021-08-22,Fresno,019,978130,115088,112057,10096,122153,1759
2021-08-22,Glenn,021,27897,2769,2678,703,3381,20
2021-08-22,Humboldt,023,135768,6779,6483,171,6654,52
2021-08-22,Imperial,025,180216,30243,29993,2942,32935,748
2021-08-22,Inyo,027,18085,1519,1505,13,1518,39
2021-08-22,Kern,029,883053,106892,104691,14329,119020,1375
2021-08-22,Kings,031,150075,26138,25391,1380,26771,257
2021-08-22,Lake,033,64148,5249,5069,53,5122,69
2021-08-22,Lassen,035,31185,5678,5556,147,5703,21
2021-08-22,Los Angeles,037,10098052,1337327,1324151,49659,1373810,25089
2021-08-22,Madera,039,155013,18669,18120,1292,19412,246
2021-08-22,Marin,041,260295,16099,15822,333,16155,240
2021-08-22,Mariposa,043,17540,699,638,17,655,5
2021-08-22,Mendocino,045,87422,5615,5336,175,5511,51
2021-08-22,Merced,047,269075,34854,34234,1229,35463,488
2021-08-22,Modoc,049,8938,442,431,155,586,6
2021-08-22,Mono,051,14174,1386,1378,16,1394,3
2021-08-22,Monterey,053,433212,45558,45017,2287,47304,538
2021-08-22,Napa,055,140530,11469,11231,70,11301,85
2021-08-22,Nevada,057,99092,7211,6864,243,7107,77
2021-08-22,Orange,059,3164182,284655,280390,13175,293565,5181
2021-08-22,Placer,061,380077,30068,28395,2557,30952,314
2021-08-22,Plumas,063,18699,975,923,15,938,5
2021-08-22,Riverside,065,2383286,327703,320836,15262,336098,4594
2021-08-22,Sacramento,067,1510023,133659,128231,2814,131045,1802
2021-08-22,San Benito,069,59416,6638,6550,131,6681,64
2021-08-22,San Bernardino,071,2135413,323450,318839,9964,328803,5324
2021-08-22,San Diego,073,3302833,329095,323591,18993,342584,3848
2021-08-22,San Francisco,075,870044,47006,45831,1970,47801,573
2021-08-22,San Joaquin,077,732212,85726,83121,4478,87599,1498
2021-08-22,San Luis Obispo,079,281455,24830,24250,950,25200,274
2021-08-22,San Mateo,081,765935,49115,47821,709,48530,553
2021-08-22,Santa Barbara,083,443738,39493,38099,1417,39516,478
2021-08-22,Santa Clara,085,1922200,133419,130189,993,131182,1778
2021-08-22,Santa Cruz,087,273765,18231,17823,921,18744,209
2021-08-22,Shasta,089,179085,15062,14478,2124,16602,216
2021-08-22,Sierra,091,2930,103,87,13,100,0
2021-08-22,Siskiyou,093,43540,2391,2261,639,2900,33
2021-08-22,Solano,095,438530,40706,38489,977,39466,283
2021-08-22,Sonoma,097,501317,36886,35676,441,36117,336
2021-08-22,Stanislaus,099,539301,65876,63683,7257,70940,1058
2021-08-22,Sutter,101,95872,11590,11251,130,11381,133
2021-08-22,Tehama,103,63373,5955,5791,786,6577,67
2021-08-22,Trinity,105,12862,594,433,143,576,3
2021-08-22,Tulare,107,460477,54978,53220,11041,64261,856
2021-08-22,Tuolumne,109,53932,5392,5214,55,5269,73
2021-08-22,Ventura,111,848112,89970,88791,3883,92674,1063
2021-08-22,Yolo,113,214977,16912,16374,754,17128,226
2021-08-22,Yuba,115,75493,7904,7626,173,7799,54
2021-08-21,Alameda,001,1643700,107442,104281,2437,106718,1294
2021-08-21,Alpine,003,1148,91,91,0,91,0
2021-08-21,Amador,005,37829,4488,4338,39,4377,50
2021-08-21,Butte,007,227075,15350,14714,2503,17217,211
2021-08-21,Calaveras,009,45235,2855,2744,20,2764,59
2021-08-21,Colusa,011,21464,2255,2192,460,2652,16
2021-08-21,Contra Costa,013,1133247,87666,84136,1738,85874,857
2021-08-21,Del Norte,015,27424,2664,2409,16,2425,8
2021-08-21,El Dorado,017,186661,13198,12590,1134,13724,118
2021-08-21,Fresno,019,978130,114892,111765,10083,121848,1759
2021-08-21,Glenn,021,27897,2759,2654,696,3350,20
2021-08-21,Humboldt,023,135768,6741,6446,165,6611,52
2021-08-21,Imperial,025,180216,30200,29976,2939,32915,748
2021-08-21,Inyo,027,18085,1516,1500,13,1513,39
2021-08-21,Kern,029,883053,106636,104443,14204,118647,1375
2021-08-21,Kings,031,150075,26067,25313,1375,26688,257
2021-08-21,Lake,033,64148,5229,5055,51,5106,69
2021-08-21,Lassen,035,31185,5664,5553,147,5700,21
2021-08-21,Los Angeles,037,10098052,1336044,1321308,49569,1370877,25080
2021-08-21,Madera,039,155013,18631,18067,1286,19353,246
2021-08-21,Marin,041,260295,16065,15775,331,16106,240
2021-08-21,Mariposa,043,17540,689,634,17,651,5
2021-08-21,Mendocino,045,87422,5570,5307,174,5481,51
2021-08-21,Merced,047,269075,34749,34148,1224,35372,488
2021-08-21,Modoc,049,8938,442,430,155,585,6
2021-08-21,Mono,051,14174,1386,1378,16,1394,3
2021-08-21,Monterey,053,433212,45512,44969,2280,47249,538
2021-08-21,Napa,055,140530,11434,11211,70,11281,85
2021-08-21,Nevada,057,99092,7167,6810,242,7052,77
2021-08-21,Orange,059,3164182,284209,279855,13141,292996,5181
2021-08-21,Placer,061,380077,29930,28289,2532,30821,314
2021-08-21,Plumas,063,18699,971,916,14,930,5
2021-08-21,Riverside,065,2383286,327122,320086,15249,335335,4594
2021-08-21,Sacramento,067,1510023,133163,127751,2802,130553,1809
2021-08-21,San Benito,069,59416,6628,6542,130,6672,64
2021-08-21,San Bernardino,071,2135413,323000,318293,9943,328236,5324
2021-08-21,San Diego,073,3302833,328430,322620,18953,341573,3848
2021-08-21,San Francisco,075,870044,46904,45637,1963,47600,573
2021-08-21,San Joaquin,077,732212,85509,82825,4463,87288,1498
2021-08-21,San Luis Obispo,079,281455,24775,24169,950,25119,273
2021-08-21,San Mateo,081,765935,49018,47685,709,48394,553
2021-08-21,Santa Barbara,083,443738,39413,37951,1413,39364,478
2021-08-21,Santa Clara,085,1922200,133154,129911,989,130900,1778
2021-08-21,Santa Cruz,087,273765,18194,17763,916,18679,209
2021-08-21,Shasta,089,179085,14988,14417,2110,16527,217
2021-08-21,Sierra,091,2930,98,85,13,98,0
2021-08-21,Siskiyou,093,43540,2377,2246,628,2874,33
2021-08-21,Solano,095,438530,40595,38423,967,39390,281
2021-08-21,Sonoma,097,501317,36799,35582,440,36022,336
2021-08-21,Stanislaus,099,539301,65683,63512,7239,70751,1058
2021-08-21,Sutter,101,95872,11545,11204,128,11332,133
2021-08-21,Tehama,103,63373,5930,5757,779,6536,67
2021-08-21,Trinity,105,12862,589,431,141,572,3
2021-08-21,Tulare,107,460477,54834,53045,10997,64042,857
2021-08-21,Tuolumne,109,53932,5361,5193,55,5248,73
2021-08-21,Ventura,111,848112,89826,88558,3868,92426,1063
2021-08-21,Yolo,113,214977,16865,16322,748,17070,226
2021-08-21,Yuba,115,75493,7858,7580,172,7752,54
2021-08-20,Alameda,001,1643700,107197,103812,2429,106241,1294
2021-08-20,Alpine,003,1148,91,91,0,91,0
2021-08-20,Amador,005,37829,4462,4323,39,4362,50
2021-08-20,Butte,007,227075,15278,14617,2481,17098,211
2021-08-20,Calaveras,009,45235,2840,2717,20,2737,59
2021-08-20,Colusa,011,21464,2250,2178,458,2636,16
2021-08-20,Contra Costa,013,1133247,87393,83721,1731,85452,857
2021-08-20,Del Norte,015,27424,2632,2316,16,2332,8
2021-08-20,El Dorado,017,186661,13160,12495,1126,13621,118
2021-08-20,Fresno,019,978130,114539,111315,10051,121366,1759
2021-08-20,Glenn,021,27897,2752,2642,691,3333,20
2021-08-20,Humboldt,023,135768,6690,6349,160,6509,52
2021-08-20,Imperial,025,180216,30177,29934,2939,32873,747
2021-08-20,Inyo,027,18085,1510,1495,13,1508,39
2021-08-20,Kern,029,883053,106351,104048,14076,118124,1373
2021-08-20,Kings,031,150075,26001,25241,1373,26614,256
2021-08-20,Lake,033,64148,5214,5024,48,5072,69
2021-08-20,Lassen,035,31185,5644,5539,147,5686,21
2021-08-20,Los Angeles,037,10098052,1334179,1317541,49470,1367011,25049
2021-08-20,Madera,039,155013,18582,18018,1271,19289,246
2021-08-20,Marin,041,260295,16047,15727,327,16054,240
2021-08-20,Mariposa,043,17540,684,630,17,647,5
2021-08-20,Mendocino,045,87422,5524,5241,173,5414,51
2021-08-20,Merced,047,269075,34684,34035,1216,35251,486
2021-08-20,Modoc,049,8938,442,429,155,584,6
2021-08-20,Mono,051,14174,1385,1368,16,1384,3
2021-08-20,Monterey,053,433212,45474,44890,2273,47163,538
2021-08-20,Napa,055,140530,11402,11152,70,11222,83
2021-08-20,Nevada,057,99092,7125,6753,236,6989,77
2021-08-20,Orange,059,3164182,283764,279193,13120,292313,5179
2021-08-20,Placer,061,380077,29835,28156,2503,30659,313
2021-08-20,Plumas,063,18699,963,908,14,922,5
2021-08-20,Riverside,065,2383286,326427,319072,15218,334290,4594
2021-08-20,Sacramento,067,1510023,132689,127226,2785,130011,1797
2021-08-20,San Benito,069,59416,6614,6508,130,6638,64
2021-08-20,San Bernardino,071,2135413,322387,317372,9914,327286,5322
2021-08-20,San Diego,073,3302833,327524,321102,18884,339986,3846
2021-08-20,San Francisco,075,870044,46807,45432,1948,47380,573
2021-08-20,San Joaquin,077,732212,85279,82419,4445,86864,1496
2021-08-20,San Luis Obispo,079,281455,24697,23986,946,24932,273
2021-08-20,San Mateo,081,765935,48904,47561,706,48267,551
2021-08-20,Santa Barbara,083,443738,39329,37794,1408,39202,477
2021-08-20,Santa Clara,085,1922200,132872,129510,984,130494,1774
2021-08-20,Santa Cruz,087,273765,18154,17701,913,18614,209
2021-08-20,Shasta,089,179085,14909,14277,2091,16368,215
2021-08-20,Sierra,091,2930,96,83,13,96,0
2021-08-20,Siskiyou,093,43540,2361,2226,623,2849,33
2021-08-20,Solano,095,438530,40455,38214,956,39170,277
2021-08-20,Sonoma,097,501317,36730,35416,439,35855,336
2021-08-20,Stanislaus,099,539301,65481,63219,7216,70435,1047
2021-08-20,Sutter,101,95872,11489,11136,127,11263,133
2021-08-20,Tehama,103,63373,5914,5730,767,6497,66
2021-08-20,Trinity,105,12862,589,422,140,562,3
2021-08-20,Tulare,107,460477,54702,52855,10954,63809,856
2021-08-20,Tuolumne,109,53932,5337,5153,54,5207,73
2021-08-20,Ventura,111,848112,89660,88285,3865,92150,1061
2021-08-20,Yolo,113,214977,16811,16236,742,16978,225
2021-08-20,Yuba,115,75493,7817,7523,172,7695,54
2021-08-19,Alameda,001,1643700,106746,103276,2405,105681,1294
2021-08-19,Alpine,003,1148,91,91,0,91,0
2021-08-19,Amador,005,37829,4455,4317,39,4356,50
2021-08-19,Butte,007,227075,15143,14518,2452,16970,211
2021-08-19,Calaveras,009,45235,2821,2673,20,2693,59
2021-08-19,Colusa,011,21464,2241,2167,454,2621,16
2021-08-19,Contra Costa,013,1133247,86956,83296,1717,85013,852
2021-08-19,Del Norte,015,27424,2582,2257,16,2273,8
2021-08-19,El Dorado,017,186661,13075,12410,1105,13515,118
2021-08-19,Fresno,019,978130,114101,110947,10001,120948,1759
2021-08-19,Glenn,021,27897,2734,2629,684,3313,20
2021-08-19,Humboldt,023,135768,6629,6246,154,6400,52
2021-08-19,Imperial,025,180216,30131,29865,2934,32799,747
2021-08-19,Inyo,027,18085,1503,1494,13,1507,39
2021-08-19,Kern,029,883053,105955,103731,13934,117665,1371
2021-08-19,Kings,031,150075,25870,25128,1361,26489,256
2021-08-19,Lake,033,64148,5184,4991,44,5035,69
2021-08-19,Lassen,035,31185,5626,5520,146,5666,21
2021-08-19,Los Angeles,037,10098052,1331210,1314453,49330,1363783,25020
2021-08-19,Madera,039,155013,18520,17947,1256,19203,246
2021-08-19,Marin,041,260295,16014,15672,324,15996,240
2021-08-19,Mariposa,043,17540,669,618,17,635,5
2021-08-19,Mendocino,045,87422,5491,5167,171,5338,51
2021-08-19,Merced,047,269075,34549,33851,1202,35053,486
2021-08-19,Modoc,049,8938,442,427,155,582,6
2021-08-19,Mono,051,14174,1381,1349,16,1365,3
2021-08-19,Monterey,053,433212,45401,44821,2263,47084,538
2021-08-19,Napa,055,140530,11350,11104,70,11174,83
2021-08-19,Nevada,057,99092,7061,6695,234,6929,77
2021-08-19,Orange,059,3164182,283131,278562,13069,291631,5172
2021-08-19,Placer,061,380077,29655,27953,2485,30438,313
2021-08-19,Plumas,063,18699,950,896,14,910,5
2021-08-19,Riverside,065,2383286,325399,318056,15189,333245,4589
2021-08-19,Sacramento,067,1510023,131986,126720,2749,129469,1801
2021-08-19,San Benito,069,59416,6596,6493,128,6621,64
2021-08-19,San Bernardino,071,2135413,321566,316398,9891,326289,5318
2021-08-19,San Diego,073,3302833,326260,319582,18794,338376,3839
2021-08-19,San Francisco,075,870044,46644,45220,1934,47154,571
2021-08-19,San Joaquin,077,732212,84834,82047,4396,86443,1491
2021-08-19,San Luis Obispo,079,281455,24557,23878,939,24817,271
2021-08-19,San Mateo,081,765935,48769,47431,704,48135,551
2021-08-19,Santa Barbara,083,443738,39184,37693,1405,39098,477
2021-08-19,Santa Clara,085,1922200,132482,129133,977,130110,1774
2021-08-19,Santa Cruz,087,273765,18092,17644,906,18550,209
2021-08-19,Shasta,089,179085,14785,14200,2068,16268,214
2021-08-19,Sierra,091,2930,92,83,13,96,0
2021-08-19,Siskiyou,093,43540,2346,2218,611,2829,33
2021-08-19,Solano,095,438530,40297,38025,945,38970,273
2021-08-19,Sonoma,097,501317,36643,35233,438,35671,336
2021-08-19,Stanislaus,099,539301,65121,62928,7172,70100,1047
2021-08-19,Sutter,101,95872,11405,11057,126,11183,133
2021-08-19,Tehama,103,63373,5878,5683,739,6422,66
2021-08-19,Trinity,105,12862,585,414,138,552,3
2021-08-19,Tulare,107,460477,54471,52685,10890,63575,856
2021-08-19,Tuolumne,109,53932,5301,5112,53,5165,64
2021-08-19,Ventura,111,848112,89457,88073,3850,91923,1060
2021-08-19,Yolo,113,214977,16726,16153,734,16887,225
2021-08-19,Yuba,115,75493,7764,7458,171,7629,51
2021-08-18,Alameda,001,1643700,106334,102696,2383,105079,1294
2021-08-18,Alpine,003,1148,90,91,0,91,0
2021-08-18,Amador,005,37829,4438,4279,38,4317,50
2021-08-18,Butte,007,227075,15033,14426,2426,16852,208
2021-08-18,Calaveras,009,45235,2780,2643,19,2662,59
2021-08-18,Colusa,011,21464,2234,2160,450,2610,16
2021-08-18,Contra Costa,013,1133247,86461,82767,1711,84478,851
2021-08-18,Del Norte,015,27424,2525,2219,16,2235,8
2021-08-18,El Dorado,017,186661,12985,12306,1091,13397,118
2021-08-18,Fresno,019,978130,113648,110523,9946,120469,1759
2021-08-18,Glenn,021,27897,2706,2623,677,3300,20
2021-08-18,Humboldt,023,135768,6557,6195,149,6344,52
2021-08-18,Imperial,025,180216,30098,29821,2932,32753,746
2021-08-18,Inyo,027,18085,1500,1494,13,1507,39
2021-08-18,Kern,029,883053,105607,103440,13839,117279,1370
2021-08-18,Kings,031,150075,25761,24984,1354,26338,256
2021-08-18,Lake,033,64148,5143,4957,43,5000,69
2021-08-18,Lassen,035,31185,5607,5506,145,5651,21
2021-08-18,Los Angeles,037,10098052,1328069,1311477,49198,1360675,24984
2021-08-18,Madera,039,155013,18460,17871,1243,19114,246
2021-08-18,Marin,041,260295,15976,15610,321,15931,240
2021-08-18,Mariposa,043,17540,656,615,16,631,5
2021-08-18,Mendocino,045,87422,5440,5129,168,5297,51
2021-08-18,Merced,047,269075,34384,33708,1191,34899,484
2021-08-18,Modoc,049,8938,442,427,154,581,6
2021-08-18,Mono,051,14174,1378,1344,16,1360,3
2021-08-18,Monterey,053,433212,45317,44735,2247,46982,532
2021-08-18,Napa,055,140530,11311,11060,69,11129,83
2021-08-18,Nevada,057,99092,6995,6633,234,6867,76
2021-08-18,Orange,059,3164182,282490,277795,13013,290808,5168
2021-08-18,Placer,061,380077,29429,27741,2457,30198,312
2021-08-18,Plumas,063,18699,941,874,14,888,5
2021-08-18,Riverside,065,2383286,324399,317107,15155,332262,4585
2021-08-18,Sacramento,067,1510023,131225,125599,2716,128315,1781
2021-08-18,San Benito,069,59416,6585,6481,127,6608,64
2021-08-18,San Bernardino,071,2135413,320765,315477,9872,325349,5304
2021-08-18,San Diego,073,3302833,324916,318152,18729,336881,3834
2021-08-18,San Francisco,075,870044,46439,44957,1924,46881,568
2021-08-18,San Joaquin,077,732212,84383,81601,4366,85967,1491
2021-08-18,San Luis Obispo,079,281455,24406,23726,928,24654,270
2021-08-18,San Mateo,081,765935,48601,47255,703,47958,551
2021-08-18,Santa Barbara,083,443738,39052,37599,1399,38998,475
2021-08-18,Santa Clara,085,1922200,132118,128563,974,129537,1773
2021-08-18,Santa Cruz,087,273765,18037,17566,902,18468,209
2021-08-18,Shasta,089,179085,14686,14087,2049,16136,213
2021-08-18,Sierra,091,2930,91,83,13,96,0
2021-08-18,Siskiyou,093,43540,2317,2204,599,2803,33
2021-08-18,Solano,095,438530,40091,37812,933,38745,271
2021-08-18,Sonoma,097,501317,36499,35063,437,35500,333
2021-08-18,Stanislaus,099,539301,64772,62613,7129,69742,1047
2021-08-18,Sutter,101,95872,11333,11004,121,11125,130
2021-08-18,Tehama,103,63373,5843,5653,729,6382,66
2021-08-18,Trinity,105,12862,578,409,135,544,3
2021-08-18,Tulare,107,460477,54230,52486,10821,63307,856
2021-08-18,Tuolumne,109,53932,5265,5081,51,5132,64
2021-08-18,Ventura,111,848112,89225,87835,3840,91675,1055
2021-08-18,Yolo,113,214977,16643,16047,715,16762,225
2021-08-18,Yuba,115,75493,7699,7391,171,7562,51
2021-08-17,Alameda,001,1643700,105919,102379,2367,104746,1290
2021-08-17,Alpine,003,1148,90,91,0,91,0
2021-08-17,Amador,005,37829,4409,4266,38,4304,50
2021-08-17,Butte,007,227075,14926,14357,2392,16749,206
2021-08-17,Calaveras,009,45235,2739,2624,19,2643,59
2021-08-17,Colusa,011,21464,2225,2156,446,2602,16
2021-08-17,Contra Costa,013,1133247,86013,82482,1700,84182,848
2021-08-17,Del Norte,015,27424,2471,2188,16,2204,8
2021-08-17,El Dorado,017,186661,12897,12242,1077,13319,118
2021-08-17,Fresno,019,978130,113166,110263,9885,120148,1755
2021-08-17,Glenn,021,27897,2692,2608,670,3278,20
2021-08-17,Humboldt,023,135768,6479,6155,147,6302,52
2021-08-17,Imperial,025,180216,30047,29768,2928,32696,746
2021-08-17,Inyo,027,18085,1497,1492,13,1505,39
2021-08-17,Kern,029,883053,105212,103048,13715,116763,1367
2021-08-17,Kings,031,150075,25654,24930,1343,26273,254
2021-08-17,Lake,033,64148,5100,4930,37,4967,68
2021-08-17,Lassen,035,31185,5590,5499,143,5642,21
2021-08-17,Los Angeles,037,10098052,1324533,1307999,49066,1357065,24952
2021-08-17,Madera,039,155013,18386,17838,1223,19061,246
2021-08-17,Marin,041,260295,15921,15570,321,15891,240
2021-08-17,Mariposa,043,17540,648,609,15,624,5
2021-08-17,Mendocino,045,87422,5385,5097,168,5265,51
2021-08-17,Merced,047,269075,34236,33508,1178,34686,482
2021-08-17,Modoc,049,8938,439,424,152,576,6
2021-08-17,Mono,051,14174,1372,1341,16,1357,3
2021-08-17,Monterey,053,433212,45234,44672,2237,46909,528
2021-08-17,Napa,055,140530,11270,11007,68,11075,83
2021-08-17,Nevada,057,99092,6920,6605,232,6837,75
2021-08-17,Orange,059,3164182,281848,277121,12977,290098,5164
2021-08-17,Placer,061,380077,29214,27634,2428,30062,312
2021-08-17,Plumas,063,18699,929,860,14,874,5
2021-08-17,Riverside,065,2383286,323387,316051,15112,331163,4582
2021-08-17,Sacramento,067,1510023,130433,125151,2673,127824,1774
2021-08-17,San Benito,069,59416,6566,6470,127,6597,64
2021-08-17,San Bernardino,071,2135413,319827,314402,9831,324233,5302
2021-08-17,San Diego,073,3302833,323300,317058,18633,335691,3824
2021-08-17,San Francisco,075,870044,46239,44820,1918,46738,567
2021-08-17,San Joaquin,077,732212,83914,81300,4334,85634,1489
2021-08-17,San Luis Obispo,079,281455,24249,23556,925,24481,268
2021-08-17,San Mateo,081,765935,48444,47127,698,47825,551
2021-08-17,Santa Barbara,083,443738,38897,37478,1391,38869,475
2021-08-17,Santa Clara,085,1922200,131716,128354,969,129323,1773
2021-08-17,Santa Cruz,087,273765,17951,17528,901,18429,209
2021-08-17,Shasta,089,179085,14555,14012,2030,16042,214
2021-08-17,Sierra,091,2930,90,82,13,95,0
2021-08-17,Siskiyou,093,43540,2301,2183,586,2769,33
2021-08-17,Solano,095,438530,39862,37662,920,38582,269
2021-08-17,Sonoma,097,501317,36351,34943,433,35376,333
2021-08-17,Stanislaus,099,539301,64419,62385,7068,69453,1047
2021-08-17,Sutter,101,95872,11261,10973,121,11094,130
2021-08-17,Tehama,103,63373,5809,5612,707,6319,66
2021-08-17,Trinity,105,12862,573,406,132,538,3
2021-08-17,Tulare,107,460477,53962,52362,10753,63115,856
2021-08-17,Tuolumne,109,53932,5222,5042,50,5092,64
2021-08-17,Ventura,111,848112,88987,87601,3819,91420,1053
2021-08-17,Yolo,113,214977,16554,15975,701,16676,225
2021-08-17,Yuba,115,75493,7628,7355,171,7526,51
2021-08-16,Alameda,001,1643700,105415,102052,2355,104407,1287
2021-08-16,Alpine,003,1148,90,91,0,91,0
2021-08-16,Amador,005,37829,4399,4235,38,4273,50
2021-08-16,Butte,007,227075,14808,14283,2359,16642,206
2021-08-16,Calaveras,009,45235,2681,2609,18,2627,57
2021-08-16,Colusa,011,21464,2214,2147,442,2589,16
2021-08-16,Contra Costa,013,1133247,85471,82070,1690,83760,848
2021-08-16,Del Norte,015,27424,2394,2125,16,2141,8
2021-08-16,El Dorado,017,186661,12795,12139,1064,13203,118
2021-08-16,Fresno,019,978130,112666,109623,9838,119461,1753
2021-08-16,Glenn,021,27897,2673,2593,664,3257,20
2021-08-16,Humboldt,023,135768,6408,6064,125,6189,52
2021-08-16,Imperial,025,180216,30007,29737,2913,32650,746
2021-08-16,Inyo,027,18085,1494,1490,13,1503,39
2021-08-16,Kern,029,883053,104837,102690,13599,116289,1367
2021-08-16,Kings,031,150075,25552,24817,1333,26150,254
2021-08-16,Lake,033,64148,5073,4898,36,4934,68
2021-08-16,Lassen,035,31185,5574,5481,135,5616,21
2021-08-16,Los Angeles,037,10098052,1321163,1305330,48920,1354250,24923
2021-08-16,Madera,039,155013,18311,17756,1202,18958,246
2021-08-16,Marin,041,260295,15862,15497,319,15816,239
2021-08-16,Mariposa,043,17540,631,597,15,612,5
2021-08-16,Mendocino,045,87422,5329,5037,166,5203,49
2021-08-16,Merced,047,269075,34035,33364,1166,34530,481
2021-08-16,Modoc,049,8938,437,421,151,572,5
2021-08-16,Mono,051,14174,1363,1339,16,1355,3
2021-08-16,Monterey,053,433212,45155,44595,2225,46820,527
2021-08-16,Napa,055,140530,11241,10946,68,11014,83
2021-08-16,Nevada,057,99092,6864,6535,231,6766,74
2021-08-16,Orange,059,3164182,281054,275985,12932,288917,5161
2021-08-16,Placer,061,380077,29031,27384,2395,29779,306
2021-08-16,Plumas,063,18699,918,851,14,865,5
2021-08-16,Riverside,065,2383286,322297,314774,15075,329849,4582
2021-08-16,Sacramento,067,1510023,129623,124554,2630,127184,1762
2021-08-16,San Benito,069,59416,6542,6452,127,6579,64
2021-08-16,San Bernardino,071,2135413,318863,313617,9804,323421,5301
2021-08-16,San Diego,073,3302833,321694,315348,18498,333846,3824
2021-08-16,San Francisco,075,870044,46035,44681,1909,46590,567
2021-08-16,San Joaquin,077,732212,83411,81087,4307,85394,1488
2021-08-16,San Luis Obispo,079,281455,24099,23452,917,24369,265
2021-08-16,San Mateo,081,765935,48262,47024,690,47714,548
2021-08-16,Santa Barbara,083,443738,38730,37358,1386,38744,475
2021-08-16,Santa Clara,085,1922200,131251,127978,965,128943,1773
2021-08-16,Santa Cruz,087,273765,17889,17491,895,18386,209
2021-08-16,Shasta,089,179085,14464,13862,2013,15875,211
2021-08-16,Sierra,091,2930,87,82,13,95,0
2021-08-16,Siskiyou,093,43540,2284,2169,566,2735,33
2021-08-16,Solano,095,438530,39581,37436,906,38342,263
2021-08-16,Sonoma,097,501317,36181,34844,431,35275,333
2021-08-16,Stanislaus,099,539301,64056,62033,7017,69050,1039
2021-08-16,Sutter,101,95872,11192,10902,120,11022,130
2021-08-16,Tehama,103,63373,5745,5565,702,6267,66
2021-08-16,Trinity,105,12862,567,400,131,531,3
2021-08-16,Tulare,107,460477,53717,52162,10683,62845,856
2021-08-16,Tuolumne,109,53932,5183,4984,50,5034,64
2021-08-16,Ventura,111,848112,88742,86954,3801,90755,1052
2021-08-16,Yolo,113,214977,16453,15922,693,16615,225
2021-08-16,Yuba,115,75493,7544,7314,170,7484,51
2021-08-15,Alameda,001,1643700,104922,101660,2338,103998,1287
2021-08-15,Alpine,003,1148,90,91,0,91,0
2021-08-15,Amador,005,37829,4371,4231,38,4269,49
2021-08-15,Butte,007,227075,14683,14263,2335,16598,206
2021-08-15,Calaveras,009,45235,2634,2599,18,2617,57
2021-08-15,Colusa,011,21464,2202,2140,432,2572,16
2021-08-15,Contra Costa,013,1133247,84989,81781,1675,83456,848
2021-08-15,Del Norte,015,27424,2327,2060,16,2076,8
2021-08-15,El Dorado,017,186661,12660,12057,1047,13104,118
2021-08-15,Fresno,019,978130,112194,109382,9775,119157,1753
2021-08-15,Glenn,021,27897,2649,2592,652,3244,20
2021-08-15,Humboldt,023,135768,6334,6024,119,6143,52
2021-08-15,Imperial,025,180216,29940,29711,2909,32620,746
2021-08-15,Inyo,027,18085,1493,1489,13,1502,39
2021-08-15,Kern,029,883053,104393,102524,13486,116010,1367
2021-08-15,Kings,031,150075,25402,24736,1323,26059,254
2021-08-15,Lake,033,64148,5014,4886,35,4921,68
2021-08-15,Lassen,035,31185,5557,5482,134,5616,21
2021-08-15,Los Angeles,037,10098052,1317641,1302882,48747,1351629,24918
2021-08-15,Madera,039,155013,18223,17714,1187,18901,246
2021-08-15,Marin,041,260295,15803,15461,317,15778,239
2021-08-15,Mariposa,043,17540,624,591,14,605,5
2021-08-15,Mendocino,045,87422,5273,5022,160,5182,49
2021-08-15,Merced,047,269075,33791,33305,1155,34460,481
2021-08-15,Modoc,049,8938,435,421,151,572,5
2021-08-15,Mono,051,14174,1355,1334,16,1350,3
2021-08-15,Monterey,053,433212,45032,44567,2203,46770,527
2021-08-15,Napa,055,140530,11186,10919,68,10987,83
2021-08-15,Nevada,057,99092,6780,6486,231,6717,74
2021-08-15,Orange,059,3164182,280277,275447,12891,288338,5161
2021-08-15,Placer,061,380077,28809,27220,2347,29567,306
2021-08-15,Plumas,063,18699,906,850,14,864,5
2021-08-15,Riverside,065,2383286,321158,314133,15047,329180,4582
2021-08-15,Sacramento,067,1510023,128808,123924,2598,126522,1761
2021-08-15,San Benito,069,59416,6524,6446,126,6572,64
2021-08-15,San Bernardino,071,2135413,317789,313120,9772,322892,5301
2021-08-15,San Diego,073,3302833,320209,314247,18383,332630,3824
2021-08-15,San Francisco,075,870044,45807,44531,1890,46421,567
2021-08-15,San Joaquin,077,732212,82922,80832,4267,85099,1488
2021-08-15,San Luis Obispo,079,281455,23902,23404,907,24311,265
2021-08-15,San Mateo,081,765935,48076,46897,684,47581,548
2021-08-15,Santa Barbara,083,443738,38561,37276,1379,38655,475
2021-08-15,Santa Clara,085,1922200,130818,127715,959,128674,1773
2021-08-15,Santa Cruz,087,273765,17819,17440,888,18328,209
2021-08-15,Shasta,089,179085,14361,13835,1987,15822,211
2021-08-15,Sierra,091,2930,86,82,12,94,0
2021-08-15,Siskiyou,093,43540,2263,2169,552,2721,33
2021-08-15,Solano,095,438530,39326,37320,895,38215,263
2021-08-15,Sonoma,097,501317,35985,34706,423,35129,333
2021-08-15,Stanislaus,099,539301,63665,61795,6939,68734,1039
2021-08-15,Sutter,101,95872,11101,10863,120,10983,130
2021-08-15,Tehama,103,63373,5696,5550,696,6246,66
2021-08-15,Trinity,105,12862,563,400,130,530,3
2021-08-15,Tulare,107,460477,53461,52046,10623,62669,856
2021-08-15,Tuolumne,109,53932,5145,4934,48,4982,64
2021-08-15,Ventura,111,848112,88437,86797,3787,90584,1052
2021-08-15,Yolo,113,214977,16357,15873,683,16556,225
2021-08-15,Yuba,115,75493,7467,7265,169,7434,51
2021-08-14,Alameda,001,1643700,104703,101305,2334,103639,1287
2021-08-14,Alpine,003,1148,90,91,0,91,0
2021-08-14,Amador,005,37829,4353,4206,38,4244,49
2021-08-14,Butte,007,227075,14646,14192,2319,16511,206
2021-08-14,Calaveras,009,45235,2629,2579,18,2597,57
2021-08-14,Colusa,011,21464,2192,2134,428,2562,16
2021-08-14,Contra Costa,013,1133247,84741,81458,1667,83125,848
2021-08-14,Del Norte,015,27424,2300,2015,16,2031,8
2021-08-14,El Dorado,017,186661,12624,12019,1038,13057,118
2021-08-14,Fresno,019,978130,112036,109056,9745,118801,1753
2021-08-14,Glenn,021,27897,2638,2583,650,3233,20
2021-08-14,Humboldt,023,135768,6280,5998,115,6113,52
2021-08-14,Imperial,025,180216,29913,29671,2909,32580,746
2021-08-14,Inyo,027,18085,1491,1487,13,1500,39
2021-08-14,Kern,029,883053,104198,102306,13390,115696,1367
2021-08-14,Kings,031,150075,25308,24647,1314,25961,254
2021-08-14,Lake,033,64148,4997,4850,34,4884,68
2021-08-14,Lassen,035,31185,5550,5475,133,5608,21
2021-08-14,Los Angeles,037,10098052,1315877,1299346,48609,1347955,24911
2021-08-14,Madera,039,155013,18176,17691,1182,18873,246
2021-08-14,Marin,041,260295,15769,15441,317,15758,239
2021-08-14,Mariposa,043,17540,620,584,14,598,5
2021-08-14,Mendocino,045,87422,5237,4977,157,5134,49
2021-08-14,Merced,047,269075,33727,33234,1149,34383,481
2021-08-14,Modoc,049,8938,435,421,151,572,5
2021-08-14,Mono,051,14174,1353,1332,16,1348,3
2021-08-14,Monterey,053,433212,44988,44514,2200,46714,527
2021-08-14,Napa,055,140530,11156,10878,67,10945,83
2021-08-14,Nevada,057,99092,6745,6419,230,6649,74
2021-08-14,Orange,059,3164182,279844,274732,12863,287595,5161
2021-08-14,Placer,061,380077,28663,27115,2323,29438,306
2021-08-14,Plumas,063,18699,896,849,14,863,5
2021-08-14,Riverside,065,2383286,320443,313264,15026,328290,4582
2021-08-14,Sacramento,067,1510023,128315,123438,2580,126018,1758
2021-08-14,San Benito,069,59416,6511,6428,126,6554,64
2021-08-14,San Bernardino,071,2135413,317241,312142,9751,321893,5301
2021-08-14,San Diego,073,3302833,319538,313589,18315,331904,3824
2021-08-14,San Francisco,075,870044,45679,44353,1871,46224,567
2021-08-14,San Joaquin,077,732212,82706,80585,4252,84837,1488
2021-08-14,San Luis Obispo,079,281455,23841,23328,904,24232,265
2021-08-14,San Mateo,081,765935,47957,46792,679,47471,548
2021-08-14,Santa Barbara,083,443738,38467,37118,1376,38494,475
2021-08-14,Santa Clara,085,1922200,130539,127432,956,128388,1772
2021-08-14,Santa Cruz,087,273765,17780,17384,887,18271,209
2021-08-14,Shasta,089,179085,14286,13813,1966,15779,211
2021-08-14,Sierra,091,2930,86,81,12,93,0
2021-08-14,Siskiyou,093,43540,2253,2160,542,2702,33
2021-08-14,Solano,095,438530,39239,37237,883,38120,263
2021-08-14,Sonoma,097,501317,35862,34606,421,35027,333
2021-08-14,Stanislaus,099,539301,63475,61564,6894,68458,1039
2021-08-14,Sutter,101,95872,11056,10808,119,10927,130
2021-08-14,Tehama,103,63373,5672,5530,692,6222,66
2021-08-14,Trinity,105,12862,557,399,130,529,3
2021-08-14,Tulare,107,460477,53326,51951,10577,62528,856
2021-08-14,Tuolumne,109,53932,5110,4924,48,4972,64
2021-08-14,Ventura,111,848112,88280,86569,3767,90336,1052
2021-08-14,Yolo,113,214977,16312,15815,673,16488,225
2021-08-14,Yuba,115,75493,7418,7223,169,7392,51
2021-08-13,Alameda,001,1643700,104403,100930,2326,103256,1284
2021-08-13,Alpine,003,1148,90,91,0,91,0
2021-08-13,Amador,005,37829,4325,4169,38,4207,49
2021-08-13,Butte,007,227075,14575,14100,2303,16403,206
2021-08-13,Calaveras,009,45235,2619,2564,18,2582,57
2021-08-13,Colusa,011,21464,2185,2123,423,2546,16
2021-08-13,Contra Costa,013,1133247,84428,81046,1659,82705,848
2021-08-13,Del Norte,015,27424,2259,1973,16,1989,8
2021-08-13,El Dorado,017,186661,12585,11951,1026,12977,118
2021-08-13,Fresno,019,978130,111747,108638,9724,118362,1753
2021-08-13,Glenn,021,27897,2627,2574,648,3222,20
2021-08-13,Humboldt,023,135768,6233,5882,112,5994,52
2021-08-13,Imperial,025,180216,29886,29654,2908,32562,745
2021-08-13,Inyo,027,18085,1490,1484,13,1497,39
2021-08-13,Kern,029,883053,103990,102029,13281,115310,1364
2021-08-13,Kings,031,150075,25224,24531,1307,25838,253
2021-08-13,Lake,033,64148,4974,4811,33,4844,68
2021-08-13,Lassen,035,31185,5542,5455,132,5587,21
2021-08-13,Los Angeles,037,10098052,1313565,1295406,48474,1343880,24891
2021-08-13,Madera,039,155013,18127,17614,1173,18787,246
2021-08-13,Marin,041,260295,15739,15380,317,15697,239
2021-08-13,Mariposa,043,17540,614,577,14,591,5
2021-08-13,Mendocino,045,87422,5190,4924,155,5079,49
2021-08-13,Merced,047,269075,33679,33111,1144,34255,480
2021-08-13,Modoc,049,8938,434,421,150,571,5
2021-08-13,Mono,051,14174,1351,1331,16,1347,3
2021-08-13,Monterey,053,433212,44928,44450,2198,46648,527
2021-08-13,Napa,055,140530,11120,10830,67,10897,83
2021-08-13,Nevada,057,99092,6704,6356,229,6585,74
2021-08-13,Orange,059,3164182,279350,274004,12814,286818,5159
2021-08-13,Placer,061,380077,28563,26987,2296,29283,306
2021-08-13,Plumas,063,18699,882,842,14,856,5
2021-08-13,Riverside,065,2383286,319705,312408,15001,327409,4581
2021-08-13,Sacramento,067,1510023,127848,122868,2552,125420,1758
2021-08-13,San Benito,069,59416,6505,6422,124,6546,64
2021-08-13,San Bernardino,071,2135413,316573,311378,9732,321110,5301
2021-08-13,San Diego,073,3302833,318492,312293,18235,330528,3821
2021-08-13,San Francisco,075,870044,45542,44196,1847,46043,567
2021-08-13,San Joaquin,077,732212,82489,80232,4236,84468,1481
2021-08-13,San Luis Obispo,079,281455,23779,23226,901,24127,265
2021-08-13,San Mateo,081,765935,47839,46660,677,47337,548
2021-08-13,Santa Barbara,083,443738,38383,37023,1372,38395,474
2021-08-13,Santa Clara,085,1922200,130252,126958,951,127909,1769
2021-08-13,Santa Cruz,087,273765,17741,17332,880,18212,209
2021-08-13,Shasta,089,179085,14223,13698,1952,15650,211
2021-08-13,Sierra,091,2930,85,81,12,93,0
2021-08-13,Siskiyou,093,43540,2244,2147,538,2685,33
2021-08-13,Solano,095,438530,39105,37104,875,37979,264
2021-08-13,Sonoma,097,501317,35757,34464,421,34885,333
2021-08-13,Stanislaus,099,539301,63292,61294,6852,68146,1039
2021-08-13,Sutter,101,95872,11012,10751,118,10869,130
2021-08-13,Tehama,103,63373,5648,5496,690,6186,66
2021-08-13,Trinity,105,12862,553,392,130,522,3
2021-08-13,Tulare,107,460477,53222,51770,10502,62272,856
2021-08-13,Tuolumne,109,53932,5077,4899,47,4946,64
2021-08-13,Ventura,111,848112,88122,86368,3754,90122,1052
2021-08-13,Yolo,113,214977,16259,15761,663,16424,225
2021-08-13,Yuba,115,75493,7380,7184,169,7353,51
2021-08-12,Alameda,001,1643700,103901,100472,2313,102785,1284
2021-08-12,Alpine,003,1148,90,91,0,91,0
2021-08-12,Amador,005,37829,4295,4161,37,4198,49
2021-08-12,Butte,007,227075,14497,14006,2285,16291,206
2021-08-12,Calaveras,009,45235,2599,2531,18,2549,57
2021-08-12,Colusa,011,21464,2180,2111,422,2533,17
2021-08-12,Contra Costa,013,1133247,83946,80738,1644,82382,846
2021-08-12,Del Norte,015,27424,2187,1923,16,1939,8
2021-08-12,El Dorado,017,186661,12471,11880,1018,12898,118
2021-08-12,Fresno,019,978130,111331,108193,9663,117856,1753
2021-08-12,Glenn,021,27897,2619,2559,642,3201,20
2021-08-12,Humboldt,023,135768,6163,5845,108,5953,52
2021-08-12,Imperial,025,180216,29830,29585,2902,32487,745
2021-08-12,Inyo,027,18085,1488,1483,13,1496,39
2021-08-12,Kern,029,883053,103703,101698,13201,114899,1364
2021-08-12,Kings,031,150075,25124,24423,1298,25721,252
2021-08-12,Lake,033,64148,4948,4774,33,4807,68
2021-08-12,Lassen,035,31185,5520,5428,131,5559,21
2021-08-12,Los Angeles,037,10098052,1310382,1291875,48339,1340214,24874
2021-08-12,Madera,039,155013,18063,17564,1161,18725,246
2021-08-12,Marin,041,260295,15690,15277,313,15590,239
2021-08-12,Mariposa,043,17540,605,568,13,581,5
2021-08-12,Mendocino,045,87422,5160,4873,149,5022,49
2021-08-12,Merced,047,269075,33555,32960,1137,34097,480
2021-08-12,Modoc,049,8938,433,423,150,573,5
2021-08-12,Mono,051,14174,1348,1325,16,1341,3
2021-08-12,Monterey,053,433212,44852,44383,2181,46564,527
2021-08-12,Napa,055,140530,11071,10780,66,10846,83
2021-08-12,Nevada,057,99092,6643,6283,229,6512,74
2021-08-12,Orange,059,3164182,278673,273167,12756,285923,5158
2021-08-12,Placer,061,380077,28363,26856,2272,29128,306
2021-08-12,Plumas,063,18699,874,829,14,843,5
2021-08-12,Riverside,065,2383286,318696,311304,14968,326272,4575
2021-08-12,Sacramento,067,1510023,127077,122222,2522,124744,1758
2021-08-12,San Benito,069,59416,6488,6398,122,6520,64
2021-08-12,San Bernardino,071,2135413,315699,310420,9703,320123,5297
2021-08-12,San Diego,073,3302833,317114,310596,18150,328746,3821
2021-08-12,San Francisco,075,870044,45334,43774,1834,45608,564
2021-08-12,San Joaquin,077,732212,82094,79945,4214,84159,1479
2021-08-12,San Luis Obispo,079,281455,23679,23101,888,23989,264
2021-08-12,San Mateo,081,765935,47695,46435,674,47109,548
2021-08-12,Santa Barbara,083,443738,38246,36881,1363,38244,473
2021-08-12,Santa Clara,085,1922200,129803,126614,945,127559,1769
2021-08-12,Santa Cruz,087,273765,17677,17261,879,18140,209
2021-08-12,Shasta,089,179085,14137,13621,1925,15546,211
2021-08-12,Sierra,091,2930,85,81,12,93,0
2021-08-12,Siskiyou,093,43540,2237,2134,528,2662,33
2021-08-12,Solano,095,438530,38876,36980,866,37846,262
2021-08-12,Sonoma,097,501317,35609,34299,418,34717,333
2021-08-12,Stanislaus,099,539301,63017,61026,6793,67819,1039
2021-08-12,Sutter,101,95872,10951,10695,116,10811,130
2021-08-12,Tehama,103,63373,5618,5462,681,6143,66
2021-08-12,Trinity,105,12862,549,386,129,515,3
2021-08-12,Tulare,107,460477,53077,51632,10452,62084,856
2021-08-12,Tuolumne,109,53932,5030,4845,45,4890,64
2021-08-12,Ventura,111,848112,87886,86106,3730,89836,1052
2021-08-12,Yolo,113,214977,16188,15686,650,16336,224
2021-08-12,Yuba,115,75493,7332,7128,168,7296,51
2021-08-11,Alameda,001,1643700,103371,100040,2309,102349,1281
2021-08-11,Alpine,003,1148,90,91,0,91,0
2021-08-11,Amador,005,37829,4271,4127,37,4164,49
2021-08-11,Butte,007,227075,14393,13905,2260,16165,206
2021-08-11,Calaveras,009,45235,2577,2505,18,2523,57
2021-08-11,Colusa,011,21464,2170,2101,420,2521,16
2021-08-11,Contra Costa,013,1133247,83448,80275,1627,81902,843
2021-08-11,Del Norte,015,27424,2128,1893,16,1909,8
2021-08-11,El Dorado,017,186661,12358,11799,1006,12805,119
2021-08-11,Fresno,019,978130,110873,107773,9621,117394,1751
2021-08-11,Glenn,021,27897,2611,2547,635,3182,20
2021-08-11,Humboldt,023,135768,6116,5765,107,5872,52
2021-08-11,Imperial,025,180216,29787,29565,2898,32463,745
2021-08-11,Inyo,027,18085,1488,1483,13,1496,39
2021-08-11,Kern,029,883053,103389,101448,13090,114538,1363
2021-08-11,Kings,031,150075,25009,24304,1289,25593,250
2021-08-11,Lake,033,64148,4911,4713,32,4745,68
2021-08-11,Lassen,035,31185,5511,5408,129,5537,21
2021-08-11,Los Angeles,037,10098052,1307072,1288238,48151,1336389,24851
2021-08-11,Madera,039,155013,18013,17511,1150,18661,245
2021-08-11,Marin,041,260295,15641,15235,313,15548,239
2021-08-11,Mariposa,043,17540,595,554,12,566,5
2021-08-11,Mendocino,045,87422,5091,4796,141,4937,49
2021-08-11,Merced,047,269075,33421,32802,1133,33935,479
2021-08-11,Modoc,049,8938,433,421,150,571,5
2021-08-11,Mono,051,14174,1343,1320,16,1336,3
2021-08-11,Monterey,053,433212,44753,44314,2163,46477,527
2021-08-11,Napa,055,140530,11030,10732,66,10798,83
2021-08-11,Nevada,057,99092,6588,6172,226,6398,74
2021-08-11,Orange,059,3164182,277820,272212,12709,284921,5155
2021-08-11,Placer,061,380077,28151,26687,2246,28933,305
2021-08-11,Plumas,063,18699,865,824,14,838,5
2021-08-11,Riverside,065,2383286,317703,310265,14933,325198,4570
2021-08-11,Sacramento,067,1510023,126284,121603,2479,124082,1757
2021-08-11,San Benito,069,59416,6475,6381,122,6503,64
2021-08-11,San Bernardino,071,2135413,314806,309498,9681,319179,5296
2021-08-11,San Diego,073,3302833,315628,309406,18051,327457,3818
2021-08-11,San Francisco,075,870044,45109,43555,1826,45381,564
2021-08-11,San Joaquin,077,732212,81687,79641,4187,83828,1478
2021-08-11,San Luis Obispo,079,281455,23575,22920,881,23801,264
2021-08-11,San Mateo,081,765935,47527,46300,671,46971,548
2021-08-11,Santa Barbara,083,443738,38084,36699,1353,38052,472
2021-08-11,Santa Clara,085,1922200,129323,126301,937,127238,1769
2021-08-11,Santa Cruz,087,273765,17611,17191,876,18067,209
2021-08-11,Shasta,089,179085,14063,13546,1909,15455,211
2021-08-11,Sierra,091,2930,84,81,12,93,0
2021-08-11,Siskiyou,093,43540,2223,2124,521,2645,33
2021-08-11,Solano,095,438530,38640,36862,852,37714,262
2021-08-11,Sonoma,097,501317,35432,34188,413,34601,333
2021-08-11,Stanislaus,099,539301,62673,60767,6763,67530,1037
2021-08-11,Sutter,101,95872,10879,10628,116,10744,130
2021-08-11,Tehama,103,63373,5588,5410,664,6074,66
2021-08-11,Trinity,105,12862,547,385,129,514,3
2021-08-11,Tulare,107,460477,52908,51464,10407,61871,854
2021-08-11,Tuolumne,109,53932,4998,4794,45,4839,64
2021-08-11,Ventura,111,848112,87634,85863,3709,89572,1051
2021-08-11,Yolo,113,214977,16113,15593,636,16229,218
2021-08-11,Yuba,115,75493,7273,7063,167,7230,53
2021-08-10,Alameda,001,1643700,102882,99771,2301,102072,1281
2021-08-10,Alpine,003,1148,90,91,0,91,0
2021-08-10,Amador,005,37829,4255,4093,37,4130,49
2021-08-10,Butte,007,227075,14309,13853,2238,16091,205
2021-08-10,Calaveras,009,45235,2554,2491,16,2507,57
2021-08-10,Colusa,011,21464,2157,2088,411,2499,16
2021-08-10,Contra Costa,013,1133247,82907,80018,1617,81635,840
2021-08-10,Del Norte,015,27424,2084,1870,16,1886,8
2021-08-10,El Dorado,017,186661,12259,11734,996,12730,117
2021-08-10,Fresno,019,978130,110420,107616,9571,117187,1747
2021-08-10,Glenn,021,27897,2598,2538,626,3164,20
2021-08-10,Humboldt,023,135768,6062,5718,104,5822,52
2021-08-10,Imperial,025,180216,29752,29522,2892,32414,745
2021-08-10,Inyo,027,18085,1488,1482,13,1495,39
2021-08-10,Kern,029,883053,103060,101254,12994,114248,1359
2021-08-10,Kings,031,150075,24880,24252,1273,25525,251
2021-08-10,Lake,033,64148,4870,4700,32,4732,67
2021-08-10,Lassen,035,31185,5493,5401,129,5530,21
2021-08-10,Los Angeles,037,10098052,1303332,1285140,47987,1333127,24821
2021-08-10,Madera,039,155013,17940,17481,1140,18621,245
2021-08-10,Marin,041,260295,15594,15194,313,15507,239
2021-08-10,Mariposa,043,17540,582,550,12,562,5
2021-08-10,Mendocino,045,87422,5046,4775,138,4913,49
2021-08-10,Merced,047,269075,33273,32721,1125,33846,477
2021-08-10,Modoc,049,8938,432,421,150,571,5
2021-08-10,Mono,051,14174,1338,1320,16,1336,3
2021-08-10,Monterey,053,433212,44691,44259,2148,46407,527
2021-08-10,Napa,055,140530,10974,10703,65,10768,83
2021-08-10,Nevada,057,99092,6522,6151,225,6376,73
2021-08-10,Orange,059,3164182,276935,271688,12662,284350,5155
2021-08-10,Placer,061,380077,27932,26561,2204,28765,305
2021-08-10,Plumas,063,18699,856,816,14,830,5
2021-08-10,Riverside,065,2383286,316587,309529,14907,324436,4564
2021-08-10,Sacramento,067,1510023,125432,121159,2449,123608,1755
2021-08-10,San Benito,069,59416,6461,6371,122,6493,64
2021-08-10,San Bernardino,071,2135413,313886,308672,9664,318336,5295
2021-08-10,San Diego,073,3302833,313965,308288,17975,326263,3815
2021-08-10,San Francisco,075,870044,44853,43389,1810,45199,564
2021-08-10,San Joaquin,077,732212,81287,79391,4170,83561,1478
2021-08-10,San Luis Obispo,079,281455,23449,22776,879,23655,264
2021-08-10,San Mateo,081,765935,47351,46184,669,46853,548
2021-08-10,Santa Barbara,083,443738,37920,36574,1346,37920,472
2021-08-10,Santa Clara,085,1922200,128861,126019,930,126949,1770
2021-08-10,Santa Cruz,087,273765,17528,17142,874,18016,209
2021-08-10,Shasta,089,179085,13985,13461,1885,15346,211
2021-08-10,Sierra,091,2930,84,76,12,88,0
2021-08-10,Siskiyou,093,43540,2214,2088,514,2602,33
2021-08-10,Solano,095,438530,38395,36767,841,37608,262
2021-08-10,Sonoma,097,501317,35288,34054,410,34464,333
2021-08-10,Stanislaus,099,539301,62324,60605,6726,67331,1037
2021-08-10,Sutter,101,95872,10814,10569,116,10685,130
2021-08-10,Tehama,103,63373,5559,5392,659,6051,66
2021-08-10,Trinity,105,12862,547,384,129,513,3
2021-08-10,Tulare,107,460477,52745,51390,10355,61745,854
2021-08-10,Tuolumne,109,53932,4970,4780,43,4823,64
2021-08-10,Ventura,111,848112,87344,85714,3688,89402,1051
2021-08-10,Yolo,113,214977,16025,15568,626,16194,218
2021-08-10,Yuba,115,75493,7223,7028,167,7195,50
2021-08-09,Alameda,001,1643700,102321,99496,2297,101793,1276
2021-08-09,Alpine,003,1148,90,91,0,91,0
2021-08-09,Amador,005,37829,4229,4078,37,4115,48
2021-08-09,Butte,007,227075,14214,13813,2207,16020,205
2021-08-09,Calaveras,009,45235,2526,2472,16,2488,57
2021-08-09,Colusa,011,21464,2147,2075,403,2478,16
2021-08-09,Contra Costa,013,1133247,82362,79740,1605,81345,840
2021-08-09,Del Norte,015,27424,2016,1848,16,1864,8
2021-08-09,El Dorado,017,186661,12151,11672,982,12654,117
2021-08-09,Fresno,019,978130,109928,107310,9535,116845,1747
2021-08-09,Glenn,021,27897,2587,2532,616,3148,20
2021-08-09,Humboldt,023,135768,5971,5632,102,5734,52
2021-08-09,Imperial,025,180216,29708,29512,2887,32399,745
2021-08-09,Inyo,027,18085,1488,1481,13,1494,39
2021-08-09,Kern,029,883053,102749,101069,12908,113977,1359
2021-08-09,Kings,031,150075,24773,24155,1258,25413,250
2021-08-09,Lake,033,64148,4835,4670,30,4700,66
2021-08-09,Lassen,035,31185,5471,5393,128,5521,21
2021-08-09,Los Angeles,037,10098052,1299338,1282891,47793,1330684,24798
2021-08-09,Madera,039,155013,17881,17429,1120,18549,245
2021-08-09,Marin,041,260295,15541,15154,312,15466,239
2021-08-09,Mariposa,043,17540,569,545,12,557,5
2021-08-09,Mendocino,045,87422,4995,4732,130,4862,49
2021-08-09,Merced,047,269075,33127,32666,1118,33784,477
2021-08-09,Modoc,049,8938,432,419,150,569,5
2021-08-09,Mono,051,14174,1335,1337,16,1353,3
2021-08-09,Monterey,053,433212,44618,44190,2132,46322,527
2021-08-09,Napa,055,140530,10927,10679,65,10744,83
2021-08-09,Nevada,057,99092,6451,6088,224,6312,73
2021-08-09,Orange,059,3164182,275900,271036,12610,283646,5153
2021-08-09,Placer,061,380077,27709,26457,2174,28631,305
2021-08-09,Plumas,063,18699,839,803,14,817,5
2021-08-09,Riverside,065,2383286,315509,308678,14887,323565,4562
2021-08-09,Sacramento,067,1510023,124597,120812,2424,123236,1748
2021-08-09,San Benito,069,59416,6441,6359,120,6479,63
2021-08-09,San Bernardino,071,2135413,312904,308038,9640,317678,5295
2021-08-09,San Diego,073,3302833,312292,306855,17880,324735,3811
2021-08-09,San Francisco,075,870044,44608,43261,1792,45053,564
2021-08-09,San Joaquin,077,732212,80903,79198,4152,83350,1469
2021-08-09,San Luis Obispo,079,281455,23310,22695,870,23565,264
2021-08-09,San Mateo,081,765935,47179,46040,665,46705,548
2021-08-09,Santa Barbara,083,443738,37734,36474,1338,37812,470
2021-08-09,Santa Clara,085,1922200,128357,125791,921,126712,2187
2021-08-09,Santa Cruz,087,273765,17467,17082,874,17956,209
2021-08-09,Shasta,089,179085,13868,13397,1874,15271,210
2021-08-09,Sierra,091,2930,83,75,12,87,0
2021-08-09,Siskiyou,093,43540,2202,2047,497,2544,32
2021-08-09,Solano,095,438530,38119,36653,839,37492,262
2021-08-09,Sonoma,097,501317,35107,33933,408,34341,333
2021-08-09,Stanislaus,099,539301,62041,60410,6675,67085,1037
2021-08-09,Sutter,101,95872,10765,10525,113,10638,129
2021-08-09,Tehama,103,63373,5516,5373,657,6030,66
2021-08-09,Trinity,105,12862,545,378,127,505,3
2021-08-09,Tulare,107,460477,52584,51274,10290,61564,854
2021-08-09,Tuolumne,109,53932,4928,4745,43,4788,64
2021-08-09,Ventura,111,848112,87073,85514,3678,89192,1047
2021-08-09,Yolo,113,214977,15947,15521,605,16126,218
2021-08-09,Yuba,115,75493,7164,6994,167,7161,50
2021-08-08,Alameda,001,1643700,101766,99135,2290,101425,1276
2021-08-08,Alpine,003,1148,90,91,0,91,0
2021-08-08,Amador,005,37829,4195,4057,36,4093,48
2021-08-08,Butte,007,227075,14129,13791,2188,15979,205
2021-08-08,Calaveras,009,45235,2494,2462,16,2478,57
2021-08-08,Colusa,011,21464,2130,2070,396,2466,16
2021-08-08,Contra Costa,013,1133247,81839,79454,1598,81052,840
2021-08-08,Del Norte,015,27424,1970,1810,16,1826,8
2021-08-08,El Dorado,017,186661,12032,11631,971,12602,117
2021-08-08,Fresno,019,978130,109490,107078,9503,116581,1747
2021-08-08,Glenn,021,27897,2577,2527,611,3138,20
2021-08-08,Humboldt,023,135768,5880,5571,102,5673,52
2021-08-08,Imperial,025,180216,29684,29485,2877,32362,745
2021-08-08,Inyo,027,18085,1488,1481,13,1494,39
2021-08-08,Kern,029,883053,102430,100909,12795,113704,1359
2021-08-08,Kings,031,150075,24661,24095,1249,25344,250
2021-08-08,Lake,033,64148,4785,4636,29,4665,66
2021-08-08,Lassen,035,31185,5456,5391,127,5518,21
2021-08-08,Los Angeles,037,10098052,1295101,1279982,47608,1327590,24793
2021-08-08,Madera,039,155013,17802,17398,1103,18501,245
2021-08-08,Marin,041,260295,15488,15124,310,15434,239
2021-08-08,Mariposa,043,17540,565,538,12,550,5
2021-08-08,Mendocino,045,87422,4933,4702,117,4819,49
2021-08-08,Merced,047,269075,32980,32634,1109,33743,477
2021-08-08,Modoc,049,8938,431,419,149,568,5
2021-08-08,Mono,051,14174,1331,1336,16,1352,3
2021-08-08,Monterey,053,433212,44548,44171,2121,46292,527
2021-08-08,Napa,055,140530,10891,10668,65,10733,83
2021-08-08,Nevada,057,99092,6366,6009,222,6231,73
2021-08-08,Orange,059,3164182,274988,270532,12571,283103,5153
2021-08-08,Placer,061,380077,27503,26332,2133,28465,305
2021-08-08,Plumas,063,18699,831,803,14,817,5
2021-08-08,Riverside,065,2383286,314387,308042,14863,322905,4562
2021-08-08,Sacramento,067,1510023,123770,120109,2412,122521,1744
2021-08-08,San Benito,069,59416,6424,6350,119,6469,63
2021-08-08,San Bernardino,071,2135413,311758,307378,9610,316988,5295
2021-08-08,San Diego,073,3302833,310945,305983,17786,323769,3811
2021-08-08,San Francisco,075,870044,44352,43098,1769,44867,564
2021-08-08,San Joaquin,077,732212,80455,79002,4136,83138,1469
2021-08-08,San Luis Obispo,079,281455,23136,22668,862,23530,263
2021-08-08,San Mateo,081,765935,46989,45927,662,46589,548
2021-08-08,Santa Barbara,083,443738,37558,36417,1331,37748,470
2021-08-08,Santa Clara,085,1922200,127906,125553,916,126469,2187
2021-08-08,Santa Cruz,087,273765,17392,17035,869,17904,209
2021-08-08,Shasta,089,179085,13782,13381,1863,15244,210
2021-08-08,Sierra,091,2930,83,74,12,86,0
2021-08-08,Siskiyou,093,43540,2186,2041,492,2533,32
2021-08-08,Solano,095,438530,37867,36551,835,37386,262
2021-08-08,Sonoma,097,501317,34863,33805,407,34212,333
2021-08-08,Stanislaus,099,539301,61697,60269,6630,66899,1037
2021-08-08,Sutter,101,95872,10705,10481,112,10593,129
2021-08-08,Tehama,103,63373,5478,5359,654,6013,66
2021-08-08,Trinity,105,12862,540,378,127,505,3
2021-08-08,Tulare,107,460477,52404,51220,10230,61450,854
2021-08-08,Tuolumne,109,53932,4889,4731,43,4774,64
2021-08-08,Ventura,111,848112,86782,85382,3668,89050,1047
2021-08-08,Yolo,113,214977,15855,15477,598,16075,218
2021-08-08,Yuba,115,75493,7125,6967,167,7134,50
2021-08-07,Alameda,001,1643700,101516,98812,2284,101096,1276
2021-08-07,Alpine,003,1148,90,91,0,91,0
2021-08-07,Amador,005,37829,4178,4041,35,4076,48
2021-08-07,Butte,007,227075,14077,13714,2177,15891,205
2021-08-07,Calaveras,009,45235,2484,2446,16,2462,57
2021-08-07,Colusa,011,21464,2125,2067,387,2454,16
2021-08-07,Contra Costa,013,1133247,81543,79168,1595,80763,840
2021-08-07,Del Norte,015,27424,1938,1791,16,1807,8
2021-08-07,El Dorado,017,186661,11982,11575,964,12539,117
2021-08-07,Fresno,019,978130,109288,106861,9481,116342,1747
2021-08-07,Glenn,021,27897,2570,2515,610,3125,20
2021-08-07,Humboldt,023,135768,5830,5510,99,5609,52
2021-08-07,Imperial,025,180216,29665,29470,2877,32347,745
2021-08-07,Inyo,027,18085,1486,1476,13,1489,39
2021-08-07,Kern,029,883053,102272,100693,12740,113433,1359
2021-08-07,Kings,031,150075,24602,24048,1243,25291,250
2021-08-07,Lake,033,64148,4764,4613,29,4642,66
2021-08-07,Lassen,035,31185,5452,5386,127,5513,21
2021-08-07,Los Angeles,037,10098052,1293099,1276853,47458,1324311,24786
2021-08-07,Madera,039,155013,17767,17366,1098,18464,245
2021-08-07,Marin,041,260295,15454,15085,309,15394,239
2021-08-07,Mariposa,043,17540,562,530,12,542,5
2021-08-07,Mendocino,045,87422,4897,4690,115,4805,49
2021-08-07,Merced,047,269075,32916,32569,1106,33675,477
2021-08-07,Modoc,049,8938,431,419,149,568,5
2021-08-07,Mono,051,14174,1329,1329,16,1345,3
2021-08-07,Monterey,053,433212,44496,44124,2116,46240,527
2021-08-07,Napa,055,140530,10870,10658,64,10722,83
2021-08-07,Nevada,057,99092,6316,5967,220,6187,73
2021-08-07,Orange,059,3164182,274400,269900,12540,282440,5153
2021-08-07,Placer,061,380077,27316,26244,2125,28369,305
2021-08-07,Plumas,063,18699,826,801,14,815,5
2021-08-07,Riverside,065,2383286,313715,307326,14856,322182,4562
2021-08-07,Sacramento,067,1510023,123269,119636,2408,122044,1744
2021-08-07,San Benito,069,59416,6414,6332,119,6451,63
2021-08-07,San Bernardino,071,2135413,311171,306663,9593,316256,5295
2021-08-07,San Diego,073,3302833,310190,304974,17751,322725,3811
2021-08-07,San Francisco,075,870044,44180,42926,1751,44677,564
2021-08-07,San Joaquin,077,732212,80291,78769,4122,82891,1469
2021-08-07,San Luis Obispo,079,281455,23067,22579,861,23440,263
2021-08-07,San Mateo,081,765935,46862,45804,660,46464,548
2021-08-07,Santa Barbara,083,443738,37462,36303,1325,37628,470
2021-08-07,Santa Clara,085,1922200,127635,125196,911,126107,2188
2021-08-07,Santa Cruz,087,273765,17350,16994,867,17861,209
2021-08-07,Shasta,089,179085,13727,13361,1855,15216,210
2021-08-07,Sierra,091,2930,83,74,12,86,0
2021-08-07,Siskiyou,093,43540,2174,2039,490,2529,32
2021-08-07,Solano,095,438530,37751,36458,827,37285,262
2021-08-07,Sonoma,097,501317,34741,33716,407,34123,333
2021-08-07,Stanislaus,099,539301,61508,60093,6600,66693,1037
2021-08-07,Sutter,101,95872,10668,10447,112,10559,129
2021-08-07,Tehama,103,63373,5468,5343,649,5992,66
2021-08-07,Trinity,105,12862,536,377,126,503,3
2021-08-07,Tulare,107,460477,52317,51133,10192,61325,854
2021-08-07,Tuolumne,109,53932,4859,4721,43,4764,64
2021-08-07,Ventura,111,848112,86602,85232,3653,88885,1047
2021-08-07,Yolo,113,214977,15811,15423,591,16014,218
2021-08-07,Yuba,115,75493,7100,6937,165,7102,50
2021-08-06,Alameda,001,1643700,101185,98487,2277,100764,1275
2021-08-06,Alpine,003,1148,90,91,0,91,0
2021-08-06,Amador,005,37829,4157,4002,35,4037,48
2021-08-06,Butte,007,227075,14029,13626,2165,15791,205
2021-08-06,Calaveras,009,45235,2474,2419,16,2435,57
2021-08-06,Colusa,011,21464,2119,2045,381,2426,16
2021-08-06,Contra Costa,013,1133247,81249,78796,1589,80385,840
2021-08-06,Del Norte,015,27424,1911,1755,15,1770,8
2021-08-06,El Dorado,017,186661,11933,11498,952,12450,117
2021-08-06,Fresno,019,978130,109027,106542,9454,115996,1747
2021-08-06,Glenn,021,27897,2555,2504,608,3112,20
2021-08-06,Humboldt,023,135768,5779,5421,96,5517,52
2021-08-06,Imperial,025,180216,29654,29404,2873,32277,745
2021-08-06,Inyo,027,18085,1483,1471,13,1484,39
2021-08-06,Kern,029,883053,102095,100427,12654,113081,1359
2021-08-06,Kings,031,150075,24547,23974,1239,25213,250
2021-08-06,Lake,033,64148,4741,4557,29,4586,66
2021-08-06,Lassen,035,31185,5430,5368,127,5495,21
2021-08-06,Los Angeles,037,10098052,1290619,1273081,47308,1320389,24772
2021-08-06,Madera,039,155013,17729,17324,1089,18413,245
2021-08-06,Marin,041,260295,15421,15051,309,15360,239
2021-08-06,Mariposa,043,17540,553,511,12,523,5
2021-08-06,Mendocino,045,87422,4855,4649,114,4763,49
2021-08-06,Merced,047,269075,32856,32456,1103,33559,477
2021-08-06,Modoc,049,8938,431,419,149,568,5
2021-08-06,Mono,051,14174,1327,1328,16,1344,3
2021-08-06,Monterey,053,433212,44428,44058,2103,46161,527
2021-08-06,Napa,055,140530,10843,10620,64,10684,83
2021-08-06,Nevada,057,99092,6260,5874,220,6094,73
2021-08-06,Orange,059,3164182,273839,269077,12523,281600,5151
2021-08-06,Placer,061,380077,27193,26086,2103,28189,305
2021-08-06,Plumas,063,18699,817,795,14,809,5
2021-08-06,Riverside,065,2383286,313005,306304,14845,321149,4562
2021-08-06,Sacramento,067,1510023,122781,119169,2388,121557,1740
2021-08-06,San Benito,069,59416,6397,6315,119,6434,63
2021-08-06,San Bernardino,071,2135413,310472,305806,9584,315390,5286
2021-08-06,San Diego,073,3302833,309152,303691,17702,321393,3810
2021-08-06,San Francisco,075,870044,44023,42659,1733,44392,565
2021-08-06,San Joaquin,077,732212,80143,78405,4110,82515,1469
2021-08-06,San Luis Obispo,079,281455,22999,22472,856,23328,263
2021-08-06,San Mateo,081,765935,46709,45665,655,46320,548
2021-08-06,Santa Barbara,083,443738,37372,36208,1321,37529,470
2021-08-06,Santa Clara,085,1922200,127344,124767,906,125673,2185
2021-08-06,Santa Cruz,087,273765,17308,16924,863,17787,207
2021-08-06,Shasta,089,179085,13661,13284,1849,15133,210
2021-08-06,Sierra,091,2930,83,73,12,85,0
2021-08-06,Siskiyou,093,43540,2164,2030,486,2516,32
2021-08-06,Solano,095,438530,37641,36351,818,37169,262
2021-08-06,Sonoma,097,501317,34654,33594,406,34000,333
2021-08-06,Stanislaus,099,539301,61354,59854,6579,66433,1037
2021-08-06,Sutter,101,95872,10625,10391,112,10503,128
2021-08-06,Tehama,103,63373,5444,5325,648,5973,66
2021-08-06,Trinity,105,12862,535,371,125,496,3
2021-08-06,Tulare,107,460477,52217,51018,10145,61163,854
2021-08-06,Tuolumne,109,53932,4832,4674,43,4717,64
2021-08-06,Ventura,111,848112,86431,85046,3641,88687,1047
2021-08-06,Yolo,113,214977,15758,15299,586,15885,218
2021-08-06,Yuba,115,75493,7077,6904,165,7069,50
2021-08-05,Alameda,001,1643700,100694,98052,2272,100324,1275
2021-08-05,Alpine,003,1148,90,91,0,91,0
2021-08-05,Amador,005,37829,4137,3992,35,4027,48
2021-08-05,Butte,007,227075,13973,13564,2143,15707,206
2021-08-05,Calaveras,009,45235,2456,2397,16,2413,57
2021-08-05,Colusa,011,21464,2107,2036,377,2413,16
2021-08-05,Contra Costa,013,1133247,80822,78514,1581,80095,840
2021-08-05,Del Norte,015,27424,1884,1731,15,1746,8
2021-08-05,El Dorado,017,186661,11849,11408,941,12349,117
2021-08-05,Fresno,019,978130,108658,106219,9419,115638,1747
2021-08-05,Glenn,021,27897,2550,2494,605,3099,20
2021-08-05,Humboldt,023,135768,5705,5328,95,5423,52
2021-08-05,Imperial,025,180216,29623,29383,2869,32252,745
2021-08-05,Inyo,027,18085,1479,1468,13,1481,38
2021-08-05,Kern,029,883053,101873,100091,12569,112660,1358
2021-08-05,Kings,031,150075,24463,23906,1233,25139,249
2021-08-05,Lake,033,64148,4702,4490,27,4517,66
2021-08-05,Lassen,035,31185,5422,5344,127,5471,21
2021-08-05,Los Angeles,037,10098052,1287410,1269445,47179,1316624,24756
2021-08-05,Madera,039,155013,17688,17301,1081,18382,245
2021-08-05,Marin,041,260295,15377,15005,305,15310,239
2021-08-05,Mariposa,043,17540,542,504,11,515,5
2021-08-05,Mendocino,045,87422,4812,4597,105,4702,49
2021-08-05,Merced,047,269075,32788,32381,1092,33473,477
2021-08-05,Modoc,049,8938,430,418,149,567,5
2021-08-05,Mono,051,14174,1317,1309,16,1325,3
2021-08-05,Monterey,053,433212,44371,43992,2085,46077,527
2021-08-05,Napa,055,140530,10807,10591,62,10653,83
2021-08-05,Nevada,057,99092,6178,5778,217,5995,73
2021-08-05,Orange,059,3164182,273062,268329,12498,280827,5149
2021-08-05,Placer,061,380077,26993,25965,2076,28041,305
2021-08-05,Plumas,063,18699,808,787,14,801,5
2021-08-05,Riverside,065,2383286,312088,305415,14818,320233,4562
2021-08-05,Sacramento,067,1510023,122072,118590,2375,120965,1739
2021-08-05,San Benito,069,59416,6379,6305,119,6424,63
2021-08-05,San Bernardino,071,2135413,309635,304956,9563,314519,5284
2021-08-05,San Diego,073,3302833,307872,302220,17625,319845,3806
2021-08-05,San Francisco,075,870044,43813,42301,1723,44024,564
2021-08-05,San Joaquin,077,732212,79782,78151,4092,82243,1468
2021-08-05,San Luis Obispo,079,281455,22885,22362,850,23212,263
2021-08-05,San Mateo,081,765935,46537,45554,653,46207,548
2021-08-05,Santa Barbara,083,443738,37267,36112,1318,37430,470
2021-08-05,Santa Clara,085,1922200,127011,124490,906,125396,2185
2021-08-05,Santa Cruz,087,273765,17265,16867,860,17727,207
2021-08-05,Shasta,089,179085,13603,13217,1841,15058,210
2021-08-05,Sierra,091,2930,78,73,12,85,0
2021-08-05,Siskiyou,093,43540,2143,2024,476,2500,32
2021-08-05,Solano,095,438530,37460,36250,811,37061,262
2021-08-05,Sonoma,097,501317,34519,33455,405,33860,330
2021-08-05,Stanislaus,099,539301,61107,59692,6541,66233,1037
2021-08-05,Sutter,101,95872,10570,10349,112,10461,127
2021-08-05,Tehama,103,63373,5426,5305,644,5949,66
2021-08-05,Trinity,105,12862,529,367,125,492,3
2021-08-05,Tulare,107,460477,52101,50889,10088,60977,854
2021-08-05,Tuolumne,109,53932,4802,4619,43,4662,64
2021-08-05,Ventura,111,848112,86181,84837,3627,88464,1047
2021-08-05,Yolo,113,214977,15692,15250,576,15826,218
2021-08-05,Yuba,115,75493,7034,6872,163,7035,50
2021-08-04,Alameda,001,1643700,100189,97477,2262,99739,1274
2021-08-04,Alpine,003,1148,90,91,0,91,0
2021-08-04,Amador,005,37829,4107,3962,34,3996,48
2021-08-04,Butte,007,227075,13906,13509,2127,15636,205
2021-08-04,Calaveras,009,45235,2433,2374,16,2390,57
2021-08-04,Colusa,011,21464,2095,2025,371,2396,16
2021-08-04,Contra Costa,013,1133247,80305,77966,1576,79542,840
2021-08-04,Del Norte,015,27424,1861,1701,15,1716,8
2021-08-04,El Dorado,017,186661,11771,11319,930,12249,117
2021-08-04,Fresno,019,978130,108294,105899,9382,115281,1747
2021-08-04,Glenn,021,27897,2542,2487,605,3092,20
2021-08-04,Humboldt,023,135768,5629,5271,94,5365,52
2021-08-04,Imperial,025,180216,29575,29375,2867,32242,745
2021-08-04,Inyo,027,18085,1478,1465,13,1478,38
2021-08-04,Kern,029,883053,101623,99868,12484,112352,1358
2021-08-04,Kings,031,150075,24391,23840,1225,25065,250
2021-08-04,Lake,033,64148,4671,4423,21,4444,65
2021-08-04,Lassen,035,31185,5414,5340,127,5467,21
2021-08-04,Los Angeles,037,10098052,1283941,1265788,47021,1312809,24737
2021-08-04,Madera,039,155013,17653,17251,1074,18325,245
2021-08-04,Marin,041,260295,15330,14950,304,15254,239
2021-08-04,Mariposa,043,17540,527,497,11,508,5
2021-08-04,Mendocino,045,87422,4788,4560,101,4661,49
2021-08-04,Merced,047,269075,32650,32274,1087,33361,476
2021-08-04,Modoc,049,8938,430,416,149,565,5
2021-08-04,Mono,051,14174,1314,1307,16,1323,3
2021-08-04,Monterey,053,433212,44306,43926,2074,46000,526
2021-08-04,Napa,055,140530,10770,10544,62,10606,82
2021-08-04,Nevada,057,99092,6113,5702,216,5918,73
2021-08-04,Orange,059,3164182,272190,267199,12461,279660,5146
2021-08-04,Placer,061,380077,26776,25688,2056,27744,305
2021-08-04,Plumas,063,18699,801,784,14,798,5
2021-08-04,Riverside,065,2383286,311163,304272,14792,319064,4562
2021-08-04,Sacramento,067,1510023,121313,117882,2349,120231,1736
2021-08-04,San Benito,069,59416,6364,6300,119,6419,63
2021-08-04,San Bernardino,071,2135413,308779,304164,9546,313710,5285
2021-08-04,San Diego,073,3302833,306349,301100,17564,318664,3805
2021-08-04,San Francisco,075,870044,43559,41913,1710,43623,562
2021-08-04,San Joaquin,077,732212,79425,77846,4080,81926,1466
2021-08-04,San Luis Obispo,079,281455,22777,22245,844,23089,262
2021-08-04,San Mateo,081,765935,46363,45392,652,46044,548
2021-08-04,Santa Barbara,083,443738,37139,36013,1310,37323,470
2021-08-04,Santa Clara,085,1922200,126620,124127,899,125026,2183
2021-08-04,Santa Cruz,087,273765,17204,16820,853,17673,208
2021-08-04,Shasta,089,179085,13551,13134,1830,14964,211
2021-08-04,Sierra,091,2930,78,73,12,85,0
2021-08-04,Siskiyou,093,43540,2123,2010,471,2481,32
2021-08-04,Solano,095,438530,37260,36025,802,36827,262
2021-08-04,Sonoma,097,501317,34348,33311,403,33714,330
2021-08-04,Stanislaus,099,539301,60868,59396,6502,65898,1037
2021-08-04,Sutter,101,95872,10533,10294,112,10406,127
2021-08-04,Tehama,103,63373,5400,5281,639,5920,66
2021-08-04,Trinity,105,12862,527,362,122,484,3
2021-08-04,Tulare,107,460477,51991,50797,10044,60841,855
2021-08-04,Tuolumne,109,53932,4777,4584,43,4627,64
2021-08-04,Ventura,111,848112,85923,84406,3605,88011,1047
2021-08-04,Yolo,113,214977,15614,15189,563,15752,215
2021-08-04,Yuba,115,75493,6994,6827,161,6988,50
2021-08-03,Alameda,001,1643700,99731,97275,2257,99532,1270
2021-08-03,Alpine,003,1148,90,91,0,91,0
2021-08-03,Amador,005,37829,4071,3953,34,3987,48
2021-08-03,Butte,007,227075,13840,13468,2112,15580,205
2021-08-03,Calaveras,009,45235,2410,2356,16,2372,57
2021-08-03,Colusa,011,21464,2082,2023,365,2388,16
2021-08-03,Contra Costa,013,1133247,79822,77739,1569,79308,836
2021-08-03,Del Norte,015,27424,1829,1691,14,1705,8
2021-08-03,El Dorado,017,186661,11681,11255,920,12175,117
2021-08-03,Fresno,019,978130,107935,105732,9350,115082,1746
2021-08-03,Glenn,021,27897,2535,2481,603,3084,20
2021-08-03,Humboldt,023,135768,5564,5199,89,5288,52
2021-08-03,Imperial,025,180216,29553,29333,2860,32193,745
2021-08-03,Inyo,027,18085,1475,1459,13,1472,38
2021-08-03,Kern,029,883053,101361,99708,12405,112113,1358
2021-08-03,Kings,031,150075,24304,23780,1218,24998,249
2021-08-03,Lake,033,64148,4615,4408,17,4425,66
2021-08-03,Lassen,035,31185,5404,5341,127,5468,21
2021-08-03,Los Angeles,037,10098052,1280212,1262678,46849,1309527,24721
2021-08-03,Madera,039,155013,17612,17220,1059,18279,245
2021-08-03,Marin,041,260295,15281,14906,301,15207,243
2021-08-03,Mariposa,043,17540,516,495,11,506,5
2021-08-03,Mendocino,045,87422,4739,4546,99,4645,49
2021-08-03,Merced,047,269075,32567,32197,1085,33282,476
2021-08-03,Modoc,049,8938,430,416,149,565,5
2021-08-03,Mono,051,14174,1310,1303,16,1319,3
2021-08-03,Monterey,053,433212,44243,43872,2061,45933,525
2021-08-03,Napa,055,140530,10727,10527,61,10588,82
2021-08-03,Nevada,057,99092,6032,5685,215,5900,73
2021-08-03,Orange,059,3164182,271450,266649,12431,279080,5146
2021-08-03,Placer,061,380077,26574,25624,2031,27655,305
2021-08-03,Plumas,063,18699,795,779,14,793,5
2021-08-03,Riverside,065,2383286,310239,303499,14765,318264,4562
2021-08-03,Sacramento,067,1510023,120570,117591,2328,119919,1732
2021-08-03,San Benito,069,59416,6348,6284,118,6402,63
2021-08-03,San Bernardino,071,2135413,307858,303386,9526,312912,5265
2021-08-03,San Diego,073,3302833,304900,300189,17464,317653,3803
2021-08-03,San Francisco,075,870044,43276,41758,1690,43448,562
2021-08-03,San Joaquin,077,732212,79076,77615,4059,81674,1461
2021-08-03,San Luis Obispo,079,281455,22637,22166,837,23003,264
2021-08-03,San Mateo,081,765935,46169,45255,646,45901,548
2021-08-03,Santa Barbara,083,443738,37020,35912,1304,37216,469
2021-08-03,Santa Clara,085,1922200,126199,123914,893,124807,2183
2021-08-03,Santa Cruz,087,273765,17137,16778,850,17628,207
2021-08-03,Shasta,089,179085,13477,13091,1819,14910,211
2021-08-03,Sierra,091,2930,78,72,12,84,0
2021-08-03,Siskiyou,093,43540,2112,1998,466,2464,32
2021-08-03,Solano,095,438530,37040,35953,790,36743,261
2021-08-03,Sonoma,097,501317,34166,33243,402,33645,330
2021-08-03,Stanislaus,099,539301,60635,59282,6484,65766,1037
2021-08-03,Sutter,101,95872,10493,10263,111,10374,127
2021-08-03,Tehama,103,63373,5375,5269,634,5903,66
2021-08-03,Trinity,105,12862,523,361,119,480,3
2021-08-03,Tulare,107,460477,51895,50729,9998,60727,854
2021-08-03,Tuolumne,109,53932,4742,4563,43,4606,64
2021-08-03,Ventura,111,848112,85679,84270,3584,87854,1046
2021-08-03,Yolo,113,214977,15523,15149,549,15698,215
2021-08-03,Yuba,115,75493,6957,6781,159,6940,50
2021-08-02,Alameda,001,1643700,99172,96954,2252,99206,1270
2021-08-02,Alpine,003,1148,90,91,0,91,0
2021-08-02,Amador,005,37829,4051,3927,34,3961,48
2021-08-02,Butte,007,227075,13764,13442,2093,15535,205
2021-08-02,Calaveras,009,45235,2381,2347,16,2363,57
2021-08-02,Colusa,011,21464,2070,2019,362,2381,16
2021-08-02,Contra Costa,013,1133247,79314,77516,1555,79071,836
2021-08-02,Del Norte,015,27424,1799,1653,14,1667,8
2021-08-02,El Dorado,017,186661,11578,11226,906,12132,116
2021-08-02,Fresno,019,978130,107592,105471,9314,114785,1744
2021-08-02,Glenn,021,27897,2527,2477,601,3078,20
2021-08-02,Humboldt,023,135768,5480,5161,87,5248,52
2021-08-02,Imperial,025,180216,29520,29302,2856,32158,743
2021-08-02,Inyo,027,18085,1469,1455,13,1468,38
2021-08-02,Kern,029,883053,101106,99556,12311,111867,1357
2021-08-02,Kings,031,150075,24235,23722,1212,24934,249
2021-08-02,Lake,033,64148,4573,4375,17,4392,66
2021-08-02,Lassen,035,31185,5381,5338,125,5463,21
2021-08-02,Los Angeles,037,10098052,1276500,1260807,46643,1307450,24705
2021-08-02,Madera,039,155013,17568,17158,1046,18204,245
2021-08-02,Marin,041,260295,15238,14859,299,15158,239
2021-08-02,Mariposa,043,17540,507,490,11,501,5
2021-08-02,Mendocino,045,87422,4699,4512,96,4608,49
2021-08-02,Merced,047,269075,32469,32163,1078,33241,474
2021-08-02,Modoc,049,8938,430,415,149,564,5
2021-08-02,Mono,051,14174,1304,1296,16,1312,3
2021-08-02,Monterey,053,433212,44183,43842,2053,45895,525
2021-08-02,Napa,055,140530,10684,10490,58,10548,82
2021-08-02,Nevada,057,99092,5961,5611,214,5825,73
2021-08-02,Orange,059,3164182,270533,266050,12385,278435,5146
2021-08-02,Placer,061,380077,26427,25516,1997,27513,306
2021-08-02,Plumas,063,18699,788,762,14,776,5
2021-08-02,Riverside,065,2383286,309302,302756,14750,317506,4562
2021-08-02,Sacramento,067,1510023,119875,117183,2307,119490,1728
2021-08-02,San Benito,069,59416,6329,6276,117,6393,63
2021-08-02,San Bernardino,071,2135413,306980,303000,9493,312493,5253
2021-08-02,San Diego,073,3302833,303405,299021,17394,316415,3798
2021-08-02,San Francisco,075,870044,42983,41553,1665,43218,562
2021-08-02,San Joaquin,077,732212,78733,77447,4032,81479,1461
2021-08-02,San Luis Obispo,079,281455,22543,22093,831,22924,261
2021-08-02,San Mateo,081,765935,45995,45154,633,45787,548
2021-08-02,Santa Barbara,083,443738,36882,35851,1298,37149,469
2021-08-02,Santa Clara,085,1922200,125729,123655,885,124540,2183
2021-08-02,Santa Cruz,087,273765,17080,16746,846,17592,207
2021-08-02,Shasta,089,179085,13413,13049,1805,14854,212
2021-08-02,Sierra,091,2930,78,71,12,83,0
2021-08-02,Siskiyou,093,43540,2101,1992,452,2444,31
2021-08-02,Solano,095,438530,36791,35852,777,36629,260
2021-08-02,Sonoma,097,501317,33939,33132,397,33529,330
2021-08-02,Stanislaus,099,539301,60402,59160,6456,65616,1037
2021-08-02,Sutter,101,95872,10447,10220,111,10331,127
2021-08-02,Tehama,103,63373,5351,5260,630,5890,66
2021-08-02,Trinity,105,12862,518,359,118,477,3
2021-08-02,Tulare,107,460477,51794,50640,9924,60564,854
2021-08-02,Tuolumne,109,53932,4676,4524,43,4567,64
2021-08-02,Ventura,111,848112,85494,84143,3561,87704,1044
2021-08-02,Yolo,113,214977,15423,15072,531,15603,215
2021-08-02,Yuba,115,75493,6915,6743,156,6899,50
2021-08-01,Alameda,001,1643700,98636,96775,2247,99022,1270
2021-08-01,Alpine,003,1148,90,91,0,91,0
2021-08-01,Amador,005,37829,4013,3923,34,3957,48
2021-08-01,Butte,007,227075,13683,13406,2076,15482,205
2021-08-01,Calaveras,009,45235,2356,2341,16,2357,57
2021-08-01,Colusa,011,21464,2059,2014,360,2374,16
2021-08-01,Contra Costa,013,1133247,78878,77360,1547,78907,836
2021-08-01,Del Norte,015,27424,1767,1642,14,1656,8
2021-08-01,El Dorado,017,186661,11477,11189,896,12085,116
2021-08-01,Fresno,019,978130,107267,105339,9268,114607,1744
2021-08-01,Glenn,021,27897,2521,2476,599,3075,20
2021-08-01,Humboldt,023,135768,5404,5118,83,5201,52
2021-08-01,Imperial,025,180216,29485,29297,2852,32149,743
2021-08-01,Inyo,027,18085,1467,1454,13,1467,38
2021-08-01,Kern,029,883053,100829,99396,12236,111632,1357
2021-08-01,Kings,031,150075,24148,23700,1207,24907,249
2021-08-01,Lake,033,64148,4494,4356,17,4373,66
2021-08-01,Lassen,035,31185,5368,5336,123,5459,21
2021-08-01,Los Angeles,037,10098052,1272821,1258461,46421,1304882,24700
2021-08-01,Madera,039,155013,17511,17146,1041,18187,245
2021-08-01,Marin,041,260295,15161,14844,298,15142,239
2021-08-01,Mariposa,043,17540,500,482,11,493,5
2021-08-01,Mendocino,045,87422,4653,4476,92,4568,49
2021-08-01,Merced,047,269075,32378,32144,1072,33216,474
2021-08-01,Modoc,049,8938,428,413,149,562,5
2021-08-01,Mono,051,14174,1302,1294,16,1310,3
2021-08-01,Monterey,053,433212,44135,43808,2040,45848,525
2021-08-01,Napa,055,140530,10636,10473,56,10529,82
2021-08-01,Nevada,057,99092,5874,5561,213,5774,73
2021-08-01,Orange,059,3164182,269728,265467,12342,277809,5146
2021-08-01,Placer,061,380077,26212,25464,1967,27431,306
2021-08-01,Plumas,063,18699,782,761,14,775,5
2021-08-01,Riverside,065,2383286,308371,302256,14732,316988,4562
2021-08-01,Sacramento,067,1510023,119140,116923,2290,119213,1727
2021-08-01,San Benito,069,59416,6312,6271,117,6388,63
2021-08-01,San Bernardino,071,2135413,306046,302542,9482,312024,5248
2021-08-01,San Diego,073,3302833,302211,298002,17335,315337,3798
2021-08-01,San Francisco,075,870044,42644,41432,1652,43084,562
2021-08-01,San Joaquin,077,732212,78367,77338,4005,81343,1461
2021-08-01,San Luis Obispo,079,281455,22441,22083,826,22909,261
2021-08-01,San Mateo,081,765935,45814,45036,625,45661,548
2021-08-01,Santa Barbara,083,443738,36761,35809,1294,37103,469
2021-08-01,Santa Clara,085,1922200,125318,123511,877,124388,2183
2021-08-01,Santa Cruz,087,273765,17001,16709,839,17548,207
2021-08-01,Shasta,089,179085,13342,13036,1796,14832,212
2021-08-01,Sierra,091,2930,76,71,12,83,0
2021-08-01,Siskiyou,093,43540,2095,1989,446,2435,31
2021-08-01,Solano,095,438530,36556,35800,768,36568,260
2021-08-01,Sonoma,097,501317,33747,33076,394,33470,330
2021-08-01,Stanislaus,099,539301,60159,59078,6424,65502,1037
2021-08-01,Sutter,101,95872,10392,10198,108,10306,127
2021-08-01,Tehama,103,63373,5334,5252,626,5878,66
2021-08-01,Trinity,105,12862,515,359,117,476,3
2021-08-01,Tulare,107,460477,51636,50600,9861,60461,854
2021-08-01,Tuolumne,109,53932,4638,4489,43,4532,64
2021-08-01,Ventura,111,848112,85264,84040,3546,87586,1044
2021-08-01,Yolo,113,214977,15351,15042,522,15564,215
2021-08-01,Yuba,115,75493,6877,6721,155,6876,50
2021-07-31,Alameda,001,1643700,98316,95279,2241,97520,1265
2021-07-31,Alpine,003,1148,90,89,0,89,0
2021-07-31,Amador,005,37829,3993,3877,34,3911,48
2021-07-31,Butte,007,227075,13650,13235,2056,15291,205
2021-07-31,Calaveras,009,45235,2349,2294,16,2310,57
2021-07-31,Colusa,011,21464,2053,2006,358,2364,16
2021-07-31,Contra Costa,013,1133247,78599,75866,1545,77411,832
2021-07-31,Del Norte,015,27424,1741,1576,14,1590,8
2021-07-31,El Dorado,017,186661,11424,11017,890,11907,116
2021-07-31,Fresno,019,978130,107107,104639,9254,113893,1744
2021-07-31,Glenn,021,27897,2516,2465,594,3059,20
2021-07-31,Humboldt,023,135768,5349,4978,82,5060,52
2021-07-31,Imperial,025,180216,29468,29164,2849,32013,743
2021-07-31,Inyo,027,18085,1464,1442,13,1455,38
2021-07-31,Kern,029,883053,100665,98903,12177,111080,1357
2021-07-31,Kings,031,150075,24095,23548,1202,24750,248
2021-07-31,Lake,033,64148,4469,4238,17,4255,66
2021-07-31,Lassen,035,31185,5362,5320,123,5443,21
2021-07-31,Los Angeles,037,10098052,1270634,1248545,46274,1294819,24691
2021-07-31,Madera,039,155013,17478,17058,1035,18093,245
2021-07-31,Marin,041,260295,15117,14701,297,14998,239
2021-07-31,Mariposa,043,17540,491,470,11,481,5
2021-07-31,Mendocino,045,87422,4628,4400,89,4489,49
2021-07-31,Merced,047,269075,32330,31959,1067,33026,474
2021-07-31,Modoc,049,8938,428,413,149,562,5
2021-07-31,Mono,051,14174,1300,1287,16,1303,3
2021-07-31,Monterey,053,433212,44095,43720,2030,45750,525
2021-07-31,Napa,055,140530,10616,10401,55,10456,82
2021-07-31,Nevada,057,99092,5835,5373,212,5585,72
2021-07-31,Orange,059,3164182,269154,263446,12323,275769,5144
2021-07-31,Placer,061,380077,26079,25104,1960,27064,306
2021-07-31,Plumas,063,18699,779,743,14,757,5
2021-07-31,Riverside,065,2383286,307756,300315,14722,315037,4554
2021-07-31,Sacramento,067,1510023,118727,115259,2284,117543,1720
2021-07-31,San Benito,069,59416,6301,6251,117,6368,63
2021-07-31,San Bernardino,071,2135413,305477,300726,9479,310205,5240
2021-07-31,San Diego,073,3302833,301533,295054,17299,312353,3798
2021-07-31,San Francisco,075,870044,42420,40412,1631,42043,562
2021-07-31,San Joaquin,077,732212,78202,76575,3992,80567,1443
2021-07-31,San Luis Obispo,079,281455,22387,21922,824,22746,260
2021-07-31,San Mateo,081,765935,45657,44622,620,45242,548
2021-07-31,Santa Barbara,083,443738,36680,35531,1293,36824,467
2021-07-31,Santa Clara,085,1922200,125063,122614,875,123489,2099
2021-07-31,Santa Cruz,087,273765,16962,16576,838,17414,207
2021-07-31,Shasta,089,179085,13306,12918,1788,14706,212
2021-07-31,Sierra,091,2930,76,68,12,80,0
2021-07-31,Siskiyou,093,43540,2086,1976,440,2416,31
2021-07-31,Solano,095,438530,36455,35340,760,36100,263
2021-07-31,Sonoma,097,501317,33622,32601,394,32995,329
2021-07-31,Stanislaus,099,539301,59997,58586,6401,64987,1035
2021-07-31,Sutter,101,95872,10357,10068,107,10175,127
2021-07-31,Tehama,103,63373,5319,5216,623,5839,66
2021-07-31,Trinity,105,12862,514,354,116,470,3
2021-07-31,Tulare,107,460477,51547,50409,9808,60217,854
2021-07-31,Tuolumne,109,53932,4599,4362,43,4405,64
2021-07-31,Ventura,111,848112,85103,83509,3529,87038,1044
2021-07-31,Yolo,113,214977,15303,14863,511,15374,215
2021-07-31,Yuba,115,75493,6854,6615,151,6766,50
2021-07-30,Alameda,001,1643700,97984,95279,2237,97516,1265
2021-07-30,Alpine,003,1148,90,89,0,89,0
2021-07-30,Amador,005,37829,3970,3877,34,3911,48
2021-07-30,Butte,007,227075,13595,13235,2043,15278,205
2021-07-30,Calaveras,009,45235,2344,2294,16,2310,57
2021-07-30,Colusa,011,21464,2049,2006,356,2362,16
2021-07-30,Contra Costa,013,1133247,78357,75866,1541,77407,832
2021-07-30,Del Norte,015,27424,1723,1576,14,1590,8
2021-07-30,El Dorado,017,186661,11391,11017,884,11901,116
2021-07-30,Fresno,019,978130,106912,104639,9241,113880,1744
2021-07-30,Glenn,021,27897,2511,2465,593,3058,20
2021-07-30,Humboldt,023,135768,5285,4978,79,5057,52
2021-07-30,Imperial,025,180216,29454,29164,2846,32010,743
2021-07-30,Inyo,027,18085,1463,1442,13,1455,38
2021-07-30,Kern,029,883053,100540,98903,12130,111033,1357
2021-07-30,Kings,031,150075,24054,23548,1198,24746,248
2021-07-30,Lake,033,64148,4441,4238,17,4255,66
2021-07-30,Lassen,035,31185,5358,5320,123,5443,21
2021-07-30,Los Angeles,037,10098052,1268316,1248545,46123,1294668,24691
2021-07-30,Madera,039,155013,17436,17058,1032,18090,245
2021-07-30,Marin,041,260295,15083,14701,297,14998,239
2021-07-30,Mariposa,043,17540,488,470,11,481,5
2021-07-30,Mendocino,045,87422,4598,4400,88,4488,49
2021-07-30,Merced,047,269075,32289,31959,1062,33021,474
2021-07-30,Modoc,049,8938,426,413,149,562,5
2021-07-30,Mono,051,14174,1295,1287,16,1303,3
2021-07-30,Monterey,053,433212,44061,43720,2021,45741,525
2021-07-30,Napa,055,140530,10594,10401,54,10455,82
2021-07-30,Nevada,057,99092,5778,5373,212,5585,72
2021-07-30,Orange,059,3164182,268522,263446,12297,275743,5144
2021-07-30,Placer,061,380077,25990,25104,1942,27046,306
2021-07-30,Plumas,063,18699,774,743,14,757,5
2021-07-30,Riverside,065,2383286,307119,300315,14712,315027,4554
2021-07-30,Sacramento,067,1510023,118276,115259,2280,117539,1720
2021-07-30,San Benito,069,59416,6294,6251,117,6368,63
2021-07-30,San Bernardino,071,2135413,304965,300726,9473,310199,5240
2021-07-30,San Diego,073,3302833,300760,295054,17241,312295,3798
2021-07-30,San Francisco,075,870044,42206,40412,1616,42028,562
2021-07-30,San Joaquin,077,732212,78048,76575,3987,80562,1443
2021-07-30,San Luis Obispo,079,281455,22349,21922,820,22742,260
2021-07-30,San Mateo,081,765935,45533,44622,606,45228,548
2021-07-30,Santa Barbara,083,443738,36611,35531,1287,36818,467
2021-07-30,Santa Clara,085,1922200,124839,122614,873,123487,2099
2021-07-30,Santa Cruz,087,273765,16936,16576,836,17412,207
2021-07-30,Shasta,089,179085,13259,12918,1788,14706,212
2021-07-30,Sierra,091,2930,75,68,12,80,0
2021-07-30,Siskiyou,093,43540,2077,1976,439,2415,31
2021-07-30,Solano,095,438530,36364,35340,744,36084,263
2021-07-30,Sonoma,097,501317,33528,32601,394,32995,329
2021-07-30,Stanislaus,099,539301,59852,58586,6380,64966,1035
2021-07-30,Sutter,101,95872,10321,10068,107,10175,127
2021-07-30,Tehama,103,63373,5308,5216,623,5839,66
2021-07-30,Trinity,105,12862,514,354,116,470,3
2021-07-30,Tulare,107,460477,51504,50409,9772,60181,854
2021-07-30,Tuolumne,109,53932,4581,4362,43,4405,64
2021-07-30,Ventura,111,848112,84939,83509,3514,87023,1044
2021-07-30,Yolo,113,214977,15241,14863,507,15370,215
2021-07-30,Yuba,115,75493,6818,6615,150,6765,50
2021-07-29,Alameda,001,1643700,97558,95279,2231,97510,1265
2021-07-29,Alpine,003,1148,90,89,0,89,0
2021-07-29,Amador,005,37829,3951,3877,34,3911,48
2021-07-29,Butte,007,227075,13547,13235,2035,15270,205
2021-07-29,Calaveras,009,45235,2324,2294,16,2310,57
2021-07-29,Colusa,011,21464,2042,2006,356,2362,16
2021-07-29,Contra Costa,013,1133247,77919,75866,1537,77403,832
2021-07-29,Del Norte,015,27424,1699,1576,14,1590,8
2021-07-29,El Dorado,017,186661,11327,11017,872,11889,116
2021-07-29,Fresno,019,978130,106650,104639,9214,113853,1744
2021-07-29,Glenn,021,27897,2501,2465,592,3057,20
2021-07-29,Humboldt,023,135768,5224,4978,77,5055,52
2021-07-29,Imperial,025,180216,29408,29164,2844,32008,743
2021-07-29,Inyo,027,18085,1459,1442,13,1455,38
2021-07-29,Kern,029,883053,100333,98903,12052,110955,1357
2021-07-29,Kings,031,150075,24009,23548,1194,24742,248
2021-07-29,Lake,033,64148,4406,4238,17,4255,66
2021-07-29,Lassen,035,31185,5350,5320,120,5440,21
2021-07-29,Los Angeles,037,10098052,1265234,1248545,45940,1294485,24691
2021-07-29,Madera,039,155013,17389,17058,1028,18086,245
2021-07-29,Marin,041,260295,15040,14701,297,14998,239
2021-07-29,Mariposa,043,17540,484,470,11,481,5
2021-07-29,Mendocino,045,87422,4575,4400,86,4486,49
2021-07-29,Merced,047,269075,32234,31959,1062,33021,474
2021-07-29,Modoc,049,8938,426,413,149,562,5
2021-07-29,Mono,051,14174,1294,1287,16,1303,3
2021-07-29,Monterey,053,433212,44012,43720,2011,45731,525
2021-07-29,Napa,055,140530,10562,10401,52,10453,82
2021-07-29,Nevada,057,99092,5726,5373,211,5584,72
2021-07-29,Orange,059,3164182,267812,263446,12265,275711,5144
2021-07-29,Placer,061,380077,25867,25104,1927,27031,306
2021-07-29,Plumas,063,18699,766,743,14,757,5
2021-07-29,Riverside,065,2383286,306414,300315,14688,315003,4554
2021-07-29,Sacramento,067,1510023,117722,115259,2267,117526,1720
2021-07-29,San Benito,069,59416,6283,6251,117,6368,63
2021-07-29,San Bernardino,071,2135413,304327,300726,9463,310189,5240
2021-07-29,San Diego,073,3302833,299698,295054,17181,312235,3798
2021-07-29,San Francisco,075,870044,41959,40412,1595,42007,562
2021-07-29,San Joaquin,077,732212,77793,76575,3979,80554,1443
2021-07-29,San Luis Obispo,079,281455,22296,21922,818,22740,260
2021-07-29,San Mateo,081,765935,45406,44622,596,45218,548
2021-07-29,Santa Barbara,083,443738,36527,35531,1286,36817,467
2021-07-29,Santa Clara,085,1922200,124542,122614,870,123484,2099
2021-07-29,Santa Cruz,087,273765,16883,16576,834,17410,207
2021-07-29,Shasta,089,179085,13205,12918,1779,14697,212
2021-07-29,Sierra,091,2930,75,68,12,80,0
2021-07-29,Siskiyou,093,43540,2072,1976,437,2413,31
2021-07-29,Solano,095,438530,36204,35340,734,36074,263
2021-07-29,Sonoma,097,501317,33353,32601,392,32993,329
2021-07-29,Stanislaus,099,539301,59679,58586,6363,64949,1035
2021-07-29,Sutter,101,95872,10275,10068,106,10174,127
2021-07-29,Tehama,103,63373,5296,5216,617,5833,66
2021-07-29,Trinity,105,12862,512,354,115,469,3
2021-07-29,Tulare,107,460477,51414,50409,9732,60141,854
2021-07-29,Tuolumne,109,53932,4543,4362,42,4404,64
2021-07-29,Ventura,111,848112,84772,83509,3507,87016,1044
2021-07-29,Yolo,113,214977,15173,14863,493,15356,215
2021-07-29,Yuba,115,75493,6770,6615,147,6762,50
2021-07-28,Alameda,001,1643700,97097,94965,2224,97189,1262
2021-07-28,Alpine,003,1148,90,89,0,89,0
2021-07-28,Amador,005,37829,3937,3870,34,3904,48
2021-07-28,Butte,007,227075,13491,13184,2022,15206,205
2021-07-28,Calaveras,009,45235,2310,2289,16,2305,57
2021-07-28,Colusa,011,21464,2038,2001,355,2356,16
2021-07-28,Contra Costa,013,1133247,77435,75487,1529,77016,832
2021-07-28,Del Norte,015,27424,1666,1545,14,1559,8
2021-07-28,El Dorado,017,186661,11278,10967,862,11829,116
2021-07-28,Fresno,019,978130,106404,104458,9194,113652,1744
2021-07-28,Glenn,021,27897,2497,2464,589,3053,20
2021-07-28,Humboldt,023,135768,5173,4946,76,5022,52
2021-07-28,Imperial,025,180216,29361,29096,2844,31940,743
2021-07-28,Inyo,027,18085,1453,1439,12,1451,38
2021-07-28,Kern,029,883053,100176,98781,12005,110786,1352
2021-07-28,Kings,031,150075,23945,23503,1184,24687,248
2021-07-28,Lake,033,64148,4360,4191,15,4206,65
2021-07-28,Lassen,035,31185,5342,5318,120,5438,21
2021-07-28,Los Angeles,037,10098052,1262077,1245485,45769,1291254,24673
2021-07-28,Madera,039,155013,17348,17024,1022,18046,245
2021-07-28,Marin,041,260295,14985,14652,297,14949,239
2021-07-28,Mariposa,043,17540,477,469,11,480,5
2021-07-28,Mendocino,045,87422,4547,4377,86,4463,49
2021-07-28,Merced,047,269075,32170,31886,1058,32944,474
2021-07-28,Modoc,049,8938,424,413,149,562,5
2021-07-28,Mono,051,14174,1293,1286,16,1302,3
2021-07-28,Monterey,053,433212,43965,43668,2001,45669,524
2021-07-28,Napa,055,140530,10522,10376,50,10426,82
2021-07-28,Nevada,057,99092,5671,5320,211,5531,72
2021-07-28,Orange,059,3164182,267021,262735,12235,274970,5143
2021-07-28,Placer,061,380077,25719,24978,1911,26889,306
2021-07-28,Plumas,063,18699,761,754,14,768,5
2021-07-28,Riverside,065,2383286,305645,299611,14669,314280,4554
2021-07-28,Sacramento,067,1510023,117071,114665,2246,116911,1714
2021-07-28,San Benito,069,59416,6272,6236,117,6353,63
2021-07-28,San Bernardino,071,2135413,303697,300121,9451,309572,5236
2021-07-28,San Diego,073,3302833,298414,294176,17116,311292,3798
2021-07-28,San Francisco,075,870044,41625,40144,1569,41713,561
2021-07-28,San Joaquin,077,732212,77543,76312,3949,80261,1443
2021-07-28,San Luis Obispo,079,281455,22237,21865,817,22682,260
2021-07-28,San Mateo,081,765935,45256,44477,587,45064,547
2021-07-28,Santa Barbara,083,443738,36451,35431,1281,36712,467
2021-07-28,Santa Clara,085,1922200,124281,122345,868,123213,2099
2021-07-28,Santa Cruz,087,273765,16845,16551,833,17384,207
2021-07-28,Shasta,089,179085,13161,12882,1768,14650,212
2021-07-28,Sierra,091,2930,71,67,12,79,0
2021-07-28,Siskiyou,093,43540,2063,1971,434,2405,31
2021-07-28,Solano,095,438530,36030,35204,727,35931,262
2021-07-28,Sonoma,097,501317,33210,32434,389,32823,328
2021-07-28,Stanislaus,099,539301,59480,58427,6347,64774,1035
2021-07-28,Sutter,101,95872,10243,10033,105,10138,126
2021-07-28,Tehama,103,63373,5284,5209,614,5823,66
2021-07-28,Trinity,105,12862,511,352,115,467,3
2021-07-28,Tulare,107,460477,51326,50363,9684,60047,854
2021-07-28,Tuolumne,109,53932,4504,4313,42,4355,64
2021-07-28,Ventura,111,848112,84576,83360,3491,86851,1043
2021-07-28,Yolo,113,214977,15101,14801,485,15286,215
2021-07-28,Yuba,115,75493,6737,6591,146,6737,51
2021-07-27,Alameda,001,1643700,96692,94682,2215,96897,1256
2021-07-27,Alpine,003,1148,90,89,0,89,0
2021-07-27,Amador,005,37829,3921,3861,34,3895,48
2021-07-27,Butte,007,227075,13442,13127,2011,15138,205
2021-07-27,Calaveras,009,45235,2298,2280,16,2296,57
2021-07-27,Colusa,011,21464,2030,1999,354,2353,16
2021-07-27,Contra Costa,013,1133247,76946,75227,1525,76752,830
2021-07-27,Del Norte,015,27424,1646,1538,14,1552,8
2021-07-27,El Dorado,017,186661,11218,10941,852,11793,116
2021-07-27,Fresno,019,978130,106111,104288,9170,113458,1746
2021-07-27,Glenn,021,27897,2489,2460,587,3047,20
2021-07-27,Humboldt,023,135768,5119,4925,75,5000,52
2021-07-27,Imperial,025,180216,29316,29048,2843,31891,743
2021-07-27,Inyo,027,18085,1451,1430,12,1442,38
2021-07-27,Kern,029,883053,100006,98724,11949,110673,1352
2021-07-27,Kings,031,150075,23888,23463,1174,24637,248
2021-07-27,Lake,033,64148,4321,4157,15,4172,65
2021-07-27,Lassen,035,31185,5336,5315,120,5435,21
2021-07-27,Los Angeles,037,10098052,1258644,1243336,45599,1288935,24658
2021-07-27,Madera,039,155013,17295,16998,1017,18015,245
2021-07-27,Marin,041,260295,14937,14631,294,14925,239
2021-07-27,Mariposa,043,17540,474,468,11,479,5
2021-07-27,Mendocino,045,87422,4523,4371,86,4457,49
2021-07-27,Merced,047,269075,32103,31825,1055,32880,473
2021-07-27,Modoc,049,8938,423,413,149,562,5
2021-07-27,Mono,051,14174,1289,1288,16,1304,3
2021-07-27,Monterey,053,433212,43925,43646,1990,45636,523
2021-07-27,Napa,055,140530,10492,10354,50,10404,82
2021-07-27,Nevada,057,99092,5594,5305,209,5514,72
2021-07-27,Orange,059,3164182,266280,262193,12210,274403,5143
2021-07-27,Placer,061,380077,25560,24916,1885,26801,306
2021-07-27,Plumas,063,18699,758,752,14,766,5
2021-07-27,Riverside,065,2383286,304914,299160,14650,313810,4554
2021-07-27,Sacramento,067,1510023,116468,114413,2237,116650,1710
2021-07-27,San Benito,069,59416,6263,6229,117,6346,63
2021-07-27,San Bernardino,071,2135413,302991,299593,9429,309022,5236
2021-07-27,San Diego,073,3302833,297323,293408,17043,310451,3798
2021-07-27,San Francisco,075,870044,41266,39939,1551,41490,561
2021-07-27,San Joaquin,077,732212,77281,76166,3929,80095,1442
2021-07-27,San Luis Obispo,079,281455,22182,21803,808,22611,260
2021-07-27,San Mateo,081,765935,45103,44378,584,44962,547
2021-07-27,Santa Barbara,083,443738,36353,35355,1279,36634,467
2021-07-27,Santa Clara,085,1922200,123987,122154,866,123020,2099
2021-07-27,Santa Cruz,087,273765,16799,16523,832,17355,207
2021-07-27,Shasta,089,179085,13110,12846,1755,14601,212
2021-07-27,Sierra,091,2930,71,65,12,77,0
2021-07-27,Siskiyou,093,43540,2058,1964,431,2395,31
2021-07-27,Solano,095,438530,35898,35093,717,35810,261
2021-07-27,Sonoma,097,501317,33064,32367,387,32754,328
2021-07-27,Stanislaus,099,539301,59308,58333,6321,64654,1033
2021-07-27,Sutter,101,95872,10202,9998,105,10103,115
2021-07-27,Tehama,103,63373,5263,5192,612,5804,66
2021-07-27,Trinity,105,12862,510,351,115,466,3
2021-07-27,Tulare,107,460477,51258,50324,9654,59978,854
2021-07-27,Tuolumne,109,53932,4452,4282,42,4324,64
2021-07-27,Ventura,111,848112,84368,83189,3479,86668,1043
2021-07-27,Yolo,113,214977,15027,14759,479,15238,215
2021-07-27,Yuba,115,75493,6715,6564,144,6708,51
2021-07-26,Alameda,001,1643700,96239,94436,2208,96644,1259
2021-07-26,Alpine,003,1148,90,89,0,89,0
2021-07-26,Amador,005,37829,3911,3854,34,3888,48
2021-07-26,Butte,007,227075,13387,13082,2000,15082,203
2021-07-26,Calaveras,009,45235,2293,2276,16,2292,57
2021-07-26,Colusa,011,21464,2023,1996,352,2348,16
2021-07-26,Contra Costa,013,1133247,76446,74854,1518,76372,830
2021-07-26,Del Norte,015,27424,1625,1530,14,1544,8
2021-07-26,El Dorado,017,186661,11154,10899,849,11748,116
2021-07-26,Fresno,019,978130,105908,104143,9147,113290,1742
2021-07-26,Glenn,021,27897,2487,2461,586,3047,20
2021-07-26,Humboldt,023,135768,5080,4906,73,4979,52
2021-07-26,Imperial,025,180216,29276,29034,2843,31877,743
2021-07-26,Inyo,027,18085,1446,1429,12,1441,38
2021-07-26,Kern,029,883053,99840,98633,11884,110517,1351
2021-07-26,Kings,031,150075,23839,23426,1170,24596,247
2021-07-26,Lake,033,64148,4300,4133,15,4148,65
2021-07-26,Lassen,035,31185,5332,5314,120,5434,21
2021-07-26,Los Angeles,037,10098052,1255325,1241527,45431,1286958,24647
2021-07-26,Madera,039,155013,17267,16971,1010,17981,245
2021-07-26,Marin,041,260295,14880,14579,293,14872,239
2021-07-26,Mariposa,043,17540,473,467,11,478,5
2021-07-26,Mendocino,045,87422,4503,4354,86,4440,49
2021-07-26,Merced,047,269075,32019,31774,1051,32825,473
2021-07-26,Modoc,049,8938,423,413,149,562,5
2021-07-26,Mono,051,14174,1288,1286,16,1302,3
2021-07-26,Monterey,053,433212,43882,43595,1977,45572,521
2021-07-26,Napa,055,140530,10469,10332,50,10382,82
2021-07-26,Nevada,057,99092,5508,5280,209,5489,72
2021-07-26,Orange,059,3164182,265646,261803,12189,273992,5142
2021-07-26,Placer,061,380077,25425,24842,1864,26706,304
2021-07-26,Plumas,063,18699,754,750,14,764,5
2021-07-26,Riverside,065,2383286,304220,298626,14636,313262,4553
2021-07-26,Sacramento,067,1510023,115867,113986,2221,116207,1705
2021-07-26,San Benito,069,59416,6257,6222,117,6339,63
2021-07-26,San Bernardino,071,2135413,302379,299238,9416,308654,5237
2021-07-26,San Diego,073,3302833,296210,292688,16969,309657,3793
2021-07-26,San Francisco,075,870044,40911,39800,1524,41324,561
2021-07-26,San Joaquin,077,732212,77046,76033,3925,79958,1440
2021-07-26,San Luis Obispo,079,281455,22133,21752,805,22557,260
2021-07-26,San Mateo,081,765935,44954,44297,575,44872,547
2021-07-26,Santa Barbara,083,443738,36282,35311,1267,36578,467
2021-07-26,Santa Clara,085,1922200,123678,121978,857,122835,2099
2021-07-26,Santa Cruz,087,273765,16760,16493,829,17322,207
2021-07-26,Shasta,089,179085,13061,12819,1742,14561,211
2021-07-26,Sierra,091,2930,70,65,12,77,0
2021-07-26,Siskiyou,093,43540,2055,1962,429,2391,31
2021-07-26,Solano,095,438530,35743,34990,709,35699,259
2021-07-26,Sonoma,097,501317,32929,32283,385,32668,328
2021-07-26,Stanislaus,099,539301,59162,58219,6302,64521,1033
2021-07-26,Sutter,101,95872,10162,9963,102,10065,115
2021-07-26,Tehama,103,63373,5253,5183,608,5791,66
2021-07-26,Trinity,105,12862,510,351,114,465,3
2021-07-26,Tulare,107,460477,51193,50265,9622,59887,854
2021-07-26,Tuolumne,109,53932,4422,4271,42,4313,64
2021-07-26,Ventura,111,848112,84195,83072,3464,86536,1041
2021-07-26,Yolo,113,214977,14967,14727,466,15193,215
2021-07-26,Yuba,115,75493,6681,6538,142,6680,51
2021-07-25,Alameda,001,1643700,95751,94146,2202,96348,1259
2021-07-25,Alpine,003,1148,88,89,0,89,0
2021-07-25,Amador,005,37829,3896,3848,34,3882,48
2021-07-25,Butte,007,227075,13348,13074,1990,15064,203
2021-07-25,Calaveras,009,45235,2282,2275,16,2291,57
2021-07-25,Colusa,011,21464,2014,1996,348,2344,16
2021-07-25,Contra Costa,013,1133247,75961,74634,1504,76138,830
2021-07-25,Del Norte,015,27424,1604,1526,14,1540,8
2021-07-25,El Dorado,017,186661,11096,10878,846,11724,116
2021-07-25,Fresno,019,978130,105667,104019,9131,113150,1742
2021-07-25,Glenn,021,27897,2478,2461,584,3045,20
2021-07-25,Humboldt,023,135768,5021,4892,71,4963,52
2021-07-25,Imperial,025,180216,29240,29037,2843,31880,743
2021-07-25,Inyo,027,18085,1441,1427,12,1439,38
2021-07-25,Kern,029,883053,99668,98503,11813,110316,1351
2021-07-25,Kings,031,150075,23785,23396,1166,24562,247
2021-07-25,Lake,033,64148,4247,4109,14,4123,65
2021-07-25,Lassen,035,31185,5328,5314,120,5434,21
2021-07-25,Los Angeles,037,10098052,1251931,1239596,45256,1284852,24643
2021-07-25,Madera,039,155013,17230,16947,1003,17950,245
2021-07-25,Marin,041,260295,14830,14558,290,14848,239
2021-07-25,Mariposa,043,17540,470,465,11,476,5
2021-07-25,Mendocino,045,87422,4473,4335,84,4419,49
2021-07-25,Merced,047,269075,31947,31760,1049,32809,473
2021-07-25,Modoc,049,8938,423,413,149,562,5
2021-07-25,Mono,051,14174,1285,1286,16,1302,3
2021-07-25,Monterey,053,433212,43843,43590,1969,45559,521
2021-07-25,Napa,055,140530,10432,10316,49,10365,82
2021-07-25,Nevada,057,99092,5443,5256,206,5462,72
2021-07-25,Orange,059,3164182,264938,261351,12166,273517,5142
2021-07-25,Placer,061,380077,25304,24755,1843,26598,304
2021-07-25,Plumas,063,18699,752,750,14,764,5
2021-07-25,Riverside,065,2383286,303455,298181,14618,312799,4553
2021-07-25,Sacramento,067,1510023,115319,113611,2205,115816,1704
2021-07-25,San Benito,069,59416,6250,6217,117,6334,63
2021-07-25,San Bernardino,071,2135413,301725,298982,9410,308392,5237
2021-07-25,San Diego,073,3302833,295136,290626,16901,307527,3793
2021-07-25,San Francisco,075,870044,40573,39663,1499,41162,561
2021-07-25,San Joaquin,077,732212,76791,75926,3906,79832,1440
2021-07-25,San Luis Obispo,079,281455,22060,21741,802,22543,260
2021-07-25,San Mateo,081,765935,44791,44189,569,44758,547
2021-07-25,Santa Barbara,083,443738,36205,35261,1264,36525,467
2021-07-25,Santa Clara,085,1922200,123347,121800,852,122652,2099
2021-07-25,Santa Cruz,087,273765,16713,16474,828,17302,207
2021-07-25,Shasta,089,179085,13014,12815,1737,14552,211
2021-07-25,Sierra,091,2930,70,65,12,77,0
2021-07-25,Siskiyou,093,43540,2047,1963,426,2389,31
2021-07-25,Solano,095,438530,35549,34863,706,35569,259
2021-07-25,Sonoma,097,501317,32804,32202,382,32584,328
2021-07-25,Stanislaus,099,539301,58995,58154,6297,64451,1033
2021-07-25,Sutter,101,95872,10108,9937,100,10037,115
2021-07-25,Tehama,103,63373,5237,5181,607,5788,66
2021-07-25,Trinity,105,12862,508,351,112,463,3
2021-07-25,Tulare,107,460477,51116,50221,9584,59805,854
2021-07-25,Tuolumne,109,53932,4370,4267,42,4309,64
2021-07-25,Ventura,111,848112,83981,82986,3442,86428,1041
2021-07-25,Yolo,113,214977,14906,14693,452,15145,215
2021-07-25,Yuba,115,75493,6648,6519,142,6661,51
2021-07-24,Alameda,001,1643700,95475,93170,2197,95367,1259
2021-07-24,Alpine,003,1148,88,89,0,89,0
2021-07-24,Amador,005,37829,3887,3816,34,3850,48
2021-07-24,Butte,007,227075,13319,12982,1988,14970,203
2021-07-24,Calaveras,009,45235,2278,2267,16,2283,57
2021-07-24,Colusa,011,21464,2013,1992,346,2338,16
2021-07-24,Contra Costa,013,1133247,75736,73682,1501,75183,830
2021-07-24,Del Norte,015,27424,1593,1497,14,1511,8
2021-07-24,El Dorado,017,186661,11062,10773,843,11616,116
2021-07-24,Fresno,019,978130,105549,103637,9122,112759,1736
2021-07-24,Glenn,021,27897,2477,2457,584,3041,20
2021-07-24,Humboldt,023,135768,4987,4780,70,4850,52
2021-07-24,Imperial,025,180216,29220,28996,2843,31839,742
2021-07-24,Inyo,027,18085,1438,1424,12,1436,38
2021-07-24,Kern,029,883053,99589,98261,11791,110052,1350
2021-07-24,Kings,031,150075,23754,23304,1163,24467,246
2021-07-24,Lake,033,64148,4224,3963,14,3977,64
2021-07-24,Lassen,035,31185,5327,5311,120,5431,21
2021-07-24,Los Angeles,037,10098052,1250168,1232164,45136,1277300,24623
2021-07-24,Madera,039,155013,17206,16885,1001,17886,245
2021-07-24,Marin,041,260295,14791,14454,290,14744,238
2021-07-24,Mariposa,043,17540,470,453,11,464,5
2021-07-24,Mendocino,045,87422,4448,4293,84,4377,49
2021-07-24,Merced,047,269075,31925,31661,1048,32709,473
2021-07-24,Modoc,049,8938,423,413,149,562,5
2021-07-24,Mono,051,14174,1283,1284,16,1300,3
2021-07-24,Monterey,053,433212,43818,43525,1962,45487,521
2021-07-24,Napa,055,140530,10416,10230,49,10279,81
2021-07-24,Nevada,057,99092,5410,5183,206,5389,72
2021-07-24,Orange,059,3164182,264472,259973,12153,272126,5141
2021-07-24,Placer,061,380077,25221,24530,1838,26368,303
2021-07-24,Plumas,063,18699,751,737,14,751,4
2021-07-24,Riverside,065,2383286,302987,296912,14608,311520,4552
2021-07-24,Sacramento,067,1510023,115001,112438,2201,114639,1698
2021-07-24,San Benito,069,59416,6246,6200,116,6316,63
2021-07-24,San Bernardino,071,2135413,301334,297899,9401,307300,5236
2021-07-24,San Diego,073,3302833,294669,289368,16874,306242,3788
2021-07-24,San Francisco,075,870044,40409,38954,1482,40436,561
2021-07-24,San Joaquin,077,732212,76664,75461,3895,79356,1436
2021-07-24,San Luis Obispo,079,281455,22029,21616,800,22416,260
2021-07-24,San Mateo,081,765935,44673,43880,563,44443,542
2021-07-24,Santa Barbara,083,443738,36146,35071,1260,36331,465
2021-07-24,Santa Clara,085,1922200,123135,121092,851,121943,2099
2021-07-24,Santa Cruz,087,273765,16691,16416,828,17244,207
2021-07-24,Shasta,089,179085,12986,12759,1734,14493,211
2021-07-24,Sierra,091,2930,69,64,12,76,0
2021-07-24,Siskiyou,093,43540,2047,1951,426,2377,31
2021-07-24,Solano,095,438530,35457,34499,697,35196,259
2021-07-24,Sonoma,097,501317,32680,31928,380,32308,327
2021-07-24,Stanislaus,099,539301,58902,57879,6287,64166,1030
2021-07-24,Sutter,101,95872,10081,9890,100,9990,115
2021-07-24,Tehama,103,63373,5230,5166,605,5771,65
2021-07-24,Trinity,105,12862,508,345,112,457,3
2021-07-24,Tulare,107,460477,51073,50104,9566,59670,854
2021-07-24,Tuolumne,109,53932,4344,4216,42,4258,64
2021-07-24,Ventura,111,848112,83854,82687,3425,86112,1041
2021-07-24,Yolo,113,214977,14869,14557,449,15006,214
2021-07-24,Yuba,115,75493,6629,6449,142,6591,51
2021-07-23,Alameda,001,1643700,95221,93170,2191,95361,1259
2021-07-23,Alpine,003,1148,88,89,0,89,0
2021-07-23,Amador,005,37829,3880,3816,34,3850,48
2021-07-23,Butte,007,227075,13290,12982,1980,14962,203
2021-07-23,Calaveras,009,45235,2276,2267,16,2283,57
2021-07-23,Colusa,011,21464,2012,1992,346,2338,16
2021-07-23,Contra Costa,013,1133247,75479,73682,1491,75173,830
2021-07-23,Del Norte,015,27424,1585,1497,14,1511,8
2021-07-23,El Dorado,017,186661,11033,10773,839,11612,116
2021-07-23,Fresno,019,978130,105418,103637,9113,112750,1736
2021-07-23,Glenn,021,27897,2475,2457,581,3038,20
2021-07-23,Humboldt,023,135768,4966,4780,68,4848,52
2021-07-23,Imperial,025,180216,29208,28996,2843,31839,742
2021-07-23,Inyo,027,18085,1435,1424,12,1436,38
2021-07-23,Kern,029,883053,99506,98261,11765,110026,1350
2021-07-23,Kings,031,150075,23723,23304,1160,24464,246
2021-07-23,Lake,033,64148,4194,3963,14,3977,64
2021-07-23,Lassen,035,31185,5325,5311,120,5431,21
2021-07-23,Los Angeles,037,10098052,1248246,1232164,45050,1277214,24623
2021-07-23,Madera,039,155013,17176,16885,996,17881,245
2021-07-23,Marin,041,260295,14754,14454,288,14742,238
2021-07-23,Mariposa,043,17540,467,453,11,464,5
2021-07-23,Mendocino,045,87422,4435,4293,84,4377,49
2021-07-23,Merced,047,269075,31899,31661,1048,32709,473
2021-07-23,Modoc,049,8938,423,413,149,562,5
2021-07-23,Mono,051,14174,1282,1284,16,1300,3
2021-07-23,Monterey,053,433212,43793,43525,1962,45487,521
2021-07-23,Napa,055,140530,10395,10230,49,10279,81
2021-07-23,Nevada,057,99092,5365,5183,206,5389,72
2021-07-23,Orange,059,3164182,264020,259973,12130,272103,5141
2021-07-23,Placer,061,380077,25141,24530,1822,26352,303
2021-07-23,Plumas,063,18699,749,737,14,751,4
2021-07-23,Riverside,065,2383286,302522,296912,14596,311508,4552
2021-07-23,Sacramento,067,1510023,114645,112438,2199,114637,1698
2021-07-23,San Benito,069,59416,6240,6200,116,6316,63
2021-07-23,San Bernardino,071,2135413,300957,297899,9392,307291,5236
2021-07-23,San Diego,073,3302833,294068,289368,16826,306194,3788
2021-07-23,San Francisco,075,870044,40226,38954,1469,40423,561
2021-07-23,San Joaquin,077,732212,76564,75461,3880,79341,1436
2021-07-23,San Luis Obispo,079,281455,21991,21616,800,22416,260
2021-07-23,San Mateo,081,765935,44568,43880,558,44438,542
2021-07-23,Santa Barbara,083,443738,36079,35071,1259,36330,465
2021-07-23,Santa Clara,085,1922200,122916,121092,848,121940,2099
2021-07-23,Santa Cruz,087,273765,16666,16416,828,17244,207
2021-07-23,Shasta,089,179085,12959,12759,1731,14490,211
2021-07-23,Sierra,091,2930,69,64,12,76,0
2021-07-23,Siskiyou,093,43540,2045,1951,426,2377,31
2021-07-23,Solano,095,438530,35364,34499,693,35192,259
2021-07-23,Sonoma,097,501317,32586,31928,379,32307,327
2021-07-23,Stanislaus,099,539301,58822,57879,6277,64156,1030
2021-07-23,Sutter,101,95872,10052,9890,100,9990,115
2021-07-23,Tehama,103,63373,5221,5166,605,5771,65
2021-07-23,Trinity,105,12862,507,345,111,456,3
2021-07-23,Tulare,107,460477,51027,50104,9541,59645,854
2021-07-23,Tuolumne,109,53932,4322,4216,42,4258,64
2021-07-23,Ventura,111,848112,83692,82687,3407,86094,1041
2021-07-23,Yolo,113,214977,14830,14557,442,14999,214
2021-07-23,Yuba,115,75493,6603,6449,141,6590,51
2021-07-22,Alameda,001,1643700,94858,93170,2186,95356,1259
2021-07-22,Alpine,003,1148,88,89,0,89,0
2021-07-22,Amador,005,37829,3871,3816,34,3850,48
2021-07-22,Butte,007,227075,13256,12982,1971,14953,203
2021-07-22,Calaveras,009,45235,2273,2267,16,2283,57
2021-07-22,Colusa,011,21464,2010,1992,343,2335,16
2021-07-22,Contra Costa,013,1133247,75139,73682,1487,75169,830
2021-07-22,Del Norte,015,27424,1568,1497,14,1511,8
2021-07-22,El Dorado,017,186661,10998,10773,831,11604,116
2021-07-22,Fresno,019,978130,105289,103637,9103,112740,1736
2021-07-22,Glenn,021,27897,2471,2457,581,3038,20
2021-07-22,Humboldt,023,135768,4935,4780,66,4846,52
2021-07-22,Imperial,025,180216,29178,28996,2843,31839,742
2021-07-22,Inyo,027,18085,1433,1424,12,1436,38
2021-07-22,Kern,029,883053,99390,98261,11723,109984,1350
2021-07-22,Kings,031,150075,23684,23304,1158,24462,246
2021-07-22,Lake,033,64148,4143,3963,14,3977,64
2021-07-22,Lassen,035,31185,5322,5311,120,5431,21
2021-07-22,Los Angeles,037,10098052,1245850,1232164,44893,1277057,24623
2021-07-22,Madera,039,155013,17141,16885,994,17879,245
2021-07-22,Marin,041,260295,14713,14454,287,14741,238
2021-07-22,Mariposa,043,17540,460,453,11,464,5
2021-07-22,Mendocino,045,87422,4422,4293,83,4376,49
2021-07-22,Merced,047,269075,31857,31661,1046,32707,473
2021-07-22,Modoc,049,8938,423,413,149,562,5
2021-07-22,Mono,051,14174,1281,1284,16,1300,3
2021-07-22,Monterey,053,433212,43764,43525,1956,45481,521
2021-07-22,Napa,055,140530,10377,10230,49,10279,81
2021-07-22,Nevada,057,99092,5339,5183,205,5388,72
2021-07-22,Orange,059,3164182,263467,259973,12121,272094,5141
2021-07-22,Placer,061,380077,25047,24530,1811,26341,303
2021-07-22,Plumas,063,18699,748,737,14,751,4
2021-07-22,Riverside,065,2383286,302013,296912,14575,311487,4552
2021-07-22,Sacramento,067,1510023,114208,112438,2190,114628,1698
2021-07-22,San Benito,069,59416,6232,6200,116,6316,63
2021-07-22,San Bernardino,071,2135413,300560,297899,9376,307275,5236
2021-07-22,San Diego,073,3302833,293345,289368,16766,306134,3788
2021-07-22,San Francisco,075,870044,40013,38954,1457,40411,561
2021-07-22,San Joaquin,077,732212,76421,75461,3867,79328,1436
2021-07-22,San Luis Obispo,079,281455,21954,21616,796,22412,260
2021-07-22,San Mateo,081,765935,44456,43880,553,44433,542
2021-07-22,Santa Barbara,083,443738,36015,35071,1257,36328,465
2021-07-22,Santa Clara,085,1922200,122674,121092,845,121937,2099
2021-07-22,Santa Cruz,087,273765,16629,16416,828,17244,207
2021-07-22,Shasta,089,179085,12935,12759,1727,14486,211
2021-07-22,Sierra,091,2930,67,64,12,76,0
2021-07-22,Siskiyou,093,43540,2042,1951,426,2377,31
2021-07-22,Solano,095,438530,35214,34499,686,35185,259
2021-07-22,Sonoma,097,501317,32477,31928,377,32305,327
2021-07-22,Stanislaus,099,539301,58692,57879,6265,64144,1030
2021-07-22,Sutter,101,95872,10031,9890,100,9990,115
2021-07-22,Tehama,103,63373,5215,5166,605,5771,65
2021-07-22,Trinity,105,12862,507,345,111,456,3
2021-07-22,Tulare,107,460477,50984,50104,9513,59617,854
2021-07-22,Tuolumne,109,53932,4310,4216,42,4258,64
2021-07-22,Ventura,111,848112,83558,82687,3394,86081,1041
2021-07-22,Yolo,113,214977,14792,14557,441,14998,214
2021-07-22,Yuba,115,75493,6573,6449,138,6587,51
2021-07-21,Alameda,001,1643700,94529,92840,2183,95023,1256
2021-07-21,Alpine,003,1148,88,89,0,89,0
2021-07-21,Amador,005,37829,3858,3813,34,3847,48
2021-07-21,Butte,007,227075,13215,12939,1966,14905,203
2021-07-21,Calaveras,009,45235,2272,2257,16,2273,57
2021-07-21,Colusa,011,21464,2006,1988,342,2330,16
2021-07-21,Contra Costa,013,1133247,74874,73320,1478,74798,827
2021-07-21,Del Norte,015,27424,1558,1492,14,1506,8
2021-07-21,El Dorado,017,186661,10963,10742,827,11569,116
2021-07-21,Fresno,019,978130,105141,103504,9094,112598,1736
2021-07-21,Glenn,021,27897,2469,2455,580,3035,20
2021-07-21,Humboldt,023,135768,4903,4763,64,4827,52
2021-07-21,Imperial,025,180216,29166,28964,2836,31800,742
2021-07-21,Inyo,027,18085,1433,1423,12,1435,38
2021-07-21,Kern,029,883053,99272,98152,11682,109834,1350
2021-07-21,Kings,031,150075,23656,23270,1154,24424,246
2021-07-21,Lake,033,64148,4078,3896,14,3910,64
2021-07-21,Lassen,035,31185,5319,5310,120,5430,21
2021-07-21,Los Angeles,037,10098052,1243375,1229598,44768,1274366,24609
2021-07-21,Madera,039,155013,17117,16858,991,17849,245
2021-07-21,Marin,041,260295,14663,14427,287,14714,238
2021-07-21,Mariposa,043,17540,456,449,11,460,5
2021-07-21,Mendocino,045,87422,4404,4274,83,4357,49
2021-07-21,Merced,047,269075,31818,31607,1041,32648,473
2021-07-21,Modoc,049,8938,423,413,149,562,5
2021-07-21,Mono,051,14174,1278,1282,16,1298,3
2021-07-21,Monterey,053,433212,43734,43502,1952,45454,515
2021-07-21,Napa,055,140530,10352,10209,49,10258,81
2021-07-21,Nevada,057,99092,5304,5152,205,5357,72
2021-07-21,Orange,059,3164182,262916,259615,12090,271705,5139
2021-07-21,Placer,061,380077,24938,24441,1800,26241,303
2021-07-21,Plumas,063,18699,748,736,14,750,4
2021-07-21,Riverside,065,2383286,301500,296419,14558,310977,4552
2021-07-21,Sacramento,067,1510023,113792,112043,2179,114222,1696
2021-07-21,San Benito,069,59416,6222,6196,116,6312,63
2021-07-21,San Bernardino,071,2135413,300116,297519,9368,306887,5230
2021-07-21,San Diego,073,3302833,292497,288682,16702,305384,3787
2021-07-21,San Francisco,075,870044,39789,38699,1452,40151,559
2021-07-21,San Joaquin,077,732212,76232,75288,3855,79143,1434
2021-07-21,San Luis Obispo,079,281455,21917,21579,793,22372,260
2021-07-21,San Mateo,081,765935,44363,43755,549,44304,542
2021-07-21,Santa Barbara,083,443738,35956,34998,1241,36239,465
2021-07-21,Santa Clara,085,1922200,122464,120838,843,121681,2099
2021-07-21,Santa Cruz,087,273765,16595,16407,828,17235,207
2021-07-21,Shasta,089,179085,12902,12751,1724,14475,211
2021-07-21,Sierra,091,2930,67,64,12,76,0
2021-07-21,Siskiyou,093,43540,2040,1943,424,2367,31
2021-07-21,Solano,095,438530,35057,34374,681,35055,258
2021-07-21,Sonoma,097,501317,32361,31789,377,32166,327
2021-07-21,Stanislaus,099,539301,58590,57774,6256,64030,1028
2021-07-21,Sutter,101,95872,10007,9862,100,9962,113
2021-07-21,Tehama,103,63373,5211,5161,605,5766,65
2021-07-21,Trinity,105,12862,506,345,110,455,3
2021-07-21,Tulare,107,460477,50925,50066,9487,59553,854
2021-07-21,Tuolumne,109,53932,4273,4156,42,4198,64
2021-07-21,Ventura,111,848112,83436,82573,3382,85955,1041
2021-07-21,Yolo,113,214977,14751,14525,440,14965,213
2021-07-21,Yuba,115,75493,6545,6425,138,6563,52
2021-07-20,Alameda,001,1643700,94150,92625,2168,94793,1256
2021-07-20,Alpine,003,1148,88,89,0,89,0
2021-07-20,Amador,005,37829,3847,3807,34,3841,48
2021-07-20,Butte,007,227075,13178,12916,1961,14877,203
2021-07-20,Calaveras,009,45235,2269,2249,16,2265,57
2021-07-20,Colusa,011,21464,2006,1985,342,2327,16
2021-07-20,Contra Costa,013,1133247,74589,73143,1460,74603,825
2021-07-20,Del Norte,015,27424,1548,1490,14,1504,8
2021-07-20,El Dorado,017,186661,10923,10727,822,11549,116
2021-07-20,Fresno,019,978130,105005,103438,9075,112513,1736
2021-07-20,Glenn,021,27897,2469,2453,580,3033,20
2021-07-20,Humboldt,023,135768,4858,4735,62,4797,52
2021-07-20,Imperial,025,180216,29146,28933,2836,31769,742
2021-07-20,Inyo,027,18085,1429,1420,12,1432,36
2021-07-20,Kern,029,883053,99162,98082,11655,109737,1350
2021-07-20,Kings,031,150075,23615,23254,1150,24404,246
2021-07-20,Lake,033,64148,4053,3871,14,3885,64
2021-07-20,Lassen,035,31185,5319,5306,120,5426,21
2021-07-20,Los Angeles,037,10098052,1240600,1227404,44611,1272015,24603
2021-07-20,Madera,039,155013,17096,16856,987,17843,245
2021-07-20,Marin,041,260295,14628,14396,284,14680,234
2021-07-20,Mariposa,043,17540,455,448,11,459,5
2021-07-20,Mendocino,045,87422,4387,4259,83,4342,49
2021-07-20,Merced,047,269075,31780,31578,1034,32612,473
2021-07-20,Modoc,049,8938,423,413,149,562,5
2021-07-20,Mono,051,14174,1274,1281,16,1297,3
2021-07-20,Monterey,053,433212,43703,43481,1949,45430,515
2021-07-20,Napa,055,140530,10329,10191,49,10240,81
2021-07-20,Nevada,057,99092,5285,5148,204,5352,72
2021-07-20,Orange,059,3164182,262363,259303,12058,271361,5139
2021-07-20,Placer,061,380077,24846,24408,1776,26184,303
2021-07-20,Plumas,063,18699,746,736,14,750,4
2021-07-20,Riverside,065,2383286,300966,296118,14544,310662,4543
2021-07-20,Sacramento,067,1510023,113354,111796,2149,113945,1695
2021-07-20,San Benito,069,59416,6215,6196,116,6312,63
2021-07-20,San Bernardino,071,2135413,299705,297222,9343,306565,5231
2021-07-20,San Diego,073,3302833,291576,288209,16606,304815,3786
2021-07-20,San Francisco,075,870044,39532,38536,1441,39977,558
2021-07-20,San Joaquin,077,732212,76060,75198,3842,79040,1433
2021-07-20,San Luis Obispo,079,281455,21872,21556,792,22348,259
2021-07-20,San Mateo,081,765935,44246,43670,548,44218,542
2021-07-20,Santa Barbara,083,443738,35885,34935,1235,36170,462
2021-07-20,Santa Clara,085,1922200,122207,120704,841,121545,2098
2021-07-20,Santa Cruz,087,273765,16566,16399,828,17227,207
2021-07-20,Shasta,089,179085,12876,12734,1720,14454,211
2021-07-20,Sierra,091,2930,67,64,12,76,0
2021-07-20,Siskiyou,093,43540,2036,1931,423,2354,31
2021-07-20,Solano,095,438530,34924,34337,674,35011,258
2021-07-20,Sonoma,097,501317,32242,31763,376,32139,326
2021-07-20,Stanislaus,099,539301,58474,57706,6250,63956,1028
2021-07-20,Sutter,101,95872,9980,9854,97,9951,114
2021-07-20,Tehama,103,63373,5209,5153,605,5758,65
2021-07-20,Trinity,105,12862,504,344,109,453,3
2021-07-20,Tulare,107,460477,50883,50047,9470,59517,854
2021-07-20,Tuolumne,109,53932,4254,4156,42,4198,64
2021-07-20,Ventura,111,848112,83283,82504,3365,85869,1041
2021-07-20,Yolo,113,214977,14688,14495,437,14932,213
2021-07-20,Yuba,115,75493,6520,6393,135,6528,52
2021-07-19,Alameda,001,1643700,93779,92357,2153,94510,1256
2021-07-19,Alpine,003,1148,88,89,0,89,0
2021-07-19,Amador,005,37829,3843,3802,34,3836,48
2021-07-19,Butte,007,227075,13135,12901,1955,14856,202
2021-07-19,Calaveras,009,45235,2268,2245,16,2261,57
2021-07-19,Colusa,011,21464,2004,1981,341,2322,16
2021-07-19,Contra Costa,013,1133247,74277,72935,1440,74375,825
2021-07-19,Del Norte,015,27424,1535,1484,14,1498,8
2021-07-19,El Dorado,017,186661,10893,10703,814,11517,114
2021-07-19,Fresno,019,978130,104875,103350,9062,112412,1731
2021-07-19,Glenn,021,27897,2469,2452,579,3031,20
2021-07-19,Humboldt,023,135768,4828,4719,60,4779,52
2021-07-19,Imperial,025,180216,29119,28888,2835,31723,742
2021-07-19,Inyo,027,18085,1428,1417,12,1429,36
2021-07-19,Kern,029,883053,99050,97999,11620,109619,1349
2021-07-19,Kings,031,150075,23585,23221,1144,24365,246
2021-07-19,Lake,033,64148,4017,3848,14,3862,64
2021-07-19,Lassen,035,31185,5318,5305,120,5425,21
2021-07-19,Los Angeles,037,10098052,1238017,1225946,44424,1270370,24600
2021-07-19,Madera,039,155013,17073,16846,984,17830,244
2021-07-19,Marin,041,260295,14593,14369,281,14650,234
2021-07-19,Mariposa,043,17540,449,447,11,458,5
2021-07-19,Mendocino,045,87422,4369,4251,83,4334,49
2021-07-19,Merced,047,269075,31716,31565,1027,32592,472
2021-07-19,Modoc,049,8938,422,413,149,562,5
2021-07-19,Mono,051,14174,1272,1280,16,1296,3
2021-07-19,Monterey,053,433212,43679,43436,1948,45384,515
2021-07-19,Napa,055,140530,10304,10180,47,10227,81
2021-07-19,Nevada,057,99092,5257,5133,203,5336,72
2021-07-19,Orange,059,3164182,261843,258927,12026,270953,5138
2021-07-19,Placer,061,380077,24747,24359,1754,26113,303
2021-07-19,Plumas,063,18699,746,730,14,744,4
2021-07-19,Riverside,065,2383286,300477,295736,14506,310242,4543
2021-07-19,Sacramento,067,1510023,112991,111470,2125,113595,1696
2021-07-19,San Benito,069,59416,6212,6193,116,6309,63
2021-07-19,San Bernardino,071,2135413,299333,296929,9325,306254,5235
2021-07-19,San Diego,073,3302833,290687,287695,16505,304200,3786
2021-07-19,San Francisco,075,870044,39263,38463,1428,39891,560
2021-07-19,San Joaquin,077,732212,75895,75086,3836,78922,1431
2021-07-19,San Luis Obispo,079,281455,21827,21531,788,22319,259
2021-07-19,San Mateo,081,765935,44101,43563,539,44102,542
2021-07-19,Santa Barbara,083,443738,35811,34904,1233,36137,461
2021-07-19,Santa Clara,085,1922200,121949,120554,840,121394,2098
2021-07-19,Santa Cruz,087,273765,16550,16387,828,17215,207
2021-07-19,Shasta,089,179085,12858,12723,1718,14441,209
2021-07-19,Sierra,091,2930,66,64,12,76,0
2021-07-19,Siskiyou,093,43540,2031,1927,421,2348,31
2021-07-19,Solano,095,438530,34751,34262,663,34925,261
2021-07-19,Sonoma,097,501317,32121,31713,375,32088,325
2021-07-19,Stanislaus,099,539301,58371,57644,6240,63884,1027
2021-07-19,Sutter,101,95872,9964,9834,97,9931,114
2021-07-19,Tehama,103,63373,5203,5152,603,5755,65
2021-07-19,Trinity,105,12862,504,344,108,452,3
2021-07-19,Tulare,107,460477,50838,49994,9452,59446,855
2021-07-19,Tuolumne,109,53932,4244,4151,42,4193,64
2021-07-19,Ventura,111,848112,83187,82409,3343,85752,1041
2021-07-19,Yolo,113,214977,14657,14439,435,14874,213
2021-07-19,Yuba,115,75493,6496,6370,135,6505,52
2021-07-18,Alameda,001,1643700,93428,92162,2140,94302,1256
2021-07-18,Alpine,003,1148,88,89,0,89,0
2021-07-18,Amador,005,37829,3832,3799,34,3833,48
2021-07-18,Butte,007,227075,13092,12888,1950,14838,202
2021-07-18,Calaveras,009,45235,2267,2243,16,2259,57
2021-07-18,Colusa,011,21464,2004,1981,340,2321,16
2021-07-18,Contra Costa,013,1133247,73962,72849,1422,74271,825
2021-07-18,Del Norte,015,27424,1526,1482,14,1496,8
2021-07-18,El Dorado,017,186661,10855,10687,806,11493,114
2021-07-18,Fresno,019,978130,104722,103298,9044,112342,1731
2021-07-18,Glenn,021,27897,2468,2452,578,3030,20
2021-07-18,Humboldt,023,135768,4792,4714,60,4774,52
2021-07-18,Imperial,025,180216,29082,28877,2834,31711,742
2021-07-18,Inyo,027,18085,1424,1417,12,1429,36
2021-07-18,Kern,029,883053,98924,97963,11578,109541,1349
2021-07-18,Kings,031,150075,23564,23203,1140,24343,246
2021-07-18,Lake,033,64148,3981,3825,14,3839,64
2021-07-18,Lassen,035,31185,5318,5305,120,5425,21
2021-07-18,Los Angeles,037,10098052,1235346,1224691,44248,1268939,24598
2021-07-18,Madera,039,155013,17048,16838,980,17818,244
2021-07-18,Marin,041,260295,14557,14358,279,14637,234
2021-07-18,Mariposa,043,17540,448,447,11,458,5
2021-07-18,Mendocino,045,87422,4349,4246,83,4329,49
2021-07-18,Merced,047,269075,31685,31537,1025,32562,471
2021-07-18,Modoc,049,8938,422,413,149,562,5
2021-07-18,Mono,051,14174,1271,1280,16,1296,3
2021-07-18,Monterey,053,433212,43661,43422,1939,45361,515
2021-07-18,Napa,055,140530,10287,10174,44,10218,81
2021-07-18,Nevada,057,99092,5231,5124,203,5327,72
2021-07-18,Orange,059,3164182,261359,258724,11996,270720,5138
2021-07-18,Placer,061,380077,24680,24313,1727,26040,303
2021-07-18,Plumas,063,18699,746,730,14,744,4
2021-07-18,Riverside,065,2383286,299985,295522,14464,309986,4543
2021-07-18,Sacramento,067,1510023,112560,111255,2093,113348,1696
2021-07-18,San Benito,069,59416,6204,6191,116,6307,63
2021-07-18,San Bernardino,071,2135413,298859,296739,9310,306049,5233
2021-07-18,San Diego,073,3302833,289871,286287,16422,302709,3786
2021-07-18,San Francisco,075,870044,39031,38367,1417,39784,560
2021-07-18,San Joaquin,077,732212,75719,74997,3823,78820,1431
2021-07-18,San Luis Obispo,079,281455,21792,21527,785,22312,259
2021-07-18,San Mateo,081,765935,43987,43506,533,44039,542
2021-07-18,Santa Barbara,083,443738,35746,34880,1231,36111,461
2021-07-18,Santa Clara,085,1922200,121735,120438,833,121271,2098
2021-07-18,Santa Cruz,087,273765,16518,16372,827,17199,207
2021-07-18,Shasta,089,179085,12833,12714,1714,14428,209
2021-07-18,Sierra,091,2930,66,64,12,76,0
2021-07-18,Siskiyou,093,43540,2025,1927,416,2343,31
2021-07-18,Solano,095,438530,34624,34215,659,34874,261
2021-07-18,Sonoma,097,501317,32016,31675,374,32049,325
2021-07-18,Stanislaus,099,539301,58260,57600,6215,63815,1028
2021-07-18,Sutter,101,95872,9932,9826,97,9923,114
2021-07-18,Tehama,103,63373,5200,5150,602,5752,65
2021-07-18,Trinity,105,12862,504,344,108,452,3
2021-07-18,Tulare,107,460477,50785,49985,9429,59414,855
2021-07-18,Tuolumne,109,53932,4226,4149,42,4191,64
2021-07-18,Ventura,111,848112,83073,82361,3319,85680,1041
2021-07-18,Yolo,113,214977,14599,14425,429,14854,213
2021-07-18,Yuba,115,75493,6455,6357,135,6492,52
2021-07-17,Alameda,001,1643700,93206,91346,2134,93480,1255
2021-07-17,Alpine,003,1148,88,89,0,89,0
2021-07-17,Amador,005,37829,3823,3785,34,3819,48
2021-07-17,Butte,007,227075,13078,12824,1945,14769,202
2021-07-17,Calaveras,009,45235,2261,2237,16,2253,57
2021-07-17,Colusa,011,21464,2001,1976,340,2316,16
2021-07-17,Contra Costa,013,1133247,73782,72254,1409,73663,824
2021-07-17,Del Norte,015,27424,1518,1475,14,1489,8
2021-07-17,El Dorado,017,186661,10828,10622,802,11424,114
2021-07-17,Fresno,019,978130,104650,103055,9031,112086,1730
2021-07-17,Glenn,021,27897,2467,2451,578,3029,20
2021-07-17,Humboldt,023,135768,4779,4654,59,4713,52
2021-07-17,Imperial,025,180216,29066,28840,2834,31674,742
2021-07-17,Inyo,027,18085,1424,1416,12,1428,36
2021-07-17,Kern,029,883053,98867,97796,11541,109337,1348
2021-07-17,Kings,031,150075,23544,23163,1139,24302,246
2021-07-17,Lake,033,64148,3956,3760,14,3774,64
2021-07-17,Lassen,035,31185,5318,5302,120,5422,21
2021-07-17,Los Angeles,037,10098052,1233839,1219733,44104,1263837,24582
2021-07-17,Madera,039,155013,17040,16804,980,17784,240
2021-07-17,Marin,041,260295,14539,14297,277,14574,234
2021-07-17,Mariposa,043,17540,448,445,11,456,5
2021-07-17,Mendocino,045,87422,4337,4209,83,4292,49
2021-07-17,Merced,047,269075,31664,31451,1021,32472,471
2021-07-17,Modoc,049,8938,422,412,149,561,5
2021-07-17,Mono,051,14174,1269,1277,16,1293,3
2021-07-17,Monterey,053,433212,43638,43367,1934,45301,515
2021-07-17,Napa,055,140530,10271,10129,44,10173,81
2021-07-17,Nevada,057,99092,5216,5066,203,5269,72
2021-07-17,Orange,059,3164182,261049,257805,11957,269762,5136
2021-07-17,Placer,061,380077,24613,24169,1713,25882,303
2021-07-17,Plumas,063,18699,741,721,14,735,4
2021-07-17,Riverside,065,2383286,299678,294751,14432,309183,4542
2021-07-17,Sacramento,067,1510023,112324,110432,2071,112503,1694
2021-07-17,San Benito,069,59416,6198,6181,116,6297,63
2021-07-17,San Bernardino,071,2135413,298625,296048,9291,305339,5218
2021-07-17,San Diego,073,3302833,289464,285698,16355,302053,3786
2021-07-17,San Francisco,075,870044,38910,37978,1413,39391,560
2021-07-17,San Joaquin,077,732212,75632,74695,3817,78512,1430
2021-07-17,San Luis Obispo,079,281455,21765,21462,785,22247,258
2021-07-17,San Mateo,081,765935,43916,43324,532,43856,542
2021-07-17,Santa Barbara,083,443738,35705,34769,1228,35997,461
2021-07-17,Santa Clara,085,1922200,121563,119980,830,120810,2097
2021-07-17,Santa Cruz,087,273765,16511,16337,827,17164,207
2021-07-17,Shasta,089,179085,12818,12683,1709,14392,210
2021-07-17,Sierra,091,2930,66,62,12,74,0
2021-07-17,Siskiyou,093,43540,2020,1922,413,2335,29
2021-07-17,Solano,095,438530,34559,34015,651,34666,263
2021-07-17,Sonoma,097,501317,31949,31536,373,31909,322
2021-07-17,Stanislaus,099,539301,58182,57400,6201,63601,1028
2021-07-17,Sutter,101,95872,9922,9778,97,9875,114
2021-07-17,Tehama,103,63373,5197,5145,602,5747,64
2021-07-17,Trinity,105,12862,503,341,108,449,3
2021-07-17,Tulare,107,460477,50764,49937,9417,59354,854
2021-07-17,Tuolumne,109,53932,4216,4131,42,4173,64
2021-07-17,Ventura,111,848112,83005,82125,3308,85433,1041
2021-07-17,Yolo,113,214977,14568,14356,422,14778,213
2021-07-17,Yuba,115,75493,6444,6309,135,6444,52
2021-07-16,Alameda,001,1643700,92972,91346,2126,93472,1255
2021-07-16,Alpine,003,1148,88,89,0,89,0
2021-07-16,Amador,005,37829,3820,3785,34,3819,48
2021-07-16,Butte,007,227075,13053,12824,1942,14766,202
2021-07-16,Calaveras,009,45235,2261,2237,16,2253,57
2021-07-16,Colusa,011,21464,1999,1976,339,2315,16
2021-07-16,Contra Costa,013,1133247,73594,72254,1405,73659,824
2021-07-16,Del Norte,015,27424,1516,1475,14,1489,8
2021-07-16,El Dorado,017,186661,10809,10622,801,11423,114
2021-07-16,Fresno,019,978130,104598,103055,9012,112067,1730
2021-07-16,Glenn,021,27897,2467,2451,578,3029,20
2021-07-16,Humboldt,023,135768,4757,4654,59,4713,52
2021-07-16,Imperial,025,180216,29054,28840,2834,31674,742
2021-07-16,Inyo,027,18085,1422,1416,12,1428,36
2021-07-16,Kern,029,883053,98805,97796,11502,109298,1348
2021-07-16,Kings,031,150075,23519,23163,1137,24300,246
2021-07-16,Lake,033,64148,3929,3760,14,3774,64
2021-07-16,Lassen,035,31185,5317,5302,120,5422,21
2021-07-16,Los Angeles,037,10098052,1232346,1219733,43961,1263694,24582
2021-07-16,Madera,039,155013,17022,16804,980,17784,240
2021-07-16,Marin,041,260295,14515,14297,274,14571,234
2021-07-16,Mariposa,043,17540,448,445,11,456,5
2021-07-16,Mendocino,045,87422,4328,4209,82,4291,49
2021-07-16,Merced,047,269075,31642,31451,1019,32470,471
2021-07-16,Modoc,049,8938,422,412,149,561,5
2021-07-16,Mono,051,14174,1268,1277,16,1293,3
2021-07-16,Monterey,053,433212,43616,43367,1933,45300,515
2021-07-16,Napa,055,140530,10247,10129,43,10172,81
2021-07-16,Nevada,057,99092,5206,5066,203,5269,72
2021-07-16,Orange,059,3164182,260776,257805,11917,269722,5136
2021-07-16,Placer,061,380077,24560,24169,1708,25877,303
2021-07-16,Plumas,063,18699,740,721,14,735,4
2021-07-16,Riverside,065,2383286,299402,294751,14406,309157,4542
2021-07-16,Sacramento,067,1510023,112107,110432,2058,112490,1694
2021-07-16,San Benito,069,59416,6196,6181,116,6297,63
2021-07-16,San Bernardino,071,2135413,298347,296048,9274,305322,5218
2021-07-16,San Diego,073,3302833,289018,285698,16308,302006,3786
2021-07-16,San Francisco,075,870044,38793,37978,1408,39386,560
2021-07-16,San Joaquin,077,732212,75537,74695,3814,78509,1430
2021-07-16,San Luis Obispo,079,281455,21748,21462,785,22247,258
2021-07-16,San Mateo,081,765935,43863,43324,531,43855,542
2021-07-16,Santa Barbara,083,443738,35667,34769,1228,35997,461
2021-07-16,Santa Clara,085,1922200,121416,119980,822,120802,2097
2021-07-16,Santa Cruz,087,273765,16498,16337,827,17164,207
2021-07-16,Shasta,089,179085,12808,12683,1708,14391,210
2021-07-16,Sierra,091,2930,66,62,12,74,0
2021-07-16,Siskiyou,093,43540,2018,1922,411,2333,29
2021-07-16,Solano,095,438530,34492,34015,643,34658,263
2021-07-16,Sonoma,097,501317,31897,31536,370,31906,322
2021-07-16,Stanislaus,099,539301,58133,57400,6190,63590,1028
2021-07-16,Sutter,101,95872,9910,9778,97,9875,114
2021-07-16,Tehama,103,63373,5195,5145,602,5747,64
2021-07-16,Trinity,105,12862,503,341,107,448,3
2021-07-16,Tulare,107,460477,50740,49937,9407,59344,854
2021-07-16,Tuolumne,109,53932,4210,4131,42,4173,64
2021-07-16,Ventura,111,848112,82940,82125,3301,85426,1041
2021-07-16,Yolo,113,214977,14542,14356,418,14774,213
2021-07-16,Yuba,115,75493,6422,6309,134,6443,52
2021-07-15,Alameda,001,1643700,92675,91346,2117,93463,1255
2021-07-15,Alpine,003,1148,88,89,0,89,0
2021-07-15,Amador,005,37829,3817,3785,34,3819,48
2021-07-15,Butte,007,227075,13027,12824,1940,14764,202
2021-07-15,Calaveras,009,45235,2259,2237,16,2253,57
2021-07-15,Colusa,011,21464,1998,1976,338,2314,16
2021-07-15,Contra Costa,013,1133247,73381,72254,1397,73651,824
2021-07-15,Del Norte,015,27424,1513,1475,14,1489,8
2021-07-15,El Dorado,017,186661,10782,10622,799,11421,114
2021-07-15,Fresno,019,978130,104501,103055,8992,112047,1730
2021-07-15,Glenn,021,27897,2467,2451,578,3029,20
2021-07-15,Humboldt,023,135768,4739,4654,58,4712,52
2021-07-15,Imperial,025,180216,29031,28840,2833,31673,742
2021-07-15,Inyo,027,18085,1422,1416,12,1428,36
2021-07-15,Kern,029,883053,98735,97796,11474,109270,1348
2021-07-15,Kings,031,150075,23481,23163,1134,24297,246
2021-07-15,Lake,033,64148,3890,3760,14,3774,64
2021-07-15,Lassen,035,31185,5316,5302,120,5422,21
2021-07-15,Los Angeles,037,10098052,1230378,1219733,43800,1263533,24582
2021-07-15,Madera,039,155013,17000,16804,976,17780,240
2021-07-15,Marin,041,260295,14490,14297,274,14571,234
2021-07-15,Mariposa,043,17540,448,445,11,456,5
2021-07-15,Mendocino,045,87422,4320,4209,81,4290,49
2021-07-15,Merced,047,269075,31612,31451,1019,32470,471
2021-07-15,Modoc,049,8938,422,412,149,561,5
2021-07-15,Mono,051,14174,1268,1277,16,1293,3
2021-07-15,Monterey,053,433212,43587,43367,1930,45297,515
2021-07-15,Napa,055,140530,10222,10129,42,10171,81
2021-07-15,Nevada,057,99092,5188,5066,202,5268,72
2021-07-15,Orange,059,3164182,260424,257805,11885,269690,5136
2021-07-15,Placer,061,380077,24501,24169,1691,25860,303
2021-07-15,Plumas,063,18699,739,721,14,735,4
2021-07-15,Riverside,065,2383286,299080,294751,14391,309142,4542
2021-07-15,Sacramento,067,1510023,111803,110432,2040,112472,1694
2021-07-15,San Benito,069,59416,6194,6181,116,6297,63
2021-07-15,San Bernardino,071,2135413,298042,296048,9259,305307,5218
2021-07-15,San Diego,073,3302833,288386,285698,16231,301929,3786
2021-07-15,San Francisco,075,870044,38641,37978,1400,39378,560
2021-07-15,San Joaquin,077,732212,75420,74695,3809,78504,1430
2021-07-15,San Luis Obispo,079,281455,21716,21462,785,22247,258
2021-07-15,San Mateo,081,765935,43759,43324,527,43851,542
2021-07-15,Santa Barbara,083,443738,35614,34769,1227,35996,461
2021-07-15,Santa Clara,085,1922200,121294,119980,819,120799,2097
2021-07-15,Santa Cruz,087,273765,16485,16337,827,17164,207
2021-07-15,Shasta,089,179085,12800,12683,1703,14386,210
2021-07-15,Sierra,091,2930,66,62,12,74,0
2021-07-15,Siskiyou,093,43540,2017,1922,411,2333,29
2021-07-15,Solano,095,438530,34417,34015,637,34652,263
2021-07-15,Sonoma,097,501317,31836,31536,370,31906,322
2021-07-15,Stanislaus,099,539301,58065,57400,6177,63577,1028
2021-07-15,Sutter,101,95872,9890,9778,96,9874,114
2021-07-15,Tehama,103,63373,5189,5145,601,5746,64
2021-07-15,Trinity,105,12862,503,341,107,448,3
2021-07-15,Tulare,107,460477,50719,49937,9390,59327,854
2021-07-15,Tuolumne,109,53932,4198,4131,42,4173,64
2021-07-15,Ventura,111,848112,82863,82125,3296,85421,1041
2021-07-15,Yolo,113,214977,14515,14356,417,14773,213
2021-07-15,Yuba,115,75493,6407,6309,133,6442,52
2021-07-14,Alameda,001,1643700,92414,91092,2099,93191,1255
2021-07-14,Alpine,003,1148,88,89,0,89,0
2021-07-14,Amador,005,37829,3809,3784,34,3818,48
2021-07-14,Butte,007,227075,13000,12813,1933,14746,202
2021-07-14,Calaveras,009,45235,2251,2234,16,2250,57
2021-07-14,Colusa,011,21464,1995,1974,338,2312,16
2021-07-14,Contra Costa,013,1133247,73156,72091,1384,73475,823
2021-07-14,Del Norte,015,27424,1512,1472,14,1486,8
2021-07-14,El Dorado,017,186661,10756,10598,796,11394,114
2021-07-14,Fresno,019,978130,104421,102966,8981,111947,1728
2021-07-14,Glenn,021,27897,2467,2449,578,3027,20
2021-07-14,Humboldt,023,135768,4716,4644,56,4700,52
2021-07-14,Imperial,025,180216,29002,28822,2833,31655,742
2021-07-14,Inyo,027,18085,1421,1415,12,1427,36
2021-07-14,Kern,029,883053,98671,97736,11449,109185,1346
2021-07-14,Kings,031,150075,23468,23142,1134,24276,246
2021-07-14,Lake,033,64148,3857,3739,14,3753,63
2021-07-14,Lassen,035,31185,5315,5298,120,5418,21
2021-07-14,Los Angeles,037,10098052,1228375,1218265,43654,1261919,24578
2021-07-14,Madera,039,155013,16988,16786,974,17760,240
2021-07-14,Marin,041,260295,14456,14269,272,14541,233
2021-07-14,Mariposa,043,17540,446,445,11,456,5
2021-07-14,Mendocino,045,87422,4307,4193,81,4274,49
2021-07-14,Merced,047,269075,31575,31412,1016,32428,471
2021-07-14,Modoc,049,8938,422,412,149,561,4
2021-07-14,Mono,051,14174,1268,1278,16,1294,3
2021-07-14,Monterey,053,433212,43563,43347,1928,45275,504
2021-07-14,Napa,055,140530,10200,10121,42,10163,81
2021-07-14,Nevada,057,99092,5169,5058,202,5260,72
2021-07-14,Orange,059,3164182,260109,257558,11856,269414,5137
2021-07-14,Placer,061,380077,24448,24125,1679,25804,303
2021-07-14,Plumas,063,18699,732,719,14,733,4
2021-07-14,Riverside,065,2383286,298755,294511,14375,308886,4542
2021-07-14,Sacramento,067,1510023,111476,110193,2016,112209,1688
2021-07-14,San Benito,069,59416,6191,6177,116,6293,63
2021-07-14,San Bernardino,071,2135413,297739,295820,9244,305064,5193
2021-07-14,San Diego,073,3302833,287815,285269,16152,301421,3786
2021-07-14,San Francisco,075,870044,38502,37836,1393,39229,559
2021-07-14,San Joaquin,077,732212,75328,74599,3800,78399,1416
2021-07-14,San Luis Obispo,079,281455,21694,21444,783,22227,258
2021-07-14,San Mateo,081,765935,43662,43249,523,43772,542
2021-07-14,Santa Barbara,083,443738,35574,34719,1225,35944,461
2021-07-14,Santa Clara,085,1922200,121144,119844,816,120660,2098
2021-07-14,Santa Cruz,087,273765,16471,16326,827,17153,207
2021-07-14,Shasta,089,179085,12780,12669,1700,14369,209
2021-07-14,Sierra,091,2930,66,62,12,74,0
2021-07-14,Siskiyou,093,43540,2010,1922,408,2330,29
2021-07-14,Solano,095,438530,34344,33948,637,34585,268
2021-07-14,Sonoma,097,501317,31784,31470,370,31840,322
2021-07-14,Stanislaus,099,539301,57990,57340,6165,63505,1028
2021-07-14,Sutter,101,95872,9867,9766,96,9862,114
2021-07-14,Tehama,103,63373,5187,5142,601,5743,64
2021-07-14,Trinity,105,12862,503,341,107,448,3
2021-07-14,Tulare,107,460477,50702,49908,9376,59284,853
2021-07-14,Tuolumne,109,53932,4195,4128,41,4169,64
2021-07-14,Ventura,111,848112,82769,82041,3285,85326,1040
2021-07-14,Yolo,113,214977,14482,14332,414,14746,213
2021-07-14,Yuba,115,75493,6389,6294,133,6427,52
2021-07-13,Alameda,001,1643700,92147,90874,2088,92962,1255
2021-07-13,Alpine,003,1148,88,89,0,89,0
2021-07-13,Amador,005,37829,3802,3783,34,3817,48
2021-07-13,Butte,007,227075,12986,12802,1932,14734,202
2021-07-13,Calaveras,009,45235,2247,2230,16,2246,57
2021-07-13,Colusa,011,21464,1993,1972,334,2306,16
2021-07-13,Contra Costa,013,1133247,72931,71963,1375,73338,823
2021-07-13,Del Norte,015,27424,1508,1471,14,1485,8
2021-07-13,El Dorado,017,186661,10738,10581,793,11374,114
2021-07-13,Fresno,019,978130,104345,102909,8971,111880,1727
2021-07-13,Glenn,021,27897,2465,2448,578,3026,20
2021-07-13,Humboldt,023,135768,4701,4634,56,4690,51
2021-07-13,Imperial,025,180216,28991,28792,2833,31625,741
2021-07-13,Inyo,027,18085,1420,1415,12,1427,36
2021-07-13,Kern,029,883053,98582,97698,11410,109108,1346
2021-07-13,Kings,031,150075,23450,23132,1134,24266,246
2021-07-13,Lake,033,64148,3830,3719,13,3732,63
2021-07-13,Lassen,035,31185,5313,5292,120,5412,21
2021-07-13,Los Angeles,037,10098052,1226535,1217184,43482,1260666,24569
2021-07-13,Madera,039,155013,16978,16773,970,17743,240
2021-07-13,Marin,041,260295,14427,14254,271,14525,233
2021-07-13,Mariposa,043,17540,445,443,11,454,5
2021-07-13,Mendocino,045,87422,4300,4185,81,4266,49
2021-07-13,Merced,047,269075,31554,31379,1013,32392,471
2021-07-13,Modoc,049,8938,422,411,149,560,4
2021-07-13,Mono,051,14174,1267,1277,16,1293,3
2021-07-13,Monterey,053,433212,43545,43333,1924,45257,504
2021-07-13,Napa,055,140530,10179,10118,42,10160,81
2021-07-13,Nevada,057,99092,5144,5053,202,5255,72
2021-07-13,Orange,059,3164182,259777,257339,11827,269166,5136
2021-07-13,Placer,061,380077,24402,24091,1666,25757,303
2021-07-13,Plumas,063,18699,731,716,14,730,4
2021-07-13,Riverside,065,2383286,298432,294302,14349,308651,4541
2021-07-13,Sacramento,067,1510023,111166,109990,1993,111983,1687
2021-07-13,San Benito,069,59416,6189,6173,116,6289,63
2021-07-13,San Bernardino,071,2135413,297463,295596,9222,304818,5183
2021-07-13,San Diego,073,3302833,287272,284997,16073,301070,3785
2021-07-13,San Francisco,075,870044,38358,37725,1387,39112,559
2021-07-13,San Joaquin,077,732212,75212,74500,3797,78297,1417
2021-07-13,San Luis Obispo,079,281455,21668,21423,780,22203,258
2021-07-13,San Mateo,081,765935,43594,43180,522,43702,542
2021-07-13,Santa Barbara,083,443738,35525,34679,1222,35901,461
2021-07-13,Santa Clara,085,1922200,120990,119727,812,120539,2098
2021-07-13,Santa Cruz,087,273765,16462,16315,825,17140,207
2021-07-13,Shasta,089,179085,12767,12659,1693,14352,209
2021-07-13,Sierra,091,2930,66,62,12,74,0
2021-07-13,Siskiyou,093,43540,2009,1916,406,2322,29
2021-07-13,Solano,095,438530,34280,33918,631,34549,268
2021-07-13,Sonoma,097,501317,31725,31431,370,31801,322
2021-07-13,Stanislaus,099,539301,57921,57282,6151,63433,1028
2021-07-13,Sutter,101,95872,9849,9752,95,9847,114
2021-07-13,Tehama,103,63373,5180,5144,601,5745,64
2021-07-13,Trinity,105,12862,503,341,106,447,3
2021-07-13,Tulare,107,460477,50678,49891,9360,59251,853
2021-07-13,Tuolumne,109,53932,4187,4122,40,4162,64
2021-07-13,Ventura,111,848112,82685,81982,3260,85242,1040
2021-07-13,Yolo,113,214977,14454,14320,407,14727,213
2021-07-13,Yuba,115,75493,6372,6279,133,6412,52
2021-07-12,Alameda,001,1643700,91891,90720,2080,92800,1254
2021-07-12,Alpine,003,1148,88,89,0,89,0
2021-07-12,Amador,005,37829,3795,3781,34,3815,47
2021-07-12,Butte,007,227075,12966,12796,1930,14726,202
2021-07-12,Calaveras,009,45235,2245,2228,16,2244,57
2021-07-12,Colusa,011,21464,1989,1971,333,2304,16
2021-07-12,Contra Costa,013,1133247,72729,71833,1370,73203,823
2021-07-12,Del Norte,015,27424,1505,1469,14,1483,8
2021-07-12,El Dorado,017,186661,10710,10569,791,11360,114
2021-07-12,Fresno,019,978130,104251,102853,8960,111813,1728
2021-07-12,Glenn,021,27897,2465,2446,578,3024,20
2021-07-12,Humboldt,023,135768,4685,4621,56,4677,51
2021-07-12,Imperial,025,180216,28961,28789,2833,31622,741
2021-07-12,Inyo,027,18085,1420,1415,12,1427,36
2021-07-12,Kern,029,883053,98513,97660,11385,109045,1346
2021-07-12,Kings,031,150075,23430,23124,1132,24256,246
2021-07-12,Lake,033,64148,3809,3706,13,3719,63
2021-07-12,Lassen,035,31185,5312,5292,120,5412,21
2021-07-12,Los Angeles,037,10098052,1224756,1216230,43343,1259573,24559
2021-07-12,Madera,039,155013,16967,16772,970,17742,240
2021-07-12,Marin,041,260295,14402,14238,270,14508,233
2021-07-12,Mariposa,043,17540,445,442,11,453,5
2021-07-12,Mendocino,045,87422,4289,4175,81,4256,49
2021-07-12,Merced,047,269075,31523,31374,1012,32386,471
2021-07-12,Modoc,049,8938,421,411,149,560,4
2021-07-12,Mono,051,14174,1265,1275,16,1291,3
2021-07-12,Monterey,053,433212,43524,43315,1920,45235,504
2021-07-12,Napa,055,140530,10161,10104,41,10145,81
2021-07-12,Nevada,057,99092,5121,5046,202,5248,72
2021-07-12,Orange,059,3164182,259426,257171,11802,268973,5136
2021-07-12,Placer,061,380077,24351,24052,1660,25712,302
2021-07-12,Plumas,063,18699,731,716,14,730,4
2021-07-12,Riverside,065,2383286,298124,294108,14319,308427,4541
2021-07-12,Sacramento,067,1510023,110950,109849,1966,111815,1685
2021-07-12,San Benito,069,59416,6186,6166,116,6282,63
2021-07-12,San Bernardino,071,2135413,297192,295447,9208,304655,5171
2021-07-12,San Diego,073,3302833,286807,284648,15997,300645,3785
2021-07-12,San Francisco,075,870044,38211,37656,1383,39039,559
2021-07-12,San Joaquin,077,732212,75117,74424,3787,78211,1415
2021-07-12,San Luis Obispo,079,281455,21649,21408,779,22187,258
2021-07-12,San Mateo,081,765935,43501,43138,515,43653,542
2021-07-12,Santa Barbara,083,443738,35483,34664,1220,35884,461
2021-07-12,Santa Clara,085,1922200,120825,119634,809,120443,2098
2021-07-12,Santa Cruz,087,273765,16437,16310,824,17134,207
2021-07-12,Shasta,089,179085,12759,12648,1690,14338,208
2021-07-12,Sierra,091,2930,66,62,12,74,0
2021-07-12,Siskiyou,093,43540,2004,1916,401,2317,29
2021-07-12,Solano,095,438530,34190,33859,622,34481,268
2021-07-12,Sonoma,097,501317,31677,31377,369,31746,322
2021-07-12,Stanislaus,099,539301,57848,57243,6144,63387,1028
2021-07-12,Sutter,101,95872,9832,9736,94,9830,114
2021-07-12,Tehama,103,63373,5175,5138,600,5738,63
2021-07-12,Trinity,105,12862,499,340,104,444,3
2021-07-12,Tulare,107,460477,50650,49882,9347,59229,853
2021-07-12,Tuolumne,109,53932,4183,4116,40,4156,64
2021-07-12,Ventura,111,848112,82584,81919,3239,85158,1040
2021-07-12,Yolo,113,214977,14425,14303,403,14706,213
2021-07-12,Yuba,115,75493,6357,6266,133,6399,52
2021-07-11,Alameda,001,1643700,91563,90597,2066,92663,1254
2021-07-11,Alpine,003,1148,88,89,0,89,0
2021-07-11,Amador,005,37829,3793,3779,34,3813,47
2021-07-11,Butte,007,227075,12943,12794,1924,14718,202
2021-07-11,Calaveras,009,45235,2237,2226,15,2241,57
2021-07-11,Colusa,011,21464,1988,1971,332,2303,16
2021-07-11,Contra Costa,013,1133247,72519,71744,1363,73107,823
2021-07-11,Del Norte,015,27424,1501,1467,13,1480,8
2021-07-11,El Dorado,017,186661,10681,10554,789,11343,114
2021-07-11,Fresno,019,978130,104156,102813,8941,111754,1728
2021-07-11,Glenn,021,27897,2464,2446,578,3024,20
2021-07-11,Humboldt,023,135768,4672,4611,55,4666,51
2021-07-11,Imperial,025,180216,28943,28787,2832,31619,741
2021-07-11,Inyo,027,18085,1418,1415,12,1427,36
2021-07-11,Kern,029,883053,98440,97637,11369,109006,1346
2021-07-11,Kings,031,150075,23399,23116,1129,24245,246
2021-07-11,Lake,033,64148,3778,3699,13,3712,63
2021-07-11,Lassen,035,31185,5309,5291,120,5411,21
2021-07-11,Los Angeles,037,10098052,1223011,1215182,43184,1258366,24558
2021-07-11,Madera,039,155013,16948,16766,969,17735,240
2021-07-11,Marin,041,260295,14376,14231,270,14501,233
2021-07-11,Mariposa,043,17540,444,442,11,453,5
2021-07-11,Mendocino,045,87422,4269,4167,81,4248,49
2021-07-11,Merced,047,269075,31499,31366,1007,32373,471
2021-07-11,Modoc,049,8938,420,411,149,560,4
2021-07-11,Mono,051,14174,1265,1275,16,1291,3
2021-07-11,Monterey,053,433212,43505,43307,1916,45223,504
2021-07-11,Napa,055,140530,10157,10100,41,10141,81
2021-07-11,Nevada,057,99092,5110,5035,201,5236,72
2021-07-11,Orange,059,3164182,259113,257009,11773,268782,5136
2021-07-11,Placer,061,380077,24294,24017,1648,25665,302
2021-07-11,Plumas,063,18699,731,716,14,730,4
2021-07-11,Riverside,065,2383286,297860,293969,14301,308270,4541
2021-07-11,Sacramento,067,1510023,110672,109696,1956,111652,1685
2021-07-11,San Benito,069,59416,6181,6163,116,6279,63
2021-07-11,San Bernardino,071,2135413,296887,295342,9183,304525,5167
2021-07-11,San Diego,073,3302833,286394,283819,15911,299730,3784
2021-07-11,San Francisco,075,870044,38083,37596,1377,38973,559
2021-07-11,San Joaquin,077,732212,75001,74376,3770,78146,1415
2021-07-11,San Luis Obispo,079,281455,21616,21403,778,22181,258
2021-07-11,San Mateo,081,765935,43422,43107,508,43615,542
2021-07-11,Santa Barbara,083,443738,35437,34646,1220,35866,461
2021-07-11,Santa Clara,085,1922200,120671,119549,808,120357,2098
2021-07-11,Santa Cruz,087,273765,16421,16303,824,17127,207
2021-07-11,Shasta,089,179085,12742,12647,1688,14335,208
2021-07-11,Sierra,091,2930,66,62,12,74,0
2021-07-11,Siskiyou,093,43540,2000,1915,399,2314,29
2021-07-11,Solano,095,438530,34108,33837,618,34455,268
2021-07-11,Sonoma,097,501317,31595,31352,369,31721,322
2021-07-11,Stanislaus,099,539301,57775,57230,6133,63363,1028
2021-07-11,Sutter,101,95872,9818,9728,94,9822,114
2021-07-11,Tehama,103,63373,5172,5138,600,5738,63
2021-07-11,Trinity,105,12862,498,340,104,444,3
2021-07-11,Tulare,107,460477,50625,49877,9328,59205,853
2021-07-11,Tuolumne,109,53932,4177,4116,40,4156,64
2021-07-11,Ventura,111,848112,82512,81875,3219,85094,1040
2021-07-11,Yolo,113,214977,14398,14285,397,14682,213
2021-07-11,Yuba,115,75493,6346,6260,133,6393,52
2021-07-10,Alameda,001,1643700,91413,90090,2063,92153,1252
2021-07-10,Alpine,003,1148,88,89,0,89,0
2021-07-10,Amador,005,37829,3787,3773,34,3807,47
2021-07-10,Butte,007,227075,12932,12764,1921,14685,202
2021-07-10,Calaveras,009,45235,2236,2214,15,2229,57
2021-07-10,Colusa,011,21464,1986,1969,332,2301,16
2021-07-10,Contra Costa,013,1133247,72419,71376,1362,72738,821
2021-07-10,Del Norte,015,27424,1499,1451,13,1464,8
2021-07-10,El Dorado,017,186661,10665,10508,785,11293,114
2021-07-10,Fresno,019,978130,104123,102675,8934,111609,1730
2021-07-10,Glenn,021,27897,2461,2440,577,3017,20
2021-07-10,Humboldt,023,135768,4663,4574,55,4629,51
2021-07-10,Imperial,025,180216,28930,28729,2832,31561,741
2021-07-10,Inyo,027,18085,1417,1415,12,1427,36
2021-07-10,Kern,029,883053,98400,97538,11352,108890,1346
2021-07-10,Kings,031,150075,23392,23090,1128,24218,246
2021-07-10,Lake,033,64148,3761,3667,13,3680,63
2021-07-10,Lassen,035,31185,5309,5290,120,5410,21
2021-07-10,Los Angeles,037,10098052,1221993,1212043,43081,1255124,24542
2021-07-10,Madera,039,155013,16942,16744,966,17710,241
2021-07-10,Marin,041,260295,14362,14194,270,14464,233
2021-07-10,Mariposa,043,17540,444,442,11,453,5
2021-07-10,Mendocino,045,87422,4262,4153,80,4233,49
2021-07-10,Merced,047,269075,31486,31328,1007,32335,470
2021-07-10,Modoc,049,8938,420,410,149,559,4
2021-07-10,Mono,051,14174,1265,1275,16,1291,3
2021-07-10,Monterey,053,433212,43491,43251,1914,45165,499
2021-07-10,Napa,055,140530,10145,10077,41,10118,81
2021-07-10,Nevada,057,99092,5101,5000,201,5201,72
2021-07-10,Orange,059,3164182,258940,256438,11757,268195,5135
2021-07-10,Placer,061,380077,24265,23916,1638,25554,302
2021-07-10,Plumas,063,18699,730,717,14,731,4
2021-07-10,Riverside,065,2383286,297673,293474,14287,307761,4541
2021-07-10,Sacramento,067,1510023,110523,109091,1951,111042,1682
2021-07-10,San Benito,069,59416,6176,6141,116,6257,63
2021-07-10,San Bernardino,071,2135413,296699,294932,9171,304103,5117
2021-07-10,San Diego,073,3302833,286104,283577,15858,299435,3783
2021-07-10,San Francisco,075,870044,37998,37338,1374,38712,559
2021-07-10,San Joaquin,077,732212,74944,74150,3764,77914,1412
2021-07-10,San Luis Obispo,079,281455,21605,21375,777,22152,258
2021-07-10,San Mateo,081,765935,43372,42948,506,43454,542
2021-07-10,Santa Barbara,083,443738,35411,34595,1220,35815,460
2021-07-10,Santa Clara,085,1922200,120568,119330,805,120135,2094
2021-07-10,Santa Cruz,087,273765,16414,16286,824,17110,207
2021-07-10,Shasta,089,179085,12729,12623,1683,14306,206
2021-07-10,Sierra,091,2930,66,61,12,73,0
2021-07-10,Siskiyou,093,43540,1998,1909,396,2305,29
2021-07-10,Solano,095,438530,34067,33678,612,34290,268
2021-07-10,Sonoma,097,501317,31544,31231,369,31600,317
2021-07-10,Stanislaus,099,539301,57734,57104,6123,63227,1026
2021-07-10,Sutter,101,95872,9805,9692,94,9786,114
2021-07-10,Tehama,103,63373,5169,5131,600,5731,63
2021-07-10,Trinity,105,12862,498,341,104,445,3
2021-07-10,Tulare,107,460477,50615,49850,9322,59172,853
2021-07-10,Tuolumne,109,53932,4175,4114,40,4154,64
2021-07-10,Ventura,111,848112,82467,81713,3201,84914,1039
2021-07-10,Yolo,113,214977,14377,14250,394,14644,213
2021-07-10,Yuba,115,75493,6336,6238,133,6371,52
2021-07-09,Alameda,001,1643700,91259,90090,2059,92149,1252
2021-07-09,Alpine,003,1148,88,89,0,89,0
2021-07-09,Amador,005,37829,3786,3773,34,3807,47
2021-07-09,Butte,007,227075,12921,12764,1919,14683,202
2021-07-09,Calaveras,009,45235,2234,2214,15,2229,57
2021-07-09,Colusa,011,21464,1985,1969,332,2301,16
2021-07-09,Contra Costa,013,1133247,72294,71376,1361,72737,821
2021-07-09,Del Norte,015,27424,1494,1451,13,1464,8
2021-07-09,El Dorado,017,186661,10650,10508,784,11292,114
2021-07-09,Fresno,019,978130,104067,102675,8927,111602,1730
2021-07-09,Glenn,021,27897,2460,2440,575,3015,20
2021-07-09,Humboldt,023,135768,4644,4574,55,4629,51
2021-07-09,Imperial,025,180216,28922,28729,2831,31560,741
2021-07-09,Inyo,027,18085,1416,1415,12,1427,36
2021-07-09,Kern,029,883053,98362,97538,11340,108878,1346
2021-07-09,Kings,031,150075,23382,23090,1127,24217,246
2021-07-09,Lake,033,64148,3747,3667,13,3680,63
2021-07-09,Lassen,035,31185,5307,5290,119,5409,21
2021-07-09,Los Angeles,037,10098052,1220990,1212043,43008,1255051,24542
2021-07-09,Madera,039,155013,16932,16744,965,17709,241
2021-07-09,Marin,041,260295,14341,14194,269,14463,233
2021-07-09,Mariposa,043,17540,444,442,11,453,5
2021-07-09,Mendocino,045,87422,4255,4153,80,4233,49
2021-07-09,Merced,047,269075,31471,31328,1007,32335,470
2021-07-09,Modoc,049,8938,420,410,149,559,4
2021-07-09,Mono,051,14174,1265,1275,16,1291,3
2021-07-09,Monterey,053,433212,43482,43251,1914,45165,499
2021-07-09,Napa,055,140530,10138,10077,41,10118,81
2021-07-09,Nevada,057,99092,5092,5000,201,5201,72
2021-07-09,Orange,059,3164182,258736,256438,11743,268181,5135
2021-07-09,Placer,061,380077,24243,23916,1632,25548,302
2021-07-09,Plumas,063,18699,728,717,14,731,4
2021-07-09,Riverside,065,2383286,297487,293474,14274,307748,4541
2021-07-09,Sacramento,067,1510023,110370,109091,1942,111033,1682
2021-07-09,San Benito,069,59416,6174,6141,116,6257,63
2021-07-09,San Bernardino,071,2135413,296547,294932,9164,304096,5117
2021-07-09,San Diego,073,3302833,285818,283577,15810,299387,3783
2021-07-09,San Francisco,075,870044,37918,37338,1367,38705,559
2021-07-09,San Joaquin,077,732212,74871,74150,3757,77907,1412
2021-07-09,San Luis Obispo,079,281455,21593,21375,777,22152,258
2021-07-09,San Mateo,081,765935,43326,42948,502,43450,542
2021-07-09,Santa Barbara,083,443738,35392,34595,1219,35814,460
2021-07-09,Santa Clara,085,1922200,120458,119330,805,120135,2094
2021-07-09,Santa Cruz,087,273765,16411,16286,824,17110,207
2021-07-09,Shasta,089,179085,12723,12623,1678,14301,206
2021-07-09,Sierra,091,2930,66,61,12,73,0
2021-07-09,Siskiyou,093,43540,1996,1909,395,2304,29
2021-07-09,Solano,095,438530,34032,33678,608,34286,268
2021-07-09,Sonoma,097,501317,31508,31231,369,31600,317
2021-07-09,Stanislaus,099,539301,57692,57104,6121,63225,1026
2021-07-09,Sutter,101,95872,9796,9692,94,9786,114
2021-07-09,Tehama,103,63373,5167,5131,600,5731,63
2021-07-09,Trinity,105,12862,497,341,101,442,3
2021-07-09,Tulare,107,460477,50602,49850,9316,59166,853
2021-07-09,Tuolumne,109,53932,4172,4114,40,4154,64
2021-07-09,Ventura,111,848112,82412,81713,3192,84905,1039
2021-07-09,Yolo,113,214977,14362,14250,390,14640,213
2021-07-09,Yuba,115,75493,6323,6238,133,6371,52
2021-07-08,Alameda,001,1643700,91049,90090,2054,92144,1252
2021-07-08,Alpine,003,1148,88,89,0,89,0
2021-07-08,Amador,005,37829,3784,3773,34,3807,47
2021-07-08,Butte,007,227075,12908,12764,1916,14680,202
2021-07-08,Calaveras,009,45235,2229,2214,14,2228,57
2021-07-08,Colusa,011,21464,1985,1969,332,2301,16
2021-07-08,Contra Costa,013,1133247,72166,71376,1356,72732,821
2021-07-08,Del Norte,015,27424,1492,1451,13,1464,8
2021-07-08,El Dorado,017,186661,10633,10508,779,11287,114
2021-07-08,Fresno,019,978130,104004,102675,8916,111591,1730
2021-07-08,Glenn,021,27897,2460,2440,575,3015,20
2021-07-08,Humboldt,023,135768,4629,4574,54,4628,51
2021-07-08,Imperial,025,180216,28909,28729,2830,31559,741
2021-07-08,Inyo,027,18085,1416,1415,12,1427,36
2021-07-08,Kern,029,883053,98314,97538,11325,108863,1346
2021-07-08,Kings,031,150075,23373,23090,1127,24217,246
2021-07-08,Lake,033,64148,3733,3667,13,3680,63
2021-07-08,Lassen,035,31185,5304,5290,119,5409,21
2021-07-08,Los Angeles,037,10098052,1219779,1212043,42912,1254955,24542
2021-07-08,Madera,039,155013,16916,16744,965,17709,241
2021-07-08,Marin,041,260295,14327,14194,269,14463,233
2021-07-08,Mariposa,043,17540,443,442,11,453,5
2021-07-08,Mendocino,045,87422,4252,4153,80,4233,49
2021-07-08,Merced,047,269075,31457,31328,1005,32333,470
2021-07-08,Modoc,049,8938,420,410,149,559,4
2021-07-08,Mono,051,14174,1265,1275,16,1291,3
2021-07-08,Monterey,053,433212,43462,43251,1908,45159,499
2021-07-08,Napa,055,140530,10134,10077,41,10118,81
2021-07-08,Nevada,057,99092,5086,5000,201,5201,72
2021-07-08,Orange,059,3164182,258543,256438,11722,268160,5135
2021-07-08,Placer,061,380077,24204,23916,1624,25540,302
2021-07-08,Plumas,063,18699,727,717,14,731,4
2021-07-08,Riverside,065,2383286,297286,293474,14258,307732,4541
2021-07-08,Sacramento,067,1510023,110148,109091,1935,111026,1682
2021-07-08,San Benito,069,59416,6171,6141,116,6257,63
2021-07-08,San Bernardino,071,2135413,296371,294932,9155,304087,5117
2021-07-08,San Diego,073,3302833,285490,283577,15762,299339,3783
2021-07-08,San Francisco,075,870044,37838,37338,1363,38701,559
2021-07-08,San Joaquin,077,732212,74783,74150,3744,77894,1412
2021-07-08,San Luis Obispo,079,281455,21581,21375,774,22149,258
2021-07-08,San Mateo,081,765935,43276,42948,501,43449,542
2021-07-08,Santa Barbara,083,443738,35365,34595,1217,35812,460
2021-07-08,Santa Clara,085,1922200,120365,119330,804,120134,2094
2021-07-08,Santa Cruz,087,273765,16405,16286,824,17110,207
2021-07-08,Shasta,089,179085,12717,12623,1674,14297,206
2021-07-08,Sierra,091,2930,66,61,12,73,0
2021-07-08,Siskiyou,093,43540,1991,1909,392,2301,29
2021-07-08,Solano,095,438530,33977,33678,602,34280,268
2021-07-08,Sonoma,097,501317,31477,31231,368,31599,317
2021-07-08,Stanislaus,099,539301,57657,57104,6117,63221,1026
2021-07-08,Sutter,101,95872,9781,9692,92,9784,114
2021-07-08,Tehama,103,63373,5164,5131,599,5730,63
2021-07-08,Trinity,105,12862,497,341,101,442,3
2021-07-08,Tulare,107,460477,50584,49850,9308,59158,853
2021-07-08,Tuolumne,109,53932,4170,4114,40,4154,64
2021-07-08,Ventura,111,848112,82347,81713,3176,84889,1039
2021-07-08,Yolo,113,214977,14344,14250,388,14638,213
2021-07-08,Yuba,115,75493,6315,6238,133,6371,52
2021-07-07,Alameda,001,1643700,90865,89995,2048,92043,1253
2021-07-07,Alpine,003,1148,88,89,0,89,0
2021-07-07,Amador,005,37829,3779,3770,34,3804,47
2021-07-07,Butte,007,227075,12895,12750,1911,14661,202
2021-07-07,Calaveras,009,45235,2224,2212,14,2226,57
2021-07-07,Colusa,011,21464,1981,1969,332,2301,16
2021-07-07,Contra Costa,013,1133247,72021,71308,1354,72662,821
2021-07-07,Del Norte,015,27424,1487,1446,13,1459,8
2021-07-07,El Dorado,017,186661,10613,10494,777,11271,114
2021-07-07,Fresno,019,978130,103954,102639,8909,111548,1729
2021-07-07,Glenn,021,27897,2460,2441,575,3016,20
2021-07-07,Humboldt,023,135768,4615,4566,54,4620,51
2021-07-07,Imperial,025,180216,28902,28701,2830,31531,740
2021-07-07,Inyo,027,18085,1415,1415,12,1427,36
2021-07-07,Kern,029,883053,98270,97507,11310,108817,1348
2021-07-07,Kings,031,150075,23360,23085,1124,24209,245
2021-07-07,Lake,033,64148,3714,3660,13,3673,63
2021-07-07,Lassen,035,31185,5304,5286,119,5405,21
2021-07-07,Los Angeles,037,10098052,1218601,1211316,42806,1254122,24531
2021-07-07,Madera,039,155013,16905,16733,963,17696,241
2021-07-07,Marin,041,260295,14308,14183,268,14451,233
2021-07-07,Mariposa,043,17540,441,442,11,453,5
2021-07-07,Mendocino,045,87422,4243,4145,80,4225,49
2021-07-07,Merced,047,269075,31442,31317,1005,32322,470
2021-07-07,Modoc,049,8938,420,410,149,559,4
2021-07-07,Mono,051,14174,1264,1274,16,1290,3
2021-07-07,Monterey,053,433212,43438,43233,1906,45139,494
2021-07-07,Napa,055,140530,10123,10078,41,10119,81
2021-07-07,Nevada,057,99092,5079,4996,201,5197,72
2021-07-07,Orange,059,3164182,258316,256301,11700,268001,5132
2021-07-07,Placer,061,380077,24168,23901,1614,25515,302
2021-07-07,Plumas,063,18699,727,710,14,724,4
2021-07-07,Riverside,065,2383286,297071,293331,14248,307579,4538
2021-07-07,Sacramento,067,1510023,109957,108954,1927,110881,1682
2021-07-07,San Benito,069,59416,6166,6137,116,6253,63
2021-07-07,San Bernardino,071,2135413,296203,294787,9148,303935,5087
2021-07-07,San Diego,073,3302833,285172,283377,15722,299099,3782
2021-07-07,San Francisco,075,870044,37746,37284,1360,38644,558
2021-07-07,San Joaquin,077,732212,74707,74095,3728,77823,1410
2021-07-07,San Luis Obispo,079,281455,21572,21360,772,22132,258
2021-07-07,San Mateo,081,765935,43221,42908,498,43406,542
2021-07-07,Santa Barbara,083,443738,35339,34582,1217,35799,460
2021-07-07,Santa Clara,085,1922200,120267,119250,803,120053,2094
2021-07-07,Santa Cruz,087,273765,16396,16279,823,17102,207
2021-07-07,Shasta,089,179085,12709,12613,1671,14284,206
2021-07-07,Sierra,091,2930,66,60,12,72,0
2021-07-07,Siskiyou,093,43540,1985,1908,388,2296,29
2021-07-07,Solano,095,438530,33928,33659,595,34254,268
2021-07-07,Sonoma,097,501317,31431,31172,368,31540,316
2021-07-07,Stanislaus,099,539301,57612,57102,6112,63214,1028
2021-07-07,Sutter,101,95872,9771,9683,92,9775,114
2021-07-07,Tehama,103,63373,5163,5129,599,5728,63
2021-07-07,Trinity,105,12862,497,341,101,442,3
2021-07-07,Tulare,107,460477,50580,49835,9299,59134,853
2021-07-07,Tuolumne,109,53932,4166,4115,39,4154,64
2021-07-07,Ventura,111,848112,82303,81608,3162,84770,1036
2021-07-07,Yolo,113,214977,14334,14236,385,14621,213
2021-07-07,Yuba,115,75493,6299,6233,133,6366,51
2021-07-06,Alameda,001,1643700,90669,89918,2039,91957,1253
2021-07-06,Alpine,003,1148,88,89,0,89,0
2021-07-06,Amador,005,37829,3778,3768,33,3801,47
2021-07-06,Butte,007,227075,12882,12744,1908,14652,201
2021-07-06,Calaveras,009,45235,2224,2211,14,2225,55
2021-07-06,Colusa,011,21464,1980,1967,329,2296,16
2021-07-06,Contra Costa,013,1133247,71892,71262,1352,72614,820
2021-07-06,Del Norte,015,27424,1483,1445,13,1458,8
2021-07-06,El Dorado,017,186661,10595,10484,776,11260,113
2021-07-06,Fresno,019,978130,103902,102616,8897,111513,1727
2021-07-06,Glenn,021,27897,2459,2438,575,3013,20
2021-07-06,Humboldt,023,135768,4601,4565,53,4618,49
2021-07-06,Imperial,025,180216,28887,28693,2828,31521,739
2021-07-06,Inyo,027,18085,1415,1412,12,1424,36
2021-07-06,Kern,029,883053,98228,97491,11299,108790,1346
2021-07-06,Kings,031,150075,23352,23077,1123,24200,245
2021-07-06,Lake,033,64148,3704,3659,13,3672,63
2021-07-06,Lassen,035,31185,5303,5288,118,5406,21
2021-07-06,Los Angeles,037,10098052,1217389,1210965,42707,1253672,24525
2021-07-06,Madera,039,155013,16893,16730,963,17693,241
2021-07-06,Marin,041,260295,14294,14181,268,14449,233
2021-07-06,Mariposa,043,17540,441,442,11,453,5
2021-07-06,Mendocino,045,87422,4236,4143,80,4223,49
2021-07-06,Merced,047,269075,31425,31317,1004,32321,470
2021-07-06,Modoc,049,8938,420,411,149,560,4
2021-07-06,Mono,051,14174,1263,1274,16,1290,3
2021-07-06,Monterey,053,433212,43416,43224,1905,45129,494
2021-07-06,Napa,055,140530,10112,10081,41,10122,81
2021-07-06,Nevada,057,99092,5070,4988,201,5189,72
2021-07-06,Orange,059,3164182,258074,256227,11683,267910,5129
2021-07-06,Placer,061,380077,24127,23876,1608,25484,302
2021-07-06,Plumas,063,18699,726,708,14,722,4
2021-07-06,Riverside,065,2383286,296868,293227,14230,307457,4539
2021-07-06,Sacramento,067,1510023,109746,108850,1919,110769,1679
2021-07-06,San Benito,069,59416,6162,6137,116,6253,63
2021-07-06,San Bernardino,071,2135413,296024,294712,9135,303847,5056
2021-07-06,San Diego,073,3302833,284817,283278,15663,298941,3782
2021-07-06,San Francisco,075,870044,37628,37251,1359,38610,558
2021-07-06,San Joaquin,077,732212,74637,74019,3716,77735,1410
2021-07-06,San Luis Obispo,079,281455,21555,21354,771,22125,257
2021-07-06,San Mateo,081,765935,43145,42895,498,43393,541
2021-07-06,Santa Barbara,083,443738,35321,34572,1215,35787,460
2021-07-06,Santa Clara,085,1922200,120149,119194,800,119994,2095
2021-07-06,Santa Cruz,087,273765,16391,16274,822,17096,207
2021-07-06,Shasta,089,179085,12699,12606,1669,14275,205
2021-07-06,Sierra,091,2930,65,60,12,72,0
2021-07-06,Siskiyou,093,43540,1982,1905,384,2289,29
2021-07-06,Solano,095,438530,33877,33619,592,34211,268
2021-07-06,Sonoma,097,501317,31368,31130,367,31497,316
2021-07-06,Stanislaus,099,539301,57550,57120,6100,63220,1029
2021-07-06,Sutter,101,95872,9762,9674,91,9765,114
2021-07-06,Tehama,103,63373,5160,5126,598,5724,63
2021-07-06,Trinity,105,12862,497,341,101,442,3
2021-07-06,Tulare,107,460477,50565,49826,9288,59114,853
2021-07-06,Tuolumne,109,53932,4164,4113,39,4152,64
2021-07-06,Ventura,111,848112,82263,81534,3136,84670,1033
2021-07-06,Yolo,113,214977,14312,14227,382,14609,213
2021-07-06,Yuba,115,75493,6288,6231,133,6364,51
2021-07-05,Alameda,001,1643700,90493,89892,2033,91925,1253
2021-07-05,Alpine,003,1148,88,89,0,89,0
2021-07-05,Amador,005,37829,3776,3768,33,3801,47
2021-07-05,Butte,007,227075,12874,12740,1898,14638,201
2021-07-05,Calaveras,009,45235,2222,2211,14,2225,55
2021-07-05,Colusa,011,21464,1978,1966,328,2294,16
2021-07-05,Contra Costa,013,1133247,71765,71235,1352,72587,820
2021-07-05,Del Norte,015,27424,1479,1446,13,1459,8
2021-07-05,El Dorado,017,186661,10570,10481,776,11257,113
2021-07-05,Fresno,019,978130,103844,102592,8881,111473,1727
2021-07-05,Glenn,021,27897,2456,2438,574,3012,20
2021-07-05,Humboldt,023,135768,4587,4563,53,4616,49
2021-07-05,Imperial,025,180216,28869,28689,2827,31516,739
2021-07-05,Inyo,027,18085,1415,1412,12,1424,36
2021-07-05,Kern,029,883053,98181,97479,11278,108757,1346
2021-07-05,Kings,031,150075,23344,23065,1120,24185,245
2021-07-05,Lake,033,64148,3686,3645,13,3658,63
2021-07-05,Lassen,035,31185,5300,5288,117,5405,21
2021-07-05,Los Angeles,037,10098052,1216204,1210653,42604,1253257,24522
2021-07-05,Madera,039,155013,16882,16722,962,17684,241
2021-07-05,Marin,041,260295,14273,14178,268,14446,233
2021-07-05,Mariposa,043,17540,441,441,11,452,5
2021-07-05,Mendocino,045,87422,4231,4139,80,4219,49
2021-07-05,Merced,047,269075,31405,31312,1004,32316,470
2021-07-05,Modoc,049,8938,420,410,149,559,4
2021-07-05,Mono,051,14174,1263,1273,16,1289,3
2021-07-05,Monterey,053,433212,43396,43218,1900,45118,494
2021-07-05,Napa,055,140530,10106,10074,41,10115,81
2021-07-05,Nevada,057,99092,5052,4980,200,5180,72
2021-07-05,Orange,059,3164182,257873,256173,11665,267838,5129
2021-07-05,Placer,061,380077,24080,23867,1600,25467,302
2021-07-05,Plumas,063,18699,725,708,14,722,4
2021-07-05,Riverside,065,2383286,296676,293193,14218,307411,4539
2021-07-05,Sacramento,067,1510023,109564,108758,1910,110668,1679
2021-07-05,San Benito,069,59416,6155,6137,116,6253,63
2021-07-05,San Bernardino,071,2135413,295862,294647,9128,303775,5037
2021-07-05,San Diego,073,3302833,284457,282834,15618,298452,3782
2021-07-05,San Francisco,075,870044,37541,37237,1354,38591,558
2021-07-05,San Joaquin,077,732212,74567,73999,3711,77710,1410
2021-07-05,San Luis Obispo,079,281455,21542,21351,770,22121,257
2021-07-05,San Mateo,081,765935,43093,42876,495,43371,541
2021-07-05,Santa Barbara,083,443738,35301,34569,1215,35784,460
2021-07-05,Santa Clara,085,1922200,120044,119184,798,119982,2095
2021-07-05,Santa Cruz,087,273765,16382,16273,821,17094,208
2021-07-05,Shasta,089,179085,12690,12603,1667,14270,205
2021-07-05,Sierra,091,2930,65,60,12,72,0
2021-07-05,Siskiyou,093,43540,1980,1904,383,2287,29
2021-07-05,Solano,095,438530,33808,33612,586,34198,268
2021-07-05,Sonoma,097,501317,31315,31116,367,31483,316
2021-07-05,Stanislaus,099,539301,57514,57109,6090,63199,1029
2021-07-05,Sutter,101,95872,9750,9667,91,9758,114
2021-07-05,Tehama,103,63373,5159,5125,598,5723,63
2021-07-05,Trinity,105,12862,496,341,100,441,3
2021-07-05,Tulare,107,460477,50547,49818,9285,59103,853
2021-07-05,Tuolumne,109,53932,4160,4112,39,4151,64
2021-07-05,Ventura,111,848112,82213,81519,3116,84635,1033
2021-07-05,Yolo,113,214977,14293,14225,374,14599,213
2021-07-05,Yuba,115,75493,6280,6223,133,6356,51
2021-07-04,Alameda,001,1643700,90326,89683,2030,91713,1253
2021-07-04,Alpine,003,1148,88,89,0,89,0
2021-07-04,Amador,005,37829,3775,3758,33,3791,46
2021-07-04,Butte,007,227075,12864,12684,1898,14582,201
2021-07-04,Calaveras,009,45235,2222,2200,14,2214,55
2021-07-04,Colusa,011,21464,1978,1969,328,2297,15
2021-07-04,Contra Costa,013,1133247,71659,70941,1347,72288,818
2021-07-04,Del Norte,015,27424,1476,1439,13,1452,8
2021-07-04,El Dorado,017,186661,10561,10433,775,11208,113
2021-07-04,Fresno,019,978130,103798,102512,8864,111376,1727
2021-07-04,Glenn,021,27897,2454,2442,573,3015,20
2021-07-04,Humboldt,023,135768,4579,4530,53,4583,49
2021-07-04,Imperial,025,180216,28863,28661,2827,31488,739
2021-07-04,Inyo,027,18085,1415,1412,12,1424,35
2021-07-04,Kern,029,883053,98162,97421,11269,108690,1347
2021-07-04,Kings,031,150075,23336,23051,1120,24171,245
2021-07-04,Lake,033,64148,3676,3623,13,3636,62
2021-07-04,Lassen,035,31185,5299,5277,117,5394,20
2021-07-04,Los Angeles,037,10098052,1215350,1208705,42518,1251223,24506
2021-07-04,Madera,039,155013,16870,16696,960,17656,240
2021-07-04,Marin,041,260295,14258,14143,268,14411,233
2021-07-04,Mariposa,043,17540,441,441,11,452,5
2021-07-04,Mendocino,045,87422,4221,4122,80,4202,49
2021-07-04,Merced,047,269075,31394,31297,1004,32301,469
2021-07-04,Modoc,049,8938,420,410,149,559,4
2021-07-04,Mono,051,14174,1263,1275,16,1291,3
2021-07-04,Monterey,053,433212,43380,43212,1899,45111,492
2021-07-04,Napa,055,140530,10098,10045,40,10085,81
2021-07-04,Nevada,057,99092,5043,4966,200,5166,72
2021-07-04,Orange,059,3164182,257698,255823,11644,267467,5126
2021-07-04,Placer,061,380077,24043,23764,1593,25357,299
2021-07-04,Plumas,063,18699,725,707,14,721,4
2021-07-04,Riverside,065,2383286,296516,293260,14212,307472,4536
2021-07-04,Sacramento,067,1510023,109394,108257,1904,110161,1676
2021-07-04,San Benito,069,59416,6148,6108,116,6224,63
2021-07-04,San Bernardino,071,2135413,295695,294294,9121,303415,5003
2021-07-04,San Diego,073,3302833,284233,282692,15580,298272,3780
2021-07-04,San Francisco,075,870044,37484,37107,1348,38455,558
2021-07-04,San Joaquin,077,732212,74501,73841,3703,77544,1409
2021-07-04,San Luis Obispo,079,281455,21536,21330,769,22099,256
2021-07-04,San Mateo,081,765935,43059,42691,495,43186,541
2021-07-04,Santa Barbara,083,443738,35279,34526,1214,35740,456
2021-07-04,Santa Clara,085,1922200,119954,118966,797,119763,2090
2021-07-04,Santa Cruz,087,273765,16371,16254,821,17075,208
2021-07-04,Shasta,089,179085,12686,12582,1666,14248,204
2021-07-04,Sierra,091,2930,64,60,12,72,0
2021-07-04,Siskiyou,093,43540,1976,1899,382,2281,29
2021-07-04,Solano,095,438530,33767,33486,584,34070,268
2021-07-04,Sonoma,097,501317,31285,31000,366,31366,316
2021-07-04,Stanislaus,099,539301,57491,57018,6084,63102,1018
2021-07-04,Sutter,101,95872,9739,9644,91,9735,114
2021-07-04,Tehama,103,63373,5155,5124,598,5722,63
2021-07-04,Trinity,105,12862,495,341,100,441,3
2021-07-04,Tulare,107,460477,50537,49789,9282,59071,853
2021-07-04,Tuolumne,109,53932,4152,4113,39,4152,64
2021-07-04,Ventura,111,848112,82156,81425,3105,84530,1033
2021-07-04,Yolo,113,214977,14273,14188,371,14559,213
2021-07-04,Yuba,115,75493,6272,6197,133,6330,51
2021-07-03,Alameda,001,1643700,90242,89683,2022,91705,1253
2021-07-03,Alpine,003,1148,88,89,0,89,0
2021-07-03,Amador,005,37829,3775,3758,33,3791,46
2021-07-03,Butte,007,227075,12860,12684,1897,14581,201
2021-07-03,Calaveras,009,45235,2221,2200,14,2214,55
2021-07-03,Colusa,011,21464,1977,1969,328,2297,15
2021-07-03,Contra Costa,013,1133247,71600,70941,1344,72285,818
2021-07-03,Del Norte,015,27424,1473,1439,13,1452,8
2021-07-03,El Dorado,017,186661,10554,10433,773,11206,113
2021-07-03,Fresno,019,978130,103773,102512,8855,111367,1727
2021-07-03,Glenn,021,27897,2454,2442,573,3015,20
2021-07-03,Humboldt,023,135768,4574,4530,53,4583,49
2021-07-03,Imperial,025,180216,28853,28661,2827,31488,739
2021-07-03,Inyo,027,18085,1415,1412,12,1424,35
2021-07-03,Kern,029,883053,98142,97421,11261,108682,1347
2021-07-03,Kings,031,150075,23336,23051,1119,24170,245
2021-07-03,Lake,033,64148,3666,3623,13,3636,62
2021-07-03,Lassen,035,31185,5298,5277,117,5394,20
2021-07-03,Los Angeles,037,10098052,1214924,1208705,42488,1251193,24506
2021-07-03,Madera,039,155013,16861,16696,957,17653,240
2021-07-03,Marin,041,260295,14254,14143,268,14411,233
2021-07-03,Mariposa,043,17540,441,441,11,452,5
2021-07-03,Mendocino,045,87422,4220,4122,80,4202,49
2021-07-03,Merced,047,269075,31381,31297,1003,32300,469
2021-07-03,Modoc,049,8938,419,410,149,559,4
2021-07-03,Mono,051,14174,1262,1275,16,1291,3
2021-07-03,Monterey,053,433212,43368,43212,1896,45108,492
2021-07-03,Napa,055,140530,10093,10045,40,10085,81
2021-07-03,Nevada,057,99092,5029,4966,200,5166,72
2021-07-03,Orange,059,3164182,257614,255823,11637,267460,5126
2021-07-03,Placer,061,380077,24024,23764,1590,25354,299
2021-07-03,Plumas,063,18699,725,707,14,721,4
2021-07-03,Riverside,065,2383286,296424,293260,14208,307468,4536
2021-07-03,Sacramento,067,1510023,109320,108257,1901,110158,1676
2021-07-03,San Benito,069,59416,6141,6108,116,6224,63
2021-07-03,San Bernardino,071,2135413,295605,294294,9118,303412,5003
2021-07-03,San Diego,073,3302833,284102,282692,15561,298253,3780
2021-07-03,San Francisco,075,870044,37443,37107,1345,38452,558
2021-07-03,San Joaquin,077,732212,74465,73841,3698,77539,1409
2021-07-03,San Luis Obispo,079,281455,21524,21330,769,22099,256
2021-07-03,San Mateo,081,765935,43034,42691,494,43185,541
2021-07-03,Santa Barbara,083,443738,35270,34526,1213,35739,456
2021-07-03,Santa Clara,085,1922200,119907,118966,797,119763,2090
2021-07-03,Santa Cruz,087,273765,16364,16254,821,17075,208
2021-07-03,Shasta,089,179085,12682,12582,1664,14246,204
2021-07-03,Sierra,091,2930,64,60,12,72,0
2021-07-03,Siskiyou,093,43540,1975,1899,381,2280,29
2021-07-03,Solano,095,438530,33723,33486,584,34070,268
2021-07-03,Sonoma,097,501317,31251,31000,366,31366,316
2021-07-03,Stanislaus,099,539301,57477,57018,6076,63094,1018
2021-07-03,Sutter,101,95872,9729,9644,91,9735,114
2021-07-03,Tehama,103,63373,5153,5124,598,5722,63
2021-07-03,Trinity,105,12862,495,341,100,441,3
2021-07-03,Tulare,107,460477,50531,49789,9276,59065,853
2021-07-03,Tuolumne,109,53932,4151,4113,39,4152,64
2021-07-03,Ventura,111,848112,82126,81425,3097,84522,1033
2021-07-03,Yolo,113,214977,14263,14188,368,14556,213
2021-07-03,Yuba,115,75493,6266,6197,133,6330,51
2021-07-02,Alameda,001,1643700,90160,89683,2021,91704,1253
2021-07-02,Alpine,003,1148,88,89,0,89,0
2021-07-02,Amador,005,37829,3773,3758,33,3791,46
2021-07-02,Butte,007,227075,12853,12684,1897,14581,201
2021-07-02,Calaveras,009,45235,2220,2200,14,2214,55
2021-07-02,Colusa,011,21464,1976,1969,327,2296,15
2021-07-02,Contra Costa,013,1133247,71531,70941,1340,72281,818
2021-07-02,Del Norte,015,27424,1473,1439,13,1452,8
2021-07-02,El Dorado,017,186661,10546,10433,773,11206,113
2021-07-02,Fresno,019,978130,103744,102512,8849,111361,1727
2021-07-02,Glenn,021,27897,2453,2442,572,3014,20
2021-07-02,Humboldt,023,135768,4571,4530,52,4582,49
2021-07-02,Imperial,025,180216,28847,28661,2826,31487,739
2021-07-02,Inyo,027,18085,1415,1412,12,1424,35
2021-07-02,Kern,029,883053,98124,97421,11252,108673,1347
2021-07-02,Kings,031,150075,23326,23051,1119,24170,245
2021-07-02,Lake,033,64148,3660,3623,13,3636,62
2021-07-02,Lassen,035,31185,5298,5277,117,5394,20
2021-07-02,Los Angeles,037,10098052,1214450,1208705,42449,1251154,24506
2021-07-02,Madera,039,155013,16852,16696,956,17652,240
2021-07-02,Marin,041,260295,14249,14143,268,14411,233
2021-07-02,Mariposa,043,17540,441,441,11,452,5
2021-07-02,Mendocino,045,87422,4216,4122,79,4201,49
2021-07-02,Merced,047,269075,31372,31297,1003,32300,469
2021-07-02,Modoc,049,8938,419,410,149,559,4
2021-07-02,Mono,051,14174,1261,1275,16,1291,3
2021-07-02,Monterey,053,433212,43360,43212,1895,45107,492
2021-07-02,Napa,055,140530,10088,10045,40,10085,81
2021-07-02,Nevada,057,99092,5020,4966,200,5166,72
2021-07-02,Orange,059,3164182,257501,255823,11630,267453,5126
2021-07-02,Placer,061,380077,24007,23764,1583,25347,299
2021-07-02,Plumas,063,18699,725,707,14,721,4
2021-07-02,Riverside,065,2383286,296327,293260,14203,307463,4536
2021-07-02,Sacramento,067,1510023,109242,108257,1900,110157,1676
2021-07-02,San Benito,069,59416,6138,6108,116,6224,63
2021-07-02,San Bernardino,071,2135413,295518,294294,9116,303410,5003
2021-07-02,San Diego,073,3302833,283957,282692,15535,298227,3780
2021-07-02,San Francisco,075,870044,37395,37107,1343,38450,558
2021-07-02,San Joaquin,077,732212,74433,73841,3692,77533,1409
2021-07-02,San Luis Obispo,079,281455,21518,21330,768,22098,256
2021-07-02,San Mateo,081,765935,42998,42691,494,43185,541
2021-07-02,Santa Barbara,083,443738,35261,34526,1213,35739,456
2021-07-02,Santa Clara,085,1922200,119829,118966,797,119763,2090
2021-07-02,Santa Cruz,087,273765,16360,16254,821,17075,208
2021-07-02,Shasta,089,179085,12678,12582,1664,14246,204
2021-07-02,Sierra,091,2930,63,60,12,72,0
2021-07-02,Siskiyou,093,43540,1972,1899,380,2279,29
2021-07-02,Solano,095,438530,33698,33486,584,34070,268
2021-07-02,Sonoma,097,501317,31228,31000,366,31366,316
2021-07-02,Stanislaus,099,539301,57455,57018,6075,63093,1018
2021-07-02,Sutter,101,95872,9724,9644,91,9735,114
2021-07-02,Tehama,103,63373,5151,5124,596,5720,63
2021-07-02,Trinity,105,12862,495,341,100,441,3
2021-07-02,Tulare,107,460477,50521,49789,9268,59057,853
2021-07-02,Tuolumne,109,53932,4148,4113,39,4152,64
2021-07-02,Ventura,111,848112,82083,81425,3089,84514,1033
2021-07-02,Yolo,113,214977,14247,14188,366,14554,213
2021-07-02,Yuba,115,75493,6258,6197,133,6330,51
2021-07-01,Alameda,001,1643700,90056,89683,2019,91702,1253
2021-07-01,Alpine,003,1148,88,89,0,89,0
2021-07-01,Amador,005,37829,3772,3758,33,3791,46
2021-07-01,Butte,007,227075,12841,12684,1895,14579,201
2021-07-01,Calaveras,009,45235,2218,2200,14,2214,55
2021-07-01,Colusa,011,21464,1976,1969,325,2294,15
2021-07-01,Contra Costa,013,1133247,71460,70941,1339,72280,818
2021-07-01,Del Norte,015,27424,1472,1439,13,1452,8
2021-07-01,El Dorado,017,186661,10534,10433,773,11206,113
2021-07-01,Fresno,019,978130,103705,102512,8844,111356,1727
2021-07-01,Glenn,021,27897,2453,2442,572,3014,20
2021-07-01,Humboldt,023,135768,4569,4530,52,4582,49
2021-07-01,Imperial,025,180216,28830,28661,2826,31487,739
2021-07-01,Inyo,027,18085,1415,1412,12,1424,35
2021-07-01,Kern,029,883053,98098,97421,11241,108662,1347
2021-07-01,Kings,031,150075,23312,23051,1119,24170,245
2021-07-01,Lake,033,64148,3657,3623,13,3636,62
2021-07-01,Lassen,035,31185,5296,5277,117,5394,20
2021-07-01,Los Angeles,037,10098052,1213853,1208705,42394,1251099,24506
2021-07-01,Madera,039,155013,16843,16696,955,17651,240
2021-07-01,Marin,041,260295,14245,14143,268,14411,233
2021-07-01,Mariposa,043,17540,441,441,11,452,5
2021-07-01,Mendocino,045,87422,4212,4122,78,4200,49
2021-07-01,Merced,047,269075,31366,31297,1003,32300,469
2021-07-01,Modoc,049,8938,419,410,149,559,4
2021-07-01,Mono,051,14174,1260,1275,16,1291,3
2021-07-01,Monterey,053,433212,43352,43212,1891,45103,492
2021-07-01,Napa,055,140530,10081,10045,40,10085,81
2021-07-01,Nevada,057,99092,5015,4966,200,5166,72
2021-07-01,Orange,059,3164182,257380,255823,11611,267434,5126
2021-07-01,Placer,061,380077,23989,23764,1580,25344,299
2021-07-01,Plumas,063,18699,722,707,12,719,4
2021-07-01,Riverside,065,2383286,296218,293260,14195,307455,4536
2021-07-01,Sacramento,067,1510023,109116,108257,1893,110150,1676
2021-07-01,San Benito,069,59416,6134,6108,116,6224,63
2021-07-01,San Bernardino,071,2135413,295398,294294,9111,303405,5003
2021-07-01,San Diego,073,3302833,283779,282692,15498,298190,3780
2021-07-01,San Francisco,075,870044,37359,37107,1341,38448,558
2021-07-01,San Joaquin,077,732212,74382,73841,3688,77529,1409
2021-07-01,San Luis Obispo,079,281455,21503,21330,767,22097,256
2021-07-01,San Mateo,081,765935,42970,42691,493,43184,541
2021-07-01,Santa Barbara,083,443738,35249,34526,1213,35739,456
2021-07-01,Santa Clara,085,1922200,119780,118966,797,119763,2090
2021-07-01,Santa Cruz,087,273765,16355,16254,821,17075,208
2021-07-01,Shasta,089,179085,12670,12582,1663,14245,204
2021-07-01,Sierra,091,2930,63,60,12,72,0
2021-07-01,Siskiyou,093,43540,1972,1899,380,2279,29
2021-07-01,Solano,095,438530,33656,33486,583,34069,268
2021-07-01,Sonoma,097,501317,31184,31000,366,31366,316
2021-07-01,Stanislaus,099,539301,57431,57018,6071,63089,1018
2021-07-01,Sutter,101,95872,9715,9644,91,9735,114
2021-07-01,Tehama,103,63373,5151,5124,595,5719,63
2021-07-01,Trinity,105,12862,495,341,100,441,3
2021-07-01,Tulare,107,460477,50512,49789,9261,59050,853
2021-07-01,Tuolumne,109,53932,4141,4113,39,4152,64
2021-07-01,Ventura,111,848112,82052,81425,3078,84503,1033
2021-07-01,Yolo,113,214977,14232,14188,364,14552,213
2021-07-01,Yuba,115,75493,6251,6197,133,6330,51
2021-06-30,Alameda,001,1643700,89971,89597,2015,91612,1256
2021-06-30,Alpine,003,1148,88,89,0,89,0
2021-06-30,Amador,005,37829,3770,3756,33,3789,46
2021-06-30,Butte,007,227075,12834,12676,1886,14562,201
2021-06-30,Calaveras,009,45235,2213,2198,14,2212,55
2021-06-30,Colusa,011,21464,1974,1967,322,2289,15
2021-06-30,Contra Costa,013,1133247,71396,70869,1336,72205,818
2021-06-30,Del Norte,015,27424,1467,1435,13,1448,8
2021-06-30,El Dorado,017,186661,10515,10420,773,11193,113
2021-06-30,Fresno,019,978130,103669,102490,8841,111331,1727
2021-06-30,Glenn,021,27897,2451,2440,572,3012,20
2021-06-30,Humboldt,023,135768,4553,4522,50,4572,49
2021-06-30,Imperial,025,180216,28822,28651,2826,31477,739
2021-06-30,Inyo,027,18085,1415,1409,12,1421,35
2021-06-30,Kern,029,883053,98057,97267,11229,108496,1348
2021-06-30,Kings,031,150075,23307,23038,1118,24156,245
2021-06-30,Lake,033,64148,3644,3601,13,3614,56
2021-06-30,Lassen,035,31185,5291,5269,117,5386,20
2021-06-30,Los Angeles,037,10098052,1213184,1208246,42350,1250596,24499
2021-06-30,Madera,039,155013,16835,16688,953,17641,240
2021-06-30,Marin,041,260295,14236,14133,267,14400,232
2021-06-30,Mariposa,043,17540,440,441,11,452,5
2021-06-30,Mendocino,045,87422,4202,4115,78,4193,49
2021-06-30,Merced,047,269075,31356,31286,1003,32289,469
2021-06-30,Modoc,049,8938,419,410,149,559,4
2021-06-30,Mono,051,14174,1260,1275,16,1291,3
2021-06-30,Monterey,053,433212,43347,43209,1889,45098,492
2021-06-30,Napa,055,140530,10073,10039,40,10079,81
2021-06-30,Nevada,057,99092,5004,4958,200,5158,72
2021-06-30,Orange,059,3164182,257251,255764,11601,267365,5125
2021-06-30,Placer,061,380077,23965,23721,1576,25297,299
2021-06-30,Plumas,063,18699,722,705,12,717,4
2021-06-30,Riverside,065,2383286,296104,293280,14185,307465,4535
2021-06-30,Sacramento,067,1510023,108977,108137,1889,110026,1676
2021-06-30,San Benito,069,59416,6130,6105,116,6221,63
2021-06-30,San Bernardino,071,2135413,295239,294211,9106,303317,4975
2021-06-30,San Diego,073,3302833,283643,282583,15470,298053,3780
2021-06-30,San Francisco,075,870044,37310,37065,1336,38401,558
2021-06-30,San Joaquin,077,732212,74320,73777,3687,77464,1409
2021-06-30,San Luis Obispo,079,281455,21490,21326,766,22092,256
2021-06-30,San Mateo,081,765935,42933,42599,492,43091,537
2021-06-30,Santa Barbara,083,443738,35233,34521,1213,35734,456
2021-06-30,Santa Clara,085,1922200,119733,118930,794,119724,2090
2021-06-30,Santa Cruz,087,273765,16349,16250,821,17071,208
2021-06-30,Shasta,089,179085,12664,12564,1663,14227,204
2021-06-30,Sierra,091,2930,63,60,12,72,0
2021-06-30,Siskiyou,093,43540,1970,1900,377,2277,29
2021-06-30,Solano,095,438530,33617,33453,581,34034,268
2021-06-30,Sonoma,097,501317,31154,30947,366,31313,316
2021-06-30,Stanislaus,099,539301,57409,56997,6070,63067,1018
2021-06-30,Sutter,101,95872,9705,9638,91,9729,114
2021-06-30,Tehama,103,63373,5149,5124,595,5719,63
2021-06-30,Trinity,105,12862,495,341,100,441,3
2021-06-30,Tulare,107,460477,50501,49764,9250,59014,853
2021-06-30,Tuolumne,109,53932,4138,4112,39,4151,64
2021-06-30,Ventura,111,848112,82009,81392,3073,84465,1032
2021-06-30,Yolo,113,214977,14226,14178,361,14539,213
2021-06-30,Yuba,115,75493,6244,6191,133,6324,51
2021-06-29,Alameda,001,1643700,89867,89519,2014,91533,1257
2021-06-29,Alpine,003,1148,88,89,0,89,0
2021-06-29,Amador,005,37829,3766,3754,33,3787,46
2021-06-29,Butte,007,227075,12826,12669,1886,14555,201
2021-06-29,Calaveras,009,45235,2207,2198,14,2212,55
2021-06-29,Colusa,011,21464,1972,1967,322,2289,15
2021-06-29,Contra Costa,013,1133247,71322,70775,1336,72111,817
2021-06-29,Del Norte,015,27424,1466,1435,13,1448,8
2021-06-29,El Dorado,017,186661,10502,10403,769,11172,113
2021-06-29,Fresno,019,978130,103636,102464,8838,111302,1725
2021-06-29,Glenn,021,27897,2450,2439,572,3011,20
2021-06-29,Humboldt,023,135768,4549,4514,49,4563,49
2021-06-29,Imperial,025,180216,28813,28645,2825,31470,737
2021-06-29,Inyo,027,18085,1415,1408,12,1420,35
2021-06-29,Kern,029,883053,98036,97173,11223,108396,1347
2021-06-29,Kings,031,150075,23298,23035,1117,24152,245
2021-06-29,Lake,033,64148,3638,3594,13,3607,56
2021-06-29,Lassen,035,31185,5284,5268,117,5385,20
2021-06-29,Los Angeles,037,10098052,1212577,1207895,42319,1250214,24498
2021-06-29,Madera,039,155013,16831,16680,952,17632,240
2021-06-29,Marin,041,260295,14224,14127,267,14394,232
2021-06-29,Mariposa,043,17540,440,441,11,452,5
2021-06-29,Mendocino,045,87422,4199,4107,77,4184,49
2021-06-29,Merced,047,269075,31344,31277,1003,32280,469
2021-06-29,Modoc,049,8938,418,408,149,557,3
2021-06-29,Mono,051,14174,1260,1275,16,1291,3
2021-06-29,Monterey,053,433212,43337,43196,1887,45083,471
2021-06-29,Napa,055,140530,10067,10033,40,10073,81
2021-06-29,Nevada,057,99092,4997,4952,200,5152,72
2021-06-29,Orange,059,3164182,257153,255686,11586,267272,5124
2021-06-29,Placer,061,380077,23945,23693,1574,25267,299
2021-06-29,Plumas,063,18699,722,704,12,716,4
2021-06-29,Riverside,065,2383286,296005,292962,14178,307140,4524
2021-06-29,Sacramento,067,1510023,108825,108067,1886,109953,1677
2021-06-29,San Benito,069,59416,6119,6099,116,6215,63
2021-06-29,San Bernardino,071,2135413,295127,294118,9104,303222,4940
2021-06-29,San Diego,073,3302833,283488,282499,15443,297942,3780
2021-06-29,San Francisco,075,870044,37272,37041,1333,38374,558
2021-06-29,San Joaquin,077,732212,74272,73724,3684,77408,1409
2021-06-29,San Luis Obispo,079,281455,21480,21324,765,22089,256
2021-06-29,San Mateo,081,765935,42899,42540,492,43032,540
2021-06-29,Santa Barbara,083,443738,35223,34507,1212,35719,455
2021-06-29,Santa Clara,085,1922200,119678,118893,793,119686,2090
2021-06-29,Santa Cruz,087,273765,16343,16249,821,17070,208
2021-06-29,Shasta,089,179085,12652,12564,1662,14226,204
2021-06-29,Sierra,091,2930,63,59,12,71,0
2021-06-29,Siskiyou,093,43540,1967,1897,373,2270,29
2021-06-29,Solano,095,438530,33584,33440,579,34019,268
2021-06-29,Sonoma,097,501317,31112,30950,364,31314,316
2021-06-29,Stanislaus,099,539301,57381,56980,6063,63043,1018
2021-06-29,Sutter,101,95872,9694,9634,91,9725,114
2021-06-29,Tehama,103,63373,5149,5124,595,5719,63
2021-06-29,Trinity,105,12862,495,341,100,441,3
2021-06-29,Tulare,107,460477,50488,49751,9245,58996,852
2021-06-29,Tuolumne,109,53932,4136,4111,39,4150,64
2021-06-29,Ventura,111,848112,81971,81363,3067,84430,1032
2021-06-29,Yolo,113,214977,14214,14171,360,14531,213
2021-06-29,Yuba,115,75493,6234,6188,133,6321,51
2021-06-28,Alameda,001,1643700,89775,89638,2012,91650,1259
2021-06-28,Alpine,003,1148,88,89,0,89,0
2021-06-28,Amador,005,37829,3765,3753,33,3786,46
2021-06-28,Butte,007,227075,12817,12697,1884,14581,198
2021-06-28,Calaveras,009,45235,2204,2203,14,2217,55
2021-06-28,Colusa,011,21464,1970,1974,322,2296,15
2021-06-28,Contra Costa,013,1133247,71248,70807,1334,72141,816
2021-06-28,Del Norte,015,27424,1466,1436,13,1449,8
2021-06-28,El Dorado,017,186661,10492,10422,765,11187,115
2021-06-28,Fresno,019,978130,103606,103121,8836,111957,1727
2021-06-28,Glenn,021,27897,2450,2439,572,3011,20
2021-06-28,Humboldt,023,135768,4542,4520,48,4568,49
2021-06-28,Imperial,025,180216,28805,28981,2824,31805,741
2021-06-28,Inyo,027,18085,1412,1407,12,1419,35
2021-06-28,Kern,029,883053,98017,97252,11218,108470,1348
2021-06-28,Kings,031,150075,23292,23134,1117,24251,246
2021-06-28,Lake,033,64148,3630,3591,13,3604,56
2021-06-28,Lassen,035,31185,5282,5268,117,5385,20
2021-06-28,Los Angeles,037,10098052,1212060,1207714,42283,1249997,24496
2021-06-28,Madera,039,155013,16820,16683,951,17634,240
2021-06-28,Marin,041,260295,14209,14186,267,14453,232
2021-06-28,Mariposa,043,17540,440,440,11,451,5
2021-06-28,Mendocino,045,87422,4190,4102,76,4178,49
2021-06-28,Merced,047,269075,31332,31277,1003,32280,469
2021-06-28,Modoc,049,8938,418,411,148,559,3
2021-06-28,Mono,051,14174,1260,1276,16,1292,3
2021-06-28,Monterey,053,433212,43333,43202,1886,45088,462
2021-06-28,Napa,055,140530,10058,10050,39,10089,81
2021-06-28,Nevada,057,99092,4993,4951,200,5151,72
2021-06-28,Orange,059,3164182,257063,255755,11572,267327,5123
2021-06-28,Placer,061,380077,23925,23756,1569,25325,299
2021-06-28,Plumas,063,18699,720,704,12,716,4
2021-06-28,Riverside,065,2383286,295879,292647,14165,306812,4507
2021-06-28,Sacramento,067,1510023,108693,108342,1881,110223,1675
2021-06-28,San Benito,069,59416,6117,6101,116,6217,63
2021-06-28,San Bernardino,071,2135413,295026,294151,9099,303250,4928
2021-06-28,San Diego,073,3302833,283325,282417,15414,297831,3780
2021-06-28,San Francisco,075,870044,37236,37372,1331,38703,559
2021-06-28,San Joaquin,077,732212,74224,73973,3680,77653,1411
2021-06-28,San Luis Obispo,079,281455,21476,21340,764,22104,256
2021-06-28,San Mateo,081,765935,42865,42927,491,43418,540
2021-06-28,Santa Barbara,083,443738,35216,34534,1210,35744,455
2021-06-28,Santa Clara,085,1922200,119614,120377,792,121169,2103
2021-06-28,Santa Cruz,087,273765,16338,16245,821,17066,208
2021-06-28,Shasta,089,179085,12648,12642,1660,14302,203
2021-06-28,Sierra,091,2930,63,58,12,70,0
2021-06-28,Siskiyou,093,43540,1966,1896,373,2269,29
2021-06-28,Solano,095,438530,33548,33524,577,34101,267
2021-06-28,Sonoma,097,501317,31075,31137,363,31500,315
2021-06-28,Stanislaus,099,539301,57362,57047,6059,63106,1018
2021-06-28,Sutter,101,95872,9690,9682,91,9773,114
2021-06-28,Tehama,103,63373,5147,5122,595,5717,63
2021-06-28,Trinity,105,12862,495,341,100,441,3
2021-06-28,Tulare,107,460477,50478,49751,9241,58992,850
2021-06-28,Tuolumne,109,53932,4129,4121,39,4160,64
2021-06-28,Ventura,111,848112,81914,81393,3062,84455,1032
2021-06-28,Yolo,113,214977,14205,14199,357,14556,213
2021-06-28,Yuba,115,75493,6229,6207,133,6340,51
2021-06-27,Alameda,001,1643700,89689,89611,2008,91619,1259
2021-06-27,Alpine,003,1148,88,89,0,89,0
2021-06-27,Amador,005,37829,3764,3752,33,3785,46
2021-06-27,Butte,007,227075,12808,12696,1883,14579,198
2021-06-27,Calaveras,009,45235,2203,2203,14,2217,55
2021-06-27,Colusa,011,21464,1970,1974,322,2296,15
2021-06-27,Contra Costa,013,1133247,71162,70762,1330,72092,816
2021-06-27,Del Norte,015,27424,1463,1436,13,1449,8
2021-06-27,El Dorado,017,186661,10480,10418,762,11180,115
2021-06-27,Fresno,019,978130,103577,103110,8834,111944,1727
2021-06-27,Glenn,021,27897,2449,2439,571,3010,20
2021-06-27,Humboldt,023,135768,4530,4513,45,4558,49
2021-06-27,Imperial,025,180216,28791,28987,2823,31810,741
2021-06-27,Inyo,027,18085,1412,1407,12,1419,35
2021-06-27,Kern,029,883053,97991,97249,11211,108460,1348
2021-06-27,Kings,031,150075,23282,23132,1117,24249,246
2021-06-27,Lake,033,64148,3623,3581,13,3594,56
2021-06-27,Lassen,035,31185,5281,5265,117,5382,20
2021-06-27,Los Angeles,037,10098052,1211516,1207461,42243,1249704,24493
2021-06-27,Madera,039,155013,16812,16680,951,17631,240
2021-06-27,Marin,041,260295,14200,14182,267,14449,232
2021-06-27,Mariposa,043,17540,440,440,11,451,5
2021-06-27,Mendocino,045,87422,4183,4100,76,4176,49
2021-06-27,Merced,047,269075,31320,31266,1003,32269,469
2021-06-27,Modoc,049,8938,418,411,148,559,3
2021-06-27,Mono,051,14174,1260,1279,16,1295,3
2021-06-27,Monterey,053,433212,43320,43199,1886,45085,462
2021-06-27,Napa,055,140530,10052,10046,39,10085,81
2021-06-27,Nevada,057,99092,4987,4946,200,5146,72
2021-06-27,Orange,059,3164182,256949,255710,11561,267271,5123
2021-06-27,Placer,061,380077,23892,23731,1566,25297,299
2021-06-27,Plumas,063,18699,720,704,12,716,4
2021-06-27,Riverside,065,2383286,295776,292641,14159,306800,4507
2021-06-27,Sacramento,067,1510023,108559,108279,1877,110156,1675
2021-06-27,San Benito,069,59416,6111,6101,116,6217,63
2021-06-27,San Bernardino,071,2135413,294913,294115,9097,303212,4927
2021-06-27,San Diego,073,3302833,283185,282359,15388,297747,3780
2021-06-27,San Francisco,075,870044,37199,37360,1330,38690,559
2021-06-27,San Joaquin,077,732212,74188,73960,3678,77638,1411
2021-06-27,San Luis Obispo,079,281455,21469,21340,763,22103,256
2021-06-27,San Mateo,081,765935,42836,42925,488,43413,539
2021-06-27,Santa Barbara,083,443738,35201,34533,1208,35741,455
2021-06-27,Santa Clara,085,1922200,119563,120352,791,121143,2103
2021-06-27,Santa Cruz,087,273765,16329,16241,821,17062,208
2021-06-27,Shasta,089,179085,12642,12640,1659,14299,203
2021-06-27,Sierra,091,2930,63,58,12,70,0
2021-06-27,Siskiyou,093,43540,1964,1896,372,2268,29
2021-06-27,Solano,095,438530,33520,33516,577,34093,267
2021-06-27,Sonoma,097,501317,31037,31129,363,31492,315
2021-06-27,Stanislaus,099,539301,57315,57021,6056,63077,1018
2021-06-27,Sutter,101,95872,9684,9678,91,9769,114
2021-06-27,Tehama,103,63373,5143,5122,595,5717,63
2021-06-27,Trinity,105,12862,495,341,99,440,3
2021-06-27,Tulare,107,460477,50465,49749,9234,58983,850
2021-06-27,Tuolumne,109,53932,4127,4121,39,4160,64
2021-06-27,Ventura,111,848112,81880,81361,3053,84414,1032
2021-06-27,Yolo,113,214977,14190,14194,353,14547,213
2021-06-27,Yuba,115,75493,6223,6205,133,6338,51
2021-06-26,Alameda,001,1643700,89631,89560,2006,91566,1259
2021-06-26,Alpine,003,1148,88,89,0,89,0
2021-06-26,Amador,005,37829,3764,3748,33,3781,46
2021-06-26,Butte,007,227075,12804,12693,1880,14573,198
2021-06-26,Calaveras,009,45235,2201,2202,14,2216,55
2021-06-26,Colusa,011,21464,1970,1973,322,2295,15
2021-06-26,Contra Costa,013,1133247,71119,70712,1329,72041,816
2021-06-26,Del Norte,015,27424,1462,1432,13,1445,8
2021-06-26,El Dorado,017,186661,10472,10414,761,11175,115
2021-06-26,Fresno,019,978130,103557,103091,8832,111923,1727
2021-06-26,Glenn,021,27897,2447,2441,571,3012,20
2021-06-26,Humboldt,023,135768,4527,4509,45,4554,49
2021-06-26,Imperial,025,180216,28787,28970,2823,31793,741
2021-06-26,Inyo,027,18085,1412,1407,12,1419,35
2021-06-26,Kern,029,883053,97965,97239,11202,108441,1348
2021-06-26,Kings,031,150075,23278,23128,1116,24244,246
2021-06-26,Lake,033,64148,3612,3576,13,3589,56
2021-06-26,Lassen,035,31185,5278,5263,117,5380,20
2021-06-26,Los Angeles,037,10098052,1211213,1207198,42208,1249406,24490
2021-06-26,Madera,039,155013,16805,16679,950,17629,240
2021-06-26,Marin,041,260295,14191,14180,267,14447,232
2021-06-26,Mariposa,043,17540,440,440,11,451,5
2021-06-26,Mendocino,045,87422,4181,4096,76,4172,49
2021-06-26,Merced,047,269075,31314,31259,1002,32261,469
2021-06-26,Modoc,049,8938,418,411,148,559,3
2021-06-26,Mono,051,14174,1260,1279,16,1295,3
2021-06-26,Monterey,053,433212,43317,43192,1886,45078,462
2021-06-26,Napa,055,140530,10046,10043,39,10082,81
2021-06-26,Nevada,057,99092,4982,4939,200,5139,72
2021-06-26,Orange,059,3164182,256871,255640,11554,267194,5123
2021-06-26,Placer,061,380077,23878,23702,1564,25266,299
2021-06-26,Plumas,063,18699,720,704,12,716,4
2021-06-26,Riverside,065,2383286,295718,292480,14153,306633,4505
2021-06-26,Sacramento,067,1510023,108488,108179,1875,110054,1675
2021-06-26,San Benito,069,59416,6107,6100,116,6216,63
2021-06-26,San Bernardino,071,2135413,294819,294034,9092,303126,4928
2021-06-26,San Diego,073,3302833,283100,282263,15370,297633,3780
2021-06-26,San Francisco,075,870044,37167,37348,1329,38677,559
2021-06-26,San Joaquin,077,732212,74159,73928,3677,77605,1411
2021-06-26,San Luis Obispo,079,281455,21468,21330,762,22092,256
2021-06-26,San Mateo,081,765935,42816,42898,488,43386,539
2021-06-26,Santa Barbara,083,443738,35192,34525,1208,35733,455
2021-06-26,Santa Clara,085,1922200,119530,120321,791,121112,2103
2021-06-26,Santa Cruz,087,273765,16326,16239,821,17060,208
2021-06-26,Shasta,089,179085,12638,12635,1655,14290,203
2021-06-26,Sierra,091,2930,63,58,12,70,0
2021-06-26,Siskiyou,093,43540,1963,1896,371,2267,29
2021-06-26,Solano,095,438530,33502,33489,575,34064,267
2021-06-26,Sonoma,097,501317,31011,31088,363,31451,315
2021-06-26,Stanislaus,099,539301,57295,57006,6054,63060,1018
2021-06-26,Sutter,101,95872,9683,9669,91,9760,114
2021-06-26,Tehama,103,63373,5143,5119,595,5714,63
2021-06-26,Trinity,105,12862,495,341,99,440,3
2021-06-26,Tulare,107,460477,50459,49745,9234,58979,850
2021-06-26,Tuolumne,109,53932,4127,4121,39,4160,64
2021-06-26,Ventura,111,848112,81856,81352,3052,84404,1032
2021-06-26,Yolo,113,214977,14182,14184,353,14537,213
2021-06-26,Yuba,115,75493,6220,6200,133,6333,51
2021-06-25,Alameda,001,1643700,89565,89453,2003,91456,1271
2021-06-25,Alpine,003,1148,88,89,0,89,0
2021-06-25,Amador,005,37829,3763,3746,33,3779,46
2021-06-25,Butte,007,227075,12799,12682,1877,14559,198
2021-06-25,Calaveras,009,45235,2200,2201,14,2215,55
2021-06-25,Colusa,011,21464,1970,1972,322,2294,15
2021-06-25,Contra Costa,013,1133247,71083,70659,1329,71988,815
2021-06-25,Del Norte,015,27424,1462,1426,13,1439,8
2021-06-25,El Dorado,017,186661,10464,10406,758,11164,115
2021-06-25,Fresno,019,978130,103540,103073,8828,111901,1727
2021-06-25,Glenn,021,27897,2447,2441,571,3012,20
2021-06-25,Humboldt,023,135768,4521,4503,43,4546,49
2021-06-25,Imperial,025,180216,28784,28968,2823,31791,740
2021-06-25,Inyo,027,18085,1411,1406,12,1418,35
2021-06-25,Kern,029,883053,97946,97182,11198,108380,1347
2021-06-25,Kings,031,150075,23272,23118,1116,24234,246
2021-06-25,Lake,033,64148,3606,3571,13,3584,56
2021-06-25,Lassen,035,31185,5277,5259,117,5376,20
2021-06-25,Los Angeles,037,10098052,1210937,1206909,42190,1249099,24483
2021-06-25,Madera,039,155013,16802,16670,950,17620,240
2021-06-25,Marin,041,260295,14188,14179,267,14446,232
2021-06-25,Mariposa,043,17540,440,440,11,451,5
2021-06-25,Mendocino,045,87422,4178,4089,76,4165,49
2021-06-25,Merced,047,269075,31306,31256,1002,32258,467
2021-06-25,Modoc,049,8938,418,411,148,559,3
2021-06-25,Mono,051,14174,1260,1279,16,1295,3
2021-06-25,Monterey,053,433212,43312,43184,1885,45069,462
2021-06-25,Napa,055,140530,10041,10037,39,10076,81
2021-06-25,Nevada,057,99092,4979,4932,200,5132,72
2021-06-25,Orange,059,3164182,256800,255574,11552,267126,5119
2021-06-25,Placer,061,380077,23859,23672,1563,25235,299
2021-06-25,Plumas,063,18699,720,702,11,713,4
2021-06-25,Riverside,065,2383286,295651,291663,14147,305810,4490
2021-06-25,Sacramento,067,1510023,108416,108034,1872,109906,1673
2021-06-25,San Benito,069,59416,6103,6098,116,6214,63
2021-06-25,San Bernardino,071,2135413,294764,293941,9090,303031,4911
2021-06-25,San Diego,073,3302833,283040,282157,15357,297514,3779
2021-06-25,San Francisco,075,870044,37144,37338,1328,38666,559
2021-06-25,San Joaquin,077,732212,74126,73860,3675,77535,1410
2021-06-25,San Luis Obispo,079,281455,21465,21325,761,22086,256
2021-06-25,San Mateo,081,765935,42798,42849,488,43337,537
2021-06-25,Santa Barbara,083,443738,35184,34518,1207,35725,454
2021-06-25,Santa Clara,085,1922200,119510,120272,791,121063,2103
2021-06-25,Santa Cruz,087,273765,16323,16230,819,17049,208
2021-06-25,Shasta,089,179085,12628,12633,1654,14287,202
2021-06-25,Sierra,091,2930,63,58,12,70,0
2021-06-25,Siskiyou,093,43540,1962,1894,371,2265,29
2021-06-25,Solano,095,438530,33482,33449,575,34024,267
2021-06-25,Sonoma,097,501317,30989,31043,363,31406,314
2021-06-25,Stanislaus,099,539301,57276,56973,6047,63020,1018
2021-06-25,Sutter,101,95872,9676,9664,91,9755,114
2021-06-25,Tehama,103,63373,5142,5119,595,5714,63
2021-06-25,Trinity,105,12862,495,338,99,437,3
2021-06-25,Tulare,107,460477,50452,49731,9231,58962,850
2021-06-25,Tuolumne,109,53932,4126,4121,39,4160,64
2021-06-25,Ventura,111,848112,81827,81342,3046,84388,1032
2021-06-25,Yolo,113,214977,14176,14172,353,14525,213
2021-06-25,Yuba,115,75493,6216,6195,133,6328,51
2021-06-24,Alameda,001,1643700,89493,89358,2000,91358,1268
2021-06-24,Alpine,003,1148,88,89,0,89,0
2021-06-24,Amador,005,37829,3759,3745,33,3778,46
2021-06-24,Butte,007,227075,12793,12673,1875,14548,198
2021-06-24,Calaveras,009,45235,2197,2202,14,2216,55
2021-06-24,Colusa,011,21464,1969,1972,322,2294,15
2021-06-24,Contra Costa,013,1133247,71024,70590,1329,71919,813
2021-06-24,Del Norte,015,27424,1461,1421,13,1434,8
2021-06-24,El Dorado,017,186661,10457,10402,758,11160,115
2021-06-24,Fresno,019,978130,103520,103061,8825,111886,1727
2021-06-24,Glenn,021,27897,2446,2439,571,3010,20
2021-06-24,Humboldt,023,135768,4516,4493,43,4536,49
2021-06-24,Imperial,025,180216,28781,28981,2823,31804,740
2021-06-24,Inyo,027,18085,1410,1406,12,1418,35
2021-06-24,Kern,029,883053,97927,97129,11185,108314,1346
2021-06-24,Kings,031,150075,23268,23114,1114,24228,246
2021-06-24,Lake,033,64148,3600,3571,13,3584,56
2021-06-24,Lassen,035,31185,5276,5258,117,5375,20
2021-06-24,Los Angeles,037,10098052,1210613,1206590,42167,1248757,24480
2021-06-24,Madera,039,155013,16791,16662,949,17611,240
2021-06-24,Marin,041,260295,14184,14180,267,14447,232
2021-06-24,Mariposa,043,17540,440,440,11,451,5
2021-06-24,Mendocino,045,87422,4170,4085,76,4161,49
2021-06-24,Merced,047,269075,31296,31248,1001,32249,466
2021-06-24,Modoc,049,8938,418,411,148,559,3
2021-06-24,Mono,051,14174,1260,1276,16,1292,3
2021-06-24,Monterey,053,433212,43305,43180,1885,45065,451
2021-06-24,Napa,055,140530,10039,10036,39,10075,80
2021-06-24,Nevada,057,99092,4977,4927,200,5127,72
2021-06-24,Orange,059,3164182,256736,255520,11544,267064,5117
2021-06-24,Placer,061,380077,23834,23659,1561,25220,299
2021-06-24,Plumas,063,18699,719,702,11,713,4
2021-06-24,Riverside,065,2383286,295571,291067,14136,305203,4473
2021-06-24,Sacramento,067,1510023,108328,107965,1870,109835,1672
2021-06-24,San Benito,069,59416,6100,6098,116,6214,63
2021-06-24,San Bernardino,071,2135413,294695,293895,9085,302980,4898
2021-06-24,San Diego,073,3302833,282935,282053,15345,297398,3778
2021-06-24,San Francisco,075,870044,37122,37320,1326,38646,559
2021-06-24,San Joaquin,077,732212,74078,73814,3675,77489,1408
2021-06-24,San Luis Obispo,079,281455,21459,21326,761,22087,256
2021-06-24,San Mateo,081,765935,42772,42814,487,43301,542
2021-06-24,Santa Barbara,083,443738,35178,34512,1206,35718,454
2021-06-24,Santa Clara,085,1922200,119480,120274,790,121064,2103
2021-06-24,Santa Cruz,087,273765,16322,16227,819,17046,208
2021-06-24,Shasta,089,179085,12623,12629,1650,14279,202
2021-06-24,Sierra,091,2930,63,58,12,70,0
2021-06-24,Siskiyou,093,43540,1962,1892,371,2263,28
2021-06-24,Solano,095,438530,33460,33432,573,34005,267
2021-06-24,Sonoma,097,501317,30960,31020,363,31383,314
2021-06-24,Stanislaus,099,539301,57244,56946,6047,62993,1018
2021-06-24,Sutter,101,95872,9669,9660,91,9751,113
2021-06-24,Tehama,103,63373,5139,5115,595,5710,63
2021-06-24,Trinity,105,12862,494,338,99,437,3
2021-06-24,Tulare,107,460477,50441,49730,9229,58959,850
2021-06-24,Tuolumne,109,53932,4124,4120,39,4159,64
2021-06-24,Ventura,111,848112,81799,81332,3045,84377,1032
2021-06-24,Yolo,113,214977,14167,14169,350,14519,213
2021-06-24,Yuba,115,75493,6211,6195,133,6328,51
2021-06-23,Alameda,001,1643700,89421,89338,1999,91337,1266
2021-06-23,Alpine,003,1148,88,88,0,88,0
2021-06-23,Amador,005,37829,3757,3743,33,3776,46
2021-06-23,Butte,007,227075,12786,12666,1875,14541,198
2021-06-23,Calaveras,009,45235,2196,2199,14,2213,55
2021-06-23,Colusa,011,21464,1968,1972,322,2294,15
2021-06-23,Contra Costa,013,1133247,70959,70526,1328,71854,813
2021-06-23,Del Norte,015,27424,1457,1418,13,1431,8
2021-06-23,El Dorado,017,186661,10448,10395,755,11150,115
2021-06-23,Fresno,019,978130,103491,103020,8823,111843,1724
2021-06-23,Glenn,021,27897,2446,2437,570,3007,20
2021-06-23,Humboldt,023,135768,4507,4490,43,4533,48
2021-06-23,Imperial,025,180216,28774,28908,2823,31731,740
2021-06-23,Inyo,027,18085,1410,1406,12,1418,35
2021-06-23,Kern,029,883053,97899,97078,11172,108250,1345
2021-06-23,Kings,031,150075,23261,23105,1112,24217,245
2021-06-23,Lake,033,64148,3591,3566,13,3579,53
2021-06-23,Lassen,035,31185,5273,5257,117,5374,20
2021-06-23,Los Angeles,037,10098052,1210276,1206358,42157,1248515,24472
2021-06-23,Madera,039,155013,16785,16660,949,17609,240
2021-06-23,Marin,041,260295,14178,14177,267,14444,230
2021-06-23,Mariposa,043,17540,440,439,11,450,5
2021-06-23,Mendocino,045,87422,4166,4078,76,4154,49
2021-06-23,Merced,047,269075,31287,31260,1001,32261,465
2021-06-23,Modoc,049,8938,416,407,148,555,3
2021-06-23,Mono,051,14174,1260,1279,16,1295,3
2021-06-23,Monterey,053,433212,43296,43166,1885,45051,439
2021-06-23,Napa,055,140530,10030,10032,39,10071,80
2021-06-23,Nevada,057,99092,4974,4924,200,5124,72
2021-06-23,Orange,059,3164182,256669,255479,11536,267015,5116
2021-06-23,Placer,061,380077,23805,23630,1556,25186,299
2021-06-23,Plumas,063,18699,718,701,11,712,4
2021-06-23,Riverside,065,2383286,295488,290343,14134,304477,4462
2021-06-23,Sacramento,067,1510023,108236,107868,1865,109733,1671
2021-06-23,San Benito,069,59416,6096,6097,116,6213,63
2021-06-23,San Bernardino,071,2135413,294616,293816,9080,302896,4886
2021-06-23,San Diego,073,3302833,282835,281937,15324,297261,3777
2021-06-23,San Francisco,075,870044,37098,37304,1325,38629,559
2021-06-23,San Joaquin,077,732212,74039,73764,3673,77437,1405
2021-06-23,San Luis Obispo,079,281455,21455,21323,760,22083,257
2021-06-23,San Mateo,081,765935,42756,42756,487,43243,542
2021-06-23,Santa Barbara,083,443738,35168,34505,1206,35711,454
2021-06-23,Santa Clara,085,1922200,119451,120233,790,121023,2098
2021-06-23,Santa Cruz,087,273765,16318,16215,819,17034,209
2021-06-23,Shasta,089,179085,12616,12604,1648,14252,202
2021-06-23,Sierra,091,2930,63,57,12,69,0
2021-06-23,Siskiyou,093,43540,1960,1892,371,2263,28
2021-06-23,Solano,095,438530,33416,33408,573,33981,267
2021-06-23,Sonoma,097,501317,30920,30959,361,31320,314
2021-06-23,Stanislaus,099,539301,57211,56926,6046,62972,1017
2021-06-23,Sutter,101,95872,9663,9653,91,9744,113
2021-06-23,Tehama,103,63373,5139,5119,594,5713,63
2021-06-23,Trinity,105,12862,494,338,99,437,3
2021-06-23,Tulare,107,460477,50434,49711,9225,58936,850
2021-06-23,Tuolumne,109,53932,4121,4120,39,4159,64
2021-06-23,Ventura,111,848112,81776,81312,3042,84354,1032
2021-06-23,Yolo,113,214977,14157,14161,350,14511,212
2021-06-23,Yuba,115,75493,6208,6190,133,6323,51
2021-06-22,Alameda,001,1643700,89353,89308,1999,91307,1263
2021-06-22,Alpine,003,1148,88,88,0,88,0
2021-06-22,Amador,005,37829,3754,3743,33,3776,46
2021-06-22,Butte,007,227075,12782,12662,1872,14534,198
2021-06-22,Calaveras,009,45235,2195,2198,14,2212,55
2021-06-22,Colusa,011,21464,1967,1971,322,2293,15
2021-06-22,Contra Costa,013,1133247,70903,70480,1327,71807,813
2021-06-22,Del Norte,015,27424,1454,1417,13,1430,8
2021-06-22,El Dorado,017,186661,10443,10380,754,11134,113
2021-06-22,Fresno,019,978130,103472,102996,8819,111815,1724
2021-06-22,Glenn,021,27897,2445,2435,568,3003,19
2021-06-22,Humboldt,023,135768,4497,4483,43,4526,42
2021-06-22,Imperial,025,180216,28769,28880,2823,31703,740
2021-06-22,Inyo,027,18085,1410,1405,12,1417,35
2021-06-22,Kern,029,883053,97886,97013,11168,108181,1342
2021-06-22,Kings,031,150075,23253,23098,1111,24209,245
2021-06-22,Lake,033,64148,3589,3564,13,3577,45
2021-06-22,Lassen,035,31185,5268,5254,117,5371,20
2021-06-22,Los Angeles,037,10098052,1209963,1206146,42145,1248291,24461
2021-06-22,Madera,039,155013,16780,16652,949,17601,240
2021-06-22,Marin,041,260295,14176,14174,267,14441,230
2021-06-22,Mariposa,043,17540,440,439,11,450,5
2021-06-22,Mendocino,045,87422,4160,4072,76,4148,49
2021-06-22,Merced,047,269075,31276,31267,1001,32268,464
2021-06-22,Modoc,049,8938,414,405,147,552,3
2021-06-22,Mono,051,14174,1260,1277,16,1293,3
2021-06-22,Monterey,053,433212,43293,43162,1884,45046,427
2021-06-22,Napa,055,140530,10025,10029,39,10068,80
2021-06-22,Nevada,057,99092,4968,4923,200,5123,72
2021-06-22,Orange,059,3164182,256600,255452,11525,266977,5114
2021-06-22,Placer,061,380077,23783,23603,1556,25159,299
2021-06-22,Plumas,063,18699,718,697,11,708,4
2021-06-22,Riverside,065,2383286,295427,289839,14130,303969,4456
2021-06-22,Sacramento,067,1510023,108135,107801,1860,109661,1670
2021-06-22,San Benito,069,59416,6095,6098,116,6214,63
2021-06-22,San Bernardino,071,2135413,294540,293770,9074,302844,4873
2021-06-22,San Diego,073,3302833,282731,281867,15301,297168,3771
2021-06-22,San Francisco,075,870044,37084,37287,1325,38612,556
2021-06-22,San Joaquin,077,732212,74009,73723,3671,77394,1405
2021-06-22,San Luis Obispo,079,281455,21452,21321,759,22080,257
2021-06-22,San Mateo,081,765935,42742,42725,482,43207,542
2021-06-22,Santa Barbara,083,443738,35157,34500,1205,35705,454
2021-06-22,Santa Clara,085,1922200,119419,120194,790,120984,2095
2021-06-22,Santa Cruz,087,273765,16313,16218,819,17037,209
2021-06-22,Shasta,089,179085,12605,12616,1645,14261,202
2021-06-22,Sierra,091,2930,62,57,12,69,0
2021-06-22,Siskiyou,093,43540,1960,1892,371,2263,28
2021-06-22,Solano,095,438530,33398,33397,572,33969,267
2021-06-22,Sonoma,097,501317,30880,30933,361,31294,314
2021-06-22,Stanislaus,099,539301,57191,56915,6044,62959,1017
2021-06-22,Sutter,101,95872,9656,9649,91,9740,113
2021-06-22,Tehama,103,63373,5137,5118,593,5711,63
2021-06-22,Trinity,105,12862,492,337,99,436,3
2021-06-22,Tulare,107,460477,50426,49706,9220,58926,850
2021-06-22,Tuolumne,109,53932,4119,4119,39,4158,64
2021-06-22,Ventura,111,848112,81762,81300,3041,84341,1032
2021-06-22,Yolo,113,214977,14152,14157,348,14505,212
2021-06-22,Yuba,115,75493,6204,6181,133,6314,51
2021-06-21,Alameda,001,1643700,89293,89281,1998,91279,1262
2021-06-21,Alpine,003,1148,88,88,0,88,0
2021-06-21,Amador,005,37829,3748,3742,33,3775,46
2021-06-21,Butte,007,227075,12776,12668,1870,14538,195
2021-06-21,Calaveras,009,45235,2194,2194,14,2208,55
2021-06-21,Colusa,011,21464,1966,1970,321,2291,15
2021-06-21,Contra Costa,013,1133247,70832,70439,1325,71764,813
2021-06-21,Del Norte,015,27424,1450,1416,13,1429,8
2021-06-21,El Dorado,017,186661,10437,10375,753,11128,113
2021-06-21,Fresno,019,978130,103452,102971,8816,111787,1724
2021-06-21,Glenn,021,27897,2444,2433,568,3001,19
2021-06-21,Humboldt,023,135768,4488,4478,42,4520,42
2021-06-21,Imperial,025,180216,28765,28855,2823,31678,740
2021-06-21,Inyo,027,18085,1409,1405,12,1417,35
2021-06-21,Kern,029,883053,97857,96995,11159,108154,1342
2021-06-21,Kings,031,150075,23246,23091,1108,24199,245
2021-06-21,Lake,033,64148,3583,3563,13,3576,45
2021-06-21,Lassen,035,31185,5266,5233,117,5350,19
2021-06-21,Los Angeles,037,10098052,1209672,1205994,42124,1248118,24459
2021-06-21,Madera,039,155013,16771,16647,949,17596,240
2021-06-21,Marin,041,260295,14172,14173,267,14440,230
2021-06-21,Mariposa,043,17540,440,439,11,450,5
2021-06-21,Mendocino,045,87422,4157,4085,76,4161,49
2021-06-21,Merced,047,269075,31266,31264,1000,32264,465
2021-06-21,Modoc,049,8938,414,405,147,552,3
2021-06-21,Mono,051,14174,1260,1277,16,1293,3
2021-06-21,Monterey,053,433212,43290,43157,1884,45041,427
2021-06-21,Napa,055,140530,10021,10028,39,10067,80
2021-06-21,Nevada,057,99092,4964,4921,200,5121,72
2021-06-21,Orange,059,3164182,256528,255400,11518,266918,5113
2021-06-21,Placer,061,380077,23758,23577,1556,25133,298
2021-06-21,Plumas,063,18699,716,697,11,708,4
2021-06-21,Riverside,065,2383286,295351,289797,14125,303922,4456
2021-06-21,Sacramento,067,1510023,108023,107757,1859,109616,1669
2021-06-21,San Benito,069,59416,6091,6098,116,6214,63
2021-06-21,San Bernardino,071,2135413,294453,293736,9070,302806,4850
2021-06-21,San Diego,073,3302833,282625,281811,15281,297092,3771
2021-06-21,San Francisco,075,870044,37068,37275,1324,38599,556
2021-06-21,San Joaquin,077,732212,73968,73687,3670,77357,1405
2021-06-21,San Luis Obispo,079,281455,21443,21316,759,22075,257
2021-06-21,San Mateo,081,765935,42725,42685,481,43166,542
2021-06-21,Santa Barbara,083,443738,35152,34492,1205,35697,455
2021-06-21,Santa Clara,085,1922200,119386,120192,789,120981,2093
2021-06-21,Santa Cruz,087,273765,16311,16212,819,17031,208
2021-06-21,Shasta,089,179085,12592,12617,1642,14259,201
2021-06-21,Sierra,091,2930,62,57,12,69,0
2021-06-21,Siskiyou,093,43540,1960,1892,371,2263,27
2021-06-21,Solano,095,438530,33375,33383,571,33954,266
2021-06-21,Sonoma,097,501317,30858,30912,361,31273,314
2021-06-21,Stanislaus,099,539301,57161,56891,6039,62930,1017
2021-06-21,Sutter,101,95872,9655,9649,91,9740,113
2021-06-21,Tehama,103,63373,5137,5115,592,5707,63
2021-06-21,Trinity,105,12862,492,337,99,436,3
2021-06-21,Tulare,107,460477,50415,49689,9216,58905,849
2021-06-21,Tuolumne,109,53932,4115,4119,39,4158,63
2021-06-21,Ventura,111,848112,81734,81291,3037,84328,1031
2021-06-21,Yolo,113,214977,14146,14165,348,14513,212
2021-06-21,Yuba,115,75493,6203,6172,133,6305,51
2021-06-20,Alameda,001,1643700,89230,89255,1997,91252,1263
2021-06-20,Alpine,003,1148,88,88,0,88,0
2021-06-20,Amador,005,37829,3745,3740,33,3773,46
2021-06-20,Butte,007,227075,12769,12668,1869,14537,194
2021-06-20,Calaveras,009,45235,2192,2193,14,2207,55
2021-06-20,Colusa,011,21464,1966,1970,321,2291,15
2021-06-20,Contra Costa,013,1133247,70776,70401,1323,71724,813
2021-06-20,Del Norte,015,27424,1446,1416,13,1429,8
2021-06-20,El Dorado,017,186661,10423,10372,751,11123,113
2021-06-20,Fresno,019,978130,103411,102947,8813,111760,1724
2021-06-20,Glenn,021,27897,2444,2434,568,3002,19
2021-06-20,Humboldt,023,135768,4482,4472,42,4514,42
2021-06-20,Imperial,025,180216,28756,28855,2823,31678,740
2021-06-20,Inyo,027,18085,1408,1405,12,1417,35
2021-06-20,Kern,029,883053,97836,96985,11148,108133,1342
2021-06-20,Kings,031,150075,23241,23088,1106,24194,245
2021-06-20,Lake,033,64148,3581,3563,13,3576,45
2021-06-20,Lassen,035,31185,5263,5230,117,5347,19
2021-06-20,Los Angeles,037,10098052,1209374,1205874,42116,1247990,24456
2021-06-20,Madera,039,155013,16763,16638,947,17585,240
2021-06-20,Marin,041,260295,14169,14166,267,14433,230
2021-06-20,Mariposa,043,17540,438,439,11,450,5
2021-06-20,Mendocino,045,87422,4150,4080,76,4156,49
2021-06-20,Merced,047,269075,31253,31265,1000,32265,465
2021-06-20,Modoc,049,8938,414,405,147,552,3
2021-06-20,Mono,051,14174,1260,1275,16,1291,3
2021-06-20,Monterey,053,433212,43281,43156,1883,45039,427
2021-06-20,Napa,055,140530,10014,10026,38,10064,80
2021-06-20,Nevada,057,99092,4957,4919,200,5119,72
2021-06-20,Orange,059,3164182,256464,255377,11507,266884,5113
2021-06-20,Placer,061,380077,23725,23562,1552,25114,298
2021-06-20,Plumas,063,18699,715,697,11,708,4
2021-06-20,Riverside,065,2383286,295272,289770,14114,303884,4456
2021-06-20,Sacramento,067,1510023,107912,107700,1856,109556,1669
2021-06-20,San Benito,069,59416,6091,6098,116,6214,63
2021-06-20,San Bernardino,071,2135413,294353,293713,9066,302779,4845
2021-06-20,San Diego,073,3302833,282519,281750,15259,297009,3771
2021-06-20,San Francisco,075,870044,37046,37269,1324,38593,556
2021-06-20,San Joaquin,077,732212,73923,73676,3661,77337,1405
2021-06-20,San Luis Obispo,079,281455,21441,21313,759,22072,257
2021-06-20,San Mateo,081,765935,42696,42681,481,43162,542
2021-06-20,Santa Barbara,083,443738,35143,34487,1205,35692,455
2021-06-20,Santa Clara,085,1922200,119351,120163,789,120952,2093
2021-06-20,Santa Cruz,087,273765,16306,16210,819,17029,208
2021-06-20,Shasta,089,179085,12587,12617,1640,14257,201
2021-06-20,Sierra,091,2930,62,57,12,69,0
2021-06-20,Siskiyou,093,43540,1959,1891,371,2262,27
2021-06-20,Solano,095,438530,33353,33361,569,33930,266
2021-06-20,Sonoma,097,501317,30811,30884,358,31242,314
2021-06-20,Stanislaus,099,539301,57127,56868,6038,62906,1017
2021-06-20,Sutter,101,95872,9652,9645,91,9736,113
2021-06-20,Tehama,103,63373,5133,5115,592,5707,63
2021-06-20,Trinity,105,12862,492,337,99,436,3
2021-06-20,Tulare,107,460477,50406,49685,9214,58899,849
2021-06-20,Tuolumne,109,53932,4112,4117,39,4156,63
2021-06-20,Ventura,111,848112,81718,81282,3035,84317,1031
2021-06-20,Yolo,113,214977,14139,14160,348,14508,212
2021-06-20,Yuba,115,75493,6196,6167,133,6300,51
2021-06-19,Alameda,001,1643700,89197,89202,1997,91199,1263
2021-06-19,Alpine,003,1148,88,88,0,88,0
2021-06-19,Amador,005,37829,3743,3739,33,3772,46
2021-06-19,Butte,007,227075,12765,12659,1869,14528,194
2021-06-19,Calaveras,009,45235,2192,2192,14,2206,55
2021-06-19,Colusa,011,21464,1966,1969,321,2290,15
2021-06-19,Contra Costa,013,1133247,70745,70334,1322,71656,813
2021-06-19,Del Norte,015,27424,1445,1416,13,1429,8
2021-06-19,El Dorado,017,186661,10422,10363,750,11113,113
2021-06-19,Fresno,019,978130,103398,102922,8810,111732,1724
2021-06-19,Glenn,021,27897,2443,2434,567,3001,19
2021-06-19,Humboldt,023,135768,4471,4463,42,4505,42
2021-06-19,Imperial,025,180216,28755,28813,2823,31636,740
2021-06-19,Inyo,027,18085,1408,1405,12,1417,35
2021-06-19,Kern,029,883053,97820,96966,11144,108110,1342
2021-06-19,Kings,031,150075,23238,23086,1106,24192,245
2021-06-19,Lake,033,64148,3577,3563,13,3576,45
2021-06-19,Lassen,035,31185,5262,5225,117,5342,19
2021-06-19,Los Angeles,037,10098052,1209176,1205602,42102,1247704,24454
2021-06-19,Madera,039,155013,16761,16632,947,17579,240
2021-06-19,Marin,041,260295,14161,14152,267,14419,230
2021-06-19,Mariposa,043,17540,438,439,11,450,5
2021-06-19,Mendocino,045,87422,4144,4077,76,4153,49
2021-06-19,Merced,047,269075,31251,31256,1000,32256,465
2021-06-19,Modoc,049,8938,413,402,147,549,3
2021-06-19,Mono,051,14174,1260,1275,16,1291,3
2021-06-19,Monterey,053,433212,43275,43153,1883,45036,427
2021-06-19,Napa,055,140530,10010,10025,38,10063,80
2021-06-19,Nevada,057,99092,4952,4910,200,5110,72
2021-06-19,Orange,059,3164182,256417,255329,11504,266833,5112
2021-06-19,Placer,061,380077,23709,23537,1549,25086,298
2021-06-19,Plumas,063,18699,714,697,11,708,4
2021-06-19,Riverside,065,2383286,295226,289720,14114,303834,4456
2021-06-19,Sacramento,067,1510023,107866,107631,1853,109484,1669
2021-06-19,San Benito,069,59416,6090,6098,116,6214,63
2021-06-19,San Bernardino,071,2135413,294309,293673,9063,302736,4844
2021-06-19,San Diego,073,3302833,282459,281682,15245,296927,3771
2021-06-19,San Francisco,075,870044,37033,37256,1324,38580,556
2021-06-19,San Joaquin,077,732212,73907,73652,3657,77309,1405
2021-06-19,San Luis Obispo,079,281455,21439,21308,759,22067,257
2021-06-19,San Mateo,081,765935,42678,42646,479,43125,542
2021-06-19,Santa Barbara,083,443738,35141,34472,1205,35677,455
2021-06-19,Santa Clara,085,1922200,119328,120110,788,120898,2093
2021-06-19,Santa Cruz,087,273765,16301,16206,819,17025,208
2021-06-19,Shasta,089,179085,12585,12615,1639,14254,201
2021-06-19,Sierra,091,2930,62,57,12,69,0
2021-06-19,Siskiyou,093,43540,1959,1891,370,2261,27
2021-06-19,Solano,095,438530,33343,33341,568,33909,266
2021-06-19,Sonoma,097,501317,30770,30841,357,31198,314
2021-06-19,Stanislaus,099,539301,57108,56847,6035,62882,1017
2021-06-19,Sutter,101,95872,9649,9645,91,9736,113
2021-06-19,Tehama,103,63373,5132,5115,592,5707,63
2021-06-19,Trinity,105,12862,492,337,99,436,3
2021-06-19,Tulare,107,460477,50399,49681,9209,58890,849
2021-06-19,Tuolumne,109,53932,4112,4117,39,4156,63
2021-06-19,Ventura,111,848112,81705,81270,3034,84304,1031
2021-06-19,Yolo,113,214977,14135,14156,347,14503,212
2021-06-19,Yuba,115,75493,6195,6157,133,6290,51
2021-06-18,Alameda,001,1643700,89160,89123,1997,91120,1263
2021-06-18,Alpine,003,1148,88,88,0,88,0
2021-06-18,Amador,005,37829,3743,3739,33,3772,46
2021-06-18,Butte,007,227075,12762,12653,1866,14519,194
2021-06-18,Calaveras,009,45235,2192,2191,14,2205,55
2021-06-18,Colusa,011,21464,1965,1969,321,2290,15
2021-06-18,Contra Costa,013,1133247,70703,70271,1320,71591,813
2021-06-18,Del Norte,015,27424,1445,1415,13,1428,8
2021-06-18,El Dorado,017,186661,10419,10348,748,11096,113
2021-06-18,Fresno,019,978130,103382,102894,8808,111702,1722
2021-06-18,Glenn,021,27897,2442,2430,567,2997,19
2021-06-18,Humboldt,023,135768,4463,4450,42,4492,42
2021-06-18,Imperial,025,180216,28753,28809,2823,31632,740
2021-06-18,Inyo,027,18085,1408,1405,12,1417,35
2021-06-18,Kern,029,883053,97809,96948,11138,108086,1341
2021-06-18,Kings,031,150075,23233,23082,1106,24188,245
2021-06-18,Lake,033,64148,3573,3563,13,3576,45
2021-06-18,Lassen,035,31185,5261,5224,117,5341,19
2021-06-18,Los Angeles,037,10098052,1209020,1205472,42085,1247557,24451
2021-06-18,Madera,039,155013,16755,16625,947,17572,241
2021-06-18,Marin,041,260295,14158,14147,267,14414,230
2021-06-18,Mariposa,043,17540,438,439,11,450,5
2021-06-18,Mendocino,045,87422,4139,4068,76,4144,49
2021-06-18,Merced,047,269075,31249,31262,1000,32262,464
2021-06-18,Modoc,049,8938,413,402,147,549,3
2021-06-18,Mono,051,14174,1259,1275,15,1290,3
2021-06-18,Monterey,053,433212,43272,43148,1883,45031,427
2021-06-18,Napa,055,140530,10006,10021,38,10059,80
2021-06-18,Nevada,057,99092,4944,4903,200,5103,72
2021-06-18,Orange,059,3164182,256379,255274,11501,266775,5108
2021-06-18,Placer,061,380077,23701,23500,1546,25046,298
2021-06-18,Plumas,063,18699,714,697,11,708,4
2021-06-18,Riverside,065,2383286,295178,289676,14113,303789,4457
2021-06-18,Sacramento,067,1510023,107818,107570,1853,109423,1669
2021-06-18,San Benito,069,59416,6089,6097,116,6213,63
2021-06-18,San Bernardino,071,2135413,294264,293629,9059,302688,4826
2021-06-18,San Diego,073,3302833,282383,281608,15234,296842,3771
2021-06-18,San Francisco,075,870044,37024,37246,1324,38570,556
2021-06-18,San Joaquin,077,732212,73889,73623,3655,77278,1403
2021-06-18,San Luis Obispo,079,281455,21435,21301,758,22059,257
2021-06-18,San Mateo,081,765935,42667,42630,478,43108,542
2021-06-18,Santa Barbara,083,443738,35130,34469,1205,35674,455
2021-06-18,Santa Clara,085,1922200,119307,120081,787,120868,2093
2021-06-18,Santa Cruz,087,273765,16297,16202,819,17021,208
2021-06-18,Shasta,089,179085,12581,12607,1637,14244,201
2021-06-18,Sierra,091,2930,61,57,12,69,0
2021-06-18,Siskiyou,093,43540,1959,1890,370,2260,27
2021-06-18,Solano,095,438530,33329,33323,568,33891,266
2021-06-18,Sonoma,097,501317,30752,30816,356,31172,313
2021-06-18,Stanislaus,099,539301,57093,56803,6033,62836,1012
2021-06-18,Sutter,101,95872,9646,9643,91,9734,113
2021-06-18,Tehama,103,63373,5130,5114,592,5706,63
2021-06-18,Trinity,105,12862,492,337,98,435,3
2021-06-18,Tulare,107,460477,50397,49664,9202,58866,849
2021-06-18,Tuolumne,109,53932,4110,4116,39,4155,63
2021-06-18,Ventura,111,848112,81695,81256,3029,84285,1031
2021-06-18,Yolo,113,214977,14132,14148,345,14493,212
2021-06-18,Yuba,115,75493,6189,6150,133,6283,51
2021-06-17,Alameda,001,1643700,89114,89087,1997,91084,1262
2021-06-17,Alpine,003,1148,88,88,0,88,0
2021-06-17,Amador,005,37829,3741,3731,33,3764,46
2021-06-17,Butte,007,227075,12752,12644,1865,14509,194
2021-06-17,Calaveras,009,45235,2191,2189,14,2203,55
2021-06-17,Colusa,011,21464,1964,1969,321,2290,15
2021-06-17,Contra Costa,013,1133247,70664,70190,1317,71507,810
2021-06-17,Del Norte,015,27424,1443,1413,13,1426,8
2021-06-17,El Dorado,017,186661,10409,10341,748,11089,113
2021-06-17,Fresno,019,978130,103356,102867,8804,111671,1722
2021-06-17,Glenn,021,27897,2442,2430,567,2997,19
2021-06-17,Humboldt,023,135768,4454,4438,42,4480,42
2021-06-17,Imperial,025,180216,28745,28801,2823,31624,741
2021-06-17,Inyo,027,18085,1408,1405,12,1417,35
2021-06-17,Kern,029,883053,97794,96840,11132,107972,1340
2021-06-17,Kings,031,150075,23229,23078,1105,24183,245
2021-06-17,Lake,033,64148,3570,3563,9,3572,45
2021-06-17,Lassen,035,31185,5257,5223,117,5340,19
2021-06-17,Los Angeles,037,10098052,1208809,1205301,42056,1247357,24444
2021-06-17,Madera,039,155013,16750,16618,947,17565,241
2021-06-17,Marin,041,260295,14158,14141,267,14408,229
2021-06-17,Mariposa,043,17540,438,439,11,450,5
2021-06-17,Mendocino,045,87422,4132,4054,76,4130,49
2021-06-17,Merced,047,269075,31244,31262,1000,32262,464
2021-06-17,Modoc,049,8938,412,401,147,548,3
2021-06-17,Mono,051,14174,1258,1275,15,1290,3
2021-06-17,Monterey,053,433212,43264,43140,1883,45023,416
2021-06-17,Napa,055,140530,10006,10014,38,10052,80
2021-06-17,Nevada,057,99092,4940,4898,200,5098,72
2021-06-17,Orange,059,3164182,256333,255240,11490,266730,5109
2021-06-17,Placer,061,380077,23685,23461,1544,25005,298
2021-06-17,Plumas,063,18699,713,697,11,708,4
2021-06-17,Riverside,065,2383286,295124,289627,14111,303738,4458
2021-06-17,Sacramento,067,1510023,107754,107492,1851,109343,1666
2021-06-17,San Benito,069,59416,6089,6097,116,6213,63
2021-06-17,San Bernardino,071,2135413,294224,293560,9059,302619,4811
2021-06-17,San Diego,073,3302833,282307,281531,15220,296751,3771
2021-06-17,San Francisco,075,870044,37013,37243,1323,38566,556
2021-06-17,San Joaquin,077,732212,73865,73560,3650,77210,1403
2021-06-17,San Luis Obispo,079,281455,21433,21297,758,22055,257
2021-06-17,San Mateo,081,765935,42661,42615,478,43093,542
2021-06-17,Santa Barbara,083,443738,35124,34466,1205,35671,453
2021-06-17,Santa Clara,085,1922200,119282,120032,786,120818,2093
2021-06-17,Santa Cruz,087,273765,16293,16197,819,17016,208
2021-06-17,Shasta,089,179085,12573,12597,1637,14234,201
2021-06-17,Sierra,091,2930,61,56,12,68,0
2021-06-17,Siskiyou,093,43540,1958,1889,370,2259,27
2021-06-17,Solano,095,438530,33308,33296,567,33863,266
2021-06-17,Sonoma,097,501317,30721,30793,356,31149,323
2021-06-17,Stanislaus,099,539301,57062,56752,6027,62779,1012
2021-06-17,Sutter,101,95872,9643,9629,91,9720,113
2021-06-17,Tehama,103,63373,5129,5112,590,5702,63
2021-06-17,Trinity,105,12862,491,337,98,435,3
2021-06-17,Tulare,107,460477,50392,49649,9194,58843,849
2021-06-17,Tuolumne,109,53932,4109,4116,39,4155,63
2021-06-17,Ventura,111,848112,81686,81248,3026,84274,1030
2021-06-17,Yolo,113,214977,14124,14141,345,14486,212
2021-06-17,Yuba,115,75493,6180,6140,133,6273,51
2021-06-16,Alameda,001,1643700,89063,89045,1993,91038,1265
2021-06-16,Alpine,003,1148,88,88,0,88,0
2021-06-16,Amador,005,37829,3740,3730,33,3763,46
2021-06-16,Butte,007,227075,12750,12635,1863,14498,194
2021-06-16,Calaveras,009,45235,2189,2188,14,2202,55
2021-06-16,Colusa,011,21464,1964,1967,321,2288,15
2021-06-16,Contra Costa,013,1133247,70612,70136,1316,71452,810
2021-06-16,Del Norte,015,27424,1440,1413,13,1426,8
2021-06-16,El Dorado,017,186661,10403,10334,747,11081,113
2021-06-16,Fresno,019,978130,103326,102842,8800,111642,1722
2021-06-16,Glenn,021,27897,2442,2430,567,2997,19
2021-06-16,Humboldt,023,135768,4445,4427,41,4468,42
2021-06-16,Imperial,025,180216,28742,28796,2823,31619,741
2021-06-16,Inyo,027,18085,1407,1405,12,1417,35
2021-06-16,Kern,029,883053,97772,96789,11124,107913,1339
2021-06-16,Kings,031,150075,23228,23072,1104,24176,245
2021-06-16,Lake,033,64148,3570,3562,9,3571,45
2021-06-16,Lassen,035,31185,5254,5216,117,5333,19
2021-06-16,Los Angeles,037,10098052,1208586,1205102,42045,1247147,24439
2021-06-16,Madera,039,155013,16746,16603,947,17550,240
2021-06-16,Marin,041,260295,14156,14137,267,14404,229
2021-06-16,Mariposa,043,17540,438,437,11,448,5
2021-06-16,Mendocino,045,87422,4124,4041,76,4117,49
2021-06-16,Merced,047,269075,31236,31250,1000,32250,463
2021-06-16,Modoc,049,8938,411,383,146,529,3
2021-06-16,Mono,051,14174,1258,1275,15,1290,3
2021-06-16,Monterey,053,433212,43261,43122,1883,45005,416
2021-06-16,Napa,055,140530,10002,10011,38,10049,80
2021-06-16,Nevada,057,99092,4935,4894,200,5094,72
2021-06-16,Orange,059,3164182,256280,255188,11483,266671,5109
2021-06-16,Placer,061,380077,23675,23425,1540,24965,298
2021-06-16,Plumas,063,18699,713,697,11,708,4
2021-06-16,Riverside,065,2383286,295063,289539,14109,303648,4457
2021-06-16,Sacramento,067,1510023,107684,107422,1847,109269,1665
2021-06-16,San Benito,069,59416,6089,6090,116,6206,63
2021-06-16,San Bernardino,071,2135413,294175,293499,9057,302556,4797
2021-06-16,San Diego,073,3302833,282229,281423,15207,296630,3770
2021-06-16,San Francisco,075,870044,37000,37222,1321,38543,555
2021-06-16,San Joaquin,077,732212,73828,73530,3646,77176,1399
2021-06-16,San Luis Obispo,079,281455,21428,21294,758,22052,257
2021-06-16,San Mateo,081,765935,42645,42601,478,43079,542
2021-06-16,Santa Barbara,083,443738,35118,34459,1205,35664,460
2021-06-16,Santa Clara,085,1922200,119250,119982,786,120768,2087
2021-06-16,Santa Cruz,087,273765,16290,16187,819,17006,208
2021-06-16,Shasta,089,179085,12568,12592,1636,14228,200
2021-06-16,Sierra,091,2930,61,56,12,68,0
2021-06-16,Siskiyou,093,43540,1957,1886,370,2256,26
2021-06-16,Solano,095,438530,33280,33276,567,33843,266
2021-06-16,Sonoma,097,501317,30685,30741,356,31097,323
2021-06-16,Stanislaus,099,539301,57031,56738,6025,62763,984
2021-06-16,Sutter,101,95872,9639,9620,91,9711,113
2021-06-16,Tehama,103,63373,5127,5106,590,5696,63
2021-06-16,Trinity,105,12862,490,332,98,430,3
2021-06-16,Tulare,107,460477,50387,49578,9190,58768,849
2021-06-16,Tuolumne,109,53932,4109,4110,39,4149,63
2021-06-16,Ventura,111,848112,81672,81229,3024,84253,1029
2021-06-16,Yolo,113,214977,14115,14135,344,14479,212
2021-06-16,Yuba,115,75493,6170,6134,133,6267,51
2021-06-15,Alameda,001,1643700,89020,89008,1993,91001,1262
2021-06-15,Alpine,003,1148,88,88,0,88,0
2021-06-15,Amador,005,37829,3737,3723,33,3756,46
2021-06-15,Butte,007,227075,12742,12620,1862,14482,194
2021-06-15,Calaveras,009,45235,2188,2188,14,2202,55
2021-06-15,Colusa,011,21464,1964,1967,319,2286,15
2021-06-15,Contra Costa,013,1133247,70550,70101,1316,71417,810
2021-06-15,Del Norte,015,27424,1439,1411,13,1424,8
2021-06-15,El Dorado,017,186661,10394,10330,747,11077,113
2021-06-15,Fresno,019,978130,103295,102828,8799,111627,1722
2021-06-15,Glenn,021,27897,2441,2426,567,2993,19
2021-06-15,Humboldt,023,135768,4436,4414,40,4454,42
2021-06-15,Imperial,025,180216,28736,28789,2823,31612,741
2021-06-15,Inyo,027,18085,1407,1405,12,1417,35
2021-06-15,Kern,029,883053,97744,96782,11116,107898,1338
2021-06-15,Kings,031,150075,23222,23070,1102,24172,245
2021-06-15,Lake,033,64148,3569,3559,9,3568,45
2021-06-15,Lassen,035,31185,5253,5211,117,5328,19
2021-06-15,Los Angeles,037,10098052,1208357,1204926,42037,1246963,24435
2021-06-15,Madera,039,155013,16739,16600,946,17546,240
2021-06-15,Marin,041,260295,14148,14135,267,14402,229
2021-06-15,Mariposa,043,17540,438,437,11,448,5
2021-06-15,Mendocino,045,87422,4117,4034,76,4110,49
2021-06-15,Merced,047,269075,31230,31244,1000,32244,461
2021-06-15,Modoc,049,8938,410,383,146,529,3
2021-06-15,Mono,051,14174,1258,1275,15,1290,3
2021-06-15,Monterey,053,433212,43255,43118,1883,45001,416
2021-06-15,Napa,055,140530,10000,10010,38,10048,80
2021-06-15,Nevada,057,99092,4932,4888,200,5088,72
2021-06-15,Orange,059,3164182,256241,255127,11474,266601,5105
2021-06-15,Placer,061,380077,23653,23396,1539,24935,298
2021-06-15,Plumas,063,18699,712,697,11,708,4
2021-06-15,Riverside,065,2383286,295003,289508,14105,303613,4455
2021-06-15,Sacramento,067,1510023,107609,107370,1841,109211,1662
2021-06-15,San Benito,069,59416,6088,6089,116,6205,63
2021-06-15,San Bernardino,071,2135413,294125,293463,9051,302514,4790
2021-06-15,San Diego,073,3302833,282145,281375,15192,296567,3770
2021-06-15,San Francisco,075,870044,36991,37210,1320,38530,555
2021-06-15,San Joaquin,077,732212,73788,73494,3641,77135,1399
2021-06-15,San Luis Obispo,079,281455,21423,21293,757,22050,257
2021-06-15,San Mateo,081,765935,42632,42593,478,43071,543
2021-06-15,Santa Barbara,083,443738,35113,34451,1205,35656,460
2021-06-15,Santa Clara,085,1922200,119212,119963,786,120749,2086
2021-06-15,Santa Cruz,087,273765,16283,16180,818,16998,208
2021-06-15,Shasta,089,179085,12562,12583,1636,14219,201
2021-06-15,Sierra,091,2930,60,55,12,67,0
2021-06-15,Siskiyou,093,43540,1956,1887,370,2257,26
2021-06-15,Solano,095,438530,33261,33264,567,33831,266
2021-06-15,Sonoma,097,501317,30646,30707,355,31062,323
2021-06-15,Stanislaus,099,539301,57002,56724,6021,62745,979
2021-06-15,Sutter,101,95872,9630,9616,91,9707,113
2021-06-15,Tehama,103,63373,5125,5102,590,5692,63
2021-06-15,Trinity,105,12862,489,332,98,430,3
2021-06-15,Tulare,107,460477,50380,49561,9187,58748,848
2021-06-15,Tuolumne,109,53932,4109,4111,39,4150,63
2021-06-15,Ventura,111,848112,81661,81215,3021,84236,1029
2021-06-15,Yolo,113,214977,14111,14127,342,14469,212
2021-06-15,Yuba,115,75493,6159,6130,133,6263,51
2021-06-14,Alameda,001,1643700,88970,88966,1992,90958,1264
2021-06-14,Alpine,003,1148,88,88,0,88,0
2021-06-14,Amador,005,37829,3736,3722,33,3755,46
2021-06-14,Butte,007,227075,12731,12613,1858,14471,194
2021-06-14,Calaveras,009,45235,2187,2190,14,2204,55
2021-06-14,Colusa,011,21464,1963,1966,319,2285,15
2021-06-14,Contra Costa,013,1133247,70497,70069,1314,71383,810
2021-06-14,Del Norte,015,27424,1439,1411,13,1424,8
2021-06-14,El Dorado,017,186661,10385,10327,746,11073,113
2021-06-14,Fresno,019,978130,103273,102812,8797,111609,1719
2021-06-14,Glenn,021,27897,2441,2426,567,2993,19
2021-06-14,Humboldt,023,135768,4428,4407,39,4446,42
2021-06-14,Imperial,025,180216,28724,28836,2823,31659,741
2021-06-14,Inyo,027,18085,1406,1405,12,1417,35
2021-06-14,Kern,029,883053,97724,96760,11106,107866,1337
2021-06-14,Kings,031,150075,23219,23071,1101,24172,245
2021-06-14,Lake,033,64148,3568,3557,9,3566,45
2021-06-14,Lassen,035,31185,5250,5209,116,5325,19
2021-06-14,Los Angeles,037,10098052,1208123,1204748,42027,1246775,24434
2021-06-14,Madera,039,155013,16733,16597,945,17542,240
2021-06-14,Marin,041,260295,14146,14133,267,14400,229
2021-06-14,Mariposa,043,17540,437,437,11,448,5
2021-06-14,Mendocino,045,87422,4111,4028,76,4104,49
2021-06-14,Merced,047,269075,31221,31241,999,32240,461
2021-06-14,Modoc,049,8938,401,382,144,526,3
2021-06-14,Mono,051,14174,1258,1275,15,1290,3
2021-06-14,Monterey,053,433212,43252,43110,1883,44993,415
2021-06-14,Napa,055,140530,9996,10000,38,10038,80
2021-06-14,Nevada,057,99092,4925,4885,200,5085,72
2021-06-14,Orange,059,3164182,256203,255069,11470,266539,5103
2021-06-14,Placer,061,380077,23628,23379,1538,24917,298
2021-06-14,Plumas,063,18699,712,696,11,707,4
2021-06-14,Riverside,065,2383286,294949,289476,14105,303581,4453
2021-06-14,Sacramento,067,1510023,107555,107334,1836,109170,1661
2021-06-14,San Benito,069,59416,6088,6087,116,6203,63
2021-06-14,San Bernardino,071,2135413,294069,293446,9047,302493,4790
2021-06-14,San Diego,073,3302833,282039,281314,15172,296486,3770
2021-06-14,San Francisco,075,870044,36978,37206,1320,38526,555
2021-06-14,San Joaquin,077,732212,73759,73453,3641,77094,1398
2021-06-14,San Luis Obispo,079,281455,21421,21302,757,22059,256
2021-06-14,San Mateo,081,765935,42618,42619,477,43096,543
2021-06-14,Santa Barbara,083,443738,35110,34449,1205,35654,460
2021-06-14,Santa Clara,085,1922200,119181,119957,785,120742,2085
2021-06-14,Santa Cruz,087,273765,16281,16175,818,16993,208
2021-06-14,Shasta,089,179085,12551,12561,1633,14194,201
2021-06-14,Sierra,091,2930,59,55,12,67,0
2021-06-14,Siskiyou,093,43540,1956,1886,370,2256,26
2021-06-14,Solano,095,438530,33244,33243,566,33809,266
2021-06-14,Sonoma,097,501317,30614,30679,354,31033,323
2021-06-14,Stanislaus,099,539301,56965,56689,6018,62707,975
2021-06-14,Sutter,101,95872,9627,9607,91,9698,112
2021-06-14,Tehama,103,63373,5123,5102,590,5692,63
2021-06-14,Trinity,105,12862,489,332,98,430,3
2021-06-14,Tulare,107,460477,50375,49538,9184,58722,848
2021-06-14,Tuolumne,109,53932,4106,4108,39,4147,63
2021-06-14,Ventura,111,848112,81651,81209,3021,84230,1028
2021-06-14,Yolo,113,214977,14103,14123,342,14465,212
2021-06-14,Yuba,115,75493,6152,6127,133,6260,50
2021-06-13,Alameda,001,1643700,88914,88947,1990,90937,1264
2021-06-13,Alpine,003,1148,87,88,0,88,0
2021-06-13,Amador,005,37829,3732,3721,33,3754,46
2021-06-13,Butte,007,227075,12720,12586,1855,14441,194
2021-06-13,Calaveras,009,45235,2187,2189,14,2203,55
2021-06-13,Colusa,011,21464,1963,1965,318,2283,15
2021-06-13,Contra Costa,013,1133247,70443,70040,1312,71352,810
2021-06-13,Del Norte,015,27424,1437,1412,13,1425,8
2021-06-13,El Dorado,017,186661,10376,10324,746,11070,113
2021-06-13,Fresno,019,978130,103242,102795,8792,111587,1719
2021-06-13,Glenn,021,27897,2440,2425,565,2990,19
2021-06-13,Humboldt,023,135768,4415,4401,39,4440,42
2021-06-13,Imperial,025,180216,28715,28800,2822,31622,741
2021-06-13,Inyo,027,18085,1406,1405,12,1417,35
2021-06-13,Kern,029,883053,97700,96743,11094,107837,1337
2021-06-13,Kings,031,150075,23214,23069,1100,24169,245
2021-06-13,Lake,033,64148,3568,3556,9,3565,45
2021-06-13,Lassen,035,31185,5245,5209,116,5325,19
2021-06-13,Los Angeles,037,10098052,1207862,1204614,42014,1246628,24433
2021-06-13,Madera,039,155013,16719,16590,945,17535,240
2021-06-13,Marin,041,260295,14140,14126,267,14393,229
2021-06-13,Mariposa,043,17540,437,434,11,445,5
2021-06-13,Mendocino,045,87422,4104,4026,76,4102,49
2021-06-13,Merced,047,269075,31215,31240,998,32238,461
2021-06-13,Modoc,049,8938,399,382,142,524,3
2021-06-13,Mono,051,14174,1258,1275,15,1290,3
2021-06-13,Monterey,053,433212,43244,43108,1883,44991,415
2021-06-13,Napa,055,140530,9990,9995,38,10033,80
2021-06-13,Nevada,057,99092,4920,4883,200,5083,72
2021-06-13,Orange,059,3164182,256147,255043,11468,266511,5103
2021-06-13,Placer,061,380077,23602,23365,1536,24901,295
2021-06-13,Plumas,063,18699,711,696,11,707,4
2021-06-13,Riverside,065,2383286,294882,289447,14102,303549,4453
2021-06-13,Sacramento,067,1510023,107479,107289,1833,109122,1658
2021-06-13,San Benito,069,59416,6088,6086,116,6202,63
2021-06-13,San Bernardino,071,2135413,294018,293416,9042,302458,4788
2021-06-13,San Diego,073,3302833,281960,281268,15156,296424,3770
2021-06-13,San Francisco,075,870044,36967,37197,1320,38517,555
2021-06-13,San Joaquin,077,732212,73725,73438,3639,77077,1398
2021-06-13,San Luis Obispo,079,281455,21415,21298,756,22054,256
2021-06-13,San Mateo,081,765935,42605,42611,477,43088,542
2021-06-13,Santa Barbara,083,443738,35099,34449,1204,35653,460
2021-06-13,Santa Clara,085,1922200,119157,119946,785,120731,2085
2021-06-13,Santa Cruz,087,273765,16274,16172,818,16990,208
2021-06-13,Shasta,089,179085,12542,12560,1632,14192,201
2021-06-13,Sierra,091,2930,59,55,12,67,0
2021-06-13,Siskiyou,093,43540,1955,1885,370,2255,26
2021-06-13,Solano,095,438530,33222,33234,566,33800,266
2021-06-13,Sonoma,097,501317,30579,30663,352,31015,323
2021-06-13,Stanislaus,099,539301,56938,56671,6017,62688,975
2021-06-13,Sutter,101,95872,9620,9603,91,9694,112
2021-06-13,Tehama,103,63373,5121,5100,590,5690,63
2021-06-13,Trinity,105,12862,488,332,98,430,3
2021-06-13,Tulare,107,460477,50366,49537,9179,58716,848
2021-06-13,Tuolumne,109,53932,4104,4107,38,4145,63
2021-06-13,Ventura,111,848112,81637,81201,3021,84222,1028
2021-06-13,Yolo,113,214977,14096,14120,340,14460,212
2021-06-13,Yuba,115,75493,6145,6125,133,6258,50
2021-06-12,Alameda,001,1643700,88885,88901,1990,90891,1271
2021-06-12,Alpine,003,1148,87,88,0,88,0
2021-06-12,Amador,005,37829,3731,3721,33,3754,46
2021-06-12,Butte,007,227075,12716,12576,1855,14431,194
2021-06-12,Calaveras,009,45235,2187,2189,14,2203,55
2021-06-12,Colusa,011,21464,1963,1965,318,2283,15
2021-06-12,Contra Costa,013,1133247,70412,69989,1309,71298,810
2021-06-12,Del Norte,015,27424,1437,1412,13,1425,8
2021-06-12,El Dorado,017,186661,10371,10320,745,11065,113
2021-06-12,Fresno,019,978130,103232,102783,8791,111574,1720
2021-06-12,Glenn,021,27897,2438,2425,565,2990,19
2021-06-12,Humboldt,023,135768,4407,4396,39,4435,42
2021-06-12,Imperial,025,180216,28712,28799,2822,31621,741
2021-06-12,Inyo,027,18085,1406,1405,12,1417,35
2021-06-12,Kern,029,883053,97685,96731,11090,107821,1337
2021-06-12,Kings,031,150075,23212,23067,1100,24167,245
2021-06-12,Lake,033,64148,3567,3552,9,3561,45
2021-06-12,Lassen,035,31185,5245,5208,116,5324,19
2021-06-12,Los Angeles,037,10098052,1207725,1204439,42007,1246446,24434
2021-06-12,Madera,039,155013,16715,16586,945,17531,240
2021-06-12,Marin,041,260295,14137,14121,267,14388,229
2021-06-12,Mariposa,043,17540,437,434,11,445,5
2021-06-12,Mendocino,045,87422,4101,4024,76,4100,49
2021-06-12,Merced,047,269075,31212,31236,998,32234,461
2021-06-12,Modoc,049,8938,398,382,142,524,3
2021-06-12,Mono,051,14174,1258,1275,15,1290,3
2021-06-12,Monterey,053,433212,43238,43103,1883,44986,415
2021-06-12,Napa,055,140530,9986,9986,38,10024,80
2021-06-12,Nevada,057,99092,4914,4878,200,5078,72
2021-06-12,Orange,059,3164182,256114,255004,11466,266470,5103
2021-06-12,Placer,061,380077,23583,23345,1536,24881,295
2021-06-12,Plumas,063,18699,711,696,11,707,4
2021-06-12,Riverside,065,2383286,294840,289413,14099,303512,4453
2021-06-12,Sacramento,067,1510023,107419,107199,1830,109029,1658
2021-06-12,San Benito,069,59416,6086,6083,116,6199,63
2021-06-12,San Bernardino,071,2135413,293984,293375,9040,302415,4788
2021-06-12,San Diego,073,3302833,281903,281203,15147,296350,3770
2021-06-12,San Francisco,075,870044,36957,37189,1320,38509,555
2021-06-12,San Joaquin,077,732212,73706,73413,3638,77051,1398
2021-06-12,San Luis Obispo,079,281455,21412,21293,756,22049,256
2021-06-12,San Mateo,081,765935,42600,42604,477,43081,542
2021-06-12,Santa Barbara,083,443738,35095,34450,1204,35654,460
2021-06-12,Santa Clara,085,1922200,119117,119894,785,120679,2085
2021-06-12,Santa Cruz,087,273765,16266,16170,818,16988,208
2021-06-12,Shasta,089,179085,12539,12556,1631,14187,201
2021-06-12,Sierra,091,2930,59,55,12,67,0
2021-06-12,Siskiyou,093,43540,1954,1884,370,2254,25
2021-06-12,Solano,095,438530,33213,33219,566,33785,266
2021-06-12,Sonoma,097,501317,30550,30647,352,30999,323
2021-06-12,Stanislaus,099,539301,56921,56649,6016,62665,974
2021-06-12,Sutter,101,95872,9616,9603,91,9694,112
2021-06-12,Tehama,103,63373,5121,5099,589,5688,63
2021-06-12,Trinity,105,12862,488,332,98,430,3
2021-06-12,Tulare,107,460477,50361,49533,9172,58705,848
2021-06-12,Tuolumne,109,53932,4103,4105,38,4143,63
2021-06-12,Ventura,111,848112,81625,81197,3021,84218,1028
2021-06-12,Yolo,113,214977,14093,14118,338,14456,212
2021-06-12,Yuba,115,75493,6140,6120,133,6253,50
2021-06-11,Alameda,001,1643700,88857,88844,1990,90834,1278
2021-06-11,Alpine,003,1148,87,88,0,88,0
2021-06-11,Amador,005,37829,3731,3710,33,3743,46
2021-06-11,Butte,007,227075,12712,12576,1853,14429,194
2021-06-11,Calaveras,009,45235,2187,2188,14,2202,55
2021-06-11,Colusa,011,21464,1962,1964,318,2282,15
2021-06-11,Contra Costa,013,1133247,70379,69940,1307,71247,808
2021-06-11,Del Norte,015,27424,1437,1409,13,1422,8
2021-06-11,El Dorado,017,186661,10368,10316,745,11061,113
2021-06-11,Fresno,019,978130,103214,102770,8790,111560,1720
2021-06-11,Glenn,021,27897,2438,2425,565,2990,19
2021-06-11,Humboldt,023,135768,4403,4389,39,4428,42
2021-06-11,Imperial,025,180216,28707,28793,2822,31615,741
2021-06-11,Inyo,027,18085,1406,1405,12,1417,35
2021-06-11,Kern,029,883053,97673,96718,11086,107804,1340
2021-06-11,Kings,031,150075,23208,23069,1099,24168,245
2021-06-11,Lake,033,64148,3566,3550,9,3559,45
2021-06-11,Lassen,035,31185,5244,5204,116,5320,18
2021-06-11,Los Angeles,037,10098052,1207579,1204259,41993,1246252,24434
2021-06-11,Madera,039,155013,16712,16582,945,17527,240
2021-06-11,Marin,041,260295,14134,14116,267,14383,229
2021-06-11,Mariposa,043,17540,437,434,11,445,5
2021-06-11,Mendocino,045,87422,4098,4022,76,4098,49
2021-06-11,Merced,047,269075,31207,31231,998,32229,461
2021-06-11,Modoc,049,8938,398,382,141,523,3
2021-06-11,Mono,051,14174,1258,1274,15,1289,3
2021-06-11,Monterey,053,433212,43234,43097,1883,44980,415
2021-06-11,Napa,055,140530,9983,9977,38,10015,80
2021-06-11,Nevada,057,99092,4912,4873,200,5073,72
2021-06-11,Orange,059,3164182,256080,254975,11463,266438,5101
2021-06-11,Placer,061,380077,23578,23330,1536,24866,294
2021-06-11,Plumas,063,18699,711,696,11,707,4
2021-06-11,Riverside,065,2383286,294802,289376,14094,303470,4451
2021-06-11,Sacramento,067,1510023,107359,107119,1829,108948,1659
2021-06-11,San Benito,069,59416,6085,6082,116,6198,63
2021-06-11,San Bernardino,071,2135413,293948,293335,9036,302371,4788
2021-06-11,San Diego,073,3302833,281863,281144,15140,296284,3768
2021-06-11,San Francisco,075,870044,36952,37177,1320,38497,555
2021-06-11,San Joaquin,077,732212,73689,73347,3635,76982,1397
2021-06-11,San Luis Obispo,079,281455,21411,21288,756,22044,256
2021-06-11,San Mateo,081,765935,42586,42585,477,43062,542
2021-06-11,Santa Barbara,083,443738,35092,34438,1204,35642,460
2021-06-11,Santa Clara,085,1922200,119097,119860,785,120645,2083
2021-06-11,Santa Cruz,087,273765,16258,16164,818,16982,208
2021-06-11,Shasta,089,179085,12531,12550,1629,14179,201
2021-06-11,Sierra,091,2930,59,55,12,67,0
2021-06-11,Siskiyou,093,43540,1953,1882,370,2252,25
2021-06-11,Solano,095,438530,33193,33179,565,33744,266
2021-06-11,Sonoma,097,501317,30532,30624,352,30976,323
2021-06-11,Stanislaus,099,539301,56895,56617,6012,62629,974
2021-06-11,Sutter,101,95872,9613,9600,90,9690,112
2021-06-11,Tehama,103,63373,5120,5099,589,5688,63
2021-06-11,Trinity,105,12862,488,331,98,429,3
2021-06-11,Tulare,107,460477,50355,49516,9171,58687,848
2021-06-11,Tuolumne,109,53932,4100,4104,38,4142,63
2021-06-11,Ventura,111,848112,81615,81189,3021,84210,1026
2021-06-11,Yolo,113,214977,14086,14111,334,14445,212
2021-06-11,Yuba,115,75493,6136,6113,133,6246,50
2021-06-10,Alameda,001,1643700,88811,88806,1989,90795,1275
2021-06-10,Alpine,003,1148,87,88,0,88,0
2021-06-10,Amador,005,37829,3727,3709,33,3742,46
2021-06-10,Butte,007,227075,12695,12565,1853,14418,194
2021-06-10,Calaveras,009,45235,2186,2188,14,2202,55
2021-06-10,Colusa,011,21464,1960,1964,318,2282,15
2021-06-10,Contra Costa,013,1133247,70325,69876,1307,71183,807
2021-06-10,Del Norte,015,27424,1437,1405,13,1418,8
2021-06-10,El Dorado,017,186661,10361,10314,741,11055,113
2021-06-10,Fresno,019,978130,103189,102724,8789,111513,1717
2021-06-10,Glenn,021,27897,2438,2425,565,2990,19
2021-06-10,Humboldt,023,135768,4395,4384,39,4423,42
2021-06-10,Imperial,025,180216,28701,28779,2822,31601,739
2021-06-10,Inyo,027,18085,1406,1405,12,1417,35
2021-06-10,Kern,029,883053,97659,96706,11081,107787,1336
2021-06-10,Kings,031,150075,23207,23067,1099,24166,245
2021-06-10,Lake,033,64148,3561,3550,9,3559,45
2021-06-10,Lassen,035,31185,5242,5201,116,5317,18
2021-06-10,Los Angeles,037,10098052,1207416,1204110,41976,1246086,24440
2021-06-10,Madera,039,155013,16705,16581,944,17525,240
2021-06-10,Marin,041,260295,14131,14118,267,14385,229
2021-06-10,Mariposa,043,17540,435,434,11,445,5
2021-06-10,Mendocino,045,87422,4093,4016,76,4092,48
2021-06-10,Merced,047,269075,31199,31231,995,32226,461
2021-06-10,Modoc,049,8938,397,381,141,522,3
2021-06-10,Mono,051,14174,1257,1274,15,1289,3
2021-06-10,Monterey,053,433212,43228,43090,1883,44973,415
2021-06-10,Napa,055,140530,9982,9974,38,10012,80
2021-06-10,Nevada,057,99092,4907,4866,200,5066,72
2021-06-10,Orange,059,3164182,256050,254950,11456,266406,5097
2021-06-10,Placer,061,380077,23565,23296,1536,24832,293
2021-06-10,Plumas,063,18699,711,696,11,707,4
2021-06-10,Riverside,065,2383286,294760,289335,14089,303424,4450
2021-06-10,Sacramento,067,1510023,107297,107049,1829,108878,1658
2021-06-10,San Benito,069,59416,6085,6079,116,6195,63
2021-06-10,San Bernardino,071,2135413,293907,293281,9033,302314,4782
2021-06-10,San Diego,073,3302833,281805,281052,15123,296175,3766
2021-06-10,San Francisco,075,870044,36942,37159,1318,38477,552
2021-06-10,San Joaquin,077,732212,73655,73276,3634,76910,1393
2021-06-10,San Luis Obispo,079,281455,21408,21280,756,22036,256
2021-06-10,San Mateo,081,765935,42579,42562,477,43039,666
2021-06-10,Santa Barbara,083,443738,35088,34434,1204,35638,460
2021-06-10,Santa Clara,085,1922200,119062,119832,784,120616,2075
2021-06-10,Santa Cruz,087,273765,16257,16159,818,16977,208
2021-06-10,Shasta,089,179085,12521,12536,1628,14164,201
2021-06-10,Sierra,091,2930,58,55,12,67,0
2021-06-10,Siskiyou,093,43540,1953,1881,370,2251,25
2021-06-10,Solano,095,438530,33176,33150,564,33714,265
2021-06-10,Sonoma,097,501317,30497,30571,350,30921,323
2021-06-10,Stanislaus,099,539301,56874,56588,6008,62596,974
2021-06-10,Sutter,101,95872,9606,9594,90,9684,112
2021-06-10,Tehama,103,63373,5120,5096,589,5685,63
2021-06-10,Trinity,105,12862,488,331,98,429,3
2021-06-10,Tulare,107,460477,50347,49503,9171,58674,848
2021-06-10,Tuolumne,109,53932,4100,4100,38,4138,63
2021-06-10,Ventura,111,848112,81604,81172,3020,84192,1026
2021-06-10,Yolo,113,214977,14083,14107,334,14441,212
2021-06-10,Yuba,115,75493,6132,6112,133,6245,50
2021-06-09,Alameda,001,1643700,88765,88762,1987,90749,1271
2021-06-09,Alpine,003,1148,87,88,0,88,0
2021-06-09,Amador,005,37829,3723,3706,33,3739,46
2021-06-09,Butte,007,227075,12689,12555,1851,14406,194
2021-06-09,Calaveras,009,45235,2184,2184,14,2198,55
2021-06-09,Colusa,011,21464,1960,1962,317,2279,15
2021-06-09,Contra Costa,013,1133247,70288,69829,1306,71135,803
2021-06-09,Del Norte,015,27424,1433,1403,13,1416,8
2021-06-09,El Dorado,017,186661,10358,10312,740,11052,113
2021-06-09,Fresno,019,978130,103169,102690,8785,111475,1717
2021-06-09,Glenn,021,27897,2437,2424,565,2989,19
2021-06-09,Humboldt,023,135768,4390,4379,38,4417,42
2021-06-09,Imperial,025,180216,28698,28754,2822,31576,739
2021-06-09,Inyo,027,18085,1406,1405,12,1417,35
2021-06-09,Kern,029,883053,97645,96697,11072,107769,1328
2021-06-09,Kings,031,150075,23205,23061,1099,24160,245
2021-06-09,Lake,033,64148,3558,3541,9,3550,45
2021-06-09,Lassen,035,31185,5241,5200,116,5316,18
2021-06-09,Los Angeles,037,10098052,1207232,1203955,41965,1245920,24432
2021-06-09,Madera,039,155013,16700,16580,944,17524,240
2021-06-09,Marin,041,260295,14126,14114,267,14381,229
2021-06-09,Mariposa,043,17540,435,434,11,445,5
2021-06-09,Mendocino,045,87422,4087,4008,76,4084,47
2021-06-09,Merced,047,269075,31195,31225,995,32220,461
2021-06-09,Modoc,049,8938,395,377,140,517,3
2021-06-09,Mono,051,14174,1257,1274,15,1289,3
2021-06-09,Monterey,053,433212,43221,43082,1883,44965,415
2021-06-09,Napa,055,140530,9976,9971,38,10009,80
2021-06-09,Nevada,057,99092,4897,4863,199,5062,72
2021-06-09,Orange,059,3164182,256005,254893,11452,266345,5080
2021-06-09,Placer,061,380077,23546,23237,1536,24773,293
2021-06-09,Plumas,063,18699,710,697,11,708,4
2021-06-09,Riverside,065,2383286,294714,289299,14087,303386,4450
2021-06-09,Sacramento,067,1510023,107235,106971,1826,108797,1657
2021-06-09,San Benito,069,59416,6082,6078,116,6194,63
2021-06-09,San Bernardino,071,2135413,293865,293222,9033,302255,4782
2021-06-09,San Diego,073,3302833,281740,280941,15111,296052,3765
2021-06-09,San Francisco,075,870044,36929,37143,1317,38460,552
2021-06-09,San Joaquin,077,732212,73629,73232,3633,76865,1392
2021-06-09,San Luis Obispo,079,281455,21407,21259,756,22015,256
2021-06-09,San Mateo,081,765935,42563,42502,476,42978,666
2021-06-09,Santa Barbara,083,443738,35077,34422,1204,35626,460
2021-06-09,Santa Clara,085,1922200,119024,119793,783,120576,2068
2021-06-09,Santa Cruz,087,273765,16254,16155,818,16973,208
2021-06-09,Shasta,089,179085,12511,12521,1626,14147,201
2021-06-09,Sierra,091,2930,57,55,12,67,0
2021-06-09,Siskiyou,093,43540,1952,1871,370,2241,25
2021-06-09,Solano,095,438530,33160,33137,563,33700,264
2021-06-09,Sonoma,097,501317,30475,30540,350,30890,323
2021-06-09,Stanislaus,099,539301,56854,56560,6005,62565,974
2021-06-09,Sutter,101,95872,9597,9586,89,9675,111
2021-06-09,Tehama,103,63373,5119,5093,589,5682,63
2021-06-09,Trinity,105,12862,487,331,98,429,3
2021-06-09,Tulare,107,460477,50343,49496,9169,58665,847
2021-06-09,Tuolumne,109,53932,4097,4100,38,4138,63
2021-06-09,Ventura,111,848112,81594,81154,3019,84173,1026
2021-06-09,Yolo,113,214977,14081,14102,333,14435,212
2021-06-09,Yuba,115,75493,6128,6109,133,6242,50
2021-06-08,Alameda,001,1643700,88717,88731,1987,90718,1267
2021-06-08,Alpine,003,1148,87,88,0,88,0
2021-06-08,Amador,005,37829,3722,3704,33,3737,46
2021-06-08,Butte,007,227075,12683,12540,1849,14389,194
2021-06-08,Calaveras,009,45235,2183,2181,14,2195,55
2021-06-08,Colusa,011,21464,1960,1961,317,2278,15
2021-06-08,Contra Costa,013,1133247,70240,69762,1305,71067,803
2021-06-08,Del Norte,015,27424,1431,1402,13,1415,8
2021-06-08,El Dorado,017,186661,10353,10306,738,11044,113
2021-06-08,Fresno,019,978130,103144,102680,8783,111463,1717
2021-06-08,Glenn,021,27897,2436,2423,565,2988,19
2021-06-08,Humboldt,023,135768,4385,4363,38,4401,42
2021-06-08,Imperial,025,180216,28689,28752,2822,31574,738
2021-06-08,Inyo,027,18085,1406,1405,12,1417,35
2021-06-08,Kern,029,883053,97626,96671,11065,107736,1325
2021-06-08,Kings,031,150075,23204,23036,1099,24135,245
2021-06-08,Lake,033,64148,3557,3540,9,3549,45
2021-06-08,Lassen,035,31185,5241,5200,116,5316,18
2021-06-08,Los Angeles,037,10098052,1207038,1203794,41954,1245748,24426
2021-06-08,Madera,039,155013,16694,16579,943,17522,240
2021-06-08,Marin,041,260295,14124,14111,266,14377,229
2021-06-08,Mariposa,043,17540,435,434,11,445,5
2021-06-08,Mendocino,045,87422,4080,4002,76,4078,47
2021-06-08,Merced,047,269075,31187,31225,995,32220,461
2021-06-08,Modoc,049,8938,389,377,139,516,3
2021-06-08,Mono,051,14174,1257,1274,15,1289,3
2021-06-08,Monterey,053,433212,43215,43078,1882,44960,415
2021-06-08,Napa,055,140530,9972,9962,38,10000,80
2021-06-08,Nevada,057,99092,4892,4861,199,5060,72
2021-06-08,Orange,059,3164182,255963,254852,11445,266297,5078
2021-06-08,Placer,061,380077,23528,23209,1532,24741,293
2021-06-08,Plumas,063,18699,710,692,11,703,4
2021-06-08,Riverside,065,2383286,294678,289268,14079,303347,4452
2021-06-08,Sacramento,067,1510023,107173,106901,1823,108724,1654
2021-06-08,San Benito,069,59416,6080,6076,116,6192,63
2021-06-08,San Bernardino,071,2135413,293816,293186,9029,302215,4778
2021-06-08,San Diego,073,3302833,281678,280879,15102,295981,3764
2021-06-08,San Francisco,075,870044,36914,37134,1316,38450,552
2021-06-08,San Joaquin,077,732212,73585,73186,3628,76814,1390
2021-06-08,San Luis Obispo,079,281455,21401,21251,755,22006,255
2021-06-08,San Mateo,081,765935,42550,42488,476,42964,663
2021-06-08,Santa Barbara,083,443738,35072,34418,1204,35622,459
2021-06-08,Santa Clara,085,1922200,119003,119770,782,120552,2068
2021-06-08,Santa Cruz,087,273765,16251,16160,818,16978,208
2021-06-08,Shasta,089,179085,12496,12498,1626,14124,201
2021-06-08,Sierra,091,2930,57,55,12,67,0
2021-06-08,Siskiyou,093,43540,1950,1870,368,2238,21
2021-06-08,Solano,095,438530,33139,33130,563,33693,259
2021-06-08,Sonoma,097,501317,30448,30523,348,30871,323
2021-06-08,Stanislaus,099,539301,56827,56548,6003,62551,973
2021-06-08,Sutter,101,95872,9594,9581,89,9670,111
2021-06-08,Tehama,103,63373,5116,5093,589,5682,63
2021-06-08,Trinity,105,12862,487,330,97,427,3
2021-06-08,Tulare,107,460477,50331,49485,9164,58649,847
2021-06-08,Tuolumne,109,53932,4094,4099,38,4137,63
2021-06-08,Ventura,111,848112,81578,81142,3018,84160,1026
2021-06-08,Yolo,113,214977,14076,14099,332,14431,212
2021-06-08,Yuba,115,75493,6126,6103,133,6236,50
2021-06-07,Alameda,001,1643700,88659,88688,1987,90675,1267
2021-06-07,Alpine,003,1148,87,88,0,88,0
2021-06-07,Amador,005,37829,3712,3697,33,3730,46
2021-06-07,Butte,007,227075,12676,12533,1848,14381,194
2021-06-07,Calaveras,009,45235,2182,2181,14,2195,55
2021-06-07,Colusa,011,21464,1959,1960,317,2277,15
2021-06-07,Contra Costa,013,1133247,70183,69718,1304,71022,817
2021-06-07,Del Norte,015,27424,1431,1401,13,1414,8
2021-06-07,El Dorado,017,186661,10348,10305,738,11043,113
2021-06-07,Fresno,019,978130,103114,102659,8775,111434,1717
2021-06-07,Glenn,021,27897,2436,2423,565,2988,19
2021-06-07,Humboldt,023,135768,4377,4354,38,4392,42
2021-06-07,Imperial,025,180216,28687,28754,2822,31576,738
2021-06-07,Inyo,027,18085,1406,1404,12,1416,35
2021-06-07,Kern,029,883053,97610,96645,11058,107703,1324
2021-06-07,Kings,031,150075,23200,23023,1099,24122,244
2021-06-07,Lake,033,64148,3555,3540,9,3549,45
2021-06-07,Lassen,035,31185,5236,5198,116,5314,18
2021-06-07,Los Angeles,037,10098052,1206816,1203664,41940,1245604,24413
2021-06-07,Madera,039,155013,16687,16572,943,17515,240
2021-06-07,Marin,041,260295,14120,14108,265,14373,229
2021-06-07,Mariposa,043,17540,435,434,11,445,5
2021-06-07,Mendocino,045,87422,4074,3998,76,4074,47
2021-06-07,Merced,047,269075,31175,31212,994,32206,459
2021-06-07,Modoc,049,8938,388,375,136,511,3
2021-06-07,Mono,051,14174,1257,1275,15,1290,3
2021-06-07,Monterey,053,433212,43208,43077,1882,44959,415
2021-06-07,Napa,055,140530,9964,9962,38,10000,80
2021-06-07,Nevada,057,99092,4890,4860,199,5059,72
2021-06-07,Orange,059,3164182,255923,254808,11438,266246,5073
2021-06-07,Placer,061,380077,23509,23176,1530,24706,293
2021-06-07,Plumas,063,18699,710,692,11,703,4
2021-06-07,Riverside,065,2383286,294635,289232,14075,303307,4451
2021-06-07,Sacramento,067,1510023,107097,106841,1820,108661,1655
2021-06-07,San Benito,069,59416,6079,6074,116,6190,63
2021-06-07,San Bernardino,071,2135413,293778,293129,9028,302157,4775
2021-06-07,San Diego,073,3302833,281596,280808,15089,295897,3764
2021-06-07,San Francisco,075,870044,36898,37122,1316,38438,552
2021-06-07,San Joaquin,077,732212,73540,73130,3621,76751,1388
2021-06-07,San Luis Obispo,079,281455,21388,21252,755,22007,255
2021-06-07,San Mateo,081,765935,42534,42479,476,42955,664
2021-06-07,Santa Barbara,083,443738,35066,34407,1204,35611,459
2021-06-07,Santa Clara,085,1922200,118971,119743,782,120525,2066
2021-06-07,Santa Cruz,087,273765,16249,16159,818,16977,208
2021-06-07,Shasta,089,179085,12482,12483,1621,14104,200
2021-06-07,Sierra,091,2930,57,55,12,67,0
2021-06-07,Siskiyou,093,43540,1950,1869,368,2237,21
2021-06-07,Solano,095,438530,33117,33124,562,33686,258
2021-06-07,Sonoma,097,501317,30412,30504,347,30851,323
2021-06-07,Stanislaus,099,539301,56793,56521,6001,62522,972
2021-06-07,Sutter,101,95872,9590,9571,89,9660,111
2021-06-07,Tehama,103,63373,5112,5092,589,5681,63
2021-06-07,Trinity,105,12862,487,329,97,426,3
2021-06-07,Tulare,107,460477,50325,49471,9164,58635,847
2021-06-07,Tuolumne,109,53932,4093,4098,38,4136,63
2021-06-07,Ventura,111,848112,81561,81137,3017,84154,1025
2021-06-07,Yolo,113,214977,14071,14097,331,14428,211
2021-06-07,Yuba,115,75493,6124,6099,130,6229,49
2021-06-06,Alameda,001,1643700,88620,88636,1986,90622,1267
2021-06-06,Alpine,003,1148,87,88,0,88,0
2021-06-06,Amador,005,37829,3709,3696,33,3729,46
2021-06-06,Butte,007,227075,12665,12527,1847,14374,194
2021-06-06,Calaveras,009,45235,2181,2181,14,2195,55
2021-06-06,Colusa,011,21464,1957,1959,317,2276,15
2021-06-06,Contra Costa,013,1133247,70118,69659,1302,70961,817
2021-06-06,Del Norte,015,27424,1425,1401,13,1414,8
2021-06-06,El Dorado,017,186661,10341,10294,738,11032,113
2021-06-06,Fresno,019,978130,103081,102642,8772,111414,1717
2021-06-06,Glenn,021,27897,2435,2423,565,2988,19
2021-06-06,Humboldt,023,135768,4366,4353,38,4391,42
2021-06-06,Imperial,025,180216,28681,28762,2822,31584,738
2021-06-06,Inyo,027,18085,1405,1404,12,1416,35
2021-06-06,Kern,029,883053,97592,96623,11051,107674,1324
2021-06-06,Kings,031,150075,23194,23021,1099,24120,244
2021-06-06,Lake,033,64148,3555,3535,9,3544,45
2021-06-06,Lassen,035,31185,5234,5191,116,5307,18
2021-06-06,Los Angeles,037,10098052,1206617,1203539,41928,1245467,24410
2021-06-06,Madera,039,155013,16680,16567,943,17510,240
2021-06-06,Marin,041,260295,14114,14106,264,14370,229
2021-06-06,Mariposa,043,17540,434,435,11,446,5
2021-06-06,Mendocino,045,87422,4070,3993,76,4069,47
2021-06-06,Merced,047,269075,31169,31215,993,32208,459
2021-06-06,Modoc,049,8938,388,375,135,510,3
2021-06-06,Mono,051,14174,1257,1275,15,1290,3
2021-06-06,Monterey,053,433212,43203,43078,1882,44960,415
2021-06-06,Napa,055,140530,9958,9963,38,10001,80
2021-06-06,Nevada,057,99092,4883,4854,198,5052,72
2021-06-06,Orange,059,3164182,255887,254782,11433,266215,5073
2021-06-06,Placer,061,380077,23484,23156,1527,24683,293
2021-06-06,Plumas,063,18699,710,692,11,703,4
2021-06-06,Riverside,065,2383286,294594,289201,14069,303270,4451
2021-06-06,Sacramento,067,1510023,107011,106749,1819,108568,1655
2021-06-06,San Benito,069,59416,6073,6074,116,6190,63
2021-06-06,San Bernardino,071,2135413,293722,293117,9019,302136,4773
2021-06-06,San Diego,073,3302833,281516,280743,15072,295815,3764
2021-06-06,San Francisco,075,870044,36886,37118,1315,38433,552
2021-06-06,San Joaquin,077,732212,73508,73105,3617,76722,1388
2021-06-06,San Luis Obispo,079,281455,21385,21246,755,22001,255
2021-06-06,San Mateo,081,765935,42517,42457,476,42933,664
2021-06-06,Santa Barbara,083,443738,35062,34403,1203,35606,459
2021-06-06,Santa Clara,085,1922200,118949,119711,782,120493,2066
2021-06-06,Santa Cruz,087,273765,16248,16158,818,16976,208
2021-06-06,Shasta,089,179085,12467,12478,1617,14095,200
2021-06-06,Sierra,091,2930,57,55,12,67,0
2021-06-06,Siskiyou,093,43540,1947,1869,368,2237,21
2021-06-06,Solano,095,438530,33090,33093,562,33655,258
2021-06-06,Sonoma,097,501317,30381,30478,346,30824,323
2021-06-06,Stanislaus,099,539301,56751,56486,5998,62484,972
2021-06-06,Sutter,101,95872,9583,9567,89,9656,111
2021-06-06,Tehama,103,63373,5108,5092,588,5680,63
2021-06-06,Trinity,105,12862,487,328,97,425,3
2021-06-06,Tulare,107,460477,50317,49466,9159,58625,847
2021-06-06,Tuolumne,109,53932,4091,4097,38,4135,63
2021-06-06,Ventura,111,848112,81550,81130,3014,84144,1025
2021-06-06,Yolo,113,214977,14063,14089,330,14419,210
2021-06-06,Yuba,115,75493,6116,6096,130,6226,49
2021-06-05,Alameda,001,1643700,88589,88612,1985,90597,1268
2021-06-05,Alpine,003,1148,87,88,0,88,0
2021-06-05,Amador,005,37829,3709,3694,33,3727,46
2021-06-05,Butte,007,227075,12659,12514,1846,14360,194
2021-06-05,Calaveras,009,45235,2181,2181,14,2195,55
2021-06-05,Colusa,011,21464,1957,1959,317,2276,15
2021-06-05,Contra Costa,013,1133247,70089,69601,1302,70903,817
2021-06-05,Del Norte,015,27424,1425,1400,13,1413,8
2021-06-05,El Dorado,017,186661,10339,10288,737,11025,113
2021-06-05,Fresno,019,978130,103072,102626,8772,111398,1717
2021-06-05,Glenn,021,27897,2434,2423,565,2988,19
2021-06-05,Humboldt,023,135768,4361,4346,38,4384,42
2021-06-05,Imperial,025,180216,28678,28764,2821,31585,738
2021-06-05,Inyo,027,18085,1405,1405,12,1417,35
2021-06-05,Kern,029,883053,97579,96597,11047,107644,1324
2021-06-05,Kings,031,150075,23191,23017,1099,24116,244
2021-06-05,Lake,033,64148,3552,3534,9,3543,45
2021-06-05,Lassen,035,31185,5233,5191,116,5307,18
2021-06-05,Los Angeles,037,10098052,1206490,1203338,41919,1245257,24411
2021-06-05,Madera,039,155013,16676,16563,943,17506,240
2021-06-05,Marin,041,260295,14112,14101,264,14365,229
2021-06-05,Mariposa,043,17540,434,435,11,446,5
2021-06-05,Mendocino,045,87422,4067,3989,76,4065,47
2021-06-05,Merced,047,269075,31167,31212,992,32204,459
2021-06-05,Modoc,049,8938,388,375,134,509,3
2021-06-05,Mono,051,14174,1257,1274,15,1289,3
2021-06-05,Monterey,053,433212,43199,43071,1881,44952,415
2021-06-05,Napa,055,140530,9953,9960,38,9998,80
2021-06-05,Nevada,057,99092,4881,4849,198,5047,72
2021-06-05,Orange,059,3164182,255863,254752,11430,266182,5069
2021-06-05,Placer,061,380077,23468,23133,1527,24660,293
2021-06-05,Plumas,063,18699,710,692,11,703,4
2021-06-05,Riverside,065,2383286,294559,289157,14065,303222,4451
2021-06-05,Sacramento,067,1510023,106959,106688,1816,108504,1655
2021-06-05,San Benito,069,59416,6071,6074,116,6190,63
2021-06-05,San Bernardino,071,2135413,293689,293081,9017,302098,4772
2021-06-05,San Diego,073,3302833,281475,280676,15059,295735,3764
2021-06-05,San Francisco,075,870044,36877,37111,1315,38426,552
2021-06-05,San Joaquin,077,732212,73492,73078,3611,76689,1388
2021-06-05,San Luis Obispo,079,281455,21382,21236,755,21991,255
2021-06-05,San Mateo,081,765935,42507,42433,476,42909,664
2021-06-05,Santa Barbara,083,443738,35059,34399,1202,35601,459
2021-06-05,Santa Clara,085,1922200,118927,119676,780,120456,2066
2021-06-05,Santa Cruz,087,273765,16248,16154,818,16972,208
2021-06-05,Shasta,089,179085,12458,12472,1616,14088,200
2021-06-05,Sierra,091,2930,57,55,12,67,0
2021-06-05,Siskiyou,093,43540,1947,1867,368,2235,21
2021-06-05,Solano,095,438530,33075,33074,562,33636,257
2021-06-05,Sonoma,097,501317,30354,30450,344,30794,323
2021-06-05,Stanislaus,099,539301,56730,56463,5996,62459,973
2021-06-05,Sutter,101,95872,9580,9559,89,9648,111
2021-06-05,Tehama,103,63373,5107,5092,587,5679,63
2021-06-05,Trinity,105,12862,487,328,97,425,3
2021-06-05,Tulare,107,460477,50311,49463,9159,58622,847
2021-06-05,Tuolumne,109,53932,4089,4098,38,4136,63
2021-06-05,Ventura,111,848112,81541,81119,3012,84131,1025
2021-06-05,Yolo,113,214977,14061,14088,330,14418,210
2021-06-05,Yuba,115,75493,6115,6087,130,6217,49
2021-06-04,Alameda,001,1643700,88562,88585,1983,90568,1263
2021-06-04,Alpine,003,1148,87,88,0,88,0
2021-06-04,Amador,005,37829,3709,3690,33,3723,46
2021-06-04,Butte,007,227075,12648,12494,1843,14337,193
2021-06-04,Calaveras,009,45235,2181,2179,14,2193,55
2021-06-04,Colusa,011,21464,1957,1959,317,2276,15
2021-06-04,Contra Costa,013,1133247,70054,69540,1299,70839,816
2021-06-04,Del Norte,015,27424,1425,1398,13,1411,8
2021-06-04,El Dorado,017,186661,10335,10284,735,11019,112
2021-06-04,Fresno,019,978130,103056,102601,8772,111373,1712
2021-06-04,Glenn,021,27897,2434,2423,564,2987,19
2021-06-04,Humboldt,023,135768,4356,4327,38,4365,42
2021-06-04,Imperial,025,180216,28674,28753,2821,31574,738
2021-06-04,Inyo,027,18085,1405,1404,12,1416,35
2021-06-04,Kern,029,883053,97561,96573,11045,107618,1327
2021-06-04,Kings,031,150075,23190,23002,1099,24101,244
2021-06-04,Lake,033,64148,3550,3528,9,3537,45
2021-06-04,Lassen,035,31185,5233,5180,116,5296,18
2021-06-04,Los Angeles,037,10098052,1206368,1203106,41910,1245016,24400
2021-06-04,Madera,039,155013,16674,16557,943,17500,240
2021-06-04,Marin,041,260295,14111,14099,263,14362,229
2021-06-04,Mariposa,043,17540,434,435,11,446,5
2021-06-04,Mendocino,045,87422,4058,3983,76,4059,47
2021-06-04,Merced,047,269075,31162,31204,991,32195,459
2021-06-04,Modoc,049,8938,386,375,134,509,3
2021-06-04,Mono,051,14174,1257,1275,15,1290,3
2021-06-04,Monterey,053,433212,43195,43068,1881,44949,415
2021-06-04,Napa,055,140530,9949,9958,38,9996,80
2021-06-04,Nevada,057,99092,4877,4844,198,5042,72
2021-06-04,Orange,059,3164182,255826,254730,11427,266157,5059
2021-06-04,Placer,061,380077,23452,23110,1526,24636,293
2021-06-04,Plumas,063,18699,710,691,11,702,4
2021-06-04,Riverside,065,2383286,294533,289098,14061,303159,4452
2021-06-04,Sacramento,067,1510023,106905,106616,1815,108431,1654
2021-06-04,San Benito,069,59416,6069,6073,116,6189,63
2021-06-04,San Bernardino,071,2135413,293666,293056,9015,302071,4768
2021-06-04,San Diego,073,3302833,281432,280556,15052,295608,3763
2021-06-04,San Francisco,075,870044,36872,37079,1314,38393,551
2021-06-04,San Joaquin,077,732212,73473,73039,3609,76648,1388
2021-06-04,San Luis Obispo,079,281455,21379,21234,754,21988,255
2021-06-04,San Mateo,081,765935,42495,42413,476,42889,478
2021-06-04,Santa Barbara,083,443738,35053,34402,1201,35603,459
2021-06-04,Santa Clara,085,1922200,118897,119619,780,120399,2065
2021-06-04,Santa Cruz,087,273765,16246,16150,818,16968,207
2021-06-04,Shasta,089,179085,12452,12458,1611,14069,200
2021-06-04,Sierra,091,2930,57,55,12,67,0
2021-06-04,Siskiyou,093,43540,1946,1865,368,2233,21
2021-06-04,Solano,095,438530,33064,33058,562,33620,256
2021-06-04,Sonoma,097,501317,30333,30411,344,30755,323
2021-06-04,Stanislaus,099,539301,56707,56442,5993,62435,973
2021-06-04,Sutter,101,95872,9575,9554,89,9643,111
2021-06-04,Tehama,103,63373,5102,5090,587,5677,63
2021-06-04,Trinity,105,12862,487,328,97,425,3
2021-06-04,Tulare,107,460477,50302,49452,9157,58609,847
2021-06-04,Tuolumne,109,53932,4088,4095,38,4133,63
2021-06-04,Ventura,111,848112,81534,81104,3010,84114,1023
2021-06-04,Yolo,113,214977,14059,14083,330,14413,210
2021-06-04,Yuba,115,75493,6112,6084,130,6214,49
2021-06-03,Alameda,001,1643700,88524,88555,1980,90535,1257
2021-06-03,Alpine,003,1148,87,88,0,88,0
2021-06-03,Amador,005,37829,3701,3688,33,3721,46
2021-06-03,Butte,007,227075,12644,12478,1842,14320,193
2021-06-03,Calaveras,009,45235,2181,2179,14,2193,55
2021-06-03,Colusa,011,21464,1957,1957,317,2274,15
2021-06-03,Contra Costa,013,1133247,70000,69500,1294,70794,816
2021-06-03,Del Norte,015,27424,1423,1397,13,1410,8
2021-06-03,El Dorado,017,186661,10329,10284,732,11016,112
2021-06-03,Fresno,019,978130,103039,102566,8772,111338,1709
2021-06-03,Glenn,021,27897,2434,2421,564,2985,19
2021-06-03,Humboldt,023,135768,4348,4314,38,4352,42
2021-06-03,Imperial,025,180216,28662,28737,2821,31558,738
2021-06-03,Inyo,027,18085,1405,1404,12,1416,35
2021-06-03,Kern,029,883053,97534,96507,11031,107538,1326
2021-06-03,Kings,031,150075,23186,22982,1099,24081,244
2021-06-03,Lake,033,64148,3548,3526,9,3535,45
2021-06-03,Lassen,035,31185,5224,5177,116,5293,12
2021-06-03,Los Angeles,037,10098052,1206194,1202923,41902,1244825,24386
2021-06-03,Madera,039,155013,16667,16554,943,17497,240
2021-06-03,Marin,041,260295,14106,14095,263,14358,230
2021-06-03,Mariposa,043,17540,434,435,11,446,5
2021-06-03,Mendocino,045,87422,4051,3978,76,4054,47
2021-06-03,Merced,047,269075,31159,31199,991,32190,459
2021-06-03,Modoc,049,8938,385,376,133,509,3
2021-06-03,Mono,051,14174,1257,1275,15,1290,3
2021-06-03,Monterey,053,433212,43192,43063,1881,44944,415
2021-06-03,Napa,055,140530,9942,9957,38,9995,81
2021-06-03,Nevada,057,99092,4873,4837,198,5035,72
2021-06-03,Orange,059,3164182,255798,254676,11417,266093,5056
2021-06-03,Placer,061,380077,23443,23100,1525,24625,293
2021-06-03,Plumas,063,18699,710,691,11,702,4
2021-06-03,Riverside,065,2383286,294478,289035,14057,303092,4447
2021-06-03,Sacramento,067,1510023,106827,106526,1813,108339,1654
2021-06-03,San Benito,069,59416,6069,6073,116,6189,63
2021-06-03,San Bernardino,071,2135413,293634,293021,9015,302036,4762
2021-06-03,San Diego,073,3302833,281369,280430,15042,295472,3761
2021-06-03,San Francisco,075,870044,36866,37072,1314,38386,551
2021-06-03,San Joaquin,077,732212,73445,72989,3605,76594,1388
2021-06-03,San Luis Obispo,079,281455,21374,21224,754,21978,255
2021-06-03,San Mateo,081,765935,42482,42396,476,42872,467
2021-06-03,Santa Barbara,083,443738,35050,34391,1201,35592,459
2021-06-03,Santa Clara,085,1922200,118875,119592,778,120370,2058
2021-06-03,Santa Cruz,087,273765,16244,16144,818,16962,207
2021-06-03,Shasta,089,179085,12437,12441,1608,14049,199
2021-06-03,Sierra,091,2930,57,55,12,67,0
2021-06-03,Siskiyou,093,43540,1946,1862,367,2229,21
2021-06-03,Solano,095,438530,33050,33019,562,33581,256
2021-06-03,Sonoma,097,501317,30311,30383,343,30726,322
2021-06-03,Stanislaus,099,539301,56675,56401,5987,62388,973
2021-06-03,Sutter,101,95872,9566,9539,89,9628,111
2021-06-03,Tehama,103,63373,5102,5087,587,5674,63
2021-06-03,Trinity,105,12862,487,328,97,425,3
2021-06-03,Tulare,107,460477,50299,49442,9153,58595,848
2021-06-03,Tuolumne,109,53932,4086,4095,38,4133,63
2021-06-03,Ventura,111,848112,81522,81078,3008,84086,1023
2021-06-03,Yolo,113,214977,14055,14078,327,14405,210
2021-06-03,Yuba,115,75493,6105,6077,130,6207,49
2021-06-02,Alameda,001,1643700,88479,88525,1978,90503,1254
2021-06-02,Alpine,003,1148,87,88,0,88,0
2021-06-02,Amador,005,37829,3699,3687,33,3720,46
2021-06-02,Butte,007,227075,12624,12432,1839,14271,193
2021-06-02,Calaveras,009,45235,2178,2174,14,2188,55
2021-06-02,Colusa,011,21464,1956,1957,317,2274,15
2021-06-02,Contra Costa,013,1133247,69949,69455,1292,70747,814
2021-06-02,Del Norte,015,27424,1421,1395,13,1408,8
2021-06-02,El Dorado,017,186661,10325,10275,732,11007,110
2021-06-02,Fresno,019,978130,103015,102547,8769,111316,1707
2021-06-02,Glenn,021,27897,2434,2421,564,2985,19
2021-06-02,Humboldt,023,135768,4333,4302,38,4340,42
2021-06-02,Imperial,025,180216,28656,28737,2820,31557,738
2021-06-02,Inyo,027,18085,1404,1403,12,1415,35
2021-06-02,Kern,029,883053,97507,96481,11023,107504,1326
2021-06-02,Kings,031,150075,23184,22981,1099,24080,244
2021-06-02,Lake,033,64148,3543,3522,9,3531,45
2021-06-02,Lassen,035,31185,5223,5177,116,5293,6
2021-06-02,Los Angeles,037,10098052,1205992,1202760,41893,1244653,24375
2021-06-02,Madera,039,155013,16659,16550,943,17493,240
2021-06-02,Marin,041,260295,14104,14091,263,14354,229
2021-06-02,Mariposa,043,17540,434,434,11,445,5
2021-06-02,Mendocino,045,87422,4045,3970,76,4046,47
2021-06-02,Merced,047,269075,31146,31195,990,32185,458
2021-06-02,Modoc,049,8938,384,375,132,507,3
2021-06-02,Mono,051,14174,1257,1275,15,1290,3
2021-06-02,Monterey,053,433212,43190,43056,1881,44937,380
2021-06-02,Napa,055,140530,9941,9953,38,9991,82
2021-06-02,Nevada,057,99092,4870,4833,198,5031,72
2021-06-02,Orange,059,3164182,255750,254637,11412,266049,5055
2021-06-02,Placer,061,380077,23422,23058,1523,24581,293
2021-06-02,Plumas,063,18699,710,690,11,701,4
2021-06-02,Riverside,065,2383286,294420,289012,14047,303059,4445
2021-06-02,Sacramento,067,1510023,106762,106435,1807,108242,1649
2021-06-02,San Benito,069,59416,6068,6073,116,6189,63
2021-06-02,San Bernardino,071,2135413,293586,293004,9010,302014,4760
2021-06-02,San Diego,073,3302833,281289,280347,15021,295368,3760
2021-06-02,San Francisco,075,870044,36846,37050,1313,38363,550
2021-06-02,San Joaquin,077,732212,73414,72893,3602,76495,1387
2021-06-02,San Luis Obispo,079,281455,21367,21214,753,21967,255
2021-06-02,San Mateo,081,765935,42472,42383,475,42858,464
2021-06-02,Santa Barbara,083,443738,35044,34381,1201,35582,456
2021-06-02,Santa Clara,085,1922200,118847,119553,777,120330,2058
2021-06-02,Santa Cruz,087,273765,16241,16144,818,16962,207
2021-06-02,Shasta,089,179085,12419,12426,1603,14029,199
2021-06-02,Sierra,091,2930,57,55,12,67,0
2021-06-02,Siskiyou,093,43540,1946,1861,365,2226,21
2021-06-02,Solano,095,438530,33038,33007,561,33568,256
2021-06-02,Sonoma,097,501317,30292,30359,338,30697,322
2021-06-02,Stanislaus,099,539301,56646,56377,5982,62359,973
2021-06-02,Sutter,101,95872,9563,9533,89,9622,111
2021-06-02,Tehama,103,63373,5099,5081,587,5668,63
2021-06-02,Trinity,105,12862,485,328,97,425,3
2021-06-02,Tulare,107,460477,50291,49434,9149,58583,846
2021-06-02,Tuolumne,109,53932,4086,4095,38,4133,63
2021-06-02,Ventura,111,848112,81497,81033,3008,84041,1020
2021-06-02,Yolo,113,214977,14052,14074,326,14400,210
2021-06-02,Yuba,115,75493,6099,6072,130,6202,48
2021-06-01,Alameda,001,1643700,88446,88472,1976,90448,1253
2021-06-01,Alpine,003,1148,87,88,0,88,0
2021-06-01,Amador,005,37829,3697,3687,33,3720,46
2021-06-01,Butte,007,227075,12610,12427,1838,14265,193
2021-06-01,Calaveras,009,45235,2176,2173,14,2187,55
2021-06-01,Colusa,011,21464,1955,1955,316,2271,15
2021-06-01,Contra Costa,013,1133247,69892,69404,1292,70696,813
2021-06-01,Del Norte,015,27424,1420,1394,13,1407,8
2021-06-01,El Dorado,017,186661,10319,10271,732,11003,110
2021-06-01,Fresno,019,978130,102991,102534,8766,111300,1706
2021-06-01,Glenn,021,27897,2434,2422,564,2986,18
2021-06-01,Humboldt,023,135768,4323,4299,38,4337,42
2021-06-01,Imperial,025,180216,28652,28722,2819,31541,736
2021-06-01,Inyo,027,18085,1404,1403,12,1415,35
2021-06-01,Kern,029,883053,97480,96477,11015,107492,1319
2021-06-01,Kings,031,150075,23180,22977,1099,24076,244
2021-06-01,Lake,033,64148,3542,3523,9,3532,45
2021-06-01,Lassen,035,31185,5216,5172,116,5288,6
2021-06-01,Los Angeles,037,10098052,1205759,1202673,41880,1244553,24367
2021-06-01,Madera,039,155013,16650,16549,942,17491,240
2021-06-01,Marin,041,260295,14102,14081,263,14344,229
2021-06-01,Mariposa,043,17540,434,431,11,442,5
2021-06-01,Mendocino,045,87422,4038,3966,76,4042,47
2021-06-01,Merced,047,269075,31136,31195,990,32185,456
2021-06-01,Modoc,049,8938,382,375,132,507,3
2021-06-01,Mono,051,14174,1257,1275,15,1290,3
2021-06-01,Monterey,053,433212,43184,43051,1881,44932,379
2021-06-01,Napa,055,140530,9939,9949,38,9987,82
2021-06-01,Nevada,057,99092,4865,4825,198,5023,72
2021-06-01,Orange,059,3164182,255714,254603,11404,266007,5051
2021-06-01,Placer,061,380077,23392,23021,1521,24542,293
2021-06-01,Plumas,063,18699,709,690,11,701,4
2021-06-01,Riverside,065,2383286,294368,288996,14041,303037,4442
2021-06-01,Sacramento,067,1510023,106690,106330,1805,108135,1644
2021-06-01,San Benito,069,59416,6067,6073,115,6188,63
2021-06-01,San Bernardino,071,2135413,293562,292990,9009,301999,4758
2021-06-01,San Diego,073,3302833,281185,280305,15004,295309,3756
2021-06-01,San Francisco,075,870044,36830,37031,1313,38344,550
2021-06-01,San Joaquin,077,732212,73382,72858,3600,76458,1383
2021-06-01,San Luis Obispo,079,281455,21362,21217,753,21970,256
2021-06-01,San Mateo,081,765935,42455,42383,474,42857,462
2021-06-01,Santa Barbara,083,443738,35040,34374,1201,35575,456
2021-06-01,Santa Clara,085,1922200,118819,119528,777,120305,2057
2021-06-01,Santa Cruz,087,273765,16237,16143,817,16960,207
2021-06-01,Shasta,089,179085,12410,12409,1598,14007,199
2021-06-01,Sierra,091,2930,57,55,12,67,0
2021-06-01,Siskiyou,093,43540,1939,1860,364,2224,21
2021-06-01,Solano,095,438530,33013,32974,560,33534,256
2021-06-01,Sonoma,097,501317,30253,30324,337,30661,322
2021-06-01,Stanislaus,099,539301,56621,56348,5980,62328,973
2021-06-01,Sutter,101,95872,9556,9528,89,9617,111
2021-06-01,Tehama,103,63373,5097,5079,587,5666,63
2021-06-01,Trinity,105,12862,484,328,96,424,3
2021-06-01,Tulare,107,460477,50283,49419,9145,58564,845
2021-06-01,Tuolumne,109,53932,4086,4094,38,4132,63
2021-06-01,Ventura,111,848112,81481,81018,3007,84025,1021
2021-06-01,Yolo,113,214977,14046,14067,326,14393,210
2021-06-01,Yuba,115,75493,6095,6067,130,6197,48
2021-05-31,Alameda,001,1643700,88409,88458,1972,90430,1253
2021-05-31,Alpine,003,1148,87,88,0,88,0
2021-05-31,Amador,005,37829,3691,3687,33,3720,46
2021-05-31,Butte,007,227075,12597,12429,1838,14267,193
2021-05-31,Calaveras,009,45235,2175,2171,14,2185,55
2021-05-31,Colusa,011,21464,1955,1956,315,2271,15
2021-05-31,Contra Costa,013,1133247,69855,69390,1290,70680,813
2021-05-31,Del Norte,015,27424,1417,1394,13,1407,8
2021-05-31,El Dorado,017,186661,10313,10271,730,11001,110
2021-05-31,Fresno,019,978130,102954,102507,8766,111273,1706
2021-05-31,Glenn,021,27897,2433,2422,563,2985,18
2021-05-31,Humboldt,023,135768,4311,4295,38,4333,42
2021-05-31,Imperial,025,180216,28646,28732,2816,31548,736
2021-05-31,Inyo,027,18085,1403,1403,12,1415,35
2021-05-31,Kern,029,883053,97444,96457,11006,107463,1319
2021-05-31,Kings,031,150075,23176,22977,1099,24076,244
2021-05-31,Lake,033,64148,3537,3523,9,3532,45
2021-05-31,Lassen,035,31185,5214,5172,115,5287,6
2021-05-31,Los Angeles,037,10098052,1205518,1202567,41872,1244439,24364
2021-05-31,Madera,039,155013,16649,16543,941,17484,240
2021-05-31,Marin,041,260295,14100,14080,263,14343,229
2021-05-31,Mariposa,043,17540,434,430,11,441,5
2021-05-31,Mendocino,045,87422,4028,3961,76,4037,47
2021-05-31,Merced,047,269075,31131,31194,990,32184,456
2021-05-31,Modoc,049,8938,381,374,132,506,3
2021-05-31,Mono,051,14174,1257,1275,15,1290,3
2021-05-31,Monterey,053,433212,43180,43051,1881,44932,379
2021-05-31,Napa,055,140530,9932,9948,38,9986,82
2021-05-31,Nevada,057,99092,4855,4823,197,5020,72
2021-05-31,Orange,059,3164182,255687,254572,11397,265969,5051
2021-05-31,Placer,061,380077,23365,23019,1516,24535,293
2021-05-31,Plumas,063,18699,708,690,11,701,4
2021-05-31,Riverside,065,2383286,294311,288970,14029,302999,4442
2021-05-31,Sacramento,067,1510023,106593,106278,1799,108077,1644
2021-05-31,San Benito,069,59416,6067,6072,115,6187,63
2021-05-31,San Bernardino,071,2135413,293514,292973,9008,301981,4758
2021-05-31,San Diego,073,3302833,281081,280254,14992,295246,3756
2021-05-31,San Francisco,075,870044,36815,37022,1312,38334,550
2021-05-31,San Joaquin,077,732212,73334,72856,3594,76450,1383
2021-05-31,San Luis Obispo,079,281455,21354,21215,753,21968,256
2021-05-31,San Mateo,081,765935,42439,42389,474,42863,442
2021-05-31,Santa Barbara,083,443738,35027,34369,1199,35568,456
2021-05-31,Santa Clara,085,1922200,118775,119515,777,120292,2057
2021-05-31,Santa Cruz,087,273765,16234,16139,817,16956,207
2021-05-31,Shasta,089,179085,12394,12408,1595,14003,199
2021-05-31,Sierra,091,2930,57,55,12,67,0
2021-05-31,Siskiyou,093,43540,1938,1856,363,2219,21
2021-05-31,Solano,095,438530,32962,32973,560,33533,256
2021-05-31,Sonoma,097,501317,30210,30314,337,30651,322
2021-05-31,Stanislaus,099,539301,56571,56335,5977,62312,973
2021-05-31,Sutter,101,95872,9537,9523,89,9612,111
2021-05-31,Tehama,103,63373,5095,5076,586,5662,63
2021-05-31,Trinity,105,12862,484,328,96,424,3
2021-05-31,Tulare,107,460477,50272,49404,9140,58544,845
2021-05-31,Tuolumne,109,53932,4084,4095,38,4133,63
2021-05-31,Ventura,111,848112,81466,81017,3004,84021,1021
2021-05-31,Yolo,113,214977,14042,14064,326,14390,210
2021-05-31,Yuba,115,75493,6089,6063,127,6190,48
2021-05-30,Alameda,001,1643700,88384,88429,1972,90401,1253
2021-05-30,Alpine,003,1148,87,88,0,88,0
2021-05-30,Amador,005,37829,3687,3685,33,3718,46
2021-05-30,Butte,007,227075,12587,12427,1836,14263,190
2021-05-30,Calaveras,009,45235,2172,2166,14,2180,55
2021-05-30,Colusa,011,21464,1955,1954,315,2269,15
2021-05-30,Contra Costa,013,1133247,69821,69381,1288,70669,813
2021-05-30,Del Norte,015,27424,1416,1393,13,1406,8
2021-05-30,El Dorado,017,186661,10310,10271,730,11001,110
2021-05-30,Fresno,019,978130,102937,102499,8762,111261,1706
2021-05-30,Glenn,021,27897,2433,2422,562,2984,18
2021-05-30,Humboldt,023,135768,4302,4291,38,4329,42
2021-05-30,Imperial,025,180216,28641,28732,2815,31547,736
2021-05-30,Inyo,027,18085,1403,1403,12,1415,35
2021-05-30,Kern,029,883053,97428,96443,11003,107446,1319
2021-05-30,Kings,031,150075,23175,22974,1098,24072,244
2021-05-30,Lake,033,64148,3537,3517,9,3526,45
2021-05-30,Lassen,035,31185,5212,5171,115,5286,6
2021-05-30,Los Angeles,037,10098052,1205413,1202425,41865,1244290,24360
2021-05-30,Madera,039,155013,16645,16538,941,17479,240
2021-05-30,Marin,041,260295,14096,14083,262,14345,229
2021-05-30,Mariposa,043,17540,434,430,11,441,5
2021-05-30,Mendocino,045,87422,4021,3955,76,4031,47
2021-05-30,Merced,047,269075,31127,31189,989,32178,456
2021-05-30,Modoc,049,8938,381,374,132,506,3
2021-05-30,Mono,051,14174,1257,1275,15,1290,3
2021-05-30,Monterey,053,433212,43177,43049,1881,44930,379
2021-05-30,Napa,055,140530,9931,9948,38,9986,82
2021-05-30,Nevada,057,99092,4849,4818,197,5015,72
2021-05-30,Orange,059,3164182,255664,254559,11396,265955,5051
2021-05-30,Placer,061,380077,23359,23016,1516,24532,293
2021-05-30,Plumas,063,18699,706,690,11,701,4
2021-05-30,Riverside,065,2383286,294290,288961,14027,302988,4442
2021-05-30,Sacramento,067,1510023,106548,106252,1797,108049,1644
2021-05-30,San Benito,069,59416,6067,6072,115,6187,63
2021-05-30,San Bernardino,071,2135413,293488,292981,9007,301988,4758
2021-05-30,San Diego,073,3302833,281025,280209,14987,295196,3756
2021-05-30,San Francisco,075,870044,36796,37016,1312,38328,550
2021-05-30,San Joaquin,077,732212,73317,72853,3593,76446,1383
2021-05-30,San Luis Obispo,079,281455,21345,21211,752,21963,256
2021-05-30,San Mateo,081,765935,42431,42386,474,42860,439
2021-05-30,Santa Barbara,083,443738,35023,34369,1199,35568,456
2021-05-30,Santa Clara,085,1922200,118753,119510,773,120283,2057
2021-05-30,Santa Cruz,087,273765,16232,16140,817,16957,207
2021-05-30,Shasta,089,179085,12392,12408,1592,14000,199
2021-05-30,Sierra,091,2930,57,55,12,67,0
2021-05-30,Siskiyou,093,43540,1938,1856,363,2219,21
2021-05-30,Solano,095,438530,32951,32952,559,33511,256
2021-05-30,Sonoma,097,501317,30193,30310,336,30646,322
2021-05-30,Stanislaus,099,539301,56552,56323,5976,62299,973
2021-05-30,Sutter,101,95872,9536,9519,88,9607,111
2021-05-30,Tehama,103,63373,5095,5073,586,5659,63
2021-05-30,Trinity,105,12862,484,328,96,424,3
2021-05-30,Tulare,107,460477,50265,49397,9131,58528,845
2021-05-30,Tuolumne,109,53932,4084,4094,38,4132,63
2021-05-30,Ventura,111,848112,81462,81012,3003,84015,1021
2021-05-30,Yolo,113,214977,14037,14059,325,14384,210
2021-05-30,Yuba,115,75493,6082,6063,126,6189,48
2021-05-29,Alameda,001,1643700,88361,88433,1970,90403,1253
2021-05-29,Alpine,003,1148,87,88,0,88,0
2021-05-29,Amador,005,37829,3686,3683,33,3716,46
2021-05-29,Butte,007,227075,12581,12425,1836,14261,190
2021-05-29,Calaveras,009,45235,2171,2166,14,2180,55
2021-05-29,Colusa,011,21464,1952,1954,315,2269,15
2021-05-29,Contra Costa,013,1133247,69788,69351,1288,70639,813
2021-05-29,Del Norte,015,27424,1416,1391,13,1404,8
2021-05-29,El Dorado,017,186661,10309,10269,728,10997,110
2021-05-29,Fresno,019,978130,102925,102470,8759,111229,1706
2021-05-29,Glenn,021,27897,2433,2422,561,2983,18
2021-05-29,Humboldt,023,135768,4296,4283,38,4321,42
2021-05-29,Imperial,025,180216,28638,28729,2814,31543,736
2021-05-29,Inyo,027,18085,1403,1404,12,1416,35
2021-05-29,Kern,029,883053,97417,96424,10990,107414,1319
2021-05-29,Kings,031,150075,23174,22970,1097,24067,244
2021-05-29,Lake,033,64148,3537,3515,9,3524,45
2021-05-29,Lassen,035,31185,5212,5171,115,5286,6
2021-05-29,Los Angeles,037,10098052,1205290,1202264,41861,1244125,24359
2021-05-29,Madera,039,155013,16643,16535,941,17476,240
2021-05-29,Marin,041,260295,14092,14071,261,14332,229
2021-05-29,Mariposa,043,17540,433,428,11,439,5
2021-05-29,Mendocino,045,87422,4015,3952,76,4028,47
2021-05-29,Merced,047,269075,31115,31187,989,32176,456
2021-05-29,Modoc,049,8938,381,374,132,506,3
2021-05-29,Mono,051,14174,1257,1275,15,1290,3
2021-05-29,Monterey,053,433212,43175,43042,1881,44923,379
2021-05-29,Napa,055,140530,9928,9948,38,9986,82
2021-05-29,Nevada,057,99092,4848,4816,197,5013,72
2021-05-29,Orange,059,3164182,255642,254537,11386,265923,5049
2021-05-29,Placer,061,380077,23344,23009,1515,24524,293
2021-05-29,Plumas,063,18699,706,689,11,700,4
2021-05-29,Riverside,065,2383286,294270,288908,14026,302934,4442
2021-05-29,Sacramento,067,1510023,106518,106218,1796,108014,1643
2021-05-29,San Benito,069,59416,6066,6072,115,6187,63
2021-05-29,San Bernardino,071,2135413,293456,292961,9006,301967,4757
2021-05-29,San Diego,073,3302833,280966,280151,14982,295133,3756
2021-05-29,San Francisco,075,870044,36787,37008,1312,38320,550
2021-05-29,San Joaquin,077,732212,73301,72827,3591,76418,1383
2021-05-29,San Luis Obispo,079,281455,21343,21201,752,21953,256
2021-05-29,San Mateo,081,765935,42424,42375,473,42848,439
2021-05-29,Santa Barbara,083,443738,35019,34367,1199,35566,456
2021-05-29,Santa Clara,085,1922200,118729,119498,772,120270,2056
2021-05-29,Santa Cruz,087,273765,16231,16137,817,16954,207
2021-05-29,Shasta,089,179085,12384,12401,1591,13992,199
2021-05-29,Sierra,091,2930,57,55,12,67,0
2021-05-29,Siskiyou,093,43540,1933,1856,363,2219,21
2021-05-29,Solano,095,438530,32942,32917,559,33476,256
2021-05-29,Sonoma,097,501317,30170,30298,335,30633,322
2021-05-29,Stanislaus,099,539301,56532,56305,5974,62279,974
2021-05-29,Sutter,101,95872,9532,9516,88,9604,111
2021-05-29,Tehama,103,63373,5094,5070,586,5656,63
2021-05-29,Trinity,105,12862,484,328,96,424,3
2021-05-29,Tulare,107,460477,50255,49392,9127,58519,845
2021-05-29,Tuolumne,109,53932,4084,4093,38,4131,63
2021-05-29,Ventura,111,848112,81454,81008,3003,84011,1021
2021-05-29,Yolo,113,214977,14036,14055,325,14380,210
2021-05-29,Yuba,115,75493,6082,6059,126,6185,48
2021-05-28,Alameda,001,1643700,88337,88391,1966,90357,1261
2021-05-28,Alpine,003,1148,87,88,0,88,0
2021-05-28,Amador,005,37829,3686,3680,33,3713,46
2021-05-28,Butte,007,227075,12578,12407,1835,14242,190
2021-05-28,Calaveras,009,45235,2171,2165,14,2179,55
2021-05-28,Colusa,011,21464,1952,1954,313,2267,15
2021-05-28,Contra Costa,013,1133247,69752,69290,1287,70577,813
2021-05-28,Del Norte,015,27424,1415,1390,13,1403,8
2021-05-28,El Dorado,017,186661,10306,10265,728,10993,110
2021-05-28,Fresno,019,978130,102910,102437,8759,111196,1705
2021-05-28,Glenn,021,27897,2433,2419,561,2980,18
2021-05-28,Humboldt,023,135768,4290,4265,38,4303,42
2021-05-28,Imperial,025,180216,28635,28722,2814,31536,736
2021-05-28,Inyo,027,18085,1403,1404,12,1416,35
2021-05-28,Kern,029,883053,97400,96396,10982,107378,1320
2021-05-28,Kings,031,150075,23172,22962,1097,24059,244
2021-05-28,Lake,033,64148,3535,3515,9,3524,45
2021-05-28,Lassen,035,31185,5212,5169,115,5284,6
2021-05-28,Los Angeles,037,10098052,1205181,1202103,41850,1243953,24357
2021-05-28,Madera,039,155013,16641,16530,941,17471,240
2021-05-28,Marin,041,260295,14091,14063,260,14323,229
2021-05-28,Mariposa,043,17540,433,428,11,439,5
2021-05-28,Mendocino,045,87422,4010,3947,76,4023,47
2021-05-28,Merced,047,269075,31112,31176,989,32165,455
2021-05-28,Modoc,049,8938,381,374,132,506,3
2021-05-28,Mono,051,14174,1257,1274,15,1289,3
2021-05-28,Monterey,053,433212,43174,43036,1881,44917,379
2021-05-28,Napa,055,140530,9928,9941,38,9979,82
2021-05-28,Nevada,057,99092,4846,4813,197,5010,71
2021-05-28,Orange,059,3164182,255622,254494,11384,265878,5047
2021-05-28,Placer,061,380077,23334,22987,1513,24500,293
2021-05-28,Plumas,063,18699,704,688,11,699,4
2021-05-28,Riverside,065,2383286,294248,288872,14024,302896,4442
2021-05-28,Sacramento,067,1510023,106462,106131,1794,107925,1642
2021-05-28,San Benito,069,59416,6066,6074,115,6189,63
2021-05-28,San Bernardino,071,2135413,293433,292905,9006,301911,4757
2021-05-28,San Diego,073,3302833,280903,280043,14971,295014,3756
2021-05-28,San Francisco,075,870044,36781,36987,1312,38299,546
2021-05-28,San Joaquin,077,732212,73271,72793,3589,76382,1383
2021-05-28,San Luis Obispo,079,281455,21339,21190,750,21940,256
2021-05-28,San Mateo,081,765935,42418,42364,473,42837,439
2021-05-28,Santa Barbara,083,443738,35017,34371,1199,35570,455
2021-05-28,Santa Clara,085,1922200,118705,119462,772,120234,2056
2021-05-28,Santa Cruz,087,273765,16230,16129,817,16946,207
2021-05-28,Shasta,089,179085,12375,12383,1589,13972,198
2021-05-28,Sierra,091,2930,57,54,12,66,0
2021-05-28,Siskiyou,093,43540,1931,1850,363,2213,19
2021-05-28,Solano,095,438530,32927,32892,559,33451,256
2021-05-28,Sonoma,097,501317,30151,30270,335,30605,321
2021-05-28,Stanislaus,099,539301,56509,56278,5971,62249,974
2021-05-28,Sutter,101,95872,9528,9511,88,9599,111
2021-05-28,Tehama,103,63373,5088,5064,586,5650,63
2021-05-28,Trinity,105,12862,484,328,96,424,3
2021-05-28,Tulare,107,460477,50250,49375,9117,58492,846
2021-05-28,Tuolumne,109,53932,4084,4090,38,4128,63
2021-05-28,Ventura,111,848112,81443,80985,3002,83987,1021
2021-05-28,Yolo,113,214977,14032,14050,324,14374,210
2021-05-28,Yuba,115,75493,6080,6050,125,6175,48
2021-05-27,Alameda,001,1643700,88300,88342,1965,90307,1274
2021-05-27,Alpine,003,1148,87,88,0,88,0
2021-05-27,Amador,005,37829,3683,3680,33,3713,46
2021-05-27,Butte,007,227075,12572,12401,1834,14235,190
2021-05-27,Calaveras,009,45235,2169,2163,14,2177,55
2021-05-27,Colusa,011,21464,1949,1952,313,2265,15
2021-05-27,Contra Costa,013,1133247,69710,69245,1285,70530,813
2021-05-27,Del Norte,015,27424,1415,1388,13,1401,8
2021-05-27,El Dorado,017,186661,10305,10248,728,10976,112
2021-05-27,Fresno,019,978130,102893,102413,8756,111169,1704
2021-05-27,Glenn,021,27897,2433,2415,561,2976,18
2021-05-27,Humboldt,023,135768,4282,4260,38,4298,42
2021-05-27,Imperial,025,180216,28624,28728,2814,31542,736
2021-05-27,Inyo,027,18085,1403,1404,12,1416,35
2021-05-27,Kern,029,883053,97384,96364,10974,107338,1322
2021-05-27,Kings,031,150075,23169,22953,1097,24050,245
2021-05-27,Lake,033,64148,3530,3509,9,3518,45
2021-05-27,Lassen,035,31185,5211,5170,114,5284,6
2021-05-27,Los Angeles,037,10098052,1205020,1201927,41834,1243761,24348
2021-05-27,Madera,039,155013,16632,16527,941,17468,240
2021-05-27,Marin,041,260295,14087,14061,260,14321,229
2021-05-27,Mariposa,043,17540,431,427,11,438,5
2021-05-27,Mendocino,045,87422,4004,3945,76,4021,47
2021-05-27,Merced,047,269075,31100,31161,989,32150,455
2021-05-27,Modoc,049,8938,380,374,132,506,3
2021-05-27,Mono,051,14174,1257,1276,15,1291,3
2021-05-27,Monterey,053,433212,43168,43032,1881,44913,379
2021-05-27,Napa,055,140530,9927,9934,38,9972,82
2021-05-27,Nevada,057,99092,4842,4807,195,5002,71
2021-05-27,Orange,059,3164182,255585,254438,11380,265818,5059
2021-05-27,Placer,061,380077,23325,22966,1513,24479,293
2021-05-27,Plumas,063,18699,704,687,11,698,4
2021-05-27,Riverside,065,2383286,294212,288835,14019,302854,4443
2021-05-27,Sacramento,067,1510023,106386,106015,1791,107806,1642
2021-05-27,San Benito,069,59416,6065,6074,115,6189,63
2021-05-27,San Bernardino,071,2135413,293397,292755,9004,301759,4756
2021-05-27,San Diego,073,3302833,280829,279960,14957,294917,3756
2021-05-27,San Francisco,075,870044,36775,36980,1309,38289,546
2021-05-27,San Joaquin,077,732212,73239,72714,3585,76299,1388
2021-05-27,San Luis Obispo,079,281455,21336,21171,750,21921,256
2021-05-27,San Mateo,081,765935,42409,42345,473,42818,436
2021-05-27,Santa Barbara,083,443738,35013,34355,1199,35554,456
2021-05-27,Santa Clara,085,1922200,118684,119452,772,120224,2053
2021-05-27,Santa Cruz,087,273765,16227,16134,817,16951,207
2021-05-27,Shasta,089,179085,12364,12380,1589,13969,202
2021-05-27,Sierra,091,2930,57,54,12,66,0
2021-05-27,Siskiyou,093,43540,1928,1846,363,2209,18
2021-05-27,Solano,095,438530,32886,32855,558,33413,257
2021-05-27,Sonoma,097,501317,30124,30253,331,30584,321
2021-05-27,Stanislaus,099,539301,56481,56207,5970,62177,974
2021-05-27,Sutter,101,95872,9524,9501,88,9589,111
2021-05-27,Tehama,103,63373,5085,5064,585,5649,63
2021-05-27,Trinity,105,12862,484,328,96,424,3
2021-05-27,Tulare,107,460477,50236,49366,9108,58474,840
2021-05-27,Tuolumne,109,53932,4083,4090,38,4128,66
2021-05-27,Ventura,111,848112,81430,80965,2999,83964,1023
2021-05-27,Yolo,113,214977,14029,14036,324,14360,213
2021-05-27,Yuba,115,75493,6075,6040,124,6164,48
2021-05-26,Alameda,001,1643700,88271,88297,1965,90262,1266
2021-05-26,Alpine,003,1148,87,88,0,88,0
2021-05-26,Amador,005,37829,3683,3679,33,3712,46
2021-05-26,Butte,007,227075,12563,12332,1833,14165,190
2021-05-26,Calaveras,009,45235,2168,2154,14,2168,55
2021-05-26,Colusa,011,21464,1948,1952,313,2265,15
2021-05-26,Contra Costa,013,1133247,69673,69210,1285,70495,812
2021-05-26,Del Norte,015,27424,1415,1386,12,1398,8
2021-05-26,El Dorado,017,186661,10301,10242,727,10969,112
2021-05-26,Fresno,019,978130,102861,102374,8751,111125,1702
2021-05-26,Glenn,021,27897,2432,2415,561,2976,18
2021-05-26,Humboldt,023,135768,4277,4246,38,4284,42
2021-05-26,Imperial,025,180216,28619,28712,2812,31524,734
2021-05-26,Inyo,027,18085,1403,1403,12,1415,36
2021-05-26,Kern,029,883053,97359,96343,10967,107310,1320
2021-05-26,Kings,031,150075,23165,22950,1096,24046,245
2021-05-26,Lake,033,64148,3529,3508,9,3517,45
2021-05-26,Lassen,035,31185,5210,5164,114,5278,6
2021-05-26,Los Angeles,037,10098052,1204854,1198100,41817,1239917,24221
2021-05-26,Madera,039,155013,16629,16520,941,17461,240
2021-05-26,Marin,041,260295,14084,14061,259,14320,227
2021-05-26,Mariposa,043,17540,431,427,11,438,5
2021-05-26,Mendocino,045,87422,3998,3938,76,4014,47
2021-05-26,Merced,047,269075,31091,31139,989,32128,455
2021-05-26,Modoc,049,8938,380,371,131,502,3
2021-05-26,Mono,051,14174,1257,1274,15,1289,3
2021-05-26,Monterey,053,433212,43162,43018,1880,44898,379
2021-05-26,Napa,055,140530,9920,9932,36,9968,82
2021-05-26,Nevada,057,99092,4837,4803,195,4998,70
2021-05-26,Orange,059,3164182,255547,254368,11377,265745,5058
2021-05-26,Placer,061,380077,23300,22940,1513,24453,293
2021-05-26,Plumas,063,18699,703,685,11,696,4
2021-05-26,Riverside,065,2383286,294166,288782,14012,302794,4443
2021-05-26,Sacramento,067,1510023,106300,105919,1787,107706,1637
2021-05-26,San Benito,069,59416,6065,6074,115,6189,63
2021-05-26,San Bernardino,071,2135413,293362,292662,9003,301665,4755
2021-05-26,San Diego,073,3302833,280754,279859,14947,294806,3755
2021-05-26,San Francisco,075,870044,36763,36954,1309,38263,546
2021-05-26,San Joaquin,077,732212,73198,72681,3582,76263,1388
2021-05-26,San Luis Obispo,079,281455,21331,21163,750,21913,256
2021-05-26,San Mateo,081,765935,42400,42331,473,42804,436
2021-05-26,Santa Barbara,083,443738,35004,34348,1199,35547,459
2021-05-26,Santa Clara,085,1922200,118657,119421,771,120192,2031
2021-05-26,Santa Cruz,087,273765,16226,16139,817,16956,207
2021-05-26,Shasta,089,179085,12350,12357,1586,13943,202
2021-05-26,Sierra,091,2930,57,54,12,66,0
2021-05-26,Siskiyou,093,43540,1926,1847,361,2208,18
2021-05-26,Solano,095,438530,32850,32831,558,33389,257
2021-05-26,Sonoma,097,501317,30098,30230,331,30561,321
2021-05-26,Stanislaus,099,539301,56458,56193,5967,62160,974
2021-05-26,Sutter,101,95872,9519,9495,88,9583,112
2021-05-26,Tehama,103,63373,5084,5054,582,5636,63
2021-05-26,Trinity,105,12862,484,328,96,424,3
2021-05-26,Tulare,107,460477,50229,49352,9104,58456,839
2021-05-26,Tuolumne,109,53932,4079,4088,37,4125,66
2021-05-26,Ventura,111,848112,81407,80944,2997,83941,1023
2021-05-26,Yolo,113,214977,14026,14025,324,14349,213
2021-05-26,Yuba,115,75493,6070,6036,124,6160,49
2021-05-25,Alameda,001,1643700,88242,88237,1965,90202,1263
2021-05-25,Alpine,003,1148,87,88,0,88,0
2021-05-25,Amador,005,37829,3678,3676,33,3709,46
2021-05-25,Butte,007,227075,12552,12295,1832,14127,189
2021-05-25,Calaveras,009,45235,2166,2148,14,2162,55
2021-05-25,Colusa,011,21464,1947,1949,313,2262,15
2021-05-25,Contra Costa,013,1133247,69620,69167,1280,70447,809
2021-05-25,Del Norte,015,27424,1415,1385,12,1397,8
2021-05-25,El Dorado,017,186661,10294,10240,726,10966,112
2021-05-25,Fresno,019,978130,102839,102329,8750,111079,1701
2021-05-25,Glenn,021,27897,2431,2414,560,2974,17
2021-05-25,Humboldt,023,135768,4270,4231,36,4267,42
2021-05-25,Imperial,025,180216,28612,28586,2812,31398,735
2021-05-25,Inyo,027,18085,1403,1402,12,1414,36
2021-05-25,Kern,029,883053,97328,96319,10953,107272,1319
2021-05-25,Kings,031,150075,23158,22944,1096,24040,245
2021-05-25,Lake,033,64148,3528,3508,9,3517,44
2021-05-25,Lassen,035,31185,5206,5164,114,5278,6
2021-05-25,Los Angeles,037,10098052,1204678,1197940,41798,1239738,24212
2021-05-25,Madera,039,155013,16624,16519,940,17459,240
2021-05-25,Marin,041,260295,14078,14053,259,14312,227
2021-05-25,Mariposa,043,17540,430,427,11,438,5
2021-05-25,Mendocino,045,87422,3993,3928,76,4004,47
2021-05-25,Merced,047,269075,31070,31132,989,32121,455
2021-05-25,Modoc,049,8938,379,367,131,498,3
2021-05-25,Mono,051,14174,1257,1274,15,1289,3
2021-05-25,Monterey,053,433212,43158,43012,1879,44891,379
2021-05-25,Napa,055,140530,9918,9926,36,9962,82
2021-05-25,Nevada,057,99092,4831,4795,195,4990,70
2021-05-25,Orange,059,3164182,255518,254321,11376,265697,5057
2021-05-25,Placer,061,380077,23289,22920,1511,24431,292
2021-05-25,Plumas,063,18699,703,684,11,695,4
2021-05-25,Riverside,065,2383286,294127,288725,14009,302734,4443
2021-05-25,Sacramento,067,1510023,106219,105828,1783,107611,1633
2021-05-25,San Benito,069,59416,6065,6073,115,6188,63
2021-05-25,San Bernardino,071,2135413,293302,292485,9001,301486,4755
2021-05-25,San Diego,073,3302833,280674,279786,14942,294728,3753
2021-05-25,San Francisco,075,870044,36740,36939,1309,38248,546
2021-05-25,San Joaquin,077,732212,73157,72628,3579,76207,1387
2021-05-25,San Luis Obispo,079,281455,21328,21153,750,21903,256
2021-05-25,San Mateo,081,765935,42390,42268,473,42741,435
2021-05-25,Santa Barbara,083,443738,35001,34337,1199,35536,459
2021-05-25,Santa Clara,085,1922200,118633,119393,770,120163,2032
2021-05-25,Santa Cruz,087,273765,16221,16141,817,16958,207
2021-05-25,Shasta,089,179085,12340,12328,1583,13911,202
2021-05-25,Sierra,091,2930,56,54,12,66,0
2021-05-25,Siskiyou,093,43540,1925,1845,360,2205,18
2021-05-25,Solano,095,438530,32831,32817,557,33374,256
2021-05-25,Sonoma,097,501317,30069,30207,330,30537,321
2021-05-25,Stanislaus,099,539301,56421,56168,5965,62133,974
2021-05-25,Sutter,101,95872,9515,9495,88,9583,112
2021-05-25,Tehama,103,63373,5082,5048,581,5629,63
2021-05-25,Trinity,105,12862,484,328,95,423,3
2021-05-25,Tulare,107,460477,50219,49326,9096,58422,838
2021-05-25,Tuolumne,109,53932,4079,4084,37,4121,66
2021-05-25,Ventura,111,848112,81389,80905,2997,83902,1022
2021-05-25,Yolo,113,214977,14019,14018,322,14340,213
2021-05-25,Yuba,115,75493,6063,6028,124,6152,49
2021-05-24,Alameda,001,1643700,88180,88182,1964,90146,1263
2021-05-24,Alpine,003,1148,87,88,0,88,0
2021-05-24,Amador,005,37829,3676,3675,33,3708,46
2021-05-24,Butte,007,227075,12539,12279,1829,14108,189
2021-05-24,Calaveras,009,45235,2164,2146,14,2160,54
2021-05-24,Colusa,011,21464,1947,1949,313,2262,15
2021-05-24,Contra Costa,013,1133247,69581,69107,1276,70383,809
2021-05-24,Del Norte,015,27424,1414,1384,12,1396,8
2021-05-24,El Dorado,017,186661,10284,10227,725,10952,112
2021-05-24,Fresno,019,978130,102796,102289,8749,111038,1698
2021-05-24,Glenn,021,27897,2431,2413,560,2973,17
2021-05-24,Humboldt,023,135768,4263,4225,36,4261,42
2021-05-24,Imperial,025,180216,28610,28575,2812,31387,735
2021-05-24,Inyo,027,18085,1403,1402,12,1414,36
2021-05-24,Kern,029,883053,97301,96296,10948,107244,1319
2021-05-24,Kings,031,150075,23154,22940,1096,24036,246
2021-05-24,Lake,033,64148,3526,3506,9,3515,43
2021-05-24,Lassen,035,31185,5202,5163,114,5277,6
2021-05-24,Los Angeles,037,10098052,1204504,1197782,41783,1239565,24201
2021-05-24,Madera,039,155013,16621,16513,939,17452,239
2021-05-24,Marin,041,260295,14076,14051,259,14310,227
2021-05-24,Mariposa,043,17540,429,427,11,438,5
2021-05-24,Mendocino,045,87422,3991,3919,76,3995,47
2021-05-24,Merced,047,269075,31060,31128,988,32116,455
2021-05-24,Modoc,049,8938,379,366,130,496,3
2021-05-24,Mono,051,14174,1257,1270,15,1285,3
2021-05-24,Monterey,053,433212,43153,43005,1878,44883,379
2021-05-24,Napa,055,140530,9918,9924,36,9960,82
2021-05-24,Nevada,057,99092,4828,4790,195,4985,70
2021-05-24,Orange,059,3164182,255482,254287,11366,265653,5056
2021-05-24,Placer,061,380077,23270,22895,1510,24405,292
2021-05-24,Plumas,063,18699,702,683,11,694,4
2021-05-24,Riverside,065,2383286,294070,288669,13999,302668,4442
2021-05-24,Sacramento,067,1510023,106104,105716,1781,107497,1632
2021-05-24,San Benito,069,59416,6065,6072,115,6187,63
2021-05-24,San Bernardino,071,2135413,293262,292343,9000,301343,4747
2021-05-24,San Diego,073,3302833,280565,279715,14932,294647,3749
2021-05-24,San Francisco,075,870044,36721,36934,1307,38241,547
2021-05-24,San Joaquin,077,732212,73125,72586,3578,76164,1371
2021-05-24,San Luis Obispo,079,281455,21310,21146,749,21895,256
2021-05-24,San Mateo,081,765935,42380,42249,473,42722,433
2021-05-24,Santa Barbara,083,443738,34996,34322,1199,35521,459
2021-05-24,Santa Clara,085,1922200,118601,119358,770,120128,2030
2021-05-24,Santa Cruz,087,273765,16216,16135,817,16952,207
2021-05-24,Shasta,089,179085,12323,12315,1580,13895,201
2021-05-24,Sierra,091,2930,56,54,12,66,0
2021-05-24,Siskiyou,093,43540,1922,1840,360,2200,17
2021-05-24,Solano,095,438530,32806,32792,556,33348,254
2021-05-24,Sonoma,097,501317,30054,30187,330,30517,321
2021-05-24,Stanislaus,099,539301,56387,56128,5961,62089,974
2021-05-24,Sutter,101,95872,9509,9486,88,9574,113
2021-05-24,Tehama,103,63373,5079,5043,579,5622,63
2021-05-24,Trinity,105,12862,484,328,95,423,3
2021-05-24,Tulare,107,460477,50212,49318,9092,58410,838
2021-05-24,Tuolumne,109,53932,4079,4083,37,4120,65
2021-05-24,Ventura,111,848112,81376,80876,2995,83871,1022
2021-05-24,Yolo,113,214977,14002,14012,320,14332,213
2021-05-24,Yuba,115,75493,6054,6022,124,6146,49
2021-05-23,Alameda,001,1643700,88109,88157,1961,90118,1263
2021-05-23,Alpine,003,1148,87,88,0,88,0
2021-05-23,Amador,005,37829,3675,3673,33,3706,46
2021-05-23,Butte,007,227075,12525,12271,1828,14099,189
2021-05-23,Calaveras,009,45235,2156,2144,14,2158,54
2021-05-23,Colusa,011,21464,1947,1949,311,2260,15
2021-05-23,Contra Costa,013,1133247,69536,69075,1274,70349,809
2021-05-23,Del Norte,015,27424,1410,1383,12,1395,8
2021-05-23,El Dorado,017,186661,10278,10222,725,10947,112
2021-05-23,Fresno,019,978130,102750,102270,8744,111014,1698
2021-05-23,Glenn,021,27897,2429,2413,560,2973,17
2021-05-23,Humboldt,023,135768,4246,4216,36,4252,42
2021-05-23,Imperial,025,180216,28604,28569,2811,31380,735
2021-05-23,Inyo,027,18085,1403,1402,12,1414,36
2021-05-23,Kern,029,883053,97277,96282,10940,107222,1319
2021-05-23,Kings,031,150075,23141,22939,1094,24033,246
2021-05-23,Lake,033,64148,3523,3504,9,3513,43
2021-05-23,Lassen,035,31185,5198,5163,113,5276,6
2021-05-23,Los Angeles,037,10098052,1204319,1197633,41771,1239404,24197
2021-05-23,Madera,039,155013,16615,16504,939,17443,239
2021-05-23,Marin,041,260295,14067,14048,258,14306,227
2021-05-23,Mariposa,043,17540,429,427,11,438,5
2021-05-23,Mendocino,045,87422,3985,3913,75,3988,47
2021-05-23,Merced,047,269075,31050,31118,988,32106,455
2021-05-23,Modoc,049,8938,375,366,130,496,3
2021-05-23,Mono,051,14174,1256,1270,15,1285,3
2021-05-23,Monterey,053,433212,43143,43003,1878,44881,379
2021-05-23,Napa,055,140530,9914,9923,36,9959,82
2021-05-23,Nevada,057,99092,4818,4790,195,4985,70
2021-05-23,Orange,059,3164182,255444,254277,11360,265637,5050
2021-05-23,Placer,061,380077,23250,22888,1510,24398,292
2021-05-23,Plumas,063,18699,701,683,11,694,4
2021-05-23,Riverside,065,2383286,294002,288641,13995,302636,4442
2021-05-23,Sacramento,067,1510023,105988,105663,1778,107441,1632
2021-05-23,San Benito,069,59416,6064,6072,115,6187,63
2021-05-23,San Bernardino,071,2135413,293211,292327,8999,301326,4747
2021-05-23,San Diego,073,3302833,280475,279690,14921,294611,3751
2021-05-23,San Francisco,075,870044,36710,36927,1306,38233,547
2021-05-23,San Joaquin,077,732212,73076,72571,3575,76146,1371
2021-05-23,San Luis Obispo,079,281455,21300,21141,748,21889,256
2021-05-23,San Mateo,081,765935,42363,42248,473,42721,433
2021-05-23,Santa Barbara,083,443738,34989,34319,1199,35518,459
2021-05-23,Santa Clara,085,1922200,118577,119333,770,120103,2030
2021-05-23,Santa Cruz,087,273765,16213,16130,817,16947,207
2021-05-23,Shasta,089,179085,12306,12313,1576,13889,201
2021-05-23,Sierra,091,2930,56,54,12,66,0
2021-05-23,Siskiyou,093,43540,1917,1826,353,2179,17
2021-05-23,Solano,095,438530,32788,32780,555,33335,254
2021-05-23,Sonoma,097,501317,30025,30168,329,30497,321
2021-05-23,Stanislaus,099,539301,56337,56104,5958,62062,974
2021-05-23,Sutter,101,95872,9500,9479,88,9567,113
2021-05-23,Tehama,103,63373,5072,5041,577,5618,63
2021-05-23,Trinity,105,12862,484,328,95,423,3
2021-05-23,Tulare,107,460477,50198,49310,9088,58398,838
2021-05-23,Tuolumne,109,53932,4076,4081,37,4118,65
2021-05-23,Ventura,111,848112,81346,80872,2994,83866,1022
2021-05-23,Yolo,113,214977,13990,14004,317,14321,213
2021-05-23,Yuba,115,75493,6049,6017,124,6141,49
2021-05-22,Alameda,001,1643700,88083,88101,1961,90062,1263
2021-05-22,Alpine,003,1148,87,88,0,88,0
2021-05-22,Amador,005,37829,3674,3672,33,3705,46
2021-05-22,Butte,007,227075,12513,12265,1827,14092,189
2021-05-22,Calaveras,009,45235,2151,2141,14,2155,54
2021-05-22,Colusa,011,21464,1943,1949,310,2259,15
2021-05-22,Contra Costa,013,1133247,69503,69004,1273,70277,809
2021-05-22,Del Norte,015,27424,1409,1381,12,1393,8
2021-05-22,El Dorado,017,186661,10273,10215,725,10940,112
2021-05-22,Fresno,019,978130,102736,102238,8742,110980,1698
2021-05-22,Glenn,021,27897,2429,2412,560,2972,17
2021-05-22,Humboldt,023,135768,4237,4194,35,4229,42
2021-05-22,Imperial,025,180216,28595,28574,2810,31384,735
2021-05-22,Inyo,027,18085,1403,1402,12,1414,36
2021-05-22,Kern,029,883053,97265,96260,10933,107193,1319
2021-05-22,Kings,031,150075,23141,22936,1094,24030,246
2021-05-22,Lake,033,64148,3520,3502,9,3511,43
2021-05-22,Lassen,035,31185,5198,5163,113,5276,6
2021-05-22,Los Angeles,037,10098052,1204213,1197454,41762,1239216,24192
2021-05-22,Madera,039,155013,16612,16503,939,17442,239
2021-05-22,Marin,041,260295,14064,14043,258,14301,227
2021-05-22,Mariposa,043,17540,429,427,11,438,5
2021-05-22,Mendocino,045,87422,3979,3908,75,3983,47
2021-05-22,Merced,047,269075,31040,31099,988,32087,455
2021-05-22,Modoc,049,8938,375,366,130,496,3
2021-05-22,Mono,051,14174,1254,1270,15,1285,3
2021-05-22,Monterey,053,433212,43137,42998,1878,44876,379
2021-05-22,Napa,055,140530,9912,9918,36,9954,82
2021-05-22,Nevada,057,99092,4811,4787,194,4981,70
2021-05-22,Orange,059,3164182,255423,254238,11354,265592,5048
2021-05-22,Placer,061,380077,23236,22865,1509,24374,292
2021-05-22,Plumas,063,18699,700,683,11,694,4
2021-05-22,Riverside,065,2383286,293970,288580,13994,302574,4442
2021-05-22,Sacramento,067,1510023,105913,105551,1775,107326,1632
2021-05-22,San Benito,069,59416,6064,6071,115,6186,63
2021-05-22,San Bernardino,071,2135413,293186,292292,8999,301291,4747
2021-05-22,San Diego,073,3302833,280416,279614,14913,294527,3751
2021-05-22,San Francisco,075,870044,36700,36906,1304,38210,547
2021-05-22,San Joaquin,077,732212,73054,72528,3572,76100,1371
2021-05-22,San Luis Obispo,079,281455,21292,21134,747,21881,256
2021-05-22,San Mateo,081,765935,42353,42218,473,42691,433
2021-05-22,Santa Barbara,083,443738,34985,34313,1198,35511,459
2021-05-22,Santa Clara,085,1922200,118554,119292,770,120062,2030
2021-05-22,Santa Cruz,087,273765,16213,16125,817,16942,207
2021-05-22,Shasta,089,179085,12300,12307,1573,13880,201
2021-05-22,Sierra,091,2930,56,54,12,66,0
2021-05-22,Siskiyou,093,43540,1916,1824,352,2176,17
2021-05-22,Solano,095,438530,32775,32753,555,33308,254
2021-05-22,Sonoma,097,501317,30013,30154,329,30483,321
2021-05-22,Stanislaus,099,539301,56312,56069,5956,62025,974
2021-05-22,Sutter,101,95872,9495,9476,88,9564,113
2021-05-22,Tehama,103,63373,5071,5036,577,5613,63
2021-05-22,Trinity,105,12862,484,328,95,423,3
2021-05-22,Tulare,107,460477,50192,49299,9083,58382,838
2021-05-22,Tuolumne,109,53932,4076,4078,37,4115,65
2021-05-22,Ventura,111,848112,81342,80859,2994,83853,1022
2021-05-22,Yolo,113,214977,13988,13997,317,14314,213
2021-05-22,Yuba,115,75493,6046,6010,124,6134,49
2021-05-21,Alameda,001,1643700,88056,88041,1960,90001,1263
2021-05-21,Alpine,003,1148,87,88,0,88,0
2021-05-21,Amador,005,37829,3671,3672,33,3705,46
2021-05-21,Butte,007,227075,12506,12236,1825,14061,188
2021-05-21,Calaveras,009,45235,2149,2138,14,2152,54
2021-05-21,Colusa,011,21464,1943,1947,310,2257,15
2021-05-21,Contra Costa,013,1133247,69460,68965,1272,70237,810
2021-05-21,Del Norte,015,27424,1408,1376,12,1388,8
2021-05-21,El Dorado,017,186661,10269,10204,725,10929,112
2021-05-21,Fresno,019,978130,102708,102189,8740,110929,1698
2021-05-21,Glenn,021,27897,2429,2408,560,2968,17
2021-05-21,Humboldt,023,135768,4230,4175,35,4210,42
2021-05-21,Imperial,025,180216,28588,28572,2809,31381,732
2021-05-21,Inyo,027,18085,1403,1402,12,1414,36
2021-05-21,Kern,029,883053,97251,96233,10926,107159,1318
2021-05-21,Kings,031,150075,23141,22927,1094,24021,246
2021-05-21,Lake,033,64148,3518,3500,9,3509,43
2021-05-21,Lassen,035,31185,5197,5161,113,5274,6
2021-05-21,Los Angeles,037,10098052,1204103,1197263,41753,1239016,24180
2021-05-21,Madera,039,155013,16611,16500,938,17438,238
2021-05-21,Marin,041,260295,14059,14042,258,14300,227
2021-05-21,Mariposa,043,17540,428,427,11,438,5
2021-05-21,Mendocino,045,87422,3973,3897,75,3972,47
2021-05-21,Merced,047,269075,31032,31076,988,32064,455
2021-05-21,Modoc,049,8938,375,365,130,495,3
2021-05-21,Mono,051,14174,1254,1269,15,1284,3
2021-05-21,Monterey,053,433212,43135,42995,1878,44873,379
2021-05-21,Napa,055,140530,9908,9913,36,9949,82
2021-05-21,Nevada,057,99092,4810,4779,194,4973,70
2021-05-21,Orange,059,3164182,255403,254171,11352,265523,5042
2021-05-21,Placer,061,380077,23228,22853,1509,24362,292
2021-05-21,Plumas,063,18699,700,683,10,693,4
2021-05-21,Riverside,065,2383286,293943,288499,13987,302486,4442
2021-05-21,Sacramento,067,1510023,105846,105476,1772,107248,1632
2021-05-21,San Benito,069,59416,6064,6068,115,6183,63
2021-05-21,San Bernardino,071,2135413,293154,292205,8996,301201,4744
2021-05-21,San Diego,073,3302833,280345,279554,14903,294457,3748
2021-05-21,San Francisco,075,870044,36694,36879,1304,38183,546
2021-05-21,San Joaquin,077,732212,73035,72467,3570,76037,1371
2021-05-21,San Luis Obispo,079,281455,21286,21128,744,21872,256
2021-05-21,San Mateo,081,765935,42340,42163,472,42635,432
2021-05-21,Santa Barbara,083,443738,34980,34302,1198,35500,459
2021-05-21,Santa Clara,085,1922200,118527,119247,770,120017,2029
2021-05-21,Santa Cruz,087,273765,16209,16120,817,16937,207
2021-05-21,Shasta,089,179085,12283,12289,1571,13860,201
2021-05-21,Sierra,091,2930,56,54,12,66,0
2021-05-21,Siskiyou,093,43540,1915,1815,352,2167,16
2021-05-21,Solano,095,438530,32760,32742,555,33297,254
2021-05-21,Sonoma,097,501317,30000,30126,329,30455,321
2021-05-21,Stanislaus,099,539301,56280,56036,5954,61990,975
2021-05-21,Sutter,101,95872,9493,9470,88,9558,113
2021-05-21,Tehama,103,63373,5065,5030,577,5607,63
2021-05-21,Trinity,105,12862,484,329,94,423,3
2021-05-21,Tulare,107,460477,50187,49271,9081,58352,838
2021-05-21,Tuolumne,109,53932,4074,4079,37,4116,65
2021-05-21,Ventura,111,848112,81334,80821,2991,83812,1021
2021-05-21,Yolo,113,214977,13981,13983,317,14300,213
2021-05-21,Yuba,115,75493,6040,6006,124,6130,49
2021-05-20,Alameda,001,1643700,88009,87975,1959,89934,1264
2021-05-20,Alpine,003,1148,87,88,0,88,0
2021-05-20,Amador,005,37829,3670,3671,33,3704,46
2021-05-20,Butte,007,227075,12499,12220,1822,14042,188
2021-05-20,Calaveras,009,45235,2145,2138,14,2152,54
2021-05-20,Colusa,011,21464,1942,1946,308,2254,15
2021-05-20,Contra Costa,013,1133247,69415,68913,1270,70183,809
2021-05-20,Del Norte,015,27424,1408,1373,12,1385,8
2021-05-20,El Dorado,017,186661,10259,10188,725,10913,112
2021-05-20,Fresno,019,978130,102686,102135,8738,110873,1696
2021-05-20,Glenn,021,27897,2425,2406,560,2966,17
2021-05-20,Humboldt,023,135768,4213,4162,34,4196,42
2021-05-20,Imperial,025,180216,28583,28551,2809,31360,732
2021-05-20,Inyo,027,18085,1403,1402,12,1414,36
2021-05-20,Kern,029,883053,97230,96204,10919,107123,1317
2021-05-20,Kings,031,150075,23139,22922,1094,24016,246
2021-05-20,Lake,033,64148,3515,3500,9,3509,43
2021-05-20,Lassen,035,31185,5195,5160,112,5272,6
2021-05-20,Los Angeles,037,10098052,1203947,1197073,41744,1238817,24168
2021-05-20,Madera,039,155013,16605,16499,936,17435,238
2021-05-20,Marin,041,260295,14055,14036,257,14293,227
2021-05-20,Mariposa,043,17540,428,426,11,437,5
2021-05-20,Mendocino,045,87422,3966,3897,75,3972,47
2021-05-20,Merced,047,269075,31019,31046,987,32033,454
2021-05-20,Modoc,049,8938,375,365,130,495,3
2021-05-20,Mono,051,14174,1253,1269,15,1284,3
2021-05-20,Monterey,053,433212,43129,42984,1877,44861,379
2021-05-20,Napa,055,140530,9905,9913,36,9949,82
2021-05-20,Nevada,057,99092,4809,4775,194,4969,70
2021-05-20,Orange,059,3164182,255359,254127,11349,265476,5038
2021-05-20,Placer,061,380077,23215,22823,1508,24331,292
2021-05-20,Plumas,063,18699,698,682,10,692,4
2021-05-20,Riverside,065,2383286,293895,288453,13982,302435,4442
2021-05-20,Sacramento,067,1510023,105750,105414,1769,107183,1629
2021-05-20,San Benito,069,59416,6063,6067,115,6182,63
2021-05-20,San Bernardino,071,2135413,293108,292153,8995,301148,4728
2021-05-20,San Diego,073,3302833,280257,279490,14891,294381,3749
2021-05-20,San Francisco,075,870044,36685,36860,1304,38164,546
2021-05-20,San Joaquin,077,732212,72997,72388,3568,75956,1371
2021-05-20,San Luis Obispo,079,281455,21274,21095,742,21837,256
2021-05-20,San Mateo,081,765935,42326,42152,470,42622,432
2021-05-20,Santa Barbara,083,443738,34976,34293,1198,35491,459
2021-05-20,Santa Clara,085,1922200,118506,119222,770,119992,2029
2021-05-20,Santa Cruz,087,273765,16204,16119,817,16936,207
2021-05-20,Shasta,089,179085,12270,12266,1568,13834,200
2021-05-20,Sierra,091,2930,56,54,12,66,0
2021-05-20,Siskiyou,093,43540,1908,1811,351,2162,16
2021-05-20,Solano,095,438530,32745,32725,555,33280,253
2021-05-20,Sonoma,097,501317,29983,30107,328,30435,321
2021-05-20,Stanislaus,099,539301,56249,55979,5952,61931,970
2021-05-20,Sutter,101,95872,9489,9467,88,9555,113
2021-05-20,Tehama,103,63373,5063,5029,577,5606,63
2021-05-20,Trinity,105,12862,484,329,93,422,3
2021-05-20,Tulare,107,460477,50176,49217,9078,58295,837
2021-05-20,Tuolumne,109,53932,4073,4077,37,4114,65
2021-05-20,Ventura,111,848112,81323,80800,2991,83791,1019
2021-05-20,Yolo,113,214977,13976,13973,317,14290,211
2021-05-20,Yuba,115,75493,6031,6002,124,6126,49
2021-05-19,Alameda,001,1643700,87968,87889,1957,89846,1260
2021-05-19,Alpine,003,1148,87,88,0,88,0
2021-05-19,Amador,005,37829,3670,3669,33,3702,46
2021-05-19,Butte,007,227075,12489,12198,1822,14020,188
2021-05-19,Calaveras,009,45235,2141,2132,14,2146,54
2021-05-19,Colusa,011,21464,1942,1945,306,2251,15
2021-05-19,Contra Costa,013,1133247,69368,68836,1270,70106,808
2021-05-19,Del Norte,015,27424,1406,1371,12,1383,8
2021-05-19,El Dorado,017,186661,10254,10179,724,10903,112
2021-05-19,Fresno,019,978130,102656,102085,8735,110820,1693
2021-05-19,Glenn,021,27897,2425,2404,560,2964,17
2021-05-19,Humboldt,023,135768,4203,4143,34,4177,42
2021-05-19,Imperial,025,180216,28574,28550,2809,31359,732
2021-05-19,Inyo,027,18085,1403,1402,12,1414,36
2021-05-19,Kern,029,883053,97201,96173,10911,107084,1316
2021-05-19,Kings,031,150075,23133,22919,1094,24013,246
2021-05-19,Lake,033,64148,3515,3497,9,3506,43
2021-05-19,Lassen,035,31185,5194,5157,112,5269,6
2021-05-19,Los Angeles,037,10098052,1203754,1196856,41729,1238585,24143
2021-05-19,Madera,039,155013,16602,16496,936,17432,238
2021-05-19,Marin,041,260295,14051,14033,255,14288,227
2021-05-19,Mariposa,043,17540,428,425,11,436,5
2021-05-19,Mendocino,045,87422,3962,3886,75,3961,47
2021-05-19,Merced,047,269075,31003,31044,987,32031,452
2021-05-19,Modoc,049,8938,375,364,127,491,3
2021-05-19,Mono,051,14174,1253,1266,15,1281,3
2021-05-19,Monterey,053,433212,43124,42973,1876,44849,379
2021-05-19,Napa,055,140530,9902,9906,36,9942,82
2021-05-19,Nevada,057,99092,4807,4769,194,4963,70
2021-05-19,Orange,059,3164182,255322,254087,11339,265426,5035
2021-05-19,Placer,061,380077,23196,22784,1503,24287,291
2021-05-19,Plumas,063,18699,698,682,10,692,4
2021-05-19,Riverside,065,2383286,293848,288398,13980,302378,4442
2021-05-19,Sacramento,067,1510023,105672,105225,1768,106993,1629
2021-05-19,San Benito,069,59416,6062,6064,115,6179,63
2021-05-19,San Bernardino,071,2135413,293064,292078,8992,301070,4725
2021-05-19,San Diego,073,3302833,280173,279345,14870,294215,3746
2021-05-19,San Francisco,075,870044,36672,36835,1303,38138,546
2021-05-19,San Joaquin,077,732212,72954,72338,3563,75901,1369
2021-05-19,San Luis Obispo,079,281455,21266,21085,741,21826,256
2021-05-19,San Mateo,081,765935,42319,42126,470,42596,429
2021-05-19,Santa Barbara,083,443738,34968,34292,1198,35490,459
2021-05-19,Santa Clara,085,1922200,118466,119176,769,119945,2015
2021-05-19,Santa Cruz,087,273765,16200,16121,816,16937,207
2021-05-19,Shasta,089,179085,12252,12233,1564,13797,200
2021-05-19,Sierra,091,2930,56,54,12,66,0
2021-05-19,Siskiyou,093,43540,1905,1803,350,2153,16
2021-05-19,Solano,095,438530,32718,32678,553,33231,253
2021-05-19,Sonoma,097,501317,29968,30080,328,30408,321
2021-05-19,Stanislaus,099,539301,56227,55912,5947,61859,967
2021-05-19,Sutter,101,95872,9482,9459,87,9546,113
2021-05-19,Tehama,103,63373,5055,5026,574,5600,63
2021-05-19,Trinity,105,12862,484,329,93,422,3
2021-05-19,Tulare,107,460477,50163,49163,9073,58236,837
2021-05-19,Tuolumne,109,53932,4073,4074,37,4111,64
2021-05-19,Ventura,111,848112,81307,80747,2990,83737,1019
2021-05-19,Yolo,113,214977,13970,13961,316,14277,211
2021-05-19,Yuba,115,75493,6027,5993,124,6117,49
2021-05-18,Alameda,001,1643700,87895,87816,1957,89773,1254
2021-05-18,Alpine,003,1148,87,88,0,88,0
2021-05-18,Amador,005,37829,3670,3669,33,3702,46
2021-05-18,Butte,007,227075,12476,12164,1820,13984,191
2021-05-18,Calaveras,009,45235,2137,2131,14,2145,54
2021-05-18,Colusa,011,21464,1942,1943,306,2249,14
2021-05-18,Contra Costa,013,1133247,69311,68750,1269,70019,808
2021-05-18,Del Norte,015,27424,1403,1371,12,1383,8
2021-05-18,El Dorado,017,186661,10243,10169,723,10892,112
2021-05-18,Fresno,019,978130,102618,102056,8732,110788,1690
2021-05-18,Glenn,021,27897,2419,2403,559,2962,17
2021-05-18,Humboldt,023,135768,4185,4132,34,4166,42
2021-05-18,Imperial,025,180216,28568,28538,2807,31345,730
2021-05-18,Inyo,027,18085,1403,1401,12,1413,36
2021-05-18,Kern,029,883053,97167,96128,10897,107025,1315
2021-05-18,Kings,031,150075,23127,22916,1094,24010,247
2021-05-18,Lake,033,64148,3513,3495,9,3504,43
2021-05-18,Lassen,035,31185,5193,5157,111,5268,6
2021-05-18,Los Angeles,037,10098052,1203576,1196668,41717,1238385,24133
2021-05-18,Madera,039,155013,16592,16491,935,17426,238
2021-05-18,Marin,041,260295,14048,14026,255,14281,227
2021-05-18,Mariposa,043,17540,428,424,11,435,5
2021-05-18,Mendocino,045,87422,3951,3877,74,3951,47
2021-05-18,Merced,047,269075,30984,31036,987,32023,452
2021-05-18,Modoc,049,8938,374,364,126,490,3
2021-05-18,Mono,051,14174,1252,1265,15,1280,3
2021-05-18,Monterey,053,433212,43118,43001,1876,44877,379
2021-05-18,Napa,055,140530,9902,9905,36,9941,82
2021-05-18,Nevada,057,99092,4800,4762,194,4956,70
2021-05-18,Orange,059,3164182,255281,254041,11329,265370,5031
2021-05-18,Placer,061,380077,23163,22726,1499,24225,291
2021-05-18,Plumas,063,18699,698,682,10,692,4
2021-05-18,Riverside,065,2383286,293793,288354,13973,302327,4438
2021-05-18,Sacramento,067,1510023,105571,105083,1766,106849,1629
2021-05-18,San Benito,069,59416,6061,6065,115,6180,63
2021-05-18,San Bernardino,071,2135413,293006,292014,8987,301001,4722
2021-05-18,San Diego,073,3302833,280065,279254,14861,294115,3742
2021-05-18,San Francisco,075,870044,36652,36818,1303,38121,546
2021-05-18,San Joaquin,077,732212,72907,72282,3559,75841,1368
2021-05-18,San Luis Obispo,079,281455,21256,21080,739,21819,256
2021-05-18,San Mateo,081,765935,42307,42099,469,42568,428
2021-05-18,Santa Barbara,083,443738,34959,34278,1198,35476,459
2021-05-18,Santa Clara,085,1922200,118439,119171,769,119940,2014
2021-05-18,Santa Cruz,087,273765,16192,16137,816,16953,207
2021-05-18,Shasta,089,179085,12234,12197,1558,13755,200
2021-05-18,Sierra,091,2930,56,54,12,66,0
2021-05-18,Siskiyou,093,43540,1904,1799,350,2149,16
2021-05-18,Solano,095,438530,32693,32644,553,33197,253
2021-05-18,Sonoma,097,501317,29948,30054,327,30381,321
2021-05-18,Stanislaus,099,539301,56188,55860,5947,61807,959
2021-05-18,Sutter,101,95872,9474,9453,87,9540,113
2021-05-18,Tehama,103,63373,5051,5020,571,5591,63
2021-05-18,Trinity,105,12862,484,329,92,421,3
2021-05-18,Tulare,107,460477,50155,49142,9068,58210,836
2021-05-18,Tuolumne,109,53932,4071,4073,37,4110,64
2021-05-18,Ventura,111,848112,81291,80726,2987,83713,1017
2021-05-18,Yolo,113,214977,13963,13951,315,14266,211
2021-05-18,Yuba,115,75493,6023,5989,123,6112,49
2021-05-17,Alameda,001,1643700,87843,87766,1954,89720,1253
2021-05-17,Alpine,003,1148,87,88,0,88,0
2021-05-17,Amador,005,37829,3667,3668,33,3701,46
2021-05-17,Butte,007,227075,12468,12144,1820,13964,192
2021-05-17,Calaveras,009,45235,2137,2131,14,2145,53
2021-05-17,Colusa,011,21464,1942,1943,306,2249,14
2021-05-17,Contra Costa,013,1133247,69256,68720,1268,69988,805
2021-05-17,Del Norte,015,27424,1398,1369,12,1381,8
2021-05-17,El Dorado,017,186661,10226,10163,723,10886,112
2021-05-17,Fresno,019,978130,102575,102013,8724,110737,1690
2021-05-17,Glenn,021,27897,2419,2401,559,2960,17
2021-05-17,Humboldt,023,135768,4174,4112,34,4146,42
2021-05-17,Imperial,025,180216,28562,28533,2804,31337,729
2021-05-17,Inyo,027,18085,1403,1401,12,1413,36
2021-05-17,Kern,029,883053,97138,96095,10880,106975,1315
2021-05-17,Kings,031,150075,23124,22918,1094,24012,246
2021-05-17,Lake,033,64148,3508,3489,9,3498,43
2021-05-17,Lassen,035,31185,5190,5156,110,5266,6
2021-05-17,Los Angeles,037,10098052,1203402,1196556,41711,1238267,24123
2021-05-17,Madera,039,155013,16585,16486,935,17421,238
2021-05-17,Marin,041,260295,14042,14021,255,14276,227
2021-05-17,Mariposa,043,17540,427,423,11,434,5
2021-05-17,Mendocino,045,87422,3942,3868,74,3942,46
2021-05-17,Merced,047,269075,30969,31031,987,32018,450
2021-05-17,Modoc,049,8938,373,362,126,488,3
2021-05-17,Mono,051,14174,1248,1265,15,1280,3
2021-05-17,Monterey,053,433212,43111,42995,1876,44871,379
2021-05-17,Napa,055,140530,9901,9894,36,9930,82
2021-05-17,Nevada,057,99092,4795,4761,193,4954,70
2021-05-17,Orange,059,3164182,255235,253993,11322,265315,5031
2021-05-17,Placer,061,380077,23137,22706,1492,24198,289
2021-05-17,Plumas,063,18699,698,682,10,692,4
2021-05-17,Riverside,065,2383286,293724,288304,13969,302273,4433
2021-05-17,Sacramento,067,1510023,105463,105035,1763,106798,1629
2021-05-17,San Benito,069,59416,6058,6067,115,6182,63
2021-05-17,San Bernardino,071,2135413,292957,291989,8979,300968,4724
2021-05-17,San Diego,073,3302833,279933,279146,14839,293985,3742
2021-05-17,San Francisco,075,870044,36640,36816,1301,38117,546
2021-05-17,San Joaquin,077,732212,72869,72234,3556,75790,1359
2021-05-17,San Luis Obispo,079,281455,21247,21079,737,21816,256
2021-05-17,San Mateo,081,765935,42279,42083,469,42552,428
2021-05-17,Santa Barbara,083,443738,34952,34275,1198,35473,459
2021-05-17,Santa Clara,085,1922200,118402,119116,767,119883,2015
2021-05-17,Santa Cruz,087,273765,16189,16151,816,16967,206
2021-05-17,Shasta,089,179085,12212,12163,1557,13720,200
2021-05-17,Sierra,091,2930,56,54,12,66,0
2021-05-17,Siskiyou,093,43540,1895,1795,347,2142,15
2021-05-17,Solano,095,438530,32675,32627,552,33179,253
2021-05-17,Sonoma,097,501317,29925,30043,326,30369,321
2021-05-17,Stanislaus,099,539301,56137,55839,5940,61779,951
2021-05-17,Sutter,101,95872,9467,9447,87,9534,113
2021-05-17,Tehama,103,63373,5048,5016,570,5586,63
2021-05-17,Trinity,105,12862,484,328,92,420,3
2021-05-17,Tulare,107,460477,50133,49107,9061,58168,836
2021-05-17,Tuolumne,109,53932,4071,4071,37,4108,64
2021-05-17,Ventura,111,848112,81271,80699,2987,83686,1017
2021-05-17,Yolo,113,214977,13956,13941,315,14256,211
2021-05-17,Yuba,115,75493,6015,5987,123,6110,49
2021-05-16,Alameda,001,1643700,87779,87743,1954,89697,1253
2021-05-16,Alpine,003,1148,87,88,0,88,0
2021-05-16,Amador,005,37829,3666,3667,33,3700,46
2021-05-16,Butte,007,227075,12454,12140,1820,13960,192
2021-05-16,Calaveras,009,45235,2135,2129,14,2143,53
2021-05-16,Colusa,011,21464,1940,1943,306,2249,14
2021-05-16,Contra Costa,013,1133247,69188,68694,1265,69959,805
2021-05-16,Del Norte,015,27424,1395,1365,12,1377,8
2021-05-16,El Dorado,017,186661,10210,10159,722,10881,112
2021-05-16,Fresno,019,978130,102531,101987,8718,110705,1690
2021-05-16,Glenn,021,27897,2419,2401,558,2959,17
2021-05-16,Humboldt,023,135768,4159,4104,34,4138,42
2021-05-16,Imperial,025,180216,28551,28516,2803,31319,729
2021-05-16,Inyo,027,18085,1403,1401,12,1413,36
2021-05-16,Kern,029,883053,97105,96083,10859,106942,1315
2021-05-16,Kings,031,150075,23120,22918,1091,24009,246
2021-05-16,Lake,033,64148,3505,3489,9,3498,43
2021-05-16,Lassen,035,31185,5189,5156,110,5266,6
2021-05-16,Los Angeles,037,10098052,1203182,1196397,41695,1238092,24120
2021-05-16,Madera,039,155013,16580,16483,932,17415,238
2021-05-16,Marin,041,260295,14039,14015,255,14270,227
2021-05-16,Mariposa,043,17540,427,423,11,434,5
2021-05-16,Mendocino,045,87422,3932,3863,74,3937,46
2021-05-16,Merced,047,269075,30948,31023,985,32008,450
2021-05-16,Modoc,049,8938,373,362,126,488,3
2021-05-16,Mono,051,14174,1248,1265,15,1280,3
2021-05-16,Monterey,053,433212,43106,42991,1876,44867,379
2021-05-16,Napa,055,140530,9898,9891,36,9927,82
2021-05-16,Nevada,057,99092,4790,4755,193,4948,70
2021-05-16,Orange,059,3164182,255202,253962,11319,265281,5031
2021-05-16,Placer,061,380077,23105,22696,1486,24182,289
2021-05-16,Plumas,063,18699,697,682,10,692,4
2021-05-16,Riverside,065,2383286,293648,288259,13961,302220,4433
2021-05-16,Sacramento,067,1510023,105349,105013,1761,106774,1628
2021-05-16,San Benito,069,59416,6057,6067,114,6181,63
2021-05-16,San Bernardino,071,2135413,292884,291940,8977,300917,4724
2021-05-16,San Diego,073,3302833,279815,279099,14826,293925,3742
2021-05-16,San Francisco,075,870044,36618,36808,1300,38108,546
2021-05-16,San Joaquin,077,732212,72821,72218,3551,75769,1359
2021-05-16,San Luis Obispo,079,281455,21240,21072,735,21807,256
2021-05-16,San Mateo,081,765935,42268,42063,468,42531,428
2021-05-16,Santa Barbara,083,443738,34945,34270,1198,35468,459
2021-05-16,Santa Clara,085,1922200,118373,119098,766,119864,2015
2021-05-16,Santa Cruz,087,273765,16187,16143,816,16959,206
2021-05-16,Shasta,089,179085,12196,12156,1553,13709,200
2021-05-16,Sierra,091,2930,56,54,12,66,0
2021-05-16,Siskiyou,093,43540,1891,1790,346,2136,15
2021-05-16,Solano,095,438530,32642,32619,550,33169,253
2021-05-16,Sonoma,097,501317,29906,30033,326,30359,321
2021-05-16,Stanislaus,099,539301,56082,55814,5928,61742,951
2021-05-16,Sutter,101,95872,9460,9445,87,9532,113
2021-05-16,Tehama,103,63373,5044,5013,569,5582,63
2021-05-16,Trinity,105,12862,484,328,92,420,3
2021-05-16,Tulare,107,460477,50116,49091,9058,58149,837
2021-05-16,Tuolumne,109,53932,4067,4070,37,4107,64
2021-05-16,Ventura,111,848112,81240,80689,2987,83676,1017
2021-05-16,Yolo,113,214977,13941,13938,315,14253,211
2021-05-16,Yuba,115,75493,6012,5987,123,6110,49
2021-05-15,Alameda,001,1643700,87753,87677,1953,89630,1252
2021-05-15,Alpine,003,1148,87,88,0,88,0
2021-05-15,Amador,005,37829,3666,3666,33,3699,46
2021-05-15,Butte,007,227075,12447,12095,1819,13914,192
2021-05-15,Calaveras,009,45235,2134,2126,14,2140,53
2021-05-15,Colusa,011,21464,1940,1941,304,2245,14
2021-05-15,Contra Costa,013,1133247,69142,68658,1265,69923,805
2021-05-15,Del Norte,015,27424,1390,1359,12,1371,8
2021-05-15,El Dorado,017,186661,10198,10156,721,10877,112
2021-05-15,Fresno,019,978130,102494,101957,8715,110672,1690
2021-05-15,Glenn,021,27897,2419,2400,558,2958,17
2021-05-15,Humboldt,023,135768,4149,4080,34,4114,42
2021-05-15,Imperial,025,180216,28548,28504,2802,31306,729
2021-05-15,Inyo,027,18085,1403,1402,12,1414,36
2021-05-15,Kern,029,883053,97091,96061,10844,106905,1315
2021-05-15,Kings,031,150075,23119,22913,1091,24004,246
2021-05-15,Lake,033,64148,3504,3485,9,3494,43
2021-05-15,Lassen,035,31185,5186,5156,109,5265,6
2021-05-15,Los Angeles,037,10098052,1203060,1196255,41682,1237937,24115
2021-05-15,Madera,039,155013,16577,16482,932,17414,238
2021-05-15,Marin,041,260295,14035,14012,255,14267,227
2021-05-15,Mariposa,043,17540,427,423,11,434,5
2021-05-15,Mendocino,045,87422,3929,3861,74,3935,46
2021-05-15,Merced,047,269075,30927,31012,985,31997,450
2021-05-15,Modoc,049,8938,373,362,126,488,3
2021-05-15,Mono,051,14174,1248,1265,15,1280,3
2021-05-15,Monterey,053,433212,43102,42982,1876,44858,379
2021-05-15,Napa,055,140530,9895,9887,36,9923,82
2021-05-15,Nevada,057,99092,4789,4755,193,4948,70
2021-05-15,Orange,059,3164182,255175,253919,11312,265231,5030
2021-05-15,Placer,061,380077,23084,22688,1486,24174,289
2021-05-15,Plumas,063,18699,697,681,10,691,4
2021-05-15,Riverside,065,2383286,293606,288203,13956,302159,4433
2021-05-15,Sacramento,067,1510023,105277,104929,1758,106687,1628
2021-05-15,San Benito,069,59416,6057,6066,114,6180,63
2021-05-15,San Bernardino,071,2135413,292842,291892,8975,300867,4724
2021-05-15,San Diego,073,3302833,279744,278991,14811,293802,3737
2021-05-15,San Francisco,075,870044,36602,36795,1298,38093,546
2021-05-15,San Joaquin,077,732212,72795,72197,3549,75746,1359
2021-05-15,San Luis Obispo,079,281455,21237,21061,734,21795,256
2021-05-15,San Mateo,081,765935,42252,42059,468,42527,428
2021-05-15,Santa Barbara,083,443738,34938,34259,1198,35457,459
2021-05-15,Santa Clara,085,1922200,118353,119060,766,119826,2016
2021-05-15,Santa Cruz,087,273765,16183,16137,816,16953,206
2021-05-15,Shasta,089,179085,12184,12152,1550,13702,200
2021-05-15,Sierra,091,2930,56,54,12,66,0
2021-05-15,Siskiyou,093,43540,1885,1788,344,2132,15
2021-05-15,Solano,095,438530,32633,32604,549,33153,253
2021-05-15,Sonoma,097,501317,29887,30020,326,30346,321
2021-05-15,Stanislaus,099,539301,56050,55795,5921,61716,952
2021-05-15,Sutter,101,95872,9458,9436,87,9523,113
2021-05-15,Tehama,103,63373,5040,5012,567,5579,63
2021-05-15,Trinity,105,12862,484,328,92,420,3
2021-05-15,Tulare,107,460477,50106,49080,9054,58134,837
2021-05-15,Tuolumne,109,53932,4065,4064,37,4101,63
2021-05-15,Ventura,111,848112,81229,80662,2987,83649,1017
2021-05-15,Yolo,113,214977,13934,13932,314,14246,211
2021-05-15,Yuba,115,75493,6009,5979,122,6101,49
2021-05-14,Alameda,001,1643700,87719,87621,1950,89571,1249
2021-05-14,Alpine,003,1148,87,88,0,88,0
2021-05-14,Amador,005,37829,3666,3665,33,3698,46
2021-05-14,Butte,007,227075,12438,12076,1816,13892,192
2021-05-14,Calaveras,009,45235,2130,2121,14,2135,53
2021-05-14,Colusa,011,21464,1939,1940,303,2243,14
2021-05-14,Contra Costa,013,1133247,69100,68589,1263,69852,806
2021-05-14,Del Norte,015,27424,1390,1355,12,1367,8
2021-05-14,El Dorado,017,186661,10191,10143,720,10863,113
2021-05-14,Fresno,019,978130,102465,101917,8709,110626,1688
2021-05-14,Glenn,021,27897,2418,2398,558,2956,17
2021-05-14,Humboldt,023,135768,4141,4050,34,4084,37
2021-05-14,Imperial,025,180216,28541,28485,2801,31286,728
2021-05-14,Inyo,027,18085,1403,1400,12,1412,36
2021-05-14,Kern,029,883053,97061,96033,10835,106868,1311
2021-05-14,Kings,031,150075,23118,22910,1091,24001,246
2021-05-14,Lake,033,64148,3500,3483,9,3492,43
2021-05-14,Lassen,035,31185,5186,5154,109,5263,6
2021-05-14,Los Angeles,037,10098052,1202926,1196038,41677,1237715,24101
2021-05-14,Madera,039,155013,16574,16474,932,17406,238
2021-05-14,Marin,041,260295,14031,14010,255,14265,227
2021-05-14,Mariposa,043,17540,427,422,11,433,5
2021-05-14,Mendocino,045,87422,3927,3855,74,3929,46
2021-05-14,Merced,047,269075,30917,31010,985,31995,450
2021-05-14,Modoc,049,8938,373,362,126,488,3
2021-05-14,Mono,051,14174,1247,1265,15,1280,3
2021-05-14,Monterey,053,433212,43097,42973,1876,44849,380
2021-05-14,Napa,055,140530,9892,9883,36,9919,82
2021-05-14,Nevada,057,99092,4784,4745,193,4938,70
2021-05-14,Orange,059,3164182,255142,253855,11305,265160,5028
2021-05-14,Placer,061,380077,23065,22660,1480,24140,287
2021-05-14,Plumas,063,18699,696,680,10,690,4
2021-05-14,Riverside,065,2383286,293556,288140,13953,302093,4433
2021-05-14,Sacramento,067,1510023,105188,104828,1757,106585,1627
2021-05-14,San Benito,069,59416,6057,6064,114,6178,63
2021-05-14,San Bernardino,071,2135413,292794,291834,8975,300809,4721
2021-05-14,San Diego,073,3302833,279671,278853,14800,293653,3732
2021-05-14,San Francisco,075,870044,36593,36771,1294,38065,545
2021-05-14,San Joaquin,077,732212,72763,72160,3542,75702,1359
2021-05-14,San Luis Obispo,079,281455,21233,21051,734,21785,256
2021-05-14,San Mateo,081,765935,42241,42041,468,42509,428
2021-05-14,Santa Barbara,083,443738,34928,34243,1198,35441,456
2021-05-14,Santa Clara,085,1922200,118324,119006,766,119772,2014
2021-05-14,Santa Cruz,087,273765,16178,16130,816,16946,207
2021-05-14,Shasta,089,179085,12178,12130,1545,13675,200
2021-05-14,Sierra,091,2930,56,54,12,66,0
2021-05-14,Siskiyou,093,43540,1878,1779,343,2122,14
2021-05-14,Solano,095,438530,32613,32585,548,33133,252
2021-05-14,Sonoma,097,501317,29869,30007,326,30333,321
2021-05-14,Stanislaus,099,539301,56014,55752,5915,61667,950
2021-05-14,Sutter,101,95872,9449,9433,85,9518,113
2021-05-14,Tehama,103,63373,5033,5005,567,5572,63
2021-05-14,Trinity,105,12862,484,328,92,420,3
2021-05-14,Tulare,107,460477,50089,49060,9049,58109,836
2021-05-14,Tuolumne,109,53932,4065,4060,37,4097,63
2021-05-14,Ventura,111,848112,81215,80628,2987,83615,1014
2021-05-14,Yolo,113,214977,13929,13922,310,14232,210
2021-05-14,Yuba,115,75493,6005,5970,122,6092,47
2021-05-13,Alameda,001,1643700,87674,87557,1949,89506,1250
2021-05-13,Alpine,003,1148,87,88,0,88,0
2021-05-13,Amador,005,37829,3666,3662,33,3695,46
2021-05-13,Butte,007,227075,12425,12051,1815,13866,196
2021-05-13,Calaveras,009,45235,2130,2120,14,2134,53
2021-05-13,Colusa,011,21464,1938,1939,299,2238,14
2021-05-13,Contra Costa,013,1133247,69052,68522,1262,69784,806
2021-05-13,Del Norte,015,27424,1388,1354,12,1366,8
2021-05-13,El Dorado,017,186661,10189,10133,720,10853,112
2021-05-13,Fresno,019,978130,102436,101862,8708,110570,1687
2021-05-13,Glenn,021,27897,2417,2395,558,2953,17
2021-05-13,Humboldt,023,135768,4123,4027,34,4061,37
2021-05-13,Imperial,025,180216,28526,28468,2798,31266,729
2021-05-13,Inyo,027,18085,1403,1400,12,1412,36
2021-05-13,Kern,029,883053,97037,95996,10817,106813,1311
2021-05-13,Kings,031,150075,23117,22904,1091,23995,246
2021-05-13,Lake,033,64148,3498,3479,9,3488,43
2021-05-13,Lassen,035,31185,5186,5152,108,5260,6
2021-05-13,Los Angeles,037,10098052,1202737,1195504,41664,1237168,24083
2021-05-13,Madera,039,155013,16566,16467,932,17399,238
2021-05-13,Marin,041,260295,14026,14004,253,14257,227
2021-05-13,Mariposa,043,17540,427,422,11,433,5
2021-05-13,Mendocino,045,87422,3923,3846,74,3920,46
2021-05-13,Merced,047,269075,30909,30989,985,31974,450
2021-05-13,Modoc,049,8938,373,362,126,488,3
2021-05-13,Mono,051,14174,1247,1265,15,1280,3
2021-05-13,Monterey,053,433212,43082,42966,1876,44842,380
2021-05-13,Napa,055,140530,9885,9877,36,9913,82
2021-05-13,Nevada,057,99092,4780,4743,192,4935,70
2021-05-13,Orange,059,3164182,255099,253778,11303,265081,5026
2021-05-13,Placer,061,380077,23041,22668,1473,24141,288
2021-05-13,Plumas,063,18699,696,680,10,690,4
2021-05-13,Riverside,065,2383286,293489,288067,13948,302015,4433
2021-05-13,Sacramento,067,1510023,105101,104711,1755,106466,1626
2021-05-13,San Benito,069,59416,6055,6062,114,6176,63
2021-05-13,San Bernardino,071,2135413,292728,291765,8975,300740,4722
2021-05-13,San Diego,073,3302833,279557,278592,14783,293375,3729
2021-05-13,San Francisco,075,870044,36569,36741,1292,38033,544
2021-05-13,San Joaquin,077,732212,72720,72096,3538,75634,1357
2021-05-13,San Luis Obispo,079,281455,21218,21043,733,21776,255
2021-05-13,San Mateo,081,765935,42224,42059,468,42527,426
2021-05-13,Santa Barbara,083,443738,34916,34242,1198,35440,456
2021-05-13,Santa Clara,085,1922200,118297,118952,766,119718,2013
2021-05-13,Santa Cruz,087,273765,16172,16129,816,16945,208
2021-05-13,Shasta,089,179085,12158,12111,1541,13652,200
2021-05-13,Sierra,091,2930,56,54,12,66,0
2021-05-13,Siskiyou,093,43540,1871,1769,340,2109,14
2021-05-13,Solano,095,438530,32600,32548,546,33094,252
2021-05-13,Sonoma,097,501317,29844,29991,326,30317,321
2021-05-13,Stanislaus,099,539301,55976,55678,5909,61587,949
2021-05-13,Sutter,101,95872,9444,9431,84,9515,112
2021-05-13,Tehama,103,63373,5028,4997,567,5564,63
2021-05-13,Trinity,105,12862,483,327,91,418,3
2021-05-13,Tulare,107,460477,50063,49032,9041,58073,837
2021-05-13,Tuolumne,109,53932,4064,4059,37,4096,63
2021-05-13,Ventura,111,848112,81185,80615,2986,83601,1012
2021-05-13,Yolo,113,214977,13920,13914,308,14222,210
2021-05-13,Yuba,115,75493,5996,5962,122,6084,47
2021-05-12,Alameda,001,1643700,87640,87482,1947,89429,1261
2021-05-12,Alpine,003,1148,87,88,0,88,0
2021-05-12,Amador,005,37829,3666,3658,33,3691,46
2021-05-12,Butte,007,227075,12415,12026,1815,13841,199
2021-05-12,Calaveras,009,45235,2127,2119,14,2133,53
2021-05-12,Colusa,011,21464,1936,1939,298,2237,14
2021-05-12,Contra Costa,013,1133247,68994,68462,1256,69718,805
2021-05-12,Del Norte,015,27424,1386,1352,12,1364,8
2021-05-12,El Dorado,017,186661,10180,10123,720,10843,112
2021-05-12,Fresno,019,978130,102387,101838,8697,110535,1688
2021-05-12,Glenn,021,27897,2414,2391,558,2949,17
2021-05-12,Humboldt,023,135768,4095,3982,34,4016,37
2021-05-12,Imperial,025,180216,28508,28443,2795,31238,726
2021-05-12,Inyo,027,18085,1403,1400,12,1412,36
2021-05-12,Kern,029,883053,97001,95955,10810,106765,1310
2021-05-12,Kings,031,150075,23115,22896,1091,23987,246
2021-05-12,Lake,033,64148,3496,3476,9,3485,43
2021-05-12,Lassen,035,31185,5184,5151,108,5259,6
2021-05-12,Los Angeles,037,10098052,1202557,1195318,41648,1236966,24067
2021-05-12,Madera,039,155013,16559,16462,931,17393,238
2021-05-12,Marin,041,260295,14021,13997,253,14250,227
2021-05-12,Mariposa,043,17540,427,422,11,433,5
2021-05-12,Mendocino,045,87422,3913,3836,74,3910,46
2021-05-12,Merced,047,269075,30893,30941,985,31926,450
2021-05-12,Modoc,049,8938,372,362,126,488,3
2021-05-12,Mono,051,14174,1247,1265,15,1280,3
2021-05-12,Monterey,053,433212,43070,42950,1875,44825,380
2021-05-12,Napa,055,140530,9879,9870,36,9906,82
2021-05-12,Nevada,057,99092,4776,4738,192,4930,70
2021-05-12,Orange,059,3164182,255047,253587,11300,264887,5024
2021-05-12,Placer,061,380077,23023,22652,1466,24118,288
2021-05-12,Plumas,063,18699,696,681,10,691,4
2021-05-12,Riverside,065,2383286,293419,287830,13944,301774,4431
2021-05-12,Sacramento,067,1510023,105005,104592,1754,106346,1621
2021-05-12,San Benito,069,59416,6055,6062,114,6176,63
2021-05-12,San Bernardino,071,2135413,292680,291505,8970,300475,4715
2021-05-12,San Diego,073,3302833,279453,278402,14762,293164,3729
2021-05-12,San Francisco,075,870044,36550,36720,1291,38011,544
2021-05-12,San Joaquin,077,732212,72666,72043,3534,75577,1356
2021-05-12,San Luis Obispo,079,281455,21208,21021,733,21754,255
2021-05-12,San Mateo,081,765935,42215,42038,466,42504,426
2021-05-12,Santa Barbara,083,443738,34909,34218,1198,35416,456
2021-05-12,Santa Clara,085,1922200,118254,118897,766,119663,2005
2021-05-12,Santa Cruz,087,273765,16166,16123,816,16939,207
2021-05-12,Shasta,089,179085,12138,12092,1539,13631,200
2021-05-12,Sierra,091,2930,56,54,12,66,0
2021-05-12,Siskiyou,093,43540,1867,1760,339,2099,13
2021-05-12,Solano,095,438530,32576,32519,546,33065,252
2021-05-12,Sonoma,097,501317,29832,29976,326,30302,320
2021-05-12,Stanislaus,099,539301,55934,55632,5902,61534,919
2021-05-12,Sutter,101,95872,9441,9427,84,9511,112
2021-05-12,Tehama,103,63373,5024,4989,567,5556,62
2021-05-12,Trinity,105,12862,483,327,91,418,3
2021-05-12,Tulare,107,460477,50047,49001,9033,58034,838
2021-05-12,Tuolumne,109,53932,4063,4056,37,4093,63
2021-05-12,Ventura,111,848112,81166,80577,2986,83563,1010
2021-05-12,Yolo,113,214977,13913,13910,307,14217,210
2021-05-12,Yuba,115,75493,5993,5956,122,6078,47
2021-05-11,Alameda,001,1643700,87576,87413,1943,89356,1290
2021-05-11,Alpine,003,1148,87,88,0,88,0
2021-05-11,Amador,005,37829,3664,3657,33,3690,46
2021-05-11,Butte,007,227075,12400,12008,1812,13820,199
2021-05-11,Calaveras,009,45235,2127,2118,14,2132,52
2021-05-11,Colusa,011,21464,1935,1939,298,2237,14
2021-05-11,Contra Costa,013,1133247,68934,68406,1255,69661,806
2021-05-11,Del Norte,015,27424,1384,1347,12,1359,8
2021-05-11,El Dorado,017,186661,10174,10108,719,10827,112
2021-05-11,Fresno,019,978130,102341,101792,8691,110483,1686
2021-05-11,Glenn,021,27897,2413,2387,557,2944,17
2021-05-11,Humboldt,023,135768,4074,3964,33,3997,37
2021-05-11,Imperial,025,180216,28500,28413,2791,31204,722
2021-05-11,Inyo,027,18085,1402,1402,12,1414,36
2021-05-11,Kern,029,883053,96973,95938,10797,106735,1310
2021-05-11,Kings,031,150075,23107,22887,1091,23978,246
2021-05-11,Lake,033,64148,3496,3473,9,3482,43
2021-05-11,Lassen,035,31185,5182,5148,108,5256,6
2021-05-11,Los Angeles,037,10098052,1202321,1195100,41636,1236736,24048
2021-05-11,Madera,039,155013,16555,16459,931,17390,238
2021-05-11,Marin,041,260295,14014,13987,253,14240,227
2021-05-11,Mariposa,043,17540,427,421,11,432,5
2021-05-11,Mendocino,045,87422,3905,3821,74,3895,46
2021-05-11,Merced,047,269075,30884,30893,985,31878,449
2021-05-11,Modoc,049,8938,372,362,125,487,3
2021-05-11,Mono,051,14174,1247,1265,15,1280,3
2021-05-11,Monterey,053,433212,43062,42934,1874,44808,380
2021-05-11,Napa,055,140530,9872,9870,36,9906,81
2021-05-11,Nevada,057,99092,4772,4737,192,4929,70
2021-05-11,Orange,059,3164182,254984,253545,11292,264837,5017
2021-05-11,Placer,061,380077,23001,22615,1462,24077,287
2021-05-11,Plumas,063,18699,694,679,10,689,4
2021-05-11,Riverside,065,2383286,293357,287757,13939,301696,4429
2021-05-11,Sacramento,067,1510023,104906,104496,1751,106247,1616
2021-05-11,San Benito,069,59416,6052,6058,114,6172,63
2021-05-11,San Bernardino,071,2135413,292620,291421,8968,300389,4707
2021-05-11,San Diego,073,3302833,279318,278308,14743,293051,3725
2021-05-11,San Francisco,075,870044,36530,36707,1291,37998,543
2021-05-11,San Joaquin,077,732212,72618,71999,3531,75530,1356
2021-05-11,San Luis Obispo,079,281455,21201,21008,731,21739,255
2021-05-11,San Mateo,081,765935,42196,41985,465,42450,425
2021-05-11,Santa Barbara,083,443738,34900,34207,1198,35405,456
2021-05-11,Santa Clara,085,1922200,118208,118857,765,119622,2005
2021-05-11,Santa Cruz,087,273765,16162,16113,816,16929,206
2021-05-11,Shasta,089,179085,12115,12050,1533,13583,200
2021-05-11,Sierra,091,2930,56,54,12,66,0
2021-05-11,Siskiyou,093,43540,1858,1756,337,2093,13
2021-05-11,Solano,095,438530,32558,32499,544,33043,250
2021-05-11,Sonoma,097,501317,29817,29966,326,30292,318
2021-05-11,Stanislaus,099,539301,55884,55589,5898,61487,909
2021-05-11,Sutter,101,95872,9434,9417,84,9501,112
2021-05-11,Tehama,103,63373,5020,4985,566,5551,62
2021-05-11,Trinity,105,12862,483,327,90,417,3
2021-05-11,Tulare,107,460477,50020,48974,9019,57993,837
2021-05-11,Tuolumne,109,53932,4062,4056,37,4093,63
2021-05-11,Ventura,111,848112,81142,80544,2983,83527,1008
2021-05-11,Yolo,113,214977,13900,13902,304,14206,210
2021-05-11,Yuba,115,75493,5984,5950,122,6072,46
2021-05-10,Alameda,001,1643700,87505,87366,1942,89308,1284
2021-05-10,Alpine,003,1148,87,88,0,88,0
2021-05-10,Amador,005,37829,3663,3657,33,3690,46
2021-05-10,Butte,007,227075,12384,11993,1808,13801,199
2021-05-10,Calaveras,009,45235,2120,2118,14,2132,52
2021-05-10,Colusa,011,21464,1935,1939,298,2237,14
2021-05-10,Contra Costa,013,1133247,68871,68357,1255,69612,806
2021-05-10,Del Norte,015,27424,1381,1339,12,1351,8
2021-05-10,El Dorado,017,186661,10160,10093,719,10812,113
2021-05-10,Fresno,019,978130,102310,101755,8684,110439,1682
2021-05-10,Glenn,021,27897,2412,2384,555,2939,17
2021-05-10,Humboldt,023,135768,4044,3961,33,3994,36
2021-05-10,Imperial,025,180216,28486,28397,2787,31184,722
2021-05-10,Inyo,027,18085,1402,1401,12,1413,36
2021-05-10,Kern,029,883053,96930,95920,10783,106703,1310
2021-05-10,Kings,031,150075,23096,22884,1090,23974,246
2021-05-10,Lake,033,64148,3488,3471,9,3480,43
2021-05-10,Lassen,035,31185,5178,5148,108,5256,5
2021-05-10,Los Angeles,037,10098052,1202065,1194976,41620,1236596,24030
2021-05-10,Madera,039,155013,16545,16450,931,17381,238
2021-05-10,Marin,041,260295,14011,13981,253,14234,228
2021-05-10,Mariposa,043,17540,426,420,11,431,5
2021-05-10,Mendocino,045,87422,3899,3818,74,3892,46
2021-05-10,Merced,047,269075,30873,30880,985,31865,448
2021-05-10,Modoc,049,8938,372,361,125,486,3
2021-05-10,Mono,051,14174,1247,1265,15,1280,3
2021-05-10,Monterey,053,433212,43056,42927,1869,44796,380
2021-05-10,Napa,055,140530,9870,9860,36,9896,81
2021-05-10,Nevada,057,99092,4765,4735,192,4927,70
2021-05-10,Orange,059,3164182,254931,253484,11286,264770,5008
2021-05-10,Placer,061,380077,22979,22590,1459,24049,286
2021-05-10,Plumas,063,18699,693,679,10,689,4
2021-05-10,Riverside,065,2383286,293288,287689,13933,301622,4427
2021-05-10,Sacramento,067,1510023,104793,104378,1746,106124,1613
2021-05-10,San Benito,069,59416,6051,6058,114,6172,63
2021-05-10,San Bernardino,071,2135413,292568,291360,8967,300327,4707
2021-05-10,San Diego,073,3302833,279153,278183,14716,292899,3725
2021-05-10,San Francisco,075,870044,36511,36683,1291,37974,543
2021-05-10,San Joaquin,077,732212,72581,71954,3516,75470,1356
2021-05-10,San Luis Obispo,079,281455,21183,20993,730,21723,256
2021-05-10,San Mateo,081,765935,42178,41926,465,42391,424
2021-05-10,Santa Barbara,083,443738,34893,34201,1198,35399,456
2021-05-10,Santa Clara,085,1922200,118149,118822,765,119587,2003
2021-05-10,Santa Cruz,087,273765,16156,16114,816,16930,206
2021-05-10,Shasta,089,179085,12101,12036,1529,13565,200
2021-05-10,Sierra,091,2930,56,54,12,66,0
2021-05-10,Siskiyou,093,43540,1848,1752,335,2087,13
2021-05-10,Solano,095,438530,32538,32466,542,33008,250
2021-05-10,Sonoma,097,501317,29802,29955,325,30280,318
2021-05-10,Stanislaus,099,539301,55810,55541,5892,61433,898
2021-05-10,Sutter,101,95872,9428,9412,84,9496,111
2021-05-10,Tehama,103,63373,5016,4980,566,5546,62
2021-05-10,Trinity,105,12862,483,327,88,415,3
2021-05-10,Tulare,107,460477,49996,48956,9013,57969,837
2021-05-10,Tuolumne,109,53932,4058,4054,36,4090,63
2021-05-10,Ventura,111,848112,81126,80501,2981,83482,1008
2021-05-10,Yolo,113,214977,13888,13898,302,14200,209
2021-05-10,Yuba,115,75493,5982,5942,122,6064,46
2021-05-09,Alameda,001,1643700,87434,87292,1939,89231,1284
2021-05-09,Alpine,003,1148,87,88,0,88,0
2021-05-09,Amador,005,37829,3661,3655,33,3688,46
2021-05-09,Butte,007,227075,12365,11985,1804,13789,199
2021-05-09,Calaveras,009,45235,2119,2116,14,2130,52
2021-05-09,Colusa,011,21464,1934,1940,298,2238,14
2021-05-09,Contra Costa,013,1133247,68807,68302,1253,69555,806
2021-05-09,Del Norte,015,27424,1374,1338,12,1350,8
2021-05-09,El Dorado,017,186661,10146,10089,716,10805,113
2021-05-09,Fresno,019,978130,102272,101729,8675,110404,1682
2021-05-09,Glenn,021,27897,2405,2382,552,2934,17
2021-05-09,Humboldt,023,135768,4024,3950,33,3983,36
2021-05-09,Imperial,025,180216,28463,28388,2779,31167,722
2021-05-09,Inyo,027,18085,1402,1401,11,1412,36
2021-05-09,Kern,029,883053,96902,95903,10773,106676,1310
2021-05-09,Kings,031,150075,23087,22878,1090,23968,246
2021-05-09,Lake,033,64148,3484,3471,9,3480,43
2021-05-09,Lassen,035,31185,5176,5147,108,5255,5
2021-05-09,Los Angeles,037,10098052,1201805,1194820,41606,1236426,24026
2021-05-09,Madera,039,155013,16536,16444,925,17369,238
2021-05-09,Marin,041,260295,14000,13979,252,14231,228
2021-05-09,Mariposa,043,17540,423,420,11,431,5
2021-05-09,Mendocino,045,87422,3889,3814,74,3888,46
2021-05-09,Merced,047,269075,30850,30883,985,31868,448
2021-05-09,Modoc,049,8938,372,360,125,485,3
2021-05-09,Mono,051,14174,1247,1264,15,1279,3
2021-05-09,Monterey,053,433212,43038,42918,1869,44787,380
2021-05-09,Napa,055,140530,9859,9857,36,9893,81
2021-05-09,Nevada,057,99092,4758,4727,192,4919,70
2021-05-09,Orange,059,3164182,254877,253451,11278,264729,5008
2021-05-09,Placer,061,380077,22953,22566,1455,24021,286
2021-05-09,Plumas,063,18699,692,679,10,689,4
2021-05-09,Riverside,065,2383286,293208,287644,13927,301571,4427
2021-05-09,Sacramento,067,1510023,104644,104309,1740,106049,1612
2021-05-09,San Benito,069,59416,6049,6056,114,6170,63
2021-05-09,San Bernardino,071,2135413,292485,291337,8961,300298,4707
2021-05-09,San Diego,073,3302833,278986,277950,14694,292644,3725
2021-05-09,San Francisco,075,870044,36485,36669,1289,37958,543
2021-05-09,San Joaquin,077,732212,72535,71927,3515,75442,1356
2021-05-09,San Luis Obispo,079,281455,21173,20999,730,21729,256
2021-05-09,San Mateo,081,765935,42149,41903,465,42368,424
2021-05-09,Santa Barbara,083,443738,34880,34196,1197,35393,456
2021-05-09,Santa Clara,085,1922200,118095,118798,764,119562,2003
2021-05-09,Santa Cruz,087,273765,16150,16094,816,16910,206
2021-05-09,Shasta,089,179085,12071,12034,1524,13558,200
2021-05-09,Sierra,091,2930,56,54,12,66,0
2021-05-09,Siskiyou,093,43540,1842,1741,332,2073,13
2021-05-09,Solano,095,438530,32499,32434,539,32973,250
2021-05-09,Sonoma,097,501317,29788,29953,324,30277,318
2021-05-09,Stanislaus,099,539301,55744,55511,5888,61399,898
2021-05-09,Sutter,101,95872,9422,9413,84,9497,111
2021-05-09,Tehama,103,63373,5011,4979,566,5545,62
2021-05-09,Trinity,105,12862,483,327,88,415,3
2021-05-09,Tulare,107,460477,49969,48948,9008,57956,837
2021-05-09,Tuolumne,109,53932,4057,4053,36,4089,63
2021-05-09,Ventura,111,848112,81111,80487,2980,83467,1008
2021-05-09,Yolo,113,214977,13877,13897,301,14198,209
2021-05-09,Yuba,115,75493,5976,5934,122,6056,46
2021-05-08,Alameda,001,1643700,87392,87213,1935,89148,1284
2021-05-08,Alpine,003,1148,87,88,0,88,0
2021-05-08,Amador,005,37829,3659,3652,33,3685,46
2021-05-08,Butte,007,227075,12353,11962,1803,13765,199
2021-05-08,Calaveras,009,45235,2118,2114,14,2128,52
2021-05-08,Colusa,011,21464,1934,1939,298,2237,14
2021-05-08,Contra Costa,013,1133247,68774,68223,1251,69474,803
2021-05-08,Del Norte,015,27424,1371,1335,12,1347,8
2021-05-08,El Dorado,017,186661,10132,10079,716,10795,113
2021-05-08,Fresno,019,978130,102237,101676,8670,110346,1682
2021-05-08,Glenn,021,27897,2403,2382,550,2932,17
2021-05-08,Humboldt,023,135768,4008,3939,33,3972,36
2021-05-08,Imperial,025,180216,28455,28373,2779,31152,721
2021-05-08,Inyo,027,18085,1402,1402,11,1413,36
2021-05-08,Kern,029,883053,96877,95880,10760,106640,1310
2021-05-08,Kings,031,150075,23084,22872,1089,23961,246
2021-05-08,Lake,033,64148,3483,3470,9,3479,43
2021-05-08,Lassen,035,31185,5175,5145,108,5253,5
2021-05-08,Los Angeles,037,10098052,1201658,1194584,41590,1236174,24022
2021-05-08,Madera,039,155013,16532,16442,925,17367,238
2021-05-08,Marin,041,260295,13997,13974,251,14225,228
2021-05-08,Mariposa,043,17540,423,420,11,431,5
2021-05-08,Mendocino,045,87422,3884,3810,73,3883,46
2021-05-08,Merced,047,269075,30841,30876,985,31861,448
2021-05-08,Modoc,049,8938,372,360,124,484,3
2021-05-08,Mono,051,14174,1247,1262,15,1277,3
2021-05-08,Monterey,053,433212,43033,42914,1868,44782,380
2021-05-08,Napa,055,140530,9852,9853,36,9889,81
2021-05-08,Nevada,057,99092,4755,4716,192,4908,70
2021-05-08,Orange,059,3164182,254841,253412,11275,264687,5006
2021-05-08,Placer,061,380077,22935,22547,1453,24000,286
2021-05-08,Plumas,063,18699,691,679,10,689,4
2021-05-08,Riverside,065,2383286,293166,287574,13925,301499,4427
2021-05-08,Sacramento,067,1510023,104559,104208,1737,105945,1610
2021-05-08,San Benito,069,59416,6048,6048,114,6162,63
2021-05-08,San Bernardino,071,2135413,292442,291296,8961,300257,4707
2021-05-08,San Diego,073,3302833,278902,277760,14676,292436,3725
2021-05-08,San Francisco,075,870044,36462,36642,1289,37931,543
2021-05-08,San Joaquin,077,732212,72506,71869,3506,75375,1356
2021-05-08,San Luis Obispo,079,281455,21162,20992,730,21722,256
2021-05-08,San Mateo,081,765935,42138,41871,465,42336,424
2021-05-08,Santa Barbara,083,443738,34867,34185,1197,35382,456
2021-05-08,Santa Clara,085,1922200,118064,118751,764,119515,2003
2021-05-08,Santa Cruz,087,273765,16147,16089,816,16905,206
2021-05-08,Shasta,089,179085,12061,12030,1520,13550,200
2021-05-08,Sierra,091,2930,56,54,12,66,0
2021-05-08,Siskiyou,093,43540,1841,1741,328,2069,13
2021-05-08,Solano,095,438530,32474,32395,537,32932,249
2021-05-08,Sonoma,097,501317,29775,29942,324,30266,318
2021-05-08,Stanislaus,099,539301,55711,55467,5884,61351,898
2021-05-08,Sutter,101,95872,9419,9413,84,9497,111
2021-05-08,Tehama,103,63373,5009,4977,566,5543,62
2021-05-08,Trinity,105,12862,483,327,88,415,3
2021-05-08,Tulare,107,460477,49955,48929,8998,57927,837
2021-05-08,Tuolumne,109,53932,4056,4050,36,4086,63
2021-05-08,Ventura,111,848112,81100,80481,2977,83458,1008
2021-05-08,Yolo,113,214977,13874,13894,300,14194,209
2021-05-08,Yuba,115,75493,5968,5928,122,6050,46
2021-05-07,Alameda,001,1643700,87340,87128,1934,89062,1280
2021-05-07,Alpine,003,1148,87,88,0,88,0
2021-05-07,Amador,005,37829,3656,3651,33,3684,46
2021-05-07,Butte,007,227075,12333,11943,1800,13743,199
2021-05-07,Calaveras,009,45235,2116,2114,14,2128,52
2021-05-07,Colusa,011,21464,1934,1937,298,2235,14
2021-05-07,Contra Costa,013,1133247,68728,68156,1249,69405,804
2021-05-07,Del Norte,015,27424,1366,1329,12,1341,8
2021-05-07,El Dorado,017,186661,10119,10065,714,10779,112
2021-05-07,Fresno,019,978130,102203,101625,8669,110294,1684
2021-05-07,Glenn,021,27897,2400,2381,549,2930,17
2021-05-07,Humboldt,023,135768,3993,3919,33,3952,36
2021-05-07,Imperial,025,180216,28447,28352,2777,31129,721
2021-05-07,Inyo,027,18085,1402,1402,11,1413,36
2021-05-07,Kern,029,883053,96864,95839,10748,106587,1308
2021-05-07,Kings,031,150075,23083,22857,1088,23945,246
2021-05-07,Lake,033,64148,3481,3467,9,3476,43
2021-05-07,Lassen,035,31185,5174,5144,107,5251,5
2021-05-07,Los Angeles,037,10098052,1201484,1194294,41582,1235876,24008
2021-05-07,Madera,039,155013,16527,16439,924,17363,238
2021-05-07,Marin,041,260295,13993,13968,251,14219,228
2021-05-07,Mariposa,043,17540,422,419,11,430,5
2021-05-07,Mendocino,045,87422,3879,3805,73,3878,46
2021-05-07,Merced,047,269075,30838,30862,985,31847,446
2021-05-07,Modoc,049,8938,372,360,124,484,3
2021-05-07,Mono,051,14174,1246,1261,15,1276,3
2021-05-07,Monterey,053,433212,43027,42909,1866,44775,380
2021-05-07,Napa,055,140530,9851,9849,36,9885,81
2021-05-07,Nevada,057,99092,4751,4704,192,4896,70
2021-05-07,Orange,059,3164182,254803,253338,11266,264604,5000
2021-05-07,Placer,061,380077,22915,22524,1451,23975,286
2021-05-07,Plumas,063,18699,691,678,10,688,4
2021-05-07,Riverside,065,2383286,293108,287479,13924,301403,4426
2021-05-07,Sacramento,067,1510023,104486,104068,1732,105800,1609
2021-05-07,San Benito,069,59416,6047,6048,114,6162,63
2021-05-07,San Bernardino,071,2135413,292400,291185,8956,300141,4697
2021-05-07,San Diego,073,3302833,278817,277534,14661,292195,3718
2021-05-07,San Francisco,075,870044,36449,36616,1288,37904,543
2021-05-07,San Joaquin,077,732212,72466,71804,3504,75308,1351
2021-05-07,San Luis Obispo,079,281455,21155,20979,730,21709,256
2021-05-07,San Mateo,081,765935,42122,41844,465,42309,424
2021-05-07,Santa Barbara,083,443738,34857,34166,1197,35363,453
2021-05-07,Santa Clara,085,1922200,118031,118691,763,119454,2002
2021-05-07,Santa Cruz,087,273765,16144,16074,816,16890,206
2021-05-07,Shasta,089,179085,12039,12005,1518,13523,200
2021-05-07,Sierra,091,2930,56,54,12,66,0
2021-05-07,Siskiyou,093,43540,1838,1723,328,2051,13
2021-05-07,Solano,095,438530,32447,32352,535,32887,249
2021-05-07,Sonoma,097,501317,29757,29925,322,30247,318
2021-05-07,Stanislaus,099,539301,55670,55407,5878,61285,896
2021-05-07,Sutter,101,95872,9419,9407,83,9490,111
2021-05-07,Tehama,103,63373,5002,4974,566,5540,57
2021-05-07,Trinity,105,12862,483,327,88,415,3
2021-05-07,Tulare,107,460477,49938,48913,8993,57906,837
2021-05-07,Tuolumne,109,53932,4054,4048,36,4084,63
2021-05-07,Ventura,111,848112,81076,80444,2977,83421,1008
2021-05-07,Yolo,113,214977,13869,13875,299,14174,209
2021-05-07,Yuba,115,75493,5958,5910,122,6032,46
2021-05-06,Alameda,001,1643700,87262,87028,1931,88959,1278
2021-05-06,Alpine,003,1148,87,88,0,88,0
2021-05-06,Amador,005,37829,3654,3650,33,3683,46
2021-05-06,Butte,007,227075,12313,11929,1795,13724,198
2021-05-06,Calaveras,009,45235,2115,2111,14,2125,52
2021-05-06,Colusa,011,21464,1934,1935,298,2233,14
2021-05-06,Contra Costa,013,1133247,68673,68076,1246,69322,802
2021-05-06,Del Norte,015,27424,1358,1324,12,1336,6
2021-05-06,El Dorado,017,186661,10112,10048,714,10762,112
2021-05-06,Fresno,019,978130,102159,101536,8665,110201,1680
2021-05-06,Glenn,021,27897,2399,2380,548,2928,17
2021-05-06,Humboldt,023,135768,3968,3898,33,3931,36
2021-05-06,Imperial,025,180216,28436,28311,2776,31087,720
2021-05-06,Inyo,027,18085,1402,1401,11,1412,36
2021-05-06,Kern,029,883053,96839,95801,10731,106532,1307
2021-05-06,Kings,031,150075,23076,22848,1087,23935,246
2021-05-06,Lake,033,64148,3480,3465,9,3474,43
2021-05-06,Lassen,035,31185,5173,5143,107,5250,1
2021-05-06,Los Angeles,037,10098052,1201245,1193954,41565,1235519,23991
2021-05-06,Madera,039,155013,16519,16430,924,17354,238
2021-05-06,Marin,041,260295,13989,13956,251,14207,228
2021-05-06,Mariposa,043,17540,421,419,11,430,5
2021-05-06,Mendocino,045,87422,3868,3802,73,3875,46
2021-05-06,Merced,047,269075,30822,30863,984,31847,444
2021-05-06,Modoc,049,8938,372,360,124,484,3
2021-05-06,Mono,051,14174,1244,1261,15,1276,3
2021-05-06,Monterey,053,433212,43012,42899,1866,44765,379
2021-05-06,Napa,055,140530,9845,9843,36,9879,81
2021-05-06,Nevada,057,99092,4750,4687,192,4879,70
2021-05-06,Orange,059,3164182,254734,253286,11260,264546,4991
2021-05-06,Placer,061,380077,22893,22493,1451,23944,286
2021-05-06,Plumas,063,18699,691,678,10,688,4
2021-05-06,Riverside,065,2383286,293035,287399,13919,301318,4422
2021-05-06,Sacramento,067,1510023,104370,103956,1729,105685,1609
2021-05-06,San Benito,069,59416,6046,6045,114,6159,63
2021-05-06,San Bernardino,071,2135413,292330,291085,8955,300040,4683
2021-05-06,San Diego,073,3302833,278693,277324,14638,291962,3716
2021-05-06,San Francisco,075,870044,36434,36599,1288,37887,543
2021-05-06,San Joaquin,077,732212,72411,71729,3501,75230,1350
2021-05-06,San Luis Obispo,079,281455,21143,20965,728,21693,256
2021-05-06,San Mateo,081,765935,42104,41802,464,42266,424
2021-05-06,Santa Barbara,083,443738,34844,34152,1197,35349,453
2021-05-06,Santa Clara,085,1922200,117990,118591,763,119354,2001
2021-05-06,Santa Cruz,087,273765,16137,16050,816,16866,206
2021-05-06,Shasta,089,179085,12017,11983,1512,13495,199
2021-05-06,Sierra,091,2930,56,54,12,66,0
2021-05-06,Siskiyou,093,43540,1828,1711,327,2038,12
2021-05-06,Solano,095,438530,32421,32320,527,32847,249
2021-05-06,Sonoma,097,501317,29749,29911,322,30233,318
2021-05-06,Stanislaus,099,539301,55613,55323,5874,61197,834
2021-05-06,Sutter,101,95872,9413,9396,83,9479,111
2021-05-06,Tehama,103,63373,4997,4970,566,5536,53
2021-05-06,Trinity,105,12862,483,327,88,415,3
2021-05-06,Tulare,107,460477,49913,48890,8978,57868,836
2021-05-06,Tuolumne,109,53932,4050,4047,36,4083,63
2021-05-06,Ventura,111,848112,81045,80411,2974,83385,1005
2021-05-06,Yolo,113,214977,13861,13871,295,14166,209
2021-05-06,Yuba,115,75493,5946,5901,122,6023,46
2021-05-05,Alameda,001,1643700,87201,86950,1929,88879,1278
2021-05-05,Alpine,003,1148,87,88,0,88,0
2021-05-05,Amador,005,37829,3651,3650,33,3683,46
2021-05-05,Butte,007,227075,12295,11907,1792,13699,198
2021-05-05,Calaveras,009,45235,2111,2103,14,2117,52
2021-05-05,Colusa,011,21464,1933,1933,298,2231,14
2021-05-05,Contra Costa,013,1133247,68608,67997,1241,69238,803
2021-05-05,Del Norte,015,27424,1355,1317,12,1329,6
2021-05-05,El Dorado,017,186661,10101,10020,713,10733,111
2021-05-05,Fresno,019,978130,102110,101491,8656,110147,1680
2021-05-05,Glenn,021,27897,2396,2380,547,2927,17
2021-05-05,Humboldt,023,135768,3949,3886,32,3918,36
2021-05-05,Imperial,025,180216,28395,28295,2769,31064,720
2021-05-05,Inyo,027,18085,1401,1401,11,1412,36
2021-05-05,Kern,029,883053,96795,95753,10727,106480,1304
2021-05-05,Kings,031,150075,23070,22840,1086,23926,246
2021-05-05,Lake,033,64148,3477,3458,9,3467,43
2021-05-05,Lassen,035,31185,5173,5143,106,5249,1
2021-05-05,Los Angeles,037,10098052,1200977,1193608,41552,1235160,23977
2021-05-05,Madera,039,155013,16517,16423,924,17347,235
2021-05-05,Marin,041,260295,13981,13950,250,14200,228
2021-05-05,Mariposa,043,17540,421,418,11,429,5
2021-05-05,Mendocino,045,87422,3864,3799,73,3872,46
2021-05-05,Merced,047,269075,30801,30844,984,31828,444
2021-05-05,Modoc,049,8938,371,361,123,484,3
2021-05-05,Mono,051,14174,1244,1260,15,1275,3
2021-05-05,Monterey,053,433212,42998,42870,1863,44733,379
2021-05-05,Napa,055,140530,9839,9833,36,9869,81
2021-05-05,Nevada,057,99092,4747,4666,192,4858,70
2021-05-05,Orange,059,3164182,254678,253237,11256,264493,4978
2021-05-05,Placer,061,380077,22861,22362,1447,23809,287
2021-05-05,Plumas,063,18699,691,677,10,687,4
2021-05-05,Riverside,065,2383286,292940,287353,13909,301262,4414
2021-05-05,Sacramento,067,1510023,104282,103476,1724,105200,1607
2021-05-05,San Benito,069,59416,6037,6046,114,6160,63
2021-05-05,San Bernardino,071,2135413,292256,291008,8951,299959,4677
2021-05-05,San Diego,073,3302833,278556,277098,14618,291716,3716
2021-05-05,San Francisco,075,870044,36419,36577,1287,37864,543
2021-05-05,San Joaquin,077,732212,72358,71638,3498,75136,1345
2021-05-05,San Luis Obispo,079,281455,21135,20958,728,21686,256
2021-05-05,San Mateo,081,765935,42073,41755,463,42218,415
2021-05-05,Santa Barbara,083,443738,34830,34139,1196,35335,453
2021-05-05,Santa Clara,085,1922200,117960,118482,759,119241,1992
2021-05-05,Santa Cruz,087,273765,16131,16013,816,16829,207
2021-05-05,Shasta,089,179085,12001,11939,1508,13447,200
2021-05-05,Sierra,091,2930,56,54,12,66,0
2021-05-05,Siskiyou,093,43540,1811,1706,319,2025,11
2021-05-05,Solano,095,438530,32386,32250,525,32775,249
2021-05-05,Sonoma,097,501317,29736,29879,322,30201,318
2021-05-05,Stanislaus,099,539301,55555,55231,5872,61103,807
2021-05-05,Sutter,101,95872,9407,9387,83,9470,111
2021-05-05,Tehama,103,63373,4994,4968,566,5534,53
2021-05-05,Trinity,105,12862,483,326,88,414,3
2021-05-05,Tulare,107,460477,49889,48875,8971,57846,835
2021-05-05,Tuolumne,109,53932,4047,4040,36,4076,63
2021-05-05,Ventura,111,848112,81017,80372,2970,83342,1005
2021-05-05,Yolo,113,214977,13857,13846,293,14139,209
2021-05-05,Yuba,115,75493,5936,5895,121,6016,44
2021-05-04,Alameda,001,1643700,87109,86894,1929,88823,1277
2021-05-04,Alpine,003,1148,87,88,0,88,0
2021-05-04,Amador,005,37829,3651,3650,33,3683,46
2021-05-04,Butte,007,227075,12271,11883,1790,13673,198
2021-05-04,Calaveras,009,45235,2106,2100,14,2114,52
2021-05-04,Colusa,011,21464,1932,1933,298,2231,14
2021-05-04,Contra Costa,013,1133247,68529,67931,1238,69169,799
2021-05-04,Del Norte,015,27424,1355,1314,12,1326,6
2021-05-04,El Dorado,017,186661,10090,10009,709,10718,110
2021-05-04,Fresno,019,978130,102055,101451,8649,110100,1677
2021-05-04,Glenn,021,27897,2393,2379,544,2923,17
2021-05-04,Humboldt,023,135768,3923,3877,32,3909,36
2021-05-04,Imperial,025,180216,28375,28276,2765,31041,720
2021-05-04,Inyo,027,18085,1401,1399,11,1410,36
2021-05-04,Kern,029,883053,96759,95720,10709,106429,1301
2021-05-04,Kings,031,150075,23056,22822,1083,23905,246
2021-05-04,Lake,033,64148,3476,3454,9,3463,43
2021-05-04,Lassen,035,31185,5172,5142,106,5248,1
2021-05-04,Los Angeles,037,10098052,1200689,1193453,41540,1234993,23957
2021-05-04,Madera,039,155013,16516,16418,924,17342,235
2021-05-04,Marin,041,260295,13973,13935,250,14185,228
2021-05-04,Mariposa,043,17540,421,418,11,429,5
2021-05-04,Mendocino,045,87422,3859,3794,73,3867,46
2021-05-04,Merced,047,269075,30784,30829,984,31813,444
2021-05-04,Modoc,049,8938,370,360,122,482,3
2021-05-04,Mono,051,14174,1244,1260,15,1275,3
2021-05-04,Monterey,053,433212,42986,42845,1862,44707,380
2021-05-04,Napa,055,140530,9830,9824,36,9860,81
2021-05-04,Nevada,057,99092,4740,4656,192,4848,70
2021-05-04,Orange,059,3164182,254611,253177,11246,264423,4977
2021-05-04,Placer,061,380077,22832,22326,1444,23770,287
2021-05-04,Plumas,063,18699,690,675,10,685,4
2021-05-04,Riverside,065,2383286,292856,287285,13902,301187,4411
2021-05-04,Sacramento,067,1510023,104153,103383,1719,105102,1604
2021-05-04,San Benito,069,59416,6036,6039,114,6153,63
2021-05-04,San Bernardino,071,2135413,292179,290934,8944,299878,4668
2021-05-04,San Diego,073,3302833,278390,276879,14601,291480,3713
2021-05-04,San Francisco,075,870044,36401,36550,1287,37837,541
2021-05-04,San Joaquin,077,732212,72297,71582,3493,75075,1342
2021-05-04,San Luis Obispo,079,281455,21129,20923,726,21649,255
2021-05-04,San Mateo,081,765935,42047,41708,463,42171,415
2021-05-04,Santa Barbara,083,443738,34814,34131,1195,35326,453
2021-05-04,Santa Clara,085,1922200,117897,118431,758,119189,1988
2021-05-04,Santa Cruz,087,273765,16125,16005,816,16821,207
2021-05-04,Shasta,089,179085,11981,11923,1502,13425,198
2021-05-04,Sierra,091,2930,56,54,12,66,0
2021-05-04,Siskiyou,093,43540,1804,1694,317,2011,11
2021-05-04,Solano,095,438530,32345,32220,523,32743,249
2021-05-04,Sonoma,097,501317,29716,29867,321,30188,318
2021-05-04,Stanislaus,099,539301,55499,55165,5869,61034,807
2021-05-04,Sutter,101,95872,9402,9375,83,9458,111
2021-05-04,Tehama,103,63373,4992,4959,565,5524,53
2021-05-04,Trinity,105,12862,483,326,88,414,3
2021-05-04,Tulare,107,460477,49862,48857,8962,57819,835
2021-05-04,Tuolumne,109,53932,4045,4041,36,4077,61
2021-05-04,Ventura,111,848112,80988,80351,2968,83319,1005
2021-05-04,Yolo,113,214977,13844,13820,291,14111,208
2021-05-04,Yuba,115,75493,5930,5891,121,6012,44
2021-05-03,Alameda,001,1643700,87031,86845,1923,88768,1272
2021-05-03,Alpine,003,1148,87,88,0,88,0
2021-05-03,Amador,005,37829,3651,3651,33,3684,46
2021-05-03,Butte,007,227075,12261,11864,1787,13651,198
2021-05-03,Calaveras,009,45235,2105,2099,14,2113,50
2021-05-03,Colusa,011,21464,1931,1931,296,2227,14
2021-05-03,Contra Costa,013,1133247,68470,67895,1234,69129,799
2021-05-03,Del Norte,015,27424,1350,1306,11,1317,6
2021-05-03,El Dorado,017,186661,10072,9984,704,10688,110
2021-05-03,Fresno,019,978130,102000,101405,8638,110043,1678
2021-05-03,Glenn,021,27897,2393,2375,543,2918,17
2021-05-03,Humboldt,023,135768,3908,3865,32,3897,36
2021-05-03,Imperial,025,180216,28353,28280,2762,31042,720
2021-05-03,Inyo,027,18085,1400,1398,11,1409,36
2021-05-03,Kern,029,883053,96722,95693,10697,106390,1299
2021-05-03,Kings,031,150075,23047,22821,1083,23904,246
2021-05-03,Lake,033,64148,3474,3446,9,3455,43
2021-05-03,Lassen,035,31185,5171,5142,106,5248,1
2021-05-03,Los Angeles,037,10098052,1200421,1193261,41514,1234775,23942
2021-05-03,Madera,039,155013,16511,16414,923,17337,235
2021-05-03,Marin,041,260295,13967,13927,250,14177,228
2021-05-03,Mariposa,043,17540,421,418,11,429,5
2021-05-03,Mendocino,045,87422,3852,3792,73,3865,46
2021-05-03,Merced,047,269075,30773,30814,982,31796,444
2021-05-03,Modoc,049,8938,370,360,122,482,3
2021-05-03,Mono,051,14174,1244,1259,15,1274,3
2021-05-03,Monterey,053,433212,42975,42837,1860,44697,380
2021-05-03,Napa,055,140530,9825,9815,36,9851,81
2021-05-03,Nevada,057,99092,4732,4650,192,4842,70
2021-05-03,Orange,059,3164182,254552,253107,11237,264344,4968
2021-05-03,Placer,061,380077,22801,22289,1438,23727,287
2021-05-03,Plumas,063,18699,689,675,10,685,4
2021-05-03,Riverside,065,2383286,292782,287233,13901,301134,4412
2021-05-03,Sacramento,067,1510023,104000,103303,1709,105012,1602
2021-05-03,San Benito,069,59416,6035,6038,114,6152,63
2021-05-03,San Bernardino,071,2135413,292111,290886,8941,299827,4659
2021-05-03,San Diego,073,3302833,278227,276693,14576,291269,3712
2021-05-03,San Francisco,075,870044,36375,36538,1287,37825,541
2021-05-03,San Joaquin,077,732212,72246,71504,3490,74994,1325
2021-05-03,San Luis Obispo,079,281455,21113,20915,723,21638,254
2021-05-03,San Mateo,081,765935,42024,41689,462,42151,413
2021-05-03,Santa Barbara,083,443738,34802,34119,1195,35314,453
2021-05-03,Santa Clara,085,1922200,117843,118373,757,119130,1988
2021-05-03,Santa Cruz,087,273765,16122,16000,816,16816,207
2021-05-03,Shasta,089,179085,11958,11890,1497,13387,197
2021-05-03,Sierra,091,2930,56,54,12,66,0
2021-05-03,Siskiyou,093,43540,1798,1683,311,1994,11
2021-05-03,Solano,095,438530,32304,32201,522,32723,249
2021-05-03,Sonoma,097,501317,29704,29855,318,30173,318
2021-05-03,Stanislaus,099,539301,55433,55116,5860,60976,774
2021-05-03,Sutter,101,95872,9390,9370,83,9453,111
2021-05-03,Tehama,103,63373,4983,4952,565,5517,53
2021-05-03,Trinity,105,12862,483,326,88,414,3
2021-05-03,Tulare,107,460477,49845,48844,8952,57796,835
2021-05-03,Tuolumne,109,53932,4044,4038,36,4074,61
2021-05-03,Ventura,111,848112,80966,80291,2968,83259,1005
2021-05-03,Yolo,113,214977,13831,13809,289,14098,208
2021-05-03,Yuba,115,75493,5925,5880,121,6001,44
2021-05-02,Alameda,001,1643700,86946,86784,1922,88706,1272
2021-05-02,Alpine,003,1148,87,88,0,88,0
2021-05-02,Amador,005,37829,3651,3650,33,3683,46
2021-05-02,Butte,007,227075,12237,11859,1784,13643,198
2021-05-02,Calaveras,009,45235,2101,2098,14,2112,50
2021-05-02,Colusa,011,21464,1930,1931,295,2226,14
2021-05-02,Contra Costa,013,1133247,68384,67843,1231,69074,800
2021-05-02,Del Norte,015,27424,1343,1305,11,1316,6
2021-05-02,El Dorado,017,186661,10057,9962,703,10665,110
2021-05-02,Fresno,019,978130,101929,101372,8627,109999,1678
2021-05-02,Glenn,021,27897,2392,2374,541,2915,17
2021-05-02,Humboldt,023,135768,3896,3858,31,3889,36
2021-05-02,Imperial,025,180216,28319,28275,2752,31027,721
2021-05-02,Inyo,027,18085,1398,1398,11,1409,36
2021-05-02,Kern,029,883053,96664,95668,10690,106358,1299
2021-05-02,Kings,031,150075,23029,22816,1082,23898,246
2021-05-02,Lake,033,64148,3472,3443,9,3452,43
2021-05-02,Lassen,035,31185,5170,5142,105,5247,1
2021-05-02,Los Angeles,037,10098052,1200075,1193056,41491,1234547,23943
2021-05-02,Madera,039,155013,16505,16410,923,17333,235
2021-05-02,Marin,041,260295,13957,13917,250,14167,228
2021-05-02,Mariposa,043,17540,421,419,11,430,5
2021-05-02,Mendocino,045,87422,3847,3787,73,3860,46
2021-05-02,Merced,047,269075,30751,30793,980,31773,444
2021-05-02,Modoc,049,8938,369,360,122,482,3
2021-05-02,Mono,051,14174,1243,1259,15,1274,3
2021-05-02,Monterey,053,433212,42961,42837,1859,44696,380
2021-05-02,Napa,055,140530,9821,9805,36,9841,81
2021-05-02,Nevada,057,99092,4716,4635,192,4827,70
2021-05-02,Orange,059,3164182,254477,253025,11224,264249,4968
2021-05-02,Placer,061,380077,22772,22264,1435,23699,287
2021-05-02,Plumas,063,18699,689,675,10,685,4
2021-05-02,Riverside,065,2383286,292682,287197,13891,301088,4412
2021-05-02,Sacramento,067,1510023,103861,103153,1702,104855,1602
2021-05-02,San Benito,069,59416,6030,6037,114,6151,63
2021-05-02,San Bernardino,071,2135413,292012,290859,8939,299798,4655
2021-05-02,San Diego,073,3302833,278030,276521,14549,291070,3712
2021-05-02,San Francisco,075,870044,36349,36522,1287,37809,541
2021-05-02,San Joaquin,077,732212,72182,71447,3483,74930,1325
2021-05-02,San Luis Obispo,079,281455,21093,20910,722,21632,254
2021-05-02,San Mateo,081,765935,42008,41656,461,42117,412
2021-05-02,Santa Barbara,083,443738,34787,34106,1195,35301,453
2021-05-02,Santa Clara,085,1922200,117769,118321,757,119078,1988
2021-05-02,Santa Cruz,087,273765,16117,15995,815,16810,207
2021-05-02,Shasta,089,179085,11942,11885,1489,13374,197
2021-05-02,Sierra,091,2930,56,54,12,66,0
2021-05-02,Siskiyou,093,43540,1787,1661,310,1971,11
2021-05-02,Solano,095,438530,32265,32151,518,32669,249
2021-05-02,Sonoma,097,501317,29682,29842,318,30160,318
2021-05-02,Stanislaus,099,539301,55360,55057,5853,60910,774
2021-05-02,Sutter,101,95872,9383,9363,83,9446,111
2021-05-02,Tehama,103,63373,4978,4950,563,5513,53
2021-05-02,Trinity,105,12862,483,326,88,414,3
2021-05-02,Tulare,107,460477,49827,48834,8944,57778,835
2021-05-02,Tuolumne,109,53932,4041,4038,36,4074,61
2021-05-02,Ventura,111,848112,80929,80284,2967,83251,1005
2021-05-02,Yolo,113,214977,13819,13799,288,14087,208
2021-05-02,Yuba,115,75493,5915,5879,121,6000,44
2021-05-01,Alameda,001,1643700,86902,86704,1919,88623,1270
2021-05-01,Alpine,003,1148,87,88,0,88,0
2021-05-01,Amador,005,37829,3651,3650,33,3683,46
2021-05-01,Butte,007,227075,12223,11845,1779,13624,198
2021-05-01,Calaveras,009,45235,2099,2096,14,2110,50
2021-05-01,Colusa,011,21464,1929,1931,295,2226,14
2021-05-01,Contra Costa,013,1133247,68332,67779,1228,69007,800
2021-05-01,Del Norte,015,27424,1342,1292,11,1303,6
2021-05-01,El Dorado,017,186661,10043,9944,701,10645,110
2021-05-01,Fresno,019,978130,101884,101326,8621,109947,1678
2021-05-01,Glenn,021,27897,2389,2369,540,2909,17
2021-05-01,Humboldt,023,135768,3882,3845,31,3876,36
2021-05-01,Imperial,025,180216,28312,28262,2752,31014,721
2021-05-01,Inyo,027,18085,1398,1397,11,1408,36
2021-05-01,Kern,029,883053,96637,95645,10678,106323,1299
2021-05-01,Kings,031,150075,23026,22797,1081,23878,246
2021-05-01,Lake,033,64148,3470,3441,9,3450,43
2021-05-01,Lassen,035,31185,5168,5142,105,5247,1
2021-05-01,Los Angeles,037,10098052,1199908,1192781,41476,1234257,23946
2021-05-01,Madera,039,155013,16501,16408,923,17331,235
2021-05-01,Marin,041,260295,13950,13902,250,14152,228
2021-05-01,Mariposa,043,17540,421,418,11,429,5
2021-05-01,Mendocino,045,87422,3845,3782,73,3855,46
2021-05-01,Merced,047,269075,30733,30771,980,31751,444
2021-05-01,Modoc,049,8938,369,361,122,483,3
2021-05-01,Mono,051,14174,1243,1258,15,1273,3
2021-05-01,Monterey,053,433212,42955,42828,1859,44687,379
2021-05-01,Napa,055,140530,9818,9800,36,9836,81
2021-05-01,Nevada,057,99092,4711,4625,192,4817,70
2021-05-01,Orange,059,3164182,254434,252969,11213,264182,4964
2021-05-01,Placer,061,380077,22746,22240,1433,23673,287
2021-05-01,Plumas,063,18699,688,675,10,685,4
2021-05-01,Riverside,065,2383286,292643,287129,13889,301018,4412
2021-05-01,Sacramento,067,1510023,103780,103043,1701,104744,1602
2021-05-01,San Benito,069,59416,6027,6030,114,6144,63
2021-05-01,San Bernardino,071,2135413,291969,290802,8937,299739,4652
2021-05-01,San Diego,073,3302833,277906,276367,14528,290895,3706
2021-05-01,San Francisco,075,870044,36334,36496,1287,37783,541
2021-05-01,San Joaquin,077,732212,72134,71389,3481,74870,1325
2021-05-01,San Luis Obispo,079,281455,21088,20896,722,21618,254
2021-05-01,San Mateo,081,765935,41979,41617,460,42077,411
2021-05-01,Santa Barbara,083,443738,34782,34085,1194,35279,453
2021-05-01,Santa Clara,085,1922200,117717,118265,755,119020,1988
2021-05-01,Santa Cruz,087,273765,16114,15984,815,16799,207
2021-05-01,Shasta,089,179085,11922,11878,1481,13359,197
2021-05-01,Sierra,091,2930,56,53,12,65,0
2021-05-01,Siskiyou,093,43540,1779,1653,309,1962,11
2021-05-01,Solano,095,438530,32235,32124,510,32634,249
2021-05-01,Sonoma,097,501317,29679,29835,318,30153,318
2021-05-01,Stanislaus,099,539301,55325,55005,5847,60852,774
2021-05-01,Sutter,101,95872,9380,9358,83,9441,110
2021-05-01,Tehama,103,63373,4977,4950,562,5512,53
2021-05-01,Trinity,105,12862,483,326,87,413,3
2021-05-01,Tulare,107,460477,49820,48818,8938,57756,835
2021-05-01,Tuolumne,109,53932,4035,4035,36,4071,61
2021-05-01,Ventura,111,848112,80911,80268,2967,83235,1005
2021-05-01,Yolo,113,214977,13812,13784,286,14070,208
2021-05-01,Yuba,115,75493,5913,5875,121,5996,44
2021-04-30,Alameda,001,1643700,86840,86602,1916,88518,1268
2021-04-30,Alpine,003,1148,87,88,0,88,0
2021-04-30,Amador,005,37829,3649,3650,33,3683,46
2021-04-30,Butte,007,227075,12204,11812,1775,13587,197
2021-04-30,Calaveras,009,45235,2098,2087,14,2101,50
2021-04-30,Colusa,011,21464,1929,1931,294,2225,14
2021-04-30,Contra Costa,013,1133247,68284,67684,1225,68909,800
2021-04-30,Del Norte,015,27424,1330,1276,11,1287,6
2021-04-30,El Dorado,017,186661,10029,9906,701,10607,110
2021-04-30,Fresno,019,978130,101838,101263,8617,109880,1670
2021-04-30,Glenn,021,27897,2388,2369,540,2909,17
2021-04-30,Humboldt,023,135768,3869,3834,31,3865,36
2021-04-30,Imperial,025,180216,28303,28244,2749,30993,721
2021-04-30,Inyo,027,18085,1398,1397,11,1408,36
2021-04-30,Kern,029,883053,96620,95605,10674,106279,1298
2021-04-30,Kings,031,150075,23023,22793,1080,23873,246
2021-04-30,Lake,033,64148,3466,3440,9,3449,43
2021-04-30,Lassen,035,31185,5167,5140,105,5245,1
2021-04-30,Los Angeles,037,10098052,1199702,1192393,41462,1233855,23919
2021-04-30,Madera,039,155013,16495,16395,923,17318,235
2021-04-30,Marin,041,260295,13942,13895,248,14143,228
2021-04-30,Mariposa,043,17540,421,417,11,428,5
2021-04-30,Mendocino,045,87422,3841,3777,73,3850,46
2021-04-30,Merced,047,269075,30720,30740,979,31719,444
2021-04-30,Modoc,049,8938,368,360,122,482,3
2021-04-30,Mono,051,14174,1243,1258,15,1273,3
2021-04-30,Monterey,053,433212,42941,42810,1858,44668,379
2021-04-30,Napa,055,140530,9814,9792,36,9828,81
2021-04-30,Nevada,057,99092,4703,4608,192,4800,70
2021-04-30,Orange,059,3164182,254378,252883,11207,264090,4956
2021-04-30,Placer,061,380077,22727,22190,1429,23619,287
2021-04-30,Plumas,063,18699,688,677,10,687,4
2021-04-30,Riverside,065,2383286,292585,287030,13882,300912,4412
2021-04-30,Sacramento,067,1510023,103679,102864,1697,104561,1596
2021-04-30,San Benito,069,59416,6023,6024,113,6137,63
2021-04-30,San Bernardino,071,2135413,291908,290704,8936,299640,4640
2021-04-30,San Diego,073,3302833,277812,276157,14517,290674,3702
2021-04-30,San Francisco,075,870044,36323,36453,1286,37739,538
2021-04-30,San Joaquin,077,732212,72083,71311,3478,74789,1306
2021-04-30,San Luis Obispo,079,281455,21082,20884,722,21606,255
2021-04-30,San Mateo,081,765935,41964,41583,459,42042,380
2021-04-30,Santa Barbara,083,443738,34769,34061,1194,35255,451
2021-04-30,Santa Clara,085,1922200,117659,118170,751,118921,1988
2021-04-30,Santa Cruz,087,273765,16109,15975,815,16790,207
2021-04-30,Shasta,089,179085,11901,11848,1478,13326,197
2021-04-30,Sierra,091,2930,56,53,12,65,0
2021-04-30,Siskiyou,093,43540,1768,1628,306,1934,11
2021-04-30,Solano,095,438530,32203,32050,507,32557,249
2021-04-30,Sonoma,097,501317,29669,29816,316,30132,318
2021-04-30,Stanislaus,099,539301,55274,54938,5844,60782,774
2021-04-30,Sutter,101,95872,9378,9353,83,9436,110
2021-04-30,Tehama,103,63373,4975,4944,562,5506,53
2021-04-30,Trinity,105,12862,483,326,87,413,3
2021-04-30,Tulare,107,460477,49810,48797,8922,57719,836
2021-04-30,Tuolumne,109,53932,4034,4033,36,4069,61
2021-04-30,Ventura,111,848112,80871,80232,2962,83194,1004
2021-04-30,Yolo,113,214977,13800,13756,286,14042,208
2021-04-30,Yuba,115,75493,5905,5870,121,5991,44
2021-04-29,Alameda,001,1643700,86773,86490,1914,88404,1263
2021-04-29,Alpine,003,1148,87,88,0,88,0
2021-04-29,Amador,005,37829,3649,3649,33,3682,46
2021-04-29,Butte,007,227075,12189,11787,1773,13560,196
2021-04-29,Calaveras,009,45235,2095,2082,14,2096,50
2021-04-29,Colusa,011,21464,1929,1929,294,2223,14
2021-04-29,Contra Costa,013,1133247,68229,67606,1222,68828,795
2021-04-29,Del Norte,015,27424,1326,1271,11,1282,6
2021-04-29,El Dorado,017,186661,10009,9884,698,10582,107
2021-04-29,Fresno,019,978130,101784,101189,8606,109795,1667
2021-04-29,Glenn,021,27897,2385,2369,540,2909,17
2021-04-29,Humboldt,023,135768,3855,3815,31,3846,36
2021-04-29,Imperial,025,180216,28291,28235,2748,30983,720
2021-04-29,Inyo,027,18085,1398,1396,11,1407,36
2021-04-29,Kern,029,883053,96587,95547,10670,106217,1295
2021-04-29,Kings,031,150075,23013,22777,1075,23852,245
2021-04-29,Lake,033,64148,3458,3438,9,3447,43
2021-04-29,Lassen,035,31185,5167,5140,105,5245,1
2021-04-29,Los Angeles,037,10098052,1199427,1192068,41441,1233509,23899
2021-04-29,Madera,039,155013,16490,16383,922,17305,235
2021-04-29,Marin,041,260295,13938,13884,240,14124,228
2021-04-29,Mariposa,043,17540,420,416,11,427,5
2021-04-29,Mendocino,045,87422,3835,3774,73,3847,46
2021-04-29,Merced,047,269075,30700,30706,979,31685,444
2021-04-29,Modoc,049,8938,368,360,122,482,3
2021-04-29,Mono,051,14174,1241,1259,15,1274,3
2021-04-29,Monterey,053,433212,42924,42797,1857,44654,379
2021-04-29,Napa,055,140530,9800,9789,36,9825,81
2021-04-29,Nevada,057,99092,4692,4590,192,4782,70
2021-04-29,Orange,059,3164182,254308,252823,11192,264015,4934
2021-04-29,Placer,061,380077,22702,22161,1427,23588,286
2021-04-29,Plumas,063,18699,687,676,10,686,4
2021-04-29,Riverside,065,2383286,292517,286947,13879,300826,4409
2021-04-29,Sacramento,067,1510023,103546,102686,1687,104373,1593
2021-04-29,San Benito,069,59416,6022,6023,113,6136,63
2021-04-29,San Bernardino,071,2135413,291836,290606,8931,299537,4609
2021-04-29,San Diego,073,3302833,277662,275961,14500,290461,3700
2021-04-29,San Francisco,075,870044,36297,36412,1286,37698,537
2021-04-29,San Joaquin,077,732212,72017,71225,3473,74698,1301
2021-04-29,San Luis Obispo,079,281455,21071,20876,722,21598,255
2021-04-29,San Mateo,081,765935,41936,41538,458,41996,358
2021-04-29,Santa Barbara,083,443738,34753,34039,1192,35231,448
2021-04-29,Santa Clara,085,1922200,117604,118082,748,118830,1984
2021-04-29,Santa Cruz,087,273765,16103,15961,815,16776,205
2021-04-29,Shasta,089,179085,11870,11836,1470,13306,193
2021-04-29,Sierra,091,2930,56,53,12,65,0
2021-04-29,Siskiyou,093,43540,1759,1615,303,1918,11
2021-04-29,Solano,095,438530,32162,32002,503,32505,248
2021-04-29,Sonoma,097,501317,29654,29785,313,30098,318
2021-04-29,Stanislaus,099,539301,55207,54836,5839,60675,774
2021-04-29,Sutter,101,95872,9371,9346,83,9429,110
2021-04-29,Tehama,103,63373,4967,4939,562,5501,53
2021-04-29,Trinity,105,12862,483,326,87,413,3
2021-04-29,Tulare,107,460477,49792,48785,8910,57695,832
2021-04-29,Tuolumne,109,53932,4033,4030,36,4066,58
2021-04-29,Ventura,111,848112,80837,80188,2960,83148,1002
2021-04-29,Yolo,113,214977,13780,13745,285,14030,205
2021-04-29,Yuba,115,75493,5895,5865,121,5986,44
2021-04-28,Alameda,001,1643700,86701,86390,1910,88300,1260
2021-04-28,Alpine,003,1148,87,88,0,88,0
2021-04-28,Amador,005,37829,3649,3646,33,3679,46
2021-04-28,Butte,007,227075,12169,11762,1768,13530,196
2021-04-28,Calaveras,009,45235,2091,2078,13,2091,50
2021-04-28,Colusa,011,21464,1926,1927,293,2220,14
2021-04-28,Contra Costa,013,1133247,68169,67539,1221,68760,795
2021-04-28,Del Norte,015,27424,1318,1267,11,1278,6
2021-04-28,El Dorado,017,186661,9985,9873,698,10571,107
2021-04-28,Fresno,019,978130,101737,101161,8596,109757,1666
2021-04-28,Glenn,021,27897,2382,2368,540,2908,17
2021-04-28,Humboldt,023,135768,3839,3796,31,3827,36
2021-04-28,Imperial,025,180216,28277,28177,2747,30924,720
2021-04-28,Inyo,027,18085,1398,1396,10,1406,36
2021-04-28,Kern,029,883053,96557,95494,10661,106155,1295
2021-04-28,Kings,031,150075,23001,22767,1073,23840,245
2021-04-28,Lake,033,64148,3455,3433,9,3442,43
2021-04-28,Lassen,035,31185,5167,5138,105,5243,1
2021-04-28,Los Angeles,037,10098052,1199131,1191729,41415,1233144,23858
2021-04-28,Madera,039,155013,16486,16372,922,17294,235
2021-04-28,Marin,041,260295,13927,13866,240,14106,227
2021-04-28,Mariposa,043,17540,417,415,11,426,5
2021-04-28,Mendocino,045,87422,3829,3770,71,3841,46
2021-04-28,Merced,047,269075,30681,30649,979,31628,443
2021-04-28,Modoc,049,8938,368,360,122,482,3
2021-04-28,Mono,051,14174,1241,1258,15,1273,3
2021-04-28,Monterey,053,433212,42919,42776,1857,44633,379
2021-04-28,Napa,055,140530,9789,9777,36,9813,81
2021-04-28,Nevada,057,99092,4672,4570,192,4762,70
2021-04-28,Orange,059,3164182,254228,252747,11179,263926,4931
2021-04-28,Placer,061,380077,22675,22115,1426,23541,285
2021-04-28,Plumas,063,18699,687,676,10,686,4
2021-04-28,Riverside,065,2383286,292461,286868,13873,300741,4407
2021-04-28,Sacramento,067,1510023,103424,102613,1683,104296,1591
2021-04-28,San Benito,069,59416,6020,6021,113,6134,63
2021-04-28,San Bernardino,071,2135413,291757,290548,8921,299469,4582
2021-04-28,San Diego,073,3302833,277507,275821,14486,290307,3698
2021-04-28,San Francisco,075,870044,36268,36382,1285,37667,534
2021-04-28,San Joaquin,077,732212,71937,71171,3465,74636,1301
2021-04-28,San Luis Obispo,079,281455,21063,20851,722,21573,255
2021-04-28,San Mateo,081,765935,41911,41498,456,41954,358
2021-04-28,Santa Barbara,083,443738,34739,34003,1192,35195,448
2021-04-28,Santa Clara,085,1922200,117535,117997,745,118742,1969
2021-04-28,Santa Cruz,087,273765,16099,15943,814,16757,205
2021-04-28,Shasta,089,179085,11854,11815,1463,13278,192
2021-04-28,Sierra,091,2930,56,51,12,63,0
2021-04-28,Siskiyou,093,43540,1746,1603,301,1904,11
2021-04-28,Solano,095,438530,32130,31982,498,32480,248
2021-04-28,Sonoma,097,501317,29640,29773,309,30082,318
2021-04-28,Stanislaus,099,539301,55151,54745,5836,60581,774
2021-04-28,Sutter,101,95872,9366,9343,83,9426,110
2021-04-28,Tehama,103,63373,4961,4930,561,5491,53
2021-04-28,Trinity,105,12862,483,326,87,413,3
2021-04-28,Tulare,107,460477,49774,48754,8895,57649,832
2021-04-28,Tuolumne,109,53932,4030,4029,36,4065,58
2021-04-28,Ventura,111,848112,80802,80172,2958,83130,1000
2021-04-28,Yolo,113,214977,13765,13721,284,14005,205
2021-04-28,Yuba,115,75493,5889,5857,121,5978,44
2021-04-27,Alameda,001,1643700,86603,86301,1904,88205,1260
2021-04-27,Alpine,003,1148,87,88,0,88,0
2021-04-27,Amador,005,37829,3649,3645,33,3678,46
2021-04-27,Butte,007,227075,12144,11738,1762,13500,196
2021-04-27,Calaveras,009,45235,2090,2076,13,2089,50
2021-04-27,Colusa,011,21464,1925,1926,293,2219,14
2021-04-27,Contra Costa,013,1133247,68100,67470,1217,68687,791
2021-04-27,Del Norte,015,27424,1306,1266,11,1277,6
2021-04-27,El Dorado,017,186661,9956,9866,695,10561,106
2021-04-27,Fresno,019,978130,101672,101138,8586,109724,1663
2021-04-27,Glenn,021,27897,2382,2368,540,2908,17
2021-04-27,Humboldt,023,135768,3827,3780,31,3811,35
2021-04-27,Imperial,025,180216,28261,28149,2741,30890,720
2021-04-27,Inyo,027,18085,1398,1396,10,1406,36
2021-04-27,Kern,029,883053,96500,95466,10650,106116,1295
2021-04-27,Kings,031,150075,22986,22759,1071,23830,244
2021-04-27,Lake,033,64148,3454,3431,9,3440,43
2021-04-27,Lassen,035,31185,5167,5137,105,5242,1
2021-04-27,Los Angeles,037,10098052,1198811,1191504,41385,1232889,23825
2021-04-27,Madera,039,155013,16479,16365,922,17287,235
2021-04-27,Marin,041,260295,13905,13855,240,14095,227
2021-04-27,Mariposa,043,17540,416,413,11,424,5
2021-04-27,Mendocino,045,87422,3825,3765,71,3836,46
2021-04-27,Merced,047,269075,30641,30620,979,31599,443
2021-04-27,Modoc,049,8938,367,360,122,482,3
2021-04-27,Mono,051,14174,1241,1257,15,1272,3
2021-04-27,Monterey,053,433212,42901,42752,1854,44606,379
2021-04-27,Napa,055,140530,9782,9774,34,9808,81
2021-04-27,Nevada,057,99092,4657,4557,192,4749,70
2021-04-27,Orange,059,3164182,254158,252667,11174,263841,4925
2021-04-27,Placer,061,380077,22644,22050,1423,23473,285
2021-04-27,Plumas,063,18699,686,675,10,685,4
2021-04-27,Riverside,065,2383286,292385,286820,13869,300689,4405
2021-04-27,Sacramento,067,1510023,103295,102595,1673,104268,1589
2021-04-27,San Benito,069,59416,6015,6016,113,6129,63
2021-04-27,San Bernardino,071,2135413,291689,290461,8916,299377,4575
2021-04-27,San Diego,073,3302833,277350,275685,14466,290151,3692
2021-04-27,San Francisco,075,870044,36240,36358,1284,37642,533
2021-04-27,San Joaquin,077,732212,71884,71104,3459,74563,1301
2021-04-27,San Luis Obispo,079,281455,21056,20841,722,21563,255
2021-04-27,San Mateo,081,765935,41876,41474,455,41929,358
2021-04-27,Santa Barbara,083,443738,34716,33973,1191,35164,448
2021-04-27,Santa Clara,085,1922200,117485,117945,744,118689,1969
2021-04-27,Santa Cruz,087,273765,16092,15905,813,16718,205
2021-04-27,Shasta,089,179085,11827,11802,1456,13258,192
2021-04-27,Sierra,091,2930,56,51,12,63,0
2021-04-27,Siskiyou,093,43540,1731,1597,300,1897,11
2021-04-27,Solano,095,438530,32082,31964,497,32461,248
2021-04-27,Sonoma,097,501317,29622,29761,308,30069,318
2021-04-27,Stanislaus,099,539301,55081,54695,5828,60523,752
2021-04-27,Sutter,101,95872,9361,9342,83,9425,110
2021-04-27,Tehama,103,63373,4958,4922,557,5479,53
2021-04-27,Trinity,105,12862,483,326,87,413,3
2021-04-27,Tulare,107,460477,49758,48744,8886,57630,832
2021-04-27,Tuolumne,109,53932,4027,4028,36,4064,58
2021-04-27,Ventura,111,848112,80773,80152,2956,83108,1000
2021-04-27,Yolo,113,214977,13752,13697,282,13979,205
2021-04-27,Yuba,115,75493,5889,5853,121,5974,44
2021-04-26,Alameda,001,1643700,86512,86230,1901,88131,1256
2021-04-26,Alpine,003,1148,87,88,0,88,0
2021-04-26,Amador,005,37829,3648,3645,33,3678,46
2021-04-26,Butte,007,227075,12120,11720,1758,13478,196
2021-04-26,Calaveras,009,45235,2085,2074,13,2087,50
2021-04-26,Colusa,011,21464,1925,1925,292,2217,14
2021-04-26,Contra Costa,013,1133247,68032,67392,1213,68605,789
2021-04-26,Del Norte,015,27424,1297,1263,11,1274,6
2021-04-26,El Dorado,017,186661,9935,9849,694,10543,106
2021-04-26,Fresno,019,978130,101617,101099,8572,109671,1662
2021-04-26,Glenn,021,27897,2380,2367,540,2907,17
2021-04-26,Humboldt,023,135768,3817,3764,30,3794,35
2021-04-26,Imperial,025,180216,28248,28148,2738,30886,720
2021-04-26,Inyo,027,18085,1397,1396,10,1406,36
2021-04-26,Kern,029,883053,96473,95429,10644,106073,1295
2021-04-26,Kings,031,150075,22983,22756,1068,23824,244
2021-04-26,Lake,033,64148,3449,3428,9,3437,43
2021-04-26,Lassen,035,31185,5167,5138,105,5243,1
2021-04-26,Los Angeles,037,10098052,1198486,1191253,41366,1232619,23802
2021-04-26,Madera,039,155013,16467,16353,921,17274,231
2021-04-26,Marin,041,260295,13890,13849,240,14089,227
2021-04-26,Mariposa,043,17540,415,410,11,421,5
2021-04-26,Mendocino,045,87422,3823,3757,71,3828,46
2021-04-26,Merced,047,269075,30624,30611,976,31587,443
2021-04-26,Modoc,049,8938,367,360,122,482,3
2021-04-26,Mono,051,14174,1241,1258,15,1273,3
2021-04-26,Monterey,053,433212,42885,42740,1853,44593,379
2021-04-26,Napa,055,140530,9770,9769,34,9803,79
2021-04-26,Nevada,057,99092,4636,4548,192,4740,70
2021-04-26,Orange,059,3164182,254074,252592,11163,263755,4919
2021-04-26,Placer,061,380077,22615,22032,1418,23450,285
2021-04-26,Plumas,063,18699,686,670,10,680,4
2021-04-26,Riverside,065,2383286,292323,286724,13861,300585,4401
2021-04-26,Sacramento,067,1510023,103123,102459,1660,104119,1587
2021-04-26,San Benito,069,59416,6013,6013,113,6126,63
2021-04-26,San Bernardino,071,2135413,291638,290394,8915,299309,4572
2021-04-26,San Diego,073,3302833,277176,275541,14438,289979,3692
2021-04-26,San Francisco,075,870044,36212,36330,1283,37613,532
2021-04-26,San Joaquin,077,732212,71818,71050,3451,74501,1301
2021-04-26,San Luis Obispo,079,281455,21048,20830,721,21551,255
2021-04-26,San Mateo,081,765935,41846,41457,455,41912,357
2021-04-26,Santa Barbara,083,443738,34685,33948,1191,35139,448
2021-04-26,Santa Clara,085,1922200,117385,117874,741,118615,1968
2021-04-26,Santa Cruz,087,273765,16083,15877,813,16690,205
2021-04-26,Shasta,089,179085,11810,11787,1450,13237,192
2021-04-26,Sierra,091,2930,55,51,12,63,0
2021-04-26,Siskiyou,093,43540,1721,1592,296,1888,11
2021-04-26,Solano,095,438530,32037,31913,495,32408,247
2021-04-26,Sonoma,097,501317,29599,29755,306,30061,318
2021-04-26,Stanislaus,099,539301,54991,54638,5822,60460,744
2021-04-26,Sutter,101,95872,9356,9328,83,9411,110
2021-04-26,Tehama,103,63373,4953,4920,554,5474,53
2021-04-26,Trinity,105,12862,483,326,87,413,3
2021-04-26,Tulare,107,460477,49738,48735,8877,57612,831
2021-04-26,Tuolumne,109,53932,4026,4024,36,4060,58
2021-04-26,Ventura,111,848112,80748,80137,2953,83090,999
2021-04-26,Yolo,113,214977,13732,13684,279,13963,205
2021-04-26,Yuba,115,75493,5887,5851,121,5972,44
2021-04-25,Alameda,001,1643700,86406,86162,1894,88056,1256
2021-04-25,Alpine,003,1148,87,87,0,87,0
2021-04-25,Amador,005,37829,3647,3643,33,3676,46
2021-04-25,Butte,007,227075,12091,11709,1751,13460,196
2021-04-25,Calaveras,009,45235,2079,2072,12,2084,50
2021-04-25,Colusa,011,21464,1924,1924,292,2216,14
2021-04-25,Contra Costa,013,1133247,67940,67316,1212,68528,789
2021-04-25,Del Norte,015,27424,1291,1259,11,1270,6
2021-04-25,El Dorado,017,186661,9919,9837,692,10529,106
2021-04-25,Fresno,019,978130,101558,101061,8560,109621,1662
2021-04-25,Glenn,021,27897,2380,2366,540,2906,17
2021-04-25,Humboldt,023,135768,3804,3751,30,3781,35
2021-04-25,Imperial,025,180216,28222,28136,2735,30871,720
2021-04-25,Inyo,027,18085,1397,1396,10,1406,36
2021-04-25,Kern,029,883053,96407,95398,10631,106029,1295
2021-04-25,Kings,031,150075,22969,22755,1066,23821,244
2021-04-25,Lake,033,64148,3447,3427,9,3436,43
2021-04-25,Lassen,035,31185,5165,5138,105,5243,1
2021-04-25,Los Angeles,037,10098052,1198153,1190970,41346,1232316,23799
2021-04-25,Madera,039,155013,16455,16346,921,17267,231
2021-04-25,Marin,041,260295,13881,13852,240,14092,227
2021-04-25,Mariposa,043,17540,415,410,11,421,5
2021-04-25,Mendocino,045,87422,3816,3757,71,3828,46
2021-04-25,Merced,047,269075,30589,30586,976,31562,443
2021-04-25,Modoc,049,8938,367,360,122,482,3
2021-04-25,Mono,051,14174,1241,1257,15,1272,3
2021-04-25,Monterey,053,433212,42872,42737,1851,44588,379
2021-04-25,Napa,055,140530,9765,9762,34,9796,79
2021-04-25,Nevada,057,99092,4624,4536,192,4728,70
2021-04-25,Orange,059,3164182,253997,252531,11156,263687,4919
2021-04-25,Placer,061,380077,22568,22011,1410,23421,285
2021-04-25,Plumas,063,18699,685,670,10,680,4
2021-04-25,Riverside,065,2383286,292229,286651,13855,300506,4401
2021-04-25,Sacramento,067,1510023,102955,102319,1650,103969,1587
2021-04-25,San Benito,069,59416,6011,6014,112,6126,63
2021-04-25,San Bernardino,071,2135413,291563,290357,8907,299264,4571
2021-04-25,San Diego,073,3302833,276963,275412,14405,289817,3692
2021-04-25,San Francisco,075,870044,36181,36310,1283,37593,532
2021-04-25,San Joaquin,077,732212,71723,70987,3441,74428,1301
2021-04-25,San Luis Obispo,079,281455,21029,20820,719,21539,255
2021-04-25,San Mateo,081,765935,41811,41465,454,41919,356
2021-04-25,Santa Barbara,083,443738,34659,33931,1191,35122,448
2021-04-25,Santa Clara,085,1922200,117306,117778,739,118517,1968
2021-04-25,Santa Cruz,087,273765,16077,15868,811,16679,205
2021-04-25,Shasta,089,179085,11787,11784,1445,13229,192
2021-04-25,Sierra,091,2930,55,51,12,63,0
2021-04-25,Siskiyou,093,43540,1710,1580,294,1874,11
2021-04-25,Solano,095,438530,31990,31864,487,32351,247
2021-04-25,Sonoma,097,501317,29581,29756,306,30062,318
2021-04-25,Stanislaus,099,539301,54895,54543,5814,60357,744
2021-04-25,Sutter,101,95872,9350,9326,83,9409,110
2021-04-25,Tehama,103,63373,4949,4916,552,5468,53
2021-04-25,Trinity,105,12862,483,326,87,413,3
2021-04-25,Tulare,107,460477,49722,48728,8863,57591,831
2021-04-25,Tuolumne,109,53932,4024,4022,36,4058,58
2021-04-25,Ventura,111,848112,80724,80110,2953,83063,999
2021-04-25,Yolo,113,214977,13709,13667,277,13944,205
2021-04-25,Yuba,115,75493,5884,5849,120,5969,44
2021-04-24,Alameda,001,1643700,86352,86016,1892,87908,1257
2021-04-24,Alpine,003,1148,87,86,0,86,0
2021-04-24,Amador,005,37829,3646,3640,33,3673,46
2021-04-24,Butte,007,227075,12075,11678,1749,13427,196
2021-04-24,Calaveras,009,45235,2075,2067,12,2079,50
2021-04-24,Colusa,011,21464,1923,1921,292,2213,14
2021-04-24,Contra Costa,013,1133247,67871,67222,1210,68432,789
2021-04-24,Del Norte,015,27424,1286,1255,11,1266,6
2021-04-24,El Dorado,017,186661,9908,9814,691,10505,106
2021-04-24,Fresno,019,978130,101527,100991,8554,109545,1662
2021-04-24,Glenn,021,27897,2380,2363,540,2903,17
2021-04-24,Humboldt,023,135768,3790,3722,30,3752,35
2021-04-24,Imperial,025,180216,28215,28124,2734,30858,720
2021-04-24,Inyo,027,18085,1396,1396,10,1406,36
2021-04-24,Kern,029,883053,96388,95365,10621,105986,1295
2021-04-24,Kings,031,150075,22966,22749,1066,23815,244
2021-04-24,Lake,033,64148,3446,3426,9,3435,43
2021-04-24,Lassen,035,31185,5164,5137,105,5242,1
2021-04-24,Los Angeles,037,10098052,1197929,1190603,41329,1231932,23802
2021-04-24,Madera,039,155013,16452,16338,921,17259,231
2021-04-24,Marin,041,260295,13873,13847,240,14087,227
2021-04-24,Mariposa,043,17540,415,409,11,420,5
2021-04-24,Mendocino,045,87422,3814,3754,70,3824,46
2021-04-24,Merced,047,269075,30569,30559,976,31535,443
2021-04-24,Modoc,049,8938,367,360,122,482,3
2021-04-24,Mono,051,14174,1241,1256,15,1271,3
2021-04-24,Monterey,053,433212,42860,42727,1850,44577,379
2021-04-24,Napa,055,140530,9759,9756,34,9790,79
2021-04-24,Nevada,057,99092,4617,4522,192,4714,70
2021-04-24,Orange,059,3164182,253953,252441,11150,263591,4910
2021-04-24,Placer,061,380077,22556,21983,1409,23392,285
2021-04-24,Plumas,063,18699,684,670,10,680,4
2021-04-24,Riverside,065,2383286,292161,286552,13851,300403,4400
2021-04-24,Sacramento,067,1510023,102872,102179,1643,103822,1587
2021-04-24,San Benito,069,59416,6009,6007,112,6119,63
2021-04-24,San Bernardino,071,2135413,291514,290264,8906,299170,4568
2021-04-24,San Diego,073,3302833,276859,275252,14385,289637,3688
2021-04-24,San Francisco,075,870044,36152,36285,1279,37564,532
2021-04-24,San Joaquin,077,732212,71679,70911,3438,74349,1301
2021-04-24,San Luis Obispo,079,281455,21019,20797,718,21515,255
2021-04-24,San Mateo,081,765935,41798,41424,452,41876,355
2021-04-24,Santa Barbara,083,443738,34644,33911,1190,35101,448
2021-04-24,Santa Clara,085,1922200,117251,117674,737,118411,1968
2021-04-24,Santa Cruz,087,273765,16069,15840,811,16651,205
2021-04-24,Shasta,089,179085,11769,11770,1442,13212,192
2021-04-24,Sierra,091,2930,55,51,12,63,0
2021-04-24,Siskiyou,093,43540,1700,1574,293,1867,11
2021-04-24,Solano,095,438530,31967,31821,484,32305,247
2021-04-24,Sonoma,097,501317,29579,29739,306,30045,318
2021-04-24,Stanislaus,099,539301,54846,54455,5811,60266,744
2021-04-24,Sutter,101,95872,9347,9316,83,9399,110
2021-04-24,Tehama,103,63373,4944,4907,552,5459,53
2021-04-24,Trinity,105,12862,483,326,87,413,3
2021-04-24,Tulare,107,460477,49711,48705,8853,57558,830
2021-04-24,Tuolumne,109,53932,4020,4020,36,4056,58
2021-04-24,Ventura,111,848112,80711,80097,2951,83048,999
2021-04-24,Yolo,113,214977,13698,13653,277,13930,205
2021-04-24,Yuba,115,75493,5882,5837,120,5957,44
2021-04-23,Alameda,001,1643700,86281,85935,1889,87824,1256
2021-04-23,Alpine,003,1148,86,86,0,86,0
2021-04-23,Amador,005,37829,3645,3637,33,3670,46
2021-04-23,Butte,007,227075,12054,11672,1744,13416,196
2021-04-23,Calaveras,009,45235,2073,2064,12,2076,50
2021-04-23,Colusa,011,21464,1922,1921,292,2213,14
2021-04-23,Contra Costa,013,1133247,67816,67164,1207,68371,785
2021-04-23,Del Norte,015,27424,1285,1254,11,1265,6
2021-04-23,El Dorado,017,186661,9891,9788,688,10476,106
2021-04-23,Fresno,019,978130,101486,100928,8548,109476,1662
2021-04-23,Glenn,021,27897,2380,2361,539,2900,17
2021-04-23,Humboldt,023,135768,3779,3698,30,3728,35
2021-04-23,Imperial,025,180216,28200,28108,2732,30840,720
2021-04-23,Inyo,027,18085,1396,1395,10,1405,36
2021-04-23,Kern,029,883053,96363,95330,10615,105945,1295
2021-04-23,Kings,031,150075,22963,22735,1066,23801,244
2021-04-23,Lake,033,64148,3444,3425,9,3434,43
2021-04-23,Lassen,035,31185,5164,5141,105,5246,1
2021-04-23,Los Angeles,037,10098052,1197666,1190264,41303,1231567,23785
2021-04-23,Madera,039,155013,16443,16328,921,17249,231
2021-04-23,Marin,041,260295,13868,13838,240,14078,227
2021-04-23,Mariposa,043,17540,414,405,11,416,5
2021-04-23,Mendocino,045,87422,3812,3745,69,3814,46
2021-04-23,Merced,047,269075,30551,30530,976,31506,443
2021-04-23,Modoc,049,8938,367,360,122,482,3
2021-04-23,Mono,051,14174,1239,1256,15,1271,3
2021-04-23,Monterey,053,433212,42854,42722,1850,44572,377
2021-04-23,Napa,055,140530,9753,9752,34,9786,79
2021-04-23,Nevada,057,99092,4608,4510,192,4702,70
2021-04-23,Orange,059,3164182,253909,252399,11143,263542,4904
2021-04-23,Placer,061,380077,22533,21959,1408,23367,282
2021-04-23,Plumas,063,18699,683,670,10,680,4
2021-04-23,Riverside,065,2383286,292102,286456,13846,300302,4399
2021-04-23,Sacramento,067,1510023,102785,102041,1640,103681,1586
2021-04-23,San Benito,069,59416,6007,6005,112,6117,63
2021-04-23,San Bernardino,071,2135413,291463,290189,8905,299094,4568
2021-04-23,San Diego,073,3302833,276721,275097,14362,289459,3684
2021-04-23,San Francisco,075,870044,36135,36252,1278,37530,532
2021-04-23,San Joaquin,077,732212,71623,70840,3435,74275,1295
2021-04-23,San Luis Obispo,079,281455,21010,20781,717,21498,255
2021-04-23,San Mateo,081,765935,41771,41386,452,41838,355
2021-04-23,Santa Barbara,083,443738,34634,33895,1188,35083,447
2021-04-23,Santa Clara,085,1922200,117189,117593,736,118329,1965
2021-04-23,Santa Cruz,087,273765,16062,15802,811,16613,205
2021-04-23,Shasta,089,179085,11762,11759,1441,13200,192
2021-04-23,Sierra,091,2930,55,51,12,63,0
2021-04-23,Siskiyou,093,43540,1688,1567,292,1859,11
2021-04-23,Solano,095,438530,31935,31784,480,32264,247
2021-04-23,Sonoma,097,501317,29566,29727,306,30033,318
2021-04-23,Stanislaus,099,539301,54783,54391,5803,60194,744
2021-04-23,Sutter,101,95872,9345,9312,83,9395,110
2021-04-23,Tehama,103,63373,4941,4906,552,5458,53
2021-04-23,Trinity,105,12862,483,326,87,413,3
2021-04-23,Tulare,107,460477,49694,48694,8845,57539,829
2021-04-23,Tuolumne,109,53932,4019,4020,36,4056,58
2021-04-23,Ventura,111,848112,80692,80095,2951,83046,996
2021-04-23,Yolo,113,214977,13687,13647,276,13923,205
2021-04-23,Yuba,115,75493,5879,5828,120,5948,44
2021-04-22,Alameda,001,1643700,86190,85829,1888,87717,1253
2021-04-22,Alpine,003,1148,86,86,0,86,0
2021-04-22,Amador,005,37829,3644,3633,33,3666,46
2021-04-22,Butte,007,227075,12040,11656,1741,13397,196
2021-04-22,Calaveras,009,45235,2072,2059,12,2071,50
2021-04-22,Colusa,011,21464,1920,1920,290,2210,14
2021-04-22,Contra Costa,013,1133247,67744,67029,1202,68231,782
2021-04-22,Del Norte,015,27424,1280,1252,11,1263,6
2021-04-22,El Dorado,017,186661,9880,9773,685,10458,106
2021-04-22,Fresno,019,978130,101441,100864,8537,109401,1657
2021-04-22,Glenn,021,27897,2379,2361,539,2900,17
2021-04-22,Humboldt,023,135768,3770,3680,30,3710,35
2021-04-22,Imperial,025,180216,28179,28096,2729,30825,720
2021-04-22,Inyo,027,18085,1395,1394,10,1404,36
2021-04-22,Kern,029,883053,96320,95292,10600,105892,1299
2021-04-22,Kings,031,150075,22953,22725,1066,23791,243
2021-04-22,Lake,033,64148,3442,3423,9,3432,43
2021-04-22,Lassen,035,31185,5164,5155,105,5260,1
2021-04-22,Los Angeles,037,10098052,1197348,1189878,41281,1231159,23762
2021-04-22,Madera,039,155013,16424,16316,921,17237,231
2021-04-22,Marin,041,260295,13860,13832,240,14072,227
2021-04-22,Mariposa,043,17540,413,403,11,414,5
2021-04-22,Mendocino,045,87422,3806,3729,69,3798,46
2021-04-22,Merced,047,269075,30516,30490,975,31465,443
2021-04-22,Modoc,049,8938,367,360,122,482,3
2021-04-22,Mono,051,14174,1239,1254,15,1269,3
2021-04-22,Monterey,053,433212,42847,42708,1848,44556,377
2021-04-22,Napa,055,140530,9743,9734,34,9768,79
2021-04-22,Nevada,057,99092,4599,4504,190,4694,70
2021-04-22,Orange,059,3164182,253837,252307,11131,263438,4898
2021-04-22,Placer,061,380077,22503,21916,1404,23320,282
2021-04-22,Plumas,063,18699,682,670,10,680,4
2021-04-22,Riverside,065,2383286,292003,286362,13837,300199,4398
2021-04-22,Sacramento,067,1510023,102636,101870,1631,103501,1585
2021-04-22,San Benito,069,59416,6003,5998,112,6110,63
2021-04-22,San Bernardino,071,2135413,291392,290125,8896,299021,4571
2021-04-22,San Diego,073,3302833,276555,275913,14340,290253,3684
2021-04-22,San Francisco,075,870044,36113,36218,1275,37493,532
2021-04-22,San Joaquin,077,732212,71564,70751,3428,74179,1295
2021-04-22,San Luis Obispo,079,281455,20996,20761,717,21478,255
2021-04-22,San Mateo,081,765935,41744,41345,450,41795,355
2021-04-22,Santa Barbara,083,443738,34611,33870,1187,35057,446
2021-04-22,Santa Clara,085,1922200,117101,117457,732,118189,1954
2021-04-22,Santa Cruz,087,273765,16059,15737,810,16547,205
2021-04-22,Shasta,089,179085,11747,11738,1438,13176,192
2021-04-22,Sierra,091,2930,55,51,12,63,0
2021-04-22,Siskiyou,093,43540,1684,1564,291,1855,11
2021-04-22,Solano,095,438530,31889,31731,477,32208,247
2021-04-22,Sonoma,097,501317,29551,29705,302,30007,318
2021-04-22,Stanislaus,099,539301,54710,54313,5797,60110,744
2021-04-22,Sutter,101,95872,9341,9302,83,9385,110
2021-04-22,Tehama,103,63373,4935,4896,548,5444,53
2021-04-22,Trinity,105,12862,483,326,87,413,3
2021-04-22,Tulare,107,460477,49674,48669,8836,57505,828
2021-04-22,Tuolumne,109,53932,4015,4020,36,4056,58
2021-04-22,Ventura,111,848112,80666,80073,2949,83022,996
2021-04-22,Yolo,113,214977,13666,13616,276,13892,205
2021-04-22,Yuba,115,75493,5869,5825,120,5945,44
2021-04-21,Alameda,001,1643700,86109,85762,1886,87648,1249
2021-04-21,Alpine,003,1148,86,86,0,86,0
2021-04-21,Amador,005,37829,3641,3632,33,3665,46
2021-04-21,Butte,007,227075,12020,11643,1739,13382,196
2021-04-21,Calaveras,009,45235,2065,2057,12,2069,50
2021-04-21,Colusa,011,21464,1918,1920,289,2209,14
2021-04-21,Contra Costa,013,1133247,67678,66981,1201,68182,782
2021-04-21,Del Norte,015,27424,1276,1252,11,1263,6
2021-04-21,El Dorado,017,186661,9863,9760,683,10443,106
2021-04-21,Fresno,019,978130,101385,100838,8531,109369,1654
2021-04-21,Glenn,021,27897,2378,2361,539,2900,17
2021-04-21,Humboldt,023,135768,3750,3642,30,3672,35
2021-04-21,Imperial,025,180216,28167,28052,2728,30780,719
2021-04-21,Inyo,027,18085,1395,1392,10,1402,36
2021-04-21,Kern,029,883053,96274,95257,10590,105847,1297
2021-04-21,Kings,031,150075,22946,22713,1065,23778,243
2021-04-21,Lake,033,64148,3439,3421,9,3430,43
2021-04-21,Lassen,035,31185,5163,5156,105,5261,1
2021-04-21,Los Angeles,037,10098052,1197009,1189530,41260,1230790,23729
2021-04-21,Madera,039,155013,16419,16309,921,17230,231
2021-04-21,Marin,041,260295,13845,13822,240,14062,227
2021-04-21,Mariposa,043,17540,412,402,11,413,5
2021-04-21,Mendocino,045,87422,3804,3729,69,3798,46
2021-04-21,Merced,047,269075,30495,30471,974,31445,442
2021-04-21,Modoc,049,8938,367,360,122,482,3
2021-04-21,Mono,051,14174,1239,1254,15,1269,3
2021-04-21,Monterey,053,433212,42832,42699,1846,44545,377
2021-04-21,Napa,055,140530,9737,9727,34,9761,79
2021-04-21,Nevada,057,99092,4585,4499,190,4689,70
2021-04-21,Orange,059,3164182,253762,252243,11118,263361,4889
2021-04-21,Placer,061,380077,22472,21896,1399,23295,282
2021-04-21,Plumas,063,18699,682,670,10,680,4
2021-04-21,Riverside,065,2383286,291909,286299,13830,300129,4388
2021-04-21,Sacramento,067,1510023,102507,101803,1625,103428,1579
2021-04-21,San Benito,069,59416,6000,5998,112,6110,63
2021-04-21,San Bernardino,071,2135413,291317,290049,8894,298943,4572
2021-04-21,San Diego,073,3302833,276346,275632,14302,289934,3681
2021-04-21,San Francisco,075,870044,36093,36194,1274,37468,529
2021-04-21,San Joaquin,077,732212,71509,70687,3418,74105,1295
2021-04-21,San Luis Obispo,079,281455,20981,20724,716,21440,255
2021-04-21,San Mateo,081,765935,41712,41318,449,41767,355
2021-04-21,Santa Barbara,083,443738,34592,33830,1186,35016,445
2021-04-21,Santa Clara,085,1922200,117023,117318,726,118044,1946
2021-04-21,Santa Cruz,087,273765,16050,15698,810,16508,204
2021-04-21,Shasta,089,179085,11728,11722,1436,13158,192
2021-04-21,Sierra,091,2930,55,51,12,63,0
2021-04-21,Siskiyou,093,43540,1677,1557,291,1848,11
2021-04-21,Solano,095,438530,31850,31712,476,32188,244
2021-04-21,Sonoma,097,501317,29539,29697,300,29997,318
2021-04-21,Stanislaus,099,539301,54649,54290,5791,60081,742
2021-04-21,Sutter,101,95872,9333,9297,83,9380,110
2021-04-21,Tehama,103,63373,4928,4893,547,5440,53
2021-04-21,Trinity,105,12862,483,326,87,413,3
2021-04-21,Tulare,107,460477,49659,48653,8823,57476,828
2021-04-21,Tuolumne,109,53932,4012,4019,36,4055,58
2021-04-21,Ventura,111,848112,80634,80039,2946,82985,996
2021-04-21,Yolo,113,214977,13646,13606,275,13881,200
2021-04-21,Yuba,115,75493,5862,5822,119,5941,44
2021-04-20,Alameda,001,1643700,86017,85652,1884,87536,1248
2021-04-20,Alpine,003,1148,85,85,0,85,0
2021-04-20,Amador,005,37829,3640,3631,33,3664,46
2021-04-20,Butte,007,227075,12001,11619,1737,13356,196
2021-04-20,Calaveras,009,45235,2064,2053,12,2065,50
2021-04-20,Colusa,011,21464,1918,1915,288,2203,14
2021-04-20,Contra Costa,013,1133247,67594,66889,1198,68087,782
2021-04-20,Del Norte,015,27424,1275,1250,11,1261,6
2021-04-20,El Dorado,017,186661,9835,9743,681,10424,106
2021-04-20,Fresno,019,978130,101327,100768,8521,109289,1650
2021-04-20,Glenn,021,27897,2376,2359,538,2897,17
2021-04-20,Humboldt,023,135768,3730,3612,30,3642,35
2021-04-20,Imperial,025,180216,28148,28024,2724,30748,719
2021-04-20,Inyo,027,18085,1395,1393,10,1403,36
2021-04-20,Kern,029,883053,96238,95223,10573,105796,1295
2021-04-20,Kings,031,150075,22940,22693,1062,23755,243
2021-04-20,Lake,033,64148,3437,3418,9,3427,43
2021-04-20,Lassen,035,31185,5163,5155,105,5260,1
2021-04-20,Los Angeles,037,10098052,1196665,1189256,41231,1230487,23694
2021-04-20,Madera,039,155013,16413,16301,921,17222,231
2021-04-20,Marin,041,260295,13831,13807,240,14047,227
2021-04-20,Mariposa,043,17540,411,402,11,413,5
2021-04-20,Mendocino,045,87422,3803,3726,69,3795,46
2021-04-20,Merced,047,269075,30467,30439,974,31413,441
2021-04-20,Modoc,049,8938,367,359,122,481,3
2021-04-20,Mono,051,14174,1238,1254,15,1269,3
2021-04-20,Monterey,053,433212,42821,42663,1843,44506,363
2021-04-20,Napa,055,140530,9733,9711,34,9745,79
2021-04-20,Nevada,057,99092,4567,4485,190,4675,70
2021-04-20,Orange,059,3164182,253672,252134,11106,263240,4887
2021-04-20,Placer,061,380077,22438,21846,1395,23241,282
2021-04-20,Plumas,063,18699,681,670,10,680,4
2021-04-20,Riverside,065,2383286,291812,286194,13825,300019,4388
2021-04-20,Sacramento,067,1510023,102369,101629,1616,103245,1574
2021-04-20,San Benito,069,59416,5997,5988,112,6100,63
2021-04-20,San Bernardino,071,2135413,291237,289905,8892,298797,4569
2021-04-20,San Diego,073,3302833,276116,275369,14269,289638,3674
2021-04-20,San Francisco,075,870044,36074,36117,1273,37390,529
2021-04-20,San Joaquin,077,732212,71436,70590,3409,73999,1289
2021-04-20,San Luis Obispo,079,281455,20958,20691,708,21399,254
2021-04-20,San Mateo,081,765935,41681,41251,449,41700,355
2021-04-20,Santa Barbara,083,443738,34574,33803,1186,34989,445
2021-04-20,Santa Clara,085,1922200,116924,117228,722,117950,1944
2021-04-20,Santa Cruz,087,273765,16038,15647,810,16457,204
2021-04-20,Shasta,089,179085,11712,11677,1433,13110,189
2021-04-20,Sierra,091,2930,55,51,12,63,0
2021-04-20,Siskiyou,093,43540,1669,1551,290,1841,10
2021-04-20,Solano,095,438530,31795,31673,472,32145,243
2021-04-20,Sonoma,097,501317,29530,29676,298,29974,311
2021-04-20,Stanislaus,099,539301,54584,54236,5778,60014,735
2021-04-20,Sutter,101,95872,9329,9279,83,9362,109
2021-04-20,Tehama,103,63373,4923,4887,546,5433,52
2021-04-20,Trinity,105,12862,483,326,87,413,3
2021-04-20,Tulare,107,460477,49636,48650,8815,57465,831
2021-04-20,Tuolumne,109,53932,4012,4014,36,4050,58
2021-04-20,Ventura,111,848112,80606,80018,2944,82962,995
2021-04-20,Yolo,113,214977,13626,13581,274,13855,200
2021-04-20,Yuba,115,75493,5852,5814,119,5933,44
2021-04-19,Alameda,001,1643700,85896,85583,1881,87464,1247
2021-04-19,Alpine,003,1148,85,85,0,85,0
2021-04-19,Amador,005,37829,3639,3629,33,3662,46
2021-04-19,Butte,007,227075,11982,11601,1732,13333,196
2021-04-19,Calaveras,009,45235,2062,2050,12,2062,50
2021-04-19,Colusa,011,21464,1918,1913,287,2200,14
2021-04-19,Contra Costa,013,1133247,67516,66833,1196,68029,782
2021-04-19,Del Norte,015,27424,1273,1247,11,1258,6
2021-04-19,El Dorado,017,186661,9819,9726,676,10402,106
2021-04-19,Fresno,019,978130,101259,100702,8508,109210,1646
2021-04-19,Glenn,021,27897,2376,2358,537,2895,17
2021-04-19,Humboldt,023,135768,3710,3602,28,3630,35
2021-04-19,Imperial,025,180216,28127,27995,2724,30719,719
2021-04-19,Inyo,027,18085,1395,1392,10,1402,36
2021-04-19,Kern,029,883053,96208,95162,10558,105720,1290
2021-04-19,Kings,031,150075,22924,22688,1062,23750,243
2021-04-19,Lake,033,64148,3436,3416,9,3425,43
2021-04-19,Lassen,035,31185,5162,5156,105,5261,1
2021-04-19,Los Angeles,037,10098052,1196288,1188945,41206,1230151,23666
2021-04-19,Madera,039,155013,16402,16289,920,17209,231
2021-04-19,Marin,041,260295,13820,13804,239,14043,226
2021-04-19,Mariposa,043,17540,410,401,11,412,5
2021-04-19,Mendocino,045,87422,3801,3722,69,3791,46
2021-04-19,Merced,047,269075,30438,30422,973,31395,441
2021-04-19,Modoc,049,8938,367,359,122,481,3
2021-04-19,Mono,051,14174,1237,1254,15,1269,3
2021-04-19,Monterey,053,433212,42808,42642,1838,44480,356
2021-04-19,Napa,055,140530,9725,9680,34,9714,79
2021-04-19,Nevada,057,99092,4551,4477,190,4667,70
2021-04-19,Orange,059,3164182,253554,252013,11092,263105,4883
2021-04-19,Placer,061,380077,22415,21814,1391,23205,282
2021-04-19,Plumas,063,18699,681,665,10,675,4
2021-04-19,Riverside,065,2383286,291716,286087,13815,299902,4371
2021-04-19,Sacramento,067,1510023,102234,101482,1606,103088,1572
2021-04-19,San Benito,069,59416,5989,5989,112,6101,63
2021-04-19,San Bernardino,071,2135413,291152,289738,8886,298624,4561
2021-04-19,San Diego,073,3302833,275868,275113,14236,289349,3674
2021-04-19,San Francisco,075,870044,36039,36094,1270,37364,529
2021-04-19,San Joaquin,077,732212,71357,70514,3402,73916,1289
2021-04-19,San Luis Obispo,079,281455,20932,20669,702,21371,254
2021-04-19,San Mateo,081,765935,41648,41226,448,41674,355
2021-04-19,Santa Barbara,083,443738,34559,33786,1186,34972,446
2021-04-19,Santa Clara,085,1922200,116813,117099,718,117817,1944
2021-04-19,Santa Cruz,087,273765,16026,15600,810,16410,204
2021-04-19,Shasta,089,179085,11697,11662,1425,13087,189
2021-04-19,Sierra,091,2930,55,51,12,63,0
2021-04-19,Siskiyou,093,43540,1659,1544,290,1834,10
2021-04-19,Solano,095,438530,31756,31643,467,32110,239
2021-04-19,Sonoma,097,501317,29511,29667,298,29965,311
2021-04-19,Stanislaus,099,539301,54508,54179,5774,59953,728
2021-04-19,Sutter,101,95872,9318,9269,83,9352,109
2021-04-19,Tehama,103,63373,4918,4878,546,5424,52
2021-04-19,Trinity,105,12862,483,326,86,412,3
2021-04-19,Tulare,107,460477,49620,48630,8802,57432,831
2021-04-19,Tuolumne,109,53932,4011,4010,36,4046,58
2021-04-19,Ventura,111,848112,80580,80000,2942,82942,996
2021-04-19,Yolo,113,214977,13614,13572,271,13843,200
2021-04-19,Yuba,115,75493,5845,5804,118,5922,44
2021-04-18,Alameda,001,1643700,85783,85481,1873,87354,1247
2021-04-18,Alpine,003,1148,85,85,0,85,0
2021-04-18,Amador,005,37829,3636,3627,33,3660,46
2021-04-18,Butte,007,227075,11964,11591,1727,13318,196
2021-04-18,Calaveras,009,45235,2054,2047,12,2059,50
2021-04-18,Colusa,011,21464,1914,1912,286,2198,14
2021-04-18,Contra Costa,013,1133247,67412,66750,1192,67942,782
2021-04-18,Del Norte,015,27424,1273,1240,11,1251,6
2021-04-18,El Dorado,017,186661,9796,9710,674,10384,106
2021-04-18,Fresno,019,978130,101201,100621,8503,109124,1646
2021-04-18,Glenn,021,27897,2371,2358,537,2895,17
2021-04-18,Humboldt,023,135768,3682,3590,28,3618,35
2021-04-18,Imperial,025,180216,28112,27991,2719,30710,719
2021-04-18,Inyo,027,18085,1394,1392,10,1402,36
2021-04-18,Kern,029,883053,96172,95129,10542,105671,1290
2021-04-18,Kings,031,150075,22915,22685,1062,23747,243
2021-04-18,Lake,033,64148,3435,3413,9,3422,43
2021-04-18,Lassen,035,31185,5159,5156,105,5261,1
2021-04-18,Los Angeles,037,10098052,1195832,1188620,41183,1229803,23648
2021-04-18,Madera,039,155013,16391,16277,919,17196,231
2021-04-18,Marin,041,260295,13813,13801,238,14039,226
2021-04-18,Mariposa,043,17540,409,400,10,410,5
2021-04-18,Mendocino,045,87422,3798,3722,69,3791,46
2021-04-18,Merced,047,269075,30401,30405,971,31376,441
2021-04-18,Modoc,049,8938,367,359,122,481,3
2021-04-18,Mono,051,14174,1237,1254,15,1269,3
2021-04-18,Monterey,053,433212,42796,42638,1837,44475,356
2021-04-18,Napa,055,140530,9709,9674,34,9708,79
2021-04-18,Nevada,057,99092,4536,4464,190,4654,70
2021-04-18,Orange,059,3164182,253439,251940,11084,263024,4883
2021-04-18,Placer,061,380077,22371,21783,1385,23168,282
2021-04-18,Plumas,063,18699,680,665,10,675,4
2021-04-18,Riverside,065,2383286,291626,286043,13811,299854,4371
2021-04-18,Sacramento,067,1510023,102058,101354,1600,102954,1572
2021-04-18,San Benito,069,59416,5987,5989,112,6101,63
2021-04-18,San Bernardino,071,2135413,291058,289691,8877,298568,4556
2021-04-18,San Diego,073,3302833,275589,274961,14201,289162,3674
2021-04-18,San Francisco,075,870044,36002,36073,1266,37339,525
2021-04-18,San Joaquin,077,732212,71276,70466,3393,73859,1289
2021-04-18,San Luis Obispo,079,281455,20910,20656,696,21352,254
2021-04-18,San Mateo,081,765935,41619,41201,447,41648,352
2021-04-18,Santa Barbara,083,443738,34524,33769,1185,34954,446
2021-04-18,Santa Clara,085,1922200,116647,116996,701,117697,1944
2021-04-18,Santa Cruz,087,273765,16016,15580,809,16389,204
2021-04-18,Shasta,089,179085,11676,11658,1422,13080,189
2021-04-18,Sierra,091,2930,55,51,12,63,0
2021-04-18,Siskiyou,093,43540,1648,1538,288,1826,10
2021-04-18,Solano,095,438530,31706,31606,466,32072,239
2021-04-18,Sonoma,097,501317,29495,29660,296,29956,311
2021-04-18,Stanislaus,099,539301,54426,54132,5767,59899,728
2021-04-18,Sutter,101,95872,9304,9261,83,9344,109
2021-04-18,Tehama,103,63373,4909,4877,545,5422,52
2021-04-18,Trinity,105,12862,483,326,86,412,3
2021-04-18,Tulare,107,460477,49608,48618,8796,57414,829
2021-04-18,Tuolumne,109,53932,4010,4008,35,4043,58
2021-04-18,Ventura,111,848112,80550,79984,2938,82922,996
2021-04-18,Yolo,113,214977,13602,13562,269,13831,200
2021-04-18,Yuba,115,75493,5838,5804,118,5922,44
2021-04-17,Alameda,001,1643700,85710,85367,1869,87236,1247
2021-04-17,Alpine,003,1148,85,85,0,85,0
2021-04-17,Amador,005,37829,3634,3625,33,3658,46
2021-04-17,Butte,007,227075,11944,11573,1723,13296,196
2021-04-17,Calaveras,009,45235,2052,2045,12,2057,50
2021-04-17,Colusa,011,21464,1914,1912,286,2198,14
2021-04-17,Contra Costa,013,1133247,67364,66657,1184,67841,782
2021-04-17,Del Norte,015,27424,1273,1238,11,1249,6
2021-04-17,El Dorado,017,186661,9781,9692,671,10363,106
2021-04-17,Fresno,019,978130,101168,100562,8497,109059,1646
2021-04-17,Glenn,021,27897,2371,2357,537,2894,17
2021-04-17,Humboldt,023,135768,3659,3579,28,3607,35
2021-04-17,Imperial,025,180216,28101,27987,2718,30705,719
2021-04-17,Inyo,027,18085,1391,1392,10,1402,36
2021-04-17,Kern,029,883053,96154,95102,10538,105640,1290
2021-04-17,Kings,031,150075,22910,22678,1061,23739,243
2021-04-17,Lake,033,64148,3434,3409,9,3418,43
2021-04-17,Lassen,035,31185,5159,5154,105,5259,1
2021-04-17,Los Angeles,037,10098052,1195577,1188262,41150,1229412,23653
2021-04-17,Madera,039,155013,16387,16260,918,17178,231
2021-04-17,Marin,041,260295,13809,13797,238,14035,226
2021-04-17,Mariposa,043,17540,408,398,10,408,5
2021-04-17,Mendocino,045,87422,3795,3721,69,3790,46
2021-04-17,Merced,047,269075,30385,30392,970,31362,441
2021-04-17,Modoc,049,8938,367,357,122,479,3
2021-04-17,Mono,051,14174,1237,1253,15,1268,3
2021-04-17,Monterey,053,433212,42787,42630,1835,44465,356
2021-04-17,Napa,055,140530,9705,9666,34,9700,79
2021-04-17,Nevada,057,99092,4528,4457,190,4647,70
2021-04-17,Orange,059,3164182,253370,251873,11072,262945,4878
2021-04-17,Placer,061,380077,22348,21736,1380,23116,282
2021-04-17,Plumas,063,18699,679,666,10,676,4
2021-04-17,Riverside,065,2383286,291557,285963,13803,299766,4371
2021-04-17,Sacramento,067,1510023,101948,101172,1589,102761,1572
2021-04-17,San Benito,069,59416,5981,5986,112,6098,63
2021-04-17,San Bernardino,071,2135413,291003,289624,8874,298498,4555
2021-04-17,San Diego,073,3302833,275442,274812,14167,288979,3674
2021-04-17,San Francisco,075,870044,35981,36032,1263,37295,523
2021-04-17,San Joaquin,077,732212,71236,70372,3383,73755,1288
2021-04-17,San Luis Obispo,079,281455,20897,20642,693,21335,254
2021-04-17,San Mateo,081,765935,41596,41157,447,41604,352
2021-04-17,Santa Barbara,083,443738,34493,33738,1183,34921,446
2021-04-17,Santa Clara,085,1922200,116555,116887,699,117586,1944
2021-04-17,Santa Cruz,087,273765,16010,15571,809,16380,204
2021-04-17,Shasta,089,179085,11661,11647,1421,13068,189
2021-04-17,Sierra,091,2930,55,51,12,63,0
2021-04-17,Siskiyou,093,43540,1643,1539,287,1826,10
2021-04-17,Solano,095,438530,31675,31541,463,32004,239
2021-04-17,Sonoma,097,501317,29488,29637,296,29933,311
2021-04-17,Stanislaus,099,539301,54389,54058,5762,59820,728
2021-04-17,Sutter,101,95872,9298,9252,83,9335,109
2021-04-17,Tehama,103,63373,4903,4875,544,5419,52
2021-04-17,Trinity,105,12862,483,326,86,412,3
2021-04-17,Tulare,107,460477,49596,48603,8792,57395,829
2021-04-17,Tuolumne,109,53932,4008,4005,35,4040,58
2021-04-17,Ventura,111,848112,80529,79964,2938,82902,996
2021-04-17,Yolo,113,214977,13592,13580,269,13849,200
2021-04-17,Yuba,115,75493,5833,5802,117,5919,44
2021-04-16,Alameda,001,1643700,85632,85243,1867,87110,1245
2021-04-16,Alpine,003,1148,85,85,0,85,0
2021-04-16,Amador,005,37829,3629,3621,33,3654,46
2021-04-16,Butte,007,227075,11932,11549,1721,13270,196
2021-04-16,Calaveras,009,45235,2050,2042,12,2054,50
2021-04-16,Colusa,011,21464,1912,1911,286,2197,14
2021-04-16,Contra Costa,013,1133247,67310,66569,1181,67750,782
2021-04-16,Del Norte,015,27424,1272,1237,11,1248,6
2021-04-16,El Dorado,017,186661,9761,9665,667,10332,106
2021-04-16,Fresno,019,978130,101118,100500,8491,108991,1643
2021-04-16,Glenn,021,27897,2371,2355,537,2892,17
2021-04-16,Humboldt,023,135768,3638,3570,27,3597,35
2021-04-16,Imperial,025,180216,28091,27962,2717,30679,719
2021-04-16,Inyo,027,18085,1391,1392,10,1402,36
2021-04-16,Kern,029,883053,96125,95066,10535,105601,1288
2021-04-16,Kings,031,150075,22906,22667,1060,23727,243
2021-04-16,Lake,033,64148,3428,3406,9,3415,43
2021-04-16,Lassen,035,31185,5158,5155,105,5260,1
2021-04-16,Los Angeles,037,10098052,1195276,1187818,41114,1228932,23627
2021-04-16,Madera,039,155013,16381,16250,917,17167,231
2021-04-16,Marin,041,260295,13806,13788,238,14026,226
2021-04-16,Mariposa,043,17540,407,396,9,405,5
2021-04-16,Mendocino,045,87422,3793,3719,69,3788,46
2021-04-16,Merced,047,269075,30370,30355,970,31325,438
2021-04-16,Modoc,049,8938,367,355,122,477,3
2021-04-16,Mono,051,14174,1237,1253,15,1268,3
2021-04-16,Monterey,053,433212,42776,42620,1833,44453,351
2021-04-16,Napa,055,140530,9697,9653,34,9687,79
2021-04-16,Nevada,057,99092,4519,4443,190,4633,70
2021-04-16,Orange,059,3164182,253306,251770,11063,262833,4873
2021-04-16,Placer,061,380077,22321,21680,1375,23055,282
2021-04-16,Plumas,063,18699,678,665,10,675,4
2021-04-16,Riverside,065,2383286,291480,285818,13801,299619,4369
2021-04-16,Sacramento,067,1510023,101851,100993,1584,102577,1572
2021-04-16,San Benito,069,59416,5979,5982,112,6094,63
2021-04-16,San Bernardino,071,2135413,290956,289424,8872,298296,4550
2021-04-16,San Diego,073,3302833,275288,274567,14149,288716,3662
2021-04-16,San Francisco,075,870044,35955,35993,1259,37252,517
2021-04-16,San Joaquin,077,732212,71169,70280,3375,73655,1288
2021-04-16,San Luis Obispo,079,281455,20885,20623,692,21315,253
2021-04-16,San Mateo,081,765935,41567,41107,446,41553,352
2021-04-16,Santa Barbara,083,443738,34475,33703,1183,34886,446
2021-04-16,Santa Clara,085,1922200,116455,116693,696,117389,1941
2021-04-16,Santa Cruz,087,273765,16008,15539,809,16348,204
2021-04-16,Shasta,089,179085,11649,11623,1419,13042,189
2021-04-16,Sierra,091,2930,55,51,12,63,0
2021-04-16,Siskiyou,093,43540,1639,1530,285,1815,10
2021-04-16,Solano,095,438530,31636,31470,460,31930,239
2021-04-16,Sonoma,097,501317,29477,29617,296,29913,311
2021-04-16,Stanislaus,099,539301,54341,53983,5760,59743,728
2021-04-16,Sutter,101,95872,9292,9247,83,9330,109
2021-04-16,Tehama,103,63373,4902,4866,544,5410,52
2021-04-16,Trinity,105,12862,483,326,86,412,3
2021-04-16,Tulare,107,460477,49584,48583,8788,57371,830
2021-04-16,Tuolumne,109,53932,4005,4005,35,4040,58
2021-04-16,Ventura,111,848112,80504,79942,2933,82875,994
2021-04-16,Yolo,113,214977,13579,13559,267,13826,198
2021-04-16,Yuba,115,75493,5830,5795,116,5911,44
2021-04-15,Alameda,001,1643700,85524,85089,1865,86954,1246
2021-04-15,Alpine,003,1148,85,85,0,85,0
2021-04-15,Amador,005,37829,3628,3616,33,3649,46
2021-04-15,Butte,007,227075,11917,11529,1717,13246,196
2021-04-15,Calaveras,009,45235,2049,2039,12,2051,50
2021-04-15,Colusa,011,21464,1910,1909,285,2194,14
2021-04-15,Contra Costa,013,1133247,67236,66480,1177,67657,781
2021-04-15,Del Norte,015,27424,1265,1235,11,1246,6
2021-04-15,El Dorado,017,186661,9748,9639,665,10304,106
2021-04-15,Fresno,019,978130,101057,100431,8485,108916,1642
2021-04-15,Glenn,021,27897,2371,2354,537,2891,17
2021-04-15,Humboldt,023,135768,3616,3561,27,3588,35
2021-04-15,Imperial,025,180216,28063,27920,2714,30634,718
2021-04-15,Inyo,027,18085,1391,1393,10,1403,36
2021-04-15,Kern,029,883053,96092,94989,10521,105510,1289
2021-04-15,Kings,031,150075,22892,22648,1060,23708,242
2021-04-15,Lake,033,64148,3427,3399,9,3408,43
2021-04-15,Lassen,035,31185,5157,5152,105,5257,1
2021-04-15,Los Angeles,037,10098052,1194878,1187274,41078,1228352,23598
2021-04-15,Madera,039,155013,16366,16234,917,17151,231
2021-04-15,Marin,041,260295,13802,13783,237,14020,226
2021-04-15,Mariposa,043,17540,405,395,9,404,5
2021-04-15,Mendocino,045,87422,3792,3714,69,3783,46
2021-04-15,Merced,047,269075,30344,30325,969,31294,437
2021-04-15,Modoc,049,8938,367,355,122,477,3
2021-04-15,Mono,051,14174,1236,1253,15,1268,3
2021-04-15,Monterey,053,433212,42766,42604,1831,44435,347
2021-04-15,Napa,055,140530,9689,9645,34,9679,79
2021-04-15,Nevada,057,99092,4507,4434,189,4623,70
2021-04-15,Orange,059,3164182,253211,251679,11050,262729,4857
2021-04-15,Placer,061,380077,22291,21614,1368,22982,281
2021-04-15,Plumas,063,18699,676,665,10,675,4
2021-04-15,Riverside,065,2383286,291376,285698,13794,299492,4363
2021-04-15,Sacramento,067,1510023,101721,100782,1570,102352,1570
2021-04-15,San Benito,069,59416,5976,5969,111,6080,63
2021-04-15,San Bernardino,071,2135413,290867,289288,8865,298153,4544
2021-04-15,San Diego,073,3302833,275042,274250,14090,288340,3653
2021-04-15,San Francisco,075,870044,35936,35947,1257,37204,510
2021-04-15,San Joaquin,077,732212,71088,70189,3367,73556,1288
2021-04-15,San Luis Obispo,079,281455,20869,20591,689,21280,253
2021-04-15,San Mateo,081,765935,41528,41050,445,41495,352
2021-04-15,Santa Barbara,083,443738,34457,33672,1179,34851,446
2021-04-15,Santa Clara,085,1922200,116349,116602,692,117294,1927
2021-04-15,Santa Cruz,087,273765,15998,15509,809,16318,203
2021-04-15,Shasta,089,179085,11635,11597,1415,13012,191
2021-04-15,Sierra,091,2930,55,51,12,63,0
2021-04-15,Siskiyou,093,43540,1633,1524,285,1809,10
2021-04-15,Solano,095,438530,31598,31394,459,31853,239
2021-04-15,Sonoma,097,501317,29463,29587,296,29883,311
2021-04-15,Stanislaus,099,539301,54287,53918,5751,59669,728
2021-04-15,Sutter,101,95872,9285,9237,83,9320,109
2021-04-15,Tehama,103,63373,4900,4854,543,5397,52
2021-04-15,Trinity,105,12862,483,326,86,412,3
2021-04-15,Tulare,107,460477,49563,48556,8788,57344,829
2021-04-15,Tuolumne,109,53932,4005,4003,35,4038,57
2021-04-15,Ventura,111,848112,80485,79917,2931,82848,989
2021-04-15,Yolo,113,214977,13560,13547,265,13812,198
2021-04-15,Yuba,115,75493,5827,5788,116,5904,44
2021-04-14,Alameda,001,1643700,85427,85009,1864,86873,1247
2021-04-14,Alpine,003,1148,85,85,0,85,0
2021-04-14,Amador,005,37829,3627,3613,33,3646,46
2021-04-14,Butte,007,227075,11904,11513,1716,13229,196
2021-04-14,Calaveras,009,45235,2047,2037,12,2049,50
2021-04-14,Colusa,011,21464,1910,1905,285,2190,14
2021-04-14,Contra Costa,013,1133247,67150,66400,1171,67571,781
2021-04-14,Del Norte,015,27424,1265,1228,11,1239,6
2021-04-14,El Dorado,017,186661,9733,9625,660,10285,106
2021-04-14,Fresno,019,978130,101000,100376,8472,108848,1640
2021-04-14,Glenn,021,27897,2371,2353,537,2890,17
2021-04-14,Humboldt,023,135768,3595,3551,26,3577,35
2021-04-14,Imperial,025,180216,28041,27907,2712,30619,718
2021-04-14,Inyo,027,18085,1391,1392,10,1402,36
2021-04-14,Kern,029,883053,96067,94947,10514,105461,1287
2021-04-14,Kings,031,150075,22883,22641,1058,23699,243
2021-04-14,Lake,033,64148,3422,3396,9,3405,43
2021-04-14,Lassen,035,31185,5156,5151,105,5256,1
2021-04-14,Los Angeles,037,10098052,1194481,1186821,41032,1227853,23579
2021-04-14,Madera,039,155013,16357,16218,917,17135,231
2021-04-14,Marin,041,260295,13800,13768,236,14004,226
2021-04-14,Mariposa,043,17540,404,394,9,403,5
2021-04-14,Mendocino,045,87422,3787,3711,69,3780,46
2021-04-14,Merced,047,269075,30326,30296,969,31265,436
2021-04-14,Modoc,049,8938,367,355,122,477,3
2021-04-14,Mono,051,14174,1236,1252,15,1267,3
2021-04-14,Monterey,053,433212,42750,42595,1827,44422,347
2021-04-14,Napa,055,140530,9678,9643,34,9677,79
2021-04-14,Nevada,057,99092,4500,4421,189,4610,70
2021-04-14,Orange,059,3164182,253105,251568,11030,262598,4849
2021-04-14,Placer,061,380077,22258,21575,1367,22942,280
2021-04-14,Plumas,063,18699,676,665,10,675,4
2021-04-14,Riverside,065,2383286,291266,285583,13788,299371,4358
2021-04-14,Sacramento,067,1510023,101546,100645,1556,102201,1570
2021-04-14,San Benito,069,59416,5974,5960,111,6071,62
2021-04-14,San Bernardino,071,2135413,290800,289078,8862,297940,4523
2021-04-14,San Diego,073,3302833,274831,273969,14061,288030,3648
2021-04-14,San Francisco,075,870044,35898,35898,1256,37154,510
2021-04-14,San Joaquin,077,732212,71018,70095,3361,73456,1288
2021-04-14,San Luis Obispo,079,281455,20846,20561,679,21240,253
2021-04-14,San Mateo,081,765935,41488,40982,442,41424,352
2021-04-14,Santa Barbara,083,443738,34428,33650,1179,34829,445
2021-04-14,Santa Clara,085,1922200,116231,116488,689,117177,1922
2021-04-14,Santa Cruz,087,273765,15988,15481,809,16290,203
2021-04-14,Shasta,089,179085,11609,11581,1413,12994,190
2021-04-14,Sierra,091,2930,55,51,12,63,0
2021-04-14,Siskiyou,093,43540,1625,1518,284,1802,10
2021-04-14,Solano,095,438530,31545,31357,452,31809,239
2021-04-14,Sonoma,097,501317,29455,29572,294,29866,311
2021-04-14,Stanislaus,099,539301,54216,53836,5742,59578,727
2021-04-14,Sutter,101,95872,9277,9230,83,9313,106
2021-04-14,Tehama,103,63373,4894,4853,542,5395,52
2021-04-14,Trinity,105,12862,483,326,86,412,3
2021-04-14,Tulare,107,460477,49537,48527,8785,57312,827
2021-04-14,Tuolumne,109,53932,4004,3997,35,4032,57
2021-04-14,Ventura,111,848112,80449,79891,2929,82820,986
2021-04-14,Yolo,113,214977,13544,13530,263,13793,198
2021-04-14,Yuba,115,75493,5825,5778,116,5894,44
2021-04-13,Alameda,001,1643700,85323,84921,1860,86781,1239
2021-04-13,Alpine,003,1148,85,85,0,85,0
2021-04-13,Amador,005,37829,3624,3609,33,3642,46
2021-04-13,Butte,007,227075,11886,11497,1713,13210,196
2021-04-13,Calaveras,009,45235,2045,2035,12,2047,50
2021-04-13,Colusa,011,21464,1908,1905,283,2188,14
2021-04-13,Contra Costa,013,1133247,67060,66304,1171,67475,778
2021-04-13,Del Norte,015,27424,1260,1221,11,1232,6
2021-04-13,El Dorado,017,186661,9707,9609,658,10267,106
2021-04-13,Fresno,019,978130,100918,100357,8466,108823,1636
2021-04-13,Glenn,021,27897,2370,2351,537,2888,17
2021-04-13,Humboldt,023,135768,3578,3540,26,3566,35
2021-04-13,Imperial,025,180216,28022,27887,2704,30591,718
2021-04-13,Inyo,027,18085,1391,1391,10,1401,36
2021-04-13,Kern,029,883053,96023,94908,10502,105410,1285
2021-04-13,Kings,031,150075,22867,22636,1057,23693,243
2021-04-13,Lake,033,64148,3419,3390,9,3399,43
2021-04-13,Lassen,035,31185,5155,5147,105,5252,1
2021-04-13,Los Angeles,037,10098052,1194029,1186482,40989,1227471,23526
2021-04-13,Madera,039,155013,16347,16207,915,17122,231
2021-04-13,Marin,041,260295,13792,13760,235,13995,224
2021-04-13,Mariposa,043,17540,403,394,6,400,5
2021-04-13,Mendocino,045,87422,3781,3702,69,3771,46
2021-04-13,Merced,047,269075,30295,30276,967,31243,435
2021-04-13,Modoc,049,8938,367,355,122,477,3
2021-04-13,Mono,051,14174,1236,1251,15,1266,3
2021-04-13,Monterey,053,433212,42739,42577,1827,44404,347
2021-04-13,Napa,055,140530,9668,9627,34,9661,79
2021-04-13,Nevada,057,99092,4488,4415,189,4604,69
2021-04-13,Orange,059,3164182,253009,251491,11011,262502,4836
2021-04-13,Placer,061,380077,22221,21534,1364,22898,280
2021-04-13,Plumas,063,18699,675,665,10,675,4
2021-04-13,Riverside,065,2383286,291147,285505,13782,299287,4348
2021-04-13,Sacramento,067,1510023,101371,100551,1551,102102,1569
2021-04-13,San Benito,069,59416,5971,5946,111,6057,62
2021-04-13,San Bernardino,071,2135413,290684,288929,8856,297785,4521
2021-04-13,San Diego,073,3302833,274577,273709,14026,287735,3623
2021-04-13,San Francisco,075,870044,35862,35869,1252,37121,506
2021-04-13,San Joaquin,077,732212,70910,70034,3353,73387,1288
2021-04-13,San Luis Obispo,079,281455,20819,20536,669,21205,253
2021-04-13,San Mateo,081,765935,41443,40955,442,41397,353
2021-04-13,Santa Barbara,083,443738,34406,33613,1176,34789,444
2021-04-13,Santa Clara,085,1922200,116102,116363,687,117050,1923
2021-04-13,Santa Cruz,087,273765,15981,15449,809,16258,203
2021-04-13,Shasta,089,179085,11589,11536,1410,12946,189
2021-04-13,Sierra,091,2930,55,51,12,63,0
2021-04-13,Siskiyou,093,43540,1617,1511,280,1791,10
2021-04-13,Solano,095,438530,31496,31335,448,31783,239
2021-04-13,Sonoma,097,501317,29447,29544,293,29837,311
2021-04-13,Stanislaus,099,539301,54143,53797,5733,59530,722
2021-04-13,Sutter,101,95872,9273,9226,83,9309,106
2021-04-13,Tehama,103,63373,4887,4850,539,5389,52
2021-04-13,Trinity,105,12862,483,326,86,412,3
2021-04-13,Tulare,107,460477,49524,48511,8782,57293,825
2021-04-13,Tuolumne,109,53932,4002,3995,35,4030,57
2021-04-13,Ventura,111,848112,80417,79854,2927,82781,986
2021-04-13,Yolo,113,214977,13532,13516,262,13778,198
2021-04-13,Yuba,115,75493,5816,5776,116,5892,44
2021-04-12,Alameda,001,1643700,85219,84817,1859,86676,1238
2021-04-12,Alpine,003,1148,85,85,0,85,0
2021-04-12,Amador,005,37829,3623,3607,33,3640,46
2021-04-12,Butte,007,227075,11871,11488,1709,13197,193
2021-04-12,Calaveras,009,45235,2044,2033,12,2045,50
2021-04-12,Colusa,011,21464,1906,1904,281,2185,14
2021-04-12,Contra Costa,013,1133247,66979,66176,1171,67347,777
2021-04-12,Del Norte,015,27424,1257,1216,11,1227,6
2021-04-12,El Dorado,017,186661,9690,9588,656,10244,106
2021-04-12,Fresno,019,978130,100857,100277,8442,108719,1633
2021-04-12,Glenn,021,27897,2369,2349,537,2886,17
2021-04-12,Humboldt,023,135768,3564,3533,25,3558,35
2021-04-12,Imperial,025,180216,27992,27851,2699,30550,717
2021-04-12,Inyo,027,18085,1391,1390,10,1400,36
2021-04-12,Kern,029,883053,95986,94861,10491,105352,1283
2021-04-12,Kings,031,150075,22859,22621,1056,23677,241
2021-04-12,Lake,033,64148,3415,3380,9,3389,43
2021-04-12,Lassen,035,31185,5154,5147,105,5252,1
2021-04-12,Los Angeles,037,10098052,1193531,1186145,40949,1227094,23505
2021-04-12,Madera,039,155013,16335,16174,913,17087,231
2021-04-12,Marin,041,260295,13779,13751,233,13984,224
2021-04-12,Mariposa,043,17540,402,394,6,400,5
2021-04-12,Mendocino,045,87422,3780,3699,69,3768,46
2021-04-12,Merced,047,269075,30263,30261,965,31226,435
2021-04-12,Modoc,049,8938,365,352,122,474,3
2021-04-12,Mono,051,14174,1236,1251,15,1266,3
2021-04-12,Monterey,053,433212,42725,42555,1825,44380,346
2021-04-12,Napa,055,140530,9654,9603,34,9637,80
2021-04-12,Nevada,057,99092,4477,4408,189,4597,69
2021-04-12,Orange,059,3164182,252923,251350,10990,262340,4826
2021-04-12,Placer,061,380077,22171,21475,1361,22836,278
2021-04-12,Plumas,063,18699,673,666,10,676,4
2021-04-12,Riverside,065,2383286,291036,285361,13776,299137,4336
2021-04-12,Sacramento,067,1510023,101196,100394,1546,101940,1566
2021-04-12,San Benito,069,59416,5963,5942,110,6052,62
2021-04-12,San Bernardino,071,2135413,290577,288736,8844,297580,4493
2021-04-12,San Diego,073,3302833,274318,273431,13997,287428,3621
2021-04-12,San Francisco,075,870044,35828,35841,1251,37092,506
2021-04-12,San Joaquin,077,732212,70838,69968,3346,73314,1288
2021-04-12,San Luis Obispo,079,281455,20774,20515,656,21171,253
2021-04-12,San Mateo,081,765935,41401,40920,438,41358,353
2021-04-12,Santa Barbara,083,443738,34375,33606,1176,34782,444
2021-04-12,Santa Clara,085,1922200,115974,116252,685,116937,1923
2021-04-12,Santa Cruz,087,273765,15961,15406,809,16215,203
2021-04-12,Shasta,089,179085,11572,11509,1406,12915,189
2021-04-12,Sierra,091,2930,55,51,12,63,0
2021-04-12,Siskiyou,093,43540,1606,1511,278,1789,7
2021-04-12,Solano,095,438530,31454,31305,445,31750,238
2021-04-12,Sonoma,097,501317,29419,29500,293,29793,310
2021-04-12,Stanislaus,099,539301,54077,53722,5726,59448,707
2021-04-12,Sutter,101,95872,9262,9221,83,9304,106
2021-04-12,Tehama,103,63373,4878,4834,535,5369,52
2021-04-12,Trinity,105,12862,483,324,86,410,3
2021-04-12,Tulare,107,460477,49504,48495,8772,57267,824
2021-04-12,Tuolumne,109,53932,3998,3993,35,4028,57
2021-04-12,Ventura,111,848112,80384,79818,2925,82743,985
2021-04-12,Yolo,113,214977,13518,13510,261,13771,198
2021-04-12,Yuba,115,75493,5810,5773,116,5889,43
2021-04-11,Alameda,001,1643700,85084,84756,1854,86610,1238
2021-04-11,Alpine,003,1148,85,85,0,85,0
2021-04-11,Amador,005,37829,3621,3605,33,3638,46
2021-04-11,Butte,007,227075,11836,11487,1705,13192,193
2021-04-11,Calaveras,009,45235,2041,2036,12,2048,50
2021-04-11,Colusa,011,21464,1905,1904,280,2184,14
2021-04-11,Contra Costa,013,1133247,66870,66107,1168,67275,777
2021-04-11,Del Norte,015,27424,1251,1214,11,1225,6
2021-04-11,El Dorado,017,186661,9676,9575,653,10228,106
2021-04-11,Fresno,019,978130,100789,100230,8432,108662,1633
2021-04-11,Glenn,021,27897,2365,2348,536,2884,17
2021-04-11,Humboldt,023,135768,3554,3523,25,3548,35
2021-04-11,Imperial,025,180216,27968,27841,2697,30538,717
2021-04-11,Inyo,027,18085,1391,1390,10,1400,36
2021-04-11,Kern,029,883053,95925,94830,10483,105313,1283
2021-04-11,Kings,031,150075,22850,22618,1053,23671,241
2021-04-11,Lake,033,64148,3411,3377,9,3386,43
2021-04-11,Lassen,035,31185,5150,5147,105,5252,1
2021-04-11,Los Angeles,037,10098052,1193019,1185757,40907,1226664,23503
2021-04-11,Madera,039,155013,16316,16166,912,17078,231
2021-04-11,Marin,041,260295,13772,13741,232,13973,226
2021-04-11,Mariposa,043,17540,402,394,6,400,5
2021-04-11,Mendocino,045,87422,3778,3696,69,3765,46
2021-04-11,Merced,047,269075,30225,30249,964,31213,435
2021-04-11,Modoc,049,8938,364,352,120,472,3
2021-04-11,Mono,051,14174,1235,1250,15,1265,3
2021-04-11,Monterey,053,433212,42718,42547,1818,44365,346
2021-04-11,Napa,055,140530,9643,9592,34,9626,80
2021-04-11,Nevada,057,99092,4463,4394,189,4583,69
2021-04-11,Orange,059,3164182,252795,251233,10979,262212,4826
2021-04-11,Placer,061,380077,22113,21458,1356,22814,278
2021-04-11,Plumas,063,18699,673,666,10,676,4
2021-04-11,Riverside,065,2383286,290903,285269,13766,299035,4336
2021-04-11,Sacramento,067,1510023,101026,100296,1533,101829,1566
2021-04-11,San Benito,069,59416,5955,5941,109,6050,62
2021-04-11,San Bernardino,071,2135413,290468,288686,8838,297524,4492
2021-04-11,San Diego,073,3302833,274021,273287,13938,287225,3621
2021-04-11,San Francisco,075,870044,35792,35815,1248,37063,498
2021-04-11,San Joaquin,077,732212,70751,69939,3335,73274,1288
2021-04-11,San Luis Obispo,079,281455,20748,20501,653,21154,253
2021-04-11,San Mateo,081,765935,41343,40901,437,41338,353
2021-04-11,Santa Barbara,083,443738,34339,33591,1175,34766,444
2021-04-11,Santa Clara,085,1922200,115838,116161,682,116843,1923
2021-04-11,Santa Cruz,087,273765,15949,15382,809,16191,203
2021-04-11,Shasta,089,179085,11528,11504,1405,12909,189
2021-04-11,Sierra,091,2930,55,51,12,63,0
2021-04-11,Siskiyou,093,43540,1599,1509,275,1784,7
2021-04-11,Solano,095,438530,31402,31268,441,31709,238
2021-04-11,Sonoma,097,501317,29393,29496,289,29785,310
2021-04-11,Stanislaus,099,539301,53994,53683,5717,59400,707
2021-04-11,Sutter,101,95872,9253,9222,83,9305,106
2021-04-11,Tehama,103,63373,4875,4832,533,5365,52
2021-04-11,Trinity,105,12862,483,324,86,410,3
2021-04-11,Tulare,107,460477,49490,48479,8765,57244,824
2021-04-11,Tuolumne,109,53932,3996,3993,35,4028,57
2021-04-11,Ventura,111,848112,80336,79800,2919,82719,985
2021-04-11,Yolo,113,214977,13497,13496,259,13755,198
2021-04-11,Yuba,115,75493,5800,5768,116,5884,43
2021-04-10,Alameda,001,1643700,85020,84626,1854,86480,1238
2021-04-10,Alpine,003,1148,85,85,0,85,0
2021-04-10,Amador,005,37829,3619,3603,33,3636,46
2021-04-10,Butte,007,227075,11825,11482,1704,13186,193
2021-04-10,Calaveras,009,45235,2039,2032,12,2044,50
2021-04-10,Colusa,011,21464,1905,1902,280,2182,14
2021-04-10,Contra Costa,013,1133247,66809,66001,1165,67166,778
2021-04-10,Del Norte,015,27424,1248,1212,11,1223,6
2021-04-10,El Dorado,017,186661,9664,9549,650,10199,106
2021-04-10,Fresno,019,978130,100756,100135,8425,108560,1633
2021-04-10,Glenn,021,27897,2365,2343,536,2879,17
2021-04-10,Humboldt,023,135768,3544,3508,25,3533,35
2021-04-10,Imperial,025,180216,27954,27816,2697,30513,717
2021-04-10,Inyo,027,18085,1391,1387,10,1397,36
2021-04-10,Kern,029,883053,95911,94802,10477,105279,1284
2021-04-10,Kings,031,150075,22846,22614,1051,23665,241
2021-04-10,Lake,033,64148,3406,3368,9,3377,43
2021-04-10,Lassen,035,31185,5150,5146,104,5250,1
2021-04-10,Los Angeles,037,10098052,1192747,1185246,40889,1226135,23493
2021-04-10,Madera,039,155013,16308,16143,911,17054,231
2021-04-10,Marin,041,260295,13767,13731,232,13963,226
2021-04-10,Mariposa,043,17540,399,393,6,399,5
2021-04-10,Mendocino,045,87422,3776,3696,69,3765,46
2021-04-10,Merced,047,269075,30205,30225,963,31188,435
2021-04-10,Modoc,049,8938,364,352,120,472,3
2021-04-10,Mono,051,14174,1235,1249,15,1264,3
2021-04-10,Monterey,053,433212,42707,42527,1817,44344,346
2021-04-10,Napa,055,140530,9636,9569,34,9603,79
2021-04-10,Nevada,057,99092,4456,4379,189,4568,69
2021-04-10,Orange,059,3164182,252702,251139,10972,262111,4818
2021-04-10,Placer,061,380077,22082,21402,1350,22752,278
2021-04-10,Plumas,063,18699,673,666,10,676,4
2021-04-10,Riverside,065,2383286,290822,285082,13758,298840,4336
2021-04-10,Sacramento,067,1510023,100923,100048,1531,101579,1566
2021-04-10,San Benito,069,59416,5944,5932,108,6040,62
2021-04-10,San Bernardino,071,2135413,290404,288590,8831,297421,4489
2021-04-10,San Diego,073,3302833,273805,273058,13919,286977,3613
2021-04-10,San Francisco,075,870044,35762,35774,1244,37018,498
2021-04-10,San Joaquin,077,732212,70716,69852,3325,73177,1288
2021-04-10,San Luis Obispo,079,281455,20732,20461,652,21113,253
2021-04-10,San Mateo,081,765935,41310,40878,437,41315,350
2021-04-10,Santa Barbara,083,443738,34311,33541,1173,34714,444
2021-04-10,Santa Clara,085,1922200,115742,116015,681,116696,1923
2021-04-10,Santa Cruz,087,273765,15943,15360,809,16169,203
2021-04-10,Shasta,089,179085,11519,11492,1402,12894,189
2021-04-10,Sierra,091,2930,55,51,12,63,0
2021-04-10,Siskiyou,093,43540,1596,1512,275,1787,7
2021-04-10,Solano,095,438530,31368,31218,437,31655,238
2021-04-10,Sonoma,097,501317,29378,29469,289,29758,310
2021-04-10,Stanislaus,099,539301,53959,53596,5711,59307,707
2021-04-10,Sutter,101,95872,9251,9214,83,9297,106
2021-04-10,Tehama,103,63373,4873,4820,531,5351,52
2021-04-10,Trinity,105,12862,483,324,86,410,3
2021-04-10,Tulare,107,460477,49481,48470,8759,57229,824
2021-04-10,Tuolumne,109,53932,3993,3991,35,4026,57
2021-04-10,Ventura,111,848112,80308,79758,2917,82675,985
2021-04-10,Yolo,113,214977,13489,13494,258,13752,198
2021-04-10,Yuba,115,75493,5797,5757,115,5872,43
2021-04-09,Alameda,001,1643700,84950,84404,1846,86250,1237
2021-04-09,Alpine,003,1148,85,85,0,85,0
2021-04-09,Amador,005,37829,3618,3600,33,3633,46
2021-04-09,Butte,007,227075,11815,11454,1703,13157,193
2021-04-09,Calaveras,009,45235,2038,2028,12,2040,50
2021-04-09,Colusa,011,21464,1905,1898,280,2178,14
2021-04-09,Contra Costa,013,1133247,66716,65857,1159,67016,777
2021-04-09,Del Norte,015,27424,1247,1207,11,1218,6
2021-04-09,El Dorado,017,186661,9641,9528,646,10174,106
2021-04-09,Fresno,019,978130,100722,100027,8420,108447,1630
2021-04-09,Glenn,021,27897,2365,2337,536,2873,17
2021-04-09,Humboldt,023,135768,3534,3496,25,3521,35
2021-04-09,Imperial,025,180216,27939,27764,2695,30459,717
2021-04-09,Inyo,027,18085,1390,1386,10,1396,36
2021-04-09,Kern,029,883053,95873,94675,10475,105150,1282
2021-04-09,Kings,031,150075,22837,22595,1048,23643,242
2021-04-09,Lake,033,64148,3402,3362,9,3371,43
2021-04-09,Lassen,035,31185,5150,5140,104,5244,1
2021-04-09,Los Angeles,037,10098052,1192378,1184501,40859,1225360,23458
2021-04-09,Madera,039,155013,16305,16118,911,17029,231
2021-04-09,Marin,041,260295,13760,13721,232,13953,226
2021-04-09,Mariposa,043,17540,399,393,6,399,5
2021-04-09,Mendocino,045,87422,3774,3693,69,3762,46
2021-04-09,Merced,047,269075,30176,30179,962,31141,435
2021-04-09,Modoc,049,8938,363,352,120,472,3
2021-04-09,Mono,051,14174,1235,1247,15,1262,3
2021-04-09,Monterey,053,433212,42698,42481,1813,44294,344
2021-04-09,Napa,055,140530,9617,9574,34,9608,80
2021-04-09,Nevada,057,99092,4448,4373,189,4562,69
2021-04-09,Orange,059,3164182,252628,250852,10967,261819,4813
2021-04-09,Placer,061,380077,22051,21327,1342,22669,278
2021-04-09,Plumas,063,18699,672,666,10,676,4
2021-04-09,Riverside,065,2383286,290739,284562,13752,298314,4325
2021-04-09,Sacramento,067,1510023,100768,99722,1525,101247,1564
2021-04-09,San Benito,069,59416,5939,5925,107,6032,62
2021-04-09,San Bernardino,071,2135413,290335,288000,8828,296828,4467
2021-04-09,San Diego,073,3302833,273607,272697,13877,286574,3600
2021-04-09,San Francisco,075,870044,35721,35716,1239,36955,497
2021-04-09,San Joaquin,077,732212,70653,69675,3313,72988,1281
2021-04-09,San Luis Obispo,079,281455,20718,20427,652,21079,252
2021-04-09,San Mateo,081,765935,41274,40800,436,41236,350
2021-04-09,Santa Barbara,083,443738,34288,33424,1170,34594,444
2021-04-09,Santa Clara,085,1922200,115658,115749,679,116428,1923
2021-04-09,Santa Cruz,087,273765,15938,15331,809,16140,203
2021-04-09,Shasta,089,179085,11509,11478,1399,12877,188
2021-04-09,Sierra,091,2930,55,51,12,63,0
2021-04-09,Siskiyou,093,43540,1593,1510,274,1784,7
2021-04-09,Solano,095,438530,31335,31166,432,31598,238
2021-04-09,Sonoma,097,501317,29365,29433,289,29722,310
2021-04-09,Stanislaus,099,539301,53904,53504,5702,59206,705
2021-04-09,Sutter,101,95872,9244,9201,83,9284,106
2021-04-09,Tehama,103,63373,4867,4806,531,5337,52
2021-04-09,Trinity,105,12862,482,324,86,410,3
2021-04-09,Tulare,107,460477,49477,48430,8753,57183,824
2021-04-09,Tuolumne,109,53932,3992,3986,35,4021,57
2021-04-09,Ventura,111,848112,80280,79698,2917,82615,987
2021-04-09,Yolo,113,214977,13478,13478,256,13734,198
2021-04-09,Yuba,115,75493,5790,5754,115,5869,43
2021-04-08,Alameda,001,1643700,84846,84213,1843,86056,1232
2021-04-08,Alpine,003,1148,85,85,0,85,0
2021-04-08,Amador,005,37829,3614,3595,33,3628,46
2021-04-08,Butte,007,227075,11804,11414,1702,13116,193
2021-04-08,Calaveras,009,45235,2036,2027,12,2039,50
2021-04-08,Colusa,011,21464,1904,1897,280,2177,14
2021-04-08,Contra Costa,013,1133247,66606,65706,1156,66862,775
2021-04-08,Del Norte,015,27424,1241,1201,11,1212,6
2021-04-08,El Dorado,017,186661,9625,9513,641,10154,106
2021-04-08,Fresno,019,978130,100658,99935,8413,108348,1627
2021-04-08,Glenn,021,27897,2363,2337,536,2873,17
2021-04-08,Humboldt,023,135768,3524,3486,25,3511,35
2021-04-08,Imperial,025,180216,27912,27744,2691,30435,713
2021-04-08,Inyo,027,18085,1389,1386,10,1396,36
2021-04-08,Kern,029,883053,95827,94493,10462,104955,1281
2021-04-08,Kings,031,150075,22830,22589,1046,23635,243
2021-04-08,Lake,033,64148,3395,3360,9,3369,43
2021-04-08,Lassen,035,31185,5149,5136,104,5240,1
2021-04-08,Los Angeles,037,10098052,1191879,1184443,40821,1225264,23416
2021-04-08,Madera,039,155013,16293,16103,911,17014,231
2021-04-08,Marin,041,260295,13753,13704,232,13936,226
2021-04-08,Mariposa,043,17540,398,393,6,399,5
2021-04-08,Mendocino,045,87422,3772,3690,69,3759,45
2021-04-08,Merced,047,269075,30154,30163,962,31125,430
2021-04-08,Modoc,049,8938,363,352,120,472,3
2021-04-08,Mono,051,14174,1233,1247,15,1262,3
2021-04-08,Monterey,053,433212,42676,42437,1808,44245,342
2021-04-08,Napa,055,140530,9600,9569,34,9603,80
2021-04-08,Nevada,057,99092,4437,4367,189,4556,69
2021-04-08,Orange,059,3164182,252518,250529,10952,261481,4797
2021-04-08,Placer,061,380077,22010,21258,1333,22591,277
2021-04-08,Plumas,063,18699,672,665,10,675,4
2021-04-08,Riverside,065,2383286,290625,283853,13747,297600,4296
2021-04-08,Sacramento,067,1510023,100628,99319,1514,100833,1561
2021-04-08,San Benito,069,59416,5936,5914,105,6019,62
2021-04-08,San Bernardino,071,2135413,290237,287190,8825,296015,4445
2021-04-08,San Diego,073,3302833,273377,272495,13841,286336,3592
2021-04-08,San Francisco,075,870044,35698,35657,1238,36895,494
2021-04-08,San Joaquin,077,732212,70581,69479,3307,72786,1279
2021-04-08,San Luis Obispo,079,281455,20698,20402,650,21052,252
2021-04-08,San Mateo,081,765935,41234,40749,436,41185,350
2021-04-08,Santa Barbara,083,443738,34264,33309,1169,34478,444
2021-04-08,Santa Clara,085,1922200,115552,115487,678,116165,1905
2021-04-08,Santa Cruz,087,273765,15932,15296,809,16105,203
2021-04-08,Shasta,089,179085,11499,11466,1395,12861,186
2021-04-08,Sierra,091,2930,55,51,12,63,0
2021-04-08,Siskiyou,093,43540,1590,1511,274,1785,7
2021-04-08,Solano,095,438530,31286,31120,432,31552,238
2021-04-08,Sonoma,097,501317,29345,29410,288,29698,310
2021-04-08,Stanislaus,099,539301,53826,53401,5692,59093,706
2021-04-08,Sutter,101,95872,9240,9195,83,9278,106
2021-04-08,Tehama,103,63373,4863,4802,531,5333,52
2021-04-08,Trinity,105,12862,482,324,86,410,3
2021-04-08,Tulare,107,460477,49464,48409,8743,57152,821
2021-04-08,Tuolumne,109,53932,3992,3986,35,4021,57
2021-04-08,Ventura,111,848112,80243,79626,2913,82539,986
2021-04-08,Yolo,113,214977,13469,13468,255,13723,198
2021-04-08,Yuba,115,75493,5786,5743,115,5858,43
2021-04-07,Alameda,001,1643700,84763,84130,1841,85971,1224
2021-04-07,Alpine,003,1148,85,85,0,85,0
2021-04-07,Amador,005,37829,3611,3590,33,3623,46
2021-04-07,Butte,007,227075,11800,11405,1699,13104,193
2021-04-07,Calaveras,009,45235,2032,2022,12,2034,50
2021-04-07,Colusa,011,21464,1900,1894,279,2173,14
2021-04-07,Contra Costa,013,1133247,66520,65619,1155,66774,775
2021-04-07,Del Norte,015,27424,1239,1198,11,1209,6
2021-04-07,El Dorado,017,186661,9604,9500,636,10136,106
2021-04-07,Fresno,019,978130,100593,99865,8402,108267,1627
2021-04-07,Glenn,021,27897,2360,2337,535,2872,17
2021-04-07,Humboldt,023,135768,3512,3484,25,3509,35
2021-04-07,Imperial,025,180216,27888,27704,2685,30389,713
2021-04-07,Inyo,027,18085,1388,1386,10,1396,36
2021-04-07,Kern,029,883053,95791,94456,10447,104903,1275
2021-04-07,Kings,031,150075,22828,22589,1046,23635,243
2021-04-07,Lake,033,64148,3393,3358,9,3367,43
2021-04-07,Lassen,035,31185,5149,5137,104,5241,1
2021-04-07,Los Angeles,037,10098052,1191444,1183862,40799,1224661,23372
2021-04-07,Madera,039,155013,16274,16090,910,17000,231
2021-04-07,Marin,041,260295,13742,13688,230,13918,225
2021-04-07,Mariposa,043,17540,397,391,6,397,5
2021-04-07,Mendocino,045,87422,3771,3691,69,3760,45
2021-04-07,Merced,047,269075,30130,30132,958,31090,430
2021-04-07,Modoc,049,8938,363,351,120,471,3
2021-04-07,Mono,051,14174,1233,1246,15,1261,3
2021-04-07,Monterey,053,433212,42658,42427,1807,44234,341
2021-04-07,Napa,055,140530,9586,9556,34,9590,80
2021-04-07,Nevada,057,99092,4431,4364,189,4553,69
2021-04-07,Orange,059,3164182,252395,250378,10929,261307,4778
2021-04-07,Placer,061,380077,21965,21227,1325,22552,276
2021-04-07,Plumas,063,18699,672,665,10,675,4
2021-04-07,Riverside,065,2383286,290505,283749,13737,297486,4285
2021-04-07,Sacramento,067,1510023,100460,99202,1508,100710,1544
2021-04-07,San Benito,069,59416,5931,5912,104,6016,62
2021-04-07,San Bernardino,071,2135413,290120,286978,8820,295798,4433
2021-04-07,San Diego,073,3302833,273152,272195,13812,286007,3588
2021-04-07,San Francisco,075,870044,35658,35618,1234,36852,493
2021-04-07,San Joaquin,077,732212,70512,69375,3302,72677,1278
2021-04-07,San Luis Obispo,079,281455,20672,20373,647,21020,252
2021-04-07,San Mateo,081,765935,41190,40693,436,41129,350
2021-04-07,Santa Barbara,083,443738,34239,33289,1166,34455,444
2021-04-07,Santa Clara,085,1922200,115420,115311,676,115987,1900
2021-04-07,Santa Cruz,087,273765,15921,15275,809,16084,203
2021-04-07,Shasta,089,179085,11487,11456,1390,12846,184
2021-04-07,Sierra,091,2930,55,51,12,63,0
2021-04-07,Siskiyou,093,43540,1584,1512,273,1785,7
2021-04-07,Solano,095,438530,31235,31097,431,31528,238
2021-04-07,Sonoma,097,501317,29327,29394,287,29681,310
2021-04-07,Stanislaus,099,539301,53758,53344,5682,59026,686
2021-04-07,Sutter,101,95872,9237,9188,83,9271,106
2021-04-07,Tehama,103,63373,4855,4802,529,5331,52
2021-04-07,Trinity,105,12862,482,322,86,408,3
2021-04-07,Tulare,107,460477,49449,48386,8732,57118,820
2021-04-07,Tuolumne,109,53932,3990,3982,35,4017,57
2021-04-07,Ventura,111,848112,80209,79595,2911,82506,986
2021-04-07,Yolo,113,214977,13454,13450,253,13703,198
2021-04-07,Yuba,115,75493,5782,5737,115,5852,43
2021-04-06,Alameda,001,1643700,84650,84091,1837,85928,1223
2021-04-06,Alpine,003,1148,85,85,0,85,0
2021-04-06,Amador,005,37829,3610,3587,33,3620,45
2021-04-06,Butte,007,227075,11785,11396,1697,13093,193
2021-04-06,Calaveras,009,45235,2029,2021,12,2033,50
2021-04-06,Colusa,011,21464,1898,1894,277,2171,14
2021-04-06,Contra Costa,013,1133247,66443,65575,1154,66729,774
2021-04-06,Del Norte,015,27424,1234,1197,11,1208,6
2021-04-06,El Dorado,017,186661,9574,9489,634,10123,106
2021-04-06,Fresno,019,978130,100529,99814,8396,108210,1626
2021-04-06,Glenn,021,27897,2359,2335,535,2870,17
2021-04-06,Humboldt,023,135768,3503,3477,25,3502,35
2021-04-06,Imperial,025,180216,27854,27661,2675,30336,713
2021-04-06,Inyo,027,18085,1388,1379,10,1389,36
2021-04-06,Kern,029,883053,95747,94422,10441,104863,1259
2021-04-06,Kings,031,150075,22822,22587,1046,23633,240
2021-04-06,Lake,033,64148,3390,3358,9,3367,43
2021-04-06,Lassen,035,31185,5147,5137,104,5241,1
2021-04-06,Los Angeles,037,10098052,1190935,1183499,40759,1224258,23323
2021-04-06,Madera,039,155013,16254,16085,905,16990,230
2021-04-06,Marin,041,260295,13733,13675,227,13902,224
2021-04-06,Mariposa,043,17540,397,390,6,396,5
2021-04-06,Mendocino,045,87422,3769,3686,69,3755,45
2021-04-06,Merced,047,269075,30101,30100,953,31053,430
2021-04-06,Modoc,049,8938,362,351,120,471,3
2021-04-06,Mono,051,14174,1233,1246,15,1261,3
2021-04-06,Monterey,053,433212,42649,42412,1806,44218,341
2021-04-06,Napa,055,140530,9567,9509,34,9543,78
2021-04-06,Nevada,057,99092,4421,4356,187,4543,69
2021-04-06,Orange,059,3164182,252287,250304,10915,261219,4771
2021-04-06,Placer,061,380077,21917,21184,1323,22507,276
2021-04-06,Plumas,063,18699,672,665,10,675,4
2021-04-06,Riverside,065,2383286,290324,283622,13726,297348,4264
2021-04-06,Sacramento,067,1510023,100251,99110,1500,100610,1537
2021-04-06,San Benito,069,59416,5922,5907,104,6011,62
2021-04-06,San Bernardino,071,2135413,290008,286792,8810,295602,4428
2021-04-06,San Diego,073,3302833,272890,271867,13784,285651,3585
2021-04-06,San Francisco,075,870044,35615,35572,1234,36806,488
2021-04-06,San Joaquin,077,732212,70429,69316,3290,72606,1278
2021-04-06,San Luis Obispo,079,281455,20650,20350,644,20994,252
2021-04-06,San Mateo,081,765935,41142,40649,435,41084,350
2021-04-06,Santa Barbara,083,443738,34221,33257,1165,34422,443
2021-04-06,Santa Clara,085,1922200,115249,115184,675,115859,1900
2021-04-06,Santa Cruz,087,273765,15911,15252,809,16061,203
2021-04-06,Shasta,089,179085,11466,11443,1388,12831,184
2021-04-06,Sierra,091,2930,55,51,12,63,0
2021-04-06,Siskiyou,093,43540,1580,1510,272,1782,7
2021-04-06,Solano,095,438530,31188,31078,430,31508,237
2021-04-06,Sonoma,097,501317,29302,29386,285,29671,311
2021-04-06,Stanislaus,099,539301,53701,53304,5676,58980,686
2021-04-06,Sutter,101,95872,9227,9179,83,9262,106
2021-04-06,Tehama,103,63373,4846,4798,529,5327,52
2021-04-06,Trinity,105,12862,482,321,86,407,3
2021-04-06,Tulare,107,460477,49406,48372,8728,57100,819
2021-04-06,Tuolumne,109,53932,3990,3981,35,4016,57
2021-04-06,Ventura,111,848112,80172,79556,2909,82465,983
2021-04-06,Yolo,113,214977,13441,13443,252,13695,198
2021-04-06,Yuba,115,75493,5778,5733,114,5847,43
2021-04-05,Alameda,001,1643700,84533,84007,1833,85840,1219
2021-04-05,Alpine,003,1148,85,85,0,85,0
2021-04-05,Amador,005,37829,3607,3584,33,3617,45
2021-04-05,Butte,007,227075,11770,11384,1695,13079,193
2021-04-05,Calaveras,009,45235,2027,2019,12,2031,50
2021-04-05,Colusa,011,21464,1898,1894,276,2170,14
2021-04-05,Contra Costa,013,1133247,66377,65457,1152,66609,774
2021-04-05,Del Norte,015,27424,1232,1189,11,1200,6
2021-04-05,El Dorado,017,186661,9559,9463,634,10097,106
2021-04-05,Fresno,019,978130,100440,99755,8388,108143,1622
2021-04-05,Glenn,021,27897,2358,2335,535,2870,17
2021-04-05,Humboldt,023,135768,3494,3475,25,3500,35
2021-04-05,Imperial,025,180216,27822,27604,2669,30273,710
2021-04-05,Inyo,027,18085,1385,1377,10,1387,36
2021-04-05,Kern,029,883053,95692,94401,10416,104817,1249
2021-04-05,Kings,031,150075,22818,22580,1046,23626,239
2021-04-05,Lake,033,64148,3382,3359,9,3368,43
2021-04-05,Lassen,035,31185,5147,5138,103,5241,1
2021-04-05,Los Angeles,037,10098052,1190401,1183200,40708,1223908,23302
2021-04-05,Madera,039,155013,16240,16065,904,16969,230
2021-04-05,Marin,041,260295,13719,13666,223,13889,221
2021-04-05,Mariposa,043,17540,397,390,6,396,5
2021-04-05,Mendocino,045,87422,3767,3687,69,3756,45
2021-04-05,Merced,047,269075,30074,30068,952,31020,427
2021-04-05,Modoc,049,8938,360,346,120,466,3
2021-04-05,Mono,051,14174,1233,1246,15,1261,3
2021-04-05,Monterey,053,433212,42636,42396,1802,44198,341
2021-04-05,Napa,055,140530,9544,9492,34,9526,78
2021-04-05,Nevada,057,99092,4410,4346,187,4533,69
2021-04-05,Orange,059,3164182,252173,250177,10891,261068,4759
2021-04-05,Placer,061,380077,21871,21133,1315,22448,276
2021-04-05,Plumas,063,18699,672,666,10,676,4
2021-04-05,Riverside,065,2383286,290188,283549,13714,297263,4237
2021-04-05,Sacramento,067,1510023,100089,98908,1491,100399,1533
2021-04-05,San Benito,069,59416,5916,5904,104,6008,61
2021-04-05,San Bernardino,071,2135413,289897,286597,8807,295404,4425
2021-04-05,San Diego,073,3302833,272641,271655,13743,285398,3583
2021-04-05,San Francisco,075,870044,35584,35538,1234,36772,488
2021-04-05,San Joaquin,077,732212,70340,69214,3281,72495,1268
2021-04-05,San Luis Obispo,079,281455,20613,20333,644,20977,252
2021-04-05,San Mateo,081,765935,41099,40609,434,41043,350
2021-04-05,Santa Barbara,083,443738,34188,33235,1165,34400,443
2021-04-05,Santa Clara,085,1922200,115082,115091,672,115763,1893
2021-04-05,Santa Cruz,087,273765,15904,15228,809,16037,201
2021-04-05,Shasta,089,179085,11445,11435,1385,12820,184
2021-04-05,Sierra,091,2930,55,50,12,62,0
2021-04-05,Siskiyou,093,43540,1577,1509,270,1779,7
2021-04-05,Solano,095,438530,31147,31026,428,31454,237
2021-04-05,Sonoma,097,501317,29270,29361,283,29644,311
2021-04-05,Stanislaus,099,539301,53620,53238,5674,58912,686
2021-04-05,Sutter,101,95872,9220,9169,83,9252,106
2021-04-05,Tehama,103,63373,4840,4794,529,5323,52
2021-04-05,Trinity,105,12862,481,321,86,407,3
2021-04-05,Tulare,107,460477,49394,48356,8721,57077,818
2021-04-05,Tuolumne,109,53932,3989,3980,35,4015,57
2021-04-05,Ventura,111,848112,80141,79549,2906,82455,983
2021-04-05,Yolo,113,214977,13427,13427,251,13678,198
2021-04-05,Yuba,115,75493,5773,5728,113,5841,43
2021-04-04,Alameda,001,1643700,84415,83951,1829,85780,1219
2021-04-04,Alpine,003,1148,85,85,0,85,0
2021-04-04,Amador,005,37829,3601,3582,33,3615,45
2021-04-04,Butte,007,227075,11755,11375,1694,13069,193
2021-04-04,Calaveras,009,45235,2023,2020,12,2032,50
2021-04-04,Colusa,011,21464,1897,1893,276,2169,14
2021-04-04,Contra Costa,013,1133247,66271,65408,1147,66555,774
2021-04-04,Del Norte,015,27424,1224,1186,11,1197,6
2021-04-04,El Dorado,017,186661,9540,9455,630,10085,106
2021-04-04,Fresno,019,978130,100366,99702,8375,108077,1622
2021-04-04,Glenn,021,27897,2355,2335,534,2869,17
2021-04-04,Humboldt,023,135768,3483,3472,25,3497,35
2021-04-04,Imperial,025,180216,27766,27588,2667,30255,710
2021-04-04,Inyo,027,18085,1381,1377,10,1387,36
2021-04-04,Kern,029,883053,95648,94388,10395,104783,1247
2021-04-04,Kings,031,150075,22816,22580,1045,23625,239
2021-04-04,Lake,033,64148,3376,3355,8,3363,43
2021-04-04,Lassen,035,31185,5146,5138,103,5241,1
2021-04-04,Los Angeles,037,10098052,1189859,1182872,40663,1223535,23301
2021-04-04,Madera,039,155013,16214,16052,900,16952,230
2021-04-04,Marin,041,260295,13706,13663,222,13885,221
2021-04-04,Mariposa,043,17540,397,390,6,396,5
2021-04-04,Mendocino,045,87422,3764,3684,69,3753,45
2021-04-04,Merced,047,269075,30031,30048,949,30997,427
2021-04-04,Modoc,049,8938,360,346,120,466,3
2021-04-04,Mono,051,14174,1232,1245,15,1260,3
2021-04-04,Monterey,053,433212,42619,42391,1801,44192,341
2021-04-04,Napa,055,140530,9532,9486,34,9520,78
2021-04-04,Nevada,057,99092,4398,4337,186,4523,69
2021-04-04,Orange,059,3164182,252037,250117,10875,260992,4759
2021-04-04,Placer,061,380077,21826,21104,1297,22401,276
2021-04-04,Plumas,063,18699,672,666,10,676,4
2021-04-04,Riverside,065,2383286,290062,283537,13710,297247,4237
2021-04-04,Sacramento,067,1510023,99890,98821,1481,100302,1531
2021-04-04,San Benito,069,59416,5906,5901,100,6001,61
2021-04-04,San Bernardino,071,2135413,289756,286561,8799,295360,4423
2021-04-04,San Diego,073,3302833,272330,271528,13701,285229,3583
2021-04-04,San Francisco,075,870044,35530,35525,1231,36756,488
2021-04-04,San Joaquin,077,732212,70239,69147,3269,72416,1268
2021-04-04,San Luis Obispo,079,281455,20581,20328,636,20964,252
2021-04-04,San Mateo,081,765935,41056,40587,431,41018,350
2021-04-04,Santa Barbara,083,443738,34152,33213,1165,34378,443
2021-04-04,Santa Clara,085,1922200,114916,114976,665,115641,1893
2021-04-04,Santa Cruz,087,273765,15895,15219,809,16028,201
2021-04-04,Shasta,089,179085,11419,11433,1384,12817,184
2021-04-04,Sierra,091,2930,55,50,12,62,0
2021-04-04,Siskiyou,093,43540,1574,1509,266,1775,7
2021-04-04,Solano,095,438530,31100,31002,426,31428,237
2021-04-04,Sonoma,097,501317,29238,29340,281,29621,311
2021-04-04,Stanislaus,099,539301,53527,53181,5666,58847,686
2021-04-04,Sutter,101,95872,9213,9164,83,9247,106
2021-04-04,Tehama,103,63373,4828,4792,528,5320,52
2021-04-04,Trinity,105,12862,479,321,86,407,3
2021-04-04,Tulare,107,460477,49379,48343,8713,57056,818
2021-04-04,Tuolumne,109,53932,3981,3980,35,4015,57
2021-04-04,Ventura,111,848112,80098,79526,2904,82430,983
2021-04-04,Yolo,113,214977,13406,13425,250,13675,198
2021-04-04,Yuba,115,75493,5766,5722,113,5835,43
2021-04-03,Alameda,001,1643700,84346,83861,1827,85688,1218
2021-04-03,Alpine,003,1148,85,85,0,85,0
2021-04-03,Amador,005,37829,3598,3577,33,3610,45
2021-04-03,Butte,007,227075,11751,11359,1690,13049,193
2021-04-03,Calaveras,009,45235,2020,2019,12,2031,50
2021-04-03,Colusa,011,21464,1897,1891,276,2167,14
2021-04-03,Contra Costa,013,1133247,66199,65338,1147,66485,774
2021-04-03,Del Norte,015,27424,1219,1183,11,1194,6
2021-04-03,El Dorado,017,186661,9531,9448,629,10077,106
2021-04-03,Fresno,019,978130,100309,99602,8369,107971,1622
2021-04-03,Glenn,021,27897,2355,2334,533,2867,17
2021-04-03,Humboldt,023,135768,3481,3467,25,3492,35
2021-04-03,Imperial,025,180216,27750,27572,2664,30236,710
2021-04-03,Inyo,027,18085,1380,1376,10,1386,36
2021-04-03,Kern,029,883053,95622,94369,10379,104748,1243
2021-04-03,Kings,031,150075,22814,22580,1045,23625,239
2021-04-03,Lake,033,64148,3375,3350,8,3358,43
2021-04-03,Lassen,035,31185,5145,5136,103,5239,1
2021-04-03,Los Angeles,037,10098052,1189560,1182402,40645,1223047,23301
2021-04-03,Madera,039,155013,16205,16051,898,16949,230
2021-04-03,Marin,041,260295,13698,13658,221,13879,221
2021-04-03,Mariposa,043,17540,397,390,5,395,5
2021-04-03,Mendocino,045,87422,3763,3684,69,3753,45
2021-04-03,Merced,047,269075,30016,30031,949,30980,427
2021-04-03,Modoc,049,8938,360,346,120,466,3
2021-04-03,Mono,051,14174,1232,1245,15,1260,3
2021-04-03,Monterey,053,433212,42606,42376,1799,44175,341
2021-04-03,Napa,055,140530,9523,9473,34,9507,78
2021-04-03,Nevada,057,99092,4394,4323,186,4509,69
2021-04-03,Orange,059,3164182,251957,249982,10857,260839,4755
2021-04-03,Placer,061,380077,21795,21060,1293,22353,276
2021-04-03,Plumas,063,18699,672,666,10,676,4
2021-04-03,Riverside,065,2383286,289984,283423,13707,297130,4237
2021-04-03,Sacramento,067,1510023,99782,98660,1475,100135,1531
2021-04-03,San Benito,069,59416,5903,5893,99,5992,61
2021-04-03,San Bernardino,071,2135413,289691,286473,8793,295266,4422
2021-04-03,San Diego,073,3302833,272161,271335,13684,285019,3571
2021-04-03,San Francisco,075,870044,35512,35488,1229,36717,489
2021-04-03,San Joaquin,077,732212,70198,69100,3253,72353,1268
2021-04-03,San Luis Obispo,079,281455,20562,20301,636,20937,252
2021-04-03,San Mateo,081,765935,41031,40560,431,40991,350
2021-04-03,Santa Barbara,083,443738,34126,33172,1164,34336,443
2021-04-03,Santa Clara,085,1922200,114807,114865,663,115528,1893
2021-04-03,Santa Cruz,087,273765,15888,15205,809,16014,201
2021-04-03,Shasta,089,179085,11411,11418,1384,12802,184
2021-04-03,Sierra,091,2930,55,50,12,62,0
2021-04-03,Siskiyou,093,43540,1573,1509,266,1775,7
2021-04-03,Solano,095,438530,31079,30970,423,31393,237
2021-04-03,Sonoma,097,501317,29222,29315,280,29595,311
2021-04-03,Stanislaus,099,539301,53492,53137,5660,58797,686
2021-04-03,Sutter,101,95872,9207,9158,83,9241,106
2021-04-03,Tehama,103,63373,4821,4788,528,5316,52
2021-04-03,Trinity,105,12862,479,321,86,407,3
2021-04-03,Tulare,107,460477,49369,48327,8709,57036,818
2021-04-03,Tuolumne,109,53932,3981,3980,35,4015,57
2021-04-03,Ventura,111,848112,80077,79489,2902,82391,983
2021-04-03,Yolo,113,214977,13400,13414,250,13664,198
2021-04-03,Yuba,115,75493,5760,5716,113,5829,43
2021-04-02,Alameda,001,1643700,84273,83776,1824,85600,1217
2021-04-02,Alpine,003,1148,85,85,0,85,0
2021-04-02,Amador,005,37829,3594,3573,32,3605,45
2021-04-02,Butte,007,227075,11743,11350,1690,13040,193
2021-04-02,Calaveras,009,45235,2016,2010,12,2022,50
2021-04-02,Colusa,011,21464,1897,1891,276,2167,14
2021-04-02,Contra Costa,013,1133247,66135,65299,1146,66445,774
2021-04-02,Del Norte,015,27424,1216,1174,11,1185,6
2021-04-02,El Dorado,017,186661,9518,9437,626,10063,106
2021-04-02,Fresno,019,978130,100255,99551,8358,107909,1620
2021-04-02,Glenn,021,27897,2355,2331,533,2864,17
2021-04-02,Humboldt,023,135768,3477,3465,25,3490,35
2021-04-02,Imperial,025,180216,27737,27553,2658,30211,710
2021-04-02,Inyo,027,18085,1380,1377,10,1387,36
2021-04-02,Kern,029,883053,95604,94348,10376,104724,1233
2021-04-02,Kings,031,150075,22814,22571,1042,23613,239
2021-04-02,Lake,033,64148,3373,3348,8,3356,43
2021-04-02,Lassen,035,31185,5145,5134,103,5237,1
2021-04-02,Los Angeles,037,10098052,1189251,1181682,40622,1222304,23264
2021-04-02,Madera,039,155013,16196,16036,897,16933,230
2021-04-02,Marin,041,260295,13690,13649,221,13870,221
2021-04-02,Mariposa,043,17540,395,390,5,395,5
2021-04-02,Mendocino,045,87422,3760,3682,69,3751,45
2021-04-02,Merced,047,269075,29992,29998,949,30947,426
2021-04-02,Modoc,049,8938,357,346,120,466,3
2021-04-02,Mono,051,14174,1232,1246,15,1261,3
2021-04-02,Monterey,053,433212,42596,42359,1796,44155,341
2021-04-02,Napa,055,140530,9508,9453,34,9487,78
2021-04-02,Nevada,057,99092,4390,4323,186,4509,69
2021-04-02,Orange,059,3164182,251860,249891,10844,260735,4748
2021-04-02,Placer,061,380077,21759,21035,1287,22322,275
2021-04-02,Plumas,063,18699,672,666,10,676,4
2021-04-02,Riverside,065,2383286,289898,283328,13698,297026,4213
2021-04-02,Sacramento,067,1510023,99675,98648,1468,100116,1527
2021-04-02,San Benito,069,59416,5901,5888,97,5985,61
2021-04-02,San Bernardino,071,2135413,289618,286308,8789,295097,4417
2021-04-02,San Diego,073,3302833,271975,271036,13658,284694,3568
2021-04-02,San Francisco,075,870044,35477,35451,1227,36678,488
2021-04-02,San Joaquin,077,732212,70133,68996,3238,72234,1268
2021-04-02,San Luis Obispo,079,281455,20545,20271,635,20906,252
2021-04-02,San Mateo,081,765935,40989,40514,431,40945,350
2021-04-02,Santa Barbara,083,443738,34098,33145,1164,34309,443
2021-04-02,Santa Clara,085,1922200,114696,114777,661,115438,1882
2021-04-02,Santa Cruz,087,273765,15880,15216,809,16025,202
2021-04-02,Shasta,089,179085,11406,11377,1376,12753,181
2021-04-02,Sierra,091,2930,55,50,12,62,0
2021-04-02,Siskiyou,093,43540,1573,1508,265,1773,7
2021-04-02,Solano,095,438530,31050,30951,420,31371,237
2021-04-02,Sonoma,097,501317,29201,29288,279,29567,311
2021-04-02,Stanislaus,099,539301,53447,53073,5654,58727,687
2021-04-02,Sutter,101,95872,9199,9131,83,9214,106
2021-04-02,Tehama,103,63373,4814,4775,527,5302,52
2021-04-02,Trinity,105,12862,479,320,86,406,3
2021-04-02,Tulare,107,460477,49363,48306,8703,57009,818
2021-04-02,Tuolumne,109,53932,3978,3980,35,4015,57
2021-04-02,Ventura,111,848112,80049,79434,2900,82334,982
2021-04-02,Yolo,113,214977,13390,13381,250,13631,197
2021-04-02,Yuba,115,75493,5756,5709,113,5822,44
2021-04-01,Alameda,001,1643700,84194,83574,1819,85393,1216
2021-04-01,Alpine,003,1148,85,85,0,85,0
2021-04-01,Amador,005,37829,3590,3558,32,3590,45
2021-04-01,Butte,007,227075,11725,11328,1688,13016,193
2021-04-01,Calaveras,009,45235,2012,2006,12,2018,50
2021-04-01,Colusa,011,21464,1894,1890,276,2166,14
2021-04-01,Contra Costa,013,1133247,66075,65176,1144,66320,771
2021-04-01,Del Norte,015,27424,1211,1138,11,1149,6
2021-04-01,El Dorado,017,186661,9509,9393,622,10015,106
2021-04-01,Fresno,019,978130,100202,99317,8350,107667,1616
2021-04-01,Glenn,021,27897,2355,2322,532,2854,17
2021-04-01,Humboldt,023,135768,3473,3464,25,3489,35
2021-04-01,Imperial,025,180216,27707,27520,2652,30172,710
2021-04-01,Inyo,027,18085,1379,1374,10,1384,36
2021-04-01,Kern,029,883053,95568,94244,10364,104608,1233
2021-04-01,Kings,031,150075,22807,22560,1041,23601,239
2021-04-01,Lake,033,64148,3368,3337,8,3345,43
2021-04-01,Lassen,035,31185,5144,5132,103,5235,1
2021-04-01,Los Angeles,037,10098052,1188764,1181101,40596,1221697,23220
2021-04-01,Madera,039,155013,16180,16023,897,16920,230
2021-04-01,Marin,041,260295,13680,13635,221,13856,221
2021-04-01,Mariposa,043,17540,393,389,5,394,5
2021-04-01,Mendocino,045,87422,3760,3680,69,3749,45
2021-04-01,Merced,047,269075,29958,29820,949,30769,425
2021-04-01,Modoc,049,8938,356,346,120,466,3
2021-04-01,Mono,051,14174,1232,1245,15,1260,3
2021-04-01,Monterey,053,433212,42588,42324,1794,44118,339
2021-04-01,Napa,055,140530,9496,9410,34,9444,78
2021-04-01,Nevada,057,99092,4380,4288,185,4473,68
2021-04-01,Orange,059,3164182,251740,249617,10827,260444,4742
2021-04-01,Placer,061,380077,21720,20909,1275,22184,274
2021-04-01,Plumas,063,18699,672,664,10,674,4
2021-04-01,Riverside,065,2383286,289793,283128,13695,296823,4193
2021-04-01,Sacramento,067,1510023,99530,97952,1454,99406,1521
2021-04-01,San Benito,069,59416,5893,5878,96,5974,61
2021-04-01,San Bernardino,071,2135413,289501,286086,8780,294866,4404
2021-04-01,San Diego,073,3302833,271750,270540,13628,284168,3555
2021-04-01,San Francisco,075,870044,35456,35386,1224,36610,488
2021-04-01,San Joaquin,077,732212,70051,68802,3230,72032,1262
2021-04-01,San Luis Obispo,079,281455,20516,20235,634,20869,252
2021-04-01,San Mateo,081,765935,40948,40454,431,40885,350
2021-04-01,Santa Barbara,083,443738,34053,33096,1159,34255,443
2021-04-01,Santa Clara,085,1922200,114583,114606,660,115266,1874
2021-04-01,Santa Cruz,087,273765,15865,15271,809,16080,202
2021-04-01,Shasta,089,179085,11391,11355,1370,12725,181
2021-04-01,Sierra,091,2930,55,50,12,62,0
2021-04-01,Siskiyou,093,43540,1571,1507,264,1771,7
2021-04-01,Solano,095,438530,31017,30850,417,31267,237
2021-04-01,Sonoma,097,501317,29170,29241,272,29513,311
2021-04-01,Stanislaus,099,539301,53384,52825,5648,58473,687
2021-04-01,Sutter,101,95872,9187,9105,83,9188,106
2021-04-01,Tehama,103,63373,4808,4764,524,5288,52
2021-04-01,Trinity,105,12862,479,319,86,405,3
2021-04-01,Tulare,107,460477,49340,48279,8693,56972,817
2021-04-01,Tuolumne,109,53932,3977,3978,35,4013,57
2021-04-01,Ventura,111,848112,80025,79369,2899,82268,977
2021-04-01,Yolo,113,214977,13377,13342,250,13592,197
2021-04-01,Yuba,115,75493,5751,5694,113,5807,44
2021-03-31,Alameda,001,1643700,84111,83475,1814,85289,1215
2021-03-31,Alpine,003,1148,85,85,0,85,0
2021-03-31,Amador,005,37829,3587,3556,32,3588,45
2021-03-31,Butte,007,227075,11715,11321,1685,13006,193
2021-03-31,Calaveras,009,45235,2010,2005,12,2017,50
2021-03-31,Colusa,011,21464,1894,1890,276,2166,14
2021-03-31,Contra Costa,013,1133247,65990,65109,1143,66252,769
2021-03-31,Del Norte,015,27424,1202,1129,11,1140,6
2021-03-31,El Dorado,017,186661,9492,9390,622,10012,106
2021-03-31,Fresno,019,978130,100109,99240,8333,107573,1616
2021-03-31,Glenn,021,27897,2350,2318,530,2848,17
2021-03-31,Humboldt,023,135768,3467,3460,25,3485,35
2021-03-31,Imperial,025,180216,27687,27506,2649,30155,710
2021-03-31,Inyo,027,18085,1376,1373,9,1382,35
2021-03-31,Kern,029,883053,95525,94205,10355,104560,1229
2021-03-31,Kings,031,150075,22804,22540,1041,23581,239
2021-03-31,Lake,033,64148,3364,3332,8,3340,43
2021-03-31,Lassen,035,31185,5140,5132,103,5235,1
2021-03-31,Los Angeles,037,10098052,1188300,1180538,40556,1221094,23171
2021-03-31,Madera,039,155013,16166,16015,896,16911,229
2021-03-31,Marin,041,260295,13669,13624,221,13845,221
2021-03-31,Mariposa,043,17540,393,389,5,394,5
2021-03-31,Mendocino,045,87422,3754,3675,69,3744,45
2021-03-31,Merced,047,269075,29929,29780,949,30729,423
2021-03-31,Modoc,049,8938,356,346,120,466,3
2021-03-31,Mono,051,14174,1232,1245,15,1260,3
2021-03-31,Monterey,053,433212,42571,42309,1792,44101,338
2021-03-31,Napa,055,140530,9478,9401,34,9435,78
2021-03-31,Nevada,057,99092,4374,4283,185,4468,68
2021-03-31,Orange,059,3164182,251629,249518,10812,260330,4731
2021-03-31,Placer,061,380077,21670,20885,1268,22153,271
2021-03-31,Plumas,063,18699,671,663,10,673,4
2021-03-31,Riverside,065,2383286,289691,283006,13685,296691,4171
2021-03-31,Sacramento,067,1510023,99354,97760,1447,99207,1519
2021-03-31,San Benito,069,59416,5883,5875,96,5971,61
2021-03-31,San Bernardino,071,2135413,289407,285916,8777,294693,4356
2021-03-31,San Diego,073,3302833,271519,270288,13593,283881,3555
2021-03-31,San Francisco,075,870044,35412,35347,1223,36570,474
2021-03-31,San Joaquin,077,732212,69962,68685,3214,71899,1259
2021-03-31,San Luis Obispo,079,281455,20495,20215,633,20848,251
2021-03-31,San Mateo,081,765935,40918,40423,431,40854,350
2021-03-31,Santa Barbara,083,443738,34022,33052,1157,34209,443
2021-03-31,Santa Clara,085,1922200,114456,114499,660,115159,1874
2021-03-31,Santa Cruz,087,273765,15852,15295,808,16103,201
2021-03-31,Shasta,089,179085,11379,11327,1362,12689,179
2021-03-31,Sierra,091,2930,55,50,12,62,0
2021-03-31,Siskiyou,093,43540,1570,1505,264,1769,7
2021-03-31,Solano,095,438530,30971,30824,416,31240,235
2021-03-31,Sonoma,097,501317,29143,29216,272,29488,311
2021-03-31,Stanislaus,099,539301,53316,52782,5636,58418,687
2021-03-31,Sutter,101,95872,9176,9111,83,9194,106
2021-03-31,Tehama,103,63373,4803,4762,521,5283,52
2021-03-31,Trinity,105,12862,479,319,86,405,3
2021-03-31,Tulare,107,460477,49320,48261,8677,56938,816
2021-03-31,Tuolumne,109,53932,3977,3976,35,4011,57
2021-03-31,Ventura,111,848112,79993,79326,2895,82221,969
2021-03-31,Yolo,113,214977,13360,13359,249,13608,197
2021-03-31,Yuba,115,75493,5744,5686,113,5799,44
2021-03-30,Alameda,001,1643700,84010,83395,1811,85206,1211
2021-03-30,Alpine,003,1148,85,85,0,85,0
2021-03-30,Amador,005,37829,3584,3551,32,3583,45
2021-03-30,Butte,007,227075,11703,11296,1682,12978,193
2021-03-30,Calaveras,009,45235,2004,1997,12,2009,50
2021-03-30,Colusa,011,21464,1893,1890,275,2165,14
2021-03-30,Contra Costa,013,1133247,65902,65041,1141,66182,767
2021-03-30,Del Norte,015,27424,1194,1118,10,1128,6
2021-03-30,El Dorado,017,186661,9473,9381,619,10000,105
2021-03-30,Fresno,019,978130,100046,99156,8321,107477,1609
2021-03-30,Glenn,021,27897,2350,2310,529,2839,17
2021-03-30,Humboldt,023,135768,3465,3461,25,3486,35
2021-03-30,Imperial,025,180216,27658,27471,2647,30118,706
2021-03-30,Inyo,027,18085,1376,1374,9,1383,35
2021-03-30,Kern,029,883053,95483,94151,10346,104497,1221
2021-03-30,Kings,031,150075,22800,22530,1039,23569,238
2021-03-30,Lake,033,64148,3358,3330,8,3338,43
2021-03-30,Lassen,035,31185,5140,5132,103,5235,1
2021-03-30,Los Angeles,037,10098052,1187807,1180044,40534,1220578,23136
2021-03-30,Madera,039,155013,16156,16003,892,16895,229
2021-03-30,Marin,041,260295,13660,13611,213,13824,221
2021-03-30,Mariposa,043,17540,393,388,5,393,5
2021-03-30,Mendocino,045,87422,3752,3670,69,3739,45
2021-03-30,Merced,047,269075,29893,29731,949,30680,423
2021-03-30,Modoc,049,8938,355,346,120,466,3
2021-03-30,Mono,051,14174,1231,1245,15,1260,3
2021-03-30,Monterey,053,433212,42545,42308,1789,44097,338
2021-03-30,Napa,055,140530,9463,9391,34,9425,78
2021-03-30,Nevada,057,99092,4362,4266,184,4450,68
2021-03-30,Orange,059,3164182,251500,249412,10785,260197,4727
2021-03-30,Placer,061,380077,21630,20866,1262,22128,271
2021-03-30,Plumas,063,18699,671,661,10,671,4
2021-03-30,Riverside,065,2383286,289566,282930,13676,296606,4154
2021-03-30,Sacramento,067,1510023,99217,97718,1443,99161,1516
2021-03-30,San Benito,069,59416,5877,5870,96,5966,61
2021-03-30,San Bernardino,071,2135413,289299,285758,8768,294526,4343
2021-03-30,San Diego,073,3302833,271282,269998,13555,283553,3555
2021-03-30,San Francisco,075,870044,35362,35325,1222,36547,474
2021-03-30,San Joaquin,077,732212,69874,68613,3204,71817,1232
2021-03-30,San Luis Obispo,079,281455,20475,20194,633,20827,251
2021-03-30,San Mateo,081,765935,40873,40377,431,40808,349
2021-03-30,Santa Barbara,083,443738,33996,33016,1157,34173,441
2021-03-30,Santa Clara,085,1922200,114333,114413,659,115072,1873
2021-03-30,Santa Cruz,087,273765,15846,15278,808,16086,201
2021-03-30,Shasta,089,179085,11371,11316,1361,12677,184
2021-03-30,Sierra,091,2930,55,50,12,62,0
2021-03-30,Siskiyou,093,43540,1569,1501,264,1765,7
2021-03-30,Solano,095,438530,30941,30802,415,31217,232
2021-03-30,Sonoma,097,501317,29111,29198,272,29470,311
2021-03-30,Stanislaus,099,539301,53238,52690,5628,58318,677
2021-03-30,Sutter,101,95872,9172,9107,82,9189,106
2021-03-30,Tehama,103,63373,4794,4748,520,5268,52
2021-03-30,Trinity,105,12862,479,316,86,402,3
2021-03-30,Tulare,107,460477,49306,48249,8668,56917,815
2021-03-30,Tuolumne,109,53932,3972,3972,35,4007,57
2021-03-30,Ventura,111,848112,79949,79282,2892,82174,958
2021-03-30,Yolo,113,214977,13348,13353,249,13602,195
2021-03-30,Yuba,115,75493,5733,5679,107,5786,42
2021-03-29,Alameda,001,1643700,83910,83338,1809,85147,1211
2021-03-29,Alpine,003,1148,85,85,0,85,0
2021-03-29,Amador,005,37829,3578,3549,32,3581,45
2021-03-29,Butte,007,227075,11694,11291,1679,12970,191
2021-03-29,Calaveras,009,45235,2003,1998,12,2010,50
2021-03-29,Colusa,011,21464,1893,1889,274,2163,14
2021-03-29,Contra Costa,013,1133247,65833,64971,1140,66111,767
2021-03-29,Del Norte,015,27424,1189,1116,9,1125,6
2021-03-29,El Dorado,017,186661,9453,9374,613,9987,105
2021-03-29,Fresno,019,978130,99963,99085,8306,107391,1606
2021-03-29,Glenn,021,27897,2344,2310,529,2839,17
2021-03-29,Humboldt,023,135768,3460,3459,25,3484,34
2021-03-29,Imperial,025,180216,27638,27442,2644,30086,704
2021-03-29,Inyo,027,18085,1376,1372,9,1381,35
2021-03-29,Kern,029,883053,95435,94098,10326,104424,1220
2021-03-29,Kings,031,150075,22788,22522,1038,23560,238
2021-03-29,Lake,033,64148,3355,3325,8,3333,43
2021-03-29,Lassen,035,31185,5140,5131,103,5234,1
2021-03-29,Los Angeles,037,10098052,1187314,1179736,40494,1220230,23108
2021-03-29,Madera,039,155013,16136,15987,890,16877,210
2021-03-29,Marin,041,260295,13648,13600,209,13809,220
2021-03-29,Mariposa,043,17540,392,388,5,393,5
2021-03-29,Mendocino,045,87422,3749,3667,69,3736,45
2021-03-29,Merced,047,269075,29869,29699,949,30648,422
2021-03-29,Modoc,049,8938,354,344,120,464,3
2021-03-29,Mono,051,14174,1230,1243,15,1258,3
2021-03-29,Monterey,053,433212,42529,42305,1784,44089,337
2021-03-29,Napa,055,140530,9447,9379,34,9413,78
2021-03-29,Nevada,057,99092,4355,4258,184,4442,68
2021-03-29,Orange,059,3164182,251388,249295,10773,260068,4713
2021-03-29,Placer,061,380077,21595,20827,1255,22082,267
2021-03-29,Plumas,063,18699,670,660,10,670,4
2021-03-29,Riverside,065,2383286,289463,282867,13675,296542,4133
2021-03-29,Sacramento,067,1510023,99023,97577,1435,99012,1514
2021-03-29,San Benito,069,59416,5870,5865,96,5961,61
2021-03-29,San Bernardino,071,2135413,289203,285615,8764,294379,4335
2021-03-29,San Diego,073,3302833,271016,269771,13529,283300,3547
2021-03-29,San Francisco,075,870044,35327,35291,1219,36510,474
2021-03-29,San Joaquin,077,732212,69788,68537,3191,71728,1211
2021-03-29,San Luis Obispo,079,281455,20440,20176,632,20808,250
2021-03-29,San Mateo,081,765935,40831,40357,430,40787,348
2021-03-29,Santa Barbara,083,443738,33962,32983,1156,34139,439
2021-03-29,Santa Clara,085,1922200,114225,114335,654,114989,1871
2021-03-29,Santa Cruz,087,273765,15835,15249,807,16056,201
2021-03-29,Shasta,089,179085,11353,11313,1359,12672,183
2021-03-29,Sierra,091,2930,55,50,12,62,0
2021-03-29,Siskiyou,093,43540,1568,1497,263,1760,6
2021-03-29,Solano,095,438530,30902,30762,413,31175,232
2021-03-29,Sonoma,097,501317,29088,29184,269,29453,310
2021-03-29,Stanislaus,099,539301,53154,52614,5620,58234,677
2021-03-29,Sutter,101,95872,9165,9105,82,9187,106
2021-03-29,Tehama,103,63373,4786,4742,519,5261,52
2021-03-29,Trinity,105,12862,479,314,86,400,3
2021-03-29,Tulare,107,460477,49278,48226,8657,56883,815
2021-03-29,Tuolumne,109,53932,3970,3969,35,4004,57
2021-03-29,Ventura,111,848112,79907,79252,2892,82144,956
2021-03-29,Yolo,113,214977,13330,13346,249,13595,195
2021-03-29,Yuba,115,75493,5726,5671,106,5777,42
2021-03-28,Alameda,001,1643700,83789,83239,1807,85046,1212
2021-03-28,Alpine,003,1148,85,85,0,85,0
2021-03-28,Amador,005,37829,3574,3541,32,3573,45
2021-03-28,Butte,007,227075,11681,11285,1677,12962,191
2021-03-28,Calaveras,009,45235,2001,1995,12,2007,50
2021-03-28,Colusa,011,21464,1892,1889,274,2163,14
2021-03-28,Contra Costa,013,1133247,65759,64878,1136,66014,767
2021-03-28,Del Norte,015,27424,1182,1107,7,1114,6
2021-03-28,El Dorado,017,186661,9438,9371,611,9982,105
2021-03-28,Fresno,019,978130,99881,99004,8294,107298,1606
2021-03-28,Glenn,021,27897,2341,2309,527,2836,17
2021-03-28,Humboldt,023,135768,3457,3452,24,3476,34
2021-03-28,Imperial,025,180216,27611,27426,2641,30067,704
2021-03-28,Inyo,027,18085,1375,1372,9,1381,35
2021-03-28,Kern,029,883053,95390,94084,10315,104399,1219
2021-03-28,Kings,031,150075,22783,22514,1035,23549,238
2021-03-28,Lake,033,64148,3350,3320,8,3328,43
2021-03-28,Lassen,035,31185,5140,5131,102,5233,1
2021-03-28,Los Angeles,037,10098052,1186765,1179316,40435,1219751,23101
2021-03-28,Madera,039,155013,16121,15973,889,16862,210
2021-03-28,Marin,041,260295,13635,13594,207,13801,221
2021-03-28,Mariposa,043,17540,392,388,5,393,5
2021-03-28,Mendocino,045,87422,3747,3666,69,3735,45
2021-03-28,Merced,047,269075,29812,29679,949,30628,422
2021-03-28,Modoc,049,8938,354,344,120,464,3
2021-03-28,Mono,051,14174,1229,1242,15,1257,3
2021-03-28,Monterey,053,433212,42506,42294,1780,44074,337
2021-03-28,Napa,055,140530,9433,9368,34,9402,78
2021-03-28,Nevada,057,99092,4341,4239,184,4423,68
2021-03-28,Orange,059,3164182,251233,249238,10763,260001,4713
2021-03-28,Placer,061,380077,21551,20796,1249,22045,267
2021-03-28,Plumas,063,18699,668,657,10,667,4
2021-03-28,Riverside,065,2383286,289349,282811,13667,296478,4132
2021-03-28,Sacramento,067,1510023,98848,97425,1429,98854,1514
2021-03-28,San Benito,069,59416,5865,5862,96,5958,61
2021-03-28,San Bernardino,071,2135413,289083,285570,8755,294325,4332
2021-03-28,San Diego,073,3302833,270742,269476,13501,282977,3547
2021-03-28,San Francisco,075,870044,35281,35286,1215,36501,474
2021-03-28,San Joaquin,077,732212,69663,68459,3172,71631,1211
2021-03-28,San Luis Obispo,079,281455,20405,20172,629,20801,250
2021-03-28,San Mateo,081,765935,40786,40305,430,40735,348
2021-03-28,Santa Barbara,083,443738,33920,32953,1155,34108,439
2021-03-28,Santa Clara,085,1922200,114125,114232,650,114882,1871
2021-03-28,Santa Cruz,087,273765,15821,15238,806,16044,201
2021-03-28,Shasta,089,179085,11327,11308,1348,12656,183
2021-03-28,Sierra,091,2930,55,50,12,62,0
2021-03-28,Siskiyou,093,43540,1568,1497,262,1759,6
2021-03-28,Solano,095,438530,30865,30719,411,31130,232
2021-03-28,Sonoma,097,501317,29052,29161,267,29428,310
2021-03-28,Stanislaus,099,539301,53066,52567,5605,58172,678
2021-03-28,Sutter,101,95872,9156,9094,82,9176,106
2021-03-28,Tehama,103,63373,4776,4740,516,5256,52
2021-03-28,Trinity,105,12862,477,314,85,399,3
2021-03-28,Tulare,107,460477,49249,48218,8651,56869,815
2021-03-28,Tuolumne,109,53932,3968,3969,34,4003,57
2021-03-28,Ventura,111,848112,79856,79222,2887,82109,956
2021-03-28,Yolo,113,214977,13312,13325,248,13573,194
2021-03-28,Yuba,115,75493,5722,5662,106,5768,42
2021-03-27,Alameda,001,1643700,83718,83169,1803,84972,1211
2021-03-27,Alpine,003,1148,85,85,0,85,0
2021-03-27,Amador,005,37829,3569,3538,32,3570,45
2021-03-27,Butte,007,227075,11674,11278,1676,12954,191
2021-03-27,Calaveras,009,45235,1998,1992,12,2004,50
2021-03-27,Colusa,011,21464,1892,1889,274,2163,14
2021-03-27,Contra Costa,013,1133247,65689,64804,1133,65937,767
2021-03-27,Del Norte,015,27424,1172,1104,7,1111,6
2021-03-27,El Dorado,017,186661,9424,9367,611,9978,105
2021-03-27,Fresno,019,978130,99829,98901,8288,107189,1606
2021-03-27,Glenn,021,27897,2340,2308,527,2835,17
2021-03-27,Humboldt,023,135768,3452,3442,24,3466,34
2021-03-27,Imperial,025,180216,27599,27406,2638,30044,704
2021-03-27,Inyo,027,18085,1373,1372,9,1381,35
2021-03-27,Kern,029,883053,95370,94041,10303,104344,1217
2021-03-27,Kings,031,150075,22780,22502,1035,23537,238
2021-03-27,Lake,033,64148,3348,3317,8,3325,43
2021-03-27,Lassen,035,31185,5140,5129,102,5231,1
2021-03-27,Los Angeles,037,10098052,1186452,1178831,40407,1219238,23103
2021-03-27,Madera,039,155013,16114,15968,887,16855,210
2021-03-27,Marin,041,260295,13630,13579,207,13786,222
2021-03-27,Mariposa,043,17540,392,386,5,391,5
2021-03-27,Mendocino,045,87422,3746,3666,69,3735,45
2021-03-27,Merced,047,269075,29779,29647,947,30594,422
2021-03-27,Modoc,049,8938,354,344,120,464,3
2021-03-27,Mono,051,14174,1227,1241,15,1256,3
2021-03-27,Monterey,053,433212,42496,42271,1780,44051,337
2021-03-27,Napa,055,140530,9421,9360,34,9394,78
2021-03-27,Nevada,057,99092,4331,4231,184,4415,68
2021-03-27,Orange,059,3164182,251139,249160,10747,259907,4698
2021-03-27,Placer,061,380077,21531,20717,1242,21959,267
2021-03-27,Plumas,063,18699,667,655,10,665,4
2021-03-27,Riverside,065,2383286,289287,282707,13659,296366,4132
2021-03-27,Sacramento,067,1510023,98758,97247,1427,98674,1513
2021-03-27,San Benito,069,59416,5863,5862,94,5956,61
2021-03-27,San Bernardino,071,2135413,289021,285480,8753,294233,4325
2021-03-27,San Diego,073,3302833,270572,269271,13479,282750,3540
2021-03-27,San Francisco,075,870044,35257,35244,1213,36457,474
2021-03-27,San Joaquin,077,732212,69603,68365,3164,71529,1211
2021-03-27,San Luis Obispo,079,281455,20394,20153,626,20779,250
2021-03-27,San Mateo,081,765935,40763,40264,430,40694,348
2021-03-27,Santa Barbara,083,443738,33897,32921,1155,34076,439
2021-03-27,Santa Clara,085,1922200,114029,114124,648,114772,1871
2021-03-27,Santa Cruz,087,273765,15815,15215,806,16021,201
2021-03-27,Shasta,089,179085,11316,11288,1346,12634,183
2021-03-27,Sierra,091,2930,55,50,12,62,0
2021-03-27,Siskiyou,093,43540,1568,1497,262,1759,6
2021-03-27,Solano,095,438530,30837,30669,410,31079,232
2021-03-27,Sonoma,097,501317,29037,29133,265,29398,310
2021-03-27,Stanislaus,099,539301,53002,52497,5597,58094,678
2021-03-27,Sutter,101,95872,9148,9093,82,9175,106
2021-03-27,Tehama,103,63373,4770,4738,514,5252,52
2021-03-27,Trinity,105,12862,477,313,85,398,3
2021-03-27,Tulare,107,460477,49233,48203,8643,56846,813
2021-03-27,Tuolumne,109,53932,3965,3968,34,4002,57
2021-03-27,Ventura,111,848112,79829,79184,2885,82069,956
2021-03-27,Yolo,113,214977,13307,13317,247,13564,194
2021-03-27,Yuba,115,75493,5720,5657,106,5763,42
2021-03-26,Alameda,001,1643700,83656,83043,1801,84844,1208
2021-03-26,Alpine,003,1148,85,85,0,85,0
2021-03-26,Amador,005,37829,3564,3532,32,3564,45
2021-03-26,Butte,007,227075,11664,11278,1676,12954,191
2021-03-26,Calaveras,009,45235,1997,1989,12,2001,50
2021-03-26,Colusa,011,21464,1892,1889,274,2163,14
2021-03-26,Contra Costa,013,1133247,65629,64699,1131,65830,761
2021-03-26,Del Norte,015,27424,1169,1101,7,1108,6
2021-03-26,El Dorado,017,186661,9419,9353,611,9964,105
2021-03-26,Fresno,019,978130,99767,98731,8278,107009,1601
2021-03-26,Glenn,021,27897,2340,2307,526,2833,17
2021-03-26,Humboldt,023,135768,3450,3431,24,3455,34
2021-03-26,Imperial,025,180216,27575,27374,2638,30012,701
2021-03-26,Inyo,027,18085,1372,1369,9,1378,35
2021-03-26,Kern,029,883053,95344,93949,10297,104246,1211
2021-03-26,Kings,031,150075,22772,22493,1033,23526,239
2021-03-26,Lake,033,64148,3347,3314,8,3322,43
2021-03-26,Lassen,035,31185,5139,5131,102,5233,1
2021-03-26,Los Angeles,037,10098052,1186116,1178213,40393,1218606,23080
2021-03-26,Madera,039,155013,16104,15952,887,16839,210
2021-03-26,Marin,041,260295,13624,13553,202,13755,221
2021-03-26,Mariposa,043,17540,392,386,5,391,5
2021-03-26,Mendocino,045,87422,3745,3664,69,3733,45
2021-03-26,Merced,047,269075,29756,29613,945,30558,419
2021-03-26,Modoc,049,8938,354,344,120,464,3
2021-03-26,Mono,051,14174,1226,1236,15,1251,3
2021-03-26,Monterey,053,433212,42483,42241,1776,44017,338
2021-03-26,Napa,055,140530,9411,9349,34,9383,78
2021-03-26,Nevada,057,99092,4311,4222,184,4406,83
2021-03-26,Orange,059,3164182,251076,248995,10733,259728,4671
2021-03-26,Placer,061,380077,21504,20679,1241,21920,259
2021-03-26,Plumas,063,18699,666,654,10,664,4
2021-03-26,Riverside,065,2383286,289209,282602,13653,296255,4109
2021-03-26,Sacramento,067,1510023,98658,97040,1422,98462,1509
2021-03-26,San Benito,069,59416,5860,5855,94,5949,61
2021-03-26,San Bernardino,071,2135413,288965,285313,8751,294064,4288
2021-03-26,San Diego,073,3302833,270394,269045,13453,282498,3525
2021-03-26,San Francisco,075,870044,35231,35186,1213,36399,472
2021-03-26,San Joaquin,077,732212,69540,68249,3160,71409,1202
2021-03-26,San Luis Obispo,079,281455,20381,20118,626,20744,250
2021-03-26,San Mateo,081,765935,40728,40199,430,40629,348
2021-03-26,Santa Barbara,083,443738,33867,32895,1154,34049,439
2021-03-26,Santa Clara,085,1922200,113931,113959,647,114606,1868
2021-03-26,Santa Cruz,087,273765,15800,15199,805,16004,201
2021-03-26,Shasta,089,179085,11307,11276,1340,12616,182
2021-03-26,Sierra,091,2930,55,50,12,62,0
2021-03-26,Siskiyou,093,43540,1568,1493,261,1754,6
2021-03-26,Solano,095,438530,30812,30640,410,31050,205
2021-03-26,Sonoma,097,501317,29021,29101,262,29363,310
2021-03-26,Stanislaus,099,539301,52934,52420,5593,58013,678
2021-03-26,Sutter,101,95872,9145,9082,82,9164,104
2021-03-26,Tehama,103,63373,4769,4722,513,5235,51
2021-03-26,Trinity,105,12862,477,311,85,396,3
2021-03-26,Tulare,107,460477,49218,48179,8635,56814,813
2021-03-26,Tuolumne,109,53932,3964,3965,34,3999,57
2021-03-26,Ventura,111,848112,79795,79122,2883,82005,953
2021-03-26,Yolo,113,214977,13300,13299,245,13544,194
2021-03-26,Yuba,115,75493,5710,5653,106,5759,42
2021-03-25,Alameda,001,1643700,83562,82945,1799,84744,1206
2021-03-25,Alpine,003,1148,85,84,0,84,0
2021-03-25,Amador,005,37829,3562,3530,32,3562,45
2021-03-25,Butte,007,227075,11654,11270,1676,12946,188
2021-03-25,Calaveras,009,45235,1996,1982,12,1994,50
2021-03-25,Colusa,011,21464,1892,1888,274,2162,14
2021-03-25,Contra Costa,013,1133247,65562,64606,1127,65733,757
2021-03-25,Del Norte,015,27424,1163,1095,7,1102,6
2021-03-25,El Dorado,017,186661,9409,9331,611,9942,105
2021-03-25,Fresno,019,978130,99648,98602,8265,106867,1593
2021-03-25,Glenn,021,27897,2339,2302,525,2827,17
2021-03-25,Humboldt,023,135768,3445,3423,24,3447,34
2021-03-25,Imperial,025,180216,27558,27352,2637,29989,699
2021-03-25,Inyo,027,18085,1372,1369,9,1378,35
2021-03-25,Kern,029,883053,95312,93857,10291,104148,1206
2021-03-25,Kings,031,150075,22762,22472,1033,23505,237
2021-03-25,Lake,033,64148,3342,3312,8,3320,43
2021-03-25,Lassen,035,31185,5139,5129,102,5231,1
2021-03-25,Los Angeles,037,10098052,1185687,1177490,40358,1217848,23051
2021-03-25,Madera,039,155013,16085,15937,885,16822,210
2021-03-25,Marin,041,260295,13615,13538,199,13737,219
2021-03-25,Mariposa,043,17540,392,386,5,391,5
2021-03-25,Mendocino,045,87422,3744,3664,69,3733,45
2021-03-25,Merced,047,269075,29721,29576,937,30513,416
2021-03-25,Modoc,049,8938,354,343,120,463,3
2021-03-25,Mono,051,14174,1226,1235,15,1250,3
2021-03-25,Monterey,053,433212,42462,42220,1771,43991,336
2021-03-25,Napa,055,140530,9392,9321,34,9355,78
2021-03-25,Nevada,057,99092,4293,4202,182,4384,84
2021-03-25,Orange,059,3164182,250962,248871,10713,259584,4655
2021-03-25,Placer,061,380077,21463,20639,1234,21873,252
2021-03-25,Plumas,063,18699,666,654,10,664,4
2021-03-25,Riverside,065,2383286,289112,282492,13642,296134,4078
2021-03-25,Sacramento,067,1510023,98513,96823,1419,98242,1505
2021-03-25,San Benito,069,59416,5857,5850,94,5944,61
2021-03-25,San Bernardino,071,2135413,288883,285134,8746,293880,4222
2021-03-25,San Diego,073,3302833,270167,268623,13422,282045,3520
2021-03-25,San Francisco,075,870044,35192,35154,1211,36365,468
2021-03-25,San Joaquin,077,732212,69443,68089,3121,71210,1196
2021-03-25,San Luis Obispo,079,281455,20363,20076,626,20702,250
2021-03-25,San Mateo,081,765935,40688,40147,430,40577,348
2021-03-25,Santa Barbara,083,443738,33837,32857,1154,34011,439
2021-03-25,Santa Clara,085,1922200,113827,113877,645,114522,1868
2021-03-25,Santa Cruz,087,273765,15779,15170,805,15975,201
2021-03-25,Shasta,089,179085,11290,11262,1337,12599,181
2021-03-25,Sierra,091,2930,55,50,12,62,0
2021-03-25,Siskiyou,093,43540,1566,1491,260,1751,6
2021-03-25,Solano,095,438530,30751,30583,408,30991,193
2021-03-25,Sonoma,097,501317,28986,29060,258,29318,310
2021-03-25,Stanislaus,099,539301,52867,52321,5586,57907,678
2021-03-25,Sutter,101,95872,9136,9069,82,9151,104
2021-03-25,Tehama,103,63373,4767,4719,512,5231,52
2021-03-25,Trinity,105,12862,477,310,85,395,3
2021-03-25,Tulare,107,460477,49191,48148,8622,56770,811
2021-03-25,Tuolumne,109,53932,3963,3962,34,3996,57
2021-03-25,Ventura,111,848112,79754,79045,2879,81924,952
2021-03-25,Yolo,113,214977,13294,13287,245,13532,194
2021-03-25,Yuba,115,75493,5704,5647,100,5747,42
2021-03-24,Alameda,001,1643700,83465,82871,1796,84667,1199
2021-03-24,Alpine,003,1148,85,84,0,84,0
2021-03-24,Amador,005,37829,3556,3529,32,3561,45
2021-03-24,Butte,007,227075,11644,11252,1672,12924,187
2021-03-24,Calaveras,009,45235,1993,1975,12,1987,50
2021-03-24,Colusa,011,21464,1892,1886,274,2160,14
2021-03-24,Contra Costa,013,1133247,65482,64539,1126,65665,755
2021-03-24,Del Norte,015,27424,1158,1087,7,1094,6
2021-03-24,El Dorado,017,186661,9403,9319,610,9929,105
2021-03-24,Fresno,019,978130,99557,98437,8250,106687,1585
2021-03-24,Glenn,021,27897,2338,2297,524,2821,17
2021-03-24,Humboldt,023,135768,3442,3414,24,3438,34
2021-03-24,Imperial,025,180216,27549,27325,2636,29961,699
2021-03-24,Inyo,027,18085,1372,1368,9,1377,35
2021-03-24,Kern,029,883053,95264,93800,10282,104082,1198
2021-03-24,Kings,031,150075,22747,22456,1031,23487,237
2021-03-24,Lake,033,64148,3338,3307,8,3315,43
2021-03-24,Lassen,035,31185,5137,5130,101,5231,1
2021-03-24,Los Angeles,037,10098052,1185212,1177015,40322,1217337,22993
2021-03-24,Madera,039,155013,16076,15918,884,16802,210
2021-03-24,Marin,041,260295,13601,13526,197,13723,219
2021-03-24,Mariposa,043,17540,392,384,5,389,5
2021-03-24,Mendocino,045,87422,3741,3660,69,3729,45
2021-03-24,Merced,047,269075,29679,29525,937,30462,415
2021-03-24,Modoc,049,8938,353,341,120,461,3
2021-03-24,Mono,051,14174,1225,1243,15,1258,3
2021-03-24,Monterey,053,433212,42440,42201,1768,43969,335
2021-03-24,Napa,055,140530,9372,9310,34,9344,78
2021-03-24,Nevada,057,99092,4279,4191,181,4372,85
2021-03-24,Orange,059,3164182,250845,248775,10695,259470,4638
2021-03-24,Placer,061,380077,21432,20606,1226,21832,250
2021-03-24,Plumas,063,18699,664,652,10,662,4
2021-03-24,Riverside,065,2383286,289028,282410,13639,296049,4058
2021-03-24,Sacramento,067,1510023,98338,96628,1407,98035,1500
2021-03-24,San Benito,069,59416,5856,5847,94,5941,61
2021-03-24,San Bernardino,071,2135413,288798,284983,8744,293727,4170
2021-03-24,San Diego,073,3302833,269952,268413,13394,281807,3509
2021-03-24,San Francisco,075,870044,35165,35103,1208,36311,462
2021-03-24,San Joaquin,077,732212,69372,67978,3109,71087,1196
2021-03-24,San Luis Obispo,079,281455,20333,20021,625,20646,250
2021-03-24,San Mateo,081,765935,40638,40083,430,40513,348
2021-03-24,Santa Barbara,083,443738,33809,32810,1154,33964,438
2021-03-24,Santa Clara,085,1922200,113711,113757,642,114399,1851
2021-03-24,Santa Cruz,087,273765,15765,15138,804,15942,202
2021-03-24,Shasta,089,179085,11271,11243,1335,12578,181
2021-03-24,Sierra,091,2930,55,50,12,62,0
2021-03-24,Siskiyou,093,43540,1564,1490,260,1750,6
2021-03-24,Solano,095,438530,30714,30552,407,30959,178
2021-03-24,Sonoma,097,501317,28966,29034,254,29288,310
2021-03-24,Stanislaus,099,539301,52791,52259,5577,57836,677
2021-03-24,Sutter,101,95872,9120,9049,82,9131,104
2021-03-24,Tehama,103,63373,4761,4719,511,5230,49
2021-03-24,Trinity,105,12862,476,310,85,395,3
2021-03-24,Tulare,107,460477,49180,48109,8609,56718,808
2021-03-24,Tuolumne,109,53932,3962,3961,34,3995,57
2021-03-24,Ventura,111,848112,79702,78993,2872,81865,944
2021-03-24,Yolo,113,214977,13283,13269,245,13514,194
2021-03-24,Yuba,115,75493,5698,5634,97,5731,42
2021-03-23,Alameda,001,1643700,83362,82799,1792,84591,1190
2021-03-23,Alpine,003,1148,85,84,0,84,0
2021-03-23,Amador,005,37829,3550,3524,32,3556,45
2021-03-23,Butte,007,227075,11632,11227,1671,12898,187
2021-03-23,Calaveras,009,45235,1991,1971,12,1983,50
2021-03-23,Colusa,011,21464,1890,1885,273,2158,14
2021-03-23,Contra Costa,013,1133247,65383,64491,1125,65616,750
2021-03-23,Del Norte,015,27424,1153,1082,7,1089,6
2021-03-23,El Dorado,017,186661,9393,9318,608,9926,105
2021-03-23,Fresno,019,978130,99443,98362,8225,106587,1575
2021-03-23,Glenn,021,27897,2333,2293,522,2815,17
2021-03-23,Humboldt,023,135768,3433,3405,24,3429,34
2021-03-23,Imperial,025,180216,27541,27320,2636,29956,699
2021-03-23,Inyo,027,18085,1370,1364,9,1373,35
2021-03-23,Kern,029,883053,95157,93728,10275,104003,1191
2021-03-23,Kings,031,150075,22736,22439,1029,23468,237
2021-03-23,Lake,033,64148,3336,3294,8,3302,43
2021-03-23,Lassen,035,31185,5137,5130,101,5231,1
2021-03-23,Los Angeles,037,10098052,1184696,1176572,40283,1216855,22904
2021-03-23,Madera,039,155013,16060,15908,883,16791,210
2021-03-23,Marin,041,260295,13578,13514,195,13709,221
2021-03-23,Mariposa,043,17540,391,384,5,389,5
2021-03-23,Mendocino,045,87422,3739,3652,69,3721,45
2021-03-23,Merced,047,269075,29647,29485,937,30422,415
2021-03-23,Modoc,049,8938,352,342,120,462,3
2021-03-23,Mono,051,14174,1224,1263,15,1278,3
2021-03-23,Monterey,053,433212,42429,42180,1766,43946,335
2021-03-23,Napa,055,140530,9347,9299,34,9333,78
2021-03-23,Nevada,057,99092,4260,4179,180,4359,89
2021-03-23,Orange,059,3164182,250720,248661,10677,259338,4626
2021-03-23,Placer,061,380077,21397,20567,1222,21789,248
2021-03-23,Plumas,063,18699,664,652,10,662,4
2021-03-23,Riverside,065,2383286,288928,282317,13632,295949,4035
2021-03-23,Sacramento,067,1510023,98146,96521,1401,97922,1496
2021-03-23,San Benito,069,59416,5851,5845,93,5938,61
2021-03-23,San Bernardino,071,2135413,288714,284875,8736,293611,4134
2021-03-23,San Diego,073,3302833,269707,268156,13362,281518,3498
2021-03-23,San Francisco,075,870044,35107,35071,1202,36273,462
2021-03-23,San Joaquin,077,732212,69276,67903,3091,70994,1182
2021-03-23,San Luis Obispo,079,281455,20293,20009,624,20633,250
2021-03-23,San Mateo,081,765935,40582,40032,429,40461,348
2021-03-23,Santa Barbara,083,443738,33771,32771,1153,33924,438
2021-03-23,Santa Clara,085,1922200,113594,113645,639,114284,1848
2021-03-23,Santa Cruz,087,273765,15750,15106,804,15910,201
2021-03-23,Shasta,089,179085,11258,11234,1334,12568,175
2021-03-23,Sierra,091,2930,55,50,12,62,0
2021-03-23,Siskiyou,093,43540,1559,1485,258,1743,6
2021-03-23,Solano,095,438530,30673,30524,406,30930,178
2021-03-23,Sonoma,097,501317,28929,29020,253,29273,310
2021-03-23,Stanislaus,099,539301,52691,52148,5569,57717,677
2021-03-23,Sutter,101,95872,9112,9039,82,9121,104
2021-03-23,Tehama,103,63373,4750,4707,510,5217,46
2021-03-23,Trinity,105,12862,476,310,85,395,3
2021-03-23,Tulare,107,460477,49153,48095,8592,56687,808
2021-03-23,Tuolumne,109,53932,3959,3957,34,3991,57
2021-03-23,Ventura,111,848112,79641,78930,2869,81799,932
2021-03-23,Yolo,113,214977,13272,13255,245,13500,194
2021-03-23,Yuba,115,75493,5693,5628,97,5725,42
2021-03-22,Alameda,001,1643700,83269,82748,1786,84534,1189
2021-03-22,Alpine,003,1148,84,83,0,83,0
2021-03-22,Amador,005,37829,3542,3522,32,3554,44
2021-03-22,Butte,007,227075,11623,11211,1669,12880,185
2021-03-22,Calaveras,009,45235,1987,1963,12,1975,49
2021-03-22,Colusa,011,21464,1888,1885,273,2158,13
2021-03-22,Contra Costa,013,1133247,65288,64432,1123,65555,740
2021-03-22,Del Norte,015,27424,1147,1082,7,1089,6
2021-03-22,El Dorado,017,186661,9377,9310,605,9915,105
2021-03-22,Fresno,019,978130,99345,98276,8212,106488,1556
2021-03-22,Glenn,021,27897,2325,2291,522,2813,17
2021-03-22,Humboldt,023,135768,3428,3403,24,3427,34
2021-03-22,Imperial,025,180216,27526,27302,2632,29934,699
2021-03-22,Inyo,027,18085,1367,1363,9,1372,35
2021-03-22,Kern,029,883053,95086,93675,10258,103933,1178
2021-03-22,Kings,031,150075,22723,22433,1024,23457,236
2021-03-22,Lake,033,64148,3335,3290,8,3298,43
2021-03-22,Lassen,035,31185,5135,5129,101,5230,1
2021-03-22,Los Angeles,037,10098052,1184185,1176205,40250,1216455,22843
2021-03-22,Madera,039,155013,16045,15904,883,16787,210
2021-03-22,Marin,041,260295,13569,13501,194,13695,221
2021-03-22,Mariposa,043,17540,390,381,5,386,5
2021-03-22,Mendocino,045,87422,3737,3653,69,3722,45
2021-03-22,Merced,047,269075,29604,29468,934,30402,413
2021-03-22,Modoc,049,8938,350,342,120,462,3
2021-03-22,Mono,051,14174,1219,1263,15,1278,3
2021-03-22,Monterey,053,433212,42412,42161,1764,43925,335
2021-03-22,Napa,055,140530,9336,9288,34,9322,77
2021-03-22,Nevada,057,99092,4249,4174,176,4350,89
2021-03-22,Orange,059,3164182,250569,248517,10643,259160,4599
2021-03-22,Placer,061,380077,21362,20543,1217,21760,242
2021-03-22,Plumas,063,18699,664,652,10,662,4
2021-03-22,Riverside,065,2383286,288828,282242,13621,295863,4009
2021-03-22,Sacramento,067,1510023,97968,96385,1390,97775,1493
2021-03-22,San Benito,069,59416,5848,5844,92,5936,61
2021-03-22,San Bernardino,071,2135413,288627,284771,8724,293495,4107
2021-03-22,San Diego,073,3302833,269495,267913,13342,281255,3494
2021-03-22,San Francisco,075,870044,35065,35040,1198,36238,462
2021-03-22,San Joaquin,077,732212,69184,67815,3073,70888,1182
2021-03-22,San Luis Obispo,079,281455,20269,20000,623,20623,250
2021-03-22,San Mateo,081,765935,40531,40024,428,40452,348
2021-03-22,Santa Barbara,083,443738,33724,32756,1151,33907,437
2021-03-22,Santa Clara,085,1922200,113475,113575,639,114214,1845
2021-03-22,Santa Cruz,087,273765,15738,15077,803,15880,201
2021-03-22,Shasta,089,179085,11244,11218,1333,12551,150
2021-03-22,Sierra,091,2930,55,50,12,62,0
2021-03-22,Siskiyou,093,43540,1558,1487,257,1744,5
2021-03-22,Solano,095,438530,30633,30490,402,30892,171
2021-03-22,Sonoma,097,501317,28900,29010,249,29259,310
2021-03-22,Stanislaus,099,539301,52607,52083,5564,57647,677
2021-03-22,Sutter,101,95872,9099,9024,82,9106,104
2021-03-22,Tehama,103,63373,4742,4704,510,5214,45
2021-03-22,Trinity,105,12862,476,310,85,395,3
2021-03-22,Tulare,107,460477,49138,48074,8571,56645,807
2021-03-22,Tuolumne,109,53932,3956,3954,34,3988,57
2021-03-22,Ventura,111,848112,79593,78890,2866,81756,927
2021-03-22,Yolo,113,214977,13260,13243,244,13487,190
2021-03-22,Yuba,115,75493,5682,5627,95,5722,42
2021-03-21,Alameda,001,1643700,83177,82684,1783,84467,1187
2021-03-21,Alpine,003,1148,84,83,0,83,0
2021-03-21,Amador,005,37829,3538,3519,32,3551,44
2021-03-21,Butte,007,227075,11607,11208,1664,12872,185
2021-03-21,Calaveras,009,45235,1982,1962,12,1974,49
2021-03-21,Colusa,011,21464,1888,1885,273,2158,13
2021-03-21,Contra Costa,013,1133247,65205,64382,1120,65502,740
2021-03-21,Del Norte,015,27424,1132,1076,7,1083,6
2021-03-21,El Dorado,017,186661,9367,9302,600,9902,105
2021-03-21,Fresno,019,978130,99230,98211,8188,106399,1556
2021-03-21,Glenn,021,27897,2322,2288,521,2809,17
2021-03-21,Humboldt,023,135768,3423,3402,24,3426,34
2021-03-21,Imperial,025,180216,27508,27267,2624,29891,699
2021-03-21,Inyo,027,18085,1367,1363,9,1372,35
2021-03-21,Kern,029,883053,95020,93649,10249,103898,1170
2021-03-21,Kings,031,150075,22706,22422,1023,23445,236
2021-03-21,Lake,033,64148,3331,3286,8,3294,43
2021-03-21,Lassen,035,31185,5135,5129,101,5230,1
2021-03-21,Los Angeles,037,10098052,1183654,1175684,40202,1215886,22834
2021-03-21,Madera,039,155013,16026,15895,881,16776,210
2021-03-21,Marin,041,260295,13553,13495,193,13688,220
2021-03-21,Mariposa,043,17540,390,381,5,386,5
2021-03-21,Mendocino,045,87422,3734,3651,69,3720,45
2021-03-21,Merced,047,269075,29544,29446,928,30374,413
2021-03-21,Modoc,049,8938,350,341,120,461,3
2021-03-21,Mono,051,14174,1214,1263,15,1278,3
2021-03-21,Monterey,053,433212,42387,42153,1761,43914,335
2021-03-21,Napa,055,140530,9316,9282,34,9316,77
2021-03-21,Nevada,057,99092,4236,4169,176,4345,89
2021-03-21,Orange,059,3164182,250435,248442,10617,259059,4598
2021-03-21,Placer,061,380077,21326,20520,1209,21729,242
2021-03-21,Plumas,063,18699,664,653,10,663,4
2021-03-21,Riverside,065,2383286,288721,282187,13610,295797,4009
2021-03-21,Sacramento,067,1510023,97773,96269,1382,97651,1489
2021-03-21,San Benito,069,59416,5842,5842,92,5934,61
2021-03-21,San Bernardino,071,2135413,288539,284732,8718,293450,4094
2021-03-21,San Diego,073,3302833,269235,267724,13316,281040,3494
2021-03-21,San Francisco,075,870044,35018,35012,1191,36203,460
2021-03-21,San Joaquin,077,732212,69062,67729,3055,70784,1182
2021-03-21,San Luis Obispo,079,281455,20237,19979,621,20600,250
2021-03-21,San Mateo,081,765935,40486,39988,427,40415,344
2021-03-21,Santa Barbara,083,443738,33684,32743,1150,33893,437
2021-03-21,Santa Clara,085,1922200,113346,113487,636,114123,1840
2021-03-21,Santa Cruz,087,273765,15731,15064,803,15867,199
2021-03-21,Shasta,089,179085,11224,11215,1332,12547,150
2021-03-21,Sierra,091,2930,55,50,12,62,0
2021-03-21,Siskiyou,093,43540,1558,1486,256,1742,5
2021-03-21,Solano,095,438530,30593,30474,399,30873,171
2021-03-21,Sonoma,097,501317,28871,28986,248,29234,310
2021-03-21,Stanislaus,099,539301,52517,52014,5562,57576,677
2021-03-21,Sutter,101,95872,9086,9021,82,9103,104
2021-03-21,Tehama,103,63373,4738,4701,510,5211,45
2021-03-21,Trinity,105,12862,474,310,85,395,3
2021-03-21,Tulare,107,460477,49122,48060,8559,56619,807
2021-03-21,Tuolumne,109,53932,3954,3953,34,3987,57
2021-03-21,Ventura,111,848112,79529,78863,2861,81724,927
2021-03-21,Yolo,113,214977,13239,13235,244,13479,190
2021-03-21,Yuba,115,75493,5672,5624,95,5719,42
2021-03-20,Alameda,001,1643700,83109,82614,1781,84395,1178
2021-03-20,Alpine,003,1148,84,83,0,83,0
2021-03-20,Amador,005,37829,3536,3518,32,3550,44
2021-03-20,Butte,007,227075,11601,11199,1662,12861,185
2021-03-20,Calaveras,009,45235,1978,1961,12,1973,49
2021-03-20,Colusa,011,21464,1888,1883,273,2156,12
2021-03-20,Contra Costa,013,1133247,65145,64313,1120,65433,713
2021-03-20,Del Norte,015,27424,1131,1075,7,1082,6
2021-03-20,El Dorado,017,186661,9361,9290,600,9890,105
2021-03-20,Fresno,019,978130,99169,98112,8181,106293,1532
2021-03-20,Glenn,021,27897,2321,2288,519,2807,17
2021-03-20,Humboldt,023,135768,3416,3399,24,3423,33
2021-03-20,Imperial,025,180216,27502,27239,2622,29861,695
2021-03-20,Inyo,027,18085,1367,1362,9,1371,35
2021-03-20,Kern,029,883053,94991,93606,10245,103851,1155
2021-03-20,Kings,031,150075,22701,22415,1022,23437,236
2021-03-20,Lake,033,64148,3327,3280,8,3288,43
2021-03-20,Lassen,035,31185,5135,5128,101,5229,1
2021-03-20,Los Angeles,037,10098052,1183355,1175290,40177,1215467,22810
2021-03-20,Madera,039,155013,16018,15891,880,16771,210
2021-03-20,Marin,041,260295,13541,13470,189,13659,220
2021-03-20,Mariposa,043,17540,389,381,5,386,5
2021-03-20,Mendocino,045,87422,3733,3639,69,3708,43
2021-03-20,Merced,047,269075,29513,29411,925,30336,412
2021-03-20,Modoc,049,8938,349,341,120,461,3
2021-03-20,Mono,051,14174,1214,1256,15,1271,3
2021-03-20,Monterey,053,433212,42378,42146,1760,43906,334
2021-03-20,Napa,055,140530,9308,9274,34,9308,77
2021-03-20,Nevada,057,99092,4225,4164,175,4339,89
2021-03-20,Orange,059,3164182,250353,248348,10605,258953,4522
2021-03-20,Placer,061,380077,21304,20505,1207,21712,242
2021-03-20,Plumas,063,18699,661,652,10,662,4
2021-03-20,Riverside,065,2383286,288646,282081,13606,295687,4000
2021-03-20,Sacramento,067,1510023,97662,96126,1379,97505,1488
2021-03-20,San Benito,069,59416,5838,5840,92,5932,61
2021-03-20,San Bernardino,071,2135413,288474,284690,8714,293404,3965
2021-03-20,San Diego,073,3302833,269064,267532,13309,280841,3493
2021-03-20,San Francisco,075,870044,34995,34968,1184,36152,453
2021-03-20,San Joaquin,077,732212,69021,67662,3048,70710,1161
2021-03-20,San Luis Obispo,079,281455,20221,19951,615,20566,250
2021-03-20,San Mateo,081,765935,40452,39958,426,40384,344
2021-03-20,Santa Barbara,083,443738,33660,32723,1149,33872,434
2021-03-20,Santa Clara,085,1922200,113254,113384,635,114019,1799
2021-03-20,Santa Cruz,087,273765,15715,15053,803,15856,199
2021-03-20,Shasta,089,179085,11218,11211,1332,12543,147
2021-03-20,Sierra,091,2930,55,50,12,62,0
2021-03-20,Siskiyou,093,43540,1558,1483,256,1739,5
2021-03-20,Solano,095,438530,30563,30439,399,30838,170
2021-03-20,Sonoma,097,501317,28856,28962,248,29210,309
2021-03-20,Stanislaus,099,539301,52461,51925,5555,57480,673
2021-03-20,Sutter,101,95872,9078,9014,82,9096,103
2021-03-20,Tehama,103,63373,4733,4696,508,5204,33
2021-03-20,Trinity,105,12862,473,310,85,395,3
2021-03-20,Tulare,107,460477,49107,48030,8542,56572,804
2021-03-20,Tuolumne,109,53932,3951,3950,34,3984,57
2021-03-20,Ventura,111,848112,79492,78818,2859,81677,922
2021-03-20,Yolo,113,214977,13235,13226,244,13470,190
2021-03-20,Yuba,115,75493,5669,5621,94,5715,42
2021-03-19,Alameda,001,1643700,83037,82499,1780,84279,1187
2021-03-19,Alpine,003,1148,83,82,0,82,0
2021-03-19,Amador,005,37829,3533,3515,32,3547,44
2021-03-19,Butte,007,227075,11593,11191,1659,12850,185
2021-03-19,Calaveras,009,45235,1977,1957,12,1969,49
2021-03-19,Colusa,011,21464,1887,1883,273,2156,12
2021-03-19,Contra Costa,013,1133247,65086,64195,1117,65312,737
2021-03-19,Del Norte,015,27424,1125,1071,5,1076,6
2021-03-19,El Dorado,017,186661,9352,9274,600,9874,105
2021-03-19,Fresno,019,978130,99085,97969,8167,106136,1527
2021-03-19,Glenn,021,27897,2321,2282,519,2801,17
2021-03-19,Humboldt,023,135768,3407,3388,24,3412,33
2021-03-19,Imperial,025,180216,27490,27218,2618,29836,695
2021-03-19,Inyo,027,18085,1365,1356,9,1365,35
2021-03-19,Kern,029,883053,94958,93534,10232,103766,1152
2021-03-19,Kings,031,150075,22692,22369,1019,23388,235
2021-03-19,Lake,033,64148,3321,3262,8,3270,43
2021-03-19,Lassen,035,31185,5135,5126,101,5227,1
2021-03-19,Los Angeles,037,10098052,1183020,1174818,40161,1214979,22752
2021-03-19,Madera,039,155013,16011,15877,879,16756,210
2021-03-19,Marin,041,260295,13529,13441,189,13630,220
2021-03-19,Mariposa,043,17540,388,380,5,385,5
2021-03-19,Mendocino,045,87422,3732,3639,69,3708,45
2021-03-19,Merced,047,269075,29484,29376,924,30300,412
2021-03-19,Modoc,049,8938,349,341,120,461,3
2021-03-19,Mono,051,14174,1212,1244,15,1259,3
2021-03-19,Monterey,053,433212,42369,42125,1758,43883,335
2021-03-19,Napa,055,140530,9296,9256,34,9290,77
2021-03-19,Nevada,057,99092,4214,4156,175,4331,88
2021-03-19,Orange,059,3164182,250252,248146,10594,258740,4501
2021-03-19,Placer,061,380077,21286,20451,1205,21656,242
2021-03-19,Plumas,063,18699,661,650,10,660,4
2021-03-19,Riverside,065,2383286,288563,281937,13601,295538,3989
2021-03-19,Sacramento,067,1510023,97560,95934,1376,97310,1486
2021-03-19,San Benito,069,59416,5838,5845,92,5937,61
2021-03-19,San Bernardino,071,2135413,288402,284501,8712,293213,4017
2021-03-19,San Diego,073,3302833,268929,267173,13299,280472,3491
2021-03-19,San Francisco,075,870044,34949,34936,1181,36117,461
2021-03-19,San Joaquin,077,732212,68951,67515,3034,70549,1180
2021-03-19,San Luis Obispo,079,281455,20201,19913,613,20526,249
2021-03-19,San Mateo,081,765935,40428,39893,426,40319,344
2021-03-19,Santa Barbara,083,443738,33631,32685,1148,33833,435
2021-03-19,Santa Clara,085,1922200,113179,113232,634,113866,1797
2021-03-19,Santa Cruz,087,273765,15708,15026,803,15829,199
2021-03-19,Shasta,089,179085,11211,11104,1330,12434,103
2021-03-19,Sierra,091,2930,54,49,12,61,0
2021-03-19,Siskiyou,093,43540,1558,1480,255,1735,5
2021-03-19,Solano,095,438530,30533,30395,397,30792,172
2021-03-19,Sonoma,097,501317,28835,28932,246,29178,292
2021-03-19,Stanislaus,099,539301,52403,51755,5552,57307,679
2021-03-19,Sutter,101,95872,9076,9005,82,9087,103
2021-03-19,Tehama,103,63373,4725,4685,508,5193,33
2021-03-19,Trinity,105,12862,473,310,85,395,3
2021-03-19,Tulare,107,460477,49084,47989,8519,56508,805
2021-03-19,Tuolumne,109,53932,3948,3946,34,3980,57
2021-03-19,Ventura,111,848112,79454,78753,2855,81608,920
2021-03-19,Yolo,113,214977,13227,13197,244,13441,189
2021-03-19,Yuba,115,75493,5666,5615,93,5708,42
2021-03-18,Alameda,001,1643700,82956,82419,1777,84196,1189
2021-03-18,Alpine,003,1148,83,82,0,82,0
2021-03-18,Amador,005,37829,3529,3513,32,3545,44
2021-03-18,Butte,007,227075,11582,11179,1657,12836,185
2021-03-18,Calaveras,009,45235,1975,1954,12,1966,49
2021-03-18,Colusa,011,21464,1887,1882,273,2155,12
2021-03-18,Contra Costa,013,1133247,65013,64103,1114,65217,739
2021-03-18,Del Norte,015,27424,1116,1059,5,1064,6
2021-03-18,El Dorado,017,186661,9339,9261,599,9860,105
2021-03-18,Fresno,019,978130,98988,97856,8152,106008,1527
2021-03-18,Glenn,021,27897,2317,2275,518,2793,17
2021-03-18,Humboldt,023,135768,3399,3381,24,3405,34
2021-03-18,Imperial,025,180216,27474,27190,2612,29802,695
2021-03-18,Inyo,027,18085,1362,1354,9,1363,35
2021-03-18,Kern,029,883053,94901,93458,10218,103676,1158
2021-03-18,Kings,031,150075,22685,22354,1018,23372,235
2021-03-18,Lake,033,64148,3318,3260,8,3268,43
2021-03-18,Lassen,035,31185,5134,5126,101,5227,1
2021-03-18,Los Angeles,037,10098052,1182589,1174205,40132,1214337,22689
2021-03-18,Madera,039,155013,15999,15860,876,16736,211
2021-03-18,Marin,041,260295,13511,13435,188,13623,219
2021-03-18,Mariposa,043,17540,386,380,5,385,5
2021-03-18,Mendocino,045,87422,3722,3630,69,3699,45
2021-03-18,Merced,047,269075,29449,29317,924,30241,410
2021-03-18,Modoc,049,8938,349,341,120,461,3
2021-03-18,Mono,051,14174,1208,1215,15,1230,3
2021-03-18,Monterey,053,433212,42356,42105,1758,43863,335
2021-03-18,Napa,055,140530,9287,9243,34,9277,77
2021-03-18,Nevada,057,99092,4207,4154,175,4329,74
2021-03-18,Orange,059,3164182,250148,248050,10582,258632,4514
2021-03-18,Placer,061,380077,21253,20421,1202,21623,243
2021-03-18,Plumas,063,18699,659,648,10,658,4
2021-03-18,Riverside,065,2383286,288482,281789,13594,295383,3957
2021-03-18,Sacramento,067,1510023,97412,95819,1372,97191,1481
2021-03-18,San Benito,069,59416,5836,5842,92,5934,61
2021-03-18,San Bernardino,071,2135413,288321,284294,8682,292976,4076
2021-03-18,San Diego,073,3302833,268777,266752,13289,280041,3478
2021-03-18,San Francisco,075,870044,34910,34904,1180,36084,461
2021-03-18,San Joaquin,077,732212,68851,67301,3022,70323,1169
2021-03-18,San Luis Obispo,079,281455,20172,19894,612,20506,249
2021-03-18,San Mateo,081,765935,40387,39874,426,40300,344
2021-03-18,Santa Barbara,083,443738,33589,32640,1148,33788,434
2021-03-18,Santa Clara,085,1922200,113062,113119,630,113749,1808
2021-03-18,Santa Cruz,087,273765,15698,14998,803,15801,198
2021-03-18,Shasta,089,179085,11197,11059,1328,12387,100
2021-03-18,Sierra,091,2930,54,49,12,61,0
2021-03-18,Siskiyou,093,43540,1555,1480,254,1734,5
2021-03-18,Solano,095,438530,30491,30352,394,30746,172
2021-03-18,Sonoma,097,501317,28813,28915,244,29159,292
2021-03-18,Stanislaus,099,539301,52331,51615,5548,57163,682
2021-03-18,Sutter,101,95872,9064,8999,82,9081,103
2021-03-18,Tehama,103,63373,4719,4683,507,5190,35
2021-03-18,Trinity,105,12862,473,310,85,395,3
2021-03-18,Tulare,107,460477,49065,47964,8504,56468,805
2021-03-18,Tuolumne,109,53932,3948,3942,34,3976,57
2021-03-18,Ventura,111,848112,79397,78697,2855,81552,918
2021-03-18,Yolo,113,214977,13214,13183,244,13427,191
2021-03-18,Yuba,115,75493,5662,5612,93,5705,42
2021-03-17,Alameda,001,1643700,82880,82353,1772,84125,1185
2021-03-17,Alpine,003,1148,83,82,0,82,0
2021-03-17,Amador,005,37829,3527,3511,32,3543,44
2021-03-17,Butte,007,227075,11573,11170,1655,12825,185
2021-03-17,Calaveras,009,45235,1972,1946,12,1958,49
2021-03-17,Colusa,011,21464,1886,1882,273,2155,12
2021-03-17,Contra Costa,013,1133247,64944,64026,1113,65139,737
2021-03-17,Del Norte,015,27424,1112,1053,5,1058,6
2021-03-17,El Dorado,017,186661,9329,9252,599,9851,105
2021-03-17,Fresno,019,978130,98877,97727,8134,105861,1507
2021-03-17,Glenn,021,27897,2310,2269,517,2786,17
2021-03-17,Humboldt,023,135768,3391,3365,24,3389,33
2021-03-17,Imperial,025,180216,27458,27168,2610,29778,691
2021-03-17,Inyo,027,18085,1360,1351,9,1360,35
2021-03-17,Kern,029,883053,94845,93392,10205,103597,1149
2021-03-17,Kings,031,150075,22669,22336,1017,23353,233
2021-03-17,Lake,033,64148,3311,3251,8,3259,43
2021-03-17,Lassen,035,31185,5133,5125,101,5226,1
2021-03-17,Los Angeles,037,10098052,1182136,1173416,40099,1213515,22602
2021-03-17,Madera,039,155013,15992,15835,876,16711,214
2021-03-17,Marin,041,260295,13493,13428,187,13615,218
2021-03-17,Mariposa,043,17540,386,379,5,384,5
2021-03-17,Mendocino,045,87422,3718,3625,69,3694,44
2021-03-17,Merced,047,269075,29421,29250,920,30170,408
2021-03-17,Modoc,049,8938,349,341,120,461,3
2021-03-17,Mono,051,14174,1206,1212,15,1227,3
2021-03-17,Monterey,053,433212,42337,42061,1755,43816,334
2021-03-17,Napa,055,140530,9272,9219,34,9253,76
2021-03-17,Nevada,057,99092,4197,4145,175,4320,74
2021-03-17,Orange,059,3164182,250030,247943,10554,258497,4502
2021-03-17,Placer,061,380077,21226,20369,1200,21569,243
2021-03-17,Plumas,063,18699,658,645,10,655,4
2021-03-17,Riverside,065,2383286,288367,281649,13586,295235,3925
2021-03-17,Sacramento,067,1510023,97284,95650,1367,97017,1477
2021-03-17,San Benito,069,59416,5833,5841,92,5933,61
2021-03-17,San Bernardino,071,2135413,288204,284170,8677,292847,4049
2021-03-17,San Diego,073,3302833,268566,266313,13271,279584,3470
2021-03-17,San Francisco,075,870044,34875,34873,1179,36052,457
2021-03-17,San Joaquin,077,732212,68766,67093,3006,70099,1164
2021-03-17,San Luis Obispo,079,281455,20149,19858,608,20466,249
2021-03-17,San Mateo,081,765935,40357,39838,425,40263,344
2021-03-17,Santa Barbara,083,443738,33569,32585,1147,33732,433
2021-03-17,Santa Clara,085,1922200,112969,112983,629,113612,1805
2021-03-17,Santa Cruz,087,273765,15690,14967,803,15770,199
2021-03-17,Shasta,089,179085,11192,11045,1325,12370,100
2021-03-17,Sierra,091,2930,54,49,12,61,0
2021-03-17,Siskiyou,093,43540,1554,1479,252,1731,5
2021-03-17,Solano,095,438530,30465,30320,392,30712,171
2021-03-17,Sonoma,097,501317,28789,28877,243,29120,292
2021-03-17,Stanislaus,099,539301,52257,51524,5541,57065,682
2021-03-17,Sutter,101,95872,9054,8982,82,9064,103
2021-03-17,Tehama,103,63373,4713,4670,507,5177,34
2021-03-17,Trinity,105,12862,473,308,85,393,3
2021-03-17,Tulare,107,460477,49045,47929,8494,56423,805
2021-03-17,Tuolumne,109,53932,3945,3938,34,3972,57
2021-03-17,Ventura,111,848112,79342,78648,2852,81500,916
2021-03-17,Yolo,113,214977,13197,13169,244,13413,190
2021-03-17,Yuba,115,75493,5659,5603,93,5696,42
2021-03-16,Alameda,001,1643700,82767,82259,1770,84029,1177
2021-03-16,Alpine,003,1148,83,82,0,82,0
2021-03-16,Amador,005,37829,3525,3510,32,3542,44
2021-03-16,Butte,007,227075,11561,11154,1654,12808,184
2021-03-16,Calaveras,009,45235,1967,1945,12,1957,49
2021-03-16,Colusa,011,21464,1885,1882,273,2155,12
2021-03-16,Contra Costa,013,1133247,64862,63951,1110,65061,736
2021-03-16,Del Norte,015,27424,1104,1048,5,1053,6
2021-03-16,El Dorado,017,186661,9313,9249,599,9848,105
2021-03-16,Fresno,019,978130,98739,97638,8112,105750,1498
2021-03-16,Glenn,021,27897,2302,2267,513,2780,17
2021-03-16,Humboldt,023,135768,3387,3351,24,3375,33
2021-03-16,Imperial,025,180216,27447,27143,2608,29751,689
2021-03-16,Inyo,027,18085,1359,1346,9,1355,35
2021-03-16,Kern,029,883053,94779,93340,10190,103530,1144
2021-03-16,Kings,031,150075,22633,22320,1016,23336,233
2021-03-16,Lake,033,64148,3303,3246,8,3254,43
2021-03-16,Lassen,035,31185,5132,5126,101,5227,1
2021-03-16,Los Angeles,037,10098052,1181604,1172676,40061,1212737,22527
2021-03-16,Madera,039,155013,15976,15822,874,16696,214
2021-03-16,Marin,041,260295,13475,13419,187,13606,218
2021-03-16,Mariposa,043,17540,383,379,5,384,5
2021-03-16,Mendocino,045,87422,3713,3623,69,3692,44
2021-03-16,Merced,047,269075,29368,29198,919,30117,407
2021-03-16,Modoc,049,8938,349,341,120,461,3
2021-03-16,Mono,051,14174,1205,1207,15,1222,3
2021-03-16,Monterey,053,433212,42318,42023,1755,43778,334
2021-03-16,Napa,055,140530,9262,9209,34,9243,75
2021-03-16,Nevada,057,99092,4188,4132,174,4306,67
2021-03-16,Orange,059,3164182,249891,247843,10535,258378,4479
2021-03-16,Placer,061,380077,21192,20339,1196,21535,240
2021-03-16,Plumas,063,18699,657,643,10,653,4
2021-03-16,Riverside,065,2383286,288253,281540,13573,295113,3893
2021-03-16,Sacramento,067,1510023,97141,95522,1363,96885,1466
2021-03-16,San Benito,069,59416,5828,5831,92,5923,61
2021-03-16,San Bernardino,071,2135413,288074,283980,8670,292650,4032
2021-03-16,San Diego,073,3302833,268334,265903,13258,279161,3462
2021-03-16,San Francisco,075,870044,34846,34833,1174,36007,456
2021-03-16,San Joaquin,077,732212,68664,66856,2993,69849,1163
2021-03-16,San Luis Obispo,079,281455,20120,19832,606,20438,248
2021-03-16,San Mateo,081,765935,40323,39806,423,40229,344
2021-03-16,Santa Barbara,083,443738,33537,32556,1146,33702,433
2021-03-16,Santa Clara,085,1922200,112851,112845,626,113471,1797
2021-03-16,Santa Cruz,087,273765,15684,14926,803,15729,199
2021-03-16,Shasta,089,179085,11176,11035,1322,12357,100
2021-03-16,Sierra,091,2930,53,49,12,61,0
2021-03-16,Siskiyou,093,43540,1550,1477,252,1729,5
2021-03-16,Solano,095,438530,30431,30298,390,30688,171
2021-03-16,Sonoma,097,501317,28757,28850,241,29091,291
2021-03-16,Stanislaus,099,539301,52177,51410,5534,56944,683
2021-03-16,Sutter,101,95872,9046,8970,82,9052,102
2021-03-16,Tehama,103,63373,4709,4660,506,5166,34
2021-03-16,Trinity,105,12862,473,308,84,392,3
2021-03-16,Tulare,107,460477,48998,47895,8486,56381,803
2021-03-16,Tuolumne,109,53932,3942,3938,34,3972,57
2021-03-16,Ventura,111,848112,79275,78671,2845,81516,916
2021-03-16,Yolo,113,214977,13182,13162,244,13406,190
2021-03-16,Yuba,115,75493,5656,5596,92,5688,42
2021-03-15,Alameda,001,1643700,82680,82159,1770,83929,1167
2021-03-15,Alpine,003,1148,83,82,0,82,0
2021-03-15,Amador,005,37829,3524,3506,32,3538,44
2021-03-15,Butte,007,227075,11548,11141,1650,12791,185
2021-03-15,Calaveras,009,45235,1966,1941,12,1953,49
2021-03-15,Colusa,011,21464,1885,1883,273,2156,12
2021-03-15,Contra Costa,013,1133247,64800,63847,1109,64956,732
2021-03-15,Del Norte,015,27424,1101,1048,5,1053,6
2021-03-15,El Dorado,017,186661,9307,9235,598,9833,103
2021-03-15,Fresno,019,978130,98612,97520,8097,105617,1496
2021-03-15,Glenn,021,27897,2297,2261,510,2771,15
2021-03-15,Humboldt,023,135768,3381,3337,24,3361,32
2021-03-15,Imperial,025,180216,27426,27122,2606,29728,684
2021-03-15,Inyo,027,18085,1359,1346,9,1355,35
2021-03-15,Kern,029,883053,94719,93266,10183,103449,1141
2021-03-15,Kings,031,150075,22616,22294,1011,23305,233
2021-03-15,Lake,033,64148,3291,3237,8,3245,43
2021-03-15,Lassen,035,31185,5132,5125,101,5226,1
2021-03-15,Los Angeles,037,10098052,1181037,1172445,40026,1212471,22477
2021-03-15,Madera,039,155013,15965,15806,872,16678,214
2021-03-15,Marin,041,260295,13469,13408,186,13594,218
2021-03-15,Mariposa,043,17540,383,376,5,381,5
2021-03-15,Mendocino,045,87422,3709,3615,69,3684,44
2021-03-15,Merced,047,269075,29328,29169,918,30087,407
2021-03-15,Modoc,049,8938,349,340,120,460,3
2021-03-15,Mono,051,14174,1204,1206,15,1221,3
2021-03-15,Monterey,053,433212,42290,42011,1752,43763,333
2021-03-15,Napa,055,140530,9251,9196,34,9230,75
2021-03-15,Nevada,057,99092,4183,4123,173,4296,66
2021-03-15,Orange,059,3164182,249778,247697,10514,258211,4481
2021-03-15,Placer,061,380077,21169,20308,1196,21504,238
2021-03-15,Plumas,063,18699,657,642,10,652,4
2021-03-15,Riverside,065,2383286,288101,281367,13563,294930,3856
2021-03-15,Sacramento,067,1510023,96988,95414,1357,96771,1463
2021-03-15,San Benito,069,59416,5825,5831,92,5923,61
2021-03-15,San Bernardino,071,2135413,287981,283815,8662,292477,4004
2021-03-15,San Diego,073,3302833,268084,265646,13242,278888,3452
2021-03-15,San Francisco,075,870044,34810,34820,1170,35990,456
2021-03-15,San Joaquin,077,732212,68560,66622,2980,69602,1140
2021-03-15,San Luis Obispo,079,281455,20089,19813,602,20415,247
2021-03-15,San Mateo,081,765935,40269,39765,423,40188,344
2021-03-15,Santa Barbara,083,443738,33515,32529,1143,33672,431
2021-03-15,Santa Clara,085,1922200,112748,112729,624,113353,1798
2021-03-15,Santa Cruz,087,273765,15678,14899,801,15700,200
2021-03-15,Shasta,089,179085,11160,11019,1317,12336,92
2021-03-15,Sierra,091,2930,53,49,12,61,0
2021-03-15,Siskiyou,093,43540,1550,1475,252,1727,5
2021-03-15,Solano,095,438530,30402,30258,389,30647,171
2021-03-15,Sonoma,097,501317,28739,28814,238,29052,285
2021-03-15,Stanislaus,099,539301,52099,51357,5527,56884,683
2021-03-15,Sutter,101,95872,9040,8962,82,9044,102
2021-03-15,Tehama,103,63373,4699,4650,505,5155,34
2021-03-15,Trinity,105,12862,473,308,84,392,3
2021-03-15,Tulare,107,460477,48968,47857,8471,56328,800
2021-03-15,Tuolumne,109,53932,3940,3937,33,3970,57
2021-03-15,Ventura,111,848112,79221,78626,2844,81470,910
2021-03-15,Yolo,113,214977,13163,13131,242,13373,190
2021-03-15,Yuba,115,75493,5651,5585,91,5676,42
2021-03-14,Alameda,001,1643700,82594,82116,1767,83883,1168
2021-03-14,Alpine,003,1148,83,82,0,82,0
2021-03-14,Amador,005,37829,3519,3504,32,3536,44
2021-03-14,Butte,007,227075,11535,11140,1646,12786,185
2021-03-14,Calaveras,009,45235,1962,1939,12,1951,49
2021-03-14,Colusa,011,21464,1885,1883,273,2156,12
2021-03-14,Contra Costa,013,1133247,64695,63808,1108,64916,731
2021-03-14,Del Norte,015,27424,1087,1048,5,1053,6
2021-03-14,El Dorado,017,186661,9297,9231,598,9829,103
2021-03-14,Fresno,019,978130,98504,97461,8079,105540,1496
2021-03-14,Glenn,021,27897,2292,2260,507,2767,15
2021-03-14,Humboldt,023,135768,3367,3335,24,3359,32
2021-03-14,Imperial,025,180216,27408,27122,2602,29724,685
2021-03-14,Inyo,027,18085,1355,1346,9,1355,35
2021-03-14,Kern,029,883053,94636,93252,10165,103417,1141
2021-03-14,Kings,031,150075,22597,22292,1009,23301,232
2021-03-14,Lake,033,64148,3286,3237,8,3245,43
2021-03-14,Lassen,035,31185,5130,5125,101,5226,1
2021-03-14,Los Angeles,037,10098052,1180467,1172100,39990,1212090,22476
2021-03-14,Madera,039,155013,15940,15804,872,16676,214
2021-03-14,Marin,041,260295,13453,13405,184,13589,218
2021-03-14,Mariposa,043,17540,381,376,5,381,5
2021-03-14,Mendocino,045,87422,3704,3613,69,3682,44
2021-03-14,Merced,047,269075,29260,29149,914,30063,407
2021-03-14,Modoc,049,8938,349,340,120,460,3
2021-03-14,Mono,051,14174,1198,1206,15,1221,3
2021-03-14,Monterey,053,433212,42268,42007,1748,43755,333
2021-03-14,Napa,055,140530,9233,9194,34,9228,75
2021-03-14,Nevada,057,99092,4177,4122,171,4293,66
2021-03-14,Orange,059,3164182,249644,247656,10494,258150,4460
2021-03-14,Placer,061,380077,21135,20288,1188,21476,238
2021-03-14,Plumas,063,18699,655,642,10,652,4
2021-03-14,Riverside,065,2383286,287943,281332,13555,294887,3845
2021-03-14,Sacramento,067,1510023,96810,95343,1352,96695,1462
2021-03-14,San Benito,069,59416,5816,5829,92,5921,61
2021-03-14,San Bernardino,071,2135413,287857,283791,8651,292442,3996
2021-03-14,San Diego,073,3302833,267849,265468,13229,278697,3452
2021-03-14,San Francisco,075,870044,34771,34810,1167,35977,455
2021-03-14,San Joaquin,077,732212,68432,66563,2963,69526,1140
2021-03-14,San Luis Obispo,079,281455,20060,19806,600,20406,247
2021-03-14,San Mateo,081,765935,40230,39744,423,40167,342
2021-03-14,Santa Barbara,083,443738,33471,32514,1141,33655,431
2021-03-14,Santa Clara,085,1922200,112620,112648,623,113271,1796
2021-03-14,Santa Cruz,087,273765,15661,14887,799,15686,200
2021-03-14,Shasta,089,179085,11144,11019,1310,12329,92
2021-03-14,Sierra,091,2930,53,49,12,61,0
2021-03-14,Siskiyou,093,43540,1546,1473,251,1724,5
2021-03-14,Solano,095,438530,30370,30230,384,30614,171
2021-03-14,Sonoma,097,501317,28705,28798,234,29032,284
2021-03-14,Stanislaus,099,539301,51978,51306,5519,56825,690
2021-03-14,Sutter,101,95872,9024,8958,82,9040,102
2021-03-14,Tehama,103,63373,4687,4650,504,5154,34
2021-03-14,Trinity,105,12862,472,308,83,391,3
2021-03-14,Tulare,107,460477,48935,47845,8450,56295,800
2021-03-14,Tuolumne,109,53932,3938,3937,33,3970,57
2021-03-14,Ventura,111,848112,79168,78611,2838,81449,910
2021-03-14,Yolo,113,214977,13141,13128,238,13366,189
2021-03-14,Yuba,115,75493,5641,5583,91,5674,42
2021-03-13,Alameda,001,1643700,82535,82010,1767,83777,1168
2021-03-13,Alpine,003,1148,83,82,0,82,0
2021-03-13,Amador,005,37829,3516,3504,32,3536,44
2021-03-13,Butte,007,227075,11526,11131,1645,12776,185
2021-03-13,Calaveras,009,45235,1962,1939,12,1951,49
2021-03-13,Colusa,011,21464,1885,1882,273,2155,12
2021-03-13,Contra Costa,013,1133247,64634,63689,1108,64797,731
2021-03-13,Del Norte,015,27424,1083,1041,5,1046,6
2021-03-13,El Dorado,017,186661,9289,9221,598,9819,103
2021-03-13,Fresno,019,978130,98445,97324,8059,105383,1495
2021-03-13,Glenn,021,27897,2291,2260,506,2766,15
2021-03-13,Humboldt,023,135768,3360,3325,24,3349,32
2021-03-13,Imperial,025,180216,27403,27099,2597,29696,677
2021-03-13,Inyo,027,18085,1354,1344,9,1353,35
2021-03-13,Kern,029,883053,94597,93197,10159,103356,1140
2021-03-13,Kings,031,150075,22581,22265,1008,23273,232
2021-03-13,Lake,033,64148,3279,3234,7,3241,43
2021-03-13,Lassen,035,31185,5130,5125,101,5226,1
2021-03-13,Los Angeles,037,10098052,1180151,1171505,39947,1211452,22451
2021-03-13,Madera,039,155013,15928,15780,872,16652,214
2021-03-13,Marin,041,260295,13447,13391,182,13573,218
2021-03-13,Mariposa,043,17540,380,376,5,381,5
2021-03-13,Mendocino,045,87422,3700,3611,69,3680,44
2021-03-13,Merced,047,269075,29229,29106,914,30020,406
2021-03-13,Modoc,049,8938,349,340,119,459,3
2021-03-13,Mono,051,14174,1198,1207,15,1222,3
2021-03-13,Monterey,053,433212,42258,41989,1746,43735,332
2021-03-13,Napa,055,140530,9227,9190,34,9224,75
2021-03-13,Nevada,057,99092,4170,4111,170,4281,66
2021-03-13,Orange,059,3164182,249564,247514,10478,257992,4423
2021-03-13,Placer,061,380077,21114,20238,1185,21423,239
2021-03-13,Plumas,063,18699,653,642,10,652,4
2021-03-13,Riverside,065,2383286,287851,281191,13547,294738,3848
2021-03-13,Sacramento,067,1510023,96724,95192,1350,96542,1461
2021-03-13,San Benito,069,59416,5813,5823,92,5915,61
2021-03-13,San Bernardino,071,2135413,287804,283727,8645,292372,3972
2021-03-13,San Diego,073,3302833,267694,265270,13215,278485,3444
2021-03-13,San Francisco,075,870044,34754,34784,1158,35942,455
2021-03-13,San Joaquin,077,732212,68376,66480,2941,69421,1141
2021-03-13,San Luis Obispo,079,281455,20042,19789,599,20388,247
2021-03-13,San Mateo,081,765935,40203,39689,422,40111,341
2021-03-13,Santa Barbara,083,443738,33446,32486,1140,33626,431
2021-03-13,Santa Clara,085,1922200,112535,112531,622,113153,1790
2021-03-13,Santa Cruz,087,273765,15654,14875,799,15674,199
2021-03-13,Shasta,089,179085,11136,11021,1307,12328,108
2021-03-13,Sierra,091,2930,52,49,12,61,0
2021-03-13,Siskiyou,093,43540,1545,1470,251,1721,5
2021-03-13,Solano,095,438530,30353,30198,384,30582,171
2021-03-13,Sonoma,097,501317,28685,28762,230,28992,285
2021-03-13,Stanislaus,099,539301,51927,51257,5514,56771,695
2021-03-13,Sutter,101,95872,9017,8948,82,9030,102
2021-03-13,Tehama,103,63373,4685,4647,504,5151,33
2021-03-13,Trinity,105,12862,472,306,83,389,3
2021-03-13,Tulare,107,460477,48909,47818,8442,56260,798
2021-03-13,Tuolumne,109,53932,3935,3937,33,3970,57
2021-03-13,Ventura,111,848112,79119,78693,2838,81531,906
2021-03-13,Yolo,113,214977,13133,13087,237,13324,189
2021-03-13,Yuba,115,75493,5640,5577,91,5668,42
2021-03-12,Alameda,001,1643700,82459,81898,1766,83664,1164
2021-03-12,Alpine,003,1148,83,82,0,82,0
2021-03-12,Amador,005,37829,3513,3503,32,3535,44
2021-03-12,Butte,007,227075,11516,11126,1643,12769,184
2021-03-12,Calaveras,009,45235,1960,1916,12,1928,49
2021-03-12,Colusa,011,21464,1885,1883,273,2156,12
2021-03-12,Contra Costa,013,1133247,64558,63583,1108,64691,728
2021-03-12,Del Norte,015,27424,1077,1033,5,1038,6
2021-03-12,El Dorado,017,186661,9280,9219,598,9817,103
2021-03-12,Fresno,019,978130,98348,97185,8048,105233,1489
2021-03-12,Glenn,021,27897,2290,2258,505,2763,15
2021-03-12,Humboldt,023,135768,3355,3315,24,3339,32
2021-03-12,Imperial,025,180216,27392,27071,2595,29666,677
2021-03-12,Inyo,027,18085,1352,1339,9,1348,35
2021-03-12,Kern,029,883053,94563,93142,10143,103285,1132
2021-03-12,Kings,031,150075,22562,22233,1008,23241,232
2021-03-12,Lake,033,64148,3273,3226,6,3232,43
2021-03-12,Lassen,035,31185,5130,5125,100,5225,1
2021-03-12,Los Angeles,037,10098052,1179752,1170860,39930,1210790,22409
2021-03-12,Madera,039,155013,15916,15761,869,16630,214
2021-03-12,Marin,041,260295,13440,13375,182,13557,218
2021-03-12,Mariposa,043,17540,378,376,5,381,5
2021-03-12,Mendocino,045,87422,3697,3605,69,3674,43
2021-03-12,Merced,047,269075,29198,29064,914,29978,403
2021-03-12,Modoc,049,8938,349,340,119,459,3
2021-03-12,Mono,051,14174,1197,1206,15,1221,3
2021-03-12,Monterey,053,433212,42244,41964,1741,43705,329
2021-03-12,Napa,055,140530,9218,9180,34,9214,75
2021-03-12,Nevada,057,99092,4160,4101,170,4271,66
2021-03-12,Orange,059,3164182,249472,247388,10467,257855,4401
2021-03-12,Placer,061,380077,21081,20210,1180,21390,239
2021-03-12,Plumas,063,18699,652,641,10,651,4
2021-03-12,Riverside,065,2383286,287752,281037,13539,294576,3854
2021-03-12,Sacramento,067,1510023,96600,95061,1343,96404,1460
2021-03-12,San Benito,069,59416,5810,5817,92,5909,61
2021-03-12,San Bernardino,071,2135413,287746,283558,8640,292198,3917
2021-03-12,San Diego,073,3302833,267531,264886,13207,278093,3434
2021-03-12,San Francisco,075,870044,34733,34758,1155,35913,452
2021-03-12,San Joaquin,077,732212,68305,66482,2932,69414,1144
2021-03-12,San Luis Obispo,079,281455,20028,19769,597,20366,247
2021-03-12,San Mateo,081,765935,40167,39638,420,40058,341
2021-03-12,Santa Barbara,083,443738,33423,32457,1137,33594,429
2021-03-12,Santa Clara,085,1922200,112440,112396,621,113017,1766
2021-03-12,Santa Cruz,087,273765,15642,14846,797,15643,195
2021-03-12,Shasta,089,179085,11128,11143,1305,12448,153
2021-03-12,Sierra,091,2930,52,49,12,61,0
2021-03-12,Siskiyou,093,43540,1545,1468,250,1718,5
2021-03-12,Solano,095,438530,30334,30180,383,30563,171
2021-03-12,Sonoma,097,501317,28658,28714,230,28944,285
2021-03-12,Stanislaus,099,539301,51869,51146,5507,56653,701
2021-03-12,Sutter,101,95872,9011,8940,82,9022,101
2021-03-12,Tehama,103,63373,4681,4638,503,5141,33
2021-03-12,Trinity,105,12862,471,306,82,388,3
2021-03-12,Tulare,107,460477,48884,47772,8436,56208,798
2021-03-12,Tuolumne,109,53932,3934,3936,33,3969,57
2021-03-12,Ventura,111,848112,79076,78698,2834,81532,899
2021-03-12,Yolo,113,214977,13123,13061,230,13291,189
2021-03-12,Yuba,115,75493,5633,5563,90,5653,42
2021-03-11,Alameda,001,1643700,82366,81809,1761,83570,1164
2021-03-11,Alpine,003,1148,83,78,0,78,0
2021-03-11,Amador,005,37829,3512,3498,32,3530,42
2021-03-11,Butte,007,227075,11505,11110,1641,12751,185
2021-03-11,Calaveras,009,45235,1957,1915,12,1927,49
2021-03-11,Colusa,011,21464,1885,1883,273,2156,12
2021-03-11,Contra Costa,013,1133247,64485,63469,1106,64575,728
2021-03-11,Del Norte,015,27424,1072,1027,5,1032,6
2021-03-11,El Dorado,017,186661,9266,9211,598,9809,101
2021-03-11,Fresno,019,978130,98232,97026,8017,105043,1481
2021-03-11,Glenn,021,27897,2287,2255,505,2760,15
2021-03-11,Humboldt,023,135768,3338,3302,24,3326,32
2021-03-11,Imperial,025,180216,27385,27045,2592,29637,675
2021-03-11,Inyo,027,18085,1347,1335,9,1344,35
2021-03-11,Kern,029,883053,94507,93052,10104,103156,1121
2021-03-11,Kings,031,150075,22547,22183,1005,23188,230
2021-03-11,Lake,033,64148,3269,3214,6,3220,42
2021-03-11,Lassen,035,31185,5129,5124,100,5224,1
2021-03-11,Los Angeles,037,10098052,1179221,1170111,39898,1210009,22316
2021-03-11,Madera,039,155013,15905,15725,867,16592,214
2021-03-11,Marin,041,260295,13428,13356,181,13537,217
2021-03-11,Mariposa,043,17540,378,376,5,381,5
2021-03-11,Mendocino,045,87422,3690,3604,69,3673,42
2021-03-11,Merced,047,269075,29149,29001,913,29914,401
2021-03-11,Modoc,049,8938,349,340,119,459,3
2021-03-11,Mono,051,14174,1196,1206,15,1221,3
2021-03-11,Monterey,053,433212,42221,41936,1735,43671,329
2021-03-11,Napa,055,140530,9205,9173,34,9207,75
2021-03-11,Nevada,057,99092,4148,4085,168,4253,66
2021-03-11,Orange,059,3164182,249334,247217,10449,257666,4373
2021-03-11,Placer,061,380077,21038,20178,1176,21354,239
2021-03-11,Plumas,063,18699,651,640,10,650,4
2021-03-11,Riverside,065,2383286,287582,280881,13526,294407,3842
2021-03-11,Sacramento,067,1510023,96459,94912,1340,96252,1455
2021-03-11,San Benito,069,59416,5807,5816,92,5908,61
2021-03-11,San Bernardino,071,2135413,287649,283312,8634,291946,3869
2021-03-11,San Diego,073,3302833,267367,264524,13191,277715,3422
2021-03-11,San Francisco,075,870044,34697,34722,1149,35871,452
2021-03-11,San Joaquin,077,732212,68192,66522,2924,69446,1157
2021-03-11,San Luis Obispo,079,281455,20004,19748,596,20344,247
2021-03-11,San Mateo,081,765935,40130,39590,419,40009,341
2021-03-11,Santa Barbara,083,443738,33396,32408,1132,33540,430
2021-03-11,Santa Clara,085,1922200,112309,112246,618,112864,1765
2021-03-11,Santa Cruz,087,273765,15630,14812,796,15608,193
2021-03-11,Shasta,089,179085,11118,11139,1300,12439,158
2021-03-11,Sierra,091,2930,52,48,12,60,0
2021-03-11,Siskiyou,093,43540,1542,1466,250,1716,5
2021-03-11,Solano,095,438530,30306,30138,382,30520,171
2021-03-11,Sonoma,097,501317,28629,28677,230,28907,285
2021-03-11,Stanislaus,099,539301,51784,51038,5499,56537,707
2021-03-11,Sutter,101,95872,9005,8933,82,9015,101
2021-03-11,Tehama,103,63373,4672,4632,502,5134,33
2021-03-11,Trinity,105,12862,470,304,81,385,3
2021-03-11,Tulare,107,460477,48847,47709,8425,56134,797
2021-03-11,Tuolumne,109,53932,3932,3934,33,3967,57
2021-03-11,Ventura,111,848112,79026,78697,2830,81527,889
2021-03-11,Yolo,113,214977,13106,13041,228,13269,190
2021-03-11,Yuba,115,75493,5629,5553,90,5643,42
2021-03-10,Alameda,001,1643700,82258,81701,1756,83457,1160
2021-03-10,Alpine,003,1148,82,78,0,78,0
2021-03-10,Amador,005,37829,3510,3496,32,3528,42
2021-03-10,Butte,007,227075,11495,11096,1641,12737,185
2021-03-10,Calaveras,009,45235,1951,1913,12,1925,48
2021-03-10,Colusa,011,21464,1885,1882,273,2155,12
2021-03-10,Contra Costa,013,1133247,64386,63372,1102,64474,725
2021-03-10,Del Norte,015,27424,1070,1020,5,1025,5
2021-03-10,El Dorado,017,186661,9253,9203,598,9801,100
2021-03-10,Fresno,019,978130,98124,96866,8001,104867,1471
2021-03-10,Glenn,021,27897,2284,2253,503,2756,15
2021-03-10,Humboldt,023,135768,3328,3296,23,3319,32
2021-03-10,Imperial,025,180216,27370,27051,2592,29643,675
2021-03-10,Inyo,027,18085,1347,1328,9,1337,35
2021-03-10,Kern,029,883053,94441,92965,10081,103046,1102
2021-03-10,Kings,031,150075,22528,22166,1003,23169,226
2021-03-10,Lake,033,64148,3259,3207,6,3213,42
2021-03-10,Lassen,035,31185,5129,5120,100,5220,1
2021-03-10,Los Angeles,037,10098052,1178676,1169079,39871,1208950,22199
2021-03-10,Madera,039,155013,15884,15705,864,16569,212
2021-03-10,Marin,041,260295,13418,13348,180,13528,216
2021-03-10,Mariposa,043,17540,378,376,5,381,5
2021-03-10,Mendocino,045,87422,3685,3602,69,3671,42
2021-03-10,Merced,047,269075,29112,28927,910,29837,401
2021-03-10,Modoc,049,8938,348,338,119,457,3
2021-03-10,Mono,051,14174,1193,1204,15,1219,3
2021-03-10,Monterey,053,433212,42199,41920,1731,43651,329
2021-03-10,Napa,055,140530,9196,9165,34,9199,75
2021-03-10,Nevada,057,99092,4144,4074,168,4242,66
2021-03-10,Orange,059,3164182,249185,247075,10433,257508,4342
2021-03-10,Placer,061,380077,21003,20144,1170,21314,239
2021-03-10,Plumas,063,18699,650,639,10,649,4
2021-03-10,Riverside,065,2383286,287441,280708,13512,294220,3822
2021-03-10,Sacramento,067,1510023,96329,94796,1334,96130,1452
2021-03-10,San Benito,069,59416,5798,5811,92,5903,61
2021-03-10,San Bernardino,071,2135413,287557,283140,8628,291768,3841
2021-03-10,San Diego,073,3302833,267146,264094,13179,277273,3413
2021-03-10,San Francisco,075,870044,34662,34688,1141,35829,450
2021-03-10,San Joaquin,077,732212,68090,66483,2907,69390,1156
2021-03-10,San Luis Obispo,079,281455,19980,19710,592,20302,247
2021-03-10,San Mateo,081,765935,40106,39571,419,39990,338
2021-03-10,Santa Barbara,083,443738,33369,32356,1129,33485,429
2021-03-10,Santa Clara,085,1922200,112202,112103,614,112717,1759
2021-03-10,Santa Cruz,087,273765,15615,14790,795,15585,192
2021-03-10,Shasta,089,179085,11108,11125,1297,12422,155
2021-03-10,Sierra,091,2930,52,48,12,60,0
2021-03-10,Siskiyou,093,43540,1540,1458,250,1708,5
2021-03-10,Solano,095,438530,30276,30111,381,30492,170
2021-03-10,Sonoma,097,501317,28594,28638,229,28867,286
2021-03-10,Stanislaus,099,539301,51695,50968,5480,56448,706
2021-03-10,Sutter,101,95872,8994,8918,82,9000,101
2021-03-10,Tehama,103,63373,4662,4623,502,5125,33
2021-03-10,Trinity,105,12862,470,304,81,385,3
2021-03-10,Tulare,107,460477,48799,47659,8407,56066,793
2021-03-10,Tuolumne,109,53932,3931,3931,33,3964,57
2021-03-10,Ventura,111,848112,78949,78609,2828,81437,878
2021-03-10,Yolo,113,214977,13083,13021,227,13248,189
2021-03-10,Yuba,115,75493,5615,5545,89,5634,42
2021-03-09,Alameda,001,1643700,82170,81618,1756,83374,1151
2021-03-09,Alpine,003,1148,82,78,0,78,0
2021-03-09,Amador,005,37829,3508,3494,32,3526,42
2021-03-09,Butte,007,227075,11482,11092,1639,12731,185
2021-03-09,Calaveras,009,45235,1949,1913,12,1925,48
2021-03-09,Colusa,011,21464,1885,1880,273,2153,11
2021-03-09,Contra Costa,013,1133247,64293,63314,1100,64414,723
2021-03-09,Del Norte,015,27424,1062,1017,5,1022,5
2021-03-09,El Dorado,017,186661,9246,9198,598,9796,98
2021-03-09,Fresno,019,978130,98005,96744,7974,104718,1463
2021-03-09,Glenn,021,27897,2280,2251,501,2752,15
2021-03-09,Humboldt,023,135768,3316,3288,22,3310,32
2021-03-09,Imperial,025,180216,27361,27045,2588,29633,675
2021-03-09,Inyo,027,18085,1345,1324,9,1333,35
2021-03-09,Kern,029,883053,94362,92924,10063,102987,1088
2021-03-09,Kings,031,150075,22503,22143,1001,23144,226
2021-03-09,Lake,033,64148,3253,3202,6,3208,42
2021-03-09,Lassen,035,31185,5129,5120,100,5220,1
2021-03-09,Los Angeles,037,10098052,1178080,1167967,39837,1207804,22080
2021-03-09,Madera,039,155013,15873,15701,862,16563,211
2021-03-09,Marin,041,260295,13400,13335,178,13513,214
2021-03-09,Mariposa,043,17540,378,376,5,381,5
2021-03-09,Mendocino,045,87422,3681,3595,69,3664,42
2021-03-09,Merced,047,269075,29050,28876,909,29785,399
2021-03-09,Modoc,049,8938,348,338,118,456,3
2021-03-09,Mono,051,14174,1192,1203,15,1218,3
2021-03-09,Monterey,053,433212,42180,41894,1723,43617,329
2021-03-09,Napa,055,140530,9182,9155,34,9189,75
2021-03-09,Nevada,057,99092,4136,4062,168,4230,66
2021-03-09,Orange,059,3164182,249042,246989,10413,257402,4310
2021-03-09,Placer,061,380077,20961,20122,1165,21287,239
2021-03-09,Plumas,063,18699,647,639,10,649,4
2021-03-09,Riverside,065,2383286,287306,280562,13508,294070,3821
2021-03-09,Sacramento,067,1510023,96161,94720,1328,96048,1442
2021-03-09,San Benito,069,59416,5794,5800,92,5892,61
2021-03-09,San Bernardino,071,2135413,287444,282971,8621,291592,3823
2021-03-09,San Diego,073,3302833,266914,263745,13158,276903,3405
2021-03-09,San Francisco,075,870044,34631,34654,1137,35791,450
2021-03-09,San Joaquin,077,732212,67962,66383,2897,69280,1150
2021-03-09,San Luis Obispo,079,281455,19962,19672,585,20257,245
2021-03-09,San Mateo,081,765935,40059,39535,417,39952,336
2021-03-09,Santa Barbara,083,443738,33328,32314,1127,33441,428
2021-03-09,Santa Clara,085,1922200,112091,111963,609,112572,1756
2021-03-09,Santa Cruz,087,273765,15593,14764,794,15558,188
2021-03-09,Shasta,089,179085,11101,11113,1292,12405,155
2021-03-09,Sierra,091,2930,52,48,12,60,0
2021-03-09,Siskiyou,093,43540,1536,1447,248,1695,5
2021-03-09,Solano,095,438530,30240,30090,379,30469,169
2021-03-09,Sonoma,097,501317,28544,28601,226,28827,284
2021-03-09,Stanislaus,099,539301,51599,50884,5471,56355,703
2021-03-09,Sutter,101,95872,8981,8914,82,8996,101
2021-03-09,Tehama,103,63373,4654,4620,501,5121,33
2021-03-09,Trinity,105,12862,470,304,81,385,3
2021-03-09,Tulare,107,460477,48772,47637,8385,56022,792
2021-03-09,Tuolumne,109,53932,3929,3929,33,3962,56
2021-03-09,Ventura,111,848112,78879,78526,2826,81352,863
2021-03-09,Yolo,113,214977,13072,13015,226,13241,189
2021-03-09,Yuba,115,75493,5608,5539,89,5628,42
2021-03-08,Alameda,001,1643700,82058,81543,1755,83298,1142
2021-03-08,Alpine,003,1148,82,78,0,78,0
2021-03-08,Amador,005,37829,3505,3490,32,3522,42
2021-03-08,Butte,007,227075,11467,11082,1638,12720,185
2021-03-08,Calaveras,009,45235,1945,1909,12,1921,48
2021-03-08,Colusa,011,21464,1885,1877,273,2150,11
2021-03-08,Contra Costa,013,1133247,64200,63240,1100,64340,719
2021-03-08,Del Norte,015,27424,1057,1012,5,1017,5
2021-03-08,El Dorado,017,186661,9243,9188,597,9785,97
2021-03-08,Fresno,019,978130,97906,96665,7953,104618,1442
2021-03-08,Glenn,021,27897,2279,2249,501,2750,15
2021-03-08,Humboldt,023,135768,3302,3278,22,3300,31
2021-03-08,Imperial,025,180216,27354,27033,2585,29618,663
2021-03-08,Inyo,027,18085,1343,1320,9,1329,35
2021-03-08,Kern,029,883053,94295,92857,10042,102899,1087
2021-03-08,Kings,031,150075,22482,22130,999,23129,226
2021-03-08,Lake,033,64148,3241,3195,6,3201,42
2021-03-08,Lassen,035,31185,5129,5119,100,5219,1
2021-03-08,Los Angeles,037,10098052,1177463,1163409,39805,1203214,21868
2021-03-08,Madera,039,155013,15863,15691,860,16551,211
2021-03-08,Marin,041,260295,13380,13328,176,13504,214
2021-03-08,Mariposa,043,17540,378,376,5,381,5
2021-03-08,Mendocino,045,87422,3679,3590,68,3658,42
2021-03-08,Merced,047,269075,28990,28841,908,29749,398
2021-03-08,Modoc,049,8938,348,338,118,456,3
2021-03-08,Mono,051,14174,1191,1200,15,1215,3
2021-03-08,Monterey,053,433212,42159,41863,1722,43585,328
2021-03-08,Napa,055,140530,9179,9146,34,9180,75
2021-03-08,Nevada,057,99092,4128,4059,168,4227,66
2021-03-08,Orange,059,3164182,248870,246900,10381,257281,4243
2021-03-08,Placer,061,380077,20926,20102,1154,21256,239
2021-03-08,Plumas,063,18699,646,635,10,645,4
2021-03-08,Riverside,065,2383286,287154,280463,13499,293962,3783
2021-03-08,Sacramento,067,1510023,95991,94654,1323,95977,1438
2021-03-08,San Benito,069,59416,5791,5797,92,5889,61
2021-03-08,San Bernardino,071,2135413,287335,282894,8614,291508,3811
2021-03-08,San Diego,073,3302833,266673,263272,13143,276415,3390
2021-03-08,San Francisco,075,870044,34604,34634,1133,35767,446
2021-03-08,San Joaquin,077,732212,67846,66307,2888,69195,1139
2021-03-08,San Luis Obispo,079,281455,19919,19656,582,20238,245
2021-03-08,San Mateo,081,765935,40010,39492,415,39907,335
2021-03-08,Santa Barbara,083,443738,33295,32293,1127,33420,427
2021-03-08,Santa Clara,085,1922200,111963,111882,607,112489,1756
2021-03-08,Santa Cruz,087,273765,15573,14729,794,15523,188
2021-03-08,Shasta,089,179085,11093,11088,1287,12375,155
2021-03-08,Sierra,091,2930,52,48,12,60,0
2021-03-08,Siskiyou,093,43540,1535,1440,248,1688,5
2021-03-08,Solano,095,438530,30200,30068,377,30445,169
2021-03-08,Sonoma,097,501317,28500,28571,225,28796,284
2021-03-08,Stanislaus,099,539301,51519,50825,5466,56291,690
2021-03-08,Sutter,101,95872,8978,8905,82,8987,100
2021-03-08,Tehama,103,63373,4651,4615,500,5115,33
2021-03-08,Trinity,105,12862,469,302,81,383,3
2021-03-08,Tulare,107,460477,48731,47587,8360,55947,791
2021-03-08,Tuolumne,109,53932,3928,3921,33,3954,56
2021-03-08,Ventura,111,848112,78808,78526,2818,81344,852
2021-03-08,Yolo,113,214977,13049,13000,225,13225,189
2021-03-08,Yuba,115,75493,5598,5530,89,5619,42
2021-03-07,Alameda,001,1643700,81940,81413,1754,83167,1145
2021-03-07,Alpine,003,1148,82,78,0,78,0
2021-03-07,Amador,005,37829,3502,3489,32,3521,42
2021-03-07,Butte,007,227075,11452,11075,1637,12712,185
2021-03-07,Calaveras,009,45235,1941,1906,12,1918,48
2021-03-07,Colusa,011,21464,1884,1876,273,2149,11
2021-03-07,Contra Costa,013,1133247,64101,63148,1098,64246,719
2021-03-07,Del Norte,015,27424,1052,1010,5,1015,5
2021-03-07,El Dorado,017,186661,9240,9184,596,9780,97
2021-03-07,Fresno,019,978130,97728,96549,7931,104480,1442
2021-03-07,Glenn,021,27897,2277,2244,501,2745,15
2021-03-07,Humboldt,023,135768,3292,3274,22,3296,31
2021-03-07,Imperial,025,180216,27345,27019,2583,29602,658
2021-03-07,Inyo,027,18085,1340,1320,9,1329,35
2021-03-07,Kern,029,883053,94208,92746,10012,102758,1086
2021-03-07,Kings,031,150075,22461,22103,998,23101,224
2021-03-07,Lake,033,64148,3235,3192,6,3198,42
2021-03-07,Lassen,035,31185,5128,5119,100,5219,1
2021-03-07,Los Angeles,037,10098052,1176739,1162749,39768,1202517,21857
2021-03-07,Madera,039,155013,15844,15675,860,16535,211
2021-03-07,Marin,041,260295,13372,13313,174,13487,214
2021-03-07,Mariposa,043,17540,377,376,5,381,5
2021-03-07,Mendocino,045,87422,3676,3581,68,3649,42
2021-03-07,Merced,047,269075,28917,28829,904,29733,399
2021-03-07,Modoc,049,8938,348,338,118,456,3
2021-03-07,Mono,051,14174,1189,1199,15,1214,3
2021-03-07,Monterey,053,433212,42138,41858,1719,43577,328
2021-03-07,Napa,055,140530,9169,9137,34,9171,75
2021-03-07,Nevada,057,99092,4114,4052,167,4219,66
2021-03-07,Orange,059,3164182,248679,246771,10353,257124,4218
2021-03-07,Placer,061,380077,20886,20070,1150,21220,239
2021-03-07,Plumas,063,18699,645,635,10,645,4
2021-03-07,Riverside,065,2383286,287005,280379,13490,293869,3779
2021-03-07,Sacramento,067,1510023,95814,94513,1315,95828,1437
2021-03-07,San Benito,069,59416,5784,5795,92,5887,61
2021-03-07,San Bernardino,071,2135413,287184,282860,8609,291469,3810
2021-03-07,San Diego,073,3302833,266391,262965,13119,276084,3390
2021-03-07,San Francisco,075,870044,34570,34594,1128,35722,445
2021-03-07,San Joaquin,077,732212,67711,66252,2874,69126,1139
2021-03-07,San Luis Obispo,079,281455,19882,19614,580,20194,245
2021-03-07,San Mateo,081,765935,39970,39436,412,39848,329
2021-03-07,Santa Barbara,083,443738,33248,32218,1126,33344,425
2021-03-07,Santa Clara,085,1922200,111817,111745,603,112348,1752
2021-03-07,Santa Cruz,087,273765,15551,14715,793,15508,189
2021-03-07,Shasta,089,179085,11080,11083,1279,12362,156
2021-03-07,Sierra,091,2930,51,48,12,60,0
2021-03-07,Siskiyou,093,43540,1532,1435,244,1679,5
2021-03-07,Solano,095,438530,30163,30027,377,30404,169
2021-03-07,Sonoma,097,501317,28451,28533,223,28756,284
2021-03-07,Stanislaus,099,539301,51387,50783,5449,56232,699
2021-03-07,Sutter,101,95872,8968,8900,82,8982,100
2021-03-07,Tehama,103,63373,4641,4614,497,5111,33
2021-03-07,Trinity,105,12862,469,302,81,383,3
2021-03-07,Tulare,107,460477,48672,47569,8329,55898,790
2021-03-07,Tuolumne,109,53932,3927,3922,32,3954,56
2021-03-07,Ventura,111,848112,78710,78487,2814,81301,851
2021-03-07,Yolo,113,214977,13030,12988,225,13213,189
2021-03-07,Yuba,115,75493,5593,5516,89,5605,42
2021-03-06,Alameda,001,1643700,81885,81310,1753,83063,1143
2021-03-06,Alpine,003,1148,82,78,0,78,0
2021-03-06,Amador,005,37829,3498,3487,32,3519,42
2021-03-06,Butte,007,227075,11449,11065,1636,12701,185
2021-03-06,Calaveras,009,45235,1938,1904,12,1916,48
2021-03-06,Colusa,011,21464,1882,1874,273,2147,11
2021-03-06,Contra Costa,013,1133247,64040,63040,1094,64134,719
2021-03-06,Del Norte,015,27424,1047,1000,5,1005,5
2021-03-06,El Dorado,017,186661,9236,9166,596,9762,97
2021-03-06,Fresno,019,978130,97633,96366,7920,104286,1440
2021-03-06,Glenn,021,27897,2277,2241,501,2742,15
2021-03-06,Humboldt,023,135768,3282,3260,22,3282,31
2021-03-06,Imperial,025,180216,27341,27009,2578,29587,658
2021-03-06,Inyo,027,18085,1337,1312,9,1321,35
2021-03-06,Kern,029,883053,94162,92684,9992,102676,1082
2021-03-06,Kings,031,150075,22444,22094,998,23092,224
2021-03-06,Lake,033,64148,3233,3189,6,3195,42
2021-03-06,Lassen,035,31185,5128,5119,100,5219,1
2021-03-06,Los Angeles,037,10098052,1176304,1161745,39738,1201483,21843
2021-03-06,Madera,039,155013,15835,15646,858,16504,211
2021-03-06,Marin,041,260295,13363,13289,174,13463,213
2021-03-06,Mariposa,043,17540,377,376,5,381,5
2021-03-06,Mendocino,045,87422,3674,3579,68,3647,42
2021-03-06,Merced,047,269075,28875,28771,904,29675,399
2021-03-06,Modoc,049,8938,347,338,118,456,3
2021-03-06,Mono,051,14174,1188,1198,15,1213,3
2021-03-06,Monterey,053,433212,42133,41838,1716,43554,327
2021-03-06,Napa,055,140530,9161,9129,34,9163,75
2021-03-06,Nevada,057,99092,4108,4044,167,4211,66
2021-03-06,Orange,059,3164182,248588,246634,10339,256973,4165
2021-03-06,Placer,061,380077,20863,20030,1148,21178,239
2021-03-06,Plumas,063,18699,645,634,10,644,4
2021-03-06,Riverside,065,2383286,286912,280225,13482,293707,3781
2021-03-06,Sacramento,067,1510023,95726,94332,1306,95638,1436
2021-03-06,San Benito,069,59416,5779,5793,92,5885,61
2021-03-06,San Bernardino,071,2135413,287100,282737,8607,291344,3791
2021-03-06,San Diego,073,3302833,266204,262778,13102,275880,3385
2021-03-06,San Francisco,075,870044,34539,34560,1124,35684,435
2021-03-06,San Joaquin,077,732212,67636,66162,2864,69026,1138
2021-03-06,San Luis Obispo,079,281455,19862,19592,578,20170,245
2021-03-06,San Mateo,081,765935,39945,39384,412,39796,329
2021-03-06,Santa Barbara,083,443738,33216,32176,1125,33301,424
2021-03-06,Santa Clara,085,1922200,111721,111570,601,112171,1749
2021-03-06,Santa Cruz,087,273765,15540,14701,793,15494,188
2021-03-06,Shasta,089,179085,11071,11076,1277,12353,158
2021-03-06,Sierra,091,2930,51,48,12,60,0
2021-03-06,Siskiyou,093,43540,1530,1432,244,1676,5
2021-03-06,Solano,095,438530,30134,30000,376,30376,169
2021-03-06,Sonoma,097,501317,28428,28484,221,28705,284
2021-03-06,Stanislaus,099,539301,51317,50691,5443,56134,711
2021-03-06,Sutter,101,95872,8962,8887,82,8969,100
2021-03-06,Tehama,103,63373,4641,4610,495,5105,33
2021-03-06,Trinity,105,12862,469,302,81,383,3
2021-03-06,Tulare,107,460477,48640,47515,8300,55815,789
2021-03-06,Tuolumne,109,53932,3925,3920,32,3952,56
2021-03-06,Ventura,111,848112,78655,78439,2813,81252,848
2021-03-06,Yolo,113,214977,13024,12951,225,13176,189
2021-03-06,Yuba,115,75493,5584,5504,89,5593,42
2021-03-05,Alameda,001,1643700,81795,81215,1751,82966,1141
2021-03-05,Alpine,003,1148,82,78,0,78,0
2021-03-05,Amador,005,37829,3497,3484,32,3516,42
2021-03-05,Butte,007,227075,11438,11050,1635,12685,185
2021-03-05,Calaveras,009,45235,1934,1902,12,1914,48
2021-03-05,Colusa,011,21464,1882,1874,273,2147,11
2021-03-05,Contra Costa,013,1133247,63960,62886,1091,63977,711
2021-03-05,Del Norte,015,27424,1043,995,5,1000,5
2021-03-05,El Dorado,017,186661,9231,9150,595,9745,97
2021-03-05,Fresno,019,978130,97525,96184,7901,104085,1432
2021-03-05,Glenn,021,27897,2272,2241,501,2742,15
2021-03-05,Humboldt,023,135768,3275,3234,22,3256,31
2021-03-05,Imperial,025,180216,27331,26970,2569,29539,651
2021-03-05,Inyo,027,18085,1333,1309,9,1318,35
2021-03-05,Kern,029,883053,94122,92601,9979,102580,1076
2021-03-05,Kings,031,150075,22426,22063,997,23060,224
2021-03-05,Lake,033,64148,3231,3185,6,3191,42
2021-03-05,Lassen,035,31185,5128,5117,98,5215,1
2021-03-05,Los Angeles,037,10098052,1175816,1160688,39707,1200395,21745
2021-03-05,Madera,039,155013,15825,15624,856,16480,211
2021-03-05,Marin,041,260295,13350,13275,173,13448,215
2021-03-05,Mariposa,043,17540,377,375,5,380,4
2021-03-05,Mendocino,045,87422,3671,3577,68,3645,42
2021-03-05,Merced,047,269075,28841,28734,903,29637,399
2021-03-05,Modoc,049,8938,347,337,118,455,3
2021-03-05,Mono,051,14174,1187,1197,15,1212,3
2021-03-05,Monterey,053,433212,42120,41802,1716,43518,325
2021-03-05,Napa,055,140530,9153,9109,34,9143,75
2021-03-05,Nevada,057,99092,4104,4033,167,4200,66
2021-03-05,Orange,059,3164182,248474,246489,10326,256815,4108
2021-03-05,Placer,061,380077,20837,19973,1144,21117,239
2021-03-05,Plumas,063,18699,645,635,10,645,4
2021-03-05,Riverside,065,2383286,286800,280075,13477,293552,3781
2021-03-05,Sacramento,067,1510023,95630,94182,1299,95481,1430
2021-03-05,San Benito,069,59416,5776,5790,92,5882,61
2021-03-05,San Bernardino,071,2135413,287006,282640,8603,291243,3774
2021-03-05,San Diego,073,3302833,265971,262357,13085,275442,3371
2021-03-05,San Francisco,075,870044,34499,34526,1120,35646,430
2021-03-05,San Joaquin,077,732212,67556,66041,2855,68896,1133
2021-03-05,San Luis Obispo,079,281455,19841,19557,576,20133,244
2021-03-05,San Mateo,081,765935,39913,39305,412,39717,326
2021-03-05,Santa Barbara,083,443738,33181,32139,1120,33259,424
2021-03-05,Santa Clara,085,1922200,111625,111384,601,111985,1745
2021-03-05,Santa Cruz,087,273765,15529,14694,793,15487,188
2021-03-05,Shasta,089,179085,11059,11062,1271,12333,148
2021-03-05,Sierra,091,2930,51,48,12,60,0
2021-03-05,Siskiyou,093,43540,1526,1429,243,1672,5
2021-03-05,Solano,095,438530,30117,29951,374,30325,168
2021-03-05,Sonoma,097,501317,28402,28417,221,28638,279
2021-03-05,Stanislaus,099,539301,51266,50606,5433,56039,721
2021-03-05,Sutter,101,95872,8955,8876,82,8958,100
2021-03-05,Tehama,103,63373,4632,4606,495,5101,33
2021-03-05,Trinity,105,12862,469,302,81,383,3
2021-03-05,Tulare,107,460477,48611,47469,8281,55750,789
2021-03-05,Tuolumne,109,53932,3923,3917,32,3949,56
2021-03-05,Ventura,111,848112,78588,78368,2812,81180,839
2021-03-05,Yolo,113,214977,13012,12920,224,13144,188
2021-03-05,Yuba,115,75493,5572,5496,89,5585,42
2021-03-04,Alameda,001,1643700,81686,81115,1751,82866,1136
2021-03-04,Alpine,003,1148,82,78,0,78,0
2021-03-04,Amador,005,37829,3496,3480,32,3512,42
2021-03-04,Butte,007,227075,11431,11033,1634,12667,185
2021-03-04,Calaveras,009,45235,1933,1896,12,1908,48
2021-03-04,Colusa,011,21464,1880,1873,268,2141,11
2021-03-04,Contra Costa,013,1133247,63861,62789,1089,63878,708
2021-03-04,Del Norte,015,27424,1035,989,5,994,5
2021-03-04,El Dorado,017,186661,9216,9133,595,9728,97
2021-03-04,Fresno,019,978130,97361,96023,7879,103902,1422
2021-03-04,Glenn,021,27897,2266,2236,500,2736,15
2021-03-04,Humboldt,023,135768,3261,3212,22,3234,31
2021-03-04,Imperial,025,180216,27319,26946,2566,29512,646
2021-03-04,Inyo,027,18085,1330,1300,9,1309,35
2021-03-04,Kern,029,883053,94034,92525,9960,102485,1070
2021-03-04,Kings,031,150075,22401,22025,994,23019,224
2021-03-04,Lake,033,64148,3223,3181,6,3187,42
2021-03-04,Lassen,035,31185,5128,5116,98,5214,1
2021-03-04,Los Angeles,037,10098052,1175207,1159405,39658,1199063,21610
2021-03-04,Madera,039,155013,15790,15596,853,16449,208
2021-03-04,Marin,041,260295,13333,13240,170,13410,215
2021-03-04,Mariposa,043,17540,377,376,5,381,4
2021-03-04,Mendocino,045,87422,3668,3569,68,3637,42
2021-03-04,Merced,047,269075,28791,28671,900,29571,396
2021-03-04,Modoc,049,8938,346,336,118,454,3
2021-03-04,Mono,051,14174,1187,1197,15,1212,3
2021-03-04,Monterey,053,433212,42100,41771,1713,43484,325
2021-03-04,Napa,055,140530,9145,9094,34,9128,74
2021-03-04,Nevada,057,99092,4094,4020,167,4187,66
2021-03-04,Orange,059,3164182,248318,246354,10309,256663,4096
2021-03-04,Placer,061,380077,20805,19900,1138,21038,239
2021-03-04,Plumas,063,18699,645,634,10,644,4
2021-03-04,Riverside,065,2383286,286670,279871,13464,293335,3766
2021-03-04,Sacramento,067,1510023,95495,93982,1296,95278,1426
2021-03-04,San Benito,069,59416,5776,5781,92,5873,61
2021-03-04,San Bernardino,071,2135413,286876,282407,8599,291006,3757
2021-03-04,San Diego,073,3302833,265712,261858,13041,274899,3359
2021-03-04,San Francisco,075,870044,34465,34480,1117,35597,426
2021-03-04,San Joaquin,077,732212,67463,65931,2845,68776,1129
2021-03-04,San Luis Obispo,079,281455,19803,19520,574,20094,243
2021-03-04,San Mateo,081,765935,39869,39225,411,39636,322
2021-03-04,Santa Barbara,083,443738,33142,32090,1119,33209,423
2021-03-04,Santa Clara,085,1922200,111491,111194,599,111793,1723
2021-03-04,Santa Cruz,087,273765,15510,14669,793,15462,186
2021-03-04,Shasta,089,179085,11056,11050,1262,12312,150
2021-03-04,Sierra,091,2930,51,48,12,60,0
2021-03-04,Siskiyou,093,43540,1520,1427,243,1670,5
2021-03-04,Solano,095,438530,30090,29905,373,30278,168
2021-03-04,Sonoma,097,501317,28347,28379,220,28599,279
2021-03-04,Stanislaus,099,539301,51177,50521,5425,55946,731
2021-03-04,Sutter,101,95872,8943,8849,82,8931,100
2021-03-04,Tehama,103,63373,4626,4604,495,5099,33
2021-03-04,Trinity,105,12862,469,302,81,383,3
2021-03-04,Tulare,107,460477,48566,47398,8256,55654,784
2021-03-04,Tuolumne,109,53932,3917,3916,32,3948,56
2021-03-04,Ventura,111,848112,78501,78184,2810,80994,831
2021-03-04,Yolo,113,214977,12992,12895,224,13119,189
2021-03-04,Yuba,115,75493,5560,5483,89,5572,41
2021-03-03,Alameda,001,1643700,81564,80972,1750,82722,1127
2021-03-03,Alpine,003,1148,82,77,0,77,0
2021-03-03,Amador,005,37829,3494,3478,31,3509,42
2021-03-03,Butte,007,227075,11424,11014,1633,12647,184
2021-03-03,Calaveras,009,45235,1932,1893,12,1905,48
2021-03-03,Colusa,011,21464,1879,1873,268,2141,11
2021-03-03,Contra Costa,013,1133247,63763,62668,1086,63754,708
2021-03-03,Del Norte,015,27424,1032,988,5,993,5
2021-03-03,El Dorado,017,186661,9206,9121,595,9716,97
2021-03-03,Fresno,019,978130,97217,95893,7861,103754,1415
2021-03-03,Glenn,021,27897,2266,2233,500,2733,15
2021-03-03,Humboldt,023,135768,3250,3196,22,3218,30
2021-03-03,Imperial,025,180216,27302,26939,2561,29500,640
2021-03-03,Inyo,027,18085,1322,1294,9,1303,35
2021-03-03,Kern,029,883053,93958,92434,9943,102377,1063
2021-03-03,Kings,031,150075,22385,22009,993,23002,223
2021-03-03,Lake,033,64148,3216,3175,6,3181,40
2021-03-03,Lassen,035,31185,5128,5115,98,5213,1
2021-03-03,Los Angeles,037,10098052,1174568,1157911,39617,1197528,21500
2021-03-03,Madera,039,155013,15771,15553,847,16400,203
2021-03-03,Marin,041,260295,13320,13216,170,13386,214
2021-03-03,Mariposa,043,17540,376,376,5,381,4
2021-03-03,Mendocino,045,87422,3660,3564,68,3632,42
2021-03-03,Merced,047,269075,28739,28625,900,29525,393
2021-03-03,Modoc,049,8938,346,333,117,450,3
2021-03-03,Mono,051,14174,1187,1191,15,1206,3
2021-03-03,Monterey,053,433212,42067,41731,1710,43441,325
2021-03-03,Napa,055,140530,9137,9090,34,9124,72
2021-03-03,Nevada,057,99092,4084,4009,167,4176,66
2021-03-03,Orange,059,3164182,248173,246120,10294,256414,4072
2021-03-03,Placer,061,380077,20779,19851,1135,20986,239
2021-03-03,Plumas,063,18699,644,631,10,641,4
2021-03-03,Riverside,065,2383286,286537,279626,13458,293084,3735
2021-03-03,Sacramento,067,1510023,95334,93819,1288,95107,1419
2021-03-03,San Benito,069,59416,5775,5774,92,5866,61
2021-03-03,San Bernardino,071,2135413,286735,282138,8592,290730,3664
2021-03-03,San Diego,073,3302833,265449,261350,13010,274360,3342
2021-03-03,San Francisco,075,870044,34433,34443,1114,35557,426
2021-03-03,San Joaquin,077,732212,67351,65855,2838,68693,1115
2021-03-03,San Luis Obispo,079,281455,19777,19479,571,20050,241
2021-03-03,San Mateo,081,765935,39823,39189,410,39599,319
2021-03-03,Santa Barbara,083,443738,33105,32027,1119,33146,421
2021-03-03,Santa Clara,085,1922200,111336,110991,597,111588,1720
2021-03-03,Santa Cruz,087,273765,15499,14645,793,15438,185
2021-03-03,Shasta,089,179085,11046,11023,1255,12278,150
2021-03-03,Sierra,091,2930,51,48,12,60,0
2021-03-03,Siskiyou,093,43540,1518,1424,243,1667,5
2021-03-03,Solano,095,438530,30054,29866,372,30238,167
2021-03-03,Sonoma,097,501317,28308,28307,219,28526,279
2021-03-03,Stanislaus,099,539301,51099,50438,5418,55856,730
2021-03-03,Sutter,101,95872,8934,8840,82,8922,99
2021-03-03,Tehama,103,63373,4623,4601,495,5096,32
2021-03-03,Trinity,105,12862,469,302,81,383,3
2021-03-03,Tulare,107,460477,48515,47348,8225,55573,778
2021-03-03,Tuolumne,109,53932,3915,3914,31,3945,56
2021-03-03,Ventura,111,848112,78418,78057,2804,80861,822
2021-03-03,Yolo,113,214977,12979,12890,224,13114,189
2021-03-03,Yuba,115,75493,5547,5479,89,5568,41
2021-03-02,Alameda,001,1643700,81444,80904,1748,82652,1116
2021-03-02,Alpine,003,1148,82,77,0,77,0
2021-03-02,Amador,005,37829,3492,3474,31,3505,42
2021-03-02,Butte,007,227075,11414,11007,1631,12638,182
2021-03-02,Calaveras,009,45235,1924,1890,12,1902,48
2021-03-02,Colusa,011,21464,1879,1872,267,2139,11
2021-03-02,Contra Costa,013,1133247,63651,62557,1082,63639,694
2021-03-02,Del Norte,015,27424,1025,983,5,988,5
2021-03-02,El Dorado,017,186661,9198,9116,595,9711,98
2021-03-02,Fresno,019,978130,97070,95785,7835,103620,1410
2021-03-02,Glenn,021,27897,2260,2232,499,2731,15
2021-03-02,Humboldt,023,135768,3231,3184,22,3206,30
2021-03-02,Imperial,025,180216,27292,26926,2559,29485,637
2021-03-02,Inyo,027,18085,1318,1292,9,1301,35
2021-03-02,Kern,029,883053,93852,92313,9916,102229,1046
2021-03-02,Kings,031,150075,22333,21999,991,22990,217
2021-03-02,Lake,033,64148,3210,3169,6,3175,40
2021-03-02,Lassen,035,31185,5123,5115,97,5212,1
2021-03-02,Los Angeles,037,10098052,1173931,1156826,39571,1196397,21395
2021-03-02,Madera,039,155013,15751,15523,844,16367,194
2021-03-02,Marin,041,260295,13297,13186,169,13355,214
2021-03-02,Mariposa,043,17540,376,376,5,381,4
2021-03-02,Mendocino,045,87422,3657,3562,67,3629,41
2021-03-02,Merced,047,269075,28682,28598,900,29498,389
2021-03-02,Modoc,049,8938,346,332,117,449,3
2021-03-02,Mono,051,14174,1186,1191,15,1206,3
2021-03-02,Monterey,053,433212,42040,41716,1708,43424,325
2021-03-02,Napa,055,140530,9125,9080,34,9114,71
2021-03-02,Nevada,057,99092,4075,3983,166,4149,66
2021-03-02,Orange,059,3164182,248027,246004,10277,256281,4037
2021-03-02,Placer,061,380077,20725,19828,1132,20960,239
2021-03-02,Plumas,063,18699,642,628,10,638,4
2021-03-02,Riverside,065,2383286,286365,279486,13450,292936,3721
2021-03-02,Sacramento,067,1510023,95167,93690,1286,94976,1411
2021-03-02,San Benito,069,59416,5768,5770,92,5862,60
2021-03-02,San Bernardino,071,2135413,286602,281919,8586,290505,3604
2021-03-02,San Diego,073,3302833,265205,260998,12988,273986,3317
2021-03-02,San Francisco,075,870044,34393,34387,1110,35497,424
2021-03-02,San Joaquin,077,732212,67243,65769,2820,68589,1111
2021-03-02,San Luis Obispo,079,281455,19744,19452,571,20023,241
2021-03-02,San Mateo,081,765935,39771,39148,409,39557,317
2021-03-02,Santa Barbara,083,443738,33057,31964,1115,33079,416
2021-03-02,Santa Clara,085,1922200,111157,110832,596,111428,1706
2021-03-02,Santa Cruz,087,273765,15485,14611,791,15402,185
2021-03-02,Shasta,089,179085,11032,11012,1244,12256,149
2021-03-02,Sierra,091,2930,51,48,12,60,0
2021-03-02,Siskiyou,093,43540,1514,1412,241,1653,5
2021-03-02,Solano,095,438530,30021,29827,370,30197,167
2021-03-02,Sonoma,097,501317,28253,28261,219,28480,279
2021-03-02,Stanislaus,099,539301,51012,50359,5405,55764,724
2021-03-02,Sutter,101,95872,8925,8832,82,8914,99
2021-03-02,Tehama,103,63373,4621,4597,495,5092,32
2021-03-02,Trinity,105,12862,469,301,81,382,3
2021-03-02,Tulare,107,460477,48452,47326,8205,55531,783
2021-03-02,Tuolumne,109,53932,3911,3908,31,3939,53
2021-03-02,Ventura,111,848112,78327,77952,2800,80752,780
2021-03-02,Yolo,113,214977,12962,12867,224,13091,189
2021-03-02,Yuba,115,75493,5539,5475,89,5564,41
2021-03-01,Alameda,001,1643700,81320,80805,1746,82551,1105
2021-03-01,Alpine,003,1148,80,77,0,77,0
2021-03-01,Amador,005,37829,3489,3469,31,3500,42
2021-03-01,Butte,007,227075,11398,10981,1626,12607,180
2021-03-01,Calaveras,009,45235,1920,1885,12,1897,46
2021-03-01,Colusa,011,21464,1878,1871,267,2138,11
2021-03-01,Contra Costa,013,1133247,63542,62458,1081,63539,694
2021-03-01,Del Norte,015,27424,1020,982,5,987,5
2021-03-01,El Dorado,017,186661,9174,9085,595,9680,98
2021-03-01,Fresno,019,978130,96932,95677,7813,103490,1405
2021-03-01,Glenn,021,27897,2255,2232,498,2730,15
2021-03-01,Humboldt,023,135768,3212,3179,22,3201,30
2021-03-01,Imperial,025,180216,27282,26913,2551,29464,636
2021-03-01,Inyo,027,18085,1315,1285,9,1294,35
2021-03-01,Kern,029,883053,93763,92219,9890,102109,1041
2021-03-01,Kings,031,150075,22316,21988,985,22973,217
2021-03-01,Lake,033,64148,3205,3164,6,3170,40
2021-03-01,Lassen,035,31185,5121,5111,97,5208,1
2021-03-01,Los Angeles,037,10098052,1173274,1155984,39529,1195513,21293
2021-03-01,Madera,039,155013,15722,15505,833,16338,194
2021-03-01,Marin,041,260295,13270,13161,168,13329,214
2021-03-01,Mariposa,043,17540,376,375,5,380,4
2021-03-01,Mendocino,045,87422,3650,3561,67,3628,41
2021-03-01,Merced,047,269075,28637,28575,896,29471,385
2021-03-01,Modoc,049,8938,343,331,116,447,3
2021-03-01,Mono,051,14174,1185,1192,15,1207,3
2021-03-01,Monterey,053,433212,42015,41697,1706,43403,324
2021-03-01,Napa,055,140530,9116,9056,34,9090,70
2021-03-01,Nevada,057,99092,4056,3979,166,4145,66
2021-03-01,Orange,059,3164182,247834,245852,10262,256114,3976
2021-03-01,Placer,061,380077,20687,19803,1129,20932,239
2021-03-01,Plumas,063,18699,642,628,10,638,4
2021-03-01,Riverside,065,2383286,286148,279323,13443,292766,3680
2021-03-01,Sacramento,067,1510023,95022,93546,1284,94830,1401
2021-03-01,San Benito,069,59416,5763,5772,92,5864,57
2021-03-01,San Bernardino,071,2135413,286458,281685,8582,290267,3603
2021-03-01,San Diego,073,3302833,264887,260622,12955,273577,3303
2021-03-01,San Francisco,075,870044,34349,34318,1102,35420,424
2021-03-01,San Joaquin,077,732212,67134,65699,2809,68508,1097
2021-03-01,San Luis Obispo,079,281455,19722,19429,569,19998,239
2021-03-01,San Mateo,081,765935,39719,39096,408,39504,314
2021-03-01,Santa Barbara,083,443738,33014,31909,1114,33023,413
2021-03-01,Santa Clara,085,1922200,110999,110684,593,111277,1704
2021-03-01,Santa Cruz,087,273765,15466,14575,790,15365,185
2021-03-01,Shasta,089,179085,11020,10990,1241,12231,149
2021-03-01,Sierra,091,2930,51,48,12,60,0
2021-03-01,Siskiyou,093,43540,1510,1408,239,1647,5
2021-03-01,Solano,095,438530,29978,29779,369,30148,166
2021-03-01,Sonoma,097,501317,28205,28222,217,28439,278
2021-03-01,Stanislaus,099,539301,50936,50293,5399,55692,722
2021-03-01,Sutter,101,95872,8913,8825,82,8907,99
2021-03-01,Tehama,103,63373,4617,4595,495,5090,32
2021-03-01,Trinity,105,12862,469,298,80,378,3
2021-03-01,Tulare,107,460477,48414,47275,8171,55446,781
2021-03-01,Tuolumne,109,53932,3908,3907,31,3938,53
2021-03-01,Ventura,111,848112,78245,77849,2799,80648,775
2021-03-01,Yolo,113,214977,12945,12854,222,13076,188
2021-03-01,Yuba,115,75493,5527,5466,89,5555,41
2021-02-28,Alameda,001,1643700,81199,80727,1744,82471,1105
2021-02-28,Alpine,003,1148,80,77,0,77,0
2021-02-28,Amador,005,37829,3484,3466,30,3496,42
2021-02-28,Butte,007,227075,11383,10970,1626,12596,180
2021-02-28,Calaveras,009,45235,1914,1881,12,1893,46
2021-02-28,Colusa,011,21464,1878,1871,266,2137,11
2021-02-28,Contra Costa,013,1133247,63415,62386,1076,63462,694
2021-02-28,Del Norte,015,27424,1018,981,5,986,5
2021-02-28,El Dorado,017,186661,9163,9082,595,9677,98
2021-02-28,Fresno,019,978130,96750,95548,7779,103327,1405
2021-02-28,Glenn,021,27897,2253,2230,496,2726,15
2021-02-28,Humboldt,023,135768,3189,3179,22,3201,30
2021-02-28,Imperial,025,180216,27255,26909,2545,29454,636
2021-02-28,Inyo,027,18085,1310,1282,9,1291,35
2021-02-28,Kern,029,883053,93648,92169,9869,102038,1012
2021-02-28,Kings,031,150075,22295,21967,984,22951,217
2021-02-28,Lake,033,64148,3200,3164,6,3170,40
2021-02-28,Lassen,035,31185,5120,5106,97,5203,1
2021-02-28,Los Angeles,037,10098052,1172489,1155141,39467,1194608,21261
2021-02-28,Madera,039,155013,15680,15496,830,16326,199
2021-02-28,Marin,041,260295,13247,13152,166,13318,214
2021-02-28,Mariposa,043,17540,376,374,5,379,4
2021-02-28,Mendocino,045,87422,3644,3558,67,3625,41
2021-02-28,Merced,047,269075,28573,28546,895,29441,384
2021-02-28,Modoc,049,8938,343,331,116,447,3
2021-02-28,Mono,051,14174,1182,1192,15,1207,3
2021-02-28,Monterey,053,433212,41983,41683,1705,43388,323
2021-02-28,Napa,055,140530,9097,9053,34,9087,70
2021-02-28,Nevada,057,99092,4043,3972,166,4138,66
2021-02-28,Orange,059,3164182,247634,245706,10255,255961,3970
2021-02-28,Placer,061,380077,20640,19775,1127,20902,239
2021-02-28,Plumas,063,18699,642,628,10,638,4
2021-02-28,Riverside,065,2383286,285915,279214,13432,292646,3661
2021-02-28,Sacramento,067,1510023,94838,93463,1279,94742,1398
2021-02-28,San Benito,069,59416,5752,5772,92,5864,57
2021-02-28,San Bernardino,071,2135413,286318,281620,8570,290190,3595
2021-02-28,San Diego,073,3302833,264591,260353,12921,273274,3303
2021-02-28,San Francisco,075,870044,34307,34291,1096,35387,417
2021-02-28,San Joaquin,077,732212,67026,65662,2800,68462,1097
2021-02-28,San Luis Obispo,079,281455,19686,19422,567,19989,237
2021-02-28,San Mateo,081,765935,39666,39059,407,39466,314
2021-02-28,Santa Barbara,083,443738,32961,31877,1114,32991,413
2021-02-28,Santa Clara,085,1922200,110800,110556,590,111146,1704
2021-02-28,Santa Cruz,087,273765,15437,14571,787,15358,185
2021-02-28,Shasta,089,179085,10999,10990,1237,12227,149
2021-02-28,Sierra,091,2930,51,48,12,60,0
2021-02-28,Siskiyou,093,43540,1502,1408,238,1646,5
2021-02-28,Solano,095,438530,29922,29758,363,30121,166
2021-02-28,Sonoma,097,501317,28142,28193,216,28409,279
2021-02-28,Stanislaus,099,539301,50845,50228,5386,55614,728
2021-02-28,Sutter,101,95872,8898,8825,82,8907,99
2021-02-28,Tehama,103,63373,4610,4590,495,5085,32
2021-02-28,Trinity,105,12862,469,298,80,378,3
2021-02-28,Tulare,107,460477,48352,47258,8140,55398,780
2021-02-28,Tuolumne,109,53932,3903,3905,31,3936,53
2021-02-28,Ventura,111,848112,78134,77749,2796,80545,775
2021-02-28,Yolo,113,214977,12923,12851,222,13073,188
2021-02-28,Yuba,115,75493,5517,5461,89,5550,41
2021-02-27,Alameda,001,1643700,81126,80565,1742,82307,1108
2021-02-27,Alpine,003,1148,80,77,0,77,0
2021-02-27,Amador,005,37829,3482,3463,30,3493,42
2021-02-27,Butte,007,227075,11371,10962,1626,12588,180
2021-02-27,Calaveras,009,45235,1909,1875,12,1887,46
2021-02-27,Colusa,011,21464,1877,1869,266,2135,11
2021-02-27,Contra Costa,013,1133247,63344,62248,1073,63321,693
2021-02-27,Del Norte,015,27424,1016,978,5,983,5
2021-02-27,El Dorado,017,186661,9159,9072,595,9667,98
2021-02-27,Fresno,019,978130,96673,95393,7768,103161,1400
2021-02-27,Glenn,021,27897,2253,2225,495,2720,15
2021-02-27,Humboldt,023,135768,3183,3167,22,3189,30
2021-02-27,Imperial,025,180216,27247,26903,2544,29447,633
2021-02-27,Inyo,027,18085,1307,1275,9,1284,35
2021-02-27,Kern,029,883053,93587,92053,9854,101907,996
2021-02-27,Kings,031,150075,22285,21955,981,22936,216
2021-02-27,Lake,033,64148,3197,3156,6,3162,40
2021-02-27,Lassen,035,31185,5120,5106,97,5203,1
2021-02-27,Los Angeles,037,10098052,1171996,1154275,39440,1193715,21158
2021-02-27,Madera,039,155013,15663,15467,829,16296,199
2021-02-27,Marin,041,260295,13223,13134,166,13300,214
2021-02-27,Mariposa,043,17540,376,374,5,379,4
2021-02-27,Mendocino,045,87422,3641,3555,67,3622,41
2021-02-27,Merced,047,269075,28531,28501,887,29388,384
2021-02-27,Modoc,049,8938,343,331,115,446,3
2021-02-27,Mono,051,14174,1180,1191,15,1206,3
2021-02-27,Monterey,053,433212,41974,41665,1705,43370,322
2021-02-27,Napa,055,140530,9086,9038,34,9072,71
2021-02-27,Nevada,057,99092,4037,3960,166,4126,66
2021-02-27,Orange,059,3164182,247507,245542,10244,255786,3960
2021-02-27,Placer,061,380077,20604,19726,1124,20850,239
2021-02-27,Plumas,063,18699,642,628,10,638,4
2021-02-27,Riverside,065,2383286,285804,279048,13422,292470,3663
2021-02-27,Sacramento,067,1510023,94755,93281,1269,94550,1396
2021-02-27,San Benito,069,59416,5751,5767,91,5858,57
2021-02-27,San Bernardino,071,2135413,286239,281471,8563,290034,3527
2021-02-27,San Diego,073,3302833,264401,260091,12883,272974,3284
2021-02-27,San Francisco,075,870044,34273,34260,1093,35353,413
2021-02-27,San Joaquin,077,732212,66980,65578,2798,68376,1100
2021-02-27,San Luis Obispo,079,281455,19665,19411,566,19977,237
2021-02-27,San Mateo,081,765935,39625,38998,406,39404,313
2021-02-27,Santa Barbara,083,443738,32925,31805,1113,32918,411
2021-02-27,Santa Clara,085,1922200,110652,110361,588,110949,1703
2021-02-27,Santa Cruz,087,273765,15428,14552,786,15338,185
2021-02-27,Shasta,089,179085,10993,10985,1233,12218,149
2021-02-27,Sierra,091,2930,51,48,12,60,0
2021-02-27,Siskiyou,093,43540,1500,1407,237,1644,5
2021-02-27,Solano,095,438530,29894,29718,362,30080,165
2021-02-27,Sonoma,097,501317,28098,28141,210,28351,281
2021-02-27,Stanislaus,099,539301,50790,50147,5376,55523,733
2021-02-27,Sutter,101,95872,8893,8820,82,8902,99
2021-02-27,Tehama,103,63373,4607,4584,495,5079,32
2021-02-27,Trinity,105,12862,469,298,80,378,3
2021-02-27,Tulare,107,460477,48315,47209,8114,55323,770
2021-02-27,Tuolumne,109,53932,3900,3899,31,3930,53
2021-02-27,Ventura,111,848112,78062,77623,2793,80416,771
2021-02-27,Yolo,113,214977,12911,12834,222,13056,188
2021-02-27,Yuba,115,75493,5514,5450,89,5539,39
2021-02-26,Alameda,001,1643700,81031,80387,1737,82124,1106
2021-02-26,Alpine,003,1148,80,77,0,77,0
2021-02-26,Amador,005,37829,3476,3457,30,3487,42
2021-02-26,Butte,007,227075,11360,10941,1626,12567,180
2021-02-26,Calaveras,009,45235,1906,1873,12,1885,46
2021-02-26,Colusa,011,21464,1877,1865,266,2131,11
2021-02-26,Contra Costa,013,1133247,63262,62114,1073,63187,685
2021-02-26,Del Norte,015,27424,1012,968,5,973,5
2021-02-26,El Dorado,017,186661,9154,9038,593,9631,98
2021-02-26,Fresno,019,978130,96568,95202,7760,102962,1391
2021-02-26,Glenn,021,27897,2250,2220,495,2715,15
2021-02-26,Humboldt,023,135768,3177,3152,22,3174,30
2021-02-26,Imperial,025,180216,27239,26888,2542,29430,631
2021-02-26,Inyo,027,18085,1305,1271,9,1280,34
2021-02-26,Kern,029,883053,93508,91884,9838,101722,997
2021-02-26,Kings,031,150075,22269,21917,978,22895,216
2021-02-26,Lake,033,64148,3192,3153,6,3159,40
2021-02-26,Lassen,035,31185,5120,5102,97,5199,1
2021-02-26,Los Angeles,037,10098052,1171422,1153131,39379,1192510,21070
2021-02-26,Madera,039,155013,15647,15436,827,16263,199
2021-02-26,Marin,041,260295,13209,13091,166,13257,214
2021-02-26,Mariposa,043,17540,376,375,5,380,4
2021-02-26,Mendocino,045,87422,3636,3549,67,3616,41
2021-02-26,Merced,047,269075,28497,28455,887,29342,382
2021-02-26,Modoc,049,8938,342,330,115,445,3
2021-02-26,Mono,051,14174,1178,1191,15,1206,3
2021-02-26,Monterey,053,433212,41948,41607,1705,43312,322
2021-02-26,Napa,055,140530,9080,9014,34,9048,70
2021-02-26,Nevada,057,99092,4026,3952,166,4118,66
2021-02-26,Orange,059,3164182,247367,245278,10234,255512,3918
2021-02-26,Placer,061,380077,20578,19712,1118,20830,239
2021-02-26,Plumas,063,18699,642,628,10,638,4
2021-02-26,Riverside,065,2383286,285660,278772,13416,292188,3653
2021-02-26,Sacramento,067,1510023,94632,93180,1266,94446,1390
2021-02-26,San Benito,069,59416,5750,5759,91,5850,57
2021-02-26,San Bernardino,071,2135413,286140,281132,8561,289693,3461
2021-02-26,San Diego,073,3302833,264174,259641,12862,272503,3271
2021-02-26,San Francisco,075,870044,34243,34213,1088,35301,413
2021-02-26,San Joaquin,077,732212,66899,65492,2792,68284,1070
2021-02-26,San Luis Obispo,079,281455,19649,19359,564,19923,234
2021-02-26,San Mateo,081,765935,39579,38922,406,39328,313
2021-02-26,Santa Barbara,083,443738,32881,31724,1112,32836,410
2021-02-26,Santa Clara,085,1922200,110520,110168,586,110754,1700
2021-02-26,Santa Cruz,087,273765,15416,14528,785,15313,185
2021-02-26,Shasta,089,179085,10986,10972,1224,12196,149
2021-02-26,Sierra,091,2930,51,47,12,59,0
2021-02-26,Siskiyou,093,43540,1500,1401,237,1638,5
2021-02-26,Solano,095,438530,29860,29651,361,30012,165
2021-02-26,Sonoma,097,501317,28069,28063,209,28272,280
2021-02-26,Stanislaus,099,539301,50734,50054,5368,55422,737
2021-02-26,Sutter,101,95872,8884,8806,82,8888,99
2021-02-26,Tehama,103,63373,4605,4581,495,5076,32
2021-02-26,Trinity,105,12862,468,298,80,378,3
2021-02-26,Tulare,107,460477,48280,47135,8084,55219,770
2021-02-26,Tuolumne,109,53932,3899,3896,31,3927,53
2021-02-26,Ventura,111,848112,77962,77534,2791,80325,765
2021-02-26,Yolo,113,214977,12904,12816,222,13038,188
2021-02-26,Yuba,115,75493,5509,5438,89,5527,39
2021-02-25,Alameda,001,1643700,80909,80181,1736,81917,1093
2021-02-25,Alpine,003,1148,80,77,0,77,0
2021-02-25,Amador,005,37829,3473,3448,30,3478,41
2021-02-25,Butte,007,227075,11339,10922,1621,12543,178
2021-02-25,Calaveras,009,45235,1898,1868,12,1880,46
2021-02-25,Colusa,011,21464,1874,1863,265,2128,11
2021-02-25,Contra Costa,013,1133247,63160,61910,1073,62983,686
2021-02-25,Del Norte,015,27424,1002,966,5,971,5
2021-02-25,El Dorado,017,186661,9138,9012,593,9605,98
2021-02-25,Fresno,019,978130,96424,95015,7737,102752,1377
2021-02-25,Glenn,021,27897,2247,2219,494,2713,15
2021-02-25,Humboldt,023,135768,3170,3129,22,3151,30
2021-02-25,Imperial,025,180216,27233,26855,2538,29393,628
2021-02-25,Inyo,027,18085,1299,1264,9,1273,33
2021-02-25,Kern,029,883053,93392,91735,9813,101548,992
2021-02-25,Kings,031,150075,22260,21900,975,22875,216
2021-02-25,Lake,033,64148,3183,3141,6,3147,40
2021-02-25,Lassen,035,31185,5119,5097,96,5193,1
2021-02-25,Los Angeles,037,10098052,1170683,1151846,39321,1191167,20931
2021-02-25,Madera,039,155013,15612,15414,823,16237,194
2021-02-25,Marin,041,260295,13185,13067,166,13233,214
2021-02-25,Mariposa,043,17540,376,375,5,380,4
2021-02-25,Mendocino,045,87422,3631,3542,67,3609,41
2021-02-25,Merced,047,269075,28447,28383,886,29269,382
2021-02-25,Modoc,049,8938,342,329,115,444,3
2021-02-25,Mono,051,14174,1177,1190,15,1205,3
2021-02-25,Monterey,053,433212,41923,41564,1700,43264,321
2021-02-25,Napa,055,140530,9054,8998,34,9032,70
2021-02-25,Nevada,057,99092,4009,3940,165,4105,66
2021-02-25,Orange,059,3164182,247194,245000,10224,255224,3882
2021-02-25,Placer,061,380077,20537,19661,1116,20777,239
2021-02-25,Plumas,063,18699,642,626,10,636,4
2021-02-25,Riverside,065,2383286,285472,278544,13395,291939,3646
2021-02-25,Sacramento,067,1510023,94474,92961,1254,94215,1386
2021-02-25,San Benito,069,59416,5745,5752,91,5843,58
2021-02-25,San Bernardino,071,2135413,286006,280946,8553,289499,3409
2021-02-25,San Diego,073,3302833,263880,258979,12832,271811,3260
2021-02-25,San Francisco,075,870044,34201,34138,1085,35223,408
2021-02-25,San Joaquin,077,732212,66815,65389,2780,68169,1047
2021-02-25,San Luis Obispo,079,281455,19628,19335,562,19897,234
2021-02-25,San Mateo,081,765935,39532,38872,406,39278,300
2021-02-25,Santa Barbara,083,443738,32804,31631,1111,32742,408
2021-02-25,Santa Clara,085,1922200,110356,109923,585,110508,1677
2021-02-25,Santa Cruz,087,273765,15397,14492,784,15276,185
2021-02-25,Shasta,089,179085,10974,10947,1219,12166,148
2021-02-25,Sierra,091,2930,51,47,12,59,0
2021-02-25,Siskiyou,093,43540,1496,1390,234,1624,4
2021-02-25,Solano,095,438530,29828,29616,361,29977,161
2021-02-25,Sonoma,097,501317,28015,28004,206,28210,278
2021-02-25,Stanislaus,099,539301,50644,49964,5358,55322,738
2021-02-25,Sutter,101,95872,8870,8789,81,8870,99
2021-02-25,Tehama,103,63373,4601,4578,493,5071,32
2021-02-25,Trinity,105,12862,468,297,80,377,3
2021-02-25,Tulare,107,460477,48230,47052,8058,55110,765
2021-02-25,Tuolumne,109,53932,3896,3894,31,3925,53
2021-02-25,Ventura,111,848112,77857,77395,2785,80180,751
2021-02-25,Yolo,113,214977,12887,12787,222,13009,188
2021-02-25,Yuba,115,75493,5502,5429,89,5518,39
2021-02-24,Alameda,001,1643700,80787,80070,1732,81802,1082
2021-02-24,Alpine,003,1148,79,77,0,77,0
2021-02-24,Amador,005,37829,3468,3444,30,3474,41
2021-02-24,Butte,007,227075,11327,10915,1617,12532,178
2021-02-24,Calaveras,009,45235,1896,1864,12,1876,31
2021-02-24,Colusa,011,21464,1872,1863,265,2128,11
2021-02-24,Contra Costa,013,1133247,63052,61776,1073,62849,663
2021-02-24,Del Norte,015,27424,1001,960,4,964,5
2021-02-24,El Dorado,017,186661,9126,8993,593,9586,98
2021-02-24,Fresno,019,978130,96277,94794,7721,102515,1369
2021-02-24,Glenn,021,27897,2245,2210,494,2704,14
2021-02-24,Humboldt,023,135768,3158,3123,22,3145,29
2021-02-24,Imperial,025,180216,27218,26843,2534,29377,596
2021-02-24,Inyo,027,18085,1294,1253,9,1262,32
2021-02-24,Kern,029,883053,93259,91525,9797,101322,992
2021-02-24,Kings,031,150075,22235,21871,973,22844,216
2021-02-24,Lake,033,64148,3176,3134,6,3140,40
2021-02-24,Lassen,035,31185,5115,5095,95,5190,1
2021-02-24,Los Angeles,037,10098052,1169922,1150322,39277,1189599,20817
2021-02-24,Madera,039,155013,15585,15390,823,16213,194
2021-02-24,Marin,041,260295,13162,13044,165,13209,214
2021-02-24,Mariposa,043,17540,376,374,5,379,4
2021-02-24,Mendocino,045,87422,3624,3540,67,3607,41
2021-02-24,Merced,047,269075,28408,28295,882,29177,383
2021-02-24,Modoc,049,8938,341,329,115,444,3
2021-02-24,Mono,051,14174,1175,1189,15,1204,3
2021-02-24,Monterey,053,433212,41898,41495,1698,43193,320
2021-02-24,Napa,055,140530,9037,8976,33,9009,70
2021-02-24,Nevada,057,99092,3999,3927,165,4092,66
2021-02-24,Orange,059,3164182,246976,244743,10211,254954,3835
2021-02-24,Placer,061,380077,20499,19648,1110,20758,239
2021-02-24,Plumas,063,18699,640,626,10,636,4
2021-02-24,Riverside,065,2383286,285244,278293,13386,291679,3603
2021-02-24,Sacramento,067,1510023,94320,92742,1249,93991,1375
2021-02-24,San Benito,069,59416,5744,5743,91,5834,57
2021-02-24,San Bernardino,071,2135413,285855,280583,8549,289132,3360
2021-02-24,San Diego,073,3302833,263586,258460,12816,271276,3230
2021-02-24,San Francisco,075,870044,34155,34061,1082,35143,406
2021-02-24,San Joaquin,077,732212,66704,65274,2778,68052,1019
2021-02-24,San Luis Obispo,079,281455,19605,19309,560,19869,233
2021-02-24,San Mateo,081,765935,39495,38763,406,39169,300
2021-02-24,Santa Barbara,083,443738,32752,31563,1108,32671,405
2021-02-24,Santa Clara,085,1922200,110205,109671,584,110255,1674
2021-02-24,Santa Cruz,087,273765,15376,14458,784,15242,185
2021-02-24,Shasta,089,179085,10960,10922,1216,12138,148
2021-02-24,Sierra,091,2930,51,47,12,59,0
2021-02-24,Siskiyou,093,43540,1489,1385,230,1615,4
2021-02-24,Solano,095,438530,29789,29577,358,29935,158
2021-02-24,Sonoma,097,501317,27951,27954,202,28156,278
2021-02-24,Stanislaus,099,539301,50573,49851,5350,55201,732
2021-02-24,Sutter,101,95872,8860,8778,81,8859,99
2021-02-24,Tehama,103,63373,4597,4566,493,5059,31
2021-02-24,Trinity,105,12862,468,294,79,373,3
2021-02-24,Tulare,107,460477,48174,46976,8030,55006,759
2021-02-24,Tuolumne,109,53932,3893,3887,31,3918,53
2021-02-24,Ventura,111,848112,77749,77238,2784,80022,718
2021-02-24,Yolo,113,214977,12874,12760,218,12978,188
2021-02-24,Yuba,115,75493,5491,5425,87,5512,39
2021-02-23,Alameda,001,1643700,80648,79948,1729,81677,1070
2021-02-23,Alpine,003,1148,78,77,0,77,0
2021-02-23,Amador,005,37829,3466,3440,30,3470,41
2021-02-23,Butte,007,227075,11312,10887,1613,12500,176
2021-02-23,Calaveras,009,45235,1895,1863,12,1875,21
2021-02-23,Colusa,011,21464,1869,1862,265,2127,11
2021-02-23,Contra Costa,013,1133247,62918,61613,1070,62683,661
2021-02-23,Del Norte,015,27424,999,953,4,957,3
2021-02-23,El Dorado,017,186661,9113,8969,593,9562,96
2021-02-23,Fresno,019,978130,96116,94741,7707,102448,1356
2021-02-23,Glenn,021,27897,2243,2209,494,2703,14
2021-02-23,Humboldt,023,135768,3141,3108,22,3130,29
2021-02-23,Imperial,025,180216,27198,26816,2529,29345,591
2021-02-23,Inyo,027,18085,1290,1250,9,1259,32
2021-02-23,Kern,029,883053,93120,91390,9769,101159,982
2021-02-23,Kings,031,150075,22220,21839,969,22808,216
2021-02-23,Lake,033,64148,3168,3121,6,3127,40
2021-02-23,Lassen,035,31185,5112,5092,95,5187,1
2021-02-23,Los Angeles,037,10098052,1169056,1148965,39222,1188187,19887
2021-02-23,Madera,039,155013,15571,15352,817,16169,193
2021-02-23,Marin,041,260295,13142,13015,164,13179,214
2021-02-23,Mariposa,043,17540,376,374,5,379,4
2021-02-23,Mendocino,045,87422,3622,3540,66,3606,41
2021-02-23,Merced,047,269075,28320,28209,881,29090,381
2021-02-23,Modoc,049,8938,340,328,114,442,3
2021-02-23,Mono,051,14174,1175,1189,15,1204,3
2021-02-23,Monterey,053,433212,41857,41439,1692,43131,317
2021-02-23,Napa,055,140530,9025,8967,33,9000,70
2021-02-23,Nevada,057,99092,3991,3912,165,4077,66
2021-02-23,Orange,059,3164182,246779,244566,10192,254758,3843
2021-02-23,Placer,061,380077,20473,19608,1106,20714,238
2021-02-23,Plumas,063,18699,639,626,10,636,4
2021-02-23,Riverside,065,2383286,285007,278075,13371,291446,3599
2021-02-23,Sacramento,067,1510023,94163,92632,1243,93875,1370
2021-02-23,San Benito,069,59416,5738,5731,90,5821,57
2021-02-23,San Bernardino,071,2135413,285666,280279,8544,288823,3283
2021-02-23,San Diego,073,3302833,263211,257802,12786,270588,3218
2021-02-23,San Francisco,075,870044,34106,33994,1081,35075,405
2021-02-23,San Joaquin,077,732212,66605,65141,2771,67912,1004
2021-02-23,San Luis Obispo,079,281455,19576,19233,559,19792,230
2021-02-23,San Mateo,081,765935,39434,38662,406,39068,299
2021-02-23,Santa Barbara,083,443738,32698,31483,1106,32589,402
2021-02-23,Santa Clara,085,1922200,110008,109449,581,110030,1661
2021-02-23,Santa Cruz,087,273765,15347,14435,782,15217,178
2021-02-23,Shasta,089,179085,10948,10903,1212,12115,146
2021-02-23,Sierra,091,2930,51,47,12,59,0
2021-02-23,Siskiyou,093,43540,1484,1380,228,1608,4
2021-02-23,Solano,095,438530,29749,29545,355,29900,154
2021-02-23,Sonoma,097,501317,27908,27882,199,28081,278
2021-02-23,Stanislaus,099,539301,50495,49749,5334,55083,722
2021-02-23,Sutter,101,95872,8847,8766,81,8847,98
2021-02-23,Tehama,103,63373,4593,4556,492,5048,30
2021-02-23,Trinity,105,12862,468,292,78,370,3
2021-02-23,Tulare,107,460477,48095,46937,7996,54933,757
2021-02-23,Tuolumne,109,53932,3889,3864,31,3895,53
2021-02-23,Ventura,111,848112,77633,77093,2775,79868,689
2021-02-23,Yolo,113,214977,12845,12729,218,12947,188
2021-02-23,Yuba,115,75493,5478,5417,86,5503,38
2021-02-22,Alameda,001,1643700,80497,79796,1725,81521,1062
2021-02-22,Alpine,003,1148,78,77,0,77,0
2021-02-22,Amador,005,37829,3461,3438,30,3468,39
2021-02-22,Butte,007,227075,11299,10855,1608,12463,176
2021-02-22,Calaveras,009,45235,1893,1862,12,1874,21
2021-02-22,Colusa,011,21464,1869,1860,265,2125,11
2021-02-22,Contra Costa,013,1133247,62783,61478,1068,62546,661
2021-02-22,Del Norte,015,27424,998,948,4,952,3
2021-02-22,El Dorado,017,186661,9096,8940,593,9533,96
2021-02-22,Fresno,019,978130,95954,94584,7690,102274,1351
2021-02-22,Glenn,021,27897,2237,2207,492,2699,14
2021-02-22,Humboldt,023,135768,3129,3095,22,3117,29
2021-02-22,Imperial,025,180216,27175,26778,2521,29299,590
2021-02-22,Inyo,027,18085,1285,1248,9,1257,32
2021-02-22,Kern,029,883053,93003,91201,9747,100948,982
2021-02-22,Kings,031,150075,22197,21801,966,22767,214
2021-02-22,Lake,033,64148,3162,3107,6,3113,40
2021-02-22,Lassen,035,31185,5112,5088,94,5182,1
2021-02-22,Los Angeles,037,10098052,1168184,1147541,39166,1186707,19730
2021-02-22,Madera,039,155013,15546,15325,813,16138,193
2021-02-22,Marin,041,260295,13118,12991,161,13152,213
2021-02-22,Mariposa,043,17540,375,374,5,379,4
2021-02-22,Mendocino,045,87422,3616,3535,66,3601,41
2021-02-22,Merced,047,269075,28252,28166,879,29045,379
2021-02-22,Modoc,049,8938,340,329,114,443,3
2021-02-22,Mono,051,14174,1171,1189,15,1204,3
2021-02-22,Monterey,053,433212,41806,41397,1685,43082,311
2021-02-22,Napa,055,140530,8998,8950,33,8983,69
2021-02-22,Nevada,057,99092,3982,3900,163,4063,66
2021-02-22,Orange,059,3164182,246543,244118,10174,254292,3843
2021-02-22,Placer,061,380077,20437,19587,1098,20685,238
2021-02-22,Plumas,063,18699,639,625,10,635,4
2021-02-22,Riverside,065,2383286,284743,277730,13363,291093,3567
2021-02-22,Sacramento,067,1510023,93996,92476,1232,93708,1359
2021-02-22,San Benito,069,59416,5736,5723,90,5813,57
2021-02-22,San Bernardino,071,2135413,285484,279984,8531,288515,3259
2021-02-22,San Diego,073,3302833,262801,257348,12753,270101,3189
2021-02-22,San Francisco,075,870044,34046,33947,1076,35023,405
2021-02-22,San Joaquin,077,732212,66505,65060,2758,67818,1001
2021-02-22,San Luis Obispo,079,281455,19539,19198,557,19755,229
2021-02-22,San Mateo,081,765935,39377,38542,403,38945,282
2021-02-22,Santa Barbara,083,443738,32633,31421,1103,32524,399
2021-02-22,Santa Clara,085,1922200,109796,109213,570,109783,1655
2021-02-22,Santa Cruz,087,273765,15321,14417,782,15199,176
2021-02-22,Shasta,089,179085,10933,10872,1207,12079,145
2021-02-22,Sierra,091,2930,51,47,12,59,0
2021-02-22,Siskiyou,093,43540,1478,1373,227,1600,4
2021-02-22,Solano,095,438530,29710,29508,354,29862,150
2021-02-22,Sonoma,097,501317,27863,27845,198,28043,278
2021-02-22,Stanislaus,099,539301,50390,49630,5315,54945,722
2021-02-22,Sutter,101,95872,8839,8698,81,8779,98
2021-02-22,Tehama,103,63373,4584,4550,492,5042,30
2021-02-22,Trinity,105,12862,468,287,77,364,3
2021-02-22,Tulare,107,460477,48032,46879,7964,54843,751
2021-02-22,Tuolumne,109,53932,3885,3856,31,3887,53
2021-02-22,Ventura,111,848112,77505,76947,2770,79717,677
2021-02-22,Yolo,113,214977,12818,12689,218,12907,183
2021-02-22,Yuba,115,75493,5475,5404,85,5489,38
2021-02-21,Alameda,001,1643700,80303,79649,1720,81369,1061
2021-02-21,Alpine,003,1148,78,77,0,77,0
2021-02-21,Amador,005,37829,3453,3435,30,3465,39
2021-02-21,Butte,007,227075,11276,10855,1606,12461,176
2021-02-21,Calaveras,009,45235,1892,1860,12,1872,21
2021-02-21,Colusa,011,21464,1868,1860,261,2121,11
2021-02-21,Contra Costa,013,1133247,62618,61364,1065,62429,661
2021-02-21,Del Norte,015,27424,992,942,4,946,3
2021-02-21,El Dorado,017,186661,9078,8927,592,9519,96
2021-02-21,Fresno,019,978130,95810,94374,7673,102047,1349
2021-02-21,Glenn,021,27897,2235,2201,490,2691,14
2021-02-21,Humboldt,023,135768,3117,3096,22,3118,29
2021-02-21,Imperial,025,180216,27156,26779,2517,29296,590
2021-02-21,Inyo,027,18085,1279,1232,9,1241,32
2021-02-21,Kern,029,883053,92878,91141,9708,100849,980
2021-02-21,Kings,031,150075,22161,21784,964,22748,213
2021-02-21,Lake,033,64148,3154,3100,6,3106,40
2021-02-21,Lassen,035,31185,5104,5077,94,5171,1
2021-02-21,Los Angeles,037,10098052,1167154,1146756,39118,1185874,19711
2021-02-21,Madera,039,155013,15513,15298,810,16108,192
2021-02-21,Marin,041,260295,13088,12968,161,13129,212
2021-02-21,Mariposa,043,17540,375,373,5,378,4
2021-02-21,Mendocino,045,87422,3611,3535,66,3601,41
2021-02-21,Merced,047,269075,28162,28106,867,28973,379
2021-02-21,Modoc,049,8938,337,329,114,443,3
2021-02-21,Mono,051,14174,1171,1189,15,1204,3
2021-02-21,Monterey,053,433212,41750,41373,1675,43048,309
2021-02-21,Napa,055,140530,8983,8929,33,8962,69
2021-02-21,Nevada,057,99092,3969,3895,163,4058,66
2021-02-21,Orange,059,3164182,246243,243985,10157,254142,3801
2021-02-21,Placer,061,380077,20401,19553,1094,20647,238
2021-02-21,Plumas,063,18699,639,625,10,635,4
2021-02-21,Riverside,065,2383286,284507,277555,13350,290905,3564
2021-02-21,Sacramento,067,1510023,93786,92288,1219,93507,1354
2021-02-21,San Benito,069,59416,5726,5716,87,5803,57
2021-02-21,San Bernardino,071,2135413,285237,279870,8517,288387,3247
2021-02-21,San Diego,073,3302833,262367,257027,12707,269734,3190
2021-02-21,San Francisco,075,870044,33981,33891,1072,34963,405
2021-02-21,San Joaquin,077,732212,66356,64997,2746,67743,1001
2021-02-21,San Luis Obispo,079,281455,19506,19178,555,19733,229
2021-02-21,San Mateo,081,765935,39317,38448,399,38847,282
2021-02-21,Santa Barbara,083,443738,32571,31374,1100,32474,399
2021-02-21,Santa Clara,085,1922200,109570,108992,561,109553,1654
2021-02-21,Santa Cruz,087,273765,15298,14401,781,15182,176
2021-02-21,Shasta,089,179085,10918,10867,1202,12069,145
2021-02-21,Sierra,091,2930,51,47,12,59,0
2021-02-21,Siskiyou,093,43540,1472,1371,227,1598,4
2021-02-21,Solano,095,438530,29653,29471,353,29824,150
2021-02-21,Sonoma,097,501317,27797,27793,191,27984,278
2021-02-21,Stanislaus,099,539301,50264,49527,5299,54826,726
2021-02-21,Sutter,101,95872,8821,8687,80,8767,97
2021-02-21,Tehama,103,63373,4572,4547,492,5039,30
2021-02-21,Trinity,105,12862,466,286,77,363,3
2021-02-21,Tulare,107,460477,47962,46830,7929,54759,749
2021-02-21,Tuolumne,109,53932,3871,3828,31,3859,53
2021-02-21,Ventura,111,848112,77357,76862,2756,79618,677
2021-02-21,Yolo,113,214977,12787,12670,218,12888,183
2021-02-21,Yuba,115,75493,5467,5396,84,5480,38
2021-02-20,Alameda,001,1643700,80213,79496,1716,81212,1055
2021-02-20,Alpine,003,1148,78,77,0,77,0
2021-02-20,Amador,005,37829,3451,3432,30,3462,39
2021-02-20,Butte,007,227075,11268,10838,1604,12442,176
2021-02-20,Calaveras,009,45235,1891,1858,12,1870,21
2021-02-20,Colusa,011,21464,1867,1858,261,2119,11
2021-02-20,Contra Costa,013,1133247,62529,61205,1063,62268,663
2021-02-20,Del Norte,015,27424,988,937,4,941,3
2021-02-20,El Dorado,017,186661,9068,8911,592,9503,96
2021-02-20,Fresno,019,978130,95726,94234,7653,101887,1341
2021-02-20,Glenn,021,27897,2232,2199,489,2688,14
2021-02-20,Humboldt,023,135768,3109,3073,22,3095,29
2021-02-20,Imperial,025,180216,27148,26771,2517,29288,590
2021-02-20,Inyo,027,18085,1275,1226,9,1235,32
2021-02-20,Kern,029,883053,92806,91025,9676,100701,968
2021-02-20,Kings,031,150075,22143,21773,963,22736,212
2021-02-20,Lake,033,64148,3147,3089,6,3095,40
2021-02-20,Lassen,035,31185,5102,5067,94,5161,1
2021-02-20,Los Angeles,037,10098052,1166589,1145594,39075,1184669,19630
2021-02-20,Madera,039,155013,15493,15274,809,16083,191
2021-02-20,Marin,041,260295,13067,12945,159,13104,211
2021-02-20,Mariposa,043,17540,375,372,5,377,4
2021-02-20,Mendocino,045,87422,3609,3533,66,3599,40
2021-02-20,Merced,047,269075,28117,28066,865,28931,379
2021-02-20,Modoc,049,8938,337,328,114,442,3
2021-02-20,Mono,051,14174,1170,1187,15,1202,3
2021-02-20,Monterey,053,433212,41730,41313,1673,42986,309
2021-02-20,Napa,055,140530,8974,8910,33,8943,69
2021-02-20,Nevada,057,99092,3959,3887,162,4049,66
2021-02-20,Orange,059,3164182,246075,243761,10144,253905,3755
2021-02-20,Placer,061,380077,20361,19509,1090,20599,236
2021-02-20,Plumas,063,18699,639,626,10,636,4
2021-02-20,Riverside,065,2383286,284352,277267,13340,290607,3559
2021-02-20,Sacramento,067,1510023,93662,92057,1217,93274,1352
2021-02-20,San Benito,069,59416,5714,5709,87,5796,57
2021-02-20,San Bernardino,071,2135413,285136,279608,8512,288120,3203
2021-02-20,San Diego,073,3302833,262125,256510,12678,269188,3188
2021-02-20,San Francisco,075,870044,33939,33820,1063,34883,399
2021-02-20,San Joaquin,077,732212,66283,64916,2741,67657,1001
2021-02-20,San Luis Obispo,079,281455,19482,19138,554,19692,229
2021-02-20,San Mateo,081,765935,39273,38371,398,38769,282
2021-02-20,Santa Barbara,083,443738,32536,31289,1099,32388,396
2021-02-20,Santa Clara,085,1922200,109394,108728,558,109286,1649
2021-02-20,Santa Cruz,087,273765,15287,14378,779,15157,176
2021-02-20,Shasta,089,179085,10904,10850,1197,12047,146
2021-02-20,Sierra,091,2930,51,47,12,59,0
2021-02-20,Siskiyou,093,43540,1469,1366,227,1593,4
2021-02-20,Solano,095,438530,29638,29440,351,29791,150
2021-02-20,Sonoma,097,501317,27768,27703,189,27892,278
2021-02-20,Stanislaus,099,539301,50209,49445,5286,54731,733
2021-02-20,Sutter,101,95872,8815,8681,80,8761,97
2021-02-20,Tehama,103,63373,4571,4545,492,5037,30
2021-02-20,Trinity,105,12862,465,285,76,361,3
2021-02-20,Tulare,107,460477,47926,46769,7907,54676,739
2021-02-20,Tuolumne,109,53932,3866,3823,31,3854,53
2021-02-20,Ventura,111,848112,77261,76757,2753,79510,671
2021-02-20,Yolo,113,214977,12773,12639,217,12856,183
2021-02-20,Yuba,115,75493,5464,5386,84,5470,38
2021-02-19,Alameda,001,1643700,80110,79318,1712,81030,1047
2021-02-19,Alpine,003,1148,78,77,0,77,0
2021-02-19,Amador,005,37829,3447,3427,30,3457,39
2021-02-19,Butte,007,227075,11258,10823,1599,12422,176
2021-02-19,Calaveras,009,45235,1890,1856,12,1868,21
2021-02-19,Colusa,011,21464,1867,1858,261,2119,11
2021-02-19,Contra Costa,013,1133247,62421,61017,1061,62078,651
2021-02-19,Del Norte,015,27424,983,932,4,936,2
2021-02-19,El Dorado,017,186661,9059,8882,591,9473,96
2021-02-19,Fresno,019,978130,95595,93973,7637,101610,1330
2021-02-19,Glenn,021,27897,2227,2199,488,2687,14
2021-02-19,Humboldt,023,135768,3097,3037,22,3059,29
2021-02-19,Imperial,025,180216,27143,26751,2514,29265,589
2021-02-19,Inyo,027,18085,1270,1212,9,1221,32
2021-02-19,Kern,029,883053,92736,90807,9635,100442,963
2021-02-19,Kings,031,150075,22129,21724,961,22685,211
2021-02-19,Lake,033,64148,3141,3078,6,3084,40
2021-02-19,Lassen,035,31185,5101,5057,94,5151,1
2021-02-19,Los Angeles,037,10098052,1165842,1143828,39034,1182862,19498
2021-02-19,Madera,039,155013,15476,15222,807,16029,188
2021-02-19,Marin,041,260295,13043,12919,157,13076,210
2021-02-19,Mariposa,043,17540,375,371,5,376,4
2021-02-19,Mendocino,045,87422,3607,3526,66,3592,39
2021-02-19,Merced,047,269075,28086,27985,862,28847,376
2021-02-19,Modoc,049,8938,337,328,114,442,3
2021-02-19,Mono,051,14174,1170,1186,15,1201,3
2021-02-19,Monterey,053,433212,41701,41209,1669,42878,309
2021-02-19,Napa,055,140530,8962,8899,33,8932,69
2021-02-19,Nevada,057,99092,3953,3863,162,4025,66
2021-02-19,Orange,059,3164182,245893,243397,10131,253528,3715
2021-02-19,Placer,061,380077,20339,19457,1090,20547,236
2021-02-19,Plumas,063,18699,637,624,10,634,4
2021-02-19,Riverside,065,2383286,284180,276941,13323,290264,3541
2021-02-19,Sacramento,067,1510023,93541,91815,1213,93028,1351
2021-02-19,San Benito,069,59416,5709,5699,87,5786,57
2021-02-19,San Bernardino,071,2135413,285009,279209,8507,287716,3117
2021-02-19,San Diego,073,3302833,261834,255799,12655,268454,3169
2021-02-19,San Francisco,075,870044,33891,33746,1057,34803,387
2021-02-19,San Joaquin,077,732212,66211,64774,2732,67506,988
2021-02-19,San Luis Obispo,079,281455,19452,19061,552,19613,230
2021-02-19,San Mateo,081,765935,39215,38256,396,38652,282
2021-02-19,Santa Barbara,083,443738,32472,31204,1098,32302,392
2021-02-19,Santa Clara,085,1922200,109181,108400,556,108956,1634
2021-02-19,Santa Cruz,087,273765,15272,14354,779,15133,176
2021-02-19,Shasta,089,179085,10892,10833,1194,12027,140
2021-02-19,Sierra,091,2930,51,47,12,59,0
2021-02-19,Siskiyou,093,43540,1465,1363,225,1588,4
2021-02-19,Solano,095,438530,29607,29383,350,29733,150
2021-02-19,Sonoma,097,501317,27721,27595,187,27782,280
2021-02-19,Stanislaus,099,539301,50148,49282,5270,54552,739
2021-02-19,Sutter,101,95872,8805,8665,80,8745,96
2021-02-19,Tehama,103,63373,4569,4535,492,5027,30
2021-02-19,Trinity,105,12862,463,282,74,356,3
2021-02-19,Tulare,107,460477,47879,46662,7882,54544,736
2021-02-19,Tuolumne,109,53932,3859,3817,31,3848,52
2021-02-19,Ventura,111,848112,77181,76582,2750,79332,667
2021-02-19,Yolo,113,214977,12757,12606,217,12823,183
2021-02-19,Yuba,115,75493,5454,5376,84,5460,38
2021-02-18,Alameda,001,1643700,79963,79111,1705,80816,1012
2021-02-18,Alpine,003,1148,78,77,0,77,0
2021-02-18,Amador,005,37829,3443,3417,29,3446,38
2021-02-18,Butte,007,227075,11240,10791,1596,12387,175
2021-02-18,Calaveras,009,45235,1885,1873,12,1885,21
2021-02-18,Colusa,011,21464,1865,1856,259,2115,11
2021-02-18,Contra Costa,013,1133247,62310,60868,1060,61928,640
2021-02-18,Del Norte,015,27424,978,929,4,933,2
2021-02-18,El Dorado,017,186661,9044,8850,590,9440,94
2021-02-18,Fresno,019,978130,95424,93734,7612,101346,1323
2021-02-18,Glenn,021,27897,2221,2195,488,2683,14
2021-02-18,Humboldt,023,135768,3085,3023,22,3045,29
2021-02-18,Imperial,025,180216,27117,26731,2509,29240,591
2021-02-18,Inyo,027,18085,1266,1213,8,1221,32
2021-02-18,Kern,029,883053,92578,90655,9607,100262,961
2021-02-18,Kings,031,150075,22105,21648,960,22608,211
2021-02-18,Lake,033,64148,3133,3066,6,3072,40
2021-02-18,Lassen,035,31185,5092,5052,94,5146,1
2021-02-18,Los Angeles,037,10098052,1164883,1141930,38968,1180898,19358
2021-02-18,Madera,039,155013,15454,15175,802,15977,188
2021-02-18,Marin,041,260295,13029,12895,157,13052,209
2021-02-18,Mariposa,043,17540,374,369,5,374,4
2021-02-18,Mendocino,045,87422,3604,3519,65,3584,39
2021-02-18,Merced,047,269075,28036,27870,856,28726,372
2021-02-18,Modoc,049,8938,335,327,113,440,3
2021-02-18,Mono,051,14174,1170,1182,15,1197,3
2021-02-18,Monterey,053,433212,41636,41091,1661,42752,307
2021-02-18,Napa,055,140530,8945,8877,33,8910,68
2021-02-18,Nevada,057,99092,3944,3836,161,3997,66
2021-02-18,Orange,059,3164182,245673,243098,10114,253212,3673
2021-02-18,Placer,061,380077,20312,19429,1089,20518,232
2021-02-18,Plumas,063,18699,637,624,10,634,4
2021-02-18,Riverside,065,2383286,283891,276595,13302,289897,3510
2021-02-18,Sacramento,067,1510023,93379,91476,1207,92683,1334
2021-02-18,San Benito,069,59416,5706,5697,86,5783,58
2021-02-18,San Bernardino,071,2135413,284799,278887,8493,287380,3066
2021-02-18,San Diego,073,3302833,261480,254987,12632,267619,3135
2021-02-18,San Francisco,075,870044,33833,33650,1054,34704,386
2021-02-18,San Joaquin,077,732212,66124,64634,2722,67356,982
2021-02-18,San Luis Obispo,079,281455,19410,18987,549,19536,230
2021-02-18,San Mateo,081,765935,39153,38185,392,38577,282
2021-02-18,Santa Barbara,083,443738,32392,31054,1091,32145,387
2021-02-18,Santa Clara,085,1922200,108955,108210,553,108763,1605
2021-02-18,Santa Cruz,087,273765,15246,14314,779,15093,176
2021-02-18,Shasta,089,179085,10872,10811,1191,12002,139
2021-02-18,Sierra,091,2930,50,47,12,59,0
2021-02-18,Siskiyou,093,43540,1460,1359,224,1583,4
2021-02-18,Solano,095,438530,29580,29349,349,29698,150
2021-02-18,Sonoma,097,501317,27653,27512,186,27698,281
2021-02-18,Stanislaus,099,539301,50050,49150,5255,54405,738
2021-02-18,Sutter,101,95872,8797,8654,80,8734,96
2021-02-18,Tehama,103,63373,4566,4528,491,5019,30
2021-02-18,Trinity,105,12862,462,282,74,356,3
2021-02-18,Tulare,107,460477,47818,46591,7842,54433,728
2021-02-18,Tuolumne,109,53932,3822,3811,31,3842,52
2021-02-18,Ventura,111,848112,77049,76442,2742,79184,659
2021-02-18,Yolo,113,214977,12730,12549,214,12763,183
2021-02-18,Yuba,115,75493,5437,5358,84,5442,38
2021-02-17,Alameda,001,1643700,79802,78895,1703,80598,1002
2021-02-17,Alpine,003,1148,78,77,0,77,0
2021-02-17,Amador,005,37829,3439,3415,29,3444,38
2021-02-17,Butte,007,227075,11222,10770,1593,12363,174
2021-02-17,Calaveras,009,45235,1885,1876,12,1888,21
2021-02-17,Colusa,011,21464,1862,1854,259,2113,10
2021-02-17,Contra Costa,013,1133247,62169,60723,1057,61780,635
2021-02-17,Del Norte,015,27424,971,920,4,924,2
2021-02-17,El Dorado,017,186661,9032,8847,590,9437,94
2021-02-17,Fresno,019,978130,95284,93555,7585,101140,1307
2021-02-17,Glenn,021,27897,2221,2189,487,2676,14
2021-02-17,Humboldt,023,135768,3070,3006,22,3028,29
2021-02-17,Imperial,025,180216,27102,26726,2507,29233,580
2021-02-17,Inyo,027,18085,1258,1197,8,1205,32
2021-02-17,Kern,029,883053,92459,90454,9561,100015,962
2021-02-17,Kings,031,150075,22067,21617,956,22573,211
2021-02-17,Lake,033,64148,3122,3057,2,3059,38
2021-02-17,Lassen,035,31185,5087,5052,93,5145,1
2021-02-17,Los Angeles,037,10098052,1163833,1139786,38905,1178691,19213
2021-02-17,Madera,039,155013,15428,15135,793,15928,177
2021-02-17,Marin,041,260295,13003,12881,157,13038,207
2021-02-17,Mariposa,043,17540,374,368,4,372,4
2021-02-17,Mendocino,045,87422,3602,3494,64,3558,39
2021-02-17,Merced,047,269075,27982,27824,847,28671,372
2021-02-17,Modoc,049,8938,335,327,113,440,3
2021-02-17,Mono,051,14174,1170,1180,15,1195,3
2021-02-17,Monterey,053,433212,41582,41014,1649,42663,304
2021-02-17,Napa,055,140530,8931,8865,33,8898,68
2021-02-17,Nevada,057,99092,3925,3822,158,3980,52
2021-02-17,Orange,059,3164182,245406,242716,10080,252796,3626
2021-02-17,Placer,061,380077,20279,19405,1085,20490,230
2021-02-17,Plumas,063,18699,636,623,10,633,4
2021-02-17,Riverside,065,2383286,283606,276289,13281,289570,3491
2021-02-17,Sacramento,067,1510023,93221,91309,1200,92509,1326
2021-02-17,San Benito,069,59416,5700,5661,86,5747,57
2021-02-17,San Bernardino,071,2135413,284591,278461,8474,286935,3020
2021-02-17,San Diego,073,3302833,261103,254177,12611,266788,3099
2021-02-17,San Francisco,075,870044,33757,33558,1049,34607,379
2021-02-17,San Joaquin,077,732212,66023,64556,2716,67272,979
2021-02-17,San Luis Obispo,079,281455,19365,18964,549,19513,230
2021-02-17,San Mateo,081,765935,39087,38124,391,38515,282
2021-02-17,Santa Barbara,083,443738,32324,30927,1090,32017,384
2021-02-17,Santa Clara,085,1922200,108723,107949,551,108500,1592
2021-02-17,Santa Cruz,087,273765,15213,14268,776,15044,174
2021-02-17,Shasta,089,179085,10852,10770,1190,11960,139
2021-02-17,Sierra,091,2930,50,47,12,59,0
2021-02-17,Siskiyou,093,43540,1454,1352,221,1573,4
2021-02-17,Solano,095,438530,29524,29288,349,29637,149
2021-02-17,Sonoma,097,501317,27579,27408,181,27589,281
2021-02-17,Stanislaus,099,539301,49941,49050,5239,54289,730
2021-02-17,Sutter,101,95872,8787,8681,80,8761,95
2021-02-17,Tehama,103,63373,4562,4511,490,5001,30
2021-02-17,Trinity,105,12862,462,277,72,349,3
2021-02-17,Tulare,107,460477,47752,46495,7815,54310,726
2021-02-17,Tuolumne,109,53932,3813,3806,31,3837,49
2021-02-17,Ventura,111,848112,76924,76234,2736,78970,646
2021-02-17,Yolo,113,214977,12713,12506,212,12718,182
2021-02-17,Yuba,115,75493,5428,5345,84,5429,38
2021-02-16,Alameda,001,1643700,79630,78756,1700,80456,997
2021-02-16,Alpine,003,1148,78,76,0,76,0
2021-02-16,Amador,005,37829,3432,3413,29,3442,39
2021-02-16,Butte,007,227075,11195,10748,1590,12338,164
2021-02-16,Calaveras,009,45235,1883,1872,12,1884,21
2021-02-16,Colusa,011,21464,1859,1852,257,2109,10
2021-02-16,Contra Costa,013,1133247,62021,60564,1052,61616,631
2021-02-16,Del Norte,015,27424,963,913,4,917,2
2021-02-16,El Dorado,017,186661,9022,8836,589,9425,94
2021-02-16,Fresno,019,978130,95120,93363,7555,100918,1293
2021-02-16,Glenn,021,27897,2212,2189,482,2671,14
2021-02-16,Humboldt,023,135768,3047,2994,21,3015,29
2021-02-16,Imperial,025,180216,27089,26711,2503,29214,580
2021-02-16,Inyo,027,18085,1250,1191,8,1199,32
2021-02-16,Kern,029,883053,92324,90267,9532,99799,959
2021-02-16,Kings,031,150075,22021,21583,952,22535,206
2021-02-16,Lake,033,64148,3113,3041,2,3043,38
2021-02-16,Lassen,035,31185,5075,5047,93,5140,1
2021-02-16,Los Angeles,037,10098052,1162585,1138262,38844,1177106,19044
2021-02-16,Madera,039,155013,15389,15120,788,15908,172
2021-02-16,Marin,041,260295,12979,12832,157,12989,205
2021-02-16,Mariposa,043,17540,374,367,4,371,4
2021-02-16,Mendocino,045,87422,3598,3489,64,3553,39
2021-02-16,Merced,047,269075,27909,27724,841,28565,368
2021-02-16,Modoc,049,8938,335,326,113,439,3
2021-02-16,Mono,051,14174,1170,1180,15,1195,3
2021-02-16,Monterey,053,433212,41508,40962,1640,42602,303
2021-02-16,Napa,055,140530,8918,8854,33,8887,66
2021-02-16,Nevada,057,99092,3912,3774,157,3931,47
2021-02-16,Orange,059,3164182,245083,242382,10064,252446,3612
2021-02-16,Placer,061,380077,20247,19367,1082,20449,230
2021-02-16,Plumas,063,18699,636,619,10,629,4
2021-02-16,Riverside,065,2383286,283300,275954,13257,289211,3471
2021-02-16,Sacramento,067,1510023,92966,91246,1194,92440,1305
2021-02-16,San Benito,069,59416,5692,5659,85,5744,56
2021-02-16,San Bernardino,071,2135413,284369,277947,8463,286410,2978
2021-02-16,San Diego,073,3302833,260640,253638,12572,266210,3042
2021-02-16,San Francisco,075,870044,33686,33491,1044,34535,373
2021-02-16,San Joaquin,077,732212,65901,64448,2713,67161,979
2021-02-16,San Luis Obispo,079,281455,19320,18925,546,19471,229
2021-02-16,San Mateo,081,765935,39028,38041,389,38430,277
2021-02-16,Santa Barbara,083,443738,32249,30865,1087,31952,378
2021-02-16,Santa Clara,085,1922200,108471,107754,548,108302,1591
2021-02-16,Santa Cruz,087,273765,15193,14256,775,15031,174
2021-02-16,Shasta,089,179085,10836,10736,1188,11924,139
2021-02-16,Sierra,091,2930,50,47,12,59,0
2021-02-16,Siskiyou,093,43540,1450,1351,221,1572,4
2021-02-16,Solano,095,438530,29484,29246,348,29594,148
2021-02-16,Sonoma,097,501317,27517,27380,175,27555,279
2021-02-16,Stanislaus,099,539301,49820,48927,5225,54152,716
2021-02-16,Sutter,101,95872,8764,8671,80,8751,95
2021-02-16,Tehama,103,63373,4553,4501,489,4990,30
2021-02-16,Trinity,105,12862,458,275,72,347,3
2021-02-16,Tulare,107,460477,47686,46444,7771,54215,716
2021-02-16,Tuolumne,109,53932,3811,3796,31,3827,49
2021-02-16,Ventura,111,848112,76779,76043,2732,78775,631
2021-02-16,Yolo,113,214977,12682,12457,212,12669,175
2021-02-16,Yuba,115,75493,5421,5332,83,5415,38
2021-02-15,Alameda,001,1643700,79432,78647,1689,80336,996
2021-02-15,Alpine,003,1148,78,76,0,76,0
2021-02-15,Amador,005,37829,3428,3409,29,3438,39
2021-02-15,Butte,007,227075,11177,10723,1586,12309,155
2021-02-15,Calaveras,009,45235,1879,1871,12,1883,21
2021-02-15,Colusa,011,21464,1859,1849,253,2102,10
2021-02-15,Contra Costa,013,1133247,61845,60444,1046,61490,631
2021-02-15,Del Norte,015,27424,959,913,4,917,2
2021-02-15,El Dorado,017,186661,9005,8816,589,9405,94
2021-02-15,Fresno,019,978130,94920,93231,7516,100747,1288
2021-02-15,Glenn,021,27897,2209,2185,479,2664,14
2021-02-15,Humboldt,023,135768,3040,2997,21,3018,29
2021-02-15,Imperial,025,180216,27070,26700,2499,29199,580
2021-02-15,Inyo,027,18085,1231,1184,8,1192,32
2021-02-15,Kern,029,883053,92180,90181,9499,99680,959
2021-02-15,Kings,031,150075,21976,21574,948,22522,205
2021-02-15,Lake,033,64148,3099,3030,1,3031,38
2021-02-15,Lassen,035,31185,5073,5047,92,5139,1
2021-02-15,Los Angeles,037,10098052,1161197,1137164,38780,1175944,18925
2021-02-15,Madera,039,155013,15358,15108,786,15894,106
2021-02-15,Marin,041,260295,12959,12810,154,12964,203
2021-02-15,Mariposa,043,17540,372,367,4,371,4
2021-02-15,Mendocino,045,87422,3586,3481,64,3545,39
2021-02-15,Merced,047,269075,27834,27656,834,28490,368
2021-02-15,Modoc,049,8938,335,326,113,439,3
2021-02-15,Mono,051,14174,1167,1178,15,1193,3
2021-02-15,Monterey,053,433212,41447,40911,1627,42538,302
2021-02-15,Napa,055,140530,8904,8837,33,8870,57
2021-02-15,Nevada,057,99092,3895,3767,156,3923,47
2021-02-15,Orange,059,3164182,244764,242176,10036,252212,3586
2021-02-15,Placer,061,380077,20221,19361,1081,20442,230
2021-02-15,Plumas,063,18699,636,620,10,630,4
2021-02-15,Riverside,065,2383286,282943,275771,13241,289012,3468
2021-02-15,Sacramento,067,1510023,92639,91091,1189,92280,1304
2021-02-15,San Benito,069,59416,5683,5649,85,5734,56
2021-02-15,San Bernardino,071,2135413,284113,277869,8455,286324,2945
2021-02-15,San Diego,073,3302833,260126,252940,12541,265481,3037
2021-02-15,San Francisco,075,870044,33612,33454,1037,34491,373
2021-02-15,San Joaquin,077,732212,65736,64382,2706,67088,979
2021-02-15,San Luis Obispo,079,281455,19267,18891,544,19435,227
2021-02-15,San Mateo,081,765935,38951,37969,386,38355,277
2021-02-15,Santa Barbara,083,443738,32147,30810,1084,31894,378
2021-02-15,Santa Clara,085,1922200,108236,107630,546,108176,1588
2021-02-15,Santa Cruz,087,273765,15161,14239,772,15011,175
2021-02-15,Shasta,089,179085,10816,10730,1183,11913,139
2021-02-15,Sierra,091,2930,50,47,12,59,0
2021-02-15,Siskiyou,093,43540,1442,1345,220,1565,4
2021-02-15,Solano,095,438530,29429,29225,348,29573,148
2021-02-15,Sonoma,097,501317,27432,27359,171,27530,276
2021-02-15,Stanislaus,099,539301,49695,48808,5212,54020,716
2021-02-15,Sutter,101,95872,8749,8652,80,8732,95
2021-02-15,Tehama,103,63373,4542,4492,487,4979,30
2021-02-15,Trinity,105,12862,457,274,72,346,3
2021-02-15,Tulare,107,460477,47613,46344,7731,54075,715
2021-02-15,Tuolumne,109,53932,3801,3794,31,3825,49
2021-02-15,Ventura,111,848112,76623,75889,2729,78618,629
2021-02-15,Yolo,113,214977,12645,12412,206,12618,175
2021-02-15,Yuba,115,75493,5404,5320,82,5402,38
2021-02-14,Alameda,001,1643700,79276,78442,1688,80130,995
2021-02-14,Alpine,003,1148,78,76,0,76,0
2021-02-14,Amador,005,37829,3423,3398,29,3427,39
2021-02-14,Butte,007,227075,11153,10717,1581,12298,155
2021-02-14,Calaveras,009,45235,1876,1866,12,1878,21
2021-02-14,Colusa,011,21464,1855,1845,250,2095,10
2021-02-14,Contra Costa,013,1133247,61697,60272,1043,61315,631
2021-02-14,Del Norte,015,27424,955,911,4,915,2
2021-02-14,El Dorado,017,186661,8974,8790,588,9378,94
2021-02-14,Fresno,019,978130,94750,93065,7493,100558,1287
2021-02-14,Glenn,021,27897,2207,2184,479,2663,14
2021-02-14,Humboldt,023,135768,3027,2992,21,3013,29
2021-02-14,Imperial,025,180216,27062,26696,2498,29194,580
2021-02-14,Inyo,027,18085,1225,1177,8,1185,32
2021-02-14,Kern,029,883053,92020,90038,9446,99484,959
2021-02-14,Kings,031,150075,21950,21538,946,22484,205
2021-02-14,Lake,033,64148,3090,3030,1,3031,38
2021-02-14,Lassen,035,31185,5069,5037,92,5129,1
2021-02-14,Los Angeles,037,10098052,1159859,1135450,38693,1174143,18898
2021-02-14,Madera,039,155013,15326,15089,782,15871,106
2021-02-14,Marin,041,260295,12935,12784,154,12938,201
2021-02-14,Mariposa,043,17540,372,365,4,369,4
2021-02-14,Mendocino,045,87422,3581,3475,64,3539,39
2021-02-14,Merced,047,269075,27756,27601,829,28430,368
2021-02-14,Modoc,049,8938,335,326,113,439,3
2021-02-14,Mono,051,14174,1166,1180,15,1195,3
2021-02-14,Monterey,053,433212,41397,40842,1623,42465,302
2021-02-14,Napa,055,140530,8884,8826,33,8859,57
2021-02-14,Nevada,057,99092,3879,3761,156,3917,47
2021-02-14,Orange,059,3164182,244453,241859,10017,251876,3564
2021-02-14,Placer,061,380077,20182,19313,1076,20389,230
2021-02-14,Plumas,063,18699,635,620,10,630,4
2021-02-14,Riverside,065,2383286,282609,275518,13222,288740,3471
2021-02-14,Sacramento,067,1510023,92432,90856,1185,92041,1304
2021-02-14,San Benito,069,59416,5675,5641,84,5725,56
2021-02-14,San Bernardino,071,2135413,283796,277664,8435,286099,2929
2021-02-14,San Diego,073,3302833,259634,252247,12493,264740,3037
2021-02-14,San Francisco,075,870044,33538,33374,1029,34403,372
2021-02-14,San Joaquin,077,732212,65637,64243,2692,66935,979
2021-02-14,San Luis Obispo,079,281455,19229,18868,541,19409,225
2021-02-14,San Mateo,081,765935,38867,37859,386,38245,277
2021-02-14,Santa Barbara,083,443738,32055,30744,1080,31824,377
2021-02-14,Santa Clara,085,1922200,108035,107412,542,107954,1582
2021-02-14,Santa Cruz,087,273765,15133,14225,767,14992,175
2021-02-14,Shasta,089,179085,10785,10720,1178,11898,139
2021-02-14,Sierra,091,2930,50,47,12,59,0
2021-02-14,Siskiyou,093,43540,1438,1340,220,1560,4
2021-02-14,Solano,095,438530,29391,29150,345,29495,148
2021-02-14,Sonoma,097,501317,27355,27266,169,27435,276
2021-02-14,Stanislaus,099,539301,49588,48672,5197,53869,716
2021-02-14,Sutter,101,95872,8726,8642,80,8722,95
2021-02-14,Tehama,103,63373,4534,4490,485,4975,30
2021-02-14,Trinity,105,12862,457,272,72,344,3
2021-02-14,Tulare,107,460477,47532,46263,7682,53945,715
2021-02-14,Tuolumne,109,53932,3800,3764,31,3795,49
2021-02-14,Ventura,111,848112,76448,75742,2718,78460,629
2021-02-14,Yolo,113,214977,12616,12399,205,12604,175
2021-02-14,Yuba,115,75493,5394,5314,82,5396,38
2021-02-13,Alameda,001,1643700,79161,78246,1685,79931,995
2021-02-13,Alpine,003,1148,78,76,0,76,0
2021-02-13,Amador,005,37829,3420,3387,29,3416,38
2021-02-13,Butte,007,227075,11137,10699,1580,12279,155
2021-02-13,Calaveras,009,45235,1872,1863,12,1875,21
2021-02-13,Colusa,011,21464,1855,1837,250,2087,10
2021-02-13,Contra Costa,013,1133247,61577,60100,1043,61143,629
2021-02-13,Del Norte,015,27424,953,908,4,912,2
2021-02-13,El Dorado,017,186661,8963,8758,587,9345,93
2021-02-13,Fresno,019,978130,94636,92807,7471,100278,1287
2021-02-13,Glenn,021,27897,2206,2182,479,2661,14
2021-02-13,Humboldt,023,135768,3014,2974,20,2994,29
2021-02-13,Imperial,025,180216,27055,26680,2496,29176,580
2021-02-13,Inyo,027,18085,1221,1168,8,1176,32
2021-02-13,Kern,029,883053,91931,89915,9421,99336,957
2021-02-13,Kings,031,150075,21935,21513,944,22457,205
2021-02-13,Lake,033,64148,3084,3025,1,3026,37
2021-02-13,Lassen,035,31185,5066,5028,92,5120,1
2021-02-13,Los Angeles,037,10098052,1159000,1133752,38646,1172398,18822
2021-02-13,Madera,039,155013,15317,15053,777,15830,106
2021-02-13,Marin,041,260295,12914,12757,154,12911,201
2021-02-13,Mariposa,043,17540,372,365,4,369,4
2021-02-13,Mendocino,045,87422,3571,3466,64,3530,38
2021-02-13,Merced,047,269075,27712,27541,826,28367,368
2021-02-13,Modoc,049,8938,335,325,113,438,3
2021-02-13,Mono,051,14174,1166,1176,15,1191,3
2021-02-13,Monterey,053,433212,41365,40731,1622,42353,301
2021-02-13,Napa,055,140530,8875,8809,33,8842,57
2021-02-13,Nevada,057,99092,3870,3742,155,3897,47
2021-02-13,Orange,059,3164182,244247,241545,9998,251543,3520
2021-02-13,Placer,061,380077,20162,19214,1076,20290,230
2021-02-13,Plumas,063,18699,635,616,10,626,4
2021-02-13,Riverside,065,2383286,282375,275276,13213,288489,3462
2021-02-13,Sacramento,067,1510023,92265,90401,1182,91583,1302
2021-02-13,San Benito,069,59416,5661,5633,84,5717,56
2021-02-13,San Bernardino,071,2135413,283644,277405,8423,285828,2899
2021-02-13,San Diego,073,3302833,259303,251679,12481,264160,3009
2021-02-13,San Francisco,075,870044,33488,33291,1019,34310,364
2021-02-13,San Joaquin,077,732212,65570,64105,2682,66787,977
2021-02-13,San Luis Obispo,079,281455,19201,18803,535,19338,225
2021-02-13,San Mateo,081,765935,38814,37745,386,38131,277
2021-02-13,Santa Barbara,083,443738,32003,30594,1078,31672,374
2021-02-13,Santa Clara,085,1922200,107850,107125,538,107663,1570
2021-02-13,Santa Cruz,087,273765,15106,14198,766,14964,173
2021-02-13,Shasta,089,179085,10773,10713,1173,11886,139
2021-02-13,Sierra,091,2930,50,47,12,59,0
2021-02-13,Siskiyou,093,43540,1435,1336,220,1556,4
2021-02-13,Solano,095,438530,29354,29084,345,29429,148
2021-02-13,Sonoma,097,501317,27309,27157,167,27324,276
2021-02-13,Stanislaus,099,539301,49519,48568,5191,53759,697
2021-02-13,Sutter,101,95872,8714,8626,80,8706,94
2021-02-13,Tehama,103,63373,4525,4484,484,4968,30
2021-02-13,Trinity,105,12862,456,272,71,343,3
2021-02-13,Tulare,107,460477,47483,46162,7650,53812,709
2021-02-13,Tuolumne,109,53932,3799,3752,31,3783,49
2021-02-13,Ventura,111,848112,76310,75481,2712,78193,618
2021-02-13,Yolo,113,214977,12604,12374,204,12578,175
2021-02-13,Yuba,115,75493,5386,5289,82,5371,38
2021-02-12,Alameda,001,1643700,79027,77958,1679,79637,974
2021-02-12,Alpine,003,1148,78,76,0,76,0
2021-02-12,Amador,005,37829,3416,3381,29,3410,38
2021-02-12,Butte,007,227075,11122,10655,1573,12228,155
2021-02-12,Calaveras,009,45235,1869,1860,12,1872,21
2021-02-12,Colusa,011,21464,1855,1836,250,2086,10
2021-02-12,Contra Costa,013,1133247,61427,59878,1039,60917,620
2021-02-12,Del Norte,015,27424,943,901,4,905,2
2021-02-12,El Dorado,017,186661,8947,8725,584,9309,92
2021-02-12,Fresno,019,978130,94482,92520,7451,99971,1273
2021-02-12,Glenn,021,27897,2203,2175,479,2654,14
2021-02-12,Humboldt,023,135768,3006,2961,20,2981,29
2021-02-12,Imperial,025,180216,27046,26646,2494,29140,585
2021-02-12,Inyo,027,18085,1215,1156,8,1164,32
2021-02-12,Kern,029,883053,91820,89532,9386,98918,949
2021-02-12,Kings,031,150075,21903,21462,939,22401,202
2021-02-12,Lake,033,64148,3080,3012,1,3013,36
2021-02-12,Lassen,035,31185,5064,5015,92,5107,1
2021-02-12,Los Angeles,037,10098052,1157797,1131185,38577,1169762,18637
2021-02-12,Madera,039,155013,15290,15022,774,15796,106
2021-02-12,Marin,041,260295,12888,12720,154,12874,200
2021-02-12,Mariposa,043,17540,371,365,4,369,4
2021-02-12,Mendocino,045,87422,3569,3447,64,3511,38
2021-02-12,Merced,047,269075,27661,27453,823,28276,367
2021-02-12,Modoc,049,8938,335,324,113,437,3
2021-02-12,Mono,051,14174,1165,1172,15,1187,3
2021-02-12,Monterey,053,433212,41318,40633,1613,42246,297
2021-02-12,Napa,055,140530,8863,8785,33,8818,55
2021-02-12,Nevada,057,99092,3865,3728,155,3883,47
2021-02-12,Orange,059,3164182,244008,241075,9984,251059,3505
2021-02-12,Placer,061,380077,20120,19174,1071,20245,230
2021-02-12,Plumas,063,18699,634,614,10,624,4
2021-02-12,Riverside,065,2383286,282098,274792,13195,287987,3438
2021-02-12,Sacramento,067,1510023,92062,90252,1181,91433,1295
2021-02-12,San Benito,069,59416,5645,5622,83,5705,56
2021-02-12,San Bernardino,071,2135413,283451,276890,8412,285302,2827
2021-02-12,San Diego,073,3302833,258921,250788,12455,263243,2979
2021-02-12,San Francisco,075,870044,33429,33179,1015,34194,359
2021-02-12,San Joaquin,077,732212,65476,63966,2674,66640,975
2021-02-12,San Luis Obispo,079,281455,19160,18687,534,19221,224
2021-02-12,San Mateo,081,765935,38742,37560,386,37946,254
2021-02-12,Santa Barbara,083,443738,31932,30454,1073,31527,372
2021-02-12,Santa Clara,085,1922200,107681,106759,535,107294,1543
2021-02-12,Santa Cruz,087,273765,15086,14147,766,14913,170
2021-02-12,Shasta,089,179085,10754,10693,1163,11856,142
2021-02-12,Sierra,091,2930,49,45,12,57,0
2021-02-12,Siskiyou,093,43540,1431,1324,217,1541,4
2021-02-12,Solano,095,438530,29322,28996,342,29338,147
2021-02-12,Sonoma,097,501317,27255,27064,163,27227,275
2021-02-12,Stanislaus,099,539301,49434,48418,5168,53586,697
2021-02-12,Sutter,101,95872,8700,8609,80,8689,93
2021-02-12,Tehama,103,63373,4517,4470,483,4953,27
2021-02-12,Trinity,105,12862,456,269,71,340,3
2021-02-12,Tulare,107,460477,47405,46016,7623,53639,710
2021-02-12,Tuolumne,109,53932,3796,3736,30,3766,49
2021-02-12,Ventura,111,848112,76142,75210,2705,77915,605
2021-02-12,Yolo,113,214977,12584,12340,204,12544,175
2021-02-12,Yuba,115,75493,5378,5274,82,5356,38
2021-02-11,Alameda,001,1643700,78798,77564,1674,79238,960
2021-02-11,Alpine,003,1148,77,76,0,76,0
2021-02-11,Amador,005,37829,3412,3368,29,3397,35
2021-02-11,Butte,007,227075,11098,10624,1571,12195,155
2021-02-11,Calaveras,009,45235,1866,1856,12,1868,21
2021-02-11,Colusa,011,21464,1850,1823,248,2071,10
2021-02-11,Contra Costa,013,1133247,61260,59633,1035,60668,605
2021-02-11,Del Norte,015,27424,938,894,4,898,2
2021-02-11,El Dorado,017,186661,8926,8698,584,9282,92
2021-02-11,Fresno,019,978130,94325,92168,7426,99594,1255
2021-02-11,Glenn,021,27897,2200,2166,478,2644,14
2021-02-11,Humboldt,023,135768,2993,2954,19,2973,29
2021-02-11,Imperial,025,180216,27023,26545,2492,29037,578
2021-02-11,Inyo,027,18085,1206,1144,8,1152,32
2021-02-11,Kern,029,883053,91629,89224,9342,98566,941
2021-02-11,Kings,031,150075,21873,21373,936,22309,202
2021-02-11,Lake,033,64148,3070,3002,1,3003,36
2021-02-11,Lassen,035,31185,5053,5004,89,5093,1
2021-02-11,Los Angeles,037,10098052,1156166,1128437,38507,1166944,18500
2021-02-11,Madera,039,155013,15269,14984,772,15756,106
2021-02-11,Marin,041,260295,12851,12682,154,12836,200
2021-02-11,Mariposa,043,17540,371,361,4,365,4
2021-02-11,Mendocino,045,87422,3562,3420,64,3484,38
2021-02-11,Merced,047,269075,27596,27325,819,28144,363
2021-02-11,Modoc,049,8938,334,317,113,430,3
2021-02-11,Mono,051,14174,1161,1173,15,1188,3
2021-02-11,Monterey,053,433212,41210,40469,1607,42076,295
2021-02-11,Napa,055,140530,8842,8777,33,8810,55
2021-02-11,Nevada,057,99092,3849,3720,154,3874,47
2021-02-11,Orange,059,3164182,243642,240590,9961,250551,3476
2021-02-11,Placer,061,380077,20080,19118,1070,20188,224
2021-02-11,Plumas,063,18699,633,592,10,602,4
2021-02-11,Riverside,065,2383286,281729,274313,13180,287493,3394
2021-02-11,Sacramento,067,1510023,91820,89988,1175,91163,1286
2021-02-11,San Benito,069,59416,5636,5609,83,5692,56
2021-02-11,San Bernardino,071,2135413,283135,276349,8398,284747,2774
2021-02-11,San Diego,073,3302833,258369,249971,12421,262392,2955
2021-02-11,San Francisco,075,870044,33344,33076,1005,34081,356
2021-02-11,San Joaquin,077,732212,65306,63719,2664,66383,971
2021-02-11,San Luis Obispo,079,281455,19095,18615,530,19145,219
2021-02-11,San Mateo,081,765935,38651,37439,384,37823,253
2021-02-11,Santa Barbara,083,443738,31838,30375,1068,31443,370
2021-02-11,Santa Clara,085,1922200,107424,106392,529,106921,1507
2021-02-11,Santa Cruz,087,273765,15063,14088,761,14849,165
2021-02-11,Shasta,089,179085,10730,10672,1159,11831,140
2021-02-11,Sierra,091,2930,49,45,12,57,0
2021-02-11,Siskiyou,093,43540,1416,1320,217,1537,4
2021-02-11,Solano,095,438530,29270,28885,342,29227,138
2021-02-11,Sonoma,097,501317,27172,26971,160,27131,272
2021-02-11,Stanislaus,099,539301,49290,48205,5157,53362,697
2021-02-11,Sutter,101,95872,8686,8590,79,8669,93
2021-02-11,Tehama,103,63373,4511,4463,483,4946,26
2021-02-11,Trinity,105,12862,456,269,71,340,3
2021-02-11,Tulare,107,460477,47311,45897,7581,53478,706
2021-02-11,Tuolumne,109,53932,3759,3716,30,3746,48
2021-02-11,Ventura,111,848112,75941,74959,2696,77655,590
2021-02-11,Yolo,113,214977,12561,12303,202,12505,173
2021-02-11,Yuba,115,75493,5364,5261,80,5341,38
2021-02-10,Alameda,001,1643700,78594,77344,1673,79017,944
2021-02-10,Alpine,003,1148,77,76,0,76,0
2021-02-10,Amador,005,37829,3400,3348,29,3377,35
2021-02-10,Butte,007,227075,11072,10594,1570,12164,155
2021-02-10,Calaveras,009,45235,1864,1850,12,1862,21
2021-02-10,Colusa,011,21464,1843,1815,246,2061,10
2021-02-10,Contra Costa,013,1133247,61088,59488,1033,60521,590
2021-02-10,Del Norte,015,27424,932,888,4,892,2
2021-02-10,El Dorado,017,186661,8895,8682,580,9262,87
2021-02-10,Fresno,019,978130,94150,91876,7400,99276,1247
2021-02-10,Glenn,021,27897,2198,2160,475,2635,14
2021-02-10,Humboldt,023,135768,2985,2924,19,2943,29
2021-02-10,Imperial,025,180216,26983,26522,2489,29011,578
2021-02-10,Inyo,027,18085,1194,1138,8,1146,30
2021-02-10,Kern,029,883053,91422,88933,9288,98221,926
2021-02-10,Kings,031,150075,21830,21294,934,22228,197
2021-02-10,Lake,033,64148,3057,2975,1,2976,36
2021-02-10,Lassen,035,31185,5049,4993,89,5082,1
2021-02-10,Los Angeles,037,10098052,1154423,1125437,38377,1163814,18338
2021-02-10,Madera,039,155013,15231,14925,770,15695,105
2021-02-10,Marin,041,260295,12814,12651,154,12805,199
2021-02-10,Mariposa,043,17540,369,360,4,364,4
2021-02-10,Mendocino,045,87422,3547,3395,64,3459,38
2021-02-10,Merced,047,269075,27514,27246,808,28054,359
2021-02-10,Modoc,049,8938,333,315,111,426,3
2021-02-10,Mono,051,14174,1156,1170,15,1185,3
2021-02-10,Monterey,053,433212,41129,40366,1593,41959,288
2021-02-10,Napa,055,140530,8823,8769,33,8802,55
2021-02-10,Nevada,057,99092,3834,3693,152,3845,47
2021-02-10,Orange,059,3164182,243222,239974,9930,249904,3439
2021-02-10,Placer,061,380077,20041,19062,1065,20127,220
2021-02-10,Plumas,063,18699,630,589,10,599,2
2021-02-10,Riverside,065,2383286,281304,273721,13170,286891,3374
2021-02-10,Sacramento,067,1510023,91569,89653,1171,90824,1275
2021-02-10,San Benito,069,59416,5622,5591,83,5674,55
2021-02-10,San Bernardino,071,2135413,282772,275616,8382,283998,2696
2021-02-10,San Diego,073,3302833,257788,248858,12383,261241,2904
2021-02-10,San Francisco,075,870044,33262,32955,1002,33957,351
2021-02-10,San Joaquin,077,732212,65165,63484,2650,66134,954
2021-02-10,San Luis Obispo,079,281455,19016,18549,528,19077,216
2021-02-10,San Mateo,081,765935,38561,37323,384,37707,245
2021-02-10,Santa Barbara,083,443738,31748,30216,1063,31279,359
2021-02-10,Santa Clara,085,1922200,107185,106048,526,106574,1489
2021-02-10,Santa Cruz,087,273765,15027,14007,759,14766,165
2021-02-10,Shasta,089,179085,10707,10645,1156,11801,142
2021-02-10,Sierra,091,2930,49,45,12,57,0
2021-02-10,Siskiyou,093,43540,1411,1314,216,1530,4
2021-02-10,Solano,095,438530,29195,28835,340,29175,137
2021-02-10,Sonoma,097,501317,27080,26881,158,27039,271
2021-02-10,Stanislaus,099,539301,49175,48016,5140,53156,696
2021-02-10,Sutter,101,95872,8669,8571,79,8650,93
2021-02-10,Tehama,103,63373,4503,4445,483,4928,23
2021-02-10,Trinity,105,12862,453,268,71,339,3
2021-02-10,Tulare,107,460477,47194,45782,7542,53324,696
2021-02-10,Tuolumne,109,53932,3751,3691,30,3721,48
2021-02-10,Ventura,111,848112,75714,74651,2679,77330,580
2021-02-10,Yolo,113,214977,12537,12276,201,12477,174
2021-02-10,Yuba,115,75493,5346,5241,80,5321,38
2021-02-09,Alameda,001,1643700,78332,77018,1670,78688,936
2021-02-09,Alpine,003,1148,77,76,0,76,0
2021-02-09,Amador,005,37829,3392,3347,29,3376,35
2021-02-09,Butte,007,227075,11045,10563,1568,12131,153
2021-02-09,Calaveras,009,45235,1860,1847,12,1859,21
2021-02-09,Colusa,011,21464,1834,1812,241,2053,10
2021-02-09,Contra Costa,013,1133247,60900,59307,1027,60334,583
2021-02-09,Del Norte,015,27424,926,886,4,890,2
2021-02-09,El Dorado,017,186661,8868,8663,579,9242,87
2021-02-09,Fresno,019,978130,93908,91730,7372,99102,1211
2021-02-09,Glenn,021,27897,2194,2156,474,2630,14
2021-02-09,Humboldt,023,135768,2977,2904,19,2923,29
2021-02-09,Imperial,025,180216,26955,26509,2486,28995,568
2021-02-09,Inyo,027,18085,1186,1137,8,1145,30
2021-02-09,Kern,029,883053,91173,88684,9242,97926,920
2021-02-09,Kings,031,150075,21789,21275,932,22207,196
2021-02-09,Lake,033,64148,3046,2955,1,2956,36
2021-02-09,Lassen,035,31185,5042,4983,89,5072,1
2021-02-09,Los Angeles,037,10098052,1152456,1122745,38290,1161035,18198
2021-02-09,Madera,039,155013,15211,14912,767,15679,105
2021-02-09,Marin,041,260295,12781,12623,153,12776,197
2021-02-09,Mariposa,043,17540,367,355,4,359,4
2021-02-09,Mendocino,045,87422,3529,3369,64,3433,38
2021-02-09,Merced,047,269075,27416,27166,803,27969,354
2021-02-09,Modoc,049,8938,332,316,111,427,3
2021-02-09,Mono,051,14174,1155,1167,15,1182,3
2021-02-09,Monterey,053,433212,41021,40279,1582,41861,285
2021-02-09,Napa,055,140530,8810,8749,33,8782,55
2021-02-09,Nevada,057,99092,3818,3687,152,3839,44
2021-02-09,Orange,059,3164182,242805,239169,9899,249068,3406
2021-02-09,Placer,061,380077,19977,19008,1058,20066,220
2021-02-09,Plumas,063,18699,630,584,10,594,2
2021-02-09,Riverside,065,2383286,280810,273465,13154,286619,3334
2021-02-09,Sacramento,067,1510023,91258,89378,1170,90548,1265
2021-02-09,San Benito,069,59416,5610,5566,82,5648,54
2021-02-09,San Bernardino,071,2135413,282397,274998,8369,283367,2613
2021-02-09,San Diego,073,3302833,257131,248048,12340,260388,2853
2021-02-09,San Francisco,075,870044,33183,32782,992,33774,349
2021-02-09,San Joaquin,077,732212,64991,63341,2645,65986,937
2021-02-09,San Luis Obispo,079,281455,18957,18489,527,19016,216
2021-02-09,San Mateo,081,765935,38430,37227,383,37610,235
2021-02-09,Santa Barbara,083,443738,31638,30118,1056,31174,351
2021-02-09,Santa Clara,085,1922200,106878,105762,523,106285,1463
2021-02-09,Santa Cruz,087,273765,14977,13958,754,14712,162
2021-02-09,Shasta,089,179085,10681,10595,1154,11749,139
2021-02-09,Sierra,091,2930,49,44,12,56,0
2021-02-09,Siskiyou,093,43540,1403,1306,214,1520,4
2021-02-09,Solano,095,438530,29118,28769,337,29106,131
2021-02-09,Sonoma,097,501317,26991,26826,156,26982,267
2021-02-09,Stanislaus,099,539301,49014,47906,5124,53030,679
2021-02-09,Sutter,101,95872,8652,8541,79,8620,92
2021-02-09,Tehama,103,63373,4496,4416,481,4897,22
2021-02-09,Trinity,105,12862,453,266,71,337,3
2021-02-09,Tulare,107,460477,47060,45704,7488,53192,686
2021-02-09,Tuolumne,109,53932,3731,3673,30,3703,48
2021-02-09,Ventura,111,848112,75464,74333,2671,77004,567
2021-02-09,Yolo,113,214977,12495,12220,201,12421,174
2021-02-09,Yuba,115,75493,5337,5235,80,5315,35
2021-02-08,Alameda,001,1643700,78070,76735,1665,78400,924
2021-02-08,Alpine,003,1148,77,73,0,73,0
2021-02-08,Amador,005,37829,3385,3344,28,3372,33
2021-02-08,Butte,007,227075,11023,10524,1565,12089,152
2021-02-08,Calaveras,009,45235,1859,1840,12,1852,21
2021-02-08,Colusa,011,21464,1826,1802,237,2039,10
2021-02-08,Contra Costa,013,1133247,60692,59039,1025,60064,567
2021-02-08,Del Norte,015,27424,923,885,4,889,2
2021-02-08,El Dorado,017,186661,8837,8627,577,9204,86
2021-02-08,Fresno,019,978130,93696,91430,7346,98776,1207
2021-02-08,Glenn,021,27897,2187,2148,472,2620,14
2021-02-08,Humboldt,023,135768,2969,2902,19,2921,29
2021-02-08,Imperial,025,180216,26936,26526,2484,29010,567
2021-02-08,Inyo,027,18085,1173,1126,8,1134,30
2021-02-08,Kern,029,883053,90958,88380,9184,97564,920
2021-02-08,Kings,031,150075,21727,21232,929,22161,195
2021-02-08,Lake,033,64148,3027,2949,1,2950,36
2021-02-08,Lassen,035,31185,5029,4976,89,5065,1
2021-02-08,Los Angeles,037,10098052,1150365,1120179,38171,1158350,17977
2021-02-08,Madera,039,155013,15175,14887,760,15647,93
2021-02-08,Marin,041,260295,12752,12591,153,12744,194
2021-02-08,Mariposa,043,17540,367,355,4,359,4
2021-02-08,Mendocino,045,87422,3515,3355,64,3419,38
2021-02-08,Merced,047,269075,27331,27082,798,27880,346
2021-02-08,Modoc,049,8938,330,318,111,429,3
2021-02-08,Mono,051,14174,1155,1165,15,1180,3
2021-02-08,Monterey,053,433212,40898,40186,1563,41749,283
2021-02-08,Napa,055,140530,8795,8719,33,8752,55
2021-02-08,Nevada,057,99092,3806,3671,152,3823,44
2021-02-08,Orange,059,3164182,242337,238715,9875,248590,3361
2021-02-08,Placer,061,380077,19933,18944,1052,19996,211
2021-02-08,Plumas,063,18699,629,584,10,594,2
2021-02-08,Riverside,065,2383286,280241,272904,13128,286032,3301
2021-02-08,Sacramento,067,1510023,90971,89267,1167,90434,1247
2021-02-08,San Benito,069,59416,5605,5553,81,5634,52
2021-02-08,San Bernardino,071,2135413,281994,274661,8363,283024,2587
2021-02-08,San Diego,073,3302833,256389,247259,12299,259558,2821
2021-02-08,San Francisco,075,870044,33089,32679,984,33663,348
2021-02-08,San Joaquin,077,732212,64830,63148,2635,65783,929
2021-02-08,San Luis Obispo,079,281455,18900,18421,522,18943,214
2021-02-08,San Mateo,081,765935,38321,37084,383,37467,232
2021-02-08,Santa Barbara,083,443738,31525,29978,1049,31027,340
2021-02-08,Santa Clara,085,1922200,106553,105413,515,105928,1456
2021-02-08,Santa Cruz,087,273765,14938,13921,748,14669,161
2021-02-08,Shasta,089,179085,10655,10574,1148,11722,137
2021-02-08,Sierra,091,2930,49,44,12,56,0
2021-02-08,Siskiyou,093,43540,1400,1303,214,1517,4
2021-02-08,Solano,095,438530,29054,28644,335,28979,130
2021-02-08,Sonoma,097,501317,26900,26760,155,26915,259
2021-02-08,Stanislaus,099,539301,48861,47704,5096,52800,679
2021-02-08,Sutter,101,95872,8633,8526,79,8605,92
2021-02-08,Tehama,103,63373,4481,4403,479,4882,22
2021-02-08,Trinity,105,12862,451,266,71,337,3
2021-02-08,Tulare,107,460477,46953,45617,7448,53065,673
2021-02-08,Tuolumne,109,53932,3723,3647,30,3677,48
2021-02-08,Ventura,111,848112,75207,74068,2665,76733,565
2021-02-08,Yolo,113,214977,12463,12169,200,12369,162
2021-02-08,Yuba,115,75493,5321,5215,80,5295,35
2021-02-07,Alameda,001,1643700,77766,76500,1657,78157,924
2021-02-07,Alpine,003,1148,74,72,0,72,0
2021-02-07,Amador,005,37829,3364,3343,28,3371,33
2021-02-07,Butte,007,227075,10990,10513,1555,12068,152
2021-02-07,Calaveras,009,45235,1855,1837,12,1849,21
2021-02-07,Colusa,011,21464,1815,1795,235,2030,10
2021-02-07,Contra Costa,013,1133247,60455,58836,1020,59856,566
2021-02-07,Del Norte,015,27424,919,881,4,885,2
2021-02-07,El Dorado,017,186661,8808,8596,575,9171,86
2021-02-07,Fresno,019,978130,93466,91184,7308,98492,1207
2021-02-07,Glenn,021,27897,2184,2141,468,2609,14
2021-02-07,Humboldt,023,135768,2948,2895,19,2914,28
2021-02-07,Imperial,025,180216,26909,26518,2478,28996,567
2021-02-07,Inyo,027,18085,1162,1124,8,1132,27
2021-02-07,Kern,029,883053,90713,88146,9127,97273,920
2021-02-07,Kings,031,150075,21666,21180,926,22106,192
2021-02-07,Lake,033,64148,3011,2940,1,2941,36
2021-02-07,Lassen,035,31185,5018,4973,89,5062,1
2021-02-07,Los Angeles,037,10098052,1147614,1117551,38043,1155594,17889
2021-02-07,Madera,039,155013,15141,14850,756,15606,93
2021-02-07,Marin,041,260295,12718,12571,151,12722,194
2021-02-07,Mariposa,043,17540,366,355,4,359,4
2021-02-07,Mendocino,045,87422,3498,3348,64,3412,38
2021-02-07,Merced,047,269075,27220,26977,786,27763,346
2021-02-07,Modoc,049,8938,330,317,107,424,3
2021-02-07,Mono,051,14174,1152,1165,15,1180,3
2021-02-07,Monterey,053,433212,40762,40113,1542,41655,283
2021-02-07,Napa,055,140530,8772,8701,33,8734,55
2021-02-07,Nevada,057,99092,3795,3643,151,3794,44
2021-02-07,Orange,059,3164182,241739,238155,9843,247998,3336
2021-02-07,Placer,061,380077,19885,18903,1039,19942,211
2021-02-07,Plumas,063,18699,629,584,10,594,2
2021-02-07,Riverside,065,2383286,279713,272301,13107,285408,3267
2021-02-07,Sacramento,067,1510023,90639,88919,1160,90079,1246
2021-02-07,San Benito,069,59416,5586,5548,80,5628,52
2021-02-07,San Bernardino,071,2135413,281411,274316,8338,282654,2587
2021-02-07,San Diego,073,3302833,255603,246561,12235,258796,2821
2021-02-07,San Francisco,075,870044,32968,32609,972,33581,348
2021-02-07,San Joaquin,077,732212,64557,63051,2620,65671,929
2021-02-07,San Luis Obispo,079,281455,18827,18349,515,18864,214
2021-02-07,San Mateo,081,765935,38187,36984,381,37365,232
2021-02-07,Santa Barbara,083,443738,31387,29815,1038,30853,340
2021-02-07,Santa Clara,085,1922200,106213,105118,505,105623,1450
2021-02-07,Santa Cruz,087,273765,14884,13887,744,14631,161
2021-02-07,Shasta,089,179085,10635,10570,1140,11710,137
2021-02-07,Sierra,091,2930,49,43,12,55,0
2021-02-07,Siskiyou,093,43540,1393,1295,212,1507,4
2021-02-07,Solano,095,438530,28944,28567,334,28901,130
2021-02-07,Sonoma,097,501317,26793,26684,151,26835,257
2021-02-07,Stanislaus,099,539301,48671,47551,5064,52615,679
2021-02-07,Sutter,101,95872,8605,8515,79,8594,92
2021-02-07,Tehama,103,63373,4467,4396,477,4873,22
2021-02-07,Trinity,105,12862,448,264,69,333,3
2021-02-07,Tulare,107,460477,46831,45520,7370,52890,671
2021-02-07,Tuolumne,109,53932,3699,3619,29,3648,48
2021-02-07,Ventura,111,848112,74898,73759,2653,76412,561
2021-02-07,Yolo,113,214977,12419,12135,200,12335,162
2021-02-07,Yuba,115,75493,5306,5198,78,5276,35
2021-02-06,Alameda,001,1643700,77609,76170,1646,77816,922
2021-02-06,Alpine,003,1148,74,72,0,72,0
2021-02-06,Amador,005,37829,3358,3306,28,3334,33
2021-02-06,Butte,007,227075,10973,10480,1551,12031,150
2021-02-06,Calaveras,009,45235,1853,1832,12,1844,21
2021-02-06,Colusa,011,21464,1813,1791,234,2025,10
2021-02-06,Contra Costa,013,1133247,60309,58567,1014,59581,566
2021-02-06,Del Norte,015,27424,915,879,4,883,2
2021-02-06,El Dorado,017,186661,8801,8575,571,9146,86
2021-02-06,Fresno,019,978130,93353,90944,7288,98232,1207
2021-02-06,Glenn,021,27897,2183,2136,466,2602,14
2021-02-06,Humboldt,023,135768,2937,2880,19,2899,28
2021-02-06,Imperial,025,180216,26899,26514,2477,28991,567
2021-02-06,Inyo,027,18085,1159,1113,8,1121,27
2021-02-06,Kern,029,883053,90561,87919,9081,97000,912
2021-02-06,Kings,031,150075,21636,21156,926,22082,190
2021-02-06,Lake,033,64148,3006,2920,1,2921,34
2021-02-06,Lassen,035,31185,5014,4964,88,5052,1
2021-02-06,Los Angeles,037,10098052,1146260,1114718,37945,1152663,17793
2021-02-06,Madera,039,155013,15120,14807,754,15561,93
2021-02-06,Marin,041,260295,12698,12531,151,12682,194
2021-02-06,Mariposa,043,17540,365,355,3,358,4
2021-02-06,Mendocino,045,87422,3480,3316,63,3379,38
2021-02-06,Merced,047,269075,27134,26881,779,27660,346
2021-02-06,Modoc,049,8938,330,313,107,420,3
2021-02-06,Mono,051,14174,1151,1159,15,1174,3
2021-02-06,Monterey,053,433212,40706,39995,1534,41529,282
2021-02-06,Napa,055,140530,8759,8639,33,8672,55
2021-02-06,Nevada,057,99092,3783,3624,151,3775,43
2021-02-06,Orange,059,3164182,241375,237391,9809,247200,3293
2021-02-06,Placer,061,380077,19848,18836,1036,19872,211
2021-02-06,Plumas,063,18699,629,584,10,594,2
2021-02-06,Riverside,065,2383286,279347,271741,13088,284829,3243
2021-02-06,Sacramento,067,1510023,90422,88532,1150,89682,1237
2021-02-06,San Benito,069,59416,5568,5516,80,5596,52
2021-02-06,San Bernardino,071,2135413,281105,273718,8315,282033,2564
2021-02-06,San Diego,073,3302833,255107,245331,12200,257531,2812
2021-02-06,San Francisco,075,870044,32894,32437,962,33399,346
2021-02-06,San Joaquin,077,732212,64478,62840,2609,65449,906
2021-02-06,San Luis Obispo,079,281455,18785,18284,511,18795,214
2021-02-06,San Mateo,081,765935,38119,36824,378,37202,232
2021-02-06,Santa Barbara,083,443738,31312,29645,1036,30681,337
2021-02-06,Santa Clara,085,1922200,105992,104639,500,105139,1439
2021-02-06,Santa Cruz,087,273765,14853,13845,740,14585,161
2021-02-06,Shasta,089,179085,10624,10561,1138,11699,137
2021-02-06,Sierra,091,2930,49,43,12,55,0
2021-02-06,Siskiyou,093,43540,1390,1289,211,1500,4
2021-02-06,Solano,095,438530,28908,28446,333,28779,129
2021-02-06,Sonoma,097,501317,26757,26564,149,26713,257
2021-02-06,Stanislaus,099,539301,48573,47325,5048,52373,679
2021-02-06,Sutter,101,95872,8597,8485,79,8564,92
2021-02-06,Tehama,103,63373,4460,4380,475,4855,22
2021-02-06,Trinity,105,12862,448,263,69,332,3
2021-02-06,Tulare,107,460477,46763,45349,7323,52672,664
2021-02-06,Tuolumne,109,53932,3692,3612,29,3641,48
2021-02-06,Ventura,111,848112,74718,73431,2647,76078,552
2021-02-06,Yolo,113,214977,12396,12061,200,12261,161
2021-02-06,Yuba,115,75493,5296,5177,77,5254,35
2021-02-05,Alameda,001,1643700,77384,75716,1644,77360,916
2021-02-05,Alpine,003,1148,74,72,0,72,0
2021-02-05,Amador,005,37829,3353,3299,27,3326,33
2021-02-05,Butte,007,227075,10955,10421,1545,11966,150
2021-02-05,Calaveras,009,45235,1849,1818,12,1830,21
2021-02-05,Colusa,011,21464,1809,1785,234,2019,10
2021-02-05,Contra Costa,013,1133247,60148,58195,1012,59207,560
2021-02-05,Del Norte,015,27424,914,874,4,878,2
2021-02-05,El Dorado,017,186661,8781,8527,569,9096,86
2021-02-05,Fresno,019,978130,93151,90513,7267,97780,1194
2021-02-05,Glenn,021,27897,2177,2122,461,2583,14
2021-02-05,Humboldt,023,135768,2927,2857,19,2876,28
2021-02-05,Imperial,025,180216,26880,26474,2476,28950,557
2021-02-05,Inyo,027,18085,1155,1104,8,1112,27
2021-02-05,Kern,029,883053,90392,87470,9014,96484,906
2021-02-05,Kings,031,150075,21598,21021,923,21944,190
2021-02-05,Lake,033,64148,2994,2906,1,2907,33
2021-02-05,Lassen,035,31185,5010,4936,88,5024,1
2021-02-05,Los Angeles,037,10098052,1144166,1110384,37809,1148193,17608
2021-02-05,Madera,039,155013,15086,14752,749,15501,95
2021-02-05,Marin,041,260295,12663,12479,151,12630,193
2021-02-05,Mariposa,043,17540,365,352,3,355,4
2021-02-05,Mendocino,045,87422,3466,3272,63,3335,38
2021-02-05,Merced,047,269075,27074,26760,778,27538,345
2021-02-05,Modoc,049,8938,330,312,107,419,3
2021-02-05,Mono,051,14174,1150,1157,15,1172,3
2021-02-05,Monterey,053,433212,40642,39840,1523,41363,281
2021-02-05,Napa,055,140530,8745,8598,33,8631,55
2021-02-05,Nevada,057,99092,3780,3607,151,3758,43
2021-02-05,Orange,059,3164182,240948,236335,9782,246117,3260
2021-02-05,Placer,061,380077,19813,18756,1034,19790,211
2021-02-05,Plumas,063,18699,627,578,10,588,2
2021-02-05,Riverside,065,2383286,278936,270666,13069,283735,3235
2021-02-05,Sacramento,067,1510023,90242,87992,1143,89135,1231
2021-02-05,San Benito,069,59416,5557,5502,80,5582,51
2021-02-05,San Bernardino,071,2135413,280766,272938,8297,281235,2495
2021-02-05,San Diego,073,3302833,254531,244066,12165,256231,2777
2021-02-05,San Francisco,075,870044,32804,32229,951,33180,337
2021-02-05,San Joaquin,077,732212,64328,62565,2601,65166,902
2021-02-05,San Luis Obispo,079,281455,18724,18152,507,18659,213
2021-02-05,San Mateo,081,765935,38035,36582,377,36959,227
2021-02-05,Santa Barbara,083,443738,31218,29455,1023,30478,334
2021-02-05,Santa Clara,085,1922200,105744,104112,498,104610,1421
2021-02-05,Santa Cruz,087,273765,14832,13776,738,14514,161
2021-02-05,Shasta,089,179085,10608,10507,1131,11638,136
2021-02-05,Sierra,091,2930,49,42,12,54,0
2021-02-05,Siskiyou,093,43540,1383,1276,209,1485,4
2021-02-05,Solano,095,438530,28858,28283,333,28616,127
2021-02-05,Sonoma,097,501317,26688,26423,146,26569,252
2021-02-05,Stanislaus,099,539301,48431,47024,5030,52054,678
2021-02-05,Sutter,101,95872,8577,8443,79,8522,92
2021-02-05,Tehama,103,63373,4452,4355,475,4830,22
2021-02-05,Trinity,105,12862,447,260,69,329,3
2021-02-05,Tulare,107,460477,46687,45138,7273,52411,663
2021-02-05,Tuolumne,109,53932,3666,3595,29,3624,45
2021-02-05,Ventura,111,848112,74473,72953,2635,75588,546
2021-02-05,Yolo,113,214977,12377,12025,195,12220,162
2021-02-05,Yuba,115,75493,5279,5145,77,5222,35
2021-02-04,Alameda,001,1643700,77100,75422,1638,77060,899
2021-02-04,Alpine,003,1148,73,72,0,72,0
2021-02-04,Amador,005,37829,3350,3288,27,3315,33
2021-02-04,Butte,007,227075,10922,10386,1537,11923,147
2021-02-04,Calaveras,009,45235,1847,1808,12,1820,21
2021-02-04,Colusa,011,21464,1805,1777,232,2009,10
2021-02-04,Contra Costa,013,1133247,59959,57991,1008,58999,550
2021-02-04,Del Norte,015,27424,908,870,4,874,2
2021-02-04,El Dorado,017,186661,8755,8490,566,9056,86
2021-02-04,Fresno,019,978130,92936,90126,7240,97366,1114
2021-02-04,Glenn,021,27897,2173,2102,461,2563,14
2021-02-04,Humboldt,023,135768,2917,2827,19,2846,28
2021-02-04,Imperial,025,180216,26833,26411,2473,28884,556
2021-02-04,Inyo,027,18085,1143,1084,8,1092,27
2021-02-04,Kern,029,883053,90118,87156,8936,96092,898
2021-02-04,Kings,031,150075,21547,20918,916,21834,187
2021-02-04,Lake,033,64148,2982,2882,1,2883,34
2021-02-04,Lassen,035,31185,5007,4927,88,5015,1
2021-02-04,Los Angeles,037,10098052,1141377,1106323,37681,1144004,17396
2021-02-04,Madera,039,155013,15056,14706,746,15452,95
2021-02-04,Marin,041,260295,12627,12431,151,12582,192
2021-02-04,Mariposa,043,17540,365,348,3,351,4
2021-02-04,Mendocino,045,87422,3448,3240,61,3301,38
2021-02-04,Merced,047,269075,26981,26629,775,27404,345
2021-02-04,Modoc,049,8938,330,309,107,416,3
2021-02-04,Mono,051,14174,1148,1153,15,1168,3
2021-02-04,Monterey,053,433212,40533,39619,1506,41125,279
2021-02-04,Napa,055,140530,8716,8573,33,8606,55
2021-02-04,Nevada,057,99092,3760,3590,150,3740,37
2021-02-04,Orange,059,3164182,240307,235677,9740,245417,3238
2021-02-04,Placer,061,380077,19753,18711,1025,19736,210
2021-02-04,Plumas,063,18699,624,562,10,572,2
2021-02-04,Riverside,065,2383286,278175,269851,13030,282881,3230
2021-02-04,Sacramento,067,1510023,89941,87658,1133,88791,1222
2021-02-04,San Benito,069,59416,5543,5488,79,5567,51
2021-02-04,San Bernardino,071,2135413,280217,272223,8277,280500,2409
2021-02-04,San Diego,073,3302833,253743,242613,12099,254712,2738
2021-02-04,San Francisco,075,870044,32690,32116,942,33058,326
2021-02-04,San Joaquin,077,732212,64103,62374,2593,64967,883
2021-02-04,San Luis Obispo,079,281455,18657,18058,505,18563,211
2021-02-04,San Mateo,081,765935,37915,36437,374,36811,226
2021-02-04,Santa Barbara,083,443738,31086,29344,1006,30350,322
2021-02-04,Santa Clara,085,1922200,105395,103781,495,104276,1404
2021-02-04,Santa Cruz,087,273765,14799,13713,730,14443,156
2021-02-04,Shasta,089,179085,10582,10466,1126,11592,131
2021-02-04,Sierra,091,2930,49,42,12,54,0
2021-02-04,Siskiyou,093,43540,1374,1273,209,1482,4
2021-02-04,Solano,095,438530,28755,28192,332,28524,120
2021-02-04,Sonoma,097,501317,26606,26276,142,26418,249
2021-02-04,Stanislaus,099,539301,48268,46822,5011,51833,678
2021-02-04,Sutter,101,95872,8557,8401,79,8480,92
2021-02-04,Tehama,103,63373,4436,4327,475,4802,21
2021-02-04,Trinity,105,12862,446,260,68,328,3
2021-02-04,Tulare,107,460477,46560,44983,7210,52193,656
2021-02-04,Tuolumne,109,53932,3626,3585,29,3614,45
2021-02-04,Ventura,111,848112,74141,72595,2622,75217,537
2021-02-04,Yolo,113,214977,12343,11982,194,12176,161
2021-02-04,Yuba,115,75493,5253,5135,77,5212,34
2021-02-03,Alameda,001,1643700,76769,74968,1634,76602,880
2021-02-03,Alpine,003,1148,73,72,0,72,0
2021-02-03,Amador,005,37829,3346,3281,27,3308,33
2021-02-03,Butte,007,227075,10886,10355,1530,11885,144
2021-02-03,Calaveras,009,45235,1833,1799,11,1810,21
2021-02-03,Colusa,011,21464,1800,1773,231,2004,10
2021-02-03,Contra Costa,013,1133247,59720,57762,996,58758,537
2021-02-03,Del Norte,015,27424,903,869,4,873,2
2021-02-03,El Dorado,017,186661,8735,8428,565,8993,86
2021-02-03,Fresno,019,978130,92715,89748,7200,96948,1015
2021-02-03,Glenn,021,27897,2164,2098,459,2557,14
2021-02-03,Humboldt,023,135768,2907,2800,19,2819,27
2021-02-03,Imperial,025,180216,26799,26363,2467,28830,547
2021-02-03,Inyo,027,18085,1133,1071,8,1079,27
2021-02-03,Kern,029,883053,89876,86771,8895,95666,877
2021-02-03,Kings,031,150075,21486,20831,914,21745,172
2021-02-03,Lake,033,64148,2965,2869,1,2870,33
2021-02-03,Lassen,035,31185,4996,4910,88,4998,1
2021-02-03,Los Angeles,037,10098052,1138304,1101890,37555,1139445,17163
2021-02-03,Madera,039,155013,15017,14605,744,15349,94
2021-02-03,Marin,041,260295,12593,12406,151,12557,190
2021-02-03,Mariposa,043,17540,364,347,3,350,4
2021-02-03,Mendocino,045,87422,3422,3236,60,3296,38
2021-02-03,Merced,047,269075,26865,26520,770,27290,343
2021-02-03,Modoc,049,8938,329,308,107,415,3
2021-02-03,Mono,051,14174,1141,1146,15,1161,3
2021-02-03,Monterey,053,433212,40405,39500,1488,40988,279
2021-02-03,Napa,055,140530,8681,8534,33,8567,54
2021-02-03,Nevada,057,99092,3746,3572,150,3722,35
2021-02-03,Orange,059,3164182,239564,234738,9708,244446,3189
2021-02-03,Placer,061,380077,19697,18646,1023,19669,210
2021-02-03,Plumas,063,18699,624,559,10,569,2
2021-02-03,Riverside,065,2383286,277437,269019,13000,282019,3195
2021-02-03,Sacramento,067,1510023,89618,87415,1129,88544,1212
2021-02-03,San Benito,069,59416,5525,5463,76,5539,51
2021-02-03,San Bernardino,071,2135413,279735,271477,8254,279731,2308
2021-02-03,San Diego,073,3302833,252842,241015,12052,253067,2683
2021-02-03,San Francisco,075,870044,32560,31983,937,32920,325
2021-02-03,San Joaquin,077,732212,63875,61976,2583,64559,880
2021-02-03,San Luis Obispo,079,281455,18579,17922,502,18424,206
2021-02-03,San Mateo,081,765935,37777,36227,370,36597,225
2021-02-03,Santa Barbara,083,443738,30939,29121,996,30117,315
2021-02-03,Santa Clara,085,1922200,105077,103278,493,103771,1364
2021-02-03,Santa Cruz,087,273765,14744,13611,724,14335,154
2021-02-03,Shasta,089,179085,10539,10422,1121,11543,130
2021-02-03,Sierra,091,2930,49,42,12,54,0
2021-02-03,Siskiyou,093,43540,1363,1268,208,1476,4
2021-02-03,Solano,095,438530,28633,28057,332,28389,119
2021-02-03,Sonoma,097,501317,26522,26155,141,26296,248
2021-02-03,Stanislaus,099,539301,48092,46598,4992,51590,662
2021-02-03,Sutter,101,95872,8532,8379,79,8458,90
2021-02-03,Tehama,103,63373,4414,4309,472,4781,21
2021-02-03,Trinity,105,12862,446,260,67,327,3
2021-02-03,Tulare,107,460477,46389,44838,7153,51991,640
2021-02-03,Tuolumne,109,53932,3615,3568,29,3597,45
2021-02-03,Ventura,111,848112,73805,72124,2611,74735,526
2021-02-03,Yolo,113,214977,12319,11933,193,12126,161
2021-02-03,Yuba,115,75493,5235,5124,77,5201,34
2021-02-02,Alameda,001,1643700,76424,74642,1622,76264,869
2021-02-02,Alpine,003,1148,73,72,0,72,0
2021-02-02,Amador,005,37829,3315,3275,27,3302,33
2021-02-02,Butte,007,227075,10859,10307,1522,11829,141
2021-02-02,Calaveras,009,45235,1824,1786,11,1797,21
2021-02-02,Colusa,011,21464,1792,1769,226,1995,9
2021-02-02,Contra Costa,013,1133247,59440,57551,992,58543,536
2021-02-02,Del Norte,015,27424,897,868,4,872,2
2021-02-02,El Dorado,017,186661,8695,8405,565,8970,84
2021-02-02,Fresno,019,978130,92413,89542,7164,96706,1009
2021-02-02,Glenn,021,27897,2152,2090,456,2546,14
2021-02-02,Humboldt,023,135768,2895,2784,19,2803,25
2021-02-02,Imperial,025,180216,26748,26317,2460,28777,535
2021-02-02,Inyo,027,18085,1130,1074,8,1082,27
2021-02-02,Kern,029,883053,89574,86485,8819,95304,867
2021-02-02,Kings,031,150075,21408,20785,906,21691,172
2021-02-02,Lake,033,64148,2945,2857,1,2858,33
2021-02-02,Lassen,035,31185,4989,4908,88,4996,1
2021-02-02,Los Angeles,037,10098052,1134928,1097573,37389,1134962,16913
2021-02-02,Madera,039,155013,14966,14595,739,15334,94
2021-02-02,Marin,041,260295,12564,12367,151,12518,189
2021-02-02,Mariposa,043,17540,361,345,3,348,4
2021-02-02,Mendocino,045,87422,3389,3210,60,3270,38
2021-02-02,Merced,047,269075,26768,26427,763,27190,340
2021-02-02,Modoc,049,8938,324,306,107,413,3
2021-02-02,Mono,051,14174,1139,1147,15,1162,3
2021-02-02,Monterey,053,433212,40270,39371,1474,40845,278
2021-02-02,Napa,055,140530,8652,8505,33,8538,53
2021-02-02,Nevada,057,99092,3731,3548,150,3698,20
2021-02-02,Orange,059,3164182,238761,233783,9673,243456,3152
2021-02-02,Placer,061,380077,19637,18615,1019,19634,205
2021-02-02,Plumas,063,18699,624,560,10,570,2
2021-02-02,Riverside,065,2383286,276576,267901,12966,280867,3169
2021-02-02,Sacramento,067,1510023,89329,87107,1118,88225,1202
2021-02-02,San Benito,069,59416,5511,5444,75,5519,50
2021-02-02,San Bernardino,071,2135413,279059,270486,8224,278710,2244
2021-02-02,San Diego,073,3302833,251803,240047,11965,252012,2629
2021-02-02,San Francisco,075,870044,32405,31788,927,32715,324
2021-02-02,San Joaquin,077,732212,63655,61708,2569,64277,878
2021-02-02,San Luis Obispo,079,281455,18485,17811,500,18311,201
2021-02-02,San Mateo,081,765935,37613,36004,364,36368,225
2021-02-02,Santa Barbara,083,443738,30770,28951,989,29940,304
2021-02-02,Santa Clara,085,1922200,104613,102872,488,103360,1349
2021-02-02,Santa Cruz,087,273765,14685,13572,720,14292,150
2021-02-02,Shasta,089,179085,10513,10371,1111,11482,128
2021-02-02,Sierra,091,2930,49,42,12,54,0
2021-02-02,Siskiyou,093,43540,1356,1252,205,1457,4
2021-02-02,Solano,095,438530,28537,27963,328,28291,118
2021-02-02,Sonoma,097,501317,26404,26054,141,26195,247
2021-02-02,Stanislaus,099,539301,47872,46306,4960,51266,641
2021-02-02,Sutter,101,95872,8509,8340,79,8419,89
2021-02-02,Tehama,103,63373,4401,4289,471,4760,21
2021-02-02,Trinity,105,12862,446,260,67,327,3
2021-02-02,Tulare,107,460477,46233,44720,7087,51807,625
2021-02-02,Tuolumne,109,53932,3603,3548,29,3577,39
2021-02-02,Ventura,111,848112,73387,71557,2601,74158,514
2021-02-02,Yolo,113,214977,12274,11886,186,12072,158
2021-02-02,Yuba,115,75493,5217,5111,77,5188,34
2021-02-01,Alameda,001,1643700,76068,74374,1617,75991,858
2021-02-01,Alpine,003,1148,73,72,0,72,0
2021-02-01,Amador,005,37829,3304,3234,27,3261,32
2021-02-01,Butte,007,227075,10817,10263,1518,11781,141
2021-02-01,Calaveras,009,45235,1816,1785,11,1796,21
2021-02-01,Colusa,011,21464,1787,1763,217,1980,9
2021-02-01,Contra Costa,013,1133247,59195,57324,991,58315,531
2021-02-01,Del Norte,015,27424,894,865,4,869,2
2021-02-01,El Dorado,017,186661,8656,8337,565,8902,83
2021-02-01,Fresno,019,978130,92081,89272,7129,96401,994
2021-02-01,Glenn,021,27897,2137,2086,448,2534,14
2021-02-01,Humboldt,023,135768,2873,2773,18,2791,25
2021-02-01,Imperial,025,180216,26705,26224,2458,28682,530
2021-02-01,Inyo,027,18085,1120,1072,8,1080,27
2021-02-01,Kern,029,883053,89177,86170,8750,94920,862
2021-02-01,Kings,031,150075,21317,20746,898,21644,172
2021-02-01,Lake,033,64148,2929,2843,1,2844,33
2021-02-01,Lassen,035,31185,4969,4907,88,4995,1
2021-02-01,Los Angeles,037,10098052,1131113,1094341,37218,1131559,16695
2021-02-01,Madera,039,155013,14931,14572,736,15308,94
2021-02-01,Marin,041,260295,12524,12341,150,12491,188
2021-02-01,Mariposa,043,17540,359,344,3,347,4
2021-02-01,Mendocino,045,87422,3356,3192,60,3252,37
2021-02-01,Merced,047,269075,26642,26282,754,27036,337
2021-02-01,Modoc,049,8938,318,303,103,406,1
2021-02-01,Mono,051,14174,1136,1145,15,1160,3
2021-02-01,Monterey,053,433212,40089,39196,1452,40648,278
2021-02-01,Napa,055,140530,8620,8449,33,8482,52
2021-02-01,Nevada,057,99092,3714,3535,149,3684,20
2021-02-01,Orange,059,3164182,237852,233155,9627,242782,3100
2021-02-01,Placer,061,380077,19568,18574,1012,19586,204
2021-02-01,Plumas,063,18699,622,554,10,564,2
2021-02-01,Riverside,065,2383286,275635,267025,12929,279954,3092
2021-02-01,Sacramento,067,1510023,88928,86856,1107,87963,1193
2021-02-01,San Benito,069,59416,5493,5432,75,5507,48
2021-02-01,San Bernardino,071,2135413,278364,270012,8184,278196,2172
2021-02-01,San Diego,073,3302833,250579,239121,11889,251010,2619
2021-02-01,San Francisco,075,870044,32271,31703,915,32618,324
2021-02-01,San Joaquin,077,732212,63450,61542,2558,64100,877
2021-02-01,San Luis Obispo,079,281455,18365,17690,493,18183,199
2021-02-01,San Mateo,081,765935,37463,35843,364,36207,220
2021-02-01,Santa Barbara,083,443738,30600,28837,981,29818,297
2021-02-01,Santa Clara,085,1922200,104198,102462,487,102949,1343
2021-02-01,Santa Cruz,087,273765,14632,13524,718,14242,149
2021-02-01,Shasta,089,179085,10488,10329,1105,11434,112
2021-02-01,Sierra,091,2930,49,42,12,54,0
2021-02-01,Siskiyou,093,43540,1349,1238,202,1440,4
2021-02-01,Solano,095,438530,28432,27844,327,28171,117
2021-02-01,Sonoma,097,501317,26316,26011,140,26151,243
2021-02-01,Stanislaus,099,539301,47613,46112,4932,51044,642
2021-02-01,Sutter,101,95872,8469,8313,79,8392,89
2021-02-01,Tehama,103,63373,4377,4263,471,4734,21
2021-02-01,Trinity,105,12862,444,260,67,327,3
2021-02-01,Tulare,107,460477,46089,44569,7006,51575,618
2021-02-01,Tuolumne,109,53932,3595,3534,29,3563,39
2021-02-01,Ventura,111,848112,72981,71104,2585,73689,502
2021-02-01,Yolo,113,214977,12229,11824,178,12002,151
2021-02-01,Yuba,115,75493,5203,5084,76,5160,33
2021-01-31,Alameda,001,1643700,75645,73979,1609,75588,857
2021-01-31,Alpine,003,1148,73,72,0,72,0
2021-01-31,Amador,005,37829,3294,3212,25,3237,32
2021-01-31,Butte,007,227075,10775,10215,1507,11722,140
2021-01-31,Calaveras,009,45235,1793,1778,11,1789,21
2021-01-31,Colusa,011,21464,1780,1754,212,1966,9
2021-01-31,Contra Costa,013,1133247,58864,57079,991,58070,531
2021-01-31,Del Norte,015,27424,892,865,4,869,2
2021-01-31,El Dorado,017,186661,8620,8317,563,8880,83
2021-01-31,Fresno,019,978130,91769,88852,7076,95928,994
2021-01-31,Glenn,021,27897,2126,2083,447,2530,14
2021-01-31,Humboldt,023,135768,2857,2767,18,2785,25
2021-01-31,Imperial,025,180216,26633,26206,2449,28655,530
2021-01-31,Inyo,027,18085,1107,1072,8,1080,27
2021-01-31,Kern,029,883053,88681,85872,8664,94536,861
2021-01-31,Kings,031,150075,21232,20709,886,21595,172
2021-01-31,Lake,033,64148,2908,2826,1,2827,33
2021-01-31,Lassen,035,31185,4953,4900,88,4988,1
2021-01-31,Los Angeles,037,10098052,1126500,1090304,37014,1127318,16609
2021-01-31,Madera,039,155013,14877,14496,728,15224,94
2021-01-31,Marin,041,260295,12477,12297,146,12443,185
2021-01-31,Mariposa,043,17540,357,344,3,347,4
2021-01-31,Mendocino,045,87422,3333,3181,59,3240,37
2021-01-31,Merced,047,269075,26498,26222,749,26971,337
2021-01-31,Modoc,049,8938,315,304,101,405,1
2021-01-31,Mono,051,14174,1133,1146,15,1161,3
2021-01-31,Monterey,053,433212,39909,39035,1425,40460,278
2021-01-31,Napa,055,140530,8578,8404,33,8437,52
2021-01-31,Nevada,057,99092,3692,3518,147,3665,20
2021-01-31,Orange,059,3164182,236833,232347,9586,241933,3053
2021-01-31,Placer,061,380077,19495,18506,1000,19506,204
2021-01-31,Plumas,063,18699,621,554,10,564,2
2021-01-31,Riverside,065,2383286,274618,266145,12882,279027,3074
2021-01-31,Sacramento,067,1510023,88486,86560,1093,87653,1186
2021-01-31,San Benito,069,59416,5471,5425,73,5498,48
2021-01-31,San Bernardino,071,2135413,277333,269533,8153,277686,2156
2021-01-31,San Diego,073,3302833,249266,238039,11775,249814,2619
2021-01-31,San Francisco,075,870044,32080,31563,904,32467,323
2021-01-31,San Joaquin,077,732212,63046,61379,2548,63927,877
2021-01-31,San Luis Obispo,079,281455,18231,17615,488,18103,199
2021-01-31,San Mateo,081,765935,37273,35659,361,36020,219
2021-01-31,Santa Barbara,083,443738,30361,28570,972,29542,297
2021-01-31,Santa Clara,085,1922200,103651,101986,478,102464,1330
2021-01-31,Santa Cruz,087,273765,14537,13469,704,14173,149
2021-01-31,Shasta,089,179085,10443,10313,1096,11409,112
2021-01-31,Sierra,091,2930,48,43,12,55,0
2021-01-31,Siskiyou,093,43540,1339,1238,202,1440,4
2021-01-31,Solano,095,438530,28302,27678,327,28005,118
2021-01-31,Sonoma,097,501317,26214,25925,139,26064,243
2021-01-31,Stanislaus,099,539301,47327,45971,4894,50865,642
2021-01-31,Sutter,101,95872,8424,8289,79,8368,89
2021-01-31,Tehama,103,63373,4357,4256,470,4726,21
2021-01-31,Trinity,105,12862,442,260,67,327,3
2021-01-31,Tulare,107,460477,45922,44440,6925,51365,618
2021-01-31,Tuolumne,109,53932,3556,3519,29,3548,39
2021-01-31,Ventura,111,848112,72386,70635,2572,73207,502
2021-01-31,Yolo,113,214977,12168,11771,172,11943,151
2021-01-31,Yuba,115,75493,5183,5071,75,5146,33
2021-01-30,Alameda,001,1643700,75440,73622,1604,75226,850
2021-01-30,Alpine,003,1148,73,72,0,72,0
2021-01-30,Amador,005,37829,3290,3181,25,3206,32
2021-01-30,Butte,007,227075,10740,10177,1498,11675,139
2021-01-30,Calaveras,009,45235,1780,1763,11,1774,21
2021-01-30,Colusa,011,21464,1778,1748,212,1960,9
2021-01-30,Contra Costa,013,1133247,58680,56763,987,57750,531
2021-01-30,Del Norte,015,27424,891,865,4,869,2
2021-01-30,El Dorado,017,186661,8600,8299,562,8861,83
2021-01-30,Fresno,019,978130,91589,88476,7056,95532,964
2021-01-30,Glenn,021,27897,2123,2074,445,2519,14
2021-01-30,Humboldt,023,135768,2846,2742,18,2760,24
2021-01-30,Imperial,025,180216,26611,26160,2445,28605,530
2021-01-30,Inyo,027,18085,1103,1068,8,1076,27
2021-01-30,Kern,029,883053,88480,85572,8598,94170,848
2021-01-30,Kings,031,150075,21161,20605,881,21486,169
2021-01-30,Lake,033,64148,2902,2809,1,2810,33
2021-01-30,Lassen,035,31185,4949,4890,88,4978,1
2021-01-30,Los Angeles,037,10098052,1124124,1084763,36871,1121634,16484
2021-01-30,Madera,039,155013,14835,14443,723,15166,94
2021-01-30,Marin,041,260295,12449,12225,145,12370,185
2021-01-30,Mariposa,043,17540,355,344,3,347,4
2021-01-30,Mendocino,045,87422,3319,3153,58,3211,36
2021-01-30,Merced,047,269075,26423,26078,748,26826,335
2021-01-30,Modoc,049,8938,315,303,101,404,1
2021-01-30,Mono,051,14174,1133,1143,15,1158,3
2021-01-30,Monterey,053,433212,39848,38847,1422,40269,277
2021-01-30,Napa,055,140530,8562,8342,33,8375,52
2021-01-30,Nevada,057,99092,3673,3499,147,3646,20
2021-01-30,Orange,059,3164182,236286,231358,9549,240907,3013
2021-01-30,Placer,061,380077,19444,18430,994,19424,205
2021-01-30,Plumas,063,18699,619,554,10,564,2
2021-01-30,Riverside,065,2383286,274019,265137,12851,277988,3061
2021-01-30,Sacramento,067,1510023,88293,86388,1088,87476,1184
2021-01-30,San Benito,069,59416,5453,5401,72,5473,48
2021-01-30,San Bernardino,071,2135413,276917,268660,8134,276794,2122
2021-01-30,San Diego,073,3302833,248503,236765,11730,248495,2603
2021-01-30,San Francisco,075,870044,31979,31427,901,32328,316
2021-01-30,San Joaquin,077,732212,62914,61120,2539,63659,864
2021-01-30,San Luis Obispo,079,281455,18151,17522,486,18008,198
2021-01-30,San Mateo,081,765935,37134,35451,360,35811,219
2021-01-30,Santa Barbara,083,443738,30217,28342,970,29312,296
2021-01-30,Santa Clara,085,1922200,103305,101471,475,101946,1307
2021-01-30,Santa Cruz,087,273765,14497,13383,703,14086,149
2021-01-30,Shasta,089,179085,10424,10283,1093,11376,112
2021-01-30,Sierra,091,2930,48,43,12,55,0
2021-01-30,Siskiyou,093,43540,1336,1236,201,1437,4
2021-01-30,Solano,095,438530,28219,27511,325,27836,118
2021-01-30,Sonoma,097,501317,26165,25810,136,25946,243
2021-01-30,Stanislaus,099,539301,47198,45697,4871,50568,642
2021-01-30,Sutter,101,95872,8408,8226,79,8305,87
2021-01-30,Tehama,103,63373,4343,4229,469,4698,21
2021-01-30,Trinity,105,12862,442,259,67,326,3
2021-01-30,Tulare,107,460477,45787,44203,6888,51091,615
2021-01-30,Tuolumne,109,53932,3552,3508,29,3537,36
2021-01-30,Ventura,111,848112,72073,69931,2558,72489,493
2021-01-30,Yolo,113,214977,12154,11698,171,11869,151
2021-01-30,Yuba,115,75493,5173,5042,74,5116,33
2021-01-29,Alameda,001,1643700,75171,73210,1597,74807,841
2021-01-29,Alpine,003,1148,73,72,0,72,0
2021-01-29,Amador,005,37829,3278,3134,24,3158,32
2021-01-29,Butte,007,227075,10709,10122,1488,11610,138
2021-01-29,Calaveras,009,45235,1773,1757,11,1768,21
2021-01-29,Colusa,011,21464,1774,1734,211,1945,8
2021-01-29,Contra Costa,013,1133247,58508,56318,985,57303,529
2021-01-29,Del Norte,015,27424,890,865,4,869,2
2021-01-29,El Dorado,017,186661,8583,8231,561,8792,83
2021-01-29,Fresno,019,978130,91373,87936,7018,94954,962
2021-01-29,Glenn,021,27897,2118,2061,444,2505,14
2021-01-29,Humboldt,023,135768,2833,2707,18,2725,24
2021-01-29,Imperial,025,180216,26596,26045,2442,28487,521
2021-01-29,Inyo,027,18085,1091,1048,8,1056,27
2021-01-29,Kern,029,883053,88253,85044,8546,93590,836
2021-01-29,Kings,031,150075,21122,20466,876,21342,169
2021-01-29,Lake,033,64148,2893,2792,1,2793,32
2021-01-29,Lassen,035,31185,4946,4874,88,4962,1
2021-01-29,Los Angeles,037,10098052,1120653,1078329,36717,1115046,16190
2021-01-29,Madera,039,155013,14784,14377,723,15100,94
2021-01-29,Marin,041,260295,12406,12145,144,12289,185
2021-01-29,Mariposa,043,17540,354,342,3,345,4
2021-01-29,Mendocino,045,87422,3310,3131,57,3188,36
2021-01-29,Merced,047,269075,26348,25865,744,26609,334
2021-01-29,Modoc,049,8938,314,297,101,398,1
2021-01-29,Mono,051,14174,1131,1139,15,1154,3
2021-01-29,Monterey,053,433212,39728,38539,1414,39953,277
2021-01-29,Napa,055,140530,8530,8276,33,8309,52
2021-01-29,Nevada,057,99092,3664,3487,146,3633,20
2021-01-29,Orange,059,3164182,235608,229917,9511,239428,2967
2021-01-29,Placer,061,380077,19388,18367,990,19357,203
2021-01-29,Plumas,063,18699,618,548,10,558,2
2021-01-29,Riverside,065,2383286,273212,263504,12818,276322,3008
2021-01-29,Sacramento,067,1510023,88038,86320,1084,87404,1169
2021-01-29,San Benito,069,59416,5445,5386,72,5458,48
2021-01-29,San Bernardino,071,2135413,276401,267490,8093,275583,2095
2021-01-29,San Diego,073,3302833,247561,234637,11652,246289,2571
2021-01-29,San Francisco,075,870044,31838,31294,892,32186,307
2021-01-29,San Joaquin,077,732212,62769,60899,2524,63423,858
2021-01-29,San Luis Obispo,079,281455,18091,17440,481,17921,193
2021-01-29,San Mateo,081,765935,37000,35223,357,35580,218
2021-01-29,Santa Barbara,083,443738,30087,28105,964,29069,291
2021-01-29,Santa Clara,085,1922200,102942,101010,473,101483,1273
2021-01-29,Santa Cruz,087,273765,14444,13311,700,14011,148
2021-01-29,Shasta,089,179085,10407,10220,1089,11309,112
2021-01-29,Sierra,091,2930,48,43,12,55,0
2021-01-29,Siskiyou,093,43540,1335,1227,201,1428,4
2021-01-29,Solano,095,438530,28134,27352,322,27674,116
2021-01-29,Sonoma,097,501317,26104,25710,135,25845,243
2021-01-29,Stanislaus,099,539301,47050,45466,4852,50318,642
2021-01-29,Sutter,101,95872,8389,8181,79,8260,87
2021-01-29,Tehama,103,63373,4330,4191,467,4658,20
2021-01-29,Trinity,105,12862,442,260,67,327,3
2021-01-29,Tulare,107,460477,45680,43925,6849,50774,606
2021-01-29,Tuolumne,109,53932,3542,3483,29,3512,36
2021-01-29,Ventura,111,848112,71649,69511,2544,72055,484
2021-01-29,Yolo,113,214977,12116,11612,170,11782,151
2021-01-29,Yuba,115,75493,5157,5018,74,5092,32
2021-01-28,Alameda,001,1643700,74744,72758,1589,74347,833
2021-01-28,Alpine,003,1148,73,72,0,72,0
2021-01-28,Amador,005,37829,3241,3124,24,3148,31
2021-01-28,Butte,007,227075,10669,10037,1477,11514,138
2021-01-28,Calaveras,009,45235,1758,1747,10,1757,21
2021-01-28,Colusa,011,21464,1767,1731,207,1938,8
2021-01-28,Contra Costa,013,1133247,58265,55999,975,56974,525
2021-01-28,Del Norte,015,27424,889,862,4,866,2
2021-01-28,El Dorado,017,186661,8570,8198,556,8754,79
2021-01-28,Fresno,019,978130,91085,87401,6969,94370,949
2021-01-28,Glenn,021,27897,2113,2043,435,2478,14
2021-01-28,Humboldt,023,135768,2816,2686,18,2704,24
2021-01-28,Imperial,025,180216,26552,25984,2435,28419,517
2021-01-28,Inyo,027,18085,1086,1039,8,1047,27
2021-01-28,Kern,029,883053,87922,84708,8462,93170,817
2021-01-28,Kings,031,150075,21062,20328,872,21200,167
2021-01-28,Lake,033,64148,2878,2772,1,2773,32
2021-01-28,Lassen,035,31185,4940,4865,88,4953,1
2021-01-28,Los Angeles,037,10098052,1116760,1072412,36529,1108941,15967
2021-01-28,Madera,039,155013,14728,14301,719,15020,94
2021-01-28,Marin,041,260295,12353,12079,143,12222,183
2021-01-28,Mariposa,043,17540,354,334,3,337,4
2021-01-28,Mendocino,045,87422,3293,3110,57,3167,36
2021-01-28,Merced,047,269075,26223,25620,736,26356,328
2021-01-28,Modoc,049,8938,313,297,101,398,0
2021-01-28,Mono,051,14174,1129,1131,15,1146,3
2021-01-28,Monterey,053,433212,39527,38312,1396,39708,274
2021-01-28,Napa,055,140530,8483,8233,33,8266,50
2021-01-28,Nevada,057,99092,3649,3452,145,3597,19
2021-01-28,Orange,059,3164182,234627,228636,9481,238117,2860
2021-01-28,Placer,061,380077,19319,18246,987,19233,198
2021-01-28,Plumas,063,18699,617,547,10,557,2
2021-01-28,Riverside,065,2383286,272422,262342,12770,275112,2981
2021-01-28,Sacramento,067,1510023,87675,85698,1073,86771,1149
2021-01-28,San Benito,069,59416,5427,5344,71,5415,47
2021-01-28,San Bernardino,071,2135413,275707,266456,8072,274528,2057
2021-01-28,San Diego,073,3302833,246409,232967,11563,244530,2534
2021-01-28,San Francisco,075,870044,31701,31193,876,32069,290
2021-01-28,San Joaquin,077,732212,62503,60627,2509,63136,854
2021-01-28,San Luis Obispo,079,281455,17991,17279,479,17758,189
2021-01-28,San Mateo,081,765935,36831,34931,341,35272,218
2021-01-28,Santa Barbara,083,443738,29868,27674,951,28625,284
2021-01-28,Santa Clara,085,1922200,102474,100470,471,100941,1219
2021-01-28,Santa Cruz,087,273765,14355,13188,694,13882,145
2021-01-28,Shasta,089,179085,10373,10176,1081,11257,110
2021-01-28,Sierra,091,2930,48,43,12,55,0
2021-01-28,Siskiyou,093,43540,1328,1218,199,1417,4
2021-01-28,Solano,095,438530,27974,27163,321,27484,114
2021-01-28,Sonoma,097,501317,26012,25564,135,25699,236
2021-01-28,Stanislaus,099,539301,46833,45162,4830,49992,640
2021-01-28,Sutter,101,95872,8341,8136,79,8215,85
2021-01-28,Tehama,103,63373,4310,4163,464,4627,20
2021-01-28,Trinity,105,12862,440,260,67,327,3
2021-01-28,Tulare,107,460477,45523,43742,6769,50511,595
2021-01-28,Tuolumne,109,53932,3528,3472,29,3501,32
2021-01-28,Ventura,111,848112,71136,68896,2527,71423,475
2021-01-28,Yolo,113,214977,12074,11500,165,11665,151
2021-01-28,Yuba,115,75493,5141,4994,73,5067,32
2021-01-27,Alameda,001,1643700,74320,72188,1581,73769,815
2021-01-27,Alpine,003,1148,73,72,0,72,0
2021-01-27,Amador,005,37829,3225,3116,24,3140,31
2021-01-27,Butte,007,227075,10630,9988,1465,11453,138
2021-01-27,Calaveras,009,45235,1749,1737,10,1747,21
2021-01-27,Colusa,011,21464,1761,1724,205,1929,8
2021-01-27,Contra Costa,013,1133247,57967,55578,972,56550,507
2021-01-27,Del Norte,015,27424,888,859,4,863,2
2021-01-27,El Dorado,017,186661,8544,8141,555,8696,76
2021-01-27,Fresno,019,978130,90795,86886,6926,93812,938
2021-01-27,Glenn,021,27897,2109,2042,434,2476,14
2021-01-27,Humboldt,023,135768,2794,2630,18,2648,24
2021-01-27,Imperial,025,180216,26498,25861,2421,28282,504
2021-01-27,Inyo,027,18085,1082,1023,8,1031,27
2021-01-27,Kern,029,883053,87609,84244,8392,92636,809
2021-01-27,Kings,031,150075,20956,20211,864,21075,167
2021-01-27,Lake,033,64148,2858,2750,1,2751,32
2021-01-27,Lassen,035,31185,4934,4851,88,4939,1
2021-01-27,Los Angeles,037,10098052,1111986,1066569,36317,1102886,15757
2021-01-27,Madera,039,155013,14687,14194,714,14908,86
2021-01-27,Marin,041,260295,12316,12028,142,12170,180
2021-01-27,Mariposa,043,17540,354,333,3,336,4
2021-01-27,Mendocino,045,87422,3273,3095,57,3152,36
2021-01-27,Merced,047,269075,26064,25439,725,26164,315
2021-01-27,Modoc,049,8938,313,297,98,395,0
2021-01-27,Mono,051,14174,1127,1131,15,1146,3
2021-01-27,Monterey,053,433212,39323,38139,1377,39516,268
2021-01-27,Napa,055,140530,8411,8187,33,8220,46
2021-01-27,Nevada,057,99092,3627,3431,145,3576,18
2021-01-27,Orange,059,3164182,233506,227110,9427,236537,2832
2021-01-27,Placer,061,380077,19246,18106,976,19082,198
2021-01-27,Plumas,063,18699,617,544,10,554,2
2021-01-27,Riverside,065,2383286,271213,260796,12719,273515,2931
2021-01-27,Sacramento,067,1510023,87314,85428,1062,86490,1142
2021-01-27,San Benito,069,59416,5412,5284,71,5355,47
2021-01-27,San Bernardino,071,2135413,274856,265153,8041,273194,2019
2021-01-27,San Diego,073,3302833,245079,231478,11458,242936,2465
2021-01-27,San Francisco,075,870044,31558,31082,869,31951,287
2021-01-27,San Joaquin,077,732212,62234,60131,2486,62617,853
2021-01-27,San Luis Obispo,079,281455,17884,17119,475,17594,188
2021-01-27,San Mateo,081,765935,36676,34619,338,34957,216
2021-01-27,Santa Barbara,083,443738,29694,27435,945,28380,282
2021-01-27,Santa Clara,085,1922200,102070,99732,467,100199,1184
2021-01-27,Santa Cruz,087,273765,14285,13111,691,13802,143
2021-01-27,Shasta,089,179085,10339,10106,1075,11181,105
2021-01-27,Sierra,091,2930,48,44,12,56,0
2021-01-27,Siskiyou,093,43540,1322,1214,196,1410,4
2021-01-27,Solano,095,438530,27797,26982,314,27296,112
2021-01-27,Sonoma,097,501317,25914,25361,135,25496,237
2021-01-27,Stanislaus,099,539301,46647,44874,4802,49676,624
2021-01-27,Sutter,101,95872,8298,8093,78,8171,83
2021-01-27,Tehama,103,63373,4285,4133,460,4593,20
2021-01-27,Trinity,105,12862,440,260,67,327,3
2021-01-27,Tulare,107,460477,45335,43462,6697,50159,583
2021-01-27,Tuolumne,109,53932,3518,3464,29,3493,32
2021-01-27,Ventura,111,848112,70662,68291,2502,70793,468
2021-01-27,Yolo,113,214977,12027,11427,161,11588,151
2021-01-27,Yuba,115,75493,5125,4968,73,5041,32
2021-01-26,Alameda,001,1643700,73945,71851,1564,73415,789
2021-01-26,Alpine,003,1148,73,72,0,72,0
2021-01-26,Amador,005,37829,3214,3113,24,3137,31
2021-01-26,Butte,007,227075,10588,9943,1459,11402,136
2021-01-26,Calaveras,009,45235,1741,1723,10,1733,21
2021-01-26,Colusa,011,21464,1754,1719,202,1921,8
2021-01-26,Contra Costa,013,1133247,57686,55337,964,56301,491
2021-01-26,Del Norte,015,27424,887,856,4,860,2
2021-01-26,El Dorado,017,186661,8519,8115,552,8667,71
2021-01-26,Fresno,019,978130,90437,86673,6881,93554,923
2021-01-26,Glenn,021,27897,2099,2034,430,2464,13
2021-01-26,Humboldt,023,135768,2772,2612,17,2629,24
2021-01-26,Imperial,025,180216,26426,25812,2408,28220,498
2021-01-26,Inyo,027,18085,1075,1018,8,1026,27
2021-01-26,Kern,029,883053,87184,83868,8313,92181,790
2021-01-26,Kings,031,150075,20898,20156,859,21015,159
2021-01-26,Lake,033,64148,2849,2748,1,2749,32
2021-01-26,Lassen,035,31185,4928,4844,88,4932,1
2021-01-26,Los Angeles,037,10098052,1106725,1060492,36110,1096602,15458
2021-01-26,Madera,039,155013,14630,14130,708,14838,86
2021-01-26,Marin,041,260295,12271,11993,140,12133,179
2021-01-26,Mariposa,043,17540,352,332,3,335,3
2021-01-26,Mendocino,045,87422,3247,3076,56,3132,36
2021-01-26,Merced,047,269075,25924,25359,718,26077,309
2021-01-26,Modoc,049,8938,306,291,97,388,0
2021-01-26,Mono,051,14174,1126,1120,15,1135,3
2021-01-26,Monterey,053,433212,39129,37963,1356,39319,255
2021-01-26,Napa,055,140530,8354,8145,33,8178,43
2021-01-26,Nevada,057,99092,3620,3410,144,3554,18
2021-01-26,Orange,059,3164182,232381,225987,9382,235369,2760
2021-01-26,Placer,061,380077,19171,18016,974,18990,193
2021-01-26,Plumas,063,18699,615,536,10,546,2
2021-01-26,Riverside,065,2383286,269830,259399,12656,272055,2898
2021-01-26,Sacramento,067,1510023,86956,85062,1055,86117,1127
2021-01-26,San Benito,069,59416,5398,5251,70,5321,45
2021-01-26,San Bernardino,071,2135413,273859,263736,7997,271733,1970
2021-01-26,San Diego,073,3302833,243586,230063,11356,241419,2421
2021-01-26,San Francisco,075,870044,31425,30874,850,31724,286
2021-01-26,San Joaquin,077,732212,61981,59889,2470,62359,847
2021-01-26,San Luis Obispo,079,281455,17803,17016,472,17488,186
2021-01-26,San Mateo,081,765935,36482,34441,327,34768,213
2021-01-26,Santa Barbara,083,443738,29522,27321,933,28254,273
2021-01-26,Santa Clara,085,1922200,101591,99215,463,99678,1171
2021-01-26,Santa Cruz,087,273765,14220,13045,685,13730,134
2021-01-26,Shasta,089,179085,10304,10036,1067,11103,103
2021-01-26,Sierra,091,2930,48,43,12,55,0
2021-01-26,Siskiyou,093,43540,1308,1208,194,1402,4
2021-01-26,Solano,095,438530,27641,26858,308,27166,110
2021-01-26,Sonoma,097,501317,25791,25273,133,25406,236
2021-01-26,Stanislaus,099,539301,46462,44703,4761,49464,599
2021-01-26,Sutter,101,95872,8255,8067,78,8145,83
2021-01-26,Tehama,103,63373,4254,4115,460,4575,20
2021-01-26,Trinity,105,12862,440,260,67,327,3
2021-01-26,Tulare,107,460477,45132,43394,6628,50022,579
2021-01-26,Tuolumne,109,53932,3508,3451,29,3480,30
2021-01-26,Ventura,111,848112,70130,67526,2476,70002,448
2021-01-26,Yolo,113,214977,11982,11361,158,11519,148
2021-01-26,Yuba,115,75493,5100,4944,71,5015,31
2021-01-25,Alameda,001,1643700,73513,71255,1554,72809,780
2021-01-25,Alpine,003,1148,73,72,0,72,0
2021-01-25,Amador,005,37829,3174,3074,24,3098,30
2021-01-25,Butte,007,227075,10522,9865,1451,11316,133
2021-01-25,Calaveras,009,45235,1726,1713,10,1723,21
2021-01-25,Colusa,011,21464,1742,1709,198,1907,8
2021-01-25,Contra Costa,013,1133247,57329,54989,957,55946,488
2021-01-25,Del Norte,015,27424,886,855,4,859,2
2021-01-25,El Dorado,017,186661,8495,8060,552,8612,66
2021-01-25,Fresno,019,978130,90066,86336,6849,93185,913
2021-01-25,Glenn,021,27897,2088,2028,430,2458,13
2021-01-25,Humboldt,023,135768,2738,2587,17,2604,24
2021-01-25,Imperial,025,180216,26376,25745,2400,28145,491
2021-01-25,Inyo,027,18085,1069,1015,8,1023,27
2021-01-25,Kern,029,883053,86788,83401,8226,91627,787
2021-01-25,Kings,031,150075,20778,20067,855,20922,159
2021-01-25,Lake,033,64148,2830,2729,1,2730,32
2021-01-25,Lassen,035,31185,4902,4835,88,4923,1
2021-01-25,Los Angeles,037,10098052,1100792,1055181,35881,1091062,15163
2021-01-25,Madera,039,155013,14576,14068,703,14771,86
2021-01-25,Marin,041,260295,12219,11923,136,12059,177
2021-01-25,Mariposa,043,17540,349,331,3,334,3
2021-01-25,Mendocino,045,87422,3236,3054,56,3110,35
2021-01-25,Merced,047,269075,25785,25181,709,25890,305
2021-01-25,Modoc,049,8938,305,288,93,381,0
2021-01-25,Mono,051,14174,1123,1114,14,1128,3
2021-01-25,Monterey,053,433212,38874,37726,1336,39062,255
2021-01-25,Napa,055,140530,8320,8057,32,8089,43
2021-01-25,Nevada,057,99092,3606,3365,144,3509,18
2021-01-25,Orange,059,3164182,231177,225105,9341,234446,2696
2021-01-25,Placer,061,380077,19084,17936,959,18895,193
2021-01-25,Plumas,063,18699,612,533,10,543,2
2021-01-25,Riverside,065,2383286,268070,258082,12600,270682,2789
2021-01-25,Sacramento,067,1510023,86512,84653,1047,85700,1118
2021-01-25,San Benito,069,59416,5361,5238,69,5307,43
2021-01-25,San Bernardino,071,2135413,272909,263174,7961,271135,1947
2021-01-25,San Diego,073,3302833,241971,228630,11284,239914,2375
2021-01-25,San Francisco,075,870044,31276,30734,827,31561,288
2021-01-25,San Joaquin,077,732212,61686,59291,2445,61736,838
2021-01-25,San Luis Obispo,079,281455,17669,16868,467,17335,179
2021-01-25,San Mateo,081,765935,36247,34187,321,34508,213
2021-01-25,Santa Barbara,083,443738,29291,27065,923,27988,269
2021-01-25,Santa Clara,085,1922200,101019,98647,456,99103,1143
2021-01-25,Santa Cruz,087,273765,14133,12973,680,13653,133
2021-01-25,Shasta,089,179085,10263,9991,1056,11047,103
2021-01-25,Sierra,091,2930,48,42,12,54,0
2021-01-25,Siskiyou,093,43540,1300,1205,191,1396,4
2021-01-25,Solano,095,438530,27472,26648,307,26955,109
2021-01-25,Sonoma,097,501317,25680,25160,131,25291,233
2021-01-25,Stanislaus,099,539301,46216,44293,4717,49010,599
2021-01-25,Sutter,101,95872,8211,8023,78,8101,83
2021-01-25,Tehama,103,63373,4227,4082,456,4538,20
2021-01-25,Trinity,105,12862,440,262,67,329,3
2021-01-25,Tulare,107,460477,44917,43124,6523,49647,578
2021-01-25,Tuolumne,109,53932,3499,3422,29,3451,29
2021-01-25,Ventura,111,848112,69487,66910,2459,69369,439
2021-01-25,Yolo,113,214977,11895,11276,157,11433,140
2021-01-25,Yuba,115,75493,5076,4900,69,4969,31
2021-01-24,Alameda,001,1643700,73006,70823,1543,72366,780
2021-01-24,Alpine,003,1148,73,72,0,72,0
2021-01-24,Amador,005,37829,3141,3054,24,3078,30
2021-01-24,Butte,007,227075,10438,9820,1432,11252,133
2021-01-24,Calaveras,009,45235,1713,1704,10,1714,21
2021-01-24,Colusa,011,21464,1731,1689,192,1881,8
2021-01-24,Contra Costa,013,1133247,56939,54694,944,55638,488
2021-01-24,Del Norte,015,27424,882,855,4,859,2
2021-01-24,El Dorado,017,186661,8460,8003,548,8551,66
2021-01-24,Fresno,019,978130,89629,85808,6809,92617,911
2021-01-24,Glenn,021,27897,2082,2026,428,2454,13
2021-01-24,Humboldt,023,135768,2699,2562,17,2579,24
2021-01-24,Imperial,025,180216,26280,25707,2374,28081,488
2021-01-24,Inyo,027,18085,1053,1007,8,1015,27
2021-01-24,Kern,029,883053,86345,83125,8118,91243,785
2021-01-24,Kings,031,150075,20650,19988,839,20827,159
2021-01-24,Lake,033,64148,2812,2724,0,2724,32
2021-01-24,Lassen,035,31185,4891,4828,85,4913,1
2021-01-24,Los Angeles,037,10098052,1094421,1048757,35571,1084328,15119
2021-01-24,Madera,039,155013,14486,14000,697,14697,86
2021-01-24,Marin,041,260295,12152,11872,134,12006,177
2021-01-24,Mariposa,043,17540,345,322,3,325,3
2021-01-24,Mendocino,045,87422,3215,3037,55,3092,33
2021-01-24,Merced,047,269075,25572,25047,701,25748,305
2021-01-24,Modoc,049,8938,305,285,93,378,0
2021-01-24,Mono,051,14174,1116,1113,14,1127,3
2021-01-24,Monterey,053,433212,38596,37527,1304,38831,254
2021-01-24,Napa,055,140530,8278,8005,32,8037,43
2021-01-24,Nevada,057,99092,3564,3349,142,3491,18
2021-01-24,Orange,059,3164182,229746,223853,9271,233124,2632
2021-01-24,Placer,061,380077,18976,17839,939,18778,193
2021-01-24,Plumas,063,18699,609,532,10,542,2
2021-01-24,Riverside,065,2383286,266418,256767,12522,269289,2761
2021-01-24,Sacramento,067,1510023,85943,84110,1039,85149,1112
2021-01-24,San Benito,069,59416,5319,5223,66,5289,43
2021-01-24,San Bernardino,071,2135413,271584,262370,7907,270277,1935
2021-01-24,San Diego,073,3302833,240278,227193,11153,238346,2375
2021-01-24,San Francisco,075,870044,31089,30559,805,31364,275
2021-01-24,San Joaquin,077,732212,61258,59021,2429,61450,838
2021-01-24,San Luis Obispo,079,281455,17547,16758,465,17223,179
2021-01-24,San Mateo,081,765935,36003,33956,316,34272,213
2021-01-24,Santa Barbara,083,443738,28976,26735,913,27648,269
2021-01-24,Santa Clara,085,1922200,100372,98103,451,98554,1109
2021-01-24,Santa Cruz,087,273765,14047,12905,672,13577,133
2021-01-24,Shasta,089,179085,10192,9978,1047,11025,103
2021-01-24,Sierra,091,2930,47,42,12,54,0
2021-01-24,Siskiyou,093,43540,1293,1195,191,1386,4
2021-01-24,Solano,095,438530,27283,26515,303,26818,109
2021-01-24,Sonoma,097,501317,25496,25045,130,25175,233
2021-01-24,Stanislaus,099,539301,45905,44031,4657,48688,599
2021-01-24,Sutter,101,95872,8142,7980,78,8058,83
2021-01-24,Tehama,103,63373,4188,4062,449,4511,20
2021-01-24,Trinity,105,12862,440,262,67,329,3
2021-01-24,Tulare,107,460477,44698,43006,6430,49436,577
2021-01-24,Tuolumne,109,53932,3489,3416,29,3445,29
2021-01-24,Ventura,111,848112,68773,66347,2434,68781,439
2021-01-24,Yolo,113,214977,11810,11210,153,11363,140
2021-01-24,Yuba,115,75493,5036,4875,68,4943,31
2021-01-23,Alameda,001,1643700,72758,70080,1536,71616,780
2021-01-23,Alpine,003,1148,73,72,0,72,0
2021-01-23,Amador,005,37829,3138,3049,24,3073,30
2021-01-23,Butte,007,227075,10408,9757,1427,11184,133
2021-01-23,Calaveras,009,45235,1710,1695,10,1705,21
2021-01-23,Colusa,011,21464,1727,1672,191,1863,8
2021-01-23,Contra Costa,013,1133247,56726,54162,936,55098,487
2021-01-23,Del Norte,015,27424,881,855,4,859,2
2021-01-23,El Dorado,017,186661,8444,7984,546,8530,66
2021-01-23,Fresno,019,978130,89443,85274,6779,92053,910
2021-01-23,Glenn,021,27897,2079,2015,424,2439,13
2021-01-23,Humboldt,023,135768,2680,2493,16,2509,23
2021-01-23,Imperial,025,180216,26247,25581,2365,27946,487
2021-01-23,Inyo,027,18085,1044,987,8,995,27
2021-01-23,Kern,029,883053,86099,82602,8046,90648,783
2021-01-23,Kings,031,150075,20606,19904,837,20741,159
2021-01-23,Lake,033,64148,2804,2673,0,2673,32
2021-01-23,Lassen,035,31185,4890,4816,82,4898,1
2021-01-23,Los Angeles,037,10098052,1091210,1040961,35414,1076375,15034
2021-01-23,Madera,039,155013,14450,13858,695,14553,86
2021-01-23,Marin,041,260295,12096,11796,132,11928,177
2021-01-23,Mariposa,043,17540,345,323,3,326,3
2021-01-23,Mendocino,045,87422,3201,2991,55,3046,32
2021-01-23,Merced,047,269075,25479,24787,688,25475,303
2021-01-23,Modoc,049,8938,305,285,93,378,0
2021-01-23,Mono,051,14174,1114,1111,14,1125,3
2021-01-23,Monterey,053,433212,38513,37165,1299,38464,253
2021-01-23,Napa,055,140530,8253,7893,32,7925,43
2021-01-23,Nevada,057,99092,3553,3332,141,3473,18
2021-01-23,Orange,059,3164182,228973,221722,9231,230953,2618
2021-01-23,Placer,061,380077,18924,17617,934,18551,193
2021-01-23,Plumas,063,18699,608,528,10,538,2
2021-01-23,Riverside,065,2383286,265514,253636,12469,266105,2733
2021-01-23,Sacramento,067,1510023,85715,83408,1036,84444,1108
2021-01-23,San Benito,069,59416,5295,5166,65,5231,43
2021-01-23,San Bernardino,071,2135413,271039,260381,7875,268256,1922
2021-01-23,San Diego,073,3302833,239217,225556,11081,236637,2344
2021-01-23,San Francisco,075,870044,30983,30308,776,31084,268
2021-01-23,San Joaquin,077,732212,61132,58164,2419,60583,836
2021-01-23,San Luis Obispo,079,281455,17483,16652,462,17114,176
2021-01-23,San Mateo,081,765935,35827,33696,305,34001,213
2021-01-23,Santa Barbara,083,443738,28794,26234,904,27138,264
2021-01-23,Santa Clara,085,1922200,100017,97189,450,97639,1086
2021-01-23,Santa Cruz,087,273765,13989,12771,669,13440,127
2021-01-23,Shasta,089,179085,10162,9951,1046,10997,103
2021-01-23,Sierra,091,2930,47,41,12,53,0
2021-01-23,Siskiyou,093,43540,1283,1190,190,1380,4
2021-01-23,Solano,095,438530,27190,26261,301,26562,107
2021-01-23,Sonoma,097,501317,25422,24790,130,24920,232
2021-01-23,Stanislaus,099,539301,45741,43723,4628,48351,599
2021-01-23,Sutter,101,95872,8124,7943,77,8020,80
2021-01-23,Tehama,103,63373,4169,4006,448,4454,20
2021-01-23,Trinity,105,12862,440,262,67,329,3
2021-01-23,Tulare,107,460477,44545,42661,6370,49031,575
2021-01-23,Tuolumne,109,53932,3482,3407,29,3436,29
2021-01-23,Ventura,111,848112,68325,65581,2411,67992,438
2021-01-23,Yolo,113,214977,11768,11087,149,11236,141
2021-01-23,Yuba,115,75493,5024,4831,67,4898,30
2021-01-22,Alameda,001,1643700,72437,69693,1530,71223,751
2021-01-22,Alpine,003,1148,73,71,0,71,0
2021-01-22,Amador,005,37829,3133,3042,24,3066,30
2021-01-22,Butte,007,227075,10359,9711,1414,11125,133
2021-01-22,Calaveras,009,45235,1703,1672,10,1682,21
2021-01-22,Colusa,011,21464,1725,1668,191,1859,7
2021-01-22,Contra Costa,013,1133247,56488,53887,930,54817,485
2021-01-22,Del Norte,015,27424,880,852,4,856,2
2021-01-22,El Dorado,017,186661,8411,7877,543,8420,64
2021-01-22,Fresno,019,978130,89102,84744,6751,91495,892
2021-01-22,Glenn,021,27897,2075,1985,419,2404,13
2021-01-22,Humboldt,023,135768,2656,2452,16,2468,23
2021-01-22,Imperial,025,180216,26212,25562,2350,27912,474
2021-01-22,Inyo,027,18085,1033,961,8,969,26
2021-01-22,Kern,029,883053,85799,82101,7973,90074,771
2021-01-22,Kings,031,150075,20530,19760,833,20593,159
2021-01-22,Lake,033,64148,2792,2681,0,2681,32
2021-01-22,Lassen,035,31185,4882,4765,81,4846,1
2021-01-22,Los Angeles,037,10098052,1086771,1031177,35222,1066399,14777
2021-01-22,Madera,039,155013,14389,13781,694,14475,86
2021-01-22,Marin,041,260295,12059,11769,130,11899,177
2021-01-22,Mariposa,043,17540,345,323,3,326,3
2021-01-22,Mendocino,045,87422,3176,2994,54,3048,32
2021-01-22,Merced,047,269075,25356,24616,680,25296,290
2021-01-22,Modoc,049,8938,305,285,93,378,0
2021-01-22,Mono,051,14174,1114,1108,14,1122,3
2021-01-22,Monterey,053,433212,38359,36909,1294,38203,253
2021-01-22,Napa,055,140530,8207,7828,32,7860,40
2021-01-22,Nevada,057,99092,3528,3296,140,3436,18
2021-01-22,Orange,059,3164182,228021,220384,9184,229568,2542
2021-01-22,Placer,061,380077,18868,17636,919,18555,193
2021-01-22,Plumas,063,18699,606,522,10,532,2
2021-01-22,Riverside,065,2383286,264359,252440,12403,264843,2710
2021-01-22,Sacramento,067,1510023,85389,82861,1028,83889,1094
2021-01-22,San Benito,069,59416,5270,5143,65,5208,43
2021-01-22,San Bernardino,071,2135413,270217,259121,7842,266963,1849
2021-01-22,San Diego,073,3302833,237977,222576,11016,233592,2301
2021-01-22,San Francisco,075,870044,30870,30027,758,30785,266
2021-01-22,San Joaquin,077,732212,60950,58485,2406,60891,812
2021-01-22,San Luis Obispo,079,281455,17394,16336,459,16795,172
2021-01-22,San Mateo,081,765935,35606,33401,302,33703,211
2021-01-22,Santa Barbara,083,443738,28594,25989,893,26882,256
2021-01-22,Santa Clara,085,1922200,99577,96435,447,96882,1062
2021-01-22,Santa Cruz,087,273765,13931,12687,665,13352,123
2021-01-22,Shasta,089,179085,10143,9866,1044,10910,103
2021-01-22,Sierra,091,2930,47,40,12,52,0
2021-01-22,Siskiyou,093,43540,1279,1182,188,1370,4
2021-01-22,Solano,095,438530,27101,26048,299,26347,107
2021-01-22,Sonoma,097,501317,25347,24659,130,24789,232
2021-01-22,Stanislaus,099,539301,45584,43489,4595,48084,599
2021-01-22,Sutter,101,95872,8099,7878,77,7955,80
2021-01-22,Tehama,103,63373,4150,3993,447,4440,19
2021-01-22,Trinity,105,12862,439,263,67,330,3
2021-01-22,Tulare,107,460477,44365,42307,6300,48607,573
2021-01-22,Tuolumne,109,53932,3453,3379,29,3408,29
2021-01-22,Ventura,111,848112,67818,64404,2393,66797,426
2021-01-22,Yolo,113,214977,11734,11014,141,11155,141
2021-01-22,Yuba,115,75493,5000,4789,65,4854,29
2021-01-21,Alameda,001,1643700,72006,69314,1513,70827,739
2021-01-21,Alpine,003,1148,73,71,0,71,0
2021-01-21,Amador,005,37829,3111,3038,24,3062,29
2021-01-21,Butte,007,227075,10289,9643,1407,11050,130
2021-01-21,Calaveras,009,45235,1694,1647,10,1657,21
2021-01-21,Colusa,011,21464,1718,1662,188,1850,7
2021-01-21,Contra Costa,013,1133247,56072,53595,916,54511,478
2021-01-21,Del Norte,015,27424,878,850,3,853,2
2021-01-21,El Dorado,017,186661,8362,7823,540,8363,58
2021-01-21,Fresno,019,978130,88696,84137,6711,90848,889
2021-01-21,Glenn,021,27897,2066,1964,415,2379,13
2021-01-21,Humboldt,023,135768,2633,2423,16,2439,23
2021-01-21,Imperial,025,180216,26120,25509,2336,27845,463
2021-01-21,Inyo,027,18085,1024,946,8,954,26
2021-01-21,Kern,029,883053,85386,81328,7855,89183,769
2021-01-21,Kings,031,150075,20459,19633,815,20448,158
2021-01-21,Lake,033,64148,2775,2669,0,2669,32
2021-01-21,Lassen,035,31185,4876,4763,81,4844,1
2021-01-21,Los Angeles,037,10098052,1080123,1023055,34901,1057956,14537
2021-01-21,Madera,039,155013,14321,13664,686,14350,86
2021-01-21,Marin,041,260295,12003,11732,128,11860,173
2021-01-21,Mariposa,043,17540,341,322,3,325,3
2021-01-21,Mendocino,045,87422,3153,2967,52,3019,32
2021-01-21,Merced,047,269075,25201,24426,674,25100,245
2021-01-21,Modoc,049,8938,302,284,92,376,0
2021-01-21,Mono,051,14174,1109,1104,14,1118,3
2021-01-21,Monterey,053,433212,38082,36149,1284,37433,253
2021-01-21,Napa,055,140530,8143,7774,32,7806,40
2021-01-21,Nevada,057,99092,3499,3274,139,3413,18
2021-01-21,Orange,059,3164182,226644,218867,9129,227996,2540
2021-01-21,Placer,061,380077,18791,17553,915,18468,190
2021-01-21,Plumas,063,18699,602,518,10,528,2
2021-01-21,Riverside,065,2383286,262629,251007,12323,263330,2676
2021-01-21,Sacramento,067,1510023,84910,82303,1008,83311,1084
2021-01-21,San Benito,069,59416,5236,5100,60,5160,43
2021-01-21,San Bernardino,071,2135413,268867,257754,7777,265531,1832
2021-01-21,San Diego,073,3302833,236201,219729,10910,230639,2222
2021-01-21,San Francisco,075,870044,30694,29801,724,30525,266
2021-01-21,San Joaquin,077,732212,60641,58270,2386,60656,806
2021-01-21,San Luis Obispo,079,281455,17308,16153,451,16604,169
2021-01-21,San Mateo,081,765935,35360,33156,289,33445,210
2021-01-21,Santa Barbara,083,443738,28310,25654,880,26534,253
2021-01-21,Santa Clara,085,1922200,98950,96028,440,96468,1062
2021-01-21,Santa Cruz,087,273765,13847,12548,655,13203,119
2021-01-21,Shasta,089,179085,10100,9795,1028,10823,98
2021-01-21,Sierra,091,2930,47,40,12,52,0
2021-01-21,Siskiyou,093,43540,1276,1178,185,1363,4
2021-01-21,Solano,095,438530,26921,25885,295,26180,106
2021-01-21,Sonoma,097,501317,25212,24440,128,24568,230
2021-01-21,Stanislaus,099,539301,45281,43223,4551,47774,599
2021-01-21,Sutter,101,95872,8065,7822,77,7899,80
2021-01-21,Tehama,103,63373,4114,3938,447,4385,19
2021-01-21,Trinity,105,12862,439,261,67,328,3
2021-01-21,Tulare,107,460477,44154,42082,6224,48306,569
2021-01-21,Tuolumne,109,53932,3443,3365,28,3393,29
2021-01-21,Ventura,111,848112,67126,63995,2372,66367,420
2021-01-21,Yolo,113,214977,11645,10940,133,11073,141
2021-01-21,Yuba,115,75493,4969,4757,64,4821,29
2021-01-20,Alameda,001,1643700,71521,68785,1499,70284,702
2021-01-20,Alpine,003,1148,73,71,0,71,0
2021-01-20,Amador,005,37829,3080,3036,24,3060,29
2021-01-20,Butte,007,227075,10233,9582,1397,10979,130
2021-01-20,Calaveras,009,45235,1674,1637,9,1646,21
2021-01-20,Colusa,011,21464,1701,1630,183,1813,7
2021-01-20,Contra Costa,013,1133247,55619,53108,910,54018,461
2021-01-20,Del Norte,015,27424,877,848,3,851,2
2021-01-20,El Dorado,017,186661,8314,7785,537,8322,53
2021-01-20,Fresno,019,978130,88276,83591,6658,90249,872
2021-01-20,Glenn,021,27897,2048,1955,412,2367,13
2021-01-20,Humboldt,023,135768,2590,2390,16,2406,22
2021-01-20,Imperial,025,180216,26048,25380,2301,27681,461
2021-01-20,Inyo,027,18085,1014,901,8,909,26
2021-01-20,Kern,029,883053,84935,80701,7747,88448,754
2021-01-20,Kings,031,150075,20369,19522,807,20329,146
2021-01-20,Lake,033,64148,2753,2646,0,2646,31
2021-01-20,Lassen,035,31185,4868,4758,79,4837,1
2021-01-20,Los Angeles,037,10098052,1072650,1015608,34611,1050219,14299
2021-01-20,Madera,039,155013,14257,13585,681,14266,86
2021-01-20,Marin,041,260295,11949,11684,126,11810,171
2021-01-20,Mariposa,043,17540,339,322,3,325,3
2021-01-20,Mendocino,045,87422,3138,2957,52,3009,32
2021-01-20,Merced,047,269075,25027,24220,653,24873,243
2021-01-20,Modoc,049,8938,301,282,92,374,0
2021-01-20,Mono,051,14174,1102,1105,13,1118,3
2021-01-20,Monterey,053,433212,37764,35960,1262,37222,249
2021-01-20,Napa,055,140530,8074,7731,31,7762,40
2021-01-20,Nevada,057,99092,3467,3238,139,3377,18
2021-01-20,Orange,059,3164182,225104,216893,9068,225961,2500
2021-01-20,Placer,061,380077,18697,17455,897,18352,186
2021-01-20,Plumas,063,18699,600,512,10,522,2
2021-01-20,Riverside,065,2383286,260575,248686,12236,260922,2615
2021-01-20,Sacramento,067,1510023,84347,81687,997,82684,1072
2021-01-20,San Benito,069,59416,5206,5036,59,5095,35
2021-01-20,San Bernardino,071,2135413,267510,255921,7730,263651,1801
2021-01-20,San Diego,073,3302833,234346,218553,10807,229360,2174
2021-01-20,San Francisco,075,870044,30502,29665,704,30369,262
2021-01-20,San Joaquin,077,732212,60239,58025,2377,60402,783
2021-01-20,San Luis Obispo,079,281455,17127,15936,442,16378,164
2021-01-20,San Mateo,081,765935,35134,32929,288,33217,210
2021-01-20,Santa Barbara,083,443738,27995,25312,868,26180,248
2021-01-20,Santa Clara,085,1922200,98271,94995,438,95433,1040
2021-01-20,Santa Cruz,087,273765,13740,12460,642,13102,107
2021-01-20,Shasta,089,179085,10048,9697,1018,10715,98
2021-01-20,Sierra,091,2930,47,40,12,52,0
2021-01-20,Siskiyou,093,43540,1270,1163,184,1347,4
2021-01-20,Solano,095,438530,26728,25659,291,25950,106
2021-01-20,Sonoma,097,501317,25077,24262,126,24388,223
2021-01-20,Stanislaus,099,539301,44990,42955,4505,47460,585
2021-01-20,Sutter,101,95872,8013,7772,75,7847,80
2021-01-20,Tehama,103,63373,4089,3892,446,4338,19
2021-01-20,Trinity,105,12862,439,260,67,327,3
2021-01-20,Tulare,107,460477,43897,41799,6130,47929,559
2021-01-20,Tuolumne,109,53932,3429,3355,27,3382,29
2021-01-20,Ventura,111,848112,66170,63413,2343,65756,395
2021-01-20,Yolo,113,214977,11574,10852,130,10982,141
2021-01-20,Yuba,115,75493,4942,4729,64,4793,29
2021-01-19,Alameda,001,1643700,70863,68434,1489,69923,680
2021-01-19,Alpine,003,1148,73,71,0,71,0
2021-01-19,Amador,005,37829,3071,3024,24,3048,28
2021-01-19,Butte,007,227075,10167,9528,1383,10911,129
2021-01-19,Calaveras,009,45235,1658,1621,8,1629,21
2021-01-19,Colusa,011,21464,1679,1617,175,1792,7
2021-01-19,Contra Costa,013,1133247,55123,52730,897,53627,448
2021-01-19,Del Norte,015,27424,875,843,3,846,2
2021-01-19,El Dorado,017,186661,8254,7743,529,8272,47
2021-01-19,Fresno,019,978130,87755,83200,6606,89806,857
2021-01-19,Glenn,021,27897,2037,1948,407,2355,13
2021-01-19,Humboldt,023,135768,2566,2359,13,2372,22
2021-01-19,Imperial,025,180216,25966,25333,2284,27617,452
2021-01-19,Inyo,027,18085,1007,891,8,899,26
2021-01-19,Kern,029,883053,84348,80272,7640,87912,742
2021-01-19,Kings,031,150075,20230,19375,796,20171,143
2021-01-19,Lake,033,64148,2738,2625,0,2625,31
2021-01-19,Lassen,035,31185,4861,4753,79,4832,1
2021-01-19,Los Angeles,037,10098052,1063986,1010375,34340,1044715,14014
2021-01-19,Madera,039,155013,14141,13528,674,14202,86
2021-01-19,Marin,041,260295,11891,11654,122,11776,169
2021-01-19,Mariposa,043,17540,339,322,3,325,3
2021-01-19,Mendocino,045,87422,3121,2930,52,2982,32
2021-01-19,Merced,047,269075,24813,24108,647,24755,242
2021-01-19,Modoc,049,8938,300,281,92,373,0
2021-01-19,Mono,051,14174,1101,1106,13,1119,3
2021-01-19,Monterey,053,433212,37444,35840,1241,37081,248
2021-01-19,Napa,055,140530,8015,7672,31,7703,38
2021-01-19,Nevada,057,99092,3449,3216,137,3353,18
2021-01-19,Orange,059,3164182,223367,215244,9000,224244,2468
2021-01-19,Placer,061,380077,18598,17348,887,18235,182
2021-01-19,Plumas,063,18699,593,509,10,519,2
2021-01-19,Riverside,065,2383286,258486,246248,12157,258405,2585
2021-01-19,Sacramento,067,1510023,83809,81183,977,82160,1053
2021-01-19,San Benito,069,59416,5160,4988,58,5046,35
2021-01-19,San Bernardino,071,2135413,265766,253651,7672,261323,1777
2021-01-19,San Diego,073,3302833,231926,216833,10710,227543,2109
2021-01-19,San Francisco,075,870044,30283,29502,672,30174,261
2021-01-19,San Joaquin,077,732212,59855,57655,2364,60019,782
2021-01-19,San Luis Obispo,079,281455,16864,15855,439,16294,161
2021-01-19,San Mateo,081,765935,34848,32730,277,33007,208
2021-01-19,Santa Barbara,083,443738,27612,24991,852,25843,236
2021-01-19,Santa Clara,085,1922200,97493,94483,436,94919,1010
2021-01-19,Santa Cruz,087,273765,13623,12410,634,13044,106
2021-01-19,Shasta,089,179085,10012,9614,1008,10622,93
2021-01-19,Sierra,091,2930,47,40,10,50,0
2021-01-19,Siskiyou,093,43540,1262,1149,183,1332,4
2021-01-19,Solano,095,438530,26482,25520,290,25810,106
2021-01-19,Sonoma,097,501317,24898,24133,124,24257,223
2021-01-19,Stanislaus,099,539301,44639,42723,4448,47171,561
2021-01-19,Sutter,101,95872,7962,7709,69,7778,80
2021-01-19,Tehama,103,63373,4054,3876,444,4320,19
2021-01-19,Trinity,105,12862,438,260,67,327,3
2021-01-19,Tulare,107,460477,43619,41559,6033,47592,549
2021-01-19,Tuolumne,109,53932,3402,3328,27,3355,29
2021-01-19,Ventura,111,848112,65492,62656,2316,64972,383
2021-01-19,Yolo,113,214977,11489,10789,130,10919,134
2021-01-19,Yuba,115,75493,4909,4695,63,4758,29
2021-01-18,Alameda,001,1643700,70219,67938,1471,69409,680
2021-01-18,Alpine,003,1148,73,71,0,71,0
2021-01-18,Amador,005,37829,3057,3016,24,3040,28
2021-01-18,Butte,007,227075,10080,9474,1370,10844,129
2021-01-18,Calaveras,009,45235,1636,1617,7,1624,21
2021-01-18,Colusa,011,21464,1662,1608,170,1778,7
2021-01-18,Contra Costa,013,1133247,54607,52323,889,53212,448
2021-01-18,Del Norte,015,27424,874,840,3,843,2
2021-01-18,El Dorado,017,186661,8186,7707,527,8234,47
2021-01-18,Fresno,019,978130,87144,82485,6539,89024,857
2021-01-18,Glenn,021,27897,2020,1935,403,2338,13
2021-01-18,Humboldt,023,135768,2528,2343,13,2356,22
2021-01-18,Imperial,025,180216,25897,25317,2259,27576,452
2021-01-18,Inyo,027,18085,995,872,8,880,26
2021-01-18,Kern,029,883053,83708,79930,7548,87478,740
2021-01-18,Kings,031,150075,20060,19267,784,20051,141
2021-01-18,Lake,033,64148,2721,2591,0,2591,30
2021-01-18,Lassen,035,31185,4825,4749,78,4827,1
2021-01-18,Los Angeles,037,10098052,1054504,1002614,34048,1036662,13828
2021-01-18,Madera,039,155013,14027,13443,666,14109,85
2021-01-18,Marin,041,260295,11843,11607,120,11727,165
2021-01-18,Mariposa,043,17540,336,320,2,322,3
2021-01-18,Mendocino,045,87422,3098,2919,52,2971,31
2021-01-18,Merced,047,269075,24569,23927,630,24557,242
2021-01-18,Modoc,049,8938,297,281,89,370,0
2021-01-18,Mono,051,14174,1098,1101,13,1114,3
2021-01-18,Monterey,053,433212,36990,35549,1224,36773,247
2021-01-18,Napa,055,140530,7941,7601,31,7632,38
2021-01-18,Nevada,057,99092,3411,3199,136,3335,17
2021-01-18,Orange,059,3164182,221465,213866,8944,222810,2405
2021-01-18,Placer,061,380077,18482,17263,878,18141,182
2021-01-18,Plumas,063,18699,589,506,10,516,2
2021-01-18,Riverside,065,2383286,256157,244151,12063,256214,2568
2021-01-18,Sacramento,067,1510023,83130,80546,961,81507,1046
2021-01-18,San Benito,069,59416,5109,4963,56,5019,35
2021-01-18,San Bernardino,071,2135413,263989,252808,7614,260422,1775
2021-01-18,San Diego,073,3302833,229280,214335,10581,224916,2103
2021-01-18,San Francisco,075,870044,30077,29321,648,29969,259
2021-01-18,San Joaquin,077,732212,59337,57405,2342,59747,782
2021-01-18,San Luis Obispo,079,281455,16677,15742,429,16171,158
2021-01-18,San Mateo,081,765935,34533,32515,258,32773,208
2021-01-18,Santa Barbara,083,443738,27240,24638,838,25476,235
2021-01-18,Santa Clara,085,1922200,96600,93688,432,94120,992
2021-01-18,Santa Cruz,087,273765,13490,12298,621,12919,106
2021-01-18,Shasta,089,179085,9973,9600,998,10598,92
2021-01-18,Sierra,091,2930,46,40,10,50,0
2021-01-18,Siskiyou,093,43540,1250,1144,181,1325,4
2021-01-18,Solano,095,438530,26204,25344,285,25629,105
2021-01-18,Sonoma,097,501317,24627,24068,123,24191,223
2021-01-18,Stanislaus,099,539301,44281,42413,4398,46811,562
2021-01-18,Sutter,101,95872,7904,7680,67,7747,78
2021-01-18,Tehama,103,63373,4010,3854,437,4291,19
2021-01-18,Trinity,105,12862,438,260,67,327,3
2021-01-18,Tulare,107,460477,43330,41196,5921,47117,549
2021-01-18,Tuolumne,109,53932,3379,3318,26,3344,28
2021-01-18,Ventura,111,848112,65062,61859,2293,64152,379
2021-01-18,Yolo,113,214977,11359,10620,127,10747,134
2021-01-18,Yuba,115,75493,4881,4671,61,4732,29
2021-01-17,Alameda,001,1643700,69643,67375,1452,68827,676
2021-01-17,Alpine,003,1148,73,71,0,71,0
2021-01-17,Amador,005,37829,3050,3001,24,3025,28
2021-01-17,Butte,007,227075,10008,9411,1348,10759,129
2021-01-17,Calaveras,009,45235,1623,1608,7,1615,21
2021-01-17,Colusa,011,21464,1648,1588,165,1753,7
2021-01-17,Contra Costa,013,1133247,54119,51932,882,52814,447
2021-01-17,Del Norte,015,27424,874,838,3,841,2
2021-01-17,El Dorado,017,186661,8130,7659,515,8174,47
2021-01-17,Fresno,019,978130,86591,82039,6462,88501,857
2021-01-17,Glenn,021,27897,2009,1924,398,2322,9
2021-01-17,Humboldt,023,135768,2490,2322,11,2333,22
2021-01-17,Imperial,025,180216,25827,25253,2216,27469,451
2021-01-17,Inyo,027,18085,989,864,8,872,26
2021-01-17,Kern,029,883053,83160,79489,7462,86951,738
2021-01-17,Kings,031,150075,19924,19201,770,19971,131
2021-01-17,Lake,033,64148,2705,2572,0,2572,30
2021-01-17,Lassen,035,31185,4817,4740,77,4817,1
2021-01-17,Los Angeles,037,10098052,1047873,993028,33645,1026673,13741
2021-01-17,Madera,039,155013,13935,13328,661,13989,85
2021-01-17,Marin,041,260295,11790,11552,118,11670,164
2021-01-17,Mariposa,043,17540,336,319,2,321,3
2021-01-17,Mendocino,045,87422,3070,2912,51,2963,31
2021-01-17,Merced,047,269075,24354,23800,613,24413,242
2021-01-17,Modoc,049,8938,296,279,89,368,0
2021-01-17,Mono,051,14174,1092,1091,12,1103,3
2021-01-17,Monterey,053,433212,36753,35340,1199,36539,244
2021-01-17,Napa,055,140530,7885,7521,31,7552,38
2021-01-17,Nevada,057,99092,3386,3176,134,3310,17
2021-01-17,Orange,059,3164182,219460,212389,8869,221258,2359
2021-01-17,Placer,061,380077,18378,17194,863,18057,181
2021-01-17,Plumas,063,18699,588,505,9,514,2
2021-01-17,Riverside,065,2383286,254045,242206,11944,254150,2534
2021-01-17,Sacramento,067,1510023,82525,80154,948,81102,1045
2021-01-17,San Benito,069,59416,5071,4941,56,4997,35
2021-01-17,San Bernardino,071,2135413,261862,251487,7525,259012,1775
2021-01-17,San Diego,073,3302833,227085,211785,10474,222259,2103
2021-01-17,San Francisco,075,870044,29892,29139,609,29748,255
2021-01-17,San Joaquin,077,732212,58977,57094,2327,59421,780
2021-01-17,San Luis Obispo,079,281455,16555,15658,420,16078,157
2021-01-17,San Mateo,081,765935,34280,32186,235,32421,208
2021-01-17,Santa Barbara,083,443738,26793,24401,822,25223,235
2021-01-17,Santa Clara,085,1922200,95850,92752,429,93181,976
2021-01-17,Santa Cruz,087,273765,13378,12196,618,12814,106
2021-01-17,Shasta,089,179085,9915,9588,990,10578,92
2021-01-17,Sierra,091,2930,46,38,9,47,0
2021-01-17,Siskiyou,093,43540,1243,1136,178,1314,4
2021-01-17,Solano,095,438530,25974,25216,283,25499,105
2021-01-17,Sonoma,097,501317,24457,23871,123,23994,223
2021-01-17,Stanislaus,099,539301,43961,42221,4341,46562,562
2021-01-17,Sutter,101,95872,7840,7604,65,7669,77
2021-01-17,Tehama,103,63373,3980,3837,432,4269,18
2021-01-17,Trinity,105,12862,438,261,67,328,3
2021-01-17,Tulare,107,460477,43038,41016,5805,46821,549
2021-01-17,Tuolumne,109,53932,3362,3287,26,3313,27
2021-01-17,Ventura,111,848112,64218,61257,2246,63503,376
2021-01-17,Yolo,113,214977,11258,10519,125,10644,134
2021-01-17,Yuba,115,75493,4831,4640,59,4699,28
2021-01-16,Alameda,001,1643700,69318,66583,1439,68022,673
2021-01-16,Alpine,003,1148,73,71,0,71,0
2021-01-16,Amador,005,37829,3047,2986,24,3010,28
2021-01-16,Butte,007,227075,9978,9359,1328,10687,129
2021-01-16,Calaveras,009,45235,1609,1596,7,1603,21
2021-01-16,Colusa,011,21464,1636,1578,165,1743,7
2021-01-16,Contra Costa,013,1133247,53856,51363,875,52238,443
2021-01-16,Del Norte,015,27424,869,833,3,836,2
2021-01-16,El Dorado,017,186661,8108,7575,514,8089,47
2021-01-16,Fresno,019,978130,86318,81294,6409,87703,846
2021-01-16,Glenn,021,27897,2005,1894,394,2288,9
2021-01-16,Humboldt,023,135768,2470,2294,9,2303,22
2021-01-16,Imperial,025,180216,25793,25140,2209,27349,451
2021-01-16,Inyo,027,18085,985,845,8,853,25
2021-01-16,Kern,029,883053,82793,78865,7409,86274,733
2021-01-16,Kings,031,150075,19868,19072,767,19839,131
2021-01-16,Lake,033,64148,2695,2504,0,2504,30
2021-01-16,Lassen,035,31185,4805,4719,77,4796,1
2021-01-16,Los Angeles,037,10098052,1043799,982684,33402,1016086,13654
2021-01-16,Madera,039,155013,13869,13193,657,13850,85
2021-01-16,Marin,041,260295,11748,11482,118,11600,164
2021-01-16,Mariposa,043,17540,335,317,2,319,3
2021-01-16,Mendocino,045,87422,3056,2890,48,2938,31
2021-01-16,Merced,047,269075,24267,23478,599,24077,242
2021-01-16,Modoc,049,8938,296,278,89,367,0
2021-01-16,Mono,051,14174,1090,1079,12,1091,3
2021-01-16,Monterey,053,433212,36645,34972,1181,36153,243
2021-01-16,Napa,055,140530,7846,7356,31,7387,39
2021-01-16,Nevada,057,99092,3353,3144,134,3278,17
2021-01-16,Orange,059,3164182,218421,210111,8812,218923,2312
2021-01-16,Placer,061,380077,18314,16995,861,17856,177
2021-01-16,Plumas,063,18699,586,502,9,511,2
2021-01-16,Riverside,065,2383286,252687,239412,11826,251238,2506
2021-01-16,Sacramento,067,1510023,82147,79122,931,80053,1033
2021-01-16,San Benito,069,59416,5038,4875,56,4931,35
2021-01-16,San Bernardino,071,2135413,261081,249401,7459,256860,1755
2021-01-16,San Diego,073,3302833,225788,209895,10379,220274,2065
2021-01-16,San Francisco,075,870044,29765,28853,578,29431,244
2021-01-16,San Joaquin,077,732212,58730,56642,2296,58938,776
2021-01-16,San Luis Obispo,079,281455,16454,15466,418,15884,152
2021-01-16,San Mateo,081,765935,34115,31805,229,32034,208
2021-01-16,Santa Barbara,083,443738,26598,24088,815,24903,229
2021-01-16,Santa Clara,085,1922200,95384,91584,422,92006,954
2021-01-16,Santa Cruz,087,273765,13319,12026,616,12642,106
2021-01-16,Shasta,089,179085,9882,9547,986,10533,92
2021-01-16,Sierra,091,2930,45,38,9,47,0
2021-01-16,Siskiyou,093,43540,1238,1124,178,1302,4
2021-01-16,Solano,095,438530,25866,24732,277,25009,103
2021-01-16,Sonoma,097,501317,24369,23607,122,23729,223
2021-01-16,Stanislaus,099,539301,43771,41809,4290,46099,562
2021-01-16,Sutter,101,95872,7808,7560,65,7625,76
2021-01-16,Tehama,103,63373,3966,3783,432,4215,18
2021-01-16,Trinity,105,12862,438,261,67,328,3
2021-01-16,Tulare,107,460477,42857,40655,5732,46387,542
2021-01-16,Tuolumne,109,53932,3354,3269,26,3295,27
2021-01-16,Ventura,111,848112,63665,60368,2216,62584,369
2021-01-16,Yolo,113,214977,11210,10406,124,10530,134
2021-01-16,Yuba,115,75493,4800,4602,59,4661,27
2021-01-15,Alameda,001,1643700,68878,65416,1429,66845,672
2021-01-15,Alpine,003,1148,73,71,0,71,0
2021-01-15,Amador,005,37829,3040,2953,24,2977,28
2021-01-15,Butte,007,227075,9940,9233,1311,10544,129
2021-01-15,Calaveras,009,45235,1602,1538,7,1545,21
2021-01-15,Colusa,011,21464,1625,1541,161,1702,7
2021-01-15,Contra Costa,013,1133247,53526,50408,868,51276,428
2021-01-15,Del Norte,015,27424,865,828,2,830,2
2021-01-15,El Dorado,017,186661,8059,7439,505,7944,47
2021-01-15,Fresno,019,978130,85780,79950,6376,86326,832
2021-01-15,Glenn,021,27897,2000,1824,392,2216,9
2021-01-15,Humboldt,023,135768,2443,2218,8,2226,22
2021-01-15,Imperial,025,180216,25759,24944,2203,27147,446
2021-01-15,Inyo,027,18085,967,814,8,822,25
2021-01-15,Kern,029,883053,82381,77873,7344,85217,719
2021-01-15,Kings,031,150075,19759,18661,761,19422,131
2021-01-15,Lake,033,64148,2669,2434,0,2434,28
2021-01-15,Lassen,035,31185,4794,4693,75,4768,1
2021-01-15,Los Angeles,037,10098052,1036761,968979,33110,1002089,13404
2021-01-15,Madera,039,155013,13784,12883,654,13537,85
2021-01-15,Marin,041,260295,11697,11310,118,11428,160
2021-01-15,Mariposa,043,17540,333,307,2,309,3
2021-01-15,Mendocino,045,87422,3045,2835,48,2883,31
2021-01-15,Merced,047,269075,24154,23060,595,23655,239
2021-01-15,Modoc,049,8938,296,278,87,365,0
2021-01-15,Mono,051,14174,1087,1057,12,1069,3
2021-01-15,Monterey,053,433212,36433,34460,1122,35582,243
2021-01-15,Napa,055,140530,7784,7231,31,7262,38
2021-01-15,Nevada,057,99092,3340,3099,131,3230,17
2021-01-15,Orange,059,3164182,217064,207129,8760,215889,2254
2021-01-15,Placer,061,380077,18212,16712,852,17564,173
2021-01-15,Plumas,063,18699,583,499,9,508,2
2021-01-15,Riverside,065,2383286,250829,235235,11748,246983,2458
2021-01-15,Sacramento,067,1510023,81729,80279,923,81202,1023
2021-01-15,San Benito,069,59416,4995,4766,54,4820,35
2021-01-15,San Bernardino,071,2135413,259921,246182,7401,253583,1726
2021-01-15,San Diego,073,3302833,224039,206868,10314,217182,2037
2021-01-15,San Francisco,075,870044,29591,28574,558,29132,242
2021-01-15,San Joaquin,077,732212,58495,55885,2282,58167,748
2021-01-15,San Luis Obispo,079,281455,16321,15129,413,15542,148
2021-01-15,San Mateo,081,765935,33870,31291,225,31516,208
2021-01-15,Santa Barbara,083,443738,26320,23487,805,24292,226
2021-01-15,Santa Clara,085,1922200,94733,90103,417,90520,942
2021-01-15,Santa Cruz,087,273765,13210,11776,602,12378,105
2021-01-15,Shasta,089,179085,9843,9459,978,10437,91
2021-01-15,Sierra,091,2930,44,36,8,44,0
2021-01-15,Siskiyou,093,43540,1234,1119,177,1296,4
2021-01-15,Solano,095,438530,25717,24222,274,24496,103
2021-01-15,Sonoma,097,501317,24238,23204,121,23325,222
2021-01-15,Stanislaus,099,539301,43528,41178,4254,45432,562
2021-01-15,Sutter,101,95872,7761,7484,64,7548,75
2021-01-15,Tehama,103,63373,3945,3714,431,4145,17
2021-01-15,Trinity,105,12862,438,262,67,329,3
2021-01-15,Tulare,107,460477,42613,39951,5647,45598,535
2021-01-15,Tuolumne,109,53932,3338,3231,26,3257,27
2021-01-15,Ventura,111,848112,62920,59061,2183,61244,353
2021-01-15,Yolo,113,214977,11155,10240,123,10363,134
2021-01-15,Yuba,115,75493,4779,4549,59,4608,27
2021-01-14,Alameda,001,1643700,68226,64364,1414,65778,686
2021-01-14,Alpine,003,1148,73,71,0,71,0
2021-01-14,Amador,005,37829,3034,2940,24,2964,28
2021-01-14,Butte,007,227075,9855,9127,1290,10417,129
2021-01-14,Calaveras,009,45235,1585,1513,7,1520,21
2021-01-14,Colusa,011,21464,1610,1535,158,1693,7
2021-01-14,Contra Costa,013,1133247,52971,49545,854,50399,415
2021-01-14,Del Norte,015,27424,859,821,2,823,2
2021-01-14,El Dorado,017,186661,7985,7321,497,7818,45
2021-01-14,Fresno,019,978130,85147,79033,6300,85333,814
2021-01-14,Glenn,021,27897,1987,1798,387,2185,9
2021-01-14,Humboldt,023,135768,2400,2169,8,2177,22
2021-01-14,Imperial,025,180216,25649,24882,2167,27049,447
2021-01-14,Inyo,027,18085,960,790,8,798,25
2021-01-14,Kern,029,883053,81713,77070,7243,84313,705
2021-01-14,Kings,031,150075,19629,18405,757,19162,108
2021-01-14,Lake,033,64148,2626,2378,0,2378,27
2021-01-14,Lassen,035,31185,4784,4673,73,4746,1
2021-01-14,Los Angeles,037,10098052,1026765,954652,32729,987381,13147
2021-01-14,Madera,039,155013,13671,12742,643,13385,85
2021-01-14,Marin,041,260295,11623,11155,117,11272,159
2021-01-14,Mariposa,043,17540,330,302,2,304,3
2021-01-14,Mendocino,045,87422,3031,2801,46,2847,31
2021-01-14,Merced,047,269075,23925,22780,586,23366,239
2021-01-14,Modoc,049,8938,296,273,87,360,0
2021-01-14,Mono,051,14174,1079,1020,12,1032,3
2021-01-14,Monterey,053,433212,36019,34105,1102,35207,242
2021-01-14,Napa,055,140530,7699,7117,31,7148,38
2021-01-14,Nevada,057,99092,3313,3075,129,3204,17
2021-01-14,Orange,059,3164182,215136,204442,8674,213116,2162
2021-01-14,Placer,061,380077,18052,16488,845,17333,169
2021-01-14,Plumas,063,18699,575,496,9,505,2
2021-01-14,Riverside,065,2383286,248168,231684,11648,243332,2357
2021-01-14,Sacramento,067,1510023,81091,79137,899,80036,1007
2021-01-14,San Benito,069,59416,4961,4678,53,4731,35
2021-01-14,San Bernardino,071,2135413,257952,243379,7331,250710,1750
2021-01-14,San Diego,073,3302833,221644,204173,10194,214367,2005
2021-01-14,San Francisco,075,870044,29347,28200,508,28708,238
2021-01-14,San Joaquin,077,732212,57981,55058,2268,57326,739
2021-01-14,San Luis Obispo,079,281455,16160,14851,404,15255,146
2021-01-14,San Mateo,081,765935,33502,30694,216,30910,208
2021-01-14,Santa Barbara,083,443738,25913,23126,779,23905,219
2021-01-14,Santa Clara,085,1922200,93794,88505,410,88915,910
2021-01-14,Santa Cruz,087,273765,13063,11583,586,12169,109
2021-01-14,Shasta,089,179085,9793,9334,962,10296,90
2021-01-14,Sierra,091,2930,44,35,7,42,0
2021-01-14,Siskiyou,093,43540,1222,1108,174,1282,3
2021-01-14,Solano,095,438530,25457,23782,270,24052,103
2021-01-14,Sonoma,097,501317,23995,22910,121,23031,202
2021-01-14,Stanislaus,099,539301,43203,40597,4216,44813,574
2021-01-14,Sutter,101,95872,7702,7416,61,7477,74
2021-01-14,Tehama,103,63373,3916,3664,427,4091,17
2021-01-14,Trinity,105,12862,438,261,66,327,3
2021-01-14,Tulare,107,460477,42229,39565,5538,45103,533
2021-01-14,Tuolumne,109,53932,3317,3215,26,3241,28
2021-01-14,Ventura,111,848112,62048,57941,2145,60086,347
2021-01-14,Yolo,113,214977,11044,10097,117,10214,135
2021-01-14,Yuba,115,75493,4747,4496,59,4555,27
2021-01-13,Alameda,001,1643700,67471,63568,1397,64965,690
2021-01-13,Alpine,003,1148,73,71,0,71,0
2021-01-13,Amador,005,37829,3020,2914,24,2938,26
2021-01-13,Butte,007,227075,9776,9013,1276,10289,126
2021-01-13,Calaveras,009,45235,1563,1493,7,1500,21
2021-01-13,Colusa,011,21464,1598,1524,153,1677,7
2021-01-13,Contra Costa,013,1133247,52391,48877,841,49718,403
2021-01-13,Del Norte,015,27424,855,820,2,822,2
2021-01-13,El Dorado,017,186661,7892,7247,489,7736,43
2021-01-13,Fresno,019,978130,84428,78278,6258,84536,804
2021-01-13,Glenn,021,27897,1972,1792,379,2171,9
2021-01-13,Humboldt,023,135768,2368,2114,8,2122,22
2021-01-13,Imperial,025,180216,25525,24717,2134,26851,463
2021-01-13,Inyo,027,18085,948,785,8,793,25
2021-01-13,Kern,029,883053,81051,76049,7153,83202,704
2021-01-13,Kings,031,150075,19462,18121,735,18856,108
2021-01-13,Lake,033,64148,2582,2305,0,2305,27
2021-01-13,Lassen,035,31185,4777,4663,72,4735,1
2021-01-13,Los Angeles,037,10098052,1015997,937985,32319,970304,12873
2021-01-13,Madera,039,155013,13545,12570,638,13208,85
2021-01-13,Marin,041,260295,11567,11039,117,11156,161
2021-01-13,Mariposa,043,17540,328,304,2,306,3
2021-01-13,Mendocino,045,87422,3011,2790,46,2836,31
2021-01-13,Merced,047,269075,23685,22497,571,23068,241
2021-01-13,Modoc,049,8938,295,274,84,358,0
2021-01-13,Mono,051,14174,1075,1017,12,1029,3
2021-01-13,Monterey,053,433212,35601,33748,1078,34826,241
2021-01-13,Napa,055,140530,7585,7028,31,7059,36
2021-01-13,Nevada,057,99092,3288,3037,126,3163,17
2021-01-13,Orange,059,3164182,213050,201158,8605,209763,2172
2021-01-13,Placer,061,380077,17925,16272,831,17103,172
2021-01-13,Plumas,063,18699,573,490,9,499,2
2021-01-13,Riverside,065,2383286,245028,228192,11531,239723,2278
2021-01-13,Sacramento,067,1510023,80431,78268,892,79160,996
2021-01-13,San Benito,069,59416,4906,4583,52,4635,35
2021-01-13,San Bernardino,071,2135413,255577,240191,7259,247450,1759
2021-01-13,San Diego,073,3302833,219030,201578,10091,211669,1952
2021-01-13,San Francisco,075,870044,29106,27863,486,28349,238
2021-01-13,San Joaquin,077,732212,57357,54373,2238,56611,738
2021-01-13,San Luis Obispo,079,281455,16006,14625,392,15017,140
2021-01-13,San Mateo,081,765935,33161,30195,214,30409,207
2021-01-13,Santa Barbara,083,443738,25481,22714,755,23469,216
2021-01-13,Santa Clara,085,1922200,92819,87187,407,87594,911
2021-01-13,Santa Cruz,087,273765,12890,11423,572,11995,110
2021-01-13,Shasta,089,179085,9729,9180,948,10128,93
2021-01-13,Sierra,091,2930,44,33,7,40,0
2021-01-13,Siskiyou,093,43540,1216,1102,170,1272,3
2021-01-13,Solano,095,438530,25172,23503,269,23772,105
2021-01-13,Sonoma,097,501317,23745,22610,120,22730,206
2021-01-13,Stanislaus,099,539301,42801,40167,4162,44329,574
2021-01-13,Sutter,101,95872,7656,7350,60,7410,73
2021-01-13,Tehama,103,63373,3866,3589,422,4011,17
2021-01-13,Trinity,105,12862,438,260,66,326,3
2021-01-13,Tulare,107,460477,41821,39129,5434,44563,522
2021-01-13,Tuolumne,109,53932,3303,3196,26,3222,28
2021-01-13,Ventura,111,848112,61035,56453,2106,58559,338
2021-01-13,Yolo,113,214977,10943,9933,113,10046,135
2021-01-13,Yuba,115,75493,4705,4448,56,4504,27
2021-01-12,Alameda,001,1643700,66650,62642,1377,64019,677
2021-01-12,Alpine,003,1148,73,71,0,71,0
2021-01-12,Amador,005,37829,3003,2897,24,2921,26
2021-01-12,Butte,007,227075,9690,8883,1259,10142,124
2021-01-12,Calaveras,009,45235,1526,1475,7,1482,21
2021-01-12,Colusa,011,21464,1586,1510,149,1659,7
2021-01-12,Contra Costa,013,1133247,51746,48242,827,49069,399
2021-01-12,Del Norte,015,27424,850,816,2,818,2
2021-01-12,El Dorado,017,186661,7809,7156,478,7634,41
2021-01-12,Fresno,019,978130,83556,77651,6189,83840,796
2021-01-12,Glenn,021,27897,1943,1781,374,2155,9
2021-01-12,Humboldt,023,135768,2314,2077,7,2084,22
2021-01-12,Imperial,025,180216,25435,24566,2093,26659,457
2021-01-12,Inyo,027,18085,931,773,8,781,25
2021-01-12,Kern,029,883053,80345,75320,7055,82375,689
2021-01-12,Kings,031,150075,19250,18072,725,18797,108
2021-01-12,Lake,033,64148,2535,2260,0,2260,27
2021-01-12,Lassen,035,31185,4755,4659,70,4729,1
2021-01-12,Los Angeles,037,10098052,1004366,926295,31904,958199,12610
2021-01-12,Madera,039,155013,13404,12485,629,13114,85
2021-01-12,Marin,041,260295,11458,10960,117,11077,157
2021-01-12,Mariposa,043,17540,326,302,2,304,3
2021-01-12,Mendocino,045,87422,2991,2762,42,2804,31
2021-01-12,Merced,047,269075,23434,22172,549,22721,239
2021-01-12,Modoc,049,8938,293,274,84,358,0
2021-01-12,Mono,051,14174,1065,1008,12,1020,3
2021-01-12,Monterey,053,433212,35101,33381,1058,34439,240
2021-01-12,Napa,055,140530,7502,6936,31,6967,36
2021-01-12,Nevada,057,99092,3260,3014,124,3138,17
2021-01-12,Orange,059,3164182,210755,198260,8518,206778,2142
2021-01-12,Placer,061,380077,17755,16087,825,16912,163
2021-01-12,Plumas,063,18699,567,483,9,492,2
2021-01-12,Riverside,065,2383286,241884,225580,11392,236972,2266
2021-01-12,Sacramento,067,1510023,79691,77201,884,78085,985
2021-01-12,San Benito,069,59416,4839,4515,52,4567,35
2021-01-12,San Bernardino,071,2135413,253004,237008,7189,244197,1739
2021-01-12,San Diego,073,3302833,216117,198317,9974,208291,1898
2021-01-12,San Francisco,075,870044,28828,27531,453,27984,238
2021-01-12,San Joaquin,077,732212,56715,53630,2211,55841,725
2021-01-12,San Luis Obispo,079,281455,15758,14367,383,14750,132
2021-01-12,San Mateo,081,765935,32770,29747,202,29949,206
2021-01-12,Santa Barbara,083,443738,25072,22182,727,22909,209
2021-01-12,Santa Clara,085,1922200,91747,86075,399,86474,904
2021-01-12,Santa Cruz,087,273765,12675,11267,556,11823,110
2021-01-12,Shasta,089,179085,9656,9086,935,10021,84
2021-01-12,Sierra,091,2930,42,33,6,39,0
2021-01-12,Siskiyou,093,43540,1206,1091,164,1255,3
2021-01-12,Solano,095,438530,24869,23160,264,23424,102
2021-01-12,Sonoma,097,501317,23439,22403,120,22523,205
2021-01-12,Stanislaus,099,539301,42351,39615,4128,43743,571
2021-01-12,Sutter,101,95872,7593,7276,59,7335,73
2021-01-12,Tehama,103,63373,3830,3567,418,3985,17
2021-01-12,Trinity,105,12862,438,258,66,324,3
2021-01-12,Tulare,107,460477,41362,38797,5318,44115,509
2021-01-12,Tuolumne,109,53932,3269,3178,26,3204,28
2021-01-12,Ventura,111,848112,60062,55342,2073,57415,324
2021-01-12,Yolo,113,214977,10809,9857,103,9960,133
2021-01-12,Yuba,115,75493,4663,4389,56,4445,27
2021-01-11,Alameda,001,1643700,65789,61949,1360,63309,652
2021-01-11,Alpine,003,1148,73,70,0,70,0
2021-01-11,Amador,005,37829,2989,2867,24,2891,24
2021-01-11,Butte,007,227075,9576,8757,1241,9998,119
2021-01-11,Calaveras,009,45235,1508,1460,7,1467,21
2021-01-11,Colusa,011,21464,1568,1494,145,1639,7
2021-01-11,Contra Costa,013,1133247,51067,47728,818,48546,398
2021-01-11,Del Norte,015,27424,846,810,2,812,2
2021-01-11,El Dorado,017,186661,7715,6987,471,7458,36
2021-01-11,Fresno,019,978130,82676,76581,6111,82692,775
2021-01-11,Glenn,021,27897,1914,1763,365,2128,9
2021-01-11,Humboldt,023,135768,2275,2069,7,2076,22
2021-01-11,Imperial,025,180216,25320,24418,2058,26476,453
2021-01-11,Inyo,027,18085,913,763,8,771,25
2021-01-11,Kern,029,883053,79489,74489,6953,81442,682
2021-01-11,Kings,031,150075,18987,17909,717,18626,108
2021-01-11,Lake,033,64148,2483,2205,0,2205,26
2021-01-11,Lassen,035,31185,4732,4647,69,4716,1
2021-01-11,Los Angeles,037,10098052,991177,914434,31430,945864,12304
2021-01-11,Madera,039,155013,13271,12366,618,12984,85
2021-01-11,Marin,041,260295,11362,10814,114,10928,156
2021-01-11,Mariposa,043,17540,319,296,2,298,3
2021-01-11,Mendocino,045,87422,2964,2728,42,2770,31
2021-01-11,Merced,047,269075,23111,21884,535,22419,238
2021-01-11,Modoc,049,8938,292,271,83,354,0
2021-01-11,Mono,051,14174,1059,1006,12,1018,3
2021-01-11,Monterey,053,433212,34561,32858,994,33852,239
2021-01-11,Napa,055,140530,7400,6822,31,6853,36
2021-01-11,Nevada,057,99092,3232,2980,124,3104,17
2021-01-11,Orange,059,3164182,208172,196340,8417,204757,2113
2021-01-11,Placer,061,380077,17572,15919,815,16734,163
2021-01-11,Plumas,063,18699,563,477,9,486,2
2021-01-11,Riverside,065,2383286,238358,222907,11245,234152,2222
2021-01-11,Sacramento,067,1510023,78762,76009,868,76877,974
2021-01-11,San Benito,069,59416,4762,4482,45,4527,34
2021-01-11,San Bernardino,071,2135413,250167,235543,7090,242633,1739
2021-01-11,San Diego,073,3302833,212848,194793,9815,204608,1857
2021-01-11,San Francisco,075,870044,28555,27264,430,27694,238
2021-01-11,San Joaquin,077,732212,56104,53002,2181,55183,725
2021-01-11,San Luis Obispo,079,281455,15388,14213,375,14588,126
2021-01-11,San Mateo,081,765935,32325,29355,190,29545,206
2021-01-11,Santa Barbara,083,443738,24635,21740,710,22450,200
2021-01-11,Santa Clara,085,1922200,90545,84851,390,85241,877
2021-01-11,Santa Cruz,087,273765,12495,11093,532,11625,106
2021-01-11,Shasta,089,179085,9558,8977,922,9899,81
2021-01-11,Sierra,091,2930,41,33,6,39,0
2021-01-11,Siskiyou,093,43540,1197,1087,162,1249,3
2021-01-11,Solano,095,438530,24547,22893,259,23152,101
2021-01-11,Sonoma,097,501317,23193,22191,120,22311,205
2021-01-11,Stanislaus,099,539301,41859,39149,4077,43226,571
2021-01-11,Sutter,101,95872,7534,7204,58,7262,71
2021-01-11,Tehama,103,63373,3766,3524,396,3920,17
2021-01-11,Trinity,105,12862,438,256,66,322,2
2021-01-11,Tulare,107,460477,40947,38380,5239,43619,497
2021-01-11,Tuolumne,109,53932,3258,3165,26,3191,27
2021-01-11,Ventura,111,848112,58925,54202,2050,56252,320
2021-01-11,Yolo,113,214977,10598,9699,101,9800,129
2021-01-11,Yuba,115,75493,4625,4349,49,4398,27
2021-01-10,Alameda,001,1643700,64799,61111,1331,62442,650
2021-01-10,Alpine,003,1148,73,70,0,70,0
2021-01-10,Amador,005,37829,2965,2861,24,2885,24
2021-01-10,Butte,007,227075,9457,8665,1215,9880,119
2021-01-10,Calaveras,009,45235,1483,1449,7,1456,21
2021-01-10,Colusa,011,21464,1544,1478,144,1622,7
2021-01-10,Contra Costa,013,1133247,50280,47109,800,47909,398
2021-01-10,Del Norte,015,27424,843,809,2,811,2
2021-01-10,El Dorado,017,186661,7628,6904,453,7357,36
2021-01-10,Fresno,019,978130,81865,75621,5987,81608,775
2021-01-10,Glenn,021,27897,1890,1746,357,2103,9
2021-01-10,Humboldt,023,135768,2214,2049,7,2056,22
2021-01-10,Imperial,025,180216,25157,24233,2007,26240,453
2021-01-10,Inyo,027,18085,885,748,8,756,25
2021-01-10,Kern,029,883053,78663,73712,6820,80532,679
2021-01-10,Kings,031,150075,18768,17812,710,18522,108
2021-01-10,Lake,033,64148,2430,2174,0,2174,26
2021-01-10,Lassen,035,31185,4710,4642,69,4711,1
2021-01-10,Los Angeles,037,10098052,976606,901783,30800,932583,12170
2021-01-10,Madera,039,155013,13082,12179,602,12781,85
2021-01-10,Marin,041,260295,11241,10737,112,10849,155
2021-01-10,Mariposa,043,17540,319,291,2,293,3
2021-01-10,Mendocino,045,87422,2933,2706,39,2745,31
2021-01-10,Merced,047,269075,22837,21691,525,22216,238
2021-01-10,Modoc,049,8938,292,271,81,352,0
2021-01-10,Mono,051,14174,1041,965,12,977,3
2021-01-10,Monterey,053,433212,34121,32571,962,33533,237
2021-01-10,Napa,055,140530,7296,6687,29,6716,36
2021-01-10,Nevada,057,99092,3213,2959,120,3079,17
2021-01-10,Orange,059,3164182,205405,193766,8293,202059,2104
2021-01-10,Placer,061,380077,17384,15779,795,16574,163
2021-01-10,Plumas,063,18699,553,477,9,486,2
2021-01-10,Riverside,065,2383286,234987,219486,11056,230542,2216
2021-01-10,Sacramento,067,1510023,77800,75394,840,76234,965
2021-01-10,San Benito,069,59416,4665,4434,44,4478,34
2021-01-10,San Bernardino,071,2135413,246583,232171,6987,239158,1736
2021-01-10,San Diego,073,3302833,209183,191886,9648,201534,1857
2021-01-10,San Francisco,075,870044,28171,27054,399,27453,238
2021-01-10,San Joaquin,077,732212,55245,52535,2147,54682,725
2021-01-10,San Luis Obispo,079,281455,15058,13968,363,14331,122
2021-01-10,San Mateo,081,765935,31833,28972,176,29148,206
2021-01-10,Santa Barbara,083,443738,24088,21290,689,21979,200
2021-01-10,Santa Clara,085,1922200,89369,83779,381,84160,858
2021-01-10,Santa Cruz,087,273765,12282,10951,511,11462,106
2021-01-10,Shasta,089,179085,9446,8936,907,9843,81
2021-01-10,Sierra,091,2930,40,32,6,38,0
2021-01-10,Siskiyou,093,43540,1191,1075,159,1234,3
2021-01-10,Solano,095,438530,24146,22621,256,22877,101
2021-01-10,Sonoma,097,501317,22920,21925,119,22044,204
2021-01-10,Stanislaus,099,539301,41295,38809,3997,42806,571
2021-01-10,Sutter,101,95872,7473,7133,55,7188,71
2021-01-10,Tehama,103,63373,3693,3504,383,3887,17
2021-01-10,Trinity,105,12862,438,253,64,317,2
2021-01-10,Tulare,107,460477,40530,38012,5117,43129,497
2021-01-10,Tuolumne,109,53932,3224,3143,25,3168,27
2021-01-10,Ventura,111,848112,57656,53095,2006,55101,319
2021-01-10,Yolo,113,214977,10446,9610,100,9710,129
2021-01-10,Yuba,115,75493,4573,4300,46,4346,27
2021-01-09,Alameda,001,1643700,64274,60125,1315,61440,649
2021-01-09,Alpine,003,1148,73,70,0,70,0
2021-01-09,Amador,005,37829,2958,2809,24,2833,24
2021-01-09,Butte,007,227075,9376,8552,1191,9743,118
2021-01-09,Calaveras,009,45235,1473,1425,7,1432,21
2021-01-09,Colusa,011,21464,1538,1468,143,1611,7
2021-01-09,Contra Costa,013,1133247,49931,46406,785,47191,393
2021-01-09,Del Norte,015,27424,841,802,2,804,2
2021-01-09,El Dorado,017,186661,7596,6800,450,7250,36
2021-01-09,Fresno,019,978130,81456,74816,5947,80763,773
2021-01-09,Glenn,021,27897,1875,1707,352,2059,9
2021-01-09,Humboldt,023,135768,2196,2026,7,2033,22
2021-01-09,Imperial,025,180216,25089,24028,1993,26021,448
2021-01-09,Inyo,027,18085,875,734,8,742,25
2021-01-09,Kern,029,883053,78199,73015,6744,79759,677
2021-01-09,Kings,031,150075,18673,17679,706,18385,108
2021-01-09,Lake,033,64148,2395,2144,0,2144,26
2021-01-09,Lassen,035,31185,4698,4613,68,4681,1
2021-01-09,Los Angeles,037,10098052,971048,887949,30358,918307,12011
2021-01-09,Madera,039,155013,12991,12063,597,12660,85
2021-01-09,Marin,041,260295,11178,10634,111,10745,154
2021-01-09,Mariposa,043,17540,316,287,2,289,3
2021-01-09,Mendocino,045,87422,2915,2664,39,2703,31
2021-01-09,Merced,047,269075,22696,21357,515,21872,237
2021-01-09,Modoc,049,8938,292,271,80,351,0
2021-01-09,Mono,051,14174,1036,964,12,976,3
2021-01-09,Monterey,053,433212,33974,31948,953,32901,235
2021-01-09,Napa,055,140530,7226,6594,26,6620,36
2021-01-09,Nevada,057,99092,3191,2932,117,3049,17
2021-01-09,Orange,059,3164182,203899,191004,8200,199204,2034
2021-01-09,Placer,061,380077,17276,15609,793,16402,162
2021-01-09,Plumas,063,18699,551,477,9,486,2
2021-01-09,Riverside,065,2383286,233236,216076,10919,226995,2201
2021-01-09,Sacramento,067,1510023,77275,74482,835,75317,953
2021-01-09,San Benito,069,59416,4616,4335,44,4379,34
2021-01-09,San Bernardino,071,2135413,245396,228857,6918,235775,1714
2021-01-09,San Diego,073,3302833,207490,188598,9528,198126,1824
2021-01-09,San Francisco,075,870044,27996,26708,356,27064,235
2021-01-09,San Joaquin,077,732212,54896,51927,2127,54054,724
2021-01-09,San Luis Obispo,079,281455,14934,13647,352,13999,121
2021-01-09,San Mateo,081,765935,31536,28512,169,28681,205
2021-01-09,Santa Barbara,083,443738,23880,20971,680,21651,197
2021-01-09,Santa Clara,085,1922200,88527,82269,369,82638,808
2021-01-09,Santa Cruz,087,273765,12186,10717,506,11223,107
2021-01-09,Shasta,089,179085,9413,8893,903,9796,81
2021-01-09,Sierra,091,2930,38,32,6,38,0
2021-01-09,Siskiyou,093,43540,1187,1062,155,1217,3
2021-01-09,Solano,095,438530,23989,22226,255,22481,101
2021-01-09,Sonoma,097,501317,22799,21393,119,21512,202
2021-01-09,Stanislaus,099,539301,40999,38403,3959,42362,567
2021-01-09,Sutter,101,95872,7437,7072,54,7126,69
2021-01-09,Tehama,103,63373,3663,3451,371,3822,15
2021-01-09,Trinity,105,12862,438,252,64,316,2
2021-01-09,Tulare,107,460477,40275,37684,5051,42735,496
2021-01-09,Tuolumne,109,53932,3216,3117,24,3141,26
2021-01-09,Ventura,111,848112,56827,51988,1980,53968,306
2021-01-09,Yolo,113,214977,10375,9524,97,9621,129
2021-01-09,Yuba,115,75493,4545,4265,46,4311,27
2021-01-08,Alameda,001,1643700,63722,59172,1305,60477,646
2021-01-08,Alpine,003,1148,73,70,0,70,0
2021-01-08,Amador,005,37829,2951,2792,24,2816,24
2021-01-08,Butte,007,227075,9316,8430,1176,9606,115
2021-01-08,Calaveras,009,45235,1460,1385,7,1392,21
2021-01-08,Colusa,011,21464,1525,1448,142,1590,7
2021-01-08,Contra Costa,013,1133247,49406,45667,781,46448,381
2021-01-08,Del Norte,015,27424,839,795,2,797,2
2021-01-08,El Dorado,017,186661,7526,6690,438,7128,36
2021-01-08,Fresno,019,978130,80641,73689,5886,79575,771
2021-01-08,Glenn,021,27897,1859,1680,348,2028,9
2021-01-08,Humboldt,023,135768,2172,1988,7,1995,22
2021-01-08,Imperial,025,180216,25023,23751,1978,25729,446
2021-01-08,Inyo,027,18085,861,682,8,690,24
2021-01-08,Kern,029,883053,77637,71978,6671,78649,674
2021-01-08,Kings,031,150075,18545,17441,701,18142,108
2021-01-08,Lake,033,64148,2370,2098,0,2098,26
2021-01-08,Lassen,035,31185,4690,4598,66,4664,1
2021-01-08,Los Angeles,037,10098052,960266,871188,29926,901114,11796
2021-01-08,Madera,039,155013,12840,11846,588,12434,85
2021-01-08,Marin,041,260295,11084,10531,110,10641,153
2021-01-08,Mariposa,043,17540,315,273,2,275,3
2021-01-08,Mendocino,045,87422,2896,2634,36,2670,31
2021-01-08,Merced,047,269075,22501,20862,509,21371,236
2021-01-08,Modoc,049,8938,292,266,80,346,0
2021-01-08,Mono,051,14174,1026,951,12,963,3
2021-01-08,Monterey,053,433212,33715,31543,943,32486,224
2021-01-08,Napa,055,140530,7156,6544,26,6570,32
2021-01-08,Nevada,057,99092,3169,2888,117,3005,17
2021-01-08,Orange,059,3164182,201905,186608,8113,194721,1991
2021-01-08,Placer,061,380077,17148,15401,786,16187,161
2021-01-08,Plumas,063,18699,545,465,9,474,2
2021-01-08,Riverside,065,2383286,230841,212122,10788,222910,2184
2021-01-08,Sacramento,067,1510023,76694,73245,829,74074,939
2021-01-08,San Benito,069,59416,4579,4225,43,4268,33
2021-01-08,San Bernardino,071,2135413,243510,224267,6847,231114,1703
2021-01-08,San Diego,073,3302833,204955,185060,9434,194494,1771
2021-01-08,San Francisco,075,870044,27747,26378,332,26710,207
2021-01-08,San Joaquin,077,732212,54560,50990,2098,53088,710
2021-01-08,San Luis Obispo,079,281455,14800,13286,340,13626,119
2021-01-08,San Mateo,081,765935,31187,28072,166,28238,204
2021-01-08,Santa Barbara,083,443738,23602,20461,671,21132,189
2021-01-08,Santa Clara,085,1922200,87505,80561,366,80927,789
2021-01-08,Santa Cruz,087,273765,12046,10486,497,10983,106
2021-01-08,Shasta,089,179085,9363,8772,888,9660,81
2021-01-08,Sierra,091,2930,38,31,6,37,0
2021-01-08,Siskiyou,093,43540,1184,1027,154,1181,3
2021-01-08,Solano,095,438530,23818,21832,252,22084,100
2021-01-08,Sonoma,097,501317,22659,21178,119,21297,201
2021-01-08,Stanislaus,099,539301,40703,37858,3922,41780,566
2021-01-08,Sutter,101,95872,7387,6982,54,7036,68
2021-01-08,Tehama,103,63373,3640,3406,366,3772,15
2021-01-08,Trinity,105,12862,438,247,64,311,2
2021-01-08,Tulare,107,460477,40003,36946,4949,41895,491
2021-01-08,Tuolumne,109,53932,3207,3099,24,3123,19
2021-01-08,Ventura,111,848112,55961,50553,1956,52509,294
2021-01-08,Yolo,113,214977,10286,9391,93,9484,129
2021-01-08,Yuba,115,75493,4503,4195,45,4240,26
2021-01-07,Alameda,001,1643700,62848,57921,1279,59200,632
2021-01-07,Alpine,003,1148,71,70,0,70,0
2021-01-07,Amador,005,37829,2938,2740,23,2763,24
2021-01-07,Butte,007,227075,9219,8278,1149,9427,112
2021-01-07,Calaveras,009,45235,1443,1342,6,1348,21
2021-01-07,Colusa,011,21464,1513,1420,135,1555,7
2021-01-07,Contra Costa,013,1133247,48625,44756,764,45520,376
2021-01-07,Del Norte,015,27424,837,791,2,793,2
2021-01-07,El Dorado,017,186661,7425,6545,426,6971,36
2021-01-07,Fresno,019,978130,79684,72557,5786,78343,765
2021-01-07,Glenn,021,27897,1843,1639,339,1978,9
2021-01-07,Humboldt,023,135768,2145,1954,7,1961,22
2021-01-07,Imperial,025,180216,24830,23608,1925,25533,431
2021-01-07,Inyo,027,18085,848,656,8,664,20
2021-01-07,Kern,029,883053,76782,70953,6519,77472,660
2021-01-07,Kings,031,150075,18417,17238,692,17930,108
2021-01-07,Lake,033,64148,2315,2054,0,2054,26
2021-01-07,Lassen,035,31185,4685,4581,64,4645,1
2021-01-07,Los Angeles,037,10098052,945394,853187,29379,882566,11480
2021-01-07,Madera,039,155013,12683,11644,577,12221,76
2021-01-07,Marin,041,260295,10993,10364,108,10472,153
2021-01-07,Mariposa,043,17540,313,264,2,266,3
2021-01-07,Mendocino,045,87422,2841,2585,32,2617,30
2021-01-07,Merced,047,269075,22180,20510,494,21004,234
2021-01-07,Modoc,049,8938,292,265,80,345,0
2021-01-07,Mono,051,14174,1015,905,12,917,3
2021-01-07,Monterey,053,433212,33190,30903,920,31823,222
2021-01-07,Napa,055,140530,7046,6408,26,6434,32
2021-01-07,Nevada,057,99092,3135,2847,112,2959,17
2021-01-07,Orange,059,3164182,199064,181922,8015,189937,1974
2021-01-07,Placer,061,380077,16971,15155,757,15912,144
2021-01-07,Plumas,063,18699,543,454,9,463,2
2021-01-07,Riverside,065,2383286,227418,208177,10632,218809,2156
2021-01-07,Sacramento,067,1510023,75790,72342,808,73150,919
2021-01-07,San Benito,069,59416,4517,4112,39,4151,33
2021-01-07,San Bernardino,071,2135413,239973,219691,6766,226457,1666
2021-01-07,San Diego,073,3302833,201649,180510,9255,189765,1738
2021-01-07,San Francisco,075,870044,27414,25885,317,26202,202
2021-01-07,San Joaquin,077,732212,53876,50156,2067,52223,689
2021-01-07,San Luis Obispo,079,281455,14561,12810,327,13137,118
2021-01-07,San Mateo,081,765935,30677,27494,162,27656,201
2021-01-07,Santa Barbara,083,443738,23183,19931,658,20589,187
2021-01-07,Santa Clara,085,1922200,86288,78808,362,79170,775
2021-01-07,Santa Cruz,087,273765,11837,10228,490,10718,104
2021-01-07,Shasta,089,179085,9276,8612,880,9492,81
2021-01-07,Sierra,091,2930,38,31,6,37,0
2021-01-07,Siskiyou,093,43540,1179,1010,152,1162,3
2021-01-07,Solano,095,438530,23426,21384,248,21632,100
2021-01-07,Sonoma,097,501317,22396,20857,118,20975,200
2021-01-07,Stanislaus,099,539301,40275,37296,3869,41165,553
2021-01-07,Sutter,101,95872,7327,6890,53,6943,65
2021-01-07,Tehama,103,63373,3616,3330,359,3689,15
2021-01-07,Trinity,105,12862,438,247,64,311,2
2021-01-07,Tulare,107,460477,39602,36397,4812,41209,482
2021-01-07,Tuolumne,109,53932,3187,3068,23,3091,14
2021-01-07,Ventura,111,848112,54800,49083,1928,51011,288
2021-01-07,Yolo,113,214977,10148,9207,91,9298,128
2021-01-07,Yuba,115,75493,4461,4128,45,4173,25
2021-01-06,Alameda,001,1643700,61996,57081,1249,58330,616
2021-01-06,Alpine,003,1148,71,70,0,70,0
2021-01-06,Amador,005,37829,2917,2717,22,2739,24
2021-01-06,Butte,007,227075,9106,8147,1131,9278,110
2021-01-06,Calaveras,009,45235,1419,1321,6,1327,21
2021-01-06,Colusa,011,21464,1492,1385,130,1515,7
2021-01-06,Contra Costa,013,1133247,47820,44054,747,44801,358
2021-01-06,Del Norte,015,27424,831,780,2,782,2
2021-01-06,El Dorado,017,186661,7313,6397,413,6810,35
2021-01-06,Fresno,019,978130,78842,71404,5682,77086,752
2021-01-06,Glenn,021,27897,1818,1622,334,1956,9
2021-01-06,Humboldt,023,135768,2119,1912,7,1919,22
2021-01-06,Imperial,025,180216,24580,23400,1883,25283,431
2021-01-06,Inyo,027,18085,832,630,8,638,20
2021-01-06,Kern,029,883053,75838,69893,6388,76281,646
2021-01-06,Kings,031,150075,18219,17019,672,17691,108
2021-01-06,Lake,033,64148,2278,2033,0,2033,26
2021-01-06,Lassen,035,31185,4673,4560,60,4620,1
2021-01-06,Los Angeles,037,10098052,929469,835052,28680,863732,11285
2021-01-06,Madera,039,155013,12547,11407,571,11978,67
2021-01-06,Marin,041,260295,10865,10282,107,10389,153
2021-01-06,Mariposa,043,17540,310,259,2,261,3
2021-01-06,Mendocino,045,87422,2811,2561,32,2593,30
2021-01-06,Merced,047,269075,21842,20258,479,20737,232
2021-01-06,Modoc,049,8938,292,263,80,343,0
2021-01-06,Mono,051,14174,984,905,12,917,3
2021-01-06,Monterey,053,433212,32595,30387,887,31274,222
2021-01-06,Napa,055,140530,6916,6342,26,6368,32
2021-01-06,Nevada,057,99092,3115,2805,111,2916,15
2021-01-06,Orange,059,3164182,195611,177686,7873,185559,1935
2021-01-06,Placer,061,380077,16784,14940,739,15679,134
2021-01-06,Plumas,063,18699,535,445,9,454,2
2021-01-06,Riverside,065,2383286,223410,203714,10446,214160,2121
2021-01-06,Sacramento,067,1510023,74768,71572,791,72363,909
2021-01-06,San Benito,069,59416,4440,4031,38,4069,32
2021-01-06,San Bernardino,071,2135413,236251,215286,6659,221945,1634
2021-01-06,San Diego,073,3302833,198151,176660,9085,185745,1691
2021-01-06,San Francisco,075,870044,27043,25424,309,25733,199
2021-01-06,San Joaquin,077,732212,53117,49286,2025,51311,673
2021-01-06,San Luis Obispo,079,281455,14168,12305,320,12625,115
2021-01-06,San Mateo,081,765935,30253,27050,159,27209,200
2021-01-06,Santa Barbara,083,443738,22701,19453,648,20101,177
2021-01-06,Santa Clara,085,1922200,84881,77485,355,77840,746
2021-01-06,Santa Cruz,087,273765,11617,9954,472,10426,97
2021-01-06,Shasta,089,179085,9205,8482,873,9355,78
2021-01-06,Sierra,091,2930,37,31,6,37,0
2021-01-06,Siskiyou,093,43540,1167,998,148,1146,3
2021-01-06,Solano,095,438530,23040,21102,245,21347,99
2021-01-06,Sonoma,097,501317,22091,20558,118,20676,196
2021-01-06,Stanislaus,099,539301,39678,36751,3807,40558,553
2021-01-06,Sutter,101,95872,7245,6839,52,6891,59
2021-01-06,Tehama,103,63373,3588,3306,353,3659,15
2021-01-06,Trinity,105,12862,438,246,64,310,2
2021-01-06,Tulare,107,460477,39046,35882,4713,40595,465
2021-01-06,Tuolumne,109,53932,3167,3008,23,3031,14
2021-01-06,Ventura,111,848112,53555,47428,1904,49332,280
2021-01-06,Yolo,113,214977,9986,9083,88,9171,127
2021-01-06,Yuba,115,75493,4412,4097,45,4142,25
2021-01-05,Alameda,001,1643700,60875,56432,1214,57646,602
2021-01-05,Alpine,003,1148,71,70,0,70,0
2021-01-05,Amador,005,37829,2877,2695,22,2717,24
2021-01-05,Butte,007,227075,8966,8008,1105,9113,107
2021-01-05,Calaveras,009,45235,1373,1292,6,1298,21
2021-01-05,Colusa,011,21464,1467,1376,124,1500,7
2021-01-05,Contra Costa,013,1133247,46939,43442,736,44178,353
2021-01-05,Del Norte,015,27424,824,770,2,772,2
2021-01-05,El Dorado,017,186661,7195,6270,392,6662,32
2021-01-05,Fresno,019,978130,77619,70971,5589,76560,741
2021-01-05,Glenn,021,27897,1793,1608,322,1930,9
2021-01-05,Humboldt,023,135768,2083,1884,7,1891,22
2021-01-05,Imperial,025,180216,24407,23165,1839,25004,421
2021-01-05,Inyo,027,18085,818,627,8,635,20
2021-01-05,Kern,029,883053,74761,68257,6248,74505,624
2021-01-05,Kings,031,150075,18020,16860,649,17509,108
2021-01-05,Lake,033,64148,2231,2015,0,2015,25
2021-01-05,Lassen,035,31185,4659,4554,56,4610,1
2021-01-05,Los Angeles,037,10098052,910766,823783,28004,851787,11028
2021-01-05,Madera,039,155013,12371,11359,558,11917,67
2021-01-05,Marin,041,260295,10712,10214,105,10319,151
2021-01-05,Mariposa,043,17540,304,257,2,259,3
2021-01-05,Mendocino,045,87422,2775,2501,32,2533,30
2021-01-05,Merced,047,269075,21490,20051,468,20519,230
2021-01-05,Modoc,049,8938,292,254,80,334,0
2021-01-05,Mono,051,14174,978,896,12,908,3
2021-01-05,Monterey,053,433212,32023,30045,853,30898,213
2021-01-05,Napa,055,140530,6829,6264,26,6290,29
2021-01-05,Nevada,057,99092,3087,2781,109,2890,15
2021-01-05,Orange,059,3164182,191970,174869,7677,182546,1918
2021-01-05,Placer,061,380077,16561,14723,716,15439,133
2021-01-05,Plumas,063,18699,528,428,9,437,2
2021-01-05,Riverside,065,2383286,219285,200439,10274,210713,2069
2021-01-05,Sacramento,067,1510023,73841,70677,765,71442,888
2021-01-05,San Benito,069,59416,4338,3961,36,3997,28
2021-01-05,San Bernardino,071,2135413,232314,212522,6545,219067,1615
2021-01-05,San Diego,073,3302833,194011,172845,8872,181717,1654
2021-01-05,San Francisco,075,870044,26679,24989,291,25280,196
2021-01-05,San Joaquin,077,732212,52240,48969,1976,50945,663
2021-01-05,San Luis Obispo,079,281455,13768,12027,310,12337,106
2021-01-05,San Mateo,081,765935,29768,26486,157,26643,198
2021-01-05,Santa Barbara,083,443738,22267,19063,638,19701,172
2021-01-05,Santa Clara,085,1922200,83345,76355,342,76697,729
2021-01-05,Santa Cruz,087,273765,11344,9753,448,10201,93
2021-01-05,Shasta,089,179085,9098,8345,855,9200,73
2021-01-05,Sierra,091,2930,37,31,6,37,0
2021-01-05,Siskiyou,093,43540,1155,985,146,1131,3
2021-01-05,Solano,095,438530,22633,20860,240,21100,97
2021-01-05,Sonoma,097,501317,21726,20247,117,20364,194
2021-01-05,Stanislaus,099,539301,39134,36363,3759,40122,553
2021-01-05,Sutter,101,95872,7147,6769,51,6820,59
2021-01-05,Tehama,103,63373,3531,3255,348,3603,9
2021-01-05,Trinity,105,12862,438,246,64,310,2
2021-01-05,Tulare,107,460477,38424,35585,4567,40152,455
2021-01-05,Tuolumne,109,53932,3143,2996,18,3014,13
2021-01-05,Ventura,111,848112,52308,46456,1882,48338,264
2021-01-05,Yolo,113,214977,9810,8980,87,9067,127
2021-01-05,Yuba,115,75493,4353,4053,44,4097,21
2021-01-04,Alameda,001,1643700,59636,55899,1182,57081,583
2021-01-04,Alpine,003,1148,71,68,0,68,0
2021-01-04,Amador,005,37829,2837,2596,22,2618,24
2021-01-04,Butte,007,227075,8807,7893,1081,8974,105
2021-01-04,Calaveras,009,45235,1332,1276,5,1281,21
2021-01-04,Colusa,011,21464,1442,1368,110,1478,7
2021-01-04,Contra Costa,013,1133247,46089,43019,711,43730,353
2021-01-04,Del Norte,015,27424,815,770,2,772,2
2021-01-04,El Dorado,017,186661,7061,6152,376,6528,27
2021-01-04,Fresno,019,978130,76350,69871,5492,75363,726
2021-01-04,Glenn,021,27897,1762,1590,314,1904,9
2021-01-04,Humboldt,023,135768,2047,1845,7,1852,22
2021-01-04,Imperial,025,180216,24253,23035,1786,24821,420
2021-01-04,Inyo,027,18085,791,623,8,631,20
2021-01-04,Kern,029,883053,73675,67418,6050,73468,623
2021-01-04,Kings,031,150075,17743,16801,624,17425,108
2021-01-04,Lake,033,64148,2190,1984,0,1984,25
2021-01-04,Lassen,035,31185,4637,4550,55,4605,1
2021-01-04,Los Angeles,037,10098052,890686,813022,27130,840152,10790
2021-01-04,Madera,039,155013,12151,11204,536,11740,67
2021-01-04,Marin,041,260295,10576,10115,102,10217,151
2021-01-04,Mariposa,043,17540,298,253,2,255,3
2021-01-04,Mendocino,045,87422,2735,2460,28,2488,28
2021-01-04,Merced,047,269075,21075,19804,449,20253,230
2021-01-04,Modoc,049,8938,276,250,78,328,0
2021-01-04,Mono,051,14174,967,895,12,907,3
2021-01-04,Monterey,053,433212,31381,29659,830,30489,212
2021-01-04,Napa,055,140530,6688,6187,26,6213,29
2021-01-04,Nevada,057,99092,3049,2765,105,2870,15
2021-01-04,Orange,059,3164182,188083,172458,7550,180008,1918
2021-01-04,Placer,061,380077,16303,14622,703,15325,133
2021-01-04,Plumas,063,18699,518,419,9,428,1
2021-01-04,Riverside,065,2383286,214754,196809,10082,206891,2066
2021-01-04,Sacramento,067,1510023,72779,70164,755,70919,870
2021-01-04,San Benito,069,59416,4226,3914,36,3950,28
2021-01-04,San Bernardino,071,2135413,228086,210868,6394,217262,1615
2021-01-04,San Diego,073,3302833,189437,171031,8676,179707,1598
2021-01-04,San Francisco,075,870044,26296,24753,285,25038,191
2021-01-04,San Joaquin,077,732212,51338,48644,1935,50579,661
2021-01-04,San Luis Obispo,079,281455,13281,11945,302,12247,96
2021-01-04,San Mateo,081,765935,29205,26150,152,26302,198
2021-01-04,Santa Barbara,083,443738,21750,18735,607,19342,165
2021-01-04,Santa Clara,085,1922200,81598,75297,335,75632,727
2021-01-04,Santa Cruz,087,273765,11057,9680,431,10111,85
2021-01-04,Shasta,089,179085,8993,8224,838,9062,72
2021-01-04,Sierra,091,2930,36,30,6,36,0
2021-01-04,Siskiyou,093,43540,1138,980,143,1123,3
2021-01-04,Solano,095,438530,22130,20588,233,20821,97
2021-01-04,Sonoma,097,501317,21382,20210,116,20326,194
2021-01-04,Stanislaus,099,539301,38571,36141,3704,39845,553
2021-01-04,Sutter,101,95872,7049,6712,50,6762,56
2021-01-04,Tehama,103,63373,3457,3190,343,3533,9
2021-01-04,Trinity,105,12862,435,245,64,309,2
2021-01-04,Tulare,107,460477,37864,35060,4465,39525,455
2021-01-04,Tuolumne,109,53932,3118,2987,18,3005,13
2021-01-04,Ventura,111,848112,50807,45014,1862,46876,255
2021-01-04,Yolo,113,214977,9613,8834,81,8915,121
2021-01-04,Yuba,115,75493,4295,4023,44,4067,21
2021-01-03,Alameda,001,1643700,58383,55082,1153,56235,580
2021-01-03,Alpine,003,1148,69,68,0,68,0
2021-01-03,Amador,005,37829,2773,2565,22,2587,24
2021-01-03,Butte,007,227075,8615,7837,1028,8865,105
2021-01-03,Calaveras,009,45235,1295,1249,3,1252,21
2021-01-03,Colusa,011,21464,1413,1337,104,1441,7
2021-01-03,Contra Costa,013,1133247,45200,42432,687,43119,352
2021-01-03,Del Norte,015,27424,802,768,2,770,2
2021-01-03,El Dorado,017,186661,6933,6034,359,6393,27
2021-01-03,Fresno,019,978130,75199,69326,5371,74697,719
2021-01-03,Glenn,021,27897,1736,1581,304,1885,9
2021-01-03,Humboldt,023,135768,2010,1833,7,1840,21
2021-01-03,Imperial,025,180216,23993,22951,1708,24659,419
2021-01-03,Inyo,027,18085,774,615,8,623,20
2021-01-03,Kern,029,883053,72417,66895,5871,72766,609
2021-01-03,Kings,031,150075,17467,16593,594,17187,108
2021-01-03,Lake,033,64148,2137,1976,0,1976,24
2021-01-03,Lassen,035,31185,4604,4531,54,4585,1
2021-01-03,Los Angeles,037,10098052,868718,792168,26062,818230,10633
2021-01-03,Madera,039,155013,11929,11152,513,11665,67
2021-01-03,Marin,041,260295,10427,10034,97,10131,150
2021-01-03,Mariposa,043,17540,291,248,2,250,3
2021-01-03,Mendocino,045,87422,2695,2445,27,2472,24
2021-01-03,Merced,047,269075,20607,19600,423,20023,230
2021-01-03,Modoc,049,8938,272,245,77,322,0
2021-01-03,Mono,051,14174,942,893,12,905,3
2021-01-03,Monterey,053,433212,30787,29357,797,30154,191
2021-01-03,Napa,055,140530,6587,6094,26,6120,29
2021-01-03,Nevada,057,99092,2988,2742,102,2844,15
2021-01-03,Orange,059,3164182,183900,169881,7357,177238,1919
2021-01-03,Placer,061,380077,16054,14319,679,14998,133
2021-01-03,Plumas,063,18699,505,416,9,425,1
2021-01-03,Riverside,065,2383286,209898,195048,9834,204882,2005
2021-01-03,Sacramento,067,1510023,71572,68558,734,69292,859
2021-01-03,San Benito,069,59416,4129,3882,35,3917,28
2021-01-03,San Bernardino,071,2135413,222827,208294,6221,214515,1592
2021-01-03,San Diego,073,3302833,184179,168018,8449,176467,1592
2021-01-03,San Francisco,075,870044,25799,24588,268,24856,193
2021-01-03,San Joaquin,077,732212,50213,47899,1877,49776,661
2021-01-03,San Luis Obispo,079,281455,12811,11636,293,11929,95
2021-01-03,San Mateo,081,765935,28611,25770,145,25915,196
2021-01-03,Santa Barbara,083,443738,21032,18267,590,18857,164
2021-01-03,Santa Clara,085,1922200,80047,74534,329,74863,720
2021-01-03,Santa Cruz,087,273765,10753,9528,415,9943,84
2021-01-03,Shasta,089,179085,8866,8192,798,8990,72
2021-01-03,Sierra,091,2930,36,30,6,36,0
2021-01-03,Siskiyou,093,43540,1105,976,134,1110,3
2021-01-03,Solano,095,438530,21598,20105,227,20332,97
2021-01-03,Sonoma,097,501317,20990,19982,112,20094,193
2021-01-03,Stanislaus,099,539301,37882,35762,3622,39384,553
2021-01-03,Sutter,101,95872,6952,6664,49,6713,53
2021-01-03,Tehama,103,63373,3399,3176,335,3511,9
2021-01-03,Trinity,105,12862,430,243,62,305,2
2021-01-03,Tulare,107,460477,37302,34747,4315,39062,455
2021-01-03,Tuolumne,109,53932,3057,2978,15,2993,13
2021-01-03,Ventura,111,848112,48984,43748,1844,45592,254
2021-01-03,Yolo,113,214977,9455,8674,77,8751,121
2021-01-03,Yuba,115,75493,4241,3966,43,4009,20
2021-01-02,Alameda,001,1643700,57755,54518,1124,55642,581
2021-01-02,Alpine,003,1148,69,68,0,68,0
2021-01-02,Amador,005,37829,2754,2540,22,2562,24
2021-01-02,Butte,007,227075,8508,7750,1009,8759,105
2021-01-02,Calaveras,009,45235,1275,1230,3,1233,21
2021-01-02,Colusa,011,21464,1403,1332,103,1435,7
2021-01-02,Contra Costa,013,1133247,44678,41993,676,42669,352
2021-01-02,Del Norte,015,27424,800,764,2,766,2
2021-01-02,El Dorado,017,186661,6878,5959,355,6314,27
2021-01-02,Fresno,019,978130,74656,68740,5261,74001,717
2021-01-02,Glenn,021,27897,1721,1546,302,1848,9
2021-01-02,Humboldt,023,135768,1983,1815,7,1822,21
2021-01-02,Imperial,025,180216,23912,22867,1671,24538,420
2021-01-02,Inyo,027,18085,761,609,8,617,20
2021-01-02,Kern,029,883053,71698,66457,5759,72216,610
2021-01-02,Kings,031,150075,17373,16515,590,17105,108
2021-01-02,Lake,033,64148,2099,1925,0,1925,24
2021-01-02,Lassen,035,31185,4593,4457,53,4510,1
2021-01-02,Los Angeles,037,10098052,860373,791892,25361,817253,10633
2021-01-02,Madera,039,155013,11818,11039,502,11541,67
2021-01-02,Marin,041,260295,10381,9924,94,10018,151
2021-01-02,Mariposa,043,17540,284,243,2,245,3
2021-01-02,Mendocino,045,87422,2652,2428,26,2454,24
2021-01-02,Merced,047,269075,20465,19395,407,19802,230
2021-01-02,Modoc,049,8938,271,245,77,322,0
2021-01-02,Mono,051,14174,932,884,12,896,3
2021-01-02,Monterey,053,433212,30581,28991,786,29777,191
2021-01-02,Napa,055,140530,6528,5994,26,6020,29
2021-01-02,Nevada,057,99092,2959,2706,98,2804,15
2021-01-02,Orange,059,3164182,181697,168457,7208,175665,1918
2021-01-02,Placer,061,380077,15881,14182,670,14852,133
2021-01-02,Plumas,063,18699,502,413,9,422,1
2021-01-02,Riverside,065,2383286,207276,192069,9610,201679,2008
2021-01-02,Sacramento,067,1510023,70932,67810,717,68527,858
2021-01-02,San Benito,069,59416,4047,3829,35,3864,28
2021-01-02,San Bernardino,071,2135413,221207,206939,6096,213035,1597
2021-01-02,San Diego,073,3302833,181582,164498,8254,172752,1592
2021-01-02,San Francisco,075,870044,25540,24414,261,24675,194
2021-01-02,San Joaquin,077,732212,49835,47310,1847,49157,662
2021-01-02,San Luis Obispo,079,281455,12675,11467,287,11754,95
2021-01-02,San Mateo,081,765935,28275,25483,137,25620,196
2021-01-02,Santa Barbara,083,443738,20747,18135,587,18722,164
2021-01-02,Santa Clara,085,1922200,78884,73662,322,73984,720
2021-01-02,Santa Cruz,087,273765,10598,9340,406,9746,85
2021-01-02,Shasta,089,179085,8799,8154,787,8941,72
2021-01-02,Sierra,091,2930,36,28,6,34,0
2021-01-02,Siskiyou,093,43540,1094,949,132,1081,3
2021-01-02,Solano,095,438530,21402,19805,217,20022,97
2021-01-02,Sonoma,097,501317,20824,19761,112,19873,194
2021-01-02,Stanislaus,099,539301,37565,35431,3557,38988,553
2021-01-02,Sutter,101,95872,6899,6621,49,6670,53
2021-01-02,Tehama,103,63373,3374,3146,331,3477,9
2021-01-02,Trinity,105,12862,427,243,62,305,2
2021-01-02,Tulare,107,460477,36985,34479,4241,38720,455
2021-01-02,Tuolumne,109,53932,3043,2942,13,2955,13
2021-01-02,Ventura,111,848112,47831,43397,1809,45206,254
2021-01-02,Yolo,113,214977,9360,8571,75,8646,122
2021-01-02,Yuba,115,75493,4202,3930,42,3972,21
2021-01-01,Alameda,001,1643700,57095,53518,1108,54626,579
2021-01-01,Alpine,003,1148,69,68,0,68,0
2021-01-01,Amador,005,37829,2728,2513,20,2533,24
2021-01-01,Butte,007,227075,8407,7589,984,8573,105
2021-01-01,Calaveras,009,45235,1260,1186,3,1189,21
2021-01-01,Colusa,011,21464,1394,1314,101,1415,7
2021-01-01,Contra Costa,013,1133247,44195,41412,657,42069,351
2021-01-01,Del Norte,015,27424,794,758,2,760,2
2021-01-01,El Dorado,017,186661,6786,5832,347,6179,27
2021-01-01,Fresno,019,978130,73583,67484,5176,72660,717
2021-01-01,Glenn,021,27897,1705,1520,299,1819,9
2021-01-01,Humboldt,023,135768,1944,1783,7,1790,21
2021-01-01,Imperial,025,180216,23826,22715,1619,24334,418
2021-01-01,Inyo,027,18085,737,606,8,614,20
2021-01-01,Kern,029,883053,70872,65571,5651,71222,609
2021-01-01,Kings,031,150075,17190,16358,583,16941,108
2021-01-01,Lake,033,64148,2067,1888,0,1888,24
2021-01-01,Lassen,035,31185,4587,4377,53,4430,1
2021-01-01,Los Angeles,037,10098052,846209,775578,24659,800237,10515
2021-01-01,Madera,039,155013,11658,10752,493,11245,66
2021-01-01,Marin,041,260295,10275,9821,94,9915,148
2021-01-01,Mariposa,043,17540,276,236,2,238,3
2021-01-01,Mendocino,045,87422,2598,2400,26,2426,24
2021-01-01,Merced,047,269075,20281,19118,391,19509,229
2021-01-01,Modoc,049,8938,271,241,77,318,0
2021-01-01,Mono,051,14174,914,884,12,896,3
2021-01-01,Monterey,053,433212,30349,28465,778,29243,191
2021-01-01,Napa,055,140530,6442,5899,26,5925,28
2021-01-01,Nevada,057,99092,2935,2663,98,2761,15
2021-01-01,Orange,059,3164182,178902,165440,7064,172504,1893
2021-01-01,Placer,061,380077,15691,13987,654,14641,133
2021-01-01,Plumas,063,18699,497,412,9,421,1
2021-01-01,Riverside,065,2383286,204110,188674,9354,198028,1990
2021-01-01,Sacramento,067,1510023,70334,66956,700,67656,848
2021-01-01,San Benito,069,59416,4009,3773,35,3808,28
2021-01-01,San Bernardino,071,2135413,218400,203651,5964,209615,1590
2021-01-01,San Diego,073,3302833,178509,160071,8076,168147,1592
2021-01-01,San Francisco,075,870044,25264,24145,250,24395,187
2021-01-01,San Joaquin,077,732212,49548,46640,1801,48441,657
2021-01-01,San Luis Obispo,079,281455,12447,11160,279,11439,94
2021-01-01,San Mateo,081,765935,27827,25041,133,25174,194
2021-01-01,Santa Barbara,083,443738,20428,17759,577,18336,164
2021-01-01,Santa Clara,085,1922200,77623,71904,317,72221,680
2021-01-01,Santa Cruz,087,273765,10418,9146,396,9542,84
2021-01-01,Shasta,089,179085,8718,8102,770,8872,72
2021-01-01,Sierra,091,2930,36,26,6,32,0
2021-01-01,Siskiyou,093,43540,1080,944,127,1071,3
2021-01-01,Solano,095,438530,21190,19393,215,19608,97
2021-01-01,Sonoma,097,501317,20634,19513,112,19625,189
2021-01-01,Stanislaus,099,539301,37286,34978,3491,38469,553
2021-01-01,Sutter,101,95872,6842,6553,48,6601,52
2021-01-01,Tehama,103,63373,3316,3079,324,3403,9
2021-01-01,Trinity,105,12862,427,243,62,305,2
2021-01-01,Tulare,107,460477,36581,33994,4147,38141,454
2021-01-01,Tuolumne,109,53932,3027,2909,13,2922,13
2021-01-01,Ventura,111,848112,46338,42026,1781,43807,253
2021-01-01,Yolo,113,214977,9250,8461,72,8533,120
2021-01-01,Yuba,115,75493,4148,3845,41,3886,19
2020-12-31,Alameda,001,1643700,56554,52475,1077,53552,579
2020-12-31,Alpine,003,1148,69,66,0,66,0
2020-12-31,Amador,005,37829,2714,2493,20,2513,24
2020-12-31,Butte,007,227075,8333,7405,964,8369,105
2020-12-31,Calaveras,009,45235,1249,1161,3,1164,21
2020-12-31,Colusa,011,21464,1386,1301,98,1399,7
2020-12-31,Contra Costa,013,1133247,43818,40512,642,41154,336
2020-12-31,Del Norte,015,27424,793,748,2,750,2
2020-12-31,El Dorado,017,186661,6734,5662,338,6000,26
2020-12-31,Fresno,019,978130,73150,66442,5114,71556,711
2020-12-31,Glenn,021,27897,1685,1484,294,1778,9
2020-12-31,Humboldt,023,135768,1927,1713,7,1720,21
2020-12-31,Imperial,025,180216,23762,22494,1603,24097,417
2020-12-31,Inyo,027,18085,729,591,8,599,20
2020-12-31,Kern,029,883053,70402,64904,5559,70463,609
2020-12-31,Kings,031,150075,17115,16077,575,16652,108
2020-12-31,Lake,033,64148,2055,1848,0,1848,23
2020-12-31,Lassen,035,31185,4581,4340,52,4392,1
2020-12-31,Los Angeles,037,10098052,840895,755844,24190,780034,10320
2020-12-31,Madera,039,155013,11585,10609,485,11094,64
2020-12-31,Marin,041,260295,10232,9731,93,9824,148
2020-12-31,Mariposa,043,17540,274,217,2,219,3
2020-12-31,Mendocino,045,87422,2583,2367,22,2389,24
2020-12-31,Merced,047,269075,20191,18808,382,19190,226
2020-12-31,Modoc,049,8938,271,238,77,315,0
2020-12-31,Mono,051,14174,906,868,12,880,3
2020-12-31,Monterey,053,433212,30146,27720,766,28486,188
2020-12-31,Napa,055,140530,6379,5801,26,5827,28
2020-12-31,Nevada,057,99092,2912,2619,96,2715,15
2020-12-31,Orange,059,3164182,177021,161586,6931,168517,1866
2020-12-31,Placer,061,380077,15534,13708,651,14359,126
2020-12-31,Plumas,063,18699,492,401,8,409,1
2020-12-31,Riverside,065,2383286,202460,184193,9223,193416,1958
2020-12-31,Sacramento,067,1510023,69814,65817,689,66506,830
2020-12-31,San Benito,069,59416,3986,3673,35,3708,28
2020-12-31,San Bernardino,071,2135413,216818,199115,5895,205010,1586
2020-12-31,San Diego,073,3302833,176745,155593,7978,163571,1534
2020-12-31,San Francisco,075,870044,25036,23740,242,23982,183
2020-12-31,San Joaquin,077,732212,49237,45764,1763,47527,646
2020-12-31,San Luis Obispo,079,281455,12333,10846,279,11125,89
2020-12-31,San Mateo,081,765935,27498,24570,127,24697,192
2020-12-31,Santa Barbara,083,443738,20185,17434,570,18004,161
2020-12-31,Santa Clara,085,1922200,76840,70032,312,70344,665
2020-12-31,Santa Cruz,087,273765,10300,8909,384,9293,84
2020-12-31,Shasta,089,179085,8652,7996,760,8756,69
2020-12-31,Sierra,091,2930,36,26,6,32,0
2020-12-31,Siskiyou,093,43540,1064,940,124,1064,3
2020-12-31,Solano,095,438530,20961,18942,214,19156,97
2020-12-31,Sonoma,097,501317,20518,19129,111,19240,188
2020-12-31,Stanislaus,099,539301,36987,34398,3438,37836,552
2020-12-31,Sutter,101,95872,6811,6432,48,6480,51
2020-12-31,Tehama,103,63373,3284,3036,323,3359,9
2020-12-31,Trinity,105,12862,426,241,62,303,2
2020-12-31,Tulare,107,460477,36413,33412,4085,37497,446
2020-12-31,Tuolumne,109,53932,3018,2902,13,2915,12
2020-12-31,Ventura,111,848112,45828,40854,1764,42618,251
2020-12-31,Yolo,113,214977,9165,8295,71,8366,117
2020-12-31,Yuba,115,75493,4107,3799,40,3839,18
2020-12-30,Alameda,001,1643700,55790,50158,1026,51184,573
2020-12-30,Alpine,003,1148,69,66,0,66,0
2020-12-30,Amador,005,37829,2694,2418,19,2437,24
2020-12-30,Butte,007,227075,8172,7140,947,8087,103
2020-12-30,Calaveras,009,45235,1224,1135,3,1138,21
2020-12-30,Colusa,011,21464,1370,1289,92,1381,7
2020-12-30,Contra Costa,013,1133247,43235,39601,630,40231,337
2020-12-30,Del Norte,015,27424,788,726,2,728,2
2020-12-30,El Dorado,017,186661,6633,5595,328,5923,27
2020-12-30,Fresno,019,978130,72303,65566,4956,70522,711
2020-12-30,Glenn,021,27897,1656,1471,281,1752,9
2020-12-30,Humboldt,023,135768,1893,1654,7,1661,22
2020-12-30,Imperial,025,180216,23595,22098,1527,23625,412
2020-12-30,Inyo,027,18085,722,572,8,580,20
2020-12-30,Kern,029,883053,69674,63292,5415,68707,604
2020-12-30,Kings,031,150075,16996,15862,567,16429,108
2020-12-30,Lake,033,64148,2032,1731,0,1731,23
2020-12-30,Lassen,035,31185,4572,4300,52,4352,1
2020-12-30,Los Angeles,037,10098052,830016,741907,23491,765398,10046
2020-12-30,Madera,039,155013,11475,10249,474,10723,65
2020-12-30,Marin,041,260295,10142,9569,86,9655,148
2020-12-30,Mariposa,043,17540,270,214,2,216,3
2020-12-30,Mendocino,045,87422,2565,2291,19,2310,24
2020-12-30,Merced,047,269075,19900,18519,372,18891,225
2020-12-30,Modoc,049,8938,268,234,77,311,0
2020-12-30,Mono,051,14174,903,868,12,880,3
2020-12-30,Monterey,053,433212,29529,26977,745,27722,186
2020-12-30,Napa,055,140530,6273,5754,26,5780,28
2020-12-30,Nevada,057,99092,2877,2595,94,2689,15
2020-12-30,Orange,059,3164182,174364,153951,6741,160692,1863
2020-12-30,Placer,061,380077,15306,13540,639,14179,127
2020-12-30,Plumas,063,18699,487,397,8,405,1
2020-12-30,Riverside,065,2383286,199511,176402,9039,185441,1919
2020-12-30,Sacramento,067,1510023,68950,64119,671,64790,847
2020-12-30,San Benito,069,59416,3905,3464,31,3495,29
2020-12-30,San Bernardino,071,2135413,214252,192648,5809,198457,1591
2020-12-30,San Diego,073,3302833,173112,152510,7803,160313,1472
2020-12-30,San Francisco,075,870044,24743,23099,237,23336,182
2020-12-30,San Joaquin,077,732212,48546,44465,1721,46186,634
2020-12-30,San Luis Obispo,079,281455,12065,10542,271,10813,89
2020-12-30,San Mateo,081,765935,27069,24150,123,24273,190
2020-12-30,Santa Barbara,083,443738,19793,16895,547,17442,161
2020-12-30,Santa Clara,085,1922200,75580,67218,308,67526,661
2020-12-30,Santa Cruz,087,273765,10104,8787,375,9162,86
2020-12-30,Shasta,089,179085,8539,7818,746,8564,69
2020-12-30,Sierra,091,2930,36,25,6,31,0
2020-12-30,Siskiyou,093,43540,1057,913,115,1028,3
2020-12-30,Solano,095,438530,20569,18300,211,18511,96
2020-12-30,Sonoma,097,501317,20260,18947,111,19058,191
2020-12-30,Stanislaus,099,539301,36509,33730,3364,37094,526
2020-12-30,Sutter,101,95872,6748,6328,46,6374,51
2020-12-30,Tehama,103,63373,3240,2969,319,3288,9
2020-12-30,Trinity,105,12862,425,231,61,292,2
2020-12-30,Tulare,107,460477,35862,32413,4020,36433,430
2020-12-30,Tuolumne,109,53932,3007,2772,11,2783,12
2020-12-30,Ventura,111,848112,44540,39039,1740,40779,251
2020-12-30,Yolo,113,214977,9057,8067,69,8136,117
2020-12-30,Yuba,115,75493,4036,3612,40,3652,18
2020-12-29,Alameda,001,1643700,54729,50946,991,51937,552
2020-12-29,Alpine,003,1148,69,65,0,65,0
2020-12-29,Amador,005,37829,2642,2388,18,2406,23
2020-12-29,Butte,007,227075,7999,7178,925,8103,98
2020-12-29,Calaveras,009,45235,1179,1111,2,1113,21
2020-12-29,Colusa,011,21464,1349,1272,87,1359,7
2020-12-29,Contra Costa,013,1133247,42431,39225,599,39824,325
2020-12-29,Del Norte,015,27424,781,724,2,726,2
2020-12-29,El Dorado,017,186661,6504,5551,315,5866,22
2020-12-29,Fresno,019,978130,70926,65149,4800,69949,688
2020-12-29,Glenn,021,27897,1622,1454,274,1728,9
2020-12-29,Humboldt,023,135768,1847,1616,7,1623,19
2020-12-29,Imperial,025,180216,23384,22105,1441,23546,407
2020-12-29,Inyo,027,18085,705,571,8,579,19
2020-12-29,Kern,029,883053,68508,63096,5243,68339,589
2020-12-29,Kings,031,150075,16827,15777,555,16332,108
2020-12-29,Lake,033,64148,2000,1805,0,1805,22
2020-12-29,Lassen,035,31185,4557,4288,52,4340,1
2020-12-29,Los Angeles,037,10098052,809848,731907,22624,754531,9786
2020-12-29,Madera,039,155013,11162,10251,459,10710,64
2020-12-29,Marin,041,260295,9991,9595,83,9678,146
2020-12-29,Mariposa,043,17540,262,212,2,214,3
2020-12-29,Mendocino,045,87422,2522,2249,18,2267,24
2020-12-29,Merced,047,269075,19550,18464,357,18821,221
2020-12-29,Modoc,049,8938,265,232,77,309,0
2020-12-29,Mono,051,14174,894,868,12,880,3
2020-12-29,Monterey,053,433212,28889,26894,718,27612,185
2020-12-29,Napa,055,140530,6153,5663,26,5689,28
2020-12-29,Nevada,057,99092,2829,2550,93,2643,15
2020-12-29,Orange,059,3164182,170569,154411,6573,160984,1839
2020-12-29,Placer,061,380077,15094,13392,617,14009,126
2020-12-29,Plumas,063,18699,478,395,8,403,1
2020-12-29,Riverside,065,2383286,194907,177624,8785,186409,1904
2020-12-29,Sacramento,067,1510023,67904,65078,657,65735,820
2020-12-29,San Benito,069,59416,3786,3474,30,3504,25
2020-12-29,San Bernardino,071,2135413,209433,190476,5672,196148,1557
2020-12-29,San Diego,073,3302833,168889,150062,7572,157634,1435
2020-12-29,San Francisco,075,870044,24403,22996,229,23225,178
2020-12-29,San Joaquin,077,732212,47624,44699,1666,46365,622
2020-12-29,San Luis Obispo,079,281455,11770,10387,263,10650,80
2020-12-29,San Mateo,081,765935,26526,23773,111,23884,189
2020-12-29,Santa Barbara,083,443738,19332,16797,521,17318,155
2020-12-29,Santa Clara,085,1922200,74030,67581,305,67886,621
2020-12-29,Santa Cruz,087,273765,9834,8492,366,8858,84
2020-12-29,Shasta,089,179085,8434,7782,731,8513,65
2020-12-29,Sierra,091,2930,34,24,5,29,0
2020-12-29,Siskiyou,093,43540,1042,926,113,1039,3
2020-12-29,Solano,095,438530,20187,18412,206,18618,96
2020-12-29,Sonoma,097,501317,19924,18790,109,18899,187
2020-12-29,Stanislaus,099,539301,36007,33775,3301,37076,508
2020-12-29,Sutter,101,95872,6680,6302,46,6348,50
2020-12-29,Tehama,103,63373,3171,2962,305,3267,9
2020-12-29,Trinity,105,12862,424,241,61,302,2
2020-12-29,Tulare,107,460477,35202,32545,3887,36432,419
2020-12-29,Tuolumne,109,53932,2966,2797,11,2808,12
2020-12-29,Ventura,111,848112,43286,38669,1714,40383,235
2020-12-29,Yolo,113,214977,8928,8124,67,8191,111
2020-12-29,Yuba,115,75493,3954,3723,40,3763,18
2020-12-28,Alameda,001,1643700,53693,50405,970,51375,551
2020-12-28,Alpine,003,1148,68,65,0,65,0
2020-12-28,Amador,005,37829,2572,2255,18,2273,23
2020-12-28,Butte,007,227075,7832,7053,895,7948,86
2020-12-28,Calaveras,009,45235,1156,1102,2,1104,21
2020-12-28,Colusa,011,21464,1324,1255,73,1328,7
2020-12-28,Contra Costa,013,1133247,41497,38872,572,39444,324
2020-12-28,Del Norte,015,27424,771,718,2,720,2
2020-12-28,El Dorado,017,186661,6348,5441,303,5744,18
2020-12-28,Fresno,019,978130,69653,64274,4648,68922,679
2020-12-28,Glenn,021,27897,1588,1435,262,1697,9
2020-12-28,Humboldt,023,135768,1812,1579,7,1586,19
2020-12-28,Imperial,025,180216,23125,22003,1367,23370,405
2020-12-28,Inyo,027,18085,698,569,8,577,19
2020-12-28,Kern,029,883053,67440,62392,5042,67434,579
2020-12-28,Kings,031,150075,16610,15733,538,16271,108
2020-12-28,Lake,033,64148,1959,1785,0,1785,22
2020-12-28,Lassen,035,31185,4450,4284,51,4335,1
2020-12-28,Los Angeles,037,10098052,787527,720699,21809,742508,9544
2020-12-28,Madera,039,155013,10988,10123,436,10559,64
2020-12-28,Marin,041,260295,9883,9546,77,9623,145
2020-12-28,Mariposa,043,17540,238,211,2,213,3
2020-12-28,Mendocino,045,87422,2487,2214,18,2232,23
2020-12-28,Merced,047,269075,19230,18245,339,18584,213
2020-12-28,Modoc,049,8938,260,220,76,296,0
2020-12-28,Mono,051,14174,890,848,12,860,3
2020-12-28,Monterey,053,433212,28050,26529,707,27236,182
2020-12-28,Napa,055,140530,6044,5576,26,5602,26
2020-12-28,Nevada,057,99092,2781,2532,89,2621,15
2020-12-28,Orange,059,3164182,166461,152089,6395,158484,1839
2020-12-28,Placer,061,380077,14755,13234,590,13824,126
2020-12-28,Plumas,063,18699,474,391,8,399,0
2020-12-28,Riverside,065,2383286,190010,174029,8494,182523,1855
2020-12-28,Sacramento,067,1510023,66672,64322,632,64954,813
2020-12-28,San Benito,069,59416,3717,3429,29,3458,24
2020-12-28,San Bernardino,071,2135413,204339,188919,5555,194474,1552
2020-12-28,San Diego,073,3302833,164145,147528,7390,154918,1404
2020-12-28,San Francisco,075,870044,24043,22726,223,22949,178
2020-12-28,San Joaquin,077,732212,46691,44172,1634,45806,618
2020-12-28,San Luis Obispo,079,281455,11419,10260,259,10519,76
2020-12-28,San Mateo,081,765935,26052,23467,107,23574,189
2020-12-28,Santa Barbara,083,443738,18872,16579,509,17088,155
2020-12-28,Santa Clara,085,1922200,72545,66418,298,66716,619
2020-12-28,Santa Cruz,087,273765,9566,8310,356,8666,81
2020-12-28,Shasta,089,179085,8315,7688,718,8406,65
2020-12-28,Sierra,091,2930,31,24,5,29,0
2020-12-28,Siskiyou,093,43540,1026,915,108,1023,3
2020-12-28,Solano,095,438530,19615,18171,200,18371,96
2020-12-28,Sonoma,097,501317,19578,18667,107,18774,185
2020-12-28,Stanislaus,099,539301,35459,33473,3237,36710,507
2020-12-28,Sutter,101,95872,6597,6253,46,6299,49
2020-12-28,Tehama,103,63373,3118,2934,296,3230,9
2020-12-28,Trinity,105,12862,422,240,61,301,2
2020-12-28,Tulare,107,460477,34516,32010,3779,35789,404
2020-12-28,Tuolumne,109,53932,2949,2777,11,2788,12
2020-12-28,Ventura,111,848112,41617,37151,1667,38818,230
2020-12-28,Yolo,113,214977,8773,8031,66,8097,111
2020-12-28,Yuba,115,75493,3893,3679,39,3718,18
2020-12-27,Alameda,001,1643700,52450,49764,944,50708,551
2020-12-27,Alpine,003,1148,66,65,0,65,0
2020-12-27,Amador,005,37829,2451,2218,18,2236,23
2020-12-27,Butte,007,227075,7677,7016,859,7875,86
2020-12-27,Calaveras,009,45235,1109,1097,2,1099,21
2020-12-27,Colusa,011,21464,1299,1253,70,1323,7
2020-12-27,Contra Costa,013,1133247,40568,38428,543,38971,324
2020-12-27,Del Norte,015,27424,748,712,2,714,2
2020-12-27,El Dorado,017,186661,6134,5388,280,5668,18
2020-12-27,Fresno,019,978130,68406,63811,4441,68252,679
2020-12-27,Glenn,021,27897,1561,1434,248,1682,9
2020-12-27,Humboldt,023,135768,1768,1575,7,1582,17
2020-12-27,Imperial,025,180216,22829,21934,1254,23188,405
2020-12-27,Inyo,027,18085,676,565,7,572,18
2020-12-27,Kern,029,883053,66163,61914,4875,66789,568
2020-12-27,Kings,031,150075,16374,15593,504,16097,108
2020-12-27,Lake,033,64148,1903,1769,0,1769,22
2020-12-27,Lassen,035,31185,4373,4230,44,4274,1
2020-12-27,Los Angeles,037,10098052,766067,707260,20915,728175,9476
2020-12-27,Madera,039,155013,10730,10005,426,10431,64
2020-12-27,Marin,041,260295,9760,9477,71,9548,144
2020-12-27,Mariposa,043,17540,231,208,2,210,3
2020-12-27,Mendocino,045,87422,2440,2209,18,2227,23
2020-12-27,Merced,047,269075,18862,18075,323,18398,213
2020-12-27,Modoc,049,8938,251,221,72,293,0
2020-12-27,Mono,051,14174,877,849,12,861,3
2020-12-27,Monterey,053,433212,27502,26322,690,27012,181
2020-12-27,Napa,055,140530,5910,5496,26,5522,26
2020-12-27,Nevada,057,99092,2745,2519,89,2608,15
2020-12-27,Orange,059,3164182,162061,149276,6207,155483,1839
2020-12-27,Placer,061,380077,14458,13017,558,13575,126
2020-12-27,Plumas,063,18699,468,390,8,398,0
2020-12-27,Riverside,065,2383286,185095,171995,8187,180182,1836
2020-12-27,Sacramento,067,1510023,65466,63416,609,64025,811
2020-12-27,San Benito,069,59416,3631,3394,29,3423,24
2020-12-27,San Bernardino,071,2135413,199263,186776,5418,192194,1551
2020-12-27,San Diego,073,3302833,159738,145777,7203,152980,1402
2020-12-27,San Francisco,075,870044,23696,22514,214,22728,178
2020-12-27,San Joaquin,077,732212,45655,43529,1584,45113,618
2020-12-27,San Luis Obispo,079,281455,11012,10154,254,10408,76
2020-12-27,San Mateo,081,765935,25486,23136,103,23239,187
2020-12-27,Santa Barbara,083,443738,18352,16364,481,16845,155
2020-12-27,Santa Clara,085,1922200,70923,65288,293,65581,619
2020-12-27,Santa Cruz,087,273765,9300,8234,347,8581,81
2020-12-27,Shasta,089,179085,8191,7671,695,8366,65
2020-12-27,Sierra,091,2930,31,24,4,28,0
2020-12-27,Siskiyou,093,43540,1016,914,103,1017,3
2020-12-27,Solano,095,438530,19120,17840,194,18034,96
2020-12-27,Sonoma,097,501317,19289,18487,106,18593,185
2020-12-27,Stanislaus,099,539301,34856,33076,3143,36219,506
2020-12-27,Sutter,101,95872,6515,6218,44,6262,48
2020-12-27,Tehama,103,63373,3050,2922,279,3201,9
2020-12-27,Trinity,105,12862,415,240,59,299,2
2020-12-27,Tulare,107,460477,33919,31864,3660,35524,400
2020-12-27,Tuolumne,109,53932,2842,2750,9,2759,12
2020-12-27,Ventura,111,848112,40554,36661,1614,38275,230
2020-12-27,Yolo,113,214977,8582,7919,61,7980,111
2020-12-27,Yuba,115,75493,3829,3665,37,3702,18
2020-12-26,Alameda,001,1643700,51839,49084,931,50015,551
2020-12-26,Alpine,003,1148,66,65,0,65,0
2020-12-26,Amador,005,37829,2437,2189,18,2207,23
2020-12-26,Butte,007,227075,7582,6968,837,7805,86
2020-12-26,Calaveras,009,45235,1103,1084,2,1086,21
2020-12-26,Colusa,011,21464,1289,1240,70,1310,7
2020-12-26,Contra Costa,013,1133247,40104,38008,529,38537,324
2020-12-26,Del Norte,015,27424,742,709,2,711,2
2020-12-26,El Dorado,017,186661,6079,5279,276,5555,18
2020-12-26,Fresno,019,978130,67935,63080,4378,67458,679
2020-12-26,Glenn,021,27897,1540,1413,242,1655,9
2020-12-26,Humboldt,023,135768,1730,1545,7,1552,17
2020-12-26,Imperial,025,180216,22738,21734,1202,22936,405
2020-12-26,Inyo,027,18085,663,554,7,561,18
2020-12-26,Kern,029,883053,65491,61174,4723,65897,564
2020-12-26,Kings,031,150075,16256,15517,499,16016,108
2020-12-26,Lake,033,64148,1861,1710,0,1710,22
2020-12-26,Lassen,035,31185,4352,3981,44,4025,1
2020-12-26,Los Angeles,037,10098052,757536,694149,20409,714558,9424
2020-12-26,Madera,039,155013,10653,9908,414,10322,64
2020-12-26,Marin,041,260295,9725,9413,70,9483,143
2020-12-26,Mariposa,043,17540,230,206,2,208,3
2020-12-26,Mendocino,045,87422,2394,2194,18,2212,23
2020-12-26,Merced,047,269075,18704,17890,318,18208,213
2020-12-26,Modoc,049,8938,248,222,72,294,0
2020-12-26,Mono,051,14174,871,850,12,862,3
2020-12-26,Monterey,053,433212,27369,26010,681,26691,182
2020-12-26,Napa,055,140530,5852,5427,26,5453,26
2020-12-26,Nevada,057,99092,2717,2480,89,2569,15
2020-12-26,Orange,059,3164182,159856,147304,6114,153418,1838
2020-12-26,Placer,061,380077,14288,12816,543,13359,122
2020-12-26,Plumas,063,18699,465,381,8,389,0
2020-12-26,Riverside,065,2383286,182607,169360,8027,177387,1834
2020-12-26,Sacramento,067,1510023,64843,62435,599,63034,807
2020-12-26,San Benito,069,59416,3558,3330,29,3359,24
2020-12-26,San Bernardino,071,2135413,197597,185111,5336,190447,1551
2020-12-26,San Diego,073,3302833,157213,142644,7056,149700,1402
2020-12-26,San Francisco,075,870044,23461,22319,214,22533,177
2020-12-26,San Joaquin,077,732212,45268,42887,1535,44422,618
2020-12-26,San Luis Obispo,079,281455,10925,9945,249,10194,76
2020-12-26,San Mateo,081,765935,25147,22908,98,23006,187
2020-12-26,Santa Barbara,083,443738,18115,16159,475,16634,155
2020-12-26,Santa Clara,085,1922200,69853,64185,291,64476,618
2020-12-26,Santa Cruz,087,273765,9174,8113,338,8451,81
2020-12-26,Shasta,089,179085,8132,7641,682,8323,65
2020-12-26,Sierra,091,2930,31,24,4,28,0
2020-12-26,Siskiyou,093,43540,1009,909,99,1008,2
2020-12-26,Solano,095,438530,18875,17528,194,17722,96
2020-12-26,Sonoma,097,501317,19089,18261,104,18365,184
2020-12-26,Stanislaus,099,539301,34566,32678,3092,35770,505
2020-12-26,Sutter,101,95872,6456,6121,44,6165,48
2020-12-26,Tehama,103,63373,3023,2884,274,3158,9
2020-12-26,Trinity,105,12862,413,237,58,295,2
2020-12-26,Tulare,107,460477,33618,31665,3605,35270,398
2020-12-26,Tuolumne,109,53932,2831,2703,9,2712,12
2020-12-26,Ventura,111,848112,39589,36064,1583,37647,230
2020-12-26,Yolo,113,214977,8480,7785,59,7844,111
2020-12-26,Yuba,115,75493,3801,3599,37,3636,18
2020-12-25,Alameda,001,1643700,51275,48365,916,49281,542
2020-12-25,Alpine,003,1148,66,64,0,64,0
2020-12-25,Amador,005,37829,2394,2172,18,2190,23
2020-12-25,Butte,007,227075,7482,6873,819,7692,85
2020-12-25,Calaveras,009,45235,1100,1062,2,1064,21
2020-12-25,Colusa,011,21464,1277,1219,69,1288,7
2020-12-25,Contra Costa,013,1133247,39637,37480,503,37983,324
2020-12-25,Del Norte,015,27424,739,692,2,694,2
2020-12-25,El Dorado,017,186661,6014,5170,263,5433,16
2020-12-25,Fresno,019,978130,67070,62251,4296,66547,679
2020-12-25,Glenn,021,27897,1524,1390,235,1625,9
2020-12-25,Humboldt,023,135768,1690,1532,7,1539,16
2020-12-25,Imperial,025,180216,22644,21646,1191,22837,405
2020-12-25,Inyo,027,18085,654,546,7,553,18
2020-12-25,Kern,029,883053,64763,60417,4575,64992,562
2020-12-25,Kings,031,150075,16145,15460,495,15955,108
2020-12-25,Lake,033,64148,1842,1669,0,1669,20
2020-12-25,Lassen,035,31185,4337,3926,44,3970,1
2020-12-25,Los Angeles,037,10098052,743904,665600,19727,685327,9292
2020-12-25,Madera,039,155013,10485,9770,407,10177,64
2020-12-25,Marin,041,260295,9675,9375,67,9442,143
2020-12-25,Mariposa,043,17540,224,203,2,205,3
2020-12-25,Mendocino,045,87422,2352,2176,18,2194,23
2020-12-25,Merced,047,269075,18543,17726,311,18037,213
2020-12-25,Modoc,049,8938,247,221,72,293,0
2020-12-25,Mono,051,14174,869,843,12,855,3
2020-12-25,Monterey,053,433212,27095,25788,672,26460,182
2020-12-25,Napa,055,140530,5772,5351,26,5377,26
2020-12-25,Nevada,057,99092,2691,2458,87,2545,15
2020-12-25,Orange,059,3164182,157175,144542,5922,150464,1814
2020-12-25,Placer,061,380077,14103,12660,521,13181,122
2020-12-25,Plumas,063,18699,458,381,8,389,0
2020-12-25,Riverside,065,2383286,179323,166690,7711,174401,1825
2020-12-25,Sacramento,067,1510023,64152,61630,572,62202,796
2020-12-25,San Benito,069,59416,3518,3281,27,3308,24
2020-12-25,San Bernardino,071,2135413,194963,181812,5220,187032,1546
2020-12-25,San Diego,073,3302833,154733,139958,6878,146836,1402
2020-12-25,San Francisco,075,870044,23185,22130,209,22339,175
2020-12-25,San Joaquin,077,732212,44962,42089,1480,43569,614
2020-12-25,San Luis Obispo,079,281455,10742,9749,242,9991,76
2020-12-25,San Mateo,081,765935,24824,22568,96,22664,187
2020-12-25,Santa Barbara,083,443738,17890,15936,468,16404,155
2020-12-25,Santa Clara,085,1922200,68743,63173,282,63455,612
2020-12-25,Santa Cruz,087,273765,9031,8018,316,8334,81
2020-12-25,Shasta,089,179085,8059,7612,659,8271,65
2020-12-25,Sierra,091,2930,31,24,3,27,0
2020-12-25,Siskiyou,093,43540,1003,905,96,1001,2
2020-12-25,Solano,095,438530,18703,17280,192,17472,96
2020-12-25,Sonoma,097,501317,18913,18035,102,18137,184
2020-12-25,Stanislaus,099,539301,34273,32290,3045,35335,498
2020-12-25,Sutter,101,95872,6397,6051,43,6094,47
2020-12-25,Tehama,103,63373,2974,2839,261,3100,9
2020-12-25,Trinity,105,12862,409,236,58,294,2
2020-12-25,Tulare,107,460477,33230,31323,3539,34862,398
2020-12-25,Tuolumne,109,53932,2812,2674,9,2683,12
2020-12-25,Ventura,111,848112,38434,35514,1535,37049,230
2020-12-25,Yolo,113,214977,8383,7700,57,7757,111
2020-12-25,Yuba,115,75493,3765,3549,36,3585,17
2020-12-24,Alameda,001,1643700,50935,47527,897,48424,541
2020-12-24,Alpine,003,1148,66,64,0,64,0
2020-12-24,Amador,005,37829,2382,2145,18,2163,23
2020-12-24,Butte,007,227075,7443,6716,805,7521,84
2020-12-24,Calaveras,009,45235,1097,1032,2,1034,21
2020-12-24,Colusa,011,21464,1272,1188,68,1256,7
2020-12-24,Contra Costa,013,1133247,39392,36623,492,37115,311
2020-12-24,Del Norte,015,27424,739,678,2,680,2
2020-12-24,El Dorado,017,186661,5988,5042,255,5297,16
2020-12-24,Fresno,019,978130,66847,61435,4282,65717,663
2020-12-24,Glenn,021,27897,1513,1363,227,1590,9
2020-12-24,Humboldt,023,135768,1667,1516,7,1523,16
2020-12-24,Imperial,025,180216,22595,21545,1182,22727,402
2020-12-24,Inyo,027,18085,652,532,7,539,17
2020-12-24,Kern,029,883053,64476,59601,4562,64163,556
2020-12-24,Kings,031,150075,16105,15211,494,15705,108
2020-12-24,Lake,033,64148,1827,1629,0,1629,20
2020-12-24,Lassen,035,31185,4324,3894,44,3938,1
2020-12-24,Los Angeles,037,10098052,739751,664840,19466,684306,9288
2020-12-24,Madera,039,155013,10445,9547,400,9947,63
2020-12-24,Marin,041,260295,9641,9287,67,9354,143
2020-12-24,Mariposa,043,17540,220,197,2,199,3
2020-12-24,Mendocino,045,87422,2341,2150,18,2168,23
2020-12-24,Merced,047,269075,18472,17485,307,17792,212
2020-12-24,Modoc,049,8938,247,220,71,291,0
2020-12-24,Mono,051,14174,867,817,12,829,3
2020-12-24,Monterey,053,433212,26987,25131,665,25796,180
2020-12-24,Napa,055,140530,5717,5265,26,5291,26
2020-12-24,Nevada,057,99092,2667,2429,87,2516,15
2020-12-24,Orange,059,3164182,155696,141205,5871,147076,1775
2020-12-24,Placer,061,380077,14014,12457,514,12971,121
2020-12-24,Plumas,063,18699,455,376,8,384,0
2020-12-24,Riverside,065,2383286,178391,162435,7672,170107,1816
2020-12-24,Sacramento,067,1510023,63878,60596,570,61166,788
2020-12-24,San Benito,069,59416,3487,3183,27,3210,24
2020-12-24,San Bernardino,071,2135413,193927,176866,5186,182052,1533
2020-12-24,San Diego,073,3302833,153649,136952,6846,143798,1382
2020-12-24,San Francisco,075,870044,23017,21830,206,22036,175
2020-12-24,San Joaquin,077,732212,44798,41324,1462,42786,611
2020-12-24,San Luis Obispo,079,281455,10674,9504,240,9744,77
2020-12-24,San Mateo,081,765935,24627,22093,96,22189,186
2020-12-24,Santa Barbara,083,443738,17785,15644,460,16104,153
2020-12-24,Santa Clara,085,1922200,68137,61742,275,62017,591
2020-12-24,Santa Cruz,087,273765,8960,7856,304,8160,82
2020-12-24,Shasta,089,179085,8018,7540,642,8182,65
2020-12-24,Sierra,091,2930,28,23,1,24,0
2020-12-24,Siskiyou,093,43540,998,900,90,990,2
2020-12-24,Solano,095,438530,18562,16872,187,17059,96
2020-12-24,Sonoma,097,501317,18815,17710,102,17812,183
2020-12-24,Stanislaus,099,539301,34078,31848,3020,34868,498
2020-12-24,Sutter,101,95872,6356,5960,42,6002,47
2020-12-24,Tehama,103,63373,2958,2779,260,3039,9
2020-12-24,Trinity,105,12862,408,235,58,293,2
2020-12-24,Tulare,107,460477,33111,30827,3513,34340,390
2020-12-24,Tuolumne,109,53932,2803,2653,9,2662,12
2020-12-24,Ventura,111,848112,38154,34400,1528,35928,224
2020-12-24,Yolo,113,214977,8341,7566,57,7623,113
2020-12-24,Yuba,115,75493,3740,3483,36,3519,16
2020-12-23,Alameda,001,1643700,50363,46753,870,47623,537
2020-12-23,Alpine,003,1148,66,64,0,64,0
2020-12-23,Amador,005,37829,2313,2108,17,2125,23
2020-12-23,Butte,007,227075,7355,6588,779,7367,84
2020-12-23,Calaveras,009,45235,1089,1002,1,1003,21
2020-12-23,Colusa,011,21464,1261,1167,68,1235,7
2020-12-23,Contra Costa,013,1133247,38994,36190,479,36669,311
2020-12-23,Del Norte,015,27424,732,670,2,672,2
2020-12-23,El Dorado,017,186661,5913,4967,247,5214,14
2020-12-23,Fresno,019,978130,66239,60488,4216,64704,654
2020-12-23,Glenn,021,27897,1499,1349,223,1572,9
2020-12-23,Humboldt,023,135768,1642,1458,7,1465,16
2020-12-23,Imperial,025,180216,22500,21323,1153,22476,399
2020-12-23,Inyo,027,18085,640,517,7,524,17
2020-12-23,Kern,029,883053,63959,58656,4468,63124,549
2020-12-23,Kings,031,150075,16027,14923,491,15414,105
2020-12-23,Lake,033,64148,1813,1595,0,1595,20
2020-12-23,Lassen,035,31185,4314,3865,41,3906,1
2020-12-23,Los Angeles,037,10098052,730721,651958,18931,670889,9146
2020-12-23,Madera,039,155013,10286,9371,386,9757,63
2020-12-23,Marin,041,260295,9583,9199,64,9263,142
2020-12-23,Mariposa,043,17540,218,194,2,196,3
2020-12-23,Mendocino,045,87422,2329,2121,18,2139,23
2020-12-23,Merced,047,269075,18316,17250,300,17550,203
2020-12-23,Modoc,049,8938,243,197,70,267,0
2020-12-23,Mono,051,14174,864,814,12,826,3
2020-12-23,Monterey,053,433212,26689,24856,659,25515,176
2020-12-23,Napa,055,140530,5649,5172,26,5198,25
2020-12-23,Nevada,057,99092,2622,2406,86,2492,15
2020-12-23,Orange,059,3164182,153244,138050,5704,143754,1771
2020-12-23,Placer,061,380077,13804,12213,506,12719,111
2020-12-23,Plumas,063,18699,448,369,8,377,0
2020-12-23,Riverside,065,2383286,176120,158110,7514,165624,1790
2020-12-23,Sacramento,067,1510023,63230,59661,556,60217,779
2020-12-23,San Benito,069,59416,3433,3073,25,3098,24
2020-12-23,San Bernardino,071,2135413,191891,172888,5117,178005,1509
2020-12-23,San Diego,073,3302833,151223,134695,6709,141404,1350
2020-12-23,San Francisco,075,870044,22794,21498,203,21701,174
2020-12-23,San Joaquin,077,732212,44273,35664,1419,37083,602
2020-12-23,San Luis Obispo,079,281455,10532,9267,235,9502,74
2020-12-23,San Mateo,081,765935,24325,21780,94,21874,186
2020-12-23,Santa Barbara,083,443738,17575,15399,434,15833,152
2020-12-23,Santa Clara,085,1922200,67227,60455,270,60725,579
2020-12-23,Santa Cruz,087,273765,8800,7637,286,7923,75
2020-12-23,Shasta,089,179085,7945,7487,636,8123,66
2020-12-23,Sierra,091,2930,27,23,0,23,0
2020-12-23,Siskiyou,093,43540,977,891,89,980,2
2020-12-23,Solano,095,438530,18354,16626,182,16808,95
2020-12-23,Sonoma,097,501317,18611,17397,102,17499,182
2020-12-23,Stanislaus,099,539301,33735,31492,2967,34459,499
2020-12-23,Sutter,101,95872,6290,5871,42,5913,46
2020-12-23,Tehama,103,63373,2941,2737,256,2993,9
2020-12-23,Trinity,105,12862,408,234,57,291,2
2020-12-23,Tulare,107,460477,32819,30315,3474,33789,385
2020-12-23,Tuolumne,109,53932,2763,2540,9,2549,12
2020-12-23,Ventura,111,848112,37757,33377,1499,34876,216
2020-12-23,Yolo,113,214977,8263,7508,56,7564,112
2020-12-23,Yuba,115,75493,3687,3438,36,3474,14
2020-12-22,Alameda,001,1643700,49478,45751,840,46591,534
2020-12-22,Alpine,003,1148,66,64,0,64,0
2020-12-22,Amador,005,37829,2302,1839,17,1856,23
2020-12-22,Butte,007,227075,7227,6467,764,7231,85
2020-12-22,Calaveras,009,45235,1062,988,0,988,21
2020-12-22,Colusa,011,21464,1238,1150,64,1214,7
2020-12-22,Contra Costa,013,1133247,38367,35681,467,36148,301
2020-12-22,Del Norte,015,27424,725,666,2,668,2
2020-12-22,El Dorado,017,186661,5790,4885,235,5120,12
2020-12-22,Fresno,019,978130,65205,59640,4110,63750,640
2020-12-22,Glenn,021,27897,1476,1337,212,1549,9
2020-12-22,Humboldt,023,135768,1608,1440,7,1447,16
2020-12-22,Imperial,025,180216,22311,21128,1110,22238,398
2020-12-22,Inyo,027,18085,620,506,7,513,17
2020-12-22,Kern,029,883053,63007,57816,4331,62147,547
2020-12-22,Kings,031,150075,15887,14855,485,15340,102
2020-12-22,Lake,033,64148,1789,1569,0,1569,20
2020-12-22,Lassen,035,31185,4172,3848,39,3887,1
2020-12-22,Los Angeles,037,10098052,713484,635931,18243,654174,9013
2020-12-22,Madera,039,155013,10168,9187,370,9557,63
2020-12-22,Marin,041,260295,9519,9115,63,9178,142
2020-12-22,Mariposa,043,17540,215,194,2,196,3
2020-12-22,Mendocino,045,87422,2296,2092,18,2110,23
2020-12-22,Merced,047,269075,18070,17012,295,17307,201
2020-12-22,Modoc,049,8938,235,182,69,251,0
2020-12-22,Mono,051,14174,858,786,12,798,3
2020-12-22,Monterey,053,433212,26023,24152,638,24790,176
2020-12-22,Napa,055,140530,5562,5059,26,5085,23
2020-12-22,Nevada,057,99092,2594,2367,85,2452,14
2020-12-22,Orange,059,3164182,149902,134850,5532,140382,1774
2020-12-22,Placer,061,380077,13560,11943,486,12429,105
2020-12-22,Plumas,063,18699,442,360,8,368,0
2020-12-22,Riverside,065,2383286,172311,155059,7246,162305,1777
2020-12-22,Sacramento,067,1510023,62301,57966,537,58503,772
2020-12-22,San Benito,069,59416,3355,2998,25,3023,24
2020-12-22,San Bernardino,071,2135413,187312,169266,4969,174235,1500
2020-12-22,San Diego,073,3302833,147864,132097,6547,138644,1311
2020-12-22,San Francisco,075,870044,22525,21232,199,21431,174
2020-12-22,San Joaquin,077,732212,43516,39423,1370,40793,592
2020-12-22,San Luis Obispo,079,281455,10187,9174,230,9404,69
2020-12-22,San Mateo,081,765935,23998,21382,78,21460,186
2020-12-22,Santa Barbara,083,443738,17314,15189,424,15613,150
2020-12-22,Santa Clara,085,1922200,66060,59192,263,59455,569
2020-12-22,Santa Cruz,087,273765,8621,7471,260,7731,72
2020-12-22,Shasta,089,179085,7867,7371,619,7990,64
2020-12-22,Sierra,091,2930,27,23,0,23,0
2020-12-22,Siskiyou,093,43540,971,880,88,968,2
2020-12-22,Solano,095,438530,17951,16229,179,16408,95
2020-12-22,Sonoma,097,501317,18293,17216,102,17318,180
2020-12-22,Stanislaus,099,539301,33354,30914,2894,33808,499
2020-12-22,Sutter,101,95872,6229,5791,41,5832,46
2020-12-22,Tehama,103,63373,2891,2688,249,2937,9
2020-12-22,Trinity,105,12862,407,231,57,288,2
2020-12-22,Tulare,107,460477,32354,30025,3406,33431,377
2020-12-22,Tuolumne,109,53932,2708,2526,9,2535,12
2020-12-22,Ventura,111,848112,36992,32488,1456,33944,213
2020-12-22,Yolo,113,214977,8150,7388,55,7443,113
2020-12-22,Yuba,115,75493,3636,3379,36,3415,14
2020-12-21,Alameda,001,1643700,48577,44756,813,45569,518
2020-12-21,Alpine,003,1148,65,64,0,64,0
2020-12-21,Amador,005,37829,2225,1815,17,1832,23
2020-12-21,Butte,007,227075,7072,6335,740,7075,81
2020-12-21,Calaveras,009,45235,1032,963,0,963,21
2020-12-21,Colusa,011,21464,1211,1135,59,1194,7
2020-12-21,Contra Costa,013,1133247,37616,35207,430,35637,300
2020-12-21,Del Norte,015,27424,710,660,2,662,2
2020-12-21,El Dorado,017,186661,5643,4805,222,5027,10
2020-12-21,Fresno,019,978130,64052,58568,3966,62534,634
2020-12-21,Glenn,021,27897,1444,1323,204,1527,9
2020-12-21,Humboldt,023,135768,1584,1419,7,1426,16
2020-12-21,Imperial,025,180216,22042,20994,1065,22059,395
2020-12-21,Inyo,027,18085,599,482,7,489,17
2020-12-21,Kern,029,883053,62116,56836,4194,61030,541
2020-12-21,Kings,031,150075,15637,14760,470,15230,100
2020-12-21,Lake,033,64148,1734,1538,0,1538,20
2020-12-21,Lassen,035,31185,4012,3798,37,3835,1
2020-12-21,Los Angeles,037,10098052,694427,624129,17559,641688,8918
2020-12-21,Madera,039,155013,9974,9069,350,9419,63
2020-12-21,Marin,041,260295,9450,9035,63,9098,142
2020-12-21,Mariposa,043,17540,210,186,2,188,3
2020-12-21,Mendocino,045,87422,2265,2066,18,2084,23
2020-12-21,Merced,047,269075,17821,16710,279,16989,198
2020-12-21,Modoc,049,8938,221,181,68,249,0
2020-12-21,Mono,051,14174,846,781,12,793,3
2020-12-21,Monterey,053,433212,25491,23673,624,24297,174
2020-12-21,Napa,055,140530,5474,4952,26,4978,23
2020-12-21,Nevada,057,99092,2561,2337,85,2422,13
2020-12-21,Orange,059,3164182,146487,130444,5378,135822,1772
2020-12-21,Placer,061,380077,13329,11715,466,12181,105
2020-12-21,Plumas,063,18699,438,353,8,361,0
2020-12-21,Riverside,065,2383286,168087,151713,6919,158632,1743
2020-12-21,Sacramento,067,1510023,61280,57064,519,57583,759
2020-12-21,San Benito,069,59416,3287,2921,25,2946,22
2020-12-21,San Bernardino,071,2135413,182523,165086,4803,169889,1476
2020-12-21,San Diego,073,3302833,144413,129716,6383,136099,1284
2020-12-21,San Francisco,075,870044,22239,21086,197,21283,174
2020-12-21,San Joaquin,077,732212,42720,38811,1319,40130,586
2020-12-21,San Luis Obispo,079,281455,9999,9006,225,9231,64
2020-12-21,San Mateo,081,765935,23593,21035,75,21110,185
2020-12-21,Santa Barbara,083,443738,17043,14988,419,15407,149
2020-12-21,Santa Clara,085,1922200,64866,57699,251,57950,570
2020-12-21,Santa Cruz,087,273765,8409,7315,247,7562,69
2020-12-21,Shasta,089,179085,7802,7299,609,7908,64
2020-12-21,Sierra,091,2930,24,23,0,23,0
2020-12-21,Siskiyou,093,43540,963,878,87,965,2
2020-12-21,Solano,095,438530,17481,15878,174,16052,95
2020-12-21,Sonoma,097,501317,18020,17075,98,17173,176
2020-12-21,Stanislaus,099,539301,32896,30437,2820,33257,499
2020-12-21,Sutter,101,95872,6133,5708,41,5749,46
2020-12-21,Tehama,103,63373,2823,2656,241,2897,9
2020-12-21,Trinity,105,12862,405,226,55,281,2
2020-12-21,Tulare,107,460477,31854,29482,3317,32799,373
2020-12-21,Tuolumne,109,53932,2683,2423,7,2430,12
2020-12-21,Ventura,111,848112,35911,31759,1419,33178,212
2020-12-21,Yolo,113,214977,8005,7266,51,7317,109
2020-12-21,Yuba,115,75493,3577,3329,36,3365,14
2020-12-20,Alameda,001,1643700,47698,44004,790,44794,516
2020-12-20,Alpine,003,1148,65,64,0,64,0
2020-12-20,Amador,005,37829,2167,1771,17,1788,23
2020-12-20,Butte,007,227075,6927,6228,704,6932,81
2020-12-20,Calaveras,009,45235,1008,926,0,926,21
2020-12-20,Colusa,011,21464,1183,1121,52,1173,7
2020-12-20,Contra Costa,013,1133247,37030,34798,413,35211,301
2020-12-20,Del Norte,015,27424,688,652,2,654,2
2020-12-20,El Dorado,017,186661,5518,4697,213,4910,10
2020-12-20,Fresno,019,978130,63061,57616,3830,61446,634
2020-12-20,Glenn,021,27897,1435,1295,197,1492,9
2020-12-20,Humboldt,023,135768,1547,1386,6,1392,15
2020-12-20,Imperial,025,180216,21800,20882,960,21842,395
2020-12-20,Inyo,027,18085,584,476,7,483,17
2020-12-20,Kern,029,883053,61017,55983,4040,60023,540
2020-12-20,Kings,031,150075,15417,14629,453,15082,100
2020-12-20,Lake,033,64148,1688,1463,0,1463,20
2020-12-20,Lassen,035,31185,3958,3669,35,3704,1
2020-12-20,Los Angeles,037,10098052,676376,612975,16816,629791,8862
2020-12-20,Madera,039,155013,9764,8871,341,9212,63
2020-12-20,Marin,041,260295,9352,8948,59,9007,142
2020-12-20,Mariposa,043,17540,209,179,2,181,3
2020-12-20,Mendocino,045,87422,2240,2033,18,2051,23
2020-12-20,Merced,047,269075,17505,16435,272,16707,198
2020-12-20,Modoc,049,8938,221,181,66,247,0
2020-12-20,Mono,051,14174,828,774,12,786,3
2020-12-20,Monterey,053,433212,25012,23250,583,23833,173
2020-12-20,Napa,055,140530,5352,4865,24,4889,23
2020-12-20,Nevada,057,99092,2515,2289,79,2368,13
2020-12-20,Orange,059,3164182,142983,128780,5229,134009,1763
2020-12-20,Placer,061,380077,13103,11496,447,11943,105
2020-12-20,Plumas,063,18699,430,347,8,355,0
2020-12-20,Riverside,065,2383286,163881,148714,6627,155341,1742
2020-12-20,Sacramento,067,1510023,60280,56017,499,56516,755
2020-12-20,San Benito,069,59416,3215,2885,24,2909,21
2020-12-20,San Bernardino,071,2135413,177541,162810,4644,167454,1458
2020-12-20,San Diego,073,3302833,140695,126465,6213,132678,1280
2020-12-20,San Francisco,075,870044,21925,20937,193,21130,174
2020-12-20,San Joaquin,077,732212,41880,38268,1258,39526,587
2020-12-20,San Luis Obispo,079,281455,9706,8881,218,9099,63
2020-12-20,San Mateo,081,765935,23159,20764,71,20835,185
2020-12-20,Santa Barbara,083,443738,16727,14817,399,15216,148
2020-12-20,Santa Clara,085,1922200,63459,56860,245,57105,566
2020-12-20,Santa Cruz,087,273765,8201,7178,234,7412,69
2020-12-20,Shasta,089,179085,7687,7256,595,7851,64
2020-12-20,Sierra,091,2930,24,22,0,22,0
2020-12-20,Siskiyou,093,43540,953,870,86,956,2
2020-12-20,Solano,095,438530,17103,15533,163,15696,95
2020-12-20,Sonoma,097,501317,17745,16802,97,16899,175
2020-12-20,Stanislaus,099,539301,32373,29995,2718,32713,498
2020-12-20,Sutter,101,95872,6046,5601,41,5642,43
2020-12-20,Tehama,103,63373,2773,2602,222,2824,9
2020-12-20,Trinity,105,12862,397,221,54,275,2
2020-12-20,Tulare,107,460477,31336,29078,3221,32299,373
2020-12-20,Tuolumne,109,53932,2572,2152,6,2158,12
2020-12-20,Ventura,111,848112,35208,31335,1386,32721,210
2020-12-20,Yolo,113,214977,7854,7121,48,7169,109
2020-12-20,Yuba,115,75493,3530,3254,34,3288,12
2020-12-19,Alameda,001,1643700,47255,43109,783,43892,516
2020-12-19,Alpine,003,1148,65,64,0,64,0
2020-12-19,Amador,005,37829,2143,1754,17,1771,23
2020-12-19,Butte,007,227075,6827,6118,680,6798,81
2020-12-19,Calaveras,009,45235,991,900,0,900,21
2020-12-19,Colusa,011,21464,1175,1096,50,1146,7
2020-12-19,Contra Costa,013,1133247,36715,34321,399,34720,301
2020-12-19,Del Norte,015,27424,686,641,1,642,2
2020-12-19,El Dorado,017,186661,5451,4588,205,4793,10
2020-12-19,Fresno,019,978130,62738,55428,3761,59189,634
2020-12-19,Glenn,021,27897,1400,1286,196,1482,9
2020-12-19,Humboldt,023,135768,1530,1357,6,1363,15
2020-12-19,Imperial,025,180216,21710,20711,913,21624,395
2020-12-19,Inyo,027,18085,577,475,7,482,17
2020-12-19,Kern,029,883053,60531,55118,3932,59050,540
2020-12-19,Kings,031,150075,15338,14474,451,14925,100
2020-12-19,Lake,033,64148,1653,1438,0,1438,20
2020-12-19,Lassen,035,31185,3930,3595,35,3630,1
2020-12-19,Los Angeles,037,10098052,669308,599888,16282,616170,8804
2020-12-19,Madera,039,155013,9672,8717,329,9046,63
2020-12-19,Marin,041,260295,9313,8864,59,8923,142
2020-12-19,Mariposa,043,17540,207,177,2,179,3
2020-12-19,Mendocino,045,87422,2215,2008,18,2026,23
2020-12-19,Merced,047,269075,17366,16230,264,16494,198
2020-12-19,Modoc,049,8938,218,181,66,247,0
2020-12-19,Mono,051,14174,821,766,12,778,3
2020-12-19,Monterey,053,433212,24901,22799,577,23376,172
2020-12-19,Napa,055,140530,5290,4772,24,4796,23
2020-12-19,Nevada,057,99092,2493,2260,79,2339,13
2020-12-19,Orange,059,3164182,141062,125574,5078,130652,1733
2020-12-19,Placer,061,380077,12948,11246,441,11687,105
2020-12-19,Plumas,063,18699,427,343,8,351,0
2020-12-19,Riverside,065,2383286,161896,146703,6391,153094,1737
2020-12-19,Sacramento,067,1510023,59748,55169,485,55654,746
2020-12-19,San Benito,069,59416,3169,2820,23,2843,21
2020-12-19,San Bernardino,071,2135413,175975,159883,4537,164420,1433
2020-12-19,San Diego,073,3302833,138928,122972,6074,129046,1280
2020-12-19,San Francisco,075,870044,21774,20643,193,20836,174
2020-12-19,San Joaquin,077,732212,41477,37340,1208,38548,586
2020-12-19,San Luis Obispo,079,281455,9635,8788,215,9003,63
2020-12-19,San Mateo,081,765935,22949,20393,64,20457,182
2020-12-19,Santa Barbara,083,443738,16570,14667,393,15060,148
2020-12-19,Santa Clara,085,1922200,62647,55540,241,55781,558
2020-12-19,Santa Cruz,087,273765,8097,7054,229,7283,68
2020-12-19,Shasta,089,179085,7634,7221,583,7804,63
2020-12-19,Sierra,091,2930,24,23,0,23,0
2020-12-19,Siskiyou,093,43540,949,853,85,938,2
2020-12-19,Solano,095,438530,16937,15204,159,15363,95
2020-12-19,Sonoma,097,501317,17637,16553,97,16650,175
2020-12-19,Stanislaus,099,539301,32054,29555,2646,32201,498
2020-12-19,Sutter,101,95872,5989,5506,41,5547,41
2020-12-19,Tehama,103,63373,2722,2574,220,2794,9
2020-12-19,Trinity,105,12862,396,219,54,273,2
2020-12-19,Tulare,107,460477,31114,28734,3155,31889,375
2020-12-19,Tuolumne,109,53932,2559,2107,6,2113,12
2020-12-19,Ventura,111,848112,34927,30843,1356,32199,209
2020-12-19,Yolo,113,214977,7785,7025,47,7072,109
2020-12-19,Yuba,115,75493,3498,3168,34,3202,11
2020-12-18,Alameda,001,1643700,46718,42196,767,42963,515
2020-12-18,Alpine,003,1148,65,64,0,64,0
2020-12-18,Amador,005,37829,2126,1727,15,1742,20
2020-12-18,Butte,007,227075,6742,5891,654,6545,81
2020-12-18,Calaveras,009,45235,981,870,0,870,21
2020-12-18,Colusa,011,21464,1166,1068,50,1118,7
2020-12-18,Contra Costa,013,1133247,36430,33610,387,33997,300
2020-12-18,Del Norte,015,27424,681,627,0,627,2
2020-12-18,El Dorado,017,186661,5389,4494,196,4690,10
2020-12-18,Fresno,019,978130,61911,52643,3697,56340,613
2020-12-18,Glenn,021,27897,1383,1264,191,1455,9
2020-12-18,Humboldt,023,135768,1515,1331,6,1337,15
2020-12-18,Imperial,025,180216,21632,20430,866,21296,393
2020-12-18,Inyo,027,18085,557,454,7,461,17
2020-12-18,Kern,029,883053,59871,54220,3847,58067,533
2020-12-18,Kings,031,150075,15212,14284,445,14729,98
2020-12-18,Lake,033,64148,1642,1397,0,1397,20
2020-12-18,Lassen,035,31185,3922,3486,35,3521,1
2020-12-18,Los Angeles,037,10098052,657182,586413,15783,602196,8744
2020-12-18,Madera,039,155013,9570,8609,324,8933,63
2020-12-18,Marin,041,260295,9229,8799,59,8858,142
2020-12-18,Mariposa,043,17540,204,176,2,178,3
2020-12-18,Mendocino,045,87422,2197,1977,18,1995,24
2020-12-18,Merced,047,269075,17285,15956,261,16217,195
2020-12-18,Modoc,049,8938,218,179,66,245,0
2020-12-18,Mono,051,14174,813,731,12,743,3
2020-12-18,Monterey,053,433212,24609,22336,571,22907,165
2020-12-18,Napa,055,140530,5242,4688,24,4712,23
2020-12-18,Nevada,057,99092,2476,2220,78,2298,13
2020-12-18,Orange,059,3164182,138623,121681,4928,126609,1725
2020-12-18,Placer,061,380077,12777,10995,432,11427,104
2020-12-18,Plumas,063,18699,421,336,8,344,0
2020-12-18,Riverside,065,2383286,159055,142375,6122,148497,1733
2020-12-18,Sacramento,067,1510023,59122,53980,469,54449,736
2020-12-18,San Benito,069,59416,3120,2744,23,2767,21
2020-12-18,San Bernardino,071,2135413,173677,154272,4403,158675,1430
2020-12-18,San Diego,073,3302833,136750,120463,5935,126398,1253
2020-12-18,San Francisco,075,870044,21607,20315,187,20502,173
2020-12-18,San Joaquin,077,732212,41119,36484,1177,37661,559
2020-12-18,San Luis Obispo,079,281455,9536,8598,210,8808,62
2020-12-18,San Mateo,081,765935,22635,19971,60,20031,182
2020-12-18,Santa Barbara,083,443738,16430,14361,380,14741,148
2020-12-18,Santa Clara,085,1922200,61774,53992,232,54224,539
2020-12-18,Santa Cruz,087,273765,7982,6838,221,7059,68
2020-12-18,Shasta,089,179085,7597,7114,572,7686,62
2020-12-18,Sierra,091,2930,24,23,0,23,0
2020-12-18,Siskiyou,093,43540,947,840,85,925,2
2020-12-18,Solano,095,438530,16784,14667,155,14822,95
2020-12-18,Sonoma,097,501317,17517,16261,97,16358,173
2020-12-18,Stanislaus,099,539301,31781,28967,2610,31577,490
2020-12-18,Sutter,101,95872,5905,5399,41,5440,39
2020-12-18,Tehama,103,63373,2706,2523,210,2733,9
2020-12-18,Trinity,105,12862,395,215,54,269,2
2020-12-18,Tulare,107,460477,30836,28322,3076,31398,370
2020-12-18,Tuolumne,109,53932,2548,2067,6,2073,12
2020-12-18,Ventura,111,848112,34423,29907,1313,31220,209
2020-12-18,Yolo,113,214977,7717,6901,46,6947,109
2020-12-18,Yuba,115,75493,3440,3097,34,3131,11
2020-12-17,Alameda,001,1643700,45910,41548,734,42282,508
2020-12-17,Alpine,003,1148,65,64,0,64,0
2020-12-17,Amador,005,37829,2078,1703,13,1716,19
2020-12-17,Butte,007,227075,6616,5746,636,6382,78
2020-12-17,Calaveras,009,45235,958,848,0,848,21
2020-12-17,Colusa,011,21464,1155,1053,48,1101,7
2020-12-17,Contra Costa,013,1133247,35906,33006,354,33360,293
2020-12-17,Del Norte,015,27424,676,583,0,583,1
2020-12-17,El Dorado,017,186661,5244,4327,184,4511,9
2020-12-17,Fresno,019,978130,61049,49918,3571,53489,597
2020-12-17,Glenn,021,27897,1359,1244,184,1428,9
2020-12-17,Humboldt,023,135768,1482,1322,6,1328,14
2020-12-17,Imperial,025,180216,21467,20208,795,21003,391
2020-12-17,Inyo,027,18085,539,450,6,456,16
2020-12-17,Kern,029,883053,58916,53683,3713,57396,526
2020-12-17,Kings,031,150075,15113,14057,430,14487,98
2020-12-17,Lake,033,64148,1617,1374,0,1374,20
2020-12-17,Lassen,035,31185,3886,3417,35,3452,1
2020-12-17,Los Angeles,037,10098052,641545,571093,15233,586326,8657
2020-12-17,Madera,039,155013,9452,8465,320,8785,62
2020-12-17,Marin,041,260295,9171,8721,57,8778,142
2020-12-17,Mariposa,043,17540,200,172,2,174,3
2020-12-17,Mendocino,045,87422,2163,1942,18,1960,23
2020-12-17,Merced,047,269075,17022,15648,253,15901,192
2020-12-17,Modoc,049,8938,215,179,66,245,0
2020-12-17,Mono,051,14174,800,718,12,730,3
2020-12-17,Monterey,053,433212,24090,21951,556,22507,163
2020-12-17,Napa,055,140530,5130,4612,24,4636,23
2020-12-17,Nevada,057,99092,2435,2173,75,2248,13
2020-12-17,Orange,059,3164182,135237,118367,4792,123159,1725
2020-12-17,Placer,061,380077,12502,10756,418,11174,99
2020-12-17,Plumas,063,18699,412,324,8,332,0
2020-12-17,Riverside,065,2383286,155181,139325,5906,145231,1696
2020-12-17,Sacramento,067,1510023,58217,53189,446,53635,721
2020-12-17,San Benito,069,59416,3051,2645,22,2667,20
2020-12-17,San Bernardino,071,2135413,169745,149838,4286,154124,1425
2020-12-17,San Diego,073,3302833,133950,116852,5779,122631,1239
2020-12-17,San Francisco,075,870044,21320,19939,182,20121,170
2020-12-17,San Joaquin,077,732212,40390,35894,1140,37034,554
2020-12-17,San Luis Obispo,079,281455,9416,8365,208,8573,59
2020-12-17,San Mateo,081,765935,22263,19647,60,19707,181
2020-12-17,Santa Barbara,083,443738,16196,14207,373,14580,147
2020-12-17,Santa Clara,085,1922200,60606,52559,226,52785,527
2020-12-17,Santa Cruz,087,273765,7826,6687,207,6894,64
2020-12-17,Shasta,089,179085,7520,7000,553,7553,62
2020-12-17,Sierra,091,2930,23,23,0,23,0
2020-12-17,Siskiyou,093,43540,940,827,84,911,2
2020-12-17,Solano,095,438530,16478,14361,153,14514,96
2020-12-17,Sonoma,097,501317,17245,15993,96,16089,171
2020-12-17,Stanislaus,099,539301,31356,28582,2551,31133,489
2020-12-17,Sutter,101,95872,5806,5309,40,5349,39
2020-12-17,Tehama,103,63373,2658,2480,204,2684,9
2020-12-17,Trinity,105,12862,390,213,54,267,2
2020-12-17,Tulare,107,460477,30442,27852,2997,30849,358
2020-12-17,Tuolumne,109,53932,2237,1992,6,1998,11
2020-12-17,Ventura,111,848112,33813,29404,1276,30680,208
2020-12-17,Yolo,113,214977,7593,6800,45,6845,105
2020-12-17,Yuba,115,75493,3381,3035,32,3067,12
2020-12-16,Alameda,001,1643700,45054,40751,707,41458,497
2020-12-16,Alpine,003,1148,65,64,0,64,0
2020-12-16,Amador,005,37829,2031,1693,12,1705,19
2020-12-16,Butte,007,227075,6427,5659,606,6265,76
2020-12-16,Calaveras,009,45235,923,821,0,821,21
2020-12-16,Colusa,011,21464,1142,1038,43,1081,7
2020-12-16,Contra Costa,013,1133247,35348,32429,334,32763,293
2020-12-16,Del Norte,015,27424,674,575,0,575,1
2020-12-16,El Dorado,017,186661,5123,4237,174,4411,9
2020-12-16,Fresno,019,978130,60091,49173,3474,52647,584
2020-12-16,Glenn,021,27897,1341,1236,173,1409,9
2020-12-16,Humboldt,023,135768,1450,1308,5,1313,12
2020-12-16,Imperial,025,180216,21284,19980,727,20707,388
2020-12-16,Inyo,027,18085,526,444,6,450,16
2020-12-16,Kern,029,883053,58039,52896,3580,56476,522
2020-12-16,Kings,031,150075,14933,13734,413,14147,99
2020-12-16,Lake,033,64148,1577,1363,0,1363,20
2020-12-16,Lassen,035,31185,3853,3396,34,3430,1
2020-12-16,Los Angeles,037,10098052,625037,557907,14553,572460,8561
2020-12-16,Madera,039,155013,9327,8278,312,8590,62
2020-12-16,Marin,041,260295,9101,8641,57,8698,142
2020-12-16,Mariposa,043,17540,197,175,2,177,3
2020-12-16,Mendocino,045,87422,2128,1929,18,1947,23
2020-12-16,Merced,047,269075,16736,15443,249,15692,190
2020-12-16,Modoc,049,8938,212,178,66,244,0
2020-12-16,Mono,051,14174,781,702,12,714,3
2020-12-16,Monterey,053,433212,23533,21107,545,21652,163
2020-12-16,Napa,055,140530,5033,4544,24,4568,23
2020-12-16,Nevada,057,99092,2399,2149,73,2222,13
2020-12-16,Orange,059,3164182,131753,115260,4624,119884,1712
2020-12-16,Placer,061,380077,12265,10554,397,10951,96
2020-12-16,Plumas,063,18699,403,319,8,327,0
2020-12-16,Riverside,065,2383286,151059,135751,5658,141409,1664
2020-12-16,Sacramento,067,1510023,57245,52166,421,52587,715
2020-12-16,San Benito,069,59416,2960,2582,22,2604,20
2020-12-16,San Bernardino,071,2135413,165140,143565,4151,147716,1403
2020-12-16,San Diego,073,3302833,130846,114248,5625,119873,1217
2020-12-16,San Francisco,075,870044,21061,19624,182,19806,170
2020-12-16,San Joaquin,077,732212,39565,35010,1100,36110,547
2020-12-16,San Luis Obispo,079,281455,9221,8252,199,8451,58
2020-12-16,San Mateo,081,765935,21937,19292,56,19348,179
2020-12-16,Santa Barbara,083,443738,15953,13966,361,14327,144
2020-12-16,Santa Clara,085,1922200,59365,51502,223,51725,523
2020-12-16,Santa Cruz,087,273765,7642,6536,195,6731,63
2020-12-16,Shasta,089,179085,7447,6914,531,7445,62
2020-12-16,Sierra,091,2930,23,23,0,23,0
2020-12-16,Siskiyou,093,43540,932,818,84,902,2
2020-12-16,Solano,095,438530,16012,14157,149,14306,96
2020-12-16,Sonoma,097,501317,16989,15768,96,15864,170
2020-12-16,Stanislaus,099,539301,30852,28279,2478,30757,489
2020-12-16,Sutter,101,95872,5726,5223,40,5263,39
2020-12-16,Tehama,103,63373,2627,2441,178,2619,9
2020-12-16,Trinity,105,12862,384,212,54,266,2
2020-12-16,Tulare,107,460477,30020,27500,2897,30397,352
2020-12-16,Tuolumne,109,53932,2191,1941,6,1947,11
2020-12-16,Ventura,111,848112,33039,28566,1233,29799,203
2020-12-16,Yolo,113,214977,7464,6649,44,6693,103
2020-12-16,Yuba,115,75493,3294,2980,31,3011,11
2020-12-15,Alameda,001,1643700,44198,40026,685,40711,492
2020-12-15,Alpine,003,1148,65,64,0,64,0
2020-12-15,Amador,005,37829,1918,1669,10,1679,19
2020-12-15,Butte,007,227075,6289,5565,577,6142,75
2020-12-15,Calaveras,009,45235,891,799,0,799,21
2020-12-15,Colusa,011,21464,1129,1026,42,1068,7
2020-12-15,Contra Costa,013,1133247,34693,31423,320,31743,281
2020-12-15,Del Norte,015,27424,663,564,0,564,1
2020-12-15,El Dorado,017,186661,5015,4113,160,4273,9
2020-12-15,Fresno,019,978130,58717,47316,3340,50656,574
2020-12-15,Glenn,021,27897,1328,1207,157,1364,9
2020-12-15,Humboldt,023,135768,1430,1276,5,1281,12
2020-12-15,Imperial,025,180216,21065,19756,647,20403,380
2020-12-15,Inyo,027,18085,513,394,6,400,16
2020-12-15,Kern,029,883053,57027,52002,3477,55479,511
2020-12-15,Kings,031,150075,14769,13652,394,14046,97
2020-12-15,Lake,033,64148,1552,1341,0,1341,21
2020-12-15,Lassen,035,31185,3681,3378,33,3411,1
2020-12-15,Los Angeles,037,10098052,608683,536258,13918,550176,8429
2020-12-15,Madera,039,155013,9173,8118,305,8423,60
2020-12-15,Marin,041,260295,8995,8528,55,8583,141
2020-12-15,Mariposa,043,17540,193,171,2,173,3
2020-12-15,Mendocino,045,87422,2101,1883,18,1901,24
2020-12-15,Merced,047,269075,16441,15120,246,15366,190
2020-12-15,Modoc,049,8938,210,179,66,245,0
2020-12-15,Mono,051,14174,765,702,12,714,3
2020-12-15,Monterey,053,433212,22934,19905,483,20388,161
2020-12-15,Napa,055,140530,4929,4440,24,4464,23
2020-12-15,Nevada,057,99092,2366,2117,71,2188,11
2020-12-15,Orange,059,3164182,128092,112893,4471,117364,1689
2020-12-15,Placer,061,380077,12030,10301,375,10676,95
2020-12-15,Plumas,063,18699,398,313,8,321,0
2020-12-15,Riverside,065,2383286,146999,131822,5379,137201,1624
2020-12-15,Sacramento,067,1510023,56229,51076,408,51484,703
2020-12-15,San Benito,069,59416,2880,2520,21,2541,19
2020-12-15,San Bernardino,071,2135413,160684,137548,3998,141546,1351
2020-12-15,San Diego,073,3302833,127280,111441,5462,116903,1194
2020-12-15,San Francisco,075,870044,20752,19283,179,19462,171
2020-12-15,San Joaquin,077,732212,38642,33849,1063,34912,537
2020-12-15,San Luis Obispo,079,281455,9112,8074,196,8270,55
2020-12-15,San Mateo,081,765935,21527,18907,54,18961,178
2020-12-15,Santa Barbara,083,443738,15732,13782,353,14135,144
2020-12-15,Santa Clara,085,1922200,57928,50311,220,50531,505
2020-12-15,Santa Cruz,087,273765,7458,6361,180,6541,59
2020-12-15,Shasta,089,179085,7389,6794,506,7300,54
2020-12-15,Sierra,091,2930,23,23,0,23,0
2020-12-15,Siskiyou,093,43540,923,812,83,895,2
2020-12-15,Solano,095,438530,15662,13796,149,13945,95
2020-12-15,Sonoma,097,501317,16768,15406,96,15502,167
2020-12-15,Stanislaus,099,539301,30340,27823,2397,30220,485
2020-12-15,Sutter,101,95872,5628,5080,39,5119,36
2020-12-15,Tehama,103,63373,2590,2392,173,2565,9
2020-12-15,Trinity,105,12862,376,213,52,265,1
2020-12-15,Tulare,107,460477,29531,27026,2807,29833,342
2020-12-15,Tuolumne,109,53932,2160,1874,6,1880,8
2020-12-15,Ventura,111,848112,32417,27936,1186,29122,201
2020-12-15,Yolo,113,214977,7341,6531,42,6573,104
2020-12-15,Yuba,115,75493,3200,2891,30,2921,11
2020-12-14,Alameda,001,1643700,43304,39252,666,39918,487
2020-12-14,Alpine,003,1148,65,63,0,63,0
2020-12-14,Amador,005,37829,1846,1609,10,1619,19
2020-12-14,Butte,007,227075,6121,5202,560,5762,75
2020-12-14,Calaveras,009,45235,853,718,0,718,21
2020-12-14,Colusa,011,21464,1105,949,41,990,7
2020-12-14,Contra Costa,013,1133247,33995,30594,306,30900,281
2020-12-14,Del Norte,015,27424,657,560,0,560,1
2020-12-14,El Dorado,017,186661,4859,4018,144,4162,9
2020-12-14,Fresno,019,978130,57692,44726,3160,47886,560
2020-12-14,Glenn,021,27897,1302,1186,149,1335,9
2020-12-14,Humboldt,023,135768,1417,1256,5,1261,9
2020-12-14,Imperial,025,180216,20827,19608,568,20176,379
2020-12-14,Inyo,027,18085,499,382,6,388,16
2020-12-14,Kern,029,883053,55991,50538,3356,53894,510
2020-12-14,Kings,031,150075,14584,13491,367,13858,97
2020-12-14,Lake,033,64148,1503,1301,0,1301,21
2020-12-14,Lassen,035,31185,3582,2905,30,2935,1
2020-12-14,Los Angeles,037,10098052,591081,524668,13276,537944,8340
2020-12-14,Madera,039,155013,8906,8011,296,8307,60
2020-12-14,Marin,041,260295,8913,8475,53,8528,141
2020-12-14,Mariposa,043,17540,192,171,2,173,3
2020-12-14,Mendocino,045,87422,2080,1845,18,1863,24
2020-12-14,Merced,047,269075,16035,14572,232,14804,189
2020-12-14,Modoc,049,8938,204,180,64,244,0
2020-12-14,Mono,051,14174,757,685,12,697,3
2020-12-14,Monterey,053,433212,22413,19154,477,19631,155
2020-12-14,Napa,055,140530,4836,4289,24,4313,22
2020-12-14,Nevada,057,99092,2327,2070,68,2138,11
2020-12-14,Orange,059,3164182,124201,108602,4335,112937,1688
2020-12-14,Placer,061,380077,11749,9551,364,9915,95
2020-12-14,Plumas,063,18699,386,309,8,317,0
2020-12-14,Riverside,065,2383286,142870,123715,5118,128833,1588
2020-12-14,Sacramento,067,1510023,55120,50304,383,50687,691
2020-12-14,San Benito,069,59416,2814,2467,20,2487,19
2020-12-14,San Bernardino,071,2135413,156242,129151,3870,133021,1347
2020-12-14,San Diego,073,3302833,123544,109578,5277,114855,1162
2020-12-14,San Francisco,075,870044,20376,18904,177,19081,171
2020-12-14,San Joaquin,077,732212,37798,32522,1017,33539,534
2020-12-14,San Luis Obispo,079,281455,8864,7791,192,7983,52
2020-12-14,San Mateo,081,765935,21028,18361,51,18412,178
2020-12-14,Santa Barbara,083,443738,15461,13587,345,13932,144
2020-12-14,Santa Clara,085,1922200,56368,49180,208,49388,502
2020-12-14,Santa Cruz,087,273765,7272,6049,165,6214,54
2020-12-14,Shasta,089,179085,7300,6665,487,7152,54
2020-12-14,Sierra,091,2930,23,21,0,21,0
2020-12-14,Siskiyou,093,43540,900,764,77,841,2
2020-12-14,Solano,095,438530,15300,13352,148,13500,93
2020-12-14,Sonoma,097,501317,16461,14807,95,14902,167
2020-12-14,Stanislaus,099,539301,29807,27311,2348,29659,485
2020-12-14,Sutter,101,95872,5523,5001,32,5033,35
2020-12-14,Tehama,103,63373,2546,2344,170,2514,9
2020-12-14,Trinity,105,12862,372,205,50,255,1
2020-12-14,Tulare,107,460477,29058,25735,2716,28451,341
2020-12-14,Tuolumne,109,53932,2104,1647,6,1653,8
2020-12-14,Ventura,111,848112,31494,27436,1127,28563,202
2020-12-14,Yolo,113,214977,7181,6389,41,6430,95
2020-12-14,Yuba,115,75493,3138,2851,30,2881,11
2020-12-13,Alameda,001,1643700,42113,38064,639,38703,486
2020-12-13,Alpine,003,1148,65,63,0,63,0
2020-12-13,Amador,005,37829,1790,1457,9,1466,19
2020-12-13,Butte,007,227075,5971,5103,518,5621,75
2020-12-13,Calaveras,009,45235,817,710,0,710,21
2020-12-13,Colusa,011,21464,1089,945,37,982,7
2020-12-13,Contra Costa,013,1133247,33267,29667,300,29967,281
2020-12-13,Del Norte,015,27424,604,542,0,542,1
2020-12-13,El Dorado,017,186661,4758,3770,133,3903,9
2020-12-13,Fresno,019,978130,56586,44114,3001,47115,559
2020-12-13,Glenn,021,27897,1289,1171,138,1309,9
2020-12-13,Humboldt,023,135768,1394,1238,4,1242,9
2020-12-13,Imperial,025,180216,20534,19472,441,19913,379
2020-12-13,Inyo,027,18085,478,380,6,386,16
2020-12-13,Kern,029,883053,54965,49051,3201,52252,510
2020-12-13,Kings,031,150075,14304,13357,349,13706,97
2020-12-13,Lake,033,64148,1460,1271,0,1271,21
2020-12-13,Lassen,035,31185,3475,2867,25,2892,1
2020-12-13,Los Angeles,037,10098052,573494,517472,12567,530039,8294
2020-12-13,Madera,039,155013,8724,7909,282,8191,60
2020-12-13,Marin,041,260295,8793,8409,53,8462,141
2020-12-13,Mariposa,043,17540,188,167,2,169,3
2020-12-13,Mendocino,045,87422,2046,1793,18,1811,24
2020-12-13,Merced,047,269075,15685,14384,229,14613,189
2020-12-13,Modoc,049,8938,192,179,58,237,0
2020-12-13,Mono,051,14174,741,675,12,687,3
2020-12-13,Monterey,053,433212,21990,18913,463,19376,153
2020-12-13,Napa,055,140530,4730,4194,24,4218,22
2020-12-13,Nevada,057,99092,2279,2030,66,2096,11
2020-12-13,Orange,059,3164182,120266,104768,4161,108929,1688
2020-12-13,Placer,061,380077,11435,9405,346,9751,95
2020-12-13,Plumas,063,18699,380,291,8,299,0
2020-12-13,Riverside,065,2383286,138744,119691,4855,124546,1581
2020-12-13,Sacramento,067,1510023,53848,49480,353,49833,682
2020-12-13,San Benito,069,59416,2744,2408,19,2427,19
2020-12-13,San Bernardino,071,2135413,151346,126718,3707,130425,1333
2020-12-13,San Diego,073,3302833,119944,107372,5108,112480,1162
2020-12-13,San Francisco,075,870044,20032,18686,168,18854,167
2020-12-13,San Joaquin,077,732212,36994,32170,976,33146,534
2020-12-13,San Luis Obispo,079,281455,8672,7625,184,7809,52
2020-12-13,San Mateo,081,765935,20537,18090,45,18135,177
2020-12-13,Santa Barbara,083,443738,15191,13249,330,13579,144
2020-12-13,Santa Clara,085,1922200,54942,47920,199,48119,499
2020-12-13,Santa Cruz,087,273765,7023,5986,154,6140,54
2020-12-13,Shasta,089,179085,7226,6647,461,7108,54
2020-12-13,Sierra,091,2930,23,21,0,21,0
2020-12-13,Siskiyou,093,43540,888,762,72,834,2
2020-12-13,Solano,095,438530,14861,13276,145,13421,93
2020-12-13,Sonoma,097,501317,16146,14495,94,14589,167
2020-12-13,Stanislaus,099,539301,29244,26569,2283,28852,485
2020-12-13,Sutter,101,95872,5396,4798,28,4826,34
2020-12-13,Tehama,103,63373,2500,2325,155,2480,9
2020-12-13,Trinity,105,12862,366,204,49,253,1
2020-12-13,Tulare,107,460477,28567,25496,2629,28125,340
2020-12-13,Tuolumne,109,53932,2042,1611,6,1617,8
2020-12-13,Ventura,111,848112,30491,26588,1064,27652,202
2020-12-13,Yolo,113,214977,6997,6265,35,6300,95
2020-12-13,Yuba,115,75493,3073,2754,27,2781,11
2020-12-12,Alameda,001,1643700,41676,37027,619,37646,486
2020-12-12,Alpine,003,1148,65,63,0,63,0
2020-12-12,Amador,005,37829,1762,1236,8,1244,19
2020-12-12,Butte,007,227075,5898,4972,506,5478,73
2020-12-12,Calaveras,009,45235,807,708,0,708,21
2020-12-12,Colusa,011,21464,1069,945,35,980,7
2020-12-12,Contra Costa,013,1133247,32924,29506,291,29797,281
2020-12-12,Del Norte,015,27424,596,529,0,529,1
2020-12-12,El Dorado,017,186661,4683,3706,116,3822,9
2020-12-12,Fresno,019,978130,56233,43756,2940,46696,559
2020-12-12,Glenn,021,27897,1281,1143,134,1277,8
2020-12-12,Humboldt,023,135768,1375,1208,4,1212,9
2020-12-12,Imperial,025,180216,20450,18947,382,19329,379
2020-12-12,Inyo,027,18085,474,380,6,386,16
2020-12-12,Kern,029,883053,54445,48194,3113,51307,507
2020-12-12,Kings,031,150075,14215,13205,345,13550,96
2020-12-12,Lake,033,64148,1444,1232,0,1232,21
2020-12-12,Lassen,035,31185,3452,2866,22,2888,1
2020-12-12,Los Angeles,037,10098052,566704,504317,12058,516375,8269
2020-12-12,Madera,039,155013,8597,7765,279,8044,59
2020-12-12,Marin,041,260295,8739,8363,52,8415,141
2020-12-12,Mariposa,043,17540,187,164,2,166,3
2020-12-12,Mendocino,045,87422,2010,1771,18,1789,24
2020-12-12,Merced,047,269075,15594,14181,225,14406,188
2020-12-12,Modoc,049,8938,191,169,55,224,0
2020-12-12,Mono,051,14174,734,640,12,652,3
2020-12-12,Monterey,053,433212,21880,18596,434,19030,151
2020-12-12,Napa,055,140530,4685,4113,24,4137,22
2020-12-12,Nevada,057,99092,2261,1981,64,2045,10
2020-12-12,Orange,059,3164182,118383,100468,4012,104480,1674
2020-12-12,Placer,061,380077,11270,9390,341,9731,95
2020-12-12,Plumas,063,18699,374,291,8,299,0
2020-12-12,Riverside,065,2383286,136688,118335,4649,122984,1579
2020-12-12,Sacramento,067,1510023,53263,48319,340,48659,673
2020-12-12,San Benito,069,59416,2688,2355,19,2374,19
2020-12-12,San Bernardino,071,2135413,149715,125741,3605,129346,1321
2020-12-12,San Diego,073,3302833,118323,104958,5011,109969,1151
2020-12-12,San Francisco,075,870044,19842,18413,164,18577,167
2020-12-12,San Joaquin,077,732212,36667,32200,945,33145,534
2020-12-12,San Luis Obispo,079,281455,8573,7462,178,7640,50
2020-12-12,San Mateo,081,765935,20316,17574,44,17618,177
2020-12-12,Santa Barbara,083,443738,15039,13174,322,13496,144
2020-12-12,Santa Clara,085,1922200,53991,45892,196,46088,498
2020-12-12,Santa Cruz,087,273765,6925,5905,145,6050,54
2020-12-12,Shasta,089,179085,7191,6551,443,6994,54
2020-12-12,Sierra,091,2930,23,21,0,21,0
2020-12-12,Siskiyou,093,43540,886,762,69,831,2
2020-12-12,Solano,095,438530,14663,12748,138,12886,93
2020-12-12,Sonoma,097,501317,16026,14466,94,14560,166
2020-12-12,Stanislaus,099,539301,28943,26246,2229,28475,483
2020-12-12,Sutter,101,95872,5334,4717,28,4745,32
2020-12-12,Tehama,103,63373,2482,2252,150,2402,9
2020-12-12,Trinity,105,12862,364,204,47,251,1
2020-12-12,Tulare,107,460477,28309,25333,2571,27904,341
2020-12-12,Tuolumne,109,53932,1999,1536,6,1542,8
2020-12-12,Ventura,111,848112,30047,25955,1031,26986,202
2020-12-12,Yolo,113,214977,6915,6116,33,6149,95
2020-12-12,Yuba,115,75493,3046,2692,26,2718,10
2020-12-11,Alameda,001,1643700,41109,36281,607,36888,482
2020-12-11,Alpine,003,1148,65,63,0,63,0
2020-12-11,Amador,005,37829,1746,1213,8,1221,19
2020-12-11,Butte,007,227075,5825,4941,487,5428,73
2020-12-11,Calaveras,009,45235,791,697,0,697,21
2020-12-11,Colusa,011,21464,1059,923,33,956,7
2020-12-11,Contra Costa,013,1133247,32500,29036,287,29323,282
2020-12-11,Del Norte,015,27424,590,505,0,505,1
2020-12-11,El Dorado,017,186661,4602,3669,101,3770,9
2020-12-11,Fresno,019,978130,55220,43071,2874,45945,550
2020-12-11,Glenn,021,27897,1265,1135,129,1264,8
2020-12-11,Humboldt,023,135768,1357,1190,4,1194,9
2020-12-11,Imperial,025,180216,20360,18599,338,18937,377
2020-12-11,Inyo,027,18085,462,372,6,378,16
2020-12-11,Kern,029,883053,53767,47664,3051,50715,502
2020-12-11,Kings,031,150075,14071,13118,340,13458,94
2020-12-11,Lake,033,64148,1431,1205,0,1205,21
2020-12-11,Lassen,035,31185,3440,2790,21,2811,1
2020-12-11,Los Angeles,037,10098052,554910,493592,11646,505238,8198
2020-12-11,Madera,039,155013,8506,7648,269,7917,59
2020-12-11,Marin,041,260295,8646,8317,51,8368,141
2020-12-11,Mariposa,043,17540,186,164,2,166,3
2020-12-11,Mendocino,045,87422,1987,1769,18,1787,24
2020-12-11,Merced,047,269075,15474,14038,217,14255,186
2020-12-11,Modoc,049,8938,191,168,54,222,0
2020-12-11,Mono,051,14174,724,631,12,643,3
2020-12-11,Monterey,053,433212,21579,18421,429,18850,150
2020-12-11,Napa,055,140530,4629,4054,24,4078,22
2020-12-11,Nevada,057,99092,2244,1959,61,2020,10
2020-12-11,Orange,059,3164182,116075,98357,3909,102266,1656
2020-12-11,Placer,061,380077,11108,8904,325,9229,93
2020-12-11,Plumas,063,18699,366,286,8,294,0
2020-12-11,Riverside,065,2383286,133620,115329,4428,119757,1573
2020-12-11,Sacramento,067,1510023,52602,47468,332,47800,669
2020-12-11,San Benito,069,59416,2637,2319,19,2338,19
2020-12-11,San Bernardino,071,2135413,147025,123092,3489,126581,1313
2020-12-11,San Diego,073,3302833,116363,102468,4928,107396,1137
2020-12-11,San Francisco,075,870044,19612,18246,163,18409,165
2020-12-11,San Joaquin,077,732212,36322,32044,917,32961,534
2020-12-11,San Luis Obispo,079,281455,8412,7415,176,7591,49
2020-12-11,San Mateo,081,765935,20045,17240,33,17273,177
2020-12-11,Santa Barbara,083,443738,14895,12997,314,13311,144
2020-12-11,Santa Clara,085,1922200,52986,45101,187,45288,494
2020-12-11,Santa Cruz,087,273765,6812,5764,135,5899,50
2020-12-11,Shasta,089,179085,7146,6459,436,6895,54
2020-12-11,Sierra,091,2930,23,19,0,19,0
2020-12-11,Siskiyou,093,43540,879,753,66,819,2
2020-12-11,Solano,095,438530,14477,12554,134,12688,92
2020-12-11,Sonoma,097,501317,15859,14298,92,14390,166
2020-12-11,Stanislaus,099,539301,28676,25928,2188,28116,464
2020-12-11,Sutter,101,95872,5271,4600,27,4627,30
2020-12-11,Tehama,103,63373,2452,2232,146,2378,9
2020-12-11,Trinity,105,12862,361,204,47,251,1
2020-12-11,Tulare,107,460477,27950,24953,2523,27476,338
2020-12-11,Tuolumne,109,53932,1985,1510,6,1516,8
2020-12-11,Ventura,111,848112,29441,24999,1009,26008,202
2020-12-11,Yolo,113,214977,6809,6006,32,6038,95
2020-12-11,Yuba,115,75493,2986,2649,25,2674,10
2020-12-10,Alameda,001,1643700,40337,35686,585,36271,477
2020-12-10,Alpine,003,1148,65,63,0,63,0
2020-12-10,Amador,005,37829,1689,1191,8,1199,18
2020-12-10,Butte,007,227075,5709,4863,460,5323,72
2020-12-10,Calaveras,009,45235,773,684,0,684,21
2020-12-10,Colusa,011,21464,1036,909,28,937,7
2020-12-10,Contra Costa,013,1133247,31819,28413,281,28694,276
2020-12-10,Del Norte,015,27424,581,501,0,501,1
2020-12-10,El Dorado,017,186661,4484,3557,96,3653,9
2020-12-10,Fresno,019,978130,54238,42461,2731,45192,540
2020-12-10,Glenn,021,27897,1245,1126,120,1246,8
2020-12-10,Humboldt,023,135768,1337,1140,4,1144,9
2020-12-10,Imperial,025,180216,20144,18333,260,18593,370
2020-12-10,Inyo,027,18085,441,365,6,371,15
2020-12-10,Kern,029,883053,52783,47176,2884,50060,499
2020-12-10,Kings,031,150075,13918,12993,334,13327,92
2020-12-10,Lake,033,64148,1390,1167,0,1167,21
2020-12-10,Lassen,035,31185,3418,2764,17,2781,0
2020-12-10,Los Angeles,037,10098052,540960,480354,11117,491471,8149
2020-12-10,Madera,039,155013,8400,7445,254,7699,59
2020-12-10,Marin,041,260295,8599,8245,50,8295,140
2020-12-10,Mariposa,043,17540,185,160,2,162,3
2020-12-10,Mendocino,045,87422,1961,1748,15,1763,24
2020-12-10,Merced,047,269075,15228,13756,214,13970,186
2020-12-10,Modoc,049,8938,186,165,52,217,0
2020-12-10,Mono,051,14174,719,601,12,613,3
2020-12-10,Monterey,053,433212,21099,18266,419,18685,145
2020-12-10,Napa,055,140530,4543,3974,23,3997,22
2020-12-10,Nevada,057,99092,2208,1919,61,1980,10
2020-12-10,Orange,059,3164182,112971,95297,3745,99042,1651
2020-12-10,Placer,061,380077,10855,8906,307,9213,90
2020-12-10,Plumas,063,18699,355,281,8,289,0
2020-12-10,Riverside,065,2383286,129939,112794,4158,116952,1552
2020-12-10,Sacramento,067,1510023,51704,46471,311,46782,664
2020-12-10,San Benito,069,59416,2577,2268,18,2286,19
2020-12-10,San Bernardino,071,2135413,142796,120186,3315,123501,1306
2020-12-10,San Diego,073,3302833,113838,99601,4779,104380,1114
2020-12-10,San Francisco,075,870044,19300,17945,155,18100,164
2020-12-10,San Joaquin,077,732212,35688,31228,887,32115,534
2020-12-10,San Luis Obispo,079,281455,8250,7245,165,7410,49
2020-12-10,San Mateo,081,765935,19600,16701,23,16724,177
2020-12-10,Santa Barbara,083,443738,14717,12788,305,13093,143
2020-12-10,Santa Clara,085,1922200,51848,43939,172,44111,491
2020-12-10,Santa Cruz,087,273765,6645,5645,122,5767,48
2020-12-10,Shasta,089,179085,7078,6312,411,6723,53
2020-12-10,Sierra,091,2930,23,18,0,18,0
2020-12-10,Siskiyou,093,43540,869,712,65,777,2
2020-12-10,Solano,095,438530,14110,12017,128,12145,90
2020-12-10,Sonoma,097,501317,15604,14282,91,14373,167
2020-12-10,Stanislaus,099,539301,28212,25582,2118,27700,464
2020-12-10,Sutter,101,95872,5141,4528,25,4553,27
2020-12-10,Tehama,103,63373,2409,2190,136,2326,9
2020-12-10,Trinity,105,12862,357,202,45,247,1
2020-12-10,Tulare,107,460477,27496,24506,2457,26963,337
2020-12-10,Tuolumne,109,53932,1726,1451,6,1457,8
2020-12-10,Ventura,111,848112,28590,24075,965,25040,202
2020-12-10,Yolo,113,214977,6689,5896,31,5927,95
2020-12-10,Yuba,115,75493,2922,2604,24,2628,10
2020-12-09,Alameda,001,1643700,39494,35047,563,35610,470
2020-12-09,Alpine,003,1148,65,58,0,58,0
2020-12-09,Amador,005,37829,1646,1121,8,1129,19
2020-12-09,Butte,007,227075,5566,4733,440,5173,70
2020-12-09,Calaveras,009,45235,746,670,0,670,21
2020-12-09,Colusa,011,21464,1021,896,27,923,7
2020-12-09,Contra Costa,013,1133247,31113,28308,270,28578,273
2020-12-09,Del Norte,015,27424,568,481,0,481,2
2020-12-09,El Dorado,017,186661,4349,3449,88,3537,8
2020-12-09,Fresno,019,978130,53237,41954,2577,44531,533
2020-12-09,Glenn,021,27897,1231,1107,114,1221,8
2020-12-09,Humboldt,023,135768,1305,1086,4,1090,10
2020-12-09,Imperial,025,180216,19890,17757,223,17980,368
2020-12-09,Inyo,027,18085,428,356,6,362,15
2020-12-09,Kern,029,883053,51624,46379,2742,49121,494
2020-12-09,Kings,031,150075,13773,12716,326,13042,92
2020-12-09,Lake,033,64148,1363,1158,0,1158,20
2020-12-09,Lassen,035,31185,3349,2331,15,2346,0
2020-12-09,Los Angeles,037,10098052,527497,467971,10566,478537,8075
2020-12-09,Madera,039,155013,8287,7216,251,7467,59
2020-12-09,Marin,041,260295,8537,8182,49,8231,138
2020-12-09,Mariposa,043,17540,183,154,2,156,3
2020-12-09,Mendocino,045,87422,1935,1703,14,1717,24
2020-12-09,Merced,047,269075,14989,13588,207,13795,183
2020-12-09,Modoc,049,8938,181,146,43,189,0
2020-12-09,Mono,051,14174,707,601,12,613,3
2020-12-09,Monterey,053,433212,20702,17891,411,18302,143
2020-12-09,Napa,055,140530,4458,3858,22,3880,21
2020-12-09,Nevada,057,99092,2155,1864,61,1925,10
2020-12-09,Orange,059,3164182,109878,93763,3573,97336,1629
2020-12-09,Placer,061,380077,10593,8588,293,8881,85
2020-12-09,Plumas,063,18699,347,271,8,279,0
2020-12-09,Riverside,065,2383286,126245,110376,3953,114329,1543
2020-12-09,Sacramento,067,1510023,50640,45284,284,45568,659
2020-12-09,San Benito,069,59416,2504,2217,16,2233,19
2020-12-09,San Bernardino,071,2135413,138517,114516,3121,117637,1305
2020-12-09,San Diego,073,3302833,110858,97551,4640,102191,1103
2020-12-09,San Francisco,075,870044,18999,17628,154,17782,163
2020-12-09,San Joaquin,077,732212,34869,30539,862,31401,531
2020-12-09,San Luis Obispo,079,281455,8031,7105,157,7262,47
2020-12-09,San Mateo,081,765935,19149,16422,22,16444,175
2020-12-09,Santa Barbara,083,443738,14514,12630,295,12925,142
2020-12-09,Santa Clara,085,1922200,50701,42912,156,43068,489
2020-12-09,Santa Cruz,087,273765,6487,5527,107,5634,47
2020-12-09,Shasta,089,179085,7013,6105,396,6501,52
2020-12-09,Sierra,091,2930,23,18,0,18,0
2020-12-09,Siskiyou,093,43540,858,713,64,777,2
2020-12-09,Solano,095,438530,13762,11862,120,11982,90
2020-12-09,Sonoma,097,501317,15348,13994,88,14082,164
2020-12-09,Stanislaus,099,539301,27714,25157,2057,27214,463
2020-12-09,Sutter,101,95872,5023,4418,21,4439,24
2020-12-09,Tehama,103,63373,2373,2102,132,2234,9
2020-12-09,Trinity,105,12862,349,199,42,241,0
2020-12-09,Tulare,107,460477,26900,24124,2379,26503,334
2020-12-09,Tuolumne,109,53932,1692,1319,6,1325,8
2020-12-09,Ventura,111,848112,27727,23830,923,24753,201
2020-12-09,Yolo,113,214977,6565,5760,29,5789,95
2020-12-09,Yuba,115,75493,2854,2513,23,2536,10
2020-12-08,Alameda,001,1643700,38596,34373,547,34920,469
2020-12-08,Alpine,003,1148,64,53,0,53,0
2020-12-08,Amador,005,37829,1360,1043,8,1051,17
2020-12-08,Butte,007,227075,5407,4651,398,5049,70
2020-12-08,Calaveras,009,45235,721,657,0,657,21
2020-12-08,Colusa,011,21464,1005,875,26,901,6
2020-12-08,Contra Costa,013,1133247,30410,27926,254,28180,270
2020-12-08,Del Norte,015,27424,552,465,0,465,2
2020-12-08,El Dorado,017,186661,4225,3296,75,3371,8
2020-12-08,Fresno,019,978130,51974,41574,2419,43993,529
2020-12-08,Glenn,021,27897,1211,1094,106,1200,8
2020-12-08,Humboldt,023,135768,1279,1059,4,1063,10
2020-12-08,Imperial,025,180216,19373,17568,215,17783,363
2020-12-08,Inyo,027,18085,405,333,6,339,15
2020-12-08,Kern,029,883053,50331,45116,2586,47702,487
2020-12-08,Kings,031,150075,13619,12623,317,12940,90
2020-12-08,Lake,033,64148,1322,1127,0,1127,20
2020-12-08,Lassen,035,31185,3193,2165,15,2180,0
2020-12-08,Los Angeles,037,10098052,514825,459738,10084,469822,8004
2020-12-08,Madera,039,155013,8156,7082,238,7320,59
2020-12-08,Marin,041,260295,8457,8099,48,8147,137
2020-12-08,Mariposa,043,17540,179,150,2,152,2
2020-12-08,Mendocino,045,87422,1893,1666,14,1680,23
2020-12-08,Merced,047,269075,14679,13380,206,13586,181
2020-12-08,Modoc,049,8938,173,138,40,178,0
2020-12-08,Mono,051,14174,693,597,12,609,3
2020-12-08,Monterey,053,433212,20133,17752,404,18156,134
2020-12-08,Napa,055,140530,4370,3778,21,3799,22
2020-12-08,Nevada,057,99092,2101,1809,58,1867,11
2020-12-08,Orange,059,3164182,106650,91406,3408,94814,1629
2020-12-08,Placer,061,380077,10325,8224,288,8512,82
2020-12-08,Plumas,063,18699,337,258,8,266,0
2020-12-08,Riverside,065,2383286,122885,107620,3774,111394,1514
2020-12-08,Sacramento,067,1510023,49576,44635,268,44903,649
2020-12-08,San Benito,069,59416,2451,2180,16,2196,18
2020-12-08,San Bernardino,071,2135413,134168,110676,2995,113671,1301
2020-12-08,San Diego,073,3302833,107487,95447,4483,99930,1088
2020-12-08,San Francisco,075,870044,18688,17384,152,17536,162
2020-12-08,San Joaquin,077,732212,33976,30225,829,31054,530
2020-12-08,San Luis Obispo,079,281455,7902,6903,146,7049,45
2020-12-08,San Mateo,081,765935,18749,16305,22,16327,175
2020-12-08,Santa Barbara,083,443738,14330,12516,286,12802,141
2020-12-08,Santa Clara,085,1922200,49394,41309,147,41456,484
2020-12-08,Santa Cruz,087,273765,6309,5374,105,5479,45
2020-12-08,Shasta,089,179085,6904,5946,388,6334,50
2020-12-08,Sierra,091,2930,22,18,0,18,0
2020-12-08,Siskiyou,093,43540,844,704,62,766,2
2020-12-08,Solano,095,438530,13360,11669,118,11787,89
2020-12-08,Sonoma,097,501317,15089,13601,87,13688,164
2020-12-08,Stanislaus,099,539301,27223,24793,1994,26787,461
2020-12-08,Sutter,101,95872,4927,4342,20,4362,24
2020-12-08,Tehama,103,63373,2293,2057,124,2181,9
2020-12-08,Trinity,105,12862,340,198,41,239,0
2020-12-08,Tulare,107,460477,26296,23607,2316,25923,330
2020-12-08,Tuolumne,109,53932,1668,1264,6,1270,7
2020-12-08,Ventura,111,848112,27064,23665,880,24545,195
2020-12-08,Yolo,113,214977,6434,5560,29,5589,90
2020-12-08,Yuba,115,75493,2777,2477,23,2500,10
2020-12-07,Alameda,001,1643700,37729,33887,512,34399,466
2020-12-07,Alpine,003,1148,63,53,0,53,0
2020-12-07,Amador,005,37829,1285,993,7,1000,17
2020-12-07,Butte,007,227075,5271,4604,375,4979,67
2020-12-07,Calaveras,009,45235,689,606,0,606,21
2020-12-07,Colusa,011,21464,980,825,24,849,6
2020-12-07,Contra Costa,013,1133247,29796,27307,241,27548,270
2020-12-07,Del Norte,015,27424,540,424,0,424,2
2020-12-07,El Dorado,017,186661,4045,3275,68,3343,8
2020-12-07,Fresno,019,978130,50500,41098,2296,43394,526
2020-12-07,Glenn,021,27897,1192,1085,100,1185,8
2020-12-07,Humboldt,023,135768,1244,1023,4,1027,9
2020-12-07,Imperial,025,180216,18951,17234,202,17436,364
2020-12-07,Inyo,027,18085,390,333,6,339,15
2020-12-07,Kern,029,883053,49307,44409,2449,46858,486
2020-12-07,Kings,031,150075,13476,12412,307,12719,90
2020-12-07,Lake,033,64148,1293,1090,0,1090,20
2020-12-07,Lassen,035,31185,3096,2167,15,2182,0
2020-12-07,Los Angeles,037,10098052,501174,451052,9640,460692,7937
2020-12-07,Madera,039,155013,7891,6935,233,7168,59
2020-12-07,Marin,041,260295,8399,8049,47,8096,136
2020-12-07,Mariposa,043,17540,176,146,2,148,2
2020-12-07,Mendocino,045,87422,1857,1638,12,1650,23
2020-12-07,Merced,047,269075,14320,13250,196,13446,179
2020-12-07,Modoc,049,8938,166,128,37,165,0
2020-12-07,Mono,051,14174,680,590,12,602,3
2020-12-07,Monterey,053,433212,19652,17746,392,18138,132
2020-12-07,Napa,055,140530,4279,3684,21,3705,21
2020-12-07,Nevada,057,99092,2052,1777,57,1834,11
2020-12-07,Orange,059,3164182,103387,89793,3289,93082,1628
2020-12-07,Placer,061,380077,9998,7911,274,8185,82
2020-12-07,Plumas,063,18699,325,256,5,261,0
2020-12-07,Riverside,065,2383286,119687,102363,3592,105955,1491
2020-12-07,Sacramento,067,1510023,48480,43419,250,43669,638
2020-12-07,San Benito,069,59416,2400,2165,15,2180,18
2020-12-07,San Bernardino,071,2135413,130219,108161,2876,111037,1295
2020-12-07,San Diego,073,3302833,104698,94171,4302,98473,1062
2020-12-07,San Francisco,075,870044,18397,17220,144,17364,161
2020-12-07,San Joaquin,077,732212,33101,28188,802,28990,530
2020-12-07,San Luis Obispo,079,281455,7720,6782,139,6921,45
2020-12-07,San Mateo,081,765935,18308,16029,21,16050,175
2020-12-07,Santa Barbara,083,443738,14087,12362,276,12638,141
2020-12-07,Santa Clara,085,1922200,48007,40621,138,40759,484
2020-12-07,Santa Cruz,087,273765,6143,5152,99,5251,41
2020-12-07,Shasta,089,179085,6780,5742,373,6115,50
2020-12-07,Sierra,091,2930,20,18,0,18,0
2020-12-07,Siskiyou,093,43540,817,652,62,714,2
2020-12-07,Solano,095,438530,13020,11354,114,11468,89
2020-12-07,Sonoma,097,501317,14804,13376,87,13463,164
2020-12-07,Stanislaus,099,539301,26664,24479,1942,26421,454
2020-12-07,Sutter,101,95872,4786,4106,20,4126,24
2020-12-07,Tehama,103,63373,2239,2030,119,2149,9
2020-12-07,Trinity,105,12862,336,194,41,235,0
2020-12-07,Tulare,107,460477,25761,22760,2259,25019,328
2020-12-07,Tuolumne,109,53932,1582,1256,5,1261,7
2020-12-07,Ventura,111,848112,26477,23354,844,24198,191
2020-12-07,Yolo,113,214977,6270,5537,28,5565,90
2020-12-07,Yuba,115,75493,2709,2428,21,2449,10
2020-12-06,Alameda,001,1643700,36753,33477,492,33969,465
2020-12-06,Alpine,003,1148,59,53,0,53,0
2020-12-06,Amador,005,37829,1222,952,6,958,17
2020-12-06,Butte,007,227075,5118,4527,341,4868,67
2020-12-06,Calaveras,009,45235,670,606,0,606,21
2020-12-06,Colusa,011,21464,963,824,21,845,6
2020-12-06,Contra Costa,013,1133247,29190,26566,234,26800,270
2020-12-06,Del Norte,015,27424,486,414,0,414,2
2020-12-06,El Dorado,017,186661,3908,3086,63,3149,8
2020-12-06,Fresno,019,978130,49545,40869,2179,43048,526
2020-12-06,Glenn,021,27897,1182,1067,96,1163,8
2020-12-06,Humboldt,023,135768,1219,1004,4,1008,9
2020-12-06,Imperial,025,180216,18641,16922,193,17115,364
2020-12-06,Inyo,027,18085,377,333,6,339,15
2020-12-06,Kern,029,883053,48319,43899,2278,46177,486
2020-12-06,Kings,031,150075,13206,12056,290,12346,90
2020-12-06,Lake,033,64148,1255,1075,0,1075,20
2020-12-06,Lassen,035,31185,2992,2168,13,2181,0
2020-12-06,Los Angeles,037,10098052,487594,443230,9195,452425,7910
2020-12-06,Madera,039,155013,7720,6826,225,7051,59
2020-12-06,Marin,041,260295,8319,8013,45,8058,136
2020-12-06,Mariposa,043,17540,175,144,2,146,2
2020-12-06,Mendocino,045,87422,1817,1614,12,1626,23
2020-12-06,Merced,047,269075,13985,12928,187,13115,179
2020-12-06,Modoc,049,8938,153,125,29,154,0
2020-12-06,Mono,051,14174,658,586,10,596,3
2020-12-06,Monterey,053,433212,19033,17426,382,17808,130
2020-12-06,Napa,055,140530,4167,3644,21,3665,21
2020-12-06,Nevada,057,99092,1993,1710,54,1764,10
2020-12-06,Orange,059,3164182,100319,87737,3159,90896,1627
2020-12-06,Placer,061,380077,9716,7837,253,8090,82
2020-12-06,Plumas,063,18699,312,254,4,258,0
2020-12-06,Riverside,065,2383286,116597,100088,3369,103457,1482
2020-12-06,Sacramento,067,1510023,47239,42808,234,43042,638
2020-12-06,San Benito,069,59416,2363,2135,15,2150,18
2020-12-06,San Bernardino,071,2135413,126078,106927,2719,109646,1286
2020-12-06,San Diego,073,3302833,101666,92173,4148,96321,1062
2020-12-06,San Francisco,075,870044,18075,17107,136,17243,161
2020-12-06,San Joaquin,077,732212,32266,28188,773,28961,530
2020-12-06,San Luis Obispo,079,281455,7554,6723,134,6857,45
2020-12-06,San Mateo,081,765935,17803,15855,18,15873,175
2020-12-06,Santa Barbara,083,443738,13855,12252,267,12519,141
2020-12-06,Santa Clara,085,1922200,46631,39112,132,39244,482
2020-12-06,Santa Cruz,087,273765,5969,5069,93,5162,40
2020-12-06,Shasta,089,179085,6639,5743,351,6094,49
2020-12-06,Sierra,091,2930,20,17,0,17,0
2020-12-06,Siskiyou,093,43540,799,652,60,712,2
2020-12-06,Solano,095,438530,12733,11354,104,11458,88
2020-12-06,Sonoma,097,501317,14515,13238,86,13324,164
2020-12-06,Stanislaus,099,539301,26112,24036,1878,25914,454
2020-12-06,Sutter,101,95872,4670,4009,19,4028,21
2020-12-06,Tehama,103,63373,2180,1982,111,2093,9
2020-12-06,Trinity,105,12862,329,181,39,220,0
2020-12-06,Tulare,107,460477,25235,22756,2191,24947,327
2020-12-06,Tuolumne,109,53932,1480,1210,5,1215,7
2020-12-06,Ventura,111,848112,25935,23035,817,23852,191
2020-12-06,Yolo,113,214977,6109,5465,23,5488,90
2020-12-06,Yuba,115,75493,2665,2340,20,2360,10
2020-12-05,Alameda,001,1643700,36395,32781,481,33262,465
2020-12-05,Alpine,003,1148,58,53,0,53,0
2020-12-05,Amador,005,37829,1198,847,6,853,17
2020-12-05,Butte,007,227075,5050,4455,322,4777,66
2020-12-05,Calaveras,009,45235,659,606,0,606,21
2020-12-05,Colusa,011,21464,945,825,18,843,6
2020-12-05,Contra Costa,013,1133247,28898,26217,227,26444,270
2020-12-05,Del Norte,015,27424,480,408,0,408,2
2020-12-05,El Dorado,017,186661,3843,3061,58,3119,8
2020-12-05,Fresno,019,978130,49225,40568,2124,42692,525
2020-12-05,Glenn,021,27897,1169,1056,90,1146,8
2020-12-05,Humboldt,023,135768,1186,979,4,983,9
2020-12-05,Imperial,025,180216,18475,16544,191,16735,362
2020-12-05,Inyo,027,18085,372,332,6,338,15
2020-12-05,Kern,029,883053,47856,43332,2191,45523,484
2020-12-05,Kings,031,150075,13127,11898,287,12185,90
2020-12-05,Lake,033,64148,1230,1069,0,1069,20
2020-12-05,Lassen,035,31185,2801,2168,11,2179,0
2020-12-05,Los Angeles,037,10098052,481801,433120,8873,441993,7888
2020-12-05,Madera,039,155013,7627,6619,218,6837,59
2020-12-05,Marin,041,260295,8292,7961,45,8006,136
2020-12-05,Mariposa,043,17540,170,143,2,145,2
2020-12-05,Mendocino,045,87422,1778,1585,12,1597,23
2020-12-05,Merced,047,269075,13878,12747,176,12923,180
2020-12-05,Modoc,049,8938,153,118,28,146,0
2020-12-05,Mono,051,14174,653,554,10,564,3
2020-12-05,Monterey,053,433212,18887,17077,378,17455,127
2020-12-05,Napa,055,140530,4097,3565,21,3586,21
2020-12-05,Nevada,057,99092,1978,1642,52,1694,10
2020-12-05,Orange,059,3164182,98862,85735,3063,88798,1612
2020-12-05,Placer,061,380077,9596,7811,244,8055,78
2020-12-05,Plumas,063,18699,305,246,1,247,0
2020-12-05,Riverside,065,2383286,114985,98612,3191,101803,1477
2020-12-05,Sacramento,067,1510023,46571,41878,219,42097,625
2020-12-05,San Benito,069,59416,2319,2073,15,2088,18
2020-12-05,San Bernardino,071,2135413,124555,105382,2589,107971,1283
2020-12-05,San Diego,073,3302833,100315,90470,4067,94537,1055
2020-12-05,San Francisco,075,870044,17891,16786,132,16918,161
2020-12-05,San Joaquin,077,732212,32002,28105,740,28845,523
2020-12-05,San Luis Obispo,079,281455,7487,6623,131,6754,44
2020-12-05,San Mateo,081,765935,17545,15512,18,15530,175
2020-12-05,Santa Barbara,083,443738,13755,12107,261,12368,141
2020-12-05,Santa Clara,085,1922200,45893,38339,127,38466,474
2020-12-05,Santa Cruz,087,273765,5895,4997,91,5088,40
2020-12-05,Shasta,089,179085,6578,5653,340,5993,49
2020-12-05,Sierra,091,2930,20,17,0,17,0
2020-12-05,Siskiyou,093,43540,791,649,59,708,2
2020-12-05,Solano,095,438530,12564,11351,102,11453,87
2020-12-05,Sonoma,097,501317,14419,13137,86,13223,164
2020-12-05,Stanislaus,099,539301,25800,23662,1843,25505,454
2020-12-05,Sutter,101,95872,4603,3937,19,3956,20
2020-12-05,Tehama,103,63373,2164,1926,109,2035,9
2020-12-05,Trinity,105,12862,328,177,39,216,0
2020-12-05,Tulare,107,460477,25019,22660,2132,24792,324
2020-12-05,Tuolumne,109,53932,1421,1180,5,1185,7
2020-12-05,Ventura,111,848112,25564,22710,803,23513,191
2020-12-05,Yolo,113,214977,6032,5351,22,5373,90
2020-12-05,Yuba,115,75493,2628,2275,20,2295,10
2020-12-04,Alameda,001,1643700,35846,31871,468,32339,465
2020-12-04,Alpine,003,1148,58,53,0,53,0
2020-12-04,Amador,005,37829,1184,766,3,769,16
2020-12-04,Butte,007,227075,4978,4336,302,4638,65
2020-12-04,Calaveras,009,45235,654,585,0,585,21
2020-12-04,Colusa,011,21464,931,790,17,807,6
2020-12-04,Contra Costa,013,1133247,28554,25705,215,25920,264
2020-12-04,Del Norte,015,27424,469,401,0,401,2
2020-12-04,El Dorado,017,186661,3755,2933,55,2988,7
2020-12-04,Fresno,019,978130,48516,40108,2056,42164,522
2020-12-04,Glenn,021,27897,1163,1017,82,1099,8
2020-12-04,Humboldt,023,135768,1168,960,4,964,9
2020-12-04,Imperial,025,180216,18233,16484,191,16675,362
2020-12-04,Inyo,027,18085,364,324,6,330,15
2020-12-04,Kern,029,883053,47305,42497,2088,44585,485
2020-12-04,Kings,031,150075,13034,11767,281,12048,88
2020-12-04,Lake,033,64148,1202,1018,0,1018,20
2020-12-04,Lassen,035,31185,2794,2167,10,2177,0
2020-12-04,Los Angeles,037,10098052,473191,424164,8574,432738,7845
2020-12-04,Madera,039,155013,7536,6479,215,6694,58
2020-12-04,Marin,041,260295,8241,7896,43,7939,136
2020-12-04,Mariposa,043,17540,170,136,2,138,2
2020-12-04,Mendocino,045,87422,1759,1563,11,1574,23
2020-12-04,Merced,047,269075,13763,12474,168,12642,177
2020-12-04,Modoc,049,8938,153,115,28,143,0
2020-12-04,Mono,051,14174,648,549,10,559,3
2020-12-04,Monterey,053,433212,18682,16737,369,17106,127
2020-12-04,Napa,055,140530,4044,3432,21,3453,19
2020-12-04,Nevada,057,99092,1953,1560,49,1609,10
2020-12-04,Orange,059,3164182,96940,83738,2998,86736,1597
2020-12-04,Placer,061,380077,9470,7461,230,7691,76
2020-12-04,Plumas,063,18699,298,232,0,232,0
2020-12-04,Riverside,065,2383286,112788,95255,3034,98289,1475
2020-12-04,Sacramento,067,1510023,45806,41061,202,41263,618
2020-12-04,San Benito,069,59416,2286,2006,15,2021,17
2020-12-04,San Bernardino,071,2135413,122284,102418,2481,104899,1290
2020-12-04,San Diego,073,3302833,98832,88183,3980,92163,1047
2020-12-04,San Francisco,075,870044,17700,16499,132,16631,161
2020-12-04,San Joaquin,077,732212,31565,27806,703,28509,522
2020-12-04,San Luis Obispo,079,281455,7402,6473,128,6601,42
2020-12-04,San Mateo,081,765935,17257,15112,17,15129,173
2020-12-04,Santa Barbara,083,443738,13648,11947,254,12201,141
2020-12-04,Santa Clara,085,1922200,44973,37465,121,37586,468
2020-12-04,Santa Cruz,087,273765,5808,4985,89,5074,32
2020-12-04,Shasta,089,179085,6490,5439,330,5769,49
2020-12-04,Sierra,091,2930,19,17,0,17,0
2020-12-04,Siskiyou,093,43540,784,639,56,695,2
2020-12-04,Solano,095,438530,12418,11037,99,11136,87
2020-12-04,Sonoma,097,501317,14271,12962,85,13047,164
2020-12-04,Stanislaus,099,539301,25530,23206,1797,25003,448
2020-12-04,Sutter,101,95872,4530,3791,14,3805,20
2020-12-04,Tehama,103,63373,2124,1876,104,1980,9
2020-12-04,Trinity,105,12862,326,172,39,211,0
2020-12-04,Tulare,107,460477,24736,22273,2059,24332,322
2020-12-04,Tuolumne,109,53932,1390,1134,5,1139,7
2020-12-04,Ventura,111,848112,25187,22024,786,22810,189
2020-12-04,Yolo,113,214977,5958,5294,21,5315,87
2020-12-04,Yuba,115,75493,2585,2225,19,2244,10
2020-12-03,Alameda,001,1643700,35085,31184,449,31633,465
2020-12-03,Alpine,003,1148,57,53,0,53,0
2020-12-03,Amador,005,37829,1133,653,3,656,16
2020-12-03,Butte,007,227075,4882,4305,283,4588,65
2020-12-03,Calaveras,009,45235,635,572,0,572,21
2020-12-03,Colusa,011,21464,918,774,17,791,6
2020-12-03,Contra Costa,013,1133247,28053,25464,208,25672,265
2020-12-03,Del Norte,015,27424,465,388,0,388,2
2020-12-03,El Dorado,017,186661,3629,2740,53,2793,6
2020-12-03,Fresno,019,978130,47763,39680,1984,41664,516
2020-12-03,Glenn,021,27897,1145,997,74,1071,8
2020-12-03,Humboldt,023,135768,1138,923,4,927,9
2020-12-03,Imperial,025,180216,18027,16436,180,16616,359
2020-12-03,Inyo,027,18085,361,321,6,327,15
2020-12-03,Kern,029,883053,46458,42062,1987,44049,483
2020-12-03,Kings,031,150075,12934,11658,269,11927,87
2020-12-03,Lake,033,64148,1187,991,0,991,20
2020-12-03,Lassen,035,31185,2754,2128,9,2137,0
2020-12-03,Los Angeles,037,10098052,463099,415805,8210,424015,7787
2020-12-03,Madera,039,155013,7413,6398,210,6608,58
2020-12-03,Marin,041,260295,8181,7861,39,7900,136
2020-12-03,Mariposa,043,17540,166,132,2,134,2
2020-12-03,Mendocino,045,87422,1742,1547,8,1555,23
2020-12-03,Merced,047,269075,13518,12310,160,12470,177
2020-12-03,Modoc,049,8938,151,114,28,142,0
2020-12-03,Mono,051,14174,626,527,10,537,3
2020-12-03,Monterey,053,433212,18220,16218,358,16576,125
2020-12-03,Napa,055,140530,3931,3360,21,3381,19
2020-12-03,Nevada,057,99092,1875,1472,48,1520,10
2020-12-03,Orange,059,3164182,94404,82187,2928,85115,1591
2020-12-03,Placer,061,380077,9270,7270,214,7484,73
2020-12-03,Plumas,063,18699,284,223,0,223,0
2020-12-03,Riverside,065,2383286,110028,92489,2872,95361,1461
2020-12-03,Sacramento,067,1510023,44745,40280,187,40467,614
2020-12-03,San Benito,069,59416,2240,1967,15,1982,16
2020-12-03,San Bernardino,071,2135413,118961,100787,2397,103184,1283
2020-12-03,San Diego,073,3302833,97017,86144,3862,90006,1040
2020-12-03,San Francisco,075,870044,17478,16236,131,16367,161
2020-12-03,San Joaquin,077,732212,30843,27239,656,27895,522
2020-12-03,San Luis Obispo,079,281455,7234,6388,127,6515,42
2020-12-03,San Mateo,081,765935,16905,14909,17,14926,173
2020-12-03,Santa Barbara,083,443738,13520,11829,248,12077,141
2020-12-03,Santa Clara,085,1922200,43777,36621,115,36736,465
2020-12-03,Santa Cruz,087,273765,5665,4850,85,4935,28
2020-12-03,Shasta,089,179085,6381,5330,323,5653,48
2020-12-03,Sierra,091,2930,19,17,0,17,0
2020-12-03,Siskiyou,093,43540,769,629,53,682,2
2020-12-03,Solano,095,438530,12204,10857,96,10953,87
2020-12-03,Sonoma,097,501317,14028,12772,84,12856,164
2020-12-03,Stanislaus,099,539301,25121,22821,1748,24569,447
2020-12-03,Sutter,101,95872,4447,3727,14,3741,20
2020-12-03,Tehama,103,63373,2071,1832,95,1927,9
2020-12-03,Trinity,105,12862,323,166,39,205,0
2020-12-03,Tulare,107,460477,24337,21993,1966,23959,321
2020-12-03,Tuolumne,109,53932,1348,1105,5,1110,7
2020-12-03,Ventura,111,848112,24484,21555,773,22328,187
2020-12-03,Yolo,113,214977,5820,5069,21,5090,87
2020-12-03,Yuba,115,75493,2515,2182,18,2200,10
2020-12-02,Alameda,001,1643700,34459,30697,439,31136,463
2020-12-02,Alpine,003,1148,56,52,0,52,0
2020-12-02,Amador,005,37829,1061,585,3,588,16
2020-12-02,Butte,007,227075,4759,4243,273,4516,65
2020-12-02,Calaveras,009,45235,619,553,0,553,21
2020-12-02,Colusa,011,21464,902,756,16,772,6
2020-12-02,Contra Costa,013,1133247,27593,25147,196,25343,264
2020-12-02,Del Norte,015,27424,451,384,0,384,2
2020-12-02,El Dorado,017,186661,3527,2638,49,2687,5
2020-12-02,Fresno,019,978130,47005,39324,1884,41208,507
2020-12-02,Glenn,021,27897,1128,995,66,1061,7
2020-12-02,Humboldt,023,135768,1112,899,4,903,9
2020-12-02,Imperial,025,180216,17603,16360,172,16532,356
2020-12-02,Inyo,027,18085,354,314,6,320,15
2020-12-02,Kern,029,883053,45561,41660,1890,43550,479
2020-12-02,Kings,031,150075,12581,11531,255,11786,86
2020-12-02,Lake,033,64148,1157,971,0,971,20
2020-12-02,Lassen,035,31185,2695,2115,9,2124,0
2020-12-02,Los Angeles,037,10098052,453054,408289,7872,416161,7739
2020-12-02,Madera,039,155013,7289,6370,203,6573,57
2020-12-02,Marin,041,260295,8134,7819,37,7856,136
2020-12-02,Mariposa,043,17540,163,131,2,133,2
2020-12-02,Mendocino,045,87422,1709,1524,8,1532,23
2020-12-02,Merced,047,269075,13275,12168,153,12321,173
2020-12-02,Modoc,049,8938,148,113,28,141,0
2020-12-02,Mono,051,14174,617,520,10,530,3
2020-12-02,Monterey,053,433212,17742,16064,319,16383,121
2020-12-02,Napa,055,140530,3828,3298,20,3318,19
2020-12-02,Nevada,057,99092,1813,1430,47,1477,9
2020-12-02,Orange,059,3164182,92207,81046,2848,83894,1569
2020-12-02,Placer,061,380077,9036,6941,200,7141,73
2020-12-02,Plumas,063,18699,271,218,0,218,0
2020-12-02,Riverside,065,2383286,107309,90089,2691,92780,1451
2020-12-02,Sacramento,067,1510023,43705,39334,176,39510,597
2020-12-02,San Benito,069,59416,2175,1921,15,1936,16
2020-12-02,San Bernardino,071,2135413,115394,98567,2289,100856,1240
2020-12-02,San Diego,073,3302833,95101,84640,3747,88387,1035
2020-12-02,San Francisco,075,870044,17241,16058,129,16187,157
2020-12-02,San Joaquin,077,732212,30222,26740,632,27372,519
2020-12-02,San Luis Obispo,079,281455,7136,6324,125,6449,42
2020-12-02,San Mateo,081,765935,16542,14757,16,14773,170
2020-12-02,Santa Barbara,083,443738,13367,11705,236,11941,140
2020-12-02,Santa Clara,085,1922200,42663,35878,115,35993,458
2020-12-02,Santa Cruz,087,273765,5533,4766,82,4848,27
2020-12-02,Shasta,089,179085,6257,5188,306,5494,47
2020-12-02,Sierra,091,2930,19,17,0,17,0
2020-12-02,Siskiyou,093,43540,753,624,51,675,1
2020-12-02,Solano,095,438530,11958,10701,92,10793,87
2020-12-02,Sonoma,097,501317,13788,12635,83,12718,163
2020-12-02,Stanislaus,099,539301,24621,22615,1693,24308,448
2020-12-02,Sutter,101,95872,4286,3604,14,3618,18
2020-12-02,Tehama,103,63373,2027,1800,80,1880,9
2020-12-02,Trinity,105,12862,313,165,38,203,0
2020-12-02,Tulare,107,460477,23957,21789,1884,23673,321
2020-12-02,Tuolumne,109,53932,1307,1076,5,1081,7
2020-12-02,Ventura,111,848112,24073,21208,755,21963,186
2020-12-02,Yolo,113,214977,5709,5053,20,5073,87
2020-12-02,Yuba,115,75493,2438,2119,17,2136,10
2020-12-01,Alameda,001,1643700,33770,30252,429,30681,460
2020-12-01,Alpine,003,1148,56,41,0,41,0
2020-12-01,Amador,005,37829,914,575,2,577,16
2020-12-01,Butte,007,227075,4653,4177,259,4436,65
2020-12-01,Calaveras,009,45235,601,544,0,544,21
2020-12-01,Colusa,011,21464,885,747,16,763,6
2020-12-01,Contra Costa,013,1133247,27020,24788,188,24976,264
2020-12-01,Del Norte,015,27424,423,357,0,357,2
2020-12-01,El Dorado,017,186661,3382,2542,44,2586,4
2020-12-01,Fresno,019,978130,46103,39004,1805,40809,505
2020-12-01,Glenn,021,27897,1107,989,62,1051,7
2020-12-01,Humboldt,023,135768,1081,886,4,890,9
2020-12-01,Imperial,025,180216,17290,16278,169,16447,356
2020-12-01,Inyo,027,18085,347,304,6,310,15
2020-12-01,Kern,029,883053,44758,41345,1759,43104,478
2020-12-01,Kings,031,150075,12266,11415,241,11656,86
2020-12-01,Lake,033,64148,1139,969,0,969,19
2020-12-01,Lassen,035,31185,2529,2047,8,2055,0
2020-12-01,Los Angeles,037,10098052,442698,403266,7543,410809,7704
2020-12-01,Madera,039,155013,7172,6270,193,6463,57
2020-12-01,Marin,041,260295,8064,7787,36,7823,136
2020-12-01,Mariposa,043,17540,158,128,2,130,2
2020-12-01,Mendocino,045,87422,1675,1497,8,1505,23
2020-12-01,Merced,047,269075,13032,12032,144,12176,172
2020-12-01,Modoc,049,8938,143,113,24,137,0
2020-12-01,Mono,051,14174,604,520,10,530,3
2020-12-01,Monterey,053,433212,17235,15835,308,16143,121
2020-12-01,Napa,055,140530,3744,3124,19,3143,19
2020-12-01,Nevada,057,99092,1751,1411,46,1457,9
2020-12-01,Orange,059,3164182,90110,79468,2760,82228,1567
2020-12-01,Placer,061,380077,8712,6794,193,6987,72
2020-12-01,Plumas,063,18699,259,201,0,201,0
2020-12-01,Riverside,065,2383286,104498,88530,2529,91059,1448
2020-12-01,Sacramento,067,1510023,42657,38966,171,39137,589
2020-12-01,San Benito,069,59416,2120,1888,15,1903,15
2020-12-01,San Bernardino,071,2135413,111923,95854,2165,98019,1220
2020-12-01,San Diego,073,3302833,92844,83423,3637,87060,1019
2020-12-01,San Francisco,075,870044,16961,15797,125,15922,157
2020-12-01,San Joaquin,077,732212,29422,26432,610,27042,514
2020-12-01,San Luis Obispo,079,281455,6996,6264,120,6384,40
2020-12-01,San Mateo,081,765935,16217,14495,16,14511,170
2020-12-01,Santa Barbara,083,443738,13226,11611,226,11837,140
2020-12-01,Santa Clara,085,1922200,41406,35397,110,35507,452
2020-12-01,Santa Cruz,087,273765,5375,4638,74,4712,27
2020-12-01,Shasta,089,179085,6129,5077,286,5363,47
2020-12-01,Sierra,091,2930,19,17,0,17,0
2020-12-01,Siskiyou,093,43540,739,608,47,655,1
2020-12-01,Solano,095,438530,11698,10604,87,10691,87
2020-12-01,Sonoma,097,501317,13583,12491,80,12571,163
2020-12-01,Stanislaus,099,539301,24165,22351,1636,23987,447
2020-12-01,Sutter,101,95872,4145,3538,14,3552,17
2020-12-01,Tehama,103,63373,1965,1773,70,1843,9
2020-12-01,Trinity,105,12862,299,165,32,197,0
2020-12-01,Tulare,107,460477,23502,21645,1812,23457,319
2020-12-01,Tuolumne,109,53932,1271,1052,3,1055,7
2020-12-01,Ventura,111,848112,23460,20604,733,21337,186
2020-12-01,Yolo,113,214977,5568,4928,20,4948,86
2020-12-01,Yuba,115,75493,2372,2088,16,2104,10
2020-11-30,Alameda,001,1643700,32954,29972,411,30383,457
2020-11-30,Alpine,003,1148,54,41,0,41,0
2020-11-30,Amador,005,37829,873,559,2,561,16
2020-11-30,Butte,007,227075,4536,4148,243,4391,65
2020-11-30,Calaveras,009,45235,578,478,0,478,21
2020-11-30,Colusa,011,21464,858,737,12,749,6
2020-11-30,Contra Costa,013,1133247,26440,24365,184,24549,264
2020-11-30,Del Norte,015,27424,400,339,0,339,2
2020-11-30,El Dorado,017,186661,3208,2488,39,2527,4
2020-11-30,Fresno,019,978130,44992,38712,1691,40403,500
2020-11-30,Glenn,021,27897,1084,954,57,1011,5
2020-11-30,Humboldt,023,135768,1034,870,4,874,9
2020-11-30,Imperial,025,180216,17037,16212,148,16360,356
2020-11-30,Inyo,027,18085,342,304,5,309,15
2020-11-30,Kern,029,883053,43995,40941,1623,42564,473
2020-11-30,Kings,031,150075,12118,11346,226,11572,85
2020-11-30,Lake,033,64148,1108,939,0,939,18
2020-11-30,Lassen,035,31185,2436,1793,8,1801,0
2020-11-30,Los Angeles,037,10098052,432039,396202,7211,403413,7658
2020-11-30,Madera,039,155013,7006,6210,179,6389,57
2020-11-30,Marin,041,260295,8021,7764,35,7799,136
2020-11-30,Mariposa,043,17540,151,123,2,125,2
2020-11-30,Mendocino,045,87422,1647,1482,8,1490,23
2020-11-30,Merced,047,269075,12757,11913,133,12046,172
2020-11-30,Modoc,049,8938,133,113,24,137,0
2020-11-30,Mono,051,14174,582,519,10,529,3
2020-11-30,Monterey,053,433212,16806,15837,300,16137,119
2020-11-30,Napa,055,140530,3644,3091,19,3110,18
2020-11-30,Nevada,057,99092,1665,1347,43,1390,9
2020-11-30,Orange,059,3164182,87997,78711,2664,81375,1568
2020-11-30,Placer,061,380077,8418,6575,180,6755,72
2020-11-30,Plumas,063,18699,248,192,0,192,0
2020-11-30,Riverside,065,2383286,101503,87722,2383,90105,1446
2020-11-30,Sacramento,067,1510023,41578,37834,162,37996,586
2020-11-30,San Benito,069,59416,2073,1875,14,1889,15
2020-11-30,San Bernardino,071,2135413,108195,92704,2053,94757,1220
2020-11-30,San Diego,073,3302833,90482,82045,3510,85555,997
2020-11-30,San Francisco,075,870044,16661,15638,122,15760,157
2020-11-30,San Joaquin,077,732212,28715,25742,584,26326,509
2020-11-30,San Luis Obispo,079,281455,6861,6224,118,6342,36
2020-11-30,San Mateo,081,765935,15857,14276,16,14292,170
2020-11-30,Santa Barbara,083,443738,13048,11572,218,11790,140
2020-11-30,Santa Clara,085,1922200,40198,35019,109,35128,451
2020-11-30,Santa Cruz,087,273765,5237,4558,70,4628,26
2020-11-30,Shasta,089,179085,5985,4933,257,5190,44
2020-11-30,Sierra,091,2930,19,16,0,16,0
2020-11-30,Siskiyou,093,43540,730,605,43,648,1
2020-11-30,Solano,095,438530,11436,10392,82,10474,87
2020-11-30,Sonoma,097,501317,13338,12232,76,12308,163
2020-11-30,Stanislaus,099,539301,23704,22110,1592,23702,446
2020-11-30,Sutter,101,95872,3988,3430,13,3443,16
2020-11-30,Tehama,103,63373,1917,1724,64,1788,9
2020-11-30,Trinity,105,12862,293,162,32,194,0
2020-11-30,Tulare,107,460477,23115,20833,1717,22550,319
2020-11-30,Tuolumne,109,53932,1226,1027,3,1030,7
2020-11-30,Ventura,111,848112,22704,20308,717,21025,180
2020-11-30,Yolo,113,214977,5456,4894,20,4914,81
2020-11-30,Yuba,115,75493,2311,2028,14,2042,10
2020-11-29,Alameda,001,1643700,32169,29918,389,30307,457
2020-11-29,Alpine,003,1148,51,41,0,41,0
2020-11-29,Amador,005,37829,722,548,2,550,16
2020-11-29,Butte,007,227075,4434,4008,226,4234,65
2020-11-29,Calaveras,009,45235,546,478,0,478,21
2020-11-29,Colusa,011,21464,829,723,8,731,6
2020-11-29,Contra Costa,013,1133247,25937,24165,178,24343,264
2020-11-29,Del Norte,015,27424,394,339,0,339,2
2020-11-29,El Dorado,017,186661,3078,2447,38,2485,4
2020-11-29,Fresno,019,978130,44039,38568,1618,40186,500
2020-11-29,Glenn,021,27897,1061,951,55,1006,4
2020-11-29,Humboldt,023,135768,1005,856,4,860,9
2020-11-29,Imperial,025,180216,16808,16138,120,16258,356
2020-11-29,Inyo,027,18085,327,289,5,294,15
2020-11-29,Kern,029,883053,43232,40596,1475,42071,473
2020-11-29,Kings,031,150075,11968,11247,208,11455,85
2020-11-29,Lake,033,64148,1084,927,0,927,18
2020-11-29,Lassen,035,31185,2333,1793,8,1801,0
2020-11-29,Los Angeles,037,10098052,421649,391162,6912,398074,7642
2020-11-29,Madera,039,155013,6863,6184,173,6357,57
2020-11-29,Marin,041,260295,7955,7739,33,7772,135
2020-11-29,Mariposa,043,17540,147,123,2,125,2
2020-11-29,Mendocino,045,87422,1613,1473,8,1481,23
2020-11-29,Merced,047,269075,12518,11773,124,11897,172
2020-11-29,Modoc,049,8938,129,105,22,127,0
2020-11-29,Mono,051,14174,559,515,9,524,3
2020-11-29,Monterey,053,433212,16495,15621,293,15914,119
2020-11-29,Napa,055,140530,3539,3090,18,3108,18
2020-11-29,Nevada,057,99092,1584,1311,41,1352,9
2020-11-29,Orange,059,3164182,85977,78057,2617,80674,1567
2020-11-29,Placer,061,380077,8120,6535,168,6703,72
2020-11-29,Plumas,063,18699,243,191,0,191,0
2020-11-29,Riverside,065,2383286,99114,87383,2229,89612,1442
2020-11-29,Sacramento,067,1510023,40499,37415,153,37568,585
2020-11-29,San Benito,069,59416,2029,1860,14,1874,15
2020-11-29,San Bernardino,071,2135413,104847,92052,1937,93989,1223
2020-11-29,San Diego,073,3302833,88071,81086,3357,84443,997
2020-11-29,San Francisco,075,870044,16380,15571,115,15686,153
2020-11-29,San Joaquin,077,732212,27973,25740,578,26318,509
2020-11-29,San Luis Obispo,079,281455,6739,6145,118,6263,36
2020-11-29,San Mateo,081,765935,15523,14177,16,14193,169
2020-11-29,Santa Barbara,083,443738,12892,11520,214,11734,140
2020-11-29,Santa Clara,085,1922200,38992,34234,103,34337,451
2020-11-29,Santa Cruz,087,273765,5078,4490,68,4558,26
2020-11-29,Shasta,089,179085,5810,4935,229,5164,43
2020-11-29,Sierra,091,2930,19,16,0,16,0
2020-11-29,Siskiyou,093,43540,707,590,41,631,1
2020-11-29,Solano,095,438530,11204,10393,78,10471,87
2020-11-29,Sonoma,097,501317,13086,12052,72,12124,163
2020-11-29,Stanislaus,099,539301,23208,21701,1556,23257,446
2020-11-29,Sutter,101,95872,3870,3297,13,3310,16
2020-11-29,Tehama,103,63373,1866,1710,48,1758,9
2020-11-29,Trinity,105,12862,290,159,30,189,0
2020-11-29,Tulare,107,460477,22746,20793,1641,22434,319
2020-11-29,Tuolumne,109,53932,1190,988,3,991,7
2020-11-29,Ventura,111,848112,22019,19952,704,20656,179
2020-11-29,Yolo,113,214977,5318,4830,19,4849,80
2020-11-29,Yuba,115,75493,2255,1959,14,1973,10
2020-11-28,Alameda,001,1643700,31860,29368,384,29752,456
2020-11-28,Alpine,003,1148,51,41,0,41,0
2020-11-28,Amador,005,37829,645,536,2,538,16
2020-11-28,Butte,007,227075,4376,3894,222,4116,65
2020-11-28,Calaveras,009,45235,542,478,0,478,21
2020-11-28,Colusa,011,21464,820,711,6,717,6
2020-11-28,Contra Costa,013,1133247,25604,23798,174,23972,264
2020-11-28,Del Norte,015,27424,384,328,0,328,2
2020-11-28,El Dorado,017,186661,3010,2415,32,2447,4
2020-11-28,Fresno,019,978130,43691,38288,1579,39867,500
2020-11-28,Glenn,021,27897,1050,925,51,976,4
2020-11-28,Humboldt,023,135768,970,844,4,848,9
2020-11-28,Imperial,025,180216,16743,16019,118,16137,356
2020-11-28,Inyo,027,18085,319,289,5,294,15
2020-11-28,Kern,029,883053,42869,40255,1387,41642,473
2020-11-28,Kings,031,150075,11903,11070,201,11271,85
2020-11-28,Lake,033,64148,1069,920,0,920,18
2020-11-28,Lassen,035,31185,2266,1714,8,1722,0
2020-11-28,Los Angeles,037,10098052,416735,386194,6756,392950,7625
2020-11-28,Madera,039,155013,6761,6119,166,6285,57
2020-11-28,Marin,041,260295,7925,7696,29,7725,135
2020-11-28,Mariposa,043,17540,144,120,2,122,2
2020-11-28,Mendocino,045,87422,1582,1458,8,1466,22
2020-11-28,Merced,047,269075,12420,11688,118,11806,172
2020-11-28,Modoc,049,8938,126,103,22,125,0
2020-11-28,Mono,051,14174,553,505,9,514,3
2020-11-28,Monterey,053,433212,16329,15328,289,15617,118
2020-11-28,Napa,055,140530,3487,3033,18,3051,18
2020-11-28,Nevada,057,99092,1556,1272,39,1311,9
2020-11-28,Orange,059,3164182,84878,76882,2570,79452,1568
2020-11-28,Placer,061,380077,7961,6497,165,6662,70
2020-11-28,Plumas,063,18699,236,188,0,188,0
2020-11-28,Riverside,065,2383286,97705,86854,2127,88981,1440
2020-11-28,Sacramento,067,1510023,39920,36905,149,37054,580
2020-11-28,San Benito,069,59416,1982,1835,14,1849,15
2020-11-28,San Bernardino,071,2135413,103448,91183,1839,93022,1224
2020-11-28,San Diego,073,3302833,86817,80020,3273,83293,997
2020-11-28,San Francisco,075,870044,16204,15450,107,15557,153
2020-11-28,San Joaquin,077,732212,27776,25742,563,26305,509
2020-11-28,San Luis Obispo,079,281455,6669,6106,114,6220,36
2020-11-28,San Mateo,081,765935,15332,14040,16,14056,169
2020-11-28,Santa Barbara,083,443738,12790,11481,209,11690,140
2020-11-28,Santa Clara,085,1922200,38246,33701,101,33802,449
2020-11-28,Santa Cruz,087,273765,5001,4426,68,4494,26
2020-11-28,Shasta,089,179085,5732,4882,222,5104,43
2020-11-28,Sierra,091,2930,19,16,0,16,0
2020-11-28,Siskiyou,093,43540,697,558,38,596,1
2020-11-28,Solano,095,438530,11085,10252,76,10328,87
2020-11-28,Sonoma,097,501317,12983,12008,63,12071,162
2020-11-28,Stanislaus,099,539301,22969,21574,1520,23094,446
2020-11-28,Sutter,101,95872,3786,3244,13,3257,15
2020-11-28,Tehama,103,63373,1850,1678,44,1722,9
2020-11-28,Trinity,105,12862,287,157,28,185,0
2020-11-28,Tulare,107,460477,22550,20701,1599,22300,319
2020-11-28,Tuolumne,109,53932,1168,976,3,979,7
2020-11-28,Ventura,111,848112,21721,19510,694,20204,179
2020-11-28,Yolo,113,214977,5244,4739,17,4756,80
2020-11-28,Yuba,115,75493,2202,1912,14,1926,10
2020-11-27,Alameda,001,1643700,31421,29064,373,29437,450
2020-11-27,Alpine,003,1148,51,41,0,41,0
2020-11-27,Amador,005,37829,598,498,1,499,16
2020-11-27,Butte,007,227075,4335,3894,216,4110,65
2020-11-27,Calaveras,009,45235,533,478,0,478,21
2020-11-27,Colusa,011,21464,803,694,4,698,6
2020-11-27,Contra Costa,013,1133247,25344,23463,168,23631,264
2020-11-27,Del Norte,015,27424,378,307,0,307,2
2020-11-27,El Dorado,017,186661,2939,2238,29,2267,4
2020-11-27,Fresno,019,978130,43285,37994,1521,39515,500
2020-11-27,Glenn,021,27897,1037,891,46,937,4
2020-11-27,Humboldt,023,135768,951,795,3,798,9
2020-11-27,Imperial,025,180216,16675,15960,109,16069,356
2020-11-27,Inyo,027,18085,313,289,5,294,15
2020-11-27,Kern,029,883053,42445,39707,1316,41023,473
2020-11-27,Kings,031,150075,11817,10667,183,10850,85
2020-11-27,Lake,033,64148,1033,909,0,909,18
2020-11-27,Lassen,035,31185,2254,1714,8,1722,0
2020-11-27,Los Angeles,037,10098052,410229,382740,6600,389340,7606
2020-11-27,Madera,039,155013,6689,6050,160,6210,57
2020-11-27,Marin,041,260295,7882,7660,29,7689,135
2020-11-27,Mariposa,043,17540,142,118,2,120,2
2020-11-27,Mendocino,045,87422,1568,1387,7,1394,22
2020-11-27,Merced,047,269075,12314,11550,111,11661,172
2020-11-27,Modoc,049,8938,125,100,22,122,0
2020-11-27,Mono,051,14174,549,498,9,507,3
2020-11-27,Monterey,053,433212,16162,14753,289,15042,113
2020-11-27,Napa,055,140530,3447,2988,18,3006,18
2020-11-27,Nevada,057,99092,1526,1184,37,1221,9
2020-11-27,Orange,059,3164182,83589,75151,2531,77682,1568
2020-11-27,Placer,061,380077,7798,6283,155,6438,68
2020-11-27,Plumas,063,18699,233,188,0,188,0
2020-11-27,Riverside,065,2383286,96095,85769,1975,87744,1440
2020-11-27,Sacramento,067,1510023,39298,36579,144,36723,579
2020-11-27,San Benito,069,59416,1948,1805,13,1818,15
2020-11-27,San Bernardino,071,2135413,101937,90254,1758,92012,1224
2020-11-27,San Diego,073,3302833,85623,78161,3184,81345,996
2020-11-27,San Francisco,075,870044,16049,15377,105,15482,153
2020-11-27,San Joaquin,077,732212,27555,25741,543,26284,509
2020-11-27,San Luis Obispo,079,281455,6586,6039,111,6150,36
2020-11-27,San Mateo,081,765935,15129,13872,15,13887,169
2020-11-27,Santa Barbara,083,443738,12697,11340,206,11546,140
2020-11-27,Santa Clara,085,1922200,37571,32935,94,33029,449
2020-11-27,Santa Cruz,087,273765,4930,4358,66,4424,26
2020-11-27,Shasta,089,179085,5655,4710,209,4919,43
2020-11-27,Sierra,091,2930,18,16,0,16,0
2020-11-27,Siskiyou,093,43540,682,554,35,589,1
2020-11-27,Solano,095,438530,10966,10044,73,10117,87
2020-11-27,Sonoma,097,501317,12851,11924,61,11985,162
2020-11-27,Stanislaus,099,539301,22741,21185,1490,22675,446
2020-11-27,Sutter,101,95872,3719,3101,13,3114,15
2020-11-27,Tehama,103,63373,1822,1649,40,1689,9
2020-11-27,Trinity,105,12862,283,151,28,179,0
2020-11-27,Tulare,107,460477,22362,20634,1542,22176,319
2020-11-27,Tuolumne,109,53932,1136,881,3,884,7
2020-11-27,Ventura,111,848112,21397,19379,672,20051,179
2020-11-27,Yolo,113,214977,5195,4737,17,4754,79
2020-11-27,Yuba,115,75493,2173,1864,13,1877,10
2020-11-26,Alameda,001,1643700,31010,28797,354,29151,447
2020-11-26,Alpine,003,1148,51,41,0,41,0
2020-11-26,Amador,005,37829,590,488,1,489,16
2020-11-26,Butte,007,227075,4272,3894,210,4104,65
2020-11-26,Calaveras,009,45235,505,478,0,478,21
2020-11-26,Colusa,011,21464,789,694,4,698,6
2020-11-26,Contra Costa,013,1133247,25009,23468,162,23630,264
2020-11-26,Del Norte,015,27424,367,307,0,307,2
2020-11-26,El Dorado,017,186661,2858,2217,27,2244,4
2020-11-26,Fresno,019,978130,42879,37724,1476,39200,500
2020-11-26,Glenn,021,27897,1021,892,44,936,4
2020-11-26,Humboldt,023,135768,929,795,2,797,9
2020-11-26,Imperial,025,180216,16566,15722,105,15827,355
2020-11-26,Inyo,027,18085,312,289,5,294,15
2020-11-26,Kern,029,883053,41995,39123,1254,40377,471
2020-11-26,Kings,031,150075,11762,10475,171,10646,85
2020-11-26,Lake,033,64148,1020,890,0,890,18
2020-11-26,Lassen,035,31185,2239,1714,8,1722,0
2020-11-26,Los Angeles,037,10098052,405083,378340,6363,384703,7581
2020-11-26,Madera,039,155013,6614,6003,154,6157,57
2020-11-26,Marin,041,260295,7845,7610,29,7639,135
2020-11-26,Mariposa,043,17540,137,116,2,118,2
2020-11-26,Mendocino,045,87422,1554,1387,5,1392,22
2020-11-26,Merced,047,269075,12166,11440,109,11549,172
2020-11-26,Modoc,049,8938,123,100,22,122,0
2020-11-26,Mono,051,14174,541,485,9,494,2
2020-11-26,Monterey,053,433212,15926,14750,281,15031,113
2020-11-26,Napa,055,140530,3383,2988,18,3006,18
2020-11-26,Nevada,057,99092,1480,1184,37,1221,9
2020-11-26,Orange,059,3164182,82200,74264,2468,76732,1563
2020-11-26,Placer,061,380077,7635,6278,146,6424,68
2020-11-26,Plumas,063,18699,225,188,0,188,0
2020-11-26,Riverside,065,2383286,94492,85774,1853,87627,1440
2020-11-26,Sacramento,067,1510023,38656,35854,136,35990,580
2020-11-26,San Benito,069,59416,1921,1769,13,1782,15
2020-11-26,San Bernardino,071,2135413,100287,89727,1666,91393,1223
2020-11-26,San Diego,073,3302833,84013,76359,3080,79439,996
2020-11-26,San Francisco,075,870044,15912,15156,102,15258,153
2020-11-26,San Joaquin,077,732212,27299,25738,531,26269,509
2020-11-26,San Luis Obispo,079,281455,6493,5964,108,6072,36
2020-11-26,San Mateo,081,765935,14940,13715,14,13729,169
2020-11-26,Santa Barbara,083,443738,12616,11277,205,11482,139
2020-11-26,Santa Clara,085,1922200,36929,32411,86,32497,446
2020-11-26,Santa Cruz,087,273765,4799,4269,60,4329,26
2020-11-26,Shasta,089,179085,5573,4712,198,4910,43
2020-11-26,Sierra,091,2930,18,15,0,15,0
2020-11-26,Siskiyou,093,43540,672,526,34,560,1
2020-11-26,Solano,095,438530,10823,9941,71,10012,87
2020-11-26,Sonoma,097,501317,12703,11922,59,11981,162
2020-11-26,Stanislaus,099,539301,22510,21186,1449,22635,445
2020-11-26,Sutter,101,95872,3625,3101,12,3113,15
2020-11-26,Tehama,103,63373,1780,1612,37,1649,9
2020-11-26,Trinity,105,12862,279,139,28,167,0
2020-11-26,Tulare,107,460477,22123,20649,1478,22127,319
2020-11-26,Tuolumne,109,53932,1108,871,3,874,7
2020-11-26,Ventura,111,848112,20901,19058,658,19716,179
2020-11-26,Yolo,113,214977,5108,4566,17,4583,76
2020-11-26,Yuba,115,75493,2113,1865,11,1876,10
2020-11-25,Alameda,001,1643700,30794,28378,346,28724,447
2020-11-25,Alpine,003,1148,51,41,0,41,0
2020-11-25,Amador,005,37829,580,484,1,485,16
2020-11-25,Butte,007,227075,4241,3848,207,4055,64
2020-11-25,Calaveras,009,45235,502,475,0,475,21
2020-11-25,Colusa,011,21464,772,693,4,697,6
2020-11-25,Contra Costa,013,1133247,24854,23307,161,23468,263
2020-11-25,Del Norte,015,27424,366,304,0,304,2
2020-11-25,El Dorado,017,186661,2822,2154,27,2181,4
2020-11-25,Fresno,019,978130,42647,37349,1454,38803,494
2020-11-25,Glenn,021,27897,1004,891,42,933,4
2020-11-25,Humboldt,023,135768,921,777,2,779,9
2020-11-25,Imperial,025,180216,16496,15640,103,15743,355
2020-11-25,Inyo,027,18085,310,289,5,294,15
2020-11-25,Kern,029,883053,41839,38878,1235,40113,467
2020-11-25,Kings,031,150075,11727,10417,167,10584,85
2020-11-25,Lake,033,64148,1003,878,0,878,18
2020-11-25,Lassen,035,31185,2196,1701,8,1709,0
2020-11-25,Los Angeles,037,10098052,402056,373919,6259,380178,7545
2020-11-25,Madera,039,155013,6592,5989,151,6140,57
2020-11-25,Marin,041,260295,7818,7601,28,7629,135
2020-11-25,Mariposa,043,17540,136,114,2,116,2
2020-11-25,Mendocino,045,87422,1535,1373,5,1378,22
2020-11-25,Merced,047,269075,12108,11346,109,11455,172
2020-11-25,Modoc,049,8938,123,96,22,118,0
2020-11-25,Mono,051,14174,536,487,9,496,2
2020-11-25,Monterey,053,433212,15809,14695,279,14974,113
2020-11-25,Napa,055,140530,3350,2945,18,2963,17
2020-11-25,Nevada,057,99092,1462,1170,35,1205,9
2020-11-25,Orange,059,3164182,81447,73014,2448,75462,1551
2020-11-25,Placer,061,380077,7559,6221,145,6366,68
2020-11-25,Plumas,063,18699,220,183,0,183,0
2020-11-25,Riverside,065,2383286,93948,85077,1835,86912,1438
2020-11-25,Sacramento,067,1510023,38320,35687,133,35820,574
2020-11-25,San Benito,069,59416,1898,1764,13,1777,15
2020-11-25,San Bernardino,071,2135413,99447,88469,1638,90107,1225
2020-11-25,San Diego,073,3302833,83356,75307,3044,78351,988
2020-11-25,San Francisco,075,870044,15807,15053,100,15153,153
2020-11-25,San Joaquin,077,732212,27172,25556,519,26075,515
2020-11-25,San Luis Obispo,079,281455,6450,5913,107,6020,34
2020-11-25,San Mateo,081,765935,14825,13614,14,13628,170
2020-11-25,Santa Barbara,083,443738,12566,11183,205,11388,138
2020-11-25,Santa Clara,085,1922200,36482,32032,85,32117,442
2020-11-25,Santa Cruz,087,273765,4747,4202,59,4261,25
2020-11-25,Shasta,089,179085,5527,4588,191,4779,43
2020-11-25,Sierra,091,2930,18,15,0,15,0
2020-11-25,Siskiyou,093,43540,665,499,34,533,1
2020-11-25,Solano,095,438530,10718,9832,70,9902,87
2020-11-25,Sonoma,097,501317,12640,11775,58,11833,162
2020-11-25,Stanislaus,099,539301,22379,21022,1422,22444,445
2020-11-25,Sutter,101,95872,3581,3064,12,3076,14
2020-11-25,Tehama,103,63373,1768,1587,32,1619,9
2020-11-25,Trinity,105,12862,277,135,28,163,0
2020-11-25,Tulare,107,460477,22033,20528,1446,21974,318
2020-11-25,Tuolumne,109,53932,1091,842,3,845,7
2020-11-25,Ventura,111,848112,20806,18914,652,19566,179
2020-11-25,Yolo,113,214977,5072,4527,17,4544,76
2020-11-25,Yuba,115,75493,2087,1840,11,1851,10
2020-11-24,Alameda,001,1643700,30316,28030,335,28365,444
2020-11-24,Alpine,003,1148,51,41,0,41,0
2020-11-24,Amador,005,37829,555,470,1,471,16
2020-11-24,Butte,007,227075,4156,3798,199,3997,63
2020-11-24,Calaveras,009,45235,495,466,0,466,21
2020-11-24,Colusa,011,21464,754,682,4,686,6
2020-11-24,Contra Costa,013,1133247,24501,23072,155,23227,259
2020-11-24,Del Norte,015,27424,357,298,0,298,2
2020-11-24,El Dorado,017,186661,2717,2005,26,2031,4
2020-11-24,Fresno,019,978130,42244,37021,1377,38398,493
2020-11-24,Glenn,021,27897,986,883,38,921,4
2020-11-24,Humboldt,023,135768,902,774,2,776,9
2020-11-24,Imperial,025,180216,16393,15600,97,15697,355
2020-11-24,Inyo,027,18085,309,282,5,287,15
2020-11-24,Kern,029,883053,41365,38551,1157,39708,465
2020-11-24,Kings,031,150075,11460,10338,154,10492,85
2020-11-24,Lake,033,64148,987,872,0,872,18
2020-11-24,Lassen,035,31185,2173,1657,8,1665,0
2020-11-24,Los Angeles,037,10098052,395747,370008,6023,376031,7501
2020-11-24,Madera,039,155013,6506,5881,145,6026,57
2020-11-24,Marin,041,260295,7771,7591,28,7619,135
2020-11-24,Mariposa,043,17540,126,114,1,115,2
2020-11-24,Mendocino,045,87422,1513,1346,4,1350,22
2020-11-24,Merced,047,269075,11919,11268,104,11372,171
2020-11-24,Modoc,049,8938,119,91,22,113,0
2020-11-24,Mono,051,14174,532,483,9,492,2
2020-11-24,Monterey,053,433212,15551,14354,267,14621,113
2020-11-24,Napa,055,140530,3284,2904,18,2922,17
2020-11-24,Nevada,057,99092,1398,1156,33,1189,9
2020-11-24,Orange,059,3164182,80001,71975,2367,74342,1547
2020-11-24,Placer,061,380077,7378,6147,138,6285,67
2020-11-24,Plumas,063,18699,217,180,0,180,0
2020-11-24,Riverside,065,2383286,92188,83685,1707,85392,1420
2020-11-24,Sacramento,067,1510023,37640,35097,126,35223,568
2020-11-24,San Benito,069,59416,1866,1740,12,1752,15
2020-11-24,San Bernardino,071,2135413,97111,86645,1537,88182,1226
2020-11-24,San Diego,073,3302833,81946,74363,2973,77336,984
2020-11-24,San Francisco,075,870044,15612,14874,96,14970,153
2020-11-24,San Joaquin,077,732212,26856,25318,491,25809,517
2020-11-24,San Luis Obispo,079,281455,6387,5805,106,5911,34
2020-11-24,San Mateo,081,765935,14616,13558,13,13571,170
2020-11-24,Santa Barbara,083,443738,12459,11154,203,11357,138
2020-11-24,Santa Clara,085,1922200,35693,31564,81,31645,438
2020-11-24,Santa Cruz,087,273765,4634,4132,58,4190,25
2020-11-24,Shasta,089,179085,5427,4410,172,4582,43
2020-11-24,Sierra,091,2930,18,15,0,15,0
2020-11-24,Siskiyou,093,43540,647,473,31,504,1
2020-11-24,Solano,095,438530,10547,9716,69,9785,86
2020-11-24,Sonoma,097,501317,12460,11644,55,11699,162
2020-11-24,Stanislaus,099,539301,22137,20830,1379,22209,438
2020-11-24,Sutter,101,95872,3475,2974,12,2986,14
2020-11-24,Tehama,103,63373,1718,1565,27,1592,9
2020-11-24,Trinity,105,12862,270,129,27,156,0
2020-11-24,Tulare,107,460477,21784,20319,1381,21700,315
2020-11-24,Tuolumne,109,53932,1062,832,3,835,7
2020-11-24,Ventura,111,848112,20424,18637,642,19279,179
2020-11-24,Yolo,113,214977,4988,4420,17,4437,76
2020-11-24,Yuba,115,75493,2036,1804,9,1813,10
2020-11-23,Alameda,001,1643700,29902,27718,323,28041,444
2020-11-23,Alpine,003,1148,49,41,0,41,0
2020-11-23,Amador,005,37829,514,457,1,458,16
2020-11-23,Butte,007,227075,4092,3765,193,3958,61
2020-11-23,Calaveras,009,45235,478,434,0,434,21
2020-11-23,Colusa,011,21464,740,662,4,666,6
2020-11-23,Contra Costa,013,1133247,24229,22674,150,22824,260
2020-11-23,Del Norte,015,27424,335,296,0,296,2
2020-11-23,El Dorado,017,186661,2597,2005,25,2030,4
2020-11-23,Fresno,019,978130,41796,36688,1314,38002,488
2020-11-23,Glenn,021,27897,960,853,38,891,4
2020-11-23,Humboldt,023,135768,889,746,2,748,9
2020-11-23,Imperial,025,180216,16222,15104,91,15195,355
2020-11-23,Inyo,027,18085,301,279,5,284,15
2020-11-23,Kern,029,883053,40851,38245,1094,39339,463
2020-11-23,Kings,031,150075,11040,10204,147,10351,85
2020-11-23,Lake,033,64148,964,840,0,840,18
2020-11-23,Lassen,035,31185,2093,1271,7,1278,0
2020-11-23,Los Angeles,037,10098052,389659,366374,5771,372145,7447
2020-11-23,Madera,039,155013,6380,5787,140,5927,56
2020-11-23,Marin,041,260295,7729,7543,28,7571,135
2020-11-23,Mariposa,043,17540,125,97,1,98,2
2020-11-23,Mendocino,045,87422,1483,1330,4,1334,22
2020-11-23,Merced,047,269075,11731,11148,101,11249,169
2020-11-23,Modoc,049,8938,105,91,21,112,0
2020-11-23,Mono,051,14174,519,480,9,489,2
2020-11-23,Monterey,053,433212,15273,14265,261,14526,112
2020-11-23,Napa,055,140530,3218,2811,17,2828,17
2020-11-23,Nevada,057,99092,1309,1087,33,1120,9
2020-11-23,Orange,059,3164182,78593,71074,2321,73395,1546
2020-11-23,Placer,061,380077,7176,5999,137,6136,66
2020-11-23,Plumas,063,18699,213,172,0,172,0
2020-11-23,Riverside,065,2383286,90408,82175,1646,83821,1415
2020-11-23,Sacramento,067,1510023,37071,34141,119,34260,556
2020-11-23,San Benito,069,59416,1838,1729,11,1740,15
2020-11-23,San Bernardino,071,2135413,95004,84387,1474,85861,1224
2020-11-23,San Diego,073,3302833,80484,72817,2885,75702,968
2020-11-23,San Francisco,075,870044,15453,14646,94,14740,153
2020-11-23,San Joaquin,077,732212,26507,24622,487,25109,517
2020-11-23,San Luis Obispo,079,281455,6305,5772,104,5876,34
2020-11-23,San Mateo,081,765935,14424,13364,13,13377,170
2020-11-23,Santa Barbara,083,443738,12350,10944,199,11143,137
2020-11-23,Santa Clara,085,1922200,35042,31064,78,31142,435
2020-11-23,Santa Cruz,087,273765,4524,4003,54,4057,25
2020-11-23,Shasta,089,179085,5309,4100,160,4260,43
2020-11-23,Sierra,091,2930,17,15,0,15,0
2020-11-23,Siskiyou,093,43540,620,460,30,490,0
2020-11-23,Solano,095,438530,10390,9394,66,9460,86
2020-11-23,Sonoma,097,501317,12287,11507,51,11558,160
2020-11-23,Stanislaus,099,539301,21844,20487,1346,21833,436
2020-11-23,Sutter,101,95872,3337,2840,11,2851,14
2020-11-23,Tehama,103,63373,1670,1526,24,1550,9
2020-11-23,Trinity,105,12862,261,120,25,145,0
2020-11-23,Tulare,107,460477,21489,19818,1315,21133,315
2020-11-23,Tuolumne,109,53932,1022,774,3,777,7
2020-11-23,Ventura,111,848112,20048,18480,629,19109,179
2020-11-23,Yolo,113,214977,4908,4265,16,4281,75
2020-11-23,Yuba,115,75493,1969,1702,9,1711,10
2020-11-22,Alameda,001,1643700,29467,27472,312,27784,444
2020-11-22,Alpine,003,1148,46,41,0,41,0
2020-11-22,Amador,005,37829,502,450,1,451,16
2020-11-22,Butte,007,227075,4041,3712,186,3898,61
2020-11-22,Calaveras,009,45235,466,434,0,434,21
2020-11-22,Colusa,011,21464,722,642,3,645,6
2020-11-22,Contra Costa,013,1133247,23924,22407,145,22552,260
2020-11-22,Del Norte,015,27424,311,271,0,271,2
2020-11-22,El Dorado,017,186661,2487,1917,22,1939,4
2020-11-22,Fresno,019,978130,41314,36315,1258,37573,488
2020-11-22,Glenn,021,27897,938,832,34,866,4
2020-11-22,Humboldt,023,135768,873,729,2,731,9
2020-11-22,Imperial,025,180216,16017,15109,46,15155,355
2020-11-22,Inyo,027,18085,295,279,5,284,15
2020-11-22,Kern,029,883053,40272,37904,1060,38964,463
2020-11-22,Kings,031,150075,10939,10035,138,10173,85
2020-11-22,Lake,033,64148,942,834,0,834,18
2020-11-22,Lassen,035,31185,1928,1211,6,1217,0
2020-11-22,Los Angeles,037,10098052,383380,360341,5521,365862,7438
2020-11-22,Madera,039,155013,6300,5745,129,5874,56
2020-11-22,Marin,041,260295,7694,7506,27,7533,135
2020-11-22,Mariposa,043,17540,124,95,1,96,2
2020-11-22,Mendocino,045,87422,1459,1285,3,1288,22
2020-11-22,Merced,047,269075,11582,10939,101,11040,169
2020-11-22,Modoc,049,8938,104,87,19,106,0
2020-11-22,Mono,051,14174,504,481,9,490,2
2020-11-22,Monterey,053,433212,15032,13887,255,14142,111
2020-11-22,Napa,055,140530,3137,2778,17,2795,17
2020-11-22,Nevada,057,99092,1251,1052,33,1085,9
2020-11-22,Orange,059,3164182,77177,69913,2282,72195,1546
2020-11-22,Placer,061,380077,6949,5880,127,6007,66
2020-11-22,Plumas,063,18699,200,172,0,172,0
2020-11-22,Riverside,065,2383286,88818,81565,1585,83150,1409
2020-11-22,Sacramento,067,1510023,36339,33421,106,33527,555
2020-11-22,San Benito,069,59416,1809,1704,11,1715,15
2020-11-22,San Bernardino,071,2135413,92659,83505,1404,84909,1224
2020-11-22,San Diego,073,3302833,78747,71649,2810,74459,968
2020-11-22,San Francisco,075,870044,15282,14515,93,14608,153
2020-11-22,San Joaquin,077,732212,26208,24619,475,25094,517
2020-11-22,San Luis Obispo,079,281455,6203,5664,103,5767,34
2020-11-22,San Mateo,081,765935,14219,13228,13,13241,170
2020-11-22,Santa Barbara,083,443738,12213,10946,194,11140,137
2020-11-22,Santa Clara,085,1922200,34364,30633,76,30709,434
2020-11-22,Santa Cruz,087,273765,4442,3896,47,3943,25
2020-11-22,Shasta,089,179085,5151,4100,142,4242,43
2020-11-22,Sierra,091,2930,17,13,0,13,0
2020-11-22,Siskiyou,093,43540,588,411,30,441,0
2020-11-22,Solano,095,438530,10219,9363,62,9425,86
2020-11-22,Sonoma,097,501317,12129,11415,49,11464,159
2020-11-22,Stanislaus,099,539301,21516,20223,1316,21539,436
2020-11-22,Sutter,101,95872,3219,2677,11,2688,13
2020-11-22,Tehama,103,63373,1636,1457,19,1476,9
2020-11-22,Trinity,105,12862,255,114,25,139,0
2020-11-22,Tulare,107,460477,21238,19818,1245,21063,314
2020-11-22,Tuolumne,109,53932,996,689,3,692,7
2020-11-22,Ventura,111,848112,19687,18105,615,18720,179
2020-11-22,Yolo,113,214977,4807,4206,16,4222,75
2020-11-22,Yuba,115,75493,1916,1672,9,1681,10
2020-11-21,Alameda,001,1643700,29281,27424,310,27734,444
2020-11-21,Alpine,003,1148,46,41,0,41,0
2020-11-21,Amador,005,37829,488,450,1,451,16
2020-11-21,Butte,007,227075,3993,3664,183,3847,61
2020-11-21,Calaveras,009,45235,460,434,0,434,21
2020-11-21,Colusa,011,21464,713,642,3,645,6
2020-11-21,Contra Costa,013,1133247,23771,22338,143,22481,260
2020-11-21,Del Norte,015,27424,306,271,0,271,2
2020-11-21,El Dorado,017,186661,2438,1900,21,1921,4
2020-11-21,Fresno,019,978130,41058,35973,1224,37197,482
2020-11-21,Glenn,021,27897,933,829,32,861,4
2020-11-21,Humboldt,023,135768,863,728,2,730,9
2020-11-21,Imperial,025,180216,15940,15053,46,15099,355
2020-11-21,Inyo,027,18085,293,283,5,288,15
2020-11-21,Kern,029,883053,40016,37403,1025,38428,463
2020-11-21,Kings,031,150075,10891,10019,134,10153,85
2020-11-21,Lake,033,64148,929,832,0,832,18
2020-11-21,Lassen,035,31185,1860,1211,6,1217,0
2020-11-21,Los Angeles,037,10098052,380207,357754,5375,363129,7428
2020-11-21,Madera,039,155013,6263,5706,129,5835,56
2020-11-21,Marin,041,260295,7671,7488,26,7514,134
2020-11-21,Mariposa,043,17540,124,92,1,93,2
2020-11-21,Mendocino,045,87422,1428,1282,3,1285,22
2020-11-21,Merced,047,269075,11521,10849,100,10949,169
2020-11-21,Modoc,049,8938,100,87,18,105,0
2020-11-21,Mono,051,14174,499,469,9,478,2
2020-11-21,Monterey,053,433212,14934,13886,250,14136,110
2020-11-21,Napa,055,140530,3103,2757,17,2774,17
2020-11-21,Nevada,057,99092,1239,1018,32,1050,9
2020-11-21,Orange,059,3164182,76374,69021,2252,71273,1543
2020-11-21,Placer,061,380077,6836,5778,124,5902,65
2020-11-21,Plumas,063,18699,195,172,0,172,0
2020-11-21,Riverside,065,2383286,88044,80676,1539,82215,1407
2020-11-21,Sacramento,067,1510023,35944,33133,98,33231,548
2020-11-21,San Benito,069,59416,1790,1691,11,1702,15
2020-11-21,San Bernardino,071,2135413,91782,83206,1327,84533,1222
2020-11-21,San Diego,073,3302833,77968,70711,2755,73466,966
2020-11-21,San Francisco,075,870044,15179,14445,92,14537,153
2020-11-21,San Joaquin,077,732212,26075,24620,460,25080,517
2020-11-21,San Luis Obispo,079,281455,6150,5618,100,5718,34
2020-11-21,San Mateo,081,765935,14117,13138,13,13151,170
2020-11-21,Santa Barbara,083,443738,12162,10922,191,11113,137
2020-11-21,Santa Clara,085,1922200,33980,30377,73,30450,433
2020-11-21,Santa Cruz,087,273765,4385,3898,47,3945,25
2020-11-21,Shasta,089,179085,5078,4095,139,4234,42
2020-11-21,Sierra,091,2930,17,13,0,13,0
2020-11-21,Siskiyou,093,43540,572,403,30,433,0
2020-11-21,Solano,095,438530,10129,9290,59,9349,86
2020-11-21,Sonoma,097,501317,12054,11394,47,11441,158
2020-11-21,Stanislaus,099,539301,21373,20111,1291,21402,435
2020-11-21,Sutter,101,95872,3159,2615,10,2625,13
2020-11-21,Tehama,103,63373,1616,1435,18,1453,9
2020-11-21,Trinity,105,12862,252,110,24,134,0
2020-11-21,Tulare,107,460477,21112,19752,1211,20963,313
2020-11-21,Tuolumne,109,53932,977,690,3,693,7
2020-11-21,Ventura,111,848112,19523,18040,605,18645,177
2020-11-21,Yolo,113,214977,4732,4147,15,4162,75
2020-11-21,Yuba,115,75493,1884,1643,9,1652,10
2020-11-20,Alameda,001,1643700,29066,27221,303,27524,444
2020-11-20,Alpine,003,1148,46,20,0,20,0
2020-11-20,Amador,005,37829,484,446,1,447,16
2020-11-20,Butte,007,227075,3961,3618,179,3797,60
2020-11-20,Calaveras,009,45235,448,424,0,424,21
2020-11-20,Colusa,011,21464,705,631,2,633,6
2020-11-20,Contra Costa,013,1133247,23585,22116,139,22255,260
2020-11-20,Del Norte,015,27424,302,264,0,264,2
2020-11-20,El Dorado,017,186661,2342,1868,19,1887,4
2020-11-20,Fresno,019,978130,40764,35635,1194,36829,480
2020-11-20,Glenn,021,27897,921,826,30,856,4
2020-11-20,Humboldt,023,135768,854,714,1,715,9
2020-11-20,Imperial,025,180216,15878,14864,42,14906,353
2020-11-20,Inyo,027,18085,291,262,5,267,15
2020-11-20,Kern,029,883053,39723,37143,999,38142,462
2020-11-20,Kings,031,150075,10843,9903,133,10036,85
2020-11-20,Lake,033,64148,920,820,0,820,18
2020-11-20,Lassen,035,31185,1775,1212,5,1217,0
2020-11-20,Los Angeles,037,10098052,376326,353554,5211,358765,7398
2020-11-20,Madera,039,155013,6170,5635,128,5763,54
2020-11-20,Marin,041,260295,7647,7467,25,7492,134
2020-11-20,Mariposa,043,17540,116,89,1,90,2
2020-11-20,Mendocino,045,87422,1408,1269,3,1272,22
2020-11-20,Merced,047,269075,11435,10729,100,10829,167
2020-11-20,Modoc,049,8938,100,83,18,101,0
2020-11-20,Mono,051,14174,497,469,9,478,2
2020-11-20,Monterey,053,433212,14809,13738,241,13979,110
2020-11-20,Napa,055,140530,3073,2718,17,2735,17
2020-11-20,Nevada,057,99092,1221,990,31,1021,9
2020-11-20,Orange,059,3164182,75537,68212,2214,70426,1532
2020-11-20,Placer,061,380077,6701,5687,109,5796,66
2020-11-20,Plumas,063,18699,193,163,0,163,0
2020-11-20,Riverside,065,2383286,87034,79613,1477,81090,1405
2020-11-20,Sacramento,067,1510023,35568,32832,89,32921,549
2020-11-20,San Benito,069,59416,1778,1668,11,1679,15
2020-11-20,San Bernardino,071,2135413,90416,81203,1246,82449,1220
2020-11-20,San Diego,073,3302833,76970,69233,2673,71906,960
2020-11-20,San Francisco,075,870044,15075,14327,91,14418,153
2020-11-20,San Joaquin,077,732212,25922,24460,447,24907,515
2020-11-20,San Luis Obispo,079,281455,6095,5524,97,5621,34
2020-11-20,San Mateo,081,765935,13984,12980,12,12992,169
2020-11-20,Santa Barbara,083,443738,12105,10825,185,11010,136
2020-11-20,Santa Clara,085,1922200,33558,30002,68,30070,431
2020-11-20,Santa Cruz,087,273765,4318,3815,47,3862,25
2020-11-20,Shasta,089,179085,5004,3861,134,3995,42
2020-11-20,Sierra,091,2930,17,12,0,12,0
2020-11-20,Siskiyou,093,43540,559,387,29,416,0
2020-11-20,Solano,095,438530,10037,9216,57,9273,85
2020-11-20,Sonoma,097,501317,11970,11316,46,11362,158
2020-11-20,Stanislaus,099,539301,21218,19889,1265,21154,433
2020-11-20,Sutter,101,95872,3109,2580,10,2590,13
2020-11-20,Tehama,103,63373,1601,1410,15,1425,9
2020-11-20,Trinity,105,12862,251,102,24,126,0
2020-11-20,Tulare,107,460477,20979,19568,1172,20740,311
2020-11-20,Tuolumne,109,53932,938,662,3,665,7
2020-11-20,Ventura,111,848112,19355,17741,577,18318,175
2020-11-20,Yolo,113,214977,4654,4081,14,4095,74
2020-11-20,Yuba,115,75493,1856,1611,9,1620,10
2020-11-19,Alameda,001,1643700,28720,26971,295,27266,441
2020-11-19,Alpine,003,1148,43,20,0,20,0
2020-11-19,Amador,005,37829,480,436,1,437,16
2020-11-19,Butte,007,227075,3912,3576,172,3748,60
2020-11-19,Calaveras,009,45235,438,417,0,417,21
2020-11-19,Colusa,011,21464,687,621,2,623,6
2020-11-19,Contra Costa,013,1133247,23312,21886,136,22022,259
2020-11-19,Del Norte,015,27424,294,251,0,251,2
2020-11-19,El Dorado,017,186661,2268,1825,18,1843,4
2020-11-19,Fresno,019,978130,40315,35278,1137,36415,478
2020-11-19,Glenn,021,27897,899,806,29,835,4
2020-11-19,Humboldt,023,135768,834,693,1,694,9
2020-11-19,Imperial,025,180216,15669,14507,42,14549,349
2020-11-19,Inyo,027,18085,289,262,5,267,15
2020-11-19,Kern,029,883053,39302,36779,957,37736,459
2020-11-19,Kings,031,150075,10695,9763,125,9888,85
2020-11-19,Lake,033,64148,906,809,0,809,18
2020-11-19,Lassen,035,31185,1658,1201,3,1204,0
2020-11-19,Los Angeles,037,10098052,371306,349493,5041,354534,7365
2020-11-19,Madera,039,155013,6098,5540,120,5660,54
2020-11-19,Marin,041,260295,7616,7451,25,7476,134
2020-11-19,Mariposa,043,17540,109,88,0,88,2
2020-11-19,Mendocino,045,87422,1387,1237,3,1240,23
2020-11-19,Merced,047,269075,11294,10634,94,10728,167
2020-11-19,Modoc,049,8938,97,82,18,100,0
2020-11-19,Mono,051,14174,489,468,9,477,2
2020-11-19,Monterey,053,433212,14594,13369,229,13598,108
2020-11-19,Napa,055,140530,3019,2641,17,2658,17
2020-11-19,Nevada,057,99092,1180,945,30,975,9
2020-11-19,Orange,059,3164182,74271,66998,2169,69167,1530
2020-11-19,Placer,061,380077,6511,5612,108,5720,65
2020-11-19,Plumas,063,18699,188,158,0,158,0
2020-11-19,Riverside,065,2383286,85552,78535,1407,79942,1402
2020-11-19,Sacramento,067,1510023,35055,32367,87,32454,546
2020-11-19,San Benito,069,59416,1755,1643,11,1654,15
2020-11-19,San Bernardino,071,2135413,88521,79244,1166,80410,1215
2020-11-19,San Diego,073,3302833,75720,68142,2569,70711,952
2020-11-19,San Francisco,075,870044,14918,14178,85,14263,153
2020-11-19,San Joaquin,077,732212,25602,24270,436,24706,516
2020-11-19,San Luis Obispo,079,281455,6018,5410,93,5503,34
2020-11-19,San Mateo,081,765935,13846,12714,12,12726,169
2020-11-19,Santa Barbara,083,443738,12024,10741,182,10923,136
2020-11-19,Santa Clara,085,1922200,33000,29630,67,29697,424
2020-11-19,Santa Cruz,087,273765,4227,3679,45,3724,25
2020-11-19,Shasta,089,179085,4866,3685,124,3809,42
2020-11-19,Sierra,091,2930,17,11,0,11,0
2020-11-19,Siskiyou,093,43540,534,360,28,388,0
2020-11-19,Solano,095,438530,9900,9093,53,9146,84
2020-11-19,Sonoma,097,501317,11800,11205,44,11249,156
2020-11-19,Stanislaus,099,539301,20977,19736,1223,20959,433
2020-11-19,Sutter,101,95872,3010,2509,10,2519,13
2020-11-19,Tehama,103,63373,1568,1373,12,1385,9
2020-11-19,Trinity,105,12862,245,97,24,121,0
2020-11-19,Tulare,107,460477,20757,19384,1107,20491,304
2020-11-19,Tuolumne,109,53932,905,602,3,605,7
2020-11-19,Ventura,111,848112,19002,17300,564,17864,174
2020-11-19,Yolo,113,214977,4559,3973,14,3987,72
2020-11-19,Yuba,115,75493,1816,1568,9,1577,10
2020-11-18,Alameda,001,1643700,28458,26610,290,26900,440
2020-11-18,Alpine,003,1148,42,16,0,16,0
2020-11-18,Amador,005,37829,475,430,1,431,16
2020-11-18,Butte,007,227075,3859,3537,159,3696,59
2020-11-18,Calaveras,009,45235,433,409,0,409,21
2020-11-18,Colusa,011,21464,674,611,2,613,6
2020-11-18,Contra Costa,013,1133247,23045,21685,132,21817,258
2020-11-18,Del Norte,015,27424,281,240,0,240,2
2020-11-18,El Dorado,017,186661,2180,1799,17,1816,4
2020-11-18,Fresno,019,978130,39873,34997,1086,36083,474
2020-11-18,Glenn,021,27897,883,803,27,830,4
2020-11-18,Humboldt,023,135768,820,690,1,691,9
2020-11-18,Imperial,025,180216,15447,14428,42,14470,348
2020-11-18,Inyo,027,18085,287,262,5,267,15
2020-11-18,Kern,029,883053,38913,36537,907,37444,456
2020-11-18,Kings,031,150075,10547,9696,122,9818,85
2020-11-18,Lake,033,64148,893,802,0,802,18
2020-11-18,Lassen,035,31185,1558,1124,3,1127,0
2020-11-18,Los Angeles,037,10098052,366441,344675,4855,349530,7338
2020-11-18,Madera,039,155013,6011,5519,108,5627,54
2020-11-18,Marin,041,260295,7592,7435,25,7460,134
2020-11-18,Mariposa,043,17540,106,88,0,88,2
2020-11-18,Mendocino,045,87422,1367,1237,3,1240,23
2020-11-18,Merced,047,269075,11178,10536,93,10629,166
2020-11-18,Modoc,049,8938,94,77,18,95,0
2020-11-18,Mono,051,14174,484,468,9,477,2
2020-11-18,Monterey,053,433212,14400,13340,215,13555,108
2020-11-18,Napa,055,140530,2972,2607,17,2624,17
2020-11-18,Nevada,057,99092,1140,933,28,961,9
2020-11-18,Orange,059,3164182,73174,66381,2144,68525,1521
2020-11-18,Placer,061,380077,6333,5543,103,5646,64
2020-11-18,Plumas,063,18699,183,143,0,143,0
2020-11-18,Riverside,065,2383286,84085,77739,1306,79045,1387
2020-11-18,Sacramento,067,1510023,34430,31816,79,31895,541
2020-11-18,San Benito,069,59416,1730,1632,10,1642,15
2020-11-18,San Bernardino,071,2135413,86761,77400,1086,78486,1206
2020-11-18,San Diego,073,3302833,74426,67243,2509,69752,945
2020-11-18,San Francisco,075,870044,14774,14057,83,14140,153
2020-11-18,San Joaquin,077,732212,25336,24146,421,24567,517
2020-11-18,San Luis Obispo,079,281455,5943,5322,92,5414,34
2020-11-18,San Mateo,081,765935,13693,12631,11,12642,169
2020-11-18,Santa Barbara,083,443738,11945,10684,175,10859,136
2020-11-18,Santa Clara,085,1922200,32535,29285,62,29347,421
2020-11-18,Santa Cruz,087,273765,4135,3618,43,3661,25
2020-11-18,Shasta,089,179085,4730,3547,120,3667,42
2020-11-18,Sierra,091,2930,17,11,0,11,0
2020-11-18,Siskiyou,093,43540,502,351,27,378,0
2020-11-18,Solano,095,438530,9768,8994,51,9045,84
2020-11-18,Sonoma,097,501317,11693,11129,41,11170,155
2020-11-18,Stanislaus,099,539301,20734,19609,1198,20807,431
2020-11-18,Sutter,101,95872,2892,2442,10,2452,13
2020-11-18,Tehama,103,63373,1529,1338,12,1350,8
2020-11-18,Trinity,105,12862,231,95,23,118,0
2020-11-18,Tulare,107,460477,20547,19286,1056,20342,306
2020-11-18,Tuolumne,109,53932,870,590,3,593,7
2020-11-18,Ventura,111,848112,18677,17169,549,17718,173
2020-11-18,Yolo,113,214977,4485,3929,14,3943,71
2020-11-18,Yuba,115,75493,1762,1540,9,1549,10
2020-11-17,Alameda,001,1643700,28134,26425,280,26705,439
2020-11-17,Alpine,003,1148,40,12,0,12,0
2020-11-17,Amador,005,37829,464,423,1,424,16
2020-11-17,Butte,007,227075,3816,3500,149,3649,59
2020-11-17,Calaveras,009,45235,418,405,0,405,21
2020-11-17,Colusa,011,21464,663,606,1,607,6
2020-11-17,Contra Costa,013,1133247,22772,21557,127,21684,256
2020-11-17,Del Norte,015,27424,275,233,0,233,2
2020-11-17,El Dorado,017,186661,2121,1758,17,1775,4
2020-11-17,Fresno,019,978130,39274,34765,1027,35792,472
2020-11-17,Glenn,021,27897,872,795,26,821,4
2020-11-17,Humboldt,023,135768,798,685,1,686,9
2020-11-17,Imperial,025,180216,15211,14204,40,14244,346
2020-11-17,Inyo,027,18085,286,263,5,268,15
2020-11-17,Kern,029,883053,38463,36164,854,37018,455
2020-11-17,Kings,031,150075,10474,9653,115,9768,85
2020-11-17,Lake,033,64148,873,792,0,792,18
2020-11-17,Lassen,035,31185,1479,1124,3,1127,0
2020-11-17,Los Angeles,037,10098052,361491,340933,4693,345626,7302
2020-11-17,Madera,039,155013,5922,5485,101,5586,54
2020-11-17,Marin,041,260295,7560,7404,24,7428,134
2020-11-17,Mariposa,043,17540,103,87,0,87,2
2020-11-17,Mendocino,045,87422,1346,1216,3,1219,23
2020-11-17,Merced,047,269075,11034,10457,86,10543,162
2020-11-17,Modoc,049,8938,88,71,17,88,0
2020-11-17,Mono,051,14174,479,459,9,468,2
2020-11-17,Monterey,053,433212,14172,13220,205,13425,108
2020-11-17,Napa,055,140530,2918,2568,17,2585,17
2020-11-17,Nevada,057,99092,1099,918,27,945,9
2020-11-17,Orange,059,3164182,72023,65757,2116,67873,1519
2020-11-17,Placer,061,380077,6171,5435,97,5532,63
2020-11-17,Plumas,063,18699,175,142,0,142,0
2020-11-17,Riverside,065,2383286,82699,77079,1216,78295,1379
2020-11-17,Sacramento,067,1510023,33830,31341,75,31416,538
2020-11-17,San Benito,069,59416,1714,1611,4,1615,15
2020-11-17,San Bernardino,071,2135413,84946,76134,997,77131,1188
2020-11-17,San Diego,073,3302833,73173,66321,2453,68774,933
2020-11-17,San Francisco,075,870044,14608,13952,82,14034,153
2020-11-17,San Joaquin,077,732212,25064,23997,401,24398,516
2020-11-17,San Luis Obispo,079,281455,5847,5235,92,5327,34
2020-11-17,San Mateo,081,765935,13531,12491,10,12501,169
2020-11-17,Santa Barbara,083,443738,11856,10597,170,10767,136
2020-11-17,Santa Clara,085,1922200,31988,29013,61,29074,419
2020-11-17,Santa Cruz,087,273765,4051,3548,40,3588,25
2020-11-17,Shasta,089,179085,4568,3457,108,3565,40
2020-11-17,Sierra,091,2930,15,11,0,11,0
2020-11-17,Siskiyou,093,43540,454,333,26,359,0
2020-11-17,Solano,095,438530,9623,8905,50,8955,84
2020-11-17,Sonoma,097,501317,11559,11084,39,11123,155
2020-11-17,Stanislaus,099,539301,20511,19466,1170,20636,425
2020-11-17,Sutter,101,95872,2809,2370,9,2379,12
2020-11-17,Tehama,103,63373,1479,1290,12,1302,7
2020-11-17,Trinity,105,12862,214,83,23,106,0
2020-11-17,Tulare,107,460477,20317,19176,994,20170,305
2020-11-17,Tuolumne,109,53932,832,568,3,571,7
2020-11-17,Ventura,111,848112,18405,16797,531,17328,173
2020-11-17,Yolo,113,214977,4309,3887,13,3900,70
2020-11-17,Yuba,115,75493,1714,1519,9,1528,10
2020-11-16,Alameda,001,1643700,27787,26063,275,26338,436
2020-11-16,Alpine,003,1148,37,12,0,12,0
2020-11-16,Amador,005,37829,456,414,1,415,16
2020-11-16,Butte,007,227075,3777,3490,141,3631,58
2020-11-16,Calaveras,009,45235,410,402,0,402,21
2020-11-16,Colusa,011,21464,654,601,1,602,6
2020-11-16,Contra Costa,013,1133247,22506,21386,122,21508,256
2020-11-16,Del Norte,015,27424,268,225,0,225,2
2020-11-16,El Dorado,017,186661,2061,1694,15,1709,4
2020-11-16,Fresno,019,978130,38784,34593,973,35566,471
2020-11-16,Glenn,021,27897,860,786,25,811,4
2020-11-16,Humboldt,023,135768,781,660,1,661,9
2020-11-16,Imperial,025,180216,14963,14111,40,14151,346
2020-11-16,Inyo,027,18085,283,263,5,268,15
2020-11-16,Kern,029,883053,38069,36049,811,36860,455
2020-11-16,Kings,031,150075,10207,9569,111,9680,85
2020-11-16,Lake,033,64148,861,784,0,784,18
2020-11-16,Lassen,035,31185,1298,1124,3,1127,0
2020-11-16,Los Angeles,037,10098052,356748,338778,4518,343296,7277
2020-11-16,Madera,039,155013,5835,5433,95,5528,54
2020-11-16,Marin,041,260295,7531,7359,24,7383,134
2020-11-16,Mariposa,043,17540,100,86,0,86,2
2020-11-16,Mendocino,045,87422,1321,1209,3,1212,23
2020-11-16,Merced,047,269075,10896,10399,83,10482,162
2020-11-16,Modoc,049,8938,86,71,17,88,0
2020-11-16,Mono,051,14174,477,453,9,462,2
2020-11-16,Monterey,053,433212,13926,13089,195,13284,107
2020-11-16,Napa,055,140530,2842,2536,17,2553,17
2020-11-16,Nevada,057,99092,1056,889,25,914,9
2020-11-16,Orange,059,3164182,70926,65396,2102,67498,1519
2020-11-16,Placer,061,380077,6051,5387,88,5475,63
2020-11-16,Plumas,063,18699,168,127,0,127,0
2020-11-16,Riverside,065,2383286,81328,76449,1151,77600,1379
2020-11-16,Sacramento,067,1510023,33192,30954,69,31023,534
2020-11-16,San Benito,069,59416,1696,1603,3,1606,15
2020-11-16,San Bernardino,071,2135413,83119,74401,928,75329,1186
2020-11-16,San Diego,073,3302833,71863,65603,2381,67984,926
2020-11-16,San Francisco,075,870044,14449,13847,79,13926,153
2020-11-16,San Joaquin,077,732212,24776,23515,392,23907,513
2020-11-16,San Luis Obispo,079,281455,5743,5161,87,5248,34
2020-11-16,San Mateo,081,765935,13371,12398,10,12408,169
2020-11-16,Santa Barbara,083,443738,11791,10565,166,10731,135
2020-11-16,Santa Clara,085,1922200,31423,28673,60,28733,419
2020-11-16,Santa Cruz,087,273765,3978,3520,40,3560,25
2020-11-16,Shasta,089,179085,4418,3284,103,3387,37
2020-11-16,Sierra,091,2930,15,11,0,11,0
2020-11-16,Siskiyou,093,43540,427,294,26,320,0
2020-11-16,Solano,095,438530,9424,8827,50,8877,84
2020-11-16,Sonoma,097,501317,11468,10961,38,10999,155
2020-11-16,Stanislaus,099,539301,20274,19333,1143,20476,425
2020-11-16,Sutter,101,95872,2703,2322,9,2331,12
2020-11-16,Tehama,103,63373,1434,1261,8,1269,7
2020-11-16,Trinity,105,12862,202,67,23,90,0
2020-11-16,Tulare,107,460477,20138,18891,940,19831,305
2020-11-16,Tuolumne,109,53932,796,543,3,546,7
2020-11-16,Ventura,111,848112,18067,16691,523,17214,172
2020-11-16,Yolo,113,214977,4213,3858,13,3871,70
2020-11-16,Yuba,115,75493,1678,1500,8,1508,10
2020-11-15,Alameda,001,1643700,27468,25879,269,26148,436
2020-11-15,Alpine,003,1148,35,12,0,12,0
2020-11-15,Amador,005,37829,444,409,1,410,16
2020-11-15,Butte,007,227075,3723,3452,132,3584,58
2020-11-15,Calaveras,009,45235,397,386,0,386,21
2020-11-15,Colusa,011,21464,645,601,1,602,6
2020-11-15,Contra Costa,013,1133247,22207,21179,121,21300,256
2020-11-15,Del Norte,015,27424,253,224,0,224,2
2020-11-15,El Dorado,017,186661,1999,1683,14,1697,4
2020-11-15,Fresno,019,978130,38271,34297,935,35232,471
2020-11-15,Glenn,021,27897,848,783,24,807,4
2020-11-15,Humboldt,023,135768,753,653,1,654,9
2020-11-15,Imperial,025,180216,14726,13940,40,13980,346
2020-11-15,Inyo,027,18085,273,263,5,268,15
2020-11-15,Kern,029,883053,37664,35911,776,36687,455
2020-11-15,Kings,031,150075,10014,9533,107,9640,85
2020-11-15,Lake,033,64148,852,777,0,777,17
2020-11-15,Lassen,035,31185,1251,1124,3,1127,0
2020-11-15,Los Angeles,037,10098052,351709,336035,4345,340380,7271
2020-11-15,Madera,039,155013,5738,5391,89,5480,54
2020-11-15,Marin,041,260295,7505,7347,24,7371,133
2020-11-15,Mariposa,043,17540,97,86,0,86,2
2020-11-15,Mendocino,045,87422,1302,1197,3,1200,22
2020-11-15,Merced,047,269075,10763,10350,83,10433,162
2020-11-15,Modoc,049,8938,85,68,17,85,0
2020-11-15,Mono,051,14174,475,453,9,462,2
2020-11-15,Monterey,053,433212,13729,12999,182,13181,107
2020-11-15,Napa,055,140530,2783,2509,15,2524,17
2020-11-15,Nevada,057,99092,1001,859,25,884,9
2020-11-15,Orange,059,3164182,69884,65008,2086,67094,1519
2020-11-15,Placer,061,380077,5896,5330,80,5410,63
2020-11-15,Plumas,063,18699,162,127,0,127,0
2020-11-15,Riverside,065,2383286,80005,75531,1092,76623,1374
2020-11-15,Sacramento,067,1510023,32566,30601,65,30666,534
2020-11-15,San Benito,069,59416,1671,1589,2,1591,15
2020-11-15,San Bernardino,071,2135413,80967,73769,853,74622,1185
2020-11-15,San Diego,073,3302833,70362,64770,2324,67094,926
2020-11-15,San Francisco,075,870044,14272,13757,78,13835,153
2020-11-15,San Joaquin,077,732212,24568,23516,376,23892,513
2020-11-15,San Luis Obispo,079,281455,5618,5120,85,5205,34
2020-11-15,San Mateo,081,765935,13194,12348,10,12358,169
2020-11-15,Santa Barbara,083,443738,11696,10516,164,10680,135
2020-11-15,Santa Clara,085,1922200,30969,28289,59,28348,418
2020-11-15,Santa Cruz,087,273765,3840,3439,39,3478,25
2020-11-15,Shasta,089,179085,4243,3290,94,3384,37
2020-11-15,Sierra,091,2930,15,11,0,11,0
2020-11-15,Siskiyou,093,43540,408,294,26,320,0
2020-11-15,Solano,095,438530,9263,8713,47,8760,84
2020-11-15,Sonoma,097,501317,11348,10833,37,10870,154
2020-11-15,Stanislaus,099,539301,20002,19228,1117,20345,425
2020-11-15,Sutter,101,95872,2613,2230,9,2239,12
2020-11-15,Tehama,103,63373,1383,1222,7,1229,7
2020-11-15,Trinity,105,12862,192,67,21,88,0
2020-11-15,Tulare,107,460477,19921,18891,887,19778,305
2020-11-15,Tuolumne,109,53932,754,486,3,489,7
2020-11-15,Ventura,111,848112,17793,16564,515,17079,172
2020-11-15,Yolo,113,214977,4110,3819,12,3831,67
2020-11-15,Yuba,115,75493,1637,1470,7,1477,10
2020-11-14,Alameda,001,1643700,27201,25714,267,25981,435
2020-11-14,Alpine,003,1148,35,12,0,12,0
2020-11-14,Amador,005,37829,435,404,0,404,16
2020-11-14,Butte,007,227075,3687,3434,118,3552,58
2020-11-14,Calaveras,009,45235,396,386,0,386,21
2020-11-14,Colusa,011,21464,633,601,1,602,6
2020-11-14,Contra Costa,013,1133247,22068,20975,114,21089,256
2020-11-14,Del Norte,015,27424,247,219,0,219,2
2020-11-14,El Dorado,017,186661,1955,1648,14,1662,4
2020-11-14,Fresno,019,978130,38020,33969,898,34867,471
2020-11-14,Glenn,021,27897,839,772,21,793,3
2020-11-14,Humboldt,023,135768,738,643,1,644,9
2020-11-14,Imperial,025,180216,14633,13932,39,13971,346
2020-11-14,Inyo,027,18085,272,263,5,268,15
2020-11-14,Kern,029,883053,37454,35626,757,36383,454
2020-11-14,Kings,031,150075,9979,9490,104,9594,85
2020-11-14,Lake,033,64148,843,773,0,773,17
2020-11-14,Lassen,035,31185,1237,833,3,836,0
2020-11-14,Los Angeles,037,10098052,349002,333021,4237,337258,7269
2020-11-14,Madera,039,155013,5708,5371,87,5458,54
2020-11-14,Marin,041,260295,7489,7325,24,7349,133
2020-11-14,Mariposa,043,17540,96,86,0,86,2
2020-11-14,Mendocino,045,87422,1286,1181,3,1184,22
2020-11-14,Merced,047,269075,10707,10286,81,10367,161
2020-11-14,Modoc,049,8938,84,64,16,80,0
2020-11-14,Mono,051,14174,475,453,9,462,2
2020-11-14,Monterey,053,433212,13633,12854,172,13026,105
2020-11-14,Napa,055,140530,2749,2473,15,2488,17
2020-11-14,Nevada,057,99092,985,835,25,860,9
2020-11-14,Orange,059,3164182,69262,64340,2075,66415,1517
2020-11-14,Placer,061,380077,5820,5215,74,5289,63
2020-11-14,Plumas,063,18699,157,128,0,128,0
2020-11-14,Riverside,065,2383286,79264,74910,1052,75962,1373
2020-11-14,Sacramento,067,1510023,32240,30298,65,30363,532
2020-11-14,San Benito,069,59416,1656,1573,2,1575,15
2020-11-14,San Bernardino,071,2135413,80033,72868,821,73689,1184
2020-11-14,San Diego,073,3302833,69597,63715,2272,65987,926
2020-11-14,San Francisco,075,870044,14185,13661,77,13738,153
2020-11-14,San Joaquin,077,732212,24477,23516,368,23884,511
2020-11-14,San Luis Obispo,079,281455,5554,5073,80,5153,34
2020-11-14,San Mateo,081,765935,13086,12293,10,12303,169
2020-11-14,Santa Barbara,083,443738,11642,10482,162,10644,135
2020-11-14,Santa Clara,085,1922200,30685,27962,57,28019,416
2020-11-14,Santa Cruz,087,273765,3785,3402,39,3441,25
2020-11-14,Shasta,089,179085,4159,3195,92,3287,37
2020-11-14,Sierra,091,2930,15,11,0,11,0
2020-11-14,Siskiyou,093,43540,395,292,26,318,0
2020-11-14,Solano,095,438530,9183,8655,46,8701,84
2020-11-14,Sonoma,097,501317,11295,10769,37,10806,154
2020-11-14,Stanislaus,099,539301,19860,19068,1095,20163,424
2020-11-14,Sutter,101,95872,2568,2182,9,2191,12
2020-11-14,Tehama,103,63373,1362,1206,6,1212,7
2020-11-14,Trinity,105,12862,187,67,21,88,0
2020-11-14,Tulare,107,460477,19826,18853,859,19712,305
2020-11-14,Tuolumne,109,53932,726,448,3,451,7
2020-11-14,Ventura,111,848112,17647,16297,504,16801,172
2020-11-14,Yolo,113,214977,4067,3765,10,3775,65
2020-11-14,Yuba,115,75493,1608,1453,7,1460,10
2020-11-13,Alameda,001,1643700,26985,25515,262,25777,434
2020-11-13,Alpine,003,1148,35,12,0,12,0
2020-11-13,Amador,005,37829,432,397,0,397,16
2020-11-13,Butte,007,227075,3663,3402,109,3511,58
2020-11-13,Calaveras,009,45235,392,378,0,378,21
2020-11-13,Colusa,011,21464,625,598,1,599,6
2020-11-13,Contra Costa,013,1133247,21895,20799,114,20913,256
2020-11-13,Del Norte,015,27424,244,208,0,208,2
2020-11-13,El Dorado,017,186661,1910,1611,13,1624,4
2020-11-13,Fresno,019,978130,37773,33693,884,34577,470
2020-11-13,Glenn,021,27897,825,755,17,772,3
2020-11-13,Humboldt,023,135768,723,638,1,639,9
2020-11-13,Imperial,025,180216,14563,13790,38,13828,341
2020-11-13,Inyo,027,18085,271,262,5,267,15
2020-11-13,Kern,029,883053,37252,35431,740,36171,453
2020-11-13,Kings,031,150075,9920,9428,103,9531,85
2020-11-13,Lake,033,64148,837,770,0,770,17
2020-11-13,Lassen,035,31185,1228,832,3,835,0
2020-11-13,Los Angeles,037,10098052,345875,329364,4130,333494,7248
2020-11-13,Madera,039,155013,5668,5340,86,5426,54
2020-11-13,Marin,041,260295,7476,7307,23,7330,133
2020-11-13,Mariposa,043,17540,94,86,0,86,2
2020-11-13,Mendocino,045,87422,1274,1173,3,1176,22
2020-11-13,Merced,047,269075,10651,10185,78,10263,159
2020-11-13,Modoc,049,8938,84,63,14,77,0
2020-11-13,Mono,051,14174,475,448,8,456,2
2020-11-13,Monterey,053,433212,13438,12681,160,12841,104
2020-11-13,Napa,055,140530,2710,2440,15,2455,17
2020-11-13,Nevada,057,99092,966,798,25,823,9
2020-11-13,Orange,059,3164182,68662,63804,2055,65859,1514
2020-11-13,Placer,061,380077,5715,5122,68,5190,63
2020-11-13,Plumas,063,18699,151,125,0,125,0
2020-11-13,Riverside,065,2383286,78526,74138,1023,75161,1372
2020-11-13,Sacramento,067,1510023,31922,29787,60,29847,524
2020-11-13,San Benito,069,59416,1644,1553,1,1554,15
2020-11-13,San Bernardino,071,2135413,78986,71895,800,72695,1184
2020-11-13,San Diego,073,3302833,68750,62978,2234,65212,921
2020-11-13,San Francisco,075,870044,14092,13516,75,13591,146
2020-11-13,San Joaquin,077,732212,24382,23314,362,23676,510
2020-11-13,San Luis Obispo,079,281455,5488,4960,77,5037,34
2020-11-13,San Mateo,081,765935,12992,12182,10,12192,169
2020-11-13,Santa Barbara,083,443738,11590,10405,160,10565,134
2020-11-13,Santa Clara,085,1922200,30358,27609,55,27664,415
2020-11-13,Santa Cruz,087,273765,3712,3343,39,3382,25
2020-11-13,Shasta,089,179085,4074,2983,88,3071,37
2020-11-13,Sierra,091,2930,15,11,0,11,0
2020-11-13,Siskiyou,093,43540,390,280,25,305,0
2020-11-13,Solano,095,438530,9092,8525,46,8571,84
2020-11-13,Sonoma,097,501317,11234,10685,35,10720,151
2020-11-13,Stanislaus,099,539301,19735,18936,1067,20003,422
2020-11-13,Sutter,101,95872,2522,2121,8,2129,12
2020-11-13,Tehama,103,63373,1334,1167,6,1173,7
2020-11-13,Trinity,105,12862,185,64,21,85,0
2020-11-13,Tulare,107,460477,19702,18714,818,19532,305
2020-11-13,Tuolumne,109,53932,693,427,3,430,7
2020-11-13,Ventura,111,848112,17501,16172,490,16662,171
2020-11-13,Yolo,113,214977,4016,3716,10,3726,65
2020-11-13,Yuba,115,75493,1581,1435,7,1442,10
2020-11-12,Alameda,001,1643700,26718,25345,262,25607,432
2020-11-12,Alpine,003,1148,34,12,0,12,0
2020-11-12,Amador,005,37829,431,392,0,392,16
2020-11-12,Butte,007,227075,3614,3347,106,3453,58
2020-11-12,Calaveras,009,45235,387,373,0,373,21
2020-11-12,Colusa,011,21464,620,591,1,592,6
2020-11-12,Contra Costa,013,1133247,21688,20619,112,20731,255
2020-11-12,Del Norte,015,27424,237,203,0,203,2
2020-11-12,El Dorado,017,186661,1864,1573,9,1582,4
2020-11-12,Fresno,019,978130,37425,33459,842,34301,468
2020-11-12,Glenn,021,27897,806,727,17,744,3
2020-11-12,Humboldt,023,135768,710,625,1,626,9
2020-11-12,Imperial,025,180216,14398,13619,38,13657,341
2020-11-12,Inyo,027,18085,270,255,5,260,15
2020-11-12,Kern,029,883053,36987,35207,725,35932,451
2020-11-12,Kings,031,150075,9853,9335,102,9437,85
2020-11-12,Lake,033,64148,828,764,0,764,17
2020-11-12,Lassen,035,31185,1159,832,2,834,0
2020-11-12,Los Angeles,037,10098052,342135,327001,4028,331029,7223
2020-11-12,Madera,039,155013,5633,5273,81,5354,54
2020-11-12,Marin,041,260295,7447,7268,23,7291,133
2020-11-12,Mariposa,043,17540,92,84,0,84,2
2020-11-12,Mendocino,045,87422,1255,1142,3,1145,22
2020-11-12,Merced,047,269075,10537,10107,75,10182,158
2020-11-12,Modoc,049,8938,84,63,14,77,0
2020-11-12,Mono,051,14174,474,442,8,450,2
2020-11-12,Monterey,053,433212,13317,12489,146,12635,100
2020-11-12,Napa,055,140530,2648,2398,15,2413,16
2020-11-12,Nevada,057,99092,943,780,24,804,9
2020-11-12,Orange,059,3164182,67916,63232,2036,65268,1514
2020-11-12,Placer,061,380077,5605,5044,58,5102,62
2020-11-12,Plumas,063,18699,147,121,0,121,0
2020-11-12,Riverside,065,2383286,77595,73381,980,74361,1362
2020-11-12,Sacramento,067,1510023,31431,29459,53,29512,520
2020-11-12,San Benito,069,59416,1624,1525,1,1526,15
2020-11-12,San Bernardino,071,2135413,77621,70758,761,71519,1183
2020-11-12,San Diego,073,3302833,67770,62336,2183,64519,918
2020-11-12,San Francisco,075,870044,13993,13289,74,13363,146
2020-11-12,San Joaquin,077,732212,24188,23002,341,23343,509
2020-11-12,San Luis Obispo,079,281455,5424,4898,76,4974,33
2020-11-12,San Mateo,081,765935,12868,12086,9,12095,169
2020-11-12,Santa Barbara,083,443738,11527,10325,155,10480,134
2020-11-12,Santa Clara,085,1922200,29982,27261,54,27315,414
2020-11-12,Santa Cruz,087,273765,3629,3317,37,3354,25
2020-11-12,Shasta,089,179085,3936,2825,77,2902,37
2020-11-12,Sierra,091,2930,15,11,0,11,0
2020-11-12,Siskiyou,093,43540,373,275,20,295,0
2020-11-12,Solano,095,438530,8992,8417,45,8462,85
2020-11-12,Sonoma,097,501317,11132,10602,34,10636,151
2020-11-12,Stanislaus,099,539301,19567,18787,1038,19825,422
2020-11-12,Sutter,101,95872,2438,2075,7,2082,12
2020-11-12,Tehama,103,63373,1307,1117,6,1123,7
2020-11-12,Trinity,105,12862,177,62,20,82,0
2020-11-12,Tulare,107,460477,19590,18545,780,19325,305
2020-11-12,Tuolumne,109,53932,654,353,3,356,7
2020-11-12,Ventura,111,848112,17251,16013,484,16497,158
2020-11-12,Yolo,113,214977,3972,3646,10,3656,63
2020-11-12,Yuba,115,75493,1546,1410,7,1417,10
2020-11-11,Alameda,001,1643700,26476,25140,260,25400,429
2020-11-11,Alpine,003,1148,29,12,0,12,0
2020-11-11,Amador,005,37829,424,389,0,389,16
2020-11-11,Butte,007,227075,3588,3348,93,3441,58
2020-11-11,Calaveras,009,45235,377,373,0,373,21
2020-11-11,Colusa,011,21464,614,591,1,592,6
2020-11-11,Contra Costa,013,1133247,21469,20452,110,20562,255
2020-11-11,Del Norte,015,27424,230,203,0,203,2
2020-11-11,El Dorado,017,186661,1818,1564,8,1572,4
2020-11-11,Fresno,019,978130,37105,33287,807,34094,468
2020-11-11,Glenn,021,27897,790,722,16,738,3
2020-11-11,Humboldt,023,135768,696,623,1,624,9
2020-11-11,Imperial,025,180216,14227,13623,36,13659,340
2020-11-11,Inyo,027,18085,268,255,5,260,15
2020-11-11,Kern,029,883053,36713,35014,708,35722,449
2020-11-11,Kings,031,150075,9747,9263,99,9362,85
2020-11-11,Lake,033,64148,818,763,0,763,17
2020-11-11,Lassen,035,31185,1134,831,2,833,0
2020-11-11,Los Angeles,037,10098052,338772,324567,3941,328508,7220
2020-11-11,Madera,039,155013,5598,5248,79,5327,54
2020-11-11,Marin,041,260295,7424,7268,23,7291,133
2020-11-11,Mariposa,043,17540,92,84,0,84,2
2020-11-11,Mendocino,045,87422,1243,1142,3,1145,22
2020-11-11,Merced,047,269075,10466,10074,73,10147,157
2020-11-11,Modoc,049,8938,80,62,13,75,0
2020-11-11,Mono,051,14174,472,443,8,451,2
2020-11-11,Monterey,053,433212,13173,12417,142,12559,100
2020-11-11,Napa,055,140530,2599,2365,12,2377,15
2020-11-11,Nevada,057,99092,901,741,24,765,9
2020-11-11,Orange,059,3164182,67278,62929,2013,64942,1506
2020-11-11,Placer,061,380077,5521,4981,50,5031,60
2020-11-11,Plumas,063,18699,145,111,0,111,0
2020-11-11,Riverside,065,2383286,76691,72953,934,73887,1361
2020-11-11,Sacramento,067,1510023,30974,28968,51,29019,520
2020-11-11,San Benito,069,59416,1610,1512,1,1513,15
2020-11-11,San Bernardino,071,2135413,76334,70374,734,71108,1182
2020-11-11,San Diego,073,3302833,66835,61746,2122,63868,918
2020-11-11,San Francisco,075,870044,13884,13287,73,13360,146
2020-11-11,San Joaquin,077,732212,24029,23001,335,23336,509
2020-11-11,San Luis Obispo,079,281455,5349,4832,73,4905,33
2020-11-11,San Mateo,081,765935,12753,12008,9,12017,169
2020-11-11,Santa Barbara,083,443738,11462,10278,155,10433,134
2020-11-11,Santa Clara,085,1922200,29629,27075,53,27128,413
2020-11-11,Santa Cruz,087,273765,3561,3247,37,3284,25
2020-11-11,Shasta,089,179085,3813,2766,67,2833,36
2020-11-11,Sierra,091,2930,13,11,0,11,0
2020-11-11,Siskiyou,093,43540,342,261,17,278,0
2020-11-11,Solano,095,438530,8874,8353,43,8396,85
2020-11-11,Sonoma,097,501317,11058,10498,34,10532,150
2020-11-11,Stanislaus,099,539301,19429,18671,1007,19678,422
2020-11-11,Sutter,101,95872,2390,2049,6,2055,12
2020-11-11,Tehama,103,63373,1265,1105,5,1110,7
2020-11-11,Trinity,105,12862,166,62,20,82,0
2020-11-11,Tulare,107,460477,19459,18500,749,19249,305
2020-11-11,Tuolumne,109,53932,598,354,3,357,7
2020-11-11,Ventura,111,848112,17036,15801,470,16271,158
2020-11-11,Yolo,113,214977,3921,3606,10,3616,63
2020-11-11,Yuba,115,75493,1531,1400,7,1407,10
2020-11-10,Alameda,001,1643700,26246,25008,257,25265,424
2020-11-10,Alpine,003,1148,29,9,0,9,0
2020-11-10,Amador,005,37829,418,384,0,384,16
2020-11-10,Butte,007,227075,3552,3327,89,3416,58
2020-11-10,Calaveras,009,45235,372,367,0,367,21
2020-11-10,Colusa,011,21464,606,590,1,591,6
2020-11-10,Contra Costa,013,1133247,21262,20326,108,20434,255
2020-11-10,Del Norte,015,27424,224,196,0,196,2
2020-11-10,El Dorado,017,186661,1757,1551,8,1559,4
2020-11-10,Fresno,019,978130,36835,33024,769,33793,465
2020-11-10,Glenn,021,27897,782,719,12,731,3
2020-11-10,Humboldt,023,135768,679,610,1,611,9
2020-11-10,Imperial,025,180216,14097,13570,36,13606,338
2020-11-10,Inyo,027,18085,267,252,5,257,14
2020-11-10,Kern,029,883053,36436,34858,689,35547,448
2020-11-10,Kings,031,150075,9700,9236,92,9328,85
2020-11-10,Lake,033,64148,808,762,0,762,16
2020-11-10,Lassen,035,31185,1119,830,2,832,0
2020-11-10,Los Angeles,037,10098052,335522,322569,3826,326395,7205
2020-11-10,Madera,039,155013,5556,5229,73,5302,54
2020-11-10,Marin,041,260295,7405,7259,23,7282,133
2020-11-10,Mariposa,043,17540,90,84,0,84,2
2020-11-10,Mendocino,045,87422,1235,1137,3,1140,22
2020-11-10,Merced,047,269075,10404,9992,67,10059,157
2020-11-10,Modoc,049,8938,78,61,13,74,0
2020-11-10,Mono,051,14174,470,443,8,451,2
2020-11-10,Monterey,053,433212,13035,12335,134,12469,100
2020-11-10,Napa,055,140530,2561,2341,10,2351,15
2020-11-10,Nevada,057,99092,885,734,24,758,9
2020-11-10,Orange,059,3164182,66727,62597,2003,64600,1504
2020-11-10,Placer,061,380077,5441,4902,49,4951,60
2020-11-10,Plumas,063,18699,141,108,0,108,0
2020-11-10,Riverside,065,2383286,76048,72316,907,73223,1359
2020-11-10,Sacramento,067,1510023,30567,28677,48,28725,519
2020-11-10,San Benito,069,59416,1595,1508,1,1509,15
2020-11-10,San Bernardino,071,2135413,75163,69666,701,70367,1182
2020-11-10,San Diego,073,3302833,65944,61085,2085,63170,915
2020-11-10,San Francisco,075,870044,13767,13210,73,13283,146
2020-11-10,San Joaquin,077,732212,23864,22865,328,23193,508
2020-11-10,San Luis Obispo,079,281455,5285,4780,70,4850,33
2020-11-10,San Mateo,081,765935,12652,11939,9,11948,169
2020-11-10,Santa Barbara,083,443738,11395,10252,151,10403,134
2020-11-10,Santa Clara,085,1922200,29286,26917,52,26969,409
2020-11-10,Santa Cruz,087,273765,3497,3221,37,3258,25
2020-11-10,Shasta,089,179085,3671,2686,59,2745,36
2020-11-10,Sierra,091,2930,12,10,0,10,0
2020-11-10,Siskiyou,093,43540,326,263,16,279,0
2020-11-10,Solano,095,438530,8776,8299,43,8342,85
2020-11-10,Sonoma,097,501317,10971,10414,34,10448,150
2020-11-10,Stanislaus,099,539301,19295,18592,983,19575,420
2020-11-10,Sutter,101,95872,2295,2035,5,2040,12
2020-11-10,Tehama,103,63373,1239,1099,4,1103,7
2020-11-10,Trinity,105,12862,157,62,18,80,0
2020-11-10,Tulare,107,460477,19345,18430,725,19155,305
2020-11-10,Tuolumne,109,53932,550,353,3,356,7
2020-11-10,Ventura,111,848112,16853,15625,468,16093,158
2020-11-10,Yolo,113,214977,3860,3573,10,3583,63
2020-11-10,Yuba,115,75493,1508,1392,7,1399,10
2020-11-09,Alameda,001,1643700,25997,24899,253,25152,424
2020-11-09,Alpine,003,1148,27,6,0,6,0
2020-11-09,Amador,005,37829,409,380,0,380,16
2020-11-09,Butte,007,227075,3507,3301,80,3381,57
2020-11-09,Calaveras,009,45235,368,360,0,360,21
2020-11-09,Colusa,011,21464,600,583,1,584,6
2020-11-09,Contra Costa,013,1133247,21089,20193,106,20299,255
2020-11-09,Del Norte,015,27424,218,195,0,195,2
2020-11-09,El Dorado,017,186661,1716,1515,8,1523,4
2020-11-09,Fresno,019,978130,36524,32755,729,33484,465
2020-11-09,Glenn,021,27897,776,714,9,723,3
2020-11-09,Humboldt,023,135768,666,607,1,608,9
2020-11-09,Imperial,025,180216,13980,13508,34,13542,338
2020-11-09,Inyo,027,18085,267,252,5,257,14
2020-11-09,Kern,029,883053,36205,34764,653,35417,448
2020-11-09,Kings,031,150075,9630,9141,90,9231,84
2020-11-09,Lake,033,64148,799,755,0,755,16
2020-11-09,Lassen,035,31185,1023,799,2,801,0
2020-11-09,Los Angeles,037,10098052,332425,320370,3750,324120,7180
2020-11-09,Madera,039,155013,5510,5209,70,5279,54
2020-11-09,Marin,041,260295,7379,7237,22,7259,131
2020-11-09,Mariposa,043,17540,90,84,0,84,2
2020-11-09,Mendocino,045,87422,1223,1132,3,1135,22
2020-11-09,Merced,047,269075,10301,9922,64,9986,157
2020-11-09,Modoc,049,8938,74,54,12,66,0
2020-11-09,Mono,051,14174,467,352,8,360,2
2020-11-09,Monterey,053,433212,12888,12148,126,12274,98
2020-11-09,Napa,055,140530,2518,2309,10,2319,15
2020-11-09,Nevada,057,99092,848,729,23,752,9
2020-11-09,Orange,059,3164182,66086,62335,1991,64326,1501
2020-11-09,Placer,061,380077,5356,4843,37,4880,60
2020-11-09,Plumas,063,18699,134,102,0,102,0
2020-11-09,Riverside,065,2383286,75264,72059,874,72933,1346
2020-11-09,Sacramento,067,1510023,30095,28200,48,28248,516
2020-11-09,San Benito,069,59416,1586,1506,1,1507,15
2020-11-09,San Bernardino,071,2135413,74109,69015,659,69674,1182
2020-11-09,San Diego,073,3302833,65089,60572,2045,62617,908
2020-11-09,San Francisco,075,870044,13648,12984,70,13054,146
2020-11-09,San Joaquin,077,732212,23699,22512,323,22835,505
2020-11-09,San Luis Obispo,079,281455,5199,4746,68,4814,32
2020-11-09,San Mateo,081,765935,12545,11857,9,11866,169
2020-11-09,Santa Barbara,083,443738,11338,10214,145,10359,134
2020-11-09,Santa Clara,085,1922200,28891,26693,52,26745,409
2020-11-09,Santa Cruz,087,273765,3439,3194,37,3231,25
2020-11-09,Shasta,089,179085,3516,2581,50,2631,36
2020-11-09,Sierra,091,2930,10,10,0,10,0
2020-11-09,Siskiyou,093,43540,315,257,14,271,0
2020-11-09,Solano,095,438530,8660,8254,42,8296,85
2020-11-09,Sonoma,097,501317,10863,10310,34,10344,150
2020-11-09,Stanislaus,099,539301,19142,18482,966,19448,418
2020-11-09,Sutter,101,95872,2228,2010,4,2014,12
2020-11-09,Tehama,103,63373,1203,1071,3,1074,7
2020-11-09,Trinity,105,12862,150,46,18,64,0
2020-11-09,Tulare,107,460477,19225,18272,693,18965,304
2020-11-09,Tuolumne,109,53932,496,346,3,349,7
2020-11-09,Ventura,111,848112,16651,15568,465,16033,156
2020-11-09,Yolo,113,214977,3800,3522,9,3531,62
2020-11-09,Yuba,115,75493,1475,1380,7,1387,10
2020-11-08,Alameda,001,1643700,25768,24731,253,24984,424
2020-11-08,Alpine,003,1148,24,6,0,6,0
2020-11-08,Amador,005,37829,402,376,0,376,16
2020-11-08,Butte,007,227075,3469,3285,73,3358,57
2020-11-08,Calaveras,009,45235,366,360,0,360,21
2020-11-08,Colusa,011,21464,597,583,1,584,6
2020-11-08,Contra Costa,013,1133247,20919,20031,104,20135,254
2020-11-08,Del Norte,015,27424,210,195,0,195,2
2020-11-08,El Dorado,017,186661,1678,1502,8,1510,4
2020-11-08,Fresno,019,978130,36186,32619,691,33310,465
2020-11-08,Glenn,021,27897,770,707,8,715,3
2020-11-08,Humboldt,023,135768,650,605,1,606,9
2020-11-08,Imperial,025,180216,13864,13428,34,13462,338
2020-11-08,Inyo,027,18085,263,252,5,257,14
2020-11-08,Kern,029,883053,35986,34644,636,35280,448
2020-11-08,Kings,031,150075,9497,9026,87,9113,84
2020-11-08,Lake,033,64148,791,754,0,754,16
2020-11-08,Lassen,035,31185,875,799,2,801,0
2020-11-08,Los Angeles,037,10098052,329300,318960,3681,322641,7176
2020-11-08,Madera,039,155013,5441,5196,67,5263,54
2020-11-08,Marin,041,260295,7359,7227,22,7249,131
2020-11-08,Mariposa,043,17540,90,83,0,83,2
2020-11-08,Mendocino,045,87422,1214,1129,3,1132,22
2020-11-08,Merced,047,269075,10226,9885,62,9947,157
2020-11-08,Modoc,049,8938,70,54,12,66,0
2020-11-08,Mono,051,14174,461,352,8,360,2
2020-11-08,Monterey,053,433212,12743,12122,115,12237,98
2020-11-08,Napa,055,140530,2478,2274,10,2284,15
2020-11-08,Nevada,057,99092,832,715,23,738,9
2020-11-08,Orange,059,3164182,65497,62034,1978,64012,1501
2020-11-08,Placer,061,380077,5253,4800,32,4832,60
2020-11-08,Plumas,063,18699,129,102,0,102,0
2020-11-08,Riverside,065,2383286,74611,71442,832,72274,1345
2020-11-08,Sacramento,067,1510023,29535,28059,45,28104,515
2020-11-08,San Benito,069,59416,1571,1496,1,1497,15
2020-11-08,San Bernardino,071,2135413,72858,68412,620,69032,1182
2020-11-08,San Diego,073,3302833,64244,60199,2001,62200,908
2020-11-08,San Francisco,075,870044,13517,12985,65,13050,146
2020-11-08,San Joaquin,077,732212,23505,22514,319,22833,505
2020-11-08,San Luis Obispo,079,281455,5133,4698,63,4761,32
2020-11-08,San Mateo,081,765935,12426,11783,9,11792,169
2020-11-08,Santa Barbara,083,443738,11268,10180,143,10323,134
2020-11-08,Santa Clara,085,1922200,28517,26442,51,26493,410
2020-11-08,Santa Cruz,087,273765,3382,3134,37,3171,25
2020-11-08,Shasta,089,179085,3380,2582,44,2626,36
2020-11-08,Sierra,091,2930,10,7,0,7,0
2020-11-08,Siskiyou,093,43540,303,246,13,259,0
2020-11-08,Solano,095,438530,8539,8132,41,8173,85
2020-11-08,Sonoma,097,501317,10756,10229,34,10263,149
2020-11-08,Stanislaus,099,539301,18967,18413,945,19358,418
2020-11-08,Sutter,101,95872,2170,1980,4,1984,12
2020-11-08,Tehama,103,63373,1179,1054,3,1057,7
2020-11-08,Trinity,105,12862,147,46,17,63,0
2020-11-08,Tulare,107,460477,19082,18272,662,18934,304
2020-11-08,Tuolumne,109,53932,469,341,3,344,7
2020-11-08,Ventura,111,848112,16456,15504,457,15961,156
2020-11-08,Yolo,113,214977,3739,3492,9,3501,61
2020-11-08,Yuba,115,75493,1454,1369,7,1376,10
2020-11-07,Alameda,001,1643700,25658,24578,251,24829,424
2020-11-07,Alpine,003,1148,24,6,0,6,0
2020-11-07,Amador,005,37829,399,375,0,375,16
2020-11-07,Butte,007,227075,3457,3277,68,3345,57
2020-11-07,Calaveras,009,45235,364,360,0,360,21
2020-11-07,Colusa,011,21464,597,583,1,584,6
2020-11-07,Contra Costa,013,1133247,20818,19943,103,20046,254
2020-11-07,Del Norte,015,27424,206,194,0,194,2
2020-11-07,El Dorado,017,186661,1653,1495,7,1502,4
2020-11-07,Fresno,019,978130,36032,32497,668,33165,465
2020-11-07,Glenn,021,27897,762,707,8,715,3
2020-11-07,Humboldt,023,135768,639,590,1,591,9
2020-11-07,Imperial,025,180216,13806,13388,33,13421,338
2020-11-07,Inyo,027,18085,261,252,5,257,14
2020-11-07,Kern,029,883053,35831,34513,626,35139,448
2020-11-07,Kings,031,150075,9464,9005,81,9086,84
2020-11-07,Lake,033,64148,787,751,0,751,16
2020-11-07,Lassen,035,31185,859,799,2,801,0
2020-11-07,Los Angeles,037,10098052,327793,316756,3613,320369,7174
2020-11-07,Madera,039,155013,5419,5177,65,5242,54
2020-11-07,Marin,041,260295,7348,7215,22,7237,131
2020-11-07,Mariposa,043,17540,90,81,0,81,2
2020-11-07,Mendocino,045,87422,1204,1118,3,1121,22
2020-11-07,Merced,047,269075,10194,9855,58,9913,157
2020-11-07,Modoc,049,8938,70,51,12,63,0
2020-11-07,Mono,051,14174,458,352,8,360,2
2020-11-07,Monterey,053,433212,12674,12030,111,12141,98
2020-11-07,Napa,055,140530,2448,2260,9,2269,15
2020-11-07,Nevada,057,99092,815,710,23,733,9
2020-11-07,Orange,059,3164182,65210,62038,1972,64010,1505
2020-11-07,Placer,061,380077,5190,4745,32,4777,60
2020-11-07,Plumas,063,18699,127,94,0,94,0
2020-11-07,Riverside,065,2383286,74216,71153,804,71957,1345
2020-11-07,Sacramento,067,1510023,29284,27773,45,27818,515
2020-11-07,San Benito,069,59416,1559,1489,1,1490,15
2020-11-07,San Bernardino,071,2135413,72343,67935,609,68544,1182
2020-11-07,San Diego,073,3302833,63732,59682,1969,61651,909
2020-11-07,San Francisco,075,870044,13456,12980,64,13044,146
2020-11-07,San Joaquin,077,732212,23396,22517,313,22830,505
2020-11-07,San Luis Obispo,079,281455,5084,4668,60,4728,32
2020-11-07,San Mateo,081,765935,12363,11711,9,11720,169
2020-11-07,Santa Barbara,083,443738,11226,10157,141,10298,134
2020-11-07,Santa Clara,085,1922200,28312,26244,50,26294,410
2020-11-07,Santa Cruz,087,273765,3344,3130,37,3167,25
2020-11-07,Shasta,089,179085,3311,2547,42,2589,36
2020-11-07,Sierra,091,2930,10,7,0,7,0
2020-11-07,Siskiyou,093,43540,299,241,13,254,0
2020-11-07,Solano,095,438530,8487,8066,41,8107,85
2020-11-07,Sonoma,097,501317,10710,10200,34,10234,149
2020-11-07,Stanislaus,099,539301,18857,18386,929,19315,418
2020-11-07,Sutter,101,95872,2130,1973,4,1977,12
2020-11-07,Tehama,103,63373,1155,1043,3,1046,7
2020-11-07,Trinity,105,12862,147,42,16,58,0
2020-11-07,Tulare,107,460477,19026,18229,645,18874,304
2020-11-07,Tuolumne,109,53932,458,327,3,330,7
2020-11-07,Ventura,111,848112,16396,15364,452,15816,156
2020-11-07,Yolo,113,214977,3708,3486,9,3495,61
2020-11-07,Yuba,115,75493,1439,1349,7,1356,10
2020-11-06,Alameda,001,1643700,25526,24389,249,24638,420
2020-11-06,Alpine,003,1148,24,6,0,6,0
2020-11-06,Amador,005,37829,397,369,0,369,16
2020-11-06,Butte,007,227075,3432,3254,60,3314,57
2020-11-06,Calaveras,009,45235,363,359,0,359,21
2020-11-06,Colusa,011,21464,595,580,1,581,6
2020-11-06,Contra Costa,013,1133247,20669,19744,103,19847,252
2020-11-06,Del Norte,015,27424,203,194,0,194,2
2020-11-06,El Dorado,017,186661,1627,1475,7,1482,4
2020-11-06,Fresno,019,978130,35844,32278,651,32929,460
2020-11-06,Glenn,021,27897,756,707,7,714,3
2020-11-06,Humboldt,023,135768,636,587,1,588,9
2020-11-06,Imperial,025,180216,13753,13230,33,13263,338
2020-11-06,Inyo,027,18085,259,246,5,251,14
2020-11-06,Kern,029,883053,35666,34360,608,34968,443
2020-11-06,Kings,031,150075,9440,8883,79,8962,83
2020-11-06,Lake,033,64148,786,741,0,741,16
2020-11-06,Lassen,035,31185,851,794,2,796,0
2020-11-06,Los Angeles,037,10098052,325821,314356,3560,317916,7160
2020-11-06,Madera,039,155013,5403,5136,64,5200,54
2020-11-06,Marin,041,260295,7327,7184,22,7206,131
2020-11-06,Mariposa,043,17540,89,79,0,79,2
2020-11-06,Mendocino,045,87422,1199,1113,3,1116,22
2020-11-06,Merced,047,269075,10154,9778,55,9833,157
2020-11-06,Modoc,049,8938,70,48,12,60,0
2020-11-06,Mono,051,14174,452,308,8,316,1
2020-11-06,Monterey,053,433212,12557,11914,110,12024,96
2020-11-06,Napa,055,140530,2423,2189,9,2198,15
2020-11-06,Nevada,057,99092,802,692,22,714,9
2020-11-06,Orange,059,3164182,64907,61049,1962,63011,1494
2020-11-06,Placer,061,380077,5117,4680,32,4712,60
2020-11-06,Plumas,063,18699,122,90,0,90,0
2020-11-06,Riverside,065,2383286,73766,70409,763,71172,1341
2020-11-06,Sacramento,067,1510023,28992,27489,43,27532,514
2020-11-06,San Benito,069,59416,1550,1479,1,1480,15
2020-11-06,San Bernardino,071,2135413,71747,66740,588,67328,1179
2020-11-06,San Diego,073,3302833,63208,59143,1937,61080,907
2020-11-06,San Francisco,075,870044,13386,12825,63,12888,146
2020-11-06,San Joaquin,077,732212,23311,22424,303,22727,502
2020-11-06,San Luis Obispo,079,281455,5019,4531,54,4585,32
2020-11-06,San Mateo,081,765935,12288,11587,9,11596,168
2020-11-06,Santa Barbara,083,443738,11190,10118,136,10254,133
2020-11-06,Santa Clara,085,1922200,28070,25831,50,25881,402
2020-11-06,Santa Cruz,087,273765,3307,3063,37,3100,25
2020-11-06,Shasta,089,179085,3238,2475,41,2516,35
2020-11-06,Sierra,091,2930,9,7,0,7,0
2020-11-06,Siskiyou,093,43540,286,237,12,249,0
2020-11-06,Solano,095,438530,8422,7959,41,8000,85
2020-11-06,Sonoma,097,501317,10660,10142,34,10176,149
2020-11-06,Stanislaus,099,539301,18769,18250,920,19170,417
2020-11-06,Sutter,101,95872,2103,1937,2,1939,12
2020-11-06,Tehama,103,63373,1134,1024,3,1027,6
2020-11-06,Trinity,105,12862,144,41,16,57,0
2020-11-06,Tulare,107,460477,18962,18136,620,18756,300
2020-11-06,Tuolumne,109,53932,437,316,3,319,5
2020-11-06,Ventura,111,848112,16310,15222,449,15671,154
2020-11-06,Yolo,113,214977,3679,3420,9,3429,62
2020-11-06,Yuba,115,75493,1426,1335,7,1342,10
2020-11-05,Alameda,001,1643700,25348,24270,249,24519,420
2020-11-05,Alpine,003,1148,24,6,0,6,0
2020-11-05,Amador,005,37829,394,363,0,363,16
2020-11-05,Butte,007,227075,3409,3239,54,3293,57
2020-11-05,Calaveras,009,45235,356,333,0,333,19
2020-11-05,Colusa,011,21464,591,574,1,575,6
2020-11-05,Contra Costa,013,1133247,20487,19656,101,19757,252
2020-11-05,Del Norte,015,27424,201,192,0,192,2
2020-11-05,El Dorado,017,186661,1603,1466,7,1473,4
2020-11-05,Fresno,019,978130,35601,32056,626,32682,460
2020-11-05,Glenn,021,27897,736,702,7,709,3
2020-11-05,Humboldt,023,135768,625,581,1,582,9
2020-11-05,Imperial,025,180216,13661,13178,31,13209,337
2020-11-05,Inyo,027,18085,259,247,5,252,14
2020-11-05,Kern,029,883053,35464,34232,594,34826,443
2020-11-05,Kings,031,150075,9285,8846,76,8922,83
2020-11-05,Lake,033,64148,782,739,0,739,16
2020-11-05,Lassen,035,31185,820,782,2,784,0
2020-11-05,Los Angeles,037,10098052,323465,312381,3507,315888,7146
2020-11-05,Madera,039,155013,5364,5129,61,5190,54
2020-11-05,Marin,041,260295,7305,7171,22,7193,131
2020-11-05,Mariposa,043,17540,88,79,0,79,2
2020-11-05,Mendocino,045,87422,1187,1112,3,1115,22
2020-11-05,Merced,047,269075,10095,9753,50,9803,155
2020-11-05,Modoc,049,8938,69,47,11,58,0
2020-11-05,Mono,051,14174,450,307,8,315,1
2020-11-05,Monterey,053,433212,12449,11784,106,11890,96
2020-11-05,Napa,055,140530,2396,2158,9,2167,15
2020-11-05,Nevada,057,99092,780,687,21,708,9
2020-11-05,Orange,059,3164182,64460,60740,1952,62692,1484
2020-11-05,Placer,061,380077,5048,4627,27,4654,60
2020-11-05,Plumas,063,18699,114,90,0,90,0
2020-11-05,Riverside,065,2383286,73055,70094,705,70799,1338
2020-11-05,Sacramento,067,1510023,28611,27232,42,27274,512
2020-11-05,San Benito,069,59416,1535,1477,1,1478,15
2020-11-05,San Bernardino,071,2135413,70920,66407,575,66982,1174
2020-11-05,San Diego,073,3302833,62582,58659,1911,60570,904
2020-11-05,San Francisco,075,870044,13274,12726,62,12788,146
2020-11-05,San Joaquin,077,732212,23147,22318,299,22617,502
2020-11-05,San Luis Obispo,079,281455,4952,4459,52,4511,32
2020-11-05,San Mateo,081,765935,12194,11535,9,11544,168
2020-11-05,Santa Barbara,083,443738,11144,10080,133,10213,133
2020-11-05,Santa Clara,085,1922200,27802,25651,50,25701,402
2020-11-05,Santa Cruz,087,273765,3269,3023,37,3060,25
2020-11-05,Shasta,089,179085,3148,2401,40,2441,34
2020-11-05,Sierra,091,2930,9,6,0,6,0
2020-11-05,Siskiyou,093,43540,275,228,12,240,0
2020-11-05,Solano,095,438530,8339,7842,41,7883,85
2020-11-05,Sonoma,097,501317,10548,10064,33,10097,145
2020-11-05,Stanislaus,099,539301,18655,18194,907,19101,417
2020-11-05,Sutter,101,95872,2071,1925,2,1927,12
2020-11-05,Tehama,103,63373,1112,1015,2,1017,6
2020-11-05,Trinity,105,12862,128,41,15,56,0
2020-11-05,Tulare,107,460477,18874,18049,592,18641,301
2020-11-05,Tuolumne,109,53932,408,312,3,315,5
2020-11-05,Ventura,111,848112,16144,15113,438,15551,155
2020-11-05,Yolo,113,214977,3629,3391,9,3400,61
2020-11-05,Yuba,115,75493,1408,1322,7,1329,10
2020-11-04,Alameda,001,1643700,25170,24172,247,24419,418
2020-11-04,Alpine,003,1148,20,5,0,5,0
2020-11-04,Amador,005,37829,391,362,0,362,16
2020-11-04,Butte,007,227075,3383,3218,51,3269,57
2020-11-04,Calaveras,009,45235,353,290,0,290,19
2020-11-04,Colusa,011,21464,589,571,1,572,6
2020-11-04,Contra Costa,013,1133247,20320,19472,98,19570,251
2020-11-04,Del Norte,015,27424,197,188,0,188,2
2020-11-04,El Dorado,017,186661,1588,1448,4,1452,4
2020-11-04,Fresno,019,978130,35367,31952,598,32550,457
2020-11-04,Glenn,021,27897,732,701,6,707,3
2020-11-04,Humboldt,023,135768,616,571,1,572,9
2020-11-04,Imperial,025,180216,13563,13087,31,13118,335
2020-11-04,Inyo,027,18085,258,247,5,252,14
2020-11-04,Kern,029,883053,35309,34027,583,34610,439
2020-11-04,Kings,031,150075,9251,8817,74,8891,83
2020-11-04,Lake,033,64148,775,735,0,735,16
2020-11-04,Lassen,035,31185,815,781,2,783,0
2020-11-04,Los Angeles,037,10098052,321155,310456,3427,313883,7124
2020-11-04,Madera,039,155013,5344,5083,57,5140,54
2020-11-04,Marin,041,260295,7293,7157,22,7179,131
2020-11-04,Mariposa,043,17540,88,79,0,79,2
2020-11-04,Mendocino,045,87422,1169,1089,3,1092,22
2020-11-04,Merced,047,269075,10045,9717,48,9765,153
2020-11-04,Modoc,049,8938,59,47,11,58,0
2020-11-04,Mono,051,14174,447,237,7,244,1
2020-11-04,Monterey,053,433212,12244,11743,100,11843,96
2020-11-04,Napa,055,140530,2342,2133,9,2142,15
2020-11-04,Nevada,057,99092,761,675,21,696,9
2020-11-04,Orange,059,3164182,64025,60463,1929,62392,1483
2020-11-04,Placer,061,380077,4969,4526,24,4550,60
2020-11-04,Plumas,063,18699,112,88,0,88,0
2020-11-04,Riverside,065,2383286,72438,69562,646,70208,1335
2020-11-04,Sacramento,067,1510023,28260,27005,41,27046,510
2020-11-04,San Benito,069,59416,1520,1464,1,1465,15
2020-11-04,San Bernardino,071,2135413,70123,65891,552,66443,1169
2020-11-04,San Diego,073,3302833,61936,58126,1885,60011,904
2020-11-04,San Francisco,075,870044,13190,12649,59,12708,146
2020-11-04,San Joaquin,077,732212,23010,22197,286,22483,500
2020-11-04,San Luis Obispo,079,281455,4885,4389,50,4439,32
2020-11-04,San Mateo,081,765935,12099,11456,9,11465,168
2020-11-04,Santa Barbara,083,443738,11105,10026,132,10158,132
2020-11-04,Santa Clara,085,1922200,27540,25487,50,25537,393
2020-11-04,Santa Cruz,087,273765,3232,2997,37,3034,25
2020-11-04,Shasta,089,179085,3017,2321,35,2356,34
2020-11-04,Sierra,091,2930,9,6,0,6,0
2020-11-04,Siskiyou,093,43540,266,222,12,234,0
2020-11-04,Solano,095,438530,8240,7733,41,7774,85
2020-11-04,Sonoma,097,501317,10454,9965,33,9998,142
2020-11-04,Stanislaus,099,539301,18538,18114,892,19006,416
2020-11-04,Sutter,101,95872,2037,1916,2,1918,12
2020-11-04,Tehama,103,63373,1088,997,2,999,6
2020-11-04,Trinity,105,12862,124,37,15,52,0
2020-11-04,Tulare,107,460477,18765,17952,564,18516,298
2020-11-04,Tuolumne,109,53932,386,310,3,313,5
2020-11-04,Ventura,111,848112,16003,14936,435,15371,155
2020-11-04,Yolo,113,214977,3588,3361,9,3370,62
2020-11-04,Yuba,115,75493,1387,1312,7,1319,10
2020-11-03,Alameda,001,1643700,24986,24055,245,24300,418
2020-11-03,Alpine,003,1148,19,4,0,4,0
2020-11-03,Amador,005,37829,386,361,0,361,16
2020-11-03,Butte,007,227075,3359,3211,46,3257,57
2020-11-03,Calaveras,009,45235,349,287,0,287,19
2020-11-03,Colusa,011,21464,584,572,1,573,6
2020-11-03,Contra Costa,013,1133247,20165,19416,98,19514,250
2020-11-03,Del Norte,015,27424,196,187,0,187,2
2020-11-03,El Dorado,017,186661,1566,1445,3,1448,4
2020-11-03,Fresno,019,978130,35096,31856,575,32431,457
2020-11-03,Glenn,021,27897,726,698,6,704,3
2020-11-03,Humboldt,023,135768,610,570,1,571,8
2020-11-03,Imperial,025,180216,13474,13044,30,13074,335
2020-11-03,Inyo,027,18085,257,244,5,249,14
2020-11-03,Kern,029,883053,35118,33957,572,34529,439
2020-11-03,Kings,031,150075,9088,8783,69,8852,83
2020-11-03,Lake,033,64148,765,732,0,732,16
2020-11-03,Lassen,035,31185,806,782,2,784,0
2020-11-03,Los Angeles,037,10098052,318699,308812,3358,312170,7104
2020-11-03,Madera,039,155013,5307,5058,56,5114,54
2020-11-03,Marin,041,260295,7273,7147,21,7168,131
2020-11-03,Mariposa,043,17540,87,79,0,79,2
2020-11-03,Mendocino,045,87422,1154,1084,3,1087,22
2020-11-03,Merced,047,269075,9992,9713,47,9760,153
2020-11-03,Modoc,049,8938,57,47,9,56,0
2020-11-03,Mono,051,14174,443,210,7,217,1
2020-11-03,Monterey,053,433212,12175,11703,93,11796,94
2020-11-03,Napa,055,140530,2306,2130,9,2139,15
2020-11-03,Nevada,057,99092,741,670,20,690,9
2020-11-03,Orange,059,3164182,63597,60283,1918,62201,1477
2020-11-03,Placer,061,380077,4895,4514,24,4538,60
2020-11-03,Plumas,063,18699,109,86,0,86,0
2020-11-03,Riverside,065,2383286,71819,69300,621,69921,1325
2020-11-03,Sacramento,067,1510023,27880,26841,40,26881,510
2020-11-03,San Benito,069,59416,1510,1463,1,1464,15
2020-11-03,San Bernardino,071,2135413,69312,65320,544,65864,1159
2020-11-03,San Diego,073,3302833,61260,57722,1841,59563,901
2020-11-03,San Francisco,075,870044,13067,12585,59,12644,146
2020-11-03,San Joaquin,077,732212,22875,22109,280,22389,500
2020-11-03,San Luis Obispo,079,281455,4803,4371,48,4419,32
2020-11-03,San Mateo,081,765935,12004,11406,9,11415,162
2020-11-03,Santa Barbara,083,443738,11050,10008,127,10135,132
2020-11-03,Santa Clara,085,1922200,27268,25386,49,25435,393
2020-11-03,Santa Cruz,087,273765,3182,2980,36,3016,25
2020-11-03,Shasta,089,179085,2922,2288,28,2316,33
2020-11-03,Sierra,091,2930,7,6,0,6,0
2020-11-03,Siskiyou,093,43540,262,219,11,230,0
2020-11-03,Solano,095,438530,8157,7691,41,7732,85
2020-11-03,Sonoma,097,501317,10352,9906,33,9939,142
2020-11-03,Stanislaus,099,539301,18417,18080,881,18961,416
2020-11-03,Sutter,101,95872,2004,1914,2,1916,12
2020-11-03,Tehama,103,63373,1067,988,2,990,6
2020-11-03,Trinity,105,12862,117,36,14,50,0
2020-11-03,Tulare,107,460477,18659,17890,539,18429,297
2020-11-03,Tuolumne,109,53932,363,302,3,305,5
2020-11-03,Ventura,111,848112,15876,14816,428,15244,155
2020-11-03,Yolo,113,214977,3537,3343,9,3352,61
2020-11-03,Yuba,115,75493,1374,1295,7,1302,10
2020-11-02,Alameda,001,1643700,24790,23991,242,24233,419
2020-11-02,Alpine,003,1148,16,4,0,4,0
2020-11-02,Amador,005,37829,378,357,0,357,16
2020-11-02,Butte,007,227075,3339,3198,43,3241,57
2020-11-02,Calaveras,009,45235,349,282,0,282,18
2020-11-02,Colusa,011,21464,579,571,1,572,6
2020-11-02,Contra Costa,013,1133247,20011,19339,97,19436,250
2020-11-02,Del Norte,015,27424,193,175,0,175,2
2020-11-02,El Dorado,017,186661,1542,1405,3,1408,4
2020-11-02,Fresno,019,978130,34826,31738,558,32296,451
2020-11-02,Glenn,021,27897,720,692,5,697,3
2020-11-02,Humboldt,023,135768,601,569,1,570,8
2020-11-02,Imperial,025,180216,13394,13004,29,13033,334
2020-11-02,Inyo,027,18085,254,243,5,248,14
2020-11-02,Kern,029,883053,34960,33834,562,34396,437
2020-11-02,Kings,031,150075,9058,8654,66,8720,82
2020-11-02,Lake,033,64148,759,728,0,728,17
2020-11-02,Lassen,035,31185,798,782,2,784,0
2020-11-02,Los Angeles,037,10098052,316353,307620,3280,310900,7079
2020-11-02,Madera,039,155013,5277,5033,55,5088,54
2020-11-02,Marin,041,260295,7255,7132,20,7152,125
2020-11-02,Mariposa,043,17540,87,79,0,79,2
2020-11-02,Mendocino,045,87422,1140,1076,3,1079,21
2020-11-02,Merced,047,269075,9930,9664,41,9705,152
2020-11-02,Modoc,049,8938,54,45,5,50,0
2020-11-02,Mono,051,14174,441,211,7,218,1
2020-11-02,Monterey,053,433212,12068,11602,90,11692,93
2020-11-02,Napa,055,140530,2264,2081,9,2090,15
2020-11-02,Nevada,057,99092,725,656,20,676,9
2020-11-02,Orange,059,3164182,63191,59996,1902,61898,1474
2020-11-02,Placer,061,380077,4827,4461,22,4483,60
2020-11-02,Plumas,063,18699,101,86,0,86,0
2020-11-02,Riverside,065,2383286,71187,68833,581,69414,1321
2020-11-02,Sacramento,067,1510023,27538,26676,38,26714,508
2020-11-02,San Benito,069,59416,1498,1459,1,1460,15
2020-11-02,San Bernardino,071,2135413,68458,64629,533,65162,1157
2020-11-02,San Diego,073,3302833,60537,57429,1796,59225,891
2020-11-02,San Francisco,075,870044,12970,12436,58,12494,145
2020-11-02,San Joaquin,077,732212,22735,21919,272,22191,500
2020-11-02,San Luis Obispo,079,281455,4703,4303,45,4348,31
2020-11-02,San Mateo,081,765935,11895,11328,9,11337,161
2020-11-02,Santa Barbara,083,443738,11009,9985,122,10107,130
2020-11-02,Santa Clara,085,1922200,26978,25222,49,25271,387
2020-11-02,Santa Cruz,087,273765,3140,2943,36,2979,25
2020-11-02,Shasta,089,179085,2817,2174,24,2198,33
2020-11-02,Sierra,091,2930,7,6,0,6,0
2020-11-02,Siskiyou,093,43540,252,216,11,227,0
2020-11-02,Solano,095,438530,8039,7665,41,7706,84
2020-11-02,Sonoma,097,501317,10269,9796,32,9828,140
2020-11-02,Stanislaus,099,539301,18321,18005,872,18877,412
2020-11-02,Sutter,101,95872,1980,1895,2,1897,12
2020-11-02,Tehama,103,63373,1044,971,2,973,6
2020-11-02,Trinity,105,12862,111,30,14,44,0
2020-11-02,Tulare,107,460477,18566,17774,519,18293,299
2020-11-02,Tuolumne,109,53932,343,302,3,305,5
2020-11-02,Ventura,111,848112,15735,14767,414,15181,156
2020-11-02,Yolo,113,214977,3488,3318,9,3327,61
2020-11-02,Yuba,115,75493,1361,1280,7,1287,10
2020-11-01,Alameda,001,1643700,24627,23892,240,24132,419
2020-11-01,Alpine,003,1148,10,4,0,4,0
2020-11-01,Amador,005,37829,375,352,0,352,16
2020-11-01,Butte,007,227075,3315,3185,42,3227,57
2020-11-01,Calaveras,009,45235,348,282,0,282,18
2020-11-01,Colusa,011,21464,577,567,1,568,6
2020-11-01,Contra Costa,013,1133247,19837,19246,96,19342,250
2020-11-01,Del Norte,015,27424,189,175,0,175,2
2020-11-01,El Dorado,017,186661,1526,1394,3,1397,4
2020-11-01,Fresno,019,978130,34568,31613,538,32151,451
2020-11-01,Glenn,021,27897,711,688,3,691,3
2020-11-01,Humboldt,023,135768,593,568,1,569,8
2020-11-01,Imperial,025,180216,13303,12969,27,12996,334
2020-11-01,Inyo,027,18085,252,241,5,246,14
2020-11-01,Kern,029,883053,34779,33760,467,34227,437
2020-11-01,Kings,031,150075,9020,8641,65,8706,82
2020-11-01,Lake,033,64148,753,727,0,727,17
2020-11-01,Lassen,035,31185,798,782,2,784,0
2020-11-01,Los Angeles,037,10098052,313787,306217,3187,309404,7077
2020-11-01,Madera,039,155013,5229,5019,53,5072,54
2020-11-01,Marin,041,260295,7238,7124,20,7144,125
2020-11-01,Mariposa,043,17540,83,79,0,79,2
2020-11-01,Mendocino,045,87422,1127,1074,3,1077,21
2020-11-01,Merced,047,269075,9869,9626,41,9667,152
2020-11-01,Modoc,049,8938,53,45,5,50,0
2020-11-01,Mono,051,14174,412,211,6,217,1
2020-11-01,Monterey,053,433212,11960,11587,87,11674,93
2020-11-01,Napa,055,140530,2230,2067,9,2076,15
2020-11-01,Nevada,057,99092,709,646,19,665,9
2020-11-01,Orange,059,3164182,62789,59733,1875,61608,1475
2020-11-01,Placer,061,380077,4761,4422,21,4443,58
2020-11-01,Plumas,063,18699,96,86,0,86,0
2020-11-01,Riverside,065,2383286,70557,68493,546,69039,1319
2020-11-01,Sacramento,067,1510023,27217,26442,38,26480,508
2020-11-01,San Benito,069,59416,1483,1451,1,1452,15
2020-11-01,San Bernardino,071,2135413,67615,64339,512,64851,1157
2020-11-01,San Diego,073,3302833,59849,57122,1756,58878,891
2020-11-01,San Francisco,075,870044,12847,12436,53,12489,145
2020-11-01,San Joaquin,077,732212,22607,21919,266,22185,500
2020-11-01,San Luis Obispo,079,281455,4623,4303,44,4347,31
2020-11-01,San Mateo,081,765935,11815,11280,9,11289,160
2020-11-01,Santa Barbara,083,443738,10958,9969,106,10075,130
2020-11-01,Santa Clara,085,1922200,26698,25090,49,25139,386
2020-11-01,Santa Cruz,087,273765,3087,2921,36,2957,25
2020-11-01,Shasta,089,179085,2682,2172,23,2195,33
2020-11-01,Sierra,091,2930,7,6,0,6,0
2020-11-01,Siskiyou,093,43540,247,205,11,216,0
2020-11-01,Solano,095,438530,7949,7591,41,7632,84
2020-11-01,Sonoma,097,501317,10177,9688,32,9720,140
2020-11-01,Stanislaus,099,539301,18220,17961,852,18813,412
2020-11-01,Sutter,101,95872,1954,1888,1,1889,12
2020-11-01,Tehama,103,63373,1027,965,2,967,5
2020-11-01,Trinity,105,12862,109,30,13,43,0
2020-11-01,Tulare,107,460477,18454,17774,488,18262,299
2020-11-01,Tuolumne,109,53932,321,295,3,298,5
2020-11-01,Ventura,111,848112,15586,14686,383,15069,156
2020-11-01,Yolo,113,214977,3440,3303,9,3312,60
2020-11-01,Yuba,115,75493,1344,1273,7,1280,10
2020-10-31,Alameda,001,1643700,24512,23780,236,24016,416
2020-10-31,Alpine,003,1148,10,4,0,4,0
2020-10-31,Amador,005,37829,371,347,0,347,16
2020-10-31,Butte,007,227075,3302,3172,40,3212,57
2020-10-31,Calaveras,009,45235,348,280,0,280,18
2020-10-31,Colusa,011,21464,575,555,1,556,6
2020-10-31,Contra Costa,013,1133247,19731,19161,96,19257,249
2020-10-31,Del Norte,015,27424,188,175,0,175,2
2020-10-31,El Dorado,017,186661,1517,1390,3,1393,4
2020-10-31,Fresno,019,978130,34432,31558,535,32093,451
2020-10-31,Glenn,021,27897,709,678,3,681,3
2020-10-31,Humboldt,023,135768,590,561,1,562,8
2020-10-31,Imperial,025,180216,13261,12912,27,12939,334
2020-10-31,Inyo,027,18085,251,241,5,246,14
2020-10-31,Kern,029,883053,34676,33666,457,34123,437
2020-10-31,Kings,031,150075,8999,8612,64,8676,82
2020-10-31,Lake,033,64148,749,724,0,724,16
2020-10-31,Lassen,035,31185,793,782,2,784,0
2020-10-31,Los Angeles,037,10098052,312416,304704,3143,307847,7073
2020-10-31,Madera,039,155013,5211,5013,50,5063,54
2020-10-31,Marin,041,260295,7222,7112,20,7132,125
2020-10-31,Mariposa,043,17540,83,79,0,79,2
2020-10-31,Mendocino,045,87422,1119,1066,3,1069,21
2020-10-31,Merced,047,269075,9836,9597,40,9637,151
2020-10-31,Modoc,049,8938,52,34,4,38,0
2020-10-31,Mono,051,14174,263,194,5,199,1
2020-10-31,Monterey,053,433212,11892,11539,83,11622,93
2020-10-31,Napa,055,140530,2211,2040,9,2049,15
2020-10-31,Nevada,057,99092,691,644,19,663,9
2020-10-31,Orange,059,3164182,62530,59488,1857,61345,1473
2020-10-31,Placer,061,380077,4711,4374,20,4394,58
2020-10-31,Plumas,063,18699,95,85,0,85,0
2020-10-31,Riverside,065,2383286,70200,68178,523,68701,1319
2020-10-31,Sacramento,067,1510023,27018,26316,36,26352,507
2020-10-31,San Benito,069,59416,1476,1448,1,1449,15
2020-10-31,San Bernardino,071,2135413,67190,64016,502,64518,1157
2020-10-31,San Diego,073,3302833,59396,56769,1728,58497,891
2020-10-31,San Francisco,075,870044,12773,12438,52,12490,145
2020-10-31,San Joaquin,077,732212,22532,21918,257,22175,500
2020-10-31,San Luis Obispo,079,281455,4554,4285,41,4326,31
2020-10-31,San Mateo,081,765935,11763,11253,9,11262,160
2020-10-31,Santa Barbara,083,443738,10930,9957,98,10055,130
2020-10-31,Santa Clara,085,1922200,26530,24957,49,25006,379
2020-10-31,Santa Cruz,087,273765,3052,2895,35,2930,25
2020-10-31,Shasta,089,179085,2632,2122,22,2144,33
2020-10-31,Sierra,091,2930,7,6,0,6,0
2020-10-31,Siskiyou,093,43540,245,200,11,211,0
2020-10-31,Solano,095,438530,7885,7545,41,7586,84
2020-10-31,Sonoma,097,501317,10124,9648,32,9680,140
2020-10-31,Stanislaus,099,539301,18157,17920,836,18756,412
2020-10-31,Sutter,101,95872,1945,1876,1,1877,12
2020-10-31,Tehama,103,63373,1017,953,2,955,5
2020-10-31,Trinity,105,12862,106,30,13,43,0
2020-10-31,Tulare,107,460477,18405,17758,480,18238,299
2020-10-31,Tuolumne,109,53932,314,290,3,293,5
2020-10-31,Ventura,111,848112,15502,14635,365,15000,155
2020-10-31,Yolo,113,214977,3405,3290,9,3299,60
2020-10-31,Yuba,115,75493,1328,1260,6,1266,10
2020-10-30,Alameda,001,1643700,24432,23676,234,23910,401
2020-10-30,Alpine,003,1148,10,4,0,4,0
2020-10-30,Amador,005,37829,371,344,0,344,16
2020-10-30,Butte,007,227075,3297,3160,40,3200,57
2020-10-30,Calaveras,009,45235,347,279,0,279,18
2020-10-30,Colusa,011,21464,573,554,1,555,6
2020-10-30,Contra Costa,013,1133247,19659,19074,96,19170,249
2020-10-30,Del Norte,015,27424,187,175,0,175,2
2020-10-30,El Dorado,017,186661,1504,1386,3,1389,4
2020-10-30,Fresno,019,978130,34310,31409,526,31935,446
2020-10-30,Glenn,021,27897,703,674,2,676,3
2020-10-30,Humboldt,023,135768,589,561,1,562,7
2020-10-30,Imperial,025,180216,13220,12853,27,12880,334
2020-10-30,Inyo,027,18085,250,241,5,246,14
2020-10-30,Kern,029,883053,34583,33583,456,34039,437
2020-10-30,Kings,031,150075,8989,8564,62,8626,82
2020-10-30,Lake,033,64148,749,720,0,720,16
2020-10-30,Lassen,035,31185,787,777,2,779,0
2020-10-30,Los Angeles,037,10098052,310980,303425,3108,306533,7060
2020-10-30,Madera,039,155013,5199,4991,48,5039,54
2020-10-30,Marin,041,260295,7202,7097,20,7117,125
2020-10-30,Mariposa,043,17540,83,78,0,78,2
2020-10-30,Mendocino,045,87422,1117,1062,3,1065,21
2020-10-30,Merced,047,269075,9804,9539,40,9579,150
2020-10-30,Modoc,049,8938,51,34,3,37,0
2020-10-30,Mono,051,14174,262,193,5,198,1
2020-10-30,Monterey,053,433212,11829,11491,78,11569,92
2020-10-30,Napa,055,140530,2193,2028,9,2037,15
2020-10-30,Nevada,057,99092,685,634,19,653,9
2020-10-30,Orange,059,3164182,62288,59334,1845,61179,1469
2020-10-30,Placer,061,380077,4664,4335,20,4355,58
2020-10-30,Plumas,063,18699,92,80,0,80,0
2020-10-30,Riverside,065,2383286,69860,67752,503,68255,1317
2020-10-30,Sacramento,067,1510023,26870,26147,36,26183,505
2020-10-30,San Benito,069,59416,1470,1440,1,1441,15
2020-10-30,San Bernardino,071,2135413,66775,63512,499,64011,1156
2020-10-30,San Diego,073,3302833,58991,56387,1706,58093,888
2020-10-30,San Francisco,075,870044,12718,12384,52,12436,145
2020-10-30,San Joaquin,077,732212,22465,21849,251,22100,500
2020-10-30,San Luis Obispo,079,281455,4511,4256,41,4297,31
2020-10-30,San Mateo,081,765935,11704,11207,9,11216,159
2020-10-30,Santa Barbara,083,443738,10907,9937,98,10035,128
2020-10-30,Santa Clara,085,1922200,26381,24811,49,24860,378
2020-10-30,Santa Cruz,087,273765,3034,2874,35,2909,25
2020-10-30,Shasta,089,179085,2588,2048,21,2069,32
2020-10-30,Sierra,091,2930,7,6,0,6,0
2020-10-30,Siskiyou,093,43540,245,192,11,203,0
2020-10-30,Solano,095,438530,7824,7497,41,7538,84
2020-10-30,Sonoma,097,501317,10049,9602,32,9634,140
2020-10-30,Stanislaus,099,539301,18109,17861,820,18681,410
2020-10-30,Sutter,101,95872,1932,1860,1,1861,12
2020-10-30,Tehama,103,63373,1013,932,2,934,5
2020-10-30,Trinity,105,12862,106,29,13,42,0
2020-10-30,Tulare,107,460477,18360,17682,465,18147,299
2020-10-30,Tuolumne,109,53932,307,286,3,289,4
2020-10-30,Ventura,111,848112,15429,14578,353,14931,154
2020-10-30,Yolo,113,214977,3388,3263,9,3272,60
2020-10-30,Yuba,115,75493,1320,1256,6,1262,10
2020-10-29,Alameda,001,1643700,24268,23530,233,23763,401
2020-10-29,Alpine,003,1148,7,4,0,4,0
2020-10-29,Amador,005,37829,367,338,0,338,16
2020-10-29,Butte,007,227075,3279,3143,39,3182,57
2020-10-29,Calaveras,009,45235,345,278,0,278,13
2020-10-29,Colusa,011,21464,569,552,1,553,6
2020-10-29,Contra Costa,013,1133247,19560,18933,95,19028,249
2020-10-29,Del Norte,015,27424,185,174,0,174,2
2020-10-29,El Dorado,017,186661,1482,1370,3,1373,4
2020-10-29,Fresno,019,978130,34153,31321,519,31840,445
2020-10-29,Glenn,021,27897,701,673,2,675,3
2020-10-29,Humboldt,023,135768,584,559,1,560,7
2020-10-29,Imperial,025,180216,13176,12769,27,12796,334
2020-10-29,Inyo,027,18085,248,238,5,243,14
2020-10-29,Kern,029,883053,34481,33460,451,33911,437
2020-10-29,Kings,031,150075,8835,8502,61,8563,82
2020-10-29,Lake,033,64148,746,702,0,702,16
2020-10-29,Lassen,035,31185,786,772,2,774,0
2020-10-29,Los Angeles,037,10098052,309352,302246,3061,305307,7046
2020-10-29,Madera,039,155013,5169,4970,46,5016,53
2020-10-29,Marin,041,260295,7188,7083,20,7103,125
2020-10-29,Mariposa,043,17540,81,78,0,78,2
2020-10-29,Mendocino,045,87422,1111,1058,3,1061,21
2020-10-29,Merced,047,269075,9751,9496,40,9536,150
2020-10-29,Modoc,049,8938,49,31,3,34,0
2020-10-29,Mono,051,14174,255,176,5,181,1
2020-10-29,Monterey,053,433212,11748,11425,76,11501,92
2020-10-29,Napa,055,140530,2169,2009,9,2018,15
2020-10-29,Nevada,057,99092,678,632,19,651,9
2020-10-29,Orange,059,3164182,62020,59046,1825,60871,1464
2020-10-29,Placer,061,380077,4619,4270,18,4288,58
2020-10-29,Plumas,063,18699,90,69,0,69,0
2020-10-29,Riverside,065,2383286,69481,67268,475,67743,1304
2020-10-29,Sacramento,067,1510023,26658,25978,35,26013,507
2020-10-29,San Benito,069,59416,1465,1431,1,1432,15
2020-10-29,San Bernardino,071,2135413,66207,62968,489,63457,1150
2020-10-29,San Diego,073,3302833,58525,55916,1677,57593,885
2020-10-29,San Francisco,075,870044,12639,12312,52,12364,145
2020-10-29,San Joaquin,077,732212,22381,21736,239,21975,498
2020-10-29,San Luis Obispo,079,281455,4481,4223,39,4262,31
2020-10-29,San Mateo,081,765935,11658,11145,9,11154,157
2020-10-29,Santa Barbara,083,443738,10874,9902,96,9998,128
2020-10-29,Santa Clara,085,1922200,26229,24614,49,24663,377
2020-10-29,Santa Cruz,087,273765,3009,2850,35,2885,24
2020-10-29,Shasta,089,179085,2525,2008,21,2029,32
2020-10-29,Sierra,091,2930,6,6,0,6,0
2020-10-29,Siskiyou,093,43540,229,185,11,196,0
2020-10-29,Solano,095,438530,7762,7453,41,7494,78
2020-10-29,Sonoma,097,501317,9985,9533,32,9565,140
2020-10-29,Stanislaus,099,539301,18056,17790,799,18589,410
2020-10-29,Sutter,101,95872,1924,1852,1,1853,12
2020-10-29,Tehama,103,63373,995,925,2,927,5
2020-10-29,Trinity,105,12862,101,28,12,40,0
2020-10-29,Tulare,107,460477,18282,17627,446,18073,299
2020-10-29,Tuolumne,109,53932,302,279,3,282,4
2020-10-29,Ventura,111,848112,15338,14486,349,14835,154
2020-10-29,Yolo,113,214977,3359,3246,9,3255,60
2020-10-29,Yuba,115,75493,1309,1248,6,1254,10
2020-10-28,Alameda,001,1643700,24168,23468,232,23700,400
2020-10-28,Alpine,003,1148,6,4,0,4,0
2020-10-28,Amador,005,37829,364,337,0,337,16
2020-10-28,Butte,007,227075,3263,3134,36,3170,56
2020-10-28,Calaveras,009,45235,344,278,0,278,13
2020-10-28,Colusa,011,21464,566,551,1,552,6
2020-10-28,Contra Costa,013,1133247,19473,18828,94,18922,246
2020-10-28,Del Norte,015,27424,182,173,0,173,2
2020-10-28,El Dorado,017,186661,1470,1363,3,1366,4
2020-10-28,Fresno,019,978130,34032,31195,513,31708,444
2020-10-28,Glenn,021,27897,697,673,2,675,3
2020-10-28,Humboldt,023,135768,580,559,1,560,7
2020-10-28,Imperial,025,180216,13127,12730,27,12757,333
2020-10-28,Inyo,027,18085,248,238,5,243,14
2020-10-28,Kern,029,883053,34379,33424,432,33856,436
2020-10-28,Kings,031,150075,8813,8486,60,8546,82
2020-10-28,Lake,033,64148,743,700,0,700,15
2020-10-28,Lassen,035,31185,782,771,2,773,0
2020-10-28,Los Angeles,037,10098052,307893,300726,3019,303745,7031
2020-10-28,Madera,039,155013,5152,4954,45,4999,53
2020-10-28,Marin,041,260295,7177,7079,20,7099,126
2020-10-28,Mariposa,043,17540,81,78,0,78,2
2020-10-28,Mendocino,045,87422,1110,1037,3,1040,20
2020-10-28,Merced,047,269075,9725,9480,39,9519,150
2020-10-28,Modoc,049,8938,48,31,2,33,0
2020-10-28,Mono,051,14174,237,176,5,181,1
2020-10-28,Monterey,053,433212,11690,11330,74,11404,89
2020-10-28,Napa,055,140530,2143,1998,8,2006,15
2020-10-28,Nevada,057,99092,670,629,19,648,9
2020-10-28,Orange,059,3164182,61756,58801,1809,60610,1459
2020-10-28,Placer,061,380077,4563,4236,18,4254,57
2020-10-28,Plumas,063,18699,89,67,0,67,0
2020-10-28,Riverside,065,2383286,69081,67003,453,67456,1302
2020-10-28,Sacramento,067,1510023,26462,25838,34,25872,506
2020-10-28,San Benito,069,59416,1457,1429,1,1430,15
2020-10-28,San Bernardino,071,2135413,65747,62778,480,63258,1154
2020-10-28,San Diego,073,3302833,58142,55556,1648,57204,881
2020-10-28,San Francisco,075,870044,12581,12261,51,12312,145
2020-10-28,San Joaquin,077,732212,22297,21707,228,21935,498
2020-10-28,San Luis Obispo,079,281455,4440,4197,36,4233,31
2020-10-28,San Mateo,081,765935,11591,11101,9,11110,157
2020-10-28,Santa Barbara,083,443738,10850,9872,94,9966,127
2020-10-28,Santa Clara,085,1922200,26085,24503,49,24552,375
2020-10-28,Santa Cruz,087,273765,2978,2836,35,2871,24
2020-10-28,Shasta,089,179085,2445,1996,20,2016,31
2020-10-28,Sierra,091,2930,6,6,0,6,0
2020-10-28,Siskiyou,093,43540,226,182,10,192,0
2020-10-28,Solano,095,438530,7703,7362,41,7403,77
2020-10-28,Sonoma,097,501317,9895,9457,27,9484,140
2020-10-28,Stanislaus,099,539301,17991,17765,790,18555,409
2020-10-28,Sutter,101,95872,1915,1840,1,1841,12
2020-10-28,Tehama,103,63373,984,921,2,923,5
2020-10-28,Trinity,105,12862,94,28,11,39,0
2020-10-28,Tulare,107,460477,18225,17569,430,17999,297
2020-10-28,Tuolumne,109,53932,299,277,3,280,4
2020-10-28,Ventura,111,848112,15265,14409,340,14749,153
2020-10-28,Yolo,113,214977,3335,3230,9,3239,60
2020-10-28,Yuba,115,75493,1297,1245,6,1251,10
2020-10-27,Alameda,001,1643700,24054,23365,230,23595,400
2020-10-27,Alpine,003,1148,6,3,0,3,0
2020-10-27,Amador,005,37829,361,335,0,335,16
2020-10-27,Butte,007,227075,3247,3107,33,3140,56
2020-10-27,Calaveras,009,45235,342,277,0,277,13
2020-10-27,Colusa,011,21464,561,549,1,550,6
2020-10-27,Contra Costa,013,1133247,19368,18766,94,18860,246
2020-10-27,Del Norte,015,27424,179,173,0,173,2
2020-10-27,El Dorado,017,186661,1457,1351,3,1354,4
2020-10-27,Fresno,019,978130,33913,31096,508,31604,442
2020-10-27,Glenn,021,27897,695,667,1,668,3
2020-10-27,Humboldt,023,135768,577,559,1,560,7
2020-10-27,Imperial,025,180216,13078,12680,26,12706,333
2020-10-27,Inyo,027,18085,248,231,5,236,14
2020-10-27,Kern,029,883053,34262,33328,428,33756,436
2020-10-27,Kings,031,150075,8782,8411,60,8471,83
2020-10-27,Lake,033,64148,740,700,0,700,15
2020-10-27,Lassen,035,31185,780,764,2,766,0
2020-10-27,Los Angeles,037,10098052,306509,299438,2990,302428,7008
2020-10-27,Madera,039,155013,5122,4942,44,4986,53
2020-10-27,Marin,041,260295,7161,7070,20,7090,126
2020-10-27,Mariposa,043,17540,80,78,0,78,2
2020-10-27,Mendocino,045,87422,1104,1033,2,1035,20
2020-10-27,Merced,047,269075,9685,9449,39,9488,150
2020-10-27,Modoc,049,8938,46,31,2,33,0
2020-10-27,Mono,051,14174,223,169,5,174,1
2020-10-27,Monterey,053,433212,11634,11261,72,11333,88
2020-10-27,Napa,055,140530,2127,1979,8,1987,15
2020-10-27,Nevada,057,99092,664,622,19,641,8
2020-10-27,Orange,059,3164182,61485,58550,1793,60343,1448
2020-10-27,Placer,061,380077,4514,4197,16,4213,57
2020-10-27,Plumas,063,18699,86,63,0,63,0
2020-10-27,Riverside,065,2383286,68726,66699,410,67109,1299
2020-10-27,Sacramento,067,1510023,26275,25701,33,25734,501
2020-10-27,San Benito,069,59416,1452,1428,1,1429,15
2020-10-27,San Bernardino,071,2135413,65284,62357,467,62824,1154
2020-10-27,San Diego,073,3302833,57669,55226,1625,56851,877
2020-10-27,San Francisco,075,870044,12506,12218,50,12268,140
2020-10-27,San Joaquin,077,732212,22206,21637,219,21856,496
2020-10-27,San Luis Obispo,079,281455,4412,4148,32,4180,31
2020-10-27,San Mateo,081,765935,11542,11074,9,11083,156
2020-10-27,Santa Barbara,083,443738,10821,9874,93,9967,125
2020-10-27,Santa Clara,085,1922200,25943,24368,49,24417,367
2020-10-27,Santa Cruz,087,273765,2948,2815,34,2849,24
2020-10-27,Shasta,089,179085,2358,1962,20,1982,29
2020-10-27,Sierra,091,2930,6,6,0,6,0
2020-10-27,Siskiyou,093,43540,217,181,10,191,0
2020-10-27,Solano,095,438530,7634,7298,41,7339,77
2020-10-27,Sonoma,097,501317,9828,9389,27,9416,140
2020-10-27,Stanislaus,099,539301,17923,17720,783,18503,408
2020-10-27,Sutter,101,95872,1902,1832,1,1833,12
2020-10-27,Tehama,103,63373,970,913,2,915,5
2020-10-27,Trinity,105,12862,91,28,11,39,0
2020-10-27,Tulare,107,460477,18162,17520,407,17927,296
2020-10-27,Tuolumne,109,53932,295,275,3,278,4
2020-10-27,Ventura,111,848112,15182,14347,333,14680,153
2020-10-27,Yolo,113,214977,3321,3216,9,3225,58
2020-10-27,Yuba,115,75493,1284,1235,6,1241,10
2020-10-26,Alameda,001,1643700,23941,23284,229,23513,398
2020-10-26,Alpine,003,1148,4,3,0,3,0
2020-10-26,Amador,005,37829,357,331,0,331,16
2020-10-26,Butte,007,227075,3235,3095,31,3126,56
2020-10-26,Calaveras,009,45235,338,274,0,274,13
2020-10-26,Colusa,011,21464,559,548,1,549,6
2020-10-26,Contra Costa,013,1133247,19272,18718,93,18811,245
2020-10-26,Del Norte,015,27424,179,171,0,171,2
2020-10-26,El Dorado,017,186661,1443,1336,3,1339,4
2020-10-26,Fresno,019,978130,33799,30969,501,31470,441
2020-10-26,Glenn,021,27897,688,660,1,661,3
2020-10-26,Humboldt,023,135768,569,554,1,555,7
2020-10-26,Imperial,025,180216,13024,12654,23,12677,333
2020-10-26,Inyo,027,18085,248,226,5,231,14
2020-10-26,Kern,029,883053,34178,33233,423,33656,432
2020-10-26,Kings,031,150075,8760,8264,58,8322,82
2020-10-26,Lake,033,64148,738,697,0,697,15
2020-10-26,Lassen,035,31185,777,764,2,766,0
2020-10-26,Los Angeles,037,10098052,305081,297961,2948,300909,6979
2020-10-26,Madera,039,155013,5101,4922,43,4965,53
2020-10-26,Marin,041,260295,7155,7064,19,7083,104
2020-10-26,Mariposa,043,17540,80,77,0,77,2
2020-10-26,Mendocino,045,87422,1096,1026,2,1028,20
2020-10-26,Merced,047,269075,9638,9375,38,9413,150
2020-10-26,Modoc,049,8938,44,28,0,28,0
2020-10-26,Mono,051,14174,217,167,5,172,1
2020-10-26,Monterey,053,433212,11584,11207,68,11275,87
2020-10-26,Napa,055,140530,2095,1966,8,1974,14
2020-10-26,Nevada,057,99092,657,618,19,637,8
2020-10-26,Orange,059,3164182,61281,58377,1774,60151,1442
2020-10-26,Placer,061,380077,4472,4161,15,4176,57
2020-10-26,Plumas,063,18699,84,63,0,63,0
2020-10-26,Riverside,065,2383286,68272,66475,386,66861,1294
2020-10-26,Sacramento,067,1510023,26092,25555,31,25586,496
2020-10-26,San Benito,069,59416,1444,1424,1,1425,15
2020-10-26,San Bernardino,071,2135413,64813,61871,464,62335,1153
2020-10-26,San Diego,073,3302833,57276,54957,1587,56544,870
2020-10-26,San Francisco,075,870044,12446,12072,50,12122,138
2020-10-26,San Joaquin,077,732212,22123,21459,213,21672,495
2020-10-26,San Luis Obispo,079,281455,4387,4133,32,4165,31
2020-10-26,San Mateo,081,765935,11498,11037,9,11046,156
2020-10-26,Santa Barbara,083,443738,10797,9827,93,9920,122
2020-10-26,Santa Clara,085,1922200,25753,24258,48,24306,365
2020-10-26,Santa Cruz,087,273765,2922,2808,34,2842,24
2020-10-26,Shasta,089,179085,2305,1889,20,1909,29
2020-10-26,Sierra,091,2930,6,6,0,6,0
2020-10-26,Siskiyou,093,43540,209,179,10,189,0
2020-10-26,Solano,095,438530,7554,7271,41,7312,62
2020-10-26,Sonoma,097,501317,9748,9315,27,9342,140
2020-10-26,Stanislaus,099,539301,17873,17666,773,18439,400
2020-10-26,Sutter,101,95872,1894,1817,1,1818,12
2020-10-26,Tehama,103,63373,950,892,2,894,5
2020-10-26,Trinity,105,12862,90,26,11,37,0
2020-10-26,Tulare,107,460477,18085,17432,384,17816,296
2020-10-26,Tuolumne,109,53932,286,271,3,274,4
2020-10-26,Ventura,111,848112,15112,14330,330,14660,154
2020-10-26,Yolo,113,214977,3302,3206,9,3215,58
2020-10-26,Yuba,115,75493,1268,1226,6,1232,10
2020-10-25,Alameda,001,1643700,23835,23192,229,23421,398
2020-10-25,Alpine,003,1148,3,3,0,3,0
2020-10-25,Amador,005,37829,346,330,0,330,16
2020-10-25,Butte,007,227075,3216,3087,31,3118,56
2020-10-25,Calaveras,009,45235,337,274,0,274,13
2020-10-25,Colusa,011,21464,555,548,1,549,6
2020-10-25,Contra Costa,013,1133247,19171,18640,93,18733,245
2020-10-25,Del Norte,015,27424,175,171,0,171,2
2020-10-25,El Dorado,017,186661,1428,1328,3,1331,4
2020-10-25,Fresno,019,978130,33665,30858,488,31346,441
2020-10-25,Glenn,021,27897,685,652,1,653,3
2020-10-25,Humboldt,023,135768,566,554,1,555,7
2020-10-25,Imperial,025,180216,12974,12572,23,12595,333
2020-10-25,Inyo,027,18085,245,226,5,231,14
2020-10-25,Kern,029,883053,34071,33185,419,33604,432
2020-10-25,Kings,031,150075,8727,8246,56,8302,82
2020-10-25,Lake,033,64148,721,695,0,695,15
2020-10-25,Lassen,035,31185,774,764,2,766,0
2020-10-25,Los Angeles,037,10098052,303519,297110,2911,300021,6973
2020-10-25,Madera,039,155013,5071,4909,38,4947,53
2020-10-25,Marin,041,260295,7145,7052,19,7071,102
2020-10-25,Mariposa,043,17540,80,77,0,77,2
2020-10-25,Mendocino,045,87422,1089,1024,2,1026,20
2020-10-25,Merced,047,269075,9573,9352,36,9388,150
2020-10-25,Modoc,049,8938,39,28,0,28,0
2020-10-25,Mono,051,14174,209,167,5,172,1
2020-10-25,Monterey,053,433212,11501,11182,63,11245,87
2020-10-25,Napa,055,140530,2065,1962,8,1970,14
2020-10-25,Nevada,057,99092,649,616,19,635,8
2020-10-25,Orange,059,3164182,60992,58185,1765,59950,1443
2020-10-25,Placer,061,380077,4420,4140,15,4155,57
2020-10-25,Plumas,063,18699,84,63,0,63,0
2020-10-25,Riverside,065,2383286,67819,66192,371,66563,1289
2020-10-25,Sacramento,067,1510023,25876,25445,28,25473,496
2020-10-25,San Benito,069,59416,1437,1423,1,1424,15
2020-10-25,San Bernardino,071,2135413,64272,61551,452,62003,1153
2020-10-25,San Diego,073,3302833,56813,54599,1555,56154,870
2020-10-25,San Francisco,075,870044,12373,12072,50,12122,137
2020-10-25,San Joaquin,077,732212,22015,21459,205,21664,495
2020-10-25,San Luis Obispo,079,281455,4345,4126,30,4156,31
2020-10-25,San Mateo,081,765935,11453,10987,9,10996,156
2020-10-25,Santa Barbara,083,443738,10777,9814,93,9907,122
2020-10-25,Santa Clara,085,1922200,25565,24087,48,24135,365
2020-10-25,Santa Cruz,087,273765,2895,2789,34,2823,24
2020-10-25,Shasta,089,179085,2241,1889,20,1909,29
2020-10-25,Sierra,091,2930,6,6,0,6,0
2020-10-25,Siskiyou,093,43540,206,176,10,186,0
2020-10-25,Solano,095,438530,7476,7197,41,7238,60
2020-10-25,Sonoma,097,501317,9655,9235,26,9261,140
2020-10-25,Stanislaus,099,539301,17816,17641,763,18404,400
2020-10-25,Sutter,101,95872,1876,1811,1,1812,12
2020-10-25,Tehama,103,63373,933,880,2,882,5
2020-10-25,Trinity,105,12862,86,26,11,37,0
2020-10-25,Tulare,107,460477,18012,17431,374,17805,296
2020-10-25,Tuolumne,109,53932,281,271,3,274,4
2020-10-25,Ventura,111,848112,15019,14300,324,14624,154
2020-10-25,Yolo,113,214977,3281,3190,9,3199,58
2020-10-25,Yuba,115,75493,1260,1219,6,1225,10
2020-10-24,Alameda,001,1643700,23765,23099,226,23325,398
2020-10-24,Alpine,003,1148,3,3,0,3,0
2020-10-24,Amador,005,37829,345,328,0,328,16
2020-10-24,Butte,007,227075,3207,3078,31,3109,56
2020-10-24,Calaveras,009,45235,335,274,0,274,13
2020-10-24,Colusa,011,21464,550,548,1,549,6
2020-10-24,Contra Costa,013,1133247,19104,18567,93,18660,244
2020-10-24,Del Norte,015,27424,174,171,0,171,2
2020-10-24,El Dorado,017,186661,1412,1317,3,1320,4
2020-10-24,Fresno,019,978130,33604,30752,483,31235,441
2020-10-24,Glenn,021,27897,682,650,1,651,3
2020-10-24,Humboldt,023,135768,564,553,1,554,7
2020-10-24,Imperial,025,180216,12947,12469,23,12492,333
2020-10-24,Inyo,027,18085,245,226,5,231,14
2020-10-24,Kern,029,883053,34013,33105,413,33518,432
2020-10-24,Kings,031,150075,8717,8228,55,8283,82
2020-10-24,Lake,033,64148,716,696,0,696,15
2020-10-24,Lassen,035,31185,773,764,2,766,0
2020-10-24,Los Angeles,037,10098052,302699,296323,2889,299212,6969
2020-10-24,Madera,039,155013,5058,4898,37,4935,53
2020-10-24,Marin,041,260295,7136,7042,19,7061,102
2020-10-24,Mariposa,043,17540,80,77,0,77,2
2020-10-24,Mendocino,045,87422,1077,1022,2,1024,20
2020-10-24,Merced,047,269075,9549,9351,36,9387,150
2020-10-24,Modoc,049,8938,38,28,0,28,0
2020-10-24,Mono,051,14174,195,167,5,172,1
2020-10-24,Monterey,053,433212,11432,11153,62,11215,87
2020-10-24,Napa,055,140530,2048,1957,8,1965,14
2020-10-24,Nevada,057,99092,645,608,19,627,8
2020-10-24,Orange,059,3164182,60837,57928,1755,59683,1441
2020-10-24,Placer,061,380077,4389,4093,15,4108,57
2020-10-24,Plumas,063,18699,78,63,0,63,0
2020-10-24,Riverside,065,2383286,67609,65902,357,66259,1288
2020-10-24,Sacramento,067,1510023,25795,25372,28,25400,496
2020-10-24,San Benito,069,59416,1432,1417,1,1418,15
2020-10-24,San Bernardino,071,2135413,64032,61351,443,61794,1153
2020-10-24,San Diego,073,3302833,56536,54330,1542,55872,868
2020-10-24,San Francisco,075,870044,12315,12073,49,12122,137
2020-10-24,San Joaquin,077,732212,21963,21458,200,21658,495
2020-10-24,San Luis Obispo,079,281455,4320,4119,29,4148,31
2020-10-24,San Mateo,081,765935,11414,10942,9,10951,155
2020-10-24,Santa Barbara,083,443738,10760,9781,93,9874,122
2020-10-24,Santa Clara,085,1922200,25478,23978,48,24026,365
2020-10-24,Santa Cruz,087,273765,2876,2775,34,2809,24
2020-10-24,Shasta,089,179085,2196,1878,20,1898,29
2020-10-24,Sierra,091,2930,6,6,0,6,0
2020-10-24,Siskiyou,093,43540,205,174,10,184,0
2020-10-24,Solano,095,438530,7423,7189,41,7230,60
2020-10-24,Sonoma,097,501317,9621,9179,26,9205,140
2020-10-24,Stanislaus,099,539301,17772,17574,747,18321,400
2020-10-24,Sutter,101,95872,1867,1804,1,1805,12
2020-10-24,Tehama,103,63373,925,872,2,874,5
2020-10-24,Trinity,105,12862,86,25,11,36,0
2020-10-24,Tulare,107,460477,17989,17406,363,17769,295
2020-10-24,Tuolumne,109,53932,278,269,3,272,4
2020-10-24,Ventura,111,848112,14966,14240,323,14563,154
2020-10-24,Yolo,113,214977,3269,3164,9,3173,57
2020-10-24,Yuba,115,75493,1257,1210,6,1216,10
2020-10-23,Alameda,001,1643700,23693,23047,224,23271,393
2020-10-23,Alpine,003,1148,3,3,0,3,0
2020-10-23,Amador,005,37829,344,324,0,324,16
2020-10-23,Butte,007,227075,3198,3059,31,3090,55
2020-10-23,Calaveras,009,45235,334,273,0,273,13
2020-10-23,Colusa,011,21464,550,547,1,548,6
2020-10-23,Contra Costa,013,1133247,19034,18483,92,18575,244
2020-10-23,Del Norte,015,27424,174,171,0,171,2
2020-10-23,El Dorado,017,186661,1403,1310,3,1313,4
2020-10-23,Fresno,019,978130,33537,30590,479,31069,441
2020-10-23,Glenn,021,27897,679,644,1,645,3
2020-10-23,Humboldt,023,135768,562,553,1,554,7
2020-10-23,Imperial,025,180216,12916,12398,22,12420,333
2020-10-23,Inyo,027,18085,244,226,5,231,14
2020-10-23,Kern,029,883053,33945,33077,408,33485,431
2020-10-23,Kings,031,150075,8708,8218,55,8273,82
2020-10-23,Lake,033,64148,714,689,0,689,15
2020-10-23,Lassen,035,31185,772,764,2,766,0
2020-10-23,Los Angeles,037,10098052,301617,294287,2861,297148,6956
2020-10-23,Madera,039,155013,5053,4888,37,4925,53
2020-10-23,Marin,041,260295,7123,7029,19,7048,102
2020-10-23,Mariposa,043,17540,80,77,0,77,2
2020-10-23,Mendocino,045,87422,1074,1019,2,1021,20
2020-10-23,Merced,047,269075,9535,9327,36,9363,149
2020-10-23,Modoc,049,8938,38,28,0,28,0
2020-10-23,Mono,051,14174,194,159,5,164,1
2020-10-23,Monterey,053,433212,11385,11099,58,11157,86
2020-10-23,Napa,055,140530,2040,1942,8,1950,14
2020-10-23,Nevada,057,99092,642,604,19,623,8
2020-10-23,Orange,059,3164182,60666,57595,1740,59335,1430
2020-10-23,Placer,061,380077,4343,4073,15,4088,57
2020-10-23,Plumas,063,18699,75,63,0,63,0
2020-10-23,Riverside,065,2383286,67370,65512,349,65861,1279
2020-10-23,Sacramento,067,1510023,25689,25224,28,25252,496
2020-10-23,San Benito,069,59416,1430,1412,1,1413,15
2020-10-23,San Bernardino,071,2135413,63745,60854,429,61283,1150
2020-10-23,San Diego,073,3302833,56230,53944,1515,55459,867
2020-10-23,San Francisco,075,870044,12284,12015,49,12064,137
2020-10-23,San Joaquin,077,732212,21907,21361,194,21555,495
2020-10-23,San Luis Obispo,079,281455,4294,4102,29,4131,31
2020-10-23,San Mateo,081,765935,11365,10872,9,10881,155
2020-10-23,Santa Barbara,083,443738,10744,9751,93,9844,121
2020-10-23,Santa Clara,085,1922200,25376,23822,48,23870,364
2020-10-23,Santa Cruz,087,273765,2862,2757,34,2791,24
2020-10-23,Shasta,089,179085,2160,1846,19,1865,29
2020-10-23,Sierra,091,2930,6,6,0,6,0
2020-10-23,Siskiyou,093,43540,201,172,10,182,0
2020-10-23,Solano,095,438530,7392,7174,41,7215,59
2020-10-23,Sonoma,097,501317,9565,9112,26,9138,139
2020-10-23,Stanislaus,099,539301,17735,17496,740,18236,395
2020-10-23,Sutter,101,95872,1860,1797,1,1798,12
2020-10-23,Tehama,103,63373,916,862,2,864,5
2020-10-23,Trinity,105,12862,86,26,11,37,0
2020-10-23,Tulare,107,460477,17944,17334,351,17685,295
2020-10-23,Tuolumne,109,53932,276,254,3,257,4
2020-10-23,Ventura,111,848112,14937,14192,323,14515,155
2020-10-23,Yolo,113,214977,3257,3140,9,3149,57
2020-10-23,Yuba,115,75493,1253,1206,6,1212,10
2020-10-22,Alameda,001,1643700,23590,22915,224,23139,393
2020-10-22,Alpine,003,1148,3,3,0,3,0
2020-10-22,Amador,005,37829,340,317,0,317,16
2020-10-22,Butte,007,227075,3188,3046,29,3075,55
2020-10-22,Calaveras,009,45235,331,273,0,273,13
2020-10-22,Colusa,011,21464,550,547,1,548,6
2020-10-22,Contra Costa,013,1133247,18962,18393,92,18485,243
2020-10-22,Del Norte,015,27424,173,168,0,168,2
2020-10-22,El Dorado,017,186661,1393,1308,3,1311,4
2020-10-22,Fresno,019,978130,33425,30471,469,30940,438
2020-10-22,Glenn,021,27897,672,643,1,644,3
2020-10-22,Humboldt,023,135768,561,548,1,549,7
2020-10-22,Imperial,025,180216,12863,12311,21,12332,333
2020-10-22,Inyo,027,18085,241,220,5,225,14
2020-10-22,Kern,029,883053,33864,32991,405,33396,431
2020-10-22,Kings,031,150075,8457,8201,55,8256,82
2020-10-22,Lake,033,64148,710,678,0,678,15
2020-10-22,Lassen,035,31185,769,764,2,766,0
2020-10-22,Los Angeles,037,10098052,300242,291599,2802,294401,6935
2020-10-22,Madera,039,155013,5032,4847,37,4884,52
2020-10-22,Marin,041,260295,7116,7014,19,7033,102
2020-10-22,Mariposa,043,17540,80,77,0,77,2
2020-10-22,Mendocino,045,87422,1069,1016,2,1018,20
2020-10-22,Merced,047,269075,9507,9323,36,9359,149
2020-10-22,Modoc,049,8938,34,26,0,26,0
2020-10-22,Mono,051,14174,189,156,5,161,1
2020-10-22,Monterey,053,433212,11326,11059,55,11114,84
2020-10-22,Napa,055,140530,2025,1928,8,1936,14
2020-10-22,Nevada,057,99092,636,600,19,619,8
2020-10-22,Orange,059,3164182,60451,57418,1723,59141,1422
2020-10-22,Placer,061,380077,4294,4036,15,4051,57
2020-10-22,Plumas,063,18699,72,62,0,62,0
2020-10-22,Riverside,065,2383286,67036,65104,329,65433,1279
2020-10-22,Sacramento,067,1510023,25549,25054,28,25082,492
2020-10-22,San Benito,069,59416,1426,1403,1,1404,15
2020-10-22,San Bernardino,071,2135413,63343,60402,414,60816,1149
2020-10-22,San Diego,073,3302833,55843,53514,1496,55010,866
2020-10-22,San Francisco,075,870044,12226,11991,47,12038,137
2020-10-22,San Joaquin,077,732212,21834,21282,188,21470,495
2020-10-22,San Luis Obispo,079,281455,4278,4081,29,4110,31
2020-10-22,San Mateo,081,765935,11309,10796,9,10805,155
2020-10-22,Santa Barbara,083,443738,10710,9710,91,9801,120
2020-10-22,Santa Clara,085,1922200,25222,23621,48,23669,363
2020-10-22,Santa Cruz,087,273765,2844,2738,33,2771,24
2020-10-22,Shasta,089,179085,2114,1799,19,1818,29
2020-10-22,Sierra,091,2930,6,6,0,6,0
2020-10-22,Siskiyou,093,43540,201,169,10,179,0
2020-10-22,Solano,095,438530,7346,7116,41,7157,59
2020-10-22,Sonoma,097,501317,9499,9052,25,9077,139
2020-10-22,Stanislaus,099,539301,17681,17440,728,18168,395
2020-10-22,Sutter,101,95872,1846,1794,1,1795,12
2020-10-22,Tehama,103,63373,905,852,2,854,5
2020-10-22,Trinity,105,12862,85,26,11,37,0
2020-10-22,Tulare,107,460477,17878,17265,338,17603,293
2020-10-22,Tuolumne,109,53932,274,252,3,255,4
2020-10-22,Ventura,111,848112,14890,14124,321,14445,154
2020-10-22,Yolo,113,214977,3245,3116,9,3125,58
2020-10-22,Yuba,115,75493,1246,1199,5,1204,10
2020-10-21,Alameda,001,1643700,23502,22853,222,23075,392
2020-10-21,Alpine,003,1148,3,3,0,3,0
2020-10-21,Amador,005,37829,335,313,0,313,16
2020-10-21,Butte,007,227075,3176,3041,29,3070,55
2020-10-21,Calaveras,009,45235,330,272,0,272,13
2020-10-21,Colusa,011,21464,550,546,1,547,6
2020-10-21,Contra Costa,013,1133247,18888,18299,92,18391,243
2020-10-21,Del Norte,015,27424,173,169,0,169,2
2020-10-21,El Dorado,017,186661,1381,1305,2,1307,4
2020-10-21,Fresno,019,978130,33329,30328,465,30793,433
2020-10-21,Glenn,021,27897,667,640,1,641,3
2020-10-21,Humboldt,023,135768,560,548,1,549,7
2020-10-21,Imperial,025,180216,12806,12210,21,12231,331
2020-10-21,Inyo,027,18085,237,220,5,225,14
2020-10-21,Kern,029,883053,33789,32956,404,33360,430
2020-10-21,Kings,031,150075,8430,8186,55,8241,80
2020-10-21,Lake,033,64148,709,676,0,676,15
2020-10-21,Lassen,035,31185,768,764,2,766,0
2020-10-21,Los Angeles,037,10098052,298903,288096,2759,290855,6923
2020-10-21,Madera,039,155013,5007,4831,37,4868,52
2020-10-21,Marin,041,260295,7107,7002,19,7021,102
2020-10-21,Mariposa,043,17540,80,77,0,77,2
2020-10-21,Mendocino,045,87422,1067,1011,2,1013,21
2020-10-21,Merced,047,269075,9483,9319,34,9353,149
2020-10-21,Modoc,049,8938,33,26,0,26,0
2020-10-21,Mono,051,14174,187,156,5,161,1
2020-10-21,Monterey,053,433212,11288,11005,54,11059,83
2020-10-21,Napa,055,140530,2009,1918,8,1926,13
2020-10-21,Nevada,057,99092,630,597,19,616,8
2020-10-21,Orange,059,3164182,60238,57189,1714,58903,1409
2020-10-21,Placer,061,380077,4257,4007,15,4022,56
2020-10-21,Plumas,063,18699,69,58,0,58,0
2020-10-21,Riverside,065,2383286,66739,64778,306,65084,1278
2020-10-21,Sacramento,067,1510023,25355,24908,28,24936,490
2020-10-21,San Benito,069,59416,1425,1401,1,1402,14
2020-10-21,San Bernardino,071,2135413,62935,59948,407,60355,1141
2020-10-21,San Diego,073,3302833,55491,53279,1468,54747,863
2020-10-21,San Francisco,075,870044,12177,11976,46,12022,137
2020-10-21,San Joaquin,077,732212,21758,21201,182,21383,495
2020-10-21,San Luis Obispo,079,281455,4264,4055,27,4082,31
2020-10-21,San Mateo,081,765935,11260,10730,9,10739,155
2020-10-21,Santa Barbara,083,443738,10692,9681,90,9771,121
2020-10-21,Santa Clara,085,1922200,25096,23537,48,23585,361
2020-10-21,Santa Cruz,087,273765,2821,2729,33,2762,24
2020-10-21,Shasta,089,179085,2077,1777,19,1796,27
2020-10-21,Sierra,091,2930,6,6,0,6,0
2020-10-21,Siskiyou,093,43540,197,169,10,179,0
2020-10-21,Solano,095,438530,7300,7088,41,7129,59
2020-10-21,Sonoma,097,501317,9419,8987,25,9012,138
2020-10-21,Stanislaus,099,539301,17631,17419,720,18139,392
2020-10-21,Sutter,101,95872,1831,1786,1,1787,12
2020-10-21,Tehama,103,63373,889,824,2,826,5
2020-10-21,Trinity,105,12862,79,25,10,35,0
2020-10-21,Tulare,107,460477,17840,17204,324,17528,292
2020-10-21,Tuolumne,109,53932,273,251,3,254,4
2020-10-21,Ventura,111,848112,14827,14050,318,14368,153
2020-10-21,Yolo,113,214977,3226,3095,9,3104,58
2020-10-21,Yuba,115,75493,1237,1194,5,1199,10
2020-10-20,Alameda,001,1643700,23399,22750,218,22968,391
2020-10-20,Alpine,003,1148,3,3,0,3,0
2020-10-20,Amador,005,37829,334,313,0,313,16
2020-10-20,Butte,007,227075,3164,3027,29,3056,56
2020-10-20,Calaveras,009,45235,329,273,0,273,13
2020-10-20,Colusa,011,21464,547,546,1,547,6
2020-10-20,Contra Costa,013,1133247,18796,18246,92,18338,241
2020-10-20,Del Norte,015,27424,172,169,0,169,2
2020-10-20,El Dorado,017,186661,1375,1295,2,1297,4
2020-10-20,Fresno,019,978130,33226,30220,459,30679,431
2020-10-20,Glenn,021,27897,662,638,1,639,3
2020-10-20,Humboldt,023,135768,556,545,1,546,7
2020-10-20,Imperial,025,180216,12737,12114,21,12135,330
2020-10-20,Inyo,027,18085,237,218,5,223,14
2020-10-20,Kern,029,883053,33714,32889,391,33280,429
2020-10-20,Kings,031,150075,8412,8178,54,8232,80
2020-10-20,Lake,033,64148,707,675,0,675,15
2020-10-20,Lassen,035,31185,767,757,2,759,0
2020-10-20,Los Angeles,037,10098052,297412,287727,2708,290435,6891
2020-10-20,Madera,039,155013,4990,4823,37,4860,52
2020-10-20,Marin,041,260295,7092,6994,19,7013,101
2020-10-20,Mariposa,043,17540,79,77,0,77,2
2020-10-20,Mendocino,045,87422,1065,1004,2,1006,21
2020-10-20,Merced,047,269075,9461,9323,34,9357,149
2020-10-20,Modoc,049,8938,32,26,0,26,0
2020-10-20,Mono,051,14174,187,156,5,161,1
2020-10-20,Monterey,053,433212,11245,10942,51,10993,81
2020-10-20,Napa,055,140530,1990,1912,8,1920,13
2020-10-20,Nevada,057,99092,620,596,19,615,8
2020-10-20,Orange,059,3164182,59974,56914,1704,58618,1397
2020-10-20,Placer,061,380077,4219,3997,15,4012,56
2020-10-20,Plumas,063,18699,66,53,0,53,0
2020-10-20,Riverside,065,2383286,66357,64452,294,64746,1275
2020-10-20,Sacramento,067,1510023,25228,24767,27,24794,485
2020-10-20,San Benito,069,59416,1422,1398,1,1399,14
2020-10-20,San Bernardino,071,2135413,62553,59571,405,59976,1109
2020-10-20,San Diego,073,3302833,55155,53004,1448,54452,857
2020-10-20,San Francisco,075,870044,12130,12013,45,12058,126
2020-10-20,San Joaquin,077,732212,21679,21173,172,21345,490
2020-10-20,San Luis Obispo,079,281455,4246,4043,26,4069,31
2020-10-20,San Mateo,081,765935,11213,10659,9,10668,155
2020-10-20,Santa Barbara,083,443738,10663,9664,88,9752,121
2020-10-20,Santa Clara,085,1922200,24959,23406,48,23454,358
2020-10-20,Santa Cruz,087,273765,2798,2710,33,2743,23
2020-10-20,Shasta,089,179085,2054,1747,19,1766,20
2020-10-20,Sierra,091,2930,6,6,0,6,0
2020-10-20,Siskiyou,093,43540,189,168,10,178,0
2020-10-20,Solano,095,438530,7251,7044,41,7085,57
2020-10-20,Sonoma,097,501317,9356,8904,23,8927,135
2020-10-20,Stanislaus,099,539301,17577,17367,716,18083,393
2020-10-20,Sutter,101,95872,1822,1783,1,1784,12
2020-10-20,Tehama,103,63373,874,813,2,815,5
2020-10-20,Trinity,105,12862,78,25,10,35,0
2020-10-20,Tulare,107,460477,17773,17156,319,17475,289
2020-10-20,Tuolumne,109,53932,271,250,3,253,4
2020-10-20,Ventura,111,848112,14763,13980,316,14296,152
2020-10-20,Yolo,113,214977,3203,3083,9,3092,56
2020-10-20,Yuba,115,75493,1227,1191,5,1196,10
2020-10-19,Alameda,001,1643700,23288,22647,217,22864,392
2020-10-19,Alpine,003,1148,3,3,0,3,0
2020-10-19,Amador,005,37829,328,313,0,313,16
2020-10-19,Butte,007,227075,3153,3026,29,3055,55
2020-10-19,Calaveras,009,45235,328,268,0,268,13
2020-10-19,Colusa,011,21464,547,544,1,545,6
2020-10-19,Contra Costa,013,1133247,18698,18173,92,18265,239
2020-10-19,Del Norte,015,27424,169,167,0,167,2
2020-10-19,El Dorado,017,186661,1354,1287,2,1289,4
2020-10-19,Fresno,019,978130,33117,30152,453,30605,431
2020-10-19,Glenn,021,27897,657,635,0,635,3
2020-10-19,Humboldt,023,135768,556,543,1,544,7
2020-10-19,Imperial,025,180216,12683,12036,20,12056,330
2020-10-19,Inyo,027,18085,236,218,5,223,14
2020-10-19,Kern,029,883053,33638,32840,388,33228,428
2020-10-19,Kings,031,150075,8394,8173,54,8227,80
2020-10-19,Lake,033,64148,704,673,0,673,15
2020-10-19,Lassen,035,31185,766,757,2,759,0
2020-10-19,Los Angeles,037,10098052,295925,287119,2670,289789,6858
2020-10-19,Madera,039,155013,4975,4787,37,4824,52
2020-10-19,Marin,041,260295,7074,6981,19,7000,100
2020-10-19,Mariposa,043,17540,79,77,0,77,2
2020-10-19,Mendocino,045,87422,1060,1001,2,1003,21
2020-10-19,Merced,047,269075,9436,9305,30,9335,148
2020-10-19,Modoc,049,8938,31,26,0,26,0
2020-10-19,Mono,051,14174,182,156,5,161,1
2020-10-19,Monterey,053,433212,11184,10907,51,10958,80
2020-10-19,Napa,055,140530,1976,1892,8,1900,12
2020-10-19,Nevada,057,99092,617,590,19,609,8
2020-10-19,Orange,059,3164182,59688,56652,1689,58341,1396
2020-10-19,Placer,061,380077,4171,3962,15,3977,49
2020-10-19,Plumas,063,18699,64,52,0,52,0
2020-10-19,Riverside,065,2383286,65926,64016,278,64294,1272
2020-10-19,Sacramento,067,1510023,25089,24542,27,24569,483
2020-10-19,San Benito,069,59416,1415,1395,1,1396,14
2020-10-19,San Bernardino,071,2135413,62103,59265,394,59659,1100
2020-10-19,San Diego,073,3302833,54769,52739,1423,54162,853
2020-10-19,San Francisco,075,870044,12086,11879,45,11924,126
2020-10-19,San Joaquin,077,732212,21604,20930,164,21094,489
2020-10-19,San Luis Obispo,079,281455,4230,4016,26,4042,31
2020-10-19,San Mateo,081,765935,11167,10568,9,10577,154
2020-10-19,Santa Barbara,083,443738,10628,9632,88,9720,121
2020-10-19,Santa Clara,085,1922200,24808,23301,48,23349,352
2020-10-19,Santa Cruz,087,273765,2781,2705,33,2738,19
2020-10-19,Shasta,089,179085,2010,1709,18,1727,20
2020-10-19,Sierra,091,2930,6,6,0,6,0
2020-10-19,Siskiyou,093,43540,182,167,10,177,0
2020-10-19,Solano,095,438530,7210,7003,41,7044,57
2020-10-19,Sonoma,097,501317,9269,8830,23,8853,135
2020-10-19,Stanislaus,099,539301,17526,17342,706,18048,390
2020-10-19,Sutter,101,95872,1817,1773,1,1774,12
2020-10-19,Tehama,103,63373,871,793,2,795,5
2020-10-19,Trinity,105,12862,76,23,10,33,0
2020-10-19,Tulare,107,460477,17723,17047,312,17359,291
2020-10-19,Tuolumne,109,53932,269,247,3,250,4
2020-10-19,Ventura,111,848112,14697,13930,313,14243,152
2020-10-19,Yolo,113,214977,3190,3069,9,3078,56
2020-10-19,Yuba,115,75493,1220,1183,5,1188,10
2020-10-18,Alameda,001,1643700,23184,22546,216,22762,392
2020-10-18,Alpine,003,1148,3,3,0,3,0
2020-10-18,Amador,005,37829,316,313,0,313,16
2020-10-18,Butte,007,227075,3140,3019,29,3048,55
2020-10-18,Calaveras,009,45235,327,267,0,267,13
2020-10-18,Colusa,011,21464,545,544,1,545,6
2020-10-18,Contra Costa,013,1133247,18599,18120,92,18212,237
2020-10-18,Del Norte,015,27424,169,167,0,167,2
2020-10-18,El Dorado,017,186661,1345,1283,2,1285,4
2020-10-18,Fresno,019,978130,32988,30051,445,30496,430
2020-10-18,Glenn,021,27897,655,634,0,634,3
2020-10-18,Humboldt,023,135768,553,540,1,541,7
2020-10-18,Imperial,025,180216,12621,11987,18,12005,330
2020-10-18,Inyo,027,18085,233,215,5,220,14
2020-10-18,Kern,029,883053,33565,32799,381,33180,428
2020-10-18,Kings,031,150075,8379,8159,54,8213,80
2020-10-18,Lake,033,64148,697,670,0,670,15
2020-10-18,Lassen,035,31185,766,757,2,759,0
2020-10-18,Los Angeles,037,10098052,294219,286187,2627,288814,6857
2020-10-18,Madera,039,155013,4950,4770,36,4806,52
2020-10-18,Marin,041,260295,7053,6969,19,6988,99
2020-10-18,Mariposa,043,17540,79,77,0,77,2
2020-10-18,Mendocino,045,87422,1058,988,2,990,21
2020-10-18,Merced,047,269075,9401,9292,30,9322,148
2020-10-18,Modoc,049,8938,30,26,0,26,0
2020-10-18,Mono,051,14174,177,155,5,160,1
2020-10-18,Monterey,053,433212,11131,10872,51,10923,80
2020-10-18,Napa,055,140530,1963,1882,8,1890,12
2020-10-18,Nevada,057,99092,611,582,19,601,8
2020-10-18,Orange,059,3164182,59390,56394,1673,58067,1396
2020-10-18,Placer,061,380077,4123,3938,15,3953,49
2020-10-18,Plumas,063,18699,62,52,0,52,0
2020-10-18,Riverside,065,2383286,65614,63765,257,64022,1270
2020-10-18,Sacramento,067,1510023,24934,24425,27,24452,482
2020-10-18,San Benito,069,59416,1408,1395,1,1396,14
2020-10-18,San Bernardino,071,2135413,61603,58893,386,59279,1098
2020-10-18,San Diego,073,3302833,54380,52359,1402,53761,853
2020-10-18,San Francisco,075,870044,12047,11878,45,11923,126
2020-10-18,San Joaquin,077,732212,21521,20931,151,21082,489
2020-10-18,San Luis Obispo,079,281455,4199,4009,24,4033,31
2020-10-18,San Mateo,081,765935,11108,10503,9,10512,154
2020-10-18,Santa Barbara,083,443738,10589,9608,87,9695,121
2020-10-18,Santa Clara,085,1922200,24635,23169,48,23217,352
2020-10-18,Santa Cruz,087,273765,2767,2692,33,2725,19
2020-10-18,Shasta,089,179085,1985,1708,18,1726,20
2020-10-18,Sierra,091,2930,6,6,0,6,0
2020-10-18,Siskiyou,093,43540,182,167,10,177,0
2020-10-18,Solano,095,438530,7163,6962,41,7003,57
2020-10-18,Sonoma,097,501317,9192,8781,22,8803,134
2020-10-18,Stanislaus,099,539301,17470,17290,697,17987,390
2020-10-18,Sutter,101,95872,1808,1764,1,1765,12
2020-10-18,Tehama,103,63373,839,774,2,776,5
2020-10-18,Trinity,105,12862,76,20,10,30,0
2020-10-18,Tulare,107,460477,17629,17048,303,17351,290
2020-10-18,Tuolumne,109,53932,264,245,3,248,4
2020-10-18,Ventura,111,848112,14618,13901,312,14213,151
2020-10-18,Yolo,113,214977,3151,3059,9,3068,55
2020-10-18,Yuba,115,75493,1209,1176,5,1181,10
2020-10-17,Alameda,001,1643700,23138,22394,214,22608,398
2020-10-17,Alpine,003,1148,3,3,0,3,0
2020-10-17,Amador,005,37829,314,309,0,309,16
2020-10-17,Butte,007,227075,3132,3012,27,3039,55
2020-10-17,Calaveras,009,45235,327,267,0,267,13
2020-10-17,Colusa,011,21464,544,544,1,545,6
2020-10-17,Contra Costa,013,1133247,18546,18005,92,18097,237
2020-10-17,Del Norte,015,27424,169,167,0,167,2
2020-10-17,El Dorado,017,186661,1341,1277,2,1279,4
2020-10-17,Fresno,019,978130,32934,29911,443,30354,430
2020-10-17,Glenn,021,27897,652,633,0,633,3
2020-10-17,Humboldt,023,135768,550,535,1,536,7
2020-10-17,Imperial,025,180216,12593,11962,18,11980,330
2020-10-17,Inyo,027,18085,228,212,5,217,14
2020-10-17,Kern,029,883053,33514,32710,378,33088,428
2020-10-17,Kings,031,150075,8373,8151,53,8204,80
2020-10-17,Lake,033,64148,694,663,0,663,15
2020-10-17,Lassen,035,31185,766,757,2,759,0
2020-10-17,Los Angeles,037,10098052,293466,285858,2600,288458,6844
2020-10-17,Madera,039,155013,4944,4759,36,4795,53
2020-10-17,Marin,041,260295,7050,6958,19,6977,99
2020-10-17,Mariposa,043,17540,78,77,0,77,2
2020-10-17,Mendocino,045,87422,1051,977,2,979,21
2020-10-17,Merced,047,269075,9387,9275,30,9305,148
2020-10-17,Modoc,049,8938,30,26,0,26,0
2020-10-17,Mono,051,14174,176,155,5,160,1
2020-10-17,Monterey,053,433212,11091,10807,50,10857,80
2020-10-17,Napa,055,140530,1956,1866,8,1874,12
2020-10-17,Nevada,057,99092,610,580,19,599,8
2020-10-17,Orange,059,3164182,59248,56197,1666,57863,1396
2020-10-17,Placer,061,380077,4096,3898,15,3913,49
2020-10-17,Plumas,063,18699,62,52,0,52,0
2020-10-17,Riverside,065,2383286,65416,63171,247,63418,1270
2020-10-17,Sacramento,067,1510023,24850,24304,27,24331,482
2020-10-17,San Benito,069,59416,1404,1389,1,1390,14
2020-10-17,San Bernardino,071,2135413,61333,58415,379,58794,1097
2020-10-17,San Diego,073,3302833,54155,51986,1391,53377,853
2020-10-17,San Francisco,075,870044,12019,11877,44,11921,126
2020-10-17,San Joaquin,077,732212,21467,20932,145,21077,489
2020-10-17,San Luis Obispo,079,281455,4184,3979,24,4003,31
2020-10-17,San Mateo,081,765935,11080,10423,9,10432,153
2020-10-17,Santa Barbara,083,443738,10570,9588,85,9673,121
2020-10-17,Santa Clara,085,1922200,24546,22997,48,23045,349
2020-10-17,Santa Cruz,087,273765,2753,2680,33,2713,19
2020-10-17,Shasta,089,179085,1959,1679,18,1697,20
2020-10-17,Sierra,091,2930,6,6,0,6,0
2020-10-17,Siskiyou,093,43540,181,167,10,177,0
2020-10-17,Solano,095,438530,7137,6929,41,6970,57
2020-10-17,Sonoma,097,501317,9149,8725,22,8747,134
2020-10-17,Stanislaus,099,539301,17430,17232,688,17920,390
2020-10-17,Sutter,101,95872,1806,1762,1,1763,12
2020-10-17,Tehama,103,63373,823,764,2,766,5
2020-10-17,Trinity,105,12862,76,20,10,30,0
2020-10-17,Tulare,107,460477,17599,16995,294,17289,290
2020-10-17,Tuolumne,109,53932,264,241,3,244,4
2020-10-17,Ventura,111,848112,14573,13845,309,14154,151
2020-10-17,Yolo,113,214977,3136,3045,7,3052,55
2020-10-17,Yuba,115,75493,1204,1164,5,1169,10
2020-10-16,Alameda,001,1643700,23084,22315,214,22529,397
2020-10-16,Alpine,003,1148,3,3,0,3,0
2020-10-16,Amador,005,37829,314,309,0,309,16
2020-10-16,Butte,007,227075,3121,3004,27,3031,54
2020-10-16,Calaveras,009,45235,327,267,0,267,13
2020-10-16,Colusa,011,21464,543,544,1,545,6
2020-10-16,Contra Costa,013,1133247,18493,17956,92,18048,237
2020-10-16,Del Norte,015,27424,169,166,0,166,2
2020-10-16,El Dorado,017,186661,1335,1273,2,1275,4
2020-10-16,Fresno,019,978130,32858,29796,442,30238,427
2020-10-16,Glenn,021,27897,647,632,0,632,3
2020-10-16,Humboldt,023,135768,550,533,1,534,7
2020-10-16,Imperial,025,180216,12553,11885,18,11903,330
2020-10-16,Inyo,027,18085,224,212,5,217,14
2020-10-16,Kern,029,883053,33471,32660,376,33036,428
2020-10-16,Kings,031,150075,8364,8146,52,8198,80
2020-10-16,Lake,033,64148,692,644,0,644,14
2020-10-16,Lassen,035,31185,766,757,2,759,0
2020-10-16,Los Angeles,037,10098052,292404,284988,2579,287567,6835
2020-10-16,Madera,039,155013,4932,4736,35,4771,53
2020-10-16,Marin,041,260295,7040,6933,19,6952,99
2020-10-16,Mariposa,043,17540,78,76,0,76,2
2020-10-16,Mendocino,045,87422,1044,974,2,976,21
2020-10-16,Merced,047,269075,9370,9246,30,9276,148
2020-10-16,Modoc,049,8938,30,26,0,26,0
2020-10-16,Mono,051,14174,174,155,5,160,1
2020-10-16,Monterey,053,433212,11056,10727,50,10777,79
2020-10-16,Napa,055,140530,1947,1855,8,1863,12
2020-10-16,Nevada,057,99092,608,579,19,598,8
2020-10-16,Orange,059,3164182,59070,56091,1660,57751,1388
2020-10-16,Placer,061,380077,4076,3864,15,3879,49
2020-10-16,Plumas,063,18699,61,52,0,52,0
2020-10-16,Riverside,065,2383286,65191,62986,246,63232,1267
2020-10-16,Sacramento,067,1510023,24756,24144,27,24171,479
2020-10-16,San Benito,069,59416,1401,1388,1,1389,14
2020-10-16,San Bernardino,071,2135413,61063,58233,379,58612,1069
2020-10-16,San Diego,073,3302833,53913,51785,1377,53162,850
2020-10-16,San Francisco,075,870044,11997,11840,43,11883,126
2020-10-16,San Joaquin,077,732212,21422,20910,144,21054,489
2020-10-16,San Luis Obispo,079,281455,4170,3952,24,3976,32
2020-10-16,San Mateo,081,765935,11055,10405,9,10414,153
2020-10-16,Santa Barbara,083,443738,10552,9549,85,9634,119
2020-10-16,Santa Clara,085,1922200,24459,22920,48,22968,345
2020-10-16,Santa Cruz,087,273765,2740,2666,33,2699,20
2020-10-16,Shasta,089,179085,1937,1660,18,1678,20
2020-10-16,Sierra,091,2930,6,6,0,6,0
2020-10-16,Siskiyou,093,43540,179,167,10,177,0
2020-10-16,Solano,095,438530,7114,6879,41,6920,55
2020-10-16,Sonoma,097,501317,9093,8652,22,8674,133
2020-10-16,Stanislaus,099,539301,17396,17201,680,17881,366
2020-10-16,Sutter,101,95872,1798,1756,1,1757,12
2020-10-16,Tehama,103,63373,822,737,2,739,3
2020-10-16,Trinity,105,12862,76,20,10,30,0
2020-10-16,Tulare,107,460477,17567,16965,286,17251,290
2020-10-16,Tuolumne,109,53932,261,237,3,240,4
2020-10-16,Ventura,111,848112,14530,13805,304,14109,152
2020-10-16,Yolo,113,214977,3127,3030,7,3037,55
2020-10-16,Yuba,115,75493,1204,1155,5,1160,10
2020-10-15,Alameda,001,1643700,23016,22267,213,22480,390
2020-10-15,Alpine,003,1148,3,3,0,3,0
2020-10-15,Amador,005,37829,314,309,0,309,16
2020-10-15,Butte,007,227075,3109,3000,26,3026,54
2020-10-15,Calaveras,009,45235,326,267,0,267,13
2020-10-15,Colusa,011,21464,542,543,1,544,6
2020-10-15,Contra Costa,013,1133247,18426,17893,91,17984,237
2020-10-15,Del Norte,015,27424,169,164,0,164,2
2020-10-15,El Dorado,017,186661,1330,1265,2,1267,4
2020-10-15,Fresno,019,978130,32761,29727,439,30166,425
2020-10-15,Glenn,021,27897,642,632,0,632,3
2020-10-15,Humboldt,023,135768,546,531,1,532,7
2020-10-15,Imperial,025,180216,12512,11820,17,11837,330
2020-10-15,Inyo,027,18085,224,210,5,215,14
2020-10-15,Kern,029,883053,33390,32593,373,32966,427
2020-10-15,Kings,031,150075,8349,8134,52,8186,80
2020-10-15,Lake,033,64148,690,642,0,642,14
2020-10-15,Lassen,035,31185,765,752,2,754,0
2020-10-15,Los Angeles,037,10098052,291121,284019,2544,286563,6807
2020-10-15,Madera,039,155013,4920,4723,34,4757,50
2020-10-15,Marin,041,260295,7032,6912,19,6931,99
2020-10-15,Mariposa,043,17540,78,76,0,76,2
2020-10-15,Mendocino,045,87422,1038,963,2,965,21
2020-10-15,Merced,047,269075,9343,9213,30,9243,147
2020-10-15,Modoc,049,8938,30,26,0,26,0
2020-10-15,Mono,051,14174,174,155,5,160,1
2020-10-15,Monterey,053,433212,10989,10677,49,10726,79
2020-10-15,Napa,055,140530,1934,1842,8,1850,12
2020-10-15,Nevada,057,99092,604,575,19,594,8
2020-10-15,Orange,059,3164182,58853,55952,1648,57600,1379
2020-10-15,Placer,061,380077,4047,3848,15,3863,48
2020-10-15,Plumas,063,18699,58,52,0,52,0
2020-10-15,Riverside,065,2383286,64860,62819,243,63062,1266
2020-10-15,Sacramento,067,1510023,24640,24068,27,24095,474
2020-10-15,San Benito,069,59416,1398,1384,1,1385,14
2020-10-15,San Bernardino,071,2135413,60724,58068,376,58444,1067
2020-10-15,San Diego,073,3302833,53629,51472,1361,52833,847
2020-10-15,San Francisco,075,870044,11969,11808,40,11848,126
2020-10-15,San Joaquin,077,732212,21349,20880,138,21018,487
2020-10-15,San Luis Obispo,079,281455,4155,3934,24,3958,32
2020-10-15,San Mateo,081,765935,11015,10340,9,10349,152
2020-10-15,Santa Barbara,083,443738,10528,9526,84,9610,117
2020-10-15,Santa Clara,085,1922200,24343,22808,48,22856,343
2020-10-15,Santa Cruz,087,273765,2726,2656,33,2689,13
2020-10-15,Shasta,089,179085,1926,1635,18,1653,20
2020-10-15,Sierra,091,2930,6,6,0,6,0
2020-10-15,Siskiyou,093,43540,175,166,10,176,0
2020-10-15,Solano,095,438530,7075,6830,41,6871,55
2020-10-15,Sonoma,097,501317,9001,8571,22,8593,133
2020-10-15,Stanislaus,099,539301,17358,17151,666,17817,366
2020-10-15,Sutter,101,95872,1795,1752,1,1753,12
2020-10-15,Tehama,103,63373,795,726,2,728,3
2020-10-15,Trinity,105,12862,76,20,10,30,0
2020-10-15,Tulare,107,460477,17507,16918,270,17188,289
2020-10-15,Tuolumne,109,53932,259,236,3,239,4
2020-10-15,Ventura,111,848112,14474,13750,299,14049,152
2020-10-15,Yolo,113,214977,3107,3014,7,3021,55
2020-10-15,Yuba,115,75493,1197,1151,5,1156,10
2020-10-14,Alameda,001,1643700,22917,22227,212,22439,398
2020-10-14,Alpine,003,1148,3,3,0,3,0
2020-10-14,Amador,005,37829,312,308,0,308,16
2020-10-14,Butte,007,227075,3101,2995,26,3021,54
2020-10-14,Calaveras,009,45235,326,266,0,266,12
2020-10-14,Colusa,011,21464,542,543,1,544,6
2020-10-14,Contra Costa,013,1133247,18369,17820,89,17909,236
2020-10-14,Del Norte,015,27424,168,163,0,163,2
2020-10-14,El Dorado,017,186661,1324,1264,2,1266,4
2020-10-14,Fresno,019,978130,32646,29650,432,30082,424
2020-10-14,Glenn,021,27897,641,629,0,629,3
2020-10-14,Humboldt,023,135768,543,531,1,532,7
2020-10-14,Imperial,025,180216,12475,11765,15,11780,330
2020-10-14,Inyo,027,18085,223,209,4,213,14
2020-10-14,Kern,029,883053,33315,32528,371,32899,425
2020-10-14,Kings,031,150075,8331,8118,52,8170,80
2020-10-14,Lake,033,64148,689,642,0,642,14
2020-10-14,Lassen,035,31185,763,752,2,754,0
2020-10-14,Los Angeles,037,10098052,289808,282918,2500,285418,6786
2020-10-14,Madera,039,155013,4905,4713,33,4746,50
2020-10-14,Marin,041,260295,7026,6907,19,6926,99
2020-10-14,Mariposa,043,17540,77,76,0,76,2
2020-10-14,Mendocino,045,87422,1032,955,2,957,21
2020-10-14,Merced,047,269075,9318,9201,28,9229,147
2020-10-14,Modoc,049,8938,30,27,0,27,0
2020-10-14,Mono,051,14174,174,155,5,160,1
2020-10-14,Monterey,053,433212,10938,10616,49,10665,78
2020-10-14,Napa,055,140530,1917,1837,8,1845,12
2020-10-14,Nevada,057,99092,602,573,19,592,7
2020-10-14,Orange,059,3164182,58639,55756,1639,57395,1348
2020-10-14,Placer,061,380077,4024,3829,15,3844,48
2020-10-14,Plumas,063,18699,54,52,0,52,0
2020-10-14,Riverside,065,2383286,64577,62607,242,62849,1261
2020-10-14,Sacramento,067,1510023,24496,24013,27,24040,472
2020-10-14,San Benito,069,59416,1396,1381,0,1381,14
2020-10-14,San Bernardino,071,2135413,60397,57774,373,58147,1063
2020-10-14,San Diego,073,3302833,53310,51329,1337,52666,844
2020-10-14,San Francisco,075,870044,11937,11783,39,11822,123
2020-10-14,San Joaquin,077,732212,21270,20845,124,20969,487
2020-10-14,San Luis Obispo,079,281455,4132,3901,23,3924,32
2020-10-14,San Mateo,081,765935,10964,10309,9,10318,132
2020-10-14,Santa Barbara,083,443738,10493,9509,84,9593,117
2020-10-14,Santa Clara,085,1922200,24194,22735,48,22783,343
2020-10-14,Santa Cruz,087,273765,2716,2618,33,2651,13
2020-10-14,Shasta,089,179085,1888,1553,18,1571,20
2020-10-14,Sierra,091,2930,6,6,0,6,0
2020-10-14,Siskiyou,093,43540,175,166,10,176,0
2020-10-14,Solano,095,438530,7019,6786,41,6827,55
2020-10-14,Sonoma,097,501317,8948,8514,22,8536,133
2020-10-14,Stanislaus,099,539301,17313,17105,663,17768,365
2020-10-14,Sutter,101,95872,1786,1747,1,1748,12
2020-10-14,Tehama,103,63373,784,721,2,723,3
2020-10-14,Trinity,105,12862,75,20,10,30,0
2020-10-14,Tulare,107,460477,17445,16863,257,17120,287
2020-10-14,Tuolumne,109,53932,258,236,3,239,4
2020-10-14,Ventura,111,848112,14421,13697,295,13992,152
2020-10-14,Yolo,113,214977,3089,3007,7,3014,55
2020-10-14,Yuba,115,75493,1189,1147,5,1152,10
2020-10-13,Alameda,001,1643700,22813,22185,210,22395,389
2020-10-13,Alpine,003,1148,3,3,0,3,0
2020-10-13,Amador,005,37829,310,306,0,306,16
2020-10-13,Butte,007,227075,3092,2992,26,3018,54
2020-10-13,Calaveras,009,45235,322,262,0,262,12
2020-10-13,Colusa,011,21464,542,541,1,542,6
2020-10-13,Contra Costa,013,1133247,18311,17783,89,17872,234
2020-10-13,Del Norte,015,27424,168,163,0,163,2
2020-10-13,El Dorado,017,186661,1315,1262,2,1264,4
2020-10-13,Fresno,019,978130,32524,29579,428,30007,424
2020-10-13,Glenn,021,27897,640,629,0,629,3
2020-10-13,Humboldt,023,135768,541,523,1,524,7
2020-10-13,Imperial,025,180216,12440,11727,15,11742,327
2020-10-13,Inyo,027,18085,220,207,4,211,14
2020-10-13,Kern,029,883053,33240,32497,369,32866,419
2020-10-13,Kings,031,150075,8322,8111,52,8163,80
2020-10-13,Lake,033,64148,686,639,0,639,12
2020-10-13,Lassen,035,31185,761,752,2,754,0
2020-10-13,Los Angeles,037,10098052,288532,281716,2457,284173,6767
2020-10-13,Madera,039,155013,4887,4700,33,4733,50
2020-10-13,Marin,041,260295,7004,6900,18,6918,97
2020-10-13,Mariposa,043,17540,77,76,0,76,2
2020-10-13,Mendocino,045,87422,1023,950,2,952,21
2020-10-13,Merced,047,269075,9301,9181,28,9209,146
2020-10-13,Modoc,049,8938,29,28,0,28,0
2020-10-13,Mono,051,14174,174,155,4,159,1
2020-10-13,Monterey,053,433212,10877,10574,48,10622,78
2020-10-13,Napa,055,140530,1908,1825,8,1833,12
2020-10-13,Nevada,057,99092,596,572,19,591,7
2020-10-13,Orange,059,3164182,58425,55515,1626,57141,1326
2020-10-13,Placer,061,380077,3986,3825,15,3840,48
2020-10-13,Plumas,063,18699,52,51,0,51,0
2020-10-13,Riverside,065,2383286,64257,62279,240,62519,1254
2020-10-13,Sacramento,067,1510023,24419,23930,27,23957,466
2020-10-13,San Benito,069,59416,1388,1380,0,1380,14
2020-10-13,San Bernardino,071,2135413,60057,57411,371,57782,1061
2020-10-13,San Diego,073,3302833,53017,51026,1320,52346,840
2020-10-13,San Francisco,075,870044,11902,11659,39,11698,122
2020-10-13,San Joaquin,077,732212,21209,20822,120,20942,481
2020-10-13,San Luis Obispo,079,281455,4121,3892,22,3914,32
2020-10-13,San Mateo,081,765935,10921,10286,9,10295,130
2020-10-13,Santa Barbara,083,443738,10462,9489,84,9573,117
2020-10-13,Santa Clara,085,1922200,24067,22678,48,22726,343
2020-10-13,Santa Cruz,087,273765,2698,2603,33,2636,13
2020-10-13,Shasta,089,179085,1864,1606,18,1624,20
2020-10-13,Sierra,091,2930,6,6,0,6,0
2020-10-13,Siskiyou,093,43540,174,163,10,173,0
2020-10-13,Solano,095,438530,6984,6761,41,6802,55
2020-10-13,Sonoma,097,501317,8865,8456,22,8478,133
2020-10-13,Stanislaus,099,539301,17268,17082,658,17740,362
2020-10-13,Sutter,101,95872,1777,1748,1,1749,12
2020-10-13,Tehama,103,63373,776,717,2,719,3
2020-10-13,Trinity,105,12862,71,19,9,28,0
2020-10-13,Tulare,107,460477,17386,16822,249,17071,286
2020-10-13,Tuolumne,109,53932,256,235,3,238,4
2020-10-13,Ventura,111,848112,14367,13645,291,13936,151
2020-10-13,Yolo,113,214977,3081,2983,6,2989,55
2020-10-13,Yuba,115,75493,1184,1143,5,1148,10
2020-10-12,Alameda,001,1643700,22733,22126,209,22335,389
2020-10-12,Alpine,003,1148,3,3,0,3,0
2020-10-12,Amador,005,37829,309,305,0,305,16
2020-10-12,Butte,007,227075,3086,2975,26,3001,54
2020-10-12,Calaveras,009,45235,322,262,0,262,12
2020-10-12,Colusa,011,21464,542,541,1,542,6
2020-10-12,Contra Costa,013,1133247,18236,17728,89,17817,233
2020-10-12,Del Norte,015,27424,168,161,0,161,2
2020-10-12,El Dorado,017,186661,1312,1254,2,1256,4
2020-10-12,Fresno,019,978130,32391,29523,424,29947,421
2020-10-12,Glenn,021,27897,639,626,0,626,3
2020-10-12,Humboldt,023,135768,538,522,1,523,7
2020-10-12,Imperial,025,180216,12401,11689,15,11704,328
2020-10-12,Inyo,027,18085,217,201,4,205,14
2020-10-12,Kern,029,883053,33147,32425,366,32791,419
2020-10-12,Kings,031,150075,8316,8106,51,8157,80
2020-10-12,Lake,033,64148,680,633,0,633,12
2020-10-12,Lassen,035,31185,761,752,2,754,0
2020-10-12,Los Angeles,037,10098052,287315,280961,2430,283391,6747
2020-10-12,Madera,039,155013,4868,4689,33,4722,50
2020-10-12,Marin,041,260295,6987,6886,18,6904,97
2020-10-12,Mariposa,043,17540,77,76,0,76,2
2020-10-12,Mendocino,045,87422,1017,947,2,949,21
2020-10-12,Merced,047,269075,9280,9141,28,9169,146
2020-10-12,Modoc,049,8938,29,27,0,27,0
2020-10-12,Mono,051,14174,174,154,4,158,1
2020-10-12,Monterey,053,433212,10811,10473,48,10521,77
2020-10-12,Napa,055,140530,1900,1819,8,1827,11
2020-10-12,Nevada,057,99092,592,570,19,589,7
2020-10-12,Orange,059,3164182,58195,55373,1616,56989,1326
2020-10-12,Placer,061,380077,3954,3808,14,3822,48
2020-10-12,Plumas,063,18699,52,51,0,51,0
2020-10-12,Riverside,065,2383286,63945,62279,237,62516,1254
2020-10-12,Sacramento,067,1510023,24313,23807,27,23834,466
2020-10-12,San Benito,069,59416,1385,1376,0,1376,13
2020-10-12,San Bernardino,071,2135413,59683,57235,370,57605,1061
2020-10-12,San Diego,073,3302833,52727,50748,1293,52041,826
2020-10-12,San Francisco,075,870044,11870,11659,39,11698,122
2020-10-12,San Joaquin,077,732212,21146,20701,114,20815,480
2020-10-12,San Luis Obispo,079,281455,4097,3874,22,3896,32
2020-10-12,San Mateo,081,765935,10873,10262,9,10271,130
2020-10-12,Santa Barbara,083,443738,10425,9462,84,9546,117
2020-10-12,Santa Clara,085,1922200,23952,22578,48,22626,343
2020-10-12,Santa Cruz,087,273765,2681,2590,33,2623,13
2020-10-12,Shasta,089,179085,1839,1515,18,1533,20
2020-10-12,Sierra,091,2930,6,6,0,6,0
2020-10-12,Siskiyou,093,43540,173,162,10,172,0
2020-10-12,Solano,095,438530,6945,6742,41,6783,55
2020-10-12,Sonoma,097,501317,8794,8377,22,8399,133
2020-10-12,Stanislaus,099,539301,17219,17051,649,17700,361
2020-10-12,Sutter,101,95872,1769,1741,1,1742,12
2020-10-12,Tehama,103,63373,760,708,2,710,3
2020-10-12,Trinity,105,12862,70,19,9,28,0
2020-10-12,Tulare,107,460477,17334,16742,242,16984,286
2020-10-12,Tuolumne,109,53932,251,234,3,237,4
2020-10-12,Ventura,111,848112,14305,13617,287,13904,151
2020-10-12,Yolo,113,214977,3066,2964,6,2970,55
2020-10-12,Yuba,115,75493,1173,1141,5,1146,10
2020-10-11,Alameda,001,1643700,22643,22057,205,22262,392
2020-10-11,Alpine,003,1148,3,3,0,3,0
2020-10-11,Amador,005,37829,307,305,0,305,16
2020-10-11,Butte,007,227075,3078,2967,25,2992,54
2020-10-11,Calaveras,009,45235,320,262,0,262,12
2020-10-11,Colusa,011,21464,540,541,1,542,6
2020-10-11,Contra Costa,013,1133247,18152,17678,89,17767,233
2020-10-11,Del Norte,015,27424,166,161,0,161,2
2020-10-11,El Dorado,017,186661,1303,1242,2,1244,4
2020-10-11,Fresno,019,978130,32253,29419,416,29835,421
2020-10-11,Glenn,021,27897,637,625,0,625,3
2020-10-11,Humboldt,023,135768,537,521,1,522,7
2020-10-11,Imperial,025,180216,12341,11614,14,11628,328
2020-10-11,Inyo,027,18085,213,201,4,205,14
2020-10-11,Kern,029,883053,33060,32399,359,32758,418
2020-10-11,Kings,031,150075,8299,8094,50,8144,80
2020-10-11,Lake,033,64148,667,631,0,631,12
2020-10-11,Lassen,035,31185,760,752,2,754,0
2020-10-11,Los Angeles,037,10098052,285878,280190,2388,282578,6745
2020-10-11,Madera,039,155013,4840,4680,32,4712,50
2020-10-11,Marin,041,260295,6978,6870,18,6888,97
2020-10-11,Mariposa,043,17540,77,76,0,76,2
2020-10-11,Mendocino,045,87422,1010,944,2,946,21
2020-10-11,Merced,047,269075,9262,9124,28,9152,146
2020-10-11,Modoc,049,8938,29,27,0,27,0
2020-10-11,Mono,051,14174,174,154,4,158,1
2020-10-11,Monterey,053,433212,10760,10445,46,10491,77
2020-10-11,Napa,055,140530,1884,1811,8,1819,11
2020-10-11,Nevada,057,99092,590,569,19,588,7
2020-10-11,Orange,059,3164182,57965,55202,1610,56812,1326
2020-10-11,Placer,061,380077,3933,3787,14,3801,48
2020-10-11,Plumas,063,18699,52,51,0,51,0
2020-10-11,Riverside,065,2383286,63656,62112,233,62345,1254
2020-10-11,Sacramento,067,1510023,24171,23778,27,23805,466
2020-10-11,San Benito,069,59416,1384,1374,0,1374,13
2020-10-11,San Bernardino,071,2135413,59228,56997,368,57365,1061
2020-10-11,San Diego,073,3302833,52377,50553,1271,51824,826
2020-10-11,San Francisco,075,870044,11827,11659,39,11698,122
2020-10-11,San Joaquin,077,732212,21071,20700,104,20804,480
2020-10-11,San Luis Obispo,079,281455,4080,3874,21,3895,32
2020-10-11,San Mateo,081,765935,10842,10240,9,10249,130
2020-10-11,Santa Barbara,083,443738,10395,9440,83,9523,117
2020-10-11,Santa Clara,085,1922200,23809,22487,47,22534,336
2020-10-11,Santa Cruz,087,273765,2667,2578,33,2611,13
2020-10-11,Shasta,089,179085,1809,1515,17,1532,20
2020-10-11,Sierra,091,2930,6,6,0,6,0
2020-10-11,Siskiyou,093,43540,172,162,10,172,0
2020-10-11,Solano,095,438530,6891,6685,41,6726,53
2020-10-11,Sonoma,097,501317,8737,8319,22,8341,133
2020-10-11,Stanislaus,099,539301,17155,17007,633,17640,360
2020-10-11,Sutter,101,95872,1766,1742,1,1743,12
2020-10-11,Tehama,103,63373,736,702,2,704,3
2020-10-11,Trinity,105,12862,70,19,9,28,0
2020-10-11,Tulare,107,460477,17270,16741,234,16975,286
2020-10-11,Tuolumne,109,53932,247,234,3,237,4
2020-10-11,Ventura,111,848112,14244,13604,282,13886,151
2020-10-11,Yolo,113,214977,3036,2952,6,2958,55
2020-10-11,Yuba,115,75493,1161,1137,5,1142,10
2020-10-10,Alameda,001,1643700,22593,21979,204,22183,398
2020-10-10,Alpine,003,1148,3,3,0,3,0
2020-10-10,Amador,005,37829,306,304,0,304,16
2020-10-10,Butte,007,227075,3073,2962,24,2986,54
2020-10-10,Calaveras,009,45235,319,262,0,262,12
2020-10-10,Colusa,011,21464,540,541,1,542,6
2020-10-10,Contra Costa,013,1133247,18116,17566,88,17654,233
2020-10-10,Del Norte,015,27424,166,161,0,161,2
2020-10-10,El Dorado,017,186661,1301,1240,2,1242,4
2020-10-10,Fresno,019,978130,32189,29286,414,29700,421
2020-10-10,Glenn,021,27897,637,623,0,623,3
2020-10-10,Humboldt,023,135768,534,518,1,519,7
2020-10-10,Imperial,025,180216,12326,11591,14,11605,327
2020-10-10,Inyo,027,18085,210,201,4,205,14
2020-10-10,Kern,029,883053,33023,32338,359,32697,418
2020-10-10,Kings,031,150075,8295,8078,50,8128,80
2020-10-10,Lake,033,64148,666,630,0,630,11
2020-10-10,Lassen,035,31185,760,752,2,754,0
2020-10-10,Los Angeles,037,10098052,285158,279213,2354,281567,6743
2020-10-10,Madera,039,155013,4827,4662,32,4694,50
2020-10-10,Marin,041,260295,6969,6852,18,6870,97
2020-10-10,Mariposa,043,17540,77,76,0,76,2
2020-10-10,Mendocino,045,87422,1003,935,2,937,21
2020-10-10,Merced,047,269075,9256,9105,27,9132,146
2020-10-10,Modoc,049,8938,29,27,0,27,0
2020-10-10,Mono,051,14174,174,154,4,158,1
2020-10-10,Monterey,053,433212,10727,10410,46,10456,75
2020-10-10,Napa,055,140530,1877,1804,8,1812,11
2020-10-10,Nevada,057,99092,587,564,19,583,6
2020-10-10,Orange,059,3164182,57844,54965,1605,56570,1324
2020-10-10,Placer,061,380077,3916,3757,14,3771,48
2020-10-10,Plumas,063,18699,52,51,0,51,0
2020-10-10,Riverside,065,2383286,63452,61845,231,62076,1254
2020-10-10,Sacramento,067,1510023,24104,23689,27,23716,466
2020-10-10,San Benito,069,59416,1382,1370,0,1370,13
2020-10-10,San Bernardino,071,2135413,59066,56683,366,57049,1061
2020-10-10,San Diego,073,3302833,52147,50145,1253,51398,825
2020-10-10,San Francisco,075,870044,11806,11663,39,11702,122
2020-10-10,San Joaquin,077,732212,21043,20700,100,20800,481
2020-10-10,San Luis Obispo,079,281455,4060,3832,21,3853,32
2020-10-10,San Mateo,081,765935,10805,10218,9,10227,130
2020-10-10,Santa Barbara,083,443738,10384,9417,83,9500,116
2020-10-10,Santa Clara,085,1922200,23717,22354,47,22401,330
2020-10-10,Santa Cruz,087,273765,2653,2572,33,2605,13
2020-10-10,Shasta,089,179085,1792,1473,17,1490,20
2020-10-10,Sierra,091,2930,6,6,0,6,0
2020-10-10,Siskiyou,093,43540,172,161,10,171,0
2020-10-10,Solano,095,438530,6865,6655,41,6696,53
2020-10-10,Sonoma,097,501317,8717,8235,22,8257,133
2020-10-10,Stanislaus,099,539301,17120,16960,625,17585,360
2020-10-10,Sutter,101,95872,1763,1735,1,1736,12
2020-10-10,Tehama,103,63373,729,693,2,695,3
2020-10-10,Trinity,105,12862,70,19,9,28,0
2020-10-10,Tulare,107,460477,17235,16709,229,16938,286
2020-10-10,Tuolumne,109,53932,247,233,3,236,4
2020-10-10,Ventura,111,848112,14219,13520,282,13802,151
2020-10-10,Yolo,113,214977,3027,2939,6,2945,55
2020-10-10,Yuba,115,75493,1159,1134,5,1139,10
2020-10-09,Alameda,001,1643700,22545,21924,204,22128,399
2020-10-09,Alpine,003,1148,3,3,0,3,0
2020-10-09,Amador,005,37829,306,303,0,303,16
2020-10-09,Butte,007,227075,3070,2956,24,2980,51
2020-10-09,Calaveras,009,45235,317,262,0,262,11
2020-10-09,Colusa,011,21464,540,541,1,542,6
2020-10-09,Contra Costa,013,1133247,18066,17487,88,17575,229
2020-10-09,Del Norte,015,27424,165,161,0,161,2
2020-10-09,El Dorado,017,186661,1297,1234,2,1236,4
2020-10-09,Fresno,019,978130,32116,29208,412,29620,417
2020-10-09,Glenn,021,27897,632,617,0,617,3
2020-10-09,Humboldt,023,135768,532,516,1,517,7
2020-10-09,Imperial,025,180216,12299,11516,14,11530,330
2020-10-09,Inyo,027,18085,207,200,4,204,14
2020-10-09,Kern,029,883053,32980,32237,357,32594,417
2020-10-09,Kings,031,150075,8288,7993,48,8041,80
2020-10-09,Lake,033,64148,656,610,0,610,11
2020-10-09,Lassen,035,31185,760,751,2,753,0
2020-10-09,Los Angeles,037,10098052,284024,278039,2329,280368,6715
2020-10-09,Madera,039,155013,4817,4646,32,4678,50
2020-10-09,Marin,041,260295,6955,6838,18,6856,96
2020-10-09,Mariposa,043,17540,77,76,0,76,2
2020-10-09,Mendocino,045,87422,993,933,2,935,20
2020-10-09,Merced,047,269075,9242,9095,27,9122,145
2020-10-09,Modoc,049,8938,29,27,0,27,0
2020-10-09,Mono,051,14174,174,154,4,158,1
2020-10-09,Monterey,053,433212,10693,10369,46,10415,75
2020-10-09,Napa,055,140530,1867,1795,8,1803,11
2020-10-09,Nevada,057,99092,582,561,19,580,6
2020-10-09,Orange,059,3164182,57672,54746,1600,56346,1305
2020-10-09,Placer,061,380077,3902,3737,14,3751,48
2020-10-09,Plumas,063,18699,52,50,0,50,0
2020-10-09,Riverside,065,2383286,63216,61529,230,61759,1252
2020-10-09,Sacramento,067,1510023,24034,23606,27,23633,457
2020-10-09,San Benito,069,59416,1377,1367,0,1367,13
2020-10-09,San Bernardino,071,2135413,58826,56434,364,56798,1057
2020-10-09,San Diego,073,3302833,51871,49825,1242,51067,821
2020-10-09,San Francisco,075,870044,11776,11620,39,11659,120
2020-10-09,San Joaquin,077,732212,21013,20648,91,20739,481
2020-10-09,San Luis Obispo,079,281455,4041,3810,21,3831,32
2020-10-09,San Mateo,081,765935,10777,10140,9,10149,130
2020-10-09,Santa Barbara,083,443738,10356,9396,83,9479,116
2020-10-09,Santa Clara,085,1922200,23615,22251,46,22297,328
2020-10-09,Santa Cruz,087,273765,2644,2555,33,2588,13
2020-10-09,Shasta,089,179085,1765,1353,16,1369,20
2020-10-09,Sierra,091,2930,6,6,0,6,0
2020-10-09,Siskiyou,093,43540,170,156,10,166,0
2020-10-09,Solano,095,438530,6826,6614,41,6655,53
2020-10-09,Sonoma,097,501317,8663,8133,22,8155,133
2020-10-09,Stanislaus,099,539301,17097,16904,616,17520,362
2020-10-09,Sutter,101,95872,1759,1732,1,1733,12
2020-10-09,Tehama,103,63373,723,682,2,684,3
2020-10-09,Trinity,105,12862,70,25,9,34,0
2020-10-09,Tulare,107,460477,17195,16644,220,16864,286
2020-10-09,Tuolumne,109,53932,244,230,3,233,4
2020-10-09,Ventura,111,848112,14183,13469,279,13748,151
2020-10-09,Yolo,113,214977,3020,2928,6,2934,55
2020-10-09,Yuba,115,75493,1158,1129,5,1134,10
2020-10-08,Alameda,001,1643700,22464,21826,203,22029,395
2020-10-08,Alpine,003,1148,3,3,0,3,0
2020-10-08,Amador,005,37829,305,302,0,302,16
2020-10-08,Butte,007,227075,3060,2935,24,2959,51
2020-10-08,Calaveras,009,45235,316,262,0,262,11
2020-10-08,Colusa,011,21464,540,539,1,540,6
2020-10-08,Contra Costa,013,1133247,18006,17418,87,17505,228
2020-10-08,Del Norte,015,27424,165,151,0,151,2
2020-10-08,El Dorado,017,186661,1296,1230,2,1232,4
2020-10-08,Fresno,019,978130,32011,29111,412,29523,416
2020-10-08,Glenn,021,27897,629,616,0,616,3
2020-10-08,Humboldt,023,135768,528,515,1,516,7
2020-10-08,Imperial,025,180216,12260,11405,14,11419,330
2020-10-08,Inyo,027,18085,204,199,4,203,14
2020-10-08,Kern,029,883053,32922,32169,352,32521,411
2020-10-08,Kings,031,150075,8282,7968,48,8016,80
2020-10-08,Lake,033,64148,651,604,0,604,11
2020-10-08,Lassen,035,31185,755,751,2,753,0
2020-10-08,Los Angeles,037,10098052,282824,276763,2289,279052,6699
2020-10-08,Madera,039,155013,4798,4637,32,4669,50
2020-10-08,Marin,041,260295,6941,6810,18,6828,96
2020-10-08,Mariposa,043,17540,77,76,0,76,2
2020-10-08,Mendocino,045,87422,988,930,2,932,20
2020-10-08,Merced,047,269075,9222,9069,27,9096,144
2020-10-08,Modoc,049,8938,29,27,0,27,0
2020-10-08,Mono,051,14174,174,153,4,157,1
2020-10-08,Monterey,053,433212,10626,10343,46,10389,75
2020-10-08,Napa,055,140530,1852,1779,8,1787,11
2020-10-08,Nevada,057,99092,579,556,19,575,6
2020-10-08,Orange,059,3164182,57478,54523,1589,56112,1293
2020-10-08,Placer,061,380077,3884,3715,14,3729,48
2020-10-08,Plumas,063,18699,52,50,0,50,0
2020-10-08,Riverside,065,2383286,62947,61105,228,61333,1244
2020-10-08,Sacramento,067,1510023,23926,23482,27,23509,454
2020-10-08,San Benito,069,59416,1372,1367,0,1367,13
2020-10-08,San Bernardino,071,2135413,58461,56152,363,56515,1048
2020-10-08,San Diego,073,3302833,51591,49468,1210,50678,819
2020-10-08,San Francisco,075,870044,11738,11608,39,11647,115
2020-10-08,San Joaquin,077,732212,20962,20576,86,20662,478
2020-10-08,San Luis Obispo,079,281455,4025,3785,21,3806,32
2020-10-08,San Mateo,081,765935,10745,10044,9,10053,130
2020-10-08,Santa Barbara,083,443738,10327,9374,83,9457,116
2020-10-08,Santa Clara,085,1922200,23513,22095,46,22141,323
2020-10-08,Santa Cruz,087,273765,2632,2535,33,2568,13
2020-10-08,Shasta,089,179085,1731,1305,16,1321,20
2020-10-08,Sierra,091,2930,6,6,0,6,0
2020-10-08,Siskiyou,093,43540,170,156,10,166,0
2020-10-08,Solano,095,438530,6802,6556,41,6597,53
2020-10-08,Sonoma,097,501317,8597,8063,22,8085,132
2020-10-08,Stanislaus,099,539301,17051,16821,608,17429,360
2020-10-08,Sutter,101,95872,1759,1725,1,1726,12
2020-10-08,Tehama,103,63373,714,676,2,678,3
2020-10-08,Trinity,105,12862,69,25,9,34,0
2020-10-08,Tulare,107,460477,17134,16573,211,16784,283
2020-10-08,Tuolumne,109,53932,243,230,3,233,4
2020-10-08,Ventura,111,848112,14135,13399,277,13676,151
2020-10-08,Yolo,113,214977,3003,2914,6,2920,55
2020-10-08,Yuba,115,75493,1153,1126,5,1131,10
2020-10-07,Alameda,001,1643700,22387,21736,203,21939,395
2020-10-07,Alpine,003,1148,3,3,0,3,0
2020-10-07,Amador,005,37829,305,302,0,302,16
2020-10-07,Butte,007,227075,3048,2927,24,2951,47
2020-10-07,Calaveras,009,45235,314,262,0,262,11
2020-10-07,Colusa,011,21464,539,539,0,539,6
2020-10-07,Contra Costa,013,1133247,17936,17346,86,17432,225
2020-10-07,Del Norte,015,27424,164,149,0,149,2
2020-10-07,El Dorado,017,186661,1288,1219,2,1221,4
2020-10-07,Fresno,019,978130,31890,29069,407,29476,413
2020-10-07,Glenn,021,27897,629,615,0,615,3
2020-10-07,Humboldt,023,135768,525,512,1,513,7
2020-10-07,Imperial,025,180216,12223,11289,14,11303,330
2020-10-07,Inyo,027,18085,204,199,4,203,14
2020-10-07,Kern,029,883053,32849,32068,351,32419,410
2020-10-07,Kings,031,150075,8267,7948,48,7996,80
2020-10-07,Lake,033,64148,650,599,0,599,11
2020-10-07,Lassen,035,31185,755,751,2,753,0
2020-10-07,Los Angeles,037,10098052,281645,275559,2255,277814,6681
2020-10-07,Madera,039,155013,4778,4618,32,4650,50
2020-10-07,Marin,041,260295,6914,6790,18,6808,95
2020-10-07,Mariposa,043,17540,77,75,0,75,2
2020-10-07,Mendocino,045,87422,982,927,2,929,19
2020-10-07,Merced,047,269075,9185,9045,26,9071,144
2020-10-07,Modoc,049,8938,29,27,0,27,0
2020-10-07,Mono,051,14174,173,153,3,156,1
2020-10-07,Monterey,053,433212,10567,10272,46,10318,75
2020-10-07,Napa,055,140530,1839,1774,8,1782,11
2020-10-07,Nevada,057,99092,575,552,19,571,6
2020-10-07,Orange,059,3164182,57260,54332,1579,55911,1277
2020-10-07,Placer,061,380077,3868,3693,14,3707,48
2020-10-07,Plumas,063,18699,52,50,0,50,0
2020-10-07,Riverside,065,2383286,62600,60857,224,61081,1241
2020-10-07,Sacramento,067,1510023,23829,23380,27,23407,452
2020-10-07,San Benito,069,59416,1369,1363,0,1363,13
2020-10-07,San Bernardino,071,2135413,58113,55738,362,56100,1043
2020-10-07,San Diego,073,3302833,51275,49177,1186,50363,813
2020-10-07,San Francisco,075,870044,11703,11551,39,11590,115
2020-10-07,San Joaquin,077,732212,20909,20527,79,20606,478
2020-10-07,San Luis Obispo,079,281455,3995,3749,21,3770,32
2020-10-07,San Mateo,081,765935,10702,9980,9,9989,130
2020-10-07,Santa Barbara,083,443738,10299,9350,82,9432,116
2020-10-07,Santa Clara,085,1922200,23385,21993,46,22039,320
2020-10-07,Santa Cruz,087,273765,2620,2518,33,2551,14
2020-10-07,Shasta,089,179085,1688,1268,16,1284,20
2020-10-07,Sierra,091,2930,6,6,0,6,0
2020-10-07,Siskiyou,093,43540,168,154,10,164,0
2020-10-07,Solano,095,438530,6767,6526,41,6567,53
2020-10-07,Sonoma,097,501317,8521,7993,21,8014,130
2020-10-07,Stanislaus,099,539301,17016,16786,602,17388,357
2020-10-07,Sutter,101,95872,1755,1723,1,1724,12
2020-10-07,Tehama,103,63373,705,666,2,668,3
2020-10-07,Trinity,105,12862,65,25,8,33,0
2020-10-07,Tulare,107,460477,17091,16483,202,16685,282
2020-10-07,Tuolumne,109,53932,243,227,3,230,3
2020-10-07,Ventura,111,848112,14085,13333,271,13604,150
2020-10-07,Yolo,113,214977,2977,2904,6,2910,55
2020-10-07,Yuba,115,75493,1147,1120,5,1125,10
2020-10-06,Alameda,001,1643700,22296,21698,201,21899,385
2020-10-06,Alpine,003,1148,3,3,0,3,0
2020-10-06,Amador,005,37829,303,301,0,301,16
2020-10-06,Butte,007,227075,3041,2925,24,2949,47
2020-10-06,Calaveras,009,45235,314,261,0,261,11
2020-10-06,Colusa,011,21464,538,538,0,538,6
2020-10-06,Contra Costa,013,1133247,17857,17295,86,17381,219
2020-10-06,Del Norte,015,27424,164,144,0,144,2
2020-10-06,El Dorado,017,186661,1284,1211,2,1213,4
2020-10-06,Fresno,019,978130,31746,29022,404,29426,412
2020-10-06,Glenn,021,27897,626,604,0,604,3
2020-10-06,Humboldt,023,135768,522,508,1,509,7
2020-10-06,Imperial,025,180216,12185,11196,14,11210,327
2020-10-06,Inyo,027,18085,202,198,4,202,14
2020-10-06,Kern,029,883053,32772,32006,349,32355,407
2020-10-06,Kings,031,150075,8251,7943,48,7991,81
2020-10-06,Lake,033,64148,644,596,0,596,11
2020-10-06,Lassen,035,31185,755,743,2,745,0
2020-10-06,Los Angeles,037,10098052,280409,274115,2205,276320,6657
2020-10-06,Madera,039,155013,4766,4608,32,4640,50
2020-10-06,Marin,041,260295,6900,6766,18,6784,91
2020-10-06,Mariposa,043,17540,77,75,0,75,2
2020-10-06,Mendocino,045,87422,975,920,2,922,19
2020-10-06,Merced,047,269075,9149,9034,25,9059,143
2020-10-06,Modoc,049,8938,29,26,0,26,0
2020-10-06,Mono,051,14174,173,153,3,156,1
2020-10-06,Monterey,053,433212,10511,10235,44,10279,72
2020-10-06,Napa,055,140530,1833,1770,8,1778,11
2020-10-06,Nevada,057,99092,573,551,19,570,6
2020-10-06,Orange,059,3164182,57045,54203,1570,55773,1273
2020-10-06,Placer,061,380077,3846,3680,14,3694,48
2020-10-06,Plumas,063,18699,52,49,0,49,0
2020-10-06,Riverside,065,2383286,62335,60593,221,60814,1238
2020-10-06,Sacramento,067,1510023,23742,23322,27,23349,442
2020-10-06,San Benito,069,59416,1368,1358,0,1358,12
2020-10-06,San Bernardino,071,2135413,57798,55416,358,55774,1040
2020-10-06,San Diego,073,3302833,50938,48823,1169,49992,806
2020-10-06,San Francisco,075,870044,11677,11513,38,11551,115
2020-10-06,San Joaquin,077,732212,20869,20481,76,20557,477
2020-10-06,San Luis Obispo,079,281455,3960,3723,21,3744,32
2020-10-06,San Mateo,081,765935,10669,9934,9,9943,129
2020-10-06,Santa Barbara,083,443738,10270,9331,81,9412,116
2020-10-06,Santa Clara,085,1922200,23290,21914,46,21960,320
2020-10-06,Santa Cruz,087,273765,2598,2510,33,2543,12
2020-10-06,Shasta,089,179085,1648,1242,16,1258,18
2020-10-06,Sierra,091,2930,6,6,0,6,0
2020-10-06,Siskiyou,093,43540,168,154,10,164,0
2020-10-06,Solano,095,438530,6721,6506,41,6547,52
2020-10-06,Sonoma,097,501317,8429,7895,21,7916,130
2020-10-06,Stanislaus,099,539301,16971,16759,596,17355,354
2020-10-06,Sutter,101,95872,1753,1722,1,1723,12
2020-10-06,Tehama,103,63373,696,660,2,662,3
2020-10-06,Trinity,105,12862,65,25,8,33,0
2020-10-06,Tulare,107,460477,17049,16456,194,16650,280
2020-10-06,Tuolumne,109,53932,242,227,3,230,2
2020-10-06,Ventura,111,848112,14018,13242,266,13508,150
2020-10-06,Yolo,113,214977,2963,2899,6,2905,56
2020-10-06,Yuba,115,75493,1146,1114,5,1119,10
2020-10-05,Alameda,001,1643700,22208,21637,198,21835,383
2020-10-05,Alpine,003,1148,3,2,0,2,0
2020-10-05,Amador,005,37829,303,299,0,299,16
2020-10-05,Butte,007,227075,3031,2910,24,2934,46
2020-10-05,Calaveras,009,45235,314,259,0,259,11
2020-10-05,Colusa,011,21464,538,537,0,537,6
2020-10-05,Contra Costa,013,1133247,17780,17250,86,17336,216
2020-10-05,Del Norte,015,27424,161,142,0,142,2
2020-10-05,El Dorado,017,186661,1280,1202,2,1204,4
2020-10-05,Fresno,019,978130,31629,29136,404,29540,408
2020-10-05,Glenn,021,27897,624,603,0,603,3
2020-10-05,Humboldt,023,135768,521,506,1,507,6
2020-10-05,Imperial,025,180216,12146,11169,14,11183,327
2020-10-05,Inyo,027,18085,202,197,4,201,14
2020-10-05,Kern,029,883053,32692,31933,345,32278,404
2020-10-05,Kings,031,150075,8154,7932,48,7980,80
2020-10-05,Lake,033,64148,640,592,0,592,10
2020-10-05,Lassen,035,31185,754,743,2,745,0
2020-10-05,Los Angeles,037,10098052,279323,273200,2163,275363,6632
2020-10-05,Madera,039,155013,4758,4598,30,4628,50
2020-10-05,Marin,041,260295,6883,6751,18,6769,91
2020-10-05,Mariposa,043,17540,77,75,0,75,2
2020-10-05,Mendocino,045,87422,967,913,2,915,19
2020-10-05,Merced,047,269075,9130,9021,24,9045,143
2020-10-05,Modoc,049,8938,29,26,0,26,0
2020-10-05,Mono,051,14174,173,152,3,155,1
2020-10-05,Monterey,053,433212,10464,10187,44,10231,72
2020-10-05,Napa,055,140530,1823,1760,8,1768,11
2020-10-05,Nevada,057,99092,570,550,18,568,6
2020-10-05,Orange,059,3164182,56830,54103,1557,55660,1271
2020-10-05,Placer,061,380077,3820,3670,14,3684,46
2020-10-05,Plumas,063,18699,51,49,0,49,0
2020-10-05,Riverside,065,2383286,62016,60454,217,60671,1232
2020-10-05,Sacramento,067,1510023,23638,23207,27,23234,438
2020-10-05,San Benito,069,59416,1365,1356,0,1356,12
2020-10-05,San Bernardino,071,2135413,57490,55100,357,55457,1031
2020-10-05,San Diego,073,3302833,50602,48662,1145,49807,803
2020-10-05,San Francisco,075,870044,11638,11476,35,11511,110
2020-10-05,San Joaquin,077,732212,20798,20319,73,20392,476
2020-10-05,San Luis Obispo,079,281455,3933,3710,21,3731,32
2020-10-05,San Mateo,081,765935,10642,9896,9,9905,128
2020-10-05,Santa Barbara,083,443738,10248,9309,81,9390,116
2020-10-05,Santa Clara,085,1922200,23173,21861,46,21907,319
2020-10-05,Santa Cruz,087,273765,2586,2492,33,2525,9
2020-10-05,Shasta,089,179085,1615,1158,16,1174,18
2020-10-05,Sierra,091,2930,6,6,0,6,0
2020-10-05,Siskiyou,093,43540,168,153,10,163,0
2020-10-05,Solano,095,438530,6682,6475,41,6516,52
2020-10-05,Sonoma,097,501317,8337,7817,21,7838,130
2020-10-05,Stanislaus,099,539301,16936,16730,589,17319,351
2020-10-05,Sutter,101,95872,1745,1719,1,1720,12
2020-10-05,Tehama,103,63373,688,642,2,644,3
2020-10-05,Trinity,105,12862,63,22,8,30,0
2020-10-05,Tulare,107,460477,16990,16343,190,16533,278
2020-10-05,Tuolumne,109,53932,239,226,3,229,2
2020-10-05,Ventura,111,848112,13949,13224,246,13470,149
2020-10-05,Yolo,113,214977,2944,2889,6,2895,56
2020-10-05,Yuba,115,75493,1133,1108,5,1113,9
2020-10-04,Alameda,001,1643700,22112,21597,198,21795,383
2020-10-04,Alpine,003,1148,3,2,0,2,0
2020-10-04,Amador,005,37829,301,297,0,297,16
2020-10-04,Butte,007,227075,3017,2903,24,2927,46
2020-10-04,Calaveras,009,45235,314,259,0,259,11
2020-10-04,Colusa,011,21464,537,537,0,537,6
2020-10-04,Contra Costa,013,1133247,17715,17192,86,17278,214
2020-10-04,Del Norte,015,27424,157,142,0,142,2
2020-10-04,El Dorado,017,186661,1276,1196,2,1198,4
2020-10-04,Fresno,019,978130,31506,29065,404,29469,408
2020-10-04,Glenn,021,27897,622,601,0,601,3
2020-10-04,Humboldt,023,135768,520,506,1,507,6
2020-10-04,Imperial,025,180216,12106,11127,14,11141,327
2020-10-04,Inyo,027,18085,199,195,4,199,14
2020-10-04,Kern,029,883053,32618,31906,343,32249,404
2020-10-04,Kings,031,150075,8139,7919,48,7967,80
2020-10-04,Lake,033,64148,626,589,0,589,10
2020-10-04,Lassen,035,31185,754,743,2,745,0
2020-10-04,Los Angeles,037,10098052,277934,272822,2117,274939,6625
2020-10-04,Madera,039,155013,4742,4587,30,4617,50
2020-10-04,Marin,041,260295,6863,6741,18,6759,91
2020-10-04,Mariposa,043,17540,77,75,0,75,2
2020-10-04,Mendocino,045,87422,954,905,2,907,18
2020-10-04,Merced,047,269075,9105,9006,24,9030,140
2020-10-04,Modoc,049,8938,29,26,0,26,0
2020-10-04,Mono,051,14174,172,152,2,154,1
2020-10-04,Monterey,053,433212,10423,10141,43,10184,72
2020-10-04,Napa,055,140530,1811,1759,8,1767,11
2020-10-04,Nevada,057,99092,566,547,17,564,6
2020-10-04,Orange,059,3164182,56594,53966,1548,55514,1270
2020-10-04,Placer,061,380077,3799,3664,14,3678,46
2020-10-04,Plumas,063,18699,51,49,0,49,0
2020-10-04,Riverside,065,2383286,61730,60251,213,60464,1226
2020-10-04,Sacramento,067,1510023,23525,23162,27,23189,438
2020-10-04,San Benito,069,59416,1365,1355,0,1355,12
2020-10-04,San Bernardino,071,2135413,57044,55100,355,55455,1031
2020-10-04,San Diego,073,3302833,50235,48438,1120,49558,803
2020-10-04,San Francisco,075,870044,11606,11474,33,11507,110
2020-10-04,San Joaquin,077,732212,20721,20320,67,20387,476
2020-10-04,San Luis Obispo,079,281455,3908,3688,21,3709,31
2020-10-04,San Mateo,081,765935,10581,9858,9,9867,128
2020-10-04,Santa Barbara,083,443738,10222,9276,79,9355,116
2020-10-04,Santa Clara,085,1922200,23035,21780,46,21826,316
2020-10-04,Santa Cruz,087,273765,2570,2483,33,2516,9
2020-10-04,Shasta,089,179085,1517,1158,15,1173,18
2020-10-04,Sierra,091,2930,6,6,0,6,0
2020-10-04,Siskiyou,093,43540,168,153,10,163,0
2020-10-04,Solano,095,438530,6631,6445,41,6486,52
2020-10-04,Sonoma,097,501317,8249,7794,21,7815,129
2020-10-04,Stanislaus,099,539301,16886,16711,580,17291,351
2020-10-04,Sutter,101,95872,1741,1711,1,1712,11
2020-10-04,Tehama,103,63373,673,637,2,639,3
2020-10-04,Trinity,105,12862,62,21,8,29,0
2020-10-04,Tulare,107,460477,16913,16343,178,16521,278
2020-10-04,Tuolumne,109,53932,237,226,3,229,2
2020-10-04,Ventura,111,848112,13867,13197,229,13426,149
2020-10-04,Yolo,113,214977,2933,2875,6,2881,56
2020-10-04,Yuba,115,75493,1129,1103,5,1108,9
2020-10-03,Alameda,001,1643700,22066,21510,197,21707,386
2020-10-03,Alpine,003,1148,3,2,0,2,0
2020-10-03,Amador,005,37829,300,296,0,296,16
2020-10-03,Butte,007,227075,3011,2894,24,2918,46
2020-10-03,Calaveras,009,45235,314,259,0,259,11
2020-10-03,Colusa,011,21464,536,537,0,537,6
2020-10-03,Contra Costa,013,1133247,17665,17087,84,17171,213
2020-10-03,Del Norte,015,27424,153,142,0,142,2
2020-10-03,El Dorado,017,186661,1269,1188,2,1190,4
2020-10-03,Fresno,019,978130,31446,28975,403,29378,408
2020-10-03,Glenn,021,27897,620,601,0,601,3
2020-10-03,Humboldt,023,135768,519,504,1,505,6
2020-10-03,Imperial,025,180216,12083,11090,14,11104,327
2020-10-03,Inyo,027,18085,199,194,4,198,14
2020-10-03,Kern,029,883053,32567,31864,340,32204,403
2020-10-03,Kings,031,150075,8135,7887,48,7935,80
2020-10-03,Lake,033,64148,616,588,0,588,10
2020-10-03,Lassen,035,31185,754,743,2,745,0
2020-10-03,Los Angeles,037,10098052,277228,271869,2088,273957,6620
2020-10-03,Madera,039,155013,4725,4565,30,4595,50
2020-10-03,Marin,041,260295,6857,6728,18,6746,91
2020-10-03,Mariposa,043,17540,77,75,0,75,2
2020-10-03,Mendocino,045,87422,952,898,2,900,18
2020-10-03,Merced,047,269075,9092,8986,24,9010,139
2020-10-03,Modoc,049,8938,29,26,0,26,0
2020-10-03,Mono,051,14174,171,152,2,154,1
2020-10-03,Monterey,053,433212,10389,10092,40,10132,72
2020-10-03,Napa,055,140530,1807,1752,8,1760,11
2020-10-03,Nevada,057,99092,564,544,17,561,6
2020-10-03,Orange,059,3164182,56477,53573,1543,55116,1268
2020-10-03,Placer,061,380077,3788,3648,14,3662,47
2020-10-03,Plumas,063,18699,51,48,0,48,0
2020-10-03,Riverside,065,2383286,61577,59991,212,60203,1226
2020-10-03,Sacramento,067,1510023,23474,23076,27,23103,437
2020-10-03,San Benito,069,59416,1365,1351,0,1351,12
2020-10-03,San Bernardino,071,2135413,56871,55004,352,55356,1031
2020-10-03,San Diego,073,3302833,50004,48202,1103,49305,798
2020-10-03,San Francisco,075,870044,11581,11475,31,11506,110
2020-10-03,San Joaquin,077,732212,20695,20322,67,20389,476
2020-10-03,San Luis Obispo,079,281455,3884,3670,21,3691,31
2020-10-03,San Mateo,081,765935,10555,9822,8,9830,128
2020-10-03,Santa Barbara,083,443738,10209,9256,79,9335,116
2020-10-03,Santa Clara,085,1922200,22955,21672,46,21718,309
2020-10-03,Santa Cruz,087,273765,2562,2476,33,2509,9
2020-10-03,Shasta,089,179085,1489,1117,14,1131,18
2020-10-03,Sierra,091,2930,6,6,0,6,0
2020-10-03,Siskiyou,093,43540,168,152,10,162,0
2020-10-03,Solano,095,438530,6605,6419,41,6460,52
2020-10-03,Sonoma,097,501317,8206,7747,21,7768,129
2020-10-03,Stanislaus,099,539301,16853,16645,576,17221,351
2020-10-03,Sutter,101,95872,1737,1705,1,1706,11
2020-10-03,Tehama,103,63373,667,630,2,632,3
2020-10-03,Trinity,105,12862,62,15,8,23,0
2020-10-03,Tulare,107,460477,16869,16322,174,16496,278
2020-10-03,Tuolumne,109,53932,236,224,3,227,2
2020-10-03,Ventura,111,848112,13828,13150,225,13375,148
2020-10-03,Yolo,113,214977,2926,2863,6,2869,56
2020-10-03,Yuba,115,75493,1121,1097,5,1102,8
2020-10-02,Alameda,001,1643700,22011,21404,196,21600,382
2020-10-02,Alpine,003,1148,3,2,0,2,0
2020-10-02,Amador,005,37829,299,296,0,296,16
2020-10-02,Butte,007,227075,3001,2879,24,2903,46
2020-10-02,Calaveras,009,45235,313,259,0,259,11
2020-10-02,Colusa,011,21464,535,537,0,537,6
2020-10-02,Contra Costa,013,1133247,17622,17002,83,17085,213
2020-10-02,Del Norte,015,27424,152,141,0,141,2
2020-10-02,El Dorado,017,186661,1262,1168,2,1170,4
2020-10-02,Fresno,019,978130,31363,28855,403,29258,403
2020-10-02,Glenn,021,27897,615,594,0,594,3
2020-10-02,Humboldt,023,135768,518,503,1,504,6
2020-10-02,Imperial,025,180216,12061,11024,14,11038,327
2020-10-02,Inyo,027,18085,197,191,4,195,14
2020-10-02,Kern,029,883053,32515,31790,338,32128,399
2020-10-02,Kings,031,150075,8126,7716,48,7764,79
2020-10-02,Lake,033,64148,610,579,0,579,10
2020-10-02,Lassen,035,31185,754,742,2,744,0
2020-10-02,Los Angeles,037,10098052,276327,270935,2060,272995,6602
2020-10-02,Madera,039,155013,4716,4537,30,4567,49
2020-10-02,Marin,041,260295,6840,6717,18,6735,91
2020-10-02,Mariposa,043,17540,77,75,0,75,2
2020-10-02,Mendocino,045,87422,948,883,2,885,18
2020-10-02,Merced,047,269075,9082,8961,24,8985,139
2020-10-02,Modoc,049,8938,29,26,0,26,0
2020-10-02,Mono,051,14174,171,150,2,152,1
2020-10-02,Monterey,053,433212,10355,9997,40,10037,71
2020-10-02,Napa,055,140530,1801,1737,8,1745,11
2020-10-02,Nevada,057,99092,561,543,17,560,6
2020-10-02,Orange,059,3164182,56346,53299,1536,54835,1262
2020-10-02,Placer,061,380077,3768,3612,14,3626,46
2020-10-02,Plumas,063,18699,51,48,0,48,0
2020-10-02,Riverside,065,2383286,61356,59673,209,59882,1223
2020-10-02,Sacramento,067,1510023,23409,22818,27,22845,436
2020-10-02,San Benito,069,59416,1361,1347,0,1347,12
2020-10-02,San Bernardino,071,2135413,56684,54613,352,54965,1028
2020-10-02,San Diego,073,3302833,49751,47793,1088,48881,794
2020-10-02,San Francisco,075,870044,11558,11398,31,11429,110
2020-10-02,San Joaquin,077,732212,20661,20235,66,20301,474
2020-10-02,San Luis Obispo,079,281455,3861,3654,21,3675,31
2020-10-02,San Mateo,081,765935,10514,9745,8,9753,128
2020-10-02,Santa Barbara,083,443738,10187,9234,79,9313,116
2020-10-02,Santa Clara,085,1922200,22869,21545,45,21590,305
2020-10-02,Santa Cruz,087,273765,2545,2463,33,2496,9
2020-10-02,Shasta,089,179085,1454,1046,14,1060,18
2020-10-02,Sierra,091,2930,6,6,0,6,0
2020-10-02,Siskiyou,093,43540,168,151,10,161,0
2020-10-02,Solano,095,438530,6575,6385,41,6426,52
2020-10-02,Sonoma,097,501317,8149,7662,21,7683,125
2020-10-02,Stanislaus,099,539301,16812,16609,567,17176,349
2020-10-02,Sutter,101,95872,1736,1693,1,1694,11
2020-10-02,Tehama,103,63373,662,619,2,621,3
2020-10-02,Trinity,105,12862,62,15,8,23,0
2020-10-02,Tulare,107,460477,16828,16245,167,16412,278
2020-10-02,Tuolumne,109,53932,234,225,3,228,2
2020-10-02,Ventura,111,848112,13789,13120,221,13341,146
2020-10-02,Yolo,113,214977,2921,2845,6,2851,55
2020-10-02,Yuba,115,75493,1119,1090,5,1095,8
2020-10-01,Alameda,001,1643700,21950,21349,192,21541,383
2020-10-01,Alpine,003,1148,3,2,0,2,0
2020-10-01,Amador,005,37829,299,294,0,294,16
2020-10-01,Butte,007,227075,2993,2865,24,2889,45
2020-10-01,Calaveras,009,45235,313,257,0,257,11
2020-10-01,Colusa,011,21464,535,536,0,536,6
2020-10-01,Contra Costa,013,1133247,17560,16898,83,16981,211
2020-10-01,Del Norte,015,27424,147,140,0,140,2
2020-10-01,El Dorado,017,186661,1258,1162,1,1163,4
2020-10-01,Fresno,019,978130,31283,28796,401,29197,397
2020-10-01,Glenn,021,27897,611,593,0,593,3
2020-10-01,Humboldt,023,135768,518,499,1,500,6
2020-10-01,Imperial,025,180216,12018,10928,12,10940,325
2020-10-01,Inyo,027,18085,197,191,4,195,14
2020-10-01,Kern,029,883053,32452,31678,333,32011,399
2020-10-01,Kings,031,150075,8115,7688,45,7733,79
2020-10-01,Lake,033,64148,604,572,0,572,11
2020-10-01,Lassen,035,31185,751,742,2,744,0
2020-10-01,Los Angeles,037,10098052,275283,271513,2026,273539,6621
2020-10-01,Madera,039,155013,4693,4508,30,4538,48
2020-10-01,Marin,041,260295,6826,6710,18,6728,92
2020-10-01,Mariposa,043,17540,77,76,0,76,2
2020-10-01,Mendocino,045,87422,943,874,2,876,19
2020-10-01,Merced,047,269075,9054,8942,24,8966,138
2020-10-01,Modoc,049,8938,29,26,0,26,0
2020-10-01,Mono,051,14174,169,150,2,152,1
2020-10-01,Monterey,053,433212,10279,9958,40,9998,71
2020-10-01,Napa,055,140530,1793,1729,8,1737,11
2020-10-01,Nevada,057,99092,560,543,17,560,6
2020-10-01,Orange,059,3164182,56180,53088,1523,54611,1257
2020-10-01,Placer,061,380077,3741,3599,14,3613,45
2020-10-01,Plumas,063,18699,51,48,0,48,0
2020-10-01,Riverside,065,2383286,61104,59293,203,59496,1223
2020-10-01,Sacramento,067,1510023,23297,22714,26,22740,433
2020-10-01,San Benito,069,59416,1359,1346,0,1346,12
2020-10-01,San Bernardino,071,2135413,56390,54350,349,54699,1021
2020-10-01,San Diego,073,3302833,49469,47487,1068,48555,792
2020-10-01,San Francisco,075,870044,11527,11284,29,11313,110
2020-10-01,San Joaquin,077,732212,20614,20204,63,20267,471
2020-10-01,San Luis Obispo,079,281455,3834,3625,21,3646,31
2020-10-01,San Mateo,081,765935,10469,9681,8,9689,128
2020-10-01,Santa Barbara,083,443738,10145,9215,79,9294,118
2020-10-01,Santa Clara,085,1922200,22768,21398,45,21443,305
2020-10-01,Santa Cruz,087,273765,2530,2418,33,2451,10
2020-10-01,Shasta,089,179085,1403,991,14,1005,18
2020-10-01,Sierra,091,2930,6,6,0,6,0
2020-10-01,Siskiyou,093,43540,165,150,10,160,0
2020-10-01,Solano,095,438530,6537,6352,41,6393,52
2020-10-01,Sonoma,097,501317,8082,7569,21,7590,125
2020-10-01,Stanislaus,099,539301,16779,16555,561,17116,346
2020-10-01,Sutter,101,95872,1731,1684,1,1685,11
2020-10-01,Tehama,103,63373,652,606,2,608,3
2020-10-01,Trinity,105,12862,62,15,8,23,0
2020-10-01,Tulare,107,460477,16754,16182,164,16346,275
2020-10-01,Tuolumne,109,53932,234,223,3,226,2
2020-10-01,Ventura,111,848112,13737,13057,207,13264,146
2020-10-01,Yolo,113,214977,2903,2833,6,2839,55
2020-10-01,Yuba,115,75493,1115,1082,5,1087,8
2020-09-30,Alameda,001,1643700,21871,21271,189,21460,380
2020-09-30,Alpine,003,1148,3,2,0,2,0
2020-09-30,Amador,005,37829,299,294,0,294,16
2020-09-30,Butte,007,227075,2985,2858,24,2882,44
2020-09-30,Calaveras,009,45235,312,258,0,258,11
2020-09-30,Colusa,011,21464,534,534,0,534,6
2020-09-30,Contra Costa,013,1133247,17491,16819,83,16902,211
2020-09-30,Del Norte,015,27424,146,140,0,140,2
2020-09-30,El Dorado,017,186661,1246,1157,1,1158,4
2020-09-30,Fresno,019,978130,31192,28706,398,29104,395
2020-09-30,Glenn,021,27897,606,592,0,592,3
2020-09-30,Humboldt,023,135768,516,497,1,498,6
2020-09-30,Imperial,025,180216,11993,10868,12,10880,287
2020-09-30,Inyo,027,18085,196,189,4,193,14
2020-09-30,Kern,029,883053,32377,31601,332,31933,398
2020-09-30,Kings,031,150075,8086,7685,45,7730,79
2020-09-30,Lake,033,64148,598,567,0,567,10
2020-09-30,Lassen,035,31185,748,742,2,744,0
2020-09-30,Los Angeles,037,10098052,274044,270260,1993,272253,6568
2020-09-30,Madera,039,155013,4684,4477,30,4507,47
2020-09-30,Marin,041,260295,6802,6700,17,6717,91
2020-09-30,Mariposa,043,17540,77,76,0,76,2
2020-09-30,Mendocino,045,87422,937,867,2,869,17
2020-09-30,Merced,047,269075,9034,8926,24,8950,136
2020-09-30,Modoc,049,8938,29,26,0,26,0
2020-09-30,Mono,051,14174,169,150,2,152,1
2020-09-30,Monterey,053,433212,10229,9898,39,9937,70
2020-09-30,Napa,055,140530,1779,1728,8,1736,11
2020-09-30,Nevada,057,99092,558,540,17,557,6
2020-09-30,Orange,059,3164182,55989,52916,1507,54423,1251
2020-09-30,Placer,061,380077,3720,3585,14,3599,43
2020-09-30,Plumas,063,18699,51,48,0,48,0
2020-09-30,Riverside,065,2383286,60749,59074,199,59273,1220
2020-09-30,Sacramento,067,1510023,23193,22613,26,22639,429
2020-09-30,San Benito,069,59416,1356,1342,0,1342,12
2020-09-30,San Bernardino,071,2135413,56112,53988,347,54335,1018
2020-09-30,San Diego,073,3302833,49165,47182,1047,48229,783
2020-09-30,San Francisco,075,870044,11497,11247,29,11276,106
2020-09-30,San Joaquin,077,732212,20531,20150,61,20211,461
2020-09-30,San Luis Obispo,079,281455,3809,3597,21,3618,31
2020-09-30,San Mateo,081,765935,10427,9634,8,9642,128
2020-09-30,Santa Barbara,083,443738,10120,9186,79,9265,115
2020-09-30,Santa Clara,085,1922200,22663,21318,45,21363,302
2020-09-30,Santa Cruz,087,273765,2517,2405,33,2438,10
2020-09-30,Shasta,089,179085,1347,976,13,989,17
2020-09-30,Sierra,091,2930,6,6,0,6,0
2020-09-30,Siskiyou,093,43540,163,150,10,160,0
2020-09-30,Solano,095,438530,6495,6315,41,6356,51
2020-09-30,Sonoma,097,501317,7993,7494,21,7515,125
2020-09-30,Stanislaus,099,539301,16732,16531,555,17086,343
2020-09-30,Sutter,101,95872,1715,1680,1,1681,10
2020-09-30,Tehama,103,63373,646,594,2,596,3
2020-09-30,Trinity,105,12862,59,15,8,23,0
2020-09-30,Tulare,107,460477,16688,16117,157,16274,274
2020-09-30,Tuolumne,109,53932,232,224,3,227,2
2020-09-30,Ventura,111,848112,13702,12968,191,13159,145
2020-09-30,Yolo,113,214977,2890,2822,6,2828,55
2020-09-30,Yuba,115,75493,1112,1075,5,1080,8
2020-09-29,Alameda,001,1643700,21794,21241,185,21426,374
2020-09-29,Alpine,003,1148,3,2,0,2,0
2020-09-29,Amador,005,37829,297,294,0,294,16
2020-09-29,Butte,007,227075,2971,2848,24,2872,44
2020-09-29,Calaveras,009,45235,310,261,0,261,11
2020-09-29,Colusa,011,21464,534,534,0,534,6
2020-09-29,Contra Costa,013,1133247,17436,16716,81,16797,209
2020-09-29,Del Norte,015,27424,142,142,0,142,2
2020-09-29,El Dorado,017,186661,1237,1151,1,1152,4
2020-09-29,Fresno,019,978130,31097,28621,397,29018,394
2020-09-29,Glenn,021,27897,602,589,0,589,3
2020-09-29,Humboldt,023,135768,514,497,1,498,6
2020-09-29,Imperial,025,180216,11959,10811,12,10823,283
2020-09-29,Inyo,027,18085,195,188,4,192,14
2020-09-29,Kern,029,883053,32322,31534,331,31865,397
2020-09-29,Kings,031,150075,8030,7681,45,7726,78
2020-09-29,Lake,033,64148,596,566,0,566,11
2020-09-29,Lassen,035,31185,748,741,2,743,0
2020-09-29,Los Angeles,037,10098052,272824,269246,1964,271210,6545
2020-09-29,Madera,039,155013,4660,4453,30,4483,47
2020-09-29,Marin,041,260295,6781,6692,17,6709,91
2020-09-29,Mariposa,043,17540,77,74,0,74,2
2020-09-29,Mendocino,045,87422,927,854,2,856,17
2020-09-29,Merced,047,269075,9021,8892,22,8914,136
2020-09-29,Modoc,049,8938,29,26,0,26,0
2020-09-29,Mono,051,14174,169,149,2,151,1
2020-09-29,Monterey,053,433212,10174,9826,37,9863,70
2020-09-29,Napa,055,140530,1776,1727,8,1735,11
2020-09-29,Nevada,057,99092,553,539,17,556,6
2020-09-29,Orange,059,3164182,55802,52755,1496,54251,1231
2020-09-29,Placer,061,380077,3698,3570,14,3584,42
2020-09-29,Plumas,063,18699,51,48,0,48,0
2020-09-29,Riverside,065,2383286,60419,58863,192,59055,1208
2020-09-29,Sacramento,067,1510023,23072,22547,26,22573,425
2020-09-29,San Benito,069,59416,1351,1341,0,1341,12
2020-09-29,San Bernardino,071,2135413,55803,53753,346,54099,1012
2020-09-29,San Diego,073,3302833,48888,46987,1024,48011,781
2020-09-29,San Francisco,075,870044,11461,11142,29,11171,104
2020-09-29,San Joaquin,077,732212,20465,20094,59,20153,454
2020-09-29,San Luis Obispo,079,281455,3789,3581,21,3602,31
2020-09-29,San Mateo,081,765935,10380,9619,8,9627,127
2020-09-29,Santa Barbara,083,443738,10100,9149,78,9227,114
2020-09-29,Santa Clara,085,1922200,22527,21233,44,21277,302
2020-09-29,Santa Cruz,087,273765,2502,2383,32,2415,10
2020-09-29,Shasta,089,179085,1286,943,13,956,17
2020-09-29,Sierra,091,2930,6,6,0,6,0
2020-09-29,Siskiyou,093,43540,157,150,10,160,0
2020-09-29,Solano,095,438530,6461,6303,41,6344,51
2020-09-29,Sonoma,097,501317,7921,7426,21,7447,125
2020-09-29,Stanislaus,099,539301,16702,16505,549,17054,341
2020-09-29,Sutter,101,95872,1709,1677,1,1678,10
2020-09-29,Tehama,103,63373,628,585,2,587,2
2020-09-29,Trinity,105,12862,57,16,8,24,0
2020-09-29,Tulare,107,460477,16624,16055,150,16205,270
2020-09-29,Tuolumne,109,53932,232,224,3,227,2
2020-09-29,Ventura,111,848112,13645,12875,188,13063,145
2020-09-29,Yolo,113,214977,2877,2818,6,2824,55
2020-09-29,Yuba,115,75493,1110,1071,5,1076,8
2020-09-28,Alameda,001,1643700,21707,21133,185,21318,370
2020-09-28,Alpine,003,1148,3,2,0,2,0
2020-09-28,Amador,005,37829,295,294,0,294,16
2020-09-28,Butte,007,227075,2956,2837,24,2861,44
2020-09-28,Calaveras,009,45235,310,257,0,257,11
2020-09-28,Colusa,011,21464,533,531,0,531,6
2020-09-28,Contra Costa,013,1133247,17371,16653,81,16734,195
2020-09-28,Del Norte,015,27424,142,138,0,138,2
2020-09-28,El Dorado,017,186661,1230,1144,1,1145,4
2020-09-28,Fresno,019,978130,31015,28517,389,28906,389
2020-09-28,Glenn,021,27897,600,585,0,585,3
2020-09-28,Humboldt,023,135768,508,495,1,496,6
2020-09-28,Imperial,025,180216,11924,10777,12,10789,283
2020-09-28,Inyo,027,18085,194,188,4,192,14
2020-09-28,Kern,029,883053,32257,31481,327,31808,395
2020-09-28,Kings,031,150075,7889,7661,43,7704,78
2020-09-28,Lake,033,64148,592,559,0,559,10
2020-09-28,Lassen,035,31185,747,737,2,739,0
2020-09-28,Los Angeles,037,10098052,271711,268404,1934,270338,6508
2020-09-28,Madera,039,155013,4639,4438,30,4468,47
2020-09-28,Marin,041,260295,6765,6676,17,6693,91
2020-09-28,Mariposa,043,17540,77,74,0,74,2
2020-09-28,Mendocino,045,87422,912,850,2,852,17
2020-09-28,Merced,047,269075,8993,8869,22,8891,136
2020-09-28,Modoc,049,8938,29,26,0,26,0
2020-09-28,Mono,051,14174,169,148,2,150,1
2020-09-28,Monterey,053,433212,10109,9780,35,9815,69
2020-09-28,Napa,055,140530,1764,1705,8,1713,11
2020-09-28,Nevada,057,99092,545,538,17,555,6
2020-09-28,Orange,059,3164182,55596,52633,1487,54120,1196
2020-09-28,Placer,061,380077,3677,3572,14,3586,42
2020-09-28,Plumas,063,18699,50,48,0,48,0
2020-09-28,Riverside,065,2383286,60121,58570,183,58753,1198
2020-09-28,Sacramento,067,1510023,22925,22392,26,22418,423
2020-09-28,San Benito,069,59416,1348,1336,0,1336,11
2020-09-28,San Bernardino,071,2135413,55456,53501,346,53847,988
2020-09-28,San Diego,073,3302833,48570,46736,1004,47740,776
2020-09-28,San Francisco,075,870044,11427,11114,29,11143,100
2020-09-28,San Joaquin,077,732212,20416,19982,58,20040,448
2020-09-28,San Luis Obispo,079,281455,3768,3567,21,3588,31
2020-09-28,San Mateo,081,765935,10329,9582,8,9590,127
2020-09-28,Santa Barbara,083,443738,10082,9121,78,9199,114
2020-09-28,Santa Clara,085,1922200,22410,21180,44,21224,271
2020-09-28,Santa Cruz,087,273765,2492,2359,32,2391,9
2020-09-28,Shasta,089,179085,1232,883,10,893,17
2020-09-28,Sierra,091,2930,6,6,0,6,0
2020-09-28,Siskiyou,093,43540,157,149,10,159,0
2020-09-28,Solano,095,438530,6425,6254,41,6295,51
2020-09-28,Sonoma,097,501317,7845,7369,21,7390,125
2020-09-28,Stanislaus,099,539301,16662,16467,542,17009,336
2020-09-28,Sutter,101,95872,1702,1676,1,1677,10
2020-09-28,Tehama,103,63373,620,579,2,581,2
2020-09-28,Trinity,105,12862,57,16,8,24,0
2020-09-28,Tulare,107,460477,16571,15918,145,16063,270
2020-09-28,Tuolumne,109,53932,232,225,3,228,2
2020-09-28,Ventura,111,848112,13567,12812,181,12993,139
2020-09-28,Yolo,113,214977,2860,2809,6,2815,55
2020-09-28,Yuba,115,75493,1107,1062,5,1067,7
2020-09-27,Alameda,001,1643700,21626,21077,181,21258,370
2020-09-27,Alpine,003,1148,3,2,0,2,0
2020-09-27,Amador,005,37829,295,291,0,291,16
2020-09-27,Butte,007,227075,2944,2833,24,2857,44
2020-09-27,Calaveras,009,45235,309,257,0,257,11
2020-09-27,Colusa,011,21464,532,531,0,531,6
2020-09-27,Contra Costa,013,1133247,17269,16596,80,16676,195
2020-09-27,Del Norte,015,27424,142,138,0,138,2
2020-09-27,El Dorado,017,186661,1215,1130,1,1131,4
2020-09-27,Fresno,019,978130,30909,28441,389,28830,389
2020-09-27,Glenn,021,27897,596,576,0,576,3
2020-09-27,Humboldt,023,135768,506,492,1,493,6
2020-09-27,Imperial,025,180216,11890,10743,12,10755,283
2020-09-27,Inyo,027,18085,192,188,4,192,14
2020-09-27,Kern,029,883053,32138,31462,324,31786,395
2020-09-27,Kings,031,150075,7869,7641,43,7684,78
2020-09-27,Lake,033,64148,588,555,0,555,10
2020-09-27,Lassen,035,31185,747,737,2,739,0
2020-09-27,Los Angeles,037,10098052,270535,267754,1913,269667,6507
2020-09-27,Madera,039,155013,4610,4416,30,4446,47
2020-09-27,Marin,041,260295,6755,6663,17,6680,91
2020-09-27,Mariposa,043,17540,77,74,0,74,2
2020-09-27,Mendocino,045,87422,906,846,2,848,17
2020-09-27,Merced,047,269075,8959,8853,22,8875,136
2020-09-27,Modoc,049,8938,29,26,0,26,0
2020-09-27,Mono,051,14174,169,148,2,150,1
2020-09-27,Monterey,053,433212,10049,9724,34,9758,69
2020-09-27,Napa,055,140530,1759,1690,8,1698,11
2020-09-27,Nevada,057,99092,544,537,17,554,6
2020-09-27,Orange,059,3164182,55321,52458,1478,53936,1195
2020-09-27,Placer,061,380077,3664,3562,14,3576,42
2020-09-27,Plumas,063,18699,50,48,0,48,0
2020-09-27,Riverside,065,2383286,59825,58509,175,58684,1191
2020-09-27,Sacramento,067,1510023,22827,22356,26,22382,422
2020-09-27,San Benito,069,59416,1348,1331,0,1331,11
2020-09-27,San Bernardino,071,2135413,55020,53127,346,53473,988
2020-09-27,San Diego,073,3302833,48226,46612,987,47599,776
2020-09-27,San Francisco,075,870044,11375,11114,29,11143,100
2020-09-27,San Joaquin,077,732212,20356,19981,58,20039,448
2020-09-27,San Luis Obispo,079,281455,3747,3562,21,3583,31
2020-09-27,San Mateo,081,765935,10261,9566,8,9574,127
2020-09-27,Santa Barbara,083,443738,10061,9090,77,9167,114
2020-09-27,Santa Clara,085,1922200,22301,21091,44,21135,271
2020-09-27,Santa Cruz,087,273765,2470,2359,32,2391,9
2020-09-27,Shasta,089,179085,1189,883,9,892,17
2020-09-27,Sierra,091,2930,6,6,0,6,0
2020-09-27,Siskiyou,093,43540,156,149,10,159,0
2020-09-27,Solano,095,438530,6390,6211,41,6252,51
2020-09-27,Sonoma,097,501317,7764,7336,21,7357,124
2020-09-27,Stanislaus,099,539301,16611,16448,536,16984,336
2020-09-27,Sutter,101,95872,1695,1672,1,1673,10
2020-09-27,Tehama,103,63373,603,573,2,575,2
2020-09-27,Trinity,105,12862,57,16,8,24,0
2020-09-27,Tulare,107,460477,16493,15918,136,16054,270
2020-09-27,Tuolumne,109,53932,231,224,3,227,2
2020-09-27,Ventura,111,848112,13478,12775,172,12947,139
2020-09-27,Yolo,113,214977,2846,2796,6,2802,55
2020-09-27,Yuba,115,75493,1097,1059,5,1064,7
2020-09-26,Alameda,001,1643700,21568,21019,180,21199,370
2020-09-26,Alpine,003,1148,3,2,0,2,0
2020-09-26,Amador,005,37829,294,291,0,291,16
2020-09-26,Butte,007,227075,2936,2827,24,2851,44
2020-09-26,Calaveras,009,45235,309,257,0,257,11
2020-09-26,Colusa,011,21464,532,529,0,529,6
2020-09-26,Contra Costa,013,1133247,17227,16508,80,16588,194
2020-09-26,Del Norte,015,27424,142,138,0,138,2
2020-09-26,El Dorado,017,186661,1210,1127,1,1128,4
2020-09-26,Fresno,019,978130,30842,28336,389,28725,389
2020-09-26,Glenn,021,27897,596,576,0,576,3
2020-09-26,Humboldt,023,135768,506,491,1,492,6
2020-09-26,Imperial,025,180216,11873,10721,12,10733,283
2020-09-26,Inyo,027,18085,191,187,4,191,14
2020-09-26,Kern,029,883053,32087,31410,324,31734,394
2020-09-26,Kings,031,150075,7857,7537,43,7580,78
2020-09-26,Lake,033,64148,585,549,0,549,10
2020-09-26,Lassen,035,31185,747,737,2,739,0
2020-09-26,Los Angeles,037,10098052,269899,266931,1898,268829,6497
2020-09-26,Madera,039,155013,4594,4410,30,4440,47
2020-09-26,Marin,041,260295,6742,6641,17,6658,91
2020-09-26,Mariposa,043,17540,76,74,0,74,2
2020-09-26,Mendocino,045,87422,901,836,2,838,17
2020-09-26,Merced,047,269075,8947,8841,21,8862,136
2020-09-26,Modoc,049,8938,29,26,0,26,0
2020-09-26,Mono,051,14174,169,148,2,150,1
2020-09-26,Monterey,053,433212,10022,9651,34,9685,68
2020-09-26,Napa,055,140530,1757,1681,8,1689,11
2020-09-26,Nevada,057,99092,544,534,17,551,6
2020-09-26,Orange,059,3164182,55181,52203,1472,53675,1194
2020-09-26,Placer,061,380077,3651,3551,14,3565,42
2020-09-26,Plumas,063,18699,49,48,0,48,0
2020-09-26,Riverside,065,2383286,59690,58076,173,58249,1190
2020-09-26,Sacramento,067,1510023,22771,22269,26,22295,421
2020-09-26,San Benito,069,59416,1346,1325,0,1325,11
2020-09-26,San Bernardino,071,2135413,54886,53122,346,53468,988
2020-09-26,San Diego,073,3302833,48021,46333,973,47306,775
2020-09-26,San Francisco,075,870044,11347,11113,29,11142,100
2020-09-26,San Joaquin,077,732212,20321,19982,56,20038,449
2020-09-26,San Luis Obispo,079,281455,3730,3546,21,3567,31
2020-09-26,San Mateo,081,765935,10227,9509,8,9517,127
2020-09-26,Santa Barbara,083,443738,10050,9061,77,9138,114
2020-09-26,Santa Clara,085,1922200,22230,20967,43,21010,270
2020-09-26,Santa Cruz,087,273765,2462,2336,32,2368,9
2020-09-26,Shasta,089,179085,1139,856,8,864,17
2020-09-26,Sierra,091,2930,6,6,0,6,0
2020-09-26,Siskiyou,093,43540,155,149,10,159,0
2020-09-26,Solano,095,438530,6371,6209,41,6250,51
2020-09-26,Sonoma,097,501317,7739,7285,20,7305,124
2020-09-26,Stanislaus,099,539301,16586,16421,527,16948,336
2020-09-26,Sutter,101,95872,1690,1662,1,1663,10
2020-09-26,Tehama,103,63373,591,560,2,562,2
2020-09-26,Trinity,105,12862,55,16,8,24,0
2020-09-26,Tulare,107,460477,16467,15881,134,16015,270
2020-09-26,Tuolumne,109,53932,231,223,3,226,2
2020-09-26,Ventura,111,848112,13443,12729,171,12900,137
2020-09-26,Yolo,113,214977,2844,2789,6,2795,55
2020-09-26,Yuba,115,75493,1093,1056,5,1061,7
2020-09-25,Alameda,001,1643700,21514,20911,180,21091,367
2020-09-25,Alpine,003,1148,3,2,0,2,0
2020-09-25,Amador,005,37829,294,289,0,289,16
2020-09-25,Butte,007,227075,2931,2819,24,2843,43
2020-09-25,Calaveras,009,45235,309,257,0,257,11
2020-09-25,Colusa,011,21464,532,528,0,528,6
2020-09-25,Contra Costa,013,1133247,17168,16401,80,16481,194
2020-09-25,Del Norte,015,27424,142,138,0,138,2
2020-09-25,El Dorado,017,186661,1206,1104,1,1105,4
2020-09-25,Fresno,019,978130,30783,28199,388,28587,385
2020-09-25,Glenn,021,27897,594,570,0,570,3
2020-09-25,Humboldt,023,135768,505,489,1,490,5
2020-09-25,Imperial,025,180216,11855,10681,12,10693,283
2020-09-25,Inyo,027,18085,189,187,4,191,14
2020-09-25,Kern,029,883053,32034,31333,322,31655,393
2020-09-25,Kings,031,150075,7852,7450,43,7493,77
2020-09-25,Lake,033,64148,584,539,0,539,9
2020-09-25,Lassen,035,31185,747,737,2,739,0
2020-09-25,Los Angeles,037,10098052,269111,265713,1884,267597,6483
2020-09-25,Madera,039,155013,4575,4369,30,4399,48
2020-09-25,Marin,041,260295,6739,6622,17,6639,90
2020-09-25,Mariposa,043,17540,76,74,0,74,2
2020-09-25,Mendocino,045,87422,886,819,2,821,17
2020-09-25,Merced,047,269075,8931,8830,21,8851,135
2020-09-25,Modoc,049,8938,29,26,0,26,0
2020-09-25,Mono,051,14174,169,149,2,151,1
2020-09-25,Monterey,053,433212,9970,9581,34,9615,68
2020-09-25,Napa,055,140530,1755,1669,8,1677,11
2020-09-25,Nevada,057,99092,542,529,17,546,6
2020-09-25,Orange,059,3164182,55054,52031,1464,53495,1184
2020-09-25,Placer,061,380077,3640,3527,14,3541,41
2020-09-25,Plumas,063,18699,49,48,0,48,0
2020-09-25,Riverside,065,2383286,59514,57783,168,57951,1183
2020-09-25,Sacramento,067,1510023,22694,22132,26,22158,418
2020-09-25,San Benito,069,59416,1345,1318,0,1318,11
2020-09-25,San Bernardino,071,2135413,54732,52814,346,53160,987
2020-09-25,San Diego,073,3302833,47819,46003,957,46960,775
2020-09-25,San Francisco,075,870044,11313,11066,28,11094,100
2020-09-25,San Joaquin,077,732212,20269,19909,56,19965,449
2020-09-25,San Luis Obispo,079,281455,3718,3512,21,3533,31
2020-09-25,San Mateo,081,765935,10191,9447,8,9455,127
2020-09-25,Santa Barbara,083,443738,10026,9026,77,9103,114
2020-09-25,Santa Clara,085,1922200,22166,20812,42,20854,265
2020-09-25,Santa Cruz,087,273765,2450,2309,31,2340,9
2020-09-25,Shasta,089,179085,1105,806,8,814,16
2020-09-25,Sierra,091,2930,6,6,0,6,0
2020-09-25,Siskiyou,093,43540,155,149,10,159,0
2020-09-25,Solano,095,438530,6355,6179,41,6220,50
2020-09-25,Sonoma,097,501317,7699,7202,20,7222,124
2020-09-25,Stanislaus,099,539301,16568,16381,525,16906,326
2020-09-25,Sutter,101,95872,1687,1655,1,1656,10
2020-09-25,Tehama,103,63373,583,546,2,548,2
2020-09-25,Trinity,105,12862,55,15,8,23,0
2020-09-25,Tulare,107,460477,16427,15815,132,15947,267
2020-09-25,Tuolumne,109,53932,231,223,3,226,2
2020-09-25,Ventura,111,848112,13400,12664,168,12832,137
2020-09-25,Yolo,113,214977,2836,2784,6,2790,55
2020-09-25,Yuba,115,75493,1088,1049,5,1054,5
2020-09-24,Alameda,001,1643700,21439,20838,177,21015,364
2020-09-24,Alpine,003,1148,3,2,0,2,0
2020-09-24,Amador,005,37829,294,288,0,288,16
2020-09-24,Butte,007,227075,2920,2803,24,2827,43
2020-09-24,Calaveras,009,45235,309,258,0,258,11
2020-09-24,Colusa,011,21464,532,523,0,523,6
2020-09-24,Contra Costa,013,1133247,17086,16252,80,16332,192
2020-09-24,Del Norte,015,27424,138,137,0,137,2
2020-09-24,El Dorado,017,186661,1197,1093,1,1094,4
2020-09-24,Fresno,019,978130,30678,28106,384,28490,375
2020-09-24,Glenn,021,27897,590,567,0,567,3
2020-09-24,Humboldt,023,135768,502,482,1,483,5
2020-09-24,Imperial,025,180216,11831,10622,12,10634,283
2020-09-24,Inyo,027,18085,189,187,4,191,13
2020-09-24,Kern,029,883053,31971,31273,320,31593,388
2020-09-24,Kings,031,150075,7836,7428,43,7471,76
2020-09-24,Lake,033,64148,575,531,0,531,9
2020-09-24,Lassen,035,31185,746,737,2,739,0
2020-09-24,Los Angeles,037,10098052,268065,264374,1866,266240,6452
2020-09-24,Madera,039,155013,4556,4344,30,4374,48
2020-09-24,Marin,041,260295,6711,6588,17,6605,85
2020-09-24,Mariposa,043,17540,76,74,0,74,2
2020-09-24,Mendocino,045,87422,882,810,2,812,17
2020-09-24,Merced,047,269075,8902,8813,20,8833,135
2020-09-24,Modoc,049,8938,29,24,0,24,0
2020-09-24,Mono,051,14174,169,149,2,151,1
2020-09-24,Monterey,053,433212,9904,9544,31,9575,67
2020-09-24,Napa,055,140530,1743,1661,8,1669,11
2020-09-24,Nevada,057,99092,541,527,17,544,6
2020-09-24,Orange,059,3164182,54846,51749,1446,53195,1164
2020-09-24,Placer,061,380077,3625,3514,14,3528,41
2020-09-24,Plumas,063,18699,49,48,0,48,0
2020-09-24,Riverside,065,2383286,59245,57491,162,57653,1172
2020-09-24,Sacramento,067,1510023,22567,21985,25,22010,417
2020-09-24,San Benito,069,59416,1343,1308,0,1308,11
2020-09-24,San Bernardino,071,2135413,54396,52455,345,52800,988
2020-09-24,San Diego,073,3302833,47550,45598,942,46540,773
2020-09-24,San Francisco,075,870044,11266,10992,28,11020,99
2020-09-24,San Joaquin,077,732212,20231,19851,55,19906,444
2020-09-24,San Luis Obispo,079,281455,3702,3480,21,3501,31
2020-09-24,San Mateo,081,765935,10143,9376,8,9384,127
2020-09-24,Santa Barbara,083,443738,9975,8988,76,9064,114
2020-09-24,Santa Clara,085,1922200,22078,20689,42,20731,262
2020-09-24,Santa Cruz,087,273765,2430,2300,29,2329,9
2020-09-24,Shasta,089,179085,1068,773,5,778,14
2020-09-24,Sierra,091,2930,6,6,0,6,0
2020-09-24,Siskiyou,093,43540,155,149,10,159,0
2020-09-24,Solano,095,438530,6322,6137,41,6178,49
2020-09-24,Sonoma,097,501317,7618,7163,20,7183,122
2020-09-24,Stanislaus,099,539301,16531,16326,520,16846,326
2020-09-24,Sutter,101,95872,1684,1646,1,1647,10
2020-09-24,Tehama,103,63373,580,540,2,542,2
2020-09-24,Trinity,105,12862,55,15,8,23,0
2020-09-24,Tulare,107,460477,16362,15754,131,15885,267
2020-09-24,Tuolumne,109,53932,231,224,3,227,2
2020-09-24,Ventura,111,848112,13318,12617,167,12784,138
2020-09-24,Yolo,113,214977,2829,2776,6,2782,55
2020-09-24,Yuba,115,75493,1083,1042,5,1047,5
2020-09-23,Alameda,001,1643700,21371,20718,175,20893,361
2020-09-23,Alpine,003,1148,3,2,0,2,0
2020-09-23,Amador,005,37829,293,288,0,288,16
2020-09-23,Butte,007,227075,2912,2790,24,2814,43
2020-09-23,Calaveras,009,45235,308,258,0,258,11
2020-09-23,Colusa,011,21464,531,521,0,521,6
2020-09-23,Contra Costa,013,1133247,17022,16167,79,16246,192
2020-09-23,Del Norte,015,27424,136,137,0,137,2
2020-09-23,El Dorado,017,186661,1183,1088,1,1089,4
2020-09-23,Fresno,019,978130,30582,28019,382,28401,371
2020-09-23,Glenn,021,27897,583,561,0,561,3
2020-09-23,Humboldt,023,135768,498,477,1,478,5
2020-09-23,Imperial,025,180216,11805,10587,12,10599,284
2020-09-23,Inyo,027,18085,188,177,4,181,13
2020-09-23,Kern,029,883053,31927,31172,318,31490,387
2020-09-23,Kings,031,150075,7814,7406,43,7449,76
2020-09-23,Lake,033,64148,570,519,0,519,9
2020-09-23,Lassen,035,31185,746,736,2,738,0
2020-09-23,Los Angeles,037,10098052,267025,263318,1837,265155,6421
2020-09-23,Madera,039,155013,4541,4311,30,4341,48
2020-09-23,Marin,041,260295,6692,6567,17,6584,85
2020-09-23,Mariposa,043,17540,76,74,0,74,2
2020-09-23,Mendocino,045,87422,881,801,1,802,17
2020-09-23,Merced,047,269075,8881,8785,19,8804,134
2020-09-23,Modoc,049,8938,29,24,0,24,0
2020-09-23,Mono,051,14174,169,149,2,151,1
2020-09-23,Monterey,053,433212,9835,9452,30,9482,67
2020-09-23,Napa,055,140530,1734,1653,8,1661,11
2020-09-23,Nevada,057,99092,540,523,17,540,6
2020-09-23,Orange,059,3164182,54619,51658,1438,53096,1155
2020-09-23,Placer,061,380077,3613,3506,14,3520,41
2020-09-23,Plumas,063,18699,49,48,0,48,0
2020-09-23,Riverside,065,2383286,58941,57257,159,57416,1165
2020-09-23,Sacramento,067,1510023,22490,21821,25,21846,415
2020-09-23,San Benito,069,59416,1337,1305,0,1305,10
2020-09-23,San Bernardino,071,2135413,54101,52132,344,52476,973
2020-09-23,San Diego,073,3302833,47274,45427,923,46350,767
2020-09-23,San Francisco,075,870044,11217,10926,28,10954,95
2020-09-23,San Joaquin,077,732212,20178,19785,55,19840,439
2020-09-23,San Luis Obispo,079,281455,3684,3447,21,3468,31
2020-09-23,San Mateo,081,765935,10103,9351,8,9359,127
2020-09-23,Santa Barbara,083,443738,9947,8952,76,9028,112
2020-09-23,Santa Clara,085,1922200,21967,20575,39,20614,260
2020-09-23,Santa Cruz,087,273765,2411,2283,29,2312,9
2020-09-23,Shasta,089,179085,1029,756,4,760,14
2020-09-23,Sierra,091,2930,6,6,0,6,0
2020-09-23,Siskiyou,093,43540,155,149,10,159,0
2020-09-23,Solano,095,438530,6297,6123,41,6164,50
2020-09-23,Sonoma,097,501317,7542,7091,20,7111,122
2020-09-23,Stanislaus,099,539301,16501,16271,517,16788,317
2020-09-23,Sutter,101,95872,1680,1646,1,1647,10
2020-09-23,Tehama,103,63373,574,533,2,535,2
2020-09-23,Trinity,105,12862,54,15,8,23,0
2020-09-23,Tulare,107,460477,16297,15664,130,15794,266
2020-09-23,Tuolumne,109,53932,231,223,3,226,2
2020-09-23,Ventura,111,848112,13262,12591,165,12756,137
2020-09-23,Yolo,113,214977,2811,2766,6,2772,55
2020-09-23,Yuba,115,75493,1081,1038,5,1043,5
2020-09-22,Alameda,001,1643700,21291,20607,173,20780,355
2020-09-22,Alpine,003,1148,2,2,0,2,0
2020-09-22,Amador,005,37829,292,287,0,287,16
2020-09-22,Butte,007,227075,2907,2776,24,2800,43
2020-09-22,Calaveras,009,45235,308,258,0,258,11
2020-09-22,Colusa,011,21464,529,518,0,518,6
2020-09-22,Contra Costa,013,1133247,16932,16090,79,16169,190
2020-09-22,Del Norte,015,27424,136,137,0,137,2
2020-09-22,El Dorado,017,186661,1164,1076,1,1077,4
2020-09-22,Fresno,019,978130,30487,27944,379,28323,369
2020-09-22,Glenn,021,27897,580,560,0,560,3
2020-09-22,Humboldt,023,135768,497,476,1,477,5
2020-09-22,Imperial,025,180216,11776,10529,12,10541,284
2020-09-22,Inyo,027,18085,188,177,4,181,13
2020-09-22,Kern,029,883053,31859,31110,311,31421,383
2020-09-22,Kings,031,150075,7757,7395,42,7437,76
2020-09-22,Lake,033,64148,562,516,0,516,9
2020-09-22,Lassen,035,31185,745,736,2,738,0
2020-09-22,Los Angeles,037,10098052,265949,262117,1810,263927,6394
2020-09-22,Madera,039,155013,4525,4303,30,4333,47
2020-09-22,Marin,041,260295,6678,6561,17,6578,84
2020-09-22,Mariposa,043,17540,76,74,0,74,2
2020-09-22,Mendocino,045,87422,861,794,1,795,18
2020-09-22,Merced,047,269075,8851,8769,19,8788,132
2020-09-22,Modoc,049,8938,29,24,0,24,0
2020-09-22,Mono,051,14174,168,149,2,151,1
2020-09-22,Monterey,053,433212,9777,9393,30,9423,67
2020-09-22,Napa,055,140530,1717,1652,8,1660,11
2020-09-22,Nevada,057,99092,540,523,17,540,6
2020-09-22,Orange,059,3164182,54369,51528,1430,52958,1132
2020-09-22,Placer,061,380077,3601,3492,14,3506,40
2020-09-22,Plumas,063,18699,49,48,0,48,0
2020-09-22,Riverside,065,2383286,58454,57066,155,57221,1162
2020-09-22,Sacramento,067,1510023,22370,21745,25,21770,410
2020-09-22,San Benito,069,59416,1332,1305,0,1305,10
2020-09-22,San Bernardino,071,2135413,53827,51899,344,52243,971
2020-09-22,San Diego,073,3302833,46967,45149,904,46053,765
2020-09-22,San Francisco,075,870044,11173,10893,27,10920,95
2020-09-22,San Joaquin,077,732212,20131,19755,54,19809,426
2020-09-22,San Luis Obispo,079,281455,3667,3420,21,3441,31
2020-09-22,San Mateo,081,765935,10065,9291,8,9299,127
2020-09-22,Santa Barbara,083,443738,9917,8927,75,9002,111
2020-09-22,Santa Clara,085,1922200,21848,20514,39,20553,253
2020-09-22,Santa Cruz,087,273765,2388,2264,29,2293,8
2020-09-22,Shasta,089,179085,994,723,4,727,14
2020-09-22,Sierra,091,2930,6,6,0,6,0
2020-09-22,Siskiyou,093,43540,155,149,10,159,0
2020-09-22,Solano,095,438530,6266,6107,41,6148,48
2020-09-22,Sonoma,097,501317,7463,7068,19,7087,117
2020-09-22,Stanislaus,099,539301,16478,16231,510,16741,316
2020-09-22,Sutter,101,95872,1674,1638,1,1639,10
2020-09-22,Tehama,103,63373,566,529,2,531,2
2020-09-22,Trinity,105,12862,54,15,8,23,0
2020-09-22,Tulare,107,460477,16231,15616,126,15742,263
2020-09-22,Tuolumne,109,53932,230,224,3,227,1
2020-09-22,Ventura,111,848112,13210,12507,161,12668,136
2020-09-22,Yolo,113,214977,2804,2763,6,2769,54
2020-09-22,Yuba,115,75493,1072,1035,5,1040,5
2020-09-21,Alameda,001,1643700,21212,20501,172,20673,343
2020-09-21,Alpine,003,1148,2,2,0,2,0
2020-09-21,Amador,005,37829,290,286,0,286,16
2020-09-21,Butte,007,227075,2893,2769,24,2793,41
2020-09-21,Calaveras,009,45235,306,256,0,256,10
2020-09-21,Colusa,011,21464,528,517,0,517,6
2020-09-21,Contra Costa,013,1133247,16845,16008,79,16087,189
2020-09-21,Del Norte,015,27424,136,132,0,132,2
2020-09-21,El Dorado,017,186661,1155,1074,1,1075,4
2020-09-21,Fresno,019,978130,30385,27843,372,28215,362
2020-09-21,Glenn,021,27897,576,556,0,556,3
2020-09-21,Humboldt,023,135768,493,473,1,474,5
2020-09-21,Imperial,025,180216,11745,10521,11,10532,284
2020-09-21,Inyo,027,18085,187,177,4,181,12
2020-09-21,Kern,029,883053,31787,31031,309,31340,379
2020-09-21,Kings,031,150075,7644,7297,41,7338,76
2020-09-21,Lake,033,64148,557,508,0,508,8
2020-09-21,Lassen,035,31185,743,735,2,737,0
2020-09-21,Los Angeles,037,10098052,264863,261418,1765,263183,6360
2020-09-21,Madera,039,155013,4514,4275,29,4304,47
2020-09-21,Marin,041,260295,6667,6538,16,6554,84
2020-09-21,Mariposa,043,17540,75,74,0,74,2
2020-09-21,Mendocino,045,87422,846,778,0,778,18
2020-09-21,Merced,047,269075,8832,8749,17,8766,128
2020-09-21,Modoc,049,8938,29,22,0,22,0
2020-09-21,Mono,051,14174,168,147,2,149,1
2020-09-21,Monterey,053,433212,9713,9331,27,9358,66
2020-09-21,Napa,055,140530,1706,1641,8,1649,11
2020-09-21,Nevada,057,99092,538,515,17,532,6
2020-09-21,Orange,059,3164182,54147,51363,1423,52786,1110
2020-09-21,Placer,061,380077,3591,3473,14,3487,40
2020-09-21,Plumas,063,18699,49,47,0,47,0
2020-09-21,Riverside,065,2383286,58180,57001,148,57149,1153
2020-09-21,Sacramento,067,1510023,22189,21568,25,21593,404
2020-09-21,San Benito,069,59416,1330,1298,0,1298,10
2020-09-21,San Bernardino,071,2135413,53541,51654,344,51998,970
2020-09-21,San Diego,073,3302833,46683,44927,883,45810,760
2020-09-21,San Francisco,075,870044,11125,10743,27,10770,95
2020-09-21,San Joaquin,077,732212,20073,19579,54,19633,423
2020-09-21,San Luis Obispo,079,281455,3641,3406,21,3427,27
2020-09-21,San Mateo,081,765935,10013,9239,8,9247,127
2020-09-21,Santa Barbara,083,443738,9889,8911,75,8986,110
2020-09-21,Santa Clara,085,1922200,21747,20432,39,20471,252
2020-09-21,Santa Cruz,087,273765,2371,2257,27,2284,8
2020-09-21,Shasta,089,179085,944,696,4,700,14
2020-09-21,Sierra,091,2930,6,6,0,6,0
2020-09-21,Siskiyou,093,43540,155,146,10,156,0
2020-09-21,Solano,095,438530,6242,6019,41,6060,46
2020-09-21,Sonoma,097,501317,7387,7017,19,7036,117
2020-09-21,Stanislaus,099,539301,16448,16186,510,16696,310
2020-09-21,Sutter,101,95872,1667,1634,1,1635,10
2020-09-21,Tehama,103,63373,547,513,2,515,2
2020-09-21,Trinity,105,12862,54,15,8,23,0
2020-09-21,Tulare,107,460477,16157,15528,117,15645,260
2020-09-21,Tuolumne,109,53932,230,221,3,224,1
2020-09-21,Ventura,111,848112,13126,12477,155,12632,133
2020-09-21,Yolo,113,214977,2798,2752,6,2758,54
2020-09-21,Yuba,115,75493,1068,1033,5,1038,1
2020-09-20,Alameda,001,1643700,21112,20425,169,20594,343
2020-09-20,Alpine,003,1148,2,2,0,2,0
2020-09-20,Amador,005,37829,289,286,0,286,16
2020-09-20,Butte,007,227075,2881,2764,24,2788,39
2020-09-20,Calaveras,009,45235,302,256,0,256,10
2020-09-20,Colusa,011,21464,526,510,0,510,6
2020-09-20,Contra Costa,013,1133247,16711,15917,78,15995,189
2020-09-20,Del Norte,015,27424,134,132,0,132,2
2020-09-20,El Dorado,017,186661,1140,1073,1,1074,4
2020-09-20,Fresno,019,978130,30270,27769,367,28136,362
2020-09-20,Glenn,021,27897,572,550,0,550,3
2020-09-20,Humboldt,023,135768,493,472,1,473,5
2020-09-20,Imperial,025,180216,11718,10496,9,10505,284
2020-09-20,Inyo,027,18085,187,177,4,181,12
2020-09-20,Kern,029,883053,31704,30992,306,31298,379
2020-09-20,Kings,031,150075,7597,7159,40,7199,76
2020-09-20,Lake,033,64148,545,492,0,492,8
2020-09-20,Lassen,035,31185,743,735,2,737,0
2020-09-20,Los Angeles,037,10098052,263628,260770,1739,262509,6347
2020-09-20,Madera,039,155013,4494,4257,29,4286,47
2020-09-20,Marin,041,260295,6641,6533,16,6549,83
2020-09-20,Mariposa,043,17540,75,74,0,74,2
2020-09-20,Mendocino,045,87422,834,765,0,765,18
2020-09-20,Merced,047,269075,8805,8745,17,8762,128
2020-09-20,Modoc,049,8938,27,22,0,22,0
2020-09-20,Mono,051,14174,167,147,2,149,1
2020-09-20,Monterey,053,433212,9635,9312,27,9339,65
2020-09-20,Napa,055,140530,1697,1626,8,1634,11
2020-09-20,Nevada,057,99092,535,511,17,528,6
2020-09-20,Orange,059,3164182,53905,51233,1413,52646,1110
2020-09-20,Placer,061,380077,3576,3452,14,3466,40
2020-09-20,Plumas,063,18699,49,47,0,47,0
2020-09-20,Riverside,065,2383286,57979,56783,142,56925,1147
2020-09-20,Sacramento,067,1510023,22002,21394,24,21418,401
2020-09-20,San Benito,069,59416,1319,1291,0,1291,9
2020-09-20,San Bernardino,071,2135413,53220,51559,342,51901,970
2020-09-20,San Diego,073,3302833,46310,44579,854,45433,760
2020-09-20,San Francisco,075,870044,11071,10743,27,10770,95
2020-09-20,San Joaquin,077,732212,20008,19578,47,19625,423
2020-09-20,San Luis Obispo,079,281455,3613,3393,21,3414,27
2020-09-20,San Mateo,081,765935,9946,9198,8,9206,127
2020-09-20,Santa Barbara,083,443738,9854,8880,74,8954,110
2020-09-20,Santa Clara,085,1922200,21626,20330,38,20368,252
2020-09-20,Santa Cruz,087,273765,2351,2199,27,2226,8
2020-09-20,Shasta,089,179085,903,696,3,699,14
2020-09-20,Sierra,091,2930,6,6,0,6,0
2020-09-20,Siskiyou,093,43540,155,146,10,156,0
2020-09-20,Solano,095,438530,6198,6020,41,6061,46
2020-09-20,Sonoma,097,501317,7283,6954,19,6973,117
2020-09-20,Stanislaus,099,539301,16417,16159,503,16662,310
2020-09-20,Sutter,101,95872,1661,1624,1,1625,10
2020-09-20,Tehama,103,63373,534,509,2,511,2
2020-09-20,Trinity,105,12862,54,15,8,23,0
2020-09-20,Tulare,107,460477,16070,15528,111,15639,260
2020-09-20,Tuolumne,109,53932,230,221,3,224,1
2020-09-20,Ventura,111,848112,13060,12406,151,12557,133
2020-09-20,Yolo,113,214977,2790,2745,6,2751,54
2020-09-20,Yuba,115,75493,1061,1029,5,1034,1
2020-09-19,Alameda,001,1643700,21061,20349,166,20515,343
2020-09-19,Alpine,003,1148,2,2,0,2,0
2020-09-19,Amador,005,37829,289,285,0,285,16
2020-09-19,Butte,007,227075,2875,2748,24,2772,38
2020-09-19,Calaveras,009,45235,302,256,0,256,10
2020-09-19,Colusa,011,21464,526,507,0,507,6
2020-09-19,Contra Costa,013,1133247,16648,15783,78,15861,186
2020-09-19,Del Norte,015,27424,133,132,0,132,2
2020-09-19,El Dorado,017,186661,1134,1068,0,1068,4
2020-09-19,Fresno,019,978130,30197,27668,367,28035,362
2020-09-19,Glenn,021,27897,569,547,0,547,3
2020-09-19,Humboldt,023,135768,492,471,1,472,5
2020-09-19,Imperial,025,180216,11703,10496,9,10505,284
2020-09-19,Inyo,027,18085,187,177,4,181,12
2020-09-19,Kern,029,883053,31650,30886,303,31189,379
2020-09-19,Kings,031,150075,7591,7130,40,7170,76
2020-09-19,Lake,033,64148,545,465,0,465,8
2020-09-19,Lassen,035,31185,743,731,2,733,0
2020-09-19,Los Angeles,037,10098052,263003,259801,1725,261526,6325
2020-09-19,Madera,039,155013,4471,4237,29,4266,47
2020-09-19,Marin,041,260295,6634,6513,15,6528,81
2020-09-19,Mariposa,043,17540,75,74,0,74,2
2020-09-19,Mendocino,045,87422,831,750,0,750,18
2020-09-19,Merced,047,269075,8794,8717,16,8733,128
2020-09-19,Modoc,049,8938,27,22,0,22,0
2020-09-19,Mono,051,14174,167,147,2,149,1
2020-09-19,Monterey,053,433212,9593,9237,27,9264,65
2020-09-19,Napa,055,140530,1689,1614,8,1622,11
2020-09-19,Nevada,057,99092,533,505,17,522,6
2020-09-19,Orange,059,3164182,53776,50999,1406,52405,1105
2020-09-19,Placer,061,380077,3567,3412,14,3426,40
2020-09-19,Plumas,063,18699,49,47,0,47,0
2020-09-19,Riverside,065,2383286,57855,56562,141,56703,1147
2020-09-19,Sacramento,067,1510023,21948,21297,24,21321,396
2020-09-19,San Benito,069,59416,1315,1276,0,1276,9
2020-09-19,San Bernardino,071,2135413,53064,51353,339,51692,971
2020-09-19,San Diego,073,3302833,46082,44295,831,45126,773
2020-09-19,San Francisco,075,870044,11038,10741,27,10768,95
2020-09-19,San Joaquin,077,732212,19971,19580,47,19627,424
2020-09-19,San Luis Obispo,079,281455,3592,3369,21,3390,27
2020-09-19,San Mateo,081,765935,9915,9158,8,9166,127
2020-09-19,Santa Barbara,083,443738,9833,8862,74,8936,106
2020-09-19,Santa Clara,085,1922200,21537,20170,38,20208,251
2020-09-19,Santa Cruz,087,273765,2337,2198,26,2224,8
2020-09-19,Shasta,089,179085,876,687,3,690,14
2020-09-19,Sierra,091,2930,6,6,0,6,0
2020-09-19,Siskiyou,093,43540,155,146,10,156,0
2020-09-19,Solano,095,438530,6182,5998,41,6039,46
2020-09-19,Sonoma,097,501317,7250,6905,19,6924,117
2020-09-19,Stanislaus,099,539301,16377,16109,496,16605,313
2020-09-19,Sutter,101,95872,1660,1602,1,1603,10
2020-09-19,Tehama,103,63373,529,498,2,500,2
2020-09-19,Trinity,105,12862,54,15,8,23,0
2020-09-19,Tulare,107,460477,16021,15485,108,15593,260
2020-09-19,Tuolumne,109,53932,230,217,3,220,1
2020-09-19,Ventura,111,848112,13028,12328,151,12479,133
2020-09-19,Yolo,113,214977,2782,2739,6,2745,54
2020-09-19,Yuba,115,75493,1054,1023,5,1028,1
2020-09-18,Alameda,001,1643700,20996,20222,160,20382,341
2020-09-18,Alpine,003,1148,2,2,0,2,0
2020-09-18,Amador,005,37829,289,285,0,285,16
2020-09-18,Butte,007,227075,2873,2738,24,2762,37
2020-09-18,Calaveras,009,45235,302,255,0,255,9
2020-09-18,Colusa,011,21464,526,504,0,504,6
2020-09-18,Contra Costa,013,1133247,16563,15667,78,15745,185
2020-09-18,Del Norte,015,27424,133,131,0,131,2
2020-09-18,El Dorado,017,186661,1121,1063,0,1063,4
2020-09-18,Fresno,019,978130,30132,27560,367,27927,359
2020-09-18,Glenn,021,27897,566,541,0,541,3
2020-09-18,Humboldt,023,135768,489,470,1,471,5
2020-09-18,Imperial,025,180216,11688,10460,9,10469,283
2020-09-18,Inyo,027,18085,187,177,4,181,12
2020-09-18,Kern,029,883053,31592,30742,300,31042,373
2020-09-18,Kings,031,150075,7581,7062,40,7102,74
2020-09-18,Lake,033,64148,539,458,0,458,8
2020-09-18,Lassen,035,31185,742,731,2,733,0
2020-09-18,Los Angeles,037,10098052,262228,258488,1707,260195,6324
2020-09-18,Madera,039,155013,4459,4211,29,4240,45
2020-09-18,Marin,041,260295,6619,6475,15,6490,81
2020-09-18,Mariposa,043,17540,75,74,0,74,2
2020-09-18,Mendocino,045,87422,823,739,0,739,18
2020-09-18,Merced,047,269075,8782,8691,15,8706,127
2020-09-18,Modoc,049,8938,27,22,0,22,0
2020-09-18,Mono,051,14174,165,147,2,149,1
2020-09-18,Monterey,053,433212,9551,9183,27,9210,64
2020-09-18,Napa,055,140530,1683,1604,8,1612,11
2020-09-18,Nevada,057,99092,530,504,17,521,6
2020-09-18,Orange,059,3164182,53629,50733,1394,52127,1107
2020-09-18,Placer,061,380077,3556,3389,14,3403,40
2020-09-18,Plumas,063,18699,49,45,0,45,0
2020-09-18,Riverside,065,2383286,57735,56248,137,56385,1143
2020-09-18,Sacramento,067,1510023,21865,21105,24,21129,391
2020-09-18,San Benito,069,59416,1307,1257,0,1257,8
2020-09-18,San Bernardino,071,2135413,52920,51106,336,51442,970
2020-09-18,San Diego,073,3302833,45832,44009,826,44835,757
2020-09-18,San Francisco,075,870044,11000,10644,26,10670,95
2020-09-18,San Joaquin,077,732212,19927,19531,46,19577,423
2020-09-18,San Luis Obispo,079,281455,3568,3328,21,3349,27
2020-09-18,San Mateo,081,765935,9875,9062,8,9070,127
2020-09-18,Santa Barbara,083,443738,9811,8824,74,8898,107
2020-09-18,Santa Clara,085,1922200,21439,20058,38,20096,252
2020-09-18,Santa Cruz,087,273765,2316,2180,25,2205,8
2020-09-18,Shasta,089,179085,841,668,3,671,14
2020-09-18,Sierra,091,2930,6,6,0,6,0
2020-09-18,Siskiyou,093,43540,154,146,10,156,0
2020-09-18,Solano,095,438530,6166,5961,41,6002,46
2020-09-18,Sonoma,097,501317,7202,6856,19,6875,114
2020-09-18,Stanislaus,099,539301,16349,16042,490,16532,277
2020-09-18,Sutter,101,95872,1652,1586,1,1587,10
2020-09-18,Tehama,103,63373,529,490,2,492,2
2020-09-18,Trinity,105,12862,54,15,7,22,0
2020-09-18,Tulare,107,460477,15988,15435,104,15539,259
2020-09-18,Tuolumne,109,53932,229,216,3,219,1
2020-09-18,Ventura,111,848112,12967,12236,147,12383,133
2020-09-18,Yolo,113,214977,2776,2732,6,2738,54
2020-09-18,Yuba,115,75493,1050,1020,5,1025,1
2020-09-17,Alameda,001,1643700,20897,20146,160,20306,339
2020-09-17,Alpine,003,1148,2,2,0,2,0
2020-09-17,Amador,005,37829,287,284,0,284,16
2020-09-17,Butte,007,227075,2855,2720,24,2744,38
2020-09-17,Calaveras,009,45235,302,254,0,254,9
2020-09-17,Colusa,011,21464,524,499,0,499,6
2020-09-17,Contra Costa,013,1133247,16473,15576,78,15654,184
2020-09-17,Del Norte,015,27424,133,131,0,131,2
2020-09-17,El Dorado,017,186661,1112,1057,0,1057,4
2020-09-17,Fresno,019,978130,30022,27487,362,27849,355
2020-09-17,Glenn,021,27897,565,541,0,541,3
2020-09-17,Humboldt,023,135768,483,466,1,467,5
2020-09-17,Imperial,025,180216,11671,10436,9,10445,281
2020-09-17,Inyo,027,18085,187,176,4,180,12
2020-09-17,Kern,029,883053,31531,30627,293,30920,372
2020-09-17,Kings,031,150075,7510,7015,40,7055,72
2020-09-17,Lake,033,64148,529,433,0,433,8
2020-09-17,Lassen,035,31185,740,731,2,733,0
2020-09-17,Los Angeles,037,10098052,261283,257246,1693,258939,6318
2020-09-17,Madera,039,155013,4425,4152,29,4181,45
2020-09-17,Marin,041,260295,6598,6457,15,6472,81
2020-09-17,Mariposa,043,17540,75,74,0,74,2
2020-09-17,Mendocino,045,87422,812,737,0,737,18
2020-09-17,Merced,047,269075,8763,8671,15,8686,119
2020-09-17,Modoc,049,8938,27,22,0,22,0
2020-09-17,Mono,051,14174,165,147,2,149,1
2020-09-17,Monterey,053,433212,9489,9113,25,9138,62
2020-09-17,Napa,055,140530,1672,1592,8,1600,11
2020-09-17,Nevada,057,99092,528,494,16,510,6
2020-09-17,Orange,059,3164182,53449,50537,1382,51919,1098
2020-09-17,Placer,061,380077,3535,3368,14,3382,40
2020-09-17,Plumas,063,18699,49,45,0,45,0
2020-09-17,Riverside,065,2383286,57509,56007,136,56143,1134
2020-09-17,Sacramento,067,1510023,21630,20895,24,20919,385
2020-09-17,San Benito,069,59416,1304,1252,0,1252,8
2020-09-17,San Bernardino,071,2135413,52719,50770,336,51106,904
2020-09-17,San Diego,073,3302833,45552,43621,814,44435,754
2020-09-17,San Francisco,075,870044,10905,10564,26,10590,95
2020-09-17,San Joaquin,077,732212,19868,19439,46,19485,416
2020-09-17,San Luis Obispo,079,281455,3540,3299,21,3320,27
2020-09-17,San Mateo,081,765935,9833,8984,8,8992,127
2020-09-17,Santa Barbara,083,443738,9787,8779,74,8853,107
2020-09-17,Santa Clara,085,1922200,21322,19825,38,19863,254
2020-09-17,Santa Cruz,087,273765,2300,2155,25,2180,7
2020-09-17,Shasta,089,179085,802,660,3,663,12
2020-09-17,Sierra,091,2930,6,6,0,6,0
2020-09-17,Siskiyou,093,43540,154,146,10,156,0
2020-09-17,Solano,095,438530,6143,5915,41,5956,44
2020-09-17,Sonoma,097,501317,7138,6754,19,6773,114
2020-09-17,Stanislaus,099,539301,16316,15984,486,16470,277
2020-09-17,Sutter,101,95872,1647,1572,1,1573,10
2020-09-17,Tehama,103,63373,515,487,2,489,2
2020-09-17,Trinity,105,12862,54,15,7,22,0
2020-09-17,Tulare,107,460477,15935,15344,102,15446,258
2020-09-17,Tuolumne,109,53932,228,214,3,217,1
2020-09-17,Ventura,111,848112,12880,12167,143,12310,130
2020-09-17,Yolo,113,214977,2767,2724,6,2730,53
2020-09-17,Yuba,115,75493,1046,1015,5,1020,1
2020-09-16,Alameda,001,1643700,20799,20009,158,20167,333
2020-09-16,Alpine,003,1148,2,2,0,2,0
2020-09-16,Amador,005,37829,287,284,0,284,16
2020-09-16,Butte,007,227075,2845,2704,24,2728,38
2020-09-16,Calaveras,009,45235,302,254,0,254,9
2020-09-16,Colusa,011,21464,522,497,0,497,6
2020-09-16,Contra Costa,013,1133247,16387,15473,78,15551,183
2020-09-16,Del Norte,015,27424,133,131,0,131,2
2020-09-16,El Dorado,017,186661,1104,1049,0,1049,4
2020-09-16,Fresno,019,978130,29916,27381,360,27741,343
2020-09-16,Glenn,021,27897,563,539,0,539,3
2020-09-16,Humboldt,023,135768,482,455,1,456,4
2020-09-16,Imperial,025,180216,11648,10401,9,10410,277
2020-09-16,Inyo,027,18085,186,176,4,180,12
2020-09-16,Kern,029,883053,31471,30570,292,30862,371
2020-09-16,Kings,031,150075,7485,7002,37,7039,71
2020-09-16,Lake,033,64148,518,417,0,417,6
2020-09-16,Lassen,035,31185,739,730,2,732,0
2020-09-16,Los Angeles,037,10098052,260289,256101,1675,257776,6299
2020-09-16,Madera,039,155013,4402,4138,29,4167,45
2020-09-16,Marin,041,260295,6570,6430,15,6445,77
2020-09-16,Mariposa,043,17540,75,74,0,74,2
2020-09-16,Mendocino,045,87422,803,727,0,727,18
2020-09-16,Merced,047,269075,8742,8646,15,8661,118
2020-09-16,Modoc,049,8938,27,22,0,22,0
2020-09-16,Mono,051,14174,165,147,2,149,1
2020-09-16,Monterey,053,433212,9435,8997,25,9022,62
2020-09-16,Napa,055,140530,1658,1587,8,1595,11
2020-09-16,Nevada,057,99092,523,495,15,510,6
2020-09-16,Orange,059,3164182,53249,50414,1373,51787,1096
2020-09-16,Placer,061,380077,3517,3351,14,3365,39
2020-09-16,Plumas,063,18699,49,45,0,45,0
2020-09-16,Riverside,065,2383286,57313,55811,128,55939,1127
2020-09-16,Sacramento,067,1510023,21535,20610,24,20634,377
2020-09-16,San Benito,069,59416,1296,1244,0,1244,8
2020-09-16,San Bernardino,071,2135413,52493,50509,335,50844,907
2020-09-16,San Diego,073,3302833,45260,43447,793,44240,748
2020-09-16,San Francisco,075,870044,10858,10502,26,10528,90
2020-09-16,San Joaquin,077,732212,19814,19377,45,19422,409
2020-09-16,San Luis Obispo,079,281455,3510,3285,21,3306,28
2020-09-16,San Mateo,081,765935,9768,8944,8,8952,127
2020-09-16,Santa Barbara,083,443738,9755,8764,74,8838,107
2020-09-16,Santa Clara,085,1922200,21203,19684,38,19722,253
2020-09-16,Santa Cruz,087,273765,2259,2089,24,2113,7
2020-09-16,Shasta,089,179085,776,635,3,638,11
2020-09-16,Sierra,091,2930,6,6,0,6,0
2020-09-16,Siskiyou,093,43540,153,145,10,155,0
2020-09-16,Solano,095,438530,6113,5899,41,5940,44
2020-09-16,Sonoma,097,501317,7077,6731,19,6750,104
2020-09-16,Stanislaus,099,539301,16268,15897,478,16375,263
2020-09-16,Sutter,101,95872,1634,1567,1,1568,10
2020-09-16,Tehama,103,63373,507,485,2,487,2
2020-09-16,Trinity,105,12862,54,15,7,22,0
2020-09-16,Tulare,107,460477,15892,15314,95,15409,258
2020-09-16,Tuolumne,109,53932,227,210,3,213,1
2020-09-16,Ventura,111,848112,12809,12073,141,12214,130
2020-09-16,Yolo,113,214977,2760,2709,6,2715,53
2020-09-16,Yuba,115,75493,1044,1000,5,1005,1
2020-09-15,Alameda,001,1643700,20692,19931,155,20086,327
2020-09-15,Alpine,003,1148,2,2,0,2,0
2020-09-15,Amador,005,37829,286,282,0,282,16
2020-09-15,Butte,007,227075,2832,2695,22,2717,38
2020-09-15,Calaveras,009,45235,302,248,0,248,5
2020-09-15,Colusa,011,21464,516,497,0,497,6
2020-09-15,Contra Costa,013,1133247,16284,15423,77,15500,180
2020-09-15,Del Norte,015,27424,133,129,0,129,2
2020-09-15,El Dorado,017,186661,1099,1046,0,1046,4
2020-09-15,Fresno,019,978130,29809,27312,355,27667,343
2020-09-15,Glenn,021,27897,562,531,0,531,3
2020-09-15,Humboldt,023,135768,480,456,1,457,4
2020-09-15,Imperial,025,180216,11623,10376,9,10385,277
2020-09-15,Inyo,027,18085,186,176,4,180,12
2020-09-15,Kern,029,883053,31358,30429,289,30718,368
2020-09-15,Kings,031,150075,7327,6977,37,7014,70
2020-09-15,Lake,033,64148,504,416,0,416,4
2020-09-15,Lassen,035,31185,735,719,2,721,0
2020-09-15,Los Angeles,037,10098052,259176,255048,1653,256701,6269
2020-09-15,Madera,039,155013,4383,4122,29,4151,45
2020-09-15,Marin,041,260295,6539,6423,15,6438,77
2020-09-15,Mariposa,043,17540,75,74,0,74,2
2020-09-15,Mendocino,045,87422,785,724,0,724,18
2020-09-15,Merced,047,269075,8712,8633,15,8648,114
2020-09-15,Modoc,049,8938,26,21,0,21,0
2020-09-15,Mono,051,14174,165,147,2,149,1
2020-09-15,Monterey,053,433212,9386,8943,25,8968,62
2020-09-15,Napa,055,140530,1644,1580,8,1588,11
2020-09-15,Nevada,057,99092,518,494,15,509,6
2020-09-15,Orange,059,3164182,53067,50294,1358,51652,1088
2020-09-15,Placer,061,380077,3493,3331,14,3345,38
2020-09-15,Plumas,063,18699,49,44,0,44,0
2020-09-15,Riverside,065,2383286,57019,55569,118,55687,1118
2020-09-15,Sacramento,067,1510023,21392,20487,24,20511,372
2020-09-15,San Benito,069,59416,1289,1237,0,1237,7
2020-09-15,San Bernardino,071,2135413,52277,50333,334,50667,904
2020-09-15,San Diego,073,3302833,44941,43183,773,43956,742
2020-09-15,San Francisco,075,870044,10800,10414,26,10440,90
2020-09-15,San Joaquin,077,732212,19762,19313,45,19358,401
2020-09-15,San Luis Obispo,079,281455,3490,3262,21,3283,28
2020-09-15,San Mateo,081,765935,9698,8895,8,8903,127
2020-09-15,Santa Barbara,083,443738,9730,8724,73,8797,104
2020-09-15,Santa Clara,085,1922200,21067,19610,38,19648,252
2020-09-15,Santa Cruz,087,273765,2233,2079,23,2102,7
2020-09-15,Shasta,089,179085,764,627,3,630,11
2020-09-15,Sierra,091,2930,6,6,0,6,0
2020-09-15,Siskiyou,093,43540,153,143,10,153,0
2020-09-15,Solano,095,438530,6079,5878,41,5919,45
2020-09-15,Sonoma,097,501317,7038,6701,19,6720,104
2020-09-15,Stanislaus,099,539301,16220,15880,476,16356,260
2020-09-15,Sutter,101,95872,1622,1556,1,1557,10
2020-09-15,Tehama,103,63373,495,484,2,486,2
2020-09-15,Trinity,105,12862,54,15,7,22,0
2020-09-15,Tulare,107,460477,15815,15203,93,15296,254
2020-09-15,Tuolumne,109,53932,227,209,3,212,1
2020-09-15,Ventura,111,848112,12756,11932,140,12072,128
2020-09-15,Yolo,113,214977,2756,2708,6,2714,53
2020-09-15,Yuba,115,75493,1038,991,4,995,1
2020-09-14,Alameda,001,1643700,20565,19851,154,20005,306
2020-09-14,Alpine,003,1148,2,2,0,2,0
2020-09-14,Amador,005,37829,284,281,0,281,16
2020-09-14,Butte,007,227075,2815,2642,22,2664,37
2020-09-14,Calaveras,009,45235,302,244,0,244,3
2020-09-14,Colusa,011,21464,515,486,0,486,6
2020-09-14,Contra Costa,013,1133247,16160,15354,76,15430,174
2020-09-14,Del Norte,015,27424,130,116,0,116,2
2020-09-14,El Dorado,017,186661,1095,1039,0,1039,3
2020-09-14,Fresno,019,978130,29723,27232,352,27584,344
2020-09-14,Glenn,021,27897,554,521,0,521,3
2020-09-14,Humboldt,023,135768,477,437,1,438,4
2020-09-14,Imperial,025,180216,11603,10340,9,10349,273
2020-09-14,Inyo,027,18085,186,176,4,180,12
2020-09-14,Kern,029,883053,31270,30344,288,30632,368
2020-09-14,Kings,031,150075,7245,6950,37,6987,70
2020-09-14,Lake,033,64148,484,407,0,407,4
2020-09-14,Lassen,035,31185,735,719,2,721,0
2020-09-14,Los Angeles,037,10098052,258143,254622,1628,256250,6226
2020-09-14,Madera,039,155013,4369,4104,29,4133,45
2020-09-14,Marin,041,260295,6518,6409,15,6424,70
2020-09-14,Mariposa,043,17540,75,74,0,74,2
2020-09-14,Mendocino,045,87422,768,710,0,710,17
2020-09-14,Merced,047,269075,8693,8593,15,8608,112
2020-09-14,Modoc,049,8938,26,21,0,21,0
2020-09-14,Mono,051,14174,165,147,2,149,1
2020-09-14,Monterey,053,433212,9315,8845,24,8869,61
2020-09-14,Napa,055,140530,1627,1576,8,1584,11
2020-09-14,Nevada,057,99092,513,489,15,504,6
2020-09-14,Orange,059,3164182,52905,50149,1342,51491,1079
2020-09-14,Placer,061,380077,3472,3302,14,3316,38
2020-09-14,Plumas,063,18699,48,42,0,42,0
2020-09-14,Riverside,065,2383286,56800,55488,113,55601,1113
2020-09-14,Sacramento,067,1510023,21197,20377,23,20400,367
2020-09-14,San Benito,069,59416,1274,1233,0,1233,7
2020-09-14,San Bernardino,071,2135413,52053,50163,333,50496,895
2020-09-14,San Diego,073,3302833,44630,42889,753,43642,734
2020-09-14,San Francisco,075,870044,10733,10255,24,10279,90
2020-09-14,San Joaquin,077,732212,19688,19111,44,19155,397
2020-09-14,San Luis Obispo,079,281455,3465,3248,21,3269,25
2020-09-14,San Mateo,081,765935,9636,8847,8,8855,127
2020-09-14,Santa Barbara,083,443738,9704,8692,73,8765,104
2020-09-14,Santa Clara,085,1922200,20878,19545,38,19583,247
2020-09-14,Santa Cruz,087,273765,2212,2016,22,2038,7
2020-09-14,Shasta,089,179085,741,584,3,587,10
2020-09-14,Sierra,091,2930,6,6,0,6,0
2020-09-14,Siskiyou,093,43540,152,143,10,153,0
2020-09-14,Solano,095,438530,6044,5834,41,5875,44
2020-09-14,Sonoma,097,501317,6975,6630,19,6649,102
2020-09-14,Stanislaus,099,539301,16175,15812,473,16285,253
2020-09-14,Sutter,101,95872,1611,1549,1,1550,10
2020-09-14,Tehama,103,63373,493,475,2,477,1
2020-09-14,Trinity,105,12862,53,14,7,21,0
2020-09-14,Tulare,107,460477,15745,15096,87,15183,254
2020-09-14,Tuolumne,109,53932,226,208,3,211,1
2020-09-14,Ventura,111,848112,12654,11903,137,12040,125
2020-09-14,Yolo,113,214977,2745,2687,6,2693,53
2020-09-14,Yuba,115,75493,1030,977,4,981,1
2020-09-13,Alameda,001,1643700,20459,19815,151,19966,306
2020-09-13,Alpine,003,1148,2,2,0,2,0
2020-09-13,Amador,005,37829,281,279,0,279,16
2020-09-13,Butte,007,227075,2793,2640,22,2662,37
2020-09-13,Calaveras,009,45235,301,246,0,246,3
2020-09-13,Colusa,011,21464,511,486,0,486,6
2020-09-13,Contra Costa,013,1133247,16052,15284,76,15360,172
2020-09-13,Del Norte,015,27424,127,116,0,116,1
2020-09-13,El Dorado,017,186661,1090,1035,0,1035,2
2020-09-13,Fresno,019,978130,29616,27196,343,27539,345
2020-09-13,Glenn,021,27897,550,517,0,517,3
2020-09-13,Humboldt,023,135768,477,434,1,435,4
2020-09-13,Imperial,025,180216,11566,10304,8,10312,273
2020-09-13,Inyo,027,18085,186,176,4,180,12
2020-09-13,Kern,029,883053,31177,30277,281,30558,368
2020-09-13,Kings,031,150075,7226,6937,37,6974,70
2020-09-13,Lake,033,64148,465,397,0,397,4
2020-09-13,Lassen,035,31185,732,719,2,721,0
2020-09-13,Los Angeles,037,10098052,256995,253950,1612,255562,6203
2020-09-13,Madera,039,155013,4312,4090,29,4119,45
2020-09-13,Marin,041,260295,6497,6395,15,6410,70
2020-09-13,Mariposa,043,17540,75,74,0,74,2
2020-09-13,Mendocino,045,87422,761,707,0,707,17
2020-09-13,Merced,047,269075,8659,8575,15,8590,112
2020-09-13,Modoc,049,8938,26,21,0,21,0
2020-09-13,Mono,051,14174,165,147,2,149,1
2020-09-13,Monterey,053,433212,9233,8826,23,8849,61
2020-09-13,Napa,055,140530,1620,1563,8,1571,11
2020-09-13,Nevada,057,99092,505,486,15,501,6
2020-09-13,Orange,059,3164182,52689,50061,1335,51396,1075
2020-09-13,Placer,061,380077,3442,3291,14,3305,38
2020-09-13,Plumas,063,18699,48,42,0,42,0
2020-09-13,Riverside,065,2383286,56591,55235,102,55337,1108
2020-09-13,Sacramento,067,1510023,20851,20279,23,20302,367
2020-09-13,San Benito,069,59416,1266,1217,0,1217,7
2020-09-13,San Bernardino,071,2135413,51768,49968,331,50299,895
2020-09-13,San Diego,073,3302833,44304,42681,719,43400,734
2020-09-13,San Francisco,075,870044,10655,10254,24,10278,90
2020-09-13,San Joaquin,077,732212,19616,19110,43,19153,396
2020-09-13,San Luis Obispo,079,281455,3429,3240,21,3261,24
2020-09-13,San Mateo,081,765935,9575,8811,8,8819,127
2020-09-13,Santa Barbara,083,443738,9667,8690,73,8763,104
2020-09-13,Santa Clara,085,1922200,20743,19456,37,19493,245
2020-09-13,Santa Cruz,087,273765,2179,2016,20,2036,7
2020-09-13,Shasta,089,179085,729,583,3,586,10
2020-09-13,Sierra,091,2930,6,6,0,6,0
2020-09-13,Siskiyou,093,43540,152,143,9,152,0
2020-09-13,Solano,095,438530,5998,5810,41,5851,43
2020-09-13,Sonoma,097,501317,6910,6592,19,6611,95
2020-09-13,Stanislaus,099,539301,16112,15759,461,16220,253
2020-09-13,Sutter,101,95872,1598,1539,1,1540,10
2020-09-13,Tehama,103,63373,489,476,2,478,1
2020-09-13,Trinity,105,12862,53,14,7,21,0
2020-09-13,Tulare,107,460477,15674,15098,86,15184,254
2020-09-13,Tuolumne,109,53932,223,208,3,211,1
2020-09-13,Ventura,111,848112,12546,11855,136,11991,123
2020-09-13,Yolo,113,214977,2733,2675,6,2681,53
2020-09-13,Yuba,115,75493,1025,967,4,971,1
2020-09-12,Alameda,001,1643700,20400,19758,151,19909,307
2020-09-12,Alpine,003,1148,2,2,0,2,0
2020-09-12,Amador,005,37829,280,278,0,278,16
2020-09-12,Butte,007,227075,2786,2629,21,2650,37
2020-09-12,Calaveras,009,45235,299,246,0,246,3
2020-09-12,Colusa,011,21464,507,486,0,486,6
2020-09-12,Contra Costa,013,1133247,15977,15135,75,15210,174
2020-09-12,Del Norte,015,27424,126,116,0,116,1
2020-09-12,El Dorado,017,186661,1083,1034,0,1034,2
2020-09-12,Fresno,019,978130,29545,27076,343,27419,345
2020-09-12,Glenn,021,27897,549,517,0,517,3
2020-09-12,Humboldt,023,135768,476,430,1,431,4
2020-09-12,Imperial,025,180216,11554,10305,8,10313,273
2020-09-12,Inyo,027,18085,186,177,4,181,12
2020-09-12,Kern,029,883053,31111,30202,281,30483,368
2020-09-12,Kings,031,150075,7216,6895,37,6932,70
2020-09-12,Lake,033,64148,459,393,0,393,4
2020-09-12,Lassen,035,31185,732,719,2,721,0
2020-09-12,Los Angeles,037,10098052,256436,253156,1591,254747,6193
2020-09-12,Madera,039,155013,4301,4058,29,4087,43
2020-09-12,Marin,041,260295,6488,6393,15,6408,69
2020-09-12,Mariposa,043,17540,75,72,0,72,2
2020-09-12,Mendocino,045,87422,758,700,0,700,17
2020-09-12,Merced,047,269075,8650,8533,15,8548,112
2020-09-12,Modoc,049,8938,25,21,0,21,0
2020-09-12,Mono,051,14174,165,147,2,149,1
2020-09-12,Monterey,053,433212,9197,8743,23,8766,61
2020-09-12,Napa,055,140530,1617,1556,8,1564,11
2020-09-12,Nevada,057,99092,504,482,15,497,6
2020-09-12,Orange,059,3164182,52575,49895,1332,51227,1078
2020-09-12,Placer,061,380077,3425,3280,14,3294,38
2020-09-12,Plumas,063,18699,48,42,0,42,0
2020-09-12,Riverside,065,2383286,56463,55058,98,55156,1108
2020-09-12,Sacramento,067,1510023,20782,20184,23,20207,367
2020-09-12,San Benito,069,59416,1263,1208,0,1208,7
2020-09-12,San Bernardino,071,2135413,51677,49945,329,50274,896
2020-09-12,San Diego,073,3302833,44110,42416,710,43126,747
2020-09-12,San Francisco,075,870044,10610,10257,24,10281,90
2020-09-12,San Joaquin,077,732212,19588,19108,43,19151,396
2020-09-12,San Luis Obispo,079,281455,3403,3220,21,3241,24
2020-09-12,San Mateo,081,765935,9530,8759,8,8767,127
2020-09-12,Santa Barbara,083,443738,9652,8642,73,8715,104
2020-09-12,Santa Clara,085,1922200,20659,19330,37,19367,237
2020-09-12,Santa Cruz,087,273765,2167,2016,20,2036,7
2020-09-12,Shasta,089,179085,717,569,3,572,10
2020-09-12,Sierra,091,2930,6,6,0,6,0
2020-09-12,Siskiyou,093,43540,152,141,9,150,0
2020-09-12,Solano,095,438530,5974,5772,41,5813,43
2020-09-12,Sonoma,097,501317,6886,6531,19,6550,95
2020-09-12,Stanislaus,099,539301,16080,15675,458,16133,253
2020-09-12,Sutter,101,95872,1592,1529,1,1530,10
2020-09-12,Tehama,103,63373,486,471,2,473,1
2020-09-12,Trinity,105,12862,53,15,7,22,0
2020-09-12,Tulare,107,460477,15628,15018,85,15103,254
2020-09-12,Tuolumne,109,53932,223,208,3,211,1
2020-09-12,Ventura,111,848112,12495,11759,134,11893,123
2020-09-12,Yolo,113,214977,2726,2646,6,2652,53
2020-09-12,Yuba,115,75493,1021,963,4,967,1
2020-09-11,Alameda,001,1643700,20345,19625,150,19775,298
2020-09-11,Alpine,003,1148,2,2,0,2,0
2020-09-11,Amador,005,37829,280,277,0,277,16
2020-09-11,Butte,007,227075,2775,2605,21,2626,37
2020-09-11,Calaveras,009,45235,298,242,0,242,1
2020-09-11,Colusa,011,21464,506,484,0,484,6
2020-09-11,Contra Costa,013,1133247,15925,15001,72,15073,173
2020-09-11,Del Norte,015,27424,126,115,0,115,1
2020-09-11,El Dorado,017,186661,1080,1024,0,1024,2
2020-09-11,Fresno,019,978130,29465,26917,342,27259,344
2020-09-11,Glenn,021,27897,544,515,0,515,3
2020-09-11,Humboldt,023,135768,474,426,1,427,4
2020-09-11,Imperial,025,180216,11536,10286,8,10294,273
2020-09-11,Inyo,027,18085,186,176,4,180,12
2020-09-11,Kern,029,883053,31043,30059,280,30339,365
2020-09-11,Kings,031,150075,7199,6770,37,6807,70
2020-09-11,Lake,033,64148,452,382,0,382,4
2020-09-11,Lassen,035,31185,732,719,2,721,0
2020-09-11,Los Angeles,037,10098052,255755,252057,1580,253637,6172
2020-09-11,Madera,039,155013,4282,4018,29,4047,43
2020-09-11,Marin,041,260295,6485,6364,15,6379,69
2020-09-11,Mariposa,043,17540,75,72,0,72,2
2020-09-11,Mendocino,045,87422,747,700,0,700,17
2020-09-11,Merced,047,269075,8629,8489,15,8504,109
2020-09-11,Modoc,049,8938,25,21,0,21,0
2020-09-11,Mono,051,14174,165,145,2,147,1
2020-09-11,Monterey,053,433212,9149,8595,23,8618,61
2020-09-11,Napa,055,140530,1606,1543,8,1551,11
2020-09-11,Nevada,057,99092,497,483,15,498,6
2020-09-11,Orange,059,3164182,52446,49755,1320,51075,1068
2020-09-11,Placer,061,380077,3410,3254,14,3268,37
2020-09-11,Plumas,063,18699,48,42,0,42,0
2020-09-11,Riverside,065,2383286,56330,54717,95,54812,1099
2020-09-11,Sacramento,067,1510023,20697,20012,23,20035,358
2020-09-11,San Benito,069,59416,1253,1202,0,1202,7
2020-09-11,San Bernardino,071,2135413,51577,49682,329,50011,871
2020-09-11,San Diego,073,3302833,43890,41971,704,42675,730
2020-09-11,San Francisco,075,870044,10562,10133,23,10156,89
2020-09-11,San Joaquin,077,732212,19540,19019,43,19062,391
2020-09-11,San Luis Obispo,079,281455,3385,3190,21,3211,24
2020-09-11,San Mateo,081,765935,9488,8611,8,8619,127
2020-09-11,Santa Barbara,083,443738,9618,8592,72,8664,103
2020-09-11,Santa Clara,085,1922200,20570,19065,37,19102,234
2020-09-11,Santa Cruz,087,273765,2150,1997,20,2017,7
2020-09-11,Shasta,089,179085,707,568,3,571,10
2020-09-11,Sierra,091,2930,6,6,0,6,0
2020-09-11,Siskiyou,093,43540,151,139,9,148,0
2020-09-11,Solano,095,438530,5957,5742,41,5783,42
2020-09-11,Sonoma,097,501317,6841,6469,19,6488,91
2020-09-11,Stanislaus,099,539301,16042,15613,455,16068,253
2020-09-11,Sutter,101,95872,1582,1505,1,1506,11
2020-09-11,Tehama,103,63373,483,466,2,468,1
2020-09-11,Trinity,105,12862,53,16,7,23,0
2020-09-11,Tulare,107,460477,15597,14932,83,15015,251
2020-09-11,Tuolumne,109,53932,223,208,3,211,1
2020-09-11,Ventura,111,848112,12441,11700,132,11832,123
2020-09-11,Yolo,113,214977,2715,2632,6,2638,53
2020-09-11,Yuba,115,75493,1013,946,4,950,1
2020-09-10,Alameda,001,1643700,20271,19509,150,19659,292
2020-09-10,Alpine,003,1148,2,2,0,2,0
2020-09-10,Amador,005,37829,279,277,0,277,16
2020-09-10,Butte,007,227075,2758,2590,21,2611,37
2020-09-10,Calaveras,009,45235,298,244,0,244,1
2020-09-10,Colusa,011,21464,504,482,0,482,6
2020-09-10,Contra Costa,013,1133247,15855,14909,72,14981,172
2020-09-10,Del Norte,015,27424,125,112,0,112,1
2020-09-10,El Dorado,017,186661,1077,1020,0,1020,2
2020-09-10,Fresno,019,978130,29343,26783,342,27125,338
2020-09-10,Glenn,021,27897,534,511,0,511,3
2020-09-10,Humboldt,023,135768,463,422,1,423,4
2020-09-10,Imperial,025,180216,11520,10251,8,10259,270
2020-09-10,Inyo,027,18085,185,176,4,180,11
2020-09-10,Kern,029,883053,30961,29988,276,30264,363
2020-09-10,Kings,031,150075,7169,6739,37,6776,70
2020-09-10,Lake,033,64148,445,377,0,377,4
2020-09-10,Lassen,035,31185,731,716,2,718,0
2020-09-10,Los Angeles,037,10098052,254775,251003,1558,252561,6132
2020-09-10,Madera,039,155013,4264,3979,29,4008,43
2020-09-10,Marin,041,260295,6473,6344,15,6359,68
2020-09-10,Mariposa,043,17540,75,72,0,72,2
2020-09-10,Mendocino,045,87422,737,697,0,697,16
2020-09-10,Merced,047,269075,8583,8461,15,8476,109
2020-09-10,Modoc,049,8938,25,21,0,21,0
2020-09-10,Mono,051,14174,165,145,2,147,1
2020-09-10,Monterey,053,433212,9079,8570,23,8593,59
2020-09-10,Napa,055,140530,1600,1536,8,1544,11
2020-09-10,Nevada,057,99092,493,478,15,493,6
2020-09-10,Orange,059,3164182,52282,49617,1314,50931,1057
2020-09-10,Placer,061,380077,3391,3233,14,3247,37
2020-09-10,Plumas,063,18699,48,42,0,42,0
2020-09-10,Riverside,065,2383286,56012,54417,92,54509,1091
2020-09-10,Sacramento,067,1510023,20575,19618,22,19640,354
2020-09-10,San Benito,069,59416,1247,1201,0,1201,5
2020-09-10,San Bernardino,071,2135413,51388,49467,327,49794,867
2020-09-10,San Diego,073,3302833,43624,41610,677,42287,725
2020-09-10,San Francisco,075,870044,10485,10082,23,10105,89
2020-09-10,San Joaquin,077,732212,19487,18854,43,18897,389
2020-09-10,San Luis Obispo,079,281455,3372,3161,21,3182,24
2020-09-10,San Mateo,081,765935,9442,8529,8,8537,125
2020-09-10,Santa Barbara,083,443738,9574,8552,72,8624,100
2020-09-10,Santa Clara,085,1922200,20456,18870,37,18907,231
2020-09-10,Santa Cruz,087,273765,2135,1986,18,2004,7
2020-09-10,Shasta,089,179085,696,566,3,569,10
2020-09-10,Sierra,091,2930,6,6,0,6,0
2020-09-10,Siskiyou,093,43540,151,137,9,146,0
2020-09-10,Solano,095,438530,5917,5696,41,5737,42
2020-09-10,Sonoma,097,501317,6792,6424,19,6443,91
2020-09-10,Stanislaus,099,539301,15988,15509,450,15959,243
2020-09-10,Sutter,101,95872,1570,1494,1,1495,11
2020-09-10,Tehama,103,63373,476,466,2,468,1
2020-09-10,Trinity,105,12862,53,15,7,22,0
2020-09-10,Tulare,107,460477,15542,14860,80,14940,250
2020-09-10,Tuolumne,109,53932,222,205,3,208,1
2020-09-10,Ventura,111,848112,12347,11600,125,11725,122
2020-09-10,Yolo,113,214977,2710,2612,6,2618,53
2020-09-10,Yuba,115,75493,1007,941,4,945,1
2020-09-09,Alameda,001,1643700,20192,19399,149,19548,289
2020-09-09,Alpine,003,1148,2,2,0,2,0
2020-09-09,Amador,005,37829,278,276,0,276,16
2020-09-09,Butte,007,227075,2741,2561,21,2582,37
2020-09-09,Calaveras,009,45235,298,242,0,242,1
2020-09-09,Colusa,011,21464,499,479,0,479,6
2020-09-09,Contra Costa,013,1133247,15769,14816,72,14888,171
2020-09-09,Del Norte,015,27424,121,109,0,109,1
2020-09-09,El Dorado,017,186661,1074,1020,0,1020,2
2020-09-09,Fresno,019,978130,29240,26724,337,27061,329
2020-09-09,Glenn,021,27897,531,508,0,508,3
2020-09-09,Humboldt,023,135768,461,420,1,421,4
2020-09-09,Imperial,025,180216,11499,10233,8,10241,268
2020-09-09,Inyo,027,18085,184,173,4,177,2
2020-09-09,Kern,029,883053,30863,29925,273,30198,355
2020-09-09,Kings,031,150075,7151,6721,37,6758,72
2020-09-09,Lake,033,64148,437,371,0,371,4
2020-09-09,Lassen,035,31185,730,714,2,716,0
2020-09-09,Los Angeles,037,10098052,253894,249876,1539,251415,6091
2020-09-09,Madera,039,155013,4238,3926,29,3955,43
2020-09-09,Marin,041,260295,6454,6321,15,6336,68
2020-09-09,Mariposa,043,17540,74,72,0,72,2
2020-09-09,Mendocino,045,87422,729,695,0,695,16
2020-09-09,Merced,047,269075,8557,8441,15,8456,107
2020-09-09,Modoc,049,8938,24,20,0,20,0
2020-09-09,Mono,051,14174,165,145,2,147,1
2020-09-09,Monterey,053,433212,9007,8527,23,8550,59
2020-09-09,Napa,055,140530,1590,1531,8,1539,11
2020-09-09,Nevada,057,99092,489,476,15,491,6
2020-09-09,Orange,059,3164182,52102,49394,1306,50700,1054
2020-09-09,Placer,061,380077,3371,3222,14,3236,36
2020-09-09,Plumas,063,18699,46,42,0,42,0
2020-09-09,Riverside,065,2383286,55782,54320,89,54409,1081
2020-09-09,Sacramento,067,1510023,20469,19474,21,19495,347
2020-09-09,San Benito,069,59416,1243,1199,0,1199,5
2020-09-09,San Bernardino,071,2135413,51190,49264,326,49590,866
2020-09-09,San Diego,073,3302833,43335,41326,665,41991,721
2020-09-09,San Francisco,075,870044,10435,9996,22,10018,86
2020-09-09,San Joaquin,077,732212,19423,18799,42,18841,388
2020-09-09,San Luis Obispo,079,281455,3354,3131,21,3152,24
2020-09-09,San Mateo,081,765935,9381,8478,8,8486,125
2020-09-09,Santa Barbara,083,443738,9531,8528,72,8600,97
2020-09-09,Santa Clara,085,1922200,20324,18759,37,18796,228
2020-09-09,Santa Cruz,087,273765,2112,1967,18,1985,7
2020-09-09,Shasta,089,179085,684,562,3,565,10
2020-09-09,Sierra,091,2930,6,6,0,6,0
2020-09-09,Siskiyou,093,43540,149,137,9,146,0
2020-09-09,Solano,095,438530,5885,5680,41,5721,36
2020-09-09,Sonoma,097,501317,6725,6397,19,6416,92
2020-09-09,Stanislaus,099,539301,15949,15469,439,15908,243
2020-09-09,Sutter,101,95872,1562,1487,1,1488,11
2020-09-09,Tehama,103,63373,473,462,2,464,1
2020-09-09,Trinity,105,12862,53,14,7,21,0
2020-09-09,Tulare,107,460477,15493,14787,75,14862,249
2020-09-09,Tuolumne,109,53932,221,204,3,207,1
2020-09-09,Ventura,111,848112,12256,11497,122,11619,121
2020-09-09,Yolo,113,214977,2699,2604,6,2610,53
2020-09-09,Yuba,115,75493,1002,936,4,940,1
2020-09-08,Alameda,001,1643700,20084,19293,149,19442,288
2020-09-08,Alpine,003,1148,2,2,0,2,0
2020-09-08,Amador,005,37829,278,276,0,276,16
2020-09-08,Butte,007,227075,2723,2453,21,2474,36
2020-09-08,Calaveras,009,45235,296,233,0,233,1
2020-09-08,Colusa,011,21464,497,475,0,475,6
2020-09-08,Contra Costa,013,1133247,15641,14740,69,14809,171
2020-09-08,Del Norte,015,27424,121,109,0,109,2
2020-09-08,El Dorado,017,186661,1071,1011,0,1011,2
2020-09-08,Fresno,019,978130,29120,26640,332,26972,329
2020-09-08,Glenn,021,27897,527,492,0,492,3
2020-09-08,Humboldt,023,135768,459,420,1,421,4
2020-09-08,Imperial,025,180216,11483,10198,8,10206,267
2020-09-08,Inyo,027,18085,184,169,4,173,2
2020-09-08,Kern,029,883053,30777,29850,271,30121,351
2020-09-08,Kings,031,150075,7113,6658,37,6695,72
2020-09-08,Lake,033,64148,427,370,0,370,4
2020-09-08,Lassen,035,31185,730,710,2,712,0
2020-09-08,Los Angeles,037,10098052,252961,249217,1511,250728,6034
2020-09-08,Madera,039,155013,4214,3904,29,3933,43
2020-09-08,Marin,041,260295,6423,6313,15,6328,68
2020-09-08,Mariposa,043,17540,74,72,0,72,2
2020-09-08,Mendocino,045,87422,722,690,0,690,16
2020-09-08,Merced,047,269075,8534,8381,15,8396,104
2020-09-08,Modoc,049,8938,24,20,0,20,0
2020-09-08,Mono,051,14174,165,145,2,147,1
2020-09-08,Monterey,053,433212,8922,8491,23,8514,59
2020-09-08,Napa,055,140530,1586,1518,8,1526,11
2020-09-08,Nevada,057,99092,489,470,15,485,6
2020-09-08,Orange,059,3164182,51961,49214,1302,50516,1044
2020-09-08,Placer,061,380077,3357,3205,14,3219,36
2020-09-08,Plumas,063,18699,46,42,0,42,0
2020-09-08,Riverside,065,2383286,55569,54168,86,54254,1069
2020-09-08,Sacramento,067,1510023,20234,19411,20,19431,347
2020-09-08,San Benito,069,59416,1236,1188,0,1188,5
2020-09-08,San Bernardino,071,2135413,51001,49034,325,49359,856
2020-09-08,San Diego,073,3302833,43019,41079,653,41732,709
2020-09-08,San Francisco,075,870044,10362,9821,22,9843,86
2020-09-08,San Joaquin,077,732212,19345,18550,42,18592,388
2020-09-08,San Luis Obispo,079,281455,3340,3120,21,3141,23
2020-09-08,San Mateo,081,765935,9305,8460,8,8468,125
2020-09-08,Santa Barbara,083,443738,9497,8488,71,8559,96
2020-09-08,Santa Clara,085,1922200,20148,18645,37,18682,228
2020-09-08,Santa Cruz,087,273765,2084,1903,18,1921,7
2020-09-08,Shasta,089,179085,676,556,3,559,10
2020-09-08,Sierra,091,2930,6,6,0,6,0
2020-09-08,Siskiyou,093,43540,147,136,9,145,0
2020-09-08,Solano,095,438530,5848,5654,41,5695,36
2020-09-08,Sonoma,097,501317,6656,6356,19,6375,92
2020-09-08,Stanislaus,099,539301,15885,15415,427,15842,238
2020-09-08,Sutter,101,95872,1547,1473,1,1474,11
2020-09-08,Tehama,103,63373,469,458,2,460,1
2020-09-08,Trinity,105,12862,52,13,7,20,0
2020-09-08,Tulare,107,460477,15413,14635,74,14709,249
2020-09-08,Tuolumne,109,53932,220,197,3,200,1
2020-09-08,Ventura,111,848112,12187,11475,119,11594,118
2020-09-08,Yolo,113,214977,2689,2580,6,2586,53
2020-09-08,Yuba,115,75493,990,923,4,927,1
2020-09-07,Alameda,001,1643700,19962,19188,143,19331,281
2020-09-07,Alpine,003,1148,2,2,0,2,0
2020-09-07,Amador,005,37829,278,276,0,276,16
2020-09-07,Butte,007,227075,2690,2450,20,2470,30
2020-09-07,Calaveras,009,45235,286,234,0,234,1
2020-09-07,Colusa,011,21464,496,475,0,475,6
2020-09-07,Contra Costa,013,1133247,15528,14637,66,14703,172
2020-09-07,Del Norte,015,27424,121,109,0,109,2
2020-09-07,El Dorado,017,186661,1060,1011,0,1011,2
2020-09-07,Fresno,019,978130,29026,26565,329,26894,329
2020-09-07,Glenn,021,27897,522,488,0,488,3
2020-09-07,Humboldt,023,135768,450,416,1,417,4
2020-09-07,Imperial,025,180216,11452,10199,8,10207,267
2020-09-07,Inyo,027,18085,184,169,4,173,2
2020-09-07,Kern,029,883053,30656,29790,266,30056,348
2020-09-07,Kings,031,150075,6988,6630,37,6667,72
2020-09-07,Lake,033,64148,404,367,0,367,2
2020-09-07,Lassen,035,31185,730,709,2,711,0
2020-09-07,Los Angeles,037,10098052,251915,248804,1489,250293,6030
2020-09-07,Madera,039,155013,4183,3889,28,3917,43
2020-09-07,Marin,041,260295,6393,6296,15,6311,67
2020-09-07,Mariposa,043,17540,74,72,0,72,2
2020-09-07,Mendocino,045,87422,714,687,0,687,16
2020-09-07,Merced,047,269075,8487,8381,15,8396,104
2020-09-07,Modoc,049,8938,23,20,0,20,0
2020-09-07,Mono,051,14174,165,145,2,147,1
2020-09-07,Monterey,053,433212,8843,8463,23,8486,57
2020-09-07,Napa,055,140530,1574,1514,8,1522,11
2020-09-07,Nevada,057,99092,487,469,15,484,6
2020-09-07,Orange,059,3164182,51790,49132,1298,50430,1042
2020-09-07,Placer,061,380077,3326,3188,13,3201,36
2020-09-07,Plumas,063,18699,45,42,0,42,0
2020-09-07,Riverside,065,2383286,55293,54178,81,54259,1069
2020-09-07,Sacramento,067,1510023,19991,19292,19,19311,345
2020-09-07,San Benito,069,59416,1230,1180,0,1180,4
2020-09-07,San Bernardino,071,2135413,50773,49043,323,49366,821
2020-09-07,San Diego,073,3302833,42619,40868,626,41494,708
2020-09-07,San Francisco,075,870044,10311,9813,21,9834,85
2020-09-07,San Joaquin,077,732212,19264,18552,40,18592,386
2020-09-07,San Luis Obispo,079,281455,3303,3116,21,3137,23
2020-09-07,San Mateo,081,765935,9223,8409,8,8417,125
2020-09-07,Santa Barbara,083,443738,9455,8479,71,8550,95
2020-09-07,Santa Clara,085,1922200,19990,18596,36,18632,226
2020-09-07,Santa Cruz,087,273765,2056,1902,18,1920,7
2020-09-07,Shasta,089,179085,666,556,3,559,10
2020-09-07,Sierra,091,2930,6,6,0,6,0
2020-09-07,Siskiyou,093,43540,146,133,9,142,0
2020-09-07,Solano,095,438530,5783,5640,41,5681,36
2020-09-07,Sonoma,097,501317,6589,6268,19,6287,85
2020-09-07,Stanislaus,099,539301,15820,15343,415,15758,236
2020-09-07,Sutter,101,95872,1530,1468,1,1469,11
2020-09-07,Tehama,103,63373,466,453,2,455,1
2020-09-07,Trinity,105,12862,52,13,7,20,0
2020-09-07,Tulare,107,460477,15307,14637,72,14709,249
2020-09-07,Tuolumne,109,53932,219,196,3,199,1
2020-09-07,Ventura,111,848112,12092,11463,116,11579,118
2020-09-07,Yolo,113,214977,2672,2565,5,2570,53
2020-09-07,Yuba,115,75493,974,923,3,926,1
2020-09-06,Alameda,001,1643700,19904,19029,141,19170,281
2020-09-06,Alpine,003,1148,2,2,0,2,0
2020-09-06,Amador,005,37829,276,275,0,275,16
2020-09-06,Butte,007,227075,2681,2446,20,2466,30
2020-09-06,Calaveras,009,45235,286,235,0,235,1
2020-09-06,Colusa,011,21464,492,475,0,475,6
2020-09-06,Contra Costa,013,1133247,15448,14565,65,14630,171
2020-09-06,Del Norte,015,27424,121,109,0,109,2
2020-09-06,El Dorado,017,186661,1058,1008,0,1008,2
2020-09-06,Fresno,019,978130,28962,26471,327,26798,329
2020-09-06,Glenn,021,27897,516,474,0,474,3
2020-09-06,Humboldt,023,135768,447,404,1,405,4
2020-09-06,Imperial,025,180216,11435,10152,8,10160,267
2020-09-06,Inyo,027,18085,184,169,4,173,2
2020-09-06,Kern,029,883053,30600,29699,262,29961,348
2020-09-06,Kings,031,150075,6968,6561,36,6597,72
2020-09-06,Lake,033,64148,401,362,0,362,2
2020-09-06,Lassen,035,31185,730,709,2,711,0
2020-09-06,Los Angeles,037,10098052,251285,248316,1475,249791,6004
2020-09-06,Madera,039,155013,4139,3867,28,3895,42
2020-09-06,Marin,041,260295,6381,6276,15,6291,67
2020-09-06,Mariposa,043,17540,74,72,0,72,2
2020-09-06,Mendocino,045,87422,713,672,0,672,16
2020-09-06,Merced,047,269075,8467,8327,15,8342,104
2020-09-06,Modoc,049,8938,23,20,0,20,0
2020-09-06,Mono,051,14174,164,145,2,147,1
2020-09-06,Monterey,053,433212,8803,8403,22,8425,56
2020-09-06,Napa,055,140530,1570,1501,6,1507,11
2020-09-06,Nevada,057,99092,487,467,14,481,6
2020-09-06,Orange,059,3164182,51677,48931,1294,50225,1042
2020-09-06,Placer,061,380077,3309,3169,13,3182,36
2020-09-06,Plumas,063,18699,44,42,0,42,0
2020-09-06,Riverside,065,2383286,55177,53970,79,54049,1069
2020-09-06,Sacramento,067,1510023,19896,19128,19,19147,340
2020-09-06,San Benito,069,59416,1228,1178,0,1178,4
2020-09-06,San Bernardino,071,2135413,50664,48923,323,49246,823
2020-09-06,San Diego,073,3302833,42371,40652,620,41272,707
2020-09-06,San Francisco,075,870044,10237,9813,21,9834,85
2020-09-06,San Joaquin,077,732212,19215,18558,40,18598,386
2020-09-06,San Luis Obispo,079,281455,3292,3101,21,3122,23
2020-09-06,San Mateo,081,765935,9170,8387,8,8395,125
2020-09-06,Santa Barbara,083,443738,9424,8434,71,8505,95
2020-09-06,Santa Clara,085,1922200,19889,18495,36,18531,207
2020-09-06,Santa Cruz,087,273765,2049,1902,18,1920,7
2020-09-06,Shasta,089,179085,660,550,3,553,10
2020-09-06,Sierra,091,2930,6,6,0,6,0
2020-09-06,Siskiyou,093,43540,146,132,9,141,0
2020-09-06,Solano,095,438530,5757,5619,41,5660,37
2020-09-06,Sonoma,097,501317,6560,6212,19,6231,85
2020-09-06,Stanislaus,099,539301,15776,15288,411,15699,236
2020-09-06,Sutter,101,95872,1517,1451,1,1452,11
2020-09-06,Tehama,103,63373,465,455,2,457,1
2020-09-06,Trinity,105,12862,51,13,7,20,0
2020-09-06,Tulare,107,460477,15264,14636,71,14707,249
2020-09-06,Tuolumne,109,53932,216,194,3,197,1
2020-09-06,Ventura,111,848112,12047,11315,116,11431,118
2020-09-06,Yolo,113,214977,2658,2556,5,2561,53
2020-09-06,Yuba,115,75493,965,913,3,916,1
2020-09-05,Alameda,001,1643700,19857,18973,139,19112,279
2020-09-05,Alpine,003,1148,2,2,0,2,0
2020-09-05,Amador,005,37829,276,274,0,274,16
2020-09-05,Butte,007,227075,2665,2406,19,2425,30
2020-09-05,Calaveras,009,45235,286,237,0,237,1
2020-09-05,Colusa,011,21464,488,472,0,472,6
2020-09-05,Contra Costa,013,1133247,15371,14456,63,14519,173
2020-09-05,Del Norte,015,27424,121,109,0,109,2
2020-09-05,El Dorado,017,186661,1058,1007,0,1007,2
2020-09-05,Fresno,019,978130,28894,26325,327,26652,331
2020-09-05,Glenn,021,27897,515,474,0,474,3
2020-09-05,Humboldt,023,135768,445,402,1,403,4
2020-09-05,Imperial,025,180216,11418,10151,8,10159,268
2020-09-05,Inyo,027,18085,184,169,4,173,2
2020-09-05,Kern,029,883053,30540,29645,258,29903,347
2020-09-05,Kings,031,150075,6959,6518,36,6554,66
2020-09-05,Lake,033,64148,398,359,0,359,2
2020-09-05,Lassen,035,31185,730,709,2,711,0
2020-09-05,Los Angeles,037,10098052,250750,247572,1463,249035,6001
2020-09-05,Madera,039,155013,4098,3851,28,3879,42
2020-09-05,Marin,041,260295,6374,6259,15,6274,66
2020-09-05,Mariposa,043,17540,74,72,0,72,2
2020-09-05,Mendocino,045,87422,712,658,0,658,16
2020-09-05,Merced,047,269075,8435,8297,13,8310,104
2020-09-05,Modoc,049,8938,23,19,0,19,0
2020-09-05,Mono,051,14174,164,145,2,147,1
2020-09-05,Monterey,053,433212,8773,8301,22,8323,56
2020-09-05,Napa,055,140530,1564,1484,6,1490,11
2020-09-05,Nevada,057,99092,484,461,14,475,6
2020-09-05,Orange,059,3164182,51575,48726,1289,50015,1039
2020-09-05,Placer,061,380077,3299,3141,13,3154,35
2020-09-05,Plumas,063,18699,44,42,0,42,0
2020-09-05,Riverside,065,2383286,55072,53780,79,53859,1066
2020-09-05,Sacramento,067,1510023,19805,18955,19,18974,339
2020-09-05,San Benito,069,59416,1226,1153,0,1153,4
2020-09-05,San Bernardino,071,2135413,50589,48800,322,49122,825
2020-09-05,San Diego,073,3302833,42178,40344,608,40952,717
2020-09-05,San Francisco,075,870044,10204,9812,20,9832,85
2020-09-05,San Joaquin,077,732212,19187,18557,40,18597,386
2020-09-05,San Luis Obispo,079,281455,3282,3083,21,3104,23
2020-09-05,San Mateo,081,765935,9125,8352,8,8360,124
2020-09-05,Santa Barbara,083,443738,9407,8404,71,8475,96
2020-09-05,Santa Clara,085,1922200,19804,18311,36,18347,207
2020-09-05,Santa Cruz,087,273765,2041,1904,18,1922,7
2020-09-05,Shasta,089,179085,659,544,3,547,10
2020-09-05,Sierra,091,2930,6,6,0,6,0
2020-09-05,Siskiyou,093,43540,145,131,9,140,0
2020-09-05,Solano,095,438530,5745,5579,41,5620,37
2020-09-05,Sonoma,097,501317,6527,6149,19,6168,85
2020-09-05,Stanislaus,099,539301,15728,15198,407,15605,236
2020-09-05,Sutter,101,95872,1510,1445,1,1446,11
2020-09-05,Tehama,103,63373,464,447,2,449,1
2020-09-05,Trinity,105,12862,51,13,7,20,0
2020-09-05,Tulare,107,460477,15207,14576,69,14645,249
2020-09-05,Tuolumne,109,53932,216,194,3,197,1
2020-09-05,Ventura,111,848112,12004,11254,116,11370,118
2020-09-05,Yolo,113,214977,2648,2534,5,2539,53
2020-09-05,Yuba,115,75493,959,902,3,905,1
2020-09-04,Alameda,001,1643700,19789,18843,137,18980,276
2020-09-04,Alpine,003,1148,2,2,0,2,0
2020-09-04,Amador,005,37829,275,274,0,274,16
2020-09-04,Butte,007,227075,2642,2325,19,2344,28
2020-09-04,Calaveras,009,45235,284,237,0,237,1
2020-09-04,Colusa,011,21464,486,467,0,467,6
2020-09-04,Contra Costa,013,1133247,15291,14355,62,14417,164
2020-09-04,Del Norte,015,27424,121,109,0,109,2
2020-09-04,El Dorado,017,186661,1054,992,0,992,2
2020-09-04,Fresno,019,978130,28789,26147,326,26473,321
2020-09-04,Glenn,021,27897,507,463,0,463,3
2020-09-04,Humboldt,023,135768,440,390,1,391,4
2020-09-04,Imperial,025,180216,11409,10136,8,10144,267
2020-09-04,Inyo,027,18085,184,169,4,173,2
2020-09-04,Kern,029,883053,30472,29526,255,29781,345
2020-09-04,Kings,031,150075,6946,6259,36,6295,66
2020-09-04,Lake,033,64148,398,347,0,347,2
2020-09-04,Lassen,035,31185,730,708,2,710,0
2020-09-04,Los Angeles,037,10098052,250177,246396,1443,247839,5977
2020-09-04,Madera,039,155013,4085,3838,28,3866,42
2020-09-04,Marin,041,260295,6362,6251,15,6266,66
2020-09-04,Mariposa,043,17540,74,72,0,72,2
2020-09-04,Mendocino,045,87422,710,646,0,646,16
2020-09-04,Merced,047,269075,8415,8214,13,8227,104
2020-09-04,Modoc,049,8938,23,15,0,15,0
2020-09-04,Mono,051,14174,164,145,2,147,1
2020-09-04,Monterey,053,433212,8728,8208,22,8230,56
2020-09-04,Napa,055,140530,1555,1475,6,1481,11
2020-09-04,Nevada,057,99092,481,455,14,469,6
2020-09-04,Orange,059,3164182,51451,48488,1282,49770,1031
2020-09-04,Placer,061,380077,3287,3101,13,3114,35
2020-09-04,Plumas,063,18699,44,42,0,42,0
2020-09-04,Riverside,065,2383286,54959,53606,74,53680,1066
2020-09-04,Sacramento,067,1510023,19717,18765,19,18784,337
2020-09-04,San Benito,069,59416,1217,1137,0,1137,4
2020-09-04,San Bernardino,071,2135413,50496,48497,320,48817,800
2020-09-04,San Diego,073,3302833,41948,39901,599,40500,701
2020-09-04,San Francisco,075,870044,10164,9694,19,9713,85
2020-09-04,San Joaquin,077,732212,19133,18438,40,18478,376
2020-09-04,San Luis Obispo,079,281455,3267,3049,20,3069,21
2020-09-04,San Mateo,081,765935,9081,8275,8,8283,122
2020-09-04,Santa Barbara,083,443738,9376,8340,71,8411,96
2020-09-04,Santa Clara,085,1922200,19696,18074,36,18110,209
2020-09-04,Santa Cruz,087,273765,2024,1896,17,1913,7
2020-09-04,Shasta,089,179085,656,536,3,539,10
2020-09-04,Sierra,091,2930,6,6,0,6,0
2020-09-04,Siskiyou,093,43540,145,129,9,138,0
2020-09-04,Solano,095,438530,5732,5552,41,5593,37
2020-09-04,Sonoma,097,501317,6462,6050,19,6069,85
2020-09-04,Stanislaus,099,539301,15693,15074,398,15472,233
2020-09-04,Sutter,101,95872,1494,1425,1,1426,11
2020-09-04,Tehama,103,63373,460,442,2,444,1
2020-09-04,Trinity,105,12862,51,13,7,20,0
2020-09-04,Tulare,107,460477,15179,14501,65,14566,247
2020-09-04,Tuolumne,109,53932,216,193,3,196,1
2020-09-04,Ventura,111,848112,11962,11171,116,11287,114
2020-09-04,Yolo,113,214977,2634,2495,5,2500,53
2020-09-04,Yuba,115,75493,954,884,3,887,1
2020-09-03,Alameda,001,1643700,19686,18687,137,18824,275
2020-09-03,Alpine,003,1148,2,2,0,2,0
2020-09-03,Amador,005,37829,275,274,0,274,16
2020-09-03,Butte,007,227075,2597,2274,19,2293,27
2020-09-03,Calaveras,009,45235,283,238,0,238,1
2020-09-03,Colusa,011,21464,484,464,0,464,6
2020-09-03,Contra Costa,013,1133247,15184,14206,59,14265,159
2020-09-03,Del Norte,015,27424,118,109,0,109,2
2020-09-03,El Dorado,017,186661,1050,983,0,983,2
2020-09-03,Fresno,019,978130,28670,25978,321,26299,313
2020-09-03,Glenn,021,27897,503,460,0,460,3
2020-09-03,Humboldt,023,135768,435,390,1,391,4
2020-09-03,Imperial,025,180216,11389,10083,7,10090,255
2020-09-03,Inyo,027,18085,182,171,4,175,3
2020-09-03,Kern,029,883053,30380,29426,241,29667,340
2020-09-03,Kings,031,150075,6866,6200,36,6236,64
2020-09-03,Lake,033,64148,389,347,0,347,2
2020-09-03,Lassen,035,31185,730,707,2,709,0
2020-09-03,Los Angeles,037,10098052,249301,245026,1422,246448,5931
2020-09-03,Madera,039,155013,4066,3780,28,3808,43
2020-09-03,Marin,041,260295,6343,6175,15,6190,66
2020-09-03,Mariposa,043,17540,74,71,0,71,2
2020-09-03,Mendocino,045,87422,701,638,0,638,16
2020-09-03,Merced,047,269075,8373,8136,13,8149,105
2020-09-03,Modoc,049,8938,23,14,0,14,0
2020-09-03,Mono,051,14174,163,144,2,146,1
2020-09-03,Monterey,053,433212,8674,8128,22,8150,56
2020-09-03,Napa,055,140530,1548,1466,6,1472,10
2020-09-03,Nevada,057,99092,478,453,14,467,6
2020-09-03,Orange,059,3164182,51263,48226,1267,49493,1009
2020-09-03,Placer,061,380077,3269,3069,13,3082,34
2020-09-03,Plumas,063,18699,44,39,0,39,0
2020-09-03,Riverside,065,2383286,54779,53341,70,53411,1052
2020-09-03,Sacramento,067,1510023,19589,18553,18,18571,328
2020-09-03,San Benito,069,59416,1206,1121,0,1121,4
2020-09-03,San Bernardino,071,2135413,50331,48165,319,48484,800
2020-09-03,San Diego,073,3302833,41634,39448,583,40031,700
2020-09-03,San Francisco,075,870044,10098,9636,17,9653,84
2020-09-03,San Joaquin,077,732212,19056,18331,40,18371,371
2020-09-03,San Luis Obispo,079,281455,3250,3023,20,3043,21
2020-09-03,San Mateo,081,765935,9007,8211,8,8219,122
2020-09-03,Santa Barbara,083,443738,9329,8277,71,8348,96
2020-09-03,Santa Clara,085,1922200,19516,17879,36,17915,208
2020-09-03,Santa Cruz,087,273765,2009,1870,17,1887,7
2020-09-03,Shasta,089,179085,651,535,3,538,10
2020-09-03,Sierra,091,2930,6,6,0,6,0
2020-09-03,Siskiyou,093,43540,145,128,9,137,0
2020-09-03,Solano,095,438530,5712,5499,40,5539,36
2020-09-03,Sonoma,097,501317,6400,5997,19,6016,62
2020-09-03,Stanislaus,099,539301,15641,14985,394,15379,217
2020-09-03,Sutter,101,95872,1484,1412,1,1413,11
2020-09-03,Tehama,103,63373,456,436,2,438,1
2020-09-03,Trinity,105,12862,49,13,7,20,0
2020-09-03,Tulare,107,460477,15113,14408,64,14472,244
2020-09-03,Tuolumne,109,53932,216,193,3,196,1
2020-09-03,Ventura,111,848112,11844,11109,113,11222,112
2020-09-03,Yolo,113,214977,2618,2475,5,2480,53
2020-09-03,Yuba,115,75493,947,867,3,870,1
2020-09-02,Alameda,001,1643700,19566,18522,134,18656,260
2020-09-02,Alpine,003,1148,2,2,0,2,0
2020-09-02,Amador,005,37829,275,245,0,245,14
2020-09-02,Butte,007,227075,2551,2241,19,2260,27
2020-09-02,Calaveras,009,45235,282,235,0,235,1
2020-09-02,Colusa,011,21464,480,460,0,460,6
2020-09-02,Contra Costa,013,1133247,15095,14097,57,14154,159
2020-09-02,Del Norte,015,27424,117,109,0,109,2
2020-09-02,El Dorado,017,186661,1046,975,0,975,2
2020-09-02,Fresno,019,978130,28522,25785,318,26103,292
2020-09-02,Glenn,021,27897,498,457,0,457,3
2020-09-02,Humboldt,023,135768,432,381,1,382,4
2020-09-02,Imperial,025,180216,11373,9832,7,9839,255
2020-09-02,Inyo,027,18085,182,171,4,175,3
2020-09-02,Kern,029,883053,30288,29288,235,29523,335
2020-09-02,Kings,031,150075,6781,6142,36,6178,64
2020-09-02,Lake,033,64148,385,342,0,342,2
2020-09-02,Lassen,035,31185,728,706,2,708,0
2020-09-02,Los Angeles,037,10098052,248360,243999,1394,245393,5887
2020-09-02,Madera,039,155013,4046,3735,28,3763,41
2020-09-02,Marin,041,260295,6328,6131,15,6146,66
2020-09-02,Mariposa,043,17540,74,71,0,71,2
2020-09-02,Mendocino,045,87422,691,636,0,636,15
2020-09-02,Merced,047,269075,8342,8097,12,8109,103
2020-09-02,Modoc,049,8938,22,11,0,11,0
2020-09-02,Mono,051,14174,163,145,2,147,1
2020-09-02,Monterey,053,433212,8610,8070,22,8092,56
2020-09-02,Napa,055,140530,1536,1454,6,1460,10
2020-09-02,Nevada,057,99092,472,452,13,465,6
2020-09-02,Orange,059,3164182,51082,47871,1257,49128,994
2020-09-02,Placer,061,380077,3244,3047,12,3059,33
2020-09-02,Plumas,063,18699,44,39,0,39,0
2020-09-02,Riverside,065,2383286,54577,52923,67,52990,1032
2020-09-02,Sacramento,067,1510023,19356,18355,17,18372,316
2020-09-02,San Benito,069,59416,1193,1107,0,1107,4
2020-09-02,San Bernardino,071,2135413,50168,47766,316,48082,794
2020-09-02,San Diego,073,3302833,41314,39123,569,39692,695
2020-09-02,San Francisco,075,870044,10029,9587,17,9604,84
2020-09-02,San Joaquin,077,732212,18975,18194,39,18233,352
2020-09-02,San Luis Obispo,079,281455,3224,3002,19,3021,21
2020-09-02,San Mateo,081,765935,8950,8148,8,8156,122
2020-09-02,Santa Barbara,083,443738,9274,8206,70,8276,94
2020-09-02,Santa Clara,085,1922200,19362,17673,36,17709,206
2020-09-02,Santa Cruz,087,273765,1986,1850,17,1867,7
2020-09-02,Shasta,089,179085,650,531,3,534,10
2020-09-02,Sierra,091,2930,6,6,0,6,0
2020-09-02,Siskiyou,093,43540,144,127,9,136,0
2020-09-02,Solano,095,438530,5684,5463,40,5503,36
2020-09-02,Sonoma,097,501317,6338,5846,19,5865,62
2020-09-02,Stanislaus,099,539301,15571,14854,387,15241,220
2020-09-02,Sutter,101,95872,1469,1401,1,1402,10
2020-09-02,Tehama,103,63373,453,429,2,431,1
2020-09-02,Trinity,105,12862,49,13,7,20,0
2020-09-02,Tulare,107,460477,15046,14298,63,14361,244
2020-09-02,Tuolumne,109,53932,216,190,3,193,1
2020-09-02,Ventura,111,848112,11757,11031,112,11143,111
2020-09-02,Yolo,113,214977,2597,2449,5,2454,54
2020-09-02,Yuba,115,75493,940,856,3,859,1
2020-09-01,Alameda,001,1643700,19426,18382,131,18513,248
2020-09-01,Alpine,003,1148,2,2,0,2,0
2020-09-01,Amador,005,37829,274,244,0,244,13
2020-09-01,Butte,007,227075,2494,2146,19,2165,26
2020-09-01,Calaveras,009,45235,274,228,0,228,1
2020-09-01,Colusa,011,21464,476,454,0,454,6
2020-09-01,Contra Costa,013,1133247,15001,13998,55,14053,158
2020-09-01,Del Norte,015,27424,116,108,0,108,2
2020-09-01,El Dorado,017,186661,1038,972,0,972,2
2020-09-01,Fresno,019,978130,28375,25542,315,25857,290
2020-09-01,Glenn,021,27897,491,449,0,449,3
2020-09-01,Humboldt,023,135768,426,378,1,379,4
2020-09-01,Imperial,025,180216,11347,9782,7,9789,250
2020-09-01,Inyo,027,18085,182,171,4,175,3
2020-09-01,Kern,029,883053,30197,29162,230,29392,332
2020-09-01,Kings,031,150075,6750,6088,36,6124,62
2020-09-01,Lake,033,64148,382,341,0,341,2
2020-09-01,Lassen,035,31185,725,706,2,708,0
2020-09-01,Los Angeles,037,10098052,247252,242633,1370,244003,5832
2020-09-01,Madera,039,155013,4017,3703,27,3730,41
2020-09-01,Marin,041,260295,6313,6102,15,6117,67
2020-09-01,Mariposa,043,17540,73,72,0,72,2
2020-09-01,Mendocino,045,87422,676,626,0,626,15
2020-09-01,Merced,047,269075,8289,8046,11,8057,103
2020-09-01,Modoc,049,8938,20,10,0,10,0
2020-09-01,Mono,051,14174,163,145,2,147,1
2020-09-01,Monterey,053,433212,8503,7926,22,7948,56
2020-09-01,Napa,055,140530,1521,1446,6,1452,10
2020-09-01,Nevada,057,99092,466,450,13,463,6
2020-09-01,Orange,059,3164182,50917,47671,1238,48909,976
2020-09-01,Placer,061,380077,3222,3013,12,3025,33
2020-09-01,Plumas,063,18699,44,39,0,39,0
2020-09-01,Riverside,065,2383286,54358,52785,66,52851,1027
2020-09-01,Sacramento,067,1510023,19172,18217,16,18233,305
2020-09-01,San Benito,069,59416,1181,1089,0,1089,4
2020-09-01,San Bernardino,071,2135413,49961,47371,315,47686,786
2020-09-01,San Diego,073,3302833,40956,38873,531,39404,688
2020-09-01,San Francisco,075,870044,9960,9492,17,9509,83
2020-09-01,San Joaquin,077,732212,18893,17915,38,17953,341
2020-09-01,San Luis Obispo,079,281455,3198,2970,19,2989,21
2020-09-01,San Mateo,081,765935,8870,8132,8,8140,122
2020-09-01,Santa Barbara,083,443738,9224,8142,69,8211,93
2020-09-01,Santa Clara,085,1922200,19183,17319,36,17355,204
2020-09-01,Santa Cruz,087,273765,1962,1752,17,1769,7
2020-09-01,Shasta,089,179085,642,527,3,530,9
2020-09-01,Sierra,091,2930,6,6,0,6,0
2020-09-01,Siskiyou,093,43540,141,128,8,136,0
2020-09-01,Solano,095,438530,5658,5438,40,5478,34
2020-09-01,Sonoma,097,501317,6248,5733,19,5752,60
2020-09-01,Stanislaus,099,539301,15496,14784,377,15161,212
2020-09-01,Sutter,101,95872,1458,1389,1,1390,10
2020-09-01,Tehama,103,63373,449,422,2,424,1
2020-09-01,Trinity,105,12862,48,13,6,19,0
2020-09-01,Tulare,107,460477,14963,14156,63,14219,241
2020-09-01,Tuolumne,109,53932,210,183,3,186,1
2020-09-01,Ventura,111,848112,11679,10899,107,11006,108
2020-09-01,Yolo,113,214977,2581,2440,5,2445,51
2020-09-01,Yuba,115,75493,931,841,3,844,1
2020-08-31,Alameda,001,1643700,19281,18148,131,18279,248
2020-08-31,Alpine,003,1148,2,2,0,2,0
2020-08-31,Amador,005,37829,274,243,0,243,13
2020-08-31,Butte,007,227075,2430,2069,19,2088,26
2020-08-31,Calaveras,009,45235,269,212,0,212,1
2020-08-31,Colusa,011,21464,475,443,0,443,6
2020-08-31,Contra Costa,013,1133247,14874,13902,52,13954,153
2020-08-31,Del Norte,015,27424,116,108,0,108,2
2020-08-31,El Dorado,017,186661,1031,965,0,965,2
2020-08-31,Fresno,019,978130,28154,25185,309,25494,290
2020-08-31,Glenn,021,27897,479,437,0,437,3
2020-08-31,Humboldt,023,135768,424,374,1,375,4
2020-08-31,Imperial,025,180216,11316,9759,7,9766,250
2020-08-31,Inyo,027,18085,181,160,4,164,3
2020-08-31,Kern,029,883053,30099,29067,229,29296,318
2020-08-31,Kings,031,150075,6482,6037,36,6073,62
2020-08-31,Lake,033,64148,366,341,0,341,2
2020-08-31,Lassen,035,31185,722,706,2,708,0
2020-08-31,Los Angeles,037,10098052,246139,241793,1342,243135,5787
2020-08-31,Madera,039,155013,3994,3662,26,3688,35
2020-08-31,Marin,041,260295,6277,6074,15,6089,67
2020-08-31,Mariposa,043,17540,73,69,0,69,2
2020-08-31,Mendocino,045,87422,664,618,0,618,15
2020-08-31,Merced,047,269075,8227,7991,11,8002,79
2020-08-31,Modoc,049,8938,18,10,0,10,0
2020-08-31,Mono,051,14174,163,145,2,147,1
2020-08-31,Monterey,053,433212,8396,7839,22,7861,56
2020-08-31,Napa,055,140530,1513,1434,6,1440,10
2020-08-31,Nevada,057,99092,464,447,13,460,6
2020-08-31,Orange,059,3164182,50716,47392,1210,48602,965
2020-08-31,Placer,061,380077,3173,2989,12,3001,33
2020-08-31,Plumas,063,18699,43,39,0,39,0
2020-08-31,Riverside,065,2383286,54137,52508,64,52572,1020
2020-08-31,Sacramento,067,1510023,18935,17999,16,18015,303
2020-08-31,San Benito,069,59416,1165,1080,0,1080,4
2020-08-31,San Bernardino,071,2135413,49751,47370,314,47684,755
2020-08-31,San Diego,073,3302833,40589,38606,498,39104,682
2020-08-31,San Francisco,075,870044,9881,9293,14,9307,83
2020-08-31,San Joaquin,077,732212,18806,17807,37,17844,338
2020-08-31,San Luis Obispo,079,281455,3175,2951,18,2969,21
2020-08-31,San Mateo,081,765935,8800,8065,8,8073,122
2020-08-31,Santa Barbara,083,443738,9177,8124,69,8193,94
2020-08-31,Santa Clara,085,1922200,18994,17211,36,17247,202
2020-08-31,Santa Cruz,087,273765,1937,1742,17,1759,7
2020-08-31,Shasta,089,179085,637,528,3,531,9
2020-08-31,Sierra,091,2930,6,6,0,6,0
2020-08-31,Siskiyou,093,43540,140,127,8,135,0
2020-08-31,Solano,095,438530,5626,5302,39,5341,34
2020-08-31,Sonoma,097,501317,6173,5650,19,5669,60
2020-08-31,Stanislaus,099,539301,15421,14685,368,15053,213
2020-08-31,Sutter,101,95872,1443,1365,1,1366,10
2020-08-31,Tehama,103,63373,446,421,2,423,1
2020-08-31,Trinity,105,12862,48,13,6,19,0
2020-08-31,Tulare,107,460477,14876,13985,61,14046,237
2020-08-31,Tuolumne,109,53932,210,178,3,181,1
2020-08-31,Ventura,111,848112,11591,10866,106,10972,108
2020-08-31,Yolo,113,214977,2563,2423,5,2428,51
2020-08-31,Yuba,115,75493,917,830,3,833,1
2020-08-30,Alameda,001,1643700,19157,18099,129,18228,248
2020-08-30,Alpine,003,1148,2,2,0,2,0
2020-08-30,Amador,005,37829,273,240,0,240,13
2020-08-30,Butte,007,227075,2349,1988,19,2007,26
2020-08-30,Calaveras,009,45235,260,211,0,211,1
2020-08-30,Colusa,011,21464,474,440,0,440,6
2020-08-30,Contra Costa,013,1133247,14736,13780,52,13832,150
2020-08-30,Del Norte,015,27424,115,108,0,108,2
2020-08-30,El Dorado,017,186661,1021,962,0,962,2
2020-08-30,Fresno,019,978130,28029,24963,308,25271,291
2020-08-30,Glenn,021,27897,472,437,0,437,3
2020-08-30,Humboldt,023,135768,413,362,1,363,4
2020-08-30,Imperial,025,180216,11297,9703,7,9710,250
2020-08-30,Inyo,027,18085,181,160,4,164,3
2020-08-30,Kern,029,883053,30006,28987,229,29216,317
2020-08-30,Kings,031,150075,6436,6000,36,6036,62
2020-08-30,Lake,033,64148,361,334,0,334,2
2020-08-30,Lassen,035,31185,720,706,2,708,0
2020-08-30,Los Angeles,037,10098052,244983,240775,1309,242084,5772
2020-08-30,Madera,039,155013,3965,3626,26,3652,33
2020-08-30,Marin,041,260295,6247,6060,15,6075,66
2020-08-30,Mariposa,043,17540,73,69,0,69,2
2020-08-30,Mendocino,045,87422,658,611,0,611,13
2020-08-30,Merced,047,269075,8152,7960,11,7971,79
2020-08-30,Modoc,049,8938,13,10,0,10,0
2020-08-30,Mono,051,14174,163,145,2,147,1
2020-08-30,Monterey,053,433212,8312,7816,22,7838,54
2020-08-30,Napa,055,140530,1501,1423,6,1429,10
2020-08-30,Nevada,057,99092,461,445,13,458,6
2020-08-30,Orange,059,3164182,50520,47283,1196,48479,965
2020-08-30,Placer,061,380077,3140,2961,12,2973,32
2020-08-30,Plumas,063,18699,42,39,0,39,0
2020-08-30,Riverside,065,2383286,53957,52227,63,52290,1017
2020-08-30,Sacramento,067,1510023,18757,17751,16,17767,300
2020-08-30,San Benito,069,59416,1155,1071,0,1071,4
2020-08-30,San Bernardino,071,2135413,49494,47201,314,47515,755
2020-08-30,San Diego,073,3302833,40191,38302,477,38779,682
2020-08-30,San Francisco,075,870044,9783,9294,11,9305,83
2020-08-30,San Joaquin,077,732212,18689,17637,36,17673,338
2020-08-30,San Luis Obispo,079,281455,3150,2934,18,2952,21
2020-08-30,San Mateo,081,765935,8723,8013,7,8020,122
2020-08-30,Santa Barbara,083,443738,9117,8088,69,8157,93
2020-08-30,Santa Clara,085,1922200,18818,17045,36,17081,202
2020-08-30,Santa Cruz,087,273765,1911,1743,17,1760,7
2020-08-30,Shasta,089,179085,634,525,3,528,9
2020-08-30,Sierra,091,2930,6,6,0,6,0
2020-08-30,Siskiyou,093,43540,138,125,8,133,0
2020-08-30,Solano,095,438530,5582,5303,39,5342,34
2020-08-30,Sonoma,097,501317,6115,5590,19,5609,60
2020-08-30,Stanislaus,099,539301,15350,14580,359,14939,209
2020-08-30,Sutter,101,95872,1421,1351,1,1352,10
2020-08-30,Tehama,103,63373,437,419,2,421,1
2020-08-30,Trinity,105,12862,48,13,6,19,0
2020-08-30,Tulare,107,460477,14781,13985,60,14045,236
2020-08-30,Tuolumne,109,53932,206,178,3,181,1
2020-08-30,Ventura,111,848112,11478,10775,101,10876,108
2020-08-30,Yolo,113,214977,2535,2391,4,2395,51
2020-08-30,Yuba,115,75493,903,832,3,835,1
2020-08-29,Alameda,001,1643700,19090,17888,129,18017,250
2020-08-29,Alpine,003,1148,2,2,0,2,0
2020-08-29,Amador,005,37829,273,239,0,239,13
2020-08-29,Butte,007,227075,2318,1948,19,1967,26
2020-08-29,Calaveras,009,45235,256,211,0,211,1
2020-08-29,Colusa,011,21464,471,440,0,440,6
2020-08-29,Contra Costa,013,1133247,14663,13663,51,13714,159
2020-08-29,Del Norte,015,27424,115,108,0,108,1
2020-08-29,El Dorado,017,186661,1018,958,0,958,2
2020-08-29,Fresno,019,978130,27974,24821,308,25129,291
2020-08-29,Glenn,021,27897,466,437,0,437,3
2020-08-29,Humboldt,023,135768,410,363,1,364,4
2020-08-29,Imperial,025,180216,11282,9698,7,9705,250
2020-08-29,Inyo,027,18085,181,160,4,164,3
2020-08-29,Kern,029,883053,29965,28947,228,29175,317
2020-08-29,Kings,031,150075,6421,5906,36,5942,62
2020-08-29,Lake,033,64148,360,329,0,329,2
2020-08-29,Lassen,035,31185,720,706,2,708,0
2020-08-29,Los Angeles,037,10098052,244332,239815,1296,241111,5762
2020-08-29,Madera,039,155013,3956,3605,25,3630,33
2020-08-29,Marin,041,260295,6235,6007,15,6022,64
2020-08-29,Mariposa,043,17540,73,69,0,69,2
2020-08-29,Mendocino,045,87422,653,596,0,596,13
2020-08-29,Merced,047,269075,8122,7867,11,7878,79
2020-08-29,Modoc,049,8938,13,9,0,9,0
2020-08-29,Mono,051,14174,163,145,2,147,1
2020-08-29,Monterey,053,433212,8267,7680,22,7702,53
2020-08-29,Napa,055,140530,1498,1413,6,1419,10
2020-08-29,Nevada,057,99092,461,442,13,455,5
2020-08-29,Orange,059,3164182,50409,47007,1186,48193,960
2020-08-29,Placer,061,380077,3123,2935,12,2947,32
2020-08-29,Plumas,063,18699,41,39,0,39,0
2020-08-29,Riverside,065,2383286,53846,51918,61,51979,1016
2020-08-29,Sacramento,067,1510023,18685,17588,16,17604,291
2020-08-29,San Benito,069,59416,1146,1045,0,1045,4
2020-08-29,San Bernardino,071,2135413,49379,46849,314,47163,755
2020-08-29,San Diego,073,3302833,39925,38049,459,38508,694
2020-08-29,San Francisco,075,870044,9755,9291,10,9301,83
2020-08-29,San Joaquin,077,732212,18645,17493,36,17529,335
2020-08-29,San Luis Obispo,079,281455,3126,2917,18,2935,21
2020-08-29,San Mateo,081,765935,8681,7928,7,7935,122
2020-08-29,Santa Barbara,083,443738,9091,8052,68,8120,93
2020-08-29,Santa Clara,085,1922200,18721,16898,35,16933,202
2020-08-29,Santa Cruz,087,273765,1899,1746,17,1763,7
2020-08-29,Shasta,089,179085,626,522,3,525,9
2020-08-29,Sierra,091,2930,6,6,0,6,0
2020-08-29,Siskiyou,093,43540,138,121,8,129,0
2020-08-29,Solano,095,438530,5561,5303,39,5342,34
2020-08-29,Sonoma,097,501317,6081,5537,19,5556,60
2020-08-29,Stanislaus,099,539301,15301,14479,349,14828,208
2020-08-29,Sutter,101,95872,1416,1333,1,1334,9
2020-08-29,Tehama,103,63373,436,417,2,419,1
2020-08-29,Trinity,105,12862,47,11,6,17,0
2020-08-29,Tulare,107,460477,14743,13890,59,13949,236
2020-08-29,Tuolumne,109,53932,206,178,3,181,1
2020-08-29,Ventura,111,848112,11436,10705,101,10806,108
2020-08-29,Yolo,113,214977,2517,2357,4,2361,51
2020-08-29,Yuba,115,75493,894,822,3,825,1
2020-08-28,Alameda,001,1643700,19007,17729,128,17857,237
2020-08-28,Alpine,003,1148,2,2,0,2,0
2020-08-28,Amador,005,37829,273,234,0,234,13
2020-08-28,Butte,007,227075,2288,1886,19,1905,25
2020-08-28,Calaveras,009,45235,254,207,0,207,1
2020-08-28,Colusa,011,21464,470,441,0,441,6
2020-08-28,Contra Costa,013,1133247,14592,13522,50,13572,158
2020-08-28,Del Norte,015,27424,115,107,0,107,1
2020-08-28,El Dorado,017,186661,1012,949,0,949,2
2020-08-28,Fresno,019,978130,27839,24612,308,24920,282
2020-08-28,Glenn,021,27897,459,429,0,429,3
2020-08-28,Humboldt,023,135768,406,362,1,363,4
2020-08-28,Imperial,025,180216,11268,9656,7,9663,241
2020-08-28,Inyo,027,18085,180,160,4,164,2
2020-08-28,Kern,029,883053,29917,28744,228,28972,306
2020-08-28,Kings,031,150075,6414,5829,35,5864,62
2020-08-28,Lake,033,64148,355,320,0,320,2
2020-08-28,Lassen,035,31185,720,704,2,706,0
2020-08-28,Los Angeles,037,10098052,243523,238544,1272,239816,5740
2020-08-28,Madera,039,155013,3937,3552,25,3577,33
2020-08-28,Marin,041,260295,6213,5991,15,6006,63
2020-08-28,Mariposa,043,17540,73,67,0,67,2
2020-08-28,Mendocino,045,87422,648,588,0,588,11
2020-08-28,Merced,047,269075,8092,7803,11,7814,77
2020-08-28,Modoc,049,8938,13,6,0,6,0
2020-08-28,Mono,051,14174,163,145,2,147,1
2020-08-28,Monterey,053,433212,8210,7591,22,7613,53
2020-08-28,Napa,055,140530,1490,1403,5,1408,10
2020-08-28,Nevada,057,99092,460,438,13,451,5
2020-08-28,Orange,059,3164182,50309,46696,1171,47867,942
2020-08-28,Placer,061,380077,3112,2891,12,2903,32
2020-08-28,Plumas,063,18699,41,39,0,39,0
2020-08-28,Riverside,065,2383286,53715,51510,58,51568,1008
2020-08-28,Sacramento,067,1510023,18588,17119,16,17135,283
2020-08-28,San Benito,069,59416,1130,1016,0,1016,3
2020-08-28,San Bernardino,071,2135413,49261,46553,310,46863,754
2020-08-28,San Diego,073,3302833,39695,37786,444,38230,676
2020-08-28,San Francisco,075,870044,9701,9135,10,9145,83
2020-08-28,San Joaquin,077,732212,18592,17114,35,17149,314
2020-08-28,San Luis Obispo,079,281455,3109,2849,18,2867,20
2020-08-28,San Mateo,081,765935,8634,7783,7,7790,121
2020-08-28,Santa Barbara,083,443738,9057,8001,68,8069,92
2020-08-28,Santa Clara,085,1922200,18590,16696,35,16731,201
2020-08-28,Santa Cruz,087,273765,1887,1747,17,1764,7
2020-08-28,Shasta,089,179085,622,516,3,519,9
2020-08-28,Sierra,091,2930,6,6,0,6,0
2020-08-28,Siskiyou,093,43540,136,119,8,127,0
2020-08-28,Solano,095,438530,5542,5219,39,5258,34
2020-08-28,Sonoma,097,501317,6046,5425,18,5443,58
2020-08-28,Stanislaus,099,539301,15259,14176,345,14521,190
2020-08-28,Sutter,101,95872,1406,1308,1,1309,9
2020-08-28,Tehama,103,63373,431,410,2,412,1
2020-08-28,Trinity,105,12862,47,11,6,17,0
2020-08-28,Tulare,107,460477,14697,13776,59,13835,236
2020-08-28,Tuolumne,109,53932,206,176,3,179,1
2020-08-28,Ventura,111,848112,11400,10606,99,10705,103
2020-08-28,Yolo,113,214977,2508,2323,4,2327,51
2020-08-28,Yuba,115,75493,885,810,3,813,1
2020-08-27,Alameda,001,1643700,18862,17584,125,17709,234
2020-08-27,Alpine,003,1148,2,2,0,2,0
2020-08-27,Amador,005,37829,272,233,0,233,13
2020-08-27,Butte,007,227075,2222,1803,18,1821,25
2020-08-27,Calaveras,009,45235,248,204,0,204,1
2020-08-27,Colusa,011,21464,468,438,0,438,6
2020-08-27,Contra Costa,013,1133247,14491,13379,49,13428,158
2020-08-27,Del Norte,015,27424,115,107,0,107,1
2020-08-27,El Dorado,017,186661,1008,942,0,942,2
2020-08-27,Fresno,019,978130,27656,24367,303,24670,272
2020-08-27,Glenn,021,27897,451,429,0,429,3
2020-08-27,Humboldt,023,135768,398,358,1,359,4
2020-08-27,Imperial,025,180216,11241,9608,7,9615,235
2020-08-27,Inyo,027,18085,180,157,3,160,2
2020-08-27,Kern,029,883053,29845,28635,219,28854,294
2020-08-27,Kings,031,150075,6392,5759,35,5794,62
2020-08-27,Lake,033,64148,353,314,0,314,2
2020-08-27,Lassen,035,31185,720,703,2,705,0
2020-08-27,Los Angeles,037,10098052,242517,237103,1256,238359,5704
2020-08-27,Madera,039,155013,3911,3465,25,3490,33
2020-08-27,Marin,041,260295,6189,5929,15,5944,62
2020-08-27,Mariposa,043,17540,73,67,0,67,2
2020-08-27,Mendocino,045,87422,639,581,0,581,10
2020-08-27,Merced,047,269075,8048,7765,11,7776,75
2020-08-27,Modoc,049,8938,11,5,0,5,0
2020-08-27,Mono,051,14174,163,145,2,147,1
2020-08-27,Monterey,053,433212,8116,7501,22,7523,52
2020-08-27,Napa,055,140530,1484,1397,5,1402,10
2020-08-27,Nevada,057,99092,457,435,13,448,5
2020-08-27,Orange,059,3164182,50152,46449,1160,47609,935
2020-08-27,Placer,061,380077,3081,2869,12,2881,32
2020-08-27,Plumas,063,18699,40,39,0,39,0
2020-08-27,Riverside,065,2383286,53507,51306,55,51361,999
2020-08-27,Sacramento,067,1510023,18390,16875,16,16891,281
2020-08-27,San Benito,069,59416,1114,987,0,987,3
2020-08-27,San Bernardino,071,2135413,49035,46345,303,46648,751
2020-08-27,San Diego,073,3302833,39424,37501,424,37925,673
2020-08-27,San Francisco,075,870044,9635,9014,10,9024,83
2020-08-27,San Joaquin,077,732212,18512,16989,35,17024,314
2020-08-27,San Luis Obispo,079,281455,3084,2808,18,2826,20
2020-08-27,San Mateo,081,765935,8525,7728,7,7735,121
2020-08-27,Santa Barbara,083,443738,9019,7934,68,8002,92
2020-08-27,Santa Clara,085,1922200,18406,16495,35,16530,199
2020-08-27,Santa Cruz,087,273765,1870,1734,17,1751,7
2020-08-27,Shasta,089,179085,616,512,3,515,9
2020-08-27,Sierra,091,2930,6,6,0,6,0
2020-08-27,Siskiyou,093,43540,136,118,8,126,0
2020-08-27,Solano,095,438530,5504,5167,39,5206,34
2020-08-27,Sonoma,097,501317,5934,5357,18,5375,58
2020-08-27,Stanislaus,099,539301,15178,14080,342,14422,186
2020-08-27,Sutter,101,95872,1386,1296,1,1297,9
2020-08-27,Tehama,103,63373,427,398,2,400,1
2020-08-27,Trinity,105,12862,47,11,6,17,0
2020-08-27,Tulare,107,460477,14605,13666,58,13724,231
2020-08-27,Tuolumne,109,53932,201,174,3,177,1
2020-08-27,Ventura,111,848112,11337,10483,95,10578,102
2020-08-27,Yolo,113,214977,2484,2293,4,2297,51
2020-08-27,Yuba,115,75493,874,807,3,810,1
2020-08-26,Alameda,001,1643700,18700,17373,125,17498,233
2020-08-26,Alpine,003,1148,2,2,0,2,0
2020-08-26,Amador,005,37829,272,229,0,229,13
2020-08-26,Butte,007,227075,2155,1765,16,1781,25
2020-08-26,Calaveras,009,45235,240,201,0,201,1
2020-08-26,Colusa,011,21464,462,433,0,433,5
2020-08-26,Contra Costa,013,1133247,14354,13248,49,13297,157
2020-08-26,Del Norte,015,27424,114,86,0,86,1
2020-08-26,El Dorado,017,186661,1006,938,0,938,2
2020-08-26,Fresno,019,978130,27508,24071,301,24372,255
2020-08-26,Glenn,021,27897,449,429,0,429,3
2020-08-26,Humboldt,023,135768,386,357,1,358,4
2020-08-26,Imperial,025,180216,11219,9453,7,9460,227
2020-08-26,Inyo,027,18085,177,157,3,160,2
2020-08-26,Kern,029,883053,29706,28507,216,28723,286
2020-08-26,Kings,031,150075,6371,5720,35,5755,62
2020-08-26,Lake,033,64148,348,308,0,308,2
2020-08-26,Lassen,035,31185,720,702,2,704,0
2020-08-26,Los Angeles,037,10098052,241483,235499,1224,236723,5665
2020-08-26,Madera,039,155013,3882,3458,25,3483,32
2020-08-26,Marin,041,260295,6172,5887,15,5902,56
2020-08-26,Mariposa,043,17540,73,68,0,68,2
2020-08-26,Mendocino,045,87422,628,581,0,581,10
2020-08-26,Merced,047,269075,8015,7720,11,7731,74
2020-08-26,Modoc,049,8938,8,5,0,5,0
2020-08-26,Mono,051,14174,163,141,2,143,1
2020-08-26,Monterey,053,433212,8023,7439,22,7461,51
2020-08-26,Napa,055,140530,1471,1382,5,1387,10
2020-08-26,Nevada,057,99092,454,432,13,445,2
2020-08-26,Orange,059,3164182,49968,46157,1145,47302,905
2020-08-26,Placer,061,380077,3059,2846,10,2856,32
2020-08-26,Plumas,063,18699,39,39,0,39,0
2020-08-26,Riverside,065,2383286,53265,51138,55,51193,987
2020-08-26,Sacramento,067,1510023,18227,16708,16,16724,271
2020-08-26,San Benito,069,59416,1099,978,0,978,3
2020-08-26,San Bernardino,071,2135413,48826,45840,299,46139,743
2020-08-26,San Diego,073,3302833,39086,37224,397,37621,668
2020-08-26,San Francisco,075,870044,9559,8938,10,8948,81
2020-08-26,San Joaquin,077,732212,18423,16845,34,16879,309
2020-08-26,San Luis Obispo,079,281455,3056,2761,18,2779,20
2020-08-26,San Mateo,081,765935,8458,7655,7,7662,121
2020-08-26,Santa Barbara,083,443738,8985,7904,68,7972,90
2020-08-26,Santa Clara,085,1922200,18229,16283,35,16318,198
2020-08-26,Santa Cruz,087,273765,1859,1726,17,1743,7
2020-08-26,Shasta,089,179085,611,511,3,514,9
2020-08-26,Sierra,091,2930,6,6,0,6,0
2020-08-26,Siskiyou,093,43540,133,109,8,117,0
2020-08-26,Solano,095,438530,5480,5131,38,5169,34
2020-08-26,Sonoma,097,501317,5860,5283,18,5301,58
2020-08-26,Stanislaus,099,539301,15101,13964,336,14300,186
2020-08-26,Sutter,101,95872,1368,1275,1,1276,9
2020-08-26,Tehama,103,63373,424,396,2,398,1
2020-08-26,Trinity,105,12862,46,10,6,16,0
2020-08-26,Tulare,107,460477,14538,13568,58,13626,232
2020-08-26,Tuolumne,109,53932,200,172,3,175,1
2020-08-26,Ventura,111,848112,11265,10412,88,10500,100
2020-08-26,Yolo,113,214977,2462,2279,4,2283,49
2020-08-26,Yuba,115,75493,859,779,3,782,1
2020-08-25,Alameda,001,1643700,18543,17278,125,17403,232
2020-08-25,Alpine,003,1148,2,2,0,2,0
2020-08-25,Amador,005,37829,272,227,0,227,13
2020-08-25,Butte,007,227075,2088,1718,16,1734,24
2020-08-25,Calaveras,009,45235,238,196,0,196,1
2020-08-25,Colusa,011,21464,455,430,0,430,5
2020-08-25,Contra Costa,013,1133247,14216,13181,48,13229,156
2020-08-25,Del Norte,015,27424,113,83,0,83,1
2020-08-25,El Dorado,017,186661,1003,928,0,928,2
2020-08-25,Fresno,019,978130,27319,23932,300,24232,250
2020-08-25,Glenn,021,27897,446,429,0,429,3
2020-08-25,Humboldt,023,135768,381,342,1,343,4
2020-08-25,Imperial,025,180216,11191,9381,7,9388,217
2020-08-25,Inyo,027,18085,175,144,3,147,1
2020-08-25,Kern,029,883053,29569,28416,216,28632,285
2020-08-25,Kings,031,150075,6214,5702,35,5737,59
2020-08-25,Lake,033,64148,343,304,0,304,2
2020-08-25,Lassen,035,31185,719,692,2,694,0
2020-08-25,Los Angeles,037,10098052,240155,233961,1174,235135,5612
2020-08-25,Madera,039,155013,3867,3446,24,3470,32
2020-08-25,Marin,041,260295,6134,5860,15,5875,56
2020-08-25,Mariposa,043,17540,73,67,0,67,2
2020-08-25,Mendocino,045,87422,620,571,0,571,10
2020-08-25,Merced,047,269075,7948,7693,10,7703,69
2020-08-25,Modoc,049,8938,8,5,0,5,0
2020-08-25,Mono,051,14174,163,129,2,131,1
2020-08-25,Monterey,053,433212,7943,7333,22,7355,51
2020-08-25,Napa,055,140530,1464,1374,5,1379,10
2020-08-25,Nevada,057,99092,451,430,13,443,2
2020-08-25,Orange,059,3164182,49774,45737,1129,46866,902
2020-08-25,Placer,061,380077,3040,2829,7,2836,31
2020-08-25,Plumas,063,18699,39,39,0,39,0
2020-08-25,Riverside,065,2383286,53034,50889,55,50944,981
2020-08-25,Sacramento,067,1510023,18074,16601,16,16617,265
2020-08-25,San Benito,069,59416,1083,973,0,973,3
2020-08-25,San Bernardino,071,2135413,48591,45544,296,45840,727
2020-08-25,San Diego,073,3302833,38807,36996,375,37371,665
2020-08-25,San Francisco,075,870044,9481,8848,10,8858,81
2020-08-25,San Joaquin,077,732212,18296,16795,34,16829,306
2020-08-25,San Luis Obispo,079,281455,2998,2731,17,2748,20
2020-08-25,San Mateo,081,765935,8398,7636,7,7643,120
2020-08-25,Santa Barbara,083,443738,8933,7854,68,7922,90
2020-08-25,Santa Clara,085,1922200,18056,16199,35,16234,194
2020-08-25,Santa Cruz,087,273765,1840,1708,17,1725,7
2020-08-25,Shasta,089,179085,607,511,3,514,9
2020-08-25,Sierra,091,2930,6,6,0,6,0
2020-08-25,Siskiyou,093,43540,132,109,8,117,0
2020-08-25,Solano,095,438530,5419,5114,38,5152,34
2020-08-25,Sonoma,097,501317,5775,5148,18,5166,56
2020-08-25,Stanislaus,099,539301,14993,13886,325,14211,182
2020-08-25,Sutter,101,95872,1351,1259,1,1260,9
2020-08-25,Tehama,103,63373,421,394,2,396,1
2020-08-25,Trinity,105,12862,44,10,6,16,0
2020-08-25,Tulare,107,460477,14435,13514,57,13571,224
2020-08-25,Tuolumne,109,53932,198,172,3,175,1
2020-08-25,Ventura,111,848112,11180,10313,83,10396,99
2020-08-25,Yolo,113,214977,2449,2254,4,2258,50
2020-08-25,Yuba,115,75493,849,775,3,778,1
2020-08-24,Alameda,001,1643700,18349,16913,124,17037,231
2020-08-24,Alpine,003,1148,2,2,0,2,0
2020-08-24,Amador,005,37829,270,227,0,227,13
2020-08-24,Butte,007,227075,2004,1649,16,1665,23
2020-08-24,Calaveras,009,45235,228,187,0,187,1
2020-08-24,Colusa,011,21464,451,425,0,425,5
2020-08-24,Contra Costa,013,1133247,14101,12906,46,12952,153
2020-08-24,Del Norte,015,27424,113,80,0,80,1
2020-08-24,El Dorado,017,186661,995,908,0,908,2
2020-08-24,Fresno,019,978130,27132,23618,293,23911,235
2020-08-24,Glenn,021,27897,444,421,0,421,2
2020-08-24,Humboldt,023,135768,377,340,1,341,4
2020-08-24,Imperial,025,180216,11157,9323,7,9330,210
2020-08-24,Inyo,027,18085,171,144,3,147,2
2020-08-24,Kern,029,883053,29472,28157,210,28367,277
2020-08-24,Kings,031,150075,6126,5652,35,5687,60
2020-08-24,Lake,033,64148,329,302,0,302,2
2020-08-24,Lassen,035,31185,719,693,2,695,0
2020-08-24,Los Angeles,037,10098052,238789,233036,1155,234191,5562
2020-08-24,Madera,039,155013,3840,3418,24,3442,32
2020-08-24,Marin,041,260295,6071,5834,15,5849,56
2020-08-24,Mariposa,043,17540,71,66,0,66,2
2020-08-24,Mendocino,045,87422,605,550,0,550,10
2020-08-24,Merced,047,269075,7870,7605,10,7615,69
2020-08-24,Modoc,049,8938,8,5,0,5,0
2020-08-24,Mono,051,14174,163,129,2,131,1
2020-08-24,Monterey,053,433212,7834,7212,21,7233,50
2020-08-24,Napa,055,140530,1451,1358,5,1363,10
2020-08-24,Nevada,057,99092,446,423,13,436,2
2020-08-24,Orange,059,3164182,49581,45536,1119,46655,887
2020-08-24,Placer,061,380077,2994,2793,7,2800,31
2020-08-24,Plumas,063,18699,39,37,0,37,0
2020-08-24,Riverside,065,2383286,52757,50496,55,50551,975
2020-08-24,Sacramento,067,1510023,17877,16318,16,16334,249
2020-08-24,San Benito,069,59416,1062,961,0,961,3
2020-08-24,San Bernardino,071,2135413,48328,45199,294,45493,720
2020-08-24,San Diego,073,3302833,38519,36729,347,37076,660
2020-08-24,San Francisco,075,870044,9398,8621,10,8631,81
2020-08-24,San Joaquin,077,732212,18155,16565,33,16598,305
2020-08-24,San Luis Obispo,079,281455,2970,2705,17,2722,20
2020-08-24,San Mateo,081,765935,8331,7502,7,7509,120
2020-08-24,Santa Barbara,083,443738,8891,7784,68,7852,90
2020-08-24,Santa Clara,085,1922200,17852,16049,35,16084,192
2020-08-24,Santa Cruz,087,273765,1820,1627,16,1643,6
2020-08-24,Shasta,089,179085,605,505,3,508,9
2020-08-24,Sierra,091,2930,6,6,0,6,0
2020-08-24,Siskiyou,093,43540,128,107,8,115,0
2020-08-24,Solano,095,438530,5370,4979,36,5015,32
2020-08-24,Sonoma,097,501317,5673,5071,18,5089,56
2020-08-24,Stanislaus,099,539301,14894,13521,311,13832,171
2020-08-24,Sutter,101,95872,1332,1219,1,1220,9
2020-08-24,Tehama,103,63373,416,388,2,390,1
2020-08-24,Trinity,105,12862,44,10,6,16,0
2020-08-24,Tulare,107,460477,14328,13360,56,13416,223
2020-08-24,Tuolumne,109,53932,197,170,3,173,1
2020-08-24,Ventura,111,848112,11100,10261,79,10340,99
2020-08-24,Yolo,113,214977,2414,2239,4,2243,47
2020-08-24,Yuba,115,75493,832,750,3,753,1
2020-08-23,Alameda,001,1643700,18126,16786,123,16909,231
2020-08-23,Alpine,003,1148,2,2,0,2,0
2020-08-23,Amador,005,37829,267,227,0,227,13
2020-08-23,Butte,007,227075,1890,1637,16,1653,23
2020-08-23,Calaveras,009,45235,218,187,0,187,1
2020-08-23,Colusa,011,21464,444,424,0,424,5
2020-08-23,Contra Costa,013,1133247,13941,12642,46,12688,153
2020-08-23,Del Norte,015,27424,113,80,0,80,1
2020-08-23,El Dorado,017,186661,982,901,0,901,2
2020-08-23,Fresno,019,978130,26928,23414,289,23703,235
2020-08-23,Glenn,021,27897,437,421,0,421,2
2020-08-23,Humboldt,023,135768,375,341,1,342,4
2020-08-23,Imperial,025,180216,11129,9243,7,9250,210
2020-08-23,Inyo,027,18085,168,144,3,147,2
2020-08-23,Kern,029,883053,29323,28028,205,28233,277
2020-08-23,Kings,031,150075,6083,5628,35,5663,60
2020-08-23,Lake,033,64148,325,299,0,299,2
2020-08-23,Lassen,035,31185,718,693,2,695,0
2020-08-23,Los Angeles,037,10098052,237183,231833,1085,232918,5549
2020-08-23,Madera,039,155013,3808,3401,23,3424,32
2020-08-23,Marin,041,260295,6032,5807,14,5821,50
2020-08-23,Mariposa,043,17540,71,66,0,66,2
2020-08-23,Mendocino,045,87422,601,550,0,550,10
2020-08-23,Merced,047,269075,7801,7574,9,7583,69
2020-08-23,Modoc,049,8938,7,5,0,5,0
2020-08-23,Mono,051,14174,163,129,2,131,1
2020-08-23,Monterey,053,433212,7744,7173,21,7194,50
2020-08-23,Napa,055,140530,1439,1348,5,1353,10
2020-08-23,Nevada,057,99092,441,421,13,434,2
2020-08-23,Orange,059,3164182,49344,45267,1108,46375,887
2020-08-23,Placer,061,380077,2955,2772,7,2779,31
2020-08-23,Plumas,063,18699,39,37,0,37,0
2020-08-23,Riverside,065,2383286,52488,50293,53,50346,955
2020-08-23,Sacramento,067,1510023,17653,16084,15,16099,243
2020-08-23,San Benito,069,59416,1049,938,0,938,3
2020-08-23,San Bernardino,071,2135413,48059,45010,284,45294,719
2020-08-23,San Diego,073,3302833,38198,36542,320,36862,660
2020-08-23,San Francisco,075,870044,9303,8564,9,8573,80
2020-08-23,San Joaquin,077,732212,18022,16069,32,16101,305
2020-08-23,San Luis Obispo,079,281455,2928,2679,17,2696,20
2020-08-23,San Mateo,081,765935,8236,7450,7,7457,120
2020-08-23,Santa Barbara,083,443738,8823,7725,68,7793,90
2020-08-23,Santa Clara,085,1922200,17657,15912,33,15945,191
2020-08-23,Santa Cruz,087,273765,1794,1627,16,1643,6
2020-08-23,Shasta,089,179085,600,501,3,504,9
2020-08-23,Sierra,091,2930,6,6,0,6,0
2020-08-23,Siskiyou,093,43540,123,107,8,115,0
2020-08-23,Solano,095,438530,5312,4977,34,5011,32
2020-08-23,Sonoma,097,501317,5585,5018,18,5036,56
2020-08-23,Stanislaus,099,539301,14759,13483,288,13771,171
2020-08-23,Sutter,101,95872,1310,1203,1,1204,9
2020-08-23,Tehama,103,63373,406,381,2,383,1
2020-08-23,Trinity,105,12862,44,10,6,16,0
2020-08-23,Tulare,107,460477,14196,13303,53,13356,223
2020-08-23,Tuolumne,109,53932,194,164,3,167,1
2020-08-23,Ventura,111,848112,10999,10126,75,10201,99
2020-08-23,Yolo,113,214977,2386,2210,4,2214,47
2020-08-23,Yuba,115,75493,811,750,3,753,1
2020-08-22,Alameda,001,1643700,18032,16648,122,16770,231
2020-08-22,Alpine,003,1148,2,2,0,2,0
2020-08-22,Amador,005,37829,266,224,0,224,13
2020-08-22,Butte,007,227075,1839,1618,16,1634,22
2020-08-22,Calaveras,009,45235,215,187,0,187,1
2020-08-22,Colusa,011,21464,440,419,0,419,5
2020-08-22,Contra Costa,013,1133247,13854,12522,46,12568,153
2020-08-22,Del Norte,015,27424,112,80,0,80,1
2020-08-22,El Dorado,017,186661,980,900,0,900,2
2020-08-22,Fresno,019,978130,26831,23197,288,23485,235
2020-08-22,Glenn,021,27897,436,421,0,421,2
2020-08-22,Humboldt,023,135768,365,334,1,335,4
2020-08-22,Imperial,025,180216,11121,9244,7,9251,210
2020-08-22,Inyo,027,18085,168,144,3,147,1
2020-08-22,Kern,029,883053,29269,27807,205,28012,277
2020-08-22,Kings,031,150075,6074,5447,35,5482,60
2020-08-22,Lake,033,64148,323,291,0,291,2
2020-08-22,Lassen,035,31185,718,693,2,695,0
2020-08-22,Los Angeles,037,10098052,236525,230858,1067,231925,5540
2020-08-22,Madera,039,155013,3789,3330,23,3353,32
2020-08-22,Marin,041,260295,6020,5789,14,5803,49
2020-08-22,Mariposa,043,17540,71,66,0,66,2
2020-08-22,Mendocino,045,87422,598,529,0,529,10
2020-08-22,Merced,047,269075,7773,7493,9,7502,69
2020-08-22,Modoc,049,8938,7,5,0,5,0
2020-08-22,Mono,051,14174,163,129,2,131,1
2020-08-22,Monterey,053,433212,7696,7081,21,7102,50
2020-08-22,Napa,055,140530,1434,1328,5,1333,11
2020-08-22,Nevada,057,99092,441,411,13,424,2
2020-08-22,Orange,059,3164182,49202,45131,1102,46233,885
2020-08-22,Placer,061,380077,2941,2734,7,2741,30
2020-08-22,Plumas,063,18699,39,37,0,37,0
2020-08-22,Riverside,065,2383286,52339,49944,52,49996,953
2020-08-22,Sacramento,067,1510023,17541,15516,15,15531,239
2020-08-22,San Benito,069,59416,1033,912,0,912,3
2020-08-22,San Bernardino,071,2135413,47930,44803,280,45083,719
2020-08-22,San Diego,073,3302833,38016,36205,309,36514,673
2020-08-22,San Francisco,075,870044,9243,8568,9,8577,80
2020-08-22,San Joaquin,077,732212,17966,16068,32,16100,305
2020-08-22,San Luis Obispo,079,281455,2903,2660,17,2677,20
2020-08-22,San Mateo,081,765935,8189,7361,7,7368,120
2020-08-22,Santa Barbara,083,443738,8797,7685,68,7753,90
2020-08-22,Santa Clara,085,1922200,17549,15590,33,15623,190
2020-08-22,Santa Cruz,087,273765,1778,1628,15,1643,6
2020-08-22,Shasta,089,179085,598,493,3,496,9
2020-08-22,Sierra,091,2930,6,6,0,6,0
2020-08-22,Siskiyou,093,43540,123,106,8,114,0
2020-08-22,Solano,095,438530,5282,4944,33,4977,32
2020-08-22,Sonoma,097,501317,5539,4891,18,4909,57
2020-08-22,Stanislaus,099,539301,14709,13380,271,13651,170
2020-08-22,Sutter,101,95872,1303,1189,1,1190,8
2020-08-22,Tehama,103,63373,405,368,2,370,1
2020-08-22,Trinity,105,12862,44,8,6,14,0
2020-08-22,Tulare,107,460477,14129,13196,53,13249,222
2020-08-22,Tuolumne,109,53932,192,162,3,165,1
2020-08-22,Ventura,111,848112,10944,9959,73,10032,99
2020-08-22,Yolo,113,214977,2370,2188,4,2192,47
2020-08-22,Yuba,115,75493,799,738,3,741,1
2020-08-21,Alameda,001,1643700,17941,16413,122,16535,232
2020-08-21,Alpine,003,1148,2,2,0,2,0
2020-08-21,Amador,005,37829,265,223,0,223,11
2020-08-21,Butte,007,227075,1800,1582,16,1598,19
2020-08-21,Calaveras,009,45235,215,182,0,182,1
2020-08-21,Colusa,011,21464,438,418,0,418,5
2020-08-21,Contra Costa,013,1133247,13764,12333,45,12378,149
2020-08-21,Del Norte,015,27424,112,78,0,78,1
2020-08-21,El Dorado,017,186661,976,885,0,885,2
2020-08-21,Fresno,019,978130,26661,22840,287,23127,232
2020-08-21,Glenn,021,27897,432,418,0,418,2
2020-08-21,Humboldt,023,135768,362,331,1,332,4
2020-08-21,Imperial,025,180216,11105,9166,7,9173,204
2020-08-21,Inyo,027,18085,168,144,3,147,1
2020-08-21,Kern,029,883053,29210,27567,203,27770,269
2020-08-21,Kings,031,150075,6052,5391,35,5426,60
2020-08-21,Lake,033,64148,321,281,0,281,2
2020-08-21,Lassen,035,31185,718,693,2,695,0
2020-08-21,Los Angeles,037,10098052,235648,229235,1047,230282,5494
2020-08-21,Madera,039,155013,3759,3271,23,3294,31
2020-08-21,Marin,041,260295,6000,5762,14,5776,49
2020-08-21,Mariposa,043,17540,71,66,0,66,2
2020-08-21,Mendocino,045,87422,588,505,0,505,10
2020-08-21,Merced,047,269075,7744,7357,9,7366,69
2020-08-21,Modoc,049,8938,7,5,0,5,0
2020-08-21,Mono,051,14174,163,128,2,130,1
2020-08-21,Monterey,053,433212,7624,6974,21,6995,49
2020-08-21,Napa,055,140530,1425,1317,5,1322,10
2020-08-21,Nevada,057,99092,440,406,13,419,2
2020-08-21,Orange,059,3164182,49061,44625,1093,45718,875
2020-08-21,Placer,061,380077,2925,2698,6,2704,30
2020-08-21,Plumas,063,18699,39,36,0,36,0
2020-08-21,Riverside,065,2383286,52145,49409,52,49461,932
2020-08-21,Sacramento,067,1510023,17418,15247,15,15262,237
2020-08-21,San Benito,069,59416,1023,891,0,891,3
2020-08-21,San Bernardino,071,2135413,47810,44249,276,44525,668
2020-08-21,San Diego,073,3302833,37812,35914,292,36206,652
2020-08-21,San Francisco,075,870044,9193,8375,9,8384,80
2020-08-21,San Joaquin,077,732212,17883,15888,30,15918,301
2020-08-21,San Luis Obispo,079,281455,2880,2640,17,2657,19
2020-08-21,San Mateo,081,765935,8130,7253,7,7260,120
2020-08-21,Santa Barbara,083,443738,8756,7645,68,7713,86
2020-08-21,Santa Clara,085,1922200,17397,15399,33,15432,190
2020-08-21,Santa Cruz,087,273765,1766,1617,15,1632,6
2020-08-21,Shasta,089,179085,598,486,3,489,9
2020-08-21,Sierra,091,2930,6,6,0,6,0
2020-08-21,Siskiyou,093,43540,123,103,6,109,0
2020-08-21,Solano,095,438530,5259,4891,32,4923,32
2020-08-21,Sonoma,097,501317,5469,4816,18,4834,57
2020-08-21,Stanislaus,099,539301,14640,13282,256,13538,161
2020-08-21,Sutter,101,95872,1290,1173,1,1174,8
2020-08-21,Tehama,103,63373,403,357,2,359,1
2020-08-21,Trinity,105,12862,44,8,6,14,0
2020-08-21,Tulare,107,460477,14057,13002,52,13054,217
2020-08-21,Tuolumne,109,53932,184,161,3,164,1
2020-08-21,Ventura,111,848112,10879,9865,71,9936,98
2020-08-21,Yolo,113,214977,2355,2164,4,2168,46
2020-08-21,Yuba,115,75493,795,717,3,720,1
2020-08-20,Alameda,001,1643700,17782,16174,122,16296,229
2020-08-20,Alpine,003,1148,2,2,0,2,0
2020-08-20,Amador,005,37829,263,222,0,222,11
2020-08-20,Butte,007,227075,1749,1549,16,1565,18
2020-08-20,Calaveras,009,45235,212,179,0,179,1
2020-08-20,Colusa,011,21464,436,415,0,415,5
2020-08-20,Contra Costa,013,1133247,13636,12108,44,12152,144
2020-08-20,Del Norte,015,27424,112,78,0,78,1
2020-08-20,El Dorado,017,186661,972,881,0,881,2
2020-08-20,Fresno,019,978130,26479,22535,282,22817,228
2020-08-20,Glenn,021,27897,427,414,0,414,2
2020-08-20,Humboldt,023,135768,357,318,1,319,4
2020-08-20,Imperial,025,180216,11086,9086,7,9093,196
2020-08-20,Inyo,027,18085,167,144,3,147,1
2020-08-20,Kern,029,883053,29042,27337,192,27529,267
2020-08-20,Kings,031,150075,6012,5347,34,5381,59
2020-08-20,Lake,033,64148,316,280,0,280,2
2020-08-20,Lassen,035,31185,717,693,2,695,0
2020-08-20,Los Angeles,037,10098052,234414,227492,1028,228520,5445
2020-08-20,Madera,039,155013,3733,3197,23,3220,31
2020-08-20,Marin,041,260295,5982,5745,14,5759,47
2020-08-20,Mariposa,043,17540,71,67,0,67,2
2020-08-20,Mendocino,045,87422,577,497,0,497,10
2020-08-20,Merced,047,269075,7669,7173,9,7182,68
2020-08-20,Modoc,049,8938,7,5,0,5,0
2020-08-20,Mono,051,14174,163,128,2,130,1
2020-08-20,Monterey,053,433212,7553,6892,21,6913,47
2020-08-20,Napa,055,140530,1417,1306,5,1311,10
2020-08-20,Nevada,057,99092,439,401,13,414,2
2020-08-20,Orange,059,3164182,48834,44299,1082,45381,849
2020-08-20,Placer,061,380077,2909,2681,6,2687,30
2020-08-20,Plumas,063,18699,39,36,0,36,0
2020-08-20,Riverside,065,2383286,51925,48953,51,49004,927
2020-08-20,Sacramento,067,1510023,17176,14992,15,15007,231
2020-08-20,San Benito,069,59416,1010,866,0,866,3
2020-08-20,San Bernardino,071,2135413,47554,43627,272,43899,665
2020-08-20,San Diego,073,3302833,37592,35610,274,35884,644
2020-08-20,San Francisco,075,870044,9107,8262,9,8271,72
2020-08-20,San Joaquin,077,732212,17790,15778,30,15808,297
2020-08-20,San Luis Obispo,079,281455,2860,2590,17,2607,19
2020-08-20,San Mateo,081,765935,8064,7188,7,7195,120
2020-08-20,Santa Barbara,083,443738,8718,7571,68,7639,81
2020-08-20,Santa Clara,085,1922200,17225,15162,33,15195,190
2020-08-20,Santa Cruz,087,273765,1753,1581,15,1596,6
2020-08-20,Shasta,089,179085,597,478,3,481,9
2020-08-20,Sierra,091,2930,6,6,0,6,0
2020-08-20,Siskiyou,093,43540,122,102,1,103,0
2020-08-20,Solano,095,438530,5215,4843,32,4875,31
2020-08-20,Sonoma,097,501317,5397,4737,18,4755,54
2020-08-20,Stanislaus,099,539301,14544,13120,247,13367,161
2020-08-20,Sutter,101,95872,1266,1158,1,1159,8
2020-08-20,Tehama,103,63373,397,350,2,352,1
2020-08-20,Trinity,105,12862,44,8,6,14,0
2020-08-20,Tulare,107,460477,13949,12907,51,12958,217
2020-08-20,Tuolumne,109,53932,180,159,3,162,1
2020-08-20,Ventura,111,848112,10766,9744,70,9814,93
2020-08-20,Yolo,113,214977,2333,2150,4,2154,47
2020-08-20,Yuba,115,75493,778,709,3,712,1
2020-08-19,Alameda,001,1643700,17623,15874,121,15995,226
2020-08-19,Alpine,003,1148,2,2,0,2,0
2020-08-19,Amador,005,37829,262,219,0,219,9
2020-08-19,Butte,007,227075,1706,1517,16,1533,16
2020-08-19,Calaveras,009,45235,209,177,0,177,1
2020-08-19,Colusa,011,21464,435,415,0,415,5
2020-08-19,Contra Costa,013,1133247,13524,11895,42,11937,142
2020-08-19,Del Norte,015,27424,112,78,0,78,1
2020-08-19,El Dorado,017,186661,966,870,0,870,2
2020-08-19,Fresno,019,978130,26289,22167,273,22440,221
2020-08-19,Glenn,021,27897,425,414,0,414,2
2020-08-19,Humboldt,023,135768,354,316,1,317,4
2020-08-19,Imperial,025,180216,11058,9041,7,9048,192
2020-08-19,Inyo,027,18085,165,140,3,143,1
2020-08-19,Kern,029,883053,28925,27142,188,27330,263
2020-08-19,Kings,031,150075,5839,5301,32,5333,59
2020-08-19,Lake,033,64148,313,277,0,277,2
2020-08-19,Lassen,035,31185,709,693,2,695,0
2020-08-19,Los Angeles,037,10098052,233131,226006,988,226994,5399
2020-08-19,Madera,039,155013,3699,3158,21,3179,30
2020-08-19,Marin,041,260295,5958,5723,13,5736,46
2020-08-19,Mariposa,043,17540,71,64,0,64,2
2020-08-19,Mendocino,045,87422,561,495,0,495,8
2020-08-19,Merced,047,269075,7542,7082,6,7088,66
2020-08-19,Modoc,049,8938,7,5,0,5,0
2020-08-19,Mono,051,14174,163,128,2,130,1
2020-08-19,Monterey,053,433212,7451,6693,21,6714,45
2020-08-19,Napa,055,140530,1412,1293,5,1298,10
2020-08-19,Nevada,057,99092,432,398,13,411,2
2020-08-19,Orange,059,3164182,48629,43938,1079,45017,829
2020-08-19,Placer,061,380077,2887,2659,6,2665,28
2020-08-19,Plumas,063,18699,39,36,0,36,0
2020-08-19,Riverside,065,2383286,51676,48741,51,48792,922
2020-08-19,Sacramento,067,1510023,16995,14764,15,14779,229
2020-08-19,San Benito,069,59416,993,853,0,853,3
2020-08-19,San Bernardino,071,2135413,47255,43224,266,43490,661
2020-08-19,San Diego,073,3302833,37343,35378,259,35637,638
2020-08-19,San Francisco,075,870044,9042,8236,9,8245,72
2020-08-19,San Joaquin,077,732212,17664,15677,29,15706,296
2020-08-19,San Luis Obispo,079,281455,2821,2553,17,2570,19
2020-08-19,San Mateo,081,765935,7996,7146,7,7153,119
2020-08-19,Santa Barbara,083,443738,8669,7499,68,7567,80
2020-08-19,Santa Clara,085,1922200,17079,14994,33,15027,189
2020-08-19,Santa Cruz,087,273765,1727,1554,15,1569,6
2020-08-19,Shasta,089,179085,593,475,3,478,9
2020-08-19,Sierra,091,2930,6,6,0,6,0
2020-08-19,Siskiyou,093,43540,121,103,1,104,0
2020-08-19,Solano,095,438530,5174,4807,32,4839,31
2020-08-19,Sonoma,097,501317,5318,4614,18,4632,54
2020-08-19,Stanislaus,099,539301,14441,13084,225,13309,160
2020-08-19,Sutter,101,95872,1232,1146,1,1147,8
2020-08-19,Tehama,103,63373,391,342,2,344,1
2020-08-19,Trinity,105,12862,43,8,6,14,0
2020-08-19,Tulare,107,460477,13851,12756,51,12807,217
2020-08-19,Tuolumne,109,53932,177,159,3,162,1
2020-08-19,Ventura,111,848112,10674,9587,68,9655,91
2020-08-19,Yolo,113,214977,2310,2126,4,2130,47
2020-08-19,Yuba,115,75493,766,701,3,704,1
2020-08-18,Alameda,001,1643700,17446,15627,119,15746,223
2020-08-18,Alpine,003,1148,2,2,0,2,0
2020-08-18,Amador,005,37829,261,215,0,215,9
2020-08-18,Butte,007,227075,1673,1491,16,1507,16
2020-08-18,Calaveras,009,45235,205,174,0,174,1
2020-08-18,Colusa,011,21464,434,415,0,415,5
2020-08-18,Contra Costa,013,1133247,13404,11689,40,11729,141
2020-08-18,Del Norte,015,27424,111,78,0,78,0
2020-08-18,El Dorado,017,186661,961,866,0,866,2
2020-08-18,Fresno,019,978130,26068,21798,267,22065,212
2020-08-18,Glenn,021,27897,425,407,0,407,2
2020-08-18,Humboldt,023,135768,352,315,1,316,4
2020-08-18,Imperial,025,180216,11024,8968,6,8974,189
2020-08-18,Inyo,027,18085,164,140,3,143,1
2020-08-18,Kern,029,883053,28772,26978,184,27162,263
2020-08-18,Kings,031,150075,5804,5269,31,5300,58
2020-08-18,Lake,033,64148,310,274,0,274,2
2020-08-18,Lassen,035,31185,709,693,2,695,0
2020-08-18,Los Angeles,037,10098052,231850,224218,951,225169,5339
2020-08-18,Madera,039,155013,3671,3125,21,3146,28
2020-08-18,Marin,041,260295,5928,5708,13,5721,47
2020-08-18,Mariposa,043,17540,71,61,0,61,2
2020-08-18,Mendocino,045,87422,552,468,0,468,8
2020-08-18,Merced,047,269075,7494,6940,6,6946,66
2020-08-18,Modoc,049,8938,7,5,0,5,0
2020-08-18,Mono,051,14174,162,129,2,131,1
2020-08-18,Monterey,053,433212,7359,6691,20,6711,44
2020-08-18,Napa,055,140530,1409,1274,5,1279,10
2020-08-18,Nevada,057,99092,425,389,13,402,2
2020-08-18,Orange,059,3164182,48404,43659,1064,44723,809
2020-08-18,Placer,061,380077,2861,2644,5,2649,28
2020-08-18,Plumas,063,18699,39,34,0,34,0
2020-08-18,Riverside,065,2383286,51346,48447,51,48498,917
2020-08-18,Sacramento,067,1510023,16766,14610,14,14624,222
2020-08-18,San Benito,069,59416,973,836,0,836,3
2020-08-18,San Bernardino,071,2135413,46973,42827,260,43087,648
2020-08-18,San Diego,073,3302833,37050,35164,227,35391,633
2020-08-18,San Francisco,075,870044,8956,8016,9,8025,72
2020-08-18,San Joaquin,077,732212,17548,15509,28,15537,290
2020-08-18,San Luis Obispo,079,281455,2797,2535,16,2551,18
2020-08-18,San Mateo,081,765935,7934,7074,7,7081,119
2020-08-18,Santa Barbara,083,443738,8627,7472,68,7540,81
2020-08-18,Santa Clara,085,1922200,16906,14786,32,14818,184
2020-08-18,Santa Cruz,087,273765,1714,1509,15,1524,6
2020-08-18,Shasta,089,179085,589,468,3,471,9
2020-08-18,Sierra,091,2930,6,6,0,6,0
2020-08-18,Siskiyou,093,43540,120,103,1,104,0
2020-08-18,Solano,095,438530,5147,4700,32,4732,31
2020-08-18,Sonoma,097,501317,5249,4506,18,4524,48
2020-08-18,Stanislaus,099,539301,14343,12935,209,13144,149
2020-08-18,Sutter,101,95872,1213,1126,1,1127,8
2020-08-18,Tehama,103,63373,381,333,2,335,1
2020-08-18,Trinity,105,12862,41,8,6,14,0
2020-08-18,Tulare,107,460477,13720,12637,48,12685,212
2020-08-18,Tuolumne,109,53932,174,159,3,162,1
2020-08-18,Ventura,111,848112,10584,9536,63,9599,89
2020-08-18,Yolo,113,214977,2287,2102,4,2106,47
2020-08-18,Yuba,115,75493,758,679,3,682,1
2020-08-17,Alameda,001,1643700,17253,15454,118,15572,221
2020-08-17,Alpine,003,1148,2,2,0,2,0
2020-08-17,Amador,005,37829,261,215,0,215,9
2020-08-17,Butte,007,227075,1628,1463,16,1479,15
2020-08-17,Calaveras,009,45235,201,167,0,167,1
2020-08-17,Colusa,011,21464,431,408,0,408,5
2020-08-17,Contra Costa,013,1133247,13267,11442,40,11482,141
2020-08-17,Del Norte,015,27424,107,77,0,77,0
2020-08-17,El Dorado,017,186661,958,846,0,846,2
2020-08-17,Fresno,019,978130,25859,21316,260,21576,211
2020-08-17,Glenn,021,27897,424,402,0,402,2
2020-08-17,Humboldt,023,135768,348,302,1,303,4
2020-08-17,Imperial,025,180216,10983,8897,6,8903,188
2020-08-17,Inyo,027,18085,156,124,3,127,1
2020-08-17,Kern,029,883053,28624,26773,173,26946,249
2020-08-17,Kings,031,150075,5766,5249,31,5280,58
2020-08-17,Lake,033,64148,305,270,0,270,2
2020-08-17,Lassen,035,31185,709,666,2,668,0
2020-08-17,Los Angeles,037,10098052,230332,223418,902,224320,5282
2020-08-17,Madera,039,155013,3628,3050,20,3070,26
2020-08-17,Marin,041,260295,5905,5683,12,5695,46
2020-08-17,Mariposa,043,17540,71,61,0,61,2
2020-08-17,Mendocino,045,87422,534,454,0,454,8
2020-08-17,Merced,047,269075,7399,6814,6,6820,66
2020-08-17,Modoc,049,8938,7,5,0,5,0
2020-08-17,Mono,051,14174,162,126,2,128,1
2020-08-17,Monterey,053,433212,7259,6553,20,6573,44
2020-08-17,Napa,055,140530,1388,1255,5,1260,10
2020-08-17,Nevada,057,99092,420,383,13,396,2
2020-08-17,Orange,059,3164182,48194,43621,1051,44672,804
2020-08-17,Placer,061,380077,2836,2609,5,2614,28
2020-08-17,Plumas,063,18699,39,33,0,33,0
2020-08-17,Riverside,065,2383286,51015,48062,49,48111,916
2020-08-17,Sacramento,067,1510023,16546,14333,14,14347,219
2020-08-17,San Benito,069,59416,958,822,0,822,2
2020-08-17,San Bernardino,071,2135413,46628,42005,252,42257,604
2020-08-17,San Diego,073,3302833,36784,34962,213,35175,626
2020-08-17,San Francisco,075,870044,8885,7600,9,7609,72
2020-08-17,San Joaquin,077,732212,17385,15323,27,15350,280
2020-08-17,San Luis Obispo,079,281455,2764,2527,16,2543,18
2020-08-17,San Mateo,081,765935,7877,6987,6,6993,118
2020-08-17,Santa Barbara,083,443738,8585,7438,68,7506,80
2020-08-17,Santa Clara,085,1922200,16685,14546,32,14578,183
2020-08-17,Santa Cruz,087,273765,1698,1453,14,1467,6
2020-08-17,Shasta,089,179085,583,467,3,470,9
2020-08-17,Sierra,091,2930,6,6,0,6,0
2020-08-17,Siskiyou,093,43540,119,103,0,103,0
2020-08-17,Solano,095,438530,5090,4479,32,4511,31
2020-08-17,Sonoma,097,501317,5160,4402,16,4418,48
2020-08-17,Stanislaus,099,539301,14218,12745,202,12947,148
2020-08-17,Sutter,101,95872,1197,1071,1,1072,8
2020-08-17,Tehama,103,63373,372,324,2,326,1
2020-08-17,Trinity,105,12862,41,8,6,14,0
2020-08-17,Tulare,107,460477,13607,12487,47,12534,210
2020-08-17,Tuolumne,109,53932,171,157,3,160,1
2020-08-17,Ventura,111,848112,10461,9490,58,9548,89
2020-08-17,Yolo,113,214977,2260,2083,4,2087,47
2020-08-17,Yuba,115,75493,743,647,3,650,1
2020-08-16,Alameda,001,1643700,16962,15338,118,15456,221
2020-08-16,Alpine,003,1148,2,2,0,2,0
2020-08-16,Amador,005,37829,258,215,0,215,9
2020-08-16,Butte,007,227075,1590,1432,16,1448,15
2020-08-16,Calaveras,009,45235,194,167,0,167,1
2020-08-16,Colusa,011,21464,429,407,0,407,5
2020-08-16,Contra Costa,013,1133247,13081,11255,40,11295,140
2020-08-16,Del Norte,015,27424,103,77,0,77,0
2020-08-16,El Dorado,017,186661,946,843,0,843,2
2020-08-16,Fresno,019,978130,25638,21010,255,21265,211
2020-08-16,Glenn,021,27897,422,400,0,400,2
2020-08-16,Humboldt,023,135768,346,301,1,302,4
2020-08-16,Imperial,025,180216,10939,8883,6,8889,188
2020-08-16,Inyo,027,18085,149,125,2,127,1
2020-08-16,Kern,029,883053,28423,26520,165,26685,249
2020-08-16,Kings,031,150075,5735,5146,31,5177,58
2020-08-16,Lake,033,64148,301,269,0,269,2
2020-08-16,Lassen,035,31185,709,666,2,668,0
2020-08-16,Los Angeles,037,10098052,228765,222236,872,223108,5263
2020-08-16,Madera,039,155013,3583,3013,20,3033,26
2020-08-16,Marin,041,260295,5879,5664,12,5676,46
2020-08-16,Mariposa,043,17540,71,61,0,61,2
2020-08-16,Mendocino,045,87422,526,451,0,451,8
2020-08-16,Merced,047,269075,7317,6744,6,6750,66
2020-08-16,Modoc,049,8938,7,5,0,5,0
2020-08-16,Mono,051,14174,162,126,2,128,1
2020-08-16,Monterey,053,433212,7161,6516,19,6535,44
2020-08-16,Napa,055,140530,1370,1241,3,1244,10
2020-08-16,Nevada,057,99092,409,379,13,392,2
2020-08-16,Orange,059,3164182,47945,43303,1040,44343,803
2020-08-16,Placer,061,380077,2807,2583,4,2587,28
2020-08-16,Plumas,063,18699,39,33,0,33,0
2020-08-16,Riverside,065,2383286,50685,47669,48,47717,910
2020-08-16,Sacramento,067,1510023,16306,14210,14,14224,219
2020-08-16,San Benito,069,59416,929,815,0,815,2
2020-08-16,San Bernardino,071,2135413,46204,41724,244,41968,603
2020-08-16,San Diego,073,3302833,36520,34680,198,34878,626
2020-08-16,San Francisco,075,870044,8797,7602,9,7611,72
2020-08-16,San Joaquin,077,732212,17182,15288,27,15315,280
2020-08-16,San Luis Obispo,079,281455,2735,2494,16,2510,17
2020-08-16,San Mateo,081,765935,7802,6942,6,6948,118
2020-08-16,Santa Barbara,083,443738,8536,7368,68,7436,79
2020-08-16,Santa Clara,085,1922200,16487,14329,32,14361,183
2020-08-16,Santa Cruz,087,273765,1671,1449,13,1462,6
2020-08-16,Shasta,089,179085,576,465,3,468,9
2020-08-16,Sierra,091,2930,6,6,0,6,0
2020-08-16,Siskiyou,093,43540,118,102,0,102,0
2020-08-16,Solano,095,438530,5030,4479,32,4511,31
2020-08-16,Sonoma,097,501317,5056,4329,16,4345,46
2020-08-16,Stanislaus,099,539301,14061,12668,191,12859,148
2020-08-16,Sutter,101,95872,1179,1071,1,1072,8
2020-08-16,Tehama,103,63373,362,318,2,320,1
2020-08-16,Trinity,105,12862,38,8,6,14,0
2020-08-16,Tulare,107,460477,13475,12334,44,12378,211
2020-08-16,Tuolumne,109,53932,171,156,3,159,1
2020-08-16,Ventura,111,848112,10352,9408,53,9461,89
2020-08-16,Yolo,113,214977,2241,2057,4,2061,47
2020-08-16,Yuba,115,75493,734,647,2,649,1
2020-08-15,Alameda,001,1643700,16885,15165,118,15283,221
2020-08-15,Alpine,003,1148,2,2,0,2,0
2020-08-15,Amador,005,37829,258,210,0,210,9
2020-08-15,Butte,007,227075,1568,1409,16,1425,15
2020-08-15,Calaveras,009,45235,192,167,0,167,1
2020-08-15,Colusa,011,21464,428,401,0,401,5
2020-08-15,Contra Costa,013,1133247,12985,11106,40,11146,138
2020-08-15,Del Norte,015,27424,103,77,0,77,0
2020-08-15,El Dorado,017,186661,941,838,0,838,2
2020-08-15,Fresno,019,978130,25522,20603,253,20856,211
2020-08-15,Glenn,021,27897,422,398,0,398,2
2020-08-15,Humboldt,023,135768,345,301,1,302,4
2020-08-15,Imperial,025,180216,10919,8794,6,8800,188
2020-08-15,Inyo,027,18085,149,123,2,125,1
2020-08-15,Kern,029,883053,28335,26338,165,26503,249
2020-08-15,Kings,031,150075,5717,5039,31,5070,56
2020-08-15,Lake,033,64148,299,268,0,268,2
2020-08-15,Lassen,035,31185,709,666,2,668,0
2020-08-15,Los Angeles,037,10098052,228013,221043,863,221906,5252
2020-08-15,Madera,039,155013,3533,2950,20,2970,26
2020-08-15,Marin,041,260295,5872,5628,12,5640,46
2020-08-15,Mariposa,043,17540,71,61,0,61,2
2020-08-15,Mendocino,045,87422,522,444,0,444,8
2020-08-15,Merced,047,269075,7283,6656,6,6662,66
2020-08-15,Modoc,049,8938,7,5,0,5,0
2020-08-15,Mono,051,14174,162,126,2,128,1
2020-08-15,Monterey,053,433212,7116,6162,19,6181,44
2020-08-15,Napa,055,140530,1360,1232,3,1235,10
2020-08-15,Nevada,057,99092,409,376,13,389,2
2020-08-15,Orange,059,3164182,47832,42811,1029,43840,801
2020-08-15,Placer,061,380077,2786,2551,4,2555,27
2020-08-15,Plumas,063,18699,39,33,0,33,0
2020-08-15,Riverside,065,2383286,50534,46720,48,46768,910
2020-08-15,Sacramento,067,1510023,16196,14018,14,14032,219
2020-08-15,San Benito,069,59416,916,805,0,805,2
2020-08-15,San Bernardino,071,2135413,46052,41231,242,41473,602
2020-08-15,San Diego,073,3302833,36354,34346,184,34530,639
2020-08-15,San Francisco,075,870044,8733,7601,9,7610,69
2020-08-15,San Joaquin,077,732212,17109,15113,27,15140,280
2020-08-15,San Luis Obispo,079,281455,2718,2461,16,2477,17
2020-08-15,San Mateo,081,765935,7765,6860,6,6866,118
2020-08-15,Santa Barbara,083,443738,8508,7338,68,7406,79
2020-08-15,Santa Clara,085,1922200,16391,14105,32,14137,183
2020-08-15,Santa Cruz,087,273765,1650,1449,13,1462,6
2020-08-15,Shasta,089,179085,573,458,3,461,9
2020-08-15,Sierra,091,2930,6,6,0,6,0
2020-08-15,Siskiyou,093,43540,117,100,0,100,0
2020-08-15,Solano,095,438530,5008,4477,32,4509,31
2020-08-15,Sonoma,097,501317,5001,4134,16,4150,45
2020-08-15,Stanislaus,099,539301,13997,12541,190,12731,149
2020-08-15,Sutter,101,95872,1168,1046,1,1047,8
2020-08-15,Tehama,103,63373,361,312,2,314,1
2020-08-15,Trinity,105,12862,36,6,6,12,0
2020-08-15,Tulare,107,460477,13437,12262,44,12306,211
2020-08-15,Tuolumne,109,53932,171,155,3,158,1
2020-08-15,Ventura,111,848112,10293,9379,51,9430,89
2020-08-15,Yolo,113,214977,2229,2031,4,2035,46
2020-08-15,Yuba,115,75493,730,623,2,625,1
2020-08-14,Alameda,001,1643700,16746,14909,118,15027,221
2020-08-14,Alpine,003,1148,2,2,0,2,0
2020-08-14,Amador,005,37829,258,209,0,209,9
2020-08-14,Butte,007,227075,1559,1384,16,1400,15
2020-08-14,Calaveras,009,45235,188,165,0,165,1
2020-08-14,Colusa,011,21464,426,399,0,399,5
2020-08-14,Contra Costa,013,1133247,12873,10893,40,10933,137
2020-08-14,Del Norte,015,27424,103,76,0,76,0
2020-08-14,El Dorado,017,186661,933,827,0,827,2
2020-08-14,Fresno,019,978130,25388,19900,253,20153,208
2020-08-14,Glenn,021,27897,420,395,0,395,2
2020-08-14,Humboldt,023,135768,339,294,1,295,4
2020-08-14,Imperial,025,180216,10895,8756,6,8762,185
2020-08-14,Inyo,027,18085,148,115,2,117,1
2020-08-14,Kern,029,883053,28231,25893,164,26057,249
2020-08-14,Kings,031,150075,5703,4953,31,4984,56
2020-08-14,Lake,033,64148,290,267,0,267,2
2020-08-14,Lassen,035,31185,709,665,2,667,0
2020-08-14,Los Angeles,037,10098052,226847,219083,846,219929,5222
2020-08-14,Madera,039,155013,3503,2876,20,2896,26
2020-08-14,Marin,041,260295,5861,5601,12,5613,46
2020-08-14,Mariposa,043,17540,70,61,0,61,2
2020-08-14,Mendocino,045,87422,513,432,0,432,8
2020-08-14,Merced,047,269075,7253,6466,6,6472,67
2020-08-14,Modoc,049,8938,7,5,0,5,0
2020-08-14,Mono,051,14174,162,126,2,128,1
2020-08-14,Monterey,053,433212,7065,6121,19,6140,41
2020-08-14,Napa,055,140530,1350,1230,3,1233,10
2020-08-14,Nevada,057,99092,405,377,13,390,2
2020-08-14,Orange,059,3164182,47683,42399,1016,43415,798
2020-08-14,Placer,061,380077,2767,2546,4,2550,26
2020-08-14,Plumas,063,18699,38,33,0,33,0
2020-08-14,Riverside,065,2383286,50305,46456,48,46504,891
2020-08-14,Sacramento,067,1510023,16046,13645,14,13659,212
2020-08-14,San Benito,069,59416,899,783,0,783,2
2020-08-14,San Bernardino,071,2135413,45865,40442,239,40681,594
2020-08-14,San Diego,073,3302833,36160,34067,177,34244,622
2020-08-14,San Francisco,075,870044,8674,7467,9,7476,69
2020-08-14,San Joaquin,077,732212,17009,14925,27,14952,276
2020-08-14,San Luis Obispo,079,281455,2703,2422,16,2438,17
2020-08-14,San Mateo,081,765935,7706,6655,6,6661,118
2020-08-14,Santa Barbara,083,443738,8458,7302,68,7370,77
2020-08-14,Santa Clara,085,1922200,16225,13785,31,13816,183
2020-08-14,Santa Cruz,087,273765,1628,1418,12,1430,6
2020-08-14,Shasta,089,179085,568,446,3,449,9
2020-08-14,Sierra,091,2930,6,5,0,5,0
2020-08-14,Siskiyou,093,43540,117,98,0,98,0
2020-08-14,Solano,095,438530,4987,4421,32,4453,31
2020-08-14,Sonoma,097,501317,4942,4087,13,4100,45
2020-08-14,Stanislaus,099,539301,13920,12379,186,12565,140
2020-08-14,Sutter,101,95872,1160,1039,1,1040,8
2020-08-14,Tehama,103,63373,357,305,2,307,1
2020-08-14,Trinity,105,12862,36,6,6,12,0
2020-08-14,Tulare,107,460477,13360,12009,44,12053,211
2020-08-14,Tuolumne,109,53932,170,155,3,158,1
2020-08-14,Ventura,111,848112,10218,9313,51,9364,89
2020-08-14,Yolo,113,214977,2215,1991,4,1995,45
2020-08-14,Yuba,115,75493,714,606,2,608,1
2020-08-13,Alameda,001,1643700,16469,14385,118,14503,218
2020-08-13,Alpine,003,1148,2,2,0,2,0
2020-08-13,Amador,005,37829,258,198,0,198,8
2020-08-13,Butte,007,227075,1534,1345,16,1361,15
2020-08-13,Calaveras,009,45235,186,162,0,162,1
2020-08-13,Colusa,011,21464,426,395,0,395,5
2020-08-13,Contra Costa,013,1133247,12719,10545,39,10584,136
2020-08-13,Del Norte,015,27424,102,74,0,74,0
2020-08-13,El Dorado,017,186661,928,803,0,803,2
2020-08-13,Fresno,019,978130,25161,19157,247,19404,201
2020-08-13,Glenn,021,27897,416,392,0,392,1
2020-08-13,Humboldt,023,135768,331,281,1,282,4
2020-08-13,Imperial,025,180216,10864,8640,6,8646,170
2020-08-13,Inyo,027,18085,144,97,2,99,1
2020-08-13,Kern,029,883053,28064,25472,161,25633,242
2020-08-13,Kings,031,150075,5668,4824,31,4855,52
2020-08-13,Lake,033,64148,285,263,0,263,2
2020-08-13,Lassen,035,31185,709,652,2,654,0
2020-08-13,Los Angeles,037,10098052,225451,216497,824,217321,5179
2020-08-13,Madera,039,155013,3459,2675,19,2694,25
2020-08-13,Marin,041,260295,5845,5503,12,5515,44
2020-08-13,Mariposa,043,17540,69,61,0,61,2
2020-08-13,Mendocino,045,87422,508,401,0,401,8
2020-08-13,Merced,047,269075,7135,5945,6,5951,63
2020-08-13,Modoc,049,8938,7,5,0,5,0
2020-08-13,Mono,051,14174,162,124,2,126,1
2020-08-13,Monterey,053,433212,6982,5925,19,5944,38
2020-08-13,Napa,055,140530,1341,1179,3,1182,10
2020-08-13,Nevada,057,99092,401,362,13,375,1
2020-08-13,Orange,059,3164182,47444,42019,1004,43023,773
2020-08-13,Placer,061,380077,2744,2460,4,2464,26
2020-08-13,Plumas,063,18699,38,32,0,32,0
2020-08-13,Riverside,065,2383286,50010,45327,48,45375,885
2020-08-13,Sacramento,067,1510023,15844,13237,14,13251,197
2020-08-13,San Benito,069,59416,870,757,0,757,2
2020-08-13,San Bernardino,071,2135413,45470,39395,233,39628,591
2020-08-13,San Diego,073,3302833,35924,33661,159,33820,627
2020-08-13,San Francisco,075,870044,8580,7277,9,7286,69
2020-08-13,San Joaquin,077,732212,16854,14537,26,14563,261
2020-08-13,San Luis Obispo,079,281455,2682,2283,16,2299,16
2020-08-13,San Mateo,081,765935,7644,6503,6,6509,117
2020-08-13,Santa Barbara,083,443738,8413,7129,67,7196,74
2020-08-13,Santa Clara,085,1922200,16002,13257,31,13288,182
2020-08-13,Santa Cruz,087,273765,1603,1383,12,1395,6
2020-08-13,Shasta,089,179085,563,428,3,431,9
2020-08-13,Sierra,091,2930,6,5,0,5,0
2020-08-13,Siskiyou,093,43540,117,95,0,95,0
2020-08-13,Solano,095,438530,4950,4305,32,4337,31
2020-08-13,Sonoma,097,501317,4868,3902,13,3915,45
2020-08-13,Stanislaus,099,539301,13790,11953,170,12123,136
2020-08-13,Sutter,101,95872,1138,992,1,993,8
2020-08-13,Tehama,103,63373,348,302,2,304,1
2020-08-13,Trinity,105,12862,35,6,6,12,0
2020-08-13,Tulare,107,460477,13217,11692,41,11733,210
2020-08-13,Tuolumne,109,53932,169,152,3,155,1
2020-08-13,Ventura,111,848112,10129,9114,51,9165,90
2020-08-13,Yolo,113,214977,2188,1938,4,1942,44
2020-08-13,Yuba,115,75493,698,568,2,570,1
2020-08-12,Alameda,001,1643700,16256,14214,118,14332,215
2020-08-12,Alpine,003,1148,2,2,0,2,0
2020-08-12,Amador,005,37829,255,197,0,197,8
2020-08-12,Butte,007,227075,1506,1317,16,1333,15
2020-08-12,Calaveras,009,45235,183,157,0,157,1
2020-08-12,Colusa,011,21464,421,394,0,394,5
2020-08-12,Contra Costa,013,1133247,12574,10304,38,10342,134
2020-08-12,Del Norte,015,27424,101,74,0,74,0
2020-08-12,El Dorado,017,186661,910,794,0,794,2
2020-08-12,Fresno,019,978130,24931,18690,241,18931,194
2020-08-12,Glenn,021,27897,413,388,0,388,1
2020-08-12,Humboldt,023,135768,324,281,1,282,4
2020-08-12,Imperial,025,180216,10841,8566,6,8572,167
2020-08-12,Inyo,027,18085,127,97,2,99,1
2020-08-12,Kern,029,883053,27872,25191,159,25350,232
2020-08-12,Kings,031,150075,5629,4736,31,4767,50
2020-08-12,Lake,033,64148,283,253,0,253,2
2020-08-12,Lassen,035,31185,708,651,2,653,0
2020-08-12,Los Angeles,037,10098052,224002,214542,808,215350,5119
2020-08-12,Madera,039,155013,3425,2681,17,2698,23
2020-08-12,Marin,041,260295,5823,5423,12,5435,44
2020-08-12,Mariposa,043,17540,69,61,0,61,2
2020-08-12,Mendocino,045,87422,489,386,0,386,9
2020-08-12,Merced,047,269075,7073,5777,6,5783,66
2020-08-12,Modoc,049,8938,7,5,0,5,0
2020-08-12,Mono,051,14174,161,124,2,126,1
2020-08-12,Monterey,053,433212,6878,5919,19,5938,38
2020-08-12,Napa,055,140530,1331,1161,3,1164,10
2020-08-12,Nevada,057,99092,396,357,13,370,1
2020-08-12,Orange,059,3164182,47193,41576,980,42556,754
2020-08-12,Placer,061,380077,2712,2417,4,2421,25
2020-08-12,Plumas,063,18699,38,31,0,31,0
2020-08-12,Riverside,065,2383286,49662,44747,48,44795,867
2020-08-12,Sacramento,067,1510023,15632,12528,14,12542,189
2020-08-12,San Benito,069,59416,857,751,0,751,2
2020-08-12,San Bernardino,071,2135413,45127,38811,224,39035,589
2020-08-12,San Diego,073,3302833,35715,33395,139,33534,608
2020-08-12,San Francisco,075,870044,8496,7194,9,7203,66
2020-08-12,San Joaquin,077,732212,16708,14154,26,14180,253
2020-08-12,San Luis Obispo,079,281455,2657,2263,16,2279,15
2020-08-12,San Mateo,081,765935,7565,6427,6,6433,117
2020-08-12,Santa Barbara,083,443738,8353,7049,65,7114,74
2020-08-12,Santa Clara,085,1922200,15826,13002,31,13033,182
2020-08-12,Santa Cruz,087,273765,1574,1382,11,1393,6
2020-08-12,Shasta,089,179085,559,417,3,420,9
2020-08-12,Sierra,091,2930,5,4,0,4,0
2020-08-12,Siskiyou,093,43540,116,90,0,90,0
2020-08-12,Solano,095,438530,4905,4258,32,4290,31
2020-08-12,Sonoma,097,501317,4794,3847,13,3860,47
2020-08-12,Stanislaus,099,539301,13651,11682,162,11844,136
2020-08-12,Sutter,101,95872,1114,987,1,988,7
2020-08-12,Tehama,103,63373,338,289,2,291,1
2020-08-12,Trinity,105,12862,34,6,6,12,0
2020-08-12,Tulare,107,460477,13089,11460,41,11501,211
2020-08-12,Tuolumne,109,53932,168,150,3,153,1
2020-08-12,Ventura,111,848112,10042,9005,51,9056,87
2020-08-12,Yolo,113,214977,2164,1921,4,1925,44
2020-08-12,Yuba,115,75493,676,549,1,550,1
2020-08-11,Alameda,001,1643700,15997,13960,115,14075,204
2020-08-11,Alpine,003,1148,2,2,0,2,0
2020-08-11,Amador,005,37829,249,187,0,187,3
2020-08-11,Butte,007,227075,1479,1296,16,1312,15
2020-08-11,Calaveras,009,45235,181,161,0,161,1
2020-08-11,Colusa,011,21464,416,390,0,390,5
2020-08-11,Contra Costa,013,1133247,12385,10012,36,10048,131
2020-08-11,Del Norte,015,27424,100,73,0,73,0
2020-08-11,El Dorado,017,186661,903,786,0,786,2
2020-08-11,Fresno,019,978130,24608,18344,238,18582,187
2020-08-11,Glenn,021,27897,411,380,0,380,1
2020-08-11,Humboldt,023,135768,319,283,1,284,4
2020-08-11,Imperial,025,180216,10786,8518,6,8524,165
2020-08-11,Inyo,027,18085,122,97,2,99,1
2020-08-11,Kern,029,883053,27537,25042,157,25199,230
2020-08-11,Kings,031,150075,5438,4696,31,4727,50
2020-08-11,Lake,033,64148,280,243,0,243,2
2020-08-11,Lassen,035,31185,702,605,2,607,0
2020-08-11,Los Angeles,037,10098052,222498,212421,784,213205,5065
2020-08-11,Madera,039,155013,3371,2673,17,2690,22
2020-08-11,Marin,041,260295,5795,5287,11,5298,44
2020-08-11,Mariposa,043,17540,68,60,0,60,2
2020-08-11,Mendocino,045,87422,479,385,0,385,9
2020-08-11,Merced,047,269075,6978,5322,5,5327,65
2020-08-11,Modoc,049,8938,7,5,0,5,0
2020-08-11,Mono,051,14174,161,124,2,126,1
2020-08-11,Monterey,053,433212,6770,5624,19,5643,36
2020-08-11,Napa,055,140530,1320,1143,2,1145,11
2020-08-11,Nevada,057,99092,393,358,13,371,1
2020-08-11,Orange,059,3164182,46972,41205,957,42162,742
2020-08-11,Placer,061,380077,2680,2393,4,2397,24
2020-08-11,Plumas,063,18699,38,31,0,31,0
2020-08-11,Riverside,065,2383286,49303,44237,48,44285,836
2020-08-11,Sacramento,067,1510023,15341,12298,14,12312,182
2020-08-11,San Benito,069,59416,845,750,0,750,2
2020-08-11,San Bernardino,071,2135413,44786,38467,217,38684,584
2020-08-11,San Diego,073,3302833,35448,33159,120,33279,602
2020-08-11,San Francisco,075,870044,8400,6988,9,6997,66
2020-08-11,San Joaquin,077,732212,16531,13997,21,14018,251
2020-08-11,San Luis Obispo,079,281455,2600,2234,16,2250,15
2020-08-11,San Mateo,081,765935,7490,6339,6,6345,117
2020-08-11,Santa Barbara,083,443738,8303,6942,65,7007,70
2020-08-11,Santa Clara,085,1922200,15605,12920,31,12951,183
2020-08-11,Santa Cruz,087,273765,1551,1352,11,1363,4
2020-08-11,Shasta,089,179085,555,416,3,419,9
2020-08-11,Sierra,091,2930,5,4,0,4,0
2020-08-11,Siskiyou,093,43540,116,90,0,90,0
2020-08-11,Solano,095,438530,4857,4206,31,4237,31
2020-08-11,Sonoma,097,501317,4700,3752,13,3765,45
2020-08-11,Stanislaus,099,539301,13547,11592,150,11742,128
2020-08-11,Sutter,101,95872,1092,964,1,965,7
2020-08-11,Tehama,103,63373,334,289,2,291,1
2020-08-11,Trinity,105,12862,34,5,6,11,0
2020-08-11,Tulare,107,460477,12964,11392,40,11432,201
2020-08-11,Tuolumne,109,53932,163,146,3,149,1
2020-08-11,Ventura,111,848112,9974,8953,50,9003,88
2020-08-11,Yolo,113,214977,2142,1912,4,1916,44
2020-08-11,Yuba,115,75493,665,540,1,541,1
2020-08-10,Alameda,001,1643700,15755,13420,114,13534,203
2020-08-10,Alpine,003,1148,2,2,0,2,0
2020-08-10,Amador,005,37829,248,172,0,172,2
2020-08-10,Butte,007,227075,1455,1174,14,1188,15
2020-08-10,Calaveras,009,45235,171,121,0,121,1
2020-08-10,Colusa,011,21464,414,387,0,387,4
2020-08-10,Contra Costa,013,1133247,12232,9454,34,9488,130
2020-08-10,Del Norte,015,27424,98,69,0,69,0
2020-08-10,El Dorado,017,186661,891,771,0,771,2
2020-08-10,Fresno,019,978130,24326,17978,237,18215,183
2020-08-10,Glenn,021,27897,408,381,0,381,1
2020-08-10,Humboldt,023,135768,313,277,1,278,4
2020-08-10,Imperial,025,180216,10742,8465,6,8471,165
2020-08-10,Inyo,027,18085,122,97,2,99,1
2020-08-10,Kern,029,883053,27311,24499,156,24655,215
2020-08-10,Kings,031,150075,5332,4588,31,4619,50
2020-08-10,Lake,033,64148,273,239,0,239,2
2020-08-10,Lassen,035,31185,702,588,2,590,0
2020-08-10,Los Angeles,037,10098052,220915,211035,766,211801,5003
2020-08-10,Madera,039,155013,3338,2365,16,2381,22
2020-08-10,Marin,041,260295,5750,5242,10,5252,44
2020-08-10,Mariposa,043,17540,68,57,0,57,2
2020-08-10,Mendocino,045,87422,455,364,0,364,1
2020-08-10,Merced,047,269075,6897,4913,5,4918,51
2020-08-10,Modoc,049,8938,7,5,0,5,0
2020-08-10,Mono,051,14174,161,123,2,125,1
2020-08-10,Monterey,053,433212,6660,5358,19,5377,34
2020-08-10,Napa,055,140530,1302,1084,2,1086,8
2020-08-10,Nevada,057,99092,385,356,13,369,1
2020-08-10,Orange,059,3164182,46702,40445,939,41384,721
2020-08-10,Placer,061,380077,2641,2298,4,2302,21
2020-08-10,Plumas,063,18699,38,27,0,27,0
2020-08-10,Riverside,065,2383286,48918,43296,47,43343,830
2020-08-10,Sacramento,067,1510023,15030,12059,14,12073,168
2020-08-10,San Benito,069,59416,832,743,0,743,2
2020-08-10,San Bernardino,071,2135413,44409,37367,208,37575,579
2020-08-10,San Diego,073,3302833,35182,32977,104,33081,594
2020-08-10,San Francisco,075,870044,8310,6816,8,6824,66
2020-08-10,San Joaquin,077,732212,16349,13308,21,13329,240
2020-08-10,San Luis Obispo,079,281455,2501,2208,15,2223,15
2020-08-10,San Mateo,081,765935,7413,6222,6,6228,117
2020-08-10,Santa Barbara,083,443738,8248,6869,65,6934,66
2020-08-10,Santa Clara,085,1922200,15345,12615,30,12645,182
2020-08-10,Santa Cruz,087,273765,1531,1239,10,1249,4
2020-08-10,Shasta,089,179085,551,384,3,387,9
2020-08-10,Sierra,091,2930,5,3,0,3,0
2020-08-10,Siskiyou,093,43540,113,88,0,88,0
2020-08-10,Solano,095,438530,4797,4101,31,4132,31
2020-08-10,Sonoma,097,501317,4531,3640,9,3649,42
2020-08-10,Stanislaus,099,539301,13365,10855,133,10988,106
2020-08-10,Sutter,101,95872,1067,865,1,866,7
2020-08-10,Tehama,103,63373,327,282,2,284,1
2020-08-10,Trinity,105,12862,31,5,6,11,0
2020-08-10,Tulare,107,460477,12791,10750,38,10788,194
2020-08-10,Tuolumne,109,53932,163,143,2,145,1
2020-08-10,Ventura,111,848112,9890,8851,48,8899,85
2020-08-10,Yolo,113,214977,2119,1840,4,1844,45
2020-08-10,Yuba,115,75493,648,527,1,528,1
2020-08-09,Alameda,001,1643700,15475,13241,112,13353,203
2020-08-09,Alpine,003,1148,2,2,0,2,0
2020-08-09,Amador,005,37829,243,153,0,153,2
2020-08-09,Butte,007,227075,1411,1155,14,1169,15
2020-08-09,Calaveras,009,45235,166,122,0,122,1
2020-08-09,Colusa,011,21464,410,371,0,371,4
2020-08-09,Contra Costa,013,1133247,12004,9214,33,9247,130
2020-08-09,Del Norte,015,27424,98,69,0,69,0
2020-08-09,El Dorado,017,186661,883,748,0,748,2
2020-08-09,Fresno,019,978130,24018,17846,233,18079,183
2020-08-09,Glenn,021,27897,406,354,0,354,1
2020-08-09,Humboldt,023,135768,307,279,1,280,4
2020-08-09,Imperial,025,180216,10699,8310,5,8315,165
2020-08-09,Inyo,027,18085,117,86,1,87,1
2020-08-09,Kern,029,883053,27055,23680,156,23836,215
2020-08-09,Kings,031,150075,5289,4446,30,4476,50
2020-08-09,Lake,033,64148,266,225,0,225,2
2020-08-09,Lassen,035,31185,696,589,2,591,0
2020-08-09,Los Angeles,037,10098052,218848,208810,744,209554,4984
2020-08-09,Madera,039,155013,3279,2322,12,2334,22
2020-08-09,Marin,041,260295,5707,5204,10,5214,44
2020-08-09,Mariposa,043,17540,66,56,0,56,2
2020-08-09,Mendocino,045,87422,445,283,0,283,1
2020-08-09,Merced,047,269075,6799,4735,4,4739,51
2020-08-09,Modoc,049,8938,7,4,0,4,0
2020-08-09,Mono,051,14174,160,113,2,115,1
2020-08-09,Monterey,053,433212,6536,5199,19,5218,34
2020-08-09,Napa,055,140530,1283,1062,2,1064,8
2020-08-09,Nevada,057,99092,377,332,13,345,1
2020-08-09,Orange,059,3164182,46403,39244,924,40168,722
2020-08-09,Placer,061,380077,2612,2211,4,2215,20
2020-08-09,Plumas,063,18699,38,27,0,27,0
2020-08-09,Riverside,065,2383286,48572,41894,47,41941,828
2020-08-09,Sacramento,067,1510023,14750,11301,14,11315,167
2020-08-09,San Benito,069,59416,813,687,0,687,2
2020-08-09,San Bernardino,071,2135413,43934,36092,208,36300,579
2020-08-09,San Diego,073,3302833,34891,32749,93,32842,594
2020-08-09,San Francisco,075,870044,8195,6820,8,6828,66
2020-08-09,San Joaquin,077,732212,16144,12933,20,12953,240
2020-08-09,San Luis Obispo,079,281455,2465,2124,15,2139,15
2020-08-09,San Mateo,081,765935,7318,6094,6,6100,117
2020-08-09,Santa Barbara,083,443738,8161,6669,65,6734,66
2020-08-09,Santa Clara,085,1922200,15075,11878,30,11908,181
2020-08-09,Santa Cruz,087,273765,1507,1246,10,1256,4
2020-08-09,Shasta,089,179085,547,361,3,364,9
2020-08-09,Sierra,091,2930,5,3,0,3,0
2020-08-09,Siskiyou,093,43540,112,74,0,74,0
2020-08-09,Solano,095,438530,4744,3954,30,3984,31
2020-08-09,Sonoma,097,501317,4395,3531,7,3538,41
2020-08-09,Stanislaus,099,539301,13157,10264,120,10384,106
2020-08-09,Sutter,101,95872,1033,857,1,858,7
2020-08-09,Tehama,103,63373,319,265,2,267,1
2020-08-09,Trinity,105,12862,31,5,6,11,0
2020-08-09,Tulare,107,460477,12599,10630,35,10665,194
2020-08-09,Tuolumne,109,53932,160,143,2,145,1
2020-08-09,Ventura,111,848112,9742,8633,47,8680,85
2020-08-09,Yolo,113,214977,2088,1765,4,1769,44
2020-08-09,Yuba,115,75493,628,442,1,443,1
2020-08-08,Alameda,001,1643700,15365,13087,112,13199,204
2020-08-08,Alpine,003,1148,2,2,0,2,0
2020-08-08,Amador,005,37829,243,139,0,139,2
2020-08-08,Butte,007,227075,1393,1140,14,1154,15
2020-08-08,Calaveras,009,45235,165,122,0,122,1
2020-08-08,Colusa,011,21464,409,368,0,368,4
2020-08-08,Contra Costa,013,1133247,11895,9104,33,9137,129
2020-08-08,Del Norte,015,27424,97,69,0,69,0
2020-08-08,El Dorado,017,186661,876,734,0,734,2
2020-08-08,Fresno,019,978130,23881,17538,231,17769,183
2020-08-08,Glenn,021,27897,406,344,0,344,1
2020-08-08,Humboldt,023,135768,304,277,1,278,4
2020-08-08,Imperial,025,180216,10684,8213,5,8218,165
2020-08-08,Inyo,027,18085,113,86,1,87,1
2020-08-08,Kern,029,883053,26941,22803,156,22959,215
2020-08-08,Kings,031,150075,5275,4367,30,4397,49
2020-08-08,Lake,033,64148,264,221,0,221,2
2020-08-08,Lassen,035,31185,696,589,2,591,0
2020-08-08,Los Angeles,037,10098052,217961,206971,733,207704,4974
2020-08-08,Madera,039,155013,3248,2275,12,2287,22
2020-08-08,Marin,041,260295,5687,5118,10,5128,44
2020-08-08,Mariposa,043,17540,65,55,0,55,2
2020-08-08,Mendocino,045,87422,443,264,0,264,1
2020-08-08,Merced,047,269075,6759,4570,4,4574,51
2020-08-08,Modoc,049,8938,7,4,0,4,0
2020-08-08,Mono,051,14174,160,113,2,115,1
2020-08-08,Monterey,053,433212,6478,5101,19,5120,33
2020-08-08,Napa,055,140530,1275,1062,2,1064,8
2020-08-08,Nevada,057,99092,375,325,13,338,1
2020-08-08,Orange,059,3164182,46273,38688,915,39603,718
2020-08-08,Placer,061,380077,2595,2153,4,2157,20
2020-08-08,Plumas,063,18699,38,27,0,27,0
2020-08-08,Riverside,065,2383286,48368,41412,47,41459,823
2020-08-08,Sacramento,067,1510023,14621,11144,14,11158,166
2020-08-08,San Benito,069,59416,805,684,0,684,2
2020-08-08,San Bernardino,071,2135413,43738,35691,207,35898,531
2020-08-08,San Diego,073,3302833,34702,32332,84,32416,593
2020-08-08,San Francisco,075,870044,8129,6820,8,6828,66
2020-08-08,San Joaquin,077,732212,16063,12559,19,12578,240
2020-08-08,San Luis Obispo,079,281455,2442,2081,15,2096,15
2020-08-08,San Mateo,081,765935,7260,6021,6,6027,117
2020-08-08,Santa Barbara,083,443738,8123,6598,65,6663,66
2020-08-08,Santa Clara,085,1922200,14923,11615,30,11645,181
2020-08-08,Santa Cruz,087,273765,1493,1247,10,1257,4
2020-08-08,Shasta,089,179085,545,343,3,346,9
2020-08-08,Sierra,091,2930,5,3,0,3,0
2020-08-08,Siskiyou,093,43540,112,73,0,73,0
2020-08-08,Solano,095,438530,4723,3889,29,3918,31
2020-08-08,Sonoma,097,501317,4363,3399,7,3406,41
2020-08-08,Stanislaus,099,539301,13082,9963,114,10077,105
2020-08-08,Sutter,101,95872,1023,830,1,831,7
2020-08-08,Tehama,103,63373,318,251,2,253,1
2020-08-08,Trinity,105,12862,31,5,6,11,0
2020-08-08,Tulare,107,460477,12523,10505,35,10540,192
2020-08-08,Tuolumne,109,53932,160,143,2,145,1
2020-08-08,Ventura,111,848112,9687,8462,46,8508,85
2020-08-08,Yolo,113,214977,2075,1725,4,1729,44
2020-08-08,Yuba,115,75493,619,430,1,431,1
2020-08-07,Alameda,001,1643700,15255,12805,112,12917,204
2020-08-07,Alpine,003,1148,2,2,0,2,0
2020-08-07,Amador,005,37829,241,125,0,125,2
2020-08-07,Butte,007,227075,1375,1092,14,1106,13
2020-08-07,Calaveras,009,45235,165,119,0,119,1
2020-08-07,Colusa,011,21464,408,358,0,358,4
2020-08-07,Contra Costa,013,1133247,11746,8810,33,8843,126
2020-08-07,Del Norte,015,27424,97,69,0,69,0
2020-08-07,El Dorado,017,186661,871,724,0,724,2
2020-08-07,Fresno,019,978130,23721,17290,231,17521,171
2020-08-07,Glenn,021,27897,405,339,0,339,1
2020-08-07,Humboldt,023,135768,300,274,1,275,4
2020-08-07,Imperial,025,180216,10659,8085,5,8090,164
2020-08-07,Inyo,027,18085,112,81,1,82,1
2020-08-07,Kern,029,883053,26815,22143,153,22296,206
2020-08-07,Kings,031,150075,5258,4315,30,4345,48
2020-08-07,Lake,033,64148,262,215,0,215,1
2020-08-07,Lassen,035,31185,695,588,2,590,0
2020-08-07,Los Angeles,037,10098052,216504,204406,721,205127,4924
2020-08-07,Madera,039,155013,3216,2245,12,2257,20
2020-08-07,Marin,041,260295,5658,5094,10,5104,43
2020-08-07,Mariposa,043,17540,65,53,0,53,2
2020-08-07,Mendocino,045,87422,429,262,0,262,1
2020-08-07,Merced,047,269075,6716,4358,4,4362,30
2020-08-07,Modoc,049,8938,7,4,0,4,0
2020-08-07,Mono,051,14174,160,112,2,114,1
2020-08-07,Monterey,053,433212,6403,5041,19,5060,33
2020-08-07,Napa,055,140530,1270,1055,2,1057,8
2020-08-07,Nevada,057,99092,372,324,13,337,1
2020-08-07,Orange,059,3164182,46061,38459,898,39357,701
2020-08-07,Placer,061,380077,2578,2078,4,2082,20
2020-08-07,Plumas,063,18699,38,25,0,25,0
2020-08-07,Riverside,065,2383286,48105,40902,46,40948,810
2020-08-07,Sacramento,067,1510023,14475,10798,14,10812,160
2020-08-07,San Benito,069,59416,799,647,0,647,2
2020-08-07,San Bernardino,071,2135413,43491,35200,206,35406,524
2020-08-07,San Diego,073,3302833,34517,31781,81,31862,586
2020-08-07,San Francisco,075,870044,8051,6765,8,6773,66
2020-08-07,San Joaquin,077,732212,15978,12392,19,12411,223
2020-08-07,San Luis Obispo,079,281455,2411,2050,15,2065,14
2020-08-07,San Mateo,081,765935,7201,5948,6,5954,117
2020-08-07,Santa Barbara,083,443738,8072,6509,65,6574,66
2020-08-07,Santa Clara,085,1922200,14724,11409,30,11439,180
2020-08-07,Santa Cruz,087,273765,1475,1234,10,1244,5
2020-08-07,Shasta,089,179085,540,342,3,345,9
2020-08-07,Sierra,091,2930,5,3,0,3,0
2020-08-07,Siskiyou,093,43540,109,73,0,73,0
2020-08-07,Solano,095,438530,4691,3844,28,3872,31
2020-08-07,Sonoma,097,501317,4299,3329,7,3336,34
2020-08-07,Stanislaus,099,539301,12960,9665,104,9769,98
2020-08-07,Sutter,101,95872,1019,807,1,808,6
2020-08-07,Tehama,103,63373,314,246,2,248,1
2020-08-07,Trinity,105,12862,30,5,6,11,0
2020-08-07,Tulare,107,460477,12446,10292,35,10327,195
2020-08-07,Tuolumne,109,53932,159,136,2,138,1
2020-08-07,Ventura,111,848112,9627,8356,44,8400,84
2020-08-07,Yolo,113,214977,2048,1689,4,1693,37
2020-08-07,Yuba,115,75493,614,413,1,414,1
2020-08-06,Alameda,001,1643700,15033,12474,111,12585,200
2020-08-06,Alpine,003,1148,2,2,0,2,0
2020-08-06,Amador,005,37829,227,125,0,125,0
2020-08-06,Butte,007,227075,1356,1060,14,1074,13
2020-08-06,Calaveras,009,45235,163,117,0,117,1
2020-08-06,Colusa,011,21464,405,358,0,358,3
2020-08-06,Contra Costa,013,1133247,11552,8583,32,8615,124
2020-08-06,Del Norte,015,27424,97,69,0,69,0
2020-08-06,El Dorado,017,186661,860,703,0,703,1
2020-08-06,Fresno,019,978130,23424,17031,225,17256,161
2020-08-06,Glenn,021,27897,400,332,0,332,1
2020-08-06,Humboldt,023,135768,295,266,1,267,4
2020-08-06,Imperial,025,180216,10616,8064,5,8069,163
2020-08-06,Inyo,027,18085,104,83,1,84,1
2020-08-06,Kern,029,883053,26579,21843,152,21995,197
2020-08-06,Kings,031,150075,5196,4264,29,4293,47
2020-08-06,Lake,033,64148,259,209,0,209,1
2020-08-06,Lassen,035,31185,693,588,2,590,0
2020-08-06,Los Angeles,037,10098052,214425,201372,705,202077,4874
2020-08-06,Madera,039,155013,3168,2240,11,2251,19
2020-08-06,Marin,041,260295,5626,5058,10,5068,43
2020-08-06,Mariposa,043,17540,64,52,0,52,2
2020-08-06,Mendocino,045,87422,415,260,0,260,1
2020-08-06,Merced,047,269075,6615,4235,4,4239,30
2020-08-06,Modoc,049,8938,7,4,0,4,0
2020-08-06,Mono,051,14174,159,111,2,113,1
2020-08-06,Monterey,053,433212,6294,5001,18,5019,33
2020-08-06,Napa,055,140530,1256,1032,2,1034,8
2020-08-06,Nevada,057,99092,367,321,13,334,1
2020-08-06,Orange,059,3164182,45768,38399,893,39292,694
2020-08-06,Placer,061,380077,2552,2045,4,2049,20
2020-08-06,Plumas,063,18699,37,25,0,25,0
2020-08-06,Riverside,065,2383286,47710,40269,46,40315,781
2020-08-06,Sacramento,067,1510023,14246,10548,14,10562,153
2020-08-06,San Benito,069,59416,791,626,0,626,2
2020-08-06,San Bernardino,071,2135413,43087,34819,204,35023,516
2020-08-06,San Diego,073,3302833,34250,31129,74,31203,583
2020-08-06,San Francisco,075,870044,7958,6737,7,6744,60
2020-08-06,San Joaquin,077,732212,15819,12269,19,12288,203
2020-08-06,San Luis Obispo,079,281455,2387,2000,14,2014,13
2020-08-06,San Mateo,081,765935,7101,5885,6,5891,117
2020-08-06,Santa Barbara,083,443738,8012,6620,65,6685,65
2020-08-06,Santa Clara,085,1922200,14495,11280,30,11310,178
2020-08-06,Santa Cruz,087,273765,1454,1215,10,1225,4
2020-08-06,Shasta,089,179085,531,343,3,346,9
2020-08-06,Sierra,091,2930,5,3,0,3,0
2020-08-06,Siskiyou,093,43540,109,73,0,73,0
2020-08-06,Solano,095,438530,4648,3784,28,3812,29
2020-08-06,Sonoma,097,501317,4235,3259,7,3266,33
2020-08-06,Stanislaus,099,539301,12810,9566,88,9654,98
2020-08-06,Sutter,101,95872,988,797,1,798,6
2020-08-06,Tehama,103,63373,311,242,2,244,1
2020-08-06,Trinity,105,12862,27,5,6,11,0
2020-08-06,Tulare,107,460477,12287,10169,35,10204,195
2020-08-06,Tuolumne,109,53932,158,136,2,138,1
2020-08-06,Ventura,111,848112,9512,8245,41,8286,80
2020-08-06,Yolo,113,214977,2024,1662,4,1666,36
2020-08-06,Yuba,115,75493,605,407,0,407,1
2020-08-05,Alameda,001,1643700,14819,12140,111,12251,193
2020-08-05,Alpine,003,1148,2,2,0,2,0
2020-08-05,Amador,005,37829,217,123,0,123,0
2020-08-05,Butte,007,227075,1322,1038,13,1051,13
2020-08-05,Calaveras,009,45235,160,116,0,116,1
2020-08-05,Colusa,011,21464,401,354,0,354,3
2020-08-05,Contra Costa,013,1133247,11388,8362,32,8394,122
2020-08-05,Del Norte,015,27424,96,69,0,69,0
2020-08-05,El Dorado,017,186661,852,692,0,692,1
2020-08-05,Fresno,019,978130,23179,16625,220,16845,159
2020-08-05,Glenn,021,27897,397,330,0,330,1
2020-08-05,Humboldt,023,135768,293,249,1,250,4
2020-08-05,Imperial,025,180216,10581,8036,5,8041,163
2020-08-05,Inyo,027,18085,102,62,1,63,1
2020-08-05,Kern,029,883053,26391,21540,147,21687,194
2020-08-05,Kings,031,150075,5151,4192,27,4219,47
2020-08-05,Lake,033,64148,252,209,0,209,1
2020-08-05,Lassen,035,31185,646,557,2,559,0
2020-08-05,Los Angeles,037,10098052,212505,198355,685,199040,4832
2020-08-05,Madera,039,155013,3126,2172,11,2183,19
2020-08-05,Marin,041,260295,5594,5036,10,5046,43
2020-08-05,Mariposa,043,17540,64,52,0,52,2
2020-08-05,Mendocino,045,87422,403,248,0,248,1
2020-08-05,Merced,047,269075,6480,4119,4,4123,30
2020-08-05,Modoc,049,8938,7,3,0,3,0
2020-08-05,Mono,051,14174,159,104,2,106,1
2020-08-05,Monterey,053,433212,6179,4936,18,4954,32
2020-08-05,Napa,055,140530,1244,1020,2,1022,8
2020-08-05,Nevada,057,99092,358,327,13,340,2
2020-08-05,Orange,059,3164182,45459,37907,885,38792,663
2020-08-05,Placer,061,380077,2511,1989,4,1993,18
2020-08-05,Plumas,063,18699,36,25,0,25,0
2020-08-05,Riverside,065,2383286,47318,39454,44,39498,761
2020-08-05,Sacramento,067,1510023,14027,10261,13,10274,151
2020-08-05,San Benito,069,59416,782,613,0,613,2
2020-08-05,San Bernardino,071,2135413,42625,34442,199,34641,504
2020-08-05,San Diego,073,3302833,34026,30866,58,30924,578
2020-08-05,San Francisco,075,870044,7865,6701,7,6708,60
2020-08-05,San Joaquin,077,732212,15656,12148,19,12167,199
2020-08-05,San Luis Obispo,079,281455,2364,1928,14,1942,13
2020-08-05,San Mateo,081,765935,7005,5695,6,5701,116
2020-08-05,Santa Barbara,083,443738,7951,6597,65,6662,63
2020-08-05,Santa Clara,085,1922200,14261,11074,30,11104,176
2020-08-05,Santa Cruz,087,273765,1434,1192,8,1200,4
2020-08-05,Shasta,089,179085,525,338,3,341,9
2020-08-05,Sierra,091,2930,5,3,0,3,0
2020-08-05,Siskiyou,093,43540,105,72,0,72,0
2020-08-05,Solano,095,438530,4597,3750,27,3777,29
2020-08-05,Sonoma,097,501317,4153,3173,7,3180,33
2020-08-05,Stanislaus,099,539301,12651,9408,83,9491,97
2020-08-05,Sutter,101,95872,977,780,1,781,6
2020-08-05,Tehama,103,63373,308,231,2,233,1
2020-08-05,Trinity,105,12862,27,5,6,11,0
2020-08-05,Tulare,107,460477,12147,9924,35,9959,192
2020-08-05,Tuolumne,109,53932,158,137,2,139,0
2020-08-05,Ventura,111,848112,9396,8162,37,8199,75
2020-08-05,Yolo,113,214977,1996,1634,4,1638,36
2020-08-05,Yuba,115,75493,588,400,0,400,1
2020-08-04,Alameda,001,1643700,14602,11983,110,12093,192
2020-08-04,Alpine,003,1148,2,2,0,2,0
2020-08-04,Amador,005,37829,202,123,0,123,0
2020-08-04,Butte,007,227075,1298,1011,13,1024,10
2020-08-04,Calaveras,009,45235,156,116,0,116,1
2020-08-04,Colusa,011,21464,396,354,0,354,3
2020-08-04,Contra Costa,013,1133247,11220,8210,32,8242,122
2020-08-04,Del Norte,015,27424,94,69,0,69,0
2020-08-04,El Dorado,017,186661,842,668,0,668,1
2020-08-04,Fresno,019,978130,22895,16272,212,16484,154
2020-08-04,Glenn,021,27897,396,325,0,325,1
2020-08-04,Humboldt,023,135768,283,241,1,242,4
2020-08-04,Imperial,025,180216,10544,7974,5,7979,163
2020-08-04,Inyo,027,18085,88,59,1,60,1
2020-08-04,Kern,029,883053,26107,21403,147,21550,190
2020-08-04,Kings,031,150075,5086,4163,27,4190,47
2020-08-04,Lake,033,64148,252,206,0,206,1
2020-08-04,Lassen,035,31185,643,556,2,558,0
2020-08-04,Los Angeles,037,10098052,210549,196014,654,196668,4764
2020-08-04,Madera,039,155013,3082,2161,7,2168,19
2020-08-04,Marin,041,260295,5563,5020,9,5029,43
2020-08-04,Mariposa,043,17540,64,51,0,51,2
2020-08-04,Mendocino,045,87422,378,248,0,248,1
2020-08-04,Merced,047,269075,6366,4085,4,4089,30
2020-08-04,Modoc,049,8938,7,3,0,3,0
2020-08-04,Mono,051,14174,158,104,1,105,1
2020-08-04,Monterey,053,433212,6065,4892,18,4910,32
2020-08-04,Napa,055,140530,1231,994,0,994,8
2020-08-04,Nevada,057,99092,357,322,13,335,2
2020-08-04,Orange,059,3164182,45083,37844,879,38723,659
2020-08-04,Placer,061,380077,2474,1964,4,1968,17
2020-08-04,Plumas,063,18699,36,25,0,25,0
2020-08-04,Riverside,065,2383286,46933,38991,43,39034,743
2020-08-04,Sacramento,067,1510023,13809,10205,13,10218,146
2020-08-04,San Benito,069,59416,766,608,0,608,2
2020-08-04,San Bernardino,071,2135413,42076,34215,194,34409,495
2020-08-04,San Diego,073,3302833,33733,30518,46,30564,568
2020-08-04,San Francisco,075,870044,7777,6568,7,6575,60
2020-08-04,San Joaquin,077,732212,15527,12087,16,12103,189
2020-08-04,San Luis Obispo,079,281455,2334,1886,14,1900,13
2020-08-04,San Mateo,081,765935,6899,5690,6,5696,116
2020-08-04,Santa Barbara,083,443738,7891,6591,65,6656,61
2020-08-04,Santa Clara,085,1922200,13960,10986,29,11015,175
2020-08-04,Santa Cruz,087,273765,1415,1202,8,1210,4
2020-08-04,Shasta,089,179085,519,335,3,338,9
2020-08-04,Sierra,091,2930,5,1,0,1,0
2020-08-04,Siskiyou,093,43540,103,71,0,71,0
2020-08-04,Solano,095,438530,4526,3690,27,3717,29
2020-08-04,Sonoma,097,501317,4086,3108,7,3115,33
2020-08-04,Stanislaus,099,539301,12483,9359,75,9434,97
2020-08-04,Sutter,101,95872,963,761,1,762,6
2020-08-04,Tehama,103,63373,301,226,2,228,1
2020-08-04,Trinity,105,12862,27,5,6,11,0
2020-08-04,Tulare,107,460477,11967,9866,35,9901,192
2020-08-04,Tuolumne,109,53932,157,127,2,129,0
2020-08-04,Ventura,111,848112,9282,8134,35,8169,75
2020-08-04,Yolo,113,214977,1970,1626,4,1630,37
2020-08-04,Yuba,115,75493,573,398,0,398,1
2020-08-03,Alameda,001,1643700,14419,11817,106,11923,189
2020-08-03,Alpine,003,1148,2,2,0,2,0
2020-08-03,Amador,005,37829,198,119,0,119,0
2020-08-03,Butte,007,227075,1252,989,12,1001,9
2020-08-03,Calaveras,009,45235,153,117,0,117,1
2020-08-03,Colusa,011,21464,392,336,0,336,2
2020-08-03,Contra Costa,013,1133247,11023,8069,29,8098,120
2020-08-03,Del Norte,015,27424,90,68,0,68,0
2020-08-03,El Dorado,017,186661,831,645,0,645,1
2020-08-03,Fresno,019,978130,22601,15945,206,16151,151
2020-08-03,Glenn,021,27897,389,316,0,316,1
2020-08-03,Humboldt,023,135768,276,234,1,235,4
2020-08-03,Imperial,025,180216,10490,7953,5,7958,161
2020-08-03,Inyo,027,18085,85,57,1,58,1
2020-08-03,Kern,029,883053,25740,21285,140,21425,176
2020-08-03,Kings,031,150075,4974,4107,26,4133,47
2020-08-03,Lake,033,64148,245,201,0,201,1
2020-08-03,Lassen,035,31185,643,555,2,557,0
2020-08-03,Los Angeles,037,10098052,208507,194103,623,194726,4706
2020-08-03,Madera,039,155013,3033,2143,6,2149,18
2020-08-03,Marin,041,260295,5516,5001,9,5010,43
2020-08-03,Mariposa,043,17540,63,52,0,52,2
2020-08-03,Mendocino,045,87422,355,248,0,248,1
2020-08-03,Merced,047,269075,6244,4028,4,4032,29
2020-08-03,Modoc,049,8938,7,2,0,2,0
2020-08-03,Mono,051,14174,158,104,1,105,1
2020-08-03,Monterey,053,433212,5914,4806,15,4821,28
2020-08-03,Napa,055,140530,1216,973,0,973,8
2020-08-03,Nevada,057,99092,352,315,13,328,2
2020-08-03,Orange,059,3164182,44689,37705,869,38574,651
2020-08-03,Placer,061,380077,2419,1947,3,1950,16
2020-08-03,Plumas,063,18699,36,25,0,25,0
2020-08-03,Riverside,065,2383286,46465,38642,43,38685,740
2020-08-03,Sacramento,067,1510023,13614,10143,13,10156,142
2020-08-03,San Benito,069,59416,754,603,0,603,2
2020-08-03,San Bernardino,071,2135413,41549,33979,188,34167,444
2020-08-03,San Diego,073,3302833,33419,30228,36,30264,565
2020-08-03,San Francisco,075,870044,7683,6319,7,6326,60
2020-08-03,San Joaquin,077,732212,15330,12007,15,12022,189
2020-08-03,San Luis Obispo,079,281455,2292,1863,11,1874,14
2020-08-03,San Mateo,081,765935,6818,5661,6,5667,115
2020-08-03,Santa Barbara,083,443738,7846,6580,65,6645,59
2020-08-03,Santa Clara,085,1922200,13684,10747,29,10776,172
2020-08-03,Santa Cruz,087,273765,1395,1154,8,1162,4
2020-08-03,Shasta,089,179085,512,322,3,325,9
2020-08-03,Sierra,091,2930,5,1,0,1,0
2020-08-03,Siskiyou,093,43540,99,67,0,67,0
2020-08-03,Solano,095,438530,4457,3610,26,3636,29
2020-08-03,Sonoma,097,501317,3987,3079,6,3085,33
2020-08-03,Stanislaus,099,539301,12274,9308,67,9375,96
2020-08-03,Sutter,101,95872,939,713,1,714,6
2020-08-03,Tehama,103,63373,293,225,2,227,1
2020-08-03,Trinity,105,12862,27,5,6,11,0
2020-08-03,Tulare,107,460477,11783,9703,35,9738,188
2020-08-03,Tuolumne,109,53932,157,123,2,125,0
2020-08-03,Ventura,111,848112,9191,8084,32,8116,74
2020-08-03,Yolo,113,214977,1935,1598,3,1601,37
2020-08-03,Yuba,115,75493,549,393,0,393,1
2020-08-02,Alameda,001,1643700,14172,11696,94,11790,188
2020-08-02,Alpine,003,1148,2,2,0,2,0
2020-08-02,Amador,005,37829,193,117,0,117,0
2020-08-02,Butte,007,227075,1217,987,12,999,9
2020-08-02,Calaveras,009,45235,150,116,0,116,1
2020-08-02,Colusa,011,21464,387,335,0,335,2
2020-08-02,Contra Costa,013,1133247,10784,7995,29,8024,118
2020-08-02,Del Norte,015,27424,89,68,0,68,0
2020-08-02,El Dorado,017,186661,821,643,0,643,1
2020-08-02,Fresno,019,978130,22326,15759,200,15959,151
2020-08-02,Glenn,021,27897,388,315,0,315,1
2020-08-02,Humboldt,023,135768,271,232,1,233,4
2020-08-02,Imperial,025,180216,10427,7919,5,7924,157
2020-08-02,Inyo,027,18085,84,45,1,46,1
2020-08-02,Kern,029,883053,25442,21162,138,21300,176
2020-08-02,Kings,031,150075,4912,3964,25,3989,47
2020-08-02,Lake,033,64148,240,201,0,201,1
2020-08-02,Lassen,035,31185,643,555,2,557,0
2020-08-02,Los Angeles,037,10098052,206413,192480,605,193085,4698
2020-08-02,Madera,039,155013,2967,2123,4,2127,18
2020-08-02,Marin,041,260295,5481,4985,9,4994,43
2020-08-02,Mariposa,043,17540,61,52,0,52,2
2020-08-02,Mendocino,045,87422,345,247,0,247,1
2020-08-02,Merced,047,269075,6103,4011,4,4015,29
2020-08-02,Modoc,049,8938,7,2,0,2,0
2020-08-02,Mono,051,14174,151,104,1,105,1
2020-08-02,Monterey,053,433212,5788,4698,15,4713,28
2020-08-02,Napa,055,140530,1201,956,0,956,8
2020-08-02,Nevada,057,99092,349,314,13,327,2
2020-08-02,Orange,059,3164182,44308,37266,858,38124,651
2020-08-02,Placer,061,380077,2380,1920,3,1923,15
2020-08-02,Plumas,063,18699,36,25,0,25,0
2020-08-02,Riverside,065,2383286,46032,38507,42,38549,735
2020-08-02,Sacramento,067,1510023,13335,10099,13,10112,142
2020-08-02,San Benito,069,59416,740,599,0,599,2
2020-08-02,San Bernardino,071,2135413,40948,33643,184,33827,443
2020-08-02,San Diego,073,3302833,33079,29885,27,29912,565
2020-08-02,San Francisco,075,870044,7565,6297,7,6304,60
2020-08-02,San Joaquin,077,732212,15044,11937,13,11950,189
2020-08-02,San Luis Obispo,079,281455,2229,1821,11,1832,14
2020-08-02,San Mateo,081,765935,6703,5618,6,5624,115
2020-08-02,Santa Barbara,083,443738,7755,6532,65,6597,59
2020-08-02,Santa Clara,085,1922200,13466,10577,29,10606,172
2020-08-02,Santa Cruz,087,273765,1375,1162,8,1170,4
2020-08-02,Shasta,089,179085,508,318,3,321,9
2020-08-02,Sierra,091,2930,4,1,0,1,0
2020-08-02,Siskiyou,093,43540,99,65,0,65,0
2020-08-02,Solano,095,438530,4398,3609,26,3635,29
2020-08-02,Sonoma,097,501317,3903,3005,6,3011,33
2020-08-02,Stanislaus,099,539301,12059,9277,62,9339,96
2020-08-02,Sutter,101,95872,904,714,1,715,6
2020-08-02,Tehama,103,63373,287,222,2,224,1
2020-08-02,Trinity,105,12862,27,5,6,11,0
2020-08-02,Tulare,107,460477,11574,9593,35,9628,188
2020-08-02,Tuolumne,109,53932,154,123,2,125,0
2020-08-02,Ventura,111,848112,9044,8014,32,8046,73
2020-08-02,Yolo,113,214977,1910,1588,3,1591,37
2020-08-02,Yuba,115,75493,529,393,0,393,1
2020-08-01,Alameda,001,1643700,14060,11590,94,11684,188
2020-08-01,Alpine,003,1148,2,2,0,2,0
2020-08-01,Amador,005,37829,189,109,0,109,0
2020-08-01,Butte,007,227075,1203,976,12,988,9
2020-08-01,Calaveras,009,45235,146,116,0,116,1
2020-08-01,Colusa,011,21464,386,327,0,327,2
2020-08-01,Contra Costa,013,1133247,10651,7867,28,7895,116
2020-08-01,Del Norte,015,27424,89,68,0,68,0
2020-08-01,El Dorado,017,186661,818,637,0,637,1
2020-08-01,Fresno,019,978130,22189,15448,200,15648,149
2020-08-01,Glenn,021,27897,387,311,0,311,1
2020-08-01,Humboldt,023,135768,270,232,1,233,4
2020-08-01,Imperial,025,180216,10391,7919,5,7924,156
2020-08-01,Inyo,027,18085,82,45,1,46,1
2020-08-01,Kern,029,883053,25282,20796,134,20930,176
2020-08-01,Kings,031,150075,4886,3948,25,3973,47
2020-08-01,Lake,033,64148,238,194,0,194,1
2020-08-01,Lassen,035,31185,642,555,2,557,0
2020-08-01,Los Angeles,037,10098052,205520,191023,578,191601,4674
2020-08-01,Madera,039,155013,2928,2103,4,2107,18
2020-08-01,Marin,041,260295,5466,4945,9,4954,43
2020-08-01,Mariposa,043,17540,61,50,0,50,2
2020-08-01,Mendocino,045,87422,338,243,0,243,1
2020-08-01,Merced,047,269075,6055,3972,4,3976,29
2020-08-01,Modoc,049,8938,7,2,0,2,0
2020-08-01,Mono,051,14174,150,104,1,105,1
2020-08-01,Monterey,053,433212,5721,4611,14,4625,28
2020-08-01,Napa,055,140530,1192,923,0,923,8
2020-08-01,Nevada,057,99092,345,305,13,318,2
2020-08-01,Orange,059,3164182,44081,36703,852,37555,648
2020-08-01,Placer,061,380077,2346,1891,3,1894,14
2020-08-01,Plumas,063,18699,35,25,0,25,0
2020-08-01,Riverside,065,2383286,45820,38216,40,38256,704
2020-08-01,Sacramento,067,1510023,13184,10044,13,10057,141
2020-08-01,San Benito,069,59416,729,579,0,579,2
2020-08-01,San Bernardino,071,2135413,40712,32947,183,33130,440
2020-08-01,San Diego,073,3302833,32862,29579,19,29598,565
2020-08-01,San Francisco,075,870044,7503,6296,7,6303,60
2020-08-01,San Joaquin,077,732212,14971,11807,12,11819,189
2020-08-01,San Luis Obispo,079,281455,2202,1798,11,1809,13
2020-08-01,San Mateo,081,765935,6649,5520,6,5526,115
2020-08-01,Santa Barbara,083,443738,7715,6465,65,6530,59
2020-08-01,Santa Clara,085,1922200,13315,10281,29,10310,171
2020-08-01,Santa Cruz,087,273765,1359,1164,8,1172,4
2020-08-01,Shasta,089,179085,503,312,3,315,9
2020-08-01,Sierra,091,2930,3,1,0,1,0
2020-08-01,Siskiyou,093,43540,99,64,0,64,0
2020-08-01,Solano,095,438530,4364,3591,25,3616,29
2020-08-01,Sonoma,097,501317,3857,2890,6,2896,29
2020-08-01,Stanislaus,099,539301,11941,9221,54,9275,96
2020-08-01,Sutter,101,95872,900,714,1,715,6
2020-08-01,Tehama,103,63373,284,220,2,222,1
2020-08-01,Trinity,105,12862,27,5,6,11,0
2020-08-01,Tulare,107,460477,11506,9520,35,9555,188
2020-08-01,Tuolumne,109,53932,154,123,2,125,0
2020-08-01,Ventura,111,848112,8998,7819,32,7851,73
2020-08-01,Yolo,113,214977,1900,1557,3,1560,37
2020-08-01,Yuba,115,75493,524,387,0,387,1
2020-07-31,Alameda,001,1643700,13929,11441,94,11535,187
2020-07-31,Alpine,003,1148,2,2,0,2,0
2020-07-31,Amador,005,37829,188,98,0,98,0
2020-07-31,Butte,007,227075,1180,925,12,937,7
2020-07-31,Calaveras,009,45235,146,112,0,112,1
2020-07-31,Colusa,011,21464,376,319,0,319,2
2020-07-31,Contra Costa,013,1133247,10503,7697,27,7724,113
2020-07-31,Del Norte,015,27424,88,68,0,68,0
2020-07-31,El Dorado,017,186661,807,616,0,616,1
2020-07-31,Fresno,019,978130,21970,15083,200,15283,133
2020-07-31,Glenn,021,27897,380,304,0,304,1
2020-07-31,Humboldt,023,135768,263,229,1,230,4
2020-07-31,Imperial,025,180216,10359,7886,5,7891,155
2020-07-31,Inyo,027,18085,72,45,1,46,1
2020-07-31,Kern,029,883053,25040,20061,130,20191,173
2020-07-31,Kings,031,150075,4858,3807,25,3832,45
2020-07-31,Lake,033,64148,237,191,0,191,1
2020-07-31,Lassen,035,31185,637,544,2,546,0
2020-07-31,Los Angeles,037,10098052,203912,188688,565,189253,4628
2020-07-31,Madera,039,155013,2881,2036,4,2040,19
2020-07-31,Marin,041,260295,5422,4885,6,4891,43
2020-07-31,Mariposa,043,17540,61,49,0,49,2
2020-07-31,Mendocino,045,87422,323,232,0,232,1
2020-07-31,Merced,047,269075,5972,3789,4,3793,30
2020-07-31,Modoc,049,8938,6,0,0,0,0
2020-07-31,Mono,051,14174,149,104,1,105,1
2020-07-31,Monterey,053,433212,5629,4493,14,4507,24
2020-07-31,Napa,055,140530,1180,897,0,897,7
2020-07-31,Nevada,057,99092,343,302,13,315,2
2020-07-31,Orange,059,3164182,43782,36196,837,37033,620
2020-07-31,Placer,061,380077,2321,1853,3,1856,14
2020-07-31,Plumas,063,18699,34,25,0,25,0
2020-07-31,Riverside,065,2383286,45430,37612,39,37651,694
2020-07-31,Sacramento,067,1510023,13006,9872,13,9885,132
2020-07-31,San Benito,069,59416,721,567,0,567,2
2020-07-31,San Bernardino,071,2135413,40382,32332,182,32514,434
2020-07-31,San Diego,073,3302833,32628,29050,11,29061,561
2020-07-31,San Francisco,075,870044,7404,6126,7,6133,60
2020-07-31,San Joaquin,077,732212,14831,11561,12,11573,177
2020-07-31,San Luis Obispo,079,281455,2133,1746,11,1757,12
2020-07-31,San Mateo,081,765935,6577,5416,6,5422,115
2020-07-31,Santa Barbara,083,443738,7648,6375,65,6440,58
2020-07-31,Santa Clara,085,1922200,13094,9863,29,9892,171
2020-07-31,Santa Cruz,087,273765,1336,1118,8,1126,4
2020-07-31,Shasta,089,179085,493,305,3,308,9
2020-07-31,Sierra,091,2930,3,1,0,1,0
2020-07-31,Siskiyou,093,43540,97,61,0,61,0
2020-07-31,Solano,095,438530,4317,3510,24,3534,29
2020-07-31,Sonoma,097,501317,3799,2745,6,2751,27
2020-07-31,Stanislaus,099,539301,11834,9061,49,9110,94
2020-07-31,Sutter,101,95872,895,714,1,715,6
2020-07-31,Tehama,103,63373,281,213,2,215,1
2020-07-31,Trinity,105,12862,27,5,6,11,0
2020-07-31,Tulare,107,460477,11385,9365,35,9400,184
2020-07-31,Tuolumne,109,53932,154,120,2,122,0
2020-07-31,Ventura,111,848112,8923,7521,32,7553,71
2020-07-31,Yolo,113,214977,1874,1522,3,1525,38
2020-07-31,Yuba,115,75493,515,369,0,369,1
2020-07-30,Alameda,001,1643700,13726,11303,54,11357,185
2020-07-30,Alpine,003,1148,2,2,0,2,0
2020-07-30,Amador,005,37829,170,97,0,97,0
2020-07-30,Butte,007,227075,1164,915,12,927,7
2020-07-30,Calaveras,009,45235,142,111,0,111,1
2020-07-30,Colusa,011,21464,373,315,0,315,2
2020-07-30,Contra Costa,013,1133247,10318,7615,26,7641,112
2020-07-30,Del Norte,015,27424,88,68,0,68,0
2020-07-30,El Dorado,017,186661,800,608,0,608,1
2020-07-30,Fresno,019,978130,21634,14793,194,14987,133
2020-07-30,Glenn,021,27897,373,297,0,297,1
2020-07-30,Humboldt,023,135768,261,228,1,229,4
2020-07-30,Imperial,025,180216,10300,7849,5,7854,151
2020-07-30,Inyo,027,18085,68,44,1,45,1
2020-07-30,Kern,029,883053,24747,19552,126,19678,171
2020-07-30,Kings,031,150075,4754,3785,25,3810,43
2020-07-30,Lake,033,64148,231,181,0,181,1
2020-07-30,Lassen,035,31185,634,544,2,546,0
2020-07-30,Los Angeles,037,10098052,201875,186177,534,186711,4564
2020-07-30,Madera,039,155013,2811,2007,4,2011,18
2020-07-30,Marin,041,260295,5380,4835,5,4840,39
2020-07-30,Mariposa,043,17540,61,49,0,49,1
2020-07-30,Mendocino,045,87422,316,232,0,232,1
2020-07-30,Merced,047,269075,5807,3695,4,3699,30
2020-07-30,Modoc,049,8938,6,0,0,0,0
2020-07-30,Mono,051,14174,148,104,1,105,1
2020-07-30,Monterey,053,433212,5517,4352,14,4366,24
2020-07-30,Napa,055,140530,1163,874,0,874,7
2020-07-30,Nevada,057,99092,338,292,13,305,2
2020-07-30,Orange,059,3164182,43367,36105,812,36917,607
2020-07-30,Placer,061,380077,2270,1821,3,1824,14
2020-07-30,Plumas,063,18699,33,25,0,25,0
2020-07-30,Riverside,065,2383286,44889,37308,39,37347,685
2020-07-30,Sacramento,067,1510023,12787,9704,13,9717,126
2020-07-30,San Benito,069,59416,708,558,0,558,2
2020-07-30,San Bernardino,071,2135413,39857,32010,182,32192,427
2020-07-30,San Diego,073,3302833,32281,28670,9,28679,558
2020-07-30,San Francisco,075,870044,7304,6107,7,6114,59
2020-07-30,San Joaquin,077,732212,14637,11435,12,11447,161
2020-07-30,San Luis Obispo,079,281455,2098,1703,11,1714,12
2020-07-30,San Mateo,081,765935,6482,5369,6,5375,115
2020-07-30,Santa Barbara,083,443738,7568,6273,65,6338,52
2020-07-30,Santa Clara,085,1922200,12857,9708,28,9736,170
2020-07-30,Santa Cruz,087,273765,1309,1087,8,1095,4
2020-07-30,Shasta,089,179085,489,306,3,309,8
2020-07-30,Sierra,091,2930,3,1,0,1,0
2020-07-30,Siskiyou,093,43540,96,60,0,60,0
2020-07-30,Solano,095,438530,4266,3463,24,3487,29
2020-07-30,Sonoma,097,501317,3727,2684,6,2690,25
2020-07-30,Stanislaus,099,539301,11621,8890,40,8930,94
2020-07-30,Sutter,101,95872,876,698,1,699,6
2020-07-30,Tehama,103,63373,278,208,2,210,1
2020-07-30,Trinity,105,12862,26,4,6,10,0
2020-07-30,Tulare,107,460477,11256,9167,35,9202,177
2020-07-30,Tuolumne,109,53932,153,119,2,121,0
2020-07-30,Ventura,111,848112,8811,7304,30,7334,69
2020-07-30,Yolo,113,214977,1854,1511,3,1514,37
2020-07-30,Yuba,115,75493,502,362,0,362,1
2020-07-29,Alameda,001,1643700,13507,11177,49,11226,180
2020-07-29,Alpine,003,1148,2,2,0,2,0
2020-07-29,Amador,005,37829,162,80,0,80,0
2020-07-29,Butte,007,227075,1138,889,10,899,7
2020-07-29,Calaveras,009,45235,136,107,0,107,1
2020-07-29,Colusa,011,21464,369,302,0,302,2
2020-07-29,Contra Costa,013,1133247,10114,7520,26,7546,108
2020-07-29,Del Norte,015,27424,88,68,0,68,0
2020-07-29,El Dorado,017,186661,790,588,0,588,1
2020-07-29,Fresno,019,978130,21342,14312,194,14506,125
2020-07-29,Glenn,021,27897,366,294,0,294,1
2020-07-29,Humboldt,023,135768,258,221,1,222,4
2020-07-29,Imperial,025,180216,10252,7825,5,7830,147
2020-07-29,Inyo,027,18085,63,44,1,45,1
2020-07-29,Kern,029,883053,24409,19073,123,19196,162
2020-07-29,Kings,031,150075,4706,3755,25,3780,43
2020-07-29,Lake,033,64148,229,179,0,179,1
2020-07-29,Lassen,035,31185,619,513,2,515,0
2020-07-29,Los Angeles,037,10098052,199839,183600,517,184117,4523
2020-07-29,Madera,039,155013,2757,1941,4,1945,18
2020-07-29,Marin,041,260295,5342,4747,5,4752,34
2020-07-29,Mariposa,043,17540,60,47,0,47,1
2020-07-29,Mendocino,045,87422,308,228,0,228,0
2020-07-29,Merced,047,269075,5667,3605,4,3609,25
2020-07-29,Modoc,049,8938,5,0,0,0,0
2020-07-29,Mono,051,14174,145,102,1,103,1
2020-07-29,Monterey,053,433212,5418,4252,14,4266,24
2020-07-29,Napa,055,140530,1135,866,0,866,7
2020-07-29,Nevada,057,99092,334,288,13,301,1
2020-07-29,Orange,059,3164182,42933,35339,800,36139,589
2020-07-29,Placer,061,380077,2238,1798,3,1801,14
2020-07-29,Plumas,063,18699,33,25,0,25,0
2020-07-29,Riverside,065,2383286,44298,36968,39,37007,678
2020-07-29,Sacramento,067,1510023,12541,9538,13,9551,122
2020-07-29,San Benito,069,59416,693,537,0,537,2
2020-07-29,San Bernardino,071,2135413,39368,31168,171,31339,417
2020-07-29,San Diego,073,3302833,31956,28289,8,28297,552
2020-07-29,San Francisco,075,870044,7210,6041,7,6048,56
2020-07-29,San Joaquin,077,732212,14389,11249,9,11258,154
2020-07-29,San Luis Obispo,079,281455,2078,1673,11,1684,11
2020-07-29,San Mateo,081,765935,6394,5305,6,5311,114
2020-07-29,Santa Barbara,083,443738,7498,6215,65,6280,31
2020-07-29,Santa Clara,085,1922200,12649,9567,28,9595,165
2020-07-29,Santa Cruz,087,273765,1285,1051,8,1059,4
2020-07-29,Shasta,089,179085,477,297,3,300,8
2020-07-29,Sierra,091,2930,2,1,0,1,0
2020-07-29,Siskiyou,093,43540,94,58,0,58,0
2020-07-29,Solano,095,438530,4212,3380,24,3404,29
2020-07-29,Sonoma,097,501317,3650,2598,6,2604,26
2020-07-29,Stanislaus,099,539301,11400,8745,34,8779,94
2020-07-29,Sutter,101,95872,848,678,1,679,6
2020-07-29,Tehama,103,63373,274,206,2,208,1
2020-07-29,Trinity,105,12862,26,4,6,10,0
2020-07-29,Tulare,107,460477,11085,9028,35,9063,156
2020-07-29,Tuolumne,109,53932,153,118,2,120,0
2020-07-29,Ventura,111,848112,8706,7161,30,7191,68
2020-07-29,Yolo,113,214977,1828,1488,3,1491,36
2020-07-29,Yuba,115,75493,486,350,0,350,1
2020-07-28,Alameda,001,1643700,13280,10875,48,10923,180
2020-07-28,Alpine,003,1148,2,2,0,2,0
2020-07-28,Amador,005,37829,152,77,0,77,0
2020-07-28,Butte,007,227075,1103,857,10,867,7
2020-07-28,Calaveras,009,45235,135,105,0,105,1
2020-07-28,Colusa,011,21464,363,290,0,290,2
2020-07-28,Contra Costa,013,1133247,9892,7426,26,7452,107
2020-07-28,Del Norte,015,27424,87,68,0,68,0
2020-07-28,El Dorado,017,186661,775,558,0,558,1
2020-07-28,Fresno,019,978130,21006,13933,188,14121,125
2020-07-28,Glenn,021,27897,364,289,0,289,1
2020-07-28,Humboldt,023,135768,257,218,1,219,4
2020-07-28,Imperial,025,180216,10216,7804,5,7809,145
2020-07-28,Inyo,027,18085,61,43,1,44,1
2020-07-28,Kern,029,883053,24046,18834,117,18951,155
2020-07-28,Kings,031,150075,4660,3721,25,3746,41
2020-07-28,Lake,033,64148,225,179,0,179,1
2020-07-28,Lassen,035,31185,613,508,2,510,0
2020-07-28,Los Angeles,037,10098052,197607,179107,494,179601,4435
2020-07-28,Madera,039,155013,2691,1889,4,1893,18
2020-07-28,Marin,041,260295,5273,4698,5,4703,23
2020-07-28,Mariposa,043,17540,58,45,0,45,1
2020-07-28,Mendocino,045,87422,297,222,0,222,0
2020-07-28,Merced,047,269075,5522,3446,4,3450,23
2020-07-28,Modoc,049,8938,4,0,0,0,0
2020-07-28,Mono,051,14174,144,102,1,103,1
2020-07-28,Monterey,053,433212,5297,4047,14,4061,22
2020-07-28,Napa,055,140530,1113,824,0,824,6
2020-07-28,Nevada,057,99092,329,278,13,291,1
2020-07-28,Orange,059,3164182,42475,34832,786,35618,582
2020-07-28,Placer,061,380077,2203,1759,3,1762,14
2020-07-28,Plumas,063,18699,33,22,0,22,0
2020-07-28,Riverside,065,2383286,43698,36458,39,36497,668
2020-07-28,Sacramento,067,1510023,12282,9429,12,9441,117
2020-07-28,San Benito,069,59416,683,503,0,503,2
2020-07-28,San Bernardino,071,2135413,38845,30493,167,30660,412
2020-07-28,San Diego,073,3302833,31606,28007,6,28013,547
2020-07-28,San Francisco,075,870044,7097,5888,7,5895,56
2020-07-28,San Joaquin,077,732212,14106,10958,7,10965,141
2020-07-28,San Luis Obispo,079,281455,2047,1636,11,1647,9
2020-07-28,San Mateo,081,765935,6320,5171,6,5177,114
2020-07-28,Santa Barbara,083,443738,7435,6110,63,6173,31
2020-07-28,Santa Clara,085,1922200,12414,9307,28,9335,165
2020-07-28,Santa Cruz,087,273765,1258,1018,8,1026,4
2020-07-28,Shasta,089,179085,465,275,3,278,8
2020-07-28,Sierra,091,2930,2,1,0,1,0
2020-07-28,Siskiyou,093,43540,90,57,0,57,0
2020-07-28,Solano,095,438530,4165,3292,23,3315,29
2020-07-28,Sonoma,097,501317,3577,2553,6,2559,20
2020-07-28,Stanislaus,099,539301,11178,8492,26,8518,92
2020-07-28,Sutter,101,95872,811,653,0,653,2
2020-07-28,Tehama,103,63373,269,199,2,201,1
2020-07-28,Trinity,105,12862,26,3,6,9,0
2020-07-28,Tulare,107,460477,10898,8787,35,8822,96
2020-07-28,Tuolumne,109,53932,152,116,2,118,0
2020-07-28,Ventura,111,848112,8580,7045,29,7074,68
2020-07-28,Yolo,113,214977,1800,1459,3,1462,36
2020-07-28,Yuba,115,75493,469,333,0,333,1
2020-07-27,Alameda,001,1643700,13053,10645,45,10690,176
2020-07-27,Alpine,003,1148,2,2,0,2,0
2020-07-27,Amador,005,37829,147,72,0,72,0
2020-07-27,Butte,007,227075,1076,843,10,853,7
2020-07-27,Calaveras,009,45235,131,103,0,103,1
2020-07-27,Colusa,011,21464,356,271,0,271,2
2020-07-27,Contra Costa,013,1133247,9670,7256,26,7282,104
2020-07-27,Del Norte,015,27424,86,67,0,67,0
2020-07-27,El Dorado,017,186661,763,548,0,548,1
2020-07-27,Fresno,019,978130,20659,13485,182,13667,117
2020-07-27,Glenn,021,27897,362,277,0,277,1
2020-07-27,Humboldt,023,135768,252,218,1,219,4
2020-07-27,Imperial,025,180216,10166,7789,5,7794,144
2020-07-27,Inyo,027,18085,61,43,1,44,1
2020-07-27,Kern,029,883053,23544,17994,111,18105,148
2020-07-27,Kings,031,150075,4411,3685,25,3710,39
2020-07-27,Lake,033,64148,221,176,0,176,1
2020-07-27,Lassen,035,31185,613,503,2,505,0
2020-07-27,Los Angeles,037,10098052,195160,176351,476,176827,4379
2020-07-27,Madera,039,155013,2626,1793,4,1797,17
2020-07-27,Marin,041,260295,5185,4669,5,4674,22
2020-07-27,Mariposa,043,17540,58,43,0,43,1
2020-07-27,Mendocino,045,87422,284,209,0,209,0
2020-07-27,Merced,047,269075,5382,3292,4,3296,23
2020-07-27,Modoc,049,8938,3,0,0,0,0
2020-07-27,Mono,051,14174,140,99,1,100,1
2020-07-27,Monterey,053,433212,5107,3960,14,3974,21
2020-07-27,Napa,055,140530,1098,769,0,769,6
2020-07-27,Nevada,057,99092,325,268,13,281,1
2020-07-27,Orange,059,3164182,42035,34649,770,35419,566
2020-07-27,Placer,061,380077,2153,1679,3,1682,12
2020-07-27,Plumas,063,18699,33,22,0,22,0
2020-07-27,Riverside,065,2383286,43020,35822,39,35861,667
2020-07-27,Sacramento,067,1510023,11990,9091,12,9103,114
2020-07-27,San Benito,069,59416,668,498,0,498,2
2020-07-27,San Bernardino,071,2135413,38253,29928,157,30085,401
2020-07-27,San Diego,073,3302833,31232,27509,5,27514,533
2020-07-27,San Francisco,075,870044,7010,5825,7,5832,55
2020-07-27,San Joaquin,077,732212,13815,10728,7,10735,129
2020-07-27,San Luis Obispo,079,281455,2002,1612,10,1622,9
2020-07-27,San Mateo,081,765935,6211,5108,6,5114,113
2020-07-27,Santa Barbara,083,443738,7353,6026,61,6087,30
2020-07-27,Santa Clara,085,1922200,12145,9157,27,9184,166
2020-07-27,Santa Cruz,087,273765,1235,984,8,992,4
2020-07-27,Shasta,089,179085,458,275,3,278,8
2020-07-27,Sierra,091,2930,2,1,0,1,0
2020-07-27,Siskiyou,093,43540,88,54,0,54,0
2020-07-27,Solano,095,438530,4098,3198,22,3220,29
2020-07-27,Sonoma,097,501317,3486,2504,6,2510,20
2020-07-27,Stanislaus,099,539301,10951,8288,18,8306,84
2020-07-27,Sutter,101,95872,785,620,0,620,2
2020-07-27,Tehama,103,63373,261,192,2,194,1
2020-07-27,Trinity,105,12862,26,3,6,9,0
2020-07-27,Tulare,107,460477,10680,8462,35,8497,172
2020-07-27,Tuolumne,109,53932,149,115,2,117,0
2020-07-27,Ventura,111,848112,8452,6998,28,7026,68
2020-07-27,Yolo,113,214977,1755,1439,3,1442,33
2020-07-27,Yuba,115,75493,449,328,0,328,1
2020-07-26,Alameda,001,1643700,12815,10489,44,10533,176
2020-07-26,Alpine,003,1148,2,2,0,2,0
2020-07-26,Amador,005,37829,141,67,0,67,0
2020-07-26,Butte,007,227075,1039,822,10,832,5
2020-07-26,Calaveras,009,45235,128,103,0,103,1
2020-07-26,Colusa,011,21464,347,270,0,270,2
2020-07-26,Contra Costa,013,1133247,9433,7095,26,7121,104
2020-07-26,Del Norte,015,27424,84,67,0,67,0
2020-07-26,El Dorado,017,186661,745,539,0,539,1
2020-07-26,Fresno,019,978130,20267,13209,174,13383,117
2020-07-26,Glenn,021,27897,354,265,0,265,1
2020-07-26,Humboldt,023,135768,246,214,1,215,4
2020-07-26,Imperial,025,180216,10093,7781,5,7786,144
2020-07-26,Inyo,027,18085,56,43,1,44,1
2020-07-26,Kern,029,883053,23020,17394,108,17502,148
2020-07-26,Kings,031,150075,4352,3591,25,3616,39
2020-07-26,Lake,033,64148,213,174,0,174,1
2020-07-26,Lassen,035,31185,572,503,2,505,0
2020-07-26,Los Angeles,037,10098052,192586,174322,458,174780,4364
2020-07-26,Madera,039,155013,2539,1744,4,1748,17
2020-07-26,Marin,041,260295,5139,4595,5,4600,22
2020-07-26,Mariposa,043,17540,56,43,0,43,1
2020-07-26,Mendocino,045,87422,275,206,0,206,0
2020-07-26,Merced,047,269075,5202,3251,3,3254,23
2020-07-26,Modoc,049,8938,3,0,0,0,0
2020-07-26,Mono,051,14174,136,82,1,83,1
2020-07-26,Monterey,053,433212,4941,3901,14,3915,21
2020-07-26,Napa,055,140530,1079,769,0,769,6
2020-07-26,Nevada,057,99092,322,261,13,274,1
2020-07-26,Orange,059,3164182,41509,34352,738,35090,564
2020-07-26,Placer,061,380077,2088,1628,3,1631,12
2020-07-26,Plumas,063,18699,33,22,0,22,0
2020-07-26,Riverside,065,2383286,42460,35636,39,35675,665
2020-07-26,Sacramento,067,1510023,11686,8972,12,8984,114
2020-07-26,San Benito,069,59416,656,495,0,495,2
2020-07-26,San Bernardino,071,2135413,37612,29545,148,29693,400
2020-07-26,San Diego,073,3302833,30836,26986,4,26990,533
2020-07-26,San Francisco,075,870044,6902,5823,7,5830,55
2020-07-26,San Joaquin,077,732212,13522,10637,7,10644,129
2020-07-26,San Luis Obispo,079,281455,1959,1565,10,1575,8
2020-07-26,San Mateo,081,765935,6105,5078,6,5084,113
2020-07-26,Santa Barbara,083,443738,7250,5939,61,6000,30
2020-07-26,Santa Clara,085,1922200,11916,8986,27,9013,166
2020-07-26,Santa Cruz,087,273765,1208,970,8,978,4
2020-07-26,Shasta,089,179085,451,265,3,268,8
2020-07-26,Sierra,091,2930,2,1,0,1,0
2020-07-26,Siskiyou,093,43540,86,54,0,54,0
2020-07-26,Solano,095,438530,4018,3197,20,3217,29
2020-07-26,Sonoma,097,501317,3397,2503,5,2508,20
2020-07-26,Stanislaus,099,539301,10690,8228,17,8245,84
2020-07-26,Sutter,101,95872,771,612,0,612,2
2020-07-26,Tehama,103,63373,254,175,2,177,1
2020-07-26,Trinity,105,12862,26,3,6,9,0
2020-07-26,Tulare,107,460477,10473,8392,35,8427,172
2020-07-26,Tuolumne,109,53932,144,113,2,115,0
2020-07-26,Ventura,111,848112,8245,6844,28,6872,67
2020-07-26,Yolo,113,214977,1724,1408,3,1411,33
2020-07-26,Yuba,115,75493,430,313,0,313,1
2020-07-25,Alameda,001,1643700,12718,10361,42,10403,176
2020-07-25,Alpine,003,1148,2,2,0,2,0
2020-07-25,Amador,005,37829,138,67,0,67,0
2020-07-25,Butte,007,227075,1030,810,10,820,5
2020-07-25,Calaveras,009,45235,124,103,0,103,1
2020-07-25,Colusa,011,21464,340,265,0,265,2
2020-07-25,Contra Costa,013,1133247,9288,6920,26,6946,104
2020-07-25,Del Norte,015,27424,84,67,0,67,0
2020-07-25,El Dorado,017,186661,734,528,0,528,1
2020-07-25,Fresno,019,978130,20081,12866,174,13040,117
2020-07-25,Glenn,021,27897,352,260,0,260,1
2020-07-25,Humboldt,023,135768,243,212,1,213,4
2020-07-25,Imperial,025,180216,10067,7727,5,7732,144
2020-07-25,Inyo,027,18085,55,43,1,44,1
2020-07-25,Kern,029,883053,22802,16910,107,17017,148
2020-07-25,Kings,031,150075,4335,3516,25,3541,39
2020-07-25,Lake,033,64148,211,173,0,173,1
2020-07-25,Lassen,035,31185,572,503,2,505,0
2020-07-25,Los Angeles,037,10098052,191454,172611,451,173062,4357
2020-07-25,Madera,039,155013,2507,1724,4,1728,17
2020-07-25,Marin,041,260295,5123,4562,5,4567,22
2020-07-25,Mariposa,043,17540,55,43,0,43,1
2020-07-25,Mendocino,045,87422,269,190,0,190,0
2020-07-25,Merced,047,269075,5123,3176,3,3179,23
2020-07-25,Modoc,049,8938,3,0,0,0,0
2020-07-25,Mono,051,14174,136,82,1,83,1
2020-07-25,Monterey,053,433212,4864,3805,14,3819,21
2020-07-25,Napa,055,140530,1066,746,0,746,6
2020-07-25,Nevada,057,99092,320,257,13,270,1
2020-07-25,Orange,059,3164182,41289,33978,717,34695,561
2020-07-25,Placer,061,380077,2072,1596,3,1599,12
2020-07-25,Plumas,063,18699,33,22,0,22,0
2020-07-25,Riverside,065,2383286,42192,34921,39,34960,655
2020-07-25,Sacramento,067,1510023,11540,8674,12,8686,113
2020-07-25,San Benito,069,59416,640,492,0,492,2
2020-07-25,San Bernardino,071,2135413,37333,29265,145,29410,394
2020-07-25,San Diego,073,3302833,30575,26703,3,26706,533
2020-07-25,San Francisco,075,870044,6844,5644,7,5651,55
2020-07-25,San Joaquin,077,732212,13396,10347,6,10353,129
2020-07-25,San Luis Obispo,079,281455,1939,1530,9,1539,8
2020-07-25,San Mateo,081,765935,6042,5023,6,5029,113
2020-07-25,Santa Barbara,083,443738,7214,5880,61,5941,30
2020-07-25,Santa Clara,085,1922200,11782,8767,27,8794,166
2020-07-25,Santa Cruz,087,273765,1191,939,8,947,4
2020-07-25,Shasta,089,179085,446,263,1,264,8
2020-07-25,Sierra,091,2930,2,1,0,1,0
2020-07-25,Siskiyou,093,43540,84,54,0,54,0
2020-07-25,Solano,095,438530,3978,3107,18,3125,29
2020-07-25,Sonoma,097,501317,3358,2412,5,2417,20
2020-07-25,Stanislaus,099,539301,10587,7994,14,8008,84
2020-07-25,Sutter,101,95872,752,603,0,603,2
2020-07-25,Tehama,103,63373,253,169,2,171,1
2020-07-25,Trinity,105,12862,26,3,6,9,0
2020-07-25,Tulare,107,460477,10373,8310,35,8345,172
2020-07-25,Tuolumne,109,53932,143,99,2,101,0
2020-07-25,Ventura,111,848112,8172,6662,28,6690,62
2020-07-25,Yolo,113,214977,1709,1357,3,1360,35
2020-07-25,Yuba,115,75493,424,312,0,312,1
2020-07-24,Alameda,001,1643700,12576,10216,39,10255,176
2020-07-24,Alpine,003,1148,2,2,0,2,0
2020-07-24,Amador,005,37829,136,66,0,66,0
2020-07-24,Butte,007,227075,1018,751,10,761,5
2020-07-24,Calaveras,009,45235,120,102,0,102,0
2020-07-24,Colusa,011,21464,337,255,0,255,2
2020-07-24,Contra Costa,013,1133247,9142,6814,26,6840,100
2020-07-24,Del Norte,015,27424,84,66,0,66,0
2020-07-24,El Dorado,017,186661,712,516,0,516,1
2020-07-24,Fresno,019,978130,19854,12564,174,12738,115
2020-07-24,Glenn,021,27897,349,251,0,251,1
2020-07-24,Humboldt,023,135768,240,210,1,211,4
2020-07-24,Imperial,025,180216,10045,7686,5,7691,141
2020-07-24,Inyo,027,18085,55,41,1,42,1
2020-07-24,Kern,029,883053,22561,16124,107,16231,143
2020-07-24,Kings,031,150075,4305,3471,25,3496,39
2020-07-24,Lake,033,64148,209,167,0,167,1
2020-07-24,Lassen,035,31185,572,503,2,505,0
2020-07-24,Los Angeles,037,10098052,189435,169078,440,169518,4302
2020-07-24,Madera,039,155013,2474,1679,4,1683,16
2020-07-24,Marin,041,260295,5096,4517,5,4522,22
2020-07-24,Mariposa,043,17540,55,41,0,41,1
2020-07-24,Mendocino,045,87422,262,188,0,188,0
2020-07-24,Merced,047,269075,5038,3100,3,3103,23
2020-07-24,Modoc,049,8938,3,0,0,0,0
2020-07-24,Mono,051,14174,135,82,1,83,1
2020-07-24,Monterey,053,433212,4792,3748,14,3762,21
2020-07-24,Napa,055,140530,1053,741,0,741,6
2020-07-24,Nevada,057,99092,317,255,13,268,1
2020-07-24,Orange,059,3164182,41001,33530,701,34231,557
2020-07-24,Placer,061,380077,2041,1551,3,1554,12
2020-07-24,Plumas,063,18699,33,22,0,22,0
2020-07-24,Riverside,065,2383286,41769,34513,38,34551,631
2020-07-24,Sacramento,067,1510023,11352,8570,12,8582,110
2020-07-24,San Benito,069,59416,633,485,0,485,2
2020-07-24,San Bernardino,071,2135413,36959,28990,140,29130,386
2020-07-24,San Diego,073,3302833,30275,26100,3,26103,524
2020-07-24,San Francisco,075,870044,6750,5611,7,5618,55
2020-07-24,San Joaquin,077,732212,13247,10190,6,10196,118
2020-07-24,San Luis Obispo,079,281455,1915,1476,9,1485,8
2020-07-24,San Mateo,081,765935,5979,4954,6,4960,112
2020-07-24,Santa Barbara,083,443738,7160,5776,59,5835,30
2020-07-24,Santa Clara,085,1922200,11618,8658,27,8685,165
2020-07-24,Santa Cruz,087,273765,1171,930,8,938,4
2020-07-24,Shasta,089,179085,438,262,1,263,8
2020-07-24,Sierra,091,2930,2,1,0,1,0
2020-07-24,Siskiyou,093,43540,84,53,0,53,0
2020-07-24,Solano,095,438530,3942,3062,15,3077,29
2020-07-24,Sonoma,097,501317,3305,2345,5,2350,20
2020-07-24,Stanislaus,099,539301,10415,7861,11,7872,82
2020-07-24,Sutter,101,95872,741,593,0,593,2
2020-07-24,Tehama,103,63373,245,170,2,172,1
2020-07-24,Trinity,105,12862,25,3,6,9,0
2020-07-24,Tulare,107,460477,10279,8167,33,8200,167
2020-07-24,Tuolumne,109,53932,137,99,2,101,0
2020-07-24,Ventura,111,848112,8087,6553,28,6581,60
2020-07-24,Yolo,113,214977,1695,1329,3,1332,35
2020-07-24,Yuba,115,75493,409,307,0,307,1
2020-07-23,Alameda,001,1643700,12336,9924,39,9963,171
2020-07-23,Alpine,003,1148,2,2,0,2,0
2020-07-23,Amador,005,37829,119,61,0,61,0
2020-07-23,Butte,007,227075,1003,726,10,736,5
2020-07-23,Calaveras,009,45235,113,102,0,102,0
2020-07-23,Colusa,011,21464,329,242,0,242,2
2020-07-23,Contra Costa,013,1133247,8942,6619,24,6643,98
2020-07-23,Del Norte,015,27424,84,66,0,66,0
2020-07-23,El Dorado,017,186661,701,491,0,491,1
2020-07-23,Fresno,019,978130,19498,12164,171,12335,112
2020-07-23,Glenn,021,27897,344,246,0,246,1
2020-07-23,Humboldt,023,135768,239,208,1,209,4
2020-07-23,Imperial,025,180216,9995,7604,5,7609,138
2020-07-23,Inyo,027,18085,53,38,1,39,1
2020-07-23,Kern,029,883053,22154,14491,103,14594,128
2020-07-23,Kings,031,150075,4193,3371,25,3396,39
2020-07-23,Lake,033,64148,200,160,0,160,1
2020-07-23,Lassen,035,31185,569,503,2,505,0
2020-07-23,Los Angeles,037,10098052,186885,167198,414,167612,4265
2020-07-23,Madera,039,155013,2408,1659,3,1662,13
2020-07-23,Marin,041,260295,5044,4423,5,4428,22
2020-07-23,Mariposa,043,17540,55,40,0,40,1
2020-07-23,Mendocino,045,87422,252,178,0,178,0
2020-07-23,Merced,047,269075,4882,2972,3,2975,22
2020-07-23,Modoc,049,8938,3,0,0,0,0
2020-07-23,Mono,051,14174,131,82,1,83,1
2020-07-23,Monterey,053,433212,4674,3655,14,3669,21
2020-07-23,Napa,055,140530,1029,713,0,713,5
2020-07-23,Nevada,057,99092,314,247,13,260,1
2020-07-23,Orange,059,3164182,40505,32863,671,33534,544
2020-07-23,Placer,061,380077,1998,1519,3,1522,12
2020-07-23,Plumas,063,18699,32,21,0,21,0
2020-07-23,Riverside,065,2383286,41163,33833,38,33871,630
2020-07-23,Sacramento,067,1510023,11121,8222,12,8234,108
2020-07-23,San Benito,069,59416,618,478,0,478,2
2020-07-23,San Bernardino,071,2135413,36439,28121,134,28255,369
2020-07-23,San Diego,073,3302833,29901,25109,3,25112,505
2020-07-23,San Francisco,075,870044,6648,5543,7,5550,55
2020-07-23,San Joaquin,077,732212,13028,9861,6,9867,111
2020-07-23,San Luis Obispo,079,281455,1887,1438,9,1447,7
2020-07-23,San Mateo,081,765935,5874,4895,6,4901,113
2020-07-23,Santa Barbara,083,443738,7081,5628,59,5687,30
2020-07-23,Santa Clara,085,1922200,11399,8458,27,8485,165
2020-07-23,Santa Cruz,087,273765,1135,887,8,895,3
2020-07-23,Shasta,089,179085,427,254,1,255,9
2020-07-23,Sierra,091,2930,2,1,0,1,0
2020-07-23,Siskiyou,093,43540,82,53,0,53,0
2020-07-23,Solano,095,438530,3878,2962,13,2975,29
2020-07-23,Sonoma,097,501317,3229,2289,5,2294,18
2020-07-23,Stanislaus,099,539301,10173,7603,11,7614,71
2020-07-23,Sutter,101,95872,708,570,0,570,2
2020-07-23,Tehama,103,63373,239,158,2,160,1
2020-07-23,Trinity,105,12862,24,3,6,9,0
2020-07-23,Tulare,107,460477,10090,7898,33,7931,168
2020-07-23,Tuolumne,109,53932,137,93,2,95,0
2020-07-23,Ventura,111,848112,7963,6303,28,6331,56
2020-07-23,Yolo,113,214977,1677,1279,3,1282,35
2020-07-23,Yuba,115,75493,389,297,0,297,1
2020-07-22,Alameda,001,1643700,12117,9678,38,9716,169
2020-07-22,Alpine,003,1148,2,2,0,2,0
2020-07-22,Amador,005,37829,117,58,0,58,0
2020-07-22,Butte,007,227075,967,694,10,704,5
2020-07-22,Calaveras,009,45235,113,98,0,98,0
2020-07-22,Colusa,011,21464,322,236,0,236,0
2020-07-22,Contra Costa,013,1133247,8716,6401,24,6425,98
2020-07-22,Del Norte,015,27424,84,66,0,66,0
2020-07-22,El Dorado,017,186661,688,466,0,466,1
2020-07-22,Fresno,019,978130,19136,11756,165,11921,110
2020-07-22,Glenn,021,27897,338,236,0,236,1
2020-07-22,Humboldt,023,135768,237,201,1,202,4
2020-07-22,Imperial,025,180216,9935,7533,5,7538,134
2020-07-22,Inyo,027,18085,49,38,1,39,1
2020-07-22,Kern,029,883053,21721,13513,96,13609,127
2020-07-22,Kings,031,150075,4137,3271,25,3296,38
2020-07-22,Lake,033,64148,197,160,0,160,1
2020-07-22,Lassen,035,31185,566,500,2,502,0
2020-07-22,Los Angeles,037,10098052,184230,165242,391,165633,4218
2020-07-22,Madera,039,155013,2333,1578,3,1581,10
2020-07-22,Marin,041,260295,4988,4373,5,4378,23
2020-07-22,Mariposa,043,17540,55,38,0,38,1
2020-07-22,Mendocino,045,87422,245,166,0,166,0
2020-07-22,Merced,047,269075,4755,2828,3,2831,15
2020-07-22,Modoc,049,8938,3,0,0,0,0
2020-07-22,Mono,051,14174,128,82,1,83,1
2020-07-22,Monterey,053,433212,4573,3533,14,3547,20
2020-07-22,Napa,055,140530,1007,687,0,687,5
2020-07-22,Nevada,057,99092,308,239,12,251,1
2020-07-22,Orange,059,3164182,40006,32047,662,32709,522
2020-07-22,Placer,061,380077,1942,1469,3,1472,12
2020-07-22,Plumas,063,18699,31,20,0,20,0
2020-07-22,Riverside,065,2383286,40528,33093,38,33131,612
2020-07-22,Sacramento,067,1510023,10857,8028,11,8039,106
2020-07-22,San Benito,069,59416,604,465,0,465,2
2020-07-22,San Bernardino,071,2135413,35917,26820,123,26943,348
2020-07-22,San Diego,073,3302833,29513,25109,2,25111,505
2020-07-22,San Francisco,075,870044,6544,5473,6,5479,53
2020-07-22,San Joaquin,077,732212,12752,9628,6,9634,102
2020-07-22,San Luis Obispo,079,281455,1841,1373,9,1382,7
2020-07-22,San Mateo,081,765935,5785,4796,6,4802,112
2020-07-22,Santa Barbara,083,443738,6989,5508,57,5565,29
2020-07-22,Santa Clara,085,1922200,11153,8266,27,8293,166
2020-07-22,Santa Cruz,087,273765,1112,866,8,874,3
2020-07-22,Shasta,089,179085,417,246,1,247,9
2020-07-22,Sierra,091,2930,1,1,0,1,0
2020-07-22,Siskiyou,093,43540,81,52,0,52,0
2020-07-22,Solano,095,438530,3817,2839,12,2851,29
2020-07-22,Sonoma,097,501317,3152,2255,5,2260,17
2020-07-22,Stanislaus,099,539301,10002,7401,11,7412,71
2020-07-22,Sutter,101,95872,684,551,0,551,2
2020-07-22,Tehama,103,63373,231,155,2,157,1
2020-07-22,Trinity,105,12862,23,3,6,9,0
2020-07-22,Tulare,107,460477,9857,7640,33,7673,167
2020-07-22,Tuolumne,109,53932,133,91,2,93,0
2020-07-22,Ventura,111,848112,7835,6223,26,6249,56
2020-07-22,Yolo,113,214977,1634,1233,3,1236,34
2020-07-22,Yuba,115,75493,374,288,0,288,1
2020-07-21,Alameda,001,1643700,11903,9390,38,9428,166
2020-07-21,Alpine,003,1148,2,2,0,2,0
2020-07-21,Amador,005,37829,112,55,0,55,0
2020-07-21,Butte,007,227075,922,659,9,668,5
2020-07-21,Calaveras,009,45235,107,96,0,96,0
2020-07-21,Colusa,011,21464,298,227,0,227,0
2020-07-21,Contra Costa,013,1133247,8474,6210,24,6234,98
2020-07-21,Del Norte,015,27424,84,66,0,66,0
2020-07-21,El Dorado,017,186661,680,440,0,440,1
2020-07-21,Fresno,019,978130,18737,11412,159,11571,107
2020-07-21,Glenn,021,27897,331,229,0,229,1
2020-07-21,Humboldt,023,135768,235,198,1,199,4
2020-07-21,Imperial,025,180216,9886,7458,5,7463,128
2020-07-21,Inyo,027,18085,48,38,1,39,1
2020-07-21,Kern,029,883053,21299,11998,90,12088,119
2020-07-21,Kings,031,150075,4072,3187,24,3211,38
2020-07-21,Lake,033,64148,197,157,0,157,1
2020-07-21,Lassen,035,31185,564,474,2,476,0
2020-07-21,Los Angeles,037,10098052,181227,162205,369,162574,4159
2020-07-21,Madera,039,155013,2268,1508,3,1511,10
2020-07-21,Marin,041,260295,4916,4318,5,4323,21
2020-07-21,Mariposa,043,17540,54,37,0,37,1
2020-07-21,Mendocino,045,87422,234,160,0,160,0
2020-07-21,Merced,047,269075,4576,2725,3,2728,15
2020-07-21,Modoc,049,8938,3,0,0,0,0
2020-07-21,Mono,051,14174,124,79,1,80,1
2020-07-21,Monterey,053,433212,4441,3404,13,3417,20
2020-07-21,Napa,055,140530,980,660,0,660,5
2020-07-21,Nevada,057,99092,306,228,10,238,1
2020-07-21,Orange,059,3164182,39509,31356,630,31986,515
2020-07-21,Placer,061,380077,1901,1413,3,1416,11
2020-07-21,Plumas,063,18699,31,19,0,19,0
2020-07-21,Riverside,065,2383286,39827,32231,38,32269,583
2020-07-21,Sacramento,067,1510023,10585,7789,10,7799,102
2020-07-21,San Benito,069,59416,593,444,0,444,2
2020-07-21,San Bernardino,071,2135413,35268,25323,116,25439,343
2020-07-21,San Diego,073,3302833,29064,24522,2,24524,487
2020-07-21,San Francisco,075,870044,6435,5377,6,5383,53
2020-07-21,San Joaquin,077,732212,12423,9150,6,9156,99
2020-07-21,San Luis Obispo,079,281455,1792,1338,9,1347,7
2020-07-21,San Mateo,081,765935,5693,4733,6,4739,111
2020-07-21,Santa Barbara,083,443738,6904,5422,56,5478,29
2020-07-21,Santa Clara,085,1922200,10890,7989,27,8016,164
2020-07-21,Santa Cruz,087,273765,1079,835,8,843,3
2020-07-21,Shasta,089,179085,409,241,1,242,9
2020-07-21,Sierra,091,2930,1,1,0,1,0
2020-07-21,Siskiyou,093,43540,81,48,0,48,0
2020-07-21,Solano,095,438530,3744,2727,12,2739,27
2020-07-21,Sonoma,097,501317,3095,2200,5,2205,17
2020-07-21,Stanislaus,099,539301,9739,6984,11,6995,69
2020-07-21,Sutter,101,95872,668,533,0,533,2
2020-07-21,Tehama,103,63373,221,150,2,152,1
2020-07-21,Trinity,105,12862,23,2,6,8,0
2020-07-21,Tulare,107,460477,9655,7447,33,7480,167
2020-07-21,Tuolumne,109,53932,131,75,2,77,0
2020-07-21,Ventura,111,848112,7703,6131,26,6157,55
2020-07-21,Yolo,113,214977,1581,1204,3,1207,34
2020-07-21,Yuba,115,75493,368,269,0,269,1
2020-07-20,Alameda,001,1643700,11649,9244,37,9281,162
2020-07-20,Alpine,003,1148,2,2,0,2,0
2020-07-20,Amador,005,37829,109,53,0,53,0
2020-07-20,Butte,007,227075,884,586,9,595,4
2020-07-20,Calaveras,009,45235,104,90,0,90,0
2020-07-20,Colusa,011,21464,287,217,0,217,0
2020-07-20,Contra Costa,013,1133247,8266,5823,24,5847,97
2020-07-20,Del Norte,015,27424,84,61,0,61,0
2020-07-20,El Dorado,017,186661,657,407,0,407,0
2020-07-20,Fresno,019,978130,18295,10891,157,11048,106
2020-07-20,Glenn,021,27897,323,225,0,225,1
2020-07-20,Humboldt,023,135768,228,194,1,195,4
2020-07-20,Imperial,025,180216,9846,7337,5,7342,124
2020-07-20,Inyo,027,18085,46,38,1,39,1
2020-07-20,Kern,029,883053,20789,10908,86,10994,118
2020-07-20,Kings,031,150075,4022,3093,24,3117,37
2020-07-20,Lake,033,64148,194,147,0,147,1
2020-07-20,Lassen,035,31185,562,474,2,476,0
2020-07-20,Los Angeles,037,10098052,178256,159202,342,159544,4108
2020-07-20,Madera,039,155013,2193,1433,3,1436,10
2020-07-20,Marin,041,260295,4835,4255,5,4260,21
2020-07-20,Mariposa,043,17540,53,36,0,36,1
2020-07-20,Mendocino,045,87422,221,153,0,153,0
2020-07-20,Merced,047,269075,4406,2584,3,2587,15
2020-07-20,Modoc,049,8938,3,0,0,0,0
2020-07-20,Mono,051,14174,118,78,1,79,1
2020-07-20,Monterey,053,433212,4335,3205,13,3218,19
2020-07-20,Napa,055,140530,943,632,0,632,5
2020-07-20,Nevada,057,99092,298,218,10,228,1
2020-07-20,Orange,059,3164182,38900,30337,600,30937,507
2020-07-20,Placer,061,380077,1849,1364,3,1367,11
2020-07-20,Plumas,063,18699,30,17,0,17,0
2020-07-20,Riverside,065,2383286,38997,31163,38,31201,581
2020-07-20,Sacramento,067,1510023,10257,7369,10,7379,99
2020-07-20,San Benito,069,59416,575,433,0,433,2
2020-07-20,San Bernardino,071,2135413,34458,24226,112,24338,338
2020-07-20,San Diego,073,3302833,28622,24137,2,24139,478
2020-07-20,San Francisco,075,870044,6314,5090,6,5096,53
2020-07-20,San Joaquin,077,732212,12067,8583,6,8589,97
2020-07-20,San Luis Obispo,079,281455,1752,1282,9,1291,6
2020-07-20,San Mateo,081,765935,5592,4609,6,4615,111
2020-07-20,Santa Barbara,083,443738,6775,5266,54,5320,29
2020-07-20,Santa Clara,085,1922200,10661,7711,26,7737,164
2020-07-20,Santa Cruz,087,273765,1047,758,8,766,3
2020-07-20,Shasta,089,179085,394,233,1,234,9
2020-07-20,Sierra,091,2930,1,1,0,1,0
2020-07-20,Siskiyou,093,43540,77,42,0,42,0
2020-07-20,Solano,095,438530,3661,2537,12,2549,26
2020-07-20,Sonoma,097,501317,2988,2148,5,2153,17
2020-07-20,Stanislaus,099,539301,9456,6835,11,6846,58
2020-07-20,Sutter,101,95872,635,507,0,507,2
2020-07-20,Tehama,103,63373,211,146,2,148,1
2020-07-20,Trinity,105,12862,23,2,6,8,0
2020-07-20,Tulare,107,460477,9421,6974,33,7007,166
2020-07-20,Tuolumne,109,53932,130,75,2,77,0
2020-07-20,Ventura,111,848112,7569,5912,26,5938,52
2020-07-20,Yolo,113,214977,1541,1155,3,1158,30
2020-07-20,Yuba,115,75493,348,258,0,258,1
2020-07-19,Alameda,001,1643700,11410,9227,31,9258,162
2020-07-19,Alpine,003,1148,2,2,0,2,0
2020-07-19,Amador,005,37829,102,51,0,51,0
2020-07-19,Butte,007,227075,859,555,9,564,4
2020-07-19,Calaveras,009,45235,102,89,0,89,0
2020-07-19,Colusa,011,21464,279,187,0,187,0
2020-07-19,Contra Costa,013,1133247,7975,5691,22,5713,95
2020-07-19,Del Norte,015,27424,83,61,0,61,0
2020-07-19,El Dorado,017,186661,639,385,0,385,0
2020-07-19,Fresno,019,978130,17771,10639,145,10784,106
2020-07-19,Glenn,021,27897,309,215,0,215,0
2020-07-19,Humboldt,023,135768,220,195,1,196,4
2020-07-19,Imperial,025,180216,9755,7280,5,7285,124
2020-07-19,Inyo,027,18085,42,38,1,39,1
2020-07-19,Kern,029,883053,20172,10094,79,10173,115
2020-07-19,Kings,031,150075,3936,3035,24,3059,37
2020-07-19,Lake,033,64148,189,144,0,144,1
2020-07-19,Lassen,035,31185,543,474,2,476,0
2020-07-19,Los Angeles,037,10098052,174812,156039,319,156358,4100
2020-07-19,Madera,039,155013,2116,1301,3,1304,10
2020-07-19,Marin,041,260295,4780,4172,5,4177,21
2020-07-19,Mariposa,043,17540,49,35,0,35,1
2020-07-19,Mendocino,045,87422,216,137,0,137,0
2020-07-19,Merced,047,269075,4199,2460,3,2463,15
2020-07-19,Modoc,049,8938,3,0,0,0,0
2020-07-19,Mono,051,14174,107,63,1,64,1
2020-07-19,Monterey,053,433212,4215,3079,13,3092,18
2020-07-19,Napa,055,140530,914,612,0,612,5
2020-07-19,Nevada,057,99092,292,210,10,220,1
2020-07-19,Orange,059,3164182,38335,29941,587,30528,505
2020-07-19,Placer,061,380077,1801,1246,3,1249,11
2020-07-19,Plumas,063,18699,30,17,0,17,0
2020-07-19,Riverside,065,2383286,38292,30340,38,30378,581
2020-07-19,Sacramento,067,1510023,9865,6985,10,6995,97
2020-07-19,San Benito,069,59416,559,412,0,412,2
2020-07-19,San Bernardino,071,2135413,33686,23928,100,24028,337
2020-07-19,San Diego,073,3302833,28121,23684,2,23686,478
2020-07-19,San Francisco,075,870044,6167,5094,6,5100,52
2020-07-19,San Joaquin,077,732212,11661,8308,6,8314,93
2020-07-19,San Luis Obispo,079,281455,1708,1262,8,1270,6
2020-07-19,San Mateo,081,765935,5485,4522,6,4528,110
2020-07-19,Santa Barbara,083,443738,6666,5145,51,5196,29
2020-07-19,Santa Clara,085,1922200,10417,7403,26,7429,164
2020-07-19,Santa Cruz,087,273765,1003,753,8,761,3
2020-07-19,Shasta,089,179085,381,218,1,219,9
2020-07-19,Sierra,091,2930,1,1,0,1,0
2020-07-19,Siskiyou,093,43540,75,42,0,42,0
2020-07-19,Solano,095,438530,3556,2551,12,2563,26
2020-07-19,Sonoma,097,501317,2887,2074,5,2079,17
2020-07-19,Stanislaus,099,539301,9160,6508,11,6519,58
2020-07-19,Sutter,101,95872,604,480,0,480,2
2020-07-19,Tehama,103,63373,207,138,2,140,1
2020-07-19,Trinity,105,12862,23,2,6,8,0
2020-07-19,Tulare,107,460477,9172,6856,33,6889,166
2020-07-19,Tuolumne,109,53932,125,75,2,77,0
2020-07-19,Ventura,111,848112,7379,5706,26,5732,52
2020-07-19,Yolo,113,214977,1502,1127,3,1130,30
2020-07-19,Yuba,115,75493,328,240,0,240,1
2020-07-18,Alameda,001,1643700,11274,9089,30,9119,162
2020-07-18,Alpine,003,1148,2,2,0,2,0
2020-07-18,Amador,005,37829,98,49,0,49,0
2020-07-18,Butte,007,227075,850,551,9,560,4
2020-07-18,Calaveras,009,45235,98,89,0,89,0
2020-07-18,Colusa,011,21464,274,182,0,182,0
2020-07-18,Contra Costa,013,1133247,7840,5617,22,5639,95
2020-07-18,Del Norte,015,27424,83,61,0,61,0
2020-07-18,El Dorado,017,186661,636,385,0,385,0
2020-07-18,Fresno,019,978130,17522,10381,143,10524,106
2020-07-18,Glenn,021,27897,303,212,0,212,0
2020-07-18,Humboldt,023,135768,217,189,1,190,4
2020-07-18,Imperial,025,180216,9724,7268,5,7273,124
2020-07-18,Inyo,027,18085,42,38,1,39,1
2020-07-18,Kern,029,883053,19869,9250,76,9326,114
2020-07-18,Kings,031,150075,3896,2996,23,3019,37
2020-07-18,Lake,033,64148,186,142,0,142,1
2020-07-18,Lassen,035,31185,542,474,2,476,0
2020-07-18,Los Angeles,037,10098052,173363,153265,308,153573,4088
2020-07-18,Madera,039,155013,2070,1260,3,1263,9
2020-07-18,Marin,041,260295,4751,4089,5,4094,21
2020-07-18,Mariposa,043,17540,49,35,0,35,1
2020-07-18,Mendocino,045,87422,209,137,0,137,0
2020-07-18,Merced,047,269075,4080,2424,3,2427,15
2020-07-18,Modoc,049,8938,3,0,0,0,0
2020-07-18,Mono,051,14174,105,54,1,55,1
2020-07-18,Monterey,053,433212,4147,3020,13,3033,17
2020-07-18,Napa,055,140530,903,609,0,609,5
2020-07-18,Nevada,057,99092,288,204,9,213,1
2020-07-18,Orange,059,3164182,38015,29603,566,30169,493
2020-07-18,Placer,061,380077,1778,1233,3,1236,11
2020-07-18,Plumas,063,18699,30,17,0,17,0
2020-07-18,Riverside,065,2383286,37939,30245,37,30282,581
2020-07-18,Sacramento,067,1510023,9620,6739,10,6749,95
2020-07-18,San Benito,069,59416,544,407,0,407,2
2020-07-18,San Bernardino,071,2135413,33225,23680,93,23773,336
2020-07-18,San Diego,073,3302833,27818,23116,2,23118,478
2020-07-18,San Francisco,075,870044,6065,5051,6,5057,52
2020-07-18,San Joaquin,077,732212,11448,8118,6,8124,93
2020-07-18,San Luis Obispo,079,281455,1675,1234,8,1242,6
2020-07-18,San Mateo,081,765935,5425,4488,6,4494,110
2020-07-18,Santa Barbara,083,443738,6606,5110,49,5159,29
2020-07-18,Santa Clara,085,1922200,10267,7255,25,7280,164
2020-07-18,Santa Cruz,087,273765,986,751,8,759,3
2020-07-18,Shasta,089,179085,372,216,1,217,9
2020-07-18,Sierra,091,2930,1,1,0,1,0
2020-07-18,Siskiyou,093,43540,71,42,0,42,0
2020-07-18,Solano,095,438530,3515,2503,12,2515,26
2020-07-18,Sonoma,097,501317,2836,2019,5,2024,15
2020-07-18,Stanislaus,099,539301,9025,6344,11,6355,58
2020-07-18,Sutter,101,95872,598,473,0,473,2
2020-07-18,Tehama,103,63373,202,136,2,138,1
2020-07-18,Trinity,105,12862,23,2,6,8,0
2020-07-18,Tulare,107,460477,9081,6810,32,6842,167
2020-07-18,Tuolumne,109,53932,122,75,2,77,0
2020-07-18,Ventura,111,848112,7297,5630,26,5656,52
2020-07-18,Yolo,113,214977,1474,1077,3,1080,30
2020-07-18,Yuba,115,75493,317,237,0,237,1
2020-07-17,Alameda,001,1643700,11133,8893,29,8922,160
2020-07-17,Alpine,003,1148,2,1,0,1,0
2020-07-17,Amador,005,37829,96,48,0,48,0
2020-07-17,Butte,007,227075,836,497,9,506,4
2020-07-17,Calaveras,009,45235,96,86,0,86,0
2020-07-17,Colusa,011,21464,272,146,0,146,0
2020-07-17,Contra Costa,013,1133247,7692,5483,22,5505,93
2020-07-17,Del Norte,015,27424,82,60,0,60,0
2020-07-17,El Dorado,017,186661,620,368,0,368,0
2020-07-17,Fresno,019,978130,17223,9954,143,10097,104
2020-07-17,Glenn,021,27897,296,203,0,203,0
2020-07-17,Humboldt,023,135768,216,185,1,186,4
2020-07-17,Imperial,025,180216,9702,7193,5,7198,120
2020-07-17,Inyo,027,18085,42,38,1,39,1
2020-07-17,Kern,029,883053,19549,8291,75,8366,113
2020-07-17,Kings,031,150075,3857,2978,23,3001,37
2020-07-17,Lake,033,64148,184,139,0,139,1
2020-07-17,Lassen,035,31185,523,391,2,393,0
2020-07-17,Los Angeles,037,10098052,170990,150481,296,150777,4052
2020-07-17,Madera,039,155013,2026,1214,3,1217,9
2020-07-17,Marin,041,260295,4714,3839,5,3844,21
2020-07-17,Mariposa,043,17540,47,35,0,35,1
2020-07-17,Mendocino,045,87422,201,126,0,126,0
2020-07-17,Merced,047,269075,4004,2328,3,2331,12
2020-07-17,Modoc,049,8938,2,0,0,0,0
2020-07-17,Mono,051,14174,100,54,1,55,1
2020-07-17,Monterey,053,433212,4018,2922,13,2935,18
2020-07-17,Napa,055,140530,889,598,0,598,5
2020-07-17,Nevada,057,99092,281,200,9,209,1
2020-07-17,Orange,059,3164182,37551,28962,533,29495,485
2020-07-17,Placer,061,380077,1749,1207,3,1210,11
2020-07-17,Plumas,063,18699,27,16,0,16,0
2020-07-17,Riverside,065,2383286,37341,29639,37,29676,580
2020-07-17,Sacramento,067,1510023,9376,6563,10,6573,95
2020-07-17,San Benito,069,59416,529,399,0,399,2
2020-07-17,San Bernardino,071,2135413,32705,23057,90,23147,322
2020-07-17,San Diego,073,3302833,27429,22491,2,22493,472
2020-07-17,San Francisco,075,870044,5971,4967,6,4973,52
2020-07-17,San Joaquin,077,732212,11204,7925,6,7931,86
2020-07-17,San Luis Obispo,079,281455,1639,1190,8,1198,6
2020-07-17,San Mateo,081,765935,5329,4407,6,4413,110
2020-07-17,Santa Barbara,083,443738,6532,5001,48,5049,29
2020-07-17,Santa Clara,085,1922200,10049,7080,25,7105,164
2020-07-17,Santa Cruz,087,273765,964,716,8,724,3
2020-07-17,Shasta,089,179085,360,213,1,214,8
2020-07-17,Sierra,091,2930,1,1,0,1,0
2020-07-17,Siskiyou,093,43540,70,40,0,40,0
2020-07-17,Solano,095,438530,3466,2452,12,2464,26
2020-07-17,Sonoma,097,501317,2788,1982,5,1987,15
2020-07-17,Stanislaus,099,539301,8851,6220,11,6231,56
2020-07-17,Sutter,101,95872,585,458,0,458,2
2020-07-17,Tehama,103,63373,198,128,2,130,1
2020-07-17,Trinity,105,12862,23,2,6,8,0
2020-07-17,Tulare,107,460477,8945,6671,32,6703,166
2020-07-17,Tuolumne,109,53932,121,73,2,75,0
2020-07-17,Ventura,111,848112,7213,5451,26,5477,51
2020-07-17,Yolo,113,214977,1450,1055,3,1058,30
2020-07-17,Yuba,115,75493,307,231,0,231,1
2020-07-16,Alameda,001,1643700,10899,8719,24,8743,153
2020-07-16,Alpine,003,1148,2,1,0,1,0
2020-07-16,Amador,005,37829,93,46,0,46,0
2020-07-16,Butte,007,227075,799,465,8,473,4
2020-07-16,Calaveras,009,45235,94,82,0,82,0
2020-07-16,Colusa,011,21464,263,140,0,140,0
2020-07-16,Contra Costa,013,1133247,7480,5338,16,5354,91
2020-07-16,Del Norte,015,27424,82,60,0,60,0
2020-07-16,El Dorado,017,186661,603,357,0,357,0
2020-07-16,Fresno,019,978130,16711,9481,134,9615,101
2020-07-16,Glenn,021,27897,287,190,0,190,0
2020-07-16,Humboldt,023,135768,214,184,1,185,4
2020-07-16,Imperial,025,180216,9607,7148,5,7153,113
2020-07-16,Inyo,027,18085,42,38,1,39,1
2020-07-16,Kern,029,883053,19027,7435,73,7508,112
2020-07-16,Kings,031,150075,3690,2937,23,2960,37
2020-07-16,Lake,033,64148,179,128,0,128,1
2020-07-16,Lassen,035,31185,522,355,2,357,0
2020-07-16,Los Angeles,037,10098052,167742,147759,273,148032,3994
2020-07-16,Madera,039,155013,1962,1192,3,1195,8
2020-07-16,Marin,041,260295,4642,3546,5,3551,21
2020-07-16,Mariposa,043,17540,45,34,0,34,1
2020-07-16,Mendocino,045,87422,196,121,0,121,0
2020-07-16,Merced,047,269075,3842,2228,3,2231,12
2020-07-16,Modoc,049,8938,1,0,0,0,0
2020-07-16,Mono,051,14174,97,53,1,54,1
2020-07-16,Monterey,053,433212,3914,2857,12,2869,18
2020-07-16,Napa,055,140530,860,581,0,581,5
2020-07-16,Nevada,057,99092,278,191,9,200,1
2020-07-16,Orange,059,3164182,36850,28525,497,29022,471
2020-07-16,Placer,061,380077,1701,1168,3,1171,11
2020-07-16,Plumas,063,18699,25,16,0,16,0
2020-07-16,Riverside,065,2383286,36596,28904,35,28939,577
2020-07-16,Sacramento,067,1510023,9063,6440,9,6449,91
2020-07-16,San Benito,069,59416,512,389,0,389,2
2020-07-16,San Bernardino,071,2135413,31844,22355,72,22427,321
2020-07-16,San Diego,073,3302833,26942,21857,2,21859,465
2020-07-16,San Francisco,075,870044,5830,4838,6,4844,52
2020-07-16,San Joaquin,077,732212,10841,7713,6,7719,82
2020-07-16,San Luis Obispo,079,281455,1595,1146,8,1154,6
2020-07-16,San Mateo,081,765935,5225,4336,6,4342,110
2020-07-16,Santa Barbara,083,443738,6432,4872,47,4919,28
2020-07-16,Santa Clara,085,1922200,9769,6990,23,7013,164
2020-07-16,Santa Cruz,087,273765,923,698,8,706,3
2020-07-16,Shasta,089,179085,345,208,1,209,7
2020-07-16,Sierra,091,2930,1,1,0,1,0
2020-07-16,Siskiyou,093,43540,67,39,0,39,0
2020-07-16,Solano,095,438530,3372,2372,12,2384,25
2020-07-16,Sonoma,097,501317,2698,1954,5,1959,14
2020-07-16,Stanislaus,099,539301,8569,6077,10,6087,56
2020-07-16,Sutter,101,95872,569,444,0,444,2
2020-07-16,Tehama,103,63373,188,126,2,128,1
2020-07-16,Trinity,105,12862,23,2,5,7,0
2020-07-16,Tulare,107,460477,8729,6467,31,6498,163
2020-07-16,Tuolumne,109,53932,116,71,2,73,0
2020-07-16,Ventura,111,848112,7051,5231,26,5257,50
2020-07-16,Yolo,113,214977,1408,1034,3,1037,29
2020-07-16,Yuba,115,75493,289,221,0,221,1
2020-07-15,Alameda,001,1643700,10694,8615,19,8634,153
2020-07-15,Alpine,003,1148,2,1,0,1,0
2020-07-15,Amador,005,37829,72,44,0,44,0
2020-07-15,Butte,007,227075,757,420,8,428,4
2020-07-15,Calaveras,009,45235,94,75,0,75,0
2020-07-15,Colusa,011,21464,258,135,0,135,0
2020-07-15,Contra Costa,013,1133247,7249,5246,16,5262,90
2020-07-15,Del Norte,015,27424,81,60,0,60,0
2020-07-15,El Dorado,017,186661,579,339,0,339,0
2020-07-15,Fresno,019,978130,16237,9124,127,9251,101
2020-07-15,Glenn,021,27897,278,184,0,184,0
2020-07-15,Humboldt,023,135768,212,181,1,182,4
2020-07-15,Imperial,025,180216,9540,7110,5,7115,110
2020-07-15,Inyo,027,18085,42,36,1,37,1
2020-07-15,Kern,029,883053,18407,7155,70,7225,108
2020-07-15,Kings,031,150075,3629,2906,23,2929,37
2020-07-15,Lake,033,64148,177,122,0,122,1
2020-07-15,Lassen,035,31185,518,319,2,321,0
2020-07-15,Los Angeles,037,10098052,164274,143343,258,143601,3946
2020-07-15,Madera,039,155013,1893,1147,3,1150,4
2020-07-15,Marin,041,260295,4587,3458,5,3463,21
2020-07-15,Mariposa,043,17540,45,34,0,34,1
2020-07-15,Mendocino,045,87422,193,119,0,119,0
2020-07-15,Merced,047,269075,3692,2156,3,2159,12
2020-07-15,Modoc,049,8938,1,0,0,0,0
2020-07-15,Mono,051,14174,95,52,1,53,1
2020-07-15,Monterey,053,433212,3802,2780,12,2792,18
2020-07-15,Napa,055,140530,834,573,0,573,5
2020-07-15,Nevada,057,99092,274,185,7,192,1
2020-07-15,Orange,059,3164182,36050,27718,463,28181,454
2020-07-15,Placer,061,380077,1643,1145,3,1148,11
2020-07-15,Plumas,063,18699,25,16,0,16,0
2020-07-15,Riverside,065,2383286,35814,28492,33,28525,568
2020-07-15,Sacramento,067,1510023,8682,6217,9,6226,91
2020-07-15,San Benito,069,59416,503,388,0,388,2
2020-07-15,San Bernardino,071,2135413,31054,21508,56,21564,317
2020-07-15,San Diego,073,3302833,26475,21448,2,21450,448
2020-07-15,San Francisco,075,870044,5716,4757,6,4763,50
2020-07-15,San Joaquin,077,732212,10409,7381,5,7386,75
2020-07-15,San Luis Obispo,079,281455,1552,1097,8,1105,6
2020-07-15,San Mateo,081,765935,5112,4258,6,4264,109
2020-07-15,Santa Barbara,083,443738,6315,4733,47,4780,28
2020-07-15,Santa Clara,085,1922200,9465,6900,23,6923,164
2020-07-15,Santa Cruz,087,273765,887,660,7,667,3
2020-07-15,Shasta,089,179085,336,193,1,194,7
2020-07-15,Sierra,091,2930,1,1,0,1,0
2020-07-15,Siskiyou,093,43540,66,38,0,38,0
2020-07-15,Solano,095,438530,3277,2343,12,2355,25
2020-07-15,Sonoma,097,501317,2600,1920,5,1925,14
2020-07-15,Stanislaus,099,539301,8272,5777,10,5787,56
2020-07-15,Sutter,101,95872,543,433,0,433,2
2020-07-15,Tehama,103,63373,180,126,2,128,1
2020-07-15,Trinity,105,12862,22,2,5,7,0
2020-07-15,Tulare,107,460477,8518,6320,30,6350,156
2020-07-15,Tuolumne,109,53932,109,68,2,70,0
2020-07-15,Ventura,111,848112,6874,5087,26,5113,50
2020-07-15,Yolo,113,214977,1375,1002,3,1005,27
2020-07-15,Yuba,115,75493,277,221,0,221,1
2020-07-14,Alameda,001,1643700,10352,8388,13,8401,151
2020-07-14,Alpine,003,1148,2,1,0,1,0
2020-07-14,Amador,005,37829,68,44,0,44,0
2020-07-14,Butte,007,227075,711,382,8,390,4
2020-07-14,Calaveras,009,45235,92,74,0,74,0
2020-07-14,Colusa,011,21464,248,128,0,128,0
2020-07-14,Contra Costa,013,1133247,7012,5110,14,5124,90
2020-07-14,Del Norte,015,27424,80,60,0,60,0
2020-07-14,El Dorado,017,186661,564,324,0,324,0
2020-07-14,Fresno,019,978130,15817,8941,122,9063,98
2020-07-14,Glenn,021,27897,268,177,0,177,0
2020-07-14,Humboldt,023,135768,209,175,1,176,4
2020-07-14,Imperial,025,180216,9412,7095,5,7100,109
2020-07-14,Inyo,027,18085,42,35,1,36,1
2020-07-14,Kern,029,883053,17648,6979,57,7036,107
2020-07-14,Kings,031,150075,3562,2867,22,2889,37
2020-07-14,Lake,033,64148,171,120,0,120,1
2020-07-14,Lassen,035,31185,501,263,2,265,0
2020-07-14,Los Angeles,037,10098052,161137,140632,228,140860,3900
2020-07-14,Madera,039,155013,1819,1118,3,1121,4
2020-07-14,Marin,041,260295,4473,3451,5,3456,21
2020-07-14,Mariposa,043,17540,41,32,0,32,1
2020-07-14,Mendocino,045,87422,185,110,0,110,0
2020-07-14,Merced,047,269075,3513,2084,3,2087,12
2020-07-14,Modoc,049,8938,1,0,0,0,0
2020-07-14,Mono,051,14174,85,48,1,49,1
2020-07-14,Monterey,053,433212,3688,2724,12,2736,18
2020-07-14,Napa,055,140530,778,557,0,557,4
2020-07-14,Nevada,057,99092,257,180,6,186,1
2020-07-14,Orange,059,3164182,35170,26915,416,27331,432
2020-07-14,Placer,061,380077,1585,1122,3,1125,11
2020-07-14,Plumas,063,18699,24,14,0,14,0
2020-07-14,Riverside,065,2383286,35057,27850,32,27882,547
2020-07-14,Sacramento,067,1510023,8328,5978,9,5987,87
2020-07-14,San Benito,069,59416,484,360,0,360,2
2020-07-14,San Bernardino,071,2135413,30202,20489,46,20535,316
2020-07-14,San Diego,073,3302833,25856,20887,2,20889,436
2020-07-14,San Francisco,075,870044,5566,4659,5,4664,50
2020-07-14,San Joaquin,077,732212,9981,7143,5,7148,75
2020-07-14,San Luis Obispo,079,281455,1514,1060,8,1068,5
2020-07-14,San Mateo,081,765935,5019,4173,6,4179,108
2020-07-14,Santa Barbara,083,443738,6191,4641,45,4686,28
2020-07-14,Santa Clara,085,1922200,9137,6686,20,6706,164
2020-07-14,Santa Cruz,087,273765,848,639,7,646,3
2020-07-14,Shasta,089,179085,327,190,1,191,7
2020-07-14,Sierra,091,2930,1,1,0,1,0
2020-07-14,Siskiyou,093,43540,65,38,0,38,0
2020-07-14,Solano,095,438530,3177,2266,10,2276,25
2020-07-14,Sonoma,097,501317,2508,1866,5,1871,14
2020-07-14,Stanislaus,099,539301,7898,5631,9,5640,53
2020-07-14,Sutter,101,95872,524,405,0,405,2
2020-07-14,Tehama,103,63373,168,123,2,125,1
2020-07-14,Trinity,105,12862,21,2,5,7,0
2020-07-14,Tulare,107,460477,8272,6199,30,6229,156
2020-07-14,Tuolumne,109,53932,104,68,2,70,0
2020-07-14,Ventura,111,848112,6713,4950,26,4976,50
2020-07-14,Yolo,113,214977,1327,966,3,969,27
2020-07-14,Yuba,115,75493,260,210,0,210,1
2020-07-13,Alameda,001,1643700,10044,8115,13,8128,148
2020-07-13,Alpine,003,1148,2,1,0,1,0
2020-07-13,Amador,005,37829,64,42,0,42,0
2020-07-13,Butte,007,227075,675,354,8,362,4
2020-07-13,Calaveras,009,45235,83,63,0,63,0
2020-07-13,Colusa,011,21464,242,116,0,116,0
2020-07-13,Contra Costa,013,1133247,6739,4882,12,4894,88
2020-07-13,Del Norte,015,27424,74,59,0,59,0
2020-07-13,El Dorado,017,186661,533,298,0,298,0
2020-07-13,Fresno,019,978130,15386,8666,117,8783,95
2020-07-13,Glenn,021,27897,261,168,0,168,0
2020-07-13,Humboldt,023,135768,204,174,1,175,4
2020-07-13,Imperial,025,180216,9327,7052,5,7057,109
2020-07-13,Inyo,027,18085,41,35,1,36,1
2020-07-13,Kern,029,883053,16963,6808,52,6860,107
2020-07-13,Kings,031,150075,3511,2824,22,2846,37
2020-07-13,Lake,033,64148,166,118,0,118,1
2020-07-13,Lassen,035,31185,496,237,2,239,0
2020-07-13,Los Angeles,037,10098052,157902,136368,214,136582,3829
2020-07-13,Madera,039,155013,1750,1059,3,1062,4
2020-07-13,Marin,041,260295,4370,3402,5,3407,21
2020-07-13,Mariposa,043,17540,40,31,0,31,1
2020-07-13,Mendocino,045,87422,181,87,0,87,0
2020-07-13,Merced,047,269075,3364,2007,3,2010,12
2020-07-13,Modoc,049,8938,1,0,0,0,0
2020-07-13,Mono,051,14174,81,47,0,47,1
2020-07-13,Monterey,053,433212,3565,2613,9,2622,18
2020-07-13,Napa,055,140530,742,534,0,534,4
2020-07-13,Nevada,057,99092,243,172,6,178,1
2020-07-13,Orange,059,3164182,34306,25978,386,26364,423
2020-07-13,Placer,061,380077,1540,1096,3,1099,11
2020-07-13,Plumas,063,18699,22,14,0,14,0
2020-07-13,Riverside,065,2383286,34133,27136,30,27166,545
2020-07-13,Sacramento,067,1510023,8031,5747,9,5756,85
2020-07-13,San Benito,069,59416,471,343,0,343,2
2020-07-13,San Bernardino,071,2135413,29324,19610,40,19650,313
2020-07-13,San Diego,073,3302833,25289,20348,2,20350,422
2020-07-13,San Francisco,075,870044,5438,4534,4,4538,50
2020-07-13,San Joaquin,077,732212,9564,6927,5,6932,71
2020-07-13,San Luis Obispo,079,281455,1483,989,8,997,5
2020-07-13,San Mateo,081,765935,4888,4057,6,4063,108
2020-07-13,Santa Barbara,083,443738,6077,4441,44,4485,28
2020-07-13,Santa Clara,085,1922200,8814,6488,19,6507,164
2020-07-13,Santa Cruz,087,273765,810,574,7,581,3
2020-07-13,Shasta,089,179085,316,185,1,186,6
2020-07-13,Sierra,091,2930,1,1,0,1,0
2020-07-13,Siskiyou,093,43540,61,37,0,37,0
2020-07-13,Solano,095,438530,3065,2046,10,2056,23
2020-07-13,Sonoma,097,501317,2397,1818,5,1823,14
2020-07-13,Stanislaus,099,539301,7595,5324,8,5332,53
2020-07-13,Sutter,101,95872,486,379,0,379,2
2020-07-13,Tehama,103,63373,155,112,2,114,1
2020-07-13,Trinity,105,12862,21,2,5,7,0
2020-07-13,Tulare,107,460477,8011,5930,28,5958,147
2020-07-13,Tuolumne,109,53932,96,56,2,58,0
2020-07-13,Ventura,111,848112,6523,4800,23,4823,50
2020-07-13,Yolo,113,214977,1282,941,3,944,27
2020-07-13,Yuba,115,75493,245,194,0,194,1
2020-07-12,Alameda,001,1643700,9773,8056,13,8069,148
2020-07-12,Alpine,003,1148,2,1,0,1,0
2020-07-12,Amador,005,37829,54,40,0,40,0
2020-07-12,Butte,007,227075,625,341,7,348,4
2020-07-12,Calaveras,009,45235,83,62,0,62,0
2020-07-12,Colusa,011,21464,208,116,0,116,0
2020-07-12,Contra Costa,013,1133247,6468,4708,10,4718,88
2020-07-12,Del Norte,015,27424,63,59,0,59,0
2020-07-12,El Dorado,017,186661,511,290,0,290,0
2020-07-12,Fresno,019,978130,14959,8407,112,8519,95
2020-07-12,Glenn,021,27897,248,166,0,166,0
2020-07-12,Humboldt,023,135768,200,174,1,175,4
2020-07-12,Imperial,025,180216,9208,6999,5,7004,109
2020-07-12,Inyo,027,18085,39,35,1,36,1
2020-07-12,Kern,029,883053,16219,6662,49,6711,105
2020-07-12,Kings,031,150075,3449,2779,22,2801,34
2020-07-12,Lake,033,64148,157,114,0,114,1
2020-07-12,Lassen,035,31185,489,237,2,239,0
2020-07-12,Los Angeles,037,10098052,154481,133830,185,134015,3816
2020-07-12,Madera,039,155013,1695,1025,3,1028,4
2020-07-12,Marin,041,260295,4293,3358,5,3363,21
2020-07-12,Mariposa,043,17540,39,31,0,31,1
2020-07-12,Mendocino,045,87422,162,88,0,88,0
2020-07-12,Merced,047,269075,3234,1908,3,1911,12
2020-07-12,Modoc,049,8938,1,0,0,0,0
2020-07-12,Mono,051,14174,71,45,0,45,1
2020-07-12,Monterey,053,433212,3450,2521,9,2530,18
2020-07-12,Napa,055,140530,710,519,0,519,4
2020-07-12,Nevada,057,99092,233,166,6,172,1
2020-07-12,Orange,059,3164182,33431,25399,377,25776,422
2020-07-12,Placer,061,380077,1484,1058,3,1061,11
2020-07-12,Plumas,063,18699,21,14,0,14,0
2020-07-12,Riverside,065,2383286,33374,26404,30,26434,542
2020-07-12,Sacramento,067,1510023,7719,5515,7,5522,85
2020-07-12,San Benito,069,59416,456,324,0,324,2
2020-07-12,San Bernardino,071,2135413,28411,19042,35,19077,312
2020-07-12,San Diego,073,3302833,24660,19929,2,19931,422
2020-07-12,San Francisco,075,870044,5288,4535,4,4539,50
2020-07-12,San Joaquin,077,732212,9202,6703,5,6708,71
2020-07-12,San Luis Obispo,079,281455,1436,972,7,979,5
2020-07-12,San Mateo,081,765935,4770,3988,6,3994,108
2020-07-12,Santa Barbara,083,443738,5947,4353,43,4396,28
2020-07-12,Santa Clara,085,1922200,8576,6252,18,6270,164
2020-07-12,Santa Cruz,087,273765,768,573,5,578,3
2020-07-12,Shasta,089,179085,310,173,1,174,6
2020-07-12,Sierra,091,2930,1,1,0,1,0
2020-07-12,Siskiyou,093,43540,59,36,0,36,0
2020-07-12,Solano,095,438530,2940,2037,10,2047,23
2020-07-12,Sonoma,097,501317,2302,1743,5,1748,13
2020-07-12,Stanislaus,099,539301,7291,5177,8,5185,53
2020-07-12,Sutter,101,95872,468,362,0,362,2
2020-07-12,Tehama,103,63373,148,111,2,113,1
2020-07-12,Trinity,105,12862,21,2,5,7,0
2020-07-12,Tulare,107,460477,7756,5864,27,5891,146
2020-07-12,Tuolumne,109,53932,88,52,2,54,0
2020-07-12,Ventura,111,848112,6307,4724,22,4746,50
2020-07-12,Yolo,113,214977,1241,889,3,892,27
2020-07-12,Yuba,115,75493,234,188,0,188,1
2020-07-11,Alameda,001,1643700,9671,7845,13,7858,148
2020-07-11,Alpine,003,1148,2,1,0,1,0
2020-07-11,Amador,005,37829,50,37,0,37,0
2020-07-11,Butte,007,227075,609,325,7,332,4
2020-07-11,Calaveras,009,45235,80,62,0,62,0
2020-07-11,Colusa,011,21464,203,110,0,110,0
2020-07-11,Contra Costa,013,1133247,6351,4650,10,4660,87
2020-07-11,Del Norte,015,27424,63,59,0,59,0
2020-07-11,El Dorado,017,186661,500,283,0,283,0
2020-07-11,Fresno,019,978130,14699,8086,110,8196,95
2020-07-11,Glenn,021,27897,240,161,0,161,0
2020-07-11,Humboldt,023,135768,199,174,1,175,4
2020-07-11,Imperial,025,180216,9169,6884,5,6889,109
2020-07-11,Inyo,027,18085,39,35,1,36,1
2020-07-11,Kern,029,883053,15862,6509,48,6557,103
2020-07-11,Kings,031,150075,3422,2753,22,2775,33
2020-07-11,Lake,033,64148,156,110,0,110,1
2020-07-11,Lassen,035,31185,488,237,2,239,0
2020-07-11,Los Angeles,037,10098052,152762,130479,175,130654,3802
2020-07-11,Madera,039,155013,1654,988,3,991,4
2020-07-11,Marin,041,260295,4265,3191,5,3196,21
2020-07-11,Mariposa,043,17540,39,31,0,31,1
2020-07-11,Mendocino,045,87422,158,88,0,88,0
2020-07-11,Merced,047,269075,3153,1851,3,1854,12
2020-07-11,Modoc,049,8938,1,0,0,0,0
2020-07-11,Mono,051,14174,68,45,0,45,1
2020-07-11,Monterey,053,433212,3361,2376,8,2384,18
2020-07-11,Napa,055,140530,698,509,0,509,4
2020-07-11,Nevada,057,99092,224,163,5,168,1
2020-07-11,Orange,059,3164182,33054,24430,363,24793,422
2020-07-11,Placer,061,380077,1449,1029,3,1032,11
2020-07-11,Plumas,063,18699,21,12,0,12,0
2020-07-11,Riverside,065,2383286,32983,25994,30,26024,538
2020-07-11,Sacramento,067,1510023,7545,5367,7,5374,84
2020-07-11,San Benito,069,59416,441,314,0,314,2
2020-07-11,San Bernardino,071,2135413,27974,18907,33,18940,310
2020-07-11,San Diego,073,3302833,24275,19371,2,19373,422
2020-07-11,San Francisco,075,870044,5192,4430,3,4433,50
2020-07-11,San Joaquin,077,732212,9024,6518,5,6523,72
2020-07-11,San Luis Obispo,079,281455,1388,930,7,937,4
2020-07-11,San Mateo,081,765935,4702,3956,6,3962,108
2020-07-11,Santa Barbara,083,443738,5878,4283,42,4325,28
2020-07-11,Santa Clara,085,1922200,8417,5959,18,5977,164
2020-07-11,Santa Cruz,087,273765,737,571,5,576,3
2020-07-11,Shasta,089,179085,303,168,1,169,6
2020-07-11,Sierra,091,2930,1,1,0,1,0
2020-07-11,Siskiyou,093,43540,59,36,0,36,0
2020-07-11,Solano,095,438530,2899,2034,10,2044,23
2020-07-11,Sonoma,097,501317,2265,1690,5,1695,13
2020-07-11,Stanislaus,099,539301,7150,4911,8,4919,51
2020-07-11,Sutter,101,95872,452,352,0,352,2
2020-07-11,Tehama,103,63373,146,111,2,113,1
2020-07-11,Trinity,105,12862,21,2,5,7,0
2020-07-11,Tulare,107,460477,7650,5780,27,5807,149
2020-07-11,Tuolumne,109,53932,86,50,2,52,0
2020-07-11,Ventura,111,848112,6211,4545,21,4566,49
2020-07-11,Yolo,113,214977,1211,833,3,836,27
2020-07-11,Yuba,115,75493,224,175,0,175,1
2020-07-10,Alameda,001,1643700,9514,7551,13,7564,147
2020-07-10,Alpine,003,1148,2,1,0,1,0
2020-07-10,Amador,005,37829,46,37,0,37,0
2020-07-10,Butte,007,227075,598,318,7,325,4
2020-07-10,Calaveras,009,45235,80,61,0,61,0
2020-07-10,Colusa,011,21464,197,103,0,103,0
2020-07-10,Contra Costa,013,1133247,6208,4482,10,4492,86
2020-07-10,Del Norte,015,27424,63,57,0,57,0
2020-07-10,El Dorado,017,186661,482,266,0,266,0
2020-07-10,Fresno,019,978130,14367,7760,107,7867,93
2020-07-10,Glenn,021,27897,235,157,0,157,0
2020-07-10,Humboldt,023,135768,198,168,1,169,4
2020-07-10,Imperial,025,180216,9124,6878,4,6882,98
2020-07-10,Inyo,027,18085,39,35,1,36,1
2020-07-10,Kern,029,883053,15429,6344,47,6391,102
2020-07-10,Kings,031,150075,3386,2707,22,2729,33
2020-07-10,Lake,033,64148,149,104,0,104,1
2020-07-10,Lassen,035,31185,487,235,2,237,0
2020-07-10,Los Angeles,037,10098052,150343,127503,169,127672,3750
2020-07-10,Madera,039,155013,1608,914,3,917,4
2020-07-10,Marin,041,260295,4202,3101,5,3106,21
2020-07-10,Mariposa,043,17540,38,31,0,31,1
2020-07-10,Mendocino,045,87422,150,88,0,88,0
2020-07-10,Merced,047,269075,3074,1802,3,1805,12
2020-07-10,Modoc,049,8938,1,0,0,0,0
2020-07-10,Mono,051,14174,67,45,0,45,1
2020-07-10,Monterey,053,433212,3282,2285,8,2293,18
2020-07-10,Napa,055,140530,687,496,0,496,4
2020-07-10,Nevada,057,99092,219,161,5,166,1
2020-07-10,Orange,059,3164182,32466,23692,360,24052,416
2020-07-10,Placer,061,380077,1409,1002,3,1005,11
2020-07-10,Plumas,063,18699,19,12,0,12,0
2020-07-10,Riverside,065,2383286,32466,25481,30,25511,533
2020-07-10,Sacramento,067,1510023,7290,5181,7,5188,81
2020-07-10,San Benito,069,59416,432,302,0,302,2
2020-07-10,San Bernardino,071,2135413,27448,18242,30,18272,308
2020-07-10,San Diego,073,3302833,23894,18862,2,18864,420
2020-07-10,San Francisco,075,870044,5101,4305,3,4308,50
2020-07-10,San Joaquin,077,732212,8791,6225,5,6230,67
2020-07-10,San Luis Obispo,079,281455,1350,891,7,898,4
2020-07-10,San Mateo,081,765935,4637,3844,6,3850,107
2020-07-10,Santa Barbara,083,443738,5781,4177,41,4218,28
2020-07-10,Santa Clara,085,1922200,8193,5819,18,5837,164
2020-07-10,Santa Cruz,087,273765,710,540,5,545,3
2020-07-10,Shasta,089,179085,299,158,1,159,6
2020-07-10,Sierra,091,2930,1,1,0,1,0
2020-07-10,Siskiyou,093,43540,59,31,0,31,0
2020-07-10,Solano,095,438530,2852,1950,10,1960,23
2020-07-10,Sonoma,097,501317,2218,1606,4,1610,13
2020-07-10,Stanislaus,099,539301,6980,4781,8,4789,46
2020-07-10,Sutter,101,95872,445,338,0,338,2
2020-07-10,Tehama,103,63373,145,107,2,109,1
2020-07-10,Trinity,105,12862,21,2,5,7,0
2020-07-10,Tulare,107,460477,7513,5677,27,5704,150
2020-07-10,Tuolumne,109,53932,85,49,2,51,0
2020-07-10,Ventura,111,848112,6097,4416,21,4437,48
2020-07-10,Yolo,113,214977,1187,794,3,797,27
2020-07-10,Yuba,115,75493,210,164,0,164,1
2020-07-09,Alameda,001,1643700,9278,7433,13,7446,146
2020-07-09,Alpine,003,1148,2,1,0,1,0
2020-07-09,Amador,005,37829,43,36,0,36,0
2020-07-09,Butte,007,227075,566,295,7,302,4
2020-07-09,Calaveras,009,45235,79,59,0,59,0
2020-07-09,Colusa,011,21464,189,97,0,97,0
2020-07-09,Contra Costa,013,1133247,5965,4388,10,4398,86
2020-07-09,Del Norte,015,27424,63,57,0,57,0
2020-07-09,El Dorado,017,186661,457,255,0,255,0
2020-07-09,Fresno,019,978130,13910,7385,104,7489,90
2020-07-09,Glenn,021,27897,225,150,0,150,0
2020-07-09,Humboldt,023,135768,195,166,1,167,4
2020-07-09,Imperial,025,180216,9029,6778,4,6782,87
2020-07-09,Inyo,027,18085,37,35,1,36,1
2020-07-09,Kern,029,883053,14784,6100,45,6145,95
2020-07-09,Kings,031,150075,3322,2686,21,2707,33
2020-07-09,Lake,033,64148,146,99,0,99,1
2020-07-09,Lassen,035,31185,431,221,2,223,0
2020-07-09,Los Angeles,037,10098052,147079,125062,145,125207,3698
2020-07-09,Madera,039,155013,1531,850,3,853,4
2020-07-09,Marin,041,260295,4051,2975,4,2979,20
2020-07-09,Mariposa,043,17540,38,32,0,32,1
2020-07-09,Mendocino,045,87422,146,88,0,88,0
2020-07-09,Merced,047,269075,2941,1728,3,1731,11
2020-07-09,Modoc,049,8938,1,0,0,0,0
2020-07-09,Mono,051,14174,63,45,0,45,1
2020-07-09,Monterey,053,433212,3157,2223,8,2231,17
2020-07-09,Napa,055,140530,670,468,0,468,4
2020-07-09,Nevada,057,99092,213,156,5,161,1
2020-07-09,Orange,059,3164182,31495,22960,342,23302,407
2020-07-09,Placer,061,380077,1366,982,3,985,11
2020-07-09,Plumas,063,18699,19,12,0,12,0
2020-07-09,Riverside,065,2383286,31572,24980,29,25009,529
2020-07-09,Sacramento,067,1510023,6963,4950,7,4957,81
2020-07-09,San Benito,069,59416,416,295,0,295,2
2020-07-09,San Bernardino,071,2135413,26575,17339,24,17363,307
2020-07-09,San Diego,073,3302833,23302,18404,2,18406,415
2020-07-09,San Francisco,075,870044,4969,4143,3,4146,50
2020-07-09,San Joaquin,077,732212,8432,6004,5,6009,66
2020-07-09,San Luis Obispo,079,281455,1310,869,7,876,3
2020-07-09,San Mateo,081,765935,4510,3792,6,3798,106
2020-07-09,Santa Barbara,083,443738,5647,4068,41,4109,28
2020-07-09,Santa Clara,085,1922200,7936,5638,18,5656,164
2020-07-09,Santa Cruz,087,273765,683,526,5,531,3
2020-07-09,Shasta,089,179085,293,155,1,156,5
2020-07-09,Sierra,091,2930,1,1,0,1,0
2020-07-09,Siskiyou,093,43540,55,31,0,31,0
2020-07-09,Solano,095,438530,2754,1892,10,1902,23
2020-07-09,Sonoma,097,501317,2132,1584,4,1588,13
2020-07-09,Stanislaus,099,539301,6664,4633,7,4640,46
2020-07-09,Sutter,101,95872,428,321,0,321,2
2020-07-09,Tehama,103,63373,140,102,2,104,1
2020-07-09,Trinity,105,12862,21,2,5,7,0
2020-07-09,Tulare,107,460477,7294,5501,26,5527,146
2020-07-09,Tuolumne,109,53932,84,47,2,49,0
2020-07-09,Ventura,111,848112,5929,4278,21,4299,47
2020-07-09,Yolo,113,214977,1140,764,3,767,27
2020-07-09,Yuba,115,75493,193,152,0,152,1
2020-07-08,Alameda,001,1643700,8986,7335,13,7348,142
2020-07-08,Alpine,003,1148,2,1,0,1,0
2020-07-08,Amador,005,37829,40,35,0,35,0
2020-07-08,Butte,007,227075,529,281,7,288,3
2020-07-08,Calaveras,009,45235,74,58,0,58,0
2020-07-08,Colusa,011,21464,176,90,0,90,0
2020-07-08,Contra Costa,013,1133247,5719,4268,8,4276,84
2020-07-08,Del Norte,015,27424,61,57,0,57,0
2020-07-08,El Dorado,017,186661,436,248,0,248,0
2020-07-08,Fresno,019,978130,13493,7102,96,7198,86
2020-07-08,Glenn,021,27897,214,146,0,146,0
2020-07-08,Humboldt,023,135768,192,162,1,163,4
2020-07-08,Imperial,025,180216,8942,6727,4,6731,76
2020-07-08,Inyo,027,18085,37,35,1,36,1
2020-07-08,Kern,029,883053,14206,5873,43,5916,91
2020-07-08,Kings,031,150075,3262,2629,18,2647,33
2020-07-08,Lake,033,64148,139,97,0,97,1
2020-07-08,Lassen,035,31185,335,221,2,223,0
2020-07-08,Los Angeles,037,10098052,143861,123462,118,123580,3650
2020-07-08,Madera,039,155013,1461,828,3,831,4
2020-07-08,Marin,041,260295,3952,2756,4,2760,17
2020-07-08,Mariposa,043,17540,38,31,0,31,1
2020-07-08,Mendocino,045,87422,133,84,0,84,0
2020-07-08,Merced,047,269075,2822,1578,3,1581,11
2020-07-08,Modoc,049,8938,1,0,0,0,0
2020-07-08,Mono,051,14174,60,45,0,45,1
2020-07-08,Monterey,053,433212,3039,2182,7,2189,17
2020-07-08,Napa,055,140530,647,468,0,468,4
2020-07-08,Nevada,057,99092,204,156,5,161,1
2020-07-08,Orange,059,3164182,30542,22088,337,22425,378
2020-07-08,Placer,061,380077,1320,948,3,951,11
2020-07-08,Plumas,063,18699,19,12,0,12,0
2020-07-08,Riverside,065,2383286,30608,24042,28,24070,508
2020-07-08,Sacramento,067,1510023,6675,4799,7,4806,80
2020-07-08,San Benito,069,59416,400,282,0,282,2
2020-07-08,San Bernardino,071,2135413,25720,16510,20,16530,296
2020-07-08,San Diego,073,3302833,22735,17844,2,17846,406
2020-07-08,San Francisco,075,870044,4880,4093,3,4096,50
2020-07-08,San Joaquin,077,732212,8089,5759,5,5764,61
2020-07-08,San Luis Obispo,079,281455,1259,825,7,832,2
2020-07-08,San Mateo,081,765935,4389,3733,6,3739,106
2020-07-08,Santa Barbara,083,443738,5528,3985,41,4026,28
2020-07-08,Santa Clara,085,1922200,7703,5510,18,5528,164
2020-07-08,Santa Cruz,087,273765,650,509,4,513,3
2020-07-08,Shasta,089,179085,284,148,1,149,6
2020-07-08,Sierra,091,2930,1,1,0,1,0
2020-07-08,Siskiyou,093,43540,55,31,0,31,0
2020-07-08,Solano,095,438530,2638,1821,10,1831,23
2020-07-08,Sonoma,097,501317,2057,1495,4,1499,9
2020-07-08,Stanislaus,099,539301,6364,4344,7,4351,46
2020-07-08,Sutter,101,95872,403,298,0,298,2
2020-07-08,Tehama,103,63373,134,100,2,102,1
2020-07-08,Trinity,105,12862,20,2,5,7,0
2020-07-08,Tulare,107,460477,7102,5307,21,5328,138
2020-07-08,Tuolumne,109,53932,80,42,2,44,0
2020-07-08,Ventura,111,848112,5764,4139,21,4160,47
2020-07-08,Yolo,113,214977,1097,727,3,730,26
2020-07-08,Yuba,115,75493,180,145,0,145,1
2020-07-07,Alameda,001,1643700,8667,7097,12,7109,141
2020-07-07,Alpine,003,1148,2,1,0,1,0
2020-07-07,Amador,005,37829,40,33,0,33,0
2020-07-07,Butte,007,227075,486,269,7,276,3
2020-07-07,Calaveras,009,45235,72,58,0,58,0
2020-07-07,Colusa,011,21464,143,84,0,84,0
2020-07-07,Contra Costa,013,1133247,5483,4131,7,4138,84
2020-07-07,Del Norte,015,27424,61,57,0,57,0
2020-07-07,El Dorado,017,186661,416,244,0,244,0
2020-07-07,Fresno,019,978130,13040,6738,95,6833,84
2020-07-07,Glenn,021,27897,205,145,0,145,0
2020-07-07,Humboldt,023,135768,189,150,1,151,4
2020-07-07,Imperial,025,180216,8843,6678,4,6682,51
2020-07-07,Inyo,027,18085,36,32,1,33,1
2020-07-07,Kern,029,883053,13507,5645,39,5684,88
2020-07-07,Kings,031,150075,3199,2623,16,2639,33
2020-07-07,Lake,033,64148,129,94,0,94,1
2020-07-07,Lassen,035,31185,264,219,2,221,0
2020-07-07,Los Angeles,037,10098052,140291,121026,110,121136,3588
2020-07-07,Madera,039,155013,1417,794,3,797,4
2020-07-07,Marin,041,260295,3863,2627,4,2631,17
2020-07-07,Mariposa,043,17540,38,31,0,31,1
2020-07-07,Mendocino,045,87422,125,82,0,82,0
2020-07-07,Merced,047,269075,2648,1531,3,1534,10
2020-07-07,Modoc,049,8938,1,0,0,0,0
2020-07-07,Mono,051,14174,59,42,0,42,1
2020-07-07,Monterey,053,433212,2896,2166,7,2173,17
2020-07-07,Napa,055,140530,628,459,0,459,4
2020-07-07,Nevada,057,99092,198,150,5,155,1
2020-07-07,Orange,059,3164182,29531,21741,323,22064,373
2020-07-07,Placer,061,380077,1279,930,3,933,11
2020-07-07,Plumas,063,18699,17,12,0,12,0
2020-07-07,Riverside,065,2383286,29593,23279,28,23307,499
2020-07-07,Sacramento,067,1510023,6331,4592,7,4599,76
2020-07-07,San Benito,069,59416,382,274,0,274,2
2020-07-07,San Bernardino,071,2135413,24849,16004,18,16022,277
2020-07-07,San Diego,073,3302833,22020,17580,2,17582,399
2020-07-07,San Francisco,075,870044,4787,4045,2,4047,50
2020-07-07,San Joaquin,077,732212,7747,5547,5,5552,59
2020-07-07,San Luis Obispo,079,281455,1198,795,7,802,2
2020-07-07,San Mateo,081,765935,4274,3691,6,3697,106
2020-07-07,Santa Barbara,083,443738,5399,3866,40,3906,27
2020-07-07,Santa Clara,085,1922200,7434,5438,18,5456,164
2020-07-07,Santa Cruz,087,273765,616,502,3,505,2
2020-07-07,Shasta,089,179085,271,144,1,145,6
2020-07-07,Sierra,091,2930,1,1,0,1,0
2020-07-07,Siskiyou,093,43540,54,30,0,30,0
2020-07-07,Solano,095,438530,2527,1776,9,1785,22
2020-07-07,Sonoma,097,501317,1986,1473,4,1477,8
2020-07-07,Stanislaus,099,539301,6025,4101,7,4108,46
2020-07-07,Sutter,101,95872,377,273,0,273,2
2020-07-07,Tehama,103,63373,125,95,2,97,1
2020-07-07,Trinity,105,12862,20,2,5,7,0
2020-07-07,Tulare,107,460477,6922,5189,19,5208,137
2020-07-07,Tuolumne,109,53932,74,40,2,42,0
2020-07-07,Ventura,111,848112,5595,3992,19,4011,46
2020-07-07,Yolo,113,214977,1029,706,3,709,26
2020-07-07,Yuba,115,75493,160,138,0,138,1
2020-07-06,Alameda,001,1643700,8429,6970,12,6982,141
2020-07-06,Alpine,003,1148,1,1,0,1,0
2020-07-06,Amador,005,37829,38,33,0,33,0
2020-07-06,Butte,007,227075,430,257,7,264,2
2020-07-06,Calaveras,009,45235,69,45,0,45,0
2020-07-06,Colusa,011,21464,134,80,0,80,0
2020-07-06,Contra Costa,013,1133247,5253,3901,6,3907,83
2020-07-06,Del Norte,015,27424,60,57,0,57,0
2020-07-06,El Dorado,017,186661,401,232,0,232,0
2020-07-06,Fresno,019,978130,12572,6364,89,6453,82
2020-07-06,Glenn,021,27897,197,129,0,129,0
2020-07-06,Humboldt,023,135768,187,148,1,149,3
2020-07-06,Imperial,025,180216,8724,6443,4,6447,47
2020-07-06,Inyo,027,18085,36,32,1,33,1
2020-07-06,Kern,029,883053,12701,5491,37,5528,82
2020-07-06,Kings,031,150075,3148,2583,11,2594,33
2020-07-06,Lake,033,64148,122,93,0,93,1
2020-07-06,Lassen,035,31185,262,219,2,221,0
2020-07-06,Los Angeles,037,10098052,136681,116707,96,116803,3541
2020-07-06,Madera,039,155013,1347,734,3,737,4
2020-07-06,Marin,041,260295,3623,2136,4,2140,17
2020-07-06,Mariposa,043,17540,36,31,0,31,1
2020-07-06,Mendocino,045,87422,108,72,0,72,0
2020-07-06,Merced,047,269075,2497,1396,3,1399,10
2020-07-06,Modoc,049,8938,1,0,0,0,0
2020-07-06,Mono,051,14174,58,40,0,40,1
2020-07-06,Monterey,053,433212,2806,2078,7,2085,15
2020-07-06,Napa,055,140530,610,454,0,454,4
2020-07-06,Nevada,057,99092,192,146,5,151,1
2020-07-06,Orange,059,3164182,28469,20167,286,20453,372
2020-07-06,Placer,061,380077,1217,904,3,907,11
2020-07-06,Plumas,063,18699,17,11,0,11,0
2020-07-06,Riverside,065,2383286,28541,22485,27,22512,477
2020-07-06,Sacramento,067,1510023,5981,4420,7,4427,71
2020-07-06,San Benito,069,59416,367,264,0,264,2
2020-07-06,San Bernardino,071,2135413,23993,15346,15,15361,272
2020-07-06,San Diego,073,3302833,21306,17002,2,17004,387
2020-07-06,San Francisco,075,870044,4666,3861,2,3863,50
2020-07-06,San Joaquin,077,732212,7377,5104,5,5109,57
2020-07-06,San Luis Obispo,079,281455,1140,751,7,758,2
2020-07-06,San Mateo,081,765935,4182,3650,5,3655,106
2020-07-06,Santa Barbara,083,443738,5262,3763,39,3802,27
2020-07-06,Santa Clara,085,1922200,7163,5369,18,5387,165
2020-07-06,Santa Cruz,087,273765,594,466,2,468,2
2020-07-06,Shasta,089,179085,261,143,1,144,6
2020-07-06,Sierra,091,2930,1,1,0,1,0
2020-07-06,Siskiyou,093,43540,50,30,0,30,0
2020-07-06,Solano,095,438530,2394,1668,9,1677,22
2020-07-06,Sonoma,097,501317,1922,1369,4,1373,8
2020-07-06,Stanislaus,099,539301,5623,3983,7,3990,46
2020-07-06,Sutter,101,95872,350,250,0,250,2
2020-07-06,Tehama,103,63373,122,95,2,97,1
2020-07-06,Trinity,105,12862,19,2,5,7,0
2020-07-06,Tulare,107,460477,6717,5039,17,5056,136
2020-07-06,Tuolumne,109,53932,71,30,2,32,0
2020-07-06,Ventura,111,848112,5402,3912,19,3931,44
2020-07-06,Yolo,113,214977,973,685,3,688,26
2020-07-06,Yuba,115,75493,146,124,0,124,1
2020-07-05,Alameda,001,1643700,8177,6861,12,6873,141
2020-07-05,Alpine,003,1148,1,1,0,1,0
2020-07-05,Amador,005,37829,36,31,0,31,0
2020-07-05,Butte,007,227075,395,248,7,255,2
2020-07-05,Calaveras,009,45235,66,45,0,45,0
2020-07-05,Colusa,011,21464,124,79,0,79,0
2020-07-05,Contra Costa,013,1133247,5013,3665,5,3670,80
2020-07-05,Del Norte,015,27424,60,57,0,57,0
2020-07-05,El Dorado,017,186661,383,227,0,227,0
2020-07-05,Fresno,019,978130,12004,6186,87,6273,82
2020-07-05,Glenn,021,27897,194,129,0,129,0
2020-07-05,Humboldt,023,135768,183,147,1,148,3
2020-07-05,Imperial,025,180216,8590,6441,4,6445,47
2020-07-05,Inyo,027,18085,35,32,1,33,1
2020-07-05,Kern,029,883053,11991,5351,37,5388,82
2020-07-05,Kings,031,150075,3065,2546,10,2556,31
2020-07-05,Lake,033,64148,122,92,0,92,1
2020-07-05,Lassen,035,31185,256,219,2,221,0
2020-07-05,Los Angeles,037,10098052,133461,115133,90,115223,3495
2020-07-05,Madera,039,155013,1268,564,3,567,4
2020-07-05,Marin,041,260295,3440,2080,4,2084,17
2020-07-05,Mariposa,043,17540,36,31,0,31,1
2020-07-05,Mendocino,045,87422,105,72,0,72,0
2020-07-05,Merced,047,269075,2352,1340,3,1343,10
2020-07-05,Modoc,049,8938,1,0,0,0,0
2020-07-05,Mono,051,14174,54,39,0,39,1
2020-07-05,Monterey,053,433212,2703,1994,7,2001,15
2020-07-05,Napa,055,140530,580,450,0,450,4
2020-07-05,Nevada,057,99092,186,141,5,146,1
2020-07-05,Orange,059,3164182,27529,19430,273,19703,372
2020-07-05,Placer,061,380077,1160,855,3,858,11
2020-07-05,Plumas,063,18699,16,11,0,11,0
2020-07-05,Riverside,065,2383286,27684,21511,27,21538,474
2020-07-05,Sacramento,067,1510023,5666,4265,6,4271,71
2020-07-05,San Benito,069,59416,348,258,0,258,2
2020-07-05,San Bernardino,071,2135413,23115,15026,15,15041,270
2020-07-05,San Diego,073,3302833,20618,16728,2,16730,387
2020-07-05,San Francisco,075,870044,4548,3861,2,3863,50
2020-07-05,San Joaquin,077,732212,7058,5015,5,5020,57
2020-07-05,San Luis Obispo,079,281455,1061,730,7,737,2
2020-07-05,San Mateo,081,765935,4071,3575,5,3580,106
2020-07-05,Santa Barbara,083,443738,5114,3671,36,3707,27
2020-07-05,Santa Clara,085,1922200,6871,5237,18,5255,162
2020-07-05,Santa Cruz,087,273765,576,467,0,467,2
2020-07-05,Shasta,089,179085,255,138,1,139,6
2020-07-05,Sierra,091,2930,1,1,0,1,0
2020-07-05,Siskiyou,093,43540,46,30,0,30,0
2020-07-05,Solano,095,438530,2274,1547,9,1556,22
2020-07-05,Sonoma,097,501317,1841,1369,4,1373,8
2020-07-05,Stanislaus,099,539301,5292,3777,6,3783,45
2020-07-05,Sutter,101,95872,322,241,0,241,2
2020-07-05,Tehama,103,63373,120,95,2,97,1
2020-07-05,Trinity,105,12862,19,2,5,7,0
2020-07-05,Tulare,107,460477,6458,4981,15,4996,135
2020-07-05,Tuolumne,109,53932,66,30,2,32,0
2020-07-05,Ventura,111,848112,5199,3866,19,3885,44
2020-07-05,Yolo,113,214977,933,644,3,647,26
2020-07-05,Yuba,115,75493,136,115,0,115,1
2020-07-04,Alameda,001,1643700,8065,6737,12,6749,141
2020-07-04,Alpine,003,1148,1,1,0,1,0
2020-07-04,Amador,005,37829,35,31,0,31,0
2020-07-04,Butte,007,227075,377,224,7,231,2
2020-07-04,Calaveras,009,45235,66,45,0,45,0
2020-07-04,Colusa,011,21464,123,76,0,76,0
2020-07-04,Contra Costa,013,1133247,4865,3583,5,3588,80
2020-07-04,Del Norte,015,27424,60,50,0,50,0
2020-07-04,El Dorado,017,186661,364,211,0,211,0
2020-07-04,Fresno,019,978130,11687,5999,85,6084,82
2020-07-04,Glenn,021,27897,187,128,0,128,0
2020-07-04,Humboldt,023,135768,176,144,1,145,3
2020-07-04,Imperial,025,180216,8542,6441,4,6445,47
2020-07-04,Inyo,027,18085,35,32,1,33,1
2020-07-04,Kern,029,883053,11687,5231,37,5268,81
2020-07-04,Kings,031,150075,3022,2509,10,2519,31
2020-07-04,Lake,033,64148,115,86,0,86,1
2020-07-04,Lassen,035,31185,256,219,2,221,0
2020-07-04,Los Angeles,037,10098052,131645,107256,79,107335,3462
2020-07-04,Madera,039,155013,1222,568,3,571,4
2020-07-04,Marin,041,260295,3411,1962,4,1966,17
2020-07-04,Mariposa,043,17540,36,28,0,28,1
2020-07-04,Mendocino,045,87422,105,72,0,72,0
2020-07-04,Merced,047,269075,2249,1252,2,1254,10
2020-07-04,Modoc,049,8938,1,0,0,0,0
2020-07-04,Mono,051,14174,54,37,0,37,1
2020-07-04,Monterey,053,433212,2623,1878,7,1885,15
2020-07-04,Napa,055,140530,571,426,0,426,4
2020-07-04,Nevada,057,99092,183,125,5,130,1
2020-07-04,Orange,059,3164182,27096,19247,260,19507,372
2020-07-04,Placer,061,380077,1125,796,3,799,11
2020-07-04,Plumas,063,18699,16,11,0,11,0
2020-07-04,Riverside,065,2383286,27317,21508,27,21535,474
2020-07-04,Sacramento,067,1510023,5495,4039,6,4045,71
2020-07-04,San Benito,069,59416,335,255,0,255,2
2020-07-04,San Bernardino,071,2135413,22688,14636,13,14649,270
2020-07-04,San Diego,073,3302833,20158,16166,2,16168,387
2020-07-04,San Francisco,075,870044,4456,3861,2,3863,50
2020-07-04,San Joaquin,077,732212,6845,4807,5,4812,57
2020-07-04,San Luis Obispo,079,281455,1021,699,7,706,2
2020-07-04,San Mateo,081,765935,4008,3532,5,3537,106
2020-07-04,Santa Barbara,083,443738,5038,3520,34,3554,27
2020-07-04,Santa Clara,085,1922200,6679,5045,17,5062,161
2020-07-04,Santa Cruz,087,273765,566,466,0,466,2
2020-07-04,Shasta,089,179085,252,135,1,136,6
2020-07-04,Sierra,091,2930,1,1,0,1,0
2020-07-04,Siskiyou,093,43540,39,30,0,30,0
2020-07-04,Solano,095,438530,2238,1548,9,1557,22
2020-07-04,Sonoma,097,501317,1815,1370,4,1374,8
2020-07-04,Stanislaus,099,539301,5134,3572,6,3578,44
2020-07-04,Sutter,101,95872,303,225,0,225,2
2020-07-04,Tehama,103,63373,117,92,2,94,1
2020-07-04,Trinity,105,12862,19,2,5,7,0
2020-07-04,Tulare,107,460477,6346,4802,14,4816,135
2020-07-04,Tuolumne,109,53932,62,30,2,32,0
2020-07-04,Ventura,111,848112,5075,3687,19,3706,44
2020-07-04,Yolo,113,214977,908,615,3,618,26
2020-07-04,Yuba,115,75493,129,102,0,102,1
2020-07-03,Alameda,001,1643700,7944,6486,12,6498,141
2020-07-03,Alpine,003,1148,1,1,0,1,0
2020-07-03,Amador,005,37829,35,25,0,25,0
2020-07-03,Butte,007,227075,365,212,7,219,2
2020-07-03,Calaveras,009,45235,66,44,0,44,0
2020-07-03,Colusa,011,21464,117,70,0,70,0
2020-07-03,Contra Costa,013,1133247,4731,3447,5,3452,78
2020-07-03,Del Norte,015,27424,60,50,0,50,0
2020-07-03,El Dorado,017,186661,352,201,0,201,0
2020-07-03,Fresno,019,978130,11382,5783,83,5866,81
2020-07-03,Glenn,021,27897,182,122,0,122,0
2020-07-03,Humboldt,023,135768,172,143,1,144,3
2020-07-03,Imperial,025,180216,8494,6345,4,6349,47
2020-07-03,Inyo,027,18085,35,32,1,33,1
2020-07-03,Kern,029,883053,11426,5213,37,5250,81
2020-07-03,Kings,031,150075,2986,2492,10,2502,31
2020-07-03,Lake,033,64148,108,83,0,83,0
2020-07-03,Lassen,035,31185,256,219,2,221,0
2020-07-03,Los Angeles,037,10098052,130128,107236,75,107311,3461
2020-07-03,Madera,039,155013,1177,565,3,568,4
2020-07-03,Marin,041,260295,3382,1776,4,1780,17
2020-07-03,Mariposa,043,17540,36,28,0,28,1
2020-07-03,Mendocino,045,87422,104,72,0,72,0
2020-07-03,Merced,047,269075,2183,1188,2,1190,10
2020-07-03,Modoc,049,8938,1,0,0,0,0
2020-07-03,Mono,051,14174,54,37,0,37,1
2020-07-03,Monterey,053,433212,2552,1804,7,1811,15
2020-07-03,Napa,055,140530,553,388,0,388,4
2020-07-03,Nevada,057,99092,182,125,5,130,1
2020-07-03,Orange,059,3164182,26705,18819,252,19071,366
2020-07-03,Placer,061,380077,1098,745,3,748,11
2020-07-03,Plumas,063,18699,16,11,0,11,0
2020-07-03,Riverside,065,2383286,27011,21171,27,21198,472
2020-07-03,Sacramento,067,1510023,5361,3711,6,3717,71
2020-07-03,San Benito,069,59416,328,243,0,243,2
2020-07-03,San Bernardino,071,2135413,22299,14040,13,14053,269
2020-07-03,San Diego,073,3302833,19702,15698,2,15700,387
2020-07-03,San Francisco,075,870044,4409,3781,2,3783,50
2020-07-03,San Joaquin,077,732212,6707,4416,4,4420,56
2020-07-03,San Luis Obispo,079,281455,986,676,7,683,2
2020-07-03,San Mateo,081,765935,3951,3439,5,3444,106
2020-07-03,Santa Barbara,083,443738,4951,3406,33,3439,27
2020-07-03,Santa Clara,085,1922200,6567,4820,17,4837,161
2020-07-03,Santa Cruz,087,273765,553,436,0,436,2
2020-07-03,Shasta,089,179085,244,113,1,114,6
2020-07-03,Sierra,091,2930,1,1,0,1,0
2020-07-03,Siskiyou,093,43540,36,30,0,30,0
2020-07-03,Solano,095,438530,2194,1496,8,1504,22
2020-07-03,Sonoma,097,501317,1767,1282,4,1286,8
2020-07-03,Stanislaus,099,539301,5009,3021,6,3027,43
2020-07-03,Sutter,101,95872,293,205,0,205,2
2020-07-03,Tehama,103,63373,115,89,2,91,1
2020-07-03,Trinity,105,12862,19,2,5,7,0
2020-07-03,Tulare,107,460477,6231,4656,14,4670,134
2020-07-03,Tuolumne,109,53932,60,27,2,29,0
2020-07-03,Ventura,111,848112,4979,3536,19,3555,44
2020-07-03,Yolo,113,214977,874,586,3,589,25
2020-07-03,Yuba,115,75493,124,96,0,96,1
2020-07-02,Alameda,001,1643700,7818,6386,12,6398,139
2020-07-02,Alpine,003,1148,1,1,0,1,0
2020-07-02,Amador,005,37829,34,23,0,23,0
2020-07-02,Butte,007,227075,348,199,7,206,2
2020-07-02,Calaveras,009,45235,62,42,0,42,0
2020-07-02,Colusa,011,21464,109,60,0,60,0
2020-07-02,Contra Costa,013,1133247,4548,3347,5,3352,77
2020-07-02,Del Norte,015,27424,59,50,0,50,0
2020-07-02,El Dorado,017,186661,341,193,0,193,0
2020-07-02,Fresno,019,978130,10923,5402,83,5485,78
2020-07-02,Glenn,021,27897,176,114,0,114,0
2020-07-02,Humboldt,023,135768,168,138,1,139,3
2020-07-02,Imperial,025,180216,8392,6236,4,6240,47
2020-07-02,Inyo,027,18085,35,29,1,30,1
2020-07-02,Kern,029,883053,10890,5036,35,5071,78
2020-07-02,Kings,031,150075,2935,2419,10,2429,31
2020-07-02,Lake,033,64148,104,81,0,81,0
2020-07-02,Lassen,035,31185,254,218,2,220,0
2020-07-02,Los Angeles,037,10098052,128110,107144,52,107196,3458
2020-07-02,Madera,039,155013,1109,548,3,551,4
2020-07-02,Marin,041,260295,3297,1706,4,1710,17
2020-07-02,Mariposa,043,17540,35,28,0,28,1
2020-07-02,Mendocino,045,87422,100,71,0,71,0
2020-07-02,Merced,047,269075,2086,1122,2,1124,10
2020-07-02,Modoc,049,8938,1,0,0,0,0
2020-07-02,Mono,051,14174,54,37,0,37,1
2020-07-02,Monterey,053,433212,2492,1796,7,1803,15
2020-07-02,Napa,055,140530,536,352,0,352,4
2020-07-02,Nevada,057,99092,176,118,4,122,1
2020-07-02,Orange,059,3164182,25940,17056,239,17295,360
2020-07-02,Placer,061,380077,1074,740,3,743,11
2020-07-02,Plumas,063,18699,15,8,0,8,0
2020-07-02,Riverside,065,2383286,26440,20253,27,20280,458
2020-07-02,Sacramento,067,1510023,5134,3587,6,3593,70
2020-07-02,San Benito,069,59416,320,236,0,236,2
2020-07-02,San Bernardino,071,2135413,21762,13185,13,13198,260
2020-07-02,San Diego,073,3302833,19240,15208,2,15210,377
2020-07-02,San Francisco,075,870044,4314,3676,2,3678,50
2020-07-02,San Joaquin,077,732212,6360,4243,4,4247,56
2020-07-02,San Luis Obispo,079,281455,941,659,7,666,2
2020-07-02,San Mateo,081,765935,3870,3390,5,3395,107
2020-07-02,Santa Barbara,083,443738,4851,3385,31,3416,27
2020-07-02,Santa Clara,085,1922200,6441,4722,17,4739,160
2020-07-02,Santa Cruz,087,273765,530,414,0,414,2
2020-07-02,Shasta,089,179085,241,110,1,111,5
2020-07-02,Sierra,091,2930,1,1,0,1,0
2020-07-02,Siskiyou,093,43540,36,30,0,30,0
2020-07-02,Solano,095,438530,2111,1429,8,1437,21
2020-07-02,Sonoma,097,501317,1709,1244,4,1248,6
2020-07-02,Stanislaus,099,539301,4837,2850,6,2856,41
2020-07-02,Sutter,101,95872,281,195,0,195,2
2020-07-02,Tehama,103,63373,113,86,2,88,1
2020-07-02,Trinity,105,12862,19,2,5,7,0
2020-07-02,Tulare,107,460477,6064,4559,13,4572,132
2020-07-02,Tuolumne,109,53932,57,23,2,25,0
2020-07-02,Ventura,111,848112,4823,3394,19,3413,42
2020-07-02,Yolo,113,214977,842,554,3,557,24
2020-07-02,Yuba,115,75493,114,93,0,93,1
2020-07-01,Alameda,001,1643700,7596,6125,12,6137,137
2020-07-01,Alpine,003,1148,1,1,0,1,0
2020-07-01,Amador,005,37829,33,22,0,22,0
2020-07-01,Butte,007,227075,323,185,7,192,2
2020-07-01,Calaveras,009,45235,60,37,0,37,0
2020-07-01,Colusa,011,21464,103,53,0,53,0
2020-07-01,Contra Costa,013,1133247,4336,3259,5,3264,76
2020-07-01,Del Norte,015,27424,59,50,0,50,0
2020-07-01,El Dorado,017,186661,314,183,0,183,0
2020-07-01,Fresno,019,978130,10488,5111,80,5191,76
2020-07-01,Glenn,021,27897,170,110,0,110,0
2020-07-01,Humboldt,023,135768,163,134,0,134,3
2020-07-01,Imperial,025,180216,8295,6150,4,6154,46
2020-07-01,Inyo,027,18085,34,30,1,31,1
2020-07-01,Kern,029,883053,10257,4853,33,4886,78
2020-07-01,Kings,031,150075,2867,2360,10,2370,30
2020-07-01,Lake,033,64148,103,75,0,75,0
2020-07-01,Lassen,035,31185,253,217,2,219,0
2020-07-01,Los Angeles,037,10098052,124905,105325,43,105368,3408
2020-07-01,Madera,039,155013,1068,519,3,522,4
2020-07-01,Marin,041,260295,3140,1636,4,1640,17
2020-07-01,Mariposa,043,17540,35,29,0,29,1
2020-07-01,Mendocino,045,87422,96,70,0,70,0
2020-07-01,Merced,047,269075,1986,1052,2,1054,10
2020-07-01,Modoc,049,8938,1,0,0,0,0
2020-07-01,Mono,051,14174,51,37,0,37,1
2020-07-01,Monterey,053,433212,2384,1703,6,1709,15
2020-07-01,Napa,055,140530,513,347,0,347,4
2020-07-01,Nevada,057,99092,166,115,4,119,1
2020-07-01,Orange,059,3164182,25055,15662,218,15880,343
2020-07-01,Placer,061,380077,1027,713,3,716,11
2020-07-01,Plumas,063,18699,13,8,0,8,0
2020-07-01,Riverside,065,2383286,25599,19537,26,19563,457
2020-07-01,Sacramento,067,1510023,4879,3425,6,3431,64
2020-07-01,San Benito,069,59416,311,219,0,219,2
2020-07-01,San Bernardino,071,2135413,20865,12712,10,12722,253
2020-07-01,San Diego,073,3302833,18681,14624,2,14626,372
2020-07-01,San Francisco,075,870044,4221,3626,2,3628,50
2020-07-01,San Joaquin,077,732212,6002,3990,4,3994,54
2020-07-01,San Luis Obispo,079,281455,914,613,7,620,1
2020-07-01,San Mateo,081,765935,3808,3326,5,3331,84
2020-07-01,Santa Barbara,083,443738,4731,3268,30,3298,27
2020-07-01,Santa Clara,085,1922200,6254,4547,16,4563,159
2020-07-01,Santa Cruz,087,273765,508,398,0,398,2
2020-07-01,Shasta,089,179085,236,104,1,105,5
2020-07-01,Sierra,091,2930,1,1,0,1,0
2020-07-01,Siskiyou,093,43540,36,28,0,28,0
2020-07-01,Solano,095,438530,2022,1350,8,1358,21
2020-07-01,Sonoma,097,501317,1613,1178,4,1182,6
2020-07-01,Stanislaus,099,539301,4558,2619,6,2625,41
2020-07-01,Sutter,101,95872,268,188,0,188,2
2020-07-01,Tehama,103,63373,106,80,2,82,1
2020-07-01,Trinity,105,12862,19,2,4,6,0
2020-07-01,Tulare,107,460477,5886,4359,13,4372,128
2020-07-01,Tuolumne,109,53932,54,17,2,19,0
2020-07-01,Ventura,111,848112,4680,3224,17,3241,41
2020-07-01,Yolo,113,214977,792,526,3,529,24
2020-07-01,Yuba,115,75493,109,57,0,57,1
2020-06-30,Alameda,001,1643700,7347,5959,10,5969,137
2020-06-30,Alpine,003,1148,1,1,0,1,0
2020-06-30,Amador,005,37829,33,21,0,21,0
2020-06-30,Butte,007,227075,306,163,7,170,2
2020-06-30,Calaveras,009,45235,55,31,0,31,0
2020-06-30,Colusa,011,21464,94,33,0,33,0
2020-06-30,Contra Costa,013,1133247,4130,3140,5,3145,75
2020-06-30,Del Norte,015,27424,59,48,0,48,0
2020-06-30,El Dorado,017,186661,301,175,0,175,0
2020-06-30,Fresno,019,978130,10039,4826,75,4901,75
2020-06-30,Glenn,021,27897,165,96,0,96,0
2020-06-30,Humboldt,023,135768,159,132,0,132,3
2020-06-30,Imperial,025,180216,8198,5968,4,5972,45
2020-06-30,Inyo,027,18085,34,30,1,31,1
2020-06-30,Kern,029,883053,9609,4721,30,4751,75
2020-06-30,Kings,031,150075,2818,2315,7,2322,30
2020-06-30,Lake,033,64148,95,56,0,56,0
2020-06-30,Lassen,035,31185,246,215,2,217,0
2020-06-30,Los Angeles,037,10098052,121318,103640,40,103680,3378
2020-06-30,Madera,039,155013,1011,475,3,478,4
2020-06-30,Marin,041,260295,3069,1614,4,1618,17
2020-06-30,Mariposa,043,17540,34,27,0,27,1
2020-06-30,Mendocino,045,87422,91,65,0,65,0
2020-06-30,Merced,047,269075,1849,970,2,972,10
2020-06-30,Modoc,049,8938,1,0,0,0,0
2020-06-30,Mono,051,14174,49,36,0,36,1
2020-06-30,Monterey,053,433212,2286,1657,6,1663,15
2020-06-30,Napa,055,140530,488,342,0,342,4
2020-06-30,Nevada,057,99092,158,113,4,117,1
2020-06-30,Orange,059,3164182,24124,14354,208,14562,335
2020-06-30,Placer,061,380077,1000,667,3,670,11
2020-06-30,Plumas,063,18699,12,8,0,8,0
2020-06-30,Riverside,065,2383286,24883,18656,25,18681,449
2020-06-30,Sacramento,067,1510023,4590,3246,6,3252,64
2020-06-30,San Benito,069,59416,300,200,0,200,2
2020-06-30,San Bernardino,071,2135413,19881,12375,10,12385,249
2020-06-30,San Diego,073,3302833,17977,14150,2,14152,365
2020-06-30,San Francisco,075,870044,4116,3555,1,3556,50
2020-06-30,San Joaquin,077,732212,5627,3744,4,3748,52
2020-06-30,San Luis Obispo,079,281455,877,583,7,590,1
2020-06-30,San Mateo,081,765935,3730,3268,5,3273,84
2020-06-30,Santa Barbara,083,443738,4614,3102,30,3132,25
2020-06-30,Santa Clara,085,1922200,6052,4346,16,4362,157
2020-06-30,Santa Cruz,087,273765,483,379,0,379,2
2020-06-30,Shasta,089,179085,220,100,1,101,5
2020-06-30,Sierra,091,2930,1,1,0,1,0
2020-06-30,Siskiyou,093,43540,35,26,0,26,0
2020-06-30,Solano,095,438530,1930,1256,8,1264,21
2020-06-30,Sonoma,097,501317,1548,1122,4,1126,6
2020-06-30,Stanislaus,099,539301,4260,2578,6,2584,41
2020-06-30,Sutter,101,95872,245,168,0,168,2
2020-06-30,Tehama,103,63373,104,75,2,77,1
2020-06-30,Trinity,105,12862,19,2,4,6,0
2020-06-30,Tulare,107,460477,5677,4207,13,4220,117
2020-06-30,Tuolumne,109,53932,50,16,2,18,0
2020-06-30,Ventura,111,848112,4546,3030,17,3047,40
2020-06-30,Yolo,113,214977,754,515,3,518,24
2020-06-30,Yuba,115,75493,105,55,0,55,1
2020-06-29,Alameda,001,1643700,7137,5766,10,5776,135
2020-06-29,Alpine,003,1148,1,1,0,1,0
2020-06-29,Amador,005,37829,30,20,0,20,0
2020-06-29,Butte,007,227075,285,157,7,164,2
2020-06-29,Calaveras,009,45235,53,30,0,30,0
2020-06-29,Colusa,011,21464,89,17,0,17,0
2020-06-29,Contra Costa,013,1133247,3967,2976,4,2980,75
2020-06-29,Del Norte,015,27424,59,47,0,47,0
2020-06-29,El Dorado,017,186661,287,163,0,163,0
2020-06-29,Fresno,019,978130,9691,4531,74,4605,74
2020-06-29,Glenn,021,27897,156,77,0,77,0
2020-06-29,Humboldt,023,135768,158,128,0,128,3
2020-06-29,Imperial,025,180216,8067,5512,4,5516,45
2020-06-29,Inyo,027,18085,33,29,0,29,1
2020-06-29,Kern,029,883053,8945,4613,28,4641,73
2020-06-29,Kings,031,150075,2753,2280,7,2287,20
2020-06-29,Lake,033,64148,88,53,0,53,0
2020-06-29,Lassen,035,31185,238,77,2,79,0
2020-06-29,Los Angeles,037,10098052,118272,100846,34,100880,3337
2020-06-29,Madera,039,155013,954,422,3,425,4
2020-06-29,Marin,041,260295,2993,1517,4,1521,17
2020-06-29,Mariposa,043,17540,32,25,0,25,1
2020-06-29,Mendocino,045,87422,88,63,0,63,0
2020-06-29,Merced,047,269075,1743,848,2,850,10
2020-06-29,Modoc,049,8938,1,0,0,0,0
2020-06-29,Mono,051,14174,47,35,0,35,1
2020-06-29,Monterey,053,433212,2214,1614,6,1620,14
2020-06-29,Napa,055,140530,467,317,0,317,4
2020-06-29,Nevada,057,99092,155,107,3,110,1
2020-06-29,Orange,059,3164182,23134,13682,192,13874,324
2020-06-29,Placer,061,380077,964,628,3,631,11
2020-06-29,Plumas,063,18699,12,6,0,6,0
2020-06-29,Riverside,065,2383286,23850,17683,25,17708,432
2020-06-29,Sacramento,067,1510023,4303,2985,6,2991,62
2020-06-29,San Benito,069,59416,285,193,0,193,2
2020-06-29,San Bernardino,071,2135413,18920,11643,10,11653,245
2020-06-29,San Diego,073,3302833,17401,13834,2,13836,361
2020-06-29,San Francisco,075,870044,4039,3389,1,3390,50
2020-06-29,San Joaquin,077,732212,5269,3202,4,3206,52
2020-06-29,San Luis Obispo,079,281455,843,544,7,551,1
2020-06-29,San Mateo,081,765935,3676,3170,5,3175,84
2020-06-29,Santa Barbara,083,443738,4504,2933,29,2962,25
2020-06-29,Santa Clara,085,1922200,5880,4231,16,4247,157
2020-06-29,Santa Cruz,087,273765,465,348,0,348,2
2020-06-29,Shasta,089,179085,212,94,1,95,5
2020-06-29,Sierra,091,2930,1,1,0,1,0
2020-06-29,Siskiyou,093,43540,35,25,0,25,0
2020-06-29,Solano,095,438530,1828,1077,8,1085,21
2020-06-29,Sonoma,097,501317,1476,1103,4,1107,5
2020-06-29,Stanislaus,099,539301,4054,2400,5,2405,36
2020-06-29,Sutter,101,95872,223,152,0,152,2
2020-06-29,Tehama,103,63373,100,63,2,65,1
2020-06-29,Trinity,105,12862,18,2,4,6,0
2020-06-29,Tulare,107,460477,5522,3906,12,3918,117
2020-06-29,Tuolumne,109,53932,46,16,2,18,0
2020-06-29,Ventura,111,848112,4399,2794,17,2811,40
2020-06-29,Yolo,113,214977,721,483,3,486,24
2020-06-29,Yuba,115,75493,92,55,0,55,1
2020-06-28,Alameda,001,1643700,6878,5698,10,5708,135
2020-06-28,Alpine,003,1148,1,1,0,1,0
2020-06-28,Amador,005,37829,28,20,0,20,0
2020-06-28,Butte,007,227075,265,150,7,157,2
2020-06-28,Calaveras,009,45235,48,30,0,30,0
2020-06-28,Colusa,011,21464,74,17,0,17,0
2020-06-28,Contra Costa,013,1133247,3777,2803,4,2807,73
2020-06-28,Del Norte,015,27424,58,47,0,47,0
2020-06-28,El Dorado,017,186661,275,162,0,162,0
2020-06-28,Fresno,019,978130,9330,4365,74,4439,74
2020-06-28,Glenn,021,27897,148,77,0,77,0
2020-06-28,Humboldt,023,135768,155,127,0,127,3
2020-06-28,Imperial,025,180216,7879,5513,4,5517,45
2020-06-28,Inyo,027,18085,33,29,0,29,1
2020-06-28,Kern,029,883053,8393,4541,26,4567,72
2020-06-28,Kings,031,150075,2694,2234,7,2241,18
2020-06-28,Lake,033,64148,84,53,0,53,0
2020-06-28,Lassen,035,31185,238,77,2,79,0
2020-06-28,Los Angeles,037,10098052,115068,98003,30,98033,3316
2020-06-28,Madera,039,155013,906,424,3,427,4
2020-06-28,Marin,041,260295,2647,1473,4,1477,17
2020-06-28,Mariposa,043,17540,32,24,0,24,1
2020-06-28,Mendocino,045,87422,86,63,0,63,0
2020-06-28,Merced,047,269075,1630,814,2,816,10
2020-06-28,Modoc,049,8938,1,0,0,0,0
2020-06-28,Mono,051,14174,47,35,0,35,1
2020-06-28,Monterey,053,433212,2132,1560,6,1566,13
2020-06-28,Napa,055,140530,433,307,0,307,4
2020-06-28,Nevada,057,99092,144,102,3,105,1
2020-06-28,Orange,059,3164182,22160,13213,174,13387,324
2020-06-28,Placer,061,380077,925,618,3,621,11
2020-06-28,Plumas,063,18699,11,6,0,6,0
2020-06-28,Riverside,065,2383286,23023,16848,24,16872,432
2020-06-28,Sacramento,067,1510023,4075,2803,6,2809,63
2020-06-28,San Benito,069,59416,274,190,0,190,2
2020-06-28,San Bernardino,071,2135413,18166,11344,9,11353,245
2020-06-28,San Diego,073,3302833,16856,13333,2,13335,361
2020-06-28,San Francisco,075,870044,3960,3388,1,3389,50
2020-06-28,San Joaquin,077,732212,4932,3201,4,3205,52
2020-06-28,San Luis Obispo,079,281455,804,531,6,537,1
2020-06-28,San Mateo,081,765935,3598,3124,5,3129,84
2020-06-28,Santa Barbara,083,443738,4359,2872,29,2901,25
2020-06-28,Santa Clara,085,1922200,5718,4131,16,4147,156
2020-06-28,Santa Cruz,087,273765,442,349,0,349,2
2020-06-28,Shasta,089,179085,199,89,0,89,5
2020-06-28,Sierra,091,2930,1,1,0,1,0
2020-06-28,Siskiyou,093,43540,35,25,0,25,0
2020-06-28,Solano,095,438530,1753,1077,8,1085,21
2020-06-28,Sonoma,097,501317,1422,1084,4,1088,5
2020-06-28,Stanislaus,099,539301,3848,2376,5,2381,36
2020-06-28,Sutter,101,95872,197,145,0,145,2
2020-06-28,Tehama,103,63373,93,63,2,65,1
2020-06-28,Trinity,105,12862,17,2,4,6,0
2020-06-28,Tulare,107,460477,5354,3812,12,3824,117
2020-06-28,Tuolumne,109,53932,41,14,2,16,0
2020-06-28,Ventura,111,848112,4241,2650,17,2667,40
2020-06-28,Yolo,113,214977,686,468,3,471,24
2020-06-28,Yuba,115,75493,88,39,0,39,1
2020-06-27,Alameda,001,1643700,6782,5581,10,5591,135
2020-06-27,Alpine,003,1148,1,1,0,1,0
2020-06-27,Amador,005,37829,26,20,0,20,0
2020-06-27,Butte,007,227075,257,137,7,144,2
2020-06-27,Calaveras,009,45235,46,30,0,30,0
2020-06-27,Colusa,011,21464,68,17,0,17,0
2020-06-27,Contra Costa,013,1133247,3682,2717,3,2720,72
2020-06-27,Del Norte,015,27424,58,47,0,47,0
2020-06-27,El Dorado,017,186661,269,159,0,159,0
2020-06-27,Fresno,019,978130,9084,4238,74,4312,74
2020-06-27,Glenn,021,27897,144,77,0,77,0
2020-06-27,Humboldt,023,135768,153,127,0,127,3
2020-06-27,Imperial,025,180216,7818,5513,4,5517,45
2020-06-27,Inyo,027,18085,33,29,0,29,1
2020-06-27,Kern,029,883053,8129,4411,25,4436,70
2020-06-27,Kings,031,150075,2668,2187,7,2194,18
2020-06-27,Lake,033,64148,81,42,0,42,0
2020-06-27,Lassen,035,31185,238,33,2,35,0
2020-06-27,Los Angeles,037,10098052,113327,95341,27,95368,3291
2020-06-27,Madera,039,155013,863,427,2,429,4
2020-06-27,Marin,041,260295,2602,1423,4,1427,17
2020-06-27,Mariposa,043,17540,31,22,0,22,1
2020-06-27,Mendocino,045,87422,86,63,0,63,0
2020-06-27,Merced,047,269075,1572,807,1,808,10
2020-06-27,Modoc,049,8938,1,0,0,0,0
2020-06-27,Mono,051,14174,46,35,0,35,1
2020-06-27,Monterey,053,433212,2068,1455,6,1461,12
2020-06-27,Napa,055,140530,423,282,0,282,3
2020-06-27,Nevada,057,99092,140,102,2,104,1
2020-06-27,Orange,059,3164182,21648,12951,169,13120,320
2020-06-27,Placer,061,380077,904,584,3,587,10
2020-06-27,Plumas,063,18699,11,6,0,6,0
2020-06-27,Riverside,065,2383286,22633,16209,24,16233,432
2020-06-27,Sacramento,067,1510023,3958,2685,6,2691,63
2020-06-27,San Benito,069,59416,267,182,0,182,2
2020-06-27,San Bernardino,071,2135413,17787,11238,9,11247,243
2020-06-27,San Diego,073,3302833,16491,12836,2,12838,360
2020-06-27,San Francisco,075,870044,3905,3332,1,3333,49
2020-06-27,San Joaquin,077,732212,4767,2995,4,2999,52
2020-06-27,San Luis Obispo,079,281455,780,505,6,511,1
2020-06-27,San Mateo,081,765935,3541,3083,5,3088,83
2020-06-27,Santa Barbara,083,443738,4287,2799,29,2828,25
2020-06-27,Santa Clara,085,1922200,5612,4006,16,4022,157
2020-06-27,Santa Cruz,087,273765,435,347,0,347,2
2020-06-27,Shasta,089,179085,194,87,0,87,5
2020-06-27,Sierra,091,2930,1,1,0,1,0
2020-06-27,Siskiyou,093,43540,35,25,0,25,0
2020-06-27,Solano,095,438530,1720,1076,8,1084,21
2020-06-27,Sonoma,097,501317,1391,1004,4,1008,5
2020-06-27,Stanislaus,099,539301,3748,2164,5,2169,36
2020-06-27,Sutter,101,95872,190,141,0,141,2
2020-06-27,Tehama,103,63373,90,63,2,65,1
2020-06-27,Trinity,105,12862,17,2,4,6,0
2020-06-27,Tulare,107,460477,5258,3810,12,3822,117
2020-06-27,Tuolumne,109,53932,40,13,2,15,0
2020-06-27,Ventura,111,848112,4142,2471,17,2488,40
2020-06-27,Yolo,113,214977,661,432,3,435,24
2020-06-27,Yuba,115,75493,80,39,0,39,1
2020-06-26,Alameda,001,1643700,6696,5502,9,5511,132
2020-06-26,Alpine,003,1148,1,1,0,1,0
2020-06-26,Amador,005,37829,25,20,0,20,0
2020-06-26,Butte,007,227075,242,135,7,142,2
2020-06-26,Calaveras,009,45235,44,30,0,30,0
2020-06-26,Colusa,011,21464,63,17,0,17,0
2020-06-26,Contra Costa,013,1133247,3569,2676,3,2679,72
2020-06-26,Del Norte,015,27424,57,47,0,47,0
2020-06-26,El Dorado,017,186661,261,159,0,159,0
2020-06-26,Fresno,019,978130,8858,4166,74,4240,74
2020-06-26,Glenn,021,27897,137,71,0,71,0
2020-06-26,Humboldt,023,135768,151,126,0,126,3
2020-06-26,Imperial,025,180216,7755,5400,4,5404,44
2020-06-26,Inyo,027,18085,32,29,0,29,1
2020-06-26,Kern,029,883053,7798,4366,25,4391,70
2020-06-26,Kings,031,150075,2636,2176,6,2182,18
2020-06-26,Lake,033,64148,80,42,0,42,0
2020-06-26,Lassen,035,31185,237,30,2,32,0
2020-06-26,Los Angeles,037,10098052,111161,93328,27,93355,3275
2020-06-26,Madera,039,155013,831,409,2,411,4
2020-06-26,Marin,041,260295,2566,1406,4,1410,17
2020-06-26,Mariposa,043,17540,30,21,0,21,1
2020-06-26,Mendocino,045,87422,83,63,0,63,0
2020-06-26,Merced,047,269075,1526,797,1,798,10
2020-06-26,Modoc,049,8938,1,0,0,0,0
2020-06-26,Mono,051,14174,45,35,0,35,1
2020-06-26,Monterey,053,433212,2016,1449,6,1455,12
2020-06-26,Napa,055,140530,413,277,0,277,3
2020-06-26,Nevada,057,99092,136,101,1,102,1
2020-06-26,Orange,059,3164182,20972,12659,167,12826,320
2020-06-26,Placer,061,380077,876,584,3,587,10
2020-06-26,Plumas,063,18699,11,6,0,6,0
2020-06-26,Riverside,065,2383286,22171,15858,24,15882,430
2020-06-26,Sacramento,067,1510023,3793,2687,6,2693,63
2020-06-26,San Benito,069,59416,263,176,0,176,2
2020-06-26,San Bernardino,071,2135413,17410,11111,9,11120,243
2020-06-26,San Diego,073,3302833,16126,12402,2,12404,358
2020-06-26,San Francisco,075,870044,3849,3330,1,3331,49
2020-06-26,San Joaquin,077,732212,4553,2943,4,2947,52
2020-06-26,San Luis Obispo,079,281455,765,498,6,504,1
2020-06-26,San Mateo,081,765935,3489,3055,5,3060,83
2020-06-26,Santa Barbara,083,443738,4197,2784,27,2811,25
2020-06-26,Santa Clara,085,1922200,5511,3968,16,3984,156
2020-06-26,Santa Cruz,087,273765,428,344,0,344,2
2020-06-26,Shasta,089,179085,187,86,0,86,5
2020-06-26,Sierra,091,2930,1,1,0,1,0
2020-06-26,Siskiyou,093,43540,34,24,0,24,0
2020-06-26,Solano,095,438530,1678,1068,8,1076,21
2020-06-26,Sonoma,097,501317,1359,977,4,981,5
2020-06-26,Stanislaus,099,539301,3635,2157,5,2162,36
2020-06-26,Sutter,101,95872,183,138,0,138,2
2020-06-26,Tehama,103,63373,87,63,2,65,1
2020-06-26,Trinity,105,12862,17,2,4,6,0
2020-06-26,Tulare,107,460477,5169,3720,12,3732,117
2020-06-26,Tuolumne,109,53932,38,10,2,12,0
2020-06-26,Ventura,111,848112,4056,2444,17,2461,40
2020-06-26,Yolo,113,214977,637,418,3,421,24
2020-06-26,Yuba,115,75493,74,38,0,38,1
2020-06-25,Alameda,001,1643700,6505,5398,9,5407,130
2020-06-25,Alpine,003,1148,1,1,0,1,0
2020-06-25,Amador,005,37829,24,18,0,18,0
2020-06-25,Butte,007,227075,237,127,7,134,1
2020-06-25,Calaveras,009,45235,39,26,0,26,0
2020-06-25,Colusa,011,21464,53,14,0,14,0
2020-06-25,Contra Costa,013,1133247,3384,2591,3,2594,71
2020-06-25,Del Norte,015,27424,55,47,0,47,0
2020-06-25,El Dorado,017,186661,253,150,0,150,0
2020-06-25,Fresno,019,978130,8545,3938,73,4011,71
2020-06-25,Glenn,021,27897,132,59,0,59,0
2020-06-25,Humboldt,023,135768,150,121,0,121,3
2020-06-25,Imperial,025,180216,7626,5192,4,5196,44
2020-06-25,Inyo,027,18085,29,27,0,27,1
2020-06-25,Kern,029,883053,7373,4236,22,4258,69
2020-06-25,Kings,031,150075,2584,2110,6,2116,17
2020-06-25,Lake,033,64148,79,42,0,42,0
2020-06-25,Lassen,035,31185,231,13,2,15,0
2020-06-25,Los Angeles,037,10098052,108393,91524,27,91551,3239
2020-06-25,Madera,039,155013,787,380,2,382,4
2020-06-25,Marin,041,260295,2464,1321,4,1325,17
2020-06-25,Mariposa,043,17540,29,20,0,20,1
2020-06-25,Mendocino,045,87422,80,61,0,61,0
2020-06-25,Merced,047,269075,1439,747,1,748,10
2020-06-25,Modoc,049,8938,1,0,0,0,0
2020-06-25,Mono,051,14174,44,35,0,35,1
2020-06-25,Monterey,053,433212,1928,1426,5,1431,12
2020-06-25,Napa,055,140530,395,260,0,260,3
2020-06-25,Nevada,057,99092,128,92,1,93,1
2020-06-25,Orange,059,3164182,20050,12221,165,12386,311
2020-06-25,Placer,061,380077,822,574,3,577,10
2020-06-25,Plumas,063,18699,10,6,0,6,0
2020-06-25,Riverside,065,2383286,21416,15224,24,15248,427
2020-06-25,Sacramento,067,1510023,3570,2519,6,2525,62
2020-06-25,San Benito,069,59416,255,174,0,174,2
2020-06-25,San Bernardino,071,2135413,16658,10590,9,10599,242
2020-06-25,San Diego,073,3302833,15587,11963,2,11965,352
2020-06-25,San Francisco,075,870044,3784,3252,1,3253,48
2020-06-25,San Joaquin,077,732212,4280,2803,4,2807,50
2020-06-25,San Luis Obispo,079,281455,733,473,6,479,1
2020-06-25,San Mateo,081,765935,3421,2996,5,3001,82
2020-06-25,Santa Barbara,083,443738,4090,2622,26,2648,25
2020-06-25,Santa Clara,085,1922200,5363,3871,16,3887,156
2020-06-25,Santa Cruz,087,273765,416,335,0,335,2
2020-06-25,Shasta,089,179085,177,84,0,84,5
2020-06-25,Sierra,091,2930,1,1,0,1,0
2020-06-25,Siskiyou,093,43540,33,24,0,24,0
2020-06-25,Solano,095,438530,1625,1034,8,1042,21
2020-06-25,Sonoma,097,501317,1312,953,3,956,5
2020-06-25,Stanislaus,099,539301,3423,2130,5,2135,36
2020-06-25,Sutter,101,95872,171,126,0,126,2
2020-06-25,Tehama,103,63373,83,59,2,61,1
2020-06-25,Trinity,105,12862,17,2,4,6,0
2020-06-25,Tulare,107,460477,5038,3656,12,3668,117
2020-06-25,Tuolumne,109,53932,37,10,1,11,0
2020-06-25,Ventura,111,848112,3874,2346,16,2362,40
2020-06-25,Yolo,113,214977,607,397,3,400,24
2020-06-25,Yuba,115,75493,63,38,0,38,1
2020-06-24,Alameda,001,1643700,6343,5242,9,5251,123
2020-06-24,Alpine,003,1148,1,1,0,1,0
2020-06-24,Amador,005,37829,22,16,0,16,0
2020-06-24,Butte,007,227075,221,119,7,126,1
2020-06-24,Calaveras,009,45235,37,26,0,26,0
2020-06-24,Colusa,011,21464,44,11,0,11,0
2020-06-24,Contra Costa,013,1133247,3229,2520,3,2523,66
2020-06-24,Del Norte,015,27424,49,47,0,47,0
2020-06-24,El Dorado,017,186661,237,149,0,149,0
2020-06-24,Fresno,019,978130,8214,3765,73,3838,71
2020-06-24,Glenn,021,27897,124,54,0,54,0
2020-06-24,Humboldt,023,135768,150,117,0,117,3
2020-06-24,Imperial,025,180216,7508,5138,4,5142,38
2020-06-24,Inyo,027,18085,29,28,0,28,1
2020-06-24,Kern,029,883053,6980,4155,20,4175,67
2020-06-24,Kings,031,150075,2520,2063,6,2069,16
2020-06-24,Lake,033,64148,66,40,0,40,0
2020-06-24,Lassen,035,31185,230,9,2,11,0
2020-06-24,Los Angeles,037,10098052,105634,89566,27,89593,3186
2020-06-24,Madera,039,155013,765,373,2,375,4
2020-06-24,Marin,041,260295,2236,1261,4,1265,17
2020-06-24,Mariposa,043,17540,28,19,0,19,1
2020-06-24,Mendocino,045,87422,80,60,0,60,0
2020-06-24,Merced,047,269075,1353,696,1,697,8
2020-06-24,Modoc,049,8938,1,0,0,0,0
2020-06-24,Mono,051,14174,42,35,0,35,1
2020-06-24,Monterey,053,433212,1851,1407,5,1412,12
2020-06-24,Napa,055,140530,377,258,0,258,3
2020-06-24,Nevada,057,99092,122,92,1,93,1
2020-06-24,Orange,059,3164182,19053,11804,147,11951,303
2020-06-24,Placer,061,380077,783,548,3,551,10
2020-06-24,Plumas,063,18699,10,6,0,6,0
2020-06-24,Riverside,065,2383286,20569,14946,24,14970,410
2020-06-24,Sacramento,067,1510023,3365,2446,5,2451,62
2020-06-24,San Benito,069,59416,251,171,0,171,2
2020-06-24,San Bernardino,071,2135413,15845,10211,9,10220,239
2020-06-24,San Diego,073,3302833,15084,11628,2,11630,347
2020-06-24,San Francisco,075,870044,3721,3216,1,3217,48
2020-06-24,San Joaquin,077,732212,4059,2680,4,2684,49
2020-06-24,San Luis Obispo,079,281455,701,461,5,466,1
2020-06-24,San Mateo,081,765935,3364,2964,5,2969,82
2020-06-24,Santa Barbara,083,443738,3969,2569,24,2593,22
2020-06-24,Santa Clara,085,1922200,5232,3812,16,3828,155
2020-06-24,Santa Cruz,087,273765,404,329,0,329,2
2020-06-24,Shasta,089,179085,169,83,0,83,5
2020-06-24,Sierra,091,2930,1,1,0,1,0
2020-06-24,Siskiyou,093,43540,32,24,0,24,0
2020-06-24,Solano,095,438530,1535,979,7,986,21
2020-06-24,Sonoma,097,501317,1263,933,3,936,4
2020-06-24,Stanislaus,099,539301,3244,2039,5,2044,36
2020-06-24,Sutter,101,95872,158,118,0,118,2
2020-06-24,Tehama,103,63373,81,55,2,57,1
2020-06-24,Trinity,105,12862,16,2,3,5,0
2020-06-24,Tulare,107,460477,4883,3541,10,3551,116
2020-06-24,Tuolumne,109,53932,32,9,1,10,0
2020-06-24,Ventura,111,848112,3533,2314,16,2330,42
2020-06-24,Yolo,113,214977,572,376,3,379,24
2020-06-24,Yuba,115,75493,57,37,0,37,1
2020-06-23,Alameda,001,1643700,6162,5159,9,5168,121
2020-06-23,Alpine,003,1148,1,1,0,1,0
2020-06-23,Amador,005,37829,21,13,0,13,0
2020-06-23,Butte,007,227075,203,111,7,118,1
2020-06-23,Calaveras,009,45235,37,26,0,26,0
2020-06-23,Colusa,011,21464,40,7,0,7,0
2020-06-23,Contra Costa,013,1133247,3103,2453,3,2456,60
2020-06-23,Del Norte,015,27424,48,46,0,46,0
2020-06-23,El Dorado,017,186661,228,142,0,142,0
2020-06-23,Fresno,019,978130,7563,3569,71,3640,67
2020-06-23,Glenn,021,27897,120,47,0,47,0
2020-06-23,Humboldt,023,135768,150,110,0,110,3
2020-06-23,Imperial,025,180216,7345,5025,4,5029,38
2020-06-23,Inyo,027,18085,29,26,0,26,1
2020-06-23,Kern,029,883053,6612,4087,17,4104,64
2020-06-23,Kings,031,150075,2455,1727,6,1733,16
2020-06-23,Lake,033,64148,60,40,0,40,0
2020-06-23,Lassen,035,31185,226,9,2,11,0
2020-06-23,Los Angeles,037,10098052,102694,88433,26,88459,3152
2020-06-23,Madera,039,155013,726,369,2,371,4
2020-06-23,Marin,041,260295,1968,1139,4,1143,17
2020-06-23,Mariposa,043,17540,26,18,0,18,1
2020-06-23,Mendocino,045,87422,79,61,0,61,0
2020-06-23,Merced,047,269075,1256,656,1,657,8
2020-06-23,Modoc,049,8938,1,0,0,0,0
2020-06-23,Mono,051,14174,42,35,0,35,1
2020-06-23,Monterey,053,433212,1781,1346,5,1351,12
2020-06-23,Napa,055,140530,362,230,0,230,3
2020-06-23,Nevada,057,99092,116,81,1,82,1
2020-06-23,Orange,059,3164182,18085,11071,144,11215,278
2020-06-23,Placer,061,380077,757,525,3,528,10
2020-06-23,Plumas,063,18699,9,6,0,6,0
2020-06-23,Riverside,065,2383286,19549,14469,24,14493,406
2020-06-23,Sacramento,067,1510023,3186,2374,5,2379,62
2020-06-23,San Benito,069,59416,237,167,0,167,2
2020-06-23,San Bernardino,071,2135413,15063,9771,9,9780,229
2020-06-23,San Diego,073,3302833,14564,11296,2,11298,341
2020-06-23,San Francisco,075,870044,3647,3177,1,3178,48
2020-06-23,San Joaquin,077,732212,3800,2502,4,2506,48
2020-06-23,San Luis Obispo,079,281455,670,445,5,450,1
2020-06-23,San Mateo,081,765935,3299,2907,5,2912,81
2020-06-23,Santa Barbara,083,443738,3872,2498,24,2522,22
2020-06-23,Santa Clara,085,1922200,5086,3700,16,3716,155
2020-06-23,Santa Cruz,087,273765,394,313,0,313,2
2020-06-23,Shasta,089,179085,160,81,0,81,5
2020-06-23,Sierra,091,2930,1,1,0,1,0
2020-06-23,Siskiyou,093,43540,30,24,0,24,0
2020-06-23,Solano,095,438530,1478,941,6,947,21
2020-06-23,Sonoma,097,501317,1210,912,3,915,4
2020-06-23,Stanislaus,099,539301,3068,1850,5,1855,35
2020-06-23,Sutter,101,95872,148,112,0,112,2
2020-06-23,Tehama,103,63373,79,50,2,52,1
2020-06-23,Trinity,105,12862,16,2,3,5,0
2020-06-23,Tulare,107,460477,4761,3456,10,3466,111
2020-06-23,Tuolumne,109,53932,27,9,0,9,0
2020-06-23,Ventura,111,848112,3373,2209,15,2224,40
2020-06-23,Yolo,113,214977,546,350,0,350,24
2020-06-23,Yuba,115,75493,54,35,0,35,1
2020-06-22,Alameda,001,1643700,6011,4944,9,4953,121
2020-06-22,Alpine,003,1148,1,1,0,1,0
2020-06-22,Amador,005,37829,18,12,0,12,0
2020-06-22,Butte,007,227075,184,104,7,111,1
2020-06-22,Calaveras,009,45235,35,20,0,20,0
2020-06-22,Colusa,011,21464,37,7,0,7,0
2020-06-22,Contra Costa,013,1133247,2961,2363,3,2366,60
2020-06-22,Del Norte,015,27424,48,46,0,46,0
2020-06-22,El Dorado,017,186661,219,137,0,137,0
2020-06-22,Fresno,019,978130,7030,3425,71,3496,67
2020-06-22,Glenn,021,27897,111,40,0,40,0
2020-06-22,Humboldt,023,135768,147,110,0,110,3
2020-06-22,Imperial,025,180216,7189,4700,4,4704,38
2020-06-22,Inyo,027,18085,29,26,0,26,1
2020-06-22,Kern,029,883053,6260,3982,15,3997,60
2020-06-22,Kings,031,150075,2406,1513,6,1519,13
2020-06-22,Lake,033,64148,54,37,0,37,0
2020-06-22,Lassen,035,31185,116,7,2,9,0
2020-06-22,Los Angeles,037,10098052,99797,85925,25,85950,3117
2020-06-22,Madera,039,155013,701,333,2,335,4
2020-06-22,Marin,041,260295,1711,1029,4,1033,17
2020-06-22,Mariposa,043,17540,25,18,0,18,1
2020-06-22,Mendocino,045,87422,74,48,0,48,0
2020-06-22,Merced,047,269075,1167,619,1,620,8
2020-06-22,Modoc,049,8938,1,0,0,0,0
2020-06-22,Mono,051,14174,42,34,0,34,1
2020-06-22,Monterey,053,433212,1720,1293,5,1298,12
2020-06-22,Napa,055,140530,338,222,0,222,3
2020-06-22,Nevada,057,99092,111,79,1,80,1
2020-06-22,Orange,059,3164182,17153,10711,141,10852,275
2020-06-22,Placer,061,380077,731,512,3,515,9
2020-06-22,Plumas,063,18699,7,6,0,6,0
2020-06-22,Riverside,065,2383286,18577,13948,24,13972,403
2020-06-22,Sacramento,067,1510023,2969,2243,5,2248,62
2020-06-22,San Benito,069,59416,228,164,0,164,2
2020-06-22,San Bernardino,071,2135413,14287,9133,9,9142,229
2020-06-22,San Diego,073,3302833,14072,11098,2,11100,338
2020-06-22,San Francisco,075,870044,3554,3000,1,3001,47
2020-06-22,San Joaquin,077,732212,3552,2332,4,2336,48
2020-06-22,San Luis Obispo,079,281455,637,422,5,427,1
2020-06-22,San Mateo,081,765935,3227,2813,4,2817,81
2020-06-22,Santa Barbara,083,443738,3780,2447,24,2471,21
2020-06-22,Santa Clara,085,1922200,4923,3580,16,3596,155
2020-06-22,Santa Cruz,087,273765,381,290,0,290,3
2020-06-22,Shasta,089,179085,157,77,0,77,5
2020-06-22,Sierra,091,2930,1,1,0,1,0
2020-06-22,Siskiyou,093,43540,30,23,0,23,0
2020-06-22,Solano,095,438530,1400,784,5,789,21
2020-06-22,Sonoma,097,501317,1165,860,1,861,4
2020-06-22,Stanislaus,099,539301,2883,1784,5,1789,35
2020-06-22,Sutter,101,95872,139,100,0,100,2
2020-06-22,Tehama,103,63373,75,38,2,40,1
2020-06-22,Trinity,105,12862,16,2,3,5,0
2020-06-22,Tulare,107,460477,4623,3185,10,3195,111
2020-06-22,Tuolumne,109,53932,18,8,0,8,0
2020-06-22,Ventura,111,848112,3224,2065,15,2080,39
2020-06-22,Yolo,113,214977,519,333,0,333,24
2020-06-22,Yuba,115,75493,49,36,0,36,1
2020-06-21,Alameda,001,1643700,5816,4835,9,4844,121
2020-06-21,Alpine,003,1148,1,1,0,1,0
2020-06-21,Amador,005,37829,13,12,0,12,0
2020-06-21,Butte,007,227075,170,97,7,104,1
2020-06-21,Calaveras,009,45235,35,20,0,20,0
2020-06-21,Colusa,011,21464,29,7,0,7,0
2020-06-21,Contra Costa,013,1133247,2835,2282,3,2285,60
2020-06-21,Del Norte,015,27424,47,46,0,46,0
2020-06-21,El Dorado,017,186661,210,132,0,132,0
2020-06-21,Fresno,019,978130,6458,3296,69,3365,67
2020-06-21,Glenn,021,27897,102,40,0,40,0
2020-06-21,Humboldt,023,135768,142,108,0,108,3
2020-06-21,Imperial,025,180216,7006,4701,4,4705,38
2020-06-21,Inyo,027,18085,27,26,0,26,1
2020-06-21,Kern,029,883053,5968,3918,14,3932,60
2020-06-21,Kings,031,150075,2342,1334,6,1340,11
2020-06-21,Lake,033,64148,49,36,0,36,0
2020-06-21,Lassen,035,31185,23,7,2,9,0
2020-06-21,Los Angeles,037,10098052,96916,83383,24,83407,3101
2020-06-21,Madera,039,155013,667,319,2,321,4
2020-06-21,Marin,041,260295,1554,907,4,911,17
2020-06-21,Mariposa,043,17540,22,18,0,18,1
2020-06-21,Mendocino,045,87422,71,48,0,48,0
2020-06-21,Merced,047,269075,1072,577,1,578,8
2020-06-21,Modoc,049,8938,1,0,0,0,0
2020-06-21,Mono,051,14174,42,34,0,34,1
2020-06-21,Monterey,053,433212,1647,1227,5,1232,12
2020-06-21,Napa,055,140530,323,218,0,218,3
2020-06-21,Nevada,057,99092,108,79,1,80,1
2020-06-21,Orange,059,3164182,16320,10563,137,10700,275
2020-06-21,Placer,061,380077,691,498,3,501,9
2020-06-21,Plumas,063,18699,7,6,0,6,0
2020-06-21,Riverside,065,2383286,17871,13528,23,13551,402
2020-06-21,Sacramento,067,1510023,2768,2156,4,2160,62
2020-06-21,San Benito,069,59416,214,151,0,151,2
2020-06-21,San Bernardino,071,2135413,13511,8925,8,8933,229
2020-06-21,San Diego,073,3302833,13526,10796,2,10798,338
2020-06-21,San Francisco,075,870044,3448,3000,1,3001,47
2020-06-21,San Joaquin,077,732212,3316,2188,4,2192,48
2020-06-21,San Luis Obispo,079,281455,612,418,5,423,1
2020-06-21,San Mateo,081,765935,3169,2781,4,2785,81
2020-06-21,Santa Barbara,083,443738,3673,2430,23,2453,21
2020-06-21,Santa Clara,085,1922200,4785,3514,16,3530,154
2020-06-21,Santa Cruz,087,273765,371,290,0,290,3
2020-06-21,Shasta,089,179085,147,75,0,75,5
2020-06-21,Sierra,091,2930,1,1,0,1,0
2020-06-21,Siskiyou,093,43540,30,23,0,23,0
2020-06-21,Solano,095,438530,1300,783,4,787,21
2020-06-21,Sonoma,097,501317,1115,836,1,837,4
2020-06-21,Stanislaus,099,539301,2697,1688,5,1693,35
2020-06-21,Sutter,101,95872,131,96,0,96,2
2020-06-21,Tehama,103,63373,64,35,2,37,1
2020-06-21,Trinity,105,12862,15,2,3,5,0
2020-06-21,Tulare,107,460477,4454,3173,10,3183,111
2020-06-21,Tuolumne,109,53932,16,8,0,8,0
2020-06-21,Ventura,111,848112,3046,2021,15,2036,39
2020-06-21,Yolo,113,214977,487,323,0,323,24
2020-06-21,Yuba,115,75493,45,35,0,35,1
2020-06-20,Alameda,001,1643700,5754,4758,9,4767,119
2020-06-20,Alpine,003,1148,1,1,0,1,0
2020-06-20,Amador,005,37829,13,12,0,12,0
2020-06-20,Butte,007,227075,163,94,7,101,1
2020-06-20,Calaveras,009,45235,35,20,0,20,0
2020-06-20,Colusa,011,21464,26,7,0,7,0
2020-06-20,Contra Costa,013,1133247,2776,2231,3,2234,54
2020-06-20,Del Norte,015,27424,47,46,0,46,0
2020-06-20,El Dorado,017,186661,205,130,0,130,0
2020-06-20,Fresno,019,978130,6332,3222,66,3288,67
2020-06-20,Glenn,021,27897,97,40,0,40,0
2020-06-20,Humboldt,023,135768,142,108,0,108,3
2020-06-20,Imperial,025,180216,6925,4616,4,4620,37
2020-06-20,Inyo,027,18085,27,26,0,26,1
2020-06-20,Kern,029,883053,5803,3836,14,3850,59
2020-06-20,Kings,031,150075,2318,1331,6,1337,9
2020-06-20,Lake,033,64148,49,37,0,37,0
2020-06-20,Lassen,035,31185,22,7,2,9,0
2020-06-20,Los Angeles,037,10098052,95343,81604,23,81627,3093
2020-06-20,Madera,039,155013,634,321,2,323,4
2020-06-20,Marin,041,260295,1534,879,4,883,17
2020-06-20,Mariposa,043,17540,22,18,0,18,1
2020-06-20,Mendocino,045,87422,70,48,0,48,0
2020-06-20,Merced,047,269075,1032,566,1,567,8
2020-06-20,Modoc,049,8938,1,0,0,0,0
2020-06-20,Mono,051,14174,42,34,0,34,1
2020-06-20,Monterey,053,433212,1611,1181,5,1186,12
2020-06-20,Napa,055,140530,314,212,0,212,3
2020-06-20,Nevada,057,99092,105,73,1,74,1
2020-06-20,Orange,059,3164182,15969,10284,133,10417,273
2020-06-20,Placer,061,380077,666,483,3,486,9
2020-06-20,Plumas,063,18699,6,6,0,6,0
2020-06-20,Riverside,065,2383286,17572,13021,23,13044,402
2020-06-20,Sacramento,067,1510023,2697,2069,4,2073,63
2020-06-20,San Benito,069,59416,210,139,0,139,2
2020-06-20,San Bernardino,071,2135413,13149,8718,8,8726,229
2020-06-20,San Diego,073,3302833,13203,10486,2,10488,338
2020-06-20,San Francisco,075,870044,3404,2999,1,3000,47
2020-06-20,San Joaquin,077,732212,3234,2046,4,2050,48
2020-06-20,San Luis Obispo,079,281455,599,405,5,410,1
2020-06-20,San Mateo,081,765935,3121,2755,4,2759,81
2020-06-20,Santa Barbara,083,443738,3617,2358,22,2380,21
2020-06-20,Santa Clara,085,1922200,4711,3435,16,3451,154
2020-06-20,Santa Cruz,087,273765,369,287,0,287,3
2020-06-20,Shasta,089,179085,141,66,0,66,5
2020-06-20,Sierra,091,2930,1,1,0,1,0
2020-06-20,Siskiyou,093,43540,29,22,0,22,0
2020-06-20,Solano,095,438530,1276,784,4,788,21
2020-06-20,Sonoma,097,501317,1079,806,1,807,4
2020-06-20,Stanislaus,099,539301,2589,1598,5,1603,35
2020-06-20,Sutter,101,95872,129,89,0,89,2
2020-06-20,Tehama,103,63373,62,35,2,37,1
2020-06-20,Trinity,105,12862,15,2,3,5,0
2020-06-20,Tulare,107,460477,4381,3172,10,3182,111
2020-06-20,Tuolumne,109,53932,13,8,0,8,0
2020-06-20,Ventura,111,848112,2981,1946,15,1961,37
2020-06-20,Yolo,113,214977,471,309,0,309,24
2020-06-20,Yuba,115,75493,43,34,0,34,1
2020-06-19,Alameda,001,1643700,5683,4646,9,4655,119
2020-06-19,Alpine,003,1148,1,1,0,1,0
2020-06-19,Amador,005,37829,13,12,0,12,0
2020-06-19,Butte,007,227075,158,91,7,98,1
2020-06-19,Calaveras,009,45235,34,20,0,20,0
2020-06-19,Colusa,011,21464,24,7,0,7,0
2020-06-19,Contra Costa,013,1133247,2696,2106,3,2109,54
2020-06-19,Del Norte,015,27424,47,46,0,46,0
2020-06-19,El Dorado,017,186661,196,124,0,124,0
2020-06-19,Fresno,019,978130,6170,3109,64,3173,61
2020-06-19,Glenn,021,27897,91,40,0,40,0
2020-06-19,Humboldt,023,135768,140,106,0,106,3
2020-06-19,Imperial,025,180216,6834,4504,4,4508,36
2020-06-19,Inyo,027,18085,27,26,0,26,1
2020-06-19,Kern,029,883053,5580,3742,13,3755,57
2020-06-19,Kings,031,150075,2297,1285,6,1291,9
2020-06-19,Lake,033,64148,46,36,0,36,0
2020-06-19,Lassen,035,31185,21,7,2,9,0
2020-06-19,Los Angeles,037,10098052,93363,79572,22,79594,3047
2020-06-19,Madera,039,155013,615,300,2,302,4
2020-06-19,Marin,041,260295,1505,829,4,833,17
2020-06-19,Mariposa,043,17540,21,18,0,18,1
2020-06-19,Mendocino,045,87422,69,48,0,48,0
2020-06-19,Merced,047,269075,987,529,1,530,8
2020-06-19,Modoc,049,8938,1,0,0,0,0
2020-06-19,Mono,051,14174,42,34,0,34,1
2020-06-19,Monterey,053,433212,1582,1159,5,1164,12
2020-06-19,Napa,055,140530,304,209,0,209,3
2020-06-19,Nevada,057,99092,102,71,1,72,1
2020-06-19,Orange,059,3164182,15436,9972,126,10098,260
2020-06-19,Placer,061,380077,648,464,3,467,9
2020-06-19,Plumas,063,18699,6,5,0,5,0
2020-06-19,Riverside,065,2383286,17167,12710,23,12733,398
2020-06-19,Sacramento,067,1510023,2614,1976,4,1980,64
2020-06-19,San Benito,069,59416,209,136,0,136,2
2020-06-19,San Bernardino,071,2135413,12743,8454,7,8461,226
2020-06-19,San Diego,073,3302833,12840,10352,2,10354,332
2020-06-19,San Francisco,075,870044,3349,2968,1,2969,47
2020-06-19,San Joaquin,077,732212,3111,1969,4,1973,48
2020-06-19,San Luis Obispo,079,281455,583,392,5,397,1
2020-06-19,San Mateo,081,765935,3082,2713,4,2717,81
2020-06-19,Santa Barbara,083,443738,3544,2284,20,2304,21
2020-06-19,Santa Clara,085,1922200,4637,3376,16,3392,154
2020-06-19,Santa Cruz,087,273765,359,283,0,283,3
2020-06-19,Shasta,089,179085,137,58,0,58,5
2020-06-19,Sierra,091,2930,1,1,0,1,0
2020-06-19,Siskiyou,093,43540,29,21,0,21,0
2020-06-19,Solano,095,438530,1238,755,4,759,21
2020-06-19,Sonoma,097,501317,1052,803,1,804,4
2020-06-19,Stanislaus,099,539301,2479,1549,5,1554,35
2020-06-19,Sutter,101,95872,128,89,0,89,2
2020-06-19,Tehama,103,63373,61,35,2,37,1
2020-06-19,Trinity,105,12862,15,2,3,5,0
2020-06-19,Tulare,107,460477,4310,3053,10,3063,107
2020-06-19,Tuolumne,109,53932,12,8,0,8,0
2020-06-19,Ventura,111,848112,2897,1865,15,1880,37
2020-06-19,Yolo,113,214977,452,303,0,303,24
2020-06-19,Yuba,115,75493,42,33,0,33,1
2020-06-18,Alameda,001,1643700,5553,4589,9,4598,118
2020-06-18,Alpine,003,1148,1,1,0,1,0
2020-06-18,Amador,005,37829,12,12,0,12,0
2020-06-18,Butte,007,227075,153,88,7,95,1
2020-06-18,Calaveras,009,45235,34,20,0,20,0
2020-06-18,Colusa,011,21464,20,7,0,7,0
2020-06-18,Contra Costa,013,1133247,2590,2072,3,2075,53
2020-06-18,Del Norte,015,27424,47,46,0,46,0
2020-06-18,El Dorado,017,186661,192,121,0,121,0
2020-06-18,Fresno,019,978130,5903,2947,63,3010,57
2020-06-18,Glenn,021,27897,82,35,0,35,0
2020-06-18,Humboldt,023,135768,139,106,0,106,3
2020-06-18,Imperial,025,180216,6685,4366,4,4370,36
2020-06-18,Inyo,027,18085,26,25,0,25,1
2020-06-18,Kern,029,883053,5362,3634,13,3647,57
2020-06-18,Kings,031,150075,2238,1141,6,1147,8
2020-06-18,Lake,033,64148,45,36,0,36,0
2020-06-18,Lassen,035,31185,20,5,2,7,0
2020-06-18,Los Angeles,037,10098052,91094,78244,22,78266,3009
2020-06-18,Madera,039,155013,580,288,2,290,4
2020-06-18,Marin,041,260295,1442,819,4,823,17
2020-06-18,Mariposa,043,17540,19,18,0,18,1
2020-06-18,Mendocino,045,87422,65,45,0,45,0
2020-06-18,Merced,047,269075,934,486,1,487,7
2020-06-18,Modoc,049,8938,1,0,0,0,0
2020-06-18,Mono,051,14174,42,34,0,34,1
2020-06-18,Monterey,053,433212,1514,1127,5,1132,12
2020-06-18,Napa,055,140530,289,205,0,205,3
2020-06-18,Nevada,057,99092,98,68,1,69,1
2020-06-18,Orange,059,3164182,14781,9597,107,9704,255
2020-06-18,Placer,061,380077,625,457,3,460,9
2020-06-18,Plumas,063,18699,6,5,0,5,0
2020-06-18,Riverside,065,2383286,16552,12410,23,12433,392
2020-06-18,Sacramento,067,1510023,2498,1938,4,1942,63
2020-06-18,San Benito,069,59416,203,134,0,134,2
2020-06-18,San Bernardino,071,2135413,12104,8141,7,8148,226
2020-06-18,San Diego,073,3302833,12418,10094,2,10096,331
2020-06-18,San Francisco,075,870044,3300,2951,1,2952,47
2020-06-18,San Joaquin,077,732212,2959,1908,4,1912,47
2020-06-18,San Luis Obispo,079,281455,564,378,5,383,1
2020-06-18,San Mateo,081,765935,3043,2674,4,2678,78
2020-06-18,Santa Barbara,083,443738,3470,2201,20,2221,19
2020-06-18,Santa Clara,085,1922200,4534,3338,16,3354,152
2020-06-18,Santa Cruz,087,273765,342,275,0,275,3
2020-06-18,Shasta,089,179085,126,51,0,51,4
2020-06-18,Sierra,091,2930,1,1,0,1,0
2020-06-18,Siskiyou,093,43540,29,18,0,18,0
2020-06-18,Solano,095,438530,1200,735,4,739,21
2020-06-18,Sonoma,097,501317,1010,789,1,790,4
2020-06-18,Stanislaus,099,539301,2345,1495,5,1500,35
2020-06-18,Sutter,101,95872,124,85,0,85,2
2020-06-18,Tehama,103,63373,56,31,2,33,1
2020-06-18,Trinity,105,12862,15,2,3,5,0
2020-06-18,Tulare,107,460477,4188,3005,10,3015,107
2020-06-18,Tuolumne,109,53932,11,8,0,8,0
2020-06-18,Ventura,111,848112,2771,1781,15,1796,37
2020-06-18,Yolo,113,214977,419,294,0,294,24
2020-06-18,Yuba,115,75493,41,32,0,32,1
2020-06-17,Alameda,001,1643700,5430,4485,9,4494,117
2020-06-17,Alpine,003,1148,1,1,0,1,0
2020-06-17,Amador,005,37829,11,10,0,10,0
2020-06-17,Butte,007,227075,144,81,7,88,1
2020-06-17,Calaveras,009,45235,34,20,0,20,0
2020-06-17,Colusa,011,21464,19,7,0,7,0
2020-06-17,Contra Costa,013,1133247,2493,2020,3,2023,45
2020-06-17,Del Norte,015,27424,47,45,0,45,0
2020-06-17,El Dorado,017,186661,185,116,0,116,0
2020-06-17,Fresno,019,978130,5677,2801,60,2861,56
2020-06-17,Glenn,021,27897,75,31,0,31,0
2020-06-17,Humboldt,023,135768,137,105,0,105,3
2020-06-17,Imperial,025,180216,6512,4108,4,4112,36
2020-06-17,Inyo,027,18085,25,25,0,25,1
2020-06-17,Kern,029,883053,5161,3547,13,3560,56
2020-06-17,Kings,031,150075,2208,1097,6,1103,7
2020-06-17,Lake,033,64148,44,32,0,32,0
2020-06-17,Lassen,035,31185,16,5,2,7,0
2020-06-17,Los Angeles,037,10098052,88787,77166,22,77188,2973
2020-06-17,Madera,039,155013,558,258,2,260,4
2020-06-17,Marin,041,260295,1250,771,3,774,17
2020-06-17,Mariposa,043,17540,18,18,0,18,1
2020-06-17,Mendocino,045,87422,63,42,0,42,0
2020-06-17,Merced,047,269075,862,460,1,461,7
2020-06-17,Modoc,049,8938,1,0,0,0,0
2020-06-17,Mono,051,14174,42,34,0,34,1
2020-06-17,Monterey,053,433212,1462,1077,5,1082,12
2020-06-17,Napa,055,140530,274,202,0,202,3
2020-06-17,Nevada,057,99092,94,57,1,58,1
2020-06-17,Orange,059,3164182,14175,9278,101,9379,230
2020-06-17,Placer,061,380077,605,427,3,430,9
2020-06-17,Plumas,063,18699,6,5,0,5,0
2020-06-17,Riverside,065,2383286,15916,11859,23,11882,370
2020-06-17,Sacramento,067,1510023,2391,1889,4,1893,63
2020-06-17,San Benito,069,59416,198,116,0,116,2
2020-06-17,San Bernardino,071,2135413,11552,7670,7,7677,225
2020-06-17,San Diego,073,3302833,12039,9856,2,9858,327
2020-06-17,San Francisco,075,870044,3261,2906,1,2907,46
2020-06-17,San Joaquin,077,732212,2786,1825,4,1829,46
2020-06-17,San Luis Obispo,079,281455,547,362,5,367,1
2020-06-17,San Mateo,081,765935,2996,2649,4,2653,78
2020-06-17,Santa Barbara,083,443738,3397,2147,18,2165,19
2020-06-17,Santa Clara,085,1922200,4441,3264,15,3279,148
2020-06-17,Santa Cruz,087,273765,336,265,0,265,2
2020-06-17,Shasta,089,179085,124,51,0,51,4
2020-06-17,Sierra,091,2930,1,1,0,1,0
2020-06-17,Siskiyou,093,43540,28,16,0,16,0
2020-06-17,Solano,095,438530,1150,722,4,726,21
2020-06-17,Sonoma,097,501317,985,748,1,749,4
2020-06-17,Stanislaus,099,539301,2222,1387,5,1392,35
2020-06-17,Sutter,101,95872,118,79,0,79,2
2020-06-17,Tehama,103,63373,41,24,2,26,1
2020-06-17,Trinity,105,12862,14,2,3,5,0
2020-06-17,Tulare,107,460477,4078,2882,10,2892,106
2020-06-17,Tuolumne,109,53932,11,7,0,7,0
2020-06-17,Ventura,111,848112,2671,1729,15,1744,37
2020-06-17,Yolo,113,214977,399,277,0,277,24
2020-06-17,Yuba,115,75493,40,30,0,30,1
2020-06-16,Alameda,001,1643700,5312,4428,9,4437,113
2020-06-16,Alpine,003,1148,1,1,0,1,0
2020-06-16,Amador,005,37829,11,10,0,10,0
2020-06-16,Butte,007,227075,140,79,7,86,1
2020-06-16,Calaveras,009,45235,31,19,0,19,0
2020-06-16,Colusa,011,21464,16,7,0,7,0
2020-06-16,Contra Costa,013,1133247,2402,1971,2,1973,45
2020-06-16,Del Norte,015,27424,47,45,0,45,0
2020-06-16,El Dorado,017,186661,179,115,0,115,0
2020-06-16,Fresno,019,978130,5439,2731,58,2789,50
2020-06-16,Glenn,021,27897,71,30,0,30,0
2020-06-16,Humboldt,023,135768,134,105,0,105,3
2020-06-16,Imperial,025,180216,6353,3939,4,3943,36
2020-06-16,Inyo,027,18085,25,24,0,24,1
2020-06-16,Kern,029,883053,4937,3496,13,3509,55
2020-06-16,Kings,031,150075,2162,1044,6,1050,6
2020-06-16,Lake,033,64148,44,31,0,31,0
2020-06-16,Lassen,035,31185,13,5,2,7,0
2020-06-16,Los Angeles,037,10098052,86465,75051,22,75073,2942
2020-06-16,Madera,039,155013,532,239,2,241,3
2020-06-16,Marin,041,260295,1197,725,3,728,17
2020-06-16,Mariposa,043,17540,18,17,0,17,1
2020-06-16,Mendocino,045,87422,62,35,0,35,0
2020-06-16,Merced,047,269075,814,436,1,437,7
2020-06-16,Modoc,049,8938,1,0,0,0,0
2020-06-16,Mono,051,14174,42,34,0,34,1
2020-06-16,Monterey,053,433212,1414,1019,5,1024,12
2020-06-16,Napa,055,140530,259,196,0,196,3
2020-06-16,Nevada,057,99092,91,53,1,54,1
2020-06-16,Orange,059,3164182,13591,9163,97,9260,223
2020-06-16,Placer,061,380077,573,392,3,395,9
2020-06-16,Plumas,063,18699,6,5,0,5,0
2020-06-16,Riverside,065,2383286,15241,11638,23,11661,364
2020-06-16,Sacramento,067,1510023,2282,1825,4,1829,60
2020-06-16,San Benito,069,59416,190,110,0,110,2
2020-06-16,San Bernardino,071,2135413,11009,7463,7,7470,225
2020-06-16,San Diego,073,3302833,11677,9732,1,9733,323
2020-06-16,San Francisco,075,870044,3210,2893,1,2894,46
2020-06-16,San Joaquin,077,732212,2633,1718,4,1722,47
2020-06-16,San Luis Obispo,079,281455,523,343,5,348,1
2020-06-16,San Mateo,081,765935,2942,2618,4,2622,77
2020-06-16,Santa Barbara,083,443738,3330,2090,18,2108,16
2020-06-16,Santa Clara,085,1922200,4330,3228,14,3242,148
2020-06-16,Santa Cruz,087,273765,320,257,0,257,2
2020-06-16,Shasta,089,179085,115,51,0,51,4
2020-06-16,Sierra,091,2930,1,1,0,1,0
2020-06-16,Siskiyou,093,43540,27,15,0,15,0
2020-06-16,Solano,095,438530,1060,694,4,698,19
2020-06-16,Sonoma,097,501317,953,739,1,740,4
2020-06-16,Stanislaus,099,539301,2069,1278,5,1283,36
2020-06-16,Sutter,101,95872,111,73,0,73,2
2020-06-16,Tehama,103,63373,37,24,2,26,1
2020-06-16,Trinity,105,12862,14,2,3,5,0
2020-06-16,Tulare,107,460477,3959,2802,10,2812,96
2020-06-16,Tuolumne,109,53932,11,7,0,7,0
2020-06-16,Ventura,111,848112,2570,1676,15,1691,37
2020-06-16,Yolo,113,214977,375,262,0,262,24
2020-06-16,Yuba,115,75493,39,29,0,29,1
2020-06-15,Alameda,001,1643700,5186,4323,9,4332,112
2020-06-15,Alpine,003,1148,1,1,0,1,0
2020-06-15,Amador,005,37829,11,10,0,10,0
2020-06-15,Butte,007,227075,132,78,7,85,1
2020-06-15,Calaveras,009,45235,31,18,0,18,0
2020-06-15,Colusa,011,21464,14,7,0,7,0
2020-06-15,Contra Costa,013,1133247,2325,1918,2,1920,43
2020-06-15,Del Norte,015,27424,47,45,0,45,0
2020-06-15,El Dorado,017,186661,169,114,0,114,0
2020-06-15,Fresno,019,978130,5226,2616,57,2673,48
2020-06-15,Glenn,021,27897,66,21,0,21,0
2020-06-15,Humboldt,023,135768,132,105,0,105,3
2020-06-15,Imperial,025,180216,6178,3726,4,3730,36
2020-06-15,Inyo,027,18085,25,23,0,23,1
2020-06-15,Kern,029,883053,4713,3417,13,3430,55
2020-06-15,Kings,031,150075,2085,1022,6,1028,6
2020-06-15,Lake,033,64148,44,31,0,31,0
2020-06-15,Lassen,035,31185,13,5,2,7,0
2020-06-15,Los Angeles,037,10098052,84276,73705,22,73727,2908
2020-06-15,Madera,039,155013,510,203,2,205,3
2020-06-15,Marin,041,260295,1030,708,3,711,17
2020-06-15,Mariposa,043,17540,18,17,0,17,1
2020-06-15,Mendocino,045,87422,53,33,0,33,0
2020-06-15,Merced,047,269075,768,414,1,415,7
2020-06-15,Modoc,049,8938,1,0,0,0,0
2020-06-15,Mono,051,14174,42,34,0,34,1
2020-06-15,Monterey,053,433212,1348,998,5,1003,12
2020-06-15,Napa,055,140530,251,187,0,187,3
2020-06-15,Nevada,057,99092,85,52,1,53,1
2020-06-15,Orange,059,3164182,13023,8944,89,9033,212
2020-06-15,Placer,061,380077,551,386,3,389,9
2020-06-15,Plumas,063,18699,6,4,0,4,0
2020-06-15,Riverside,065,2383286,14623,11376,22,11398,364
2020-06-15,Sacramento,067,1510023,2166,1791,4,1795,60
2020-06-15,San Benito,069,59416,184,108,0,108,2
2020-06-15,San Bernardino,071,2135413,10505,7189,7,7196,224
2020-06-15,San Diego,073,3302833,11337,9612,1,9613,320
2020-06-15,San Francisco,075,870044,3166,2833,1,2834,45
2020-06-15,San Joaquin,077,732212,2497,1667,4,1671,43
2020-06-15,San Luis Obispo,079,281455,508,332,5,337,1
2020-06-15,San Mateo,081,765935,2895,2591,4,2595,75
2020-06-15,Santa Barbara,083,443738,3260,2054,18,2072,16
2020-06-15,Santa Clara,085,1922200,4230,3204,14,3218,148
2020-06-15,Santa Cruz,087,273765,309,254,0,254,2
2020-06-15,Shasta,089,179085,109,50,0,50,4
2020-06-15,Sierra,091,2930,1,1,0,1,0
2020-06-15,Siskiyou,093,43540,26,14,0,14,0
2020-06-15,Solano,095,438530,1000,638,4,642,19
2020-06-15,Sonoma,097,501317,924,726,1,727,4
2020-06-15,Stanislaus,099,539301,1952,1253,5,1258,35
2020-06-15,Sutter,101,95872,101,71,0,71,2
2020-06-15,Tehama,103,63373,37,17,2,19,1
2020-06-15,Trinity,105,12862,13,2,3,5,0
2020-06-15,Tulare,107,460477,3845,2662,10,2672,96
2020-06-15,Tuolumne,109,53932,10,7,0,7,0
2020-06-15,Ventura,111,848112,2489,1656,15,1671,37
2020-06-15,Yolo,113,214977,355,255,0,255,24
2020-06-15,Yuba,115,75493,39,28,0,28,1
2020-06-14,Alameda,001,1643700,5041,4271,9,4280,112
2020-06-14,Alpine,003,1148,1,1,0,1,0
2020-06-14,Amador,005,37829,11,10,0,10,0
2020-06-14,Butte,007,227075,124,78,7,85,1
2020-06-14,Calaveras,009,45235,30,18,0,18,0
2020-06-14,Colusa,011,21464,13,7,0,7,0
2020-06-14,Contra Costa,013,1133247,2256,1893,2,1895,43
2020-06-14,Del Norte,015,27424,47,45,0,45,0
2020-06-14,El Dorado,017,186661,165,110,0,110,0
2020-06-14,Fresno,019,978130,5041,2585,56,2641,48
2020-06-14,Glenn,021,27897,51,21,0,21,0
2020-06-14,Humboldt,023,135768,128,105,0,105,3
2020-06-14,Imperial,025,180216,5947,3730,4,3734,36
2020-06-14,Inyo,027,18085,24,23,0,23,1
2020-06-14,Kern,029,883053,4502,3328,13,3341,55
2020-06-14,Kings,031,150075,2034,1022,5,1027,6
2020-06-14,Lake,033,64148,41,31,0,31,0
2020-06-14,Lassen,035,31185,13,5,2,7,0
2020-06-14,Los Angeles,037,10098052,81949,72932,22,72954,2887
2020-06-14,Madera,039,155013,491,203,2,205,3
2020-06-14,Marin,041,260295,865,689,2,691,17
2020-06-14,Mariposa,043,17540,18,16,0,16,1
2020-06-14,Mendocino,045,87422,50,33,0,33,0
2020-06-14,Merced,047,269075,717,403,1,404,7
2020-06-14,Modoc,049,8938,1,0,0,0,0
2020-06-14,Mono,051,14174,42,34,0,34,1
2020-06-14,Monterey,053,433212,1287,949,5,954,12
2020-06-14,Napa,055,140530,229,181,0,181,3
2020-06-14,Nevada,057,99092,81,52,1,53,1
2020-06-14,Orange,059,3164182,12596,8744,84,8828,211
2020-06-14,Placer,061,380077,525,369,3,372,9
2020-06-14,Plumas,063,18699,5,4,0,4,0
2020-06-14,Riverside,065,2383286,14181,11218,22,11240,364
2020-06-14,Sacramento,067,1510023,2079,1750,4,1754,60
2020-06-14,San Benito,069,59416,173,104,0,104,2
2020-06-14,San Bernardino,071,2135413,9964,7015,7,7022,224
2020-06-14,San Diego,073,3302833,10962,9442,1,9443,319
2020-06-14,San Francisco,075,870044,3126,2834,1,2835,45
2020-06-14,San Joaquin,077,732212,2346,1603,4,1607,43
2020-06-14,San Luis Obispo,079,281455,493,330,5,335,1
2020-06-14,San Mateo,081,765935,2837,2571,4,2575,75
2020-06-14,Santa Barbara,083,443738,3182,2049,18,2067,17
2020-06-14,Santa Clara,085,1922200,4135,3178,14,3192,148
2020-06-14,Santa Cruz,087,273765,295,254,0,254,2
2020-06-14,Shasta,089,179085,103,48,0,48,4
2020-06-14,Sierra,091,2930,1,1,0,1,0
2020-06-14,Siskiyou,093,43540,25,13,0,13,0
2020-06-14,Solano,095,438530,951,638,4,642,19
2020-06-14,Sonoma,097,501317,896,724,1,725,4
2020-06-14,Stanislaus,099,539301,1804,1159,5,1164,35
2020-06-14,Sutter,101,95872,96,63,0,63,2
2020-06-14,Tehama,103,63373,34,17,2,19,1
2020-06-14,Trinity,105,12862,13,2,3,5,0
2020-06-14,Tulare,107,460477,3711,2646,10,2656,96
2020-06-14,Tuolumne,109,53932,10,7,0,7,0
2020-06-14,Ventura,111,848112,2390,1610,14,1624,37
2020-06-14,Yolo,113,214977,339,254,0,254,24
2020-06-14,Yuba,115,75493,38,28,0,28,1
2020-06-13,Alameda,001,1643700,4978,4196,9,4205,112
2020-06-13,Alpine,003,1148,1,1,0,1,0
2020-06-13,Amador,005,37829,10,10,0,10,0
2020-06-13,Butte,007,227075,115,72,7,79,1
2020-06-13,Calaveras,009,45235,28,18,0,18,0
2020-06-13,Colusa,011,21464,12,7,0,7,0
2020-06-13,Contra Costa,013,1133247,2220,1868,2,1870,43
2020-06-13,Del Norte,015,27424,47,45,0,45,0
2020-06-13,El Dorado,017,186661,161,110,0,110,0
2020-06-13,Fresno,019,978130,4943,2499,56,2555,48
2020-06-13,Glenn,021,27897,49,21,0,21,0
2020-06-13,Humboldt,023,135768,127,104,0,104,3
2020-06-13,Imperial,025,180216,5874,3646,4,3650,36
2020-06-13,Inyo,027,18085,24,23,0,23,1
2020-06-13,Kern,029,883053,4393,3239,13,3252,55
2020-06-13,Kings,031,150075,2014,1023,5,1028,6
2020-06-13,Lake,033,64148,40,29,0,29,0
2020-06-13,Lassen,035,31185,13,5,2,7,0
2020-06-13,Los Angeles,037,10098052,80911,71938,22,71960,2874
2020-06-13,Madera,039,155013,487,203,2,205,3
2020-06-13,Marin,041,260295,834,677,2,679,17
2020-06-13,Mariposa,043,17540,18,16,0,16,1
2020-06-13,Mendocino,045,87422,50,33,0,33,0
2020-06-13,Merced,047,269075,699,376,1,377,7
2020-06-13,Modoc,049,8938,1,0,0,0,0
2020-06-13,Mono,051,14174,42,35,0,35,1
2020-06-13,Monterey,053,433212,1249,900,5,905,11
2020-06-13,Napa,055,140530,226,171,0,171,3
2020-06-13,Nevada,057,99092,79,52,1,53,1
2020-06-13,Orange,059,3164182,12351,8581,81,8662,211
2020-06-13,Placer,061,380077,508,346,3,349,9
2020-06-13,Plumas,063,18699,5,4,0,4,0
2020-06-13,Riverside,065,2383286,13902,10931,22,10953,364
2020-06-13,Sacramento,067,1510023,2025,1713,4,1717,60
2020-06-13,San Benito,069,59416,166,99,0,99,2
2020-06-13,San Bernardino,071,2135413,9739,6885,7,6892,224
2020-06-13,San Diego,073,3302833,10790,9316,1,9317,319
2020-06-13,San Francisco,075,870044,3106,2834,1,2835,44
2020-06-13,San Joaquin,077,732212,2265,1461,4,1465,43
2020-06-13,San Luis Obispo,079,281455,482,326,5,331,1
2020-06-13,San Mateo,081,765935,2814,2551,4,2555,75
2020-06-13,Santa Barbara,083,443738,3124,1999,18,2017,15
2020-06-13,Santa Clara,085,1922200,4092,3141,14,3155,148
2020-06-13,Santa Cruz,087,273765,289,254,0,254,2
2020-06-13,Shasta,089,179085,101,48,0,48,4
2020-06-13,Sierra,091,2930,1,1,0,1,0
2020-06-13,Siskiyou,093,43540,25,13,0,13,0
2020-06-13,Solano,095,438530,923,637,4,641,19
2020-06-13,Sonoma,097,501317,881,711,1,712,4
2020-06-13,Stanislaus,099,539301,1747,1122,5,1127,33
2020-06-13,Sutter,101,95872,95,62,0,62,2
2020-06-13,Tehama,103,63373,33,17,2,19,1
2020-06-13,Trinity,105,12862,13,2,3,5,0
2020-06-13,Tulare,107,460477,3679,2626,10,2636,96
2020-06-13,Tuolumne,109,53932,9,7,0,7,0
2020-06-13,Ventura,111,848112,2344,1567,14,1581,37
2020-06-13,Yolo,113,214977,318,251,0,251,24
2020-06-13,Yuba,115,75493,38,28,0,28,1
2020-06-12,Alameda,001,1643700,4905,4167,9,4176,109
2020-06-12,Alpine,003,1148,1,1,0,1,0
2020-06-12,Amador,005,37829,10,10,0,10,0
2020-06-12,Butte,007,227075,111,71,7,78,1
2020-06-12,Calaveras,009,45235,25,18,0,18,0
2020-06-12,Colusa,011,21464,12,7,0,7,0
2020-06-12,Contra Costa,013,1133247,2183,1827,2,1829,43
2020-06-12,Del Norte,015,27424,47,45,0,45,0
2020-06-12,El Dorado,017,186661,161,110,0,110,0
2020-06-12,Fresno,019,978130,4806,2428,56,2484,47
2020-06-12,Glenn,021,27897,46,21,0,21,0
2020-06-12,Humboldt,023,135768,125,105,0,105,3
2020-06-12,Imperial,025,180216,5790,3543,4,3547,36
2020-06-12,Inyo,027,18085,24,23,0,23,1
2020-06-12,Kern,029,883053,4276,3152,13,3165,54
2020-06-12,Kings,031,150075,2001,987,5,992,6
2020-06-12,Lake,033,64148,39,29,0,29,0
2020-06-12,Lassen,035,31185,13,5,2,7,0
2020-06-12,Los Angeles,037,10098052,79505,70385,22,70407,2814
2020-06-12,Madera,039,155013,462,187,2,189,3
2020-06-12,Marin,041,260295,831,649,2,651,17
2020-06-12,Mariposa,043,17540,18,16,0,16,1
2020-06-12,Mendocino,045,87422,50,33,0,33,0
2020-06-12,Merced,047,269075,665,372,1,373,7
2020-06-12,Modoc,049,8938,1,0,0,0,0
2020-06-12,Mono,051,14174,39,35,0,35,1
2020-06-12,Monterey,053,433212,1208,864,4,868,11
2020-06-12,Napa,055,140530,223,162,0,162,3
2020-06-12,Nevada,057,99092,73,52,1,53,1
2020-06-12,Orange,059,3164182,12045,8440,80,8520,203
2020-06-12,Placer,061,380077,491,333,3,336,9
2020-06-12,Plumas,063,18699,5,4,0,4,0
2020-06-12,Riverside,065,2383286,13565,10616,22,10638,364
2020-06-12,Sacramento,067,1510023,1970,1702,4,1706,60
2020-06-12,San Benito,069,59416,159,96,0,96,2
2020-06-12,San Bernardino,071,2135413,9471,6707,7,6714,223
2020-06-12,San Diego,073,3302833,10620,9132,1,9133,313
2020-06-12,San Francisco,075,870044,3072,2823,1,2824,44
2020-06-12,San Joaquin,077,732212,2185,1406,4,1410,43
2020-06-12,San Luis Obispo,079,281455,466,321,5,326,1
2020-06-12,San Mateo,081,765935,2779,2533,4,2537,75
2020-06-12,Santa Barbara,083,443738,3069,1969,18,1987,14
2020-06-12,Santa Clara,085,1922200,4048,3099,14,3113,149
2020-06-12,Santa Cruz,087,273765,281,251,0,251,2
2020-06-12,Shasta,089,179085,94,48,0,48,5
2020-06-12,Sierra,091,2930,1,1,0,1,0
2020-06-12,Siskiyou,093,43540,25,13,0,13,0
2020-06-12,Solano,095,438530,909,620,4,624,19
2020-06-12,Sonoma,097,501317,862,696,1,697,4
2020-06-12,Stanislaus,099,539301,1688,1092,5,1097,33
2020-06-12,Sutter,101,95872,94,56,0,56,2
2020-06-12,Tehama,103,63373,32,13,2,15,1
2020-06-12,Trinity,105,12862,13,2,3,5,0
2020-06-12,Tulare,107,460477,3625,2552,10,2562,95
2020-06-12,Tuolumne,109,53932,9,7,0,7,0
2020-06-12,Ventura,111,848112,2292,1534,14,1548,35
2020-06-12,Yolo,113,214977,306,243,0,243,24
2020-06-12,Yuba,115,75493,36,27,0,27,1
2020-06-11,Alameda,001,1643700,4775,4073,8,4081,108
2020-06-11,Alpine,003,1148,1,1,0,1,0
2020-06-11,Amador,005,37829,9,10,0,10,0
2020-06-11,Butte,007,227075,105,72,7,79,1
2020-06-11,Calaveras,009,45235,24,16,0,16,0
2020-06-11,Colusa,011,21464,12,7,0,7,0
2020-06-11,Contra Costa,013,1133247,2130,1797,2,1799,43
2020-06-11,Del Norte,015,27424,47,45,0,45,0
2020-06-11,El Dorado,017,186661,153,109,0,109,0
2020-06-11,Fresno,019,978130,4651,2338,56,2394,45
2020-06-11,Glenn,021,27897,42,21,0,21,0
2020-06-11,Humboldt,023,135768,121,113,0,113,3
2020-06-11,Imperial,025,180216,5634,3463,4,3467,36
2020-06-11,Inyo,027,18085,22,23,0,23,1
2020-06-11,Kern,029,883053,4124,3047,11,3058,54
2020-06-11,Kings,031,150075,1968,963,5,968,6
2020-06-11,Lake,033,64148,39,28,0,28,0
2020-06-11,Lassen,035,31185,13,5,2,7,0
2020-06-11,Los Angeles,037,10098052,77839,68807,21,68828,2800
2020-06-11,Madera,039,155013,444,178,2,180,3
2020-06-11,Marin,041,260295,783,637,2,639,17
2020-06-11,Mariposa,043,17540,18,16,0,16,1
2020-06-11,Mendocino,045,87422,41,35,0,35,0
2020-06-11,Merced,047,269075,625,370,1,371,7
2020-06-11,Modoc,049,8938,1,0,0,0,0
2020-06-11,Mono,051,14174,39,35,0,35,1
2020-06-11,Monterey,053,433212,1161,813,4,817,11
2020-06-11,Napa,055,140530,214,162,0,162,3
2020-06-11,Nevada,057,99092,67,50,1,51,1
2020-06-11,Orange,059,3164182,11736,8304,79,8383,188
2020-06-11,Placer,061,380077,472,321,3,324,9
2020-06-11,Plumas,063,18699,5,4,0,4,0
2020-06-11,Riverside,065,2383286,13212,10014,22,10036,361
2020-06-11,Sacramento,067,1510023,1922,1669,4,1673,60
2020-06-11,San Benito,069,59416,153,94,0,94,2
2020-06-11,San Bernardino,071,2135413,9174,6509,7,6516,221
2020-06-11,San Diego,073,3302833,10390,9000,0,9000,308
2020-06-11,San Francisco,075,870044,3043,2766,1,2767,44
2020-06-11,San Joaquin,077,732212,2073,1351,4,1355,43
2020-06-11,San Luis Obispo,079,281455,452,307,5,312,1
2020-06-11,San Mateo,081,765935,2741,2499,4,2503,74
2020-06-11,Santa Barbara,083,443738,3003,1895,18,1913,14
2020-06-11,Santa Clara,085,1922200,3981,3049,14,3063,149
2020-06-11,Santa Cruz,087,273765,277,247,0,247,2
2020-06-11,Shasta,089,179085,87,47,0,47,5
2020-06-11,Sierra,091,2930,1,1,0,1,0
2020-06-11,Siskiyou,093,43540,25,14,0,14,0
2020-06-11,Solano,095,438530,883,616,4,620,19
2020-06-11,Sonoma,097,501317,839,682,1,683,4
2020-06-11,Stanislaus,099,539301,1597,1062,5,1067,30
2020-06-11,Sutter,101,95872,91,56,0,56,2
2020-06-11,Tehama,103,63373,27,10,2,12,1
2020-06-11,Trinity,105,12862,11,2,3,5,0
2020-06-11,Tulare,107,460477,3526,2473,10,2483,95
2020-06-11,Tuolumne,109,53932,9,7,0,7,0
2020-06-11,Ventura,111,848112,2215,1491,13,1504,34
2020-06-11,Yolo,113,214977,298,230,0,230,24
2020-06-11,Yuba,115,75493,36,27,0,27,1
2020-06-10,Alameda,001,1643700,4675,4027,7,4034,107
2020-06-10,Alpine,003,1148,1,1,0,1,0
2020-06-10,Amador,005,37829,9,10,0,10,0
2020-06-10,Butte,007,227075,102,71,7,78,1
2020-06-10,Calaveras,009,45235,24,16,0,16,0
2020-06-10,Colusa,011,21464,11,7,0,7,0
2020-06-10,Contra Costa,013,1133247,2086,1778,2,1780,43
2020-06-10,Del Norte,015,27424,47,45,0,45,0
2020-06-10,El Dorado,017,186661,150,109,0,109,0
2020-06-10,Fresno,019,978130,4474,2324,56,2380,45
2020-06-10,Glenn,021,27897,39,21,0,21,0
2020-06-10,Humboldt,023,135768,117,112,0,112,3
2020-06-10,Imperial,025,180216,5486,3454,4,3458,36
2020-06-10,Inyo,027,18085,22,23,0,23,1
2020-06-10,Kern,029,883053,3999,3000,10,3010,54
2020-06-10,Kings,031,150075,1921,952,4,956,6
2020-06-10,Lake,033,64148,39,28,0,28,0
2020-06-10,Lassen,035,31185,13,5,2,7,0
2020-06-10,Los Angeles,037,10098052,76318,67018,21,67039,2752
2020-06-10,Madera,039,155013,430,176,1,177,3
2020-06-10,Marin,041,260295,752,633,2,635,17
2020-06-10,Mariposa,043,17540,17,16,0,16,1
2020-06-10,Mendocino,045,87422,40,35,0,35,0
2020-06-10,Merced,047,269075,592,370,1,371,7
2020-06-10,Modoc,049,8938,1,0,0,0,0
2020-06-10,Mono,051,14174,39,35,0,35,1
2020-06-10,Monterey,053,433212,1107,791,4,795,11
2020-06-10,Napa,055,140530,211,159,0,159,3
2020-06-10,Nevada,057,99092,65,50,1,51,1
2020-06-10,Orange,059,3164182,11460,8222,76,8298,184
2020-06-10,Placer,061,380077,447,309,3,312,9
2020-06-10,Plumas,063,18699,5,4,0,4,0
2020-06-10,Riverside,065,2383286,12889,9857,22,9879,361
2020-06-10,Sacramento,067,1510023,1883,1643,2,1645,59
2020-06-10,San Benito,069,59416,144,94,0,94,2
2020-06-10,San Bernardino,071,2135413,8882,6438,7,6445,219
2020-06-10,San Diego,073,3302833,10226,8839,0,8839,305
2020-06-10,San Francisco,075,870044,3018,2774,1,2775,44
2020-06-10,San Joaquin,077,732212,1944,1282,4,1286,41
2020-06-10,San Luis Obispo,079,281455,433,306,5,311,1
2020-06-10,San Mateo,081,765935,2701,2492,4,2496,74
2020-06-10,Santa Barbara,083,443738,2947,1878,18,1896,13
2020-06-10,Santa Clara,085,1922200,3930,3032,14,3046,149
2020-06-10,Santa Cruz,087,273765,273,242,0,242,2
2020-06-10,Shasta,089,179085,82,45,0,45,5
2020-06-10,Sierra,091,2930,1,1,0,1,0
2020-06-10,Siskiyou,093,43540,25,14,0,14,0
2020-06-10,Solano,095,438530,847,608,4,612,19
2020-06-10,Sonoma,097,501317,821,673,1,674,4
2020-06-10,Stanislaus,099,539301,1507,1030,5,1035,29
2020-06-10,Sutter,101,95872,90,56,0,56,2
2020-06-10,Tehama,103,63373,25,10,2,12,1
2020-06-10,Trinity,105,12862,11,2,3,5,0
2020-06-10,Tulare,107,460477,3433,2455,10,2465,95
2020-06-10,Tuolumne,109,53932,9,7,0,7,0
2020-06-10,Ventura,111,848112,2169,1446,12,1458,34
2020-06-10,Yolo,113,214977,290,226,0,226,24
2020-06-10,Yuba,115,75493,35,27,0,27,1
2020-06-09,Alameda,001,1643700,4565,3963,7,3970,103
2020-06-09,Alpine,003,1148,1,1,0,1,0
2020-06-09,Amador,005,37829,9,10,0,10,0
2020-06-09,Butte,007,227075,101,70,6,76,1
2020-06-09,Calaveras,009,45235,24,16,0,16,0
2020-06-09,Colusa,011,21464,10,7,0,7,0
2020-06-09,Contra Costa,013,1133247,2045,1744,2,1746,42
2020-06-09,Del Norte,015,27424,47,45,0,45,0
2020-06-09,El Dorado,017,186661,140,108,0,108,0
2020-06-09,Fresno,019,978130,4321,2278,56,2334,43
2020-06-09,Glenn,021,27897,38,19,0,19,0
2020-06-09,Humboldt,023,135768,115,113,0,113,2
2020-06-09,Imperial,025,180216,5334,3067,4,3071,36
2020-06-09,Inyo,027,18085,22,22,0,22,1
2020-06-09,Kern,029,883053,3871,2920,10,2930,51
2020-06-09,Kings,031,150075,1889,934,4,938,6
2020-06-09,Lake,033,64148,39,28,0,28,0
2020-06-09,Lassen,035,31185,13,5,2,7,0
2020-06-09,Los Angeles,037,10098052,74660,65827,21,65848,2692
2020-06-09,Madera,039,155013,415,172,1,173,3
2020-06-09,Marin,041,260295,716,616,2,618,17
2020-06-09,Mariposa,043,17540,17,16,0,16,1
2020-06-09,Mendocino,045,87422,36,35,0,35,0
2020-06-09,Merced,047,269075,563,349,1,350,7
2020-06-09,Modoc,049,8938,1,0,0,0,0
2020-06-09,Mono,051,14174,39,35,0,35,1
2020-06-09,Monterey,053,433212,1066,772,4,776,11
2020-06-09,Napa,055,140530,201,156,0,156,3
2020-06-09,Nevada,057,99092,57,50,1,51,1
2020-06-09,Orange,059,3164182,11219,7991,74,8065,174
2020-06-09,Placer,061,380077,434,301,3,304,9
2020-06-09,Plumas,063,18699,5,4,0,4,0
2020-06-09,Riverside,065,2383286,12511,9511,22,9533,354
2020-06-09,Sacramento,067,1510023,1829,1625,2,1627,59
2020-06-09,San Benito,069,59416,138,95,0,95,2
2020-06-09,San Bernardino,071,2135413,8558,6268,6,6274,217
2020-06-09,San Diego,073,3302833,10041,8731,0,8731,301
2020-06-09,San Francisco,075,870044,2993,2749,1,2750,44
2020-06-09,San Joaquin,077,732212,1838,1240,4,1244,41
2020-06-09,San Luis Obispo,079,281455,420,301,4,305,1
2020-06-09,San Mateo,081,765935,2670,2463,4,2467,74
2020-06-09,Santa Barbara,083,443738,2882,1854,18,1872,13
2020-06-09,Santa Clara,085,1922200,3862,3006,13,3019,147
2020-06-09,Santa Cruz,087,273765,267,237,0,237,2
2020-06-09,Shasta,089,179085,78,44,0,44,4
2020-06-09,Sierra,091,2930,1,1,0,1,0
2020-06-09,Siskiyou,093,43540,20,10,0,10,0
2020-06-09,Solano,095,438530,812,596,4,600,18
2020-06-09,Sonoma,097,501317,798,661,1,662,4
2020-06-09,Stanislaus,099,539301,1406,993,5,998,25
2020-06-09,Sutter,101,95872,87,56,0,56,2
2020-06-09,Tehama,103,63373,25,9,2,11,1
2020-06-09,Trinity,105,12862,10,2,3,5,0
2020-06-09,Tulare,107,460477,3367,2393,10,2403,91
2020-06-09,Tuolumne,109,53932,9,8,0,8,0
2020-06-09,Ventura,111,848112,2103,1407,12,1419,34
2020-06-09,Yolo,113,214977,279,226,0,226,24
2020-06-09,Yuba,115,75493,34,27,0,27,1
2020-06-08,Alameda,001,1643700,4485,3937,7,3944,103
2020-06-08,Alpine,003,1148,1,1,0,1,0
2020-06-08,Amador,005,37829,9,10,0,10,0
2020-06-08,Butte,007,227075,97,68,6,74,1
2020-06-08,Calaveras,009,45235,24,16,0,16,0
2020-06-08,Colusa,011,21464,9,7,0,7,0
2020-06-08,Contra Costa,013,1133247,2002,1714,2,1716,41
2020-06-08,Del Norte,015,27424,47,45,0,45,0
2020-06-08,El Dorado,017,186661,136,107,0,107,0
2020-06-08,Fresno,019,978130,4197,2194,55,2249,42
2020-06-08,Glenn,021,27897,36,17,0,17,0
2020-06-08,Humboldt,023,135768,115,112,0,112,2
2020-06-08,Imperial,025,180216,5182,3051,4,3055,21
2020-06-08,Inyo,027,18085,22,22,0,22,1
2020-06-08,Kern,029,883053,3740,2853,9,2862,49
2020-06-08,Kings,031,150075,1813,892,4,896,6
2020-06-08,Lake,033,64148,39,28,0,28,0
2020-06-08,Lassen,035,31185,13,4,2,6,0
2020-06-08,Los Angeles,037,10098052,73198,64634,21,64655,2640
2020-06-08,Madera,039,155013,385,154,1,155,3
2020-06-08,Marin,041,260295,675,596,2,598,17
2020-06-08,Mariposa,043,17540,16,16,0,16,1
2020-06-08,Mendocino,045,87422,34,32,0,32,0
2020-06-08,Merced,047,269075,529,331,1,332,7
2020-06-08,Modoc,049,8938,1,0,0,0,0
2020-06-08,Mono,051,14174,39,35,0,35,1
2020-06-08,Monterey,053,433212,1015,751,3,754,10
2020-06-08,Napa,055,140530,185,151,0,151,3
2020-06-08,Nevada,057,99092,56,50,1,51,1
2020-06-08,Orange,059,3164182,10968,7786,72,7858,160
2020-06-08,Placer,061,380077,417,290,3,293,9
2020-06-08,Plumas,063,18699,5,4,0,4,0
2020-06-08,Riverside,065,2383286,12142,9246,22,9268,347
2020-06-08,Sacramento,067,1510023,1779,1591,2,1593,59
2020-06-08,San Benito,069,59416,131,93,0,93,2
2020-06-08,San Bernardino,071,2135413,8237,6122,6,6128,214
2020-06-08,San Diego,073,3302833,9884,8621,0,8621,296
2020-06-08,San Francisco,075,870044,2966,2715,1,2716,43
2020-06-08,San Joaquin,077,732212,1731,1198,4,1202,40
2020-06-08,San Luis Obispo,079,281455,414,300,4,304,1
2020-06-08,San Mateo,081,765935,2639,2431,3,2434,74
2020-06-08,Santa Barbara,083,443738,2814,1824,16,1840,13
2020-06-08,Santa Clara,085,1922200,3816,2971,13,2984,146
2020-06-08,Santa Cruz,087,273765,266,234,0,234,2
2020-06-08,Shasta,089,179085,74,43,0,43,4
2020-06-08,Sierra,091,2930,1,1,0,1,0
2020-06-08,Siskiyou,093,43540,20,8,0,8,0
2020-06-08,Solano,095,438530,785,560,4,564,19
2020-06-08,Sonoma,097,501317,782,654,1,655,4
2020-06-08,Stanislaus,099,539301,1324,956,5,961,28
2020-06-08,Sutter,101,95872,80,55,0,55,2
2020-06-08,Tehama,103,63373,19,8,2,10,1
2020-06-08,Trinity,105,12862,10,2,3,5,0
2020-06-08,Tulare,107,460477,3284,2301,10,2311,91
2020-06-08,Tuolumne,109,53932,8,8,0,8,0
2020-06-08,Ventura,111,848112,2045,1382,12,1394,30
2020-06-08,Yolo,113,214977,268,228,0,228,24
2020-06-08,Yuba,115,75493,32,27,0,27,1
2020-06-07,Alameda,001,1643700,4372,3866,7,3873,102
2020-06-07,Alpine,003,1148,1,1,0,1,0
2020-06-07,Amador,005,37829,9,10,0,10,0
2020-06-07,Butte,007,227075,95,64,5,69,1
2020-06-07,Calaveras,009,45235,22,16,0,16,0
2020-06-07,Colusa,011,21464,9,7,0,7,0
2020-06-07,Contra Costa,013,1133247,1951,1653,1,1654,38
2020-06-07,Del Norte,015,27424,45,45,0,45,0
2020-06-07,El Dorado,017,186661,136,104,0,104,0
2020-06-07,Fresno,019,978130,4067,2144,55,2199,41
2020-06-07,Glenn,021,27897,29,16,0,16,0
2020-06-07,Humboldt,023,135768,115,112,0,112,2
2020-06-07,Imperial,025,180216,5031,3048,4,3052,19
2020-06-07,Inyo,027,18085,22,21,0,21,1
2020-06-07,Kern,029,883053,3609,2771,9,2780,46
2020-06-07,Kings,031,150075,1764,882,4,886,6
2020-06-07,Lake,033,64148,36,28,0,28,0
2020-06-07,Lassen,035,31185,12,4,2,6,0
2020-06-07,Los Angeles,037,10098052,71495,63750,21,63771,2629
2020-06-07,Madera,039,155013,368,149,1,150,3
2020-06-07,Marin,041,260295,661,584,2,586,17
2020-06-07,Mariposa,043,17540,16,16,0,16,1
2020-06-07,Mendocino,045,87422,34,32,0,32,0
2020-06-07,Merced,047,269075,496,318,1,319,7
2020-06-07,Modoc,049,8938,1,0,0,0,0
2020-06-07,Mono,051,14174,39,35,0,35,1
2020-06-07,Monterey,053,433212,968,732,3,735,10
2020-06-07,Napa,055,140530,177,142,0,142,3
2020-06-07,Nevada,057,99092,55,50,1,51,1
2020-06-07,Orange,059,3164182,10711,7643,70,7713,158
2020-06-07,Placer,061,380077,396,273,2,275,9
2020-06-07,Plumas,063,18699,5,4,0,4,0
2020-06-07,Riverside,065,2383286,11846,9105,22,9127,344
2020-06-07,Sacramento,067,1510023,1731,1568,2,1570,59
2020-06-07,San Benito,069,59416,128,92,0,92,2
2020-06-07,San Bernardino,071,2135413,7952,6033,6,6039,214
2020-06-07,San Diego,073,3302833,9705,8478,0,8478,296
2020-06-07,San Francisco,075,870044,2922,2674,0,2674,43
2020-06-07,San Joaquin,077,732212,1630,1126,4,1130,37
2020-06-07,San Luis Obispo,079,281455,404,296,4,300,1
2020-06-07,San Mateo,081,765935,2612,2399,3,2402,73
2020-06-07,Santa Barbara,083,443738,2745,1818,16,1834,13
2020-06-07,Santa Clara,085,1922200,3764,2947,13,2960,146
2020-06-07,Santa Cruz,087,273765,258,230,0,230,2
2020-06-07,Shasta,089,179085,73,41,0,41,4
2020-06-07,Sierra,091,2930,1,1,0,1,0
2020-06-07,Siskiyou,093,43540,20,8,0,8,0
2020-06-07,Solano,095,438530,762,560,4,564,19
2020-06-07,Sonoma,097,501317,751,639,1,640,4
2020-06-07,Stanislaus,099,539301,1244,905,5,910,28
2020-06-07,Sutter,101,95872,72,55,0,55,2
2020-06-07,Tehama,103,63373,16,8,2,10,1
2020-06-07,Trinity,105,12862,8,2,3,5,0
2020-06-07,Tulare,107,460477,3162,2219,10,2229,90
2020-06-07,Tuolumne,109,53932,8,4,0,4,0
2020-06-07,Ventura,111,848112,1979,1337,12,1349,30
2020-06-07,Yolo,113,214977,258,224,0,224,24
2020-06-07,Yuba,115,75493,32,27,0,27,1
2020-06-06,Alameda,001,1643700,4327,3801,7,3808,102
2020-06-06,Alpine,003,1148,1,1,0,1,0
2020-06-06,Amador,005,37829,9,10,0,10,0
2020-06-06,Butte,007,227075,94,63,5,68,1
2020-06-06,Calaveras,009,45235,20,16,0,16,0
2020-06-06,Colusa,011,21464,9,7,0,7,0
2020-06-06,Contra Costa,013,1133247,1930,1619,1,1620,37
2020-06-06,Del Norte,015,27424,45,45,0,45,0
2020-06-06,El Dorado,017,186661,131,104,0,104,0
2020-06-06,Fresno,019,978130,4012,2117,55,2172,41
2020-06-06,Glenn,021,27897,27,16,0,16,0
2020-06-06,Humboldt,023,135768,115,112,0,112,2
2020-06-06,Imperial,025,180216,4955,3047,4,3051,19
2020-06-06,Inyo,027,18085,22,21,0,21,1
2020-06-06,Kern,029,883053,3539,2695,9,2704,46
2020-06-06,Kings,031,150075,1745,882,4,886,6
2020-06-06,Lake,033,64148,36,28,0,28,0
2020-06-06,Lassen,035,31185,12,4,2,6,0
2020-06-06,Los Angeles,037,10098052,70748,62269,21,62290,2607
2020-06-06,Madera,039,155013,359,149,1,150,3
2020-06-06,Marin,041,260295,656,556,2,558,17
2020-06-06,Mariposa,043,17540,16,16,0,16,1
2020-06-06,Mendocino,045,87422,34,32,0,32,0
2020-06-06,Merced,047,269075,494,315,1,316,7
2020-06-06,Modoc,049,8938,1,0,0,0,0
2020-06-06,Mono,051,14174,39,35,0,35,1
2020-06-06,Monterey,053,433212,944,679,3,682,10
2020-06-06,Napa,055,140530,171,136,0,136,3
2020-06-06,Nevada,057,99092,54,50,1,51,1
2020-06-06,Orange,059,3164182,10552,7576,69,7645,157
2020-06-06,Placer,061,380077,384,270,2,272,9
2020-06-06,Plumas,063,18699,5,4,0,4,0
2020-06-06,Riverside,065,2383286,11668,8935,22,8957,345
2020-06-06,Sacramento,067,1510023,1708,1533,2,1535,59
2020-06-06,San Benito,069,59416,118,92,0,92,2
2020-06-06,San Bernardino,071,2135413,7804,5946,6,5952,214
2020-06-06,San Diego,073,3302833,9584,8347,0,8347,296
2020-06-06,San Francisco,075,870044,2907,2674,0,2674,43
2020-06-06,San Joaquin,077,732212,1590,1076,4,1080,37
2020-06-06,San Luis Obispo,079,281455,398,295,4,299,1
2020-06-06,San Mateo,081,765935,2597,2342,3,2345,72
2020-06-06,Santa Barbara,083,443738,2700,1815,16,1831,13
2020-06-06,Santa Clara,085,1922200,3723,2934,13,2947,144
2020-06-06,Santa Cruz,087,273765,256,226,0,226,2
2020-06-06,Shasta,089,179085,73,40,0,40,4
2020-06-06,Sierra,091,2930,1,1,0,1,0
2020-06-06,Siskiyou,093,43540,18,8,0,8,0
2020-06-06,Solano,095,438530,747,560,4,564,19
2020-06-06,Sonoma,097,501317,739,622,1,623,4
2020-06-06,Stanislaus,099,539301,1210,858,5,863,27
2020-06-06,Sutter,101,95872,72,51,0,51,2
2020-06-06,Tehama,103,63373,15,8,2,10,1
2020-06-06,Trinity,105,12862,8,2,2,4,0
2020-06-06,Tulare,107,460477,3129,2213,10,2223,90
2020-06-06,Tuolumne,109,53932,8,4,0,4,0
2020-06-06,Ventura,111,848112,1955,1303,12,1315,30
2020-06-06,Yolo,113,214977,256,223,0,223,24
2020-06-06,Yuba,115,75493,32,27,0,27,1
2020-06-05,Alameda,001,1643700,4276,3734,7,3741,102
2020-06-05,Alpine,003,1148,1,1,0,1,0
2020-06-05,Amador,005,37829,9,10,0,10,0
2020-06-05,Butte,007,227075,91,61,5,66,1
2020-06-05,Calaveras,009,45235,19,16,0,16,0
2020-06-05,Colusa,011,21464,9,7,0,7,0
2020-06-05,Contra Costa,013,1133247,1915,1575,1,1576,37
2020-06-05,Del Norte,015,27424,45,45,0,45,0
2020-06-05,El Dorado,017,186661,129,101,0,101,0
2020-06-05,Fresno,019,978130,3948,2051,54,2105,38
2020-06-05,Glenn,021,27897,25,16,0,16,0
2020-06-05,Humboldt,023,135768,114,111,0,111,2
2020-06-05,Imperial,025,180216,4849,2778,4,2782,19
2020-06-05,Inyo,027,18085,22,21,0,21,1
2020-06-05,Kern,029,883053,3450,2624,9,2633,46
2020-06-05,Kings,031,150075,1730,865,4,869,6
2020-06-05,Lake,033,64148,35,28,0,28,0
2020-06-05,Lassen,035,31185,11,4,2,6,0
2020-06-05,Los Angeles,037,10098052,69601,60955,21,60976,2553
2020-06-05,Madera,039,155013,337,144,1,145,3
2020-06-05,Marin,041,260295,647,546,2,548,17
2020-06-05,Mariposa,043,17540,16,16,0,16,1
2020-06-05,Mendocino,045,87422,34,32,0,32,0
2020-06-05,Merced,047,269075,492,309,1,310,7
2020-06-05,Modoc,049,8938,1,0,0,0,0
2020-06-05,Mono,051,14174,39,35,0,35,1
2020-06-05,Monterey,053,433212,912,649,3,652,10
2020-06-05,Napa,055,140530,168,123,0,123,3
2020-06-05,Nevada,057,99092,54,50,1,51,1
2020-06-05,Orange,059,3164182,10356,7391,67,7458,153
2020-06-05,Placer,061,380077,374,265,2,267,9
2020-06-05,Plumas,063,18699,5,4,0,4,0
2020-06-05,Riverside,065,2383286,11409,8700,22,8722,345
2020-06-05,Sacramento,067,1510023,1686,1514,2,1516,59
2020-06-05,San Benito,069,59416,116,92,0,92,2
2020-06-05,San Bernardino,071,2135413,7622,5869,5,5874,212
2020-06-05,San Diego,073,3302833,9469,8182,0,8182,294
2020-06-05,San Francisco,075,870044,2889,2675,0,2675,43
2020-06-05,San Joaquin,077,732212,1511,1046,4,1050,36
2020-06-05,San Luis Obispo,079,281455,391,293,4,297,1
2020-06-05,San Mateo,081,765935,2572,2331,3,2334,72
2020-06-05,Santa Barbara,083,443738,2659,1795,16,1811,13
2020-06-05,Santa Clara,085,1922200,3688,2902,13,2915,144
2020-06-05,Santa Cruz,087,273765,253,222,0,222,2
2020-06-05,Shasta,089,179085,72,40,0,40,4
2020-06-05,Sierra,091,2930,1,1,0,1,0
2020-06-05,Siskiyou,093,43540,16,8,0,8,0
2020-06-05,Solano,095,438530,740,558,4,562,19
2020-06-05,Sonoma,097,501317,718,618,1,619,4
2020-06-05,Stanislaus,099,539301,1177,842,5,847,27
2020-06-05,Sutter,101,95872,72,49,0,49,2
2020-06-05,Tehama,103,63373,15,7,2,9,1
2020-06-05,Trinity,105,12862,8,1,2,3,0
2020-06-05,Tulare,107,460477,3080,2180,10,2190,90
2020-06-05,Tuolumne,109,53932,8,4,0,4,0
2020-06-05,Ventura,111,848112,1922,1274,12,1286,30
2020-06-05,Yolo,113,214977,255,216,0,216,24
2020-06-05,Yuba,115,75493,32,27,0,27,1
2020-06-04,Alameda,001,1643700,4177,3643,7,3650,99
2020-06-04,Alpine,003,1148,1,1,0,1,0
2020-06-04,Amador,005,37829,9,10,0,10,0
2020-06-04,Butte,007,227075,87,57,4,61,1
2020-06-04,Calaveras,009,45235,19,15,0,15,0
2020-06-04,Colusa,011,21464,9,7,0,7,0
2020-06-04,Contra Costa,013,1133247,1857,1551,1,1552,37
2020-06-04,Del Norte,015,27424,45,45,0,45,0
2020-06-04,El Dorado,017,186661,127,101,0,101,0
2020-06-04,Fresno,019,978130,3842,2007,53,2060,35
2020-06-04,Glenn,021,27897,22,16,0,16,0
2020-06-04,Humboldt,023,135768,114,109,0,109,2
2020-06-04,Imperial,025,180216,4666,2631,4,2635,19
2020-06-04,Inyo,027,18085,22,20,0,20,1
2020-06-04,Kern,029,883053,3334,2530,9,2539,46
2020-06-04,Kings,031,150075,1660,842,4,846,6
2020-06-04,Lake,033,64148,34,27,0,27,0
2020-06-04,Lassen,035,31185,9,4,2,6,0
2020-06-04,Los Angeles,037,10098052,68132,59596,21,59617,2515
2020-06-04,Madera,039,155013,329,127,1,128,3
2020-06-04,Marin,041,260295,625,533,2,535,14
2020-06-04,Mariposa,043,17540,16,16,0,16,1
2020-06-04,Mendocino,045,87422,34,29,0,29,0
2020-06-04,Merced,047,269075,472,304,1,305,7
2020-06-04,Modoc,049,8938,1,0,0,0,0
2020-06-04,Mono,051,14174,39,35,0,35,1
2020-06-04,Monterey,053,433212,877,621,2,623,10
2020-06-04,Napa,055,140530,164,117,0,117,3
2020-06-04,Nevada,057,99092,53,49,1,50,1
2020-06-04,Orange,059,3164182,10102,7192,66,7258,148
2020-06-04,Placer,061,380077,358,256,2,258,9
2020-06-04,Plumas,063,18699,4,4,0,4,0
2020-06-04,Riverside,065,2383286,11131,8473,22,8495,341
2020-06-04,Sacramento,067,1510023,1659,1492,2,1494,58
2020-06-04,San Benito,069,59416,114,88,0,88,2
2020-06-04,San Bernardino,071,2135413,7354,5726,5,5731,207
2020-06-04,San Diego,073,3302833,9306,7942,0,7942,288
2020-06-04,San Francisco,075,870044,2856,2636,0,2636,43
2020-06-04,San Joaquin,077,732212,1449,1016,4,1020,36
2020-06-04,San Luis Obispo,079,281455,382,288,4,292,1
2020-06-04,San Mateo,081,765935,2546,2284,3,2287,72
2020-06-04,Santa Barbara,083,443738,2606,1750,15,1765,13
2020-06-04,Santa Clara,085,1922200,3654,2871,13,2884,144
2020-06-04,Santa Cruz,087,273765,247,218,0,218,2
2020-06-04,Shasta,089,179085,66,40,0,40,4
2020-06-04,Sierra,091,2930,1,1,0,1,0
2020-06-04,Siskiyou,093,43540,15,8,0,8,0
2020-06-04,Solano,095,438530,723,551,4,555,19
2020-06-04,Sonoma,097,501317,699,591,1,592,4
2020-06-04,Stanislaus,099,539301,1101,806,5,811,28
2020-06-04,Sutter,101,95872,67,46,0,46,2
2020-06-04,Tehama,103,63373,14,6,1,7,1
2020-06-04,Trinity,105,12862,8,1,2,3,0
2020-06-04,Tulare,107,460477,2963,2086,10,2096,90
2020-06-04,Tuolumne,109,53932,7,4,0,4,0
2020-06-04,Ventura,111,848112,1878,1236,11,1247,30
2020-06-04,Yolo,113,214977,250,216,0,216,24
2020-06-04,Yuba,115,75493,31,27,0,27,1
2020-06-03,Alameda,001,1643700,4118,3589,6,3595,99
2020-06-03,Alpine,003,1148,1,1,0,1,0
2020-06-03,Amador,005,37829,9,10,0,10,0
2020-06-03,Butte,007,227075,85,53,4,57,1
2020-06-03,Calaveras,009,45235,18,15,0,15,0
2020-06-03,Colusa,011,21464,9,7,0,7,0
2020-06-03,Contra Costa,013,1133247,1809,1511,1,1512,37
2020-06-03,Del Norte,015,27424,45,39,0,39,0
2020-06-03,El Dorado,017,186661,124,90,0,90,0
2020-06-03,Fresno,019,978130,3743,1943,53,1996,35
2020-06-03,Glenn,021,27897,22,16,0,16,0
2020-06-03,Humboldt,023,135768,114,103,0,103,2
2020-06-03,Imperial,025,180216,4493,2540,4,2544,19
2020-06-03,Inyo,027,18085,22,20,0,20,1
2020-06-03,Kern,029,883053,3238,2452,8,2460,44
2020-06-03,Kings,031,150075,1595,744,4,748,6
2020-06-03,Lake,033,64148,32,26,0,26,0
2020-06-03,Lassen,035,31185,9,4,2,6,0
2020-06-03,Los Angeles,037,10098052,66526,58166,21,58187,2472
2020-06-03,Madera,039,155013,321,117,1,118,3
2020-06-03,Marin,041,260295,607,527,2,529,14
2020-06-03,Mariposa,043,17540,16,16,0,16,1
2020-06-03,Mendocino,045,87422,33,29,0,29,0
2020-06-03,Merced,047,269075,458,299,1,300,7
2020-06-03,Modoc,049,8938,1,0,0,0,0
2020-06-03,Mono,051,14174,39,35,0,35,1
2020-06-03,Monterey,053,433212,849,592,2,594,10
2020-06-03,Napa,055,140530,163,116,0,116,3
2020-06-03,Nevada,057,99092,52,43,1,44,1
2020-06-03,Orange,059,3164182,9875,6939,65,7004,145
2020-06-03,Placer,061,380077,338,243,2,245,9
2020-06-03,Plumas,063,18699,4,4,0,4,0
2020-06-03,Riverside,065,2383286,10856,8208,22,8230,335
2020-06-03,Sacramento,067,1510023,1629,1457,2,1459,58
2020-06-03,San Benito,069,59416,108,88,0,88,2
2020-06-03,San Bernardino,071,2135413,7131,5565,5,5570,203
2020-06-03,San Diego,073,3302833,9158,7800,0,7800,283
2020-06-03,San Francisco,075,870044,2825,2608,0,2608,43
2020-06-03,San Joaquin,077,732212,1385,1004,4,1008,35
2020-06-03,San Luis Obispo,079,281455,377,279,4,283,1
2020-06-03,San Mateo,081,765935,2518,2243,3,2246,71
2020-06-03,Santa Barbara,083,443738,2554,1722,14,1736,12
2020-06-03,Santa Clara,085,1922200,3612,2836,13,2849,144
2020-06-03,Santa Cruz,087,273765,241,217,0,217,2
2020-06-03,Shasta,089,179085,63,40,0,40,4
2020-06-03,Sierra,091,2930,1,1,0,1,0
2020-06-03,Siskiyou,093,43540,14,8,0,8,0
2020-06-03,Solano,095,438530,698,543,2,545,18
2020-06-03,Sonoma,097,501317,687,578,1,579,4
2020-06-03,Stanislaus,099,539301,1061,780,5,785,27
2020-06-03,Sutter,101,95872,59,45,0,45,2
2020-06-03,Tehama,103,63373,14,6,1,7,1
2020-06-03,Trinity,105,12862,8,1,2,3,0
2020-06-03,Tulare,107,460477,2894,2041,10,2051,88
2020-06-03,Tuolumne,109,53932,5,4,0,4,0
2020-06-03,Ventura,111,848112,1811,1202,11,1213,30
2020-06-03,Yolo,113,214977,246,213,0,213,24
2020-06-03,Yuba,115,75493,31,27,0,27,1
2020-06-02,Alameda,001,1643700,4042,3517,6,3523,99
2020-06-02,Alpine,003,1148,1,1,0,1,0
2020-06-02,Amador,005,37829,9,10,0,10,0
2020-06-02,Butte,007,227075,81,51,3,54,1
2020-06-02,Calaveras,009,45235,18,15,0,15,0
2020-06-02,Colusa,011,21464,9,7,0,7,0
2020-06-02,Contra Costa,013,1133247,1777,1505,1,1506,37
2020-06-02,Del Norte,015,27424,45,39,0,39,0
2020-06-02,El Dorado,017,186661,123,88,0,88,0
2020-06-02,Fresno,019,978130,3630,1917,53,1970,34
2020-06-02,Glenn,021,27897,21,16,0,16,0
2020-06-02,Humboldt,023,135768,114,101,0,101,2
2020-06-02,Imperial,025,180216,4300,2459,4,2463,19
2020-06-02,Inyo,027,18085,20,20,0,20,1
2020-06-02,Kern,029,883053,3139,2406,6,2412,41
2020-06-02,Kings,031,150075,1567,720,4,724,5
2020-06-02,Lake,033,64148,32,25,0,25,0
2020-06-02,Lassen,035,31185,8,4,2,6,0
2020-06-02,Los Angeles,037,10098052,65123,57144,21,57165,2430
2020-06-02,Madera,039,155013,300,110,1,111,2
2020-06-02,Marin,041,260295,580,509,2,511,14
2020-06-02,Mariposa,043,17540,16,16,0,16,1
2020-06-02,Mendocino,045,87422,33,29,0,29,0
2020-06-02,Merced,047,269075,442,297,1,298,6
2020-06-02,Modoc,049,8938,1,0,0,0,0
2020-06-02,Mono,051,14174,39,35,0,35,1
2020-06-02,Monterey,053,433212,819,582,2,584,10
2020-06-02,Napa,055,140530,154,116,0,116,3
2020-06-02,Nevada,057,99092,51,41,1,42,1
2020-06-02,Orange,059,3164182,9674,6790,64,6854,142
2020-06-02,Placer,061,380077,324,226,2,228,9
2020-06-02,Plumas,063,18699,4,4,0,4,0
2020-06-02,Riverside,065,2383286,10560,8091,21,8112,330
2020-06-02,Sacramento,067,1510023,1600,1428,2,1430,58
2020-06-02,San Benito,069,59416,107,86,0,86,2
2020-06-02,San Bernardino,071,2135413,6923,5438,5,5443,202
2020-06-02,San Diego,073,3302833,9012,7676,0,7676,276
2020-06-02,San Francisco,075,870044,2790,2554,0,2554,43
2020-06-02,San Joaquin,077,732212,1319,985,4,989,35
2020-06-02,San Luis Obispo,079,281455,372,275,4,279,1
2020-06-02,San Mateo,081,765935,2483,2203,3,2206,71
2020-06-02,Santa Barbara,083,443738,2502,1703,14,1717,12
2020-06-02,Santa Clara,085,1922200,3562,2819,13,2832,144
2020-06-02,Santa Cruz,087,273765,236,215,0,215,2
2020-06-02,Shasta,089,179085,62,38,0,38,4
2020-06-02,Sierra,091,2930,1,1,0,1,0
2020-06-02,Siskiyou,093,43540,13,8,0,8,0
2020-06-02,Solano,095,438530,683,537,1,538,18
2020-06-02,Sonoma,097,501317,676,571,1,572,4
2020-06-02,Stanislaus,099,539301,1002,772,5,777,27
2020-06-02,Sutter,101,95872,56,43,0,43,2
2020-06-02,Tehama,103,63373,14,6,1,7,1
2020-06-02,Trinity,105,12862,8,1,2,3,0
2020-06-02,Tulare,107,460477,2814,2012,10,2022,86
2020-06-02,Tuolumne,109,53932,5,4,0,4,0
2020-06-02,Ventura,111,848112,1758,1178,11,1189,30
2020-06-02,Yolo,113,214977,244,213,0,213,24
2020-06-02,Yuba,115,75493,31,27,0,27,1
2020-06-01,Alameda,001,1643700,3977,3460,6,3466,98
2020-06-01,Alpine,003,1148,1,1,0,1,0
2020-06-01,Amador,005,37829,9,10,0,10,0
2020-06-01,Butte,007,227075,80,50,2,52,1
2020-06-01,Calaveras,009,45235,18,15,0,15,0
2020-06-01,Colusa,011,21464,9,7,0,7,0
2020-06-01,Contra Costa,013,1133247,1741,1486,1,1487,37
2020-06-01,Del Norte,015,27424,45,38,0,38,0
2020-06-01,El Dorado,017,186661,121,88,0,88,0
2020-06-01,Fresno,019,978130,3535,1854,51,1905,33
2020-06-01,Glenn,021,27897,21,16,0,16,0
2020-06-01,Humboldt,023,135768,114,98,0,98,2
2020-06-01,Imperial,025,180216,4078,2366,4,2370,14
2020-06-01,Inyo,027,18085,20,20,0,20,1
2020-06-01,Kern,029,883053,3056,2366,6,2372,38
2020-06-01,Kings,031,150075,1299,703,4,707,4
2020-06-01,Lake,033,64148,32,22,0,22,0
2020-06-01,Lassen,035,31185,8,4,2,6,0
2020-06-01,Los Angeles,037,10098052,63657,55899,21,55920,2367
2020-06-01,Madera,039,155013,288,103,1,104,2
2020-06-01,Marin,041,260295,539,495,2,497,14
2020-06-01,Mariposa,043,17540,16,16,0,16,1
2020-06-01,Mendocino,045,87422,33,28,0,28,0
2020-06-01,Merced,047,269075,423,289,1,290,6
2020-06-01,Modoc,049,8938,1,0,0,0,0
2020-06-01,Mono,051,14174,39,35,0,35,1
2020-06-01,Monterey,053,433212,794,554,2,556,10
2020-06-01,Napa,055,140530,151,114,0,114,3
2020-06-01,Nevada,057,99092,51,41,1,42,1
2020-06-01,Orange,059,3164182,9477,6640,63,6703,135
2020-06-01,Placer,061,380077,312,218,2,220,9
2020-06-01,Plumas,063,18699,4,4,0,4,0
2020-06-01,Riverside,065,2383286,10108,7921,20,7941,322
2020-06-01,Sacramento,067,1510023,1561,1415,2,1417,58
2020-06-01,San Benito,069,59416,104,86,0,86,2
2020-06-01,San Bernardino,071,2135413,6717,5310,5,5315,202
2020-06-01,San Diego,073,3302833,8832,7556,0,7556,269
2020-06-01,San Francisco,075,870044,2753,2546,0,2546,43
2020-06-01,San Joaquin,077,732212,1254,957,4,961,35
2020-06-01,San Luis Obispo,079,281455,368,275,4,279,1
2020-06-01,San Mateo,081,765935,2453,2190,3,2193,71
2020-06-01,Santa Barbara,083,443738,2450,1671,13,1684,10
2020-06-01,Santa Clara,085,1922200,3524,2797,12,2809,142
2020-06-01,Santa Cruz,087,273765,232,215,0,215,2
2020-06-01,Shasta,089,179085,62,38,0,38,4
2020-06-01,Sierra,091,2930,1,1,0,1,0
2020-06-01,Siskiyou,093,43540,13,7,0,7,0
2020-06-01,Solano,095,438530,659,529,1,530,17
2020-06-01,Sonoma,097,501317,660,565,1,566,4
2020-06-01,Stanislaus,099,539301,965,758,5,763,27
2020-06-01,Sutter,101,95872,51,43,0,43,2
2020-06-01,Tehama,103,63373,11,5,1,6,1
2020-06-01,Trinity,105,12862,7,1,2,3,0
2020-06-01,Tulare,107,460477,2699,1976,10,1986,84
2020-06-01,Tuolumne,109,53932,4,4,0,4,0
2020-06-01,Ventura,111,848112,1706,1163,11,1174,29
2020-06-01,Yolo,113,214977,241,212,0,212,24
2020-06-01,Yuba,115,75493,30,26,0,26,1
2020-05-31,Alameda,001,1643700,3871,3362,6,3368,98
2020-05-31,Alpine,003,1148,1,1,0,1,0
2020-05-31,Amador,005,37829,9,10,0,10,0
2020-05-31,Butte,007,227075,78,51,2,53,0
2020-05-31,Calaveras,009,45235,15,15,0,15,0
2020-05-31,Colusa,011,21464,9,5,0,5,0
2020-05-31,Contra Costa,013,1133247,1707,1458,1,1459,37
2020-05-31,Del Norte,015,27424,45,37,0,37,0
2020-05-31,El Dorado,017,186661,117,88,0,88,0
2020-05-31,Fresno,019,978130,3370,1780,44,1824,31
2020-05-31,Glenn,021,27897,20,16,0,16,0
2020-05-31,Humboldt,023,135768,112,98,0,98,2
2020-05-31,Imperial,025,180216,3811,2197,4,2201,14
2020-05-31,Inyo,027,18085,20,20,0,20,1
2020-05-31,Kern,029,883053,2921,2300,6,2306,38
2020-05-31,Kings,031,150075,1262,703,4,707,3
2020-05-31,Lake,033,64148,32,19,0,19,0
2020-05-31,Lassen,035,31185,8,4,2,6,0
2020-05-31,Los Angeles,037,10098052,62367,54925,21,54946,2344
2020-05-31,Madera,039,155013,270,101,1,102,2
2020-05-31,Marin,041,260295,529,486,2,488,14
2020-05-31,Mariposa,043,17540,16,16,0,16,1
2020-05-31,Mendocino,045,87422,33,24,0,24,0
2020-05-31,Merced,047,269075,396,288,0,288,6
2020-05-31,Modoc,049,8938,0,0,0,0,0
2020-05-31,Mono,051,14174,39,34,0,34,1
2020-05-31,Monterey,053,433212,720,545,2,547,10
2020-05-31,Napa,055,140530,149,114,0,114,3
2020-05-31,Nevada,057,99092,50,41,1,42,1
2020-05-31,Orange,059,3164182,9267,6532,62,6594,135
2020-05-31,Placer,061,380077,290,215,2,217,9
2020-05-31,Plumas,063,18699,4,4,0,4,0
2020-05-31,Riverside,065,2383286,9852,7704,20,7724,321
2020-05-31,Sacramento,067,1510023,1530,1398,2,1400,57
2020-05-31,San Benito,069,59416,98,85,0,85,2
2020-05-31,San Bernardino,071,2135413,6449,5185,5,5190,198
2020-05-31,San Diego,073,3302833,8638,7483,0,7483,269
2020-05-31,San Francisco,075,870044,2717,2501,0,2501,43
2020-05-31,San Joaquin,077,732212,1189,888,4,892,34
2020-05-31,San Luis Obispo,079,281455,358,271,4,275,1
2020-05-31,San Mateo,081,765935,2407,2169,3,2172,71
2020-05-31,Santa Barbara,083,443738,2381,1662,12,1674,9
2020-05-31,Santa Clara,085,1922200,3480,2785,12,2797,142
2020-05-31,Santa Cruz,087,273765,229,210,0,210,2
2020-05-31,Shasta,089,179085,60,38,0,38,4
2020-05-31,Sierra,091,2930,1,1,0,1,0
2020-05-31,Siskiyou,093,43540,12,7,0,7,0
2020-05-31,Solano,095,438530,633,512,1,513,6
2020-05-31,Sonoma,097,501317,640,555,1,556,4
2020-05-31,Stanislaus,099,539301,911,738,5,743,27
2020-05-31,Sutter,101,95872,49,42,0,42,2
2020-05-31,Tehama,103,63373,10,4,1,5,1
2020-05-31,Trinity,105,12862,7,1,2,3,0
2020-05-31,Tulare,107,460477,2626,1884,10,1894,82
2020-05-31,Tuolumne,109,53932,4,4,0,4,0
2020-05-31,Ventura,111,848112,1645,1151,11,1162,30
2020-05-31,Yolo,113,214977,235,211,0,211,24
2020-05-31,Yuba,115,75493,30,26,0,26,1
2020-05-30,Alameda,001,1643700,3845,3304,6,3310,96
2020-05-30,Alpine,003,1148,1,1,0,1,0
2020-05-30,Amador,005,37829,9,10,0,10,0
2020-05-30,Butte,007,227075,77,44,2,46,0
2020-05-30,Calaveras,009,45235,14,15,0,15,0
2020-05-30,Colusa,011,21464,8,5,0,5,0
2020-05-30,Contra Costa,013,1133247,1692,1429,1,1430,37
2020-05-30,Del Norte,015,27424,45,37,0,37,0
2020-05-30,El Dorado,017,186661,116,86,0,86,0
2020-05-30,Fresno,019,978130,3309,1744,43,1787,31
2020-05-30,Glenn,021,27897,19,16,0,16,0
2020-05-30,Humboldt,023,135768,111,98,0,98,2
2020-05-30,Imperial,025,180216,3721,2091,4,2095,14
2020-05-30,Inyo,027,18085,20,20,0,20,1
2020-05-30,Kern,029,883053,2852,2217,6,2223,38
2020-05-30,Kings,031,150075,1248,703,4,707,3
2020-05-30,Lake,033,64148,31,18,0,18,0
2020-05-30,Lassen,035,31185,8,4,2,6,0
2020-05-30,Los Angeles,037,10098052,61831,53627,21,53648,2319
2020-05-30,Madera,039,155013,265,101,1,102,2
2020-05-30,Marin,041,260295,529,462,2,464,14
2020-05-30,Mariposa,043,17540,16,16,0,16,1
2020-05-30,Mendocino,045,87422,33,24,0,24,0
2020-05-30,Merced,047,269075,395,285,0,285,6
2020-05-30,Modoc,049,8938,0,0,0,0,0
2020-05-30,Mono,051,14174,39,34,0,34,1
2020-05-30,Monterey,053,433212,704,520,2,522,10
2020-05-30,Napa,055,140530,147,113,0,113,3
2020-05-30,Nevada,057,99092,50,41,1,42,1
2020-05-30,Orange,059,3164182,9110,6354,62,6416,134
2020-05-30,Placer,061,380077,282,199,1,200,9
2020-05-30,Plumas,063,18699,4,4,0,4,0
2020-05-30,Riverside,065,2383286,9708,7492,20,7512,316
2020-05-30,Sacramento,067,1510023,1519,1384,2,1386,57
2020-05-30,San Benito,069,59416,97,85,0,85,2
2020-05-30,San Bernardino,071,2135413,6340,5122,5,5127,198
2020-05-30,San Diego,073,3302833,8545,7387,0,7387,269
2020-05-30,San Francisco,075,870044,2692,2496,0,2496,41
2020-05-30,San Joaquin,077,732212,1151,888,4,892,34
2020-05-30,San Luis Obispo,079,281455,353,270,4,274,1
2020-05-30,San Mateo,081,765935,2383,2129,3,2132,71
2020-05-30,Santa Barbara,083,443738,2347,1660,12,1672,9
2020-05-30,Santa Clara,085,1922200,3464,2741,12,2753,141
2020-05-30,Santa Cruz,087,273765,229,206,0,206,2
2020-05-30,Shasta,089,179085,60,36,0,36,4
2020-05-30,Sierra,091,2930,1,1,0,1,0
2020-05-30,Siskiyou,093,43540,11,7,0,7,0
2020-05-30,Solano,095,438530,626,512,1,513,6
2020-05-30,Sonoma,097,501317,630,551,1,552,4
2020-05-30,Stanislaus,099,539301,894,712,5,717,27
2020-05-30,Sutter,101,95872,48,40,0,40,2
2020-05-30,Tehama,103,63373,10,4,1,5,1
2020-05-30,Trinity,105,12862,7,1,2,3,0
2020-05-30,Tulare,107,460477,2589,1879,10,1889,81
2020-05-30,Tuolumne,109,53932,4,4,0,4,0
2020-05-30,Ventura,111,848112,1628,1116,11,1127,30
2020-05-30,Yolo,113,214977,231,210,0,210,24
2020-05-30,Yuba,115,75493,30,25,0,25,1
2020-05-29,Alameda,001,1643700,3810,3209,6,3215,96
2020-05-29,Alpine,003,1148,1,1,0,1,0
2020-05-29,Amador,005,37829,9,10,0,10,0
2020-05-29,Butte,007,227075,72,41,2,43,0
2020-05-29,Calaveras,009,45235,14,15,0,15,0
2020-05-29,Colusa,011,21464,8,5,0,5,0
2020-05-29,Contra Costa,013,1133247,1676,1411,1,1412,37
2020-05-29,Del Norte,015,27424,45,37,0,37,0
2020-05-29,El Dorado,017,186661,115,85,0,85,0
2020-05-29,Fresno,019,978130,3259,1687,43,1730,31
2020-05-29,Glenn,021,27897,19,14,0,14,0
2020-05-29,Humboldt,023,135768,110,98,0,98,2
2020-05-29,Imperial,025,180216,3603,1607,4,1611,14
2020-05-29,Inyo,027,18085,20,20,0,20,1
2020-05-29,Kern,029,883053,2794,2128,6,2134,36
2020-05-29,Kings,031,150075,1237,693,4,697,3
2020-05-29,Lake,033,64148,30,17,0,17,0
2020-05-29,Lassen,035,31185,8,0,2,2,0
2020-05-29,Los Angeles,037,10098052,60876,51578,21,51599,2273
2020-05-29,Madera,039,155013,250,98,1,99,2
2020-05-29,Marin,041,260295,521,448,2,450,14
2020-05-29,Mariposa,043,17540,16,16,0,16,1
2020-05-29,Mendocino,045,87422,31,25,0,25,0
2020-05-29,Merced,047,269075,390,285,0,285,7
2020-05-29,Modoc,049,8938,0,0,0,0,0
2020-05-29,Mono,051,14174,38,34,0,34,1
2020-05-29,Monterey,053,433212,674,479,2,481,10
2020-05-29,Napa,055,140530,144,113,0,113,3
2020-05-29,Nevada,057,99092,50,41,1,42,1
2020-05-29,Orange,059,3164182,8925,6176,60,6236,133
2020-05-29,Placer,061,380077,260,199,1,200,9
2020-05-29,Plumas,063,18699,4,4,0,4,0
2020-05-29,Riverside,065,2383286,9522,7376,20,7396,313
2020-05-29,Sacramento,067,1510023,1496,1360,2,1362,57
2020-05-29,San Benito,069,59416,97,84,0,84,2
2020-05-29,San Bernardino,071,2135413,6232,4983,5,4988,196
2020-05-29,San Diego,073,3302833,8422,7242,0,7242,266
2020-05-29,San Francisco,075,870044,2668,2453,0,2453,41
2020-05-29,San Joaquin,077,732212,1114,855,4,859,34
2020-05-29,San Luis Obispo,079,281455,349,270,4,274,1
2020-05-29,San Mateo,081,765935,2367,2103,3,2106,71
2020-05-29,Santa Barbara,083,443738,2308,1656,12,1668,9
2020-05-29,Santa Clara,085,1922200,3436,2707,12,2719,141
2020-05-29,Santa Cruz,087,273765,226,203,0,203,2
2020-05-29,Shasta,089,179085,60,36,0,36,4
2020-05-29,Sierra,091,2930,1,1,0,1,0
2020-05-29,Siskiyou,093,43540,11,7,0,7,0
2020-05-29,Solano,095,438530,618,498,1,499,6
2020-05-29,Sonoma,097,501317,619,537,1,538,4
2020-05-29,Stanislaus,099,539301,864,698,5,703,27
2020-05-29,Sutter,101,95872,46,40,0,40,2
2020-05-29,Tehama,103,63373,9,4,1,5,1
2020-05-29,Trinity,105,12862,7,1,2,3,0
2020-05-29,Tulare,107,460477,2551,1852,10,1862,80
2020-05-29,Tuolumne,109,53932,4,4,0,4,0
2020-05-29,Ventura,111,848112,1604,1093,11,1104,29
2020-05-29,Yolo,113,214977,227,211,0,211,24
2020-05-29,Yuba,115,75493,29,25,0,25,1
2020-05-28,Alameda,001,1643700,3710,3083,6,3089,94
2020-05-28,Alpine,003,1148,1,1,0,1,0
2020-05-28,Amador,005,37829,9,10,0,10,0
2020-05-28,Butte,007,227075,71,40,2,42,0
2020-05-28,Calaveras,009,45235,13,15,0,15,0
2020-05-28,Colusa,011,21464,8,5,0,5,0
2020-05-28,Contra Costa,013,1133247,1637,1392,1,1393,37
2020-05-28,Del Norte,015,27424,45,37,0,37,0
2020-05-28,El Dorado,017,186661,112,82,0,82,0
2020-05-28,Fresno,019,978130,3178,1653,42,1695,31
2020-05-28,Glenn,021,27897,18,14,0,14,0
2020-05-28,Humboldt,023,135768,109,97,0,97,2
2020-05-28,Imperial,025,180216,3408,1430,4,1434,14
2020-05-28,Inyo,027,18085,20,20,0,20,1
2020-05-28,Kern,029,883053,2716,2069,6,2075,36
2020-05-28,Kings,031,150075,900,626,4,630,3
2020-05-28,Lake,033,64148,29,17,0,17,0
2020-05-28,Lassen,035,31185,8,0,2,2,0
2020-05-28,Los Angeles,037,10098052,59297,49861,21,49882,2222
2020-05-28,Madera,039,155013,232,93,1,94,2
2020-05-28,Marin,041,260295,496,443,2,445,14
2020-05-28,Mariposa,043,17540,16,16,0,16,1
2020-05-28,Mendocino,045,87422,29,24,0,24,0
2020-05-28,Merced,047,269075,381,283,0,283,7
2020-05-28,Modoc,049,8938,0,0,0,0,0
2020-05-28,Mono,051,14174,38,34,0,34,1
2020-05-28,Monterey,053,433212,642,471,2,473,10
2020-05-28,Napa,055,140530,141,113,0,113,3
2020-05-28,Nevada,057,99092,45,41,1,42,1
2020-05-28,Orange,059,3164182,8729,6045,60,6105,130
2020-05-28,Placer,061,380077,253,196,1,197,9
2020-05-28,Plumas,063,18699,4,4,0,4,0
2020-05-28,Riverside,065,2383286,9120,7240,19,7259,304
2020-05-28,Sacramento,067,1510023,1476,1339,2,1341,57
2020-05-28,San Benito,069,59416,96,82,0,82,2
2020-05-28,San Bernardino,071,2135413,6067,4831,5,4836,191
2020-05-28,San Diego,073,3302833,8265,7102,0,7102,260
2020-05-28,San Francisco,075,870044,2634,2417,0,2417,40
2020-05-28,San Joaquin,077,732212,1079,840,4,844,34
2020-05-28,San Luis Obispo,079,281455,346,267,4,271,1
2020-05-28,San Mateo,081,765935,2340,2070,3,2073,71
2020-05-28,Santa Barbara,083,443738,2241,1642,11,1653,9
2020-05-28,Santa Clara,085,1922200,3396,2698,12,2710,140
2020-05-28,Santa Cruz,087,273765,225,201,0,201,2
2020-05-28,Shasta,089,179085,58,36,0,36,4
2020-05-28,Sierra,091,2930,1,1,0,1,0
2020-05-28,Siskiyou,093,43540,9,6,0,6,0
2020-05-28,Solano,095,438530,601,489,1,490,6
2020-05-28,Sonoma,097,501317,597,529,1,530,4
2020-05-28,Stanislaus,099,539301,823,684,5,689,27
2020-05-28,Sutter,101,95872,46,40,0,40,2
2020-05-28,Tehama,103,63373,9,4,1,5,1
2020-05-28,Trinity,105,12862,6,1,2,3,0
2020-05-28,Tulare,107,460477,2515,1832,10,1842,79
2020-05-28,Tuolumne,109,53932,4,4,0,4,0
2020-05-28,Ventura,111,848112,1571,1083,11,1094,29
2020-05-28,Yolo,113,214977,224,206,0,206,22
2020-05-28,Yuba,115,75493,28,24,0,24,1
2020-05-27,Alameda,001,1643700,3626,3037,6,3043,94
2020-05-27,Alpine,003,1148,1,1,0,1,0
2020-05-27,Amador,005,37829,9,10,0,10,0
2020-05-27,Butte,007,227075,68,40,1,41,0
2020-05-27,Calaveras,009,45235,12,15,0,15,0
2020-05-27,Colusa,011,21464,8,5,0,5,0
2020-05-27,Contra Costa,013,1133247,1597,1373,1,1374,37
2020-05-27,Del Norte,015,27424,45,34,0,34,0
2020-05-27,El Dorado,017,186661,111,82,0,82,0
2020-05-27,Fresno,019,978130,3090,1620,42,1662,27
2020-05-27,Glenn,021,27897,18,14,0,14,0
2020-05-27,Humboldt,023,135768,109,86,0,86,2
2020-05-27,Imperial,025,180216,3228,1369,4,1373,14
2020-05-27,Inyo,027,18085,20,20,0,20,1
2020-05-27,Kern,029,883053,2651,1999,6,2005,37
2020-05-27,Kings,031,150075,873,586,4,590,3
2020-05-27,Lake,033,64148,29,13,0,13,0
2020-05-27,Lassen,035,31185,8,0,2,2,0
2020-05-27,Los Angeles,037,10098052,57920,48711,21,48732,2177
2020-05-27,Madera,039,155013,223,91,1,92,2
2020-05-27,Marin,041,260295,467,439,2,441,14
2020-05-27,Mariposa,043,17540,16,16,0,16,1
2020-05-27,Mendocino,045,87422,28,21,0,21,0
2020-05-27,Merced,047,269075,377,278,0,278,7
2020-05-27,Modoc,049,8938,0,0,0,0,0
2020-05-27,Mono,051,14174,38,34,0,34,1
2020-05-27,Monterey,053,433212,602,443,2,445,8
2020-05-27,Napa,055,140530,136,112,0,112,3
2020-05-27,Nevada,057,99092,44,41,1,42,1
2020-05-27,Orange,059,3164182,8574,5849,60,5909,121
2020-05-27,Placer,061,380077,234,196,0,196,9
2020-05-27,Plumas,063,18699,4,4,0,4,0
2020-05-27,Riverside,065,2383286,8741,7156,19,7175,299
2020-05-27,Sacramento,067,1510023,1448,1318,2,1320,50
2020-05-27,San Benito,069,59416,93,74,0,74,2
2020-05-27,San Bernardino,071,2135413,5883,4708,5,4713,183
2020-05-27,San Diego,073,3302833,8115,6985,0,6985,255
2020-05-27,San Francisco,075,870044,2605,2394,0,2394,40
2020-05-27,San Joaquin,077,732212,1038,825,4,829,34
2020-05-27,San Luis Obispo,079,281455,341,266,4,270,1
2020-05-27,San Mateo,081,765935,2300,2045,3,2048,71
2020-05-27,Santa Barbara,083,443738,2213,1629,11,1640,9
2020-05-27,Santa Clara,085,1922200,3363,2680,12,2692,140
2020-05-27,Santa Cruz,087,273765,221,202,0,202,2
2020-05-27,Shasta,089,179085,55,36,0,36,4
2020-05-27,Sierra,091,2930,1,1,0,1,0
2020-05-27,Siskiyou,093,43540,9,6,0,6,0
2020-05-27,Solano,095,438530,581,477,1,478,5
2020-05-27,Sonoma,097,501317,583,521,1,522,4
2020-05-27,Stanislaus,099,539301,798,675,5,680,27
2020-05-27,Sutter,101,95872,45,40,0,40,2
2020-05-27,Tehama,103,63373,9,3,1,4,1
2020-05-27,Trinity,105,12862,6,1,2,3,0
2020-05-27,Tulare,107,460477,2463,1817,10,1827,77
2020-05-27,Tuolumne,109,53932,4,4,0,4,0
2020-05-27,Ventura,111,848112,1546,1065,11,1076,28
2020-05-27,Yolo,113,214977,223,204,0,204,22
2020-05-27,Yuba,115,75493,28,24,0,24,1
2020-05-26,Alameda,001,1643700,3531,2956,6,2962,92
2020-05-26,Alpine,003,1148,1,1,0,1,0
2020-05-26,Amador,005,37829,9,10,0,10,0
2020-05-26,Butte,007,227075,66,37,1,38,0
2020-05-26,Calaveras,009,45235,12,13,0,13,0
2020-05-26,Colusa,011,21464,8,4,0,4,0
2020-05-26,Contra Costa,013,1133247,1562,1352,1,1353,37
2020-05-26,Del Norte,015,27424,44,30,0,30,0
2020-05-26,El Dorado,017,186661,107,79,0,79,0
2020-05-26,Fresno,019,978130,3002,1496,42,1538,22
2020-05-26,Glenn,021,27897,16,12,0,12,0
2020-05-26,Humboldt,023,135768,107,81,0,81,2
2020-05-26,Imperial,025,180216,3012,1369,4,1373,14
2020-05-26,Inyo,027,18085,20,20,0,20,1
2020-05-26,Kern,029,883053,2573,1890,6,1896,31
2020-05-26,Kings,031,150075,805,449,3,452,2
2020-05-26,Lake,033,64148,27,12,0,12,0
2020-05-26,Lassen,035,31185,7,0,2,2,0
2020-05-26,Los Angeles,037,10098052,56453,47760,21,47781,2121
2020-05-26,Madera,039,155013,207,83,1,84,2
2020-05-26,Marin,041,260295,455,424,2,426,14
2020-05-26,Mariposa,043,17540,16,16,0,16,1
2020-05-26,Mendocino,045,87422,26,20,0,20,0
2020-05-26,Merced,047,269075,363,266,0,266,7
2020-05-26,Modoc,049,8938,0,1,0,1,0
2020-05-26,Mono,051,14174,37,34,0,34,1
2020-05-26,Monterey,053,433212,574,424,1,425,8
2020-05-26,Napa,055,140530,131,109,0,109,3
2020-05-26,Nevada,057,99092,43,41,1,42,1
2020-05-26,Orange,059,3164182,8304,5651,59,5710,115
2020-05-26,Placer,061,380077,229,188,0,188,9
2020-05-26,Plumas,063,18699,4,4,0,4,0
2020-05-26,Riverside,065,2383286,8294,6917,19,6936,284
2020-05-26,Sacramento,067,1510023,1422,1298,2,1300,50
2020-05-26,San Benito,069,59416,88,69,0,69,2
2020-05-26,San Bernardino,071,2135413,5715,4430,5,4435,175
2020-05-26,San Diego,073,3302833,7972,6884,0,6884,249
2020-05-26,San Francisco,075,870044,2572,2363,0,2363,40
2020-05-26,San Joaquin,077,732212,991,760,4,764,33
2020-05-26,San Luis Obispo,079,281455,339,260,4,264,1
2020-05-26,San Mateo,081,765935,2262,1967,2,1969,71
2020-05-26,Santa Barbara,083,443738,2181,1590,10,1600,9
2020-05-26,Santa Clara,085,1922200,3330,2659,12,2671,139
2020-05-26,Santa Cruz,087,273765,219,197,0,197,2
2020-05-26,Shasta,089,179085,55,36,0,36,4
2020-05-26,Sierra,091,2930,1,1,0,1,0
2020-05-26,Siskiyou,093,43540,8,6,0,6,0
2020-05-26,Solano,095,438530,563,470,1,471,5
2020-05-26,Sonoma,097,501317,575,509,0,509,4
2020-05-26,Stanislaus,099,539301,777,663,5,668,27
2020-05-26,Sutter,101,95872,44,39,0,39,2
2020-05-26,Tehama,103,63373,8,2,1,3,1
2020-05-26,Trinity,105,12862,6,1,2,3,0
2020-05-26,Tulare,107,460477,2407,1768,10,1778,76
2020-05-26,Tuolumne,109,53932,4,2,0,2,0
2020-05-26,Ventura,111,848112,1509,1033,8,1041,27
2020-05-26,Yolo,113,214977,217,198,0,198,22
2020-05-26,Yuba,115,75493,27,24,0,24,1
2020-05-25,Alameda,001,1643700,3438,2900,5,2905,92
2020-05-25,Alpine,003,1148,1,1,0,1,0
2020-05-25,Amador,005,37829,9,10,0,10,0
2020-05-25,Butte,007,227075,63,37,1,38,0
2020-05-25,Calaveras,009,45235,12,13,0,13,0
2020-05-25,Colusa,011,21464,7,4,0,4,0
2020-05-25,Contra Costa,013,1133247,1529,1348,1,1349,37
2020-05-25,Del Norte,015,27424,44,20,0,20,0
2020-05-25,El Dorado,017,186661,99,78,0,78,0
2020-05-25,Fresno,019,978130,2898,1496,40,1536,22
2020-05-25,Glenn,021,27897,16,12,0,12,0
2020-05-25,Humboldt,023,135768,106,81,0,81,2
2020-05-25,Imperial,025,180216,2801,1369,4,1373,14
2020-05-25,Inyo,027,18085,19,20,0,20,1
2020-05-25,Kern,029,883053,2502,1890,6,1896,31
2020-05-25,Kings,031,150075,775,447,3,450,2
2020-05-25,Lake,033,64148,25,13,0,13,0
2020-05-25,Lassen,035,31185,7,0,2,2,0
2020-05-25,Los Angeles,037,10098052,54639,45952,20,45972,2094
2020-05-25,Madera,039,155013,194,83,1,84,2
2020-05-25,Marin,041,260295,437,415,2,417,14
2020-05-25,Mariposa,043,17540,16,15,0,15,1
2020-05-25,Mendocino,045,87422,23,19,0,19,0
2020-05-25,Merced,047,269075,356,262,0,262,6
2020-05-25,Modoc,049,8938,0,1,0,1,0
2020-05-25,Mono,051,14174,37,34,0,34,1
2020-05-25,Monterey,053,433212,544,418,1,419,8
2020-05-25,Napa,055,140530,131,107,0,107,3
2020-05-25,Nevada,057,99092,43,41,1,42,1
2020-05-25,Orange,059,3164182,8082,5601,58,5659,115
2020-05-25,Placer,061,380077,225,186,0,186,9
2020-05-25,Plumas,063,18699,4,4,0,4,0
2020-05-25,Riverside,065,2383286,8063,6900,19,6919,284
2020-05-25,Sacramento,067,1510023,1402,1290,1,1291,50
2020-05-25,San Benito,069,59416,87,70,0,70,2
2020-05-25,San Bernardino,071,2135413,5525,4393,4,4397,175
2020-05-25,San Diego,073,3302833,7796,6799,0,6799,249
2020-05-25,San Francisco,075,870044,2535,2358,0,2358,40
2020-05-25,San Joaquin,077,732212,965,760,4,764,33
2020-05-25,San Luis Obispo,079,281455,337,260,4,264,1
2020-05-25,San Mateo,081,765935,2226,1938,2,1940,71
2020-05-25,Santa Barbara,083,443738,2156,1590,10,1600,9
2020-05-25,Santa Clara,085,1922200,3297,2647,12,2659,139
2020-05-25,Santa Cruz,087,273765,217,191,0,191,2
2020-05-25,Shasta,089,179085,54,36,0,36,4
2020-05-25,Sierra,091,2930,1,1,0,1,0
2020-05-25,Siskiyou,093,43540,8,6,0,6,0
2020-05-25,Solano,095,438530,549,437,1,438,5
2020-05-25,Sonoma,097,501317,563,496,0,496,4
2020-05-25,Stanislaus,099,539301,747,651,5,656,27
2020-05-25,Sutter,101,95872,44,38,0,38,2
2020-05-25,Tehama,103,63373,7,2,1,3,1
2020-05-25,Trinity,105,12862,6,1,2,3,0
2020-05-25,Tulare,107,460477,2343,1747,10,1757,76
2020-05-25,Tuolumne,109,53932,4,2,0,2,0
2020-05-25,Ventura,111,848112,1468,1020,8,1028,27
2020-05-25,Yolo,113,214977,215,197,0,197,22
2020-05-25,Yuba,115,75493,26,24,0,24,1
2020-05-24,Alameda,001,1643700,3365,2830,5,2835,92
2020-05-24,Alpine,003,1148,1,1,0,1,0
2020-05-24,Amador,005,37829,9,9,0,9,0
2020-05-24,Butte,007,227075,61,35,1,36,0
2020-05-24,Calaveras,009,45235,12,13,0,13,0
2020-05-24,Colusa,011,21464,7,4,0,4,0
2020-05-24,Contra Costa,013,1133247,1501,1325,1,1326,37
2020-05-24,Del Norte,015,27424,43,16,0,16,0
2020-05-24,El Dorado,017,186661,98,76,0,76,0
2020-05-24,Fresno,019,978130,2831,1455,39,1494,22
2020-05-24,Glenn,021,27897,15,12,0,12,0
2020-05-24,Humboldt,023,135768,106,81,0,81,2
2020-05-24,Imperial,025,180216,2675,1369,4,1373,14
2020-05-24,Inyo,027,18085,19,20,0,20,1
2020-05-24,Kern,029,883053,2429,1861,5,1866,31
2020-05-24,Kings,031,150075,764,446,3,449,2
2020-05-24,Lake,033,64148,24,12,0,12,0
2020-05-24,Lassen,035,31185,6,0,2,2,0
2020-05-24,Los Angeles,037,10098052,53625,44954,20,44974,2085
2020-05-24,Madera,039,155013,188,83,1,84,2
2020-05-24,Marin,041,260295,435,401,2,403,14
2020-05-24,Mariposa,043,17540,16,15,0,15,1
2020-05-24,Mendocino,045,87422,22,19,0,19,0
2020-05-24,Merced,047,269075,355,258,0,258,6
2020-05-24,Modoc,049,8938,0,0,0,0,0
2020-05-24,Mono,051,14174,37,34,0,34,1
2020-05-24,Monterey,053,433212,516,405,1,406,8
2020-05-24,Napa,055,140530,129,104,0,104,3
2020-05-24,Nevada,057,99092,43,41,1,42,1
2020-05-24,Orange,059,3164182,7928,5439,57,5496,113
2020-05-24,Placer,061,380077,217,184,0,184,9
2020-05-24,Plumas,063,18699,4,4,0,4,0
2020-05-24,Riverside,065,2383286,7922,6571,19,6590,284
2020-05-24,Sacramento,067,1510023,1386,1283,1,1284,50
2020-05-24,San Benito,069,59416,86,67,0,67,2
2020-05-24,San Bernardino,071,2135413,5417,4262,4,4266,175
2020-05-24,San Diego,073,3302833,7653,6703,0,6703,249
2020-05-24,San Francisco,075,870044,2511,2318,0,2318,40
2020-05-24,San Joaquin,077,732212,946,760,4,764,33
2020-05-24,San Luis Obispo,079,281455,335,257,4,261,1
2020-05-24,San Mateo,081,765935,2191,1925,2,1927,71
2020-05-24,Santa Barbara,083,443738,2132,1573,10,1583,9
2020-05-24,Santa Clara,085,1922200,3277,2623,12,2635,139
2020-05-24,Santa Cruz,087,273765,214,185,0,185,2
2020-05-24,Shasta,089,179085,53,36,0,36,4
2020-05-24,Sierra,091,2930,1,1,0,1,0
2020-05-24,Siskiyou,093,43540,7,6,0,6,0
2020-05-24,Solano,095,438530,541,436,0,436,5
2020-05-24,Sonoma,097,501317,552,485,0,485,4
2020-05-24,Stanislaus,099,539301,727,634,5,639,27
2020-05-24,Sutter,101,95872,44,38,0,38,2
2020-05-24,Tehama,103,63373,5,2,1,3,1
2020-05-24,Trinity,105,12862,6,1,2,3,0
2020-05-24,Tulare,107,460477,2297,1684,10,1694,74
2020-05-24,Tuolumne,109,53932,4,2,0,2,0
2020-05-24,Ventura,111,848112,1456,982,8,990,27
2020-05-24,Yolo,113,214977,213,192,0,192,22
2020-05-24,Yuba,115,75493,26,24,0,24,1
2020-05-23,Alameda,001,1643700,3324,2783,5,2788,91
2020-05-23,Alpine,003,1148,1,1,0,1,0
2020-05-23,Amador,005,37829,9,9,0,9,0
2020-05-23,Butte,007,227075,60,34,1,35,0
2020-05-23,Calaveras,009,45235,12,13,0,13,0
2020-05-23,Colusa,011,21464,7,4,0,4,0
2020-05-23,Contra Costa,013,1133247,1490,1302,1,1303,36
2020-05-23,Del Norte,015,27424,43,10,0,10,0
2020-05-23,El Dorado,017,186661,98,74,0,74,0
2020-05-23,Fresno,019,978130,2811,1447,39,1486,21
2020-05-23,Glenn,021,27897,15,12,0,12,0
2020-05-23,Humboldt,023,135768,104,80,0,80,2
2020-05-23,Imperial,025,180216,2587,1283,4,1287,14
2020-05-23,Inyo,027,18085,19,20,0,20,1
2020-05-23,Kern,029,883053,2386,1806,5,1811,31
2020-05-23,Kings,031,150075,760,444,3,447,2
2020-05-23,Lake,033,64148,23,10,0,10,0
2020-05-23,Lassen,035,31185,6,0,2,2,0
2020-05-23,Los Angeles,037,10098052,53084,44029,20,44049,2069
2020-05-23,Madera,039,155013,184,83,1,84,2
2020-05-23,Marin,041,260295,435,393,1,394,14
2020-05-23,Mariposa,043,17540,16,15,0,15,1
2020-05-23,Mendocino,045,87422,22,13,0,13,0
2020-05-23,Merced,047,269075,352,247,0,247,6
2020-05-23,Modoc,049,8938,0,0,0,0,0
2020-05-23,Mono,051,14174,36,34,0,34,1
2020-05-23,Monterey,053,433212,502,397,1,398,8
2020-05-23,Napa,055,140530,125,101,0,101,3
2020-05-23,Nevada,057,99092,43,41,1,42,1
2020-05-23,Orange,059,3164182,7768,5313,56,5369,113
2020-05-23,Placer,061,380077,211,184,0,184,9
2020-05-23,Plumas,063,18699,4,4,0,4,0
2020-05-23,Riverside,065,2383286,7831,6460,19,6479,284
2020-05-23,Sacramento,067,1510023,1370,1275,1,1276,50
2020-05-23,San Benito,069,59416,81,67,0,67,2
2020-05-23,San Bernardino,071,2135413,5324,4172,4,4176,175
2020-05-23,San Diego,073,3302833,7562,6561,0,6561,249
2020-05-23,San Francisco,075,870044,2492,2312,0,2312,40
2020-05-23,San Joaquin,077,732212,931,759,4,763,33
2020-05-23,San Luis Obispo,079,281455,332,256,4,260,1
2020-05-23,San Mateo,081,765935,2163,1862,2,1864,71
2020-05-23,Santa Barbara,083,443738,2118,1566,10,1576,9
2020-05-23,Santa Clara,085,1922200,3263,2593,11,2604,139
2020-05-23,Santa Cruz,087,273765,212,177,0,177,2
2020-05-23,Shasta,089,179085,53,35,0,35,4
2020-05-23,Sierra,091,2930,1,1,0,1,0
2020-05-23,Siskiyou,093,43540,7,6,0,6,0
2020-05-23,Solano,095,438530,536,435,0,435,5
2020-05-23,Sonoma,097,501317,538,462,0,462,4
2020-05-23,Stanislaus,099,539301,719,625,5,630,27
2020-05-23,Sutter,101,95872,43,38,0,38,2
2020-05-23,Tehama,103,63373,5,2,1,3,1
2020-05-23,Trinity,105,12862,6,1,2,3,0
2020-05-23,Tulare,107,460477,2276,1682,10,1692,73
2020-05-23,Tuolumne,109,53932,4,2,0,2,0
2020-05-23,Ventura,111,848112,1436,961,8,969,27
2020-05-23,Yolo,113,214977,212,188,0,188,22
2020-05-23,Yuba,115,75493,26,24,0,24,1
2020-05-22,Alameda,001,1643700,3270,2722,5,2727,91
2020-05-22,Alpine,003,1148,1,1,0,1,0
2020-05-22,Amador,005,37829,9,9,0,9,0
2020-05-22,Butte,007,227075,58,34,1,35,0
2020-05-22,Calaveras,009,45235,12,13,0,13,0
2020-05-22,Colusa,011,21464,7,4,0,4,0
2020-05-22,Contra Costa,013,1133247,1478,1272,1,1273,36
2020-05-22,Del Norte,015,27424,41,9,0,9,0
2020-05-22,El Dorado,017,186661,95,74,0,74,0
2020-05-22,Fresno,019,978130,2752,1399,38,1437,20
2020-05-22,Glenn,021,27897,15,12,0,12,0
2020-05-22,Humboldt,023,135768,104,80,0,80,2
2020-05-22,Imperial,025,180216,2486,1214,4,1218,14
2020-05-22,Inyo,027,18085,19,20,0,20,1
2020-05-22,Kern,029,883053,2337,1749,5,1754,28
2020-05-22,Kings,031,150075,757,428,3,431,2
2020-05-22,Lake,033,64148,22,10,0,10,0
2020-05-22,Lassen,035,31185,4,0,2,2,0
2020-05-22,Los Angeles,037,10098052,52292,43025,20,43045,2027
2020-05-22,Madera,039,155013,180,82,1,83,2
2020-05-22,Marin,041,260295,431,372,1,373,14
2020-05-22,Mariposa,043,17540,16,15,0,15,1
2020-05-22,Mendocino,045,87422,21,13,0,13,0
2020-05-22,Merced,047,269075,352,233,0,233,6
2020-05-22,Modoc,049,8938,0,0,0,0,0
2020-05-22,Mono,051,14174,36,34,0,34,1
2020-05-22,Monterey,053,433212,491,372,1,373,8
2020-05-22,Napa,055,140530,123,97,0,97,3
2020-05-22,Nevada,057,99092,42,41,1,42,1
2020-05-22,Orange,059,3164182,7571,5144,54,5198,113
2020-05-22,Placer,061,380077,211,181,0,181,9
2020-05-22,Plumas,063,18699,4,4,0,4,0
2020-05-22,Riverside,065,2383286,7716,6351,19,6370,283
2020-05-22,Sacramento,067,1510023,1354,1262,1,1263,50
2020-05-22,San Benito,069,59416,80,64,0,64,2
2020-05-22,San Bernardino,071,2135413,5249,4107,4,4111,173
2020-05-22,San Diego,073,3302833,7476,6436,0,6436,242
2020-05-22,San Francisco,075,870044,2474,2251,0,2251,40
2020-05-22,San Joaquin,077,732212,918,747,4,751,33
2020-05-22,San Luis Obispo,079,281455,332,254,4,258,1
2020-05-22,San Mateo,081,765935,2144,1847,2,1849,71
2020-05-22,Santa Barbara,083,443738,2098,1554,10,1564,9
2020-05-22,Santa Clara,085,1922200,3242,2537,11,2548,139
2020-05-22,Santa Cruz,087,273765,209,171,0,171,2
2020-05-22,Shasta,089,179085,53,34,0,34,4
2020-05-22,Sierra,091,2930,1,0,0,0,0
2020-05-22,Siskiyou,093,43540,7,6,0,6,0
2020-05-22,Solano,095,438530,533,431,0,431,4
2020-05-22,Sonoma,097,501317,534,444,0,444,4
2020-05-22,Stanislaus,099,539301,709,616,5,621,27
2020-05-22,Sutter,101,95872,43,38,0,38,2
2020-05-22,Tehama,103,63373,5,2,0,2,1
2020-05-22,Trinity,105,12862,6,1,2,3,0
2020-05-22,Tulare,107,460477,2246,1662,10,1672,73
2020-05-22,Tuolumne,109,53932,4,2,0,2,0
2020-05-22,Ventura,111,848112,1418,937,8,945,27
2020-05-22,Yolo,113,214977,210,187,0,187,22
2020-05-22,Yuba,115,75493,26,24,0,24,1
2020-05-21,Alameda,001,1643700,3205,2606,5,2611,89
2020-05-21,Alpine,003,1148,1,1,0,1,0
2020-05-21,Amador,005,37829,9,9,0,9,0
2020-05-21,Butte,007,227075,57,31,1,32,0
2020-05-21,Calaveras,009,45235,11,13,0,13,0
2020-05-21,Colusa,011,21464,7,4,0,4,0
2020-05-21,Contra Costa,013,1133247,1442,1243,1,1244,36
2020-05-21,Del Norte,015,27424,38,9,0,9,0
2020-05-21,El Dorado,017,186661,93,67,0,67,0
2020-05-21,Fresno,019,978130,2659,1362,38,1400,20
2020-05-21,Glenn,021,27897,14,12,0,12,0
2020-05-21,Humboldt,023,135768,103,79,0,79,0
2020-05-21,Imperial,025,180216,2327,1096,4,1100,14
2020-05-21,Inyo,027,18085,19,20,0,20,1
2020-05-21,Kern,029,883053,2261,1684,4,1688,27
2020-05-21,Kings,031,150075,736,417,2,419,2
2020-05-21,Lake,033,64148,17,10,0,10,0
2020-05-21,Lassen,035,31185,4,0,2,2,0
2020-05-21,Los Angeles,037,10098052,51258,42063,20,42083,1996
2020-05-21,Madera,039,155013,177,82,1,83,2
2020-05-21,Marin,041,260295,420,359,1,360,14
2020-05-21,Mariposa,043,17540,16,15,0,15,1
2020-05-21,Mendocino,045,87422,21,12,0,12,0
2020-05-21,Merced,047,269075,341,226,0,226,6
2020-05-21,Modoc,049,8938,0,0,0,0,0
2020-05-21,Mono,051,14174,36,33,0,33,1
2020-05-21,Monterey,053,433212,480,363,1,364,8
2020-05-21,Napa,055,140530,121,96,0,96,3
2020-05-21,Nevada,057,99092,42,41,1,42,1
2020-05-21,Orange,059,3164182,7368,4975,53,5028,106
2020-05-21,Placer,061,380077,204,176,0,176,8
2020-05-21,Plumas,063,18699,4,4,0,4,0
2020-05-21,Riverside,065,2383286,7529,6245,19,6264,279
2020-05-21,Sacramento,067,1510023,1341,1258,1,1259,56
2020-05-21,San Benito,069,59416,77,61,0,61,2
2020-05-21,San Bernardino,071,2135413,5102,3950,4,3954,167
2020-05-21,San Diego,073,3302833,7340,6317,0,6317,241
2020-05-21,San Francisco,075,870044,2450,2248,0,2248,37
2020-05-21,San Joaquin,077,732212,882,730,4,734,33
2020-05-21,San Luis Obispo,079,281455,332,251,3,254,1
2020-05-21,San Mateo,081,765935,2107,1791,2,1793,74
2020-05-21,Santa Barbara,083,443738,2074,1541,10,1551,10
2020-05-21,Santa Clara,085,1922200,3220,2520,11,2531,138
2020-05-21,Santa Cruz,087,273765,201,164,0,164,3
2020-05-21,Shasta,089,179085,51,34,0,34,4
2020-05-21,Sierra,091,2930,1,0,0,0,0
2020-05-21,Siskiyou,093,43540,7,6,0,6,0
2020-05-21,Solano,095,438530,524,424,0,424,4
2020-05-21,Sonoma,097,501317,516,427,0,427,4
2020-05-21,Stanislaus,099,539301,698,602,5,607,27
2020-05-21,Sutter,101,95872,42,38,0,38,2
2020-05-21,Tehama,103,63373,4,2,0,2,1
2020-05-21,Trinity,105,12862,5,1,2,3,0
2020-05-21,Tulare,107,460477,2196,1606,8,1614,73
2020-05-21,Tuolumne,109,53932,2,2,0,2,0
2020-05-21,Ventura,111,848112,1369,907,8,915,30
2020-05-21,Yolo,113,214977,207,185,0,185,22
2020-05-21,Yuba,115,75493,26,24,0,24,1
2020-05-20,Alameda,001,1643700,3131,2554,5,2559,89
2020-05-20,Alpine,003,1148,1,1,0,1,0
2020-05-20,Amador,005,37829,9,9,0,9,0
2020-05-20,Butte,007,227075,54,30,1,31,0
2020-05-20,Calaveras,009,45235,11,13,0,13,0
2020-05-20,Colusa,011,21464,7,3,0,3,0
2020-05-20,Contra Costa,013,1133247,1412,1223,1,1224,33
2020-05-20,Del Norte,015,27424,31,9,0,9,0
2020-05-20,El Dorado,017,186661,92,67,0,67,0
2020-05-20,Fresno,019,978130,2586,1329,37,1366,17
2020-05-20,Glenn,021,27897,13,12,0,12,0
2020-05-20,Humboldt,023,135768,100,73,0,73,0
2020-05-20,Imperial,025,180216,2214,1047,4,1051,14
2020-05-20,Inyo,027,18085,19,20,0,20,1
2020-05-20,Kern,029,883053,2198,1639,3,1642,27
2020-05-20,Kings,031,150075,592,403,2,405,2
2020-05-20,Lake,033,64148,17,9,0,9,0
2020-05-20,Lassen,035,31185,3,0,2,2,0
2020-05-20,Los Angeles,037,10098052,50262,40932,20,40952,1955
2020-05-20,Madera,039,155013,175,82,1,83,2
2020-05-20,Marin,041,260295,393,348,1,349,14
2020-05-20,Mariposa,043,17540,16,15,0,15,1
2020-05-20,Mendocino,045,87422,21,12,0,12,0
2020-05-20,Merced,047,269075,334,225,0,225,6
2020-05-20,Modoc,049,8938,0,0,0,0,0
2020-05-20,Mono,051,14174,36,33,0,33,1
2020-05-20,Monterey,053,433212,466,356,1,357,8
2020-05-20,Napa,055,140530,114,93,0,93,3
2020-05-20,Nevada,057,99092,42,41,1,42,1
2020-05-20,Orange,059,3164182,7160,4866,51,4917,96
2020-05-20,Placer,061,380077,202,176,0,176,8
2020-05-20,Plumas,063,18699,4,4,0,4,0
2020-05-20,Riverside,065,2383286,7386,6090,19,6109,265
2020-05-20,Sacramento,067,1510023,1331,1244,1,1245,56
2020-05-20,San Benito,069,59416,76,61,0,61,2
2020-05-20,San Bernardino,071,2135413,4975,3771,4,3775,161
2020-05-20,San Diego,073,3302833,7223,6142,0,6142,230
2020-05-20,San Francisco,075,870044,2427,2199,0,2199,37
2020-05-20,San Joaquin,077,732212,845,713,4,717,33
2020-05-20,San Luis Obispo,079,281455,326,249,3,252,1
2020-05-20,San Mateo,081,765935,2054,1739,2,1741,74
2020-05-20,Santa Barbara,083,443738,2048,1524,10,1534,10
2020-05-20,Santa Clara,085,1922200,3199,2508,10,2518,138
2020-05-20,Santa Cruz,087,273765,198,163,0,163,3
2020-05-20,Shasta,089,179085,51,34,0,34,4
2020-05-20,Sierra,091,2930,1,0,0,0,0
2020-05-20,Siskiyou,093,43540,7,6,0,6,0
2020-05-20,Solano,095,438530,519,418,0,418,4
2020-05-20,Sonoma,097,501317,507,411,0,411,4
2020-05-20,Stanislaus,099,539301,682,584,4,588,25
2020-05-20,Sutter,101,95872,42,38,0,38,2
2020-05-20,Tehama,103,63373,4,2,0,2,1
2020-05-20,Trinity,105,12862,4,1,1,2,0
2020-05-20,Tulare,107,460477,2155,1585,8,1593,71
2020-05-20,Tuolumne,109,53932,2,2,0,2,0
2020-05-20,Ventura,111,848112,1333,879,8,887,29
2020-05-20,Yolo,113,214977,204,184,0,184,22
2020-05-20,Yuba,115,75493,26,23,0,23,1
2020-05-19,Alameda,001,1643700,3054,2493,3,2496,88
2020-05-19,Alpine,003,1148,1,1,0,1,0
2020-05-19,Amador,005,37829,9,9,0,9,0
2020-05-19,Butte,007,227075,52,25,1,26,0
2020-05-19,Calaveras,009,45235,11,13,0,13,0
2020-05-19,Colusa,011,21464,5,3,0,3,0
2020-05-19,Contra Costa,013,1133247,1389,1205,1,1206,33
2020-05-19,Del Norte,015,27424,28,8,0,8,0
2020-05-19,El Dorado,017,186661,89,67,0,67,0
2020-05-19,Fresno,019,978130,2472,1288,36,1324,15
2020-05-19,Glenn,021,27897,13,12,0,12,0
2020-05-19,Humboldt,023,135768,100,72,0,72,0
2020-05-19,Imperial,025,180216,2052,1012,4,1016,14
2020-05-19,Inyo,027,18085,19,20,0,20,1
2020-05-19,Kern,029,883053,2100,1601,3,1604,26
2020-05-19,Kings,031,150075,581,393,2,395,2
2020-05-19,Lake,033,64148,14,11,0,11,0
2020-05-19,Lassen,035,31185,3,0,2,2,0
2020-05-19,Los Angeles,037,10098052,49056,39670,20,39690,1906
2020-05-19,Madera,039,155013,171,80,1,81,2
2020-05-19,Marin,041,260295,369,340,1,341,14
2020-05-19,Mariposa,043,17540,16,15,0,15,1
2020-05-19,Mendocino,045,87422,21,12,0,12,0
2020-05-19,Merced,047,269075,326,222,0,222,5
2020-05-19,Modoc,049,8938,0,0,0,0,0
2020-05-19,Mono,051,14174,36,33,0,33,1
2020-05-19,Monterey,053,433212,454,350,1,351,8
2020-05-19,Napa,055,140530,113,93,0,93,3
2020-05-19,Nevada,057,99092,42,41,1,42,1
2020-05-19,Orange,059,3164182,6966,4746,49,4795,90
2020-05-19,Placer,061,380077,200,177,0,177,8
2020-05-19,Plumas,063,18699,4,5,0,5,0
2020-05-19,Riverside,065,2383286,7226,5963,18,5981,265
2020-05-19,Sacramento,067,1510023,1317,1239,1,1240,57
2020-05-19,San Benito,069,59416,74,59,0,59,2
2020-05-19,San Bernardino,071,2135413,4825,3656,4,3660,158
2020-05-19,San Diego,073,3302833,7079,6028,0,6028,222
2020-05-19,San Francisco,075,870044,2393,2186,0,2186,37
2020-05-19,San Joaquin,077,732212,823,705,4,709,33
2020-05-19,San Luis Obispo,079,281455,325,245,3,248,1
2020-05-19,San Mateo,081,765935,2013,1704,2,1706,71
2020-05-19,Santa Barbara,083,443738,2027,1521,10,1531,10
2020-05-19,Santa Clara,085,1922200,3149,2480,10,2490,138
2020-05-19,Santa Cruz,087,273765,187,161,0,161,3
2020-05-19,Shasta,089,179085,51,34,0,34,4
2020-05-19,Sierra,091,2930,0,0,0,0,0
2020-05-19,Siskiyou,093,43540,7,6,0,6,0
2020-05-19,Solano,095,438530,505,415,0,415,4
2020-05-19,Sonoma,097,501317,496,389,0,389,4
2020-05-19,Stanislaus,099,539301,668,582,4,586,25
2020-05-19,Sutter,101,95872,42,38,0,38,2
2020-05-19,Tehama,103,63373,4,2,0,2,1
2020-05-19,Trinity,105,12862,3,1,0,1,0
2020-05-19,Tulare,107,460477,2107,1551,8,1559,68
2020-05-19,Tuolumne,109,53932,2,2,0,2,0
2020-05-19,Ventura,111,848112,1292,861,7,868,28
2020-05-19,Yolo,113,214977,202,183,0,183,22
2020-05-19,Yuba,115,75493,26,23,0,23,1
2020-05-18,Alameda,001,1643700,2981,2442,3,2445,84
2020-05-18,Alpine,003,1148,1,1,0,1,0
2020-05-18,Amador,005,37829,9,8,0,8,0
2020-05-18,Butte,007,227075,50,24,1,25,0
2020-05-18,Calaveras,009,45235,11,13,0,13,0
2020-05-18,Colusa,011,21464,5,3,0,3,0
2020-05-18,Contra Costa,013,1133247,1358,1173,1,1174,33
2020-05-18,Del Norte,015,27424,23,8,0,8,0
2020-05-18,El Dorado,017,186661,87,67,0,67,0
2020-05-18,Fresno,019,978130,2393,1244,35,1279,14
2020-05-18,Glenn,021,27897,13,11,0,11,0
2020-05-18,Humboldt,023,135768,100,70,0,70,0
2020-05-18,Imperial,025,180216,1899,767,4,771,14
2020-05-18,Inyo,027,18085,19,20,0,20,1
2020-05-18,Kern,029,883053,2051,1566,3,1569,26
2020-05-18,Kings,031,150075,550,381,2,383,2
2020-05-18,Lake,033,64148,13,9,0,9,0
2020-05-18,Lassen,035,31185,3,0,2,2,0
2020-05-18,Los Angeles,037,10098052,48035,38477,20,38497,1825
2020-05-18,Madera,039,155013,165,74,1,75,2
2020-05-18,Marin,041,260295,356,329,1,330,14
2020-05-18,Mariposa,043,17540,16,15,0,15,1
2020-05-18,Mendocino,045,87422,16,12,0,12,0
2020-05-18,Merced,047,269075,316,217,0,217,5
2020-05-18,Modoc,049,8938,0,0,0,0,0
2020-05-18,Mono,051,14174,36,33,0,33,1
2020-05-18,Monterey,053,433212,443,345,1,346,8
2020-05-18,Napa,055,140530,109,92,0,92,3
2020-05-18,Nevada,057,99092,42,41,1,42,1
2020-05-18,Orange,059,3164182,6777,4558,47,4605,88
2020-05-18,Placer,061,380077,198,176,0,176,8
2020-05-18,Plumas,063,18699,4,5,0,5,0
2020-05-18,Riverside,065,2383286,7026,5873,18,5891,253
2020-05-18,Sacramento,067,1510023,1311,1233,0,1233,57
2020-05-18,San Benito,069,59416,72,59,0,59,2
2020-05-18,San Bernardino,071,2135413,4678,3558,4,3562,156
2020-05-18,San Diego,073,3302833,6946,5948,0,5948,211
2020-05-18,San Francisco,075,870044,2370,2183,0,2183,36
2020-05-18,San Joaquin,077,732212,811,697,4,701,33
2020-05-18,San Luis Obispo,079,281455,321,243,3,246,1
2020-05-18,San Mateo,081,765935,1975,1701,2,1703,68
2020-05-18,Santa Barbara,083,443738,2002,1501,10,1511,10
2020-05-18,Santa Clara,085,1922200,3116,2468,10,2478,137
2020-05-18,Santa Cruz,087,273765,185,160,0,160,3
2020-05-18,Shasta,089,179085,50,34,0,34,4
2020-05-18,Sierra,091,2930,0,0,0,0,0
2020-05-18,Siskiyou,093,43540,7,6,0,6,0
2020-05-18,Solano,095,438530,495,398,0,398,4
2020-05-18,Sonoma,097,501317,478,387,0,387,4
2020-05-18,Stanislaus,099,539301,656,572,4,576,25
2020-05-18,Sutter,101,95872,42,38,0,38,2
2020-05-18,Tehama,103,63373,4,2,0,2,1
2020-05-18,Trinity,105,12862,3,1,0,1,0
2020-05-18,Tulare,107,460477,2062,1491,8,1499,63
2020-05-18,Tuolumne,109,53932,2,2,0,2,0
2020-05-18,Ventura,111,848112,1269,850,6,856,27
2020-05-18,Yolo,113,214977,197,183,0,183,22
2020-05-18,Yuba,115,75493,26,23,0,23,1
2020-05-17,Alameda,001,1643700,2886,2389,3,2392,83
2020-05-17,Alpine,003,1148,1,1,0,1,0
2020-05-17,Amador,005,37829,9,8,0,8,0
2020-05-17,Butte,007,227075,49,23,1,24,0
2020-05-17,Calaveras,009,45235,11,13,0,13,0
2020-05-17,Colusa,011,21464,3,3,0,3,0
2020-05-17,Contra Costa,013,1133247,1319,1155,1,1156,33
2020-05-17,Del Norte,015,27424,23,7,0,7,0
2020-05-17,El Dorado,017,186661,87,65,0,65,0
2020-05-17,Fresno,019,978130,2289,1213,32,1245,14
2020-05-17,Glenn,021,27897,13,9,0,9,0
2020-05-17,Humboldt,023,135768,93,70,0,70,0
2020-05-17,Imperial,025,180216,1751,715,4,719,14
2020-05-17,Inyo,027,18085,19,20,0,20,1
2020-05-17,Kern,029,883053,1973,1546,3,1549,26
2020-05-17,Kings,031,150075,503,356,2,358,2
2020-05-17,Lake,033,64148,13,7,0,7,0
2020-05-17,Lassen,035,31185,3,0,2,2,0
2020-05-17,Los Angeles,037,10098052,46797,37996,20,38016,1807
2020-05-17,Madera,039,155013,163,69,1,70,2
2020-05-17,Marin,041,260295,345,315,1,316,14
2020-05-17,Mariposa,043,17540,15,15,0,15,1
2020-05-17,Mendocino,045,87422,15,10,0,10,0
2020-05-17,Merced,047,269075,305,214,0,214,5
2020-05-17,Modoc,049,8938,0,0,0,0,0
2020-05-17,Mono,051,14174,36,32,0,32,1
2020-05-17,Monterey,053,433212,423,342,1,343,8
2020-05-17,Napa,055,140530,105,89,0,89,3
2020-05-17,Nevada,057,99092,42,41,1,42,1
2020-05-17,Orange,059,3164182,6597,4466,46,4512,88
2020-05-17,Placer,061,380077,193,175,0,175,8
2020-05-17,Plumas,063,18699,4,4,0,4,0
2020-05-17,Riverside,065,2383286,6853,5776,18,5794,245
2020-05-17,Sacramento,067,1510023,1300,1224,0,1224,56
2020-05-17,San Benito,069,59416,71,59,0,59,2
2020-05-17,San Bernardino,071,2135413,4528,3467,4,3471,155
2020-05-17,San Diego,073,3302833,6814,5838,0,5838,209
2020-05-17,San Francisco,075,870044,2343,2132,0,2132,36
2020-05-17,San Joaquin,077,732212,781,688,4,692,32
2020-05-17,San Luis Obispo,079,281455,319,242,3,245,1
2020-05-17,San Mateo,081,765935,1938,1680,2,1682,68
2020-05-17,Santa Barbara,083,443738,1970,1457,10,1467,10
2020-05-17,Santa Clara,085,1922200,3078,2453,10,2463,135
2020-05-17,Santa Cruz,087,273765,174,155,0,155,3
2020-05-17,Shasta,089,179085,49,34,0,34,4
2020-05-17,Sierra,091,2930,0,0,0,0,0
2020-05-17,Siskiyou,093,43540,7,6,0,6,0
2020-05-17,Solano,095,438530,483,392,0,392,4
2020-05-17,Sonoma,097,501317,457,376,0,376,4
2020-05-17,Stanislaus,099,539301,645,566,4,570,25
2020-05-17,Sutter,101,95872,41,38,0,38,2
2020-05-17,Tehama,103,63373,3,2,0,2,1
2020-05-17,Trinity,105,12862,2,1,0,1,0
2020-05-17,Tulare,107,460477,1986,1430,7,1437,63
2020-05-17,Tuolumne,109,53932,2,2,0,2,0
2020-05-17,Ventura,111,848112,1224,838,6,844,27
2020-05-17,Yolo,113,214977,195,182,0,182,22
2020-05-17,Yuba,115,75493,26,21,0,21,1
2020-05-16,Alameda,001,1643700,2836,2327,3,2330,83
2020-05-16,Alpine,003,1148,1,1,0,1,0
2020-05-16,Amador,005,37829,9,8,0,8,0
2020-05-16,Butte,007,227075,44,22,1,23,0
2020-05-16,Calaveras,009,45235,11,13,0,13,0
2020-05-16,Colusa,011,21464,3,3,0,3,0
2020-05-16,Contra Costa,013,1133247,1301,1136,1,1137,33
2020-05-16,Del Norte,015,27424,19,4,0,4,0
2020-05-16,El Dorado,017,186661,87,65,0,65,0
2020-05-16,Fresno,019,978130,2233,1177,32,1209,14
2020-05-16,Glenn,021,27897,13,9,0,9,0
2020-05-16,Humboldt,023,135768,91,69,0,69,0
2020-05-16,Imperial,025,180216,1687,712,4,716,14
2020-05-16,Inyo,027,18085,19,20,0,20,1
2020-05-16,Kern,029,883053,1937,1509,3,1512,26
2020-05-16,Kings,031,150075,493,356,2,358,2
2020-05-16,Lake,033,64148,13,7,0,7,0
2020-05-16,Lassen,035,31185,2,0,2,2,0
2020-05-16,Los Angeles,037,10098052,46220,37352,20,37372,1778
2020-05-16,Madera,039,155013,161,70,1,71,2
2020-05-16,Marin,041,260295,341,297,1,298,14
2020-05-16,Mariposa,043,17540,15,15,0,15,1
2020-05-16,Mendocino,045,87422,15,10,0,10,0
2020-05-16,Merced,047,269075,303,201,0,201,5
2020-05-16,Modoc,049,8938,0,0,0,0,0
2020-05-16,Mono,051,14174,36,32,0,32,1
2020-05-16,Monterey,053,433212,408,329,1,330,8
2020-05-16,Napa,055,140530,105,86,0,86,3
2020-05-16,Nevada,057,99092,42,41,1,42,1
2020-05-16,Orange,059,3164182,6521,4396,46,4442,87
2020-05-16,Placer,061,380077,191,174,0,174,8
2020-05-16,Plumas,063,18699,4,4,0,4,0
2020-05-16,Riverside,065,2383286,6768,5633,18,5651,243
2020-05-16,Sacramento,067,1510023,1293,1209,0,1209,55
2020-05-16,San Benito,069,59416,66,58,0,58,2
2020-05-16,San Bernardino,071,2135413,4456,3362,4,3366,155
2020-05-16,San Diego,073,3302833,6728,5664,0,5664,209
2020-05-16,San Francisco,075,870044,2320,2094,0,2094,36
2020-05-16,San Joaquin,077,732212,773,668,4,672,32
2020-05-16,San Luis Obispo,079,281455,318,240,3,243,1
2020-05-16,San Mateo,081,765935,1923,1652,2,1654,68
2020-05-16,Santa Barbara,083,443738,1953,1422,9,1431,10
2020-05-16,Santa Clara,085,1922200,3060,2420,10,2430,135
2020-05-16,Santa Cruz,087,273765,171,154,0,154,3
2020-05-16,Shasta,089,179085,49,33,0,33,4
2020-05-16,Sierra,091,2930,0,0,0,0,0
2020-05-16,Siskiyou,093,43540,7,6,0,6,0
2020-05-16,Solano,095,438530,478,392,0,392,4
2020-05-16,Sonoma,097,501317,444,356,0,356,4
2020-05-16,Stanislaus,099,539301,636,546,4,550,24
2020-05-16,Sutter,101,95872,41,35,0,35,2
2020-05-16,Tehama,103,63373,3,2,0,2,1
2020-05-16,Trinity,105,12862,2,1,0,1,0
2020-05-16,Tulare,107,460477,1968,1426,7,1433,63
2020-05-16,Tuolumne,109,53932,2,2,0,2,0
2020-05-16,Ventura,111,848112,1198,813,6,819,25
2020-05-16,Yolo,113,214977,194,181,0,181,22
2020-05-16,Yuba,115,75493,26,21,0,21,1
2020-05-15,Alameda,001,1643700,2802,2289,3,2292,83
2020-05-15,Alpine,003,1148,1,1,0,1,0
2020-05-15,Amador,005,37829,9,8,0,8,0
2020-05-15,Butte,007,227075,42,22,1,23,0
2020-05-15,Calaveras,009,45235,11,13,0,13,0
2020-05-15,Colusa,011,21464,3,3,0,3,0
2020-05-15,Contra Costa,013,1133247,1283,1106,1,1107,33
2020-05-15,Del Norte,015,27424,14,4,0,4,0
2020-05-15,El Dorado,017,186661,87,64,0,64,0
2020-05-15,Fresno,019,978130,2165,1126,32,1158,14
2020-05-15,Glenn,021,27897,13,9,0,9,0
2020-05-15,Humboldt,023,135768,90,60,0,60,0
2020-05-15,Imperial,025,180216,1603,680,0,680,14
2020-05-15,Inyo,027,18085,19,20,0,20,1
2020-05-15,Kern,029,883053,1881,1472,3,1475,25
2020-05-15,Kings,031,150075,490,347,2,349,2
2020-05-15,Lake,033,64148,13,7,0,7,0
2020-05-15,Lassen,035,31185,2,0,2,2,0
2020-05-15,Los Angeles,037,10098052,45435,36317,20,36337,1734
2020-05-15,Madera,039,155013,160,71,1,72,2
2020-05-15,Marin,041,260295,333,295,1,296,14
2020-05-15,Mariposa,043,17540,15,15,0,15,1
2020-05-15,Mendocino,045,87422,15,10,0,10,0
2020-05-15,Merced,047,269075,300,191,0,191,5
2020-05-15,Modoc,049,8938,0,0,0,0,0
2020-05-15,Mono,051,14174,36,31,0,31,1
2020-05-15,Monterey,053,433212,402,321,1,322,8
2020-05-15,Napa,055,140530,105,83,0,83,3
2020-05-15,Nevada,057,99092,42,41,1,42,1
2020-05-15,Orange,059,3164182,6349,4281,46,4327,87
2020-05-15,Placer,061,380077,189,174,0,174,8
2020-05-15,Plumas,063,18699,4,4,0,4,0
2020-05-15,Riverside,065,2383286,6654,5496,18,5514,233
2020-05-15,Sacramento,067,1510023,1283,1203,0,1203,55
2020-05-15,San Benito,069,59416,63,57,0,57,2
2020-05-15,San Bernardino,071,2135413,4378,3225,4,3229,153
2020-05-15,San Diego,073,3302833,6621,5525,0,5525,208
2020-05-15,San Francisco,075,870044,2304,2062,0,2062,36
2020-05-15,San Joaquin,077,732212,767,656,4,660,32
2020-05-15,San Luis Obispo,079,281455,316,237,3,240,1
2020-05-15,San Mateo,081,765935,1901,1612,2,1614,68
2020-05-15,Santa Barbara,083,443738,1936,1409,8,1417,10
2020-05-15,Santa Clara,085,1922200,3017,2395,9,2404,135
2020-05-15,Santa Cruz,087,273765,170,146,0,146,3
2020-05-15,Shasta,089,179085,48,33,0,33,4
2020-05-15,Sierra,091,2930,0,0,0,0,0
2020-05-15,Siskiyou,093,43540,6,5,0,5,0
2020-05-15,Solano,095,438530,474,388,0,388,4
2020-05-15,Sonoma,097,501317,436,349,0,349,4
2020-05-15,Stanislaus,099,539301,629,540,4,544,23
2020-05-15,Sutter,101,95872,40,35,0,35,2
2020-05-15,Tehama,103,63373,3,1,0,1,1
2020-05-15,Trinity,105,12862,2,1,0,1,0
2020-05-15,Tulare,107,460477,1940,1356,7,1363,61
2020-05-15,Tuolumne,109,53932,2,2,0,2,0
2020-05-15,Ventura,111,848112,1181,789,5,794,25
2020-05-15,Yolo,113,214977,193,182,0,182,22
2020-05-15,Yuba,115,75493,26,21,0,21,1
2020-05-14,Alameda,001,1643700,2709,2255,3,2258,80
2020-05-14,Alpine,003,1148,1,1,0,1,0
2020-05-14,Amador,005,37829,9,8,0,8,0
2020-05-14,Butte,007,227075,40,22,1,23,0
2020-05-14,Calaveras,009,45235,11,13,0,13,0
2020-05-14,Colusa,011,21464,3,3,0,3,0
2020-05-14,Contra Costa,013,1133247,1257,1090,1,1091,32
2020-05-14,Del Norte,015,27424,14,4,0,4,0
2020-05-14,El Dorado,017,186661,78,59,0,59,0
2020-05-14,Fresno,019,978130,2104,1038,28,1066,12
2020-05-14,Glenn,021,27897,12,8,0,8,0
2020-05-14,Humboldt,023,135768,88,59,0,59,0
2020-05-14,Imperial,025,180216,1486,652,0,652,13
2020-05-14,Inyo,027,18085,19,20,0,20,1
2020-05-14,Kern,029,883053,1839,1430,3,1433,21
2020-05-14,Kings,031,150075,474,342,2,344,1
2020-05-14,Lake,033,64148,13,7,0,7,0
2020-05-14,Lassen,035,31185,2,0,2,2,0
2020-05-14,Los Angeles,037,10098052,44260,35427,20,35447,1693
2020-05-14,Madera,039,155013,151,69,1,70,2
2020-05-14,Marin,041,260295,315,283,1,284,14
2020-05-14,Mariposa,043,17540,15,15,0,15,0
2020-05-14,Mendocino,045,87422,14,10,0,10,0
2020-05-14,Merced,047,269075,290,182,0,182,3
2020-05-14,Modoc,049,8938,0,0,0,0,0
2020-05-14,Mono,051,14174,36,31,0,31,1
2020-05-14,Monterey,053,433212,392,317,1,318,7
2020-05-14,Napa,055,140530,103,83,0,83,3
2020-05-14,Nevada,057,99092,41,41,1,42,1
2020-05-14,Orange,059,3164182,6173,4163,44,4207,83
2020-05-14,Placer,061,380077,189,172,0,172,8
2020-05-14,Plumas,063,18699,4,4,0,4,0
2020-05-14,Riverside,065,2383286,6470,5339,18,5357,224
2020-05-14,Sacramento,067,1510023,1271,1181,0,1181,55
2020-05-14,San Benito,069,59416,61,56,0,56,2
2020-05-14,San Bernardino,071,2135413,4200,3149,4,3153,149
2020-05-14,San Diego,073,3302833,6486,5393,0,5393,200
2020-05-14,San Francisco,075,870044,2271,2029,0,2029,36
2020-05-14,San Joaquin,077,732212,752,643,4,647,31
2020-05-14,San Luis Obispo,079,281455,313,236,3,239,1
2020-05-14,San Mateo,081,765935,1869,1588,2,1590,67
2020-05-14,Santa Barbara,083,443738,1908,1395,8,1403,11
2020-05-14,Santa Clara,085,1922200,2994,2380,9,2389,134
2020-05-14,Santa Cruz,087,273765,168,145,0,145,3
2020-05-14,Shasta,089,179085,48,33,0,33,4
2020-05-14,Sierra,091,2930,0,0,0,0,0
2020-05-14,Siskiyou,093,43540,6,5,0,5,0
2020-05-14,Solano,095,438530,465,372,0,372,4
2020-05-14,Sonoma,097,501317,419,333,0,333,4
2020-05-14,Stanislaus,099,539301,610,533,4,537,23
2020-05-14,Sutter,101,95872,40,34,0,34,2
2020-05-14,Tehama,103,63373,3,1,0,1,1
2020-05-14,Trinity,105,12862,2,1,0,1,0
2020-05-14,Tulare,107,460477,1901,1317,7,1324,55
2020-05-14,Tuolumne,109,53932,2,2,0,2,0
2020-05-14,Ventura,111,848112,1150,760,5,765,25
2020-05-14,Yolo,113,214977,193,180,0,180,22
2020-05-14,Yuba,115,75493,26,21,0,21,1
2020-05-13,Alameda,001,1643700,2651,2181,3,2184,78
2020-05-13,Alpine,003,1148,1,1,0,1,0
2020-05-13,Amador,005,37829,9,8,0,8,0
2020-05-13,Butte,007,227075,40,21,1,22,0
2020-05-13,Calaveras,009,45235,11,13,0,13,0
2020-05-13,Colusa,011,21464,3,3,0,3,0
2020-05-13,Contra Costa,013,1133247,1235,1082,1,1083,32
2020-05-13,Del Norte,015,27424,13,4,0,4,0
2020-05-13,El Dorado,017,186661,77,58,0,58,0
2020-05-13,Fresno,019,978130,2011,993,28,1021,10
2020-05-13,Glenn,021,27897,11,6,0,6,0
2020-05-13,Humboldt,023,135768,82,58,0,58,0
2020-05-13,Imperial,025,180216,1416,610,0,610,11
2020-05-13,Inyo,027,18085,19,20,0,20,1
2020-05-13,Kern,029,883053,1793,1390,3,1393,19
2020-05-13,Kings,031,150075,460,314,2,316,1
2020-05-13,Lake,033,64148,13,7,0,7,0
2020-05-13,Lassen,035,31185,2,0,2,2,0
2020-05-13,Los Angeles,037,10098052,42954,34574,20,34594,1643
2020-05-13,Madera,039,155013,142,69,1,70,2
2020-05-13,Marin,041,260295,302,278,1,279,14
2020-05-13,Mariposa,043,17540,15,15,0,15,0
2020-05-13,Mendocino,045,87422,14,10,0,10,0
2020-05-13,Merced,047,269075,287,176,0,176,3
2020-05-13,Modoc,049,8938,0,0,0,0,0
2020-05-13,Mono,051,14174,35,31,0,31,1
2020-05-13,Monterey,053,433212,382,309,1,310,6
2020-05-13,Napa,055,140530,103,81,0,81,3
2020-05-13,Nevada,057,99092,41,41,1,42,1
2020-05-13,Orange,059,3164182,5927,4025,42,4067,79
2020-05-13,Placer,061,380077,188,170,0,170,8
2020-05-13,Plumas,063,18699,4,4,0,4,0
2020-05-13,Riverside,065,2383286,6347,5204,18,5222,216
2020-05-13,Sacramento,067,1510023,1256,1173,0,1173,53
2020-05-13,San Benito,069,59416,61,55,0,55,2
2020-05-13,San Bernardino,071,2135413,3944,3064,3,3067,140
2020-05-13,San Diego,073,3302833,6350,5280,0,5280,194
2020-05-13,San Francisco,075,870044,2243,2004,0,2004,35
2020-05-13,San Joaquin,077,732212,731,639,3,642,31
2020-05-13,San Luis Obispo,079,281455,311,231,3,234,1
2020-05-13,San Mateo,081,765935,1837,1550,2,1552,66
2020-05-13,Santa Barbara,083,443738,1879,1382,8,1390,10
2020-05-13,Santa Clara,085,1922200,2974,2370,9,2379,132
2020-05-13,Santa Cruz,087,273765,164,142,0,142,2
2020-05-13,Shasta,089,179085,48,32,0,32,4
2020-05-13,Sierra,091,2930,0,0,0,0,0
2020-05-13,Siskiyou,093,43540,6,5,0,5,0
2020-05-13,Solano,095,438530,452,368,0,368,4
2020-05-13,Sonoma,097,501317,409,330,0,330,4
2020-05-13,Stanislaus,099,539301,601,521,4,525,15
2020-05-13,Sutter,101,95872,40,33,0,33,2
2020-05-13,Tehama,103,63373,3,1,0,1,1
2020-05-13,Trinity,105,12862,2,2,0,2,0
2020-05-13,Tulare,107,460477,1868,1283,7,1290,54
2020-05-13,Tuolumne,109,53932,2,2,0,2,0
2020-05-13,Ventura,111,848112,1119,742,5,747,25
2020-05-13,Yolo,113,214977,191,178,0,178,22
2020-05-13,Yuba,115,75493,24,19,0,19,1
2020-05-12,Alameda,001,1643700,2586,2146,3,2149,74
2020-05-12,Alpine,003,1148,1,1,0,1,0
2020-05-12,Amador,005,37829,9,8,0,8,0
2020-05-12,Butte,007,227075,38,20,1,21,0
2020-05-12,Calaveras,009,45235,10,13,0,13,0
2020-05-12,Colusa,011,21464,3,3,0,3,0
2020-05-12,Contra Costa,013,1133247,1204,1067,1,1068,32
2020-05-12,Del Norte,015,27424,10,3,0,3,0
2020-05-12,El Dorado,017,186661,74,56,0,56,0
2020-05-12,Fresno,019,978130,1927,978,26,1004,9
2020-05-12,Glenn,021,27897,10,6,0,6,0
2020-05-12,Humboldt,023,135768,79,58,0,58,0
2020-05-12,Imperial,025,180216,1284,602,0,602,9
2020-05-12,Inyo,027,18085,19,20,0,20,1
2020-05-12,Kern,029,883053,1752,1363,3,1366,18
2020-05-12,Kings,031,150075,439,302,2,304,1
2020-05-12,Lake,033,64148,13,7,0,7,0
2020-05-12,Lassen,035,31185,2,0,2,2,0
2020-05-12,Los Angeles,037,10098052,41959,33281,19,33300,1601
2020-05-12,Madera,039,155013,136,69,1,70,2
2020-05-12,Marin,041,260295,297,274,1,275,14
2020-05-12,Mariposa,043,17540,15,15,0,15,0
2020-05-12,Mendocino,045,87422,14,10,0,10,0
2020-05-12,Merced,047,269075,276,175,0,175,3
2020-05-12,Modoc,049,8938,0,0,0,0,0
2020-05-12,Mono,051,14174,35,31,0,31,1
2020-05-12,Monterey,053,433212,375,298,1,299,6
2020-05-12,Napa,055,140530,101,80,0,80,3
2020-05-12,Nevada,057,99092,41,41,1,42,1
2020-05-12,Orange,059,3164182,5744,3843,40,3883,78
2020-05-12,Placer,061,380077,187,170,0,170,8
2020-05-12,Plumas,063,18699,4,4,0,4,0
2020-05-12,Riverside,065,2383286,6225,5134,18,5152,210
2020-05-12,Sacramento,067,1510023,1236,1166,0,1166,52
2020-05-12,San Benito,069,59416,61,55,0,55,2
2020-05-12,San Bernardino,071,2135413,3792,2997,3,3000,131
2020-05-12,San Diego,073,3302833,6206,3,0,3,0
2020-05-12,San Francisco,075,870044,2208,1981,0,1981,35
2020-05-12,San Joaquin,077,732212,716,625,3,628,30
2020-05-12,San Luis Obispo,079,281455,308,226,3,229,1
2020-05-12,San Mateo,081,765935,1811,1533,2,1535,66
2020-05-12,Santa Barbara,083,443738,1827,1377,8,1385,10
2020-05-12,Santa Clara,085,1922200,2944,2362,9,2371,131
2020-05-12,Santa Cruz,087,273765,162,141,0,141,2
2020-05-12,Shasta,089,179085,47,33,0,33,4
2020-05-12,Sierra,091,2930,0,0,0,0,0
2020-05-12,Siskiyou,093,43540,6,5,0,5,0
2020-05-12,Solano,095,438530,444,361,0,361,4
2020-05-12,Sonoma,097,501317,386,308,0,308,4
2020-05-12,Stanislaus,099,539301,594,515,4,519,15
2020-05-12,Sutter,101,95872,40,33,0,33,2
2020-05-12,Tehama,103,63373,3,1,0,1,1
2020-05-12,Trinity,105,12862,2,1,0,1,0
2020-05-12,Tulare,107,460477,1836,1261,7,1268,52
2020-05-12,Tuolumne,109,53932,2,2,0,2,0
2020-05-12,Ventura,111,848112,1063,718,5,723,20
2020-05-12,Yolo,113,214977,190,176,0,176,22
2020-05-12,Yuba,115,75493,24,19,0,19,1
2020-05-11,Alameda,001,1643700,2536,2103,3,2106,71
2020-05-11,Alpine,003,1148,1,1,0,1,0
2020-05-11,Amador,005,37829,9,8,0,8,0
2020-05-11,Butte,007,227075,37,19,1,20,0
2020-05-11,Calaveras,009,45235,10,13,0,13,0
2020-05-11,Colusa,011,21464,3,3,0,3,0
2020-05-11,Contra Costa,013,1133247,1190,1052,1,1053,32
2020-05-11,Del Norte,015,27424,8,3,0,3,0
2020-05-11,El Dorado,017,186661,74,55,0,55,0
2020-05-11,Fresno,019,978130,1836,937,25,962,8
2020-05-11,Glenn,021,27897,10,6,0,6,0
2020-05-11,Humboldt,023,135768,76,56,0,56,0
2020-05-11,Imperial,025,180216,1178,562,0,562,9
2020-05-11,Inyo,027,18085,19,20,0,20,1
2020-05-11,Kern,029,883053,1700,1331,3,1334,17
2020-05-11,Kings,031,150075,416,289,1,290,1
2020-05-11,Lake,033,64148,12,7,0,7,0
2020-05-11,Lassen,035,31185,2,0,2,2,0
2020-05-11,Los Angeles,037,10098052,40780,32279,19,32298,1553
2020-05-11,Madera,039,155013,127,68,1,69,2
2020-05-11,Marin,041,260295,288,271,1,272,14
2020-05-11,Mariposa,043,17540,15,15,0,15,0
2020-05-11,Mendocino,045,87422,14,10,0,10,0
2020-05-11,Merced,047,269075,261,158,0,158,3
2020-05-11,Modoc,049,8938,0,0,0,0,0
2020-05-11,Mono,051,14174,35,30,0,30,1
2020-05-11,Monterey,053,433212,372,286,1,287,6
2020-05-11,Napa,055,140530,95,79,0,79,2
2020-05-11,Nevada,057,99092,41,41,1,42,1
2020-05-11,Orange,059,3164182,5529,3699,33,3732,77
2020-05-11,Placer,061,380077,187,170,0,170,8
2020-05-11,Plumas,063,18699,4,4,0,4,0
2020-05-11,Riverside,065,2383286,6067,5082,17,5099,203
2020-05-11,Sacramento,067,1510023,1221,1160,0,1160,52
2020-05-11,San Benito,069,59416,59,52,0,52,2
2020-05-11,San Bernardino,071,2135413,3682,2945,3,2948,124
2020-05-11,San Diego,073,3302833,6053,5067,0,5067,175
2020-05-11,San Francisco,075,870044,2161,1974,0,1974,35
2020-05-11,San Joaquin,077,732212,706,620,3,623,30
2020-05-11,San Luis Obispo,079,281455,306,224,3,227,1
2020-05-11,San Mateo,081,765935,1785,1499,2,1501,66
2020-05-11,Santa Barbara,083,443738,1786,1372,7,1379,10
2020-05-11,Santa Clara,085,1922200,2927,2340,9,2349,129
2020-05-11,Santa Cruz,087,273765,159,140,0,140,2
2020-05-11,Shasta,089,179085,47,31,0,31,4
2020-05-11,Sierra,091,2930,0,0,0,0,0
2020-05-11,Siskiyou,093,43540,6,5,0,5,0
2020-05-11,Solano,095,438530,439,354,0,354,4
2020-05-11,Sonoma,097,501317,376,303,0,303,3
2020-05-11,Stanislaus,099,539301,584,507,4,511,14
2020-05-11,Sutter,101,95872,39,32,0,32,2
2020-05-11,Tehama,103,63373,3,1,0,1,1
2020-05-11,Trinity,105,12862,2,1,0,1,0
2020-05-11,Tulare,107,460477,1787,1203,7,1210,49
2020-05-11,Tuolumne,109,53932,2,2,0,2,0
2020-05-11,Ventura,111,848112,1001,698,4,702,19
2020-05-11,Yolo,113,214977,190,174,0,174,20
2020-05-11,Yuba,115,75493,24,18,0,18,1
2020-05-10,Alameda,001,1643700,2459,2047,3,2050,71
2020-05-10,Alpine,003,1148,1,1,0,1,0
2020-05-10,Amador,005,37829,9,8,0,8,0
2020-05-10,Butte,007,227075,32,18,1,19,0
2020-05-10,Calaveras,009,45235,10,13,0,13,0
2020-05-10,Colusa,011,21464,3,3,0,3,0
2020-05-10,Contra Costa,013,1133247,1176,1046,0,1046,31
2020-05-10,Del Norte,015,27424,7,3,0,3,0
2020-05-10,El Dorado,017,186661,74,55,0,55,0
2020-05-10,Fresno,019,978130,1749,894,25,919,8
2020-05-10,Glenn,021,27897,10,6,0,6,0
2020-05-10,Humboldt,023,135768,72,56,0,56,0
2020-05-10,Imperial,025,180216,1082,509,0,509,7
2020-05-10,Inyo,027,18085,19,20,0,20,1
2020-05-10,Kern,029,883053,1649,1300,2,1302,16
2020-05-10,Kings,031,150075,403,266,1,267,1
2020-05-10,Lake,033,64148,12,7,0,7,0
2020-05-10,Lassen,035,31185,2,0,2,2,0
2020-05-10,Los Angeles,037,10098052,39521,31711,19,31730,1514
2020-05-10,Madera,039,155013,125,65,1,66,2
2020-05-10,Marin,041,260295,280,267,1,268,14
2020-05-10,Mariposa,043,17540,15,15,0,15,0
2020-05-10,Mendocino,045,87422,13,10,0,10,0
2020-05-10,Merced,047,269075,246,154,0,154,3
2020-05-10,Modoc,049,8938,0,0,0,0,0
2020-05-10,Mono,051,14174,35,27,0,27,1
2020-05-10,Monterey,053,433212,358,282,1,283,6
2020-05-10,Napa,055,140530,89,79,0,79,2
2020-05-10,Nevada,057,99092,41,41,1,42,1
2020-05-10,Orange,059,3164182,5386,3627,33,3660,76
2020-05-10,Placer,061,380077,186,168,0,168,8
2020-05-10,Plumas,063,18699,4,4,0,4,0
2020-05-10,Riverside,065,2383286,5945,4951,17,4968,193
2020-05-10,Sacramento,067,1510023,1205,1152,0,1152,52
2020-05-10,San Benito,069,59416,59,52,0,52,2
2020-05-10,San Bernardino,071,2135413,3584,2910,3,2913,121
2020-05-10,San Diego,073,3302833,5901,4928,0,4928,175
2020-05-10,San Francisco,075,870044,2143,1953,0,1953,35
2020-05-10,San Joaquin,077,732212,691,611,3,614,29
2020-05-10,San Luis Obispo,079,281455,303,218,3,221,1
2020-05-10,San Mateo,081,765935,1763,1463,2,1465,65
2020-05-10,Santa Barbara,083,443738,1758,1323,7,1330,10
2020-05-10,Santa Clara,085,1922200,2900,2331,9,2340,129
2020-05-10,Santa Cruz,087,273765,158,139,0,139,2
2020-05-10,Shasta,089,179085,47,31,0,31,4
2020-05-10,Sierra,091,2930,0,0,0,0,0
2020-05-10,Siskiyou,093,43540,5,5,0,5,0
2020-05-10,Solano,095,438530,429,322,0,322,4
2020-05-10,Sonoma,097,501317,366,290,0,290,3
2020-05-10,Stanislaus,099,539301,577,498,4,502,14
2020-05-10,Sutter,101,95872,36,31,0,31,2
2020-05-10,Tehama,103,63373,3,1,0,1,1
2020-05-10,Trinity,105,12862,2,1,0,1,0
2020-05-10,Tulare,107,460477,1717,1143,7,1150,47
2020-05-10,Tuolumne,109,53932,2,2,0,2,0
2020-05-10,Ventura,111,848112,943,690,2,692,19
2020-05-10,Yolo,113,214977,190,173,0,173,20
2020-05-10,Yuba,115,75493,23,17,0,17,1
2020-05-09,Alameda,001,1643700,2416,2011,3,2014,71
2020-05-09,Alpine,003,1148,1,1,0,1,0
2020-05-09,Amador,005,37829,8,8,0,8,0
2020-05-09,Butte,007,227075,31,18,1,19,0
2020-05-09,Calaveras,009,45235,10,13,0,13,0
2020-05-09,Colusa,011,21464,3,3,0,3,0
2020-05-09,Contra Costa,013,1133247,1162,1039,0,1039,31
2020-05-09,Del Norte,015,27424,7,3,0,3,0
2020-05-09,El Dorado,017,186661,71,54,0,54,0
2020-05-09,Fresno,019,978130,1711,861,24,885,8
2020-05-09,Glenn,021,27897,9,6,0,6,0
2020-05-09,Humboldt,023,135768,70,55,0,55,0
2020-05-09,Imperial,025,180216,1026,474,0,474,7
2020-05-09,Inyo,027,18085,19,20,0,20,1
2020-05-09,Kern,029,883053,1613,1262,1,1263,15
2020-05-09,Kings,031,150075,398,264,1,265,1
2020-05-09,Lake,033,64148,12,7,0,7,0
2020-05-09,Lassen,035,31185,2,0,2,2,0
2020-05-09,Los Angeles,037,10098052,38899,31268,19,31287,1499
2020-05-09,Madera,039,155013,124,61,1,62,2
2020-05-09,Marin,041,260295,279,261,1,262,14
2020-05-09,Mariposa,043,17540,15,15,0,15,0
2020-05-09,Mendocino,045,87422,13,10,0,10,0
2020-05-09,Merced,047,269075,242,153,0,153,3
2020-05-09,Modoc,049,8938,0,0,0,0,0
2020-05-09,Mono,051,14174,35,27,0,27,1
2020-05-09,Monterey,053,433212,351,273,1,274,6
2020-05-09,Napa,055,140530,88,78,0,78,2
2020-05-09,Nevada,057,99092,41,41,1,42,1
2020-05-09,Orange,059,3164182,5304,3506,32,3538,75
2020-05-09,Placer,061,380077,185,168,0,168,8
2020-05-09,Plumas,063,18699,4,4,0,4,0
2020-05-09,Riverside,065,2383286,5850,4871,17,4888,183
2020-05-09,Sacramento,067,1510023,1201,1150,0,1150,52
2020-05-09,San Benito,069,59416,58,52,0,52,2
2020-05-09,San Bernardino,071,2135413,3528,2825,3,2828,121
2020-05-09,San Diego,073,3302833,5789,4778,0,4778,175
2020-05-09,San Francisco,075,870044,2128,1944,0,1944,34
2020-05-09,San Joaquin,077,732212,682,605,3,608,28
2020-05-09,San Luis Obispo,079,281455,299,213,3,216,1
2020-05-09,San Mateo,081,765935,1744,1453,2,1455,65
2020-05-09,Santa Barbara,083,443738,1740,1245,7,1252,10
2020-05-09,Santa Clara,085,1922200,2886,2317,9,2326,128
2020-05-09,Santa Cruz,087,273765,157,138,0,138,2
2020-05-09,Shasta,089,179085,47,31,0,31,4
2020-05-09,Sierra,091,2930,0,0,0,0,0
2020-05-09,Siskiyou,093,43540,5,5,0,5,0
2020-05-09,Solano,095,438530,423,321,0,321,4
2020-05-09,Sonoma,097,501317,362,288,0,288,3
2020-05-09,Stanislaus,099,539301,569,491,4,495,12
2020-05-09,Sutter,101,95872,36,31,0,31,2
2020-05-09,Tehama,103,63373,2,1,0,1,1
2020-05-09,Trinity,105,12862,2,1,0,1,0
2020-05-09,Tulare,107,460477,1689,1083,7,1090,47
2020-05-09,Tuolumne,109,53932,2,2,0,2,0
2020-05-09,Ventura,111,848112,922,679,2,681,19
2020-05-09,Yolo,113,214977,190,172,0,172,18
2020-05-09,Yuba,115,75493,23,17,0,17,1
2020-05-08,Alameda,001,1643700,2373,1955,3,1958,70
2020-05-08,Alpine,003,1148,1,1,0,1,0
2020-05-08,Amador,005,37829,8,8,0,8,0
2020-05-08,Butte,007,227075,31,18,1,19,0
2020-05-08,Calaveras,009,45235,10,13,0,13,0
2020-05-08,Colusa,011,21464,3,3,0,3,0
2020-05-08,Contra Costa,013,1133247,1150,1024,0,1024,29
2020-05-08,Del Norte,015,27424,7,3,0,3,0
2020-05-08,El Dorado,017,186661,70,54,0,54,0
2020-05-08,Fresno,019,978130,1667,838,22,860,8
2020-05-08,Glenn,021,27897,8,6,0,6,0
2020-05-08,Humboldt,023,135768,67,54,0,54,0
2020-05-08,Imperial,025,180216,981,467,0,467,7
2020-05-08,Inyo,027,18085,19,20,0,20,1
2020-05-08,Kern,029,883053,1582,1214,1,1215,13
2020-05-08,Kings,031,150075,389,236,1,237,1
2020-05-08,Lake,033,64148,12,7,0,7,0
2020-05-08,Lassen,035,31185,2,0,2,2,0
2020-05-08,Los Angeles,037,10098052,38167,30357,19,30376,1447
2020-05-08,Madera,039,155013,121,57,1,58,2
2020-05-08,Marin,041,260295,279,257,1,258,14
2020-05-08,Mariposa,043,17540,15,15,0,15,0
2020-05-08,Mendocino,045,87422,13,10,0,10,0
2020-05-08,Merced,047,269075,241,151,0,151,3
2020-05-08,Modoc,049,8938,0,0,0,0,0
2020-05-08,Mono,051,14174,32,27,0,27,1
2020-05-08,Monterey,053,433212,343,265,1,266,6
2020-05-08,Napa,055,140530,87,78,0,78,2
2020-05-08,Nevada,057,99092,41,41,1,42,1
2020-05-08,Orange,059,3164182,5158,3395,32,3427,72
2020-05-08,Placer,061,380077,183,166,0,166,8
2020-05-08,Plumas,063,18699,4,4,0,4,0
2020-05-08,Riverside,065,2383286,5750,4672,16,4688,181
2020-05-08,Sacramento,067,1510023,1196,1145,0,1145,51
2020-05-08,San Benito,069,59416,58,51,0,51,2
2020-05-08,San Bernardino,071,2135413,3480,2631,3,2634,119
2020-05-08,San Diego,073,3302833,5682,4664,0,4664,169
2020-05-08,San Francisco,075,870044,2110,1890,0,1890,33
2020-05-08,San Joaquin,077,732212,675,595,3,598,28
2020-05-08,San Luis Obispo,079,281455,296,210,3,213,1
2020-05-08,San Mateo,081,765935,1659,1423,2,1425,62
2020-05-08,Santa Barbara,083,443738,1721,1054,5,1059,8
2020-05-08,Santa Clara,085,1922200,2863,2285,9,2294,128
2020-05-08,Santa Cruz,087,273765,153,137,0,137,2
2020-05-08,Shasta,089,179085,47,31,0,31,4
2020-05-08,Sierra,091,2930,0,0,0,0,0
2020-05-08,Siskiyou,093,43540,5,5,0,5,0
2020-05-08,Solano,095,438530,418,314,0,314,4
2020-05-08,Sonoma,097,501317,357,285,0,285,3
2020-05-08,Stanislaus,099,539301,555,487,4,491,12
2020-05-08,Sutter,101,95872,36,30,0,30,2
2020-05-08,Tehama,103,63373,2,1,0,1,1
2020-05-08,Trinity,105,12862,2,0,0,0,0
2020-05-08,Tulare,107,460477,1644,1050,6,1056,43
2020-05-08,Tuolumne,109,53932,2,2,0,2,0
2020-05-08,Ventura,111,848112,904,665,2,667,19
2020-05-08,Yolo,113,214977,189,172,0,172,18
2020-05-08,Yuba,115,75493,22,16,0,16,1
2020-05-07,Alameda,001,1643700,2313,1914,3,1917,68
2020-05-07,Alpine,003,1148,1,1,0,1,0
2020-05-07,Amador,005,37829,8,8,0,8,0
2020-05-07,Butte,007,227075,31,19,1,20,0
2020-05-07,Calaveras,009,45235,10,13,0,13,0
2020-05-07,Colusa,011,21464,3,3,0,3,0
2020-05-07,Contra Costa,013,1133247,1136,1005,0,1005,29
2020-05-07,Del Norte,015,27424,6,3,0,3,0
2020-05-07,El Dorado,017,186661,69,54,0,54,0
2020-05-07,Fresno,019,978130,1582,812,21,833,8
2020-05-07,Glenn,021,27897,8,5,0,5,0
2020-05-07,Humboldt,023,135768,66,54,0,54,0
2020-05-07,Imperial,025,180216,918,442,0,442,6
2020-05-07,Inyo,027,18085,19,20,0,20,1
2020-05-07,Kern,029,883053,1538,1176,1,1177,13
2020-05-07,Kings,031,150075,366,219,1,220,1
2020-05-07,Lake,033,64148,11,7,0,7,0
2020-05-07,Lassen,035,31185,2,0,2,2,0
2020-05-07,Los Angeles,037,10098052,37045,29544,19,29563,1399
2020-05-07,Madera,039,155013,117,54,1,55,2
2020-05-07,Marin,041,260295,272,252,1,253,14
2020-05-07,Mariposa,043,17540,15,15,0,15,0
2020-05-07,Mendocino,045,87422,13,10,0,10,0
2020-05-07,Merced,047,269075,233,146,0,146,3
2020-05-07,Modoc,049,8938,0,0,0,0,0
2020-05-07,Mono,051,14174,32,26,0,26,1
2020-05-07,Monterey,053,433212,335,249,1,250,6
2020-05-07,Napa,055,140530,87,78,0,78,2
2020-05-07,Nevada,057,99092,41,41,1,42,1
2020-05-07,Orange,059,3164182,4973,3283,31,3314,69
2020-05-07,Placer,061,380077,183,165,0,165,8
2020-05-07,Plumas,063,18699,4,4,0,4,0
2020-05-07,Riverside,065,2383286,5634,4608,16,4624,170
2020-05-07,Sacramento,067,1510023,1190,1139,0,1139,50
2020-05-07,San Benito,069,59416,58,50,0,50,2
2020-05-07,San Bernardino,071,2135413,3388,2522,3,2525,115
2020-05-07,San Diego,073,3302833,5525,4431,0,4431,165
2020-05-07,San Francisco,075,870044,2079,1852,0,1852,33
2020-05-07,San Joaquin,077,732212,662,583,3,586,28
2020-05-07,San Luis Obispo,079,281455,285,209,3,212,1
2020-05-07,San Mateo,081,765935,1637,1398,2,1400,58
2020-05-07,Santa Barbara,083,443738,1686,720,4,724,8
2020-05-07,Santa Clara,085,1922200,2825,2281,9,2290,127
2020-05-07,Santa Cruz,087,273765,150,136,0,136,2
2020-05-07,Shasta,089,179085,46,31,0,31,4
2020-05-07,Sierra,091,2930,0,0,0,0,0
2020-05-07,Siskiyou,093,43540,5,5,0,5,0
2020-05-07,Solano,095,438530,412,307,0,307,4
2020-05-07,Sonoma,097,501317,345,282,0,282,3
2020-05-07,Stanislaus,099,539301,546,466,4,470,10
2020-05-07,Sutter,101,95872,36,29,0,29,2
2020-05-07,Tehama,103,63373,2,1,0,1,1
2020-05-07,Trinity,105,12862,2,0,0,0,0
2020-05-07,Tulare,107,460477,1576,1001,6,1007,41
2020-05-07,Tuolumne,109,53932,2,2,0,2,0
2020-05-07,Ventura,111,848112,880,647,1,648,19
2020-05-07,Yolo,113,214977,188,172,0,172,18
2020-05-07,Yuba,115,75493,22,16,0,16,1
2020-05-06,Alameda,001,1643700,2275,1864,3,1867,67
2020-05-06,Alpine,003,1148,1,1,0,1,0
2020-05-06,Amador,005,37829,8,8,0,8,0
2020-05-06,Butte,007,227075,30,19,1,20,0
2020-05-06,Calaveras,009,45235,10,13,0,13,0
2020-05-06,Colusa,011,21464,3,3,0,3,0
2020-05-06,Contra Costa,013,1133247,1115,990,0,990,29
2020-05-06,Del Norte,015,27424,6,3,0,3,0
2020-05-06,El Dorado,017,186661,67,53,0,53,0
2020-05-06,Fresno,019,978130,1520,773,19,792,8
2020-05-06,Glenn,021,27897,8,3,0,3,0
2020-05-06,Humboldt,023,135768,65,54,0,54,0
2020-05-06,Imperial,025,180216,850,399,0,399,6
2020-05-06,Inyo,027,18085,19,20,0,20,1
2020-05-06,Kern,029,883053,1483,1112,1,1113,12
2020-05-06,Kings,031,150075,348,208,1,209,1
2020-05-06,Lake,033,64148,11,7,0,7,0
2020-05-06,Lassen,035,31185,2,0,2,2,0
2020-05-06,Los Angeles,037,10098052,36040,28687,19,28706,1347
2020-05-06,Madera,039,155013,115,55,1,56,2
2020-05-06,Marin,041,260295,265,244,1,245,14
2020-05-06,Mariposa,043,17540,15,14,0,14,0
2020-05-06,Mendocino,045,87422,13,10,0,10,0
2020-05-06,Merced,047,269075,226,140,0,140,3
2020-05-06,Modoc,049,8938,0,0,0,0,0
2020-05-06,Mono,051,14174,32,26,0,26,1
2020-05-06,Monterey,053,433212,327,246,1,247,6
2020-05-06,Napa,055,140530,86,78,0,78,2
2020-05-06,Nevada,057,99092,41,41,1,42,1
2020-05-06,Orange,059,3164182,4789,3156,30,3186,66
2020-05-06,Placer,061,380077,180,164,0,164,8
2020-05-06,Plumas,063,18699,4,4,0,4,0
2020-05-06,Riverside,065,2383286,5490,4535,16,4551,163
2020-05-06,Sacramento,067,1510023,1184,1135,0,1135,49
2020-05-06,San Benito,069,59416,57,50,0,50,2
2020-05-06,San Bernardino,071,2135413,3266,2426,2,2428,110
2020-05-06,San Diego,073,3302833,5392,4321,0,4321,158
2020-05-06,San Francisco,075,870044,2054,1804,0,1804,32
2020-05-06,San Joaquin,077,732212,649,581,3,584,28
2020-05-06,San Luis Obispo,079,281455,282,207,3,210,1
2020-05-06,San Mateo,081,765935,1606,1348,2,1350,57
2020-05-06,Santa Barbara,083,443738,1635,565,3,568,8
2020-05-06,Santa Clara,085,1922200,2809,2270,8,2278,127
2020-05-06,Santa Cruz,087,273765,146,135,0,135,2
2020-05-06,Shasta,089,179085,45,31,0,31,4
2020-05-06,Sierra,091,2930,0,0,0,0,0
2020-05-06,Siskiyou,093,43540,5,5,0,5,0
2020-05-06,Solano,095,438530,402,300,0,300,4
2020-05-06,Sonoma,097,501317,329,269,0,269,3
2020-05-06,Stanislaus,099,539301,530,434,4,438,9
2020-05-06,Sutter,101,95872,36,29,0,29,2
2020-05-06,Tehama,103,63373,2,1,0,1,1
2020-05-06,Trinity,105,12862,2,0,0,0,0
2020-05-06,Tulare,107,460477,1528,963,6,969,40
2020-05-06,Tuolumne,109,53932,2,2,0,2,0
2020-05-06,Ventura,111,848112,853,619,1,620,19
2020-05-06,Yolo,113,214977,187,172,0,172,18
2020-05-06,Yuba,115,75493,22,15,0,15,1
2020-05-05,Alameda,001,1643700,2232,1819,3,1822,67
2020-05-05,Alpine,003,1148,1,1,0,1,0
2020-05-05,Amador,005,37829,8,8,0,8,0
2020-05-05,Butte,007,227075,29,19,1,20,0
2020-05-05,Calaveras,009,45235,10,13,0,13,0
2020-05-05,Colusa,011,21464,3,3,0,3,0
2020-05-05,Contra Costa,013,1133247,1097,976,0,976,29
2020-05-05,Del Norte,015,27424,6,3,0,3,0
2020-05-05,El Dorado,017,186661,65,54,0,54,0
2020-05-05,Fresno,019,978130,1447,726,17,743,8
2020-05-05,Glenn,021,27897,8,3,0,3,0
2020-05-05,Humboldt,023,135768,62,54,0,54,0
2020-05-05,Imperial,025,180216,795,389,0,389,6
2020-05-05,Inyo,027,18085,19,20,0,20,1
2020-05-05,Kern,029,883053,1431,1084,1,1085,11
2020-05-05,Kings,031,150075,330,187,1,188,1
2020-05-05,Lake,033,64148,10,7,0,7,0
2020-05-05,Lassen,035,31185,2,0,2,2,0
2020-05-05,Los Angeles,037,10098052,34970,27867,19,27886,1289
2020-05-05,Madera,039,155013,112,53,1,54,2
2020-05-05,Marin,041,260295,259,244,1,245,14
2020-05-05,Mariposa,043,17540,15,14,0,14,0
2020-05-05,Mendocino,045,87422,13,10,0,10,0
2020-05-05,Merced,047,269075,221,141,0,141,3
2020-05-05,Modoc,049,8938,0,0,0,0,0
2020-05-05,Mono,051,14174,32,25,0,25,1
2020-05-05,Monterey,053,433212,313,240,1,241,6
2020-05-05,Napa,055,140530,86,74,0,74,2
2020-05-05,Nevada,057,99092,41,41,1,42,1
2020-05-05,Orange,059,3164182,4665,3041,30,3071,63
2020-05-05,Placer,061,380077,180,162,0,162,8
2020-05-05,Plumas,063,18699,4,4,0,4,0
2020-05-05,Riverside,065,2383286,5380,4309,16,4325,161
2020-05-05,Sacramento,067,1510023,1177,1125,0,1125,48
2020-05-05,San Benito,069,59416,56,50,0,50,2
2020-05-05,San Bernardino,071,2135413,3173,2345,2,2347,104
2020-05-05,San Diego,073,3302833,5249,4162,0,4162,150
2020-05-05,San Francisco,075,870044,2019,1779,0,1779,31
2020-05-05,San Joaquin,077,732212,640,577,3,580,26
2020-05-05,San Luis Obispo,079,281455,281,203,3,206,1
2020-05-05,San Mateo,081,765935,1574,1335,2,1337,56
2020-05-05,Santa Barbara,083,443738,1400,541,3,544,7
2020-05-05,Santa Clara,085,1922200,2763,2249,7,2256,124
2020-05-05,Santa Cruz,087,273765,143,134,0,134,2
2020-05-05,Shasta,089,179085,44,31,0,31,4
2020-05-05,Sierra,091,2930,0,0,0,0,0
2020-05-05,Siskiyou,093,43540,5,5,0,5,0
2020-05-05,Solano,095,438530,386,299,0,299,4
2020-05-05,Sonoma,097,501317,326,263,0,263,3
2020-05-05,Stanislaus,099,539301,518,430,4,434,9
2020-05-05,Sutter,101,95872,36,29,0,29,2
2020-05-05,Tehama,103,63373,2,1,0,1,1
2020-05-05,Trinity,105,12862,2,0,0,0,0
2020-05-05,Tulare,107,460477,1432,869,6,875,40
2020-05-05,Tuolumne,109,53932,2,2,0,2,0
2020-05-05,Ventura,111,848112,829,607,1,608,19
2020-05-05,Yolo,113,214977,185,171,0,171,18
2020-05-05,Yuba,115,75493,22,15,0,15,1
2020-05-04,Alameda,001,1643700,2173,1762,3,1765,65
2020-05-04,Alpine,003,1148,1,1,0,1,0
2020-05-04,Amador,005,37829,7,8,0,8,0
2020-05-04,Butte,007,227075,28,16,1,17,0
2020-05-04,Calaveras,009,45235,10,13,0,13,0
2020-05-04,Colusa,011,21464,3,3,0,3,0
2020-05-04,Contra Costa,013,1133247,1079,949,0,949,28
2020-05-04,Del Norte,015,27424,5,3,0,3,0
2020-05-04,El Dorado,017,186661,64,51,0,51,0
2020-05-04,Fresno,019,978130,1375,680,16,696,8
2020-05-04,Glenn,021,27897,8,4,0,4,0
2020-05-04,Humboldt,023,135768,60,54,0,54,0
2020-05-04,Imperial,025,180216,743,351,0,351,6
2020-05-04,Inyo,027,18085,19,20,0,20,1
2020-05-04,Kern,029,883053,1389,1047,1,1048,8
2020-05-04,Kings,031,150075,313,153,1,154,1
2020-05-04,Lake,033,64148,9,7,0,7,0
2020-05-04,Lassen,035,31185,1,0,2,2,0
2020-05-04,Los Angeles,037,10098052,33669,26243,18,26261,1235
2020-05-04,Madera,039,155013,110,52,1,53,2
2020-05-04,Marin,041,260295,254,244,1,245,13
2020-05-04,Mariposa,043,17540,15,13,0,13,0
2020-05-04,Mendocino,045,87422,13,10,0,10,0
2020-05-04,Merced,047,269075,221,138,0,138,3
2020-05-04,Modoc,049,8938,0,0,0,0,0
2020-05-04,Mono,051,14174,32,25,0,25,1
2020-05-04,Monterey,053,433212,302,237,1,238,6
2020-05-04,Napa,055,140530,86,72,0,72,2
2020-05-04,Nevada,057,99092,41,41,1,42,1
2020-05-04,Orange,059,3164182,4527,2931,27,2958,57
2020-05-04,Placer,061,380077,178,162,0,162,8
2020-05-04,Plumas,063,18699,4,4,0,4,0
2020-05-04,Riverside,065,2383286,5286,4221,16,4237,147
2020-05-04,Sacramento,067,1510023,1167,1119,0,1119,44
2020-05-04,San Benito,069,59416,54,49,0,49,2
2020-05-04,San Bernardino,071,2135413,3032,2184,2,2186,99
2020-05-04,San Diego,073,3302833,5108,4022,0,4022,144
2020-05-04,San Francisco,075,870044,1981,1760,0,1760,31
2020-05-04,San Joaquin,077,732212,626,574,3,577,26
2020-05-04,San Luis Obispo,079,281455,278,202,3,205,1
2020-05-04,San Mateo,081,765935,1549,1313,2,1315,53
2020-05-04,Santa Barbara,083,443738,1136,524,3,527,7
2020-05-04,Santa Clara,085,1922200,2748,2238,7,2245,119
2020-05-04,Santa Cruz,087,273765,142,133,0,133,2
2020-05-04,Shasta,089,179085,42,31,0,31,4
2020-05-04,Sierra,091,2930,0,0,0,0,0
2020-05-04,Siskiyou,093,43540,5,5,0,5,0
2020-05-04,Solano,095,438530,372,293,0,293,4
2020-05-04,Sonoma,097,501317,312,256,0,256,4
2020-05-04,Stanislaus,099,539301,512,422,4,426,8
2020-05-04,Sutter,101,95872,33,28,0,28,2
2020-05-04,Tehama,103,63373,2,1,0,1,1
2020-05-04,Trinity,105,12862,1,0,0,0,0
2020-05-04,Tulare,107,460477,1354,760,6,766,40
2020-05-04,Tuolumne,109,53932,2,3,0,3,0
2020-05-04,Ventura,111,848112,808,590,1,591,19
2020-05-04,Yolo,113,214977,184,171,0,171,18
2020-05-04,Yuba,115,75493,19,16,0,16,1
2020-05-03,Alameda,001,1643700,2116,1731,3,1734,64
2020-05-03,Alpine,003,1148,1,1,0,1,0
2020-05-03,Amador,005,37829,7,8,0,8,0
2020-05-03,Butte,007,227075,28,17,1,18,0
2020-05-03,Calaveras,009,45235,10,13,0,13,0
2020-05-03,Colusa,011,21464,3,3,0,3,0
2020-05-03,Contra Costa,013,1133247,1063,945,0,945,28
2020-05-03,Del Norte,015,27424,5,3,0,3,0
2020-05-03,El Dorado,017,186661,62,49,0,49,0
2020-05-03,Fresno,019,978130,1281,646,14,660,8
2020-05-03,Glenn,021,27897,7,5,0,5,0
2020-05-03,Humboldt,023,135768,59,54,0,54,0
2020-05-03,Imperial,025,180216,687,351,0,351,6
2020-05-03,Inyo,027,18085,19,20,0,20,1
2020-05-03,Kern,029,883053,1334,1025,1,1026,8
2020-05-03,Kings,031,150075,293,137,1,138,1
2020-05-03,Lake,033,64148,9,7,0,7,0
2020-05-03,Lassen,035,31185,1,0,2,2,0
2020-05-03,Los Angeles,037,10098052,32685,25708,18,25726,1210
2020-05-03,Madera,039,155013,103,46,1,47,2
2020-05-03,Marin,041,260295,249,243,1,244,13
2020-05-03,Mariposa,043,17540,15,13,0,13,0
2020-05-03,Mendocino,045,87422,13,10,0,10,0
2020-05-03,Merced,047,269075,213,134,0,134,3
2020-05-03,Modoc,049,8938,0,0,0,0,0
2020-05-03,Mono,051,14174,32,25,0,25,1
2020-05-03,Monterey,053,433212,293,235,1,236,6
2020-05-03,Napa,055,140530,86,72,0,72,2
2020-05-03,Nevada,057,99092,41,41,1,42,1
2020-05-03,Orange,059,3164182,4353,2859,26,2885,55
2020-05-03,Placer,061,380077,178,161,0,161,8
2020-05-03,Plumas,063,18699,4,4,0,4,0
2020-05-03,Riverside,065,2383286,5181,4034,16,4050,139
2020-05-03,Sacramento,067,1510023,1158,1109,0,1109,43
2020-05-03,San Benito,069,59416,54,49,0,49,2
2020-05-03,San Bernardino,071,2135413,2971,2123,2,2125,99
2020-05-03,San Diego,073,3302833,4970,3929,0,3929,142
2020-05-03,San Francisco,075,870044,1952,1692,0,1692,30
2020-05-03,San Joaquin,077,732212,619,570,3,573,26
2020-05-03,San Luis Obispo,079,281455,275,200,3,203,1
2020-05-03,San Mateo,081,765935,1521,1277,2,1279,53
2020-05-03,Santa Barbara,083,443738,757,512,3,515,7
2020-05-03,Santa Clara,085,1922200,2711,2235,7,2242,116
2020-05-03,Santa Cruz,087,273765,142,133,0,133,2
2020-05-03,Shasta,089,179085,40,31,0,31,4
2020-05-03,Sierra,091,2930,0,0,0,0,0
2020-05-03,Siskiyou,093,43540,5,5,0,5,0
2020-05-03,Solano,095,438530,362,266,0,266,4
2020-05-03,Sonoma,097,501317,303,254,0,254,4
2020-05-03,Stanislaus,099,539301,484,411,4,415,8
2020-05-03,Sutter,101,95872,31,28,0,28,2
2020-05-03,Tehama,103,63373,2,1,0,1,1
2020-05-03,Trinity,105,12862,1,0,0,0,0
2020-05-03,Tulare,107,460477,1275,736,6,742,40
2020-05-03,Tuolumne,109,53932,2,3,0,3,0
2020-05-03,Ventura,111,848112,774,583,1,584,19
2020-05-03,Yolo,113,214977,183,171,0,171,18
2020-05-03,Yuba,115,75493,19,16,0,16,1
2020-05-02,Alameda,001,1643700,2079,1678,3,1681,63
2020-05-02,Alpine,003,1148,1,1,0,1,0
2020-05-02,Amador,005,37829,7,8,0,8,0
2020-05-02,Butte,007,227075,28,17,1,18,0
2020-05-02,Calaveras,009,45235,10,13,0,13,0
2020-05-02,Colusa,011,21464,3,3,0,3,0
2020-05-02,Contra Costa,013,1133247,1046,929,0,929,28
2020-05-02,Del Norte,015,27424,5,3,0,3,0
2020-05-02,El Dorado,017,186661,62,47,0,47,0
2020-05-02,Fresno,019,978130,1255,629,13,642,8
2020-05-02,Glenn,021,27897,7,5,0,5,0
2020-05-02,Humboldt,023,135768,59,54,0,54,0
2020-05-02,Imperial,025,180216,660,345,0,345,6
2020-05-02,Inyo,027,18085,19,20,0,20,1
2020-05-02,Kern,029,883053,1308,1007,1,1008,8
2020-05-02,Kings,031,150075,290,120,1,121,1
2020-05-02,Lake,033,64148,9,7,0,7,0
2020-05-02,Lassen,035,31185,1,0,2,2,0
2020-05-02,Los Angeles,037,10098052,32156,24955,18,24973,1192
2020-05-02,Madera,039,155013,103,46,1,47,2
2020-05-02,Marin,041,260295,248,243,1,244,13
2020-05-02,Mariposa,043,17540,15,13,0,13,0
2020-05-02,Mendocino,045,87422,13,10,0,10,0
2020-05-02,Merced,047,269075,210,131,0,131,3
2020-05-02,Modoc,049,8938,0,0,0,0,0
2020-05-02,Mono,051,14174,32,25,0,25,1
2020-05-02,Monterey,053,433212,287,225,1,226,5
2020-05-02,Napa,055,140530,86,71,0,71,2
2020-05-02,Nevada,057,99092,41,41,1,42,1
2020-05-02,Orange,059,3164182,4239,2774,26,2800,52
2020-05-02,Placer,061,380077,176,150,0,150,8
2020-05-02,Plumas,063,18699,4,4,0,4,0
2020-05-02,Riverside,065,2383286,5115,3997,16,4013,137
2020-05-02,Sacramento,067,1510023,1155,1097,0,1097,43
2020-05-02,San Benito,069,59416,54,49,0,49,2
2020-05-02,San Bernardino,071,2135413,2932,2124,2,2126,99
2020-05-02,San Diego,073,3302833,4868,3844,0,3844,138
2020-05-02,San Francisco,075,870044,1929,1632,0,1632,29
2020-05-02,San Joaquin,077,732212,611,559,3,562,25
2020-05-02,San Luis Obispo,079,281455,269,193,3,196,1
2020-05-02,San Mateo,081,765935,1505,1272,2,1274,52
2020-05-02,Santa Barbara,083,443738,743,506,3,509,7
2020-05-02,Santa Clara,085,1922200,2701,2203,7,2210,115
2020-05-02,Santa Cruz,087,273765,141,131,0,131,2
2020-05-02,Shasta,089,179085,40,31,0,31,4
2020-05-02,Sierra,091,2930,0,0,0,0,0
2020-05-02,Siskiyou,093,43540,5,5,0,5,0
2020-05-02,Solano,095,438530,355,267,0,267,4
2020-05-02,Sonoma,097,501317,300,250,0,250,3
2020-05-02,Stanislaus,099,539301,476,388,4,392,8
2020-05-02,Sutter,101,95872,31,28,0,28,2
2020-05-02,Tehama,103,63373,2,1,0,1,1
2020-05-02,Trinity,105,12862,1,0,0,0,0
2020-05-02,Tulare,107,460477,1232,711,6,717,35
2020-05-02,Tuolumne,109,53932,2,3,0,3,0
2020-05-02,Ventura,111,848112,760,564,1,565,19
2020-05-02,Yolo,113,214977,183,169,0,169,17
2020-05-02,Yuba,115,75493,19,16,0,16,1
2020-05-01,Alameda,001,1643700,2041,1630,3,1633,63
2020-05-01,Alpine,003,1148,1,1,0,1,0
2020-05-01,Amador,005,37829,7,8,0,8,0
2020-05-01,Butte,007,227075,28,17,1,18,0
2020-05-01,Calaveras,009,45235,10,13,0,13,0
2020-05-01,Colusa,011,21464,3,3,0,3,0
2020-05-01,Contra Costa,013,1133247,1032,915,0,915,28
2020-05-01,Del Norte,015,27424,5,3,0,3,0
2020-05-01,El Dorado,017,186661,62,47,0,47,0
2020-05-01,Fresno,019,978130,1224,617,13,630,7
2020-05-01,Glenn,021,27897,7,4,0,4,0
2020-05-01,Humboldt,023,135768,59,54,0,54,0
2020-05-01,Imperial,025,180216,623,337,0,337,6
2020-05-01,Inyo,027,18085,19,20,0,20,1
2020-05-01,Kern,029,883053,1281,972,1,973,8
2020-05-01,Kings,031,150075,273,112,1,113,1
2020-05-01,Lake,033,64148,9,6,0,6,0
2020-05-01,Lassen,035,31185,1,0,2,2,0
2020-05-01,Los Angeles,037,10098052,31401,24306,18,24324,1155
2020-05-01,Madera,039,155013,99,46,1,47,2
2020-05-01,Marin,041,260295,248,242,1,243,13
2020-05-01,Mariposa,043,17540,15,10,0,10,0
2020-05-01,Mendocino,045,87422,13,11,0,11,0
2020-05-01,Merced,047,269075,207,131,0,131,3
2020-05-01,Modoc,049,8938,0,0,0,0,0
2020-05-01,Mono,051,14174,32,25,0,25,1
2020-05-01,Monterey,053,433212,283,222,1,223,5
2020-05-01,Napa,055,140530,86,69,0,69,2
2020-05-01,Nevada,057,99092,41,41,1,42,1
2020-05-01,Orange,059,3164182,4162,2660,24,2684,51
2020-05-01,Placer,061,380077,175,149,0,149,8
2020-05-01,Plumas,063,18699,4,4,0,4,0
2020-05-01,Riverside,065,2383286,5051,3893,16,3909,132
2020-05-01,Sacramento,067,1510023,1150,1081,0,1081,43
2020-05-01,San Benito,069,59416,54,49,0,49,2
2020-05-01,San Bernardino,071,2135413,2877,2084,2,2086,98
2020-05-01,San Diego,073,3302833,4777,3713,0,3713,134
2020-05-01,San Francisco,075,870044,1885,1552,0,1552,29
2020-05-01,San Joaquin,077,732212,607,554,3,557,25
2020-05-01,San Luis Obispo,079,281455,266,186,3,189,1
2020-05-01,San Mateo,081,765935,1483,1222,2,1224,52
2020-05-01,Santa Barbara,083,443738,726,499,2,501,7
2020-05-01,Santa Clara,085,1922200,2689,2176,7,2183,112
2020-05-01,Santa Cruz,087,273765,141,127,0,127,2
2020-05-01,Shasta,089,179085,40,31,0,31,4
2020-05-01,Sierra,091,2930,0,0,0,0,0
2020-05-01,Siskiyou,093,43540,5,5,0,5,0
2020-05-01,Solano,095,438530,347,266,0,266,4
2020-05-01,Sonoma,097,501317,297,242,0,242,3
2020-05-01,Stanislaus,099,539301,471,384,4,388,8
2020-05-01,Sutter,101,95872,31,28,0,28,2
2020-05-01,Tehama,103,63373,2,1,0,1,1
2020-05-01,Trinity,105,12862,1,0,0,0,0
2020-05-01,Tulare,107,460477,1188,685,6,691,32
2020-05-01,Tuolumne,109,53932,2,3,0,3,0
2020-05-01,Ventura,111,848112,747,556,1,557,18
2020-05-01,Yolo,113,214977,183,165,0,165,18
2020-05-01,Yuba,115,75493,19,16,0,16,1
2020-04-30,Alameda,001,1643700,1981,1599,3,1602,60
2020-04-30,Alpine,003,1148,1,1,0,1,0
2020-04-30,Amador,005,37829,7,8,0,8,0
2020-04-30,Butte,007,227075,28,16,1,17,0
2020-04-30,Calaveras,009,45235,10,13,0,13,0
2020-04-30,Colusa,011,21464,3,3,0,3,0
2020-04-30,Contra Costa,013,1133247,1010,900,0,900,25
2020-04-30,Del Norte,015,27424,4,3,0,3,0
2020-04-30,El Dorado,017,186661,62,44,0,44,0
2020-04-30,Fresno,019,978130,1160,562,10,572,7
2020-04-30,Glenn,021,27897,7,4,0,4,0
2020-04-30,Humboldt,023,135768,59,54,0,54,0
2020-04-30,Imperial,025,180216,577,322,0,322,6
2020-04-30,Inyo,027,18085,19,20,0,20,1
2020-04-30,Kern,029,883053,1249,941,1,942,8
2020-04-30,Kings,031,150075,261,87,1,88,1
2020-04-30,Lake,033,64148,9,6,0,6,0
2020-04-30,Lassen,035,31185,1,0,2,2,0
2020-04-30,Los Angeles,037,10098052,30394,23284,18,23302,1099
2020-04-30,Madera,039,155013,88,46,1,47,2
2020-04-30,Marin,041,260295,248,240,1,241,13
2020-04-30,Mariposa,043,17540,15,3,0,3,0
2020-04-30,Mendocino,045,87422,13,11,0,11,0
2020-04-30,Merced,047,269075,200,122,0,122,3
2020-04-30,Modoc,049,8938,0,0,0,0,0
2020-04-30,Mono,051,14174,31,25,0,25,1
2020-04-30,Monterey,053,433212,273,213,1,214,5
2020-04-30,Napa,055,140530,84,69,0,69,2
2020-04-30,Nevada,057,99092,41,41,1,42,1
2020-04-30,Orange,059,3164182,3939,2591,21,2612,46
2020-04-30,Placer,061,380077,174,148,0,148,8
2020-04-30,Plumas,063,18699,4,4,0,4,0
2020-04-30,Riverside,065,2383286,4951,3820,15,3835,124
2020-04-30,Sacramento,067,1510023,1144,1071,0,1071,43
2020-04-30,San Benito,069,59416,54,48,0,48,2
2020-04-30,San Bernardino,071,2135413,2675,2020,2,2022,96
2020-04-30,San Diego,073,3302833,4606,3566,0,3566,124
2020-04-30,San Francisco,075,870044,1851,1518,0,1518,26
2020-04-30,San Joaquin,077,732212,599,548,3,551,25
2020-04-30,San Luis Obispo,079,281455,263,182,3,185,1
2020-04-30,San Mateo,081,765935,1453,1194,2,1196,52
2020-04-30,Santa Barbara,083,443738,700,490,2,492,7
2020-04-30,Santa Clara,085,1922200,2650,2172,7,2179,111
2020-04-30,Santa Cruz,087,273765,140,126,0,126,2
2020-04-30,Shasta,089,179085,39,31,0,31,4
2020-04-30,Sierra,091,2930,0,0,0,0,0
2020-04-30,Siskiyou,093,43540,5,5,0,5,0
2020-04-30,Solano,095,438530,337,262,0,262,4
2020-04-30,Sonoma,097,501317,288,233,0,233,3
2020-04-30,Stanislaus,099,539301,464,378,4,382,7
2020-04-30,Sutter,101,95872,31,28,0,28,2
2020-04-30,Tehama,103,63373,1,1,0,1,1
2020-04-30,Trinity,105,12862,1,0,0,0,0
2020-04-30,Tulare,107,460477,1124,637,6,643,31
2020-04-30,Tuolumne,109,53932,2,3,0,3,0
2020-04-30,Ventura,111,848112,719,547,1,548,18
2020-04-30,Yolo,113,214977,182,164,0,164,16
2020-04-30,Yuba,115,75493,19,15,0,15,1
2020-04-29,Alameda,001,1643700,1923,1564,2,1566,60
2020-04-29,Alpine,003,1148,1,1,0,1,0
2020-04-29,Amador,005,37829,7,8,0,8,0
2020-04-29,Butte,007,227075,28,16,1,17,0
2020-04-29,Calaveras,009,45235,10,13,0,13,0
2020-04-29,Colusa,011,21464,3,3,0,3,0
2020-04-29,Contra Costa,013,1133247,991,885,0,885,25
2020-04-29,Del Norte,015,27424,4,3,0,3,0
2020-04-29,El Dorado,017,186661,60,44,0,44,0
2020-04-29,Fresno,019,978130,1108,544,10,554,7
2020-04-29,Glenn,021,27897,7,4,0,4,0
2020-04-29,Humboldt,023,135768,59,53,0,53,0
2020-04-29,Imperial,025,180216,547,300,0,300,6
2020-04-29,Inyo,027,18085,19,20,0,20,1
2020-04-29,Kern,029,883053,1206,910,1,911,6
2020-04-29,Kings,031,150075,242,80,1,81,1
2020-04-29,Lake,033,64148,9,6,0,6,0
2020-04-29,Lassen,035,31185,1,0,2,2,0
2020-04-29,Los Angeles,037,10098052,29416,22560,18,22578,1043
2020-04-29,Madera,039,155013,86,45,1,46,2
2020-04-29,Marin,041,260295,245,234,1,235,13
2020-04-29,Mariposa,043,17540,15,1,0,1,0
2020-04-29,Mendocino,045,87422,13,11,0,11,0
2020-04-29,Merced,047,269075,193,116,0,116,3
2020-04-29,Modoc,049,8938,0,0,0,0,0
2020-04-29,Mono,051,14174,31,25,0,25,1
2020-04-29,Monterey,053,433212,265,204,1,205,5
2020-04-29,Napa,055,140530,82,68,0,68,2
2020-04-29,Nevada,057,99092,41,41,1,42,1
2020-04-29,Orange,059,3164182,3804,2421,20,2441,43
2020-04-29,Placer,061,380077,172,145,0,145,8
2020-04-29,Plumas,063,18699,4,4,0,4,0
2020-04-29,Riverside,065,2383286,4875,3700,15,3715,116
2020-04-29,Sacramento,067,1510023,1122,1055,0,1055,41
2020-04-29,San Benito,069,59416,54,48,0,48,2
2020-04-29,San Bernardino,071,2135413,2588,1975,1,1976,91
2020-04-29,San Diego,073,3302833,4464,3434,0,3434,120
2020-04-29,San Francisco,075,870044,1822,1489,0,1489,23
2020-04-29,San Joaquin,077,732212,591,540,3,543,25
2020-04-29,San Luis Obispo,079,281455,261,181,3,184,1
2020-04-29,San Mateo,081,765935,1427,1170,2,1172,50
2020-04-29,Santa Barbara,083,443738,682,477,2,479,7
2020-04-29,Santa Clara,085,1922200,2624,2147,7,2154,108
2020-04-29,Santa Cruz,087,273765,139,124,0,124,2
2020-04-29,Shasta,089,179085,38,31,0,31,4
2020-04-29,Sierra,091,2930,0,0,0,0,0
2020-04-29,Siskiyou,093,43540,5,5,0,5,0
2020-04-29,Solano,095,438530,313,252,0,252,3
2020-04-29,Sonoma,097,501317,280,230,0,230,2
2020-04-29,Stanislaus,099,539301,451,374,4,378,5
2020-04-29,Sutter,101,95872,31,28,0,28,2
2020-04-29,Tehama,103,63373,1,1,0,1,1
2020-04-29,Trinity,105,12862,1,0,0,0,0
2020-04-29,Tulare,107,460477,1051,615,5,620,30
2020-04-29,Tuolumne,109,53932,2,4,0,4,0
2020-04-29,Ventura,111,848112,695,530,1,531,18
2020-04-29,Yolo,113,214977,179,161,0,161,11
2020-04-29,Yuba,115,75493,19,15,0,15,1
2020-04-28,Alameda,001,1643700,1866,1525,2,1527,55
2020-04-28,Alpine,003,1148,1,1,0,1,0
2020-04-28,Amador,005,37829,7,8,0,8,0
2020-04-28,Butte,007,227075,28,16,1,17,0
2020-04-28,Calaveras,009,45235,10,13,0,13,0
2020-04-28,Colusa,011,21464,3,3,0,3,0
2020-04-28,Contra Costa,013,1133247,984,866,0,866,25
2020-04-28,Del Norte,015,27424,4,3,0,3,0
2020-04-28,El Dorado,017,186661,59,43,0,43,0
2020-04-28,Fresno,019,978130,1057,525,8,533,7
2020-04-28,Glenn,021,27897,5,4,0,4,0
2020-04-28,Humboldt,023,135768,58,53,0,53,0
2020-04-28,Imperial,025,180216,513,295,0,295,6
2020-04-28,Inyo,027,18085,19,20,0,20,1
2020-04-28,Kern,029,883053,1163,882,1,883,5
2020-04-28,Kings,031,150075,229,57,1,58,1
2020-04-28,Lake,033,64148,9,6,0,6,0
2020-04-28,Lassen,035,31185,1,0,2,2,0
2020-04-28,Los Angeles,037,10098052,28350,21029,18,21047,984
2020-04-28,Madera,039,155013,86,44,1,45,2
2020-04-28,Marin,041,260295,244,228,1,229,12
2020-04-28,Mariposa,043,17540,15,0,0,0,0
2020-04-28,Mendocino,045,87422,13,10,0,10,0
2020-04-28,Merced,047,269075,186,108,0,108,3
2020-04-28,Modoc,049,8938,0,0,0,0,0
2020-04-28,Mono,051,14174,31,25,0,25,1
2020-04-28,Monterey,053,433212,259,191,1,192,5
2020-04-28,Napa,055,140530,81,67,0,67,2
2020-04-28,Nevada,057,99092,41,41,1,42,1
2020-04-28,Orange,059,3164182,3639,2324,19,2343,42
2020-04-28,Placer,061,380077,162,143,0,143,8
2020-04-28,Plumas,063,18699,4,4,0,4,0
2020-04-28,Riverside,065,2383286,4780,3504,15,3519,113
2020-04-28,Sacramento,067,1510023,1107,1044,0,1044,41
2020-04-28,San Benito,069,59416,52,46,0,46,2
2020-04-28,San Bernardino,071,2135413,2511,1891,1,1892,89
2020-04-28,San Diego,073,3302833,4334,3316,0,3316,118
2020-04-28,San Francisco,075,870044,1787,1471,0,1471,23
2020-04-28,San Joaquin,077,732212,585,532,3,535,25
2020-04-28,San Luis Obispo,079,281455,254,172,3,175,1
2020-04-28,San Mateo,081,765935,1414,1129,2,1131,48
2020-04-28,Santa Barbara,083,443738,675,469,2,471,7
2020-04-28,Santa Clara,085,1922200,2590,2130,7,2137,106
2020-04-28,Santa Cruz,087,273765,139,123,0,123,2
2020-04-28,Shasta,089,179085,38,29,0,29,4
2020-04-28,Sierra,091,2930,0,0,0,0,0
2020-04-28,Siskiyou,093,43540,5,5,0,5,0
2020-04-28,Solano,095,438530,294,246,0,246,3
2020-04-28,Sonoma,097,501317,277,226,0,226,1
2020-04-28,Stanislaus,099,539301,435,330,4,334,5
2020-04-28,Sutter,101,95872,31,25,0,25,2
2020-04-28,Tehama,103,63373,1,1,0,1,1
2020-04-28,Trinity,105,12862,1,0,0,0,0
2020-04-28,Tulare,107,460477,955,579,5,584,30
2020-04-28,Tuolumne,109,53932,2,4,0,4,0
2020-04-28,Ventura,111,848112,675,517,1,518,17
2020-04-28,Yolo,113,214977,179,160,0,160,10
2020-04-28,Yuba,115,75493,19,15,0,15,1
2020-04-27,Alameda,001,1643700,1806,1494,2,1496,53
2020-04-27,Alpine,003,1148,1,1,0,1,0
2020-04-27,Amador,005,37829,7,8,0,8,0
2020-04-27,Butte,007,227075,27,16,1,17,0
2020-04-27,Calaveras,009,45235,10,13,0,13,0
2020-04-27,Colusa,011,21464,3,3,0,3,0
2020-04-27,Contra Costa,013,1133247,972,843,0,843,25
2020-04-27,Del Norte,015,27424,4,3,0,3,0
2020-04-27,El Dorado,017,186661,58,43,0,43,0
2020-04-27,Fresno,019,978130,952,504,7,511,7
2020-04-27,Glenn,021,27897,5,4,0,4,0
2020-04-27,Humboldt,023,135768,58,52,0,52,0
2020-04-27,Imperial,025,180216,483,290,0,290,6
2020-04-27,Inyo,027,18085,19,20,0,20,1
2020-04-27,Kern,029,883053,1124,865,1,866,4
2020-04-27,Kings,031,150075,206,48,1,49,1
2020-04-27,Lake,033,64148,8,6,0,6,0
2020-04-27,Lassen,035,31185,1,0,2,2,0
2020-04-27,Los Angeles,037,10098052,27332,20456,18,20474,931
2020-04-27,Madera,039,155013,84,42,1,43,2
2020-04-27,Marin,041,260295,239,227,1,228,12
2020-04-27,Mariposa,043,17540,14,0,0,0,0
2020-04-27,Mendocino,045,87422,13,10,0,10,0
2020-04-27,Merced,047,269075,183,108,0,108,3
2020-04-27,Modoc,049,8938,0,0,0,0,0
2020-04-27,Mono,051,14174,31,23,0,23,1
2020-04-27,Monterey,053,433212,252,185,1,186,4
2020-04-27,Napa,055,140530,77,64,0,64,2
2020-04-27,Nevada,057,99092,41,39,1,40,1
2020-04-27,Orange,059,3164182,3469,2198,19,2217,42
2020-04-27,Placer,061,380077,162,142,0,142,8
2020-04-27,Plumas,063,18699,4,4,0,4,0
2020-04-27,Riverside,065,2383286,4657,3381,15,3396,100
2020-04-27,Sacramento,067,1510023,1092,1035,0,1035,41
2020-04-27,San Benito,069,59416,50,45,0,45,2
2020-04-27,San Bernardino,071,2135413,2397,1742,1,1743,82
2020-04-27,San Diego,073,3302833,4208,3143,0,3143,113
2020-04-27,San Francisco,075,870044,1733,1453,0,1453,23
2020-04-27,San Joaquin,077,732212,579,522,3,525,25
2020-04-27,San Luis Obispo,079,281455,246,166,3,169,1
2020-04-27,San Mateo,081,765935,1392,1092,2,1094,46
2020-04-27,Santa Barbara,083,443738,659,466,2,468,7
2020-04-27,Santa Clara,085,1922200,2565,2104,6,2110,105
2020-04-27,Santa Cruz,087,273765,139,123,0,123,2
2020-04-27,Shasta,089,179085,38,29,0,29,4
2020-04-27,Sierra,091,2930,0,0,0,0,0
2020-04-27,Siskiyou,093,43540,5,5,0,5,0
2020-04-27,Solano,095,438530,294,222,0,222,3
2020-04-27,Sonoma,097,501317,268,220,0,220,1
2020-04-27,Stanislaus,099,539301,419,316,4,320,5
2020-04-27,Sutter,101,95872,29,26,0,26,2
2020-04-27,Tehama,103,63373,1,1,0,1,1
2020-04-27,Trinity,105,12862,1,0,0,0,0
2020-04-27,Tulare,107,460477,884,535,5,540,28
2020-04-27,Tuolumne,109,53932,2,3,0,3,0
2020-04-27,Ventura,111,848112,656,513,1,514,17
2020-04-27,Yolo,113,214977,176,160,0,160,9
2020-04-27,Yuba,115,75493,19,15,0,15,1
2020-04-26,Alameda,001,1643700,1745,1449,2,1451,52
2020-04-26,Alpine,003,1148,1,1,0,1,0
2020-04-26,Amador,005,37829,7,8,0,8,0
2020-04-26,Butte,007,227075,27,16,1,17,0
2020-04-26,Calaveras,009,45235,10,13,0,13,0
2020-04-26,Colusa,011,21464,3,3,0,3,0
2020-04-26,Contra Costa,013,1133247,956,830,0,830,25
2020-04-26,Del Norte,015,27424,3,3,0,3,0
2020-04-26,El Dorado,017,186661,56,41,0,41,0
2020-04-26,Fresno,019,978130,859,476,7,483,7
2020-04-26,Glenn,021,27897,5,4,0,4,0
2020-04-26,Humboldt,023,135768,58,53,0,53,0
2020-04-26,Imperial,025,180216,449,272,0,272,6
2020-04-26,Inyo,027,18085,19,20,0,20,1
2020-04-26,Kern,029,883053,1074,831,1,832,4
2020-04-26,Kings,031,150075,181,33,1,34,1
2020-04-26,Lake,033,64148,8,6,0,6,0
2020-04-26,Lassen,035,31185,1,0,2,2,0
2020-04-26,Los Angeles,037,10098052,26183,19570,18,19588,901
2020-04-26,Madera,039,155013,82,39,1,40,2
2020-04-26,Marin,041,260295,233,225,1,226,12
2020-04-26,Mariposa,043,17540,14,0,0,0,0
2020-04-26,Mendocino,045,87422,13,5,0,5,0
2020-04-26,Merced,047,269075,166,104,0,104,3
2020-04-26,Modoc,049,8938,0,0,0,0,0
2020-04-26,Mono,051,14174,31,23,0,23,1
2020-04-26,Monterey,053,433212,245,182,1,183,4
2020-04-26,Napa,055,140530,76,62,0,62,2
2020-04-26,Nevada,057,99092,41,37,1,38,1
2020-04-26,Orange,059,3164182,3304,2124,19,2143,40
2020-04-26,Placer,061,380077,161,141,0,141,8
2020-04-26,Plumas,063,18699,4,4,0,4,0
2020-04-26,Riverside,065,2383286,4514,3301,15,3316,95
2020-04-26,Sacramento,067,1510023,1083,1027,0,1027,41
2020-04-26,San Benito,069,59416,50,45,0,45,2
2020-04-26,San Bernardino,071,2135413,2300,1681,1,1682,82
2020-04-26,San Diego,073,3302833,4066,3045,0,3045,111
2020-04-26,San Francisco,075,870044,1694,1403,0,1403,23
2020-04-26,San Joaquin,077,732212,571,514,3,517,25
2020-04-26,San Luis Obispo,079,281455,243,165,3,168,1
2020-04-26,San Mateo,081,765935,1366,1070,2,1072,46
2020-04-26,Santa Barbara,083,443738,646,464,2,466,7
2020-04-26,Santa Clara,085,1922200,2542,2097,5,2102,102
2020-04-26,Santa Cruz,087,273765,139,116,0,116,2
2020-04-26,Shasta,089,179085,35,29,0,29,4
2020-04-26,Sierra,091,2930,0,0,0,0,0
2020-04-26,Siskiyou,093,43540,5,5,0,5,0
2020-04-26,Solano,095,438530,285,205,0,205,3
2020-04-26,Sonoma,097,501317,257,216,0,216,1
2020-04-26,Stanislaus,099,539301,404,294,4,298,4
2020-04-26,Sutter,101,95872,29,26,0,26,2
2020-04-26,Tehama,103,63373,1,1,0,1,1
2020-04-26,Trinity,105,12862,1,0,0,0,0
2020-04-26,Tulare,107,460477,825,497,5,502,28
2020-04-26,Tuolumne,109,53932,2,3,0,3,0
2020-04-26,Ventura,111,848112,638,509,1,510,17
2020-04-26,Yolo,113,214977,175,158,0,158,8
2020-04-26,Yuba,115,75493,18,15,0,15,1
2020-04-25,Alameda,001,1643700,1720,1396,2,1398,52
2020-04-25,Alpine,003,1148,1,1,0,1,0
2020-04-25,Amador,005,37829,7,8,0,8,0
2020-04-25,Butte,007,227075,26,16,1,17,0
2020-04-25,Calaveras,009,45235,10,12,0,12,0
2020-04-25,Colusa,011,21464,3,3,0,3,0
2020-04-25,Contra Costa,013,1133247,942,821,0,821,24
2020-04-25,Del Norte,015,27424,2,2,0,2,0
2020-04-25,El Dorado,017,186661,55,41,0,41,0
2020-04-25,Fresno,019,978130,828,459,6,465,7
2020-04-25,Glenn,021,27897,5,4,0,4,0
2020-04-25,Humboldt,023,135768,58,53,0,53,0
2020-04-25,Imperial,025,180216,432,232,0,232,6
2020-04-25,Inyo,027,18085,19,20,0,20,1
2020-04-25,Kern,029,883053,1043,802,1,803,4
2020-04-25,Kings,031,150075,169,33,1,34,1
2020-04-25,Lake,033,64148,6,6,0,6,0
2020-04-25,Lassen,035,31185,1,0,2,2,0
2020-04-25,Los Angeles,037,10098052,25549,19144,18,19162,881
2020-04-25,Madera,039,155013,79,39,1,40,2
2020-04-25,Marin,041,260295,233,215,1,216,12
2020-04-25,Mariposa,043,17540,14,0,0,0,0
2020-04-25,Mendocino,045,87422,12,5,0,5,0
2020-04-25,Merced,047,269075,166,103,0,103,3
2020-04-25,Modoc,049,8938,0,0,0,0,0
2020-04-25,Mono,051,14174,31,23,0,23,1
2020-04-25,Monterey,053,433212,243,173,1,174,4
2020-04-25,Napa,055,140530,76,60,0,60,2
2020-04-25,Nevada,057,99092,41,37,1,38,1
2020-04-25,Orange,059,3164182,3195,2047,19,2066,40
2020-04-25,Placer,061,380077,161,137,0,137,8
2020-04-25,Plumas,063,18699,4,4,0,4,0
2020-04-25,Riverside,065,2383286,4424,3037,15,3052,93
2020-04-25,Sacramento,067,1510023,1081,1015,0,1015,41
2020-04-25,San Benito,069,59416,50,45,0,45,2
2020-04-25,San Bernardino,071,2135413,2255,1675,1,1676,82
2020-04-25,San Diego,073,3302833,3966,2945,0,2945,111
2020-04-25,San Francisco,075,870044,1669,1341,0,1341,22
2020-04-25,San Joaquin,077,732212,564,497,3,500,24
2020-04-25,San Luis Obispo,079,281455,242,159,3,162,1
2020-04-25,San Mateo,081,765935,1348,1054,2,1056,46
2020-04-25,Santa Barbara,083,443738,638,457,2,459,7
2020-04-25,Santa Clara,085,1922200,2520,2045,4,2049,99
2020-04-25,Santa Cruz,087,273765,139,112,0,112,2
2020-04-25,Shasta,089,179085,35,29,0,29,4
2020-04-25,Sierra,091,2930,0,0,0,0,0
2020-04-25,Siskiyou,093,43540,5,5,0,5,0
2020-04-25,Solano,095,438530,281,203,0,203,3
2020-04-25,Sonoma,097,501317,253,199,0,199,1
2020-04-25,Stanislaus,099,539301,396,276,4,280,4
2020-04-25,Sutter,101,95872,29,24,0,24,2
2020-04-25,Tehama,103,63373,1,1,0,1,1
2020-04-25,Trinity,105,12862,0,0,0,0,0
2020-04-25,Tulare,107,460477,792,478,5,483,28
2020-04-25,Tuolumne,109,53932,2,2,0,2,0
2020-04-25,Ventura,111,848112,624,494,1,495,16
2020-04-25,Yolo,113,214977,175,157,0,157,8
2020-04-25,Yuba,115,75493,17,15,0,15,1
2020-04-24,Alameda,001,1643700,1689,1385,2,1387,50
2020-04-24,Alpine,003,1148,1,1,0,1,0
2020-04-24,Amador,005,37829,7,8,0,8,0
2020-04-24,Butte,007,227075,25,15,1,16,0
2020-04-24,Calaveras,009,45235,10,12,0,12,0
2020-04-24,Colusa,011,21464,3,3,0,3,0
2020-04-24,Contra Costa,013,1133247,933,806,0,806,23
2020-04-24,Del Norte,015,27424,2,2,0,2,0
2020-04-24,El Dorado,017,186661,54,41,0,41,0
2020-04-24,Fresno,019,978130,805,449,6,455,7
2020-04-24,Glenn,021,27897,5,4,0,4,0
2020-04-24,Humboldt,023,135768,58,53,0,53,0
2020-04-24,Imperial,025,180216,416,232,0,232,6
2020-04-24,Inyo,027,18085,19,20,0,20,0
2020-04-24,Kern,029,883053,1019,770,1,771,4
2020-04-24,Kings,031,150075,140,30,1,31,1
2020-04-24,Lake,033,64148,6,6,0,6,0
2020-04-24,Lassen,035,31185,1,0,2,2,0
2020-04-24,Los Angeles,037,10098052,24617,18553,18,18571,836
2020-04-24,Madera,039,155013,79,39,1,40,2
2020-04-24,Marin,041,260295,233,211,1,212,11
2020-04-24,Mariposa,043,17540,8,0,0,0,0
2020-04-24,Mendocino,045,87422,12,5,0,5,0
2020-04-24,Merced,047,269075,163,102,0,102,3
2020-04-24,Modoc,049,8938,0,0,0,0,0
2020-04-24,Mono,051,14174,30,23,0,23,1
2020-04-24,Monterey,053,433212,236,167,1,168,4
2020-04-24,Napa,055,140530,75,59,0,59,2
2020-04-24,Nevada,057,99092,41,36,1,37,1
2020-04-24,Orange,059,3164182,3088,1945,19,1964,39
2020-04-24,Placer,061,380077,159,137,0,137,8
2020-04-24,Plumas,063,18699,4,4,0,4,0
2020-04-24,Riverside,065,2383286,4343,3044,15,3059,87
2020-04-24,Sacramento,067,1510023,1075,1009,0,1009,41
2020-04-24,San Benito,069,59416,50,45,0,45,2
2020-04-24,San Bernardino,071,2135413,2220,1667,1,1668,80
2020-04-24,San Diego,073,3302833,3855,2828,0,2828,102
2020-04-24,San Francisco,075,870044,1611,1345,0,1345,22
2020-04-24,San Joaquin,077,732212,557,484,3,487,24
2020-04-24,San Luis Obispo,079,281455,239,151,3,154,1
2020-04-24,San Mateo,081,765935,1325,1004,2,1006,43
2020-04-24,Santa Barbara,083,443738,631,450,2,452,6
2020-04-24,Santa Clara,085,1922200,2477,2026,4,2030,98
2020-04-24,Santa Cruz,087,273765,135,111,0,111,2
2020-04-24,Shasta,089,179085,35,28,0,28,4
2020-04-24,Sierra,091,2930,0,0,0,0,0
2020-04-24,Siskiyou,093,43540,5,5,0,5,0
2020-04-24,Solano,095,438530,279,203,0,203,3
2020-04-24,Sonoma,097,501317,249,199,0,199,1
2020-04-24,Stanislaus,099,539301,393,273,4,277,4
2020-04-24,Sutter,101,95872,28,24,0,24,2
2020-04-24,Tehama,103,63373,1,1,0,1,1
2020-04-24,Trinity,105,12862,0,0,0,0,0
2020-04-24,Tulare,107,460477,764,459,5,464,27
2020-04-24,Tuolumne,109,53932,2,2,0,2,0
2020-04-24,Ventura,111,848112,614,489,1,490,16
2020-04-24,Yolo,113,214977,174,155,0,155,8
2020-04-24,Yuba,115,75493,16,15,0,15,1
2020-04-23,Alameda,001,1643700,1651,1336,2,1338,46
2020-04-23,Alpine,003,1148,1,1,0,1,0
2020-04-23,Amador,005,37829,7,8,0,8,0
2020-04-23,Butte,007,227075,25,15,1,16,0
2020-04-23,Calaveras,009,45235,10,12,0,12,0
2020-04-23,Colusa,011,21464,3,3,0,3,0
2020-04-23,Contra Costa,013,1133247,912,786,0,786,23
2020-04-23,Del Norte,015,27424,2,2,0,2,0
2020-04-23,El Dorado,017,186661,53,39,0,39,0
2020-04-23,Fresno,019,978130,767,426,6,432,7
2020-04-23,Glenn,021,27897,5,3,0,3,0
2020-04-23,Humboldt,023,135768,58,53,0,53,0
2020-04-23,Imperial,025,180216,396,181,0,181,4
2020-04-23,Inyo,027,18085,19,19,0,19,0
2020-04-23,Kern,029,883053,971,732,1,733,4
2020-04-23,Kings,031,150075,125,28,1,29,1
2020-04-23,Lake,033,64148,6,6,0,6,0
2020-04-23,Lassen,035,31185,1,0,2,2,0
2020-04-23,Los Angeles,037,10098052,23557,17548,17,17565,784
2020-04-23,Madera,039,155013,77,37,1,38,2
2020-04-23,Marin,041,260295,220,209,1,210,11
2020-04-23,Mariposa,043,17540,7,0,0,0,0
2020-04-23,Mendocino,045,87422,10,5,0,5,0
2020-04-23,Merced,047,269075,159,98,0,98,3
2020-04-23,Modoc,049,8938,0,0,0,0,0
2020-04-23,Mono,051,14174,30,23,0,23,1
2020-04-23,Monterey,053,433212,232,161,1,162,4
2020-04-23,Napa,055,140530,68,59,0,59,2
2020-04-23,Nevada,057,99092,41,36,1,37,1
2020-04-23,Orange,059,3164182,2910,1841,18,1859,37
2020-04-23,Placer,061,380077,156,136,0,136,8
2020-04-23,Plumas,063,18699,4,4,0,4,0
2020-04-23,Riverside,065,2383286,4229,2935,14,2949,78
2020-04-23,Sacramento,067,1510023,1063,978,0,978,41
2020-04-23,San Benito,069,59416,47,43,0,43,2
2020-04-23,San Bernardino,071,2135413,2155,1604,1,1605,79
2020-04-23,San Diego,073,3302833,3694,2645,0,2645,100
2020-04-23,San Francisco,075,870044,1586,1312,0,1312,21
2020-04-23,San Joaquin,077,732212,547,479,3,482,20
2020-04-23,San Luis Obispo,079,281455,235,146,3,149,1
2020-04-23,San Mateo,081,765935,1286,970,2,972,42
2020-04-23,Santa Barbara,083,443738,621,445,2,447,6
2020-04-23,Santa Clara,085,1922200,2442,1996,4,2000,95
2020-04-23,Santa Cruz,087,273765,134,110,0,110,2
2020-04-23,Shasta,089,179085,35,27,0,27,3
2020-04-23,Sierra,091,2930,0,0,0,0,0
2020-04-23,Siskiyou,093,43540,5,5,0,5,0
2020-04-23,Solano,095,438530,265,196,0,196,3
2020-04-23,Sonoma,097,501317,237,187,0,187,1
2020-04-23,Stanislaus,099,539301,389,254,4,258,4
2020-04-23,Sutter,101,95872,28,24,0,24,2
2020-04-23,Tehama,103,63373,1,1,0,1,1
2020-04-23,Trinity,105,12862,0,0,0,0,0
2020-04-23,Tulare,107,460477,735,440,5,445,25
2020-04-23,Tuolumne,109,53932,2,2,0,2,0
2020-04-23,Ventura,111,848112,600,479,1,480,16
2020-04-23,Yolo,113,214977,171,151,0,151,8
2020-04-23,Yuba,115,75493,16,15,0,15,1
2020-04-22,Alameda,001,1643700,1602,1275,2,1277,46
2020-04-22,Alpine,003,1148,1,1,0,1,0
2020-04-22,Amador,005,37829,7,7,0,7,0
2020-04-22,Butte,007,227075,24,15,1,16,0
2020-04-22,Calaveras,009,45235,10,12,0,12,0
2020-04-22,Colusa,011,21464,3,3,0,3,0
2020-04-22,Contra Costa,013,1133247,897,772,0,772,22
2020-04-22,Del Norte,015,27424,2,2,0,2,0
2020-04-22,El Dorado,017,186661,53,39,0,39,0
2020-04-22,Fresno,019,978130,727,388,6,394,7
2020-04-22,Glenn,021,27897,5,3,0,3,0
2020-04-22,Humboldt,023,135768,58,53,0,53,0
2020-04-22,Imperial,025,180216,385,170,0,170,3
2020-04-22,Inyo,027,18085,19,18,0,18,0
2020-04-22,Kern,029,883053,949,713,1,714,4
2020-04-22,Kings,031,150075,104,28,1,29,1
2020-04-22,Lake,033,64148,6,6,0,6,0
2020-04-22,Lassen,035,31185,1,0,2,2,0
2020-04-22,Los Angeles,037,10098052,22531,16400,17,16417,715
2020-04-22,Madera,039,155013,75,37,1,38,2
2020-04-22,Marin,041,260295,218,202,1,203,11
2020-04-22,Mariposa,043,17540,6,0,0,0,0
2020-04-22,Mendocino,045,87422,7,5,0,5,0
2020-04-22,Merced,047,269075,147,92,0,92,3
2020-04-22,Modoc,049,8938,0,0,0,0,0
2020-04-22,Mono,051,14174,29,23,0,23,1
2020-04-22,Monterey,053,433212,225,154,1,155,4
2020-04-22,Napa,055,140530,67,58,0,58,2
2020-04-22,Nevada,057,99092,41,36,1,37,1
2020-04-22,Orange,059,3164182,2816,1785,18,1803,36
2020-04-22,Placer,061,380077,154,133,0,133,8
2020-04-22,Plumas,063,18699,4,4,0,4,0
2020-04-22,Riverside,065,2383286,4125,2822,14,2836,76
2020-04-22,Sacramento,067,1510023,1058,959,0,959,36
2020-04-22,San Benito,069,59416,46,43,0,43,2
2020-04-22,San Bernardino,071,2135413,2092,1564,1,1565,74
2020-04-22,San Diego,073,3302833,3566,2493,0,2493,96
2020-04-22,San Francisco,075,870044,1549,1255,0,1255,21
2020-04-22,San Joaquin,077,732212,536,462,3,465,20
2020-04-22,San Luis Obispo,079,281455,226,142,3,145,1
2020-04-22,San Mateo,081,765935,1263,945,2,947,40
2020-04-22,Santa Barbara,083,443738,613,437,2,439,6
2020-04-22,Santa Clara,085,1922200,2426,1969,4,1973,95
2020-04-22,Santa Cruz,087,273765,130,106,0,106,2
2020-04-22,Shasta,089,179085,34,26,0,26,3
2020-04-22,Sierra,091,2930,0,0,0,0,0
2020-04-22,Siskiyou,093,43540,5,5,0,5,0
2020-04-22,Solano,095,438530,246,195,0,195,3
2020-04-22,Sonoma,097,501317,234,185,0,185,1
2020-04-22,Stanislaus,099,539301,332,247,4,251,4
2020-04-22,Sutter,101,95872,28,22,0,22,2
2020-04-22,Tehama,103,63373,1,1,0,1,1
2020-04-22,Trinity,105,12862,0,0,0,0,0
2020-04-22,Tulare,107,460477,701,425,5,430,23
2020-04-22,Tuolumne,109,53932,2,2,0,2,0
2020-04-22,Ventura,111,848112,590,465,1,466,15
2020-04-22,Yolo,113,214977,171,147,0,147,8
2020-04-22,Yuba,115,75493,16,15,0,15,1
2020-04-21,Alameda,001,1643700,1572,1234,2,1236,46
2020-04-21,Alpine,003,1148,1,1,0,1,0
2020-04-21,Amador,005,37829,7,7,0,7,0
2020-04-21,Butte,007,227075,23,15,1,16,0
2020-04-21,Calaveras,009,45235,9,12,0,12,0
2020-04-21,Colusa,011,21464,3,3,0,3,0
2020-04-21,Contra Costa,013,1133247,883,766,0,766,22
2020-04-21,Del Norte,015,27424,2,2,0,2,0
2020-04-21,El Dorado,017,186661,52,36,0,36,0
2020-04-21,Fresno,019,978130,693,372,6,378,7
2020-04-21,Glenn,021,27897,5,3,0,3,0
2020-04-21,Humboldt,023,135768,57,53,0,53,0
2020-04-21,Imperial,025,180216,365,165,0,165,2
2020-04-21,Inyo,027,18085,19,18,0,18,0
2020-04-21,Kern,029,883053,907,676,1,677,4
2020-04-21,Kings,031,150075,90,28,1,29,1
2020-04-21,Lake,033,64148,6,6,0,6,0
2020-04-21,Lassen,035,31185,1,0,2,2,0
2020-04-21,Los Angeles,037,10098052,21671,15096,17,15113,650
2020-04-21,Madera,039,155013,75,37,1,38,2
2020-04-21,Marin,041,260295,212,202,1,203,10
2020-04-21,Mariposa,043,17540,5,0,0,0,0
2020-04-21,Mendocino,045,87422,7,5,0,5,0
2020-04-21,Merced,047,269075,143,89,0,89,3
2020-04-21,Modoc,049,8938,0,0,0,0,0
2020-04-21,Mono,051,14174,29,23,0,23,1
2020-04-21,Monterey,053,433212,222,151,1,152,4
2020-04-21,Napa,055,140530,66,58,0,58,2
2020-04-21,Nevada,057,99092,41,36,1,37,1
2020-04-21,Orange,059,3164182,2693,1717,17,1734,36
2020-04-21,Placer,061,380077,152,133,0,133,8
2020-04-21,Plumas,063,18699,4,4,0,4,0
2020-04-21,Riverside,065,2383286,3994,2631,14,2645,68
2020-04-21,Sacramento,067,1510023,1048,941,0,941,33
2020-04-21,San Benito,069,59416,45,43,0,43,2
2020-04-21,San Bernardino,071,2135413,2031,1499,1,1500,71
2020-04-21,San Diego,073,3302833,3410,2436,0,2436,87
2020-04-21,San Francisco,075,870044,1519,1232,0,1232,20
2020-04-21,San Joaquin,077,732212,526,447,3,450,20
2020-04-21,San Luis Obispo,079,281455,218,134,3,137,1
2020-04-21,San Mateo,081,765935,1217,933,2,935,34
2020-04-21,Santa Barbara,083,443738,600,414,2,416,5
2020-04-21,Santa Clara,085,1922200,2376,1943,4,1947,91
2020-04-21,Santa Cruz,087,273765,128,104,0,104,2
2020-04-21,Shasta,089,179085,33,26,0,26,3
2020-04-21,Sierra,091,2930,0,0,0,0,0
2020-04-21,Siskiyou,093,43540,5,5,0,5,0
2020-04-21,Solano,095,438530,238,193,0,193,3
2020-04-21,Sonoma,097,501317,224,182,0,182,1
2020-04-21,Stanislaus,099,539301,313,235,4,239,4
2020-04-21,Sutter,101,95872,28,22,0,22,2
2020-04-21,Tehama,103,63373,1,1,0,1,1
2020-04-21,Trinity,105,12862,0,0,0,0,0
2020-04-21,Tulare,107,460477,664,410,5,415,23
2020-04-21,Tuolumne,109,53932,2,2,0,2,0
2020-04-21,Ventura,111,848112,578,455,1,456,14
2020-04-21,Yolo,113,214977,169,143,0,143,8
2020-04-21,Yuba,115,75493,16,15,0,15,1
2020-04-20,Alameda,001,1643700,1539,1181,2,1183,42
2020-04-20,Alpine,003,1148,1,1,0,1,0
2020-04-20,Amador,005,37829,7,7,0,7,0
2020-04-20,Butte,007,227075,23,15,1,16,0
2020-04-20,Calaveras,009,45235,9,12,0,12,0
2020-04-20,Colusa,011,21464,3,3,0,3,0
2020-04-20,Contra Costa,013,1133247,873,753,0,753,22
2020-04-20,Del Norte,015,27424,2,2,0,2,0
2020-04-20,El Dorado,017,186661,52,36,0,36,0
2020-04-20,Fresno,019,978130,675,356,6,362,7
2020-04-20,Glenn,021,27897,4,3,0,3,0
2020-04-20,Humboldt,023,135768,57,53,0,53,0
2020-04-20,Imperial,025,180216,345,149,0,149,2
2020-04-20,Inyo,027,18085,19,17,0,17,0
2020-04-20,Kern,029,883053,875,651,1,652,3
2020-04-20,Kings,031,150075,79,19,1,20,1
2020-04-20,Lake,033,64148,6,6,0,6,0
2020-04-20,Lassen,035,31185,1,0,2,2,0
2020-04-20,Los Angeles,037,10098052,20756,13787,17,13804,608
2020-04-20,Madera,039,155013,74,35,1,36,2
2020-04-20,Marin,041,260295,208,200,1,201,10
2020-04-20,Mariposa,043,17540,5,0,0,0,0
2020-04-20,Mendocino,045,87422,7,5,0,5,0
2020-04-20,Merced,047,269075,136,88,0,88,3
2020-04-20,Modoc,049,8938,0,0,0,0,0
2020-04-20,Mono,051,14174,29,23,0,23,1
2020-04-20,Monterey,053,433212,213,147,1,148,4
2020-04-20,Napa,055,140530,66,55,0,55,2
2020-04-20,Nevada,057,99092,41,34,1,35,1
2020-04-20,Orange,059,3164182,2609,1679,17,1696,33
2020-04-20,Placer,061,380077,151,132,0,132,8
2020-04-20,Plumas,063,18699,4,4,0,4,0
2020-04-20,Riverside,065,2383286,3869,2477,14,2491,61
2020-04-20,Sacramento,067,1510023,1038,924,0,924,32
2020-04-20,San Benito,069,59416,45,43,0,43,2
2020-04-20,San Bernardino,071,2135413,1944,1344,1,1345,63
2020-04-20,San Diego,073,3302833,3268,2327,0,2327,72
2020-04-20,San Francisco,075,870044,1487,1223,0,1223,19
2020-04-20,San Joaquin,077,732212,522,422,3,425,17
2020-04-20,San Luis Obispo,079,281455,204,132,3,135,1
2020-04-20,San Mateo,081,765935,1194,890,2,892,31
2020-04-20,Santa Barbara,083,443738,588,388,2,390,4
2020-04-20,Santa Clara,085,1922200,2346,1920,4,1924,84
2020-04-20,Santa Cruz,087,273765,126,102,0,102,2
2020-04-20,Shasta,089,179085,33,26,0,26,3
2020-04-20,Sierra,091,2930,0,0,0,0,0
2020-04-20,Siskiyou,093,43540,5,5,0,5,0
2020-04-20,Solano,095,438530,235,185,0,185,2
2020-04-20,Sonoma,097,501317,216,178,0,178,1
2020-04-20,Stanislaus,099,539301,299,228,4,232,3
2020-04-20,Sutter,101,95872,27,22,0,22,2
2020-04-20,Tehama,103,63373,1,1,0,1,1
2020-04-20,Trinity,105,12862,0,0,0,0,0
2020-04-20,Tulare,107,460477,654,401,5,406,20
2020-04-20,Tuolumne,109,53932,2,2,0,2,0
2020-04-20,Ventura,111,848112,564,426,1,427,13
2020-04-20,Yolo,113,214977,168,125,0,125,5
2020-04-20,Yuba,115,75493,16,15,0,15,1
2020-04-19,Alameda,001,1643700,1489,1134,2,1136,41
2020-04-19,Alpine,003,1148,1,1,0,1,0
2020-04-19,Amador,005,37829,6,7,0,7,0
2020-04-19,Butte,007,227075,22,15,1,16,0
2020-04-19,Calaveras,009,45235,9,12,0,12,0
2020-04-19,Colusa,011,21464,3,3,0,3,0
2020-04-19,Contra Costa,013,1133247,859,731,0,731,20
2020-04-19,Del Norte,015,27424,2,2,0,2,0
2020-04-19,El Dorado,017,186661,52,36,0,36,0
2020-04-19,Fresno,019,978130,639,326,6,332,7
2020-04-19,Glenn,021,27897,4,3,0,3,0
2020-04-19,Humboldt,023,135768,57,53,0,53,0
2020-04-19,Imperial,025,180216,319,144,0,144,2
2020-04-19,Inyo,027,18085,19,17,0,17,0
2020-04-19,Kern,029,883053,850,629,1,630,3
2020-04-19,Kings,031,150075,69,17,1,18,1
2020-04-19,Lake,033,64148,6,6,0,6,0
2020-04-19,Lassen,035,31185,1,0,2,2,0
2020-04-19,Los Angeles,037,10098052,19761,12299,17,12316,589
2020-04-19,Madera,039,155013,72,34,1,35,2
2020-04-19,Marin,041,260295,207,194,1,195,10
2020-04-19,Mariposa,043,17540,2,0,0,0,0
2020-04-19,Mendocino,045,87422,7,4,0,4,0
2020-04-19,Merced,047,269075,131,85,0,85,3
2020-04-19,Modoc,049,8938,0,0,0,0,0
2020-04-19,Mono,051,14174,29,23,0,23,1
2020-04-19,Monterey,053,433212,204,140,1,141,4
2020-04-19,Napa,055,140530,64,49,0,49,2
2020-04-19,Nevada,057,99092,40,34,1,35,1
2020-04-19,Orange,059,3164182,2512,1591,15,1606,32
2020-04-19,Placer,061,380077,150,131,0,131,8
2020-04-19,Plumas,063,18699,4,4,0,4,0
2020-04-19,Riverside,065,2383286,3726,2316,14,2330,56
2020-04-19,Sacramento,067,1510023,1011,912,0,912,32
2020-04-19,San Benito,069,59416,43,40,0,40,2
2020-04-19,San Bernardino,071,2135413,1881,1262,1,1263,58
2020-04-19,San Diego,073,3302833,3101,2270,0,2270,71
2020-04-19,San Francisco,075,870044,1454,1153,0,1153,19
2020-04-19,San Joaquin,077,732212,504,404,3,407,17
2020-04-19,San Luis Obispo,079,281455,199,132,3,135,1
2020-04-19,San Mateo,081,765935,1158,845,2,847,31
2020-04-19,Santa Barbara,083,443738,576,377,2,379,3
2020-04-19,Santa Clara,085,1922200,2300,1878,4,1882,81
2020-04-19,Santa Cruz,087,273765,123,98,0,98,2
2020-04-19,Shasta,089,179085,31,26,0,26,3
2020-04-19,Sierra,091,2930,0,0,0,0,0
2020-04-19,Siskiyou,093,43540,5,5,0,5,0
2020-04-19,Solano,095,438530,227,174,0,174,2
2020-04-19,Sonoma,097,501317,210,172,0,172,1
2020-04-19,Stanislaus,099,539301,291,221,4,225,3
2020-04-19,Sutter,101,95872,26,21,0,21,2
2020-04-19,Tehama,103,63373,1,1,0,1,1
2020-04-19,Trinity,105,12862,0,0,0,0,0
2020-04-19,Tulare,107,460477,608,391,5,396,17
2020-04-19,Tuolumne,109,53932,2,2,0,2,0
2020-04-19,Ventura,111,848112,556,418,1,419,13
2020-04-19,Yolo,113,214977,168,120,0,120,5
2020-04-19,Yuba,115,75493,16,15,0,15,1
2020-04-18,Alameda,001,1643700,1464,1085,2,1087,40
2020-04-18,Alpine,003,1148,1,1,0,1,0
2020-04-18,Amador,005,37829,6,7,0,7,0
2020-04-18,Butte,007,227075,21,15,1,16,0
2020-04-18,Calaveras,009,45235,9,12,0,12,0
2020-04-18,Colusa,011,21464,3,3,0,3,0
2020-04-18,Contra Costa,013,1133247,847,721,0,721,17
2020-04-18,Del Norte,015,27424,2,2,0,2,0
2020-04-18,El Dorado,017,186661,52,36,0,36,0
2020-04-18,Fresno,019,978130,619,319,6,325,7
2020-04-18,Glenn,021,27897,4,3,0,3,0
2020-04-18,Humboldt,023,135768,57,52,0,52,0
2020-04-18,Imperial,025,180216,310,137,0,137,2
2020-04-18,Inyo,027,18085,19,17,0,17,0
2020-04-18,Kern,029,883053,828,626,1,627,3
2020-04-18,Kings,031,150075,68,17,1,18,1
2020-04-18,Lake,033,64148,6,6,0,6,0
2020-04-18,Lassen,035,31185,1,0,2,2,0
2020-04-18,Los Angeles,037,10098052,19236,11984,16,12000,566
2020-04-18,Madera,039,155013,71,34,1,35,2
2020-04-18,Marin,041,260295,205,193,1,194,10
2020-04-18,Mariposa,043,17540,2,0,0,0,0
2020-04-18,Mendocino,045,87422,7,4,0,4,0
2020-04-18,Merced,047,269075,129,82,0,82,3
2020-04-18,Modoc,049,8938,0,0,0,0,0
2020-04-18,Mono,051,14174,29,22,0,22,1
2020-04-18,Monterey,053,433212,200,135,1,136,3
2020-04-18,Napa,055,140530,64,49,0,49,2
2020-04-18,Nevada,057,99092,39,34,1,35,1
2020-04-18,Orange,059,3164182,2448,1569,14,1583,32
2020-04-18,Placer,061,380077,148,130,0,130,8
2020-04-18,Plumas,063,18699,4,4,0,4,0
2020-04-18,Riverside,065,2383286,3651,2257,14,2271,56
2020-04-18,Sacramento,067,1510023,999,901,0,901,32
2020-04-18,San Benito,069,59416,43,40,0,40,2
2020-04-18,San Bernardino,071,2135413,1836,1255,1,1256,58
2020-04-18,San Diego,073,3302833,2999,2215,0,2215,71
2020-04-18,San Francisco,075,870044,1415,1144,0,1144,19
2020-04-18,San Joaquin,077,732212,495,392,3,395,17
2020-04-18,San Luis Obispo,079,281455,195,129,3,132,1
2020-04-18,San Mateo,081,765935,1136,821,2,823,31
2020-04-18,Santa Barbara,083,443738,570,372,2,374,3
2020-04-18,Santa Clara,085,1922200,2267,1862,4,1866,79
2020-04-18,Santa Cruz,087,273765,121,96,0,96,2
2020-04-18,Shasta,089,179085,31,26,0,26,3
2020-04-18,Sierra,091,2930,0,0,0,0,0
2020-04-18,Siskiyou,093,43540,5,5,0,5,0
2020-04-18,Solano,095,438530,224,175,0,175,2
2020-04-18,Sonoma,097,501317,206,168,0,168,1
2020-04-18,Stanislaus,099,539301,283,216,4,220,3
2020-04-18,Sutter,101,95872,26,21,0,21,2
2020-04-18,Tehama,103,63373,1,1,0,1,1
2020-04-18,Trinity,105,12862,0,0,0,0,0
2020-04-18,Tulare,107,460477,598,385,5,390,17
2020-04-18,Tuolumne,109,53932,2,2,0,2,0
2020-04-18,Ventura,111,848112,548,416,1,417,13
2020-04-18,Yolo,113,214977,166,118,0,118,5
2020-04-18,Yuba,115,75493,16,14,0,14,1
2020-04-17,Alameda,001,1643700,1408,1043,1,1044,40
2020-04-17,Alpine,003,1148,1,1,0,1,0
2020-04-17,Amador,005,37829,6,7,0,7,0
2020-04-17,Butte,007,227075,21,15,1,16,0
2020-04-17,Calaveras,009,45235,9,11,0,11,0
2020-04-17,Colusa,011,21464,3,3,0,3,0
2020-04-17,Contra Costa,013,1133247,836,687,0,687,15
2020-04-17,Del Norte,015,27424,2,2,0,2,0
2020-04-17,El Dorado,017,186661,52,35,0,35,0
2020-04-17,Fresno,019,978130,597,315,6,321,7
2020-04-17,Glenn,021,27897,4,3,0,3,0
2020-04-17,Humboldt,023,135768,56,52,0,52,0
2020-04-17,Imperial,025,180216,301,135,0,135,2
2020-04-17,Inyo,027,18085,19,17,0,17,0
2020-04-17,Kern,029,883053,808,612,1,613,3
2020-04-17,Kings,031,150075,66,15,1,16,1
2020-04-17,Lake,033,64148,6,6,0,6,0
2020-04-17,Lassen,035,31185,1,0,2,2,0
2020-04-17,Los Angeles,037,10098052,18593,11354,16,11370,489
2020-04-17,Madera,039,155013,71,34,1,35,2
2020-04-17,Marin,041,260295,202,189,1,190,10
2020-04-17,Mariposa,043,17540,1,0,0,0,0
2020-04-17,Mendocino,045,87422,7,4,0,4,0
2020-04-17,Merced,047,269075,128,80,0,80,3
2020-04-17,Modoc,049,8938,0,0,0,0,0
2020-04-17,Mono,051,14174,29,22,0,22,1
2020-04-17,Monterey,053,433212,195,119,1,120,3
2020-04-17,Napa,055,140530,62,46,0,46,2
2020-04-17,Nevada,057,99092,38,34,1,35,1
2020-04-17,Orange,059,3164182,2397,1496,14,1510,31
2020-04-17,Placer,061,380077,148,130,0,130,8
2020-04-17,Plumas,063,18699,4,4,0,4,0
2020-04-17,Riverside,065,2383286,3524,2080,14,2094,50
2020-04-17,Sacramento,067,1510023,992,882,0,882,32
2020-04-17,San Benito,069,59416,43,38,0,38,2
2020-04-17,San Bernardino,071,2135413,1797,1229,1,1230,57
2020-04-17,San Diego,073,3302833,2909,2160,0,2160,70
2020-04-17,San Francisco,075,870044,1389,1090,0,1090,19
2020-04-17,San Joaquin,077,732212,484,356,3,359,17
2020-04-17,San Luis Obispo,079,281455,188,116,3,119,1
2020-04-17,San Mateo,081,765935,1120,768,2,770,31
2020-04-17,Santa Barbara,083,443738,565,349,2,351,3
2020-04-17,Santa Clara,085,1922200,2231,1834,4,1838,74
2020-04-17,Santa Cruz,087,273765,120,94,0,94,2
2020-04-17,Shasta,089,179085,31,26,0,26,3
2020-04-17,Sierra,091,2930,0,0,0,0,0
2020-04-17,Siskiyou,093,43540,5,5,0,5,0
2020-04-17,Solano,095,438530,223,173,0,173,2
2020-04-17,Sonoma,097,501317,203,167,0,167,1
2020-04-17,Stanislaus,099,539301,281,201,4,205,3
2020-04-17,Sutter,101,95872,26,20,0,20,2
2020-04-17,Tehama,103,63373,1,1,0,1,1
2020-04-17,Trinity,105,12862,0,0,0,0,0
2020-04-17,Tulare,107,460477,591,370,5,375,17
2020-04-17,Tuolumne,109,53932,2,2,0,2,0
2020-04-17,Ventura,111,848112,543,398,1,399,13
2020-04-17,Yolo,113,214977,165,117,0,117,5
2020-04-17,Yuba,115,75493,16,14,0,14,1
2020-04-16,Alameda,001,1643700,1373,981,1,982,39
2020-04-16,Alpine,003,1148,1,1,0,1,0
2020-04-16,Amador,005,37829,6,7,0,7,0
2020-04-16,Butte,007,227075,20,15,1,16,0
2020-04-16,Calaveras,009,45235,9,10,0,10,0
2020-04-16,Colusa,011,21464,3,3,0,3,0
2020-04-16,Contra Costa,013,1133247,822,675,0,675,14
2020-04-16,Del Norte,015,27424,2,2,0,2,0
2020-04-16,El Dorado,017,186661,51,34,0,34,0
2020-04-16,Fresno,019,978130,567,289,6,295,7
2020-04-16,Glenn,021,27897,4,3,0,3,0
2020-04-16,Humboldt,023,135768,56,47,0,47,0
2020-04-16,Imperial,025,180216,287,132,0,132,2
2020-04-16,Inyo,027,18085,17,17,0,17,0
2020-04-16,Kern,029,883053,781,587,1,588,3
2020-04-16,Kings,031,150075,62,12,1,13,1
2020-04-16,Lake,033,64148,6,6,0,6,0
2020-04-16,Lassen,035,31185,1,0,2,2,0
2020-04-16,Los Angeles,037,10098052,17709,10786,16,10802,447
2020-04-16,Madera,039,155013,69,34,1,35,2
2020-04-16,Marin,041,260295,198,170,1,171,10
2020-04-16,Mariposa,043,17540,1,1,0,1,0
2020-04-16,Mendocino,045,87422,7,4,0,4,0
2020-04-16,Merced,047,269075,122,76,0,76,3
2020-04-16,Modoc,049,8938,0,0,0,0,0
2020-04-16,Mono,051,14174,29,22,0,22,1
2020-04-16,Monterey,053,433212,192,116,1,117,3
2020-04-16,Napa,055,140530,59,44,0,44,2
2020-04-16,Nevada,057,99092,38,34,1,35,1
2020-04-16,Orange,059,3164182,2332,1439,13,1452,28
2020-04-16,Placer,061,380077,146,129,0,129,7
2020-04-16,Plumas,063,18699,4,4,0,4,0
2020-04-16,Riverside,065,2383286,3404,1913,14,1927,45
2020-04-16,Sacramento,067,1510023,984,865,0,865,32
2020-04-16,San Benito,069,59416,43,36,0,36,2
2020-04-16,San Bernardino,071,2135413,1714,1143,0,1143,54
2020-04-16,San Diego,073,3302833,2801,2089,0,2089,63
2020-04-16,San Francisco,075,870044,1345,1039,0,1039,16
2020-04-16,San Joaquin,077,732212,469,345,3,348,17
2020-04-16,San Luis Obispo,079,281455,184,113,3,116,1
2020-04-16,San Mateo,081,765935,1091,745,2,747,29
2020-04-16,Santa Barbara,083,443738,552,331,2,333,3
2020-04-16,Santa Clara,085,1922200,2194,1789,4,1793,70
2020-04-16,Santa Cruz,087,273765,118,90,0,90,2
2020-04-16,Shasta,089,179085,31,25,0,25,3
2020-04-16,Sierra,091,2930,0,0,0,0,0
2020-04-16,Siskiyou,093,43540,5,5,0,5,0
2020-04-16,Solano,095,438530,220,162,0,162,2
2020-04-16,Sonoma,097,501317,198,145,0,145,1
2020-04-16,Stanislaus,099,539301,278,185,4,189,3
2020-04-16,Sutter,101,95872,25,21,0,21,2
2020-04-16,Tehama,103,63373,1,1,0,1,1
2020-04-16,Trinity,105,12862,0,0,0,0,0
2020-04-16,Tulare,107,460477,574,305,5,310,16
2020-04-16,Tuolumne,109,53932,2,1,0,1,0
2020-04-16,Ventura,111,848112,531,384,1,385,13
2020-04-16,Yolo,113,214977,163,98,0,98,4
2020-04-16,Yuba,115,75493,15,14,0,14,1
2020-04-15,Alameda,001,1643700,1323,915,1,916,38
2020-04-15,Alpine,003,1148,1,1,0,1,0
2020-04-15,Amador,005,37829,6,7,0,7,0
2020-04-15,Butte,007,227075,20,14,1,15,0
2020-04-15,Calaveras,009,45235,8,9,0,9,0
2020-04-15,Colusa,011,21464,3,3,0,3,0
2020-04-15,Contra Costa,013,1133247,800,645,0,645,14
2020-04-15,Del Norte,015,27424,2,2,0,2,0
2020-04-15,El Dorado,017,186661,49,33,0,33,0
2020-04-15,Fresno,019,978130,542,264,6,270,7
2020-04-15,Glenn,021,27897,4,3,0,3,0
2020-04-15,Humboldt,023,135768,56,47,0,47,0
2020-04-15,Imperial,025,180216,260,115,0,115,2
2020-04-15,Inyo,027,18085,17,12,0,12,0
2020-04-15,Kern,029,883053,759,500,1,501,3
2020-04-15,Kings,031,150075,58,12,1,13,1
2020-04-15,Lake,033,64148,6,4,0,4,0
2020-04-15,Lassen,035,31185,1,0,2,2,0
2020-04-15,Los Angeles,037,10098052,16889,10416,15,10431,394
2020-04-15,Madera,039,155013,69,30,1,31,2
2020-04-15,Marin,041,260295,195,162,1,163,10
2020-04-15,Mariposa,043,17540,0,0,0,0,0
2020-04-15,Mendocino,045,87422,6,4,0,4,0
2020-04-15,Merced,047,269075,120,74,0,74,3
2020-04-15,Modoc,049,8938,0,0,0,0,0
2020-04-15,Mono,051,14174,29,22,0,22,1
2020-04-15,Monterey,053,433212,184,106,1,107,3
2020-04-15,Napa,055,140530,56,34,0,34,2
2020-04-15,Nevada,057,99092,37,34,1,35,1
2020-04-15,Orange,059,3164182,2229,1377,13,1390,24
2020-04-15,Placer,061,380077,145,123,0,123,6
2020-04-15,Plumas,063,18699,4,4,0,4,0
2020-04-15,Riverside,065,2383286,3209,1723,14,1737,42
2020-04-15,Sacramento,067,1510023,975,839,0,839,32
2020-04-15,San Benito,069,59416,43,34,0,34,2
2020-04-15,San Bernardino,071,2135413,1644,1063,0,1063,45
2020-04-15,San Diego,073,3302833,2713,2014,0,2014,60
2020-04-15,San Francisco,075,870044,1309,1006,0,1006,16
2020-04-15,San Joaquin,077,732212,461,329,3,332,17
2020-04-15,San Luis Obispo,079,281455,176,112,3,115,1
2020-04-15,San Mateo,081,765935,1042,707,2,709,28
2020-04-15,Santa Barbara,083,443738,531,317,2,319,2
2020-04-15,Santa Clara,085,1922200,2155,1692,4,1696,69
2020-04-15,Santa Cruz,087,273765,114,92,0,92,2
2020-04-15,Shasta,089,179085,31,25,0,25,3
2020-04-15,Sierra,091,2930,0,0,0,0,0
2020-04-15,Siskiyou,093,43540,5,5,0,5,0
2020-04-15,Solano,095,438530,215,153,0,153,2
2020-04-15,Sonoma,097,501317,196,140,0,140,1
2020-04-15,Stanislaus,099,539301,271,174,4,178,3
2020-04-15,Sutter,101,95872,25,19,0,19,2
2020-04-15,Tehama,103,63373,1,1,0,1,1
2020-04-15,Trinity,105,12862,0,0,0,0,0
2020-04-15,Tulare,107,460477,556,289,5,294,14
2020-04-15,Tuolumne,109,53932,2,1,0,1,0
2020-04-15,Ventura,111,848112,516,365,1,366,13
2020-04-15,Yolo,113,214977,159,93,0,93,3
2020-04-15,Yuba,115,75493,15,15,0,15,1
2020-04-14,Alameda,001,1643700,1278,843,1,844,30
2020-04-14,Alpine,003,1148,1,1,0,1,0
2020-04-14,Amador,005,37829,6,6,0,6,0
2020-04-14,Butte,007,227075,20,13,1,14,0
2020-04-14,Calaveras,009,45235,8,5,0,5,0
2020-04-14,Colusa,011,21464,3,3,0,3,0
2020-04-14,Contra Costa,013,1133247,788,617,0,617,12
2020-04-14,Del Norte,015,27424,2,2,0,2,0
2020-04-14,El Dorado,017,186661,49,30,0,30,0
2020-04-14,Fresno,019,978130,519,244,6,250,6
2020-04-14,Glenn,021,27897,4,3,0,3,0
2020-04-14,Humboldt,023,135768,56,44,0,44,0
2020-04-14,Imperial,025,180216,240,86,0,86,2
2020-04-14,Inyo,027,18085,17,12,0,12,0
2020-04-14,Kern,029,883053,736,453,1,454,3
2020-04-14,Kings,031,150075,57,12,1,13,1
2020-04-14,Lake,033,64148,6,3,0,3,0
2020-04-14,Lassen,035,31185,1,0,2,2,0
2020-04-14,Los Angeles,037,10098052,15995,9948,14,9962,357
2020-04-14,Madera,039,155013,68,29,1,30,2
2020-04-14,Marin,041,260295,191,147,1,148,9
2020-04-14,Mariposa,043,17540,0,0,0,0,0
2020-04-14,Mendocino,045,87422,6,4,0,4,0
2020-04-14,Merced,047,269075,113,61,0,61,3
2020-04-14,Modoc,049,8938,0,0,0,0,0
2020-04-14,Mono,051,14174,29,22,0,22,1
2020-04-14,Monterey,053,433212,179,98,1,99,3
2020-04-14,Napa,055,140530,56,33,0,33,2
2020-04-14,Nevada,057,99092,37,34,1,35,1
2020-04-14,Orange,059,3164182,2127,1362,13,1375,24
2020-04-14,Placer,061,380077,144,117,0,117,5
2020-04-14,Plumas,063,18699,4,3,0,3,0
2020-04-14,Riverside,065,2383286,3074,1467,14,1481,40
2020-04-14,Sacramento,067,1510023,966,737,0,737,29
2020-04-14,San Benito,069,59416,40,34,0,34,2
2020-04-14,San Bernardino,071,2135413,1589,933,0,933,37
2020-04-14,San Diego,073,3302833,2618,1932,0,1932,53
2020-04-14,San Francisco,075,870044,1255,968,0,968,14
2020-04-14,San Joaquin,077,732212,451,280,3,283,17
2020-04-14,San Luis Obispo,079,281455,173,109,3,112,1
2020-04-14,San Mateo,081,765935,1008,681,2,683,28
2020-04-14,Santa Barbara,083,443738,506,292,2,294,2
2020-04-14,Santa Clara,085,1922200,2122,1561,4,1565,63
2020-04-14,Santa Cruz,087,273765,106,84,0,84,2
2020-04-14,Shasta,089,179085,31,24,0,24,3
2020-04-14,Sierra,091,2930,0,0,0,0,0
2020-04-14,Siskiyou,093,43540,5,5,0,5,0
2020-04-14,Solano,095,438530,212,140,0,140,2
2020-04-14,Sonoma,097,501317,192,133,0,133,1
2020-04-14,Stanislaus,099,539301,258,136,4,140,3
2020-04-14,Sutter,101,95872,24,19,0,19,2
2020-04-14,Tehama,103,63373,1,1,0,1,1
2020-04-14,Trinity,105,12862,0,0,0,0,0
2020-04-14,Tulare,107,460477,532,228,5,233,12
2020-04-14,Tuolumne,109,53932,2,0,0,0,0
2020-04-14,Ventura,111,848112,503,328,1,329,11
2020-04-14,Yolo,113,214977,155,81,0,81,3
2020-04-14,Yuba,115,75493,14,14,0,14,1
2020-04-13,Alameda,001,1643700,1239,821,1,822,23
2020-04-13,Alpine,003,1148,1,1,0,1,0
2020-04-13,Amador,005,37829,6,6,0,6,0
2020-04-13,Butte,007,227075,20,13,1,14,0
2020-04-13,Calaveras,009,45235,7,5,0,5,0
2020-04-13,Colusa,011,21464,3,3,0,3,0
2020-04-13,Contra Costa,013,1133247,772,569,0,569,12
2020-04-13,Del Norte,015,27424,2,2,0,2,0
2020-04-13,El Dorado,017,186661,47,29,0,29,0
2020-04-13,Fresno,019,978130,497,205,5,210,4
2020-04-13,Glenn,021,27897,4,3,0,3,0
2020-04-13,Humboldt,023,135768,56,44,0,44,0
2020-04-13,Imperial,025,180216,222,82,0,82,2
2020-04-13,Inyo,027,18085,17,12,0,12,0
2020-04-13,Kern,029,883053,711,346,1,347,3
2020-04-13,Kings,031,150075,53,9,1,10,0
2020-04-13,Lake,033,64148,6,3,0,3,0
2020-04-13,Lassen,035,31185,1,0,2,2,0
2020-04-13,Los Angeles,037,10098052,15281,9367,14,9381,317
2020-04-13,Madera,039,155013,66,29,1,30,2
2020-04-13,Marin,041,260295,187,144,1,145,6
2020-04-13,Mariposa,043,17540,0,0,0,0,0
2020-04-13,Mendocino,045,87422,6,4,0,4,0
2020-04-13,Merced,047,269075,112,60,0,60,3
2020-04-13,Modoc,049,8938,0,0,0,0,0
2020-04-13,Mono,051,14174,29,21,0,21,1
2020-04-13,Monterey,053,433212,172,86,1,87,3
2020-04-13,Napa,055,140530,55,30,0,30,2
2020-04-13,Nevada,057,99092,37,24,1,25,1
2020-04-13,Orange,059,3164182,2054,1313,13,1326,21
2020-04-13,Placer,061,380077,143,116,0,116,5
2020-04-13,Plumas,063,18699,4,3,0,3,0
2020-04-13,Riverside,065,2383286,2933,1460,13,1473,35
2020-04-13,Sacramento,067,1510023,954,723,0,723,25
2020-04-13,San Benito,069,59416,39,33,0,33,2
2020-04-13,San Bernardino,071,2135413,1514,920,0,920,30
2020-04-13,San Diego,073,3302833,2535,1849,0,1849,47
2020-04-13,San Francisco,075,870044,1217,948,0,948,12
2020-04-13,San Joaquin,077,732212,436,255,3,258,16
2020-04-13,San Luis Obispo,079,281455,168,106,3,109,1
2020-04-13,San Mateo,081,765935,968,679,2,681,25
2020-04-13,Santa Barbara,083,443738,485,271,1,272,2
2020-04-13,Santa Clara,085,1922200,2076,1540,4,1544,58
2020-04-13,Santa Cruz,087,273765,100,82,0,82,1
2020-04-13,Shasta,089,179085,30,24,0,24,3
2020-04-13,Sierra,091,2930,0,0,0,0,0
2020-04-13,Siskiyou,093,43540,5,5,0,5,0
2020-04-13,Solano,095,438530,209,136,0,136,2
2020-04-13,Sonoma,097,501317,185,133,0,133,1
2020-04-13,Stanislaus,099,539301,252,130,4,134,1
2020-04-13,Sutter,101,95872,24,18,0,18,2
2020-04-13,Tehama,103,63373,1,1,0,1,0
2020-04-13,Trinity,105,12862,0,0,0,0,0
2020-04-13,Tulare,107,460477,496,185,5,190,11
2020-04-13,Tuolumne,109,53932,2,0,0,0,0
2020-04-13,Ventura,111,848112,482,309,0,309,9
2020-04-13,Yolo,113,214977,149,81,0,81,3
2020-04-13,Yuba,115,75493,14,13,0,13,1
2020-04-12,Alameda,001,1643700,1196,774,1,775,23
2020-04-12,Alpine,003,1148,1,1,0,1,0
2020-04-12,Amador,005,37829,6,6,0,6,0
2020-04-12,Butte,007,227075,20,13,1,14,0
2020-04-12,Calaveras,009,45235,7,5,0,5,0
2020-04-12,Colusa,011,21464,3,3,0,3,0
2020-04-12,Contra Costa,013,1133247,760,553,0,553,12
2020-04-12,Del Norte,015,27424,2,2,0,2,0
2020-04-12,El Dorado,017,186661,47,28,0,28,0
2020-04-12,Fresno,019,978130,468,205,5,210,4
2020-04-12,Glenn,021,27897,4,3,0,3,0
2020-04-12,Humboldt,023,135768,56,43,0,43,0
2020-04-12,Imperial,025,180216,199,78,0,78,2
2020-04-12,Inyo,027,18085,15,12,0,12,0
2020-04-12,Kern,029,883053,679,319,0,319,3
2020-04-12,Kings,031,150075,51,9,1,10,0
2020-04-12,Lake,033,64148,6,3,0,3,0
2020-04-12,Lassen,035,31185,1,0,2,2,0
2020-04-12,Los Angeles,037,10098052,14568,9133,14,9147,294
2020-04-12,Madera,039,155013,65,29,1,30,2
2020-04-12,Marin,041,260295,176,138,1,139,6
2020-04-12,Mariposa,043,17540,0,0,0,0,0
2020-04-12,Mendocino,045,87422,6,4,0,4,0
2020-04-12,Merced,047,269075,106,58,0,58,3
2020-04-12,Modoc,049,8938,0,0,0,0,0
2020-04-12,Mono,051,14174,29,20,0,20,1
2020-04-12,Monterey,053,433212,158,85,1,86,3
2020-04-12,Napa,055,140530,53,29,0,29,2
2020-04-12,Nevada,057,99092,37,24,1,25,1
2020-04-12,Orange,059,3164182,1994,1283,12,1295,21
2020-04-12,Placer,061,380077,142,114,0,114,4
2020-04-12,Plumas,063,18699,4,3,0,3,0
2020-04-12,Riverside,065,2383286,2751,1330,13,1343,34
2020-04-12,Sacramento,067,1510023,917,689,0,689,25
2020-04-12,San Benito,069,59416,37,33,0,33,2
2020-04-12,San Bernardino,071,2135413,1438,827,0,827,30
2020-04-12,San Diego,073,3302833,2445,1806,0,1806,45
2020-04-12,San Francisco,075,870044,1190,886,0,886,11
2020-04-12,San Joaquin,077,732212,418,246,3,249,15
2020-04-12,San Luis Obispo,079,281455,165,102,2,104,1
2020-04-12,San Mateo,081,765935,942,664,2,666,25
2020-04-12,Santa Barbara,083,443738,458,261,1,262,2
2020-04-12,Santa Clara,085,1922200,2048,1461,4,1465,53
2020-04-12,Santa Cruz,087,273765,98,80,0,80,1
2020-04-12,Shasta,089,179085,30,24,0,24,3
2020-04-12,Sierra,091,2930,0,0,0,0,0
2020-04-12,Siskiyou,093,43540,5,5,0,5,0
2020-04-12,Solano,095,438530,203,136,0,136,2
2020-04-12,Sonoma,097,501317,182,131,0,131,1
2020-04-12,Stanislaus,099,539301,244,117,4,121,1
2020-04-12,Sutter,101,95872,23,18,0,18,2
2020-04-12,Tehama,103,63373,1,1,0,1,0
2020-04-12,Trinity,105,12862,0,0,0,0,0
2020-04-12,Tulare,107,460477,484,166,5,171,11
2020-04-12,Tuolumne,109,53932,2,0,0,0,0
2020-04-12,Ventura,111,848112,473,306,0,306,9
2020-04-12,Yolo,113,214977,136,67,0,67,3
2020-04-12,Yuba,115,75493,14,13,0,13,1
2020-04-11,Alameda,001,1643700,1155,751,1,752,23
2020-04-11,Alpine,003,1148,1,1,0,1,0
2020-04-11,Amador,005,37829,6,6,0,6,0
2020-04-11,Butte,007,227075,20,13,1,14,0
2020-04-11,Calaveras,009,45235,7,5,0,5,0
2020-04-11,Colusa,011,21464,3,3,0,3,0
2020-04-11,Contra Costa,013,1133247,751,550,0,550,12
2020-04-11,Del Norte,015,27424,2,2,0,2,0
2020-04-11,El Dorado,017,186661,46,29,0,29,0
2020-04-11,Fresno,019,978130,458,201,5,206,4
2020-04-11,Glenn,021,27897,4,3,0,3,0
2020-04-11,Humboldt,023,135768,56,38,0,38,0
2020-04-11,Imperial,025,180216,189,78,0,78,2
2020-04-11,Inyo,027,18085,15,12,0,12,0
2020-04-11,Kern,029,883053,651,304,0,304,3
2020-04-11,Kings,031,150075,48,9,1,10,0
2020-04-11,Lake,033,64148,6,3,0,3,0
2020-04-11,Lassen,035,31185,1,0,2,2,0
2020-04-11,Los Angeles,037,10098052,14098,8823,14,8837,262
2020-04-11,Madera,039,155013,64,29,1,30,2
2020-04-11,Marin,041,260295,173,136,1,137,6
2020-04-11,Mariposa,043,17540,0,0,0,0,0
2020-04-11,Mendocino,045,87422,6,4,0,4,0
2020-04-11,Merced,047,269075,103,59,0,59,3
2020-04-11,Modoc,049,8938,0,0,0,0,0
2020-04-11,Mono,051,14174,29,20,0,20,1
2020-04-11,Monterey,053,433212,152,78,1,79,3
2020-04-11,Napa,055,140530,53,29,0,29,2
2020-04-11,Nevada,057,99092,37,24,1,25,1
2020-04-11,Orange,059,3164182,1932,1267,12,1279,21
2020-04-11,Placer,061,380077,142,113,0,113,4
2020-04-11,Plumas,063,18699,4,3,0,3,0
2020-04-11,Riverside,065,2383286,2672,1260,13,1273,33
2020-04-11,Sacramento,067,1510023,906,685,0,685,25
2020-04-11,San Benito,069,59416,37,33,0,33,2
2020-04-11,San Bernardino,071,2135413,1402,826,0,826,28
2020-04-11,San Diego,073,3302833,2379,1763,0,1763,45
2020-04-11,San Francisco,075,870044,1168,860,0,860,11
2020-04-11,San Joaquin,077,732212,413,244,3,247,15
2020-04-11,San Luis Obispo,079,281455,165,100,1,101,1
2020-04-11,San Mateo,081,765935,930,662,2,664,25
2020-04-11,Santa Barbara,083,443738,450,258,1,259,2
2020-04-11,Santa Clara,085,1922200,1989,1441,4,1445,51
2020-04-11,Santa Cruz,087,273765,98,79,0,79,1
2020-04-11,Shasta,089,179085,30,24,0,24,3
2020-04-11,Sierra,091,2930,0,0,0,0,0
2020-04-11,Siskiyou,093,43540,5,5,0,5,0
2020-04-11,Solano,095,438530,199,138,0,138,2
2020-04-11,Sonoma,097,501317,180,131,0,131,1
2020-04-11,Stanislaus,099,539301,236,119,3,122,1
2020-04-11,Sutter,101,95872,23,18,0,18,2
2020-04-11,Tehama,103,63373,1,1,0,1,0
2020-04-11,Trinity,105,12862,0,0,0,0,0
2020-04-11,Tulare,107,460477,462,168,5,173,10
2020-04-11,Tuolumne,109,53932,2,0,0,0,0
2020-04-11,Ventura,111,848112,463,304,0,304,9
2020-04-11,Yolo,113,214977,133,67,0,67,3
2020-04-11,Yuba,115,75493,14,13,0,13,1
2020-04-10,Alameda,001,1643700,1114,706,1,707,21
2020-04-10,Alpine,003,1148,1,1,0,1,0
2020-04-10,Amador,005,37829,6,5,0,5,0
2020-04-10,Butte,007,227075,20,13,1,14,0
2020-04-10,Calaveras,009,45235,7,5,0,5,0
2020-04-10,Colusa,011,21464,3,3,0,3,0
2020-04-10,Contra Costa,013,1133247,738,537,0,537,10
2020-04-10,Del Norte,015,27424,2,2,0,2,0
2020-04-10,El Dorado,017,186661,46,26,0,26,0
2020-04-10,Fresno,019,978130,451,186,4,190,3
2020-04-10,Glenn,021,27897,4,3,0,3,0
2020-04-10,Humboldt,023,135768,56,36,0,36,0
2020-04-10,Imperial,025,180216,182,70,0,70,2
2020-04-10,Inyo,027,18085,13,11,0,11,0
2020-04-10,Kern,029,883053,627,272,0,272,3
2020-04-10,Kings,031,150075,45,7,1,8,0
2020-04-10,Lake,033,64148,6,3,0,3,0
2020-04-10,Lassen,035,31185,1,0,2,2,0
2020-04-10,Los Angeles,037,10098052,13585,8384,13,8397,239
2020-04-10,Madera,039,155013,63,29,1,30,2
2020-04-10,Marin,041,260295,168,128,1,129,6
2020-04-10,Mariposa,043,17540,0,0,0,0,0
2020-04-10,Mendocino,045,87422,6,4,0,4,0
2020-04-10,Merced,047,269075,100,56,0,56,3
2020-04-10,Modoc,049,8938,0,0,0,0,0
2020-04-10,Mono,051,14174,29,20,0,20,1
2020-04-10,Monterey,053,433212,141,78,1,79,3
2020-04-10,Napa,055,140530,50,28,0,28,2
2020-04-10,Nevada,057,99092,37,23,1,24,1
2020-04-10,Orange,059,3164182,1885,1167,12,1179,21
2020-04-10,Placer,061,380077,141,112,0,112,4
2020-04-10,Plumas,063,18699,4,3,0,3,0
2020-04-10,Riverside,065,2383286,2606,1162,13,1175,30
2020-04-10,Sacramento,067,1510023,897,642,0,642,24
2020-04-10,San Benito,069,59416,37,32,0,32,2
2020-04-10,San Bernardino,071,2135413,1354,779,0,779,27
2020-04-10,San Diego,073,3302833,2319,1695,0,1695,44
2020-04-10,San Francisco,075,870044,1137,797,0,797,10
2020-04-10,San Joaquin,077,732212,401,234,3,237,14
2020-04-10,San Luis Obispo,079,281455,165,97,1,98,1
2020-04-10,San Mateo,081,765935,914,642,2,644,24
2020-04-10,Santa Barbara,083,443738,438,254,1,255,2
2020-04-10,Santa Clara,085,1922200,1937,1351,4,1355,50
2020-04-10,Santa Cruz,087,273765,97,75,0,75,1
2020-04-10,Shasta,089,179085,30,24,0,24,3
2020-04-10,Sierra,091,2930,0,0,0,0,0
2020-04-10,Siskiyou,093,43540,5,5,0,5,0
2020-04-10,Solano,095,438530,196,129,0,129,2
2020-04-10,Sonoma,097,501317,179,129,0,129,1
2020-04-10,Stanislaus,099,539301,229,101,3,104,0
2020-04-10,Sutter,101,95872,23,18,0,18,2
2020-04-10,Tehama,103,63373,1,1,0,1,0
2020-04-10,Trinity,105,12862,0,0,0,0,0
2020-04-10,Tulare,107,460477,420,163,5,168,10
2020-04-10,Tuolumne,109,53932,2,0,0,0,0
2020-04-10,Ventura,111,848112,454,290,0,290,9
2020-04-10,Yolo,113,214977,131,62,0,62,3
2020-04-10,Yuba,115,75493,14,13,0,13,1
2020-04-09,Alameda,001,1643700,1064,641,1,642,17
2020-04-09,Alpine,003,1148,1,1,0,1,0
2020-04-09,Amador,005,37829,6,2,0,2,0
2020-04-09,Butte,007,227075,19,12,1,13,0
2020-04-09,Calaveras,009,45235,7,5,0,5,0
2020-04-09,Colusa,011,21464,3,3,0,3,0
2020-04-09,Contra Costa,013,1133247,695,505,0,505,7
2020-04-09,Del Norte,015,27424,2,2,0,2,0
2020-04-09,El Dorado,017,186661,45,25,0,25,0
2020-04-09,Fresno,019,978130,426,165,4,169,3
2020-04-09,Glenn,021,27897,4,2,0,2,0
2020-04-09,Humboldt,023,135768,56,36,0,36,0
2020-04-09,Imperial,025,180216,161,67,0,67,2
2020-04-09,Inyo,027,18085,12,11,0,11,0
2020-04-09,Kern,029,883053,591,241,0,241,2
2020-04-09,Kings,031,150075,42,5,1,6,0
2020-04-09,Lake,033,64148,5,1,0,1,0
2020-04-09,Lassen,035,31185,1,0,2,2,0
2020-04-09,Los Angeles,037,10098052,12958,7919,13,7932,220
2020-04-09,Madera,039,155013,63,28,1,29,2
2020-04-09,Marin,041,260295,166,126,1,127,7
2020-04-09,Mariposa,043,17540,0,0,0,0,0
2020-04-09,Mendocino,045,87422,6,4,0,4,0
2020-04-09,Merced,047,269075,97,41,0,41,3
2020-04-09,Modoc,049,8938,0,0,0,0,0
2020-04-09,Mono,051,14174,29,19,0,19,1
2020-04-09,Monterey,053,433212,123,70,1,71,3
2020-04-09,Napa,055,140530,46,27,0,27,2
2020-04-09,Nevada,057,99092,36,23,1,24,1
2020-04-09,Orange,059,3164182,1811,1105,12,1117,19
2020-04-09,Placer,061,380077,140,107,0,107,4
2020-04-09,Plumas,063,18699,4,3,0,3,0
2020-04-09,Riverside,065,2383286,2463,1083,13,1096,29
2020-04-09,Sacramento,067,1510023,874,601,0,601,21
2020-04-09,San Benito,069,59416,37,32,0,32,2
2020-04-09,San Bernardino,071,2135413,1285,717,0,717,27
2020-04-09,San Diego,073,3302833,2223,1630,0,1630,40
2020-04-09,San Francisco,075,870044,1117,748,0,748,8
2020-04-09,San Joaquin,077,732212,380,223,3,226,14
2020-04-09,San Luis Obispo,079,281455,157,93,1,94,1
2020-04-09,San Mateo,081,765935,898,630,2,632,23
2020-04-09,Santa Barbara,083,443738,427,232,1,233,2
2020-04-09,Santa Clara,085,1922200,1867,1301,4,1305,49
2020-04-09,Santa Cruz,087,273765,97,73,0,73,1
2020-04-09,Shasta,089,179085,30,22,0,22,3
2020-04-09,Sierra,091,2930,0,0,0,0,0
2020-04-09,Siskiyou,093,43540,5,4,0,4,0
2020-04-09,Solano,095,438530,187,118,0,118,2
2020-04-09,Sonoma,097,501317,175,113,0,113,1
2020-04-09,Stanislaus,099,539301,217,93,3,96,0
2020-04-09,Sutter,101,95872,23,17,0,17,2
2020-04-09,Tehama,103,63373,1,1,0,1,0
2020-04-09,Trinity,105,12862,0,0,0,0,0
2020-04-09,Tulare,107,460477,392,147,5,152,9
2020-04-09,Tuolumne,109,53932,2,0,0,0,0
2020-04-09,Ventura,111,848112,435,273,0,273,9
2020-04-09,Yolo,113,214977,122,59,0,59,3
2020-04-09,Yuba,115,75493,14,13,0,13,0
2020-04-08,Alameda,001,1643700,1023,594,1,595,15
2020-04-08,Alpine,003,1148,1,1,0,1,0
2020-04-08,Amador,005,37829,6,2,0,2,0
2020-04-08,Butte,007,227075,18,11,1,12,0
2020-04-08,Calaveras,009,45235,7,5,0,5,0
2020-04-08,Colusa,011,21464,3,3,0,3,0
2020-04-08,Contra Costa,013,1133247,682,481,0,481,7
2020-04-08,Del Norte,015,27424,2,2,0,2,0
2020-04-08,El Dorado,017,186661,45,25,0,25,0
2020-04-08,Fresno,019,978130,406,151,4,155,3
2020-04-08,Glenn,021,27897,4,2,0,2,0
2020-04-08,Humboldt,023,135768,56,40,0,40,0
2020-04-08,Imperial,025,180216,150,59,0,59,2
2020-04-08,Inyo,027,18085,12,11,0,11,0
2020-04-08,Kern,029,883053,550,198,0,198,2
2020-04-08,Kings,031,150075,42,5,1,6,0
2020-04-08,Lake,033,64148,5,1,0,1,0
2020-04-08,Lassen,035,31185,1,0,2,2,0
2020-04-08,Los Angeles,037,10098052,12357,7505,13,7518,196
2020-04-08,Madera,039,155013,62,28,1,29,2
2020-04-08,Marin,041,260295,160,125,1,126,7
2020-04-08,Mariposa,043,17540,0,0,0,0,0
2020-04-08,Mendocino,045,87422,6,4,0,4,0
2020-04-08,Merced,047,269075,82,35,0,35,1
2020-04-08,Modoc,049,8938,0,0,0,0,0
2020-04-08,Mono,051,14174,29,19,0,19,1
2020-04-08,Monterey,053,433212,114,68,1,69,3
2020-04-08,Napa,055,140530,44,21,0,21,2
2020-04-08,Nevada,057,99092,36,21,1,22,1
2020-04-08,Orange,059,3164182,1748,1034,12,1046,19
2020-04-08,Placer,061,380077,140,102,0,102,4
2020-04-08,Plumas,063,18699,4,3,0,3,0
2020-04-08,Riverside,065,2383286,2306,974,13,987,28
2020-04-08,Sacramento,067,1510023,840,565,0,565,21
2020-04-08,San Benito,069,59416,37,31,0,31,2
2020-04-08,San Bernardino,071,2135413,1228,635,0,635,22
2020-04-08,San Diego,073,3302833,2149,1532,0,1532,36
2020-04-08,San Francisco,075,870044,1049,687,0,687,7
2020-04-08,San Joaquin,077,732212,363,211,3,214,12
2020-04-08,San Luis Obispo,079,281455,155,90,1,91,1
2020-04-08,San Mateo,081,765935,883,608,2,610,22
2020-04-08,Santa Barbara,083,443738,405,221,1,222,2
2020-04-08,Santa Clara,085,1922200,1822,1257,4,1261,47
2020-04-08,Santa Cruz,087,273765,96,69,0,69,1
2020-04-08,Shasta,089,179085,30,18,0,18,3
2020-04-08,Sierra,091,2930,0,0,0,0,0
2020-04-08,Siskiyou,093,43540,5,4,0,4,0
2020-04-08,Solano,095,438530,174,111,0,111,2
2020-04-08,Sonoma,097,501317,170,107,0,107,1
2020-04-08,Stanislaus,099,539301,201,86,3,89,0
2020-04-08,Sutter,101,95872,22,17,0,17,2
2020-04-08,Tehama,103,63373,1,1,0,1,0
2020-04-08,Trinity,105,12862,0,0,0,0,0
2020-04-08,Tulare,107,460477,361,145,5,150,6
2020-04-08,Tuolumne,109,53932,2,0,0,0,0
2020-04-08,Ventura,111,848112,426,263,0,263,7
2020-04-08,Yolo,113,214977,105,56,0,56,3
2020-04-08,Yuba,115,75493,14,10,0,10,0
2020-04-07,Alameda,001,1643700,988,560,1,561,14
2020-04-07,Alpine,003,1148,1,1,0,1,0
2020-04-07,Amador,005,37829,6,2,0,2,0
2020-04-07,Butte,007,227075,17,11,1,12,0
2020-04-07,Calaveras,009,45235,6,5,0,5,0
2020-04-07,Colusa,011,21464,3,2,0,2,0
2020-04-07,Contra Costa,013,1133247,662,471,0,471,7
2020-04-07,Del Norte,015,27424,2,2,0,2,0
2020-04-07,El Dorado,017,186661,44,22,0,22,0
2020-04-07,Fresno,019,978130,390,138,4,142,3
2020-04-07,Glenn,021,27897,4,2,0,2,0
2020-04-07,Humboldt,023,135768,55,40,0,40,0
2020-04-07,Imperial,025,180216,132,53,0,53,2
2020-04-07,Inyo,027,18085,12,11,0,11,0
2020-04-07,Kern,029,883053,507,134,0,134,2
2020-04-07,Kings,031,150075,39,5,1,6,0
2020-04-07,Lake,033,64148,4,1,0,1,0
2020-04-07,Lassen,035,31185,1,0,2,2,0
2020-04-07,Los Angeles,037,10098052,11707,6885,13,6898,170
2020-04-07,Madera,039,155013,60,28,0,28,2
2020-04-07,Marin,041,260295,158,122,1,123,7
2020-04-07,Mariposa,043,17540,0,0,0,0,0
2020-04-07,Mendocino,045,87422,6,4,0,4,0
2020-04-07,Merced,047,269075,67,27,0,27,1
2020-04-07,Modoc,049,8938,0,0,0,0,0
2020-04-07,Mono,051,14174,28,18,0,18,1
2020-04-07,Monterey,053,433212,106,63,1,64,2
2020-04-07,Napa,055,140530,42,18,0,18,2
2020-04-07,Nevada,057,99092,36,20,1,21,1
2020-04-07,Orange,059,3164182,1701,971,11,982,19
2020-04-07,Placer,061,380077,135,94,0,94,3
2020-04-07,Plumas,063,18699,4,3,0,3,0
2020-04-07,Riverside,065,2383286,2149,905,13,918,25
2020-04-07,Sacramento,067,1510023,810,513,0,513,18
2020-04-07,San Benito,069,59416,37,26,0,26,2
2020-04-07,San Bernardino,071,2135413,1161,554,0,554,19
2020-04-07,San Diego,073,3302833,2072,1456,0,1456,31
2020-04-07,San Francisco,075,870044,989,636,0,636,6
2020-04-07,San Joaquin,077,732212,345,198,3,201,12
2020-04-07,San Luis Obispo,079,281455,148,87,1,88,1
2020-04-07,San Mateo,081,765935,862,573,2,575,22
2020-04-07,Santa Barbara,083,443738,386,209,1,210,2
2020-04-07,Santa Clara,085,1922200,1753,1193,3,1196,46
2020-04-07,Santa Cruz,087,273765,96,67,0,67,1
2020-04-07,Shasta,089,179085,29,16,0,16,3
2020-04-07,Sierra,091,2930,0,0,0,0,0
2020-04-07,Siskiyou,093,43540,5,4,0,4,0
2020-04-07,Solano,095,438530,169,99,0,99,1
2020-04-07,Sonoma,097,501317,167,102,0,102,1
2020-04-07,Stanislaus,099,539301,184,83,3,86,0
2020-04-07,Sutter,101,95872,22,16,0,16,2
2020-04-07,Tehama,103,63373,1,1,0,1,0
2020-04-07,Trinity,105,12862,0,0,0,0,0
2020-04-07,Tulare,107,460477,332,144,5,149,5
2020-04-07,Tuolumne,109,53932,2,1,0,1,0
2020-04-07,Ventura,111,848112,409,247,0,247,6
2020-04-07,Yolo,113,214977,98,51,0,51,2
2020-04-07,Yuba,115,75493,14,10,0,10,0
2020-04-06,Alameda,001,1643700,958,527,1,528,13
2020-04-06,Alpine,003,1148,1,1,0,1,0
2020-04-06,Amador,005,37829,5,2,0,2,0
2020-04-06,Butte,007,227075,16,11,1,12,0
2020-04-06,Calaveras,009,45235,6,4,0,4,0
2020-04-06,Colusa,011,21464,3,1,0,1,0
2020-04-06,Contra Costa,013,1133247,637,447,0,447,7
2020-04-06,Del Norte,015,27424,2,2,0,2,0
2020-04-06,El Dorado,017,186661,42,23,0,23,0
2020-04-06,Fresno,019,978130,368,122,4,126,1
2020-04-06,Glenn,021,27897,4,2,0,2,0
2020-04-06,Humboldt,023,135768,54,37,0,37,0
2020-04-06,Imperial,025,180216,125,47,0,47,1
2020-04-06,Inyo,027,18085,11,11,0,11,0
2020-04-06,Kern,029,883053,470,117,0,117,2
2020-04-06,Kings,031,150075,39,3,1,4,0
2020-04-06,Lake,033,64148,4,1,0,1,0
2020-04-06,Lassen,035,31185,1,0,2,2,0
2020-04-06,Los Angeles,037,10098052,10974,6346,13,6359,145
2020-04-06,Madera,039,155013,58,29,0,29,2
2020-04-06,Marin,041,260295,155,119,1,120,7
2020-04-06,Mariposa,043,17540,0,0,0,0,0
2020-04-06,Mendocino,045,87422,6,4,0,4,0
2020-04-06,Merced,047,269075,60,25,0,25,1
2020-04-06,Modoc,049,8938,0,0,0,0,0
2020-04-06,Mono,051,14174,28,18,0,18,1
2020-04-06,Monterey,053,433212,101,62,1,63,2
2020-04-06,Napa,055,140530,42,18,0,18,2
2020-04-06,Nevada,057,99092,36,19,1,20,1
2020-04-06,Orange,059,3164182,1657,910,10,920,17
2020-04-06,Placer,061,380077,135,90,0,90,3
2020-04-06,Plumas,063,18699,4,2,0,2,0
2020-04-06,Riverside,065,2383286,2023,854,13,867,17
2020-04-06,Sacramento,067,1510023,780,448,0,448,15
2020-04-06,San Benito,069,59416,35,25,0,25,1
2020-04-06,San Bernardino,071,2135413,1102,550,0,550,13
2020-04-06,San Diego,073,3302833,1990,1406,0,1406,19
2020-04-06,San Francisco,075,870044,949,586,0,586,6
2020-04-06,San Joaquin,077,732212,330,191,3,194,10
2020-04-06,San Luis Obispo,079,281455,146,85,1,86,1
2020-04-06,San Mateo,081,765935,844,569,2,571,20
2020-04-06,Santa Barbara,083,443738,374,189,1,190,2
2020-04-06,Santa Clara,085,1922200,1700,1128,3,1131,43
2020-04-06,Santa Cruz,087,273765,94,65,0,65,1
2020-04-06,Shasta,089,179085,29,16,0,16,3
2020-04-06,Sierra,091,2930,0,0,0,0,0
2020-04-06,Siskiyou,093,43540,4,4,0,4,0
2020-04-06,Solano,095,438530,162,95,0,95,1
2020-04-06,Sonoma,097,501317,166,102,0,102,1
2020-04-06,Stanislaus,099,539301,168,72,3,75,0
2020-04-06,Sutter,101,95872,22,14,0,14,2
2020-04-06,Tehama,103,63373,1,1,0,1,0
2020-04-06,Trinity,105,12862,0,0,0,0,0
2020-04-06,Tulare,107,460477,316,126,5,131,5
2020-04-06,Tuolumne,109,53932,2,1,0,1,0
2020-04-06,Ventura,111,848112,391,234,0,234,6
2020-04-06,Yolo,113,214977,94,43,0,43,1
2020-04-06,Yuba,115,75493,14,8,0,8,0
2020-04-05,Alameda,001,1643700,916,475,1,476,12
2020-04-05,Alpine,003,1148,1,1,0,1,0
2020-04-05,Amador,005,37829,5,2,0,2,0
2020-04-05,Butte,007,227075,16,10,1,11,0
2020-04-05,Calaveras,009,45235,6,3,0,3,0
2020-04-05,Colusa,011,21464,3,1,0,1,0
2020-04-05,Contra Costa,013,1133247,620,415,0,415,6
2020-04-05,Del Norte,015,27424,2,1,0,1,0
2020-04-05,El Dorado,017,186661,40,19,0,19,0
2020-04-05,Fresno,019,978130,334,102,4,106,1
2020-04-05,Glenn,021,27897,4,2,0,2,0
2020-04-05,Humboldt,023,135768,54,29,0,29,0
2020-04-05,Imperial,025,180216,117,42,0,42,1
2020-04-05,Inyo,027,18085,11,10,0,10,0
2020-04-05,Kern,029,883053,415,109,0,109,2
2020-04-05,Kings,031,150075,38,4,1,5,0
2020-04-05,Lake,033,64148,4,0,0,0,0
2020-04-05,Lassen,035,31185,1,0,2,2,0
2020-04-05,Los Angeles,037,10098052,10403,5892,13,5905,130
2020-04-05,Madera,039,155013,57,27,0,27,2
2020-04-05,Marin,041,260295,155,113,1,114,6
2020-04-05,Mariposa,043,17540,0,0,0,0,0
2020-04-05,Mendocino,045,87422,6,4,0,4,0
2020-04-05,Merced,047,269075,53,16,0,16,0
2020-04-05,Modoc,049,8938,0,0,0,0,0
2020-04-05,Mono,051,14174,28,18,0,18,1
2020-04-05,Monterey,053,433212,94,61,1,62,2
2020-04-05,Napa,055,140530,40,15,0,15,2
2020-04-05,Nevada,057,99092,36,19,1,20,1
2020-04-05,Orange,059,3164182,1600,820,10,830,15
2020-04-05,Placer,061,380077,132,86,0,86,3
2020-04-05,Plumas,063,18699,3,2,0,2,0
2020-04-05,Riverside,065,2383286,1894,669,13,682,17
2020-04-05,Sacramento,067,1510023,749,393,0,393,11
2020-04-05,San Benito,069,59416,35,22,0,22,1
2020-04-05,San Bernardino,071,2135413,1028,375,0,375,13
2020-04-05,San Diego,073,3302833,1908,1328,0,1328,19
2020-04-05,San Francisco,075,870044,902,559,0,559,6
2020-04-05,San Joaquin,077,732212,315,179,3,182,10
2020-04-05,San Luis Obispo,079,281455,144,83,1,84,1
2020-04-05,San Mateo,081,765935,824,528,2,530,19
2020-04-05,Santa Barbara,083,443738,352,171,1,172,1
2020-04-05,Santa Clara,085,1922200,1652,1052,3,1055,42
2020-04-05,Santa Cruz,087,273765,94,59,0,59,1
2020-04-05,Shasta,089,179085,28,11,0,11,2
2020-04-05,Sierra,091,2930,0,0,0,0,0
2020-04-05,Siskiyou,093,43540,4,3,0,3,0
2020-04-05,Solano,095,438530,158,78,0,78,1
2020-04-05,Sonoma,097,501317,164,88,0,88,1
2020-04-05,Stanislaus,099,539301,154,51,3,54,0
2020-04-05,Sutter,101,95872,22,14,0,14,1
2020-04-05,Tehama,103,63373,1,1,0,1,0
2020-04-05,Trinity,105,12862,0,0,0,0,0
2020-04-05,Tulare,107,460477,279,81,5,86,4
2020-04-05,Tuolumne,109,53932,2,1,0,1,0
2020-04-05,Ventura,111,848112,377,196,0,196,6
2020-04-05,Yolo,113,214977,76,37,0,37,2
2020-04-05,Yuba,115,75493,14,7,0,7,0
2020-04-04,Alameda,001,1643700,893,468,1,469,12
2020-04-04,Alpine,003,1148,1,1,0,1,0
2020-04-04,Amador,005,37829,4,2,0,2,0
2020-04-04,Butte,007,227075,16,10,1,11,0
2020-04-04,Calaveras,009,45235,6,3,0,3,0
2020-04-04,Colusa,011,21464,3,1,0,1,0
2020-04-04,Contra Costa,013,1133247,612,382,0,382,5
2020-04-04,Del Norte,015,27424,2,1,0,1,0
2020-04-04,El Dorado,017,186661,40,19,0,19,0
2020-04-04,Fresno,019,978130,324,102,4,106,1
2020-04-04,Glenn,021,27897,4,2,0,2,0
2020-04-04,Humboldt,023,135768,54,29,0,29,0
2020-04-04,Imperial,025,180216,116,42,0,42,1
2020-04-04,Inyo,027,18085,11,10,0,10,0
2020-04-04,Kern,029,883053,385,103,0,103,2
2020-04-04,Kings,031,150075,38,3,1,4,0
2020-04-04,Lake,033,64148,4,0,0,0,0
2020-04-04,Lassen,035,31185,1,0,2,2,0
2020-04-04,Los Angeles,037,10098052,9786,5275,13,5288,117
2020-04-04,Madera,039,155013,55,27,0,27,2
2020-04-04,Marin,041,260295,153,111,0,111,6
2020-04-04,Mariposa,043,17540,0,0,0,0,0
2020-04-04,Mendocino,045,87422,6,4,0,4,0
2020-04-04,Merced,047,269075,49,11,0,11,0
2020-04-04,Modoc,049,8938,0,0,0,0,0
2020-04-04,Mono,051,14174,28,18,0,18,1
2020-04-04,Monterey,053,433212,90,61,1,62,2
2020-04-04,Napa,055,140530,40,15,0,15,2
2020-04-04,Nevada,057,99092,36,19,1,20,1
2020-04-04,Orange,059,3164182,1558,781,9,790,15
2020-04-04,Placer,061,380077,131,87,0,87,2
2020-04-04,Plumas,063,18699,3,2,0,2,0
2020-04-04,Riverside,065,2383286,1793,652,13,665,15
2020-04-04,Sacramento,067,1510023,731,393,0,393,11
2020-04-04,San Benito,069,59416,35,22,0,22,1
2020-04-04,San Bernardino,071,2135413,980,373,0,373,13
2020-04-04,San Diego,073,3302833,1860,1211,0,1211,18
2020-04-04,San Francisco,075,870044,864,537,0,537,6
2020-04-04,San Joaquin,077,732212,292,171,3,174,10
2020-04-04,San Luis Obispo,079,281455,144,82,1,83,0
2020-04-04,San Mateo,081,765935,813,520,2,522,17
2020-04-04,Santa Barbara,083,443738,343,167,1,168,1
2020-04-04,Santa Clara,085,1922200,1600,1045,3,1048,39
2020-04-04,Santa Cruz,087,273765,94,56,0,56,1
2020-04-04,Shasta,089,179085,27,11,0,11,2
2020-04-04,Sierra,091,2930,0,0,0,0,0
2020-04-04,Siskiyou,093,43540,4,3,0,3,0
2020-04-04,Solano,095,438530,153,79,0,79,1
2020-04-04,Sonoma,097,501317,161,88,0,88,1
2020-04-04,Stanislaus,099,539301,143,51,3,54,0
2020-04-04,Sutter,101,95872,22,14,0,14,1
2020-04-04,Tehama,103,63373,1,1,0,1,0
2020-04-04,Trinity,105,12862,0,0,0,0,0
2020-04-04,Tulare,107,460477,265,79,5,84,4
2020-04-04,Tuolumne,109,53932,2,1,0,1,0
2020-04-04,Ventura,111,848112,364,194,0,194,6
2020-04-04,Yolo,113,214977,74,40,0,40,2
2020-04-04,Yuba,115,75493,13,7,0,7,0
2020-04-03,Alameda,001,1643700,857,395,1,396,11
2020-04-03,Alpine,003,1148,1,1,0,1,0
2020-04-03,Amador,005,37829,4,2,0,2,0
2020-04-03,Butte,007,227075,16,8,1,9,0
2020-04-03,Calaveras,009,45235,6,3,0,3,0
2020-04-03,Colusa,011,21464,3,1,0,1,0
2020-04-03,Contra Costa,013,1133247,589,327,0,327,5
2020-04-03,Del Norte,015,27424,2,1,0,1,0
2020-04-03,El Dorado,017,186661,38,16,0,16,0
2020-04-03,Fresno,019,978130,312,98,4,102,1
2020-04-03,Glenn,021,27897,4,2,0,2,0
2020-04-03,Humboldt,023,135768,54,34,0,34,0
2020-04-03,Imperial,025,180216,107,35,0,35,0
2020-04-03,Inyo,027,18085,11,10,0,10,0
2020-04-03,Kern,029,883053,359,87,0,87,1
2020-04-03,Kings,031,150075,36,3,1,4,0
2020-04-03,Lake,033,64148,3,0,0,0,0
2020-04-03,Lassen,035,31185,1,0,2,2,0
2020-04-03,Los Angeles,037,10098052,9170,4566,13,4579,91
2020-04-03,Madera,039,155013,54,28,0,28,2
2020-04-03,Marin,041,260295,151,106,0,106,6
2020-04-03,Mariposa,043,17540,0,0,0,0,0
2020-04-03,Mendocino,045,87422,6,4,0,4,0
2020-04-03,Merced,047,269075,46,9,0,9,0
2020-04-03,Modoc,049,8938,0,0,0,0,0
2020-04-03,Mono,051,14174,28,18,0,18,1
2020-04-03,Monterey,053,433212,87,58,1,59,2
2020-04-03,Napa,055,140530,39,13,0,13,1
2020-04-03,Nevada,057,99092,36,19,1,20,1
2020-04-03,Orange,059,3164182,1519,713,9,722,13
2020-04-03,Placer,061,380077,127,76,0,76,2
2020-04-03,Plumas,063,18699,3,2,0,2,0
2020-04-03,Riverside,065,2383286,1713,540,13,553,14
2020-04-03,Sacramento,067,1510023,710,363,0,363,11
2020-04-03,San Benito,069,59416,35,22,0,22,1
2020-04-03,San Bernardino,071,2135413,935,356,0,356,11
2020-04-03,San Diego,073,3302833,1800,1114,0,1114,17
2020-04-03,San Francisco,075,870044,839,506,0,506,6
2020-04-03,San Joaquin,077,732212,280,162,3,165,10
2020-04-03,San Luis Obispo,079,281455,144,82,1,83,0
2020-04-03,San Mateo,081,765935,796,474,2,476,13
2020-04-03,Santa Barbara,083,443738,331,154,1,155,1
2020-04-03,Santa Clara,085,1922200,1564,983,3,986,39
2020-04-03,Santa Cruz,087,273765,94,52,0,52,1
2020-04-03,Shasta,089,179085,27,10,0,10,1
2020-04-03,Sierra,091,2930,0,0,0,0,0
2020-04-03,Siskiyou,093,43540,4,3,0,3,0
2020-04-03,Solano,095,438530,145,72,0,72,1
2020-04-03,Sonoma,097,501317,161,84,0,84,1
2020-04-03,Stanislaus,099,539301,137,48,3,51,0
2020-04-03,Sutter,101,95872,22,12,0,12,1
2020-04-03,Tehama,103,63373,1,1,0,1,0
2020-04-03,Trinity,105,12862,0,0,0,0,0
2020-04-03,Tulare,107,460477,251,73,5,78,3
2020-04-03,Tuolumne,109,53932,2,1,0,1,0
2020-04-03,Ventura,111,848112,354,186,0,186,6
2020-04-03,Yolo,113,214977,73,33,0,33,1
2020-04-03,Yuba,115,75493,13,6,0,6,0
2020-04-02,Alameda,001,1643700,806,345,1,346,10
2020-04-02,Alpine,003,1148,1,1,0,1,0
2020-04-02,Amador,005,37829,4,2,0,2,0
2020-04-02,Butte,007,227075,16,7,0,7,0
2020-04-02,Calaveras,009,45235,4,3,0,3,0
2020-04-02,Colusa,011,21464,3,1,0,1,0
2020-04-02,Contra Costa,013,1133247,559,297,0,297,3
2020-04-02,Del Norte,015,27424,2,0,0,0,0
2020-04-02,El Dorado,017,186661,36,16,0,16,0
2020-04-02,Fresno,019,978130,296,92,4,96,0
2020-04-02,Glenn,021,27897,3,2,0,2,0
2020-04-02,Humboldt,023,135768,50,23,0,23,0
2020-04-02,Imperial,025,180216,103,24,0,24,0
2020-04-02,Inyo,027,18085,10,8,0,8,0
2020-04-02,Kern,029,883053,332,74,0,74,0
2020-04-02,Kings,031,150075,36,3,1,4,0
2020-04-02,Lake,033,64148,3,0,0,0,0
2020-04-02,Lassen,035,31185,1,0,2,2,0
2020-04-02,Los Angeles,037,10098052,8338,4040,13,4053,79
2020-04-02,Madera,039,155013,52,25,0,25,1
2020-04-02,Marin,041,260295,145,102,0,102,1
2020-04-02,Mariposa,043,17540,0,0,0,0,0
2020-04-02,Mendocino,045,87422,6,4,0,4,0
2020-04-02,Merced,047,269075,41,9,0,9,0
2020-04-02,Modoc,049,8938,0,0,0,0,0
2020-04-02,Mono,051,14174,28,16,0,16,1
2020-04-02,Monterey,053,433212,85,50,1,51,2
2020-04-02,Napa,055,140530,39,13,0,13,0
2020-04-02,Nevada,057,99092,35,17,1,18,0
2020-04-02,Orange,059,3164182,1467,640,8,648,12
2020-04-02,Placer,061,380077,126,72,0,72,2
2020-04-02,Plumas,063,18699,3,1,0,1,0
2020-04-02,Riverside,065,2383286,1596,438,13,451,13
2020-04-02,Sacramento,067,1510023,692,322,0,322,9
2020-04-02,San Benito,069,59416,33,18,0,18,1
2020-04-02,San Bernardino,071,2135413,880,335,0,335,8
2020-04-02,San Diego,073,3302833,1733,968,0,968,16
2020-04-02,San Francisco,075,870044,812,473,0,473,6
2020-04-02,San Joaquin,077,732212,261,148,3,151,9
2020-04-02,San Luis Obispo,079,281455,139,79,1,80,0
2020-04-02,San Mateo,081,765935,775,423,2,425,13
2020-04-02,Santa Barbara,083,443738,317,125,1,126,1
2020-04-02,Santa Clara,085,1922200,1513,908,3,911,38
2020-04-02,Santa Cruz,087,273765,92,49,0,49,1
2020-04-02,Shasta,089,179085,26,7,0,7,1
2020-04-02,Sierra,091,2930,0,0,0,0,0
2020-04-02,Siskiyou,093,43540,4,3,0,3,0
2020-04-02,Solano,095,438530,135,65,0,65,0
2020-04-02,Sonoma,097,501317,157,76,0,76,1
2020-04-02,Stanislaus,099,539301,126,40,3,43,0
2020-04-02,Sutter,101,95872,21,10,0,10,1
2020-04-02,Tehama,103,63373,1,1,0,1,0
2020-04-02,Trinity,105,12862,0,0,0,0,0
2020-04-02,Tulare,107,460477,217,64,5,69,1
2020-04-02,Tuolumne,109,53932,2,1,0,1,0
2020-04-02,Ventura,111,848112,336,178,0,178,5
2020-04-02,Yolo,113,214977,71,29,0,29,1
2020-04-02,Yuba,115,75493,10,5,0,5,0
2020-04-01,Alameda,001,1643700,779,287,1,288,8
2020-04-01,Alpine,003,1148,1,1,0,1,0
2020-04-01,Amador,005,37829,4,1,0,1,0
2020-04-01,Butte,007,227075,16,6,0,6,0
2020-04-01,Calaveras,009,45235,3,3,0,3,0
2020-04-01,Colusa,011,21464,3,1,0,1,0
2020-04-01,Contra Costa,013,1133247,515,267,0,267,3
2020-04-01,Del Norte,015,27424,2,0,0,0,0
2020-04-01,El Dorado,017,186661,35,14,0,14,0
2020-04-01,Fresno,019,978130,274,75,3,78,0
2020-04-01,Glenn,021,27897,3,2,0,2,0
2020-04-01,Humboldt,023,135768,50,19,0,19,0
2020-04-01,Imperial,025,180216,96,25,0,25,0
2020-04-01,Inyo,027,18085,10,8,0,8,0
2020-04-01,Kern,029,883053,305,53,0,53,0
2020-04-01,Kings,031,150075,34,3,1,4,0
2020-04-01,Lake,033,64148,3,0,0,0,0
2020-04-01,Lassen,035,31185,1,0,2,2,0
2020-04-01,Los Angeles,037,10098052,7689,3502,13,3515,66
2020-04-01,Madera,039,155013,50,17,0,17,1
2020-04-01,Marin,041,260295,141,87,0,87,1
2020-04-01,Mariposa,043,17540,0,0,0,0,0
2020-04-01,Mendocino,045,87422,6,4,0,4,0
2020-04-01,Merced,047,269075,38,7,0,7,0
2020-04-01,Modoc,049,8938,0,0,0,0,0
2020-04-01,Mono,051,14174,28,12,0,12,1
2020-04-01,Monterey,053,433212,84,47,1,48,2
2020-04-01,Napa,055,140530,36,11,0,11,0
2020-04-01,Nevada,057,99092,35,15,1,16,0
2020-04-01,Orange,059,3164182,1415,579,8,587,11
2020-04-01,Placer,061,380077,125,52,0,52,2
2020-04-01,Plumas,063,18699,3,1,0,1,0
2020-04-01,Riverside,065,2383286,1428,306,12,318,11
2020-04-01,Sacramento,067,1510023,659,299,0,299,8
2020-04-01,San Benito,069,59416,30,14,0,14,1
2020-04-01,San Bernardino,071,2135413,831,245,0,245,5
2020-04-01,San Diego,073,3302833,1663,851,0,851,11
2020-04-01,San Francisco,075,870044,784,432,0,432,6
2020-04-01,San Joaquin,077,732212,250,132,3,135,8
2020-04-01,San Luis Obispo,079,281455,133,69,1,70,0
2020-04-01,San Mateo,081,765935,757,354,2,356,13
2020-04-01,Santa Barbara,083,443738,297,103,1,104,0
2020-04-01,Santa Clara,085,1922200,1471,805,3,808,33
2020-04-01,Santa Cruz,087,273765,87,44,0,44,1
2020-04-01,Shasta,089,179085,25,5,0,5,1
2020-04-01,Sierra,091,2930,0,0,0,0,0
2020-04-01,Siskiyou,093,43540,4,3,0,3,0
2020-04-01,Solano,095,438530,130,57,0,57,0
2020-04-01,Sonoma,097,501317,153,60,0,60,1
2020-04-01,Stanislaus,099,539301,115,29,3,32,0
2020-04-01,Sutter,101,95872,21,9,0,9,1
2020-04-01,Tehama,103,63373,1,0,0,0,0
2020-04-01,Trinity,105,12862,0,0,0,0,0
2020-04-01,Tulare,107,460477,179,43,5,48,1
2020-04-01,Tuolumne,109,53932,2,1,0,1,0
2020-04-01,Ventura,111,848112,323,154,0,154,5
2020-04-01,Yolo,113,214977,66,22,0,22,1
2020-04-01,Yuba,115,75493,9,5,0,5,0
2020-03-31,Alameda,001,1643700,711,269,1,270,7
2020-03-31,Alpine,003,1148,1,1,0,1,0
2020-03-31,Amador,005,37829,4,1,0,1,0
2020-03-31,Butte,007,227075,16,6,0,6,0
2020-03-31,Calaveras,009,45235,3,3,0,3,0
2020-03-31,Colusa,011,21464,3,1,0,1,0
2020-03-31,Contra Costa,013,1133247,490,246,0,246,3
2020-03-31,Del Norte,015,27424,1,0,0,0,0
2020-03-31,El Dorado,017,186661,31,14,0,14,0
2020-03-31,Fresno,019,978130,249,59,3,62,0
2020-03-31,Glenn,021,27897,3,2,0,2,0
2020-03-31,Humboldt,023,135768,50,18,0,18,0
2020-03-31,Imperial,025,180216,91,17,0,17,0
2020-03-31,Inyo,027,18085,10,8,0,8,0
2020-03-31,Kern,029,883053,281,47,0,47,0
2020-03-31,Kings,031,150075,32,2,1,3,0
2020-03-31,Lake,033,64148,1,0,0,0,0
2020-03-31,Lassen,035,31185,1,0,2,2,0
2020-03-31,Los Angeles,037,10098052,7024,3001,13,3014,53
2020-03-31,Madera,039,155013,49,17,0,17,1
2020-03-31,Marin,041,260295,132,85,0,85,1
2020-03-31,Mariposa,043,17540,0,0,0,0,0
2020-03-31,Mendocino,045,87422,6,4,0,4,0
2020-03-31,Merced,047,269075,33,6,0,6,0
2020-03-31,Modoc,049,8938,0,0,0,0,0
2020-03-31,Mono,051,14174,26,12,0,12,0
2020-03-31,Monterey,053,433212,82,43,1,44,2
2020-03-31,Napa,055,140530,35,9,0,9,0
2020-03-31,Nevada,057,99092,35,15,1,16,0
2020-03-31,Orange,059,3164182,1345,506,8,514,7
2020-03-31,Placer,061,380077,118,49,0,49,2
2020-03-31,Plumas,063,18699,1,0,0,0,0
2020-03-31,Riverside,065,2383286,1282,284,12,296,8
2020-03-31,Sacramento,067,1510023,607,271,0,271,8
2020-03-31,San Benito,069,59416,30,14,0,14,1
2020-03-31,San Bernardino,071,2135413,746,193,0,193,5
2020-03-31,San Diego,073,3302833,1581,736,0,736,9
2020-03-31,San Francisco,075,870044,749,404,0,404,5
2020-03-31,San Joaquin,077,732212,234,122,3,125,7
2020-03-31,San Luis Obispo,079,281455,129,67,1,68,0
2020-03-31,San Mateo,081,765935,738,297,2,299,12
2020-03-31,Santa Barbara,083,443738,278,89,1,90,0
2020-03-31,Santa Clara,085,1922200,1421,777,3,780,30
2020-03-31,Santa Cruz,087,273765,80,40,0,40,1
2020-03-31,Shasta,089,179085,22,5,0,5,1
2020-03-31,Sierra,091,2930,0,0,0,0,0
2020-03-31,Siskiyou,093,43540,4,3,0,3,0
2020-03-31,Solano,095,438530,116,56,0,56,0
2020-03-31,Sonoma,097,501317,148,58,0,58,1
2020-03-31,Stanislaus,099,539301,100,28,3,31,0
2020-03-31,Sutter,101,95872,21,8,0,8,0
2020-03-31,Tehama,103,63373,1,0,0,0,0
2020-03-31,Trinity,105,12862,0,0,0,0,0
2020-03-31,Tulare,107,460477,156,42,4,46,1
2020-03-31,Tuolumne,109,53932,2,1,0,1,0
2020-03-31,Ventura,111,848112,312,143,0,143,4
2020-03-31,Yolo,113,214977,59,21,0,21,1
2020-03-31,Yuba,115,75493,9,5,0,5,0
2020-03-30,Alameda,001,1643700,671,250,1,251,7
2020-03-30,Alpine,003,1148,1,1,0,1,0
2020-03-30,Amador,005,37829,4,1,0,1,0
2020-03-30,Butte,007,227075,14,5,0,5,0
2020-03-30,Calaveras,009,45235,3,3,0,3,0
2020-03-30,Colusa,011,21464,3,1,0,1,0
2020-03-30,Contra Costa,013,1133247,464,212,0,212,3
2020-03-30,Del Norte,015,27424,0,0,0,0,0
2020-03-30,El Dorado,017,186661,31,11,0,11,0
2020-03-30,Fresno,019,978130,224,46,3,49,0
2020-03-30,Glenn,021,27897,3,2,0,2,0
2020-03-30,Humboldt,023,135768,48,11,0,11,0
2020-03-30,Imperial,025,180216,88,9,0,9,0
2020-03-30,Inyo,027,18085,10,5,0,5,0
2020-03-30,Kern,029,883053,248,30,0,30,0
2020-03-30,Kings,031,150075,32,1,1,2,0
2020-03-30,Lake,033,64148,1,0,0,0,0
2020-03-30,Lassen,035,31185,1,0,1,1,0
2020-03-30,Los Angeles,037,10098052,6369,2467,13,2480,44
2020-03-30,Madera,039,155013,48,14,0,14,1
2020-03-30,Marin,041,260295,125,78,0,78,0
2020-03-30,Mariposa,043,17540,0,0,0,0,0
2020-03-30,Mendocino,045,87422,5,2,0,2,0
2020-03-30,Merced,047,269075,29,6,0,6,0
2020-03-30,Modoc,049,8938,0,0,0,0,0
2020-03-30,Mono,051,14174,26,11,0,11,0
2020-03-30,Monterey,053,433212,77,41,1,42,1
2020-03-30,Napa,055,140530,34,9,0,9,0
2020-03-30,Nevada,057,99092,34,14,1,15,0
2020-03-30,Orange,059,3164182,1279,418,8,426,5
2020-03-30,Placer,061,380077,115,44,0,44,2
2020-03-30,Plumas,063,18699,1,0,0,0,0
2020-03-30,Riverside,065,2383286,1202,204,12,216,7
2020-03-30,Sacramento,067,1510023,583,238,0,238,8
2020-03-30,San Benito,069,59416,30,11,0,11,1
2020-03-30,San Bernardino,071,2135413,702,145,0,145,4
2020-03-30,San Diego,073,3302833,1511,605,0,605,7
2020-03-30,San Francisco,075,870044,709,368,0,368,5
2020-03-30,San Joaquin,077,732212,227,112,3,115,5
2020-03-30,San Luis Obispo,079,281455,126,62,1,63,0
2020-03-30,San Mateo,081,765935,714,257,2,259,11
2020-03-30,Santa Barbara,083,443738,268,79,1,80,0
2020-03-30,Santa Clara,085,1922200,1390,745,3,748,31
2020-03-30,Santa Cruz,087,273765,77,36,0,36,1
2020-03-30,Shasta,089,179085,21,4,0,4,1
2020-03-30,Sierra,091,2930,0,0,0,0,0
2020-03-30,Siskiyou,093,43540,4,2,0,2,0
2020-03-30,Solano,095,438530,110,50,0,50,0
2020-03-30,Sonoma,097,501317,145,57,0,57,1
2020-03-30,Stanislaus,099,539301,93,28,3,31,0
2020-03-30,Sutter,101,95872,20,6,0,6,0
2020-03-30,Tehama,103,63373,1,0,0,0,0
2020-03-30,Trinity,105,12862,0,0,0,0,0
2020-03-30,Tulare,107,460477,144,40,3,43,1
2020-03-30,Tuolumne,109,53932,2,1,0,1,0
2020-03-30,Ventura,111,848112,301,118,0,118,2
2020-03-30,Yolo,113,214977,56,17,0,17,1
2020-03-30,Yuba,115,75493,8,5,0,5,0
2020-03-29,Alameda,001,1643700,637,207,1,208,6
2020-03-29,Alpine,003,1148,1,0,0,0,0
2020-03-29,Amador,005,37829,4,1,0,1,0
2020-03-29,Butte,007,227075,14,4,0,4,0
2020-03-29,Calaveras,009,45235,3,2,0,2,0
2020-03-29,Colusa,011,21464,3,1,0,1,0
2020-03-29,Contra Costa,013,1133247,434,187,0,187,3
2020-03-29,Del Norte,015,27424,0,0,0,0,0
2020-03-29,El Dorado,017,186661,30,9,0,9,0
2020-03-29,Fresno,019,978130,200,31,3,34,0
2020-03-29,Glenn,021,27897,2,1,0,1,0
2020-03-29,Humboldt,023,135768,45,9,0,9,0
2020-03-29,Imperial,025,180216,82,9,0,9,0
2020-03-29,Inyo,027,18085,9,0,0,0,0
2020-03-29,Kern,029,883053,230,20,0,20,0
2020-03-29,Kings,031,150075,29,1,1,2,0
2020-03-29,Lake,033,64148,0,0,0,0,0
2020-03-29,Lassen,035,31185,1,0,1,1,0
2020-03-29,Los Angeles,037,10098052,5724,2119,13,2132,37
2020-03-29,Madera,039,155013,43,11,0,11,1
2020-03-29,Marin,041,260295,120,60,0,60,0
2020-03-29,Mariposa,043,17540,0,0,0,0,0
2020-03-29,Mendocino,045,87422,5,2,0,2,0
2020-03-29,Merced,047,269075,28,4,0,4,0
2020-03-29,Modoc,049,8938,0,0,0,0,0
2020-03-29,Mono,051,14174,26,8,0,8,0
2020-03-29,Monterey,053,433212,72,36,1,37,1
2020-03-29,Napa,055,140530,32,5,0,5,0
2020-03-29,Nevada,057,99092,32,13,1,14,0
2020-03-29,Orange,059,3164182,1206,343,8,351,2
2020-03-29,Placer,061,380077,114,35,0,35,2
2020-03-29,Plumas,063,18699,1,0,0,0,0
2020-03-29,Riverside,065,2383286,1078,122,12,134,7
2020-03-29,Sacramento,067,1510023,543,217,0,217,7
2020-03-29,San Benito,069,59416,29,10,0,10,1
2020-03-29,San Bernardino,071,2135413,650,94,0,94,2
2020-03-29,San Diego,073,3302833,1439,521,0,521,7
2020-03-29,San Francisco,075,870044,665,333,0,333,5
2020-03-29,San Joaquin,077,732212,218,86,3,89,4
2020-03-29,San Luis Obispo,079,281455,119,55,0,55,0
2020-03-29,San Mateo,081,765935,689,234,2,236,12
2020-03-29,Santa Barbara,083,443738,257,52,1,53,0
2020-03-29,Santa Clara,085,1922200,1333,591,3,594,30
2020-03-29,Santa Cruz,087,273765,77,33,0,33,1
2020-03-29,Shasta,089,179085,20,4,0,4,1
2020-03-29,Sierra,091,2930,0,0,0,0,0
2020-03-29,Siskiyou,093,43540,4,2,0,2,0
2020-03-29,Solano,095,438530,102,48,0,48,0
2020-03-29,Sonoma,097,501317,143,35,0,35,1
2020-03-29,Stanislaus,099,539301,88,19,3,22,0
2020-03-29,Sutter,101,95872,17,6,0,6,0
2020-03-29,Tehama,103,63373,1,0,0,0,0
2020-03-29,Trinity,105,12862,0,0,0,0,0
2020-03-29,Tulare,107,460477,119,24,3,27,1
2020-03-29,Tuolumne,109,53932,1,1,0,1,0
2020-03-29,Ventura,111,848112,274,92,0,92,2
2020-03-29,Yolo,113,214977,51,13,0,13,1
2020-03-29,Yuba,115,75493,8,3,0,3,0
2020-03-28,Alameda,001,1643700,610,410,1,411,12
2020-03-28,Alpine,003,1148,1,0,0,0,0
2020-03-28,Amador,005,37829,4,2,0,2,0
2020-03-28,Butte,007,227075,14,8,0,8,0
2020-03-28,Calaveras,009,45235,3,4,0,4,0
2020-03-28,Colusa,011,21464,3,2,0,2,0
2020-03-28,Contra Costa,013,1133247,411,350,0,350,4
2020-03-28,Del Norte,015,27424,0,0,0,0,0
2020-03-28,El Dorado,017,186661,29,18,0,18,0
2020-03-28,Fresno,019,978130,190,62,3,65,0
2020-03-28,Glenn,021,27897,2,2,0,2,0
2020-03-28,Humboldt,023,135768,45,18,0,18,0
2020-03-28,Imperial,025,180216,77,18,0,18,0
2020-03-28,Inyo,027,18085,9,0,0,0,0
2020-03-28,Kern,029,883053,213,40,0,40,0
2020-03-28,Kings,031,150075,28,2,1,3,0
2020-03-28,Lake,033,64148,0,0,0,0,0
2020-03-28,Lassen,035,31185,1,0,1,1,0
2020-03-28,Los Angeles,037,10098052,5337,3600,12,3612,64
2020-03-28,Madera,039,155013,43,22,0,22,2
2020-03-28,Marin,041,260295,115,116,0,116,0
2020-03-28,Mariposa,043,17540,0,0,0,0,0
2020-03-28,Mendocino,045,87422,5,4,0,4,0
2020-03-28,Merced,047,269075,27,8,0,8,0
2020-03-28,Modoc,049,8938,0,0,0,0,0
2020-03-28,Mono,051,14174,24,12,0,12,0
2020-03-28,Monterey,053,433212,71,64,1,65,2
2020-03-28,Napa,055,140530,27,10,0,10,0
2020-03-28,Nevada,057,99092,32,22,1,23,0
2020-03-28,Orange,059,3164182,1170,656,8,664,4
2020-03-28,Placer,061,380077,109,70,0,70,2
2020-03-28,Plumas,063,18699,1,0,0,0,0
2020-03-28,Riverside,065,2383286,1010,242,12,254,14
2020-03-28,Sacramento,067,1510023,525,406,0,406,14
2020-03-28,San Benito,069,59416,29,20,0,20,2
2020-03-28,San Bernardino,071,2135413,602,162,0,162,4
2020-03-28,San Diego,073,3302833,1380,980,0,980,14
2020-03-28,San Francisco,075,870044,641,600,0,600,6
2020-03-28,San Joaquin,077,732212,210,166,3,169,8
2020-03-28,San Luis Obispo,079,281455,117,104,0,104,0
2020-03-28,San Mateo,081,765935,669,462,2,464,17
2020-03-28,Santa Barbara,083,443738,245,98,1,99,0
2020-03-28,Santa Clara,085,1922200,1314,1174,3,1177,54
2020-03-28,Santa Cruz,087,273765,76,62,0,62,0
2020-03-28,Shasta,089,179085,20,8,0,8,2
2020-03-28,Sierra,091,2930,0,0,0,0,0
2020-03-28,Siskiyou,093,43540,4,4,0,4,0
2020-03-28,Solano,095,438530,98,96,0,96,0
2020-03-28,Sonoma,097,501317,141,70,0,70,2
2020-03-28,Stanislaus,099,539301,83,34,3,37,0
2020-03-28,Sutter,101,95872,17,6,0,6,0
2020-03-28,Tehama,103,63373,1,0,0,0,0
2020-03-28,Trinity,105,12862,0,0,0,0,0
2020-03-28,Tulare,107,460477,112,46,3,49,0
2020-03-28,Tuolumne,109,53932,1,2,0,2,0
2020-03-28,Ventura,111,848112,270,178,0,178,4
2020-03-28,Yolo,113,214977,50,26,0,26,2
2020-03-28,Yuba,115,75493,8,6,0,6,0
2020-03-27,Alameda,001,1643700,592,185,1,186,4
2020-03-27,Alpine,003,1148,1,0,0,0,0
2020-03-27,Amador,005,37829,3,1,0,1,0
2020-03-27,Butte,007,227075,12,4,0,4,0
2020-03-27,Calaveras,009,45235,3,2,0,2,0
2020-03-27,Colusa,011,21464,3,0,0,0,0
2020-03-27,Contra Costa,013,1133247,390,161,0,161,2
2020-03-27,Del Norte,015,27424,0,0,0,0,0
2020-03-27,El Dorado,017,186661,27,9,0,9,0
2020-03-27,Fresno,019,978130,178,29,2,31,0
2020-03-27,Glenn,021,27897,2,0,0,0,0
2020-03-27,Humboldt,023,135768,41,9,0,9,0
2020-03-27,Imperial,025,180216,72,9,0,9,0
2020-03-27,Inyo,027,18085,9,0,0,0,0
2020-03-27,Kern,029,883053,200,20,0,20,0
2020-03-27,Kings,031,150075,27,0,1,1,0
2020-03-27,Lake,033,64148,0,0,0,0,0
2020-03-27,Lassen,035,31185,1,0,1,1,0
2020-03-27,Los Angeles,037,10098052,4925,1474,12,1486,26
2020-03-27,Madera,039,155013,41,10,0,10,1
2020-03-27,Marin,041,260295,110,58,0,58,0
2020-03-27,Mariposa,043,17540,0,0,0,0,0
2020-03-27,Mendocino,045,87422,5,2,0,2,0
2020-03-27,Merced,047,269075,26,3,0,3,0
2020-03-27,Modoc,049,8938,0,0,0,0,0
2020-03-27,Mono,051,14174,24,6,0,6,0
2020-03-27,Monterey,053,433212,68,26,1,27,1
2020-03-27,Napa,055,140530,27,5,0,5,0
2020-03-27,Nevada,057,99092,32,6,1,7,0
2020-03-27,Orange,059,3164182,1120,299,8,307,2
2020-03-27,Placer,061,380077,106,33,0,33,1
2020-03-27,Plumas,063,18699,0,0,0,0,0
2020-03-27,Riverside,065,2383286,954,121,12,133,7
2020-03-27,Sacramento,067,1510023,502,163,0,163,6
2020-03-27,San Benito,069,59416,28,9,0,9,1
2020-03-27,San Bernardino,071,2135413,512,77,0,77,2
2020-03-27,San Diego,073,3302833,1323,419,0,419,5
2020-03-27,San Francisco,075,870044,616,285,0,285,2
2020-03-27,San Joaquin,077,732212,199,73,3,76,3
2020-03-27,San Luis Obispo,079,281455,115,46,0,46,0
2020-03-27,San Mateo,081,765935,643,213,2,215,7
2020-03-27,Santa Barbara,083,443738,229,37,1,38,0
2020-03-27,Santa Clara,085,1922200,1276,557,3,560,25
2020-03-27,Santa Cruz,087,273765,75,31,0,31,0
2020-03-27,Shasta,089,179085,17,3,0,3,1
2020-03-27,Sierra,091,2930,0,0,0,0,0
2020-03-27,Siskiyou,093,43540,4,2,0,2,0
2020-03-27,Solano,095,438530,92,48,0,48,0
2020-03-27,Sonoma,097,501317,133,35,0,35,1
2020-03-27,Stanislaus,099,539301,81,16,3,19,0
2020-03-27,Sutter,101,95872,16,2,0,2,0
2020-03-27,Tehama,103,63373,1,0,0,0,0
2020-03-27,Trinity,105,12862,0,0,0,0,0
2020-03-27,Tulare,107,460477,104,15,3,18,0
2020-03-27,Tuolumne,109,53932,1,1,0,1,0
2020-03-27,Ventura,111,848112,261,80,0,80,2
2020-03-27,Yolo,113,214977,49,13,0,13,1
2020-03-27,Yuba,115,75493,7,3,0,3,0
2020-03-26,Alameda,001,1643700,552,172,1,173,4
2020-03-26,Alpine,003,1148,1,0,0,0,0
2020-03-26,Amador,005,37829,3,1,0,1,0
2020-03-26,Butte,007,227075,12,4,0,4,0
2020-03-26,Calaveras,009,45235,3,2,0,2,0
2020-03-26,Colusa,011,21464,3,0,0,0,0
2020-03-26,Contra Costa,013,1133247,380,147,0,147,2
2020-03-26,Del Norte,015,27424,0,0,0,0,0
2020-03-26,El Dorado,017,186661,25,7,0,7,0
2020-03-26,Fresno,019,978130,169,25,2,27,0
2020-03-26,Glenn,021,27897,2,0,0,0,0
2020-03-26,Humboldt,023,135768,37,8,0,8,0
2020-03-26,Imperial,025,180216,68,8,0,8,0
2020-03-26,Inyo,027,18085,8,0,0,0,0
2020-03-26,Kern,029,883053,184,20,0,20,0
2020-03-26,Kings,031,150075,27,0,1,1,0
2020-03-26,Lake,033,64148,0,0,0,0,0
2020-03-26,Lassen,035,31185,1,0,1,1,0
2020-03-26,Los Angeles,037,10098052,4522,1075,12,1087,19
2020-03-26,Madera,039,155013,39,8,0,8,0
2020-03-26,Marin,041,260295,101,56,0,56,0
2020-03-26,Mariposa,043,17540,0,0,0,0,0
2020-03-26,Mendocino,045,87422,4,1,0,1,0
2020-03-26,Merced,047,269075,23,1,0,1,0
2020-03-26,Modoc,049,8938,0,0,0,0,0
2020-03-26,Mono,051,14174,23,5,0,5,0
2020-03-26,Monterey,053,433212,65,25,1,26,1
2020-03-26,Napa,055,140530,26,5,0,5,0
2020-03-26,Nevada,057,99092,32,7,1,8,0
2020-03-26,Orange,059,3164182,1058,279,8,287,1
2020-03-26,Placer,061,380077,103,34,0,34,1
2020-03-26,Plumas,063,18699,0,0,0,0,0
2020-03-26,Riverside,065,2383286,883,118,12,130,7
2020-03-26,Sacramento,067,1510023,469,147,0,147,5
2020-03-26,San Benito,069,59416,28,8,0,8,1
2020-03-26,San Bernardino,071,2135413,446,57,0,57,1
2020-03-26,San Diego,073,3302833,1256,299,0,299,2
2020-03-26,San Francisco,075,870044,589,261,0,261,1
2020-03-26,San Joaquin,077,732212,188,69,3,72,3
2020-03-26,San Luis Obispo,079,281455,110,38,0,38,0
2020-03-26,San Mateo,081,765935,609,122,2,124,5
2020-03-26,Santa Barbara,083,443738,213,33,1,34,0
2020-03-26,Santa Clara,085,1922200,1232,487,2,489,20
2020-03-26,Santa Cruz,087,273765,71,30,0,30,0
2020-03-26,Shasta,089,179085,17,3,0,3,1
2020-03-26,Sierra,091,2930,0,0,0,0,0
2020-03-26,Siskiyou,093,43540,4,2,0,2,0
2020-03-26,Solano,095,438530,84,41,0,41,0
2020-03-26,Sonoma,097,501317,128,33,0,33,1
2020-03-26,Stanislaus,099,539301,79,15,3,18,0
2020-03-26,Sutter,101,95872,12,2,0,2,0
2020-03-26,Tehama,103,63373,1,0,0,0,0
2020-03-26,Trinity,105,12862,0,0,0,0,0
2020-03-26,Tulare,107,460477,95,15,3,18,0
2020-03-26,Tuolumne,109,53932,1,0,0,0,0
2020-03-26,Ventura,111,848112,245,70,0,70,1
2020-03-26,Yolo,113,214977,45,13,0,13,1
2020-03-26,Yuba,115,75493,7,3,0,3,0
2020-03-25,Alameda,001,1643700,531,134,1,135,3
2020-03-25,Alpine,003,1148,1,0,0,0,0
2020-03-25,Amador,005,37829,3,1,0,1,0
2020-03-25,Butte,007,227075,12,4,0,4,0
2020-03-25,Calaveras,009,45235,3,2,0,2,0
2020-03-25,Colusa,011,21464,2,0,0,0,0
2020-03-25,Contra Costa,013,1133247,366,131,0,131,1
2020-03-25,Del Norte,015,27424,0,0,0,0,0
2020-03-25,El Dorado,017,186661,25,5,0,5,0
2020-03-25,Fresno,019,978130,151,21,2,23,0
2020-03-25,Glenn,021,27897,2,0,0,0,0
2020-03-25,Humboldt,023,135768,34,3,0,3,0
2020-03-25,Imperial,025,180216,60,8,0,8,0
2020-03-25,Inyo,027,18085,5,0,0,0,0
2020-03-25,Kern,029,883053,164,13,0,13,0
2020-03-25,Kings,031,150075,25,0,1,1,0
2020-03-25,Lake,033,64148,0,0,0,0,0
2020-03-25,Lassen,035,31185,1,0,1,1,0
2020-03-25,Los Angeles,037,10098052,4127,725,12,737,10
2020-03-25,Madera,039,155013,37,6,0,6,0
2020-03-25,Marin,041,260295,95,47,0,47,0
2020-03-25,Mariposa,043,17540,0,0,0,0,0
2020-03-25,Mendocino,045,87422,3,1,0,1,0
2020-03-25,Merced,047,269075,19,0,0,0,0
2020-03-25,Modoc,049,8938,0,0,0,0,0
2020-03-25,Mono,051,14174,22,4,0,4,0
2020-03-25,Monterey,053,433212,62,23,1,24,1
2020-03-25,Napa,055,140530,26,5,0,5,0
2020-03-25,Nevada,057,99092,31,5,1,6,0
2020-03-25,Orange,059,3164182,999,214,8,222,1
2020-03-25,Placer,061,380077,97,30,0,30,1
2020-03-25,Plumas,063,18699,0,1,0,1,0
2020-03-25,Riverside,065,2383286,812,87,12,99,5
2020-03-25,Sacramento,067,1510023,443,114,0,114,5
2020-03-25,San Benito,069,59416,27,4,0,4,1
2020-03-25,San Bernardino,071,2135413,407,46,0,46,1
2020-03-25,San Diego,073,3302833,1194,238,0,238,2
2020-03-25,San Francisco,075,870044,548,212,0,212,1
2020-03-25,San Joaquin,077,732212,175,64,3,67,2
2020-03-25,San Luis Obispo,079,281455,105,35,0,35,0
2020-03-25,San Mateo,081,765935,574,111,2,113,5
2020-03-25,Santa Barbara,083,443738,202,25,1,26,0
2020-03-25,Santa Clara,085,1922200,1188,452,2,454,20
2020-03-25,Santa Cruz,087,273765,68,26,0,26,0
2020-03-25,Shasta,089,179085,16,3,0,3,1
2020-03-25,Sierra,091,2930,0,0,0,0,0
2020-03-25,Siskiyou,093,43540,4,2,0,2,0
2020-03-25,Solano,095,438530,79,39,0,39,0
2020-03-25,Sonoma,097,501317,123,31,0,31,1
2020-03-25,Stanislaus,099,539301,72,14,3,17,0
2020-03-25,Sutter,101,95872,9,1,0,1,0
2020-03-25,Tehama,103,63373,1,0,0,0,0
2020-03-25,Trinity,105,12862,0,0,0,0,0
2020-03-25,Tulare,107,460477,85,11,3,14,0
2020-03-25,Tuolumne,109,53932,1,0,0,0,0
2020-03-25,Ventura,111,848112,229,53,0,53,1
2020-03-25,Yolo,113,214977,43,9,0,9,1
2020-03-25,Yuba,115,75493,7,2,0,2,0
2020-03-24,Alameda,001,1643700,499,96,1,97,2
2020-03-24,Alpine,003,1148,1,0,0,0,0
2020-03-24,Amador,005,37829,1,1,0,1,0
2020-03-24,Butte,007,227075,11,3,0,3,0
2020-03-24,Calaveras,009,45235,2,2,0,2,0
2020-03-24,Colusa,011,21464,2,0,0,0,0
2020-03-24,Contra Costa,013,1133247,352,108,0,108,1
2020-03-24,Del Norte,015,27424,0,0,0,0,0
2020-03-24,El Dorado,017,186661,25,3,0,3,0
2020-03-24,Fresno,019,978130,132,18,2,20,0
2020-03-24,Glenn,021,27897,2,0,0,0,0
2020-03-24,Humboldt,023,135768,32,2,0,2,0
2020-03-24,Imperial,025,180216,57,3,0,3,0
2020-03-24,Inyo,027,18085,5,0,0,0,0
2020-03-24,Kern,029,883053,144,5,0,5,0
2020-03-24,Kings,031,150075,24,0,1,1,0
2020-03-24,Lake,033,64148,0,0,0,0,0
2020-03-24,Lassen,035,31185,1,0,1,1,0
2020-03-24,Los Angeles,037,10098052,3675,633,12,645,7
2020-03-24,Madera,039,155013,36,6,0,6,0
2020-03-24,Marin,041,260295,84,44,0,44,0
2020-03-24,Mariposa,043,17540,0,0,0,0,0
2020-03-24,Mendocino,045,87422,3,1,0,1,0
2020-03-24,Merced,047,269075,17,0,0,0,0
2020-03-24,Modoc,049,8938,0,0,0,0,0
2020-03-24,Mono,051,14174,21,1,0,1,0
2020-03-24,Monterey,053,433212,58,23,1,24,1
2020-03-24,Napa,055,140530,23,2,0,2,0
2020-03-24,Nevada,057,99092,30,4,1,5,0
2020-03-24,Orange,059,3164182,937,166,8,174,0
2020-03-24,Placer,061,380077,90,22,0,22,1
2020-03-24,Plumas,063,18699,0,1,0,1,0
2020-03-24,Riverside,065,2383286,745,56,12,68,5
2020-03-24,Sacramento,067,1510023,424,93,0,93,4
2020-03-24,San Benito,069,59416,26,4,0,4,1
2020-03-24,San Bernardino,071,2135413,363,27,0,27,0
2020-03-24,San Diego,073,3302833,1127,231,0,231,2
2020-03-24,San Francisco,075,870044,516,181,0,181,1
2020-03-24,San Joaquin,077,732212,164,52,3,55,2
2020-03-24,San Luis Obispo,079,281455,102,32,0,32,0
2020-03-24,San Mateo,081,765935,533,100,2,102,2
2020-03-24,Santa Barbara,083,443738,196,20,1,21,0
2020-03-24,Santa Clara,085,1922200,1119,389,2,391,17
2020-03-24,Santa Cruz,087,273765,63,22,0,22,0
2020-03-24,Shasta,089,179085,15,3,0,3,0
2020-03-24,Sierra,091,2930,0,0,0,0,0
2020-03-24,Siskiyou,093,43540,4,2,0,2,0
2020-03-24,Solano,095,438530,77,34,0,34,0
2020-03-24,Sonoma,097,501317,116,27,0,27,1
2020-03-24,Stanislaus,099,539301,63,13,3,16,0
2020-03-24,Sutter,101,95872,9,0,0,0,0
2020-03-24,Tehama,103,63373,1,0,0,0,0
2020-03-24,Trinity,105,12862,0,0,0,0,0
2020-03-24,Tulare,107,460477,75,10,3,13,0
2020-03-24,Tuolumne,109,53932,1,0,0,0,0
2020-03-24,Ventura,111,848112,213,44,0,44,1
2020-03-24,Yolo,113,214977,39,8,0,8,0
2020-03-24,Yuba,115,75493,7,2,0,2,0
2020-03-23,Alameda,001,1643700,468,88,1,89,1
2020-03-23,Alpine,003,1148,1,0,0,0,0
2020-03-23,Amador,005,37829,1,1,0,1,0
2020-03-23,Butte,007,227075,11,2,0,2,0
2020-03-23,Calaveras,009,45235,2,2,0,2,0
2020-03-23,Colusa,011,21464,1,0,0,0,0
2020-03-23,Contra Costa,013,1133247,332,91,0,91,2
2020-03-23,Del Norte,015,27424,0,0,0,0,0
2020-03-23,El Dorado,017,186661,24,3,0,3,0
2020-03-23,Fresno,019,978130,122,10,2,12,0
2020-03-23,Glenn,021,27897,2,0,0,0,0
2020-03-23,Humboldt,023,135768,30,2,0,2,0
2020-03-23,Imperial,025,180216,53,2,0,2,0
2020-03-23,Inyo,027,18085,3,0,0,0,0
2020-03-23,Kern,029,883053,130,5,0,5,0
2020-03-23,Kings,031,150075,24,0,1,1,0
2020-03-23,Lake,033,64148,0,0,0,0,0
2020-03-23,Lassen,035,31185,1,0,1,1,0
2020-03-23,Los Angeles,037,10098052,3371,389,12,401,4
2020-03-23,Madera,039,155013,36,4,0,4,0
2020-03-23,Marin,041,260295,79,30,0,30,0
2020-03-23,Mariposa,043,17540,0,0,0,0,0
2020-03-23,Mendocino,045,87422,3,1,0,1,0
2020-03-23,Merced,047,269075,11,0,0,0,0
2020-03-23,Modoc,049,8938,0,0,0,0,0
2020-03-23,Mono,051,14174,19,1,0,1,0
2020-03-23,Monterey,053,433212,53,14,1,15,1
2020-03-23,Napa,055,140530,21,1,0,1,0
2020-03-23,Nevada,057,99092,27,2,1,3,0
2020-03-23,Orange,059,3164182,882,138,7,145,0
2020-03-23,Placer,061,380077,87,19,0,19,1
2020-03-23,Plumas,063,18699,0,0,0,0,0
2020-03-23,Riverside,065,2383286,702,39,12,51,5
2020-03-23,Sacramento,067,1510023,391,87,0,87,4
2020-03-23,San Benito,069,59416,25,4,0,4,1
2020-03-23,San Bernardino,071,2135413,333,17,0,17,0
2020-03-23,San Diego,073,3302833,1068,178,0,178,1
2020-03-23,San Francisco,075,870044,487,152,0,152,0
2020-03-23,San Joaquin,077,732212,153,37,3,40,2
2020-03-23,San Luis Obispo,079,281455,96,23,0,23,0
2020-03-23,San Mateo,081,765935,495,88,2,90,1
2020-03-23,Santa Barbara,083,443738,175,18,1,19,0
2020-03-23,Santa Clara,085,1922200,1071,336,2,338,13
2020-03-23,Santa Cruz,087,273765,61,21,0,21,0
2020-03-23,Shasta,089,179085,13,2,0,2,0
2020-03-23,Sierra,091,2930,0,0,0,0,0
2020-03-23,Siskiyou,093,43540,4,2,0,2,0
2020-03-23,Solano,095,438530,73,33,0,33,0
2020-03-23,Sonoma,097,501317,104,19,0,19,1
2020-03-23,Stanislaus,099,539301,55,10,3,13,0
2020-03-23,Sutter,101,95872,9,0,0,0,0
2020-03-23,Tehama,103,63373,1,0,0,0,0
2020-03-23,Trinity,105,12862,0,0,0,0,0
2020-03-23,Tulare,107,460477,66,9,3,12,0
2020-03-23,Tuolumne,109,53932,1,0,0,0,0
2020-03-23,Ventura,111,848112,196,30,0,30,0
2020-03-23,Yolo,113,214977,38,8,0,8,0
2020-03-23,Yuba,115,75493,7,2,0,2,0
2020-03-22,Alameda,001,1643700,429,72,1,73,1
2020-03-22,Alpine,003,1148,1,0,0,0,0
2020-03-22,Amador,005,37829,1,1,0,1,0
2020-03-22,Butte,007,227075,8,1,0,1,0
2020-03-22,Calaveras,009,45235,2,2,0,2,0
2020-03-22,Colusa,011,21464,1,0,0,0,0
2020-03-22,Contra Costa,013,1133247,305,79,0,79,1
2020-03-22,Del Norte,015,27424,0,0,0,0,0
2020-03-22,El Dorado,017,186661,22,1,0,1,0
2020-03-22,Fresno,019,978130,102,8,2,10,0
2020-03-22,Glenn,021,27897,2,0,0,0,0
2020-03-22,Humboldt,023,135768,27,1,0,1,0
2020-03-22,Imperial,025,180216,51,2,0,2,0
2020-03-22,Inyo,027,18085,1,0,0,0,0
2020-03-22,Kern,029,883053,114,3,0,3,0
2020-03-22,Kings,031,150075,21,0,1,1,0
2020-03-22,Lake,033,64148,0,0,0,0,0
2020-03-22,Lassen,035,31185,1,0,1,1,0
2020-03-22,Los Angeles,037,10098052,3050,384,12,396,3
2020-03-22,Madera,039,155013,33,4,0,4,0
2020-03-22,Marin,041,260295,69,30,0,30,0
2020-03-22,Mariposa,043,17540,0,0,0,0,0
2020-03-22,Mendocino,045,87422,3,1,0,1,0
2020-03-22,Merced,047,269075,7,0,0,0,0
2020-03-22,Modoc,049,8938,0,0,0,0,0
2020-03-22,Mono,051,14174,14,1,0,1,0
2020-03-22,Monterey,053,433212,50,14,1,15,1
2020-03-22,Napa,055,140530,17,1,0,1,0
2020-03-22,Nevada,057,99092,23,2,1,3,0
2020-03-22,Orange,059,3164182,809,102,4,106,0
2020-03-22,Placer,061,380077,84,18,0,18,1
2020-03-22,Plumas,063,18699,0,0,0,0,0
2020-03-22,Riverside,065,2383286,613,26,8,34,5
2020-03-22,Sacramento,067,1510023,359,82,0,82,4
2020-03-22,San Benito,069,59416,20,4,0,4,1
2020-03-22,San Bernardino,071,2135413,290,16,0,16,0
2020-03-22,San Diego,073,3302833,980,161,0,161,0
2020-03-22,San Francisco,075,870044,450,134,0,134,0
2020-03-22,San Joaquin,077,732212,139,30,3,33,2
2020-03-22,San Luis Obispo,079,281455,90,19,0,19,0
2020-03-22,San Mateo,081,765935,462,82,2,84,1
2020-03-22,Santa Barbara,083,443738,157,16,1,17,0
2020-03-22,Santa Clara,085,1922200,1007,284,2,286,13
2020-03-22,Santa Cruz,087,273765,60,19,0,19,0
2020-03-22,Shasta,089,179085,13,1,0,1,0
2020-03-22,Sierra,091,2930,0,0,0,0,0
2020-03-22,Siskiyou,093,43540,4,2,0,2,0
2020-03-22,Solano,095,438530,64,30,0,30,0
2020-03-22,Sonoma,097,501317,99,18,0,18,1
2020-03-22,Stanislaus,099,539301,49,8,3,11,0
2020-03-22,Sutter,101,95872,8,0,0,0,0
2020-03-22,Tehama,103,63373,0,0,0,0,0
2020-03-22,Trinity,105,12862,0,0,0,0,0
2020-03-22,Tulare,107,460477,60,5,3,8,0
2020-03-22,Tuolumne,109,53932,1,0,0,0,0
2020-03-22,Ventura,111,848112,174,26,0,26,0
2020-03-22,Yolo,113,214977,32,6,0,6,0
2020-03-22,Yuba,115,75493,7,2,0,2,0
2020-03-21,Alameda,001,1643700,405,62,1,63,0
2020-03-21,Alpine,003,1148,1,0,0,0,0
2020-03-21,Amador,005,37829,1,1,0,1,0
2020-03-21,Butte,007,227075,7,1,0,1,0
2020-03-21,Calaveras,009,45235,2,2,0,2,0
2020-03-21,Colusa,011,21464,1,0,0,0,0
2020-03-21,Contra Costa,013,1133247,294,62,0,62,1
2020-03-21,Del Norte,015,27424,0,0,0,0,0
2020-03-21,El Dorado,017,186661,19,1,0,1,0
2020-03-21,Fresno,019,978130,98,8,2,10,0
2020-03-21,Glenn,021,27897,2,0,0,0,0
2020-03-21,Humboldt,023,135768,25,1,0,1,0
2020-03-21,Imperial,025,180216,47,2,0,2,0
2020-03-21,Inyo,027,18085,1,0,0,0,0
2020-03-21,Kern,029,883053,108,3,0,3,0
2020-03-21,Kings,031,150075,21,0,1,1,0
2020-03-21,Lake,033,64148,0,0,0,0,0
2020-03-21,Lassen,035,31185,1,0,1,1,0
2020-03-21,Los Angeles,037,10098052,2777,322,12,334,2
2020-03-21,Madera,039,155013,33,4,0,4,0
2020-03-21,Marin,041,260295,64,30,0,30,0
2020-03-21,Mariposa,043,17540,0,0,0,0,0
2020-03-21,Mendocino,045,87422,3,1,0,1,0
2020-03-21,Merced,047,269075,6,0,0,0,0
2020-03-21,Modoc,049,8938,0,0,0,0,0
2020-03-21,Mono,051,14174,14,1,0,1,0
2020-03-21,Monterey,053,433212,47,8,1,9,1
2020-03-21,Napa,055,140530,17,0,0,0,0
2020-03-21,Nevada,057,99092,23,2,1,3,0
2020-03-21,Orange,059,3164182,760,85,4,89,0
2020-03-21,Placer,061,380077,75,11,0,11,1
2020-03-21,Plumas,063,18699,0,0,0,0,0
2020-03-21,Riverside,065,2383286,566,20,8,28,3
2020-03-21,Sacramento,067,1510023,332,66,0,66,3
2020-03-21,San Benito,069,59416,18,4,0,4,1
2020-03-21,San Bernardino,071,2135413,270,13,0,13,0
2020-03-21,San Diego,073,3302833,903,121,0,121,0
2020-03-21,San Francisco,075,870044,414,106,0,106,0
2020-03-21,San Joaquin,077,732212,130,26,3,29,2
2020-03-21,San Luis Obispo,079,281455,85,16,0,16,0
2020-03-21,San Mateo,081,765935,424,78,2,80,1
2020-03-21,Santa Barbara,083,443738,142,8,1,9,0
2020-03-21,Santa Clara,085,1922200,946,269,2,271,10
2020-03-21,Santa Cruz,087,273765,58,17,0,17,0
2020-03-21,Shasta,089,179085,12,1,0,1,0
2020-03-21,Sierra,091,2930,0,0,0,0,0
2020-03-21,Siskiyou,093,43540,4,0,0,0,0
2020-03-21,Solano,095,438530,62,30,0,30,0
2020-03-21,Sonoma,097,501317,98,15,0,15,1
2020-03-21,Stanislaus,099,539301,43,7,3,10,0
2020-03-21,Sutter,101,95872,7,0,0,0,0
2020-03-21,Tehama,103,63373,0,0,0,0,0
2020-03-21,Trinity,105,12862,0,0,0,0,0
2020-03-21,Tulare,107,460477,53,5,3,8,0
2020-03-21,Tuolumne,109,53932,1,0,0,0,0
2020-03-21,Ventura,111,848112,166,22,0,22,0
2020-03-21,Yolo,113,214977,32,6,0,6,0
2020-03-21,Yuba,115,75493,7,1,0,1,0
2020-03-20,Alameda,001,1643700,384,42,1,43,0
2020-03-20,Alpine,003,1148,1,0,0,0,0
2020-03-20,Amador,005,37829,0,0,0,0,0
2020-03-20,Butte,007,227075,7,0,0,0,0
2020-03-20,Calaveras,009,45235,2,2,0,2,0
2020-03-20,Colusa,011,21464,1,0,0,0,0
2020-03-20,Contra Costa,013,1133247,264,52,0,52,1
2020-03-20,Del Norte,015,27424,0,0,0,0,0
2020-03-20,El Dorado,017,186661,18,1,0,1,0
2020-03-20,Fresno,019,978130,95,7,2,9,0
2020-03-20,Glenn,021,27897,1,0,0,0,0
2020-03-20,Humboldt,023,135768,25,1,0,1,0
2020-03-20,Imperial,025,180216,46,2,0,2,0
2020-03-20,Inyo,027,18085,0,0,0,0,0
2020-03-20,Kern,029,883053,93,3,0,3,0
2020-03-20,Kings,031,150075,20,0,1,1,0
2020-03-20,Lake,033,64148,0,0,0,0,0
2020-03-20,Lassen,035,31185,1,0,1,1,0
2020-03-20,Los Angeles,037,10098052,2552,267,11,278,1
2020-03-20,Madera,039,155013,32,4,0,4,0
2020-03-20,Marin,041,260295,61,30,0,30,0
2020-03-20,Mariposa,043,17540,0,0,0,0,0
2020-03-20,Mendocino,045,87422,3,1,0,1,0
2020-03-20,Merced,047,269075,6,0,0,0,0
2020-03-20,Modoc,049,8938,0,0,0,0,0
2020-03-20,Mono,051,14174,14,0,0,0,0
2020-03-20,Monterey,053,433212,46,4,1,5,0
2020-03-20,Napa,055,140530,16,0,0,0,0
2020-03-20,Nevada,057,99092,20,2,1,3,0
2020-03-20,Orange,059,3164182,713,71,4,75,2
2020-03-20,Placer,061,380077,69,9,0,9,1
2020-03-20,Plumas,063,18699,0,0,0,0,0
2020-03-20,Riverside,065,2383286,507,19,8,27,3
2020-03-20,Sacramento,067,1510023,311,56,0,56,4
2020-03-20,San Benito,069,59416,18,4,0,4,1
2020-03-20,San Bernardino,071,2135413,243,9,0,9,0
2020-03-20,San Diego,073,3302833,851,98,0,98,0
2020-03-20,San Francisco,075,870044,382,87,0,87,0
2020-03-20,San Joaquin,077,732212,115,18,3,21,2
2020-03-20,San Luis Obispo,079,281455,81,11,0,11,0
2020-03-20,San Mateo,081,765935,394,71,2,73,1
2020-03-20,Santa Barbara,083,443738,124,7,1,8,0
2020-03-20,Santa Clara,085,1922200,908,246,2,248,8
2020-03-20,Santa Cruz,087,273765,56,13,0,13,0
2020-03-20,Shasta,089,179085,11,1,0,1,0
2020-03-20,Sierra,091,2930,0,0,0,0,0
2020-03-20,Siskiyou,093,43540,4,0,0,0,0
2020-03-20,Solano,095,438530,58,29,0,29,0
2020-03-20,Sonoma,097,501317,90,7,0,7,0
2020-03-20,Stanislaus,099,539301,37,7,3,10,0
2020-03-20,Sutter,101,95872,7,0,0,0,0
2020-03-20,Tehama,103,63373,0,0,0,0,0
2020-03-20,Trinity,105,12862,0,0,0,0,0
2020-03-20,Tulare,107,460477,49,4,3,7,0
2020-03-20,Tuolumne,109,53932,1,0,0,0,0
2020-03-20,Ventura,111,848112,156,18,0,18,0
2020-03-20,Yolo,113,214977,30,5,0,5,0
2020-03-20,Yuba,115,75493,6,0,0,0,0
2020-03-19,Alameda,001,1643700,348,36,1,37,0
2020-03-19,Alpine,003,1148,1,0,0,0,0
2020-03-19,Amador,005,37829,0,0,0,0,0
2020-03-19,Butte,007,227075,5,0,0,0,0
2020-03-19,Calaveras,009,45235,2,2,0,2,0
2020-03-19,Colusa,011,21464,0,0,0,0,0
2020-03-19,Contra Costa,013,1133247,248,46,0,46,0
2020-03-19,Del Norte,015,27424,0,0,0,0,0
2020-03-19,El Dorado,017,186661,17,0,0,0,0
2020-03-19,Fresno,019,978130,86,6,2,8,0
2020-03-19,Glenn,021,27897,1,0,0,0,0
2020-03-19,Humboldt,023,135768,23,1,0,1,0
2020-03-19,Imperial,025,180216,39,2,0,2,0
2020-03-19,Inyo,027,18085,0,0,0,0,0
2020-03-19,Kern,029,883053,81,3,0,3,0
2020-03-19,Kings,031,150075,16,0,1,1,0
2020-03-19,Lake,033,64148,0,0,0,0,0
2020-03-19,Lassen,035,31185,0,0,1,1,0
2020-03-19,Los Angeles,037,10098052,2265,233,11,244,0
2020-03-19,Madera,039,155013,31,3,0,3,0
2020-03-19,Marin,041,260295,58,19,0,19,0
2020-03-19,Mariposa,043,17540,0,0,0,0,0
2020-03-19,Mendocino,045,87422,2,1,0,1,0
2020-03-19,Merced,047,269075,5,0,0,0,0
2020-03-19,Modoc,049,8938,0,0,0,0,0
2020-03-19,Mono,051,14174,12,0,0,0,0
2020-03-19,Monterey,053,433212,38,3,1,4,0
2020-03-19,Napa,055,140530,14,0,0,0,0
2020-03-19,Nevada,057,99092,18,2,1,3,0
2020-03-19,Orange,059,3164182,631,59,4,63,0
2020-03-19,Placer,061,380077,61,8,0,8,1
2020-03-19,Plumas,063,18699,0,0,0,0,0
2020-03-19,Riverside,065,2383286,396,14,6,20,3
2020-03-19,Sacramento,067,1510023,278,52,0,52,3
2020-03-19,San Benito,069,59416,15,3,0,3,0
2020-03-19,San Bernardino,071,2135413,213,7,0,7,0
2020-03-19,San Diego,073,3302833,768,68,0,68,0
2020-03-19,San Francisco,075,870044,346,80,0,80,0
2020-03-19,San Joaquin,077,732212,102,15,3,18,2
2020-03-19,San Luis Obispo,079,281455,78,6,0,6,0
2020-03-19,San Mateo,081,765935,359,58,2,60,1
2020-03-19,Santa Barbara,083,443738,107,5,0,5,0
2020-03-19,Santa Clara,085,1922200,841,183,2,185,8
2020-03-19,Santa Cruz,087,273765,53,13,0,13,0
2020-03-19,Shasta,089,179085,10,1,0,1,0
2020-03-19,Sierra,091,2930,0,0,0,0,0
2020-03-19,Siskiyou,093,43540,3,0,0,0,0
2020-03-19,Solano,095,438530,54,26,0,26,0
2020-03-19,Sonoma,097,501317,87,8,0,8,0
2020-03-19,Stanislaus,099,539301,36,7,3,10,0
2020-03-19,Sutter,101,95872,7,0,0,0,0
2020-03-19,Tehama,103,63373,0,0,0,0,0
2020-03-19,Trinity,105,12862,0,0,0,0,0
2020-03-19,Tulare,107,460477,43,3,3,6,0
2020-03-19,Tuolumne,109,53932,1,0,0,0,0
2020-03-19,Ventura,111,848112,134,15,0,15,0
2020-03-19,Yolo,113,214977,26,5,0,5,0
2020-03-19,Yuba,115,75493,5,0,0,0,0
2020-03-18,Alameda,001,1643700,320,29,1,30,0
2020-03-18,Alpine,003,1148,1,0,0,0,0
2020-03-18,Amador,005,37829,0,0,0,0,0
2020-03-18,Butte,007,227075,4,0,0,0,0
2020-03-18,Calaveras,009,45235,2,2,0,2,0
2020-03-18,Colusa,011,21464,0,0,0,0,0
2020-03-18,Contra Costa,013,1133247,227,44,0,44,0
2020-03-18,Del Norte,015,27424,0,0,0,0,0
2020-03-18,El Dorado,017,186661,16,0,0,0,0
2020-03-18,Fresno,019,978130,77,3,1,4,0
2020-03-18,Glenn,021,27897,1,0,0,0,0
2020-03-18,Humboldt,023,135768,19,1,0,1,0
2020-03-18,Imperial,025,180216,33,2,0,2,0
2020-03-18,Inyo,027,18085,0,0,0,0,0
2020-03-18,Kern,029,883053,66,1,0,1,0
2020-03-18,Kings,031,150075,14,0,1,1,0
2020-03-18,Lake,033,64148,0,0,0,0,0
2020-03-18,Lassen,035,31185,0,0,1,1,0
2020-03-18,Los Angeles,037,10098052,2026,47,11,58,0
2020-03-18,Madera,039,155013,30,2,0,2,0
2020-03-18,Marin,041,260295,53,10,0,10,0
2020-03-18,Mariposa,043,17540,0,0,0,0,0
2020-03-18,Mendocino,045,87422,2,0,0,0,0
2020-03-18,Merced,047,269075,5,0,0,0,0
2020-03-18,Modoc,049,8938,0,0,0,0,0
2020-03-18,Mono,051,14174,11,0,0,0,0
2020-03-18,Monterey,053,433212,30,1,0,1,0
2020-03-18,Napa,055,140530,11,0,0,0,0
2020-03-18,Nevada,057,99092,16,2,1,3,0
2020-03-18,Orange,059,3164182,574,38,4,42,0
2020-03-18,Placer,061,380077,54,8,0,8,1
2020-03-18,Plumas,063,18699,0,0,0,0,0
2020-03-18,Riverside,065,2383286,333,11,5,16,2
2020-03-18,Sacramento,067,1510023,255,46,0,46,3
2020-03-18,San Benito,069,59416,14,3,0,3,0
2020-03-18,San Bernardino,071,2135413,191,3,0,3,0
2020-03-18,San Diego,073,3302833,683,40,0,40,0
2020-03-18,San Francisco,075,870044,327,65,0,65,0
2020-03-18,San Joaquin,077,732212,90,14,3,17,2
2020-03-18,San Luis Obispo,079,281455,71,5,0,5,0
2020-03-18,San Mateo,081,765935,337,57,2,59,1
2020-03-18,Santa Barbara,083,443738,92,2,0,2,0
2020-03-18,Santa Clara,085,1922200,791,151,2,153,6
2020-03-18,Santa Cruz,087,273765,51,11,0,11,0
2020-03-18,Shasta,089,179085,9,1,0,1,0
2020-03-18,Sierra,091,2930,0,0,0,0,0
2020-03-18,Siskiyou,093,43540,3,0,0,0,0
2020-03-18,Solano,095,438530,50,26,0,26,0
2020-03-18,Sonoma,097,501317,78,6,0,6,0
2020-03-18,Stanislaus,099,539301,32,5,2,7,0
2020-03-18,Sutter,101,95872,5,0,0,0,0
2020-03-18,Tehama,103,63373,0,0,0,0,0
2020-03-18,Trinity,105,12862,0,0,0,0,0
2020-03-18,Tulare,107,460477,33,3,3,6,0
2020-03-18,Tuolumne,109,53932,1,0,0,0,0
2020-03-18,Ventura,111,848112,115,11,0,11,0
2020-03-18,Yolo,113,214977,23,4,0,4,0
2020-03-18,Yuba,115,75493,4,0,0,0,0
2020-03-17,Alameda,001,1643700,288,19,0,19,0
2020-03-17,Alpine,003,1148,0,0,0,0,0
2020-03-17,Amador,005,37829,0,0,0,0,0
2020-03-17,Butte,007,227075,4,0,0,0,0
2020-03-17,Calaveras,009,45235,2,2,0,2,0
2020-03-17,Colusa,011,21464,0,0,0,0,0
2020-03-17,Contra Costa,013,1133247,205,37,0,37,0
2020-03-17,Del Norte,015,27424,0,0,0,0,0
2020-03-17,El Dorado,017,186661,15,0,0,0,0
2020-03-17,Fresno,019,978130,67,2,1,3,0
2020-03-17,Glenn,021,27897,1,0,0,0,0
2020-03-17,Humboldt,023,135768,17,1,0,1,0
2020-03-17,Imperial,025,180216,27,2,0,2,0
2020-03-17,Inyo,027,18085,0,0,0,0,0
2020-03-17,Kern,029,883053,52,0,0,0,0
2020-03-17,Kings,031,150075,11,0,1,1,0
2020-03-17,Lake,033,64148,0,0,0,0,0
2020-03-17,Lassen,035,31185,0,0,1,1,0
2020-03-17,Los Angeles,037,10098052,1825,41,11,52,0
2020-03-17,Madera,039,155013,23,2,0,2,0
2020-03-17,Marin,041,260295,46,4,0,4,0
2020-03-17,Mariposa,043,17540,0,0,0,0,0
2020-03-17,Mendocino,045,87422,2,0,0,0,0
2020-03-17,Merced,047,269075,5,0,0,0,0
2020-03-17,Modoc,049,8938,0,0,0,0,0
2020-03-17,Mono,051,14174,9,0,0,0,0
2020-03-17,Monterey,053,433212,28,0,0,0,0
2020-03-17,Napa,055,140530,8,0,0,0,0
2020-03-17,Nevada,057,99092,15,1,1,2,0
2020-03-17,Orange,059,3164182,496,24,3,27,0
2020-03-17,Placer,061,380077,44,7,0,7,1
2020-03-17,Plumas,063,18699,0,0,0,0,0
2020-03-17,Riverside,065,2383286,271,11,5,16,0
2020-03-17,Sacramento,067,1510023,235,36,0,36,1
2020-03-17,San Benito,069,59416,12,2,0,2,0
2020-03-17,San Bernardino,071,2135413,163,2,0,2,0
2020-03-17,San Diego,073,3302833,616,17,0,17,0
2020-03-17,San Francisco,075,870044,300,46,0,46,0
2020-03-17,San Joaquin,077,732212,84,11,3,14,0
2020-03-17,San Luis Obispo,079,281455,63,1,0,1,0
2020-03-17,San Mateo,081,765935,305,46,2,48,1
2020-03-17,Santa Barbara,083,443738,78,0,0,0,0
2020-03-17,Santa Clara,085,1922200,733,121,2,123,4
2020-03-17,Santa Cruz,087,273765,48,10,0,10,0
2020-03-17,Shasta,089,179085,5,1,0,1,0
2020-03-17,Sierra,091,2930,0,0,0,0,0
2020-03-17,Siskiyou,093,43540,3,0,0,0,0
2020-03-17,Solano,095,438530,47,27,0,27,0
2020-03-17,Sonoma,097,501317,70,4,0,4,0
2020-03-17,Stanislaus,099,539301,29,4,2,6,0
2020-03-17,Sutter,101,95872,5,0,0,0,0
2020-03-17,Tehama,103,63373,0,0,0,0,0
2020-03-17,Trinity,105,12862,0,0,0,0,0
2020-03-17,Tulare,107,460477,28,2,3,5,0
2020-03-17,Tuolumne,109,53932,1,0,0,0,0
2020-03-17,Ventura,111,848112,98,7,0,7,0
2020-03-17,Yolo,113,214977,19,2,0,2,0
2020-03-17,Yuba,115,75493,4,0,0,0,0
2020-03-16,Alameda,001,1643700,260,17,0,17,0
2020-03-16,Alpine,003,1148,0,0,0,0,0
2020-03-16,Amador,005,37829,0,0,0,0,0
2020-03-16,Butte,007,227075,3,0,0,0,0
2020-03-16,Calaveras,009,45235,2,2,0,2,0
2020-03-16,Colusa,011,21464,0,0,0,0,0
2020-03-16,Contra Costa,013,1133247,183,36,0,36,0
2020-03-16,Del Norte,015,27424,0,0,0,0,0
2020-03-16,El Dorado,017,186661,14,0,0,0,0
2020-03-16,Fresno,019,978130,52,2,1,3,0
2020-03-16,Glenn,021,27897,0,0,0,0,0
2020-03-16,Humboldt,023,135768,13,1,0,1,0
2020-03-16,Imperial,025,180216,22,2,0,2,0
2020-03-16,Inyo,027,18085,0,0,0,0,0
2020-03-16,Kern,029,883053,43,0,0,0,0
2020-03-16,Kings,031,150075,10,0,1,1,0
2020-03-16,Lake,033,64148,0,0,0,0,0
2020-03-16,Lassen,035,31185,0,0,0,0,0
2020-03-16,Los Angeles,037,10098052,1590,43,11,54,0
2020-03-16,Madera,039,155013,22,2,0,2,0
2020-03-16,Marin,041,260295,43,4,0,4,0
2020-03-16,Mariposa,043,17540,0,0,0,0,0
2020-03-16,Mendocino,045,87422,2,0,0,0,0
2020-03-16,Merced,047,269075,5,0,0,0,0
2020-03-16,Modoc,049,8938,0,0,0,0,0
2020-03-16,Mono,051,14174,7,0,0,0,0
2020-03-16,Monterey,053,433212,27,0,0,0,0
2020-03-16,Napa,055,140530,7,0,0,0,0
2020-03-16,Nevada,057,99092,11,1,1,2,0
2020-03-16,Orange,059,3164182,413,18,3,21,0
2020-03-16,Placer,061,380077,36,7,0,7,1
2020-03-16,Plumas,063,18699,0,0,0,0,0
2020-03-16,Riverside,065,2383286,235,10,5,15,0
2020-03-16,Sacramento,067,1510023,208,34,0,34,1
2020-03-16,San Benito,069,59416,8,2,0,2,0
2020-03-16,San Bernardino,071,2135413,143,1,0,1,0
2020-03-16,San Diego,073,3302833,525,17,0,17,0
2020-03-16,San Francisco,075,870044,262,40,0,40,0
2020-03-16,San Joaquin,077,732212,74,9,3,12,0
2020-03-16,San Luis Obispo,079,281455,56,1,0,1,0
2020-03-16,San Mateo,081,765935,269,42,2,44,1
2020-03-16,Santa Barbara,083,443738,66,0,0,0,0
2020-03-16,Santa Clara,085,1922200,657,115,1,116,2
2020-03-16,Santa Cruz,087,273765,44,9,0,9,0
2020-03-16,Shasta,089,179085,5,1,0,1,0
2020-03-16,Sierra,091,2930,0,0,0,0,0
2020-03-16,Siskiyou,093,43540,2,0,0,0,0
2020-03-16,Solano,095,438530,43,27,0,27,0
2020-03-16,Sonoma,097,501317,63,4,0,4,0
2020-03-16,Stanislaus,099,539301,26,2,2,4,0
2020-03-16,Sutter,101,95872,3,0,0,0,0
2020-03-16,Tehama,103,63373,0,0,0,0,0
2020-03-16,Trinity,105,12862,0,0,0,0,0
2020-03-16,Tulare,107,460477,24,2,3,5,0
2020-03-16,Tuolumne,109,53932,1,0,0,0,0
2020-03-16,Ventura,111,848112,88,7,0,7,0
2020-03-16,Yolo,113,214977,18,2,0,2,0
2020-03-16,Yuba,115,75493,3,0,0,0,0
2020-03-15,Alameda,001,1643700,214,17,0,17,0
2020-03-15,Alpine,003,1148,0,0,0,0,0
2020-03-15,Amador,005,37829,0,0,0,0,0
2020-03-15,Butte,007,227075,3,0,0,0,0
2020-03-15,Calaveras,009,45235,2,2,0,2,0
2020-03-15,Colusa,011,21464,0,0,0,0,0
2020-03-15,Contra Costa,013,1133247,160,34,0,34,0
2020-03-15,Del Norte,015,27424,0,0,0,0,0
2020-03-15,El Dorado,017,186661,13,0,0,0,0
2020-03-15,Fresno,019,978130,32,1,1,2,0
2020-03-15,Glenn,021,27897,0,0,0,0,0
2020-03-15,Humboldt,023,135768,11,1,0,1,0
2020-03-15,Imperial,025,180216,17,2,0,2,0
2020-03-15,Inyo,027,18085,0,0,0,0,0
2020-03-15,Kern,029,883053,37,0,0,0,0
2020-03-15,Kings,031,150075,10,0,1,1,0
2020-03-15,Lake,033,64148,0,0,0,0,0
2020-03-15,Lassen,035,31185,0,0,0,0,0
2020-03-15,Los Angeles,037,10098052,1350,41,11,52,0
2020-03-15,Madera,039,155013,21,2,0,2,0
2020-03-15,Marin,041,260295,37,3,0,3,0
2020-03-15,Mariposa,043,17540,0,0,0,0,0
2020-03-15,Mendocino,045,87422,2,0,0,0,0
2020-03-15,Merced,047,269075,3,0,0,0,0
2020-03-15,Modoc,049,8938,0,0,0,0,0
2020-03-15,Mono,051,14174,6,0,0,0,0
2020-03-15,Monterey,053,433212,20,0,0,0,0
2020-03-15,Napa,055,140530,7,0,0,0,0
2020-03-15,Nevada,057,99092,11,0,1,1,0
2020-03-15,Orange,059,3164182,345,16,1,17,0
2020-03-15,Placer,061,380077,31,7,0,7,1
2020-03-15,Plumas,063,18699,0,0,0,0,0
2020-03-15,Riverside,065,2383286,183,10,5,15,0
2020-03-15,Sacramento,067,1510023,172,30,0,30,1
2020-03-15,San Benito,069,59416,8,2,0,2,0
2020-03-15,San Bernardino,071,2135413,121,0,0,0,0
2020-03-15,San Diego,073,3302833,438,16,0,16,0
2020-03-15,San Francisco,075,870044,206,31,0,31,0
2020-03-15,San Joaquin,077,732212,63,6,3,9,0
2020-03-15,San Luis Obispo,079,281455,46,1,0,1,0
2020-03-15,San Mateo,081,765935,236,29,1,30,1
2020-03-15,Santa Barbara,083,443738,56,0,0,0,0
2020-03-15,Santa Clara,085,1922200,585,79,1,80,2
2020-03-15,Santa Cruz,087,273765,38,8,0,8,0
2020-03-15,Shasta,089,179085,5,1,0,1,0
2020-03-15,Sierra,091,2930,0,0,0,0,0
2020-03-15,Siskiyou,093,43540,2,0,0,0,0
2020-03-15,Solano,095,438530,42,26,0,26,0
2020-03-15,Sonoma,097,501317,54,4,0,4,0
2020-03-15,Stanislaus,099,539301,26,2,2,4,0
2020-03-15,Sutter,101,95872,2,0,0,0,0
2020-03-15,Tehama,103,63373,0,0,0,0,0
2020-03-15,Trinity,105,12862,0,0,0,0,0
2020-03-15,Tulare,107,460477,18,2,3,5,0
2020-03-15,Tuolumne,109,53932,1,0,0,0,0
2020-03-15,Ventura,111,848112,77,5,0,5,0
2020-03-15,Yolo,113,214977,15,2,0,2,0
2020-03-15,Yuba,115,75493,2,0,0,0,0
2020-03-14,Alameda,001,1643700,195,11,0,11,0
2020-03-14,Alpine,003,1148,0,0,0,0,0
2020-03-14,Amador,005,37829,0,0,0,0,0
2020-03-14,Butte,007,227075,2,0,0,0,0
2020-03-14,Calaveras,009,45235,2,2,0,2,0
2020-03-14,Colusa,011,21464,0,0,0,0,0
2020-03-14,Contra Costa,013,1133247,138,30,0,30,0
2020-03-14,Del Norte,015,27424,0,0,0,0,0
2020-03-14,El Dorado,017,186661,11,0,0,0,0
2020-03-14,Fresno,019,978130,24,1,1,2,0
2020-03-14,Glenn,021,27897,0,0,0,0,0
2020-03-14,Humboldt,023,135768,7,1,0,1,0
2020-03-14,Imperial,025,180216,13,2,0,2,0
2020-03-14,Inyo,027,18085,0,0,0,0,0
2020-03-14,Kern,029,883053,32,0,0,0,0
2020-03-14,Kings,031,150075,10,0,1,1,0
2020-03-14,Lake,033,64148,0,0,0,0,0
2020-03-14,Lassen,035,31185,0,0,0,0,0
2020-03-14,Los Angeles,037,10098052,1172,35,11,46,0
2020-03-14,Madera,039,155013,20,2,0,2,0
2020-03-14,Marin,041,260295,36,3,0,3,0
2020-03-14,Mariposa,043,17540,0,0,0,0,0
2020-03-14,Mendocino,045,87422,2,0,0,0,0
2020-03-14,Merced,047,269075,3,0,0,0,0
2020-03-14,Modoc,049,8938,0,0,0,0,0
2020-03-14,Mono,051,14174,5,0,0,0,0
2020-03-14,Monterey,053,433212,14,0,0,0,0
2020-03-14,Napa,055,140530,5,0,0,0,0
2020-03-14,Nevada,057,99092,8,0,1,1,0
2020-03-14,Orange,059,3164182,306,14,0,14,0
2020-03-14,Placer,061,380077,28,6,0,6,1
2020-03-14,Plumas,063,18699,0,0,0,0,0
2020-03-14,Riverside,065,2383286,163,10,5,15,0
2020-03-14,Sacramento,067,1510023,151,31,0,31,1
2020-03-14,San Benito,069,59416,8,2,0,2,0
2020-03-14,San Bernardino,071,2135413,102,0,0,0,0
2020-03-14,San Diego,073,3302833,363,10,0,10,0
2020-03-14,San Francisco,075,870044,185,29,0,29,0
2020-03-14,San Joaquin,077,732212,54,6,3,9,0
2020-03-14,San Luis Obispo,079,281455,41,0,0,0,0
2020-03-14,San Mateo,081,765935,213,27,1,28,0
2020-03-14,Santa Barbara,083,443738,44,0,0,0,0
2020-03-14,Santa Clara,085,1922200,529,62,1,63,2
2020-03-14,Santa Cruz,087,273765,33,8,0,8,0
2020-03-14,Shasta,089,179085,5,1,0,1,0
2020-03-14,Sierra,091,2930,0,0,0,0,0
2020-03-14,Siskiyou,093,43540,1,0,0,0,0
2020-03-14,Solano,095,438530,40,26,0,26,0
2020-03-14,Sonoma,097,501317,41,2,0,2,0
2020-03-14,Stanislaus,099,539301,22,2,2,4,0
2020-03-14,Sutter,101,95872,2,0,0,0,0
2020-03-14,Tehama,103,63373,0,0,0,0,0
2020-03-14,Trinity,105,12862,0,0,0,0,0
2020-03-14,Tulare,107,460477,16,2,2,4,0
2020-03-14,Tuolumne,109,53932,1,0,0,0,0
2020-03-14,Ventura,111,848112,68,5,0,5,0
2020-03-14,Yolo,113,214977,15,2,0,2,0
2020-03-14,Yuba,115,75493,1,0,0,0,0
2020-03-13,Alameda,001,1643700,176,12,0,12,0
2020-03-13,Alpine,003,1148,0,0,0,0,0
2020-03-13,Amador,005,37829,0,0,0,0,0
2020-03-13,Butte,007,227075,0,0,0,0,0
2020-03-13,Calaveras,009,45235,2,2,0,2,0
2020-03-13,Colusa,011,21464,0,0,0,0,0
2020-03-13,Contra Costa,013,1133247,125,22,0,22,0
2020-03-13,Del Norte,015,27424,0,0,0,0,0
2020-03-13,El Dorado,017,186661,10,0,0,0,0
2020-03-13,Fresno,019,978130,19,1,1,2,0
2020-03-13,Glenn,021,27897,0,0,0,0,0
2020-03-13,Humboldt,023,135768,7,1,0,1,0
2020-03-13,Imperial,025,180216,12,2,0,2,0
2020-03-13,Inyo,027,18085,0,0,0,0,0
2020-03-13,Kern,029,883053,27,0,0,0,0
2020-03-13,Kings,031,150075,9,0,1,1,0
2020-03-13,Lake,033,64148,0,0,0,0,0
2020-03-13,Lassen,035,31185,0,0,0,0,0
2020-03-13,Los Angeles,037,10098052,1019,30,10,40,0
2020-03-13,Madera,039,155013,19,1,0,1,0
2020-03-13,Marin,041,260295,34,3,0,3,0
2020-03-13,Mariposa,043,17540,0,0,0,0,0
2020-03-13,Mendocino,045,87422,2,0,0,0,0
2020-03-13,Merced,047,269075,2,0,0,0,0
2020-03-13,Modoc,049,8938,0,0,0,0,0
2020-03-13,Mono,051,14174,3,0,0,0,0
2020-03-13,Monterey,053,433212,9,0,0,0,0
2020-03-13,Napa,055,140530,3,0,0,0,0
2020-03-13,Nevada,057,99092,7,0,1,1,0
2020-03-13,Orange,059,3164182,267,10,0,10,0
2020-03-13,Placer,061,380077,27,6,0,6,1
2020-03-13,Plumas,063,18699,0,0,0,0,0
2020-03-13,Riverside,065,2383286,133,5,4,9,0
2020-03-13,Sacramento,067,1510023,129,18,0,18,1
2020-03-13,San Benito,069,59416,6,2,0,2,0
2020-03-13,San Bernardino,071,2135413,95,0,0,0,0
2020-03-13,San Diego,073,3302833,313,8,0,8,0
2020-03-13,San Francisco,075,870044,171,28,0,28,0
2020-03-13,San Joaquin,077,732212,50,6,3,9,0
2020-03-13,San Luis Obispo,079,281455,33,0,0,0,0
2020-03-13,San Mateo,081,765935,192,24,1,25,0
2020-03-13,Santa Barbara,083,443738,40,0,0,0,0
2020-03-13,Santa Clara,085,1922200,467,59,1,60,1
2020-03-13,Santa Cruz,087,273765,32,7,0,7,0
2020-03-13,Shasta,089,179085,3,1,0,1,0
2020-03-13,Sierra,091,2930,0,0,0,0,0
2020-03-13,Siskiyou,093,43540,0,0,0,0,0
2020-03-13,Solano,095,438530,39,26,0,26,0
2020-03-13,Sonoma,097,501317,40,2,0,2,0
2020-03-13,Stanislaus,099,539301,17,2,2,4,0
2020-03-13,Sutter,101,95872,2,0,0,0,0
2020-03-13,Tehama,103,63373,0,0,0,0,0
2020-03-13,Trinity,105,12862,0,0,0,0,0
2020-03-13,Tulare,107,460477,13,2,2,4,0
2020-03-13,Tuolumne,109,53932,1,0,0,0,0
2020-03-13,Ventura,111,848112,54,5,0,5,0
2020-03-13,Yolo,113,214977,15,1,0,1,0
2020-03-13,Yuba,115,75493,1,0,0,0,0
2020-03-12,Alameda,001,1643700,151,9,0,9,0
2020-03-12,Alpine,003,1148,0,0,0,0,0
2020-03-12,Amador,005,37829,0,0,0,0,0
2020-03-12,Butte,007,227075,0,0,0,0,0
2020-03-12,Calaveras,009,45235,2,2,0,2,0
2020-03-12,Colusa,011,21464,0,0,0,0,0
2020-03-12,Contra Costa,013,1133247,108,18,0,18,0
2020-03-12,Del Norte,015,27424,0,0,0,0,0
2020-03-12,El Dorado,017,186661,8,0,0,0,0
2020-03-12,Fresno,019,978130,11,1,1,2,0
2020-03-12,Glenn,021,27897,0,0,0,0,0
2020-03-12,Humboldt,023,135768,6,1,0,1,0
2020-03-12,Imperial,025,180216,11,2,0,2,0
2020-03-12,Inyo,027,18085,0,0,0,0,0
2020-03-12,Kern,029,883053,18,0,0,0,0
2020-03-12,Kings,031,150075,6,0,1,1,0
2020-03-12,Lake,033,64148,0,0,0,0,0
2020-03-12,Lassen,035,31185,0,0,0,0,0
2020-03-12,Los Angeles,037,10098052,860,30,10,40,0
2020-03-12,Madera,039,155013,16,1,0,1,0
2020-03-12,Marin,041,260295,24,1,0,1,0
2020-03-12,Mariposa,043,17540,0,0,0,0,0
2020-03-12,Mendocino,045,87422,2,0,0,0,0
2020-03-12,Merced,047,269075,2,0,0,0,0
2020-03-12,Modoc,049,8938,0,0,0,0,0
2020-03-12,Mono,051,14174,3,0,0,0,0
2020-03-12,Monterey,053,433212,7,0,0,0,0
2020-03-12,Napa,055,140530,3,0,0,0,0
2020-03-12,Nevada,057,99092,4,0,1,1,0
2020-03-12,Orange,059,3164182,231,7,0,7,0
2020-03-12,Placer,061,380077,23,6,0,6,1
2020-03-12,Plumas,063,18699,0,0,0,0,0
2020-03-12,Riverside,065,2383286,107,5,2,7,0
2020-03-12,Sacramento,067,1510023,105,17,0,17,1
2020-03-12,San Benito,069,59416,5,2,0,2,0
2020-03-12,San Bernardino,071,2135413,79,0,0,0,0
2020-03-12,San Diego,073,3302833,258,9,0,9,0
2020-03-12,San Francisco,075,870044,147,20,0,20,0
2020-03-12,San Joaquin,077,732212,44,3,3,6,1
2020-03-12,San Luis Obispo,079,281455,26,0,0,0,0
2020-03-12,San Mateo,081,765935,158,21,1,22,0
2020-03-12,Santa Barbara,083,443738,27,0,0,0,0
2020-03-12,Santa Clara,085,1922200,409,51,1,52,1
2020-03-12,Santa Cruz,087,273765,29,5,0,5,0
2020-03-12,Shasta,089,179085,2,1,0,1,0
2020-03-12,Sierra,091,2930,0,0,0,0,0
2020-03-12,Siskiyou,093,43540,0,0,0,0,0
2020-03-12,Solano,095,438530,34,26,0,26,0
2020-03-12,Sonoma,097,501317,34,2,0,2,0
2020-03-12,Stanislaus,099,539301,15,2,2,4,0
2020-03-12,Sutter,101,95872,0,0,0,0,0
2020-03-12,Tehama,103,63373,0,0,0,0,0
2020-03-12,Trinity,105,12862,0,0,0,0,0
2020-03-12,Tulare,107,460477,12,1,1,2,0
2020-03-12,Tuolumne,109,53932,1,0,0,0,0
2020-03-12,Ventura,111,848112,45,3,0,3,0
2020-03-12,Yolo,113,214977,14,1,0,1,0
2020-03-12,Yuba,115,75493,1,0,0,0,0
2020-03-11,Alameda,001,1643700,120,5,0,5,0
2020-03-11,Alpine,003,1148,0,0,0,0,0
2020-03-11,Amador,005,37829,0,0,0,0,0
2020-03-11,Butte,007,227075,0,0,0,0,0
2020-03-11,Calaveras,009,45235,2,2,0,2,0
2020-03-11,Colusa,011,21464,0,0,0,0,0
2020-03-11,Contra Costa,013,1133247,93,16,0,16,0
2020-03-11,Del Norte,015,27424,0,0,0,0,0
2020-03-11,El Dorado,017,186661,7,0,0,0,0
2020-03-11,Fresno,019,978130,8,1,1,2,0
2020-03-11,Glenn,021,27897,0,0,0,0,0
2020-03-11,Humboldt,023,135768,6,1,0,1,0
2020-03-11,Imperial,025,180216,9,0,0,0,0
2020-03-11,Inyo,027,18085,0,0,0,0,0
2020-03-11,Kern,029,883053,16,0,0,0,0
2020-03-11,Kings,031,150075,4,0,1,1,0
2020-03-11,Lake,033,64148,0,0,0,0,0
2020-03-11,Lassen,035,31185,0,0,0,0,0
2020-03-11,Los Angeles,037,10098052,692,21,10,31,0
2020-03-11,Madera,039,155013,13,1,0,1,0
2020-03-11,Marin,041,260295,17,1,0,1,0
2020-03-11,Mariposa,043,17540,0,0,0,0,0
2020-03-11,Mendocino,045,87422,1,0,0,0,0
2020-03-11,Merced,047,269075,2,0,0,0,0
2020-03-11,Modoc,049,8938,0,0,0,0,0
2020-03-11,Mono,051,14174,3,0,0,0,0
2020-03-11,Monterey,053,433212,6,0,0,0,0
2020-03-11,Napa,055,140530,2,0,0,0,0
2020-03-11,Nevada,057,99092,4,0,1,1,0
2020-03-11,Orange,059,3164182,202,6,0,6,0
2020-03-11,Placer,061,380077,18,6,0,6,1
2020-03-11,Plumas,063,18699,0,0,0,0,0
2020-03-11,Riverside,065,2383286,81,4,1,5,0
2020-03-11,Sacramento,067,1510023,87,9,0,9,1
2020-03-11,San Benito,069,59416,5,2,0,2,0
2020-03-11,San Bernardino,071,2135413,72,0,0,0,0
2020-03-11,San Diego,073,3302833,208,4,0,4,0
2020-03-11,San Francisco,075,870044,124,17,0,17,0
2020-03-11,San Joaquin,077,732212,33,1,3,4,0
2020-03-11,San Luis Obispo,079,281455,23,0,0,0,0
2020-03-11,San Mateo,081,765935,140,16,0,16,0
2020-03-11,Santa Barbara,083,443738,17,0,0,0,0
2020-03-11,Santa Clara,085,1922200,369,48,1,49,1
2020-03-11,Santa Cruz,087,273765,26,2,0,2,0
2020-03-11,Shasta,089,179085,2,1,0,1,0
2020-03-11,Sierra,091,2930,0,0,0,0,0
2020-03-11,Siskiyou,093,43540,0,0,0,0,0
2020-03-11,Solano,095,438530,29,26,0,26,0
2020-03-11,Sonoma,097,501317,30,2,0,2,0
2020-03-11,Stanislaus,099,539301,15,2,2,4,0
2020-03-11,Sutter,101,95872,0,0,0,0,0
2020-03-11,Tehama,103,63373,0,0,0,0,0
2020-03-11,Trinity,105,12862,0,0,0,0,0
2020-03-11,Tulare,107,460477,10,0,1,1,0
2020-03-11,Tuolumne,109,53932,1,0,0,0,0
2020-03-11,Ventura,111,848112,37,3,0,3,0
2020-03-11,Yolo,113,214977,10,1,0,1,0
2020-03-11,Yuba,115,75493,1,0,0,0,0
2020-03-10,Alameda,001,1643700,98,4,0,4,0
2020-03-10,Alpine,003,1148,0,0,0,0,0
2020-03-10,Amador,005,37829,0,0,0,0,0
2020-03-10,Butte,007,227075,0,0,0,0,0
2020-03-10,Calaveras,009,45235,2,2,0,2,0
2020-03-10,Colusa,011,21464,0,0,0,0,0
2020-03-10,Contra Costa,013,1133247,84,11,0,11,0
2020-03-10,Del Norte,015,27424,0,0,0,0,0
2020-03-10,El Dorado,017,186661,6,0,0,0,0
2020-03-10,Fresno,019,978130,6,1,1,2,0
2020-03-10,Glenn,021,27897,0,0,0,0,0
2020-03-10,Humboldt,023,135768,6,1,0,1,0
2020-03-10,Imperial,025,180216,8,0,0,0,0
2020-03-10,Inyo,027,18085,0,0,0,0,0
2020-03-10,Kern,029,883053,11,0,0,0,0
2020-03-10,Kings,031,150075,4,0,1,1,0
2020-03-10,Lake,033,64148,0,0,0,0,0
2020-03-10,Lassen,035,31185,0,0,0,0,0
2020-03-10,Los Angeles,037,10098052,556,20,10,30,0
2020-03-10,Madera,039,155013,8,1,0,1,0
2020-03-10,Marin,041,260295,16,1,0,1,0
2020-03-10,Mariposa,043,17540,0,0,0,0,0
2020-03-10,Mendocino,045,87422,0,0,0,0,0
2020-03-10,Merced,047,269075,2,0,0,0,0
2020-03-10,Modoc,049,8938,0,0,0,0,0
2020-03-10,Mono,051,14174,3,0,0,0,0
2020-03-10,Monterey,053,433212,4,0,0,0,0
2020-03-10,Napa,055,140530,2,0,0,0,0
2020-03-10,Nevada,057,99092,3,0,1,1,0
2020-03-10,Orange,059,3164182,182,5,0,5,1
2020-03-10,Placer,061,380077,14,7,0,7,1
2020-03-10,Plumas,063,18699,0,0,0,0,0
2020-03-10,Riverside,065,2383286,59,4,1,5,0
2020-03-10,Sacramento,067,1510023,78,8,0,8,0
2020-03-10,San Benito,069,59416,5,2,0,2,0
2020-03-10,San Bernardino,071,2135413,64,0,0,0,0
2020-03-10,San Diego,073,3302833,165,3,0,3,0
2020-03-10,San Francisco,075,870044,92,16,0,16,0
2020-03-10,San Joaquin,077,732212,30,1,3,4,0
2020-03-10,San Luis Obispo,079,281455,15,0,0,0,0
2020-03-10,San Mateo,081,765935,124,11,0,11,0
2020-03-10,Santa Barbara,083,443738,11,0,0,0,0
2020-03-10,Santa Clara,085,1922200,321,45,1,46,1
2020-03-10,Santa Cruz,087,273765,22,2,0,2,0
2020-03-10,Shasta,089,179085,2,1,0,1,0
2020-03-10,Sierra,091,2930,0,0,0,0,0
2020-03-10,Siskiyou,093,43540,0,0,0,0,0
2020-03-10,Solano,095,438530,27,26,0,26,0
2020-03-10,Sonoma,097,501317,27,2,0,2,0
2020-03-10,Stanislaus,099,539301,11,0,2,2,0
2020-03-10,Sutter,101,95872,0,0,0,0,0
2020-03-10,Tehama,103,63373,0,0,0,0,0
2020-03-10,Trinity,105,12862,0,0,0,0,0
2020-03-10,Tulare,107,460477,9,0,1,1,0
2020-03-10,Tuolumne,109,53932,1,0,0,0,0
2020-03-10,Ventura,111,848112,29,1,0,1,0
2020-03-10,Yolo,113,214977,7,2,0,2,0
2020-03-10,Yuba,115,75493,1,0,0,0,0
2020-03-09,Alameda,001,1643700,70,4,0,4,0
2020-03-09,Alpine,003,1148,0,0,0,0,0
2020-03-09,Amador,005,37829,0,0,0,0,0
2020-03-09,Butte,007,227075,0,0,0,0,0
2020-03-09,Calaveras,009,45235,2,0,0,0,0
2020-03-09,Colusa,011,21464,0,0,0,0,0
2020-03-09,Contra Costa,013,1133247,72,9,0,9,0
2020-03-09,Del Norte,015,27424,0,0,0,0,0
2020-03-09,El Dorado,017,186661,4,0,0,0,0
2020-03-09,Fresno,019,978130,6,1,1,2,0
2020-03-09,Glenn,021,27897,0,0,0,0,0
2020-03-09,Humboldt,023,135768,5,1,0,1,0
2020-03-09,Imperial,025,180216,8,0,0,0,0
2020-03-09,Inyo,027,18085,0,0,0,0,0
2020-03-09,Kern,029,883053,8,0,0,0,0
2020-03-09,Kings,031,150075,3,0,1,1,0
2020-03-09,Lake,033,64148,0,0,0,0,0
2020-03-09,Lassen,035,31185,0,0,0,0,0
2020-03-09,Los Angeles,037,10098052,454,17,9,26,0
2020-03-09,Madera,039,155013,8,1,0,1,0
2020-03-09,Marin,041,260295,15,1,0,1,0
2020-03-09,Mariposa,043,17540,0,0,0,0,0
2020-03-09,Mendocino,045,87422,0,0,0,0,0
2020-03-09,Merced,047,269075,2,0,0,0,0
2020-03-09,Modoc,049,8938,0,0,0,0,0
2020-03-09,Mono,051,14174,3,0,0,0,0
2020-03-09,Monterey,053,433212,2,0,0,0,0
2020-03-09,Napa,055,140530,2,0,0,0,0
2020-03-09,Nevada,057,99092,2,0,1,1,0
2020-03-09,Orange,059,3164182,154,4,0,4,0
2020-03-09,Placer,061,380077,12,7,0,7,1
2020-03-09,Plumas,063,18699,0,0,0,0,0
2020-03-09,Riverside,065,2383286,49,4,1,5,0
2020-03-09,Sacramento,067,1510023,74,8,0,8,0
2020-03-09,San Benito,069,59416,3,2,0,2,0
2020-03-09,San Bernardino,071,2135413,53,0,0,0,0
2020-03-09,San Diego,073,3302833,126,2,0,2,0
2020-03-09,San Francisco,075,870044,72,14,0,14,0
2020-03-09,San Joaquin,077,732212,21,0,3,3,0
2020-03-09,San Luis Obispo,079,281455,15,0,0,0,0
2020-03-09,San Mateo,081,765935,110,6,0,6,0
2020-03-09,Santa Barbara,083,443738,9,0,0,0,0
2020-03-09,Santa Clara,085,1922200,277,42,1,43,1
2020-03-09,Santa Cruz,087,273765,19,2,0,2,0
2020-03-09,Shasta,089,179085,2,1,0,1,0
2020-03-09,Sierra,091,2930,0,0,0,0,0
2020-03-09,Siskiyou,093,43540,0,0,0,0,0
2020-03-09,Solano,095,438530,25,26,0,26,0
2020-03-09,Sonoma,097,501317,22,2,0,2,0
2020-03-09,Stanislaus,099,539301,11,0,2,2,0
2020-03-09,Sutter,101,95872,0,0,0,0,0
2020-03-09,Tehama,103,63373,0,0,0,0,0
2020-03-09,Trinity,105,12862,0,0,0,0,0
2020-03-09,Tulare,107,460477,9,0,1,1,0
2020-03-09,Tuolumne,109,53932,1,0,0,0,0
2020-03-09,Ventura,111,848112,25,1,0,1,0
2020-03-09,Yolo,113,214977,6,2,0,2,0
2020-03-09,Yuba,115,75493,0,0,0,0,0
2020-03-08,Alameda,001,1643700,45,4,0,4,0
2020-03-08,Alpine,003,1148,0,0,0,0,0
2020-03-08,Amador,005,37829,0,0,0,0,0
2020-03-08,Butte,007,227075,0,0,0,0,0
2020-03-08,Calaveras,009,45235,2,0,0,0,0
2020-03-08,Colusa,011,21464,0,0,0,0,0
2020-03-08,Contra Costa,013,1133247,58,9,0,9,0
2020-03-08,Del Norte,015,27424,0,0,0,0,0
2020-03-08,El Dorado,017,186661,4,0,0,0,0
2020-03-08,Fresno,019,978130,4,1,1,2,0
2020-03-08,Glenn,021,27897,0,0,0,0,0
2020-03-08,Humboldt,023,135768,5,1,0,1,0
2020-03-08,Imperial,025,180216,8,0,0,0,0
2020-03-08,Inyo,027,18085,0,0,0,0,0
2020-03-08,Kern,029,883053,8,0,0,0,0
2020-03-08,Kings,031,150075,2,0,1,1,0
2020-03-08,Lake,033,64148,0,0,0,0,0
2020-03-08,Lassen,035,31185,0,0,0,0,0
2020-03-08,Los Angeles,037,10098052,361,14,9,23,0
2020-03-08,Madera,039,155013,8,1,0,1,0
2020-03-08,Marin,041,260295,13,1,0,1,0
2020-03-08,Mariposa,043,17540,0,0,0,0,0
2020-03-08,Mendocino,045,87422,0,0,0,0,0
2020-03-08,Merced,047,269075,2,0,0,0,0
2020-03-08,Modoc,049,8938,0,0,0,0,0
2020-03-08,Mono,051,14174,3,0,0,0,0
2020-03-08,Monterey,053,433212,2,0,0,0,0
2020-03-08,Napa,055,140530,2,0,0,0,0
2020-03-08,Nevada,057,99092,1,0,1,1,0
2020-03-08,Orange,059,3164182,129,4,0,4,0
2020-03-08,Placer,061,380077,11,7,0,7,1
2020-03-08,Plumas,063,18699,0,0,0,0,0
2020-03-08,Riverside,065,2383286,41,1,1,2,0
2020-03-08,Sacramento,067,1510023,64,5,0,5,0
2020-03-08,San Benito,069,59416,3,2,0,2,0
2020-03-08,San Bernardino,071,2135413,42,0,0,0,0
2020-03-08,San Diego,073,3302833,92,2,0,2,0
2020-03-08,San Francisco,075,870044,53,9,0,9,0
2020-03-08,San Joaquin,077,732212,18,0,3,3,0
2020-03-08,San Luis Obispo,079,281455,9,0,0,0,0
2020-03-08,San Mateo,081,765935,97,4,0,4,0
2020-03-08,Santa Barbara,083,443738,6,0,0,0,0
2020-03-08,Santa Clara,085,1922200,235,36,1,37,0
2020-03-08,Santa Cruz,087,273765,17,1,0,1,0
2020-03-08,Shasta,089,179085,2,0,0,0,0
2020-03-08,Sierra,091,2930,0,0,0,0,0
2020-03-08,Siskiyou,093,43540,0,0,0,0,0
2020-03-08,Solano,095,438530,24,26,0,26,0
2020-03-08,Sonoma,097,501317,17,2,0,2,0
2020-03-08,Stanislaus,099,539301,10,0,2,2,0
2020-03-08,Sutter,101,95872,0,0,0,0,0
2020-03-08,Tehama,103,63373,0,0,0,0,0
2020-03-08,Trinity,105,12862,0,0,0,0,0
2020-03-08,Tulare,107,460477,9,0,0,0,0
2020-03-08,Tuolumne,109,53932,1,0,0,0,0
2020-03-08,Ventura,111,848112,21,1,0,1,0
2020-03-08,Yolo,113,214977,3,2,0,2,0
2020-03-08,Yuba,115,75493,0,0,0,0,0
2020-03-07,Alameda,001,1643700,40,3,0,3,0
2020-03-07,Alpine,003,1148,0,0,0,0,0
2020-03-07,Amador,005,37829,0,0,0,0,0
2020-03-07,Butte,007,227075,0,0,0,0,0
2020-03-07,Calaveras,009,45235,2,0,0,0,0
2020-03-07,Colusa,011,21464,0,0,0,0,0
2020-03-07,Contra Costa,013,1133247,55,4,0,4,0
2020-03-07,Del Norte,015,27424,0,0,0,0,0
2020-03-07,El Dorado,017,186661,3,0,0,0,0
2020-03-07,Fresno,019,978130,3,1,1,2,0
2020-03-07,Glenn,021,27897,0,0,0,0,0
2020-03-07,Humboldt,023,135768,5,1,0,1,0
2020-03-07,Imperial,025,180216,7,0,0,0,0
2020-03-07,Inyo,027,18085,0,0,0,0,0
2020-03-07,Kern,029,883053,7,0,0,0,0
2020-03-07,Kings,031,150075,2,0,1,1,0
2020-03-07,Lake,033,64148,0,0,0,0,0
2020-03-07,Lassen,035,31185,0,0,0,0,0
2020-03-07,Los Angeles,037,10098052,311,14,9,23,0
2020-03-07,Madera,039,155013,7,1,0,1,0
2020-03-07,Marin,041,260295,11,0,0,0,0
2020-03-07,Mariposa,043,17540,0,0,0,0,0
2020-03-07,Mendocino,045,87422,0,0,0,0,0
2020-03-07,Merced,047,269075,2,0,0,0,0
2020-03-07,Modoc,049,8938,0,0,0,0,0
2020-03-07,Mono,051,14174,3,0,0,0,0
2020-03-07,Monterey,053,433212,2,0,0,0,0
2020-03-07,Napa,055,140530,1,0,0,0,0
2020-03-07,Nevada,057,99092,1,0,1,1,0
2020-03-07,Orange,059,3164182,121,4,0,4,0
2020-03-07,Placer,061,380077,11,6,0,6,1
2020-03-07,Plumas,063,18699,0,0,0,0,0
2020-03-07,Riverside,065,2383286,31,0,1,1,0
2020-03-07,Sacramento,067,1510023,51,4,0,4,0
2020-03-07,San Benito,069,59416,3,2,0,2,0
2020-03-07,San Bernardino,071,2135413,40,0,0,0,0
2020-03-07,San Diego,073,3302833,74,2,0,2,0
2020-03-07,San Francisco,075,870044,47,9,0,9,0
2020-03-07,San Joaquin,077,732212,16,0,3,3,0
2020-03-07,San Luis Obispo,079,281455,6,0,0,0,0
2020-03-07,San Mateo,081,765935,87,1,0,1,0
2020-03-07,Santa Barbara,083,443738,5,0,0,0,0
2020-03-07,Santa Clara,085,1922200,205,31,1,32,0
2020-03-07,Santa Cruz,087,273765,17,1,0,1,0
2020-03-07,Shasta,089,179085,2,0,0,0,0
2020-03-07,Sierra,091,2930,0,0,0,0,0
2020-03-07,Siskiyou,093,43540,0,0,0,0,0
2020-03-07,Solano,095,438530,23,25,0,25,0
2020-03-07,Sonoma,097,501317,13,2,0,2,0
2020-03-07,Stanislaus,099,539301,9,0,2,2,0
2020-03-07,Sutter,101,95872,0,0,0,0,0
2020-03-07,Tehama,103,63373,0,0,0,0,0
2020-03-07,Trinity,105,12862,0,0,0,0,0
2020-03-07,Tulare,107,460477,6,0,0,0,0
2020-03-07,Tuolumne,109,53932,1,0,0,0,0
2020-03-07,Ventura,111,848112,18,1,0,1,0
2020-03-07,Yolo,113,214977,3,2,0,2,0
2020-03-07,Yuba,115,75493,0,0,0,0,0
2020-03-06,Alameda,001,1643700,38,3,0,3,0
2020-03-06,Alpine,003,1148,0,0,0,0,0
2020-03-06,Amador,005,37829,0,0,0,0,0
2020-03-06,Butte,007,227075,0,0,0,0,0
2020-03-06,Calaveras,009,45235,2,0,0,0,0
2020-03-06,Colusa,011,21464,0,0,0,0,0
2020-03-06,Contra Costa,013,1133247,46,4,0,4,0
2020-03-06,Del Norte,015,27424,0,0,0,0,0
2020-03-06,El Dorado,017,186661,3,0,0,0,0
2020-03-06,Fresno,019,978130,2,0,1,1,0
2020-03-06,Glenn,021,27897,0,0,0,0,0
2020-03-06,Humboldt,023,135768,4,1,0,1,0
2020-03-06,Imperial,025,180216,6,0,0,0,0
2020-03-06,Inyo,027,18085,0,0,0,0,0
2020-03-06,Kern,029,883053,6,0,0,0,0
2020-03-06,Kings,031,150075,2,0,1,1,0
2020-03-06,Lake,033,64148,0,0,0,0,0
2020-03-06,Lassen,035,31185,0,0,0,0,0
2020-03-06,Los Angeles,037,10098052,268,13,9,22,0
2020-03-06,Madera,039,155013,6,0,0,0,0
2020-03-06,Marin,041,260295,10,0,0,0,0
2020-03-06,Mariposa,043,17540,0,0,0,0,0
2020-03-06,Mendocino,045,87422,0,0,0,0,0
2020-03-06,Merced,047,269075,2,0,0,0,0
2020-03-06,Modoc,049,8938,0,0,0,0,0
2020-03-06,Mono,051,14174,1,0,0,0,0
2020-03-06,Monterey,053,433212,2,0,0,0,0
2020-03-06,Napa,055,140530,1,0,0,0,0
2020-03-06,Nevada,057,99092,1,0,1,1,0
2020-03-06,Orange,059,3164182,95,4,0,4,0
2020-03-06,Placer,061,380077,10,5,0,5,1
2020-03-06,Plumas,063,18699,0,0,0,0,0
2020-03-06,Riverside,065,2383286,30,0,1,1,0
2020-03-06,Sacramento,067,1510023,42,2,0,2,0
2020-03-06,San Benito,069,59416,3,2,0,2,0
2020-03-06,San Bernardino,071,2135413,38,0,0,0,0
2020-03-06,San Diego,073,3302833,61,2,0,2,0
2020-03-06,San Francisco,075,870044,41,2,0,2,0
2020-03-06,San Joaquin,077,732212,13,0,3,3,0
2020-03-06,San Luis Obispo,079,281455,4,0,0,0,0
2020-03-06,San Mateo,081,765935,79,1,0,1,0
2020-03-06,Santa Barbara,083,443738,3,0,0,0,0
2020-03-06,Santa Clara,085,1922200,187,20,1,21,0
2020-03-06,Santa Cruz,087,273765,15,0,0,0,0
2020-03-06,Shasta,089,179085,2,0,0,0,0
2020-03-06,Sierra,091,2930,0,0,0,0,0
2020-03-06,Siskiyou,093,43540,0,0,0,0,0
2020-03-06,Solano,095,438530,22,25,0,25,0
2020-03-06,Sonoma,097,501317,13,2,0,2,0
2020-03-06,Stanislaus,099,539301,5,0,2,2,0
2020-03-06,Sutter,101,95872,0,0,0,0,0
2020-03-06,Tehama,103,63373,0,0,0,0,0
2020-03-06,Trinity,105,12862,0,0,0,0,0
2020-03-06,Tulare,107,460477,6,0,0,0,0
2020-03-06,Tuolumne,109,53932,1,0,0,0,0
2020-03-06,Ventura,111,848112,15,1,0,1,0
2020-03-06,Yolo,113,214977,3,1,0,1,0
2020-03-06,Yuba,115,75493,0,0,0,0,0
2020-03-05,Alameda,001,1643700,33,2,0,2,0
2020-03-05,Alpine,003,1148,0,0,0,0,0
2020-03-05,Amador,005,37829,0,0,0,0,0
2020-03-05,Butte,007,227075,0,0,0,0,0
2020-03-05,Calaveras,009,45235,2,0,0,0,0
2020-03-05,Colusa,011,21464,0,0,0,0,0
2020-03-05,Contra Costa,013,1133247,39,1,0,1,0
2020-03-05,Del Norte,015,27424,0,0,0,0,0
2020-03-05,El Dorado,017,186661,1,0,0,0,0
2020-03-05,Fresno,019,978130,2,0,1,1,0
2020-03-05,Glenn,021,27897,0,0,0,0,0
2020-03-05,Humboldt,023,135768,4,1,0,1,0
2020-03-05,Imperial,025,180216,5,0,0,0,0
2020-03-05,Inyo,027,18085,0,0,0,0,0
2020-03-05,Kern,029,883053,6,0,0,0,0
2020-03-05,Kings,031,150075,2,0,1,1,0
2020-03-05,Lake,033,64148,0,0,0,0,0
2020-03-05,Lassen,035,31185,0,0,0,0,0
2020-03-05,Los Angeles,037,10098052,221,11,9,20,0
2020-03-05,Madera,039,155013,5,0,0,0,0
2020-03-05,Marin,041,260295,10,0,0,0,0
2020-03-05,Mariposa,043,17540,0,0,0,0,0
2020-03-05,Mendocino,045,87422,0,0,0,0,0
2020-03-05,Merced,047,269075,2,0,0,0,0
2020-03-05,Modoc,049,8938,0,0,0,0,0
2020-03-05,Mono,051,14174,1,0,0,0,0
2020-03-05,Monterey,053,433212,2,0,0,0,0
2020-03-05,Napa,055,140530,1,0,0,0,0
2020-03-05,Nevada,057,99092,0,0,1,1,0
2020-03-05,Orange,059,3164182,80,3,0,3,0
2020-03-05,Placer,061,380077,10,2,0,2,1
2020-03-05,Plumas,063,18699,0,0,0,0,0
2020-03-05,Riverside,065,2383286,27,0,1,1,0
2020-03-05,Sacramento,067,1510023,36,2,0,2,0
2020-03-05,San Benito,069,59416,1,2,0,2,0
2020-03-05,San Bernardino,071,2135413,33,0,0,0,0
2020-03-05,San Diego,073,3302833,54,2,0,2,0
2020-03-05,San Francisco,075,870044,31,2,0,2,0
2020-03-05,San Joaquin,077,732212,10,0,3,3,0
2020-03-05,San Luis Obispo,079,281455,4,0,0,0,0
2020-03-05,San Mateo,081,765935,65,1,0,1,0
2020-03-05,Santa Barbara,083,443738,2,0,0,0,0
2020-03-05,Santa Clara,085,1922200,163,14,1,15,0
2020-03-05,Santa Cruz,087,273765,13,0,0,0,0
2020-03-05,Shasta,089,179085,2,0,0,0,0
2020-03-05,Sierra,091,2930,0,0,0,0,0
2020-03-05,Siskiyou,093,43540,0,0,0,0,0
2020-03-05,Solano,095,438530,22,24,0,24,0
2020-03-05,Sonoma,097,501317,12,2,0,2,0
2020-03-05,Stanislaus,099,539301,4,0,2,2,0
2020-03-05,Sutter,101,95872,0,0,0,0,0
2020-03-05,Tehama,103,63373,0,0,0,0,0
2020-03-05,Trinity,105,12862,0,0,0,0,0
2020-03-05,Tulare,107,460477,6,0,0,0,0
2020-03-05,Tuolumne,109,53932,1,0,0,0,0
2020-03-05,Ventura,111,848112,13,0,0,0,0
2020-03-05,Yolo,113,214977,3,0,0,0,0
2020-03-05,Yuba,115,75493,0,0,0,0,0
2020-03-04,Alameda,001,1643700,29,2,0,2,0
2020-03-04,Alpine,003,1148,0,0,0,0,0
2020-03-04,Amador,005,37829,0,0,0,0,0
2020-03-04,Butte,007,227075,0,0,0,0,0
2020-03-04,Calaveras,009,45235,0,0,0,0,0
2020-03-04,Colusa,011,21464,0,0,0,0,0
2020-03-04,Contra Costa,013,1133247,34,1,0,1,0
2020-03-04,Del Norte,015,27424,0,0,0,0,0
2020-03-04,El Dorado,017,186661,1,0,0,0,0
2020-03-04,Fresno,019,978130,2,0,1,1,0
2020-03-04,Glenn,021,27897,0,0,0,0,0
2020-03-04,Humboldt,023,135768,1,1,0,1,0
2020-03-04,Imperial,025,180216,5,0,0,0,0
2020-03-04,Inyo,027,18085,0,0,0,0,0
2020-03-04,Kern,029,883053,6,0,0,0,0
2020-03-04,Kings,031,150075,2,0,1,1,0
2020-03-04,Lake,033,64148,0,0,0,0,0
2020-03-04,Lassen,035,31185,0,0,0,0,0
2020-03-04,Los Angeles,037,10098052,186,7,9,16,0
2020-03-04,Madera,039,155013,5,0,0,0,0
2020-03-04,Marin,041,260295,10,0,0,0,0
2020-03-04,Mariposa,043,17540,0,0,0,0,0
2020-03-04,Mendocino,045,87422,0,0,0,0,0
2020-03-04,Merced,047,269075,2,0,0,0,0
2020-03-04,Modoc,049,8938,0,0,0,0,0
2020-03-04,Mono,051,14174,1,0,0,0,0
2020-03-04,Monterey,053,433212,2,0,0,0,0
2020-03-04,Napa,055,140530,1,0,0,0,0
2020-03-04,Nevada,057,99092,0,0,1,1,0
2020-03-04,Orange,059,3164182,77,3,0,3,0
2020-03-04,Placer,061,380077,9,2,0,2,1
2020-03-04,Plumas,063,18699,0,0,0,0,0
2020-03-04,Riverside,065,2383286,23,0,1,1,0
2020-03-04,Sacramento,067,1510023,31,1,0,1,0
2020-03-04,San Benito,069,59416,1,2,0,2,0
2020-03-04,San Bernardino,071,2135413,30,0,0,0,0
2020-03-04,San Diego,073,3302833,41,2,0,2,0
2020-03-04,San Francisco,075,870044,26,0,0,0,0
2020-03-04,San Joaquin,077,732212,9,0,3,3,0
2020-03-04,San Luis Obispo,079,281455,4,0,0,0,0
2020-03-04,San Mateo,081,765935,60,1,0,1,0
2020-03-04,Santa Barbara,083,443738,2,0,0,0,0
2020-03-04,Santa Clara,085,1922200,146,12,1,13,0
2020-03-04,Santa Cruz,087,273765,13,0,0,0,0
2020-03-04,Shasta,089,179085,2,0,0,0,0
2020-03-04,Sierra,091,2930,0,0,0,0,0
2020-03-04,Siskiyou,093,43540,0,0,0,0,0
2020-03-04,Solano,095,438530,21,24,0,24,0
2020-03-04,Sonoma,097,501317,11,2,0,2,0
2020-03-04,Stanislaus,099,539301,4,0,2,2,0
2020-03-04,Sutter,101,95872,0,0,0,0,0
2020-03-04,Tehama,103,63373,0,0,0,0,0
2020-03-04,Trinity,105,12862,0,0,0,0,0
2020-03-04,Tulare,107,460477,6,0,0,0,0
2020-03-04,Tuolumne,109,53932,0,0,0,0,0
2020-03-04,Ventura,111,848112,12,0,0,0,0
2020-03-04,Yolo,113,214977,3,0,0,0,0
2020-03-04,Yuba,115,75493,0,0,0,0,0
2020-03-03,Alameda,001,1643700,24,2,0,2,0
2020-03-03,Alpine,003,1148,0,0,0,0,0
2020-03-03,Amador,005,37829,0,0,0,0,0
2020-03-03,Butte,007,227075,0,0,0,0,0
2020-03-03,Calaveras,009,45235,0,0,0,0,0
2020-03-03,Colusa,011,21464,0,0,0,0,0
2020-03-03,Contra Costa,013,1133247,30,0,0,0,0
2020-03-03,Del Norte,015,27424,0,0,0,0,0
2020-03-03,El Dorado,017,186661,1,0,0,0,0
2020-03-03,Fresno,019,978130,1,0,1,1,0
2020-03-03,Glenn,021,27897,0,0,0,0,0
2020-03-03,Humboldt,023,135768,1,1,0,1,0
2020-03-03,Imperial,025,180216,5,0,0,0,0
2020-03-03,Inyo,027,18085,0,0,0,0,0
2020-03-03,Kern,029,883053,4,0,0,0,0
2020-03-03,Kings,031,150075,2,0,1,1,0
2020-03-03,Lake,033,64148,0,0,0,0,0
2020-03-03,Lassen,035,31185,0,0,0,0,0
2020-03-03,Los Angeles,037,10098052,167,5,9,14,0
2020-03-03,Madera,039,155013,4,0,0,0,0
2020-03-03,Marin,041,260295,6,0,0,0,0
2020-03-03,Mariposa,043,17540,0,0,0,0,0
2020-03-03,Mendocino,045,87422,0,0,0,0,0
2020-03-03,Merced,047,269075,2,0,0,0,0
2020-03-03,Modoc,049,8938,0,0,0,0,0
2020-03-03,Mono,051,14174,1,0,0,0,0
2020-03-03,Monterey,053,433212,1,0,0,0,0
2020-03-03,Napa,055,140530,1,0,0,0,0
2020-03-03,Nevada,057,99092,0,0,1,1,0
2020-03-03,Orange,059,3164182,69,1,0,1,0
2020-03-03,Placer,061,380077,8,2,0,2,0
2020-03-03,Plumas,063,18699,0,0,0,0,0
2020-03-03,Riverside,065,2383286,20,0,1,1,0
2020-03-03,Sacramento,067,1510023,30,1,0,1,0
2020-03-03,San Benito,069,59416,1,2,0,2,0
2020-03-03,San Bernardino,071,2135413,27,0,0,0,0
2020-03-03,San Diego,073,3302833,34,2,0,2,0
2020-03-03,San Francisco,075,870044,24,0,0,0,0
2020-03-03,San Joaquin,077,732212,8,0,3,3,0
2020-03-03,San Luis Obispo,079,281455,2,0,0,0,0
2020-03-03,San Mateo,081,765935,53,1,0,1,0
2020-03-03,Santa Barbara,083,443738,1,0,0,0,0
2020-03-03,Santa Clara,085,1922200,131,11,1,12,0
2020-03-03,Santa Cruz,087,273765,10,0,0,0,0
2020-03-03,Shasta,089,179085,2,0,0,0,0
2020-03-03,Sierra,091,2930,0,0,0,0,0
2020-03-03,Siskiyou,093,43540,0,0,0,0,0
2020-03-03,Solano,095,438530,20,24,0,24,0
2020-03-03,Sonoma,097,501317,11,1,0,1,0
2020-03-03,Stanislaus,099,539301,4,0,2,2,0
2020-03-03,Sutter,101,95872,0,0,0,0,0
2020-03-03,Tehama,103,63373,0,0,0,0,0
2020-03-03,Trinity,105,12862,0,0,0,0,0
2020-03-03,Tulare,107,460477,6,0,0,0,0
2020-03-03,Tuolumne,109,53932,0,0,0,0,0
2020-03-03,Ventura,111,848112,11,0,0,0,0
2020-03-03,Yolo,113,214977,2,0,0,0,0
2020-03-03,Yuba,115,75493,0,0,0,0,0
2020-03-02,Alameda,001,1643700,21,1,0,1,0
2020-03-02,Alpine,003,1148,0,0,0,0,0
2020-03-02,Amador,005,37829,0,0,0,0,0
2020-03-02,Butte,007,227075,0,0,0,0,0
2020-03-02,Calaveras,009,45235,0,0,0,0,0
2020-03-02,Colusa,011,21464,0,0,0,0,0
2020-03-02,Contra Costa,013,1133247,27,0,0,0,0
2020-03-02,Del Norte,015,27424,0,0,0,0,0
2020-03-02,El Dorado,017,186661,1,0,0,0,0
2020-03-02,Fresno,019,978130,1,0,1,1,0
2020-03-02,Glenn,021,27897,0,0,0,0,0
2020-03-02,Humboldt,023,135768,1,1,0,1,0
2020-03-02,Imperial,025,180216,5,0,0,0,0
2020-03-02,Inyo,027,18085,0,0,0,0,0
2020-03-02,Kern,029,883053,4,0,0,0,0
2020-03-02,Kings,031,150075,2,0,1,1,0
2020-03-02,Lake,033,64148,0,0,0,0,0
2020-03-02,Lassen,035,31185,0,0,0,0,0
2020-03-02,Los Angeles,037,10098052,152,1,9,10,0
2020-03-02,Madera,039,155013,4,0,0,0,0
2020-03-02,Marin,041,260295,6,0,0,0,0
2020-03-02,Mariposa,043,17540,0,0,0,0,0
2020-03-02,Mendocino,045,87422,0,0,0,0,0
2020-03-02,Merced,047,269075,1,0,0,0,0
2020-03-02,Modoc,049,8938,0,0,0,0,0
2020-03-02,Mono,051,14174,1,0,0,0,0
2020-03-02,Monterey,053,433212,1,0,0,0,0
2020-03-02,Napa,055,140530,1,0,0,0,0
2020-03-02,Nevada,057,99092,0,0,1,1,0
2020-03-02,Orange,059,3164182,64,1,0,1,0
2020-03-02,Placer,061,380077,8,1,0,1,0
2020-03-02,Plumas,063,18699,0,0,0,0,0
2020-03-02,Riverside,065,2383286,19,0,1,1,0
2020-03-02,Sacramento,067,1510023,25,1,0,1,0
2020-03-02,San Benito,069,59416,1,2,0,2,0
2020-03-02,San Bernardino,071,2135413,27,0,0,0,0
2020-03-02,San Diego,073,3302833,28,2,0,2,0
2020-03-02,San Francisco,075,870044,17,0,0,0,0
2020-03-02,San Joaquin,077,732212,7,0,3,3,0
2020-03-02,San Luis Obispo,079,281455,2,0,0,0,0
2020-03-02,San Mateo,081,765935,44,1,0,1,0
2020-03-02,Santa Barbara,083,443738,1,0,0,0,0
2020-03-02,Santa Clara,085,1922200,109,7,1,8,0
2020-03-02,Santa Cruz,087,273765,9,0,0,0,0
2020-03-02,Shasta,089,179085,2,0,0,0,0
2020-03-02,Sierra,091,2930,0,0,0,0,0
2020-03-02,Siskiyou,093,43540,0,0,0,0,0
2020-03-02,Solano,095,438530,19,24,0,24,0
2020-03-02,Sonoma,097,501317,10,1,0,1,0
2020-03-02,Stanislaus,099,539301,2,0,2,2,0
2020-03-02,Sutter,101,95872,0,0,0,0,0
2020-03-02,Tehama,103,63373,0,0,0,0,0
2020-03-02,Trinity,105,12862,0,0,0,0,0
2020-03-02,Tulare,107,460477,6,0,0,0,0
2020-03-02,Tuolumne,109,53932,0,0,0,0,0
2020-03-02,Ventura,111,848112,10,0,0,0,0
2020-03-02,Yolo,113,214977,2,0,0,0,0
2020-03-02,Yuba,115,75493,0,0,0,0,0
2020-03-01,Alameda,001,1643700,20,1,0,1,0
2020-03-01,Alpine,003,1148,0,0,0,0,0
2020-03-01,Amador,005,37829,0,0,0,0,0
2020-03-01,Butte,007,227075,0,0,0,0,0
2020-03-01,Calaveras,009,45235,0,0,0,0,0
2020-03-01,Colusa,011,21464,0,0,0,0,0
2020-03-01,Contra Costa,013,1133247,24,0,0,0,0
2020-03-01,Del Norte,015,27424,0,0,0,0,0
2020-03-01,El Dorado,017,186661,1,0,0,0,0
2020-03-01,Fresno,019,978130,0,0,1,1,0
2020-03-01,Glenn,021,27897,0,0,0,0,0
2020-03-01,Humboldt,023,135768,1,1,0,1,0
2020-03-01,Imperial,025,180216,5,0,0,0,0
2020-03-01,Inyo,027,18085,0,0,0,0,0
2020-03-01,Kern,029,883053,2,0,0,0,0
2020-03-01,Kings,031,150075,2,0,1,1,0
2020-03-01,Lake,033,64148,0,0,0,0,0
2020-03-01,Lassen,035,31185,0,0,0,0,0
2020-03-01,Los Angeles,037,10098052,133,1,9,10,0
2020-03-01,Madera,039,155013,2,0,0,0,0
2020-03-01,Marin,041,260295,5,0,0,0,0
2020-03-01,Mariposa,043,17540,0,0,0,0,0
2020-03-01,Mendocino,045,87422,0,0,0,0,0
2020-03-01,Merced,047,269075,1,0,0,0,0
2020-03-01,Modoc,049,8938,0,0,0,0,0
2020-03-01,Mono,051,14174,1,0,0,0,0
2020-03-01,Monterey,053,433212,0,0,0,0,0
2020-03-01,Napa,055,140530,1,0,0,0,0
2020-03-01,Nevada,057,99092,0,0,1,1,0
2020-03-01,Orange,059,3164182,61,1,0,1,0
2020-03-01,Placer,061,380077,8,0,0,0,0
2020-03-01,Plumas,063,18699,0,0,0,0,0
2020-03-01,Riverside,065,2383286,18,0,1,1,0
2020-03-01,Sacramento,067,1510023,21,1,0,1,0
2020-03-01,San Benito,069,59416,0,2,0,2,0
2020-03-01,San Bernardino,071,2135413,25,0,0,0,0
2020-03-01,San Diego,073,3302833,21,2,0,2,0
2020-03-01,San Francisco,075,870044,13,0,0,0,0
2020-03-01,San Joaquin,077,732212,7,0,3,3,0
2020-03-01,San Luis Obispo,079,281455,2,0,0,0,0
2020-03-01,San Mateo,081,765935,36,0,0,0,0
2020-03-01,Santa Barbara,083,443738,1,0,0,0,0
2020-03-01,Santa Clara,085,1922200,96,6,1,7,0
2020-03-01,Santa Cruz,087,273765,8,0,0,0,0
2020-03-01,Shasta,089,179085,2,0,0,0,0
2020-03-01,Sierra,091,2930,0,0,0,0,0
2020-03-01,Siskiyou,093,43540,0,0,0,0,0
2020-03-01,Solano,095,438530,19,24,0,24,0
2020-03-01,Sonoma,097,501317,9,0,0,0,0
2020-03-01,Stanislaus,099,539301,2,0,2,2,0
2020-03-01,Sutter,101,95872,0,0,0,0,0
2020-03-01,Tehama,103,63373,0,0,0,0,0
2020-03-01,Trinity,105,12862,0,0,0,0,0
2020-03-01,Tulare,107,460477,6,0,0,0,0
2020-03-01,Tuolumne,109,53932,0,0,0,0,0
2020-03-01,Ventura,111,848112,8,0,0,0,0
2020-03-01,Yolo,113,214977,2,0,0,0,0
2020-03-01,Yuba,115,75493,0,0,0,0,0
2020-02-29,Alameda,001,1643700,16,0,0,0,0
2020-02-29,Alpine,003,1148,0,0,0,0,0
2020-02-29,Amador,005,37829,0,0,0,0,0
2020-02-29,Butte,007,227075,0,0,0,0,0
2020-02-29,Calaveras,009,45235,0,0,0,0,0
2020-02-29,Colusa,011,21464,0,0,0,0,0
2020-02-29,Contra Costa,013,1133247,20,0,0,0,0
2020-02-29,Del Norte,015,27424,0,0,0,0,0
2020-02-29,El Dorado,017,186661,1,0,0,0,0
2020-02-29,Fresno,019,978130,0,0,0,0,0
2020-02-29,Glenn,021,27897,0,0,0,0,0
2020-02-29,Humboldt,023,135768,1,1,0,1,0
2020-02-29,Imperial,025,180216,3,0,0,0,0
2020-02-29,Inyo,027,18085,0,0,0,0,0
2020-02-29,Kern,029,883053,2,0,0,0,0
2020-02-29,Kings,031,150075,2,0,1,1,0
2020-02-29,Lake,033,64148,0,0,0,0,0
2020-02-29,Lassen,035,31185,0,0,0,0,0
2020-02-29,Los Angeles,037,10098052,105,1,9,10,0
2020-02-29,Madera,039,155013,2,0,0,0,0
2020-02-29,Marin,041,260295,4,0,0,0,0
2020-02-29,Mariposa,043,17540,0,0,0,0,0
2020-02-29,Mendocino,045,87422,0,0,0,0,0
2020-02-29,Merced,047,269075,1,0,0,0,0
2020-02-29,Modoc,049,8938,0,0,0,0,0
2020-02-29,Mono,051,14174,1,0,0,0,0
2020-02-29,Monterey,053,433212,0,0,0,0,0
2020-02-29,Napa,055,140530,1,0,0,0,0
2020-02-29,Nevada,057,99092,0,0,1,1,0
2020-02-29,Orange,059,3164182,56,1,0,1,0
2020-02-29,Placer,061,380077,7,0,0,0,0
2020-02-29,Plumas,063,18699,0,0,0,0,0
2020-02-29,Riverside,065,2383286,15,0,1,1,0
2020-02-29,Sacramento,067,1510023,16,1,0,1,0
2020-02-29,San Benito,069,59416,0,2,0,2,0
2020-02-29,San Bernardino,071,2135413,23,0,0,0,0
2020-02-29,San Diego,073,3302833,16,2,0,2,0
2020-02-29,San Francisco,075,870044,12,0,0,0,0
2020-02-29,San Joaquin,077,732212,6,0,3,3,0
2020-02-29,San Luis Obispo,079,281455,2,0,0,0,0
2020-02-29,San Mateo,081,765935,29,0,0,0,0
2020-02-29,Santa Barbara,083,443738,0,0,0,0,0
2020-02-29,Santa Clara,085,1922200,74,3,1,4,0
2020-02-29,Santa Cruz,087,273765,8,0,0,0,0
2020-02-29,Shasta,089,179085,2,0,0,0,0
2020-02-29,Sierra,091,2930,0,0,0,0,0
2020-02-29,Siskiyou,093,43540,0,0,0,0,0
2020-02-29,Solano,095,438530,18,23,0,23,0
2020-02-29,Sonoma,097,501317,6,0,0,0,0
2020-02-29,Stanislaus,099,539301,2,0,2,2,0
2020-02-29,Sutter,101,95872,0,0,0,0,0
2020-02-29,Tehama,103,63373,0,0,0,0,0
2020-02-29,Trinity,105,12862,0,0,0,0,0
2020-02-29,Tulare,107,460477,4,0,0,0,0
2020-02-29,Tuolumne,109,53932,0,0,0,0,0
2020-02-29,Ventura,111,848112,6,0,0,0,0
2020-02-29,Yolo,113,214977,2,0,0,0,0
2020-02-29,Yuba,115,75493,0,0,0,0,0
2020-02-28,Alameda,001,1643700,14,0,0,0,0
2020-02-28,Alpine,003,1148,0,0,0,0,0
2020-02-28,Amador,005,37829,0,0,0,0,0
2020-02-28,Butte,007,227075,0,0,0,0,0
2020-02-28,Calaveras,009,45235,0,0,0,0,0
2020-02-28,Colusa,011,21464,0,0,0,0,0
2020-02-28,Contra Costa,013,1133247,20,0,0,0,0
2020-02-28,Del Norte,015,27424,0,0,0,0,0
2020-02-28,El Dorado,017,186661,0,0,0,0,0
2020-02-28,Fresno,019,978130,0,0,0,0,0
2020-02-28,Glenn,021,27897,0,0,0,0,0
2020-02-28,Humboldt,023,135768,1,1,0,1,0
2020-02-28,Imperial,025,180216,3,0,0,0,0
2020-02-28,Inyo,027,18085,0,0,0,0,0
2020-02-28,Kern,029,883053,2,0,0,0,0
2020-02-28,Kings,031,150075,2,0,1,1,0
2020-02-28,Lake,033,64148,0,0,0,0,0
2020-02-28,Lassen,035,31185,0,0,0,0,0
2020-02-28,Los Angeles,037,10098052,97,1,9,10,0
2020-02-28,Madera,039,155013,2,0,0,0,0
2020-02-28,Marin,041,260295,2,0,0,0,0
2020-02-28,Mariposa,043,17540,0,0,0,0,0
2020-02-28,Mendocino,045,87422,0,0,0,0,0
2020-02-28,Merced,047,269075,1,0,0,0,0
2020-02-28,Modoc,049,8938,0,0,0,0,0
2020-02-28,Mono,051,14174,0,0,0,0,0
2020-02-28,Monterey,053,433212,0,0,0,0,0
2020-02-28,Napa,055,140530,1,0,0,0,0
2020-02-28,Nevada,057,99092,0,0,1,1,0
2020-02-28,Orange,059,3164182,54,1,0,1,0
2020-02-28,Placer,061,380077,7,0,0,0,0
2020-02-28,Plumas,063,18699,0,0,0,0,0
2020-02-28,Riverside,065,2383286,13,0,1,1,0
2020-02-28,Sacramento,067,1510023,10,1,0,1,0
2020-02-28,San Benito,069,59416,0,2,0,2,0
2020-02-28,San Bernardino,071,2135413,23,0,0,0,0
2020-02-28,San Diego,073,3302833,13,2,0,2,0
2020-02-28,San Francisco,075,870044,10,0,0,0,0
2020-02-28,San Joaquin,077,732212,6,0,3,3,0
2020-02-28,San Luis Obispo,079,281455,2,0,0,0,0
2020-02-28,San Mateo,081,765935,24,0,0,0,0
2020-02-28,Santa Barbara,083,443738,0,0,0,0,0
2020-02-28,Santa Clara,085,1922200,69,3,1,4,0
2020-02-28,Santa Cruz,087,273765,8,0,0,0,0
2020-02-28,Shasta,089,179085,2,0,0,0,0
2020-02-28,Sierra,091,2930,0,0,0,0,0
2020-02-28,Siskiyou,093,43540,0,0,0,0,0
2020-02-28,Solano,095,438530,17,23,0,23,0
2020-02-28,Sonoma,097,501317,6,0,0,0,0
2020-02-28,Stanislaus,099,539301,2,0,2,2,0
2020-02-28,Sutter,101,95872,0,0,0,0,0
2020-02-28,Tehama,103,63373,0,0,0,0,0
2020-02-28,Trinity,105,12862,0,0,0,0,0
2020-02-28,Tulare,107,460477,3,0,0,0,0
2020-02-28,Tuolumne,109,53932,0,0,0,0,0
2020-02-28,Ventura,111,848112,6,0,0,0,0
2020-02-28,Yolo,113,214977,2,0,0,0,0
2020-02-28,Yuba,115,75493,0,0,0,0,0
2020-02-27,Alameda,001,1643700,13,0,0,0,0
2020-02-27,Alpine,003,1148,0,0,0,0,0
2020-02-27,Amador,005,37829,0,0,0,0,0
2020-02-27,Butte,007,227075,0,0,0,0,0
2020-02-27,Calaveras,009,45235,0,0,0,0,0
2020-02-27,Colusa,011,21464,0,0,0,0,0
2020-02-27,Contra Costa,013,1133247,14,0,0,0,0
2020-02-27,Del Norte,015,27424,0,0,0,0,0
2020-02-27,El Dorado,017,186661,0,0,0,0,0
2020-02-27,Fresno,019,978130,0,0,0,0,0
2020-02-27,Glenn,021,27897,0,0,0,0,0
2020-02-27,Humboldt,023,135768,1,1,0,1,0
2020-02-27,Imperial,025,180216,3,0,0,0,0
2020-02-27,Inyo,027,18085,0,0,0,0,0
2020-02-27,Kern,029,883053,2,0,0,0,0
2020-02-27,Kings,031,150075,2,0,1,1,0
2020-02-27,Lake,033,64148,0,0,0,0,0
2020-02-27,Lassen,035,31185,0,0,0,0,0
2020-02-27,Los Angeles,037,10098052,90,1,9,10,0
2020-02-27,Madera,039,155013,2,0,0,0,0
2020-02-27,Marin,041,260295,1,0,0,0,0
2020-02-27,Mariposa,043,17540,0,0,0,0,0
2020-02-27,Mendocino,045,87422,0,0,0,0,0
2020-02-27,Merced,047,269075,1,0,0,0,0
2020-02-27,Modoc,049,8938,0,0,0,0,0
2020-02-27,Mono,051,14174,0,0,0,0,0
2020-02-27,Monterey,053,433212,0,0,0,0,0
2020-02-27,Napa,055,140530,1,0,0,0,0
2020-02-27,Nevada,057,99092,0,0,1,1,0
2020-02-27,Orange,059,3164182,48,1,0,1,0
2020-02-27,Placer,061,380077,6,0,0,0,0
2020-02-27,Plumas,063,18699,0,0,0,0,0
2020-02-27,Riverside,065,2383286,12,0,1,1,0
2020-02-27,Sacramento,067,1510023,10,1,0,1,0
2020-02-27,San Benito,069,59416,0,2,0,2,0
2020-02-27,San Bernardino,071,2135413,23,0,0,0,0
2020-02-27,San Diego,073,3302833,12,2,0,2,0
2020-02-27,San Francisco,075,870044,9,0,0,0,0
2020-02-27,San Joaquin,077,732212,5,0,3,3,0
2020-02-27,San Luis Obispo,079,281455,2,0,0,0,0
2020-02-27,San Mateo,081,765935,20,0,0,0,0
2020-02-27,Santa Barbara,083,443738,0,0,0,0,0
2020-02-27,Santa Clara,085,1922200,58,2,1,3,0
2020-02-27,Santa Cruz,087,273765,6,0,0,0,0
2020-02-27,Shasta,089,179085,0,0,0,0,0
2020-02-27,Sierra,091,2930,0,0,0,0,0
2020-02-27,Siskiyou,093,43540,0,0,0,0,0
2020-02-27,Solano,095,438530,17,23,0,23,0
2020-02-27,Sonoma,097,501317,5,0,0,0,0
2020-02-27,Stanislaus,099,539301,2,0,2,2,0
2020-02-27,Sutter,101,95872,0,0,0,0,0
2020-02-27,Tehama,103,63373,0,0,0,0,0
2020-02-27,Trinity,105,12862,0,0,0,0,0
2020-02-27,Tulare,107,460477,3,0,0,0,0
2020-02-27,Tuolumne,109,53932,0,0,0,0,0
2020-02-27,Ventura,111,848112,4,0,0,0,0
2020-02-27,Yolo,113,214977,2,0,0,0,0
2020-02-27,Yuba,115,75493,0,0,0,0,0
2020-02-26,Alameda,001,1643700,13,0,0,0,0
2020-02-26,Alpine,003,1148,0,0,0,0,0
2020-02-26,Amador,005,37829,0,0,0,0,0
2020-02-26,Butte,007,227075,0,0,0,0,0
2020-02-26,Calaveras,009,45235,0,0,0,0,0
2020-02-26,Colusa,011,21464,0,0,0,0,0
2020-02-26,Contra Costa,013,1133247,13,0,0,0,0
2020-02-26,Del Norte,015,27424,0,0,0,0,0
2020-02-26,El Dorado,017,186661,0,0,0,0,0
2020-02-26,Fresno,019,978130,0,0,0,0,0
2020-02-26,Glenn,021,27897,0,0,0,0,0
2020-02-26,Humboldt,023,135768,1,1,0,1,0
2020-02-26,Imperial,025,180216,3,0,0,0,0
2020-02-26,Inyo,027,18085,0,0,0,0,0
2020-02-26,Kern,029,883053,2,0,0,0,0
2020-02-26,Kings,031,150075,2,0,1,1,0
2020-02-26,Lake,033,64148,0,0,0,0,0
2020-02-26,Lassen,035,31185,0,0,0,0,0
2020-02-26,Los Angeles,037,10098052,84,1,9,10,0
2020-02-26,Madera,039,155013,2,0,0,0,0
2020-02-26,Marin,041,260295,1,0,0,0,0
2020-02-26,Mariposa,043,17540,0,0,0,0,0
2020-02-26,Mendocino,045,87422,0,0,0,0,0
2020-02-26,Merced,047,269075,1,0,0,0,0
2020-02-26,Modoc,049,8938,0,0,0,0,0
2020-02-26,Mono,051,14174,0,0,0,0,0
2020-02-26,Monterey,053,433212,0,0,0,0,0
2020-02-26,Napa,055,140530,0,0,0,0,0
2020-02-26,Nevada,057,99092,0,0,1,1,0
2020-02-26,Orange,059,3164182,47,1,0,1,0
2020-02-26,Placer,061,380077,5,0,0,0,0
2020-02-26,Plumas,063,18699,0,0,0,0,0
2020-02-26,Riverside,065,2383286,10,0,1,1,0
2020-02-26,Sacramento,067,1510023,10,1,0,1,0
2020-02-26,San Benito,069,59416,0,2,0,2,0
2020-02-26,San Bernardino,071,2135413,21,0,0,0,0
2020-02-26,San Diego,073,3302833,11,2,0,2,0
2020-02-26,San Francisco,075,870044,9,0,0,0,0
2020-02-26,San Joaquin,077,732212,5,0,3,3,0
2020-02-26,San Luis Obispo,079,281455,2,0,0,0,0
2020-02-26,San Mateo,081,765935,18,0,0,0,0
2020-02-26,Santa Barbara,083,443738,0,0,0,0,0
2020-02-26,Santa Clara,085,1922200,49,2,1,3,0
2020-02-26,Santa Cruz,087,273765,6,0,0,0,0
2020-02-26,Shasta,089,179085,0,0,0,0,0
2020-02-26,Sierra,091,2930,0,0,0,0,0
2020-02-26,Siskiyou,093,43540,0,0,0,0,0
2020-02-26,Solano,095,438530,17,23,0,23,0
2020-02-26,Sonoma,097,501317,5,0,0,0,0
2020-02-26,Stanislaus,099,539301,2,0,2,2,0
2020-02-26,Sutter,101,95872,0,0,0,0,0
2020-02-26,Tehama,103,63373,0,0,0,0,0
2020-02-26,Trinity,105,12862,0,0,0,0,0
2020-02-26,Tulare,107,460477,3,0,0,0,0
2020-02-26,Tuolumne,109,53932,0,0,0,0,0
2020-02-26,Ventura,111,848112,4,0,0,0,0
2020-02-26,Yolo,113,214977,2,0,0,0,0
2020-02-26,Yuba,115,75493,0,0,0,0,0
2020-02-25,Alameda,001,1643700,13,0,0,0,0
2020-02-25,Alpine,003,1148,0,0,0,0,0
2020-02-25,Amador,005,37829,0,0,0,0,0
2020-02-25,Butte,007,227075,0,0,0,0,0
2020-02-25,Calaveras,009,45235,0,0,0,0,0
2020-02-25,Colusa,011,21464,0,0,0,0,0
2020-02-25,Contra Costa,013,1133247,11,0,0,0,0
2020-02-25,Del Norte,015,27424,0,0,0,0,0
2020-02-25,El Dorado,017,186661,0,0,0,0,0
2020-02-25,Fresno,019,978130,0,0,0,0,0
2020-02-25,Glenn,021,27897,0,0,0,0,0
2020-02-25,Humboldt,023,135768,1,1,0,1,0
2020-02-25,Imperial,025,180216,3,0,0,0,0
2020-02-25,Inyo,027,18085,0,0,0,0,0
2020-02-25,Kern,029,883053,2,0,0,0,0
2020-02-25,Kings,031,150075,2,0,1,1,0
2020-02-25,Lake,033,64148,0,0,0,0,0
2020-02-25,Lassen,035,31185,0,0,0,0,0
2020-02-25,Los Angeles,037,10098052,72,1,9,10,0
2020-02-25,Madera,039,155013,2,0,0,0,0
2020-02-25,Marin,041,260295,1,0,0,0,0
2020-02-25,Mariposa,043,17540,0,0,0,0,0
2020-02-25,Mendocino,045,87422,0,0,0,0,0
2020-02-25,Merced,047,269075,0,0,0,0,0
2020-02-25,Modoc,049,8938,0,0,0,0,0
2020-02-25,Mono,051,14174,0,0,0,0,0
2020-02-25,Monterey,053,433212,0,0,0,0,0
2020-02-25,Napa,055,140530,0,0,0,0,0
2020-02-25,Nevada,057,99092,0,0,1,1,0
2020-02-25,Orange,059,3164182,46,1,0,1,0
2020-02-25,Placer,061,380077,5,0,0,0,0
2020-02-25,Plumas,063,18699,0,0,0,0,0
2020-02-25,Riverside,065,2383286,10,0,1,1,0
2020-02-25,Sacramento,067,1510023,8,1,0,1,0
2020-02-25,San Benito,069,59416,0,2,0,2,0
2020-02-25,San Bernardino,071,2135413,19,0,0,0,0
2020-02-25,San Diego,073,3302833,7,2,0,2,0
2020-02-25,San Francisco,075,870044,7,0,0,0,0
2020-02-25,San Joaquin,077,732212,5,0,2,2,0
2020-02-25,San Luis Obispo,079,281455,2,0,0,0,0
2020-02-25,San Mateo,081,765935,17,0,0,0,0
2020-02-25,Santa Barbara,083,443738,0,0,0,0,0
2020-02-25,Santa Clara,085,1922200,40,2,1,3,0
2020-02-25,Santa Cruz,087,273765,5,0,0,0,0
2020-02-25,Shasta,089,179085,0,0,0,0,0
2020-02-25,Sierra,091,2930,0,0,0,0,0
2020-02-25,Siskiyou,093,43540,0,0,0,0,0
2020-02-25,Solano,095,438530,16,21,0,21,0
2020-02-25,Sonoma,097,501317,5,0,0,0,0
2020-02-25,Stanislaus,099,539301,2,0,2,2,0
2020-02-25,Sutter,101,95872,0,0,0,0,0
2020-02-25,Tehama,103,63373,0,0,0,0,0
2020-02-25,Trinity,105,12862,0,0,0,0,0
2020-02-25,Tulare,107,460477,3,0,0,0,0
2020-02-25,Tuolumne,109,53932,0,0,0,0,0
2020-02-25,Ventura,111,848112,4,0,0,0,0
2020-02-25,Yolo,113,214977,2,0,0,0,0
2020-02-25,Yuba,115,75493,0,0,0,0,0
2020-02-24,Alameda,001,1643700,13,0,0,0,0
2020-02-24,Alpine,003,1148,0,0,0,0,0
2020-02-24,Amador,005,37829,0,0,0,0,0
2020-02-24,Butte,007,227075,0,0,0,0,0
2020-02-24,Calaveras,009,45235,0,0,0,0,0
2020-02-24,Colusa,011,21464,0,0,0,0,0
2020-02-24,Contra Costa,013,1133247,9,0,0,0,0
2020-02-24,Del Norte,015,27424,0,0,0,0,0
2020-02-24,El Dorado,017,186661,0,0,0,0,0
2020-02-24,Fresno,019,978130,0,0,0,0,0
2020-02-24,Glenn,021,27897,0,0,0,0,0
2020-02-24,Humboldt,023,135768,1,1,0,1,0
2020-02-24,Imperial,025,180216,3,0,0,0,0
2020-02-24,Inyo,027,18085,0,0,0,0,0
2020-02-24,Kern,029,883053,2,0,0,0,0
2020-02-24,Kings,031,150075,2,0,1,1,0
2020-02-24,Lake,033,64148,0,0,0,0,0
2020-02-24,Lassen,035,31185,0,0,0,0,0
2020-02-24,Los Angeles,037,10098052,67,1,9,10,0
2020-02-24,Madera,039,155013,1,0,0,0,0
2020-02-24,Marin,041,260295,1,0,0,0,0
2020-02-24,Mariposa,043,17540,0,0,0,0,0
2020-02-24,Mendocino,045,87422,0,0,0,0,0
2020-02-24,Merced,047,269075,0,0,0,0,0
2020-02-24,Modoc,049,8938,0,0,0,0,0
2020-02-24,Mono,051,14174,0,0,0,0,0
2020-02-24,Monterey,053,433212,0,0,0,0,0
2020-02-24,Napa,055,140530,0,0,0,0,0
2020-02-24,Nevada,057,99092,0,0,1,1,0
2020-02-24,Orange,059,3164182,44,1,0,1,0
2020-02-24,Placer,061,380077,3,0,0,0,0
2020-02-24,Plumas,063,18699,0,0,0,0,0
2020-02-24,Riverside,065,2383286,9,0,1,1,0
2020-02-24,Sacramento,067,1510023,7,1,0,1,0
2020-02-24,San Benito,069,59416,0,2,0,2,0
2020-02-24,San Bernardino,071,2135413,19,0,0,0,0
2020-02-24,San Diego,073,3302833,7,2,0,2,0
2020-02-24,San Francisco,075,870044,6,0,0,0,0
2020-02-24,San Joaquin,077,732212,5,0,1,1,0
2020-02-24,San Luis Obispo,079,281455,2,0,0,0,0
2020-02-24,San Mateo,081,765935,13,0,0,0,0
2020-02-24,Santa Barbara,083,443738,0,0,0,0,0
2020-02-24,Santa Clara,085,1922200,38,2,1,3,0
2020-02-24,Santa Cruz,087,273765,5,0,0,0,0
2020-02-24,Shasta,089,179085,0,0,0,0,0
2020-02-24,Sierra,091,2930,0,0,0,0,0
2020-02-24,Siskiyou,093,43540,0,0,0,0,0
2020-02-24,Solano,095,438530,13,15,0,15,0
2020-02-24,Sonoma,097,501317,5,0,0,0,0
2020-02-24,Stanislaus,099,539301,2,0,2,2,0
2020-02-24,Sutter,101,95872,0,0,0,0,0
2020-02-24,Tehama,103,63373,0,0,0,0,0
2020-02-24,Trinity,105,12862,0,0,0,0,0
2020-02-24,Tulare,107,460477,3,0,0,0,0
2020-02-24,Tuolumne,109,53932,0,0,0,0,0
2020-02-24,Ventura,111,848112,4,0,0,0,0
2020-02-24,Yolo,113,214977,2,0,0,0,0
2020-02-24,Yuba,115,75493,0,0,0,0,0
2020-02-23,Alameda,001,1643700,11,0,0,0,0
2020-02-23,Alpine,003,1148,0,0,0,0,0
2020-02-23,Amador,005,37829,0,0,0,0,0
2020-02-23,Butte,007,227075,0,0,0,0,0
2020-02-23,Calaveras,009,45235,0,0,0,0,0
2020-02-23,Colusa,011,21464,0,0,0,0,0
2020-02-23,Contra Costa,013,1133247,6,0,0,0,0
2020-02-23,Del Norte,015,27424,0,0,0,0,0
2020-02-23,El Dorado,017,186661,0,0,0,0,0
2020-02-23,Fresno,019,978130,0,0,0,0,0
2020-02-23,Glenn,021,27897,0,0,0,0,0
2020-02-23,Humboldt,023,135768,1,1,0,1,0
2020-02-23,Imperial,025,180216,3,0,0,0,0
2020-02-23,Inyo,027,18085,0,0,0,0,0
2020-02-23,Kern,029,883053,2,0,0,0,0
2020-02-23,Kings,031,150075,2,0,1,1,0
2020-02-23,Lake,033,64148,0,0,0,0,0
2020-02-23,Lassen,035,31185,0,0,0,0,0
2020-02-23,Los Angeles,037,10098052,59,1,9,10,0
2020-02-23,Madera,039,155013,1,0,0,0,0
2020-02-23,Marin,041,260295,1,0,0,0,0
2020-02-23,Mariposa,043,17540,0,0,0,0,0
2020-02-23,Mendocino,045,87422,0,0,0,0,0
2020-02-23,Merced,047,269075,0,0,0,0,0
2020-02-23,Modoc,049,8938,0,0,0,0,0
2020-02-23,Mono,051,14174,0,0,0,0,0
2020-02-23,Monterey,053,433212,0,0,0,0,0
2020-02-23,Napa,055,140530,0,0,0,0,0
2020-02-23,Nevada,057,99092,0,0,1,1,0
2020-02-23,Orange,059,3164182,44,1,0,1,0
2020-02-23,Placer,061,380077,3,0,0,0,0
2020-02-23,Plumas,063,18699,0,0,0,0,0
2020-02-23,Riverside,065,2383286,9,0,0,0,0
2020-02-23,Sacramento,067,1510023,6,1,0,1,0
2020-02-23,San Benito,069,59416,0,2,0,2,0
2020-02-23,San Bernardino,071,2135413,18,0,0,0,0
2020-02-23,San Diego,073,3302833,6,2,0,2,0
2020-02-23,San Francisco,075,870044,5,0,0,0,0
2020-02-23,San Joaquin,077,732212,4,0,1,1,0
2020-02-23,San Luis Obispo,079,281455,2,0,0,0,0
2020-02-23,San Mateo,081,765935,10,0,0,0,0
2020-02-23,Santa Barbara,083,443738,0,0,0,0,0
2020-02-23,Santa Clara,085,1922200,26,2,1,3,0
2020-02-23,Santa Cruz,087,273765,2,0,0,0,0
2020-02-23,Shasta,089,179085,0,0,0,0,0
2020-02-23,Sierra,091,2930,0,0,0,0,0
2020-02-23,Siskiyou,093,43540,0,0,0,0,0
2020-02-23,Solano,095,438530,11,15,0,15,0
2020-02-23,Sonoma,097,501317,5,0,0,0,0
2020-02-23,Stanislaus,099,539301,2,0,2,2,0
2020-02-23,Sutter,101,95872,0,0,0,0,0
2020-02-23,Tehama,103,63373,0,0,0,0,0
2020-02-23,Trinity,105,12862,0,0,0,0,0
2020-02-23,Tulare,107,460477,2,0,0,0,0
2020-02-23,Tuolumne,109,53932,0,0,0,0,0
2020-02-23,Ventura,111,848112,4,0,0,0,0
2020-02-23,Yolo,113,214977,2,0,0,0,0
2020-02-23,Yuba,115,75493,0,0,0,0,0
2020-02-22,Alameda,001,1643700,10,0,0,0,0
2020-02-22,Alpine,003,1148,0,0,0,0,0
2020-02-22,Amador,005,37829,0,0,0,0,0
2020-02-22,Butte,007,227075,0,0,0,0,0
2020-02-22,Calaveras,009,45235,0,0,0,0,0
2020-02-22,Colusa,011,21464,0,0,0,0,0
2020-02-22,Contra Costa,013,1133247,5,0,0,0,0
2020-02-22,Del Norte,015,27424,0,0,0,0,0
2020-02-22,El Dorado,017,186661,0,0,0,0,0
2020-02-22,Fresno,019,978130,0,0,0,0,0
2020-02-22,Glenn,021,27897,0,0,0,0,0
2020-02-22,Humboldt,023,135768,1,1,0,1,0
2020-02-22,Imperial,025,180216,2,0,0,0,0
2020-02-22,Inyo,027,18085,0,0,0,0,0
2020-02-22,Kern,029,883053,2,0,0,0,0
2020-02-22,Kings,031,150075,2,0,1,1,0
2020-02-22,Lake,033,64148,0,0,0,0,0
2020-02-22,Lassen,035,31185,0,0,0,0,0
2020-02-22,Los Angeles,037,10098052,57,1,9,10,0
2020-02-22,Madera,039,155013,0,0,0,0,0
2020-02-22,Marin,041,260295,1,0,0,0,0
2020-02-22,Mariposa,043,17540,0,0,0,0,0
2020-02-22,Mendocino,045,87422,0,0,0,0,0
2020-02-22,Merced,047,269075,0,0,0,0,0
2020-02-22,Modoc,049,8938,0,0,0,0,0
2020-02-22,Mono,051,14174,0,0,0,0,0
2020-02-22,Monterey,053,433212,0,0,0,0,0
2020-02-22,Napa,055,140530,0,0,0,0,0
2020-02-22,Nevada,057,99092,0,0,1,1,0
2020-02-22,Orange,059,3164182,43,1,0,1,0
2020-02-22,Placer,061,380077,3,0,0,0,0
2020-02-22,Plumas,063,18699,0,0,0,0,0
2020-02-22,Riverside,065,2383286,9,0,0,0,0
2020-02-22,Sacramento,067,1510023,6,1,0,1,0
2020-02-22,San Benito,069,59416,0,2,0,2,0
2020-02-22,San Bernardino,071,2135413,16,0,0,0,0
2020-02-22,San Diego,073,3302833,5,2,0,2,0
2020-02-22,San Francisco,075,870044,3,0,0,0,0
2020-02-22,San Joaquin,077,732212,4,0,1,1,0
2020-02-22,San Luis Obispo,079,281455,2,0,0,0,0
2020-02-22,San Mateo,081,765935,8,0,0,0,0
2020-02-22,Santa Barbara,083,443738,0,0,0,0,0
2020-02-22,Santa Clara,085,1922200,23,2,1,3,0
2020-02-22,Santa Cruz,087,273765,2,0,0,0,0
2020-02-22,Shasta,089,179085,0,0,0,0,0
2020-02-22,Sierra,091,2930,0,0,0,0,0
2020-02-22,Siskiyou,093,43540,0,0,0,0,0
2020-02-22,Solano,095,438530,11,11,0,11,0
2020-02-22,Sonoma,097,501317,4,0,0,0,0
2020-02-22,Stanislaus,099,539301,2,0,2,2,0
2020-02-22,Sutter,101,95872,0,0,0,0,0
2020-02-22,Tehama,103,63373,0,0,0,0,0
2020-02-22,Trinity,105,12862,0,0,0,0,0
2020-02-22,Tulare,107,460477,2,0,0,0,0
2020-02-22,Tuolumne,109,53932,0,0,0,0,0
2020-02-22,Ventura,111,848112,4,0,0,0,0
2020-02-22,Yolo,113,214977,1,0,0,0,0
2020-02-22,Yuba,115,75493,0,0,0,0,0
2020-02-21,Alameda,001,1643700,9,0,0,0,0
2020-02-21,Alpine,003,1148,0,0,0,0,0
2020-02-21,Amador,005,37829,0,0,0,0,0
2020-02-21,Butte,007,227075,0,0,0,0,0
2020-02-21,Calaveras,009,45235,0,0,0,0,0
2020-02-21,Colusa,011,21464,0,0,0,0,0
2020-02-21,Contra Costa,013,1133247,4,0,0,0,0
2020-02-21,Del Norte,015,27424,0,0,0,0,0
2020-02-21,El Dorado,017,186661,0,0,0,0,0
2020-02-21,Fresno,019,978130,0,0,0,0,0
2020-02-21,Glenn,021,27897,0,0,0,0,0
2020-02-21,Humboldt,023,135768,1,1,0,1,0
2020-02-21,Imperial,025,180216,2,0,0,0,0
2020-02-21,Inyo,027,18085,0,0,0,0,0
2020-02-21,Kern,029,883053,2,0,0,0,0
2020-02-21,Kings,031,150075,2,0,1,1,0
2020-02-21,Lake,033,64148,0,0,0,0,0
2020-02-21,Lassen,035,31185,0,0,0,0,0
2020-02-21,Los Angeles,037,10098052,53,1,9,10,0
2020-02-21,Madera,039,155013,0,0,0,0,0
2020-02-21,Marin,041,260295,1,0,0,0,0
2020-02-21,Mariposa,043,17540,0,0,0,0,0
2020-02-21,Mendocino,045,87422,0,0,0,0,0
2020-02-21,Merced,047,269075,0,0,0,0,0
2020-02-21,Modoc,049,8938,0,0,0,0,0
2020-02-21,Mono,051,14174,0,0,0,0,0
2020-02-21,Monterey,053,433212,0,0,0,0,0
2020-02-21,Napa,055,140530,0,0,0,0,0
2020-02-21,Nevada,057,99092,0,0,1,1,0
2020-02-21,Orange,059,3164182,41,1,0,1,0
2020-02-21,Placer,061,380077,2,0,0,0,0
2020-02-21,Plumas,063,18699,0,0,0,0,0
2020-02-21,Riverside,065,2383286,9,0,0,0,0
2020-02-21,Sacramento,067,1510023,5,1,0,1,0
2020-02-21,San Benito,069,59416,0,2,0,2,0
2020-02-21,San Bernardino,071,2135413,15,0,0,0,0
2020-02-21,San Diego,073,3302833,5,2,0,2,0
2020-02-21,San Francisco,075,870044,3,0,0,0,0
2020-02-21,San Joaquin,077,732212,2,0,1,1,0
2020-02-21,San Luis Obispo,079,281455,2,0,0,0,0
2020-02-21,San Mateo,081,765935,8,0,0,0,0
2020-02-21,Santa Barbara,083,443738,0,0,0,0,0
2020-02-21,Santa Clara,085,1922200,21,2,1,3,0
2020-02-21,Santa Cruz,087,273765,2,0,0,0,0
2020-02-21,Shasta,089,179085,0,0,0,0,0
2020-02-21,Sierra,091,2930,0,0,0,0,0
2020-02-21,Siskiyou,093,43540,0,0,0,0,0
2020-02-21,Solano,095,438530,10,11,0,11,0
2020-02-21,Sonoma,097,501317,3,0,0,0,0
2020-02-21,Stanislaus,099,539301,2,0,2,2,0
2020-02-21,Sutter,101,95872,0,0,0,0,0
2020-02-21,Tehama,103,63373,0,0,0,0,0
2020-02-21,Trinity,105,12862,0,0,0,0,0
2020-02-21,Tulare,107,460477,2,0,0,0,0
2020-02-21,Tuolumne,109,53932,0,0,0,0,0
2020-02-21,Ventura,111,848112,4,0,0,0,0
2020-02-21,Yolo,113,214977,1,0,0,0,0
2020-02-21,Yuba,115,75493,0,0,0,0,0
2020-02-20,Alameda,001,1643700,7,0,0,0,0
2020-02-20,Alpine,003,1148,0,0,0,0,0
2020-02-20,Amador,005,37829,0,0,0,0,0
2020-02-20,Butte,007,227075,0,0,0,0,0
2020-02-20,Calaveras,009,45235,0,0,0,0,0
2020-02-20,Colusa,011,21464,0,0,0,0,0
2020-02-20,Contra Costa,013,1133247,3,0,0,0,0
2020-02-20,Del Norte,015,27424,0,0,0,0,0
2020-02-20,El Dorado,017,186661,0,0,0,0,0
2020-02-20,Fresno,019,978130,0,0,0,0,0
2020-02-20,Glenn,021,27897,0,0,0,0,0
2020-02-20,Humboldt,023,135768,1,1,0,1,0
2020-02-20,Imperial,025,180216,2,0,0,0,0
2020-02-20,Inyo,027,18085,0,0,0,0,0
2020-02-20,Kern,029,883053,2,0,0,0,0
2020-02-20,Kings,031,150075,2,0,1,1,0
2020-02-20,Lake,033,64148,0,0,0,0,0
2020-02-20,Lassen,035,31185,0,0,0,0,0
2020-02-20,Los Angeles,037,10098052,52,1,8,9,0
2020-02-20,Madera,039,155013,0,0,0,0,0
2020-02-20,Marin,041,260295,0,0,0,0,0
2020-02-20,Mariposa,043,17540,0,0,0,0,0
2020-02-20,Mendocino,045,87422,0,0,0,0,0
2020-02-20,Merced,047,269075,0,0,0,0,0
2020-02-20,Modoc,049,8938,0,0,0,0,0
2020-02-20,Mono,051,14174,0,0,0,0,0
2020-02-20,Monterey,053,433212,0,0,0,0,0
2020-02-20,Napa,055,140530,0,0,0,0,0
2020-02-20,Nevada,057,99092,0,0,1,1,0
2020-02-20,Orange,059,3164182,41,1,0,1,0
2020-02-20,Placer,061,380077,2,0,0,0,0
2020-02-20,Plumas,063,18699,0,0,0,0,0
2020-02-20,Riverside,065,2383286,7,0,0,0,0
2020-02-20,Sacramento,067,1510023,2,1,0,1,0
2020-02-20,San Benito,069,59416,0,2,0,2,0
2020-02-20,San Bernardino,071,2135413,14,0,0,0,0
2020-02-20,San Diego,073,3302833,5,2,0,2,0
2020-02-20,San Francisco,075,870044,3,0,0,0,0
2020-02-20,San Joaquin,077,732212,2,0,1,1,0
2020-02-20,San Luis Obispo,079,281455,2,0,0,0,0
2020-02-20,San Mateo,081,765935,7,0,0,0,0
2020-02-20,Santa Barbara,083,443738,0,0,0,0,0
2020-02-20,Santa Clara,085,1922200,17,2,1,3,0
2020-02-20,Santa Cruz,087,273765,2,0,0,0,0
2020-02-20,Shasta,089,179085,0,0,0,0,0
2020-02-20,Sierra,091,2930,0,0,0,0,0
2020-02-20,Siskiyou,093,43540,0,0,0,0,0
2020-02-20,Solano,095,438530,8,7,0,7,0
2020-02-20,Sonoma,097,501317,2,0,0,0,0
2020-02-20,Stanislaus,099,539301,2,0,2,2,0
2020-02-20,Sutter,101,95872,0,0,0,0,0
2020-02-20,Tehama,103,63373,0,0,0,0,0
2020-02-20,Trinity,105,12862,0,0,0,0,0
2020-02-20,Tulare,107,460477,2,0,0,0,0
2020-02-20,Tuolumne,109,53932,0,0,0,0,0
2020-02-20,Ventura,111,848112,4,0,0,0,0
2020-02-20,Yolo,113,214977,1,0,0,0,0
2020-02-20,Yuba,115,75493,0,0,0,0,0
2020-02-19,Alameda,001,1643700,6,0,0,0,0
2020-02-19,Alpine,003,1148,0,0,0,0,0
2020-02-19,Amador,005,37829,0,0,0,0,0
2020-02-19,Butte,007,227075,0,0,0,0,0
2020-02-19,Calaveras,009,45235,0,0,0,0,0
2020-02-19,Colusa,011,21464,0,0,0,0,0
2020-02-19,Contra Costa,013,1133247,3,0,0,0,0
2020-02-19,Del Norte,015,27424,0,0,0,0,0
2020-02-19,El Dorado,017,186661,0,0,0,0,0
2020-02-19,Fresno,019,978130,0,0,0,0,0
2020-02-19,Glenn,021,27897,0,0,0,0,0
2020-02-19,Humboldt,023,135768,1,0,0,0,0
2020-02-19,Imperial,025,180216,2,0,0,0,0
2020-02-19,Inyo,027,18085,0,0,0,0,0
2020-02-19,Kern,029,883053,2,0,0,0,0
2020-02-19,Kings,031,150075,2,0,1,1,0
2020-02-19,Lake,033,64148,0,0,0,0,0
2020-02-19,Lassen,035,31185,0,0,0,0,0
2020-02-19,Los Angeles,037,10098052,49,1,8,9,0
2020-02-19,Madera,039,155013,0,0,0,0,0
2020-02-19,Marin,041,260295,0,0,0,0,0
2020-02-19,Mariposa,043,17540,0,0,0,0,0
2020-02-19,Mendocino,045,87422,0,0,0,0,0
2020-02-19,Merced,047,269075,0,0,0,0,0
2020-02-19,Modoc,049,8938,0,0,0,0,0
2020-02-19,Mono,051,14174,0,0,0,0,0
2020-02-19,Monterey,053,433212,0,0,0,0,0
2020-02-19,Napa,055,140530,0,0,0,0,0
2020-02-19,Nevada,057,99092,0,0,1,1,0
2020-02-19,Orange,059,3164182,40,1,0,1,0
2020-02-19,Placer,061,380077,2,0,0,0,0
2020-02-19,Plumas,063,18699,0,0,0,0,0
2020-02-19,Riverside,065,2383286,5,0,0,0,0
2020-02-19,Sacramento,067,1510023,2,0,0,0,0
2020-02-19,San Benito,069,59416,0,2,0,2,0
2020-02-19,San Bernardino,071,2135413,13,0,0,0,0
2020-02-19,San Diego,073,3302833,4,2,0,2,0
2020-02-19,San Francisco,075,870044,2,0,0,0,0
2020-02-19,San Joaquin,077,732212,2,0,1,1,0
2020-02-19,San Luis Obispo,079,281455,2,0,0,0,0
2020-02-19,San Mateo,081,765935,6,0,0,0,0
2020-02-19,Santa Barbara,083,443738,0,0,0,0,0
2020-02-19,Santa Clara,085,1922200,15,2,1,3,0
2020-02-19,Santa Cruz,087,273765,0,0,0,0,0
2020-02-19,Shasta,089,179085,0,0,0,0,0
2020-02-19,Sierra,091,2930,0,0,0,0,0
2020-02-19,Siskiyou,093,43540,0,0,0,0,0
2020-02-19,Solano,095,438530,5,7,0,7,0
2020-02-19,Sonoma,097,501317,2,0,0,0,0
2020-02-19,Stanislaus,099,539301,1,0,2,2,0
2020-02-19,Sutter,101,95872,0,0,0,0,0
2020-02-19,Tehama,103,63373,0,0,0,0,0
2020-02-19,Trinity,105,12862,0,0,0,0,0
2020-02-19,Tulare,107,460477,2,0,0,0,0
2020-02-19,Tuolumne,109,53932,0,0,0,0,0
2020-02-19,Ventura,111,848112,2,0,0,0,0
2020-02-19,Yolo,113,214977,1,0,0,0,0
2020-02-19,Yuba,115,75493,0,0,0,0,0
2020-02-18,Alameda,001,1643700,6,0,0,0,0
2020-02-18,Alpine,003,1148,0,0,0,0,0
2020-02-18,Amador,005,37829,0,0,0,0,0
2020-02-18,Butte,007,227075,0,0,0,0,0
2020-02-18,Calaveras,009,45235,0,0,0,0,0
2020-02-18,Colusa,011,21464,0,0,0,0,0
2020-02-18,Contra Costa,013,1133247,3,0,0,0,0
2020-02-18,Del Norte,015,27424,0,0,0,0,0
2020-02-18,El Dorado,017,186661,0,0,0,0,0
2020-02-18,Fresno,019,978130,0,0,0,0,0
2020-02-18,Glenn,021,27897,0,0,0,0,0
2020-02-18,Humboldt,023,135768,1,0,0,0,0
2020-02-18,Imperial,025,180216,1,0,0,0,0
2020-02-18,Inyo,027,18085,0,0,0,0,0
2020-02-18,Kern,029,883053,2,0,0,0,0
2020-02-18,Kings,031,150075,2,0,1,1,0
2020-02-18,Lake,033,64148,0,0,0,0,0
2020-02-18,Lassen,035,31185,0,0,0,0,0
2020-02-18,Los Angeles,037,10098052,46,1,7,8,0
2020-02-18,Madera,039,155013,0,0,0,0,0
2020-02-18,Marin,041,260295,0,0,0,0,0
2020-02-18,Mariposa,043,17540,0,0,0,0,0
2020-02-18,Mendocino,045,87422,0,0,0,0,0
2020-02-18,Merced,047,269075,0,0,0,0,0
2020-02-18,Modoc,049,8938,0,0,0,0,0
2020-02-18,Mono,051,14174,0,0,0,0,0
2020-02-18,Monterey,053,433212,0,0,0,0,0
2020-02-18,Napa,055,140530,0,0,0,0,0
2020-02-18,Nevada,057,99092,0,0,1,1,0
2020-02-18,Orange,059,3164182,39,1,0,1,0
2020-02-18,Placer,061,380077,0,0,0,0,0
2020-02-18,Plumas,063,18699,0,0,0,0,0
2020-02-18,Riverside,065,2383286,5,0,0,0,0
2020-02-18,Sacramento,067,1510023,2,0,0,0,0
2020-02-18,San Benito,069,59416,0,2,0,2,0
2020-02-18,San Bernardino,071,2135413,13,0,0,0,0
2020-02-18,San Diego,073,3302833,4,2,0,2,0
2020-02-18,San Francisco,075,870044,2,0,0,0,0
2020-02-18,San Joaquin,077,732212,1,0,1,1,0
2020-02-18,San Luis Obispo,079,281455,2,0,0,0,0
2020-02-18,San Mateo,081,765935,5,0,0,0,0
2020-02-18,Santa Barbara,083,443738,0,0,0,0,0
2020-02-18,Santa Clara,085,1922200,14,2,1,3,0
2020-02-18,Santa Cruz,087,273765,0,0,0,0,0
2020-02-18,Shasta,089,179085,0,0,0,0,0
2020-02-18,Sierra,091,2930,0,0,0,0,0
2020-02-18,Siskiyou,093,43540,0,0,0,0,0
2020-02-18,Solano,095,438530,5,7,0,7,0
2020-02-18,Sonoma,097,501317,1,0,0,0,0
2020-02-18,Stanislaus,099,539301,1,0,2,2,0
2020-02-18,Sutter,101,95872,0,0,0,0,0
2020-02-18,Tehama,103,63373,0,0,0,0,0
2020-02-18,Trinity,105,12862,0,0,0,0,0
2020-02-18,Tulare,107,460477,2,0,0,0,0
2020-02-18,Tuolumne,109,53932,0,0,0,0,0
2020-02-18,Ventura,111,848112,2,0,0,0,0
2020-02-18,Yolo,113,214977,1,0,0,0,0
2020-02-18,Yuba,115,75493,0,0,0,0,0
2020-02-17,Alameda,001,1643700,6,0,0,0,0
2020-02-17,Alpine,003,1148,0,0,0,0,0
2020-02-17,Amador,005,37829,0,0,0,0,0
2020-02-17,Butte,007,227075,0,0,0,0,0
2020-02-17,Calaveras,009,45235,0,0,0,0,0
2020-02-17,Colusa,011,21464,0,0,0,0,0
2020-02-17,Contra Costa,013,1133247,3,0,0,0,0
2020-02-17,Del Norte,015,27424,0,0,0,0,0
2020-02-17,El Dorado,017,186661,0,0,0,0,0
2020-02-17,Fresno,019,978130,0,0,0,0,0
2020-02-17,Glenn,021,27897,0,0,0,0,0
2020-02-17,Humboldt,023,135768,1,0,0,0,0
2020-02-17,Imperial,025,180216,1,0,0,0,0
2020-02-17,Inyo,027,18085,0,0,0,0,0
2020-02-17,Kern,029,883053,2,0,0,0,0
2020-02-17,Kings,031,150075,2,0,0,0,0
2020-02-17,Lake,033,64148,0,0,0,0,0
2020-02-17,Lassen,035,31185,0,0,0,0,0
2020-02-17,Los Angeles,037,10098052,43,1,6,7,0
2020-02-17,Madera,039,155013,0,0,0,0,0
2020-02-17,Marin,041,260295,0,0,0,0,0
2020-02-17,Mariposa,043,17540,0,0,0,0,0
2020-02-17,Mendocino,045,87422,0,0,0,0,0
2020-02-17,Merced,047,269075,0,0,0,0,0
2020-02-17,Modoc,049,8938,0,0,0,0,0
2020-02-17,Mono,051,14174,0,0,0,0,0
2020-02-17,Monterey,053,433212,0,0,0,0,0
2020-02-17,Napa,055,140530,0,0,0,0,0
2020-02-17,Nevada,057,99092,0,0,1,1,0
2020-02-17,Orange,059,3164182,39,1,0,1,0
2020-02-17,Placer,061,380077,0,0,0,0,0
2020-02-17,Plumas,063,18699,0,0,0,0,0
2020-02-17,Riverside,065,2383286,5,0,0,0,0
2020-02-17,Sacramento,067,1510023,2,0,0,0,0
2020-02-17,San Benito,069,59416,0,2,0,2,0
2020-02-17,San Bernardino,071,2135413,11,0,0,0,0
2020-02-17,San Diego,073,3302833,4,2,0,2,0
2020-02-17,San Francisco,075,870044,2,0,0,0,0
2020-02-17,San Joaquin,077,732212,1,0,1,1,0
2020-02-17,San Luis Obispo,079,281455,1,0,0,0,0
2020-02-17,San Mateo,081,765935,5,0,0,0,0
2020-02-17,Santa Barbara,083,443738,0,0,0,0,0
2020-02-17,Santa Clara,085,1922200,12,2,1,3,0
2020-02-17,Santa Cruz,087,273765,0,0,0,0,0
2020-02-17,Shasta,089,179085,0,0,0,0,0
2020-02-17,Sierra,091,2930,0,0,0,0,0
2020-02-17,Siskiyou,093,43540,0,0,0,0,0
2020-02-17,Solano,095,438530,3,5,0,5,0
2020-02-17,Sonoma,097,501317,1,0,0,0,0
2020-02-17,Stanislaus,099,539301,1,0,2,2,0
2020-02-17,Sutter,101,95872,0,0,0,0,0
2020-02-17,Tehama,103,63373,0,0,0,0,0
2020-02-17,Trinity,105,12862,0,0,0,0,0
2020-02-17,Tulare,107,460477,2,0,0,0,0
2020-02-17,Tuolumne,109,53932,0,0,0,0,0
2020-02-17,Ventura,111,848112,2,0,0,0,0
2020-02-17,Yolo,113,214977,1,0,0,0,0
2020-02-17,Yuba,115,75493,0,0,0,0,0
2020-02-16,Alameda,001,1643700,5,0,0,0,0
2020-02-16,Alpine,003,1148,0,0,0,0,0
2020-02-16,Amador,005,37829,0,0,0,0,0
2020-02-16,Butte,007,227075,0,0,0,0,0
2020-02-16,Calaveras,009,45235,0,0,0,0,0
2020-02-16,Colusa,011,21464,0,0,0,0,0
2020-02-16,Contra Costa,013,1133247,3,0,0,0,0
2020-02-16,Del Norte,015,27424,0,0,0,0,0
2020-02-16,El Dorado,017,186661,0,0,0,0,0
2020-02-16,Fresno,019,978130,0,0,0,0,0
2020-02-16,Glenn,021,27897,0,0,0,0,0
2020-02-16,Humboldt,023,135768,1,0,0,0,0
2020-02-16,Imperial,025,180216,1,0,0,0,0
2020-02-16,Inyo,027,18085,0,0,0,0,0
2020-02-16,Kern,029,883053,2,0,0,0,0
2020-02-16,Kings,031,150075,2,0,0,0,0
2020-02-16,Lake,033,64148,0,0,0,0,0
2020-02-16,Lassen,035,31185,0,0,0,0,0
2020-02-16,Los Angeles,037,10098052,37,1,6,7,0
2020-02-16,Madera,039,155013,0,0,0,0,0
2020-02-16,Marin,041,260295,0,0,0,0,0
2020-02-16,Mariposa,043,17540,0,0,0,0,0
2020-02-16,Mendocino,045,87422,0,0,0,0,0
2020-02-16,Merced,047,269075,0,0,0,0,0
2020-02-16,Modoc,049,8938,0,0,0,0,0
2020-02-16,Mono,051,14174,0,0,0,0,0
2020-02-16,Monterey,053,433212,0,0,0,0,0
2020-02-16,Napa,055,140530,0,0,0,0,0
2020-02-16,Nevada,057,99092,0,0,0,0,0
2020-02-16,Orange,059,3164182,38,1,0,1,0
2020-02-16,Placer,061,380077,0,0,0,0,0
2020-02-16,Plumas,063,18699,0,0,0,0,0
2020-02-16,Riverside,065,2383286,5,0,0,0,0
2020-02-16,Sacramento,067,1510023,2,0,0,0,0
2020-02-16,San Benito,069,59416,0,2,0,2,0
2020-02-16,San Bernardino,071,2135413,10,0,0,0,0
2020-02-16,San Diego,073,3302833,4,2,0,2,0
2020-02-16,San Francisco,075,870044,2,0,0,0,0
2020-02-16,San Joaquin,077,732212,1,0,1,1,0
2020-02-16,San Luis Obispo,079,281455,1,0,0,0,0
2020-02-16,San Mateo,081,765935,4,0,0,0,0
2020-02-16,Santa Barbara,083,443738,0,0,0,0,0
2020-02-16,Santa Clara,085,1922200,10,2,1,3,0
2020-02-16,Santa Cruz,087,273765,0,0,0,0,0
2020-02-16,Shasta,089,179085,0,0,0,0,0
2020-02-16,Sierra,091,2930,0,0,0,0,0
2020-02-16,Siskiyou,093,43540,0,0,0,0,0
2020-02-16,Solano,095,438530,1,0,0,0,0
2020-02-16,Sonoma,097,501317,1,0,0,0,0
2020-02-16,Stanislaus,099,539301,1,0,2,2,0
2020-02-16,Sutter,101,95872,0,0,0,0,0
2020-02-16,Tehama,103,63373,0,0,0,0,0
2020-02-16,Trinity,105,12862,0,0,0,0,0
2020-02-16,Tulare,107,460477,2,0,0,0,0
2020-02-16,Tuolumne,109,53932,0,0,0,0,0
2020-02-16,Ventura,111,848112,2,0,0,0,0
2020-02-16,Yolo,113,214977,1,0,0,0,0
2020-02-16,Yuba,115,75493,0,0,0,0,0
2020-02-15,Alameda,001,1643700,5,0,0,0,0
2020-02-15,Alpine,003,1148,0,0,0,0,0
2020-02-15,Amador,005,37829,0,0,0,0,0
2020-02-15,Butte,007,227075,0,0,0,0,0
2020-02-15,Calaveras,009,45235,0,0,0,0,0
2020-02-15,Colusa,011,21464,0,0,0,0,0
2020-02-15,Contra Costa,013,1133247,3,0,0,0,0
2020-02-15,Del Norte,015,27424,0,0,0,0,0
2020-02-15,El Dorado,017,186661,0,0,0,0,0
2020-02-15,Fresno,019,978130,0,0,0,0,0
2020-02-15,Glenn,021,27897,0,0,0,0,0
2020-02-15,Humboldt,023,135768,1,0,0,0,0
2020-02-15,Imperial,025,180216,1,0,0,0,0
2020-02-15,Inyo,027,18085,0,0,0,0,0
2020-02-15,Kern,029,883053,2,0,0,0,0
2020-02-15,Kings,031,150075,2,0,0,0,0
2020-02-15,Lake,033,64148,0,0,0,0,0
2020-02-15,Lassen,035,31185,0,0,0,0,0
2020-02-15,Los Angeles,037,10098052,34,1,6,7,0
2020-02-15,Madera,039,155013,0,0,0,0,0
2020-02-15,Marin,041,260295,0,0,0,0,0
2020-02-15,Mariposa,043,17540,0,0,0,0,0
2020-02-15,Mendocino,045,87422,0,0,0,0,0
2020-02-15,Merced,047,269075,0,0,0,0,0
2020-02-15,Modoc,049,8938,0,0,0,0,0
2020-02-15,Mono,051,14174,0,0,0,0,0
2020-02-15,Monterey,053,433212,0,0,0,0,0
2020-02-15,Napa,055,140530,0,0,0,0,0
2020-02-15,Nevada,057,99092,0,0,0,0,0
2020-02-15,Orange,059,3164182,37,1,0,1,0
2020-02-15,Placer,061,380077,0,0,0,0,0
2020-02-15,Plumas,063,18699,0,0,0,0,0
2020-02-15,Riverside,065,2383286,4,0,0,0,0
2020-02-15,Sacramento,067,1510023,2,0,0,0,0
2020-02-15,San Benito,069,59416,0,2,0,2,0
2020-02-15,San Bernardino,071,2135413,9,0,0,0,0
2020-02-15,San Diego,073,3302833,4,2,0,2,0
2020-02-15,San Francisco,075,870044,2,0,0,0,0
2020-02-15,San Joaquin,077,732212,1,0,1,1,0
2020-02-15,San Luis Obispo,079,281455,1,0,0,0,0
2020-02-15,San Mateo,081,765935,4,0,0,0,0
2020-02-15,Santa Barbara,083,443738,0,0,0,0,0
2020-02-15,Santa Clara,085,1922200,10,2,1,3,0
2020-02-15,Santa Cruz,087,273765,0,0,0,0,0
2020-02-15,Shasta,089,179085,0,0,0,0,0
2020-02-15,Sierra,091,2930,0,0,0,0,0
2020-02-15,Siskiyou,093,43540,0,0,0,0,0
2020-02-15,Solano,095,438530,1,0,0,0,0
2020-02-15,Sonoma,097,501317,0,0,0,0,0
2020-02-15,Stanislaus,099,539301,1,0,2,2,0
2020-02-15,Sutter,101,95872,0,0,0,0,0
2020-02-15,Tehama,103,63373,0,0,0,0,0
2020-02-15,Trinity,105,12862,0,0,0,0,0
2020-02-15,Tulare,107,460477,2,0,0,0,0
2020-02-15,Tuolumne,109,53932,0,0,0,0,0
2020-02-15,Ventura,111,848112,2,0,0,0,0
2020-02-15,Yolo,113,214977,1,0,0,0,0
2020-02-15,Yuba,115,75493,0,0,0,0,0
2020-02-14,Alameda,001,1643700,4,0,0,0,0
2020-02-14,Alpine,003,1148,0,0,0,0,0
2020-02-14,Amador,005,37829,0,0,0,0,0
2020-02-14,Butte,007,227075,0,0,0,0,0
2020-02-14,Calaveras,009,45235,0,0,0,0,0
2020-02-14,Colusa,011,21464,0,0,0,0,0
2020-02-14,Contra Costa,013,1133247,3,0,0,0,0
2020-02-14,Del Norte,015,27424,0,0,0,0,0
2020-02-14,El Dorado,017,186661,0,0,0,0,0
2020-02-14,Fresno,019,978130,0,0,0,0,0
2020-02-14,Glenn,021,27897,0,0,0,0,0
2020-02-14,Humboldt,023,135768,1,0,0,0,0
2020-02-14,Imperial,025,180216,1,0,0,0,0
2020-02-14,Inyo,027,18085,0,0,0,0,0
2020-02-14,Kern,029,883053,2,0,0,0,0
2020-02-14,Kings,031,150075,1,0,0,0,0
2020-02-14,Lake,033,64148,0,0,0,0,0
2020-02-14,Lassen,035,31185,0,0,0,0,0
2020-02-14,Los Angeles,037,10098052,29,1,6,7,0
2020-02-14,Madera,039,155013,0,0,0,0,0
2020-02-14,Marin,041,260295,0,0,0,0,0
2020-02-14,Mariposa,043,17540,0,0,0,0,0
2020-02-14,Mendocino,045,87422,0,0,0,0,0
2020-02-14,Merced,047,269075,0,0,0,0,0
2020-02-14,Modoc,049,8938,0,0,0,0,0
2020-02-14,Mono,051,14174,0,0,0,0,0
2020-02-14,Monterey,053,433212,0,0,0,0,0
2020-02-14,Napa,055,140530,0,0,0,0,0
2020-02-14,Nevada,057,99092,0,0,0,0,0
2020-02-14,Orange,059,3164182,37,1,0,1,0
2020-02-14,Placer,061,380077,0,0,0,0,0
2020-02-14,Plumas,063,18699,0,0,0,0,0
2020-02-14,Riverside,065,2383286,4,0,0,0,0
2020-02-14,Sacramento,067,1510023,1,0,0,0,0
2020-02-14,San Benito,069,59416,0,2,0,2,0
2020-02-14,San Bernardino,071,2135413,9,0,0,0,0
2020-02-14,San Diego,073,3302833,3,2,0,2,0
2020-02-14,San Francisco,075,870044,2,0,0,0,0
2020-02-14,San Joaquin,077,732212,1,0,1,1,0
2020-02-14,San Luis Obispo,079,281455,0,0,0,0,0
2020-02-14,San Mateo,081,765935,3,0,0,0,0
2020-02-14,Santa Barbara,083,443738,0,0,0,0,0
2020-02-14,Santa Clara,085,1922200,8,2,1,3,0
2020-02-14,Santa Cruz,087,273765,0,0,0,0,0
2020-02-14,Shasta,089,179085,0,0,0,0,0
2020-02-14,Sierra,091,2930,0,0,0,0,0
2020-02-14,Siskiyou,093,43540,0,0,0,0,0
2020-02-14,Solano,095,438530,1,0,0,0,0
2020-02-14,Sonoma,097,501317,0,0,0,0,0
2020-02-14,Stanislaus,099,539301,1,0,2,2,0
2020-02-14,Sutter,101,95872,0,0,0,0,0
2020-02-14,Tehama,103,63373,0,0,0,0,0
2020-02-14,Trinity,105,12862,0,0,0,0,0
2020-02-14,Tulare,107,460477,2,0,0,0,0
2020-02-14,Tuolumne,109,53932,0,0,0,0,0
2020-02-14,Ventura,111,848112,2,0,0,0,0
2020-02-14,Yolo,113,214977,1,0,0,0,0
2020-02-14,Yuba,115,75493,0,0,0,0,0
2020-02-13,Alameda,001,1643700,4,0,0,0,0
2020-02-13,Alpine,003,1148,0,0,0,0,0
2020-02-13,Amador,005,37829,0,0,0,0,0
2020-02-13,Butte,007,227075,0,0,0,0,0
2020-02-13,Calaveras,009,45235,0,0,0,0,0
2020-02-13,Colusa,011,21464,0,0,0,0,0
2020-02-13,Contra Costa,013,1133247,3,0,0,0,0
2020-02-13,Del Norte,015,27424,0,0,0,0,0
2020-02-13,El Dorado,017,186661,0,0,0,0,0
2020-02-13,Fresno,019,978130,0,0,0,0,0
2020-02-13,Glenn,021,27897,0,0,0,0,0
2020-02-13,Humboldt,023,135768,1,0,0,0,0
2020-02-13,Imperial,025,180216,1,0,0,0,0
2020-02-13,Inyo,027,18085,0,0,0,0,0
2020-02-13,Kern,029,883053,2,0,0,0,0
2020-02-13,Kings,031,150075,1,0,0,0,0
2020-02-13,Lake,033,64148,0,0,0,0,0
2020-02-13,Lassen,035,31185,0,0,0,0,0
2020-02-13,Los Angeles,037,10098052,25,1,5,6,0
2020-02-13,Madera,039,155013,0,0,0,0,0
2020-02-13,Marin,041,260295,0,0,0,0,0
2020-02-13,Mariposa,043,17540,0,0,0,0,0
2020-02-13,Mendocino,045,87422,0,0,0,0,0
2020-02-13,Merced,047,269075,0,0,0,0,0
2020-02-13,Modoc,049,8938,0,0,0,0,0
2020-02-13,Mono,051,14174,0,0,0,0,0
2020-02-13,Monterey,053,433212,0,0,0,0,0
2020-02-13,Napa,055,140530,0,0,0,0,0
2020-02-13,Nevada,057,99092,0,0,0,0,0
2020-02-13,Orange,059,3164182,36,1,0,1,0
2020-02-13,Placer,061,380077,0,0,0,0,0
2020-02-13,Plumas,063,18699,0,0,0,0,0
2020-02-13,Riverside,065,2383286,4,0,0,0,0
2020-02-13,Sacramento,067,1510023,1,0,0,0,0
2020-02-13,San Benito,069,59416,0,2,0,2,0
2020-02-13,San Bernardino,071,2135413,8,0,0,0,0
2020-02-13,San Diego,073,3302833,2,2,0,2,0
2020-02-13,San Francisco,075,870044,2,0,0,0,0
2020-02-13,San Joaquin,077,732212,1,0,1,1,0
2020-02-13,San Luis Obispo,079,281455,0,0,0,0,0
2020-02-13,San Mateo,081,765935,2,0,0,0,0
2020-02-13,Santa Barbara,083,443738,0,0,0,0,0
2020-02-13,Santa Clara,085,1922200,7,2,0,2,0
2020-02-13,Santa Cruz,087,273765,0,0,0,0,0
2020-02-13,Shasta,089,179085,0,0,0,0,0
2020-02-13,Sierra,091,2930,0,0,0,0,0
2020-02-13,Siskiyou,093,43540,0,0,0,0,0
2020-02-13,Solano,095,438530,0,0,0,0,0
2020-02-13,Sonoma,097,501317,0,0,0,0,0
2020-02-13,Stanislaus,099,539301,1,0,1,1,0
2020-02-13,Sutter,101,95872,0,0,0,0,0
2020-02-13,Tehama,103,63373,0,0,0,0,0
2020-02-13,Trinity,105,12862,0,0,0,0,0
2020-02-13,Tulare,107,460477,2,0,0,0,0
2020-02-13,Tuolumne,109,53932,0,0,0,0,0
2020-02-13,Ventura,111,848112,2,0,0,0,0
2020-02-13,Yolo,113,214977,1,0,0,0,0
2020-02-13,Yuba,115,75493,0,0,0,0,0
2020-02-12,Alameda,001,1643700,4,0,0,0,0
2020-02-12,Alpine,003,1148,0,0,0,0,0
2020-02-12,Amador,005,37829,0,0,0,0,0
2020-02-12,Butte,007,227075,0,0,0,0,0
2020-02-12,Calaveras,009,45235,0,0,0,0,0
2020-02-12,Colusa,011,21464,0,0,0,0,0
2020-02-12,Contra Costa,013,1133247,3,0,0,0,0
2020-02-12,Del Norte,015,27424,0,0,0,0,0
2020-02-12,El Dorado,017,186661,0,0,0,0,0
2020-02-12,Fresno,019,978130,0,0,0,0,0
2020-02-12,Glenn,021,27897,0,0,0,0,0
2020-02-12,Humboldt,023,135768,1,0,0,0,0
2020-02-12,Imperial,025,180216,1,0,0,0,0
2020-02-12,Inyo,027,18085,0,0,0,0,0
2020-02-12,Kern,029,883053,2,0,0,0,0
2020-02-12,Kings,031,150075,1,0,0,0,0
2020-02-12,Lake,033,64148,0,0,0,0,0
2020-02-12,Lassen,035,31185,0,0,0,0,0
2020-02-12,Los Angeles,037,10098052,24,1,5,6,0
2020-02-12,Madera,039,155013,0,0,0,0,0
2020-02-12,Marin,041,260295,0,0,0,0,0
2020-02-12,Mariposa,043,17540,0,0,0,0,0
2020-02-12,Mendocino,045,87422,0,0,0,0,0
2020-02-12,Merced,047,269075,0,0,0,0,0
2020-02-12,Modoc,049,8938,0,0,0,0,0
2020-02-12,Mono,051,14174,0,0,0,0,0
2020-02-12,Monterey,053,433212,0,0,0,0,0
2020-02-12,Napa,055,140530,0,0,0,0,0
2020-02-12,Nevada,057,99092,0,0,0,0,0
2020-02-12,Orange,059,3164182,36,1,0,1,0
2020-02-12,Placer,061,380077,0,0,0,0,0
2020-02-12,Plumas,063,18699,0,0,0,0,0
2020-02-12,Riverside,065,2383286,4,0,0,0,0
2020-02-12,Sacramento,067,1510023,1,0,0,0,0
2020-02-12,San Benito,069,59416,0,2,0,2,0
2020-02-12,San Bernardino,071,2135413,8,0,0,0,0
2020-02-12,San Diego,073,3302833,2,2,0,2,0
2020-02-12,San Francisco,075,870044,2,0,0,0,0
2020-02-12,San Joaquin,077,732212,1,0,1,1,0
2020-02-12,San Luis Obispo,079,281455,0,0,0,0,0
2020-02-12,San Mateo,081,765935,2,0,0,0,0
2020-02-12,Santa Barbara,083,443738,0,0,0,0,0
2020-02-12,Santa Clara,085,1922200,6,2,0,2,0
2020-02-12,Santa Cruz,087,273765,0,0,0,0,0
2020-02-12,Shasta,089,179085,0,0,0,0,0
2020-02-12,Sierra,091,2930,0,0,0,0,0
2020-02-12,Siskiyou,093,43540,0,0,0,0,0
2020-02-12,Solano,095,438530,0,0,0,0,0
2020-02-12,Sonoma,097,501317,0,0,0,0,0
2020-02-12,Stanislaus,099,539301,1,0,1,1,0
2020-02-12,Sutter,101,95872,0,0,0,0,0
2020-02-12,Tehama,103,63373,0,0,0,0,0
2020-02-12,Trinity,105,12862,0,0,0,0,0
2020-02-12,Tulare,107,460477,2,0,0,0,0
2020-02-12,Tuolumne,109,53932,0,0,0,0,0
2020-02-12,Ventura,111,848112,2,0,0,0,0
2020-02-12,Yolo,113,214977,1,0,0,0,0
2020-02-12,Yuba,115,75493,0,0,0,0,0
2020-02-11,Alameda,001,1643700,4,0,0,0,0
2020-02-11,Alpine,003,1148,0,0,0,0,0
2020-02-11,Amador,005,37829,0,0,0,0,0
2020-02-11,Butte,007,227075,0,0,0,0,0
2020-02-11,Calaveras,009,45235,0,0,0,0,0
2020-02-11,Colusa,011,21464,0,0,0,0,0
2020-02-11,Contra Costa,013,1133247,3,0,0,0,0
2020-02-11,Del Norte,015,27424,0,0,0,0,0
2020-02-11,El Dorado,017,186661,0,0,0,0,0
2020-02-11,Fresno,019,978130,0,0,0,0,0
2020-02-11,Glenn,021,27897,0,0,0,0,0
2020-02-11,Humboldt,023,135768,1,0,0,0,0
2020-02-11,Imperial,025,180216,1,0,0,0,0
2020-02-11,Inyo,027,18085,0,0,0,0,0
2020-02-11,Kern,029,883053,2,0,0,0,0
2020-02-11,Kings,031,150075,1,0,0,0,0
2020-02-11,Lake,033,64148,0,0,0,0,0
2020-02-11,Lassen,035,31185,0,0,0,0,0
2020-02-11,Los Angeles,037,10098052,24,1,5,6,0
2020-02-11,Madera,039,155013,0,0,0,0,0
2020-02-11,Marin,041,260295,0,0,0,0,0
2020-02-11,Mariposa,043,17540,0,0,0,0,0
2020-02-11,Mendocino,045,87422,0,0,0,0,0
2020-02-11,Merced,047,269075,0,0,0,0,0
2020-02-11,Modoc,049,8938,0,0,0,0,0
2020-02-11,Mono,051,14174,0,0,0,0,0
2020-02-11,Monterey,053,433212,0,0,0,0,0
2020-02-11,Napa,055,140530,0,0,0,0,0
2020-02-11,Nevada,057,99092,0,0,0,0,0
2020-02-11,Orange,059,3164182,35,1,0,1,0
2020-02-11,Placer,061,380077,0,0,0,0,0
2020-02-11,Plumas,063,18699,0,0,0,0,0
2020-02-11,Riverside,065,2383286,4,0,0,0,0
2020-02-11,Sacramento,067,1510023,1,0,0,0,0
2020-02-11,San Benito,069,59416,0,2,0,2,0
2020-02-11,San Bernardino,071,2135413,8,0,0,0,0
2020-02-11,San Diego,073,3302833,2,1,0,1,0
2020-02-11,San Francisco,075,870044,2,0,0,0,0
2020-02-11,San Joaquin,077,732212,0,0,1,1,0
2020-02-11,San Luis Obispo,079,281455,0,0,0,0,0
2020-02-11,San Mateo,081,765935,2,0,0,0,0
2020-02-11,Santa Barbara,083,443738,0,0,0,0,0
2020-02-11,Santa Clara,085,1922200,5,2,0,2,0
2020-02-11,Santa Cruz,087,273765,0,0,0,0,0
2020-02-11,Shasta,089,179085,0,0,0,0,0
2020-02-11,Sierra,091,2930,0,0,0,0,0
2020-02-11,Siskiyou,093,43540,0,0,0,0,0
2020-02-11,Solano,095,438530,0,0,0,0,0
2020-02-11,Sonoma,097,501317,0,0,0,0,0
2020-02-11,Stanislaus,099,539301,1,0,1,1,0
2020-02-11,Sutter,101,95872,0,0,0,0,0
2020-02-11,Tehama,103,63373,0,0,0,0,0
2020-02-11,Trinity,105,12862,0,0,0,0,0
2020-02-11,Tulare,107,460477,2,0,0,0,0
2020-02-11,Tuolumne,109,53932,0,0,0,0,0
2020-02-11,Ventura,111,848112,2,0,0,0,0
2020-02-11,Yolo,113,214977,1,0,0,0,0
2020-02-11,Yuba,115,75493,0,0,0,0,0
2020-02-10,Alameda,001,1643700,4,0,0,0,0
2020-02-10,Alpine,003,1148,0,0,0,0,0
2020-02-10,Amador,005,37829,0,0,0,0,0
2020-02-10,Butte,007,227075,0,0,0,0,0
2020-02-10,Calaveras,009,45235,0,0,0,0,0
2020-02-10,Colusa,011,21464,0,0,0,0,0
2020-02-10,Contra Costa,013,1133247,3,0,0,0,0
2020-02-10,Del Norte,015,27424,0,0,0,0,0
2020-02-10,El Dorado,017,186661,0,0,0,0,0
2020-02-10,Fresno,019,978130,0,0,0,0,0
2020-02-10,Glenn,021,27897,0,0,0,0,0
2020-02-10,Humboldt,023,135768,0,0,0,0,0
2020-02-10,Imperial,025,180216,1,0,0,0,0
2020-02-10,Inyo,027,18085,0,0,0,0,0
2020-02-10,Kern,029,883053,2,0,0,0,0
2020-02-10,Kings,031,150075,1,0,0,0,0
2020-02-10,Lake,033,64148,0,0,0,0,0
2020-02-10,Lassen,035,31185,0,0,0,0,0
2020-02-10,Los Angeles,037,10098052,22,1,5,6,0
2020-02-10,Madera,039,155013,0,0,0,0,0
2020-02-10,Marin,041,260295,0,0,0,0,0
2020-02-10,Mariposa,043,17540,0,0,0,0,0
2020-02-10,Mendocino,045,87422,0,0,0,0,0
2020-02-10,Merced,047,269075,0,0,0,0,0
2020-02-10,Modoc,049,8938,0,0,0,0,0
2020-02-10,Mono,051,14174,0,0,0,0,0
2020-02-10,Monterey,053,433212,0,0,0,0,0
2020-02-10,Napa,055,140530,0,0,0,0,0
2020-02-10,Nevada,057,99092,0,0,0,0,0
2020-02-10,Orange,059,3164182,35,1,0,1,0
2020-02-10,Placer,061,380077,0,0,0,0,0
2020-02-10,Plumas,063,18699,0,0,0,0,0
2020-02-10,Riverside,065,2383286,4,0,0,0,0
2020-02-10,Sacramento,067,1510023,1,0,0,0,0
2020-02-10,San Benito,069,59416,0,2,0,2,0
2020-02-10,San Bernardino,071,2135413,7,0,0,0,0
2020-02-10,San Diego,073,3302833,2,0,0,0,0
2020-02-10,San Francisco,075,870044,2,0,0,0,0
2020-02-10,San Joaquin,077,732212,0,0,1,1,0
2020-02-10,San Luis Obispo,079,281455,0,0,0,0,0
2020-02-10,San Mateo,081,765935,2,0,0,0,0
2020-02-10,Santa Barbara,083,443738,0,0,0,0,0
2020-02-10,Santa Clara,085,1922200,5,2,0,2,0
2020-02-10,Santa Cruz,087,273765,0,0,0,0,0
2020-02-10,Shasta,089,179085,0,0,0,0,0
2020-02-10,Sierra,091,2930,0,0,0,0,0
2020-02-10,Siskiyou,093,43540,0,0,0,0,0
2020-02-10,Solano,095,438530,0,0,0,0,0
2020-02-10,Sonoma,097,501317,0,0,0,0,0
2020-02-10,Stanislaus,099,539301,1,0,0,0,0
2020-02-10,Sutter,101,95872,0,0,0,0,0
2020-02-10,Tehama,103,63373,0,0,0,0,0
2020-02-10,Trinity,105,12862,0,0,0,0,0
2020-02-10,Tulare,107,460477,2,0,0,0,0
2020-02-10,Tuolumne,109,53932,0,0,0,0,0
2020-02-10,Ventura,111,848112,2,0,0,0,0
2020-02-10,Yolo,113,214977,1,0,0,0,0
2020-02-10,Yuba,115,75493,0,0,0,0,0
2020-02-09,Alameda,001,1643700,4,0,0,0,0
2020-02-09,Alpine,003,1148,0,0,0,0,0
2020-02-09,Amador,005,37829,0,0,0,0,0
2020-02-09,Butte,007,227075,0,0,0,0,0
2020-02-09,Calaveras,009,45235,0,0,0,0,0
2020-02-09,Colusa,011,21464,0,0,0,0,0
2020-02-09,Contra Costa,013,1133247,3,0,0,0,0
2020-02-09,Del Norte,015,27424,0,0,0,0,0
2020-02-09,El Dorado,017,186661,0,0,0,0,0
2020-02-09,Fresno,019,978130,0,0,0,0,0
2020-02-09,Glenn,021,27897,0,0,0,0,0
2020-02-09,Humboldt,023,135768,0,0,0,0,0
2020-02-09,Imperial,025,180216,1,0,0,0,0
2020-02-09,Inyo,027,18085,0,0,0,0,0
2020-02-09,Kern,029,883053,2,0,0,0,0
2020-02-09,Kings,031,150075,1,0,0,0,0
2020-02-09,Lake,033,64148,0,0,0,0,0
2020-02-09,Lassen,035,31185,0,0,0,0,0
2020-02-09,Los Angeles,037,10098052,21,1,5,6,0
2020-02-09,Madera,039,155013,0,0,0,0,0
2020-02-09,Marin,041,260295,0,0,0,0,0
2020-02-09,Mariposa,043,17540,0,0,0,0,0
2020-02-09,Mendocino,045,87422,0,0,0,0,0
2020-02-09,Merced,047,269075,0,0,0,0,0
2020-02-09,Modoc,049,8938,0,0,0,0,0
2020-02-09,Mono,051,14174,0,0,0,0,0
2020-02-09,Monterey,053,433212,0,0,0,0,0
2020-02-09,Napa,055,140530,0,0,0,0,0
2020-02-09,Nevada,057,99092,0,0,0,0,0
2020-02-09,Orange,059,3164182,35,1,0,1,0
2020-02-09,Placer,061,380077,0,0,0,0,0
2020-02-09,Plumas,063,18699,0,0,0,0,0
2020-02-09,Riverside,065,2383286,4,0,0,0,0
2020-02-09,Sacramento,067,1510023,0,0,0,0,0
2020-02-09,San Benito,069,59416,0,2,0,2,0
2020-02-09,San Bernardino,071,2135413,7,0,0,0,0
2020-02-09,San Diego,073,3302833,2,0,0,0,0
2020-02-09,San Francisco,075,870044,1,0,0,0,0
2020-02-09,San Joaquin,077,732212,0,0,1,1,0
2020-02-09,San Luis Obispo,079,281455,0,0,0,0,0
2020-02-09,San Mateo,081,765935,2,0,0,0,0
2020-02-09,Santa Barbara,083,443738,0,0,0,0,0
2020-02-09,Santa Clara,085,1922200,4,2,0,2,0
2020-02-09,Santa Cruz,087,273765,0,0,0,0,0
2020-02-09,Shasta,089,179085,0,0,0,0,0
2020-02-09,Sierra,091,2930,0,0,0,0,0
2020-02-09,Siskiyou,093,43540,0,0,0,0,0
2020-02-09,Solano,095,438530,0,0,0,0,0
2020-02-09,Sonoma,097,501317,0,0,0,0,0
2020-02-09,Stanislaus,099,539301,0,0,0,0,0
2020-02-09,Sutter,101,95872,0,0,0,0,0
2020-02-09,Tehama,103,63373,0,0,0,0,0
2020-02-09,Trinity,105,12862,0,0,0,0,0
2020-02-09,Tulare,107,460477,2,0,0,0,0
2020-02-09,Tuolumne,109,53932,0,0,0,0,0
2020-02-09,Ventura,111,848112,1,0,0,0,0
2020-02-09,Yolo,113,214977,1,0,0,0,0
2020-02-09,Yuba,115,75493,0,0,0,0,0
2020-02-08,Alameda,001,1643700,3,0,0,0,0
2020-02-08,Alpine,003,1148,0,0,0,0,0
2020-02-08,Amador,005,37829,0,0,0,0,0
2020-02-08,Butte,007,227075,0,0,0,0,0
2020-02-08,Calaveras,009,45235,0,0,0,0,0
2020-02-08,Colusa,011,21464,0,0,0,0,0
2020-02-08,Contra Costa,013,1133247,2,0,0,0,0
2020-02-08,Del Norte,015,27424,0,0,0,0,0
2020-02-08,El Dorado,017,186661,0,0,0,0,0
2020-02-08,Fresno,019,978130,0,0,0,0,0
2020-02-08,Glenn,021,27897,0,0,0,0,0
2020-02-08,Humboldt,023,135768,0,0,0,0,0
2020-02-08,Imperial,025,180216,1,0,0,0,0
2020-02-08,Inyo,027,18085,0,0,0,0,0
2020-02-08,Kern,029,883053,2,0,0,0,0
2020-02-08,Kings,031,150075,1,0,0,0,0
2020-02-08,Lake,033,64148,0,0,0,0,0
2020-02-08,Lassen,035,31185,0,0,0,0,0
2020-02-08,Los Angeles,037,10098052,17,1,3,4,0
2020-02-08,Madera,039,155013,0,0,0,0,0
2020-02-08,Marin,041,260295,0,0,0,0,0
2020-02-08,Mariposa,043,17540,0,0,0,0,0
2020-02-08,Mendocino,045,87422,0,0,0,0,0
2020-02-08,Merced,047,269075,0,0,0,0,0
2020-02-08,Modoc,049,8938,0,0,0,0,0
2020-02-08,Mono,051,14174,0,0,0,0,0
2020-02-08,Monterey,053,433212,0,0,0,0,0
2020-02-08,Napa,055,140530,0,0,0,0,0
2020-02-08,Nevada,057,99092,0,0,0,0,0
2020-02-08,Orange,059,3164182,35,1,0,1,0
2020-02-08,Placer,061,380077,0,0,0,0,0
2020-02-08,Plumas,063,18699,0,0,0,0,0
2020-02-08,Riverside,065,2383286,4,0,0,0,0
2020-02-08,Sacramento,067,1510023,0,0,0,0,0
2020-02-08,San Benito,069,59416,0,2,0,2,0
2020-02-08,San Bernardino,071,2135413,7,0,0,0,0
2020-02-08,San Diego,073,3302833,1,0,0,0,0
2020-02-08,San Francisco,075,870044,1,0,0,0,0
2020-02-08,San Joaquin,077,732212,0,0,1,1,0
2020-02-08,San Luis Obispo,079,281455,0,0,0,0,0
2020-02-08,San Mateo,081,765935,2,0,0,0,0
2020-02-08,Santa Barbara,083,443738,0,0,0,0,0
2020-02-08,Santa Clara,085,1922200,4,2,0,2,0
2020-02-08,Santa Cruz,087,273765,0,0,0,0,0
2020-02-08,Shasta,089,179085,0,0,0,0,0
2020-02-08,Sierra,091,2930,0,0,0,0,0
2020-02-08,Siskiyou,093,43540,0,0,0,0,0
2020-02-08,Solano,095,438530,0,0,0,0,0
2020-02-08,Sonoma,097,501317,0,0,0,0,0
2020-02-08,Stanislaus,099,539301,0,0,0,0,0
2020-02-08,Sutter,101,95872,0,0,0,0,0
2020-02-08,Tehama,103,63373,0,0,0,0,0
2020-02-08,Trinity,105,12862,0,0,0,0,0
2020-02-08,Tulare,107,460477,2,0,0,0,0
2020-02-08,Tuolumne,109,53932,0,0,0,0,0
2020-02-08,Ventura,111,848112,1,0,0,0,0
2020-02-08,Yolo,113,214977,1,0,0,0,0
2020-02-08,Yuba,115,75493,0,0,0,0,0
2020-02-07,Alameda,001,1643700,3,0,0,0,0
2020-02-07,Alpine,003,1148,0,0,0,0,0
2020-02-07,Amador,005,37829,0,0,0,0,0
2020-02-07,Butte,007,227075,0,0,0,0,0
2020-02-07,Calaveras,009,45235,0,0,0,0,0
2020-02-07,Colusa,011,21464,0,0,0,0,0
2020-02-07,Contra Costa,013,1133247,2,0,0,0,0
2020-02-07,Del Norte,015,27424,0,0,0,0,0
2020-02-07,El Dorado,017,186661,0,0,0,0,0
2020-02-07,Fresno,019,978130,0,0,0,0,0
2020-02-07,Glenn,021,27897,0,0,0,0,0
2020-02-07,Humboldt,023,135768,0,0,0,0,0
2020-02-07,Imperial,025,180216,1,0,0,0,0
2020-02-07,Inyo,027,18085,0,0,0,0,0
2020-02-07,Kern,029,883053,2,0,0,0,0
2020-02-07,Kings,031,150075,1,0,0,0,0
2020-02-07,Lake,033,64148,0,0,0,0,0
2020-02-07,Lassen,035,31185,0,0,0,0,0
2020-02-07,Los Angeles,037,10098052,16,1,2,3,0
2020-02-07,Madera,039,155013,0,0,0,0,0
2020-02-07,Marin,041,260295,0,0,0,0,0
2020-02-07,Mariposa,043,17540,0,0,0,0,0
2020-02-07,Mendocino,045,87422,0,0,0,0,0
2020-02-07,Merced,047,269075,0,0,0,0,0
2020-02-07,Modoc,049,8938,0,0,0,0,0
2020-02-07,Mono,051,14174,0,0,0,0,0
2020-02-07,Monterey,053,433212,0,0,0,0,0
2020-02-07,Napa,055,140530,0,0,0,0,0
2020-02-07,Nevada,057,99092,0,0,0,0,0
2020-02-07,Orange,059,3164182,33,1,0,1,0
2020-02-07,Placer,061,380077,0,0,0,0,0
2020-02-07,Plumas,063,18699,0,0,0,0,0
2020-02-07,Riverside,065,2383286,4,0,0,0,0
2020-02-07,Sacramento,067,1510023,0,0,0,0,0
2020-02-07,San Benito,069,59416,0,2,0,2,0
2020-02-07,San Bernardino,071,2135413,4,0,0,0,0
2020-02-07,San Diego,073,3302833,1,0,0,0,0
2020-02-07,San Francisco,075,870044,1,0,0,0,0
2020-02-07,San Joaquin,077,732212,0,0,1,1,0
2020-02-07,San Luis Obispo,079,281455,0,0,0,0,0
2020-02-07,San Mateo,081,765935,1,0,0,0,0
2020-02-07,Santa Barbara,083,443738,0,0,0,0,0
2020-02-07,Santa Clara,085,1922200,4,2,0,2,0
2020-02-07,Santa Cruz,087,273765,0,0,0,0,0
2020-02-07,Shasta,089,179085,0,0,0,0,0
2020-02-07,Sierra,091,2930,0,0,0,0,0
2020-02-07,Siskiyou,093,43540,0,0,0,0,0
2020-02-07,Solano,095,438530,0,0,0,0,0
2020-02-07,Sonoma,097,501317,0,0,0,0,0
2020-02-07,Stanislaus,099,539301,0,0,0,0,0
2020-02-07,Sutter,101,95872,0,0,0,0,0
2020-02-07,Tehama,103,63373,0,0,0,0,0
2020-02-07,Trinity,105,12862,0,0,0,0,0
2020-02-07,Tulare,107,460477,2,0,0,0,0
2020-02-07,Tuolumne,109,53932,0,0,0,0,0
2020-02-07,Ventura,111,848112,1,0,0,0,0
2020-02-07,Yolo,113,214977,1,0,0,0,0
2020-02-07,Yuba,115,75493,0,0,0,0,0
2020-02-06,Alameda,001,1643700,3,0,0,0,0
2020-02-06,Alpine,003,1148,0,0,0,0,0
2020-02-06,Amador,005,37829,0,0,0,0,0
2020-02-06,Butte,007,227075,0,0,0,0,0
2020-02-06,Calaveras,009,45235,0,0,0,0,0
2020-02-06,Colusa,011,21464,0,0,0,0,0
2020-02-06,Contra Costa,013,1133247,2,0,0,0,0
2020-02-06,Del Norte,015,27424,0,0,0,0,0
2020-02-06,El Dorado,017,186661,0,0,0,0,0
2020-02-06,Fresno,019,978130,0,0,0,0,0
2020-02-06,Glenn,021,27897,0,0,0,0,0
2020-02-06,Humboldt,023,135768,0,0,0,0,0
2020-02-06,Imperial,025,180216,1,0,0,0,0
2020-02-06,Inyo,027,18085,0,0,0,0,0
2020-02-06,Kern,029,883053,2,0,0,0,0
2020-02-06,Kings,031,150075,0,0,0,0,0
2020-02-06,Lake,033,64148,0,0,0,0,0
2020-02-06,Lassen,035,31185,0,0,0,0,0
2020-02-06,Los Angeles,037,10098052,15,1,2,3,0
2020-02-06,Madera,039,155013,0,0,0,0,0
2020-02-06,Marin,041,260295,0,0,0,0,0
2020-02-06,Mariposa,043,17540,0,0,0,0,0
2020-02-06,Mendocino,045,87422,0,0,0,0,0
2020-02-06,Merced,047,269075,0,0,0,0,0
2020-02-06,Modoc,049,8938,0,0,0,0,0
2020-02-06,Mono,051,14174,0,0,0,0,0
2020-02-06,Monterey,053,433212,0,0,0,0,0
2020-02-06,Napa,055,140530,0,0,0,0,0
2020-02-06,Nevada,057,99092,0,0,0,0,0
2020-02-06,Orange,059,3164182,3,1,0,1,0
2020-02-06,Placer,061,380077,0,0,0,0,0
2020-02-06,Plumas,063,18699,0,0,0,0,0
2020-02-06,Riverside,065,2383286,4,0,0,0,0
2020-02-06,Sacramento,067,1510023,0,0,0,0,0
2020-02-06,San Benito,069,59416,0,2,0,2,0
2020-02-06,San Bernardino,071,2135413,4,0,0,0,0
2020-02-06,San Diego,073,3302833,1,0,0,0,0
2020-02-06,San Francisco,075,870044,1,0,0,0,0
2020-02-06,San Joaquin,077,732212,0,0,1,1,0
2020-02-06,San Luis Obispo,079,281455,0,0,0,0,0
2020-02-06,San Mateo,081,765935,1,0,0,0,0
2020-02-06,Santa Barbara,083,443738,0,0,0,0,0
2020-02-06,Santa Clara,085,1922200,4,2,0,2,0
2020-02-06,Santa Cruz,087,273765,0,0,0,0,0
2020-02-06,Shasta,089,179085,0,0,0,0,0
2020-02-06,Sierra,091,2930,0,0,0,0,0
2020-02-06,Siskiyou,093,43540,0,0,0,0,0
2020-02-06,Solano,095,438530,0,0,0,0,0
2020-02-06,Sonoma,097,501317,0,0,0,0,0
2020-02-06,Stanislaus,099,539301,0,0,0,0,0
2020-02-06,Sutter,101,95872,0,0,0,0,0
2020-02-06,Tehama,103,63373,0,0,0,0,0
2020-02-06,Trinity,105,12862,0,0,0,0,0
2020-02-06,Tulare,107,460477,2,0,0,0,0
2020-02-06,Tuolumne,109,53932,0,0,0,0,0
2020-02-06,Ventura,111,848112,1,0,0,0,0
2020-02-06,Yolo,113,214977,1,0,0,0,0
2020-02-06,Yuba,115,75493,0,0,0,0,0
2020-02-05,Alameda,001,1643700,3,0,0,0,0
2020-02-05,Alpine,003,1148,0,0,0,0,0
2020-02-05,Amador,005,37829,0,0,0,0,0
2020-02-05,Butte,007,227075,0,0,0,0,0
2020-02-05,Calaveras,009,45235,0,0,0,0,0
2020-02-05,Colusa,011,21464,0,0,0,0,0
2020-02-05,Contra Costa,013,1133247,2,0,0,0,0
2020-02-05,Del Norte,015,27424,0,0,0,0,0
2020-02-05,El Dorado,017,186661,0,0,0,0,0
2020-02-05,Fresno,019,978130,0,0,0,0,0
2020-02-05,Glenn,021,27897,0,0,0,0,0
2020-02-05,Humboldt,023,135768,0,0,0,0,0
2020-02-05,Imperial,025,180216,1,0,0,0,0
2020-02-05,Inyo,027,18085,0,0,0,0,0
2020-02-05,Kern,029,883053,1,0,0,0,0
2020-02-05,Kings,031,150075,0,0,0,0,0
2020-02-05,Lake,033,64148,0,0,0,0,0
2020-02-05,Lassen,035,31185,0,0,0,0,0
2020-02-05,Los Angeles,037,10098052,15,1,1,2,0
2020-02-05,Madera,039,155013,0,0,0,0,0
2020-02-05,Marin,041,260295,0,0,0,0,0
2020-02-05,Mariposa,043,17540,0,0,0,0,0
2020-02-05,Mendocino,045,87422,0,0,0,0,0
2020-02-05,Merced,047,269075,0,0,0,0,0
2020-02-05,Modoc,049,8938,0,0,0,0,0
2020-02-05,Mono,051,14174,0,0,0,0,0
2020-02-05,Monterey,053,433212,0,0,0,0,0
2020-02-05,Napa,055,140530,0,0,0,0,0
2020-02-05,Nevada,057,99092,0,0,0,0,0
2020-02-05,Orange,059,3164182,1,1,0,1,0
2020-02-05,Placer,061,380077,0,0,0,0,0
2020-02-05,Plumas,063,18699,0,0,0,0,0
2020-02-05,Riverside,065,2383286,4,0,0,0,0
2020-02-05,Sacramento,067,1510023,0,0,0,0,0
2020-02-05,San Benito,069,59416,0,2,0,2,0
2020-02-05,San Bernardino,071,2135413,4,0,0,0,0
2020-02-05,San Diego,073,3302833,0,0,0,0,0
2020-02-05,San Francisco,075,870044,1,0,0,0,0
2020-02-05,San Joaquin,077,732212,0,0,1,1,0
2020-02-05,San Luis Obispo,079,281455,0,0,0,0,0
2020-02-05,San Mateo,081,765935,1,0,0,0,0
2020-02-05,Santa Barbara,083,443738,0,0,0,0,0
2020-02-05,Santa Clara,085,1922200,2,2,0,2,0
2020-02-05,Santa Cruz,087,273765,0,0,0,0,0
2020-02-05,Shasta,089,179085,0,0,0,0,0
2020-02-05,Sierra,091,2930,0,0,0,0,0
2020-02-05,Siskiyou,093,43540,0,0,0,0,0
2020-02-05,Solano,095,438530,0,0,0,0,0
2020-02-05,Sonoma,097,501317,0,0,0,0,0
2020-02-05,Stanislaus,099,539301,0,0,0,0,0
2020-02-05,Sutter,101,95872,0,0,0,0,0
2020-02-05,Tehama,103,63373,0,0,0,0,0
2020-02-05,Trinity,105,12862,0,0,0,0,0
2020-02-05,Tulare,107,460477,2,0,0,0,0
2020-02-05,Tuolumne,109,53932,0,0,0,0,0
2020-02-05,Ventura,111,848112,0,0,0,0,0
2020-02-05,Yolo,113,214977,1,0,0,0,0
2020-02-05,Yuba,115,75493,0,0,0,0,0
2020-02-04,Alameda,001,1643700,3,0,0,0,0
2020-02-04,Alpine,003,1148,0,0,0,0,0
2020-02-04,Amador,005,37829,0,0,0,0,0
2020-02-04,Butte,007,227075,0,0,0,0,0
2020-02-04,Calaveras,009,45235,0,0,0,0,0
2020-02-04,Colusa,011,21464,0,0,0,0,0
2020-02-04,Contra Costa,013,1133247,2,0,0,0,0
2020-02-04,Del Norte,015,27424,0,0,0,0,0
2020-02-04,El Dorado,017,186661,0,0,0,0,0
2020-02-04,Fresno,019,978130,0,0,0,0,0
2020-02-04,Glenn,021,27897,0,0,0,0,0
2020-02-04,Humboldt,023,135768,0,0,0,0,0
2020-02-04,Imperial,025,180216,1,0,0,0,0
2020-02-04,Inyo,027,18085,0,0,0,0,0
2020-02-04,Kern,029,883053,0,0,0,0,0
2020-02-04,Kings,031,150075,0,0,0,0,0
2020-02-04,Lake,033,64148,0,0,0,0,0
2020-02-04,Lassen,035,31185,0,0,0,0,0
2020-02-04,Los Angeles,037,10098052,15,1,1,2,0
2020-02-04,Madera,039,155013,0,0,0,0,0
2020-02-04,Marin,041,260295,0,0,0,0,0
2020-02-04,Mariposa,043,17540,0,0,0,0,0
2020-02-04,Mendocino,045,87422,0,0,0,0,0
2020-02-04,Merced,047,269075,0,0,0,0,0
2020-02-04,Modoc,049,8938,0,0,0,0,0
2020-02-04,Mono,051,14174,0,0,0,0,0
2020-02-04,Monterey,053,433212,0,0,0,0,0
2020-02-04,Napa,055,140530,0,0,0,0,0
2020-02-04,Nevada,057,99092,0,0,0,0,0
2020-02-04,Orange,059,3164182,1,1,0,1,0
2020-02-04,Placer,061,380077,0,0,0,0,0
2020-02-04,Plumas,063,18699,0,0,0,0,0
2020-02-04,Riverside,065,2383286,4,0,0,0,0
2020-02-04,Sacramento,067,1510023,0,0,0,0,0
2020-02-04,San Benito,069,59416,0,2,0,2,0
2020-02-04,San Bernardino,071,2135413,3,0,0,0,0
2020-02-04,San Diego,073,3302833,0,0,0,0,0
2020-02-04,San Francisco,075,870044,1,0,0,0,0
2020-02-04,San Joaquin,077,732212,0,0,1,1,0
2020-02-04,San Luis Obispo,079,281455,0,0,0,0,0
2020-02-04,San Mateo,081,765935,0,0,0,0,0
2020-02-04,Santa Barbara,083,443738,0,0,0,0,0
2020-02-04,Santa Clara,085,1922200,2,2,0,2,0
2020-02-04,Santa Cruz,087,273765,0,0,0,0,0
2020-02-04,Shasta,089,179085,0,0,0,0,0
2020-02-04,Sierra,091,2930,0,0,0,0,0
2020-02-04,Siskiyou,093,43540,0,0,0,0,0
2020-02-04,Solano,095,438530,0,0,0,0,0
2020-02-04,Sonoma,097,501317,0,0,0,0,0
2020-02-04,Stanislaus,099,539301,0,0,0,0,0
2020-02-04,Sutter,101,95872,0,0,0,0,0
2020-02-04,Tehama,103,63373,0,0,0,0,0
2020-02-04,Trinity,105,12862,0,0,0,0,0
2020-02-04,Tulare,107,460477,2,0,0,0,0
2020-02-04,Tuolumne,109,53932,0,0,0,0,0
2020-02-04,Ventura,111,848112,0,0,0,0,0
2020-02-04,Yolo,113,214977,1,0,0,0,0
2020-02-04,Yuba,115,75493,0,0,0,0,0
2020-02-03,Alameda,001,1643700,3,0,0,0,0
2020-02-03,Alpine,003,1148,0,0,0,0,0
2020-02-03,Amador,005,37829,0,0,0,0,0
2020-02-03,Butte,007,227075,0,0,0,0,0
2020-02-03,Calaveras,009,45235,0,0,0,0,0
2020-02-03,Colusa,011,21464,0,0,0,0,0
2020-02-03,Contra Costa,013,1133247,2,0,0,0,0
2020-02-03,Del Norte,015,27424,0,0,0,0,0
2020-02-03,El Dorado,017,186661,0,0,0,0,0
2020-02-03,Fresno,019,978130,0,0,0,0,0
2020-02-03,Glenn,021,27897,0,0,0,0,0
2020-02-03,Humboldt,023,135768,0,0,0,0,0
2020-02-03,Imperial,025,180216,1,0,0,0,0
2020-02-03,Inyo,027,18085,0,0,0,0,0
2020-02-03,Kern,029,883053,0,0,0,0,0
2020-02-03,Kings,031,150075,0,0,0,0,0
2020-02-03,Lake,033,64148,0,0,0,0,0
2020-02-03,Lassen,035,31185,0,0,0,0,0
2020-02-03,Los Angeles,037,10098052,15,1,0,1,0
2020-02-03,Madera,039,155013,0,0,0,0,0
2020-02-03,Marin,041,260295,0,0,0,0,0
2020-02-03,Mariposa,043,17540,0,0,0,0,0
2020-02-03,Mendocino,045,87422,0,0,0,0,0
2020-02-03,Merced,047,269075,0,0,0,0,0
2020-02-03,Modoc,049,8938,0,0,0,0,0
2020-02-03,Mono,051,14174,0,0,0,0,0
2020-02-03,Monterey,053,433212,0,0,0,0,0
2020-02-03,Napa,055,140530,0,0,0,0,0
2020-02-03,Nevada,057,99092,0,0,0,0,0
2020-02-03,Orange,059,3164182,1,1,0,1,0
2020-02-03,Placer,061,380077,0,0,0,0,0
2020-02-03,Plumas,063,18699,0,0,0,0,0
2020-02-03,Riverside,065,2383286,4,0,0,0,0
2020-02-03,Sacramento,067,1510023,0,0,0,0,0
2020-02-03,San Benito,069,59416,0,2,0,2,0
2020-02-03,San Bernardino,071,2135413,3,0,0,0,0
2020-02-03,San Diego,073,3302833,0,0,0,0,0
2020-02-03,San Francisco,075,870044,1,0,0,0,0
2020-02-03,San Joaquin,077,732212,0,0,1,1,0
2020-02-03,San Luis Obispo,079,281455,0,0,0,0,0
2020-02-03,San Mateo,081,765935,0,0,0,0,0
2020-02-03,Santa Barbara,083,443738,0,0,0,0,0
2020-02-03,Santa Clara,085,1922200,2,2,0,2,0
2020-02-03,Santa Cruz,087,273765,0,0,0,0,0
2020-02-03,Shasta,089,179085,0,0,0,0,0
2020-02-03,Sierra,091,2930,0,0,0,0,0
2020-02-03,Siskiyou,093,43540,0,0,0,0,0
2020-02-03,Solano,095,438530,0,0,0,0,0
2020-02-03,Sonoma,097,501317,0,0,0,0,0
2020-02-03,Stanislaus,099,539301,0,0,0,0,0
2020-02-03,Sutter,101,95872,0,0,0,0,0
2020-02-03,Tehama,103,63373,0,0,0,0,0
2020-02-03,Trinity,105,12862,0,0,0,0,0
2020-02-03,Tulare,107,460477,2,0,0,0,0
2020-02-03,Tuolumne,109,53932,0,0,0,0,0
2020-02-03,Ventura,111,848112,0,0,0,0,0
2020-02-03,Yolo,113,214977,1,0,0,0,0
2020-02-03,Yuba,115,75493,0,0,0,0,0
2020-02-02,Alameda,001,1643700,3,0,0,0,0
2020-02-02,Alpine,003,1148,0,0,0,0,0
2020-02-02,Amador,005,37829,0,0,0,0,0
2020-02-02,Butte,007,227075,0,0,0,0,0
2020-02-02,Calaveras,009,45235,0,0,0,0,0
2020-02-02,Colusa,011,21464,0,0,0,0,0
2020-02-02,Contra Costa,013,1133247,1,0,0,0,0
2020-02-02,Del Norte,015,27424,0,0,0,0,0
2020-02-02,El Dorado,017,186661,0,0,0,0,0
2020-02-02,Fresno,019,978130,0,0,0,0,0
2020-02-02,Glenn,021,27897,0,0,0,0,0
2020-02-02,Humboldt,023,135768,0,0,0,0,0
2020-02-02,Imperial,025,180216,1,0,0,0,0
2020-02-02,Inyo,027,18085,0,0,0,0,0
2020-02-02,Kern,029,883053,0,0,0,0,0
2020-02-02,Kings,031,150075,0,0,0,0,0
2020-02-02,Lake,033,64148,0,0,0,0,0
2020-02-02,Lassen,035,31185,0,0,0,0,0
2020-02-02,Los Angeles,037,10098052,13,1,0,1,0
2020-02-02,Madera,039,155013,0,0,0,0,0
2020-02-02,Marin,041,260295,0,0,0,0,0
2020-02-02,Mariposa,043,17540,0,0,0,0,0
2020-02-02,Mendocino,045,87422,0,0,0,0,0
2020-02-02,Merced,047,269075,0,0,0,0,0
2020-02-02,Modoc,049,8938,0,0,0,0,0
2020-02-02,Mono,051,14174,0,0,0,0,0
2020-02-02,Monterey,053,433212,0,0,0,0,0
2020-02-02,Napa,055,140530,0,0,0,0,0
2020-02-02,Nevada,057,99092,0,0,0,0,0
2020-02-02,Orange,059,3164182,1,1,0,1,0
2020-02-02,Placer,061,380077,0,0,0,0,0
2020-02-02,Plumas,063,18699,0,0,0,0,0
2020-02-02,Riverside,065,2383286,3,0,0,0,0
2020-02-02,Sacramento,067,1510023,0,0,0,0,0
2020-02-02,San Benito,069,59416,0,2,0,2,0
2020-02-02,San Bernardino,071,2135413,2,0,0,0,0
2020-02-02,San Diego,073,3302833,0,0,0,0,0
2020-02-02,San Francisco,075,870044,1,0,0,0,0
2020-02-02,San Joaquin,077,732212,0,0,1,1,0
2020-02-02,San Luis Obispo,079,281455,0,0,0,0,0
2020-02-02,San Mateo,081,765935,0,0,0,0,0
2020-02-02,Santa Barbara,083,443738,0,0,0,0,0
2020-02-02,Santa Clara,085,1922200,2,2,0,2,0
2020-02-02,Santa Cruz,087,273765,0,0,0,0,0
2020-02-02,Shasta,089,179085,0,0,0,0,0
2020-02-02,Sierra,091,2930,0,0,0,0,0
2020-02-02,Siskiyou,093,43540,0,0,0,0,0
2020-02-02,Solano,095,438530,0,0,0,0,0
2020-02-02,Sonoma,097,501317,0,0,0,0,0
2020-02-02,Stanislaus,099,539301,0,0,0,0,0
2020-02-02,Sutter,101,95872,0,0,0,0,0
2020-02-02,Tehama,103,63373,0,0,0,0,0
2020-02-02,Trinity,105,12862,0,0,0,0,0
2020-02-02,Tulare,107,460477,2,0,0,0,0
2020-02-02,Tuolumne,109,53932,0,0,0,0,0
2020-02-02,Ventura,111,848112,0,0,0,0,0
2020-02-02,Yolo,113,214977,1,0,0,0,0
2020-02-02,Yuba,115,75493,0,0,0,0,0
2020-02-01,Alameda,001,1643700,3,0,0,0,0
2020-02-01,Alpine,003,1148,0,0,0,0,0
2020-02-01,Amador,005,37829,0,0,0,0,0
2020-02-01,Butte,007,227075,0,0,0,0,0
2020-02-01,Calaveras,009,45235,0,0,0,0,0
2020-02-01,Colusa,011,21464,0,0,0,0,0
2020-02-01,Contra Costa,013,1133247,0,0,0,0,0
2020-02-01,Del Norte,015,27424,0,0,0,0,0
2020-02-01,El Dorado,017,186661,0,0,0,0,0
2020-02-01,Fresno,019,978130,0,0,0,0,0
2020-02-01,Glenn,021,27897,0,0,0,0,0
2020-02-01,Humboldt,023,135768,0,0,0,0,0
2020-02-01,Imperial,025,180216,0,0,0,0,0
2020-02-01,Inyo,027,18085,0,0,0,0,0
2020-02-01,Kern,029,883053,0,0,0,0,0
2020-02-01,Kings,031,150075,0,0,0,0,0
2020-02-01,Lake,033,64148,0,0,0,0,0
2020-02-01,Lassen,035,31185,0,0,0,0,0
2020-02-01,Los Angeles,037,10098052,12,1,0,1,0
2020-02-01,Madera,039,155013,0,0,0,0,0
2020-02-01,Marin,041,260295,0,0,0,0,0
2020-02-01,Mariposa,043,17540,0,0,0,0,0
2020-02-01,Mendocino,045,87422,0,0,0,0,0
2020-02-01,Merced,047,269075,0,0,0,0,0
2020-02-01,Modoc,049,8938,0,0,0,0,0
2020-02-01,Mono,051,14174,0,0,0,0,0
2020-02-01,Monterey,053,433212,0,0,0,0,0
2020-02-01,Napa,055,140530,0,0,0,0,0
2020-02-01,Nevada,057,99092,0,0,0,0,0
2020-02-01,Orange,059,3164182,1,1,0,1,0
2020-02-01,Placer,061,380077,0,0,0,0,0
2020-02-01,Plumas,063,18699,0,0,0,0,0
2020-02-01,Riverside,065,2383286,2,0,0,0,0
2020-02-01,Sacramento,067,1510023,0,0,0,0,0
2020-02-01,San Benito,069,59416,0,0,0,0,0
2020-02-01,San Bernardino,071,2135413,1,0,0,0,0
2020-02-01,San Diego,073,3302833,0,0,0,0,0
2020-02-01,San Francisco,075,870044,1,0,0,0,0
2020-02-01,San Joaquin,077,732212,0,0,1,1,0
2020-02-01,San Luis Obispo,079,281455,0,0,0,0,0
2020-02-01,San Mateo,081,765935,0,0,0,0,0
2020-02-01,Santa Barbara,083,443738,0,0,0,0,0
2020-02-01,Santa Clara,085,1922200,2,1,0,1,0
2020-02-01,Santa Cruz,087,273765,0,0,0,0,0
2020-02-01,Shasta,089,179085,0,0,0,0,0
2020-02-01,Sierra,091,2930,0,0,0,0,0
2020-02-01,Siskiyou,093,43540,0,0,0,0,0
2020-02-01,Solano,095,438530,0,0,0,0,0
2020-02-01,Sonoma,097,501317,0,0,0,0,0
2020-02-01,Stanislaus,099,539301,0,0,0,0,0
2020-02-01,Sutter,101,95872,0,0,0,0,0
2020-02-01,Tehama,103,63373,0,0,0,0,0
2020-02-01,Trinity,105,12862,0,0,0,0,0
2020-02-01,Tulare,107,460477,1,0,0,0,0
2020-02-01,Tuolumne,109,53932,0,0,0,0,0
2020-02-01,Ventura,111,848112,0,0,0,0,0
2020-02-01,Yolo,113,214977,0,0,0,0,0
2020-02-01,Yuba,115,75493,0,0,0,0,0
